,LC6118SC0001,LC6118SC0002,LC6118SC0003,LC6118SC0004,LC6118SC0005,LC6118SC0006,LC6118SC0007,LC6118SC0008,LC6118SC0009,LC6118SC0010,LC6118SC0011,LC6118SC0012,LC6118SC0013,LC6118SC0014,LC6118SC0015,LC6118SC0016,LC6118SC0017,LC6118SC0018,LC6118SC0019,LC6118SC0020,LC6118SC0021,LC6118SC0022,LC6118SC0023,LC6118SC0024,LC6118SC0025,LC6118SC0026,LC6118SC0027
S92000003,2516895,1295315,1221580,115273,92010,23263,202396,150145,52251,200343,181003,19340,534797,252957,281840,194125,147021,47104,383606,196908,186698,764093,224635,539458,122262,50636,71626
S01006506,507,265,242,52,43,9,37,24,13,21,18,3,78,36,42,41,32,9,106,61,45,148,38,110,24,13,11
S01006507,461,222,239,49,39,10,21,12,9,33,27,6,109,52,57,27,20,7,79,43,36,108,18,90,35,11,24
S01006508,425,228,197,53,35,18,33,26,7,33,28,5,77,35,42,37,28,9,74,42,32,101,25,76,17,9,8
S01006509,305,151,154,22,11,11,29,23,6,22,21,1,56,27,29,32,24,8,50,24,26,78,17,61,16,4,12
S01006510,291,161,130,16,12,4,23,17,6,24,22,2,52,29,23,27,21,6,45,29,16,91,24,67,13,7,6
S01006511,348,177,171,37,30,7,16,15,1,21,20,1,62,27,35,21,15,6,69,38,31,106,26,80,16,6,10
S01006512,248,140,108,35,27,8,18,12,6,19,19,0,29,17,12,12,11,1,54,35,19,74,17,57,7,2,5
S01006513,275,149,126,34,20,14,20,18,2,12,11,1,43,25,18,15,12,3,61,34,27,81,27,54,9,2,7
S01006514,480,270,210,54,45,9,29,24,5,24,22,2,59,28,31,32,25,7,105,65,40,151,46,105,26,15,11
S01006515,370,212,158,51,42,9,27,19,8,17,15,2,55,34,21,18,8,10,86,61,25,105,28,77,11,5,6
S01006516,276,157,119,38,31,7,8,6,2,14,9,5,38,21,17,12,10,2,43,29,14,115,47,68,8,4,4
S01006517,511,282,229,79,64,15,29,24,5,30,24,6,100,48,52,25,19,6,100,69,31,132,26,106,16,8,8
S01006518,306,173,133,45,38,7,16,13,3,12,10,2,43,20,23,16,12,4,79,51,28,89,27,62,6,2,4
S01006519,429,225,204,62,50,12,27,20,7,16,14,2,54,31,23,25,18,7,93,56,37,141,30,111,11,6,5
S01006520,341,203,138,86,71,15,15,15,0,9,7,2,47,32,15,12,9,3,69,42,27,91,22,69,12,5,7
S01006521,338,204,134,63,52,11,27,17,10,18,14,4,40,25,15,15,10,5,84,61,23,78,23,55,13,2,11
S01006522,292,157,135,39,32,7,20,16,4,10,9,1,39,15,24,16,11,5,66,41,25,98,30,68,4,3,1
S01006523,454,250,204,69,52,17,27,21,6,13,11,2,58,32,26,28,20,8,103,65,38,138,41,97,18,8,10
S01006524,379,207,172,47,37,10,23,17,6,10,6,4,51,27,24,23,20,3,71,43,28,143,49,94,11,8,3
S01006525,370,210,160,59,43,16,10,8,2,10,9,1,69,49,20,21,17,4,76,49,27,109,28,81,16,7,9
S01006526,442,214,228,37,27,10,25,16,9,37,33,4,153,69,84,22,17,5,56,31,25,91,12,79,21,9,12
S01006527,315,172,143,30,24,6,20,18,2,18,16,2,87,49,38,26,16,10,39,24,15,83,20,63,12,5,7
S01006528,486,231,255,29,22,7,23,18,5,36,31,5,147,63,84,31,24,7,73,37,36,126,27,99,21,9,12
S01006529,472,279,193,31,26,5,29,22,7,26,24,2,133,72,61,43,36,7,89,55,34,104,34,70,17,10,7
S01006530,391,204,187,24,19,5,22,19,3,29,29,0,130,58,72,27,20,7,55,29,26,86,23,63,18,7,11
S01006531,433,229,204,24,17,7,21,15,6,29,29,0,123,61,62,40,34,6,71,40,31,114,28,86,11,5,6
S01006532,353,199,154,35,24,11,22,18,4,23,20,3,64,36,28,19,17,2,72,47,25,101,31,70,17,6,11
S01006533,401,214,187,61,44,17,16,9,7,25,24,1,64,34,30,28,20,8,88,45,43,101,27,74,18,11,7
S01006534,494,276,218,72,53,19,29,20,9,16,15,1,58,26,32,41,31,10,128,83,45,139,44,95,11,4,7
S01006535,679,366,313,97,63,34,40,26,14,32,32,0,105,52,53,54,40,14,164,96,68,167,48,119,20,9,11
S01006536,731,396,335,92,61,31,47,33,14,28,22,6,149,80,69,63,37,26,186,101,85,146,51,95,20,11,9
S01006537,358,184,174,45,28,17,22,15,7,15,12,3,57,30,27,32,30,2,77,38,39,97,24,73,13,7,6
S01006538,291,150,141,39,26,13,17,15,2,17,15,2,47,24,23,14,11,3,55,29,26,92,23,69,10,7,3
S01006539,370,189,181,45,27,18,30,24,6,21,21,0,54,28,26,18,14,4,74,39,35,116,32,84,12,4,8
S01006540,535,288,247,58,44,14,38,32,6,32,29,3,83,41,42,30,24,6,114,59,55,167,55,112,13,4,9
S01006541,366,191,175,50,33,17,27,19,8,20,16,4,44,20,24,19,16,3,100,58,42,98,27,71,8,2,6
S01006542,470,260,210,85,61,24,37,30,7,18,16,2,64,29,35,27,18,9,95,61,34,125,39,86,19,6,13
S01006543,371,194,177,47,31,16,30,22,8,35,29,6,49,26,23,23,17,6,66,39,27,111,26,85,10,4,6
S01006544,634,382,252,146,106,40,32,22,10,26,22,4,86,47,39,40,31,9,160,108,52,125,35,90,19,11,8
S01006545,558,309,249,84,61,23,28,22,6,24,23,1,73,44,29,39,24,15,139,86,53,145,37,108,26,12,14
S01006546,315,177,138,40,26,14,25,21,4,25,22,3,37,19,18,23,16,7,79,48,31,77,20,57,9,5,4
S01006547,415,220,195,49,38,11,16,13,3,17,15,2,76,41,35,35,26,9,92,51,41,109,28,81,21,8,13
S01006548,339,173,166,37,28,9,18,11,7,18,14,4,43,25,18,20,15,5,84,49,35,108,26,82,11,5,6
S01006549,398,232,166,54,42,12,16,15,1,28,26,2,74,38,36,18,14,4,85,56,29,112,33,79,11,8,3
S01006550,429,230,199,61,50,11,22,17,5,30,26,4,51,26,25,29,18,11,100,53,47,121,32,89,15,8,7
S01006551,315,166,149,19,14,5,18,15,3,26,20,6,58,32,26,25,20,5,58,31,27,94,29,65,17,5,12
S01006552,521,276,245,50,39,11,25,20,5,25,22,3,79,41,38,41,35,6,107,61,46,177,53,124,17,5,12
S01006553,348,182,166,32,22,10,24,19,5,20,19,1,63,34,29,27,21,6,57,32,25,108,29,79,17,6,11
S01006554,375,198,177,32,24,8,29,24,5,32,30,2,78,37,41,30,23,7,60,32,28,107,25,82,7,3,4
S01006555,455,232,223,32,22,10,21,14,7,22,20,2,107,58,49,39,30,9,60,28,32,160,55,105,14,5,9
S01006556,383,207,176,25,19,6,25,21,4,31,27,4,97,58,39,36,31,5,44,24,20,111,26,85,14,1,13
S01006557,359,176,183,21,13,8,31,23,8,28,25,3,82,40,42,26,25,1,46,23,23,107,17,90,18,10,8
S01006558,409,228,181,40,33,7,15,9,6,23,18,5,56,32,24,34,21,13,84,55,29,145,53,92,12,7,5
S01006559,325,185,140,49,33,16,12,8,4,12,9,3,49,28,21,24,18,6,83,48,35,91,38,53,5,3,2
S01006560,517,272,245,69,52,17,20,11,9,20,16,4,68,43,25,33,26,7,112,71,41,173,42,131,22,11,11
S01006561,398,207,191,52,42,10,22,16,6,14,13,1,49,18,31,26,19,7,74,45,29,152,48,104,9,6,3
S01006562,352,189,163,46,37,9,17,11,6,22,19,3,63,38,25,25,19,6,62,30,32,99,30,69,18,5,13
S01006563,408,228,180,45,37,8,21,16,5,16,15,1,59,34,25,20,16,4,72,44,28,158,60,98,17,6,11
S01006564,585,303,282,45,40,5,28,22,6,18,14,4,149,73,76,40,30,10,112,65,47,174,51,123,19,8,11
S01006565,608,332,276,52,34,18,40,24,16,20,19,1,157,79,78,50,35,15,112,76,36,161,59,102,16,6,10
S01006566,484,254,230,54,40,14,15,12,3,22,20,2,83,43,40,34,24,10,95,55,40,161,52,109,20,8,12
S01006567,500,265,235,44,32,12,23,20,3,11,11,0,131,69,62,35,24,11,102,54,48,138,45,93,16,10,6
S01006568,706,361,345,94,64,30,40,29,11,24,20,4,129,58,71,53,34,19,139,80,59,204,64,140,23,12,11
S01006569,351,185,166,36,24,12,21,15,6,19,16,3,60,36,24,20,12,8,78,44,34,99,30,69,18,8,10
S01006570,445,241,204,62,43,19,29,24,5,22,14,8,69,40,29,32,24,8,99,55,44,121,37,84,11,4,7
S01006571,525,292,233,88,65,23,26,16,10,18,14,4,90,47,43,28,20,8,125,76,49,134,46,88,16,8,8
S01006572,453,258,195,88,69,19,25,23,2,14,13,1,46,22,24,21,15,6,107,67,40,137,43,94,15,6,9
S01006573,390,212,178,64,56,8,12,7,5,12,9,3,43,22,21,21,13,8,111,63,48,115,37,78,12,5,7
S01006574,510,299,211,104,86,18,20,14,6,20,15,5,60,35,25,37,24,13,141,86,55,114,32,82,14,7,7
S01006575,531,305,226,71,56,15,25,16,9,25,25,0,97,54,43,35,24,11,138,80,58,122,40,82,18,10,8
S01006576,435,237,198,76,57,19,24,18,6,14,13,1,66,30,36,28,21,7,106,57,49,101,29,72,20,12,8
S01006577,510,277,233,78,54,24,27,20,7,19,15,4,82,42,40,28,19,9,124,75,49,136,47,89,16,5,11
S01006578,742,410,332,124,85,39,54,40,14,23,21,2,138,68,70,48,34,14,179,103,76,143,41,102,33,18,15
S01006579,709,410,299,106,70,36,40,29,11,25,22,3,162,87,75,48,39,9,149,94,55,148,53,95,31,16,15
S01006580,492,267,225,80,49,31,43,29,14,10,8,2,81,38,43,29,23,6,127,74,53,100,33,67,22,13,9
S01006581,478,272,206,77,57,20,23,18,5,11,8,3,72,41,31,19,12,7,119,76,43,136,50,86,21,10,11
S01006582,610,359,251,69,44,25,32,25,7,22,19,3,149,86,63,43,26,17,153,103,50,118,46,72,24,10,14
S01006583,507,284,223,68,48,20,25,20,5,17,13,4,135,67,68,22,16,6,135,75,60,91,39,52,14,6,8
S01006584,439,234,205,68,49,19,25,19,6,15,12,3,97,43,54,25,19,6,97,59,38,95,25,70,17,8,9
S01006585,469,253,216,40,29,11,28,22,6,20,18,2,145,77,68,26,16,10,94,53,41,92,28,64,24,10,14
S01006586,648,347,301,59,42,17,42,34,8,32,25,7,205,96,109,27,19,8,128,79,49,130,46,84,25,6,19
S01006587,370,209,161,47,30,17,19,15,4,8,7,1,131,70,61,20,14,6,64,44,20,71,25,46,10,4,6
S01006588,424,229,195,29,19,10,22,17,5,10,9,1,157,77,80,28,18,10,80,59,21,81,24,57,17,6,11
S01006589,438,258,180,29,24,5,26,20,6,28,26,2,167,87,80,26,20,6,75,56,19,64,18,46,23,7,16
S01006590,480,290,190,63,41,22,27,24,3,14,13,1,133,75,58,27,23,4,92,64,28,104,42,62,20,8,12
S01006591,530,276,254,65,43,22,31,21,10,14,13,1,122,61,61,32,17,15,140,79,61,113,39,74,13,3,10
S01006592,512,320,192,93,75,18,30,25,5,22,18,4,67,32,35,53,38,15,130,91,39,100,34,66,17,7,10
S01006593,550,332,218,118,87,31,32,19,13,22,20,2,113,73,40,34,23,11,118,76,42,96,30,66,17,4,13
S01006594,336,175,161,40,25,15,20,16,4,22,21,1,69,39,30,23,16,7,79,45,34,69,12,57,14,1,13
S01006595,685,376,309,119,78,41,30,20,10,38,31,7,135,67,68,46,29,17,164,99,65,133,40,93,20,12,8
S01006596,488,275,213,91,65,26,26,17,9,22,15,7,90,51,39,37,26,11,108,67,41,104,31,73,10,3,7
S01006597,408,226,182,50,31,19,22,15,7,20,19,1,95,54,41,19,11,8,110,64,46,81,27,54,11,5,6
S01006598,572,334,238,125,85,40,30,24,6,33,27,6,73,46,27,38,27,11,121,81,40,125,36,89,27,8,19
S01006599,450,250,200,40,27,13,25,21,4,37,34,3,111,60,51,28,22,6,90,43,47,101,34,67,18,9,9
S01006600,603,331,272,79,54,25,36,28,8,33,30,3,91,43,48,34,21,13,157,101,56,146,40,106,27,14,13
S01006601,644,352,292,81,58,23,36,26,10,41,33,8,110,52,58,43,34,9,161,93,68,150,45,105,22,11,11
S01006602,433,243,190,63,43,20,24,17,7,13,13,0,56,30,26,34,27,7,113,78,35,114,23,91,16,12,4
S01006603,391,206,185,27,18,9,25,22,3,30,28,2,107,52,55,33,23,10,63,36,27,90,23,67,16,4,12
S01006604,355,183,172,24,14,10,22,17,5,28,26,2,104,44,60,41,36,5,34,17,17,86,25,61,16,4,12
S01006605,364,187,177,32,28,4,39,29,10,25,21,4,88,44,44,37,27,10,57,24,33,70,10,60,16,4,12
S01006606,403,236,167,40,30,10,28,19,9,35,27,8,87,56,31,37,30,7,58,38,20,107,32,75,11,4,7
S01006607,493,250,243,33,26,7,36,29,7,40,38,2,120,46,74,49,33,16,86,44,42,110,30,80,19,4,15
S01006608,391,218,173,53,32,21,29,19,10,51,47,4,55,31,24,26,23,3,81,40,41,78,16,62,18,10,8
S01006609,530,272,258,42,29,13,39,27,12,50,46,4,123,53,70,65,49,16,82,36,46,109,28,81,20,4,16
S01006610,231,114,117,10,7,3,23,14,9,25,24,1,61,31,30,15,11,4,37,17,20,48,6,42,12,4,8
S01006611,437,211,226,26,21,5,33,24,9,32,30,2,122,52,70,39,32,7,49,20,29,116,28,88,20,4,16
S01006612,489,249,240,48,34,14,30,21,9,30,29,1,128,57,71,48,40,8,57,32,25,125,31,94,23,5,18
S01006613,402,199,203,60,35,25,34,24,10,29,28,1,77,33,44,38,29,9,86,37,49,66,10,56,12,3,9
S01006614,408,215,193,44,29,15,36,28,8,39,26,13,69,37,32,36,26,10,81,40,41,90,25,65,13,4,9
S01006615,453,248,205,64,44,20,30,28,2,36,31,5,78,41,37,36,21,15,102,57,45,87,24,63,20,2,18
S01006616,573,296,277,74,43,31,50,36,14,47,37,10,111,55,56,56,47,9,75,39,36,139,35,104,21,4,17
S01006617,398,214,184,58,43,15,23,20,3,39,32,7,70,27,43,37,31,6,71,36,35,83,16,67,17,9,8
S01006618,334,173,161,32,20,12,27,21,6,35,32,3,48,22,26,45,30,15,77,38,39,57,6,51,13,4,9
S01006619,533,267,266,61,40,21,35,28,7,43,37,6,107,47,60,50,38,12,96,46,50,122,27,95,19,4,15
S01006620,544,276,268,59,43,16,39,27,12,45,36,9,121,53,68,54,39,15,78,44,34,123,25,98,25,9,16
S01006621,314,161,153,29,21,8,27,20,7,24,20,4,83,35,48,26,16,10,49,30,19,64,15,49,12,4,8
S01006622,462,239,223,64,37,27,29,25,4,36,32,4,88,45,43,46,31,15,92,49,43,96,19,77,11,1,10
S01006623,418,240,178,47,35,12,39,31,8,36,33,3,92,41,51,49,39,10,64,38,26,74,17,57,17,6,11
S01006624,539,317,222,36,28,8,60,49,11,38,34,4,132,75,57,50,34,16,88,50,38,116,38,78,19,9,10
S01006625,369,192,177,30,22,8,36,28,8,20,19,1,88,41,47,43,31,12,49,26,23,91,20,71,12,5,7
S01006626,384,192,192,22,17,5,45,31,14,24,22,2,111,55,56,36,26,10,55,23,32,74,12,62,17,6,11
S01006627,564,297,267,36,30,6,74,37,37,42,39,3,125,64,61,49,39,10,100,48,52,121,36,85,17,4,13
S01006628,730,431,299,44,32,12,87,65,22,38,35,3,197,108,89,65,55,10,120,64,56,153,58,95,26,14,12
S01006629,360,197,163,24,21,3,43,32,11,26,24,2,89,45,44,27,20,7,56,29,27,79,18,61,16,8,8
S01006630,283,137,146,12,9,3,30,19,11,20,18,2,73,41,32,34,27,7,30,11,19,75,10,65,9,2,7
S01006631,489,247,242,33,22,11,48,34,14,29,27,2,113,50,63,47,38,9,83,45,38,120,29,91,16,2,14
S01006632,408,199,209,25,21,4,53,37,16,21,21,0,96,36,60,42,31,11,56,26,30,99,21,78,16,6,10
S01006633,308,164,144,17,14,3,34,24,10,16,14,2,100,42,58,38,36,2,38,18,20,57,13,44,8,3,5
S01006634,271,136,135,17,10,7,27,17,10,18,18,0,73,37,36,33,27,6,44,13,31,45,7,38,14,7,7
S01006635,327,172,155,21,16,5,38,27,11,20,19,1,79,35,44,38,28,10,55,23,32,65,21,44,11,3,8
S01006636,374,183,191,10,8,2,38,28,10,24,23,1,113,45,68,44,40,4,57,21,36,72,16,56,16,2,14
S01006637,427,248,179,47,38,9,30,21,9,22,21,1,103,52,51,35,27,8,69,36,33,97,43,54,24,10,14
S01006638,521,269,252,42,28,14,25,19,6,14,13,1,159,87,72,30,25,5,99,45,54,124,40,84,28,12,16
S01006639,524,278,246,33,20,13,34,26,8,32,31,1,163,81,82,46,34,12,71,34,37,111,36,75,34,16,18
S01006640,476,297,179,70,56,14,23,20,3,18,16,2,121,59,62,41,30,11,102,64,38,89,46,43,12,6,6
S01006641,675,384,291,76,55,21,30,25,5,23,22,1,171,94,77,50,38,12,110,68,42,174,67,107,41,15,26
S01006642,636,313,323,33,30,3,30,21,9,22,19,3,247,99,148,42,28,14,94,63,31,132,37,95,36,16,20
S01006643,497,246,251,42,32,10,16,12,4,13,12,1,163,69,94,26,18,8,76,46,30,137,45,92,24,12,12
S01006644,597,318,279,53,36,17,35,28,7,27,21,6,194,91,103,42,32,10,107,62,45,113,39,74,26,9,17
S01006645,347,171,176,15,9,6,26,21,5,12,11,1,115,49,66,26,20,6,50,27,23,89,27,62,14,7,7
S01006646,433,210,223,22,13,9,17,11,6,5,4,1,199,82,117,29,21,8,64,39,25,79,27,52,18,13,5
S01006647,344,176,168,21,18,3,21,11,10,19,16,3,102,45,57,24,17,7,64,37,27,69,22,47,24,10,14
S01006648,930,449,481,70,44,26,54,40,14,27,26,1,391,161,230,69,46,23,123,70,53,146,46,100,50,16,34
S01006649,622,348,274,60,43,17,39,31,8,26,23,3,192,92,100,57,45,12,99,66,33,125,36,89,24,12,12
S01006650,532,314,218,47,35,12,24,21,3,25,24,1,164,85,79,33,22,11,98,64,34,109,45,64,32,18,14
S01006651,336,207,129,16,14,2,29,16,13,14,13,1,103,59,44,29,26,3,62,39,23,70,33,37,13,7,6
S01006652,365,220,145,26,17,9,24,21,3,16,16,0,131,70,61,14,9,5,74,51,23,69,28,41,11,8,3
S01006653,356,198,158,30,25,5,21,17,4,20,13,7,61,38,23,21,16,5,75,46,29,114,36,78,14,7,7
S01006654,464,231,233,16,9,7,21,16,5,35,32,3,106,57,49,50,38,12,60,24,36,160,45,115,16,10,6
S01006655,378,191,187,44,24,20,19,16,3,12,10,2,64,32,32,23,17,6,74,44,30,133,43,90,9,5,4
S01006656,610,331,279,60,38,22,37,28,9,18,17,1,165,86,79,40,29,11,110,65,45,158,59,99,22,9,13
S01006657,326,182,144,20,15,5,15,12,3,12,11,1,91,46,45,32,26,6,56,36,20,92,32,60,8,4,4
S01006658,547,311,236,27,19,8,28,19,9,27,24,3,206,123,83,36,23,13,91,58,33,100,34,66,32,11,21
S01006659,330,177,153,27,18,9,12,11,1,12,12,0,97,50,47,21,19,2,43,25,18,103,36,67,15,6,9
S01006660,256,148,108,11,6,5,24,20,4,9,9,0,77,49,28,12,10,2,45,19,26,57,23,34,21,12,9
S01006661,334,184,150,25,18,7,20,17,3,16,13,3,103,48,55,15,10,5,48,32,16,99,42,57,8,4,4
S01006662,333,175,158,11,7,4,13,11,2,16,15,1,125,63,62,24,15,9,48,25,23,79,30,49,17,9,8
S01006663,286,149,137,14,11,3,11,9,2,12,9,3,103,50,53,16,13,3,37,18,19,69,29,40,24,10,14
S01006664,289,156,133,17,10,7,18,14,4,6,6,0,107,53,54,19,16,3,46,25,21,55,19,36,21,13,8
S01006665,367,192,175,22,18,4,16,10,6,13,10,3,144,67,77,21,13,8,48,26,22,80,33,47,23,15,8
S01006666,367,203,164,23,20,3,27,20,7,30,28,2,109,43,66,32,29,3,54,34,20,79,27,52,13,2,11
S01006667,341,183,158,15,14,1,31,25,6,20,19,1,102,45,57,30,25,5,50,28,22,76,19,57,17,8,9
S01006668,484,238,246,31,19,12,22,19,3,10,9,1,165,70,95,34,22,12,83,49,34,117,41,76,22,9,13
S01006669,419,228,191,17,12,5,19,13,6,11,11,0,117,55,62,26,23,3,67,41,26,144,67,77,18,6,12
S01006670,464,200,264,29,20,9,16,12,4,13,11,2,190,59,131,26,18,8,60,26,34,106,39,67,24,15,9
S01006671,604,272,332,18,13,5,19,11,8,16,13,3,320,129,191,22,14,8,63,35,28,107,44,63,39,13,26
S01006672,373,184,189,18,15,3,17,14,3,19,17,2,129,58,71,25,19,6,44,23,21,110,33,77,11,5,6
S01006673,433,227,206,21,14,7,31,22,9,21,20,1,123,59,64,29,21,8,55,30,25,118,47,71,35,14,21
S01006674,399,218,181,23,19,4,38,34,4,28,24,4,130,70,60,34,24,10,59,28,31,66,14,52,21,5,16
S01006675,333,178,155,13,11,2,33,20,13,29,27,2,92,44,48,29,28,1,61,21,40,63,20,43,13,7,6
S01006676,342,181,161,12,10,2,22,19,3,26,25,1,95,40,55,23,20,3,49,18,31,99,40,59,16,9,7
S01006677,365,194,171,20,16,4,28,18,10,32,29,3,99,48,51,36,27,9,50,27,23,85,25,60,15,4,11
S01006678,548,279,269,34,30,4,58,46,12,52,48,4,152,55,97,51,42,9,73,28,45,105,23,82,23,7,16
S01006679,381,201,180,22,17,5,27,23,4,25,25,0,84,38,46,26,20,6,51,26,25,132,45,87,14,7,7
S01006680,414,232,182,17,12,5,46,35,11,37,36,1,119,57,62,37,32,5,65,36,29,75,15,60,18,9,9
S01006681,415,230,185,42,29,13,28,22,6,23,23,0,89,35,54,45,34,11,84,48,36,89,31,58,15,8,7
S01006682,401,222,179,21,18,3,42,29,13,27,25,2,118,58,60,32,28,4,68,38,30,80,20,60,13,6,7
S01006683,453,236,217,27,15,12,27,23,4,25,24,1,132,68,64,36,32,4,79,40,39,107,26,81,20,8,12
S01006684,382,222,160,16,12,4,47,43,4,35,32,3,96,56,40,33,24,9,51,24,27,87,27,60,17,4,13
S01006685,407,212,195,27,19,8,20,19,1,37,36,1,114,50,64,37,20,17,53,30,23,106,32,74,13,6,7
S01006686,326,172,154,18,17,1,20,18,2,26,24,2,88,41,47,18,12,6,46,29,17,95,25,70,15,6,9
S01006687,438,225,213,27,22,5,27,24,3,34,28,6,103,49,54,37,27,10,55,30,25,143,42,101,12,3,9
S01006688,409,219,190,37,26,11,21,15,6,37,36,1,90,49,41,24,17,7,58,34,24,111,27,84,31,15,16
S01006689,388,217,171,40,31,9,25,17,8,23,20,3,59,28,31,24,19,5,79,51,28,123,43,80,15,8,7
S01006690,320,167,153,21,18,3,20,15,5,20,15,5,74,30,44,32,23,9,40,21,19,98,33,65,15,12,3
S01006691,332,180,152,31,23,8,16,13,3,9,9,0,64,34,30,24,18,6,66,37,29,103,36,67,19,10,9
S01006692,381,204,177,28,18,10,33,27,6,18,15,3,56,32,24,27,20,7,63,41,22,143,44,99,13,7,6
S01006693,565,294,271,43,30,13,48,38,10,32,26,6,137,74,63,33,23,10,82,46,36,161,46,115,29,11,18
S01006694,324,167,157,10,6,4,24,20,4,31,30,1,63,35,28,28,18,10,50,30,20,109,26,83,9,2,7
S01006695,361,189,172,24,20,4,31,26,5,26,23,3,79,34,45,25,18,7,50,29,21,113,33,80,13,6,7
S01006696,396,195,201,23,18,5,30,23,7,26,23,3,82,35,47,38,25,13,45,24,21,125,35,90,27,12,15
S01006697,473,244,229,25,19,6,33,24,9,45,40,5,98,47,51,45,34,11,62,30,32,145,42,103,20,8,12
S01006698,318,164,154,18,14,4,24,18,6,21,18,3,65,37,28,23,16,7,49,26,23,102,26,76,16,9,7
S01006699,268,138,130,17,14,3,16,13,3,14,12,2,52,29,23,23,16,7,45,19,26,91,31,60,10,4,6
S01006700,419,206,213,26,15,11,29,22,7,23,19,4,88,49,39,35,24,11,61,31,30,140,42,98,17,4,13
S01006701,331,164,167,16,12,4,21,19,2,30,28,2,107,47,60,22,16,6,53,20,33,69,17,52,13,5,8
S01006702,402,213,189,23,18,5,38,29,9,29,27,2,93,44,49,40,31,9,51,34,17,103,22,81,25,8,17
S01006703,321,163,158,15,13,2,16,12,4,28,28,0,75,36,39,35,25,10,50,26,24,96,20,76,6,3,3
S01006704,272,140,132,16,13,3,22,17,5,25,23,2,66,34,32,25,19,6,42,19,23,70,14,56,6,1,5
S01006705,355,185,170,21,16,5,26,21,5,39,35,4,81,32,49,39,35,4,43,23,20,95,20,75,11,3,8
S01006706,321,171,150,20,12,8,23,19,4,30,27,3,59,35,24,40,31,9,28,18,10,105,25,80,16,4,12
S01006707,331,160,171,19,16,3,14,11,3,25,21,4,81,32,49,33,23,10,46,22,24,100,31,69,13,4,9
S01006708,383,200,183,21,14,7,27,25,2,37,30,7,89,53,36,36,31,5,35,14,21,126,30,96,12,3,9
S01006709,412,221,191,22,18,4,26,21,5,40,33,7,97,49,48,45,37,8,67,39,28,97,20,77,18,4,14
S01006710,447,226,221,20,15,5,30,25,5,47,42,5,87,38,49,55,45,10,63,28,35,123,27,96,22,6,16
S01006711,473,233,240,31,21,10,37,26,11,54,51,3,108,52,56,46,34,12,52,20,32,127,23,104,18,6,12
S01006712,251,129,122,15,10,5,16,12,4,34,31,3,40,19,21,25,21,4,29,11,18,84,21,63,8,4,4
S01006713,466,241,225,32,25,7,40,31,9,32,29,3,96,46,50,57,41,16,61,30,31,126,35,91,22,4,18
S01006714,342,183,159,28,23,5,29,25,4,25,22,3,66,39,27,38,28,10,47,19,28,99,21,78,10,6,4
S01006715,266,144,122,13,13,0,19,15,4,17,15,2,69,28,41,29,27,2,36,21,15,74,22,52,9,3,6
S01006716,317,162,155,21,17,4,21,15,6,24,21,3,83,44,39,27,19,8,44,24,20,81,18,63,16,4,12
S01006717,479,230,249,31,24,7,27,21,6,43,41,2,116,41,75,60,43,17,48,28,20,138,24,114,16,8,8
S01006718,310,163,147,18,15,3,22,19,3,25,24,1,71,39,32,29,27,2,37,15,22,91,19,72,17,5,12
S01006719,459,236,223,40,33,7,31,22,9,44,44,0,85,38,47,52,36,16,58,31,27,127,30,97,22,2,20
S01006720,311,172,139,11,9,2,25,25,0,25,24,1,78,36,42,31,28,3,42,22,20,86,25,61,13,3,10
S01006721,450,243,207,32,27,5,56,44,12,34,30,4,90,38,52,58,44,14,58,29,29,106,22,84,16,9,7
S01006722,372,193,179,32,26,6,20,15,5,24,22,2,90,49,41,30,26,4,43,22,21,122,30,92,11,3,8
S01006723,325,167,158,20,14,6,24,20,4,30,27,3,74,30,44,27,22,5,52,31,21,85,22,63,13,1,12
S01006724,402,205,197,16,13,3,45,37,8,21,20,1,113,48,65,41,31,10,67,35,32,86,19,67,13,2,11
S01006725,334,169,165,20,17,3,28,22,6,21,20,1,91,37,54,32,28,4,37,20,17,83,16,67,22,9,13
S01006726,615,328,287,38,34,4,51,41,10,51,43,8,164,71,93,51,47,4,123,54,69,123,34,89,14,4,10
S01006727,413,219,194,18,15,3,46,36,10,32,32,0,118,56,62,36,22,14,70,27,43,80,23,57,13,8,5
S01006728,367,175,192,19,17,2,39,27,12,26,24,2,71,27,44,36,29,7,56,30,26,107,17,90,13,4,9
S01006729,360,188,172,22,16,6,26,20,6,22,21,1,91,44,47,34,26,8,52,24,28,99,30,69,14,7,7
S01006730,389,201,188,25,22,3,35,26,9,24,23,1,96,48,48,38,31,7,47,20,27,110,26,84,14,5,9
S01006731,291,159,132,12,9,3,16,15,1,32,28,4,51,27,24,46,37,9,36,18,18,83,23,60,15,2,13
S01006732,542,297,245,101,85,16,43,27,16,27,21,6,101,45,56,33,22,11,93,46,47,124,44,80,20,7,13
S01006733,465,258,207,78,60,18,37,24,13,28,22,6,56,23,33,37,27,10,99,62,37,122,37,85,8,3,5
S01006734,527,295,232,83,60,23,37,30,7,33,28,5,64,38,26,37,27,10,112,66,46,143,39,104,18,7,11
S01006735,288,165,123,29,20,9,19,14,5,18,17,1,37,17,20,30,21,9,57,39,18,89,36,53,9,1,8
S01006736,653,326,327,80,62,18,34,25,9,47,38,9,89,44,45,51,35,16,155,88,67,164,27,137,33,7,26
S01006737,338,193,145,37,32,5,24,19,5,22,20,2,64,35,29,18,14,4,69,34,35,88,29,59,16,10,6
S01006738,577,333,244,81,57,24,65,50,15,39,29,10,108,62,46,75,45,30,82,44,38,103,31,72,24,15,9
S01006739,410,224,186,35,24,11,46,31,15,32,26,6,68,33,35,46,39,7,84,44,40,72,19,53,27,8,19
S01006740,392,212,180,34,26,8,41,33,8,26,23,3,88,38,50,39,31,8,65,39,26,90,18,72,9,4,5
S01006741,317,168,149,24,16,8,28,21,7,24,22,2,69,29,40,46,34,12,45,27,18,76,17,59,5,2,3
S01006742,208,112,96,21,15,6,24,20,4,7,6,1,40,20,20,30,21,9,35,18,17,43,10,33,8,2,6
S01006743,321,166,155,34,27,7,37,26,11,27,24,3,55,25,30,32,16,16,48,25,23,72,16,56,16,7,9
S01006744,384,201,183,30,23,7,40,28,12,25,22,3,90,42,48,43,33,10,57,28,29,83,21,62,16,4,12
S01006745,408,215,193,34,27,7,34,24,10,35,31,4,94,40,54,47,39,8,49,26,23,99,24,75,16,4,12
S01006746,426,207,219,37,29,8,44,39,5,30,27,3,108,42,66,34,25,9,56,28,28,95,13,82,22,4,18
S01006747,410,204,206,34,24,10,32,23,9,24,22,2,71,34,37,40,26,14,68,39,29,126,31,95,15,5,10
S01006748,482,282,200,53,43,10,36,31,5,52,41,11,85,53,32,51,36,15,79,44,35,111,29,82,15,5,10
S01006749,513,271,242,51,40,11,41,32,9,38,33,5,126,54,72,51,38,13,83,47,36,108,23,85,15,4,11
S01006750,354,194,160,26,19,7,32,26,6,27,25,2,95,45,50,44,34,10,45,28,17,75,15,60,10,2,8
S01006751,250,125,125,25,22,3,23,20,3,9,8,1,61,27,34,33,22,11,28,12,16,62,11,51,9,3,6
S01006752,347,173,174,29,18,11,31,26,5,17,17,0,92,34,58,40,29,11,48,31,17,82,18,64,8,0,8
S01006753,498,271,227,62,51,11,33,23,10,35,33,2,106,41,65,66,48,18,77,49,28,106,20,86,13,6,7
S01006754,493,273,220,60,43,17,45,34,11,29,28,1,92,50,42,64,41,23,73,41,32,108,28,80,22,8,14
S01006755,440,232,208,69,49,20,46,31,15,30,25,5,88,46,42,30,13,17,80,43,37,83,24,59,14,1,13
S01006756,431,250,181,73,52,21,37,23,14,24,22,2,60,37,23,32,23,9,99,62,37,96,26,70,10,5,5
S01006757,499,255,244,59,43,16,39,36,3,32,25,7,89,44,45,37,27,10,96,49,47,131,23,108,16,8,8
S01006758,459,243,216,56,38,18,44,38,6,32,24,8,82,37,45,31,24,7,77,46,31,124,32,92,13,4,9
S01006759,352,185,167,33,25,8,30,22,8,22,20,2,59,31,28,32,19,13,65,39,26,96,22,74,15,7,8
S01006760,327,159,168,19,14,5,24,19,5,21,19,2,67,24,43,33,27,6,57,25,32,94,27,67,12,4,8
S01006761,439,237,202,28,18,10,46,35,11,30,27,3,88,42,46,45,35,10,79,38,41,112,36,76,11,6,5
S01006762,384,208,176,39,31,8,22,20,2,33,31,2,68,34,34,27,20,7,67,34,33,111,32,79,17,6,11
S01006763,569,281,288,64,41,23,42,30,12,32,31,1,124,51,73,52,37,15,91,47,44,140,37,103,24,7,17
S01006764,543,294,249,51,33,18,46,36,10,30,29,1,121,51,70,52,39,13,91,52,39,130,43,87,22,11,11
S01006765,404,211,193,41,25,16,35,27,8,32,27,5,98,48,50,30,21,9,62,32,30,95,25,70,11,6,5
S01006766,385,202,183,50,37,13,29,21,8,26,24,2,78,40,38,34,23,11,57,36,21,99,17,82,12,4,8
S01006767,424,216,208,36,24,12,39,35,4,32,31,1,105,36,69,35,31,4,65,36,29,90,18,72,22,5,17
S01006768,381,202,179,52,38,14,25,19,6,25,20,5,85,38,47,29,20,9,64,37,27,88,23,65,13,7,6
S01006769,568,308,260,42,36,6,46,41,5,53,44,9,130,68,62,41,35,6,87,41,46,157,40,117,12,3,9
S01006770,397,206,191,31,24,7,36,28,8,27,26,1,67,30,37,42,35,7,57,32,25,119,25,94,18,6,12
S01006771,289,151,138,28,22,6,18,16,2,20,17,3,64,25,39,19,17,2,39,24,15,80,22,58,21,8,13
S01006772,545,298,247,41,34,7,44,39,5,60,49,11,119,52,67,54,44,10,89,49,40,126,27,99,12,4,8
S01006773,398,217,181,37,25,12,29,26,3,27,23,4,90,43,47,34,30,4,57,33,24,113,31,82,11,6,5
S01006774,420,221,199,47,37,10,19,15,4,32,28,4,108,50,58,32,23,9,65,31,34,102,34,68,15,3,12
S01006775,373,192,181,30,18,12,36,29,7,25,24,1,83,40,43,27,17,10,67,34,33,93,26,67,12,4,8
S01006776,249,131,118,17,13,4,29,25,4,19,19,0,62,28,34,27,21,6,36,15,21,48,7,41,11,3,8
S01006777,388,207,181,24,20,4,32,29,3,32,29,3,87,42,45,35,28,7,62,31,31,104,22,82,12,6,6
S01006778,368,202,166,40,32,8,20,16,4,35,32,3,89,37,52,27,22,5,59,38,21,85,21,64,13,4,9
S01006779,311,149,162,22,17,5,22,15,7,21,19,2,76,33,43,33,29,4,42,19,23,80,13,67,15,4,11
S01006780,316,172,144,25,18,7,21,18,3,30,25,5,59,28,31,26,19,7,55,35,20,83,19,64,17,10,7
S01006781,361,190,171,28,19,9,23,17,6,22,20,2,78,46,32,30,25,5,59,36,23,104,23,81,17,4,13
S01006782,452,249,203,56,36,20,34,27,7,41,39,2,84,42,42,32,22,10,80,46,34,114,32,82,11,5,6
S01006783,320,164,156,27,18,9,21,19,2,25,22,3,95,46,49,27,23,4,40,20,20,75,14,61,10,2,8
S01006784,375,205,170,37,26,11,26,20,6,25,21,4,65,38,27,21,15,6,69,35,34,117,43,74,15,7,8
S01006785,381,192,189,50,31,19,41,31,10,19,17,2,79,37,42,22,14,8,69,37,32,89,21,68,12,4,8
S01006786,482,273,209,47,35,12,45,37,8,26,21,5,101,57,44,33,22,11,91,62,29,125,34,91,14,5,9
S01006787,361,197,164,34,23,11,30,24,6,26,24,2,81,41,40,32,22,10,63,37,26,79,21,58,16,5,11
S01006788,476,264,212,69,49,20,43,34,9,29,22,7,81,45,36,41,29,12,85,44,41,109,32,77,19,9,10
S01006789,310,163,147,24,23,1,17,14,3,21,21,0,102,47,55,19,14,5,39,19,20,69,15,54,19,10,9
S01006790,403,210,193,24,21,3,27,21,6,34,33,1,135,49,86,27,21,6,54,35,19,73,19,54,29,11,18
S01006791,274,163,111,34,29,5,12,8,4,21,21,0,53,24,29,13,8,5,48,34,14,60,18,42,33,21,12
S01006792,268,146,122,21,17,4,23,15,8,20,20,0,50,19,31,19,16,3,49,29,20,60,18,42,26,12,14
S01006793,315,172,143,9,8,1,19,15,4,17,17,0,138,61,77,6,5,1,46,29,17,47,18,29,33,19,14
S01006794,271,143,128,25,22,3,16,13,3,35,31,4,48,21,27,26,21,5,28,16,12,81,12,69,12,7,5
S01006795,335,180,155,41,36,5,15,13,2,23,21,2,68,32,36,16,10,6,62,40,22,95,26,69,15,2,13
S01006796,280,155,125,38,37,1,19,10,9,20,18,2,46,25,21,18,11,7,47,27,20,77,22,55,15,5,10
S01006797,347,202,145,44,37,7,21,15,6,37,33,4,50,23,27,21,16,5,68,39,29,81,29,52,25,10,15
S01006798,354,194,160,51,42,9,18,12,6,35,30,5,64,24,40,32,23,9,50,31,19,87,28,59,17,4,13
S01006799,445,233,212,49,37,12,23,19,4,50,44,6,92,36,56,29,23,6,51,35,16,125,31,94,26,8,18
S01006800,434,254,180,56,47,9,31,25,6,37,33,4,77,30,47,18,16,2,99,68,31,86,20,66,30,15,15
S01006801,476,257,219,90,68,22,50,30,20,32,31,1,65,36,29,32,22,10,57,32,25,129,35,94,21,3,18
S01006802,350,196,154,54,45,9,38,26,12,34,33,1,60,24,36,13,7,6,62,34,28,77,21,56,12,6,6
S01006803,342,174,168,29,23,6,29,19,10,36,36,0,70,38,32,29,18,11,42,19,23,93,21,72,14,0,14
S01006804,408,225,183,51,39,12,39,30,9,41,35,6,58,30,28,25,18,7,64,43,21,119,25,94,11,5,6
S01006805,617,311,306,109,81,28,38,26,12,53,46,7,114,44,70,39,24,15,82,54,28,156,33,123,26,3,23
S01006806,580,320,260,89,70,19,60,48,12,61,52,9,80,41,39,31,21,10,93,55,38,141,27,114,25,6,19
S01006807,343,190,153,51,45,6,34,27,7,22,18,4,59,33,26,18,13,5,36,17,19,100,27,73,23,10,13
S01006808,326,183,143,40,36,4,33,23,10,15,14,1,48,26,22,19,15,4,63,37,26,92,24,68,16,8,8
S01006809,374,210,164,46,40,6,29,22,7,38,36,2,68,31,37,39,29,10,47,26,21,97,21,76,10,5,5
S01006810,441,252,189,69,55,14,30,21,9,43,39,4,74,35,39,26,20,6,59,41,18,125,37,88,15,4,11
S01006811,581,311,270,108,87,21,52,37,15,35,30,5,81,37,44,45,28,17,99,49,50,140,34,106,21,9,12
S01006812,441,259,182,69,54,15,38,26,12,39,37,2,66,29,37,45,35,10,56,35,21,114,36,78,14,7,7
S01006813,417,241,176,54,45,9,43,35,8,53,49,4,87,48,39,31,19,12,51,29,22,85,12,73,13,4,9
S01006814,417,225,192,58,48,10,35,25,10,28,23,5,77,36,41,18,15,3,76,53,23,111,22,89,14,3,11
S01006815,290,153,137,40,30,10,31,25,6,31,28,3,69,26,43,17,10,7,33,18,15,64,14,50,5,2,3
S01006816,372,199,173,45,40,5,33,26,7,34,29,5,65,23,42,24,20,4,46,29,17,109,27,82,16,5,11
S01006817,365,208,157,95,69,26,31,24,7,26,22,4,54,25,29,21,15,6,49,33,16,80,16,64,9,4,5
S01006818,414,225,189,77,61,16,51,32,19,32,30,2,64,29,35,17,10,7,61,36,25,103,24,79,9,3,6
S01006819,492,265,227,108,75,33,33,22,11,23,22,1,73,37,36,36,27,9,85,51,34,114,25,89,20,6,14
S01006820,257,131,126,36,23,13,9,4,5,21,16,5,44,26,18,19,15,4,41,19,22,75,25,50,12,3,9
S01006821,358,198,160,63,46,17,28,22,6,23,19,4,63,30,33,22,14,8,75,50,25,69,14,55,15,3,12
S01006822,451,250,201,72,58,14,31,24,7,39,35,4,70,30,40,29,24,5,71,41,30,115,26,89,24,12,12
S01006823,369,209,160,47,37,10,27,17,10,20,19,1,58,30,28,24,20,4,84,57,27,103,27,76,6,2,4
S01006824,414,216,198,29,23,6,29,22,7,39,36,3,109,52,57,27,22,5,59,35,24,104,22,82,18,4,14
S01006825,475,249,226,40,32,8,31,25,6,34,30,4,88,37,51,44,33,11,87,56,31,132,28,104,19,8,11
S01006826,492,271,221,63,50,13,49,38,11,33,27,6,87,41,46,21,17,4,89,60,29,128,29,99,22,9,13
S01006827,459,238,221,47,39,8,34,26,8,32,29,3,88,41,47,31,22,9,81,40,41,127,30,97,19,11,8
S01006828,504,279,225,65,49,16,44,36,8,43,34,9,114,57,57,31,24,7,54,33,21,137,43,94,16,3,13
S01006829,238,125,113,29,20,9,17,13,4,10,9,1,37,16,21,16,13,3,52,35,17,71,17,54,6,2,4
S01006830,403,201,202,41,31,10,24,19,5,39,36,3,112,47,65,22,17,5,57,27,30,99,19,80,9,5,4
S01006831,267,146,121,27,20,7,23,17,6,15,15,0,51,26,25,14,10,4,42,29,13,85,24,61,10,5,5
S01006832,526,286,240,65,51,14,36,27,9,19,16,3,98,49,49,42,33,9,103,66,37,144,36,108,19,8,11
S01006833,219,120,99,32,26,6,20,17,3,11,9,2,47,20,27,10,9,1,39,26,13,57,12,45,3,1,2
S01006834,305,166,139,32,27,5,14,10,4,18,16,2,64,34,30,16,16,0,63,36,27,91,22,69,7,5,2
S01006835,403,225,178,45,35,10,33,27,6,28,24,4,89,48,41,22,14,8,54,35,19,119,38,81,13,4,9
S01006836,295,163,132,39,31,8,17,16,1,22,20,2,48,22,26,15,13,2,74,39,35,73,20,53,7,2,5
S01006837,312,169,143,33,23,10,22,21,1,25,23,2,64,32,32,22,18,4,50,31,19,85,19,66,11,2,9
S01006838,370,200,170,45,35,10,23,15,8,36,32,4,68,33,35,23,16,7,67,42,25,92,23,69,16,4,12
S01006839,588,303,285,49,35,14,48,34,14,49,42,7,126,44,82,39,30,9,82,44,38,164,57,107,31,17,14
S01006840,559,288,271,65,43,22,48,34,14,40,35,5,97,48,49,34,24,10,97,57,40,151,37,114,27,10,17
S01006841,556,290,266,56,44,12,44,31,13,27,24,3,106,49,57,48,40,8,98,49,49,155,42,113,22,11,11
S01006842,497,269,228,57,40,17,40,33,7,42,38,4,115,57,58,33,19,14,86,53,33,104,24,80,20,5,15
S01006843,514,271,243,74,51,23,42,26,16,40,38,2,118,47,71,35,25,10,72,38,34,111,38,73,22,8,14
S01006844,454,250,204,33,21,12,37,29,8,33,24,9,109,62,47,52,41,11,70,41,29,105,24,81,15,8,7
S01006845,605,312,293,60,41,19,48,35,13,40,34,6,129,58,71,43,34,9,110,58,52,151,43,108,24,9,15
S01006846,345,190,155,32,20,12,34,30,4,32,31,1,97,40,57,22,18,4,38,25,13,76,19,57,14,7,7
S01006847,413,210,203,42,31,11,37,27,10,38,33,5,97,42,55,24,20,4,69,35,34,84,16,68,22,6,16
S01006848,486,295,191,77,55,22,32,21,11,31,30,1,84,54,30,47,37,10,109,69,40,89,23,66,17,6,11
S01006849,583,299,284,81,55,26,50,38,12,48,38,10,94,41,53,55,36,19,120,66,54,119,23,96,16,2,14
S01006850,602,293,309,46,34,12,40,25,15,44,41,3,183,79,104,51,42,9,78,39,39,146,31,115,14,2,12
S01006851,424,218,206,42,30,12,49,29,20,39,36,3,101,43,58,25,20,5,66,38,28,89,20,69,13,2,11
S01006852,339,178,161,43,33,10,34,25,9,24,19,5,68,35,33,22,14,8,62,33,29,75,17,58,11,2,9
S01006853,473,267,206,73,58,15,26,18,8,32,28,4,74,40,34,31,21,10,96,58,38,121,40,81,20,4,16
S01006854,434,234,200,50,38,12,31,23,8,47,43,4,85,44,41,28,18,10,71,43,28,106,21,85,16,4,12
S01006855,427,239,188,92,75,17,26,18,8,42,35,7,58,25,33,21,16,5,70,43,27,99,22,77,19,5,14
S01006856,373,197,176,57,42,15,29,20,9,27,20,7,59,26,33,20,16,4,71,45,26,96,23,73,14,5,9
S01006857,580,311,269,97,74,23,39,28,11,51,41,10,92,42,50,27,20,7,107,60,47,135,31,104,32,15,17
S01006858,354,192,162,55,42,13,33,23,10,29,27,2,38,12,26,18,11,7,79,54,25,89,21,68,13,2,11
S01006859,569,321,248,62,56,6,39,31,8,49,43,6,85,48,37,27,23,4,124,81,43,146,29,117,37,10,27
S01006860,291,147,144,22,19,3,8,7,1,25,25,0,85,38,47,17,12,5,35,20,15,84,20,64,15,6,9
S01006861,319,190,129,44,39,5,30,24,6,23,16,7,41,15,26,22,20,2,76,53,23,70,17,53,13,6,7
S01006862,365,192,173,34,31,3,15,14,1,31,29,2,79,36,43,23,16,7,66,38,28,94,20,74,23,8,15
S01006863,346,192,154,27,25,2,27,23,4,54,50,4,77,32,45,20,15,5,43,25,18,80,16,64,18,6,12
S01006864,230,129,101,27,22,5,16,14,2,19,17,2,44,20,24,13,12,1,38,21,17,56,17,39,17,6,11
S01006865,502,289,213,56,53,3,38,28,10,37,34,3,109,52,57,23,18,5,90,59,31,109,28,81,40,17,23
S01006866,255,143,112,26,22,4,10,9,1,17,15,2,47,28,19,9,7,2,49,35,14,75,20,55,22,7,15
S01006867,330,184,146,31,28,3,16,13,3,27,26,1,45,22,23,16,11,5,74,58,16,101,21,80,20,5,15
S01006868,443,252,191,40,36,4,24,22,2,42,38,4,97,40,57,27,22,5,76,56,20,117,32,85,20,6,14
S01006869,262,150,112,23,22,1,17,17,0,29,25,4,47,18,29,26,19,7,43,23,20,61,19,42,16,7,9
S01006870,243,134,109,26,22,4,17,14,3,26,25,1,56,26,30,11,7,4,36,21,15,63,16,47,8,3,5
S01006871,338,185,153,26,22,4,22,17,5,44,40,4,51,22,29,18,16,2,57,36,21,112,31,81,8,1,7
S01006872,373,208,165,58,45,13,22,19,3,36,30,6,47,17,30,8,4,4,80,51,29,97,28,69,25,14,11
S01006873,402,222,180,58,50,8,16,9,7,38,33,5,59,27,32,29,19,10,79,52,27,112,29,83,11,3,8
S01006874,336,187,149,54,38,16,27,23,4,34,28,6,41,14,27,16,14,2,69,47,22,82,18,64,13,5,8
S01006875,319,174,145,27,21,6,20,16,4,45,43,2,68,32,36,18,14,4,33,18,15,88,22,66,20,8,12
S01006876,538,294,244,88,71,17,32,26,6,61,57,4,95,38,57,29,20,9,76,41,35,132,31,101,25,10,15
S01006877,532,288,244,110,87,23,32,27,5,46,41,5,76,38,38,25,16,9,82,39,43,128,30,98,33,10,23
S01006878,380,216,164,76,60,16,20,13,7,39,33,6,64,24,40,19,16,3,52,32,20,92,29,63,18,9,9
S01006879,426,244,182,65,57,8,20,13,7,50,42,8,78,32,46,13,8,5,71,45,26,94,30,64,35,17,18
S01006880,353,189,164,52,42,10,28,22,6,28,22,6,42,21,21,30,16,14,69,40,29,89,21,68,15,5,10
S01006881,327,180,147,55,43,12,18,14,4,32,29,3,49,23,26,24,19,5,67,36,31,72,11,61,10,5,5
S01006882,179,91,88,12,10,2,8,5,3,27,25,2,32,18,14,16,11,5,20,9,11,59,11,48,5,2,3
S01006883,240,135,105,28,25,3,16,12,4,19,18,1,51,29,22,13,10,3,35,23,12,67,14,53,11,4,7
S01006884,458,256,202,44,40,4,25,18,7,55,50,5,75,40,35,27,24,3,74,42,32,136,33,103,22,9,13
S01006885,271,147,124,39,30,9,16,15,1,21,19,2,40,16,24,19,13,6,51,32,19,77,22,55,8,0,8
S01006886,406,214,192,39,32,7,25,21,4,30,24,6,77,31,46,31,22,9,77,50,27,109,26,83,18,8,10
S01006887,315,175,140,34,28,6,13,9,4,41,35,6,56,29,27,22,14,8,53,35,18,81,23,58,15,2,13
S01006888,437,236,201,67,54,13,34,23,11,49,42,7,53,25,28,35,23,12,66,38,28,124,28,96,9,3,6
S01006889,411,220,191,33,28,5,39,29,10,46,43,3,103,42,61,43,32,11,51,31,20,82,11,71,14,4,10
S01006890,359,200,159,45,38,7,32,27,5,25,23,2,64,27,37,30,24,6,65,39,26,92,21,71,6,1,5
S01006891,518,286,232,64,54,10,36,28,8,44,40,4,107,50,57,42,30,12,76,50,26,125,28,97,24,6,18
S01006892,329,172,157,28,24,4,23,20,3,33,30,3,76,33,43,28,22,6,48,22,26,87,18,69,6,3,3
S01006893,272,135,137,26,21,5,17,14,3,26,24,2,72,31,41,19,14,5,41,19,22,62,7,55,9,5,4
S01006894,477,261,216,44,34,10,42,29,13,55,51,4,107,47,60,28,21,7,68,43,25,116,27,89,17,9,8
S01006895,310,179,131,34,28,6,40,28,12,29,27,2,76,34,42,28,23,5,41,25,16,50,11,39,12,3,9
S01006896,447,236,211,34,27,7,42,28,14,45,41,4,101,51,50,27,19,8,65,37,28,114,26,88,19,7,12
S01006897,428,243,185,42,38,4,51,40,11,64,56,8,98,40,58,22,18,4,50,29,21,87,19,68,14,3,11
S01006898,430,228,202,34,26,8,37,28,9,45,39,6,93,43,50,32,27,5,70,39,31,96,20,76,23,6,17
S01006899,385,204,181,41,32,9,35,23,12,28,26,2,75,36,39,35,26,9,65,35,30,92,22,70,14,4,10
S01006900,373,200,173,33,21,12,47,43,4,40,37,3,78,34,44,31,20,11,50,26,24,80,16,64,14,3,11
S01006901,345,181,164,26,22,4,31,27,4,53,49,4,90,37,53,24,15,9,38,19,19,72,11,61,11,1,10
S01006902,371,203,168,34,27,7,46,37,9,38,34,4,82,39,43,24,21,3,50,25,25,82,16,66,15,4,11
S01006903,425,218,207,30,25,5,38,28,10,44,38,6,119,51,68,25,19,6,47,30,17,106,21,85,16,6,10
S01006904,361,188,173,21,16,5,31,23,8,38,36,2,98,45,53,23,18,5,51,26,25,87,21,66,12,3,9
S01006905,438,233,205,37,32,5,45,33,12,46,37,9,95,47,48,41,31,10,60,31,29,98,18,80,16,4,12
S01006906,385,196,189,23,18,5,40,34,6,44,42,2,95,32,63,25,15,10,53,25,28,93,24,69,12,6,6
S01006907,375,190,185,34,24,10,55,39,16,39,35,4,100,40,60,18,15,3,45,20,25,76,15,61,8,2,6
S01006908,446,240,206,28,19,9,48,31,17,61,58,3,86,43,43,26,20,6,56,31,25,112,27,85,29,11,18
S01006909,443,251,192,66,51,15,33,25,8,45,41,4,71,35,36,24,16,8,90,52,38,97,23,74,17,8,9
S01006910,526,289,237,63,48,15,37,29,8,32,27,5,70,36,34,53,41,12,104,58,46,145,44,101,22,6,16
S01006911,388,202,186,60,47,13,22,14,8,28,22,6,67,33,34,30,21,9,64,36,28,105,24,81,12,5,7
S01006912,273,151,122,49,40,9,22,16,6,17,16,1,60,27,33,8,5,3,39,25,14,65,17,48,13,5,8
S01006913,321,180,141,49,35,14,22,17,5,33,29,4,53,23,30,33,24,9,58,35,23,61,13,48,12,4,8
S01006914,452,256,196,78,62,16,35,28,7,36,31,5,67,35,32,29,17,12,71,37,34,111,39,72,25,7,18
S01006915,474,272,202,65,56,9,33,26,7,35,33,2,79,39,40,35,28,7,88,54,34,120,28,92,19,8,11
S01006916,297,158,139,35,26,9,31,25,6,27,23,4,55,27,28,23,12,11,44,28,16,79,17,62,3,0,3
S01006917,552,294,258,84,59,25,58,41,17,46,35,11,79,44,35,36,25,11,113,62,51,123,25,98,13,3,10
S01006918,259,135,124,33,26,7,26,20,6,22,19,3,33,19,14,14,10,4,50,24,26,67,16,51,14,1,13
S01006919,259,145,114,21,19,2,16,13,3,30,28,2,42,25,17,13,11,2,44,26,18,79,19,60,14,4,10
S01006920,263,138,125,30,18,12,25,23,2,23,18,5,53,29,24,26,17,9,31,15,16,65,16,49,10,2,8
S01006921,466,245,221,63,45,18,38,27,11,30,22,8,82,45,37,32,24,8,87,49,38,125,29,96,9,4,5
S01006922,269,153,116,42,31,11,24,19,5,28,24,4,55,29,26,21,12,9,43,29,14,50,7,43,6,2,4
S01006923,395,211,184,46,34,12,34,24,10,41,33,8,69,32,37,35,26,9,73,44,29,92,15,77,5,3,2
S01006924,338,194,144,76,57,19,21,18,3,20,16,4,48,26,22,30,27,3,50,27,23,77,20,57,16,3,13
S01006925,276,149,127,25,18,7,29,21,8,26,23,3,49,23,26,17,13,4,53,32,21,71,18,53,6,1,5
S01006926,426,231,195,58,38,20,44,28,16,25,20,5,74,39,35,34,21,13,86,59,27,98,23,75,7,3,4
S01006927,614,328,286,92,60,32,64,51,13,31,23,8,80,46,34,53,32,21,142,77,65,131,32,99,21,7,14
S01006928,623,337,286,74,62,12,67,51,16,45,38,7,104,49,55,56,38,18,107,55,52,152,36,116,18,8,10
S01006929,467,264,203,83,67,16,22,20,2,20,14,6,79,40,39,26,20,6,102,64,38,119,31,88,16,8,8
S01006930,529,283,246,58,40,18,44,34,10,20,16,4,101,56,45,32,29,3,118,69,49,141,34,107,15,5,10
S01006931,219,118,101,30,20,10,12,8,4,18,16,2,42,17,25,14,12,2,36,26,10,55,15,40,12,4,8
S01006932,339,175,164,52,38,14,21,15,6,11,10,1,62,27,35,37,27,10,69,41,28,79,14,65,8,3,5
S01006933,388,200,188,23,20,3,28,23,5,30,28,2,72,28,44,23,19,4,76,49,27,120,29,91,16,4,12
S01006934,313,178,135,57,48,9,23,18,5,22,17,5,39,22,17,25,18,7,52,32,20,86,18,68,9,5,4
S01006935,392,200,192,39,32,7,25,20,5,32,22,10,80,38,42,19,15,4,69,43,26,120,26,94,8,4,4
S01006936,339,175,164,31,21,10,20,17,3,12,10,2,63,34,29,32,23,9,53,32,21,110,32,78,18,6,12
S01006937,441,220,221,50,35,15,31,22,9,34,27,7,86,43,43,24,16,8,78,41,37,124,31,93,14,5,9
S01006938,300,151,149,29,21,8,22,18,4,24,20,4,48,22,26,18,15,3,52,29,23,94,21,73,13,5,8
S01006939,365,199,166,26,21,5,25,20,5,27,22,5,66,31,35,35,29,6,70,47,23,105,26,79,11,3,8
S01006940,551,296,255,58,38,20,35,24,11,37,28,9,107,59,48,38,29,9,119,78,41,139,33,106,18,7,11
S01006941,336,173,163,41,36,5,17,11,6,25,18,7,66,31,35,28,20,8,51,27,24,95,26,69,13,4,9
S01006942,606,317,289,58,41,17,32,28,4,46,35,11,123,56,67,47,35,12,131,76,55,152,42,110,17,4,13
S01006943,360,197,163,59,41,18,24,18,6,22,20,2,50,30,20,17,13,4,85,51,34,91,21,70,12,3,9
S01006944,537,280,257,89,62,27,46,34,12,39,32,7,88,33,55,33,23,10,106,61,45,121,31,90,15,4,11
S01006945,297,162,135,41,35,6,24,18,6,16,14,2,43,16,27,23,18,5,61,36,25,79,21,58,10,4,6
S01006946,490,261,229,69,53,16,38,29,9,35,29,6,77,44,33,38,21,17,84,51,33,123,26,97,26,8,18
S01006947,529,277,252,72,48,24,52,35,17,25,22,3,98,58,40,42,25,17,93,51,42,132,28,104,15,10,5
S01006948,481,257,224,67,46,21,36,28,8,31,23,8,92,46,46,54,36,18,71,48,23,109,22,87,21,8,13
S01006949,378,204,174,48,32,16,27,19,8,31,27,4,60,32,28,16,10,6,70,48,22,109,28,81,17,8,9
S01006950,330,168,162,54,39,15,38,24,14,24,20,4,44,17,27,34,21,13,62,29,33,64,15,49,10,3,7
S01006951,292,151,141,25,19,6,29,23,6,13,13,0,56,25,31,37,25,12,50,30,20,67,13,54,15,3,12
S01006952,473,274,199,73,51,22,44,36,8,38,34,4,93,45,48,54,39,15,70,43,27,81,20,61,20,6,14
S01006953,481,266,215,45,37,8,41,35,6,31,22,9,97,46,51,47,35,12,103,69,34,103,20,83,14,2,12
S01006954,491,263,228,54,38,16,47,37,10,38,35,3,88,48,40,36,21,15,87,51,36,118,27,91,23,6,17
S01006955,351,184,167,24,17,7,24,19,5,34,31,3,67,31,36,34,25,9,55,34,21,102,24,78,11,3,8
S01006956,653,348,305,80,63,17,46,40,6,32,29,3,123,61,62,55,36,19,124,74,50,171,37,134,22,8,14
S01006957,619,340,279,75,53,22,41,35,6,38,32,6,105,58,47,44,36,8,124,82,42,173,35,138,19,9,10
S01006958,444,244,200,46,38,8,42,33,9,31,24,7,83,36,47,36,30,6,69,44,25,119,32,87,18,7,11
S01006959,320,172,148,24,23,1,24,19,5,28,24,4,70,33,37,30,21,9,43,32,11,81,12,69,20,8,12
S01006960,556,298,258,64,49,15,39,29,10,32,28,4,113,58,55,32,25,7,98,61,37,156,38,118,22,10,12
S01006961,564,293,271,65,48,17,56,43,13,30,27,3,96,38,58,39,30,9,110,63,47,150,37,113,18,7,11
S01006962,482,264,218,35,28,7,41,33,8,49,40,9,86,40,46,39,30,9,79,49,30,133,37,96,20,7,13
S01006963,378,206,172,32,30,2,24,19,5,30,27,3,79,38,41,31,28,3,49,31,18,119,29,90,14,4,10
S01006964,484,275,209,50,37,13,38,35,3,60,57,3,102,53,49,35,25,10,66,32,34,112,28,84,21,8,13
S01006965,261,148,113,15,13,2,20,17,3,35,34,1,47,21,26,15,12,3,38,23,15,81,23,58,10,5,5
S01006966,324,149,175,26,21,5,16,12,4,29,27,2,97,35,62,28,18,10,35,13,22,82,21,61,11,2,9
S01006967,385,205,180,41,40,1,29,24,5,32,30,2,88,39,49,17,11,6,54,29,25,107,28,79,17,4,13
S01006968,308,160,148,22,16,6,24,18,6,45,41,4,78,30,48,27,22,5,34,21,13,66,9,57,12,3,9
S01006969,506,281,225,55,43,12,41,34,7,46,42,4,99,45,54,33,24,9,88,50,38,125,36,89,19,7,12
S01006970,413,219,194,58,48,10,30,25,5,21,18,3,79,36,43,17,10,7,80,52,28,109,22,87,19,8,11
S01006971,256,133,123,23,16,7,19,11,8,39,35,4,55,23,32,21,18,3,31,14,17,57,12,45,11,4,7
S01006972,309,173,136,52,39,13,26,17,9,31,24,7,54,29,25,24,20,4,46,25,21,61,16,45,15,3,12
S01006973,305,173,132,32,24,8,36,30,6,30,26,4,48,30,18,22,15,7,36,24,12,88,18,70,13,6,7
S01006974,594,321,273,65,48,17,34,29,5,38,33,5,118,57,61,46,36,10,105,66,39,169,44,125,19,8,11
S01006975,584,324,260,90,73,17,36,26,10,62,56,6,90,41,49,44,35,9,88,43,45,153,44,109,21,6,15
S01006976,276,156,120,49,36,13,26,21,5,18,13,5,49,24,25,15,13,2,49,29,20,62,16,46,8,4,4
S01006977,484,266,218,85,63,22,38,30,8,38,33,5,82,35,47,30,24,6,88,55,33,100,23,77,23,3,20
S01006978,471,272,199,87,70,17,37,29,8,35,29,6,82,39,43,35,27,8,73,45,28,98,24,74,24,9,15
S01006979,439,240,199,51,41,10,30,26,4,45,39,6,89,37,52,31,23,8,59,44,15,119,25,94,15,5,10
S01006980,483,267,216,66,52,14,39,28,11,35,29,6,88,44,44,46,35,11,79,45,34,110,26,84,20,8,12
S01006981,487,266,221,78,67,11,31,26,5,39,32,7,79,34,45,39,29,10,74,47,27,136,29,107,11,2,9
S01006982,509,268,241,57,46,11,44,38,6,42,37,5,84,34,50,36,25,11,89,54,35,131,24,107,26,10,16
S01006983,426,238,188,53,40,13,30,24,6,44,36,8,71,32,39,36,28,8,68,46,22,106,26,80,18,6,12
S01006984,425,239,186,64,54,10,35,29,6,30,27,3,60,28,32,29,22,7,87,52,35,104,21,83,16,6,10
S01006985,555,309,246,63,52,11,36,30,6,63,55,8,129,69,60,34,22,12,73,49,24,132,25,107,25,7,18
S01006986,364,196,168,51,40,11,30,19,11,41,36,5,58,26,32,32,23,9,54,32,22,84,18,66,14,2,12
S01006987,333,180,153,27,25,2,26,18,8,22,20,2,78,44,34,22,17,5,58,35,23,82,16,66,18,5,13
S01006988,345,181,164,61,47,14,23,21,2,31,25,6,51,24,27,23,12,11,50,26,24,93,22,71,13,4,9
S01006989,588,327,261,83,66,17,48,35,13,66,58,8,100,46,54,39,29,10,93,54,39,142,36,106,17,3,14
S01006990,519,276,243,65,49,16,33,26,7,33,26,7,76,31,45,48,35,13,123,76,47,124,29,95,17,4,13
S01006991,206,111,95,24,21,3,25,20,5,25,24,1,40,15,25,11,8,3,21,11,10,47,10,37,13,2,11
S01006992,356,208,148,75,63,12,23,16,7,23,21,2,54,25,29,22,14,8,53,35,18,91,26,65,15,8,7
S01006993,313,177,136,64,52,12,39,26,13,22,20,2,46,18,28,25,17,8,38,19,19,74,24,50,5,1,4
S01006994,349,204,145,66,51,15,28,15,13,37,31,6,63,33,30,25,19,6,50,30,20,69,17,52,11,8,3
S01006995,504,281,223,85,66,19,53,36,17,41,38,3,77,35,42,40,25,15,66,43,23,123,31,92,19,7,12
S01006996,427,229,198,53,44,9,45,34,11,65,55,10,80,34,46,25,20,5,56,31,25,80,8,72,23,3,20
S01006997,466,249,217,72,51,21,28,18,10,29,28,1,74,34,40,52,39,13,70,39,31,121,36,85,20,4,16
S01006998,643,347,296,111,81,30,53,40,13,57,52,5,103,43,60,49,37,12,94,52,42,153,35,118,23,7,16
S01006999,508,291,217,122,97,25,39,27,12,53,47,6,79,41,38,19,14,5,77,42,35,100,18,82,19,5,14
S01007000,505,274,231,63,50,13,33,22,11,64,61,3,91,39,52,38,29,9,65,41,24,134,28,106,17,4,13
S01007001,465,234,231,52,39,13,38,30,8,38,35,3,99,44,55,32,23,9,66,36,30,122,20,102,18,7,11
S01007002,302,160,142,49,39,10,23,15,8,29,24,5,59,28,31,11,9,2,32,22,10,90,20,70,9,3,6
S01007003,301,177,124,70,60,10,21,14,7,36,34,2,47,21,26,20,15,5,30,17,13,68,11,57,9,5,4
S01007004,411,228,183,91,78,13,29,21,8,40,37,3,54,23,31,19,15,4,49,30,19,110,21,89,19,3,16
S01007005,517,294,223,84,69,15,42,32,10,44,38,6,69,40,29,37,26,11,80,51,29,137,32,105,24,6,18
S01007006,453,263,190,73,57,16,36,28,8,57,54,3,82,42,40,29,22,7,54,33,21,98,22,76,24,5,19
S01007007,448,261,187,78,64,14,48,33,15,43,42,1,83,38,45,31,25,6,44,26,18,104,28,76,17,5,12
S01007008,506,262,244,46,40,6,64,46,18,61,58,3,109,43,66,38,31,7,46,22,24,128,19,109,14,3,11
S01007009,517,263,254,26,19,7,56,41,15,44,42,2,135,57,78,41,30,11,63,32,31,133,38,95,19,4,15
S01007010,355,179,176,19,14,5,42,28,14,42,35,7,81,42,39,19,11,8,45,25,20,91,17,74,16,7,9
S01007011,405,215,190,22,20,2,44,31,13,50,48,2,102,44,58,35,26,9,42,22,20,96,20,76,14,4,10
S01007012,302,147,155,22,22,0,37,24,13,42,40,2,80,27,53,19,14,5,23,12,11,69,7,62,10,1,9
S01007013,316,183,133,61,52,9,29,16,13,33,30,3,55,29,26,30,19,11,39,20,19,62,15,47,7,2,5
S01007014,578,327,251,99,84,15,58,45,13,48,45,3,114,52,62,32,25,7,71,39,32,131,27,104,25,10,15
S01007015,355,196,159,74,60,14,31,23,8,36,32,4,70,27,43,16,12,4,38,24,14,84,14,70,6,4,2
S01007016,350,209,141,80,56,24,39,33,6,46,42,4,40,20,20,19,13,6,35,24,11,83,17,66,8,4,4
S01007017,494,266,228,38,29,9,84,52,32,78,77,1,105,46,59,28,21,7,45,17,28,97,17,80,19,7,12
S01007018,478,253,225,48,44,4,70,56,14,49,43,6,94,37,57,29,23,6,50,25,25,126,22,104,12,3,9
S01007019,332,186,146,31,22,9,61,37,24,44,42,2,75,35,40,18,15,3,37,23,14,61,11,50,5,1,4
S01007020,385,211,174,41,33,8,68,50,18,37,33,4,102,50,52,22,17,5,45,20,25,62,4,58,8,4,4
S01007021,438,228,210,47,44,3,73,45,28,45,43,2,87,29,58,27,18,9,42,21,21,101,20,81,16,8,8
S01007022,217,111,106,22,20,2,20,16,4,25,22,3,52,19,33,10,9,1,29,15,14,47,7,40,12,3,9
S01007023,231,126,105,27,26,1,24,19,5,23,20,3,54,24,30,18,13,5,23,14,9,52,8,44,10,2,8
S01007024,519,275,244,102,84,18,53,37,16,61,54,7,88,36,52,23,15,8,41,19,22,126,22,104,25,8,17
S01007025,401,209,192,38,33,5,46,37,9,48,44,4,82,31,51,24,21,3,32,20,12,112,17,95,19,6,13
S01007026,386,216,170,52,47,5,38,32,6,47,42,5,91,44,47,30,20,10,25,15,10,95,15,80,8,1,7
S01007027,499,271,228,66,63,3,44,41,3,41,37,4,104,40,64,34,27,7,45,26,19,151,33,118,14,4,10
S01007028,386,218,168,74,55,19,28,24,4,32,28,4,65,37,28,17,12,5,51,31,20,103,24,79,16,7,9
S01007029,291,166,125,91,68,23,23,15,8,36,31,5,49,20,29,10,7,3,26,10,16,51,14,37,5,1,4
S01007030,395,220,175,40,35,5,43,32,11,76,72,4,94,43,51,18,10,8,21,11,10,89,11,78,14,6,8
S01007031,295,170,125,41,36,5,34,23,11,41,39,2,65,29,36,10,8,2,26,15,11,66,15,51,12,5,7
S01007032,437,244,193,39,32,7,52,40,12,43,41,2,77,40,37,21,20,1,36,20,16,148,42,106,21,9,12
S01007033,356,190,166,21,19,2,43,36,7,47,45,2,66,30,36,15,14,1,31,13,18,123,30,93,10,3,7
S01007034,302,163,139,27,24,3,36,27,9,25,23,2,62,26,36,13,11,2,23,15,8,100,34,66,16,3,13
S01007035,347,168,179,22,17,5,49,37,12,45,44,1,66,20,46,19,16,3,28,11,17,109,22,87,9,1,8
S01007036,433,232,201,46,42,4,36,28,8,40,38,2,82,38,44,16,14,2,48,29,19,149,33,116,16,10,6
S01007037,504,251,253,60,53,7,59,43,16,52,49,3,112,38,74,35,28,7,30,13,17,138,25,113,18,2,16
S01007038,392,219,173,37,36,1,59,44,15,40,37,3,88,39,49,22,20,2,37,19,18,91,20,71,18,4,14
S01007039,402,215,187,48,43,5,56,47,9,38,37,1,70,34,36,23,20,3,25,11,14,128,20,108,14,3,11
S01007040,299,151,148,29,26,3,35,27,8,37,36,1,48,13,35,14,11,3,26,13,13,93,19,74,17,6,11
S01007041,370,210,160,50,46,4,26,23,3,38,37,1,79,38,41,30,21,9,25,13,12,110,29,81,12,3,9
S01007042,344,196,148,39,33,6,43,29,14,38,37,1,71,35,36,31,23,8,37,23,14,80,14,66,5,2,3
S01007043,580,333,247,124,109,15,62,46,16,61,52,9,88,36,52,19,17,2,57,36,21,146,28,118,23,9,14
S01007044,310,171,139,74,65,9,29,22,7,17,13,4,53,21,32,20,14,6,27,14,13,82,19,63,8,3,5
S01007045,425,231,194,95,69,26,41,31,10,36,30,6,66,34,32,27,18,9,33,17,16,112,27,85,15,5,10
S01007046,322,183,139,50,42,8,40,32,8,25,21,4,63,32,31,20,14,6,31,17,14,78,18,60,15,7,8
S01007047,359,200,159,79,58,21,38,22,16,46,42,4,52,23,29,25,19,6,25,14,11,83,17,66,11,5,6
S01007048,505,305,200,121,94,27,43,31,12,69,59,10,72,34,38,32,27,5,45,35,10,109,20,89,14,5,9
S01007049,462,250,212,43,39,4,59,33,26,76,72,4,95,41,54,20,9,11,43,25,18,113,27,86,13,4,9
S01007050,318,178,140,53,45,8,23,17,6,54,49,5,65,25,40,15,11,4,34,17,17,65,12,53,9,2,7
S01007051,422,225,197,46,35,11,40,31,9,51,47,4,94,40,54,27,19,8,43,26,17,105,22,83,16,5,11
S01007052,303,170,133,50,39,11,33,24,9,40,32,8,53,26,27,23,15,8,37,21,16,60,11,49,7,2,5
S01007053,263,150,113,56,46,10,19,16,3,29,26,3,44,17,27,19,14,5,37,17,20,49,11,38,10,3,7
S01007054,475,259,216,55,50,5,61,51,10,53,50,3,100,37,63,29,20,9,40,22,18,125,26,99,12,3,9
S01007055,307,177,130,74,58,16,36,25,11,22,19,3,41,15,26,23,18,5,33,20,13,67,19,48,11,3,8
S01007056,352,206,146,87,65,22,25,24,1,37,33,4,57,23,34,20,16,4,35,22,13,78,21,57,13,2,11
S01007057,237,127,110,29,25,4,24,17,7,19,17,2,49,25,24,12,10,2,25,13,12,69,18,51,10,2,8
S01007058,257,136,121,26,23,3,32,23,9,35,32,3,62,21,41,13,7,6,23,15,8,60,12,48,6,3,3
S01007059,485,266,219,55,44,11,51,39,12,56,50,6,93,39,54,31,26,5,56,32,24,125,32,93,18,4,14
S01007060,280,137,143,21,16,5,28,21,7,28,25,3,86,38,48,19,16,3,23,7,16,65,12,53,10,2,8
S01007061,554,304,250,114,91,23,42,28,14,53,45,8,77,30,47,33,25,8,90,50,40,125,28,97,20,7,13
S01007062,405,228,177,90,70,20,30,23,7,34,29,5,51,27,24,33,22,11,60,33,27,87,16,71,20,8,12
S01007063,349,183,166,33,29,4,40,33,7,49,46,3,60,20,40,21,12,9,38,19,19,101,21,80,7,3,4
S01007064,379,205,174,67,51,16,43,30,13,38,29,9,65,32,33,24,15,9,38,19,19,87,25,62,17,4,13
S01007065,319,176,143,49,39,10,32,21,11,22,22,0,45,18,27,34,21,13,49,31,18,72,18,54,16,6,10
S01007066,370,219,151,69,59,10,37,32,5,31,25,6,57,32,25,20,15,5,55,31,24,90,21,69,11,4,7
S01007067,319,188,131,49,42,7,27,23,4,21,17,4,52,26,26,30,25,5,47,26,21,75,22,53,18,7,11
S01007068,359,194,165,36,30,6,41,28,13,32,28,4,73,36,37,26,16,10,48,28,20,95,26,69,8,2,6
S01007069,411,236,175,52,38,14,51,36,15,37,34,3,80,32,48,35,25,10,47,29,18,103,42,61,6,0,6
S01007070,264,142,122,31,25,6,36,24,12,29,27,2,52,21,31,21,14,7,20,14,6,66,12,54,9,5,4
S01007071,481,261,220,57,51,6,57,44,13,35,34,1,106,50,56,30,20,10,50,29,21,131,27,104,15,6,9
S01007072,381,205,176,60,50,10,65,46,19,23,18,5,81,32,49,27,16,11,35,18,17,81,22,59,9,3,6
S01007073,500,288,212,67,56,11,51,39,12,42,37,5,117,57,60,31,24,7,52,32,20,127,40,87,13,3,10
S01007074,362,185,177,38,36,2,52,36,16,29,28,1,86,36,50,22,17,5,33,15,18,94,14,80,8,3,5
S01007075,377,192,185,32,26,6,73,45,28,27,24,3,99,28,71,27,24,3,37,22,15,70,19,51,12,4,8
S01007076,414,224,190,38,35,3,56,41,15,33,31,2,96,34,62,37,32,5,51,27,24,86,20,66,17,4,13
S01007077,357,183,174,37,31,6,46,34,12,38,34,4,71,23,48,20,16,4,46,29,17,83,14,69,16,2,14
S01007078,394,205,189,39,35,4,54,36,18,27,25,2,98,42,56,33,26,7,45,21,24,88,18,70,10,2,8
S01007079,449,257,192,43,37,6,80,54,26,35,32,3,97,51,46,37,29,8,38,25,13,100,25,75,19,4,15
S01007080,349,182,167,23,21,2,70,46,24,28,25,3,80,29,51,27,24,3,33,23,10,83,13,70,5,1,4
S01007081,464,255,209,55,41,14,108,69,39,36,33,3,117,48,69,31,25,6,29,18,11,77,17,60,11,4,7
S01007082,275,137,138,23,19,4,82,47,35,16,15,1,59,25,34,20,16,4,15,9,6,53,4,49,7,2,5
S01007083,393,225,168,37,28,9,71,42,29,26,22,4,136,66,70,31,25,6,33,19,14,50,17,33,9,6,3
S01007084,290,152,138,38,33,5,54,40,14,18,14,4,57,21,36,18,15,3,29,12,17,67,13,54,9,4,5
S01007085,444,248,196,49,43,6,101,60,41,30,25,5,92,45,47,25,18,7,45,32,13,79,20,59,23,5,18
S01007086,570,308,262,44,37,7,147,84,63,30,29,1,148,65,83,35,26,9,55,31,24,85,26,59,26,10,16
S01007087,447,245,202,29,24,5,116,64,52,33,30,3,109,45,64,31,24,7,38,30,8,71,14,57,20,14,6
S01007088,228,121,107,25,23,2,52,26,26,21,17,4,47,17,30,21,17,4,19,11,8,38,8,30,5,2,3
S01007089,274,156,118,45,42,3,35,25,10,20,17,3,60,23,37,14,11,3,31,22,9,62,12,50,7,4,3
S01007090,332,189,143,36,34,2,50,35,15,23,21,2,70,31,39,27,19,8,48,31,17,68,16,52,10,2,8
S01007091,416,211,205,66,60,6,53,36,17,21,19,2,115,43,72,27,21,6,31,16,15,86,13,73,17,3,14
S01007092,289,138,151,32,28,4,55,35,20,21,21,0,73,20,53,20,17,3,18,8,10,60,7,53,10,2,8
S01007093,537,293,244,75,67,8,70,52,18,35,31,4,95,39,56,32,25,7,69,48,21,147,28,119,14,3,11
S01007094,484,267,217,68,64,4,62,43,19,35,33,2,100,36,64,34,28,6,57,31,26,111,27,84,17,5,12
S01007095,291,164,127,45,35,10,44,33,11,21,19,2,51,23,28,20,16,4,33,19,14,69,18,51,8,1,7
S01007096,464,258,206,79,66,13,61,51,10,38,31,7,71,27,44,32,24,8,62,38,24,101,15,86,20,6,14
S01007097,281,157,124,46,43,3,39,28,11,19,16,3,58,25,33,13,7,6,41,25,16,57,11,46,8,2,6
S01007098,447,246,201,89,74,15,52,33,19,39,34,5,77,38,39,26,16,10,57,29,28,94,18,76,13,4,9
S01007099,487,276,211,76,69,7,51,37,14,47,44,3,105,44,61,24,22,2,54,30,24,104,21,83,26,9,17
S01007100,389,223,166,65,60,5,41,31,10,35,32,3,67,28,39,21,18,3,43,25,18,99,20,79,18,9,9
S01007101,393,211,182,42,38,4,46,34,12,48,45,3,88,32,56,22,18,4,34,19,15,102,23,79,11,2,9
S01007102,367,202,165,64,53,11,40,30,10,43,37,6,69,22,47,28,22,6,32,18,14,83,18,65,8,2,6
S01007103,418,233,185,78,74,4,55,40,15,39,33,6,58,21,37,17,16,1,38,21,17,113,24,89,20,4,16
S01007104,240,134,106,43,38,5,33,22,11,19,17,2,52,18,34,7,6,1,32,18,14,45,10,35,9,5,4
S01007105,246,134,112,44,39,5,24,17,7,14,14,0,50,18,32,14,13,1,26,14,12,64,16,48,10,3,7
S01007106,333,186,147,36,32,4,44,36,8,32,27,5,61,24,37,33,28,5,43,25,18,74,10,64,10,4,6
S01007107,358,204,154,73,63,10,44,35,9,34,30,4,73,31,42,17,12,5,38,21,17,70,9,61,9,3,6
S01007108,301,168,133,78,64,14,40,27,13,26,21,5,41,12,29,20,15,5,25,14,11,64,12,52,7,3,4
S01007109,376,208,168,28,27,1,95,57,38,34,31,3,69,24,45,37,32,5,29,14,15,70,19,51,14,4,10
S01007110,369,196,173,45,41,4,60,41,19,43,40,3,73,17,56,34,28,6,29,13,16,69,11,58,16,5,11
S01007111,254,143,111,27,27,0,45,34,11,16,15,1,64,26,38,17,15,2,31,11,20,48,15,33,6,0,6
S01007112,284,163,121,39,35,4,51,38,13,21,17,4,58,25,33,20,16,4,29,17,12,57,13,44,9,2,7
S01007113,257,149,108,37,34,3,50,31,19,19,16,3,50,20,30,12,9,3,26,13,13,51,21,30,12,5,7
S01007114,454,249,205,58,58,0,86,61,25,28,26,2,94,33,61,32,27,5,48,27,21,92,9,83,16,8,8
S01007115,316,178,138,47,45,2,63,50,13,20,17,3,69,24,45,17,17,0,30,13,17,62,9,53,8,3,5
S01007116,533,299,234,110,101,9,69,47,22,23,20,3,107,45,62,23,18,5,69,42,27,117,18,99,15,8,7
S01007117,246,137,109,52,49,3,37,27,10,7,5,2,42,17,25,17,11,6,23,14,9,65,13,52,3,1,2
S01007118,334,167,167,19,16,3,88,61,27,19,19,0,82,23,59,11,10,1,26,16,10,78,17,61,11,5,6
S01007119,394,210,184,36,34,2,84,52,32,26,24,2,109,40,69,25,24,1,36,19,17,68,14,54,10,3,7
S01007120,539,290,249,50,43,7,182,117,65,29,28,1,93,38,55,31,27,4,45,18,27,88,15,73,21,4,17
S01007121,210,121,89,22,21,1,67,39,28,14,12,2,47,23,24,12,12,0,16,7,9,24,5,19,8,2,6
S01007122,299,159,140,37,35,2,66,40,26,17,16,1,47,21,26,16,14,2,22,15,7,80,16,64,14,2,12
S01007123,310,177,133,34,33,1,69,40,29,26,26,0,64,22,42,20,18,2,27,17,10,64,19,45,6,2,4
S01007124,473,261,212,49,46,3,105,77,28,42,34,8,92,37,55,35,26,9,36,16,20,95,19,76,19,6,13
S01007125,382,211,171,35,33,2,115,73,42,23,21,2,83,26,57,18,16,2,42,23,19,57,18,39,9,1,8
S01007126,407,207,200,28,25,3,181,91,90,24,23,1,74,28,46,21,18,3,24,13,11,42,6,36,13,3,10
S01007127,541,299,242,35,28,7,244,125,119,30,29,1,87,45,42,26,23,3,25,18,7,71,23,48,23,8,15
S01007128,355,187,168,43,37,6,83,51,32,20,19,1,81,28,53,20,19,1,28,14,14,66,13,53,14,6,8
S01007129,503,258,245,14,11,3,45,35,10,32,29,3,81,45,36,25,21,4,60,37,23,235,77,158,11,3,8
S01007130,312,156,156,12,10,2,24,16,8,22,21,1,57,27,30,16,14,2,29,17,12,138,46,92,14,5,9
S01007131,401,199,202,14,13,1,20,17,3,42,40,2,72,36,36,18,14,4,42,15,27,178,57,121,15,7,8
S01007132,362,178,184,9,7,2,33,28,5,28,24,4,71,36,35,27,19,8,32,18,14,152,42,110,10,4,6
S01007133,371,188,183,41,34,7,26,23,3,30,23,7,64,23,41,17,14,3,56,27,29,117,35,82,20,9,11
S01007134,391,202,189,30,26,4,29,27,2,40,34,6,62,29,33,25,17,8,49,31,18,146,34,112,10,4,6
S01007135,281,148,133,19,16,3,16,9,7,20,17,3,39,21,18,19,17,2,32,17,15,113,41,72,23,10,13
S01007136,280,142,138,28,22,6,15,9,6,21,16,5,44,22,22,13,8,5,39,19,20,105,42,63,15,4,11
S01007137,418,228,190,15,13,2,37,32,5,40,38,2,58,36,22,19,13,6,50,23,27,177,61,116,22,12,10
S01007138,320,165,155,14,12,2,27,22,5,31,28,3,56,33,23,21,15,6,37,19,18,121,31,90,13,5,8
S01007139,384,198,186,32,29,3,28,23,5,48,44,4,73,31,42,20,16,4,45,24,21,129,28,101,9,3,6
S01007140,496,265,231,52,40,12,40,32,8,35,27,8,67,33,34,44,36,8,62,35,27,172,52,120,24,10,14
S01007141,357,193,164,37,33,4,27,22,5,41,35,6,59,31,28,24,19,5,33,15,18,121,30,91,15,8,7
S01007142,305,156,149,12,11,1,24,22,2,18,16,2,46,29,17,26,16,10,33,18,15,133,40,93,13,4,9
S01007143,368,188,180,21,18,3,31,22,9,31,30,1,55,32,23,23,17,6,47,27,20,139,35,104,21,7,14
S01007144,372,196,176,52,41,11,22,11,11,29,26,3,74,38,36,19,14,5,42,24,18,117,34,83,17,8,9
S01007145,392,200,192,5,5,0,18,16,2,26,24,2,87,52,35,29,22,7,51,30,21,157,42,115,19,9,10
S01007146,329,169,160,9,4,5,20,16,4,25,23,2,64,34,30,21,20,1,36,24,12,131,36,95,23,12,11
S01007147,348,175,173,10,9,1,27,23,4,20,19,1,69,30,39,19,16,3,39,21,18,145,45,100,19,12,7
S01007148,272,135,137,11,10,1,22,19,3,11,11,0,64,31,33,17,14,3,36,20,16,95,24,71,16,6,10
S01007149,257,131,126,4,2,2,21,18,3,11,10,1,46,25,21,17,13,4,26,15,11,118,43,75,14,5,9
S01007150,280,158,122,7,6,1,10,9,1,15,13,2,64,39,25,24,22,2,32,19,13,111,40,71,17,10,7
S01007151,442,226,216,13,9,4,28,23,5,27,26,1,77,36,41,32,23,9,54,38,16,193,65,128,18,6,12
S01007152,266,132,134,8,8,0,21,18,3,13,12,1,45,23,22,15,8,7,34,18,16,119,38,81,11,7,4
S01007153,293,148,145,9,8,1,28,25,3,30,27,3,54,26,28,11,10,1,31,19,12,123,30,93,7,3,4
S01007154,328,160,168,6,5,1,19,18,1,21,19,2,69,35,34,25,19,6,33,16,17,139,42,97,16,6,10
S01007155,289,151,138,9,7,2,23,16,7,20,18,2,45,24,21,13,13,0,27,17,10,135,47,88,17,9,8
S01007156,358,192,166,14,14,0,40,36,4,40,39,1,60,31,29,21,15,6,42,19,23,122,30,92,19,8,11
S01007157,338,168,170,12,11,1,38,36,2,33,28,5,62,22,40,14,13,1,33,18,15,131,33,98,15,7,8
S01007158,503,268,235,25,23,2,35,29,6,44,40,4,116,64,52,38,31,7,45,25,20,177,45,132,23,11,12
S01007159,396,197,199,9,8,1,32,21,11,39,38,1,97,40,57,32,24,8,36,20,16,124,35,89,27,11,16
S01007160,356,174,182,10,8,2,29,26,3,31,27,4,81,38,43,18,17,1,32,12,20,141,40,101,14,6,8
S01007161,322,156,166,12,11,1,35,31,4,26,24,2,54,28,26,12,5,7,39,18,21,116,29,87,28,10,18
S01007162,237,115,122,12,10,2,21,18,3,15,13,2,48,21,27,12,10,2,15,8,7,95,30,65,19,5,14
S01007163,388,181,207,13,12,1,26,21,5,35,30,5,67,28,39,26,16,10,41,19,22,158,48,110,22,7,15
S01007164,260,119,141,7,6,1,15,13,2,29,26,3,49,17,32,12,6,6,26,14,12,108,31,77,14,6,8
S01007165,384,204,180,14,14,0,28,23,5,34,33,1,80,44,36,23,19,4,42,17,25,137,40,97,26,14,12
S01007166,303,161,142,10,8,2,28,23,5,20,18,2,50,25,25,12,11,1,31,15,16,133,47,86,19,14,5
S01007167,399,200,199,10,9,1,38,32,6,35,30,5,87,42,45,15,12,3,41,21,20,149,41,108,24,13,11
S01007168,500,260,240,16,13,3,49,37,12,35,30,5,103,55,48,28,24,4,46,24,22,198,67,131,25,10,15
S01007169,367,186,181,11,10,1,36,33,3,29,25,4,77,39,38,25,15,10,38,20,18,134,37,97,17,7,10
S01007170,352,188,164,67,55,12,28,22,6,26,23,3,59,28,31,18,16,2,29,12,17,105,24,81,20,8,12
S01007171,504,309,195,110,82,28,60,44,16,45,39,6,80,33,47,16,15,1,39,18,21,138,70,68,16,8,8
S01007172,362,202,160,52,41,11,29,22,7,27,25,2,71,34,37,15,11,4,52,32,20,100,25,75,16,12,4
S01007173,488,251,237,35,32,3,55,37,18,55,52,3,85,27,58,23,16,7,42,23,19,177,57,120,16,7,9
S01007174,423,224,199,32,29,3,40,30,10,48,42,6,85,40,45,23,17,6,50,23,27,132,38,94,13,5,8
S01007175,268,141,127,18,15,3,35,26,9,18,17,1,42,15,27,16,15,1,35,13,22,96,39,57,8,1,7
S01007176,319,176,143,19,18,1,28,18,10,11,10,1,71,31,40,18,14,4,21,12,9,142,69,73,9,4,5
S01007177,252,127,125,10,9,1,33,25,8,18,15,3,71,28,43,16,12,4,21,14,7,72,20,52,11,4,7
S01007178,453,226,227,29,26,3,59,36,23,43,39,4,106,46,60,30,18,12,36,18,18,120,30,90,30,13,17
S01007179,488,250,238,37,28,9,62,54,8,35,27,8,88,39,49,23,22,1,36,20,16,190,53,137,17,7,10
S01007180,309,155,154,24,21,3,41,31,10,26,25,1,49,16,33,13,12,1,35,17,18,110,30,80,11,3,8
S01007181,349,184,165,26,22,4,34,27,7,30,25,5,64,31,33,12,9,3,37,19,18,125,38,87,21,13,8
S01007182,501,250,251,35,28,7,72,48,24,42,36,6,87,29,58,34,24,10,47,26,21,161,51,110,23,8,15
S01007183,488,252,236,35,32,3,65,51,14,48,46,2,73,30,43,14,12,2,66,33,33,156,37,119,31,11,20
S01007184,485,236,249,20,16,4,75,53,22,44,34,10,106,43,63,25,15,10,49,22,27,143,46,97,23,7,16
S01007185,337,169,168,25,20,5,36,22,14,25,23,2,69,33,36,12,8,4,33,18,15,110,35,75,27,10,17
S01007186,256,128,128,17,15,2,32,22,10,25,20,5,71,32,39,12,8,4,26,12,14,57,11,46,16,8,8
S01007187,367,193,174,24,20,4,49,28,21,35,35,0,95,42,53,16,14,2,27,10,17,87,31,56,34,13,21
S01007188,321,171,150,24,22,2,42,26,16,43,40,3,71,31,40,11,10,1,31,19,12,89,21,68,10,2,8
S01007189,300,155,145,22,20,2,33,22,11,20,20,0,74,35,39,18,15,3,28,14,14,87,23,64,18,6,12
S01007190,346,184,162,25,24,1,43,26,17,34,34,0,70,36,34,17,13,4,21,9,12,119,32,87,17,10,7
S01007191,301,154,147,25,20,5,42,30,12,25,23,2,84,38,46,13,11,2,26,11,15,80,17,63,6,4,2
S01007192,269,133,136,17,15,2,25,19,6,30,28,2,72,30,42,18,11,7,30,10,20,60,12,48,17,8,9
S01007193,337,179,158,24,21,3,35,29,6,45,44,1,71,26,45,17,13,4,34,19,15,96,23,73,15,4,11
S01007194,223,107,116,20,14,6,23,15,8,21,20,1,57,23,34,15,12,3,17,6,11,58,13,45,12,4,8
S01007195,220,108,112,14,13,1,26,19,7,23,23,0,55,21,34,11,8,3,23,12,11,56,10,46,12,2,10
S01007196,315,163,152,19,18,1,38,29,9,36,34,2,78,32,46,16,13,3,19,7,12,98,26,72,11,4,7
S01007197,241,119,122,8,7,1,29,21,8,25,25,0,70,36,34,15,11,4,20,6,14,66,13,53,8,0,8
S01007198,211,105,106,12,9,3,20,16,4,17,17,0,55,18,37,7,7,0,33,20,13,60,18,42,7,0,7
S01007199,297,142,155,14,12,2,38,26,12,24,22,2,81,28,53,17,12,5,44,24,20,66,14,52,13,4,9
S01007200,440,224,216,22,21,1,58,41,17,52,48,4,100,38,62,22,18,4,46,27,19,121,25,96,19,6,13
S01007201,321,176,145,24,21,3,38,24,14,32,30,2,60,25,35,29,22,7,28,15,13,96,34,62,14,5,9
S01007202,333,181,152,13,12,1,52,40,12,33,32,1,70,25,45,25,20,5,26,12,14,99,30,69,15,10,5
S01007203,318,159,159,22,19,3,38,30,8,30,27,3,73,30,43,16,11,5,29,12,17,97,25,72,13,5,8
S01007204,511,265,246,72,62,10,39,29,10,53,45,8,92,37,55,29,23,6,61,28,33,141,32,109,24,9,15
S01007205,332,176,156,52,42,10,30,26,4,23,21,2,55,20,35,29,21,8,36,20,16,91,19,72,16,7,9
S01007206,179,98,81,17,16,1,17,12,5,17,16,1,37,14,23,16,14,2,20,12,8,46,10,36,9,4,5
S01007207,451,238,213,30,25,5,58,44,14,40,32,8,109,49,60,27,19,8,47,28,19,125,34,91,15,7,8
S01007208,438,236,202,24,20,4,58,43,15,37,37,0,104,44,60,28,24,4,62,35,27,115,32,83,10,1,9
S01007209,359,198,161,32,27,5,33,27,6,27,25,2,94,44,50,21,16,5,38,18,20,96,39,57,18,2,16
S01007210,372,198,174,22,20,2,55,38,17,38,33,5,96,42,54,26,17,9,30,18,12,81,22,59,24,8,16
S01007211,411,218,193,21,19,2,53,40,13,40,36,4,105,52,53,22,18,4,30,15,15,121,30,91,19,8,11
S01007212,275,150,125,29,24,5,32,29,3,22,20,2,62,23,39,17,14,3,28,18,10,70,17,53,15,5,10
S01007213,393,208,185,36,31,5,45,38,7,26,24,2,87,35,52,22,17,5,41,26,15,115,31,84,21,6,15
S01007214,321,159,162,26,23,3,34,24,10,30,28,2,85,29,56,18,12,6,35,20,15,79,18,61,14,5,9
S01007215,371,192,179,29,25,4,50,40,10,33,28,5,82,44,38,23,19,4,39,13,26,95,17,78,20,6,14
S01007216,349,187,162,30,28,2,42,34,8,27,27,0,70,31,39,18,16,2,37,16,21,112,31,81,13,4,9
S01007217,437,221,216,30,25,5,54,41,13,32,31,1,118,39,79,30,29,1,46,23,23,106,27,79,21,6,15
S01007218,429,244,185,34,31,3,55,43,12,46,45,1,74,37,37,21,20,1,49,29,20,131,29,102,19,10,9
S01007219,379,196,183,20,16,4,45,39,6,38,36,2,96,51,45,16,12,4,39,21,18,111,18,93,14,3,11
S01007220,337,179,158,15,15,0,34,30,4,31,29,2,99,40,59,24,21,3,36,18,18,87,22,65,11,4,7
S01007221,303,165,138,33,30,3,35,31,4,26,24,2,39,17,22,17,15,2,41,21,20,97,25,72,15,2,13
S01007222,389,213,176,36,30,6,55,43,12,20,20,0,94,44,50,34,27,7,40,18,22,89,24,65,21,7,14
S01007223,267,152,115,24,21,3,37,32,5,12,12,0,51,27,24,9,7,2,37,21,16,85,27,58,12,5,7
S01007224,274,143,131,34,27,7,31,23,8,27,26,1,42,20,22,13,9,4,29,16,13,82,20,62,16,2,14
S01007225,473,258,215,75,66,9,60,47,13,31,25,6,73,27,46,26,19,7,59,36,23,127,30,97,22,8,14
S01007226,424,237,187,73,53,20,34,29,5,39,34,5,63,37,26,23,17,6,45,23,22,128,33,95,19,11,8
S01007227,452,231,221,36,26,10,44,28,16,47,44,3,84,33,51,25,23,2,47,28,19,152,44,108,17,5,12
S01007228,324,182,142,59,47,12,28,19,9,36,31,5,61,31,30,11,9,2,27,12,15,93,27,66,9,6,3
S01007229,601,342,259,108,91,17,66,50,16,42,36,6,102,52,50,22,16,6,83,43,40,150,45,105,28,9,19
S01007230,314,166,148,37,24,13,51,39,12,41,38,3,61,24,37,11,10,1,27,13,14,80,16,64,6,2,4
S01007231,272,149,123,30,26,4,48,29,19,34,28,6,67,30,37,7,7,0,23,16,7,51,10,41,12,3,9
S01007232,300,152,148,12,8,4,36,24,12,31,28,3,65,27,38,24,18,6,36,19,17,80,18,62,16,10,6
S01007233,387,208,179,33,25,8,60,42,18,43,43,0,81,38,43,16,12,4,43,19,24,89,17,72,22,12,10
S01007234,270,136,134,24,22,2,34,23,11,28,26,2,55,23,32,17,15,2,17,7,10,80,14,66,15,6,9
S01007235,360,193,167,20,15,5,56,40,16,34,32,2,91,38,53,23,20,3,36,16,20,82,27,55,18,5,13
S01007236,312,163,149,28,25,3,35,23,12,20,17,3,61,32,29,21,17,4,29,17,12,99,26,73,19,6,13
S01007237,358,189,169,32,26,6,38,28,10,36,35,1,70,31,39,20,18,2,39,19,20,101,26,75,22,6,16
S01007238,459,236,223,34,30,4,56,46,10,38,33,5,103,52,51,31,23,8,42,22,20,144,28,116,11,2,9
S01007239,358,199,159,29,26,3,42,37,5,35,32,3,60,33,27,18,16,2,47,29,18,117,26,91,10,0,10
S01007240,291,163,128,53,41,12,24,21,3,23,20,3,50,30,20,21,15,6,27,13,14,74,17,57,19,6,13
S01007241,343,188,155,51,41,10,22,15,7,27,26,1,61,33,28,12,10,2,40,25,15,114,33,81,16,5,11
S01007242,466,233,233,31,21,10,45,35,10,48,44,4,93,49,44,23,15,8,39,19,20,166,43,123,21,7,14
S01007243,290,159,131,22,20,2,28,22,6,26,24,2,56,29,27,13,13,0,17,9,8,118,37,81,10,5,5
S01007244,352,189,163,45,33,12,43,27,16,39,34,5,55,29,26,19,15,4,25,15,10,108,30,78,18,6,12
S01007245,349,191,158,30,25,5,35,29,6,42,37,5,62,25,37,23,18,5,35,19,16,108,28,80,14,10,4
S01007246,304,172,132,37,32,5,28,21,7,42,41,1,53,27,26,16,12,4,25,15,10,95,22,73,8,2,6
S01007247,337,169,168,35,24,11,36,28,8,22,18,4,46,16,30,16,15,1,40,28,12,118,31,87,24,9,15
S01007248,354,192,162,12,11,1,27,22,5,36,30,6,73,43,30,17,11,6,46,28,18,115,37,78,28,10,18
S01007249,177,92,85,6,4,2,30,28,2,10,9,1,34,19,15,9,9,0,18,7,11,65,14,51,5,2,3
S01007250,456,235,221,23,19,4,51,33,18,50,45,5,104,41,63,29,21,8,47,29,18,127,36,91,25,11,14
S01007251,232,113,119,10,10,0,23,17,6,29,27,2,51,19,32,11,9,2,30,10,20,66,15,51,12,6,6
S01007252,399,223,176,27,23,4,59,44,15,49,46,3,88,44,44,19,12,7,34,18,16,111,32,79,12,4,8
S01007253,380,197,183,13,10,3,48,39,9,26,24,2,72,35,37,27,26,1,34,19,15,142,36,106,18,8,10
S01007254,343,172,171,24,20,4,47,35,12,28,25,3,83,38,45,8,8,0,31,13,18,109,28,81,13,5,8
S01007255,338,175,163,23,18,5,56,46,10,35,33,2,73,32,41,15,12,3,25,7,18,103,25,78,8,2,6
S01007256,391,203,188,20,15,5,67,44,23,39,37,2,102,46,56,24,18,6,33,14,19,92,23,69,14,6,8
S01007257,281,155,126,18,16,2,52,36,16,27,25,2,79,40,39,17,11,6,23,10,13,55,14,41,10,3,7
S01007258,381,200,181,24,20,4,53,37,16,36,33,3,81,42,39,15,12,3,39,17,22,118,35,83,15,4,11
S01007259,379,194,185,22,18,4,56,39,17,40,39,1,84,39,45,19,15,4,40,19,21,92,14,78,26,11,15
S01007260,409,208,201,27,23,4,63,50,13,50,45,5,89,39,50,15,13,2,31,12,19,119,21,98,15,5,10
S01007261,374,199,175,19,17,2,49,34,15,43,42,1,75,32,43,18,14,4,32,16,16,113,34,79,25,10,15
S01007262,343,171,172,8,8,0,65,52,13,39,37,2,74,30,44,17,12,5,17,4,13,109,25,84,14,3,11
S01007263,369,193,176,15,15,0,56,40,16,39,35,4,86,45,41,17,14,3,25,12,13,110,24,86,21,8,13
S01007264,350,194,156,15,14,1,57,40,17,37,35,2,72,35,37,22,16,6,36,23,13,100,27,73,11,4,7
S01007265,519,266,253,28,25,3,74,51,23,69,64,5,107,45,62,24,19,5,51,18,33,135,32,103,31,12,19
S01007266,367,196,171,21,16,5,30,26,4,45,41,4,71,36,35,28,22,6,28,15,13,123,33,90,21,7,14
S01007267,290,170,120,51,44,7,20,15,5,23,21,2,48,24,24,22,19,3,37,21,16,74,20,54,15,6,9
S01007268,312,170,142,46,35,11,30,21,9,28,27,1,46,24,22,11,7,4,41,23,18,88,23,65,22,10,12
S01007269,241,126,115,20,17,3,31,25,6,16,16,0,47,23,24,7,6,1,23,12,11,83,23,60,14,4,10
S01007270,264,141,123,50,39,11,13,12,1,27,25,2,40,19,21,11,7,4,35,15,20,79,22,57,9,2,7
S01007271,487,263,224,23,19,4,52,35,17,68,63,5,98,51,47,27,23,4,54,30,24,151,38,113,14,4,10
S01007272,360,183,177,25,22,3,55,39,16,45,40,5,64,27,37,17,14,3,33,11,22,99,22,77,22,8,14
S01007273,319,169,150,14,11,3,42,31,11,38,35,3,60,30,30,10,7,3,31,20,11,108,27,81,16,8,8
S01007274,390,207,183,18,13,5,37,25,12,38,35,3,80,44,36,28,20,8,36,20,16,118,32,86,35,18,17
S01007275,248,129,119,12,11,1,25,18,7,14,13,1,44,21,23,12,9,3,33,21,12,93,30,63,15,6,9
S01007276,387,206,181,10,10,0,56,39,17,40,40,0,77,40,37,26,20,6,36,15,21,121,35,86,21,7,14
S01007277,358,179,179,16,11,5,31,27,4,32,29,3,62,36,26,17,12,5,27,14,13,159,47,112,14,3,11
S01007278,262,136,126,18,16,2,22,12,10,38,37,1,40,20,20,14,10,4,30,16,14,87,19,68,13,6,7
S01007279,304,165,139,79,57,22,10,7,3,24,22,2,39,11,28,9,8,1,39,17,22,81,29,52,23,14,9
S01007280,281,161,120,51,37,14,12,11,1,29,26,3,43,22,21,11,9,2,42,29,13,73,15,58,20,12,8
S01007281,501,280,221,80,65,15,37,30,7,27,25,2,83,42,41,28,20,8,81,42,39,145,48,97,20,8,12
S01007282,295,164,131,70,56,14,25,19,6,23,22,1,37,12,25,13,8,5,45,29,16,66,11,55,16,7,9
S01007283,389,208,181,45,37,8,38,20,18,30,25,5,85,37,48,23,20,3,52,34,18,98,27,71,18,8,10
S01007284,406,199,207,63,52,11,10,1,9,35,33,2,74,24,50,53,34,19,34,15,19,124,34,90,13,6,7
S01007285,432,227,205,74,60,14,21,12,9,51,45,6,111,49,62,33,20,13,37,16,21,83,19,64,22,6,16
S01007286,490,257,233,44,41,3,28,19,9,56,51,5,135,53,82,50,39,11,46,20,26,115,25,90,16,9,7
S01007287,343,165,178,50,38,12,12,11,1,19,17,2,111,46,65,38,27,11,21,6,15,61,14,47,31,6,25
S01007288,302,160,142,46,39,7,7,5,2,29,26,3,86,36,50,28,20,8,40,19,21,53,11,42,13,4,9
S01007289,447,221,226,35,28,7,8,4,4,34,33,1,89,41,48,54,45,9,50,24,26,155,35,120,22,11,11
S01007290,359,176,183,13,13,0,11,6,5,33,33,0,105,51,54,30,23,7,41,21,20,114,27,87,12,2,10
S01007291,313,153,160,18,17,1,15,10,5,19,18,1,99,44,55,33,27,6,27,10,17,91,25,66,11,2,9
S01007292,423,224,199,28,27,1,24,16,8,54,51,3,98,44,54,38,32,6,45,16,29,123,36,87,13,2,11
S01007293,406,197,209,21,18,3,8,4,4,50,46,4,171,76,95,26,21,5,26,9,17,98,20,78,6,3,3
S01007294,477,243,234,29,28,1,18,13,5,62,56,6,121,48,73,55,44,11,44,16,28,127,25,102,21,13,8
S01007295,227,123,104,14,14,0,9,3,6,29,29,0,77,40,37,18,15,3,15,7,8,52,10,42,13,5,8
S01007296,319,178,141,22,19,3,10,5,5,36,30,6,113,48,65,37,34,3,35,17,18,50,17,33,16,8,8
S01007297,542,294,248,28,26,2,25,15,10,38,35,3,194,98,96,37,29,8,57,35,22,144,43,101,19,13,6
S01007298,279,143,136,19,17,2,6,6,0,25,24,1,93,44,49,23,19,4,31,16,15,74,14,60,8,3,5
S01007299,483,255,228,35,30,5,15,13,2,48,46,2,190,80,110,36,30,6,40,18,22,105,31,74,14,7,7
S01007300,250,138,112,24,24,0,3,1,2,26,26,0,96,48,48,17,13,4,24,7,17,49,17,32,11,2,9
S01007301,386,198,188,45,34,11,9,6,3,31,29,2,94,43,51,21,13,8,64,36,28,96,24,72,26,13,13
S01007302,318,163,155,20,18,2,4,3,1,35,32,3,94,34,60,29,28,1,39,17,22,81,23,58,16,8,8
S01007303,457,244,213,54,45,9,19,13,6,27,26,1,133,64,69,29,21,8,61,30,31,112,34,78,22,11,11
S01007304,326,172,154,56,47,9,10,7,3,35,30,5,84,31,53,24,18,6,35,12,23,65,18,47,17,9,8
S01007305,393,206,187,37,29,8,12,8,4,32,30,2,77,36,41,37,27,10,65,36,29,118,32,86,15,8,7
S01007306,367,185,182,38,34,4,9,2,7,38,34,4,67,25,42,27,19,8,49,25,24,121,35,86,18,11,7
S01007307,424,229,195,52,40,12,12,6,6,30,28,2,99,50,49,29,25,4,69,40,29,111,32,79,22,8,14
S01007308,412,218,194,41,29,12,10,6,4,44,40,4,140,60,80,26,18,8,42,24,18,86,30,56,23,11,12
S01007309,344,191,153,40,33,7,26,15,11,31,29,2,94,44,50,21,13,8,36,17,19,78,31,47,18,9,9
S01007310,349,188,161,40,35,5,21,16,5,34,33,1,68,27,41,30,22,8,36,19,17,110,30,80,10,6,4
S01007311,447,239,208,29,24,5,16,13,3,49,46,3,179,84,95,20,16,4,54,26,28,82,22,60,18,8,10
S01007312,344,176,168,30,28,2,16,11,5,40,36,4,72,32,40,22,16,6,38,21,17,116,28,88,10,4,6
S01007313,509,274,235,65,52,13,27,20,7,43,41,2,91,38,53,28,23,5,59,36,23,162,47,115,34,17,17
S01007314,371,194,177,38,30,8,19,12,7,39,39,0,46,23,23,16,13,3,35,21,14,163,49,114,15,7,8
S01007315,503,266,237,38,35,3,22,17,5,57,52,5,67,22,45,23,22,1,47,23,24,231,83,148,18,12,6
S01007316,392,191,201,41,40,1,6,6,0,35,31,4,66,25,41,18,15,3,25,13,12,182,52,130,19,9,10
S01007317,354,179,175,29,27,2,8,7,1,49,46,3,55,22,33,14,11,3,20,10,10,168,53,115,11,3,8
S01007318,295,143,152,23,20,3,13,10,3,46,43,3,38,16,22,19,15,4,24,9,15,122,24,98,10,6,4
S01007319,373,205,168,26,21,5,13,12,1,40,37,3,79,41,38,23,20,3,29,14,15,151,52,99,12,8,4
S01007320,373,198,175,69,55,14,22,15,7,22,21,1,65,26,39,18,12,6,49,28,21,104,31,73,24,10,14
S01007321,310,166,144,52,43,9,17,11,6,27,26,1,64,27,37,23,16,7,30,17,13,87,21,66,10,5,5
S01007322,363,203,160,45,44,1,14,9,5,39,37,2,88,53,35,43,27,16,25,10,15,101,19,82,8,4,4
S01007323,255,134,121,42,40,2,3,2,1,20,19,1,62,18,44,35,30,5,18,5,13,65,18,47,10,2,8
S01007324,168,81,87,18,13,5,17,12,5,8,8,0,34,12,22,13,9,4,18,11,7,51,11,40,9,5,4
S01007325,389,200,189,69,54,15,44,28,16,22,20,2,80,37,43,25,17,8,33,11,22,92,23,69,24,10,14
S01007326,385,209,176,74,65,9,49,34,15,42,38,4,65,20,45,32,22,10,24,12,12,88,12,76,11,6,5
S01007327,367,191,176,29,28,1,41,30,11,54,50,4,81,30,51,19,13,6,31,8,23,97,24,73,15,8,7
S01007328,417,216,201,40,38,2,79,63,16,36,34,2,85,29,56,44,25,19,28,11,17,92,13,79,13,3,10
S01007329,340,176,164,84,69,15,16,11,5,28,27,1,73,21,52,16,12,4,25,9,16,79,19,60,19,8,11
S01007330,339,176,163,56,52,4,13,7,6,15,14,1,78,38,40,26,21,5,22,9,13,106,26,80,23,9,14
S01007331,511,277,234,93,76,17,40,28,12,61,58,3,86,36,50,30,24,6,27,12,15,144,35,109,30,8,22
S01007332,239,131,108,68,50,18,13,10,3,12,12,0,37,17,20,18,13,5,11,3,8,69,18,51,11,8,3
S01007333,363,186,177,19,16,3,29,28,1,37,33,4,79,30,49,27,23,4,28,16,12,128,32,96,16,8,8
S01007334,275,143,132,14,13,1,30,22,8,27,26,1,72,35,37,20,13,7,21,5,16,79,24,55,12,5,7
S01007335,340,166,174,25,23,2,34,25,9,41,38,3,69,24,45,15,14,1,30,11,19,107,22,85,19,9,10
S01007336,227,142,85,18,15,3,11,9,2,20,20,0,50,25,25,23,21,2,24,13,11,67,32,35,14,7,7
S01007337,260,125,135,22,21,1,26,17,9,24,22,2,54,23,31,24,16,8,18,7,11,78,11,67,14,8,6
S01007338,362,185,177,32,30,2,35,29,6,30,28,2,80,30,50,34,28,6,25,6,19,104,24,80,22,10,12
S01007339,278,140,138,9,8,1,22,16,6,28,27,1,59,27,32,21,16,5,27,14,13,98,25,73,14,7,7
S01007340,183,95,88,8,8,0,13,12,1,20,20,0,36,16,20,17,13,4,26,7,19,52,14,38,11,5,6
S01007341,272,150,122,11,10,1,23,16,7,24,24,0,50,27,23,29,23,6,39,15,24,84,29,55,12,6,6
S01007342,369,191,178,11,10,1,26,19,7,25,24,1,82,36,46,28,24,4,59,33,26,123,39,84,15,6,9
S01007343,319,173,146,62,48,14,19,12,7,15,13,2,66,32,34,26,19,7,42,26,16,72,17,55,17,6,11
S01007344,184,95,89,11,10,1,10,8,2,22,20,2,27,14,13,22,15,7,20,9,11,62,16,46,10,3,7
S01007345,225,108,117,10,9,1,15,13,2,19,19,0,56,24,32,14,11,3,22,11,11,74,17,57,15,4,11
S01007346,215,113,102,6,5,1,18,13,5,20,20,0,51,24,27,20,16,4,30,12,18,59,17,42,11,6,5
S01007347,228,111,117,9,7,2,13,10,3,28,26,2,55,23,32,20,13,7,27,11,16,63,16,47,13,5,8
S01007348,244,127,117,11,11,0,9,7,2,30,29,1,53,27,26,16,11,5,37,20,17,73,14,59,15,8,7
S01007349,182,91,91,10,10,0,9,6,3,10,10,0,37,13,24,19,15,4,29,15,14,65,19,46,3,3,0
S01007350,243,130,113,6,4,2,15,10,5,18,15,3,77,42,35,24,20,4,23,14,9,58,12,46,22,13,9
S01007351,264,145,119,27,23,4,8,6,2,37,34,3,58,28,30,23,15,8,26,15,11,65,15,50,20,9,11
S01007352,243,149,94,51,41,10,5,4,1,25,23,2,42,25,17,21,16,5,37,19,18,47,13,34,15,8,7
S01007353,264,139,125,18,14,4,10,5,5,25,22,3,47,21,26,21,16,5,31,19,12,101,38,63,11,4,7
S01007354,313,166,147,16,13,3,15,11,4,28,26,2,45,19,26,33,23,10,34,16,18,130,54,76,12,4,8
S01007355,431,245,186,40,34,6,14,12,2,37,36,1,83,33,50,34,28,6,57,37,20,136,47,89,30,18,12
S01007356,289,151,138,11,11,0,15,11,4,23,21,2,53,24,29,24,21,3,38,24,14,111,34,77,14,5,9
S01007357,369,185,184,47,40,7,41,18,23,31,30,1,82,29,53,23,17,6,54,29,25,82,19,63,9,3,6
S01007358,506,286,220,22,18,4,24,18,6,29,29,0,160,72,88,44,31,13,49,25,24,158,79,79,20,14,6
S01007359,329,168,161,15,13,2,22,17,5,24,22,2,71,25,46,27,22,5,28,16,12,122,45,77,20,8,12
S01007360,220,114,106,7,6,1,8,8,0,27,24,3,54,26,28,15,9,6,25,17,8,64,16,48,20,8,12
S01007361,435,222,213,13,11,2,18,15,3,40,34,6,104,57,47,34,30,4,46,27,19,148,33,115,32,15,17
S01007362,326,167,159,19,16,3,4,3,1,29,24,5,70,30,40,28,24,4,28,15,13,134,49,85,14,6,8
S01007363,253,128,125,10,9,1,6,6,0,25,22,3,44,19,25,26,20,6,27,15,12,105,33,72,10,4,6
S01007364,343,154,189,12,11,1,8,7,1,27,26,1,100,47,53,29,21,8,33,12,21,116,24,92,18,6,12
S01007365,202,97,105,8,7,1,8,8,0,24,23,1,38,9,29,15,15,0,18,8,10,73,20,53,18,7,11
S01007366,149,78,71,3,3,0,7,6,1,13,12,1,42,20,22,13,12,1,11,8,3,54,16,38,6,1,5
S01007367,250,124,126,12,11,1,14,11,3,21,19,2,70,26,44,21,17,4,30,16,14,70,21,49,12,3,9
S01007368,200,93,107,7,6,1,6,3,3,25,23,2,53,20,33,22,17,5,25,8,17,53,14,39,9,2,7
S01007369,360,190,170,18,16,2,10,8,2,45,45,0,70,28,42,21,18,3,35,24,11,147,46,101,14,5,9
S01007370,378,191,187,13,11,2,10,7,3,40,39,1,111,51,60,32,24,8,43,23,20,111,29,82,18,7,11
S01007371,335,161,174,14,12,2,13,9,4,32,31,1,90,30,60,28,22,6,34,14,20,107,35,72,17,8,9
S01007372,365,196,169,12,11,1,7,6,1,40,35,5,93,46,47,22,20,2,42,22,20,134,47,87,15,9,6
S01007373,259,148,111,10,8,2,22,16,6,23,20,3,32,15,17,25,18,7,46,28,18,86,36,50,15,7,8
S01007374,269,140,129,3,2,1,23,13,10,18,16,2,37,18,19,21,16,5,46,22,24,105,44,61,16,9,7
S01007375,204,112,92,10,7,3,12,10,2,15,13,2,31,11,20,14,8,6,42,22,20,70,36,34,10,5,5
S01007376,360,172,188,5,5,0,26,17,9,22,20,2,76,31,45,16,13,3,68,33,35,134,48,86,13,5,8
S01007377,339,185,154,4,3,1,18,16,2,28,25,3,46,18,28,32,27,5,62,30,32,138,62,76,11,4,7
S01007378,1164,1002,162,7,6,1,10,8,2,21,17,4,30,14,16,32,21,11,40,22,18,1015,907,108,9,7,2
S01007379,208,110,98,5,5,0,9,6,3,21,18,3,35,17,18,19,14,5,39,17,22,72,29,43,8,4,4
S01007380,290,154,136,4,4,0,16,13,3,22,20,2,60,20,40,22,19,3,44,21,23,110,50,60,12,7,5
S01007381,197,106,91,0,0,0,18,12,6,8,7,1,32,17,15,9,7,2,29,21,8,93,39,54,8,3,5
S01007382,325,175,150,5,5,0,17,14,3,28,23,5,43,20,23,23,19,4,54,36,18,139,52,87,16,6,10
S01007383,346,191,155,6,6,0,21,18,3,19,13,6,63,32,31,26,22,4,67,36,31,131,55,76,13,9,4
S01007384,384,200,184,7,6,1,11,10,1,19,16,3,58,27,31,27,18,9,56,30,26,187,86,101,19,7,12
S01007385,362,188,174,6,6,0,18,13,5,30,28,2,57,26,31,25,20,5,76,44,32,125,42,83,25,9,16
S01007386,354,185,169,8,8,0,20,16,4,14,13,1,54,24,30,17,13,4,81,45,36,140,55,85,20,11,9
S01007387,365,203,162,7,6,1,19,12,7,18,15,3,68,31,37,30,25,5,68,47,21,144,59,85,11,8,3
S01007388,342,171,171,8,6,2,15,13,2,18,15,3,48,20,28,24,20,4,55,27,28,167,68,99,7,2,5
S01007389,258,155,103,1,0,1,3,3,0,12,9,3,50,19,31,14,12,2,26,11,15,141,99,42,11,2,9
S01007390,258,130,128,2,1,1,6,5,1,11,10,1,49,14,35,10,6,4,25,14,11,142,76,66,13,4,9
S01007391,282,153,129,6,5,1,15,11,4,11,8,3,46,20,26,17,15,2,51,34,17,121,53,68,15,7,8
S01007392,203,112,91,3,3,0,6,5,1,11,11,0,41,18,23,9,7,2,40,29,11,85,36,49,8,3,5
S01007393,247,129,118,7,5,2,18,15,3,16,12,4,32,13,19,21,16,5,56,36,20,88,29,59,9,3,6
S01007394,242,127,115,2,2,0,8,7,1,20,15,5,36,16,20,11,7,4,46,31,15,102,41,61,17,8,9
S01007395,388,223,165,10,9,1,17,9,8,35,33,2,75,32,43,29,24,5,63,42,21,138,63,75,21,11,10
S01007396,377,192,185,10,8,2,20,14,6,31,26,5,80,34,46,15,12,3,51,29,22,149,63,86,21,6,15
S01007397,435,242,193,10,7,3,23,17,6,32,27,5,72,35,37,41,31,10,56,37,19,178,75,103,23,13,10
S01007398,287,126,161,6,6,0,12,9,3,33,32,1,55,15,40,21,18,3,43,15,28,106,28,78,11,3,8
S01007399,249,126,123,6,4,2,2,1,1,34,31,3,52,23,29,27,22,5,31,15,16,84,23,61,13,7,6
S01007400,330,162,168,6,4,2,14,12,2,24,21,3,66,28,38,19,11,8,45,25,20,141,54,87,15,7,8
S01007401,349,181,168,1,1,0,20,16,4,19,16,3,74,34,40,30,18,12,49,27,22,136,62,74,20,7,13
S01007402,310,159,151,2,1,1,14,12,2,19,16,3,50,23,27,34,31,3,51,25,26,120,45,75,20,6,14
S01007403,408,233,175,6,5,1,16,11,5,15,12,3,61,17,44,14,9,5,38,19,19,243,158,85,15,2,13
S01007404,223,129,94,28,23,5,6,4,2,12,12,0,54,24,30,14,11,3,41,30,11,59,21,38,9,4,5
S01007405,356,186,170,29,19,10,19,17,2,14,9,5,58,30,28,24,17,7,58,35,23,134,50,84,20,9,11
S01007406,293,150,143,8,6,2,18,16,2,15,13,2,42,24,18,16,13,3,50,30,20,129,43,86,15,5,10
S01007407,340,181,159,7,7,0,27,26,1,19,18,1,62,29,33,35,25,10,45,22,23,127,43,84,18,11,7
S01007408,281,137,144,11,8,3,13,8,5,29,27,2,39,17,22,18,13,5,55,23,32,103,36,67,13,5,8
S01007409,373,198,175,8,7,1,59,56,3,35,32,3,83,39,44,26,21,5,35,11,24,102,24,78,25,8,17
S01007410,258,138,120,6,5,1,50,40,10,16,16,0,61,20,41,18,16,2,22,13,9,69,23,46,16,5,11
S01007411,346,172,174,13,8,5,32,24,8,38,37,1,78,30,48,37,27,10,52,21,31,81,21,60,15,4,11
S01007412,206,113,93,5,5,0,26,19,7,30,29,1,43,21,22,15,10,5,38,20,18,41,7,34,8,2,6
S01007413,528,264,264,19,17,2,57,48,9,53,48,5,106,49,57,34,33,1,69,18,51,169,44,125,21,7,14
S01007414,398,207,191,7,6,1,48,38,10,28,24,4,74,33,41,30,26,4,53,23,30,148,53,95,10,4,6
S01007415,367,185,182,13,12,1,49,39,10,33,32,1,90,36,54,26,21,5,49,19,30,85,18,67,22,8,14
S01007416,197,97,100,2,2,0,22,19,3,19,17,2,55,23,32,21,15,6,20,9,11,47,11,36,11,1,10
S01007417,549,284,265,16,13,3,50,42,8,32,28,4,118,55,63,47,36,11,82,38,44,188,64,124,16,8,8
S01007418,297,147,150,5,4,1,44,34,10,28,26,2,83,28,55,20,15,5,33,13,20,68,17,51,16,10,6
S01007419,360,190,170,17,15,2,21,18,3,33,32,1,97,38,59,28,26,2,41,16,25,98,33,65,25,12,13
S01007420,563,359,204,18,16,2,49,40,9,70,63,7,112,69,43,20,16,4,81,52,29,198,93,105,15,10,5
S01007421,351,185,166,10,8,2,36,29,7,29,28,1,67,32,35,25,23,2,53,29,24,117,34,83,14,2,12
S01007422,278,141,137,7,6,1,33,25,8,32,30,2,48,21,27,13,11,2,32,15,17,98,28,70,15,5,10
S01007423,409,213,196,7,7,0,39,32,7,37,30,7,67,31,36,28,23,5,43,26,17,159,51,108,29,13,16
S01007424,405,209,196,8,8,0,51,44,7,34,31,3,78,40,38,14,10,4,42,19,23,160,51,109,18,6,12
S01007425,421,219,202,13,11,2,37,32,5,33,29,4,98,45,53,30,27,3,54,24,30,137,42,95,19,9,10
S01007426,289,150,139,13,12,1,26,22,4,28,25,3,62,27,35,17,14,3,30,18,12,100,26,74,13,6,7
S01007427,265,125,140,12,12,0,28,24,4,17,17,0,73,27,46,13,10,3,30,13,17,77,19,58,15,3,12
S01007428,415,216,199,18,15,3,34,29,5,43,39,4,104,51,53,20,19,1,43,20,23,140,39,101,13,4,9
S01007429,383,194,189,6,5,1,42,30,12,38,35,3,106,52,54,19,17,2,39,17,22,114,31,83,19,7,12
S01007430,220,111,109,6,5,1,16,11,5,22,19,3,66,29,37,14,11,3,25,15,10,60,15,45,11,6,5
S01007431,300,147,153,3,2,1,40,32,8,24,21,3,61,30,31,14,13,1,37,15,22,107,27,80,14,7,7
S01007432,390,202,188,13,11,2,47,38,9,37,34,3,84,33,51,26,23,3,41,19,22,129,36,93,13,8,5
S01007433,365,194,171,26,23,3,45,35,10,45,40,5,70,29,41,28,18,10,34,17,17,103,30,73,14,2,12
S01007434,221,121,100,13,13,0,22,16,6,22,21,1,61,28,33,14,12,2,18,9,9,65,19,46,6,3,3
S01007435,341,170,171,9,8,1,41,31,10,34,29,5,83,42,41,14,7,7,40,19,21,102,31,71,18,3,15
S01007436,298,145,153,9,8,1,31,22,9,28,26,2,78,28,50,10,10,0,43,25,18,82,18,64,17,8,9
S01007437,201,113,88,13,12,1,18,13,5,14,13,1,40,16,24,10,9,1,28,16,12,68,30,38,10,4,6
S01007438,304,174,130,13,12,1,39,28,11,42,39,3,68,28,40,17,15,2,33,22,11,76,23,53,16,7,9
S01007439,325,178,147,13,12,1,34,29,5,33,30,3,85,45,40,19,16,3,38,17,21,95,29,66,8,0,8
S01007440,306,161,145,16,16,0,48,33,15,33,29,4,70,34,36,17,14,3,20,9,11,92,21,71,10,5,5
S01007441,290,142,148,13,12,1,41,35,6,18,17,1,62,25,37,15,11,4,40,17,23,90,19,71,11,6,5
S01007442,249,130,119,10,7,3,28,23,5,13,12,1,51,24,27,8,7,1,33,23,10,95,28,67,11,6,5
S01007443,350,185,165,5,4,1,36,28,8,31,30,1,67,28,39,20,13,7,49,27,22,120,40,80,22,15,7
S01007444,408,213,195,17,14,3,31,26,5,28,24,4,54,19,35,34,26,8,73,46,27,149,46,103,22,12,10
S01007445,287,149,138,9,5,4,23,21,2,14,13,1,42,25,17,21,16,5,48,30,18,118,32,86,12,7,5
S01007446,249,123,126,14,12,2,30,21,9,15,12,3,37,15,22,17,14,3,35,24,11,96,25,71,5,0,5
S01007447,236,133,103,21,19,2,14,13,1,26,21,5,47,26,21,16,12,4,29,17,12,68,20,48,15,5,10
S01007448,422,230,192,35,28,7,46,37,9,43,42,1,91,43,48,22,21,1,36,13,23,129,41,88,20,5,15
S01007449,440,222,218,20,19,1,48,41,7,32,30,2,120,51,69,32,24,8,45,17,28,127,36,91,16,4,12
S01007450,300,155,145,16,14,2,27,22,5,36,34,2,76,26,50,29,24,5,23,7,16,71,20,51,22,8,14
S01007451,304,147,157,7,6,1,42,35,7,34,29,5,62,30,32,24,21,3,33,11,22,95,15,80,7,0,7
S01007452,215,112,103,16,14,2,18,12,6,26,25,1,48,19,29,18,15,3,25,13,12,51,7,44,13,7,6
S01007453,345,179,166,16,14,2,39,29,10,28,21,7,64,31,33,25,19,6,67,31,36,95,28,67,11,6,5
S01007454,251,128,123,24,21,3,31,23,8,16,15,1,47,15,32,19,16,3,22,9,13,78,22,56,14,7,7
S01007455,365,186,179,10,8,2,37,33,4,41,38,3,92,36,56,24,18,6,45,20,25,109,31,78,7,2,5
S01007456,367,171,196,15,14,1,40,32,8,37,31,6,99,35,64,29,26,3,31,10,21,99,18,81,17,5,12
S01007457,479,246,233,22,18,4,51,42,9,66,60,6,103,40,63,25,21,4,64,30,34,136,34,102,12,1,11
S01007458,278,139,139,9,9,0,35,30,5,24,20,4,47,23,24,11,8,3,36,12,24,107,34,73,9,3,6
S01007459,292,146,146,8,6,2,41,30,11,20,17,3,59,30,29,17,14,3,40,18,22,95,26,69,12,5,7
S01007460,325,170,155,10,7,3,44,35,9,38,35,3,71,26,45,21,17,4,34,19,15,94,27,67,13,4,9
S01007461,253,120,133,3,3,0,25,21,4,32,28,4,70,27,43,19,15,4,24,9,15,67,13,54,13,4,9
S01007462,431,217,214,11,9,2,52,47,5,39,30,9,79,36,43,30,19,11,66,29,37,134,39,95,20,8,12
S01007463,324,168,156,9,9,0,35,30,5,26,22,4,112,43,69,34,24,10,41,19,22,51,15,36,16,6,10
S01007464,242,130,112,10,9,1,34,31,3,23,22,1,54,19,35,16,14,2,35,18,17,58,14,44,12,3,9
S01007465,233,122,111,8,8,0,29,22,7,16,14,2,67,29,38,19,15,4,25,13,12,57,19,38,12,2,10
S01007466,403,201,202,9,9,0,38,31,7,33,29,4,119,49,70,28,20,8,52,26,26,109,31,78,15,6,9
S01007467,429,218,211,9,9,0,58,48,10,32,29,3,100,48,52,21,15,6,53,23,30,138,35,103,18,11,7
S01007468,410,219,191,9,9,0,58,50,8,41,37,4,93,40,53,21,19,2,49,22,27,125,38,87,14,4,10
S01007469,278,140,138,7,7,0,37,35,2,25,23,2,46,15,31,17,13,4,46,22,24,86,22,64,14,3,11
S01007470,271,143,128,9,7,2,36,32,4,18,18,0,62,26,36,17,15,2,28,15,13,82,23,59,19,7,12
S01007471,250,128,122,5,4,1,36,28,8,30,28,2,55,24,31,11,7,4,23,10,13,78,23,55,12,4,8
S01007472,223,114,109,4,2,2,33,31,2,24,23,1,46,21,25,12,9,3,35,13,22,58,11,47,11,4,7
S01007473,207,101,106,5,4,1,27,26,1,20,19,1,54,20,34,14,11,3,19,6,13,61,14,47,7,1,6
S01007474,296,146,150,11,11,0,36,29,7,30,27,3,52,16,36,18,13,5,49,21,28,95,28,67,5,1,4
S01007475,313,152,161,8,8,0,27,25,2,34,29,5,47,14,33,12,11,1,54,23,31,116,37,79,15,5,10
S01007476,292,143,149,9,8,1,35,30,5,30,24,6,59,24,35,14,10,4,43,21,22,90,24,66,12,2,10
S01007477,273,140,133,6,6,0,34,30,4,18,17,1,45,21,24,13,11,2,30,13,17,115,41,74,12,1,11
S01007478,444,229,215,10,8,2,57,49,8,26,23,3,71,33,38,38,25,13,49,23,26,173,61,112,20,7,13
S01007479,307,153,154,10,7,3,47,38,9,26,24,2,51,27,24,15,9,6,41,20,21,106,26,80,11,2,9
S01007480,453,235,218,18,16,2,66,52,14,41,38,3,93,36,57,38,31,7,60,26,34,124,32,92,13,4,9
S01007481,345,180,165,8,7,1,27,21,6,34,29,5,65,27,38,47,41,6,34,24,10,117,25,92,13,6,7
S01007482,183,93,90,2,2,0,15,11,4,11,11,0,49,24,25,30,22,8,19,7,12,50,13,37,7,3,4
S01007483,368,191,177,15,14,1,17,16,1,39,37,2,85,35,50,58,44,14,26,11,15,108,22,86,20,12,8
S01007484,228,127,101,16,15,1,11,8,3,25,23,2,52,23,29,30,27,3,21,11,10,66,18,48,7,2,5
S01007485,167,74,93,5,5,0,12,10,2,24,19,5,60,22,38,15,10,5,5,1,4,41,5,36,5,2,3
S01007486,142,63,79,5,5,0,11,10,1,10,10,0,40,11,29,18,13,5,17,8,9,34,3,31,7,3,4
S01007487,382,202,180,19,19,0,22,18,4,42,40,2,114,46,68,46,40,6,25,11,14,95,23,72,19,5,14
S01007488,488,250,238,20,14,6,32,23,9,36,34,2,110,50,60,61,54,7,35,19,16,167,47,120,27,9,18
S01007489,393,192,201,14,11,3,26,21,5,34,30,4,99,43,56,49,38,11,43,17,26,101,17,84,27,15,12
S01007490,360,186,174,14,13,1,33,26,7,28,27,1,96,38,58,52,43,9,26,9,17,98,22,76,13,8,5
S01007491,510,243,267,14,14,0,49,35,14,47,45,2,118,43,75,69,49,20,33,13,20,155,38,117,25,6,19
S01007492,330,160,170,13,13,0,32,19,13,24,24,0,83,37,46,45,37,8,22,6,16,98,22,76,13,2,11
S01007493,396,199,197,15,13,2,35,28,7,32,29,3,119,45,74,56,42,14,34,15,19,92,23,69,13,4,9
S01007494,240,130,110,70,55,15,9,7,2,14,13,1,33,14,19,21,17,4,28,10,18,55,8,47,10,6,4
S01007495,433,232,201,102,86,16,24,21,3,36,34,2,88,30,58,27,21,6,40,18,22,98,16,82,18,6,12
S01007496,448,239,209,63,50,13,21,18,3,31,26,5,131,54,77,30,26,4,50,26,24,107,30,77,15,9,6
S01007497,259,151,108,40,34,6,17,14,3,27,26,1,39,13,26,24,21,3,37,24,13,56,13,43,19,6,13
S01007498,362,198,164,33,27,6,16,13,3,38,33,5,93,38,55,51,43,8,26,12,14,96,26,70,9,6,3
S01007499,410,226,184,64,49,15,40,29,11,46,44,2,77,37,40,49,38,11,28,13,15,94,13,81,12,3,9
S01007500,238,129,109,49,43,6,12,10,2,12,11,1,44,17,27,19,16,3,25,13,12,66,15,51,11,4,7
S01007501,265,138,127,75,62,13,11,8,3,16,15,1,46,17,29,18,13,5,17,5,12,73,12,61,9,6,3
S01007502,248,140,108,51,45,6,16,9,7,19,19,0,49,22,27,18,12,6,24,13,11,60,16,44,11,4,7
S01007503,439,233,206,75,57,18,20,18,2,45,36,9,77,30,47,45,33,12,43,26,17,119,24,95,15,9,6
S01007504,326,175,151,83,65,18,26,13,13,25,25,0,44,14,30,27,18,9,33,22,11,78,13,65,10,5,5
S01007505,208,113,95,45,35,10,8,8,0,10,9,1,34,19,15,14,10,4,27,14,13,62,13,49,8,5,3
S01007506,225,124,101,66,52,14,15,9,6,16,15,1,37,16,21,12,11,1,21,9,12,50,10,40,8,2,6
S01007507,399,211,188,37,34,3,25,17,8,52,52,0,116,48,68,25,18,7,28,14,14,99,19,80,17,9,8
S01007508,332,181,151,91,67,24,18,15,3,32,32,0,58,20,38,18,14,4,20,11,9,86,18,68,9,4,5
S01007509,289,152,137,74,63,11,15,8,7,19,17,2,57,25,32,10,7,3,27,16,11,73,13,60,14,3,11
S01007510,389,216,173,104,82,22,13,12,1,35,30,5,73,29,44,19,16,3,36,18,18,88,23,65,21,6,15
S01007511,303,163,140,60,50,10,22,16,6,28,26,2,66,30,36,18,14,4,24,10,14,71,11,60,14,6,8
S01007512,229,124,105,71,55,16,12,10,2,22,20,2,37,12,25,8,3,5,18,10,8,49,10,39,12,4,8
S01007513,449,227,222,29,25,4,46,27,19,53,50,3,88,31,57,36,27,9,35,19,16,140,39,101,22,9,13
S01007514,256,140,116,14,13,1,39,28,11,23,21,2,78,44,34,12,8,4,17,9,8,62,12,50,11,5,6
S01007515,237,122,115,18,15,3,9,8,1,25,25,0,34,15,19,10,8,2,27,14,13,100,31,69,14,6,8
S01007516,270,136,134,24,21,3,20,15,5,38,36,2,58,23,35,15,14,1,22,7,15,81,16,65,12,4,8
S01007517,174,91,83,12,11,1,6,4,2,25,24,1,40,23,17,10,7,3,10,5,5,60,13,47,11,4,7
S01007518,362,195,167,30,28,2,29,21,8,48,46,2,78,32,46,24,20,4,29,13,16,107,28,79,17,7,10
S01007519,196,107,89,39,28,11,18,14,4,7,5,2,45,21,24,12,9,3,22,12,10,42,12,30,11,6,5
S01007520,399,231,168,48,39,9,42,34,8,40,36,4,96,46,50,26,21,5,31,17,14,96,29,67,20,9,11
S01007521,220,116,104,62,41,21,19,10,9,16,14,2,48,22,26,4,3,1,18,10,8,48,13,35,5,3,2
S01007522,402,203,199,23,22,1,22,16,6,39,34,5,133,58,75,11,8,3,35,17,18,118,40,78,21,8,13
S01007523,254,134,120,42,32,10,16,10,6,24,23,1,46,22,24,9,6,3,30,16,14,73,18,55,14,7,7
S01007524,470,242,228,80,65,15,52,30,22,34,29,5,119,47,72,22,13,9,55,27,28,94,25,69,14,6,8
S01007525,234,127,107,28,23,5,31,17,14,27,27,0,42,20,22,10,10,0,25,13,12,58,15,43,13,2,11
S01007526,285,145,140,15,15,0,44,29,15,18,17,1,80,34,46,16,13,3,22,10,12,71,20,51,19,7,12
S01007527,365,199,166,24,20,4,40,28,12,40,35,5,81,41,40,18,14,4,34,17,17,104,34,70,24,10,14
S01007528,363,190,173,41,36,5,52,36,16,44,40,4,73,22,51,19,14,5,27,13,14,89,25,64,18,4,14
S01007529,274,139,135,17,13,4,35,29,6,27,24,3,60,25,35,11,7,4,24,12,12,87,28,59,13,1,12
S01007530,262,145,117,55,46,9,20,11,9,34,30,4,42,17,25,8,6,2,33,17,16,55,11,44,15,7,8
S01007531,327,170,157,77,59,18,19,13,6,18,17,1,57,21,36,17,12,5,38,18,20,82,20,62,19,10,9
S01007532,284,151,133,56,45,11,20,13,7,27,25,2,53,22,31,15,13,2,27,13,14,71,17,54,15,3,12
S01007533,275,143,132,56,43,13,13,9,4,29,25,4,50,19,31,11,8,3,36,16,20,63,18,45,17,5,12
S01007534,412,214,198,30,26,4,25,19,6,44,44,0,108,37,71,36,29,7,40,22,18,102,28,74,27,9,18
S01007535,449,210,239,25,20,5,32,24,8,39,34,5,129,51,78,22,17,5,41,20,21,143,36,107,18,8,10
S01007536,450,233,217,30,27,3,25,20,5,52,49,3,124,54,70,35,32,3,41,17,24,114,17,97,29,17,12
S01007537,440,210,230,29,26,3,38,25,13,41,40,1,102,40,62,29,23,6,52,19,33,127,30,97,22,7,15
S01007538,448,228,220,79,63,16,29,24,5,31,26,5,100,50,50,26,19,7,39,16,23,121,22,99,23,8,15
S01007539,278,142,136,11,11,0,21,21,0,21,20,1,44,23,21,17,13,4,34,17,17,117,33,84,13,4,9
S01007540,357,177,180,27,25,2,31,25,6,40,37,3,95,34,61,25,20,5,31,16,15,92,17,75,16,3,13
S01007541,329,180,149,15,13,2,35,29,6,38,37,1,66,33,33,21,18,3,34,15,19,103,27,76,17,8,9
S01007542,405,199,206,30,28,2,35,34,1,49,46,3,97,33,64,20,15,5,34,16,18,124,22,102,16,5,11
S01007543,516,253,263,33,30,3,59,57,2,57,52,5,148,51,97,37,30,7,37,10,27,125,19,106,20,4,16
S01007544,410,217,193,74,55,19,31,25,6,28,25,3,86,39,47,14,9,5,45,23,22,113,36,77,19,5,14
S01007545,382,194,188,82,62,20,21,13,8,37,29,8,74,29,45,23,15,8,31,16,15,98,23,75,16,7,9
S01007546,284,145,139,45,36,9,15,10,5,32,28,4,45,20,25,14,11,3,25,14,11,99,23,76,9,3,6
S01007547,302,171,131,66,53,13,11,8,3,22,22,0,59,24,35,16,12,4,33,15,18,74,23,51,21,14,7
S01007548,333,170,163,33,25,8,23,20,3,20,19,1,83,38,45,26,22,4,35,18,17,109,26,83,4,2,2
S01007549,247,119,128,32,24,8,14,11,3,18,15,3,53,21,32,17,13,4,31,14,17,68,16,52,14,5,9
S01007550,361,198,163,58,48,10,19,17,2,17,15,2,66,28,38,28,20,8,48,27,21,111,35,76,14,8,6
S01007551,433,224,209,104,80,24,22,18,4,20,19,1,64,21,43,17,8,9,60,35,25,113,28,85,33,15,18
S01007552,384,195,189,47,42,5,87,47,40,30,30,0,70,24,46,19,15,4,34,18,16,86,16,70,11,3,8
S01007553,316,164,152,17,17,0,105,76,29,20,19,1,52,14,38,15,9,6,16,7,9,79,18,61,12,4,8
S01007554,133,74,59,15,14,1,37,23,14,11,11,0,20,10,10,3,3,0,9,6,3,34,6,28,4,1,3
S01007555,237,138,99,35,30,5,34,30,4,19,19,0,30,16,14,11,10,1,22,11,11,80,19,61,6,3,3
S01007556,201,98,103,20,18,2,29,18,11,25,25,0,39,12,27,8,5,3,22,9,13,51,10,41,7,1,6
S01007557,457,230,227,50,49,1,96,61,35,42,39,3,102,31,71,16,10,6,30,19,11,112,18,94,9,3,6
S01007558,189,104,85,52,40,12,17,13,4,10,10,0,33,14,19,11,8,3,16,8,8,46,10,36,4,1,3
S01007559,382,205,177,73,56,17,21,17,4,28,26,2,59,18,41,23,19,4,50,33,17,105,28,77,23,8,15
S01007560,410,220,190,28,23,5,28,19,9,41,38,3,96,54,42,20,19,1,54,22,32,128,38,90,15,7,8
S01007561,279,139,140,30,26,4,11,9,2,28,27,1,56,29,27,19,15,4,25,10,15,103,20,83,7,3,4
S01007562,394,204,190,64,55,9,22,21,1,34,30,4,58,22,36,30,21,9,46,23,23,125,28,97,15,4,11
S01007563,392,200,192,60,50,10,21,15,6,35,32,3,56,24,32,17,14,3,40,24,16,144,33,111,19,8,11
S01007564,379,200,179,79,62,17,23,19,4,22,19,3,78,39,39,18,11,7,37,24,13,101,20,81,21,6,15
S01007565,446,229,217,53,45,8,22,17,5,35,29,6,92,38,54,34,26,8,52,33,19,136,33,103,22,8,14
S01007566,349,192,157,59,47,12,32,27,5,25,22,3,62,33,29,20,18,2,36,19,17,102,21,81,13,5,8
S01007567,318,172,146,50,42,8,17,14,3,30,26,4,48,18,30,19,17,2,34,14,20,102,31,71,18,10,8
S01007568,342,181,161,37,28,9,26,21,5,17,14,3,56,25,31,17,14,3,41,23,18,127,48,79,21,8,13
S01007569,395,223,172,71,60,11,28,22,6,34,30,4,85,44,41,16,14,2,44,19,25,103,26,77,14,8,6
S01007570,340,170,170,22,19,3,21,18,3,25,21,4,69,34,35,26,19,7,29,17,12,135,41,94,13,1,12
S01007571,287,157,130,65,56,9,15,12,3,18,16,2,44,18,26,12,10,2,33,16,17,83,21,62,17,8,9
S01007572,421,215,206,33,26,7,32,26,6,44,41,3,99,53,46,14,11,3,50,21,29,125,28,97,24,9,15
S01007573,534,267,267,24,23,1,42,37,5,35,33,2,112,52,60,31,24,7,44,20,24,227,73,154,19,5,14
S01007574,465,221,244,14,11,3,31,27,4,39,36,3,141,68,73,26,22,4,43,21,22,147,31,116,24,5,19
S01007575,336,169,167,15,13,2,20,18,2,43,39,4,101,48,53,28,22,6,23,11,12,99,17,82,7,1,6
S01007576,228,113,115,6,5,1,18,16,2,19,18,1,85,33,52,14,13,1,19,5,14,57,22,35,10,1,9
S01007577,251,117,134,14,11,3,18,15,3,29,27,2,93,40,53,8,5,3,16,5,11,63,12,51,10,2,8
S01007578,278,148,130,11,10,1,28,22,6,34,33,1,93,39,54,17,14,3,23,11,12,67,17,50,5,2,3
S01007579,281,120,161,12,10,2,22,19,3,25,24,1,83,31,52,11,7,4,27,11,16,86,12,74,15,6,9
S01007580,334,173,161,18,16,2,39,33,6,28,28,0,108,48,60,19,16,3,24,11,13,89,19,70,9,2,7
S01007581,218,111,107,9,7,2,21,19,2,27,27,0,67,25,42,17,13,4,18,8,10,48,5,43,11,7,4
S01007582,300,150,150,15,15,0,22,19,3,28,27,1,82,32,50,14,10,4,31,15,16,97,27,70,11,5,6
S01007583,416,185,231,24,20,4,34,24,10,34,32,2,131,44,87,19,16,3,41,17,24,112,27,85,21,5,16
S01007584,292,156,136,19,18,1,31,25,6,22,16,6,83,35,48,23,20,3,20,13,7,83,24,59,11,5,6
S01007585,409,209,200,18,15,3,34,32,2,40,35,5,77,38,39,23,17,6,44,21,23,151,41,110,22,10,12
S01007586,373,181,192,13,10,3,27,27,0,31,31,0,138,61,77,12,10,2,26,9,17,105,26,79,21,7,14
S01007587,324,165,159,18,17,1,21,17,4,32,31,1,55,23,32,15,14,1,29,18,11,138,38,100,16,7,9
S01007588,399,200,199,18,15,3,24,22,2,16,16,0,93,44,49,15,12,3,48,22,26,164,61,103,21,8,13
S01007589,422,225,197,19,17,2,27,21,6,28,25,3,80,39,41,23,17,6,61,40,21,166,57,109,18,9,9
S01007590,284,137,147,10,9,1,19,17,2,18,17,1,54,26,28,12,11,1,29,15,14,134,39,95,8,3,5
S01007591,318,168,150,10,10,0,35,31,4,19,19,0,59,26,33,25,20,5,35,21,14,121,35,86,14,6,8
S01007592,328,163,165,14,14,0,25,22,3,33,30,3,88,33,55,10,10,0,27,12,15,122,37,85,9,5,4
S01007593,497,238,259,18,16,2,49,40,9,36,33,3,121,59,62,13,10,3,54,24,30,172,40,132,34,16,18
S01007594,434,216,218,28,24,4,40,34,6,38,33,5,88,41,47,23,21,2,45,18,27,149,38,111,23,7,16
S01007595,561,292,269,76,61,15,39,36,3,46,43,3,105,46,59,28,23,5,38,16,22,193,52,141,36,15,21
S01007596,239,124,115,27,22,5,18,14,4,21,18,3,63,27,36,11,10,1,19,8,11,61,17,44,19,8,11
S01007597,327,181,146,49,40,9,36,29,7,23,21,2,58,25,33,15,11,4,27,16,11,100,33,67,19,6,13
S01007598,332,153,179,24,18,6,20,19,1,38,33,5,66,26,40,18,12,6,39,19,20,122,26,96,5,0,5
S01007599,429,220,209,20,17,3,26,21,5,22,20,2,95,51,44,22,15,7,31,19,12,197,70,127,16,7,9
S01007600,517,261,256,22,16,6,43,35,8,34,28,6,93,49,44,29,25,4,49,28,21,231,75,156,16,5,11
S01007601,401,201,200,11,9,2,31,28,3,37,36,1,87,39,48,27,24,3,38,18,20,152,43,109,18,4,14
S01007602,367,182,185,17,17,0,31,28,3,24,23,1,74,40,34,17,13,4,29,13,16,163,44,119,12,4,8
S01007603,484,246,238,22,22,0,42,38,4,37,34,3,91,47,44,18,15,3,38,16,22,215,68,147,21,6,15
S01007604,456,227,229,22,18,4,36,34,2,32,27,5,82,40,42,15,9,6,44,20,24,207,69,138,18,10,8
S01007605,457,230,227,14,12,2,40,33,7,28,26,2,105,62,43,33,27,6,37,16,21,180,47,133,20,7,13
S01007606,309,163,146,11,9,2,29,27,2,28,27,1,53,26,27,12,10,2,34,20,14,128,35,93,14,9,5
S01007607,388,195,193,9,8,1,28,26,2,26,25,1,77,40,37,27,23,4,29,18,11,176,47,129,16,8,8
S01007608,406,205,201,19,17,2,22,19,3,24,22,2,95,60,35,25,20,5,34,14,20,174,48,126,13,5,8
S01007609,424,200,224,17,14,3,20,14,6,38,35,3,121,61,60,26,20,6,32,13,19,148,36,112,22,7,15
S01007610,217,101,116,8,7,1,21,17,4,19,16,3,53,23,30,16,12,4,16,7,9,79,17,62,5,2,3
S01007611,386,199,187,13,13,0,34,30,4,25,22,3,111,61,50,26,22,4,29,7,22,135,40,95,13,4,9
S01007612,530,290,240,22,20,2,30,26,4,26,22,4,179,86,93,42,33,9,52,27,25,149,56,93,30,20,10
S01007613,392,209,183,13,12,1,18,15,3,25,22,3,96,42,54,26,20,6,38,25,13,160,65,95,16,8,8
S01007614,423,214,209,20,15,5,23,19,4,22,20,2,70,31,39,12,10,2,53,33,20,208,79,129,15,7,8
S01007615,530,254,276,15,14,1,38,28,10,32,29,3,126,65,61,34,26,8,53,31,22,207,50,157,25,11,14
S01007616,367,168,199,13,9,4,17,14,3,25,25,0,102,49,53,31,22,9,34,13,21,124,29,95,21,7,14
S01007617,249,120,129,14,13,1,16,12,4,21,19,2,87,31,56,16,16,0,15,7,8,70,18,52,10,4,6
S01007618,263,131,132,8,6,2,32,26,6,22,21,1,82,39,43,23,16,7,18,5,13,73,16,57,5,2,3
S01007619,297,146,151,11,11,0,39,30,9,30,29,1,84,33,51,16,14,2,22,5,17,83,17,66,12,7,5
S01007620,314,153,161,18,17,1,25,19,6,27,24,3,68,35,33,18,15,3,24,12,12,122,28,94,12,3,9
S01007621,328,165,163,11,10,1,42,34,8,36,34,2,76,32,44,20,16,4,27,14,13,103,23,80,13,2,11
S01007622,275,145,130,9,8,1,29,23,6,23,22,1,67,37,30,28,26,2,17,4,13,88,18,70,14,7,7
S01007623,319,158,161,10,8,2,26,23,3,26,24,2,72,33,39,11,10,1,22,8,14,135,48,87,17,4,13
S01007624,394,208,186,18,17,1,45,36,9,24,22,2,93,51,42,23,23,0,32,13,19,136,41,95,23,5,18
S01007625,278,137,141,14,12,2,32,29,3,18,15,3,58,29,29,18,14,4,20,10,10,103,24,79,15,4,11
S01007626,397,200,197,15,11,4,57,52,5,29,24,5,75,33,42,30,26,4,31,17,14,143,32,111,17,5,12
S01007627,295,155,140,14,12,2,28,22,6,22,20,2,60,25,35,18,15,3,32,20,12,106,29,77,15,12,3
S01007628,330,166,164,23,20,3,21,19,2,24,22,2,83,40,43,18,16,2,31,14,17,117,29,88,13,6,7
S01007629,359,192,167,34,30,4,30,23,7,27,24,3,88,45,43,27,22,5,34,15,19,106,26,80,13,7,6
S01007630,463,245,218,76,63,13,27,17,10,37,36,1,99,50,49,22,16,6,36,17,19,155,41,114,11,5,6
S01007631,311,170,141,59,47,12,29,22,7,32,27,5,34,15,19,16,13,3,34,13,21,94,29,65,13,4,9
S01007632,462,233,229,24,20,4,48,35,13,59,56,3,109,38,71,33,28,5,30,15,15,136,31,105,23,10,13
S01007633,454,240,214,19,18,1,51,39,12,67,61,6,100,39,61,26,23,3,39,18,21,140,38,102,12,4,8
S01007634,290,164,126,48,40,8,19,12,7,24,23,1,52,28,24,19,14,5,27,14,13,96,31,65,5,2,3
S01007635,268,140,128,20,19,1,24,21,3,20,18,2,63,23,40,21,18,3,23,11,12,83,24,59,14,6,8
S01007636,360,188,172,30,26,4,47,30,17,30,26,4,79,33,46,25,21,4,42,19,23,94,28,66,13,5,8
S01007637,404,209,195,26,24,2,65,46,19,50,44,6,80,32,48,35,25,10,34,18,16,95,12,83,19,8,11
S01007638,361,190,171,15,12,3,46,31,15,44,42,2,92,36,56,30,27,3,22,8,14,97,29,68,15,5,10
S01007639,512,258,254,23,20,3,88,66,22,59,53,6,132,55,77,43,34,9,34,8,26,118,18,100,15,4,11
S01007640,362,203,159,85,68,17,30,23,7,39,36,3,54,17,37,22,17,5,37,20,17,84,20,64,11,2,9
S01007641,404,214,190,48,38,10,32,23,9,38,33,5,100,41,59,23,21,2,44,24,20,105,28,77,14,6,8
S01007642,361,198,163,28,25,3,31,20,11,36,32,4,103,52,51,17,13,4,26,10,16,98,35,63,22,11,11
S01007643,430,210,220,23,19,4,26,22,4,45,42,3,136,48,88,24,20,4,45,24,21,115,29,86,16,6,10
S01007644,344,176,168,22,19,3,15,14,1,42,37,5,94,36,58,22,16,6,27,18,9,108,27,81,14,9,5
S01007645,270,151,119,55,44,11,19,17,2,25,19,6,59,23,36,15,12,3,31,14,17,62,19,43,4,3,1
S01007646,295,165,130,74,60,14,24,16,8,17,14,3,54,27,27,21,16,5,27,16,11,52,7,45,26,9,17
S01007647,335,171,164,15,12,3,36,22,14,40,38,2,96,38,58,28,19,9,25,10,15,81,25,56,14,7,7
S01007648,436,226,210,16,15,1,58,38,20,35,34,1,130,60,70,28,22,6,33,15,18,110,29,81,26,13,13
S01007649,379,206,173,30,26,4,55,32,23,46,42,4,85,30,55,26,22,4,30,15,15,89,31,58,18,8,10
S01007650,486,263,223,78,63,15,41,28,13,35,33,2,110,46,64,51,36,15,39,19,20,113,30,83,19,8,11
S01007651,307,161,146,82,66,16,31,24,7,23,23,0,46,11,35,19,8,11,29,13,16,66,11,55,11,5,6
S01007652,251,124,127,39,30,9,18,13,5,25,24,1,72,27,45,15,12,3,21,6,15,55,10,45,6,2,4
S01007653,465,235,230,79,53,26,40,26,14,60,51,9,95,30,65,27,22,5,35,18,17,115,33,82,14,2,12
S01007654,502,267,235,67,59,8,62,42,20,62,58,4,117,43,74,29,24,5,32,13,19,116,21,95,17,7,10
S01007655,396,224,172,118,91,27,24,18,6,41,33,8,54,25,29,20,16,4,40,18,22,90,20,70,9,3,6
S01007656,409,226,183,99,78,21,46,36,10,36,33,3,69,29,40,13,7,6,34,16,18,95,23,72,17,4,13
S01007657,238,122,116,43,30,13,13,10,3,28,21,7,63,27,36,8,6,2,11,5,6,67,21,46,5,2,3
S01007658,245,120,125,41,29,12,26,18,8,18,15,3,48,25,23,4,3,1,27,9,18,66,13,53,15,8,7
S01007659,359,191,168,67,54,13,41,26,15,29,25,4,65,29,36,19,15,4,22,11,11,102,26,76,14,5,9
S01007660,393,203,190,12,9,3,104,70,34,32,30,2,84,25,59,28,23,5,30,12,18,87,27,60,16,7,9
S01007661,327,168,159,20,17,3,49,34,15,25,23,2,76,36,40,20,17,3,27,12,15,99,26,73,11,3,8
S01007662,382,187,195,25,19,6,74,43,31,41,37,4,62,23,39,23,19,4,32,16,16,113,26,87,12,4,8
S01007663,396,208,188,32,25,7,62,52,10,33,32,1,84,31,53,21,18,3,31,10,21,116,31,85,17,9,8
S01007664,267,127,140,8,6,2,72,41,31,17,17,0,64,20,44,15,10,5,27,15,12,53,14,39,11,4,7
S01007665,317,162,155,20,16,4,74,52,22,18,18,0,94,34,60,11,10,1,18,10,8,67,16,51,15,6,9
S01007666,243,121,122,27,22,5,29,18,11,20,20,0,38,16,22,9,6,3,23,10,13,90,27,63,7,2,5
S01007667,377,198,179,35,29,6,56,40,16,32,29,3,46,18,28,21,17,4,40,20,20,135,43,92,12,2,10
S01007668,469,229,240,19,18,1,102,69,33,35,33,2,111,38,73,38,29,9,32,13,19,118,23,95,14,6,8
S01007669,259,124,135,17,13,4,68,41,27,15,13,2,47,17,30,18,15,3,21,10,11,60,12,48,13,3,10
S01007670,302,154,148,20,18,2,70,48,22,22,22,0,67,21,46,15,12,3,27,15,12,76,17,59,5,1,4
S01007671,390,208,182,63,48,15,40,30,10,27,23,4,63,24,39,24,15,9,49,26,23,110,35,75,14,7,7
S01007672,381,195,186,39,32,7,47,38,9,24,23,1,59,22,37,20,11,9,43,18,25,131,46,85,18,5,13
S01007673,395,209,186,29,23,6,63,49,14,34,29,5,104,43,61,21,14,7,40,21,19,94,24,70,10,6,4
S01007674,358,185,173,30,24,6,67,43,24,39,36,3,94,28,66,31,27,4,17,9,8,68,14,54,12,4,8
S01007675,308,163,145,41,30,11,41,30,11,34,29,5,70,22,48,25,18,7,21,12,9,67,17,50,9,5,4
S01007676,384,204,180,76,58,18,36,28,8,36,32,4,89,33,56,28,20,8,32,15,17,75,15,60,12,3,9
S01007677,251,128,123,14,12,2,33,28,5,15,12,3,67,27,40,32,25,7,26,8,18,53,13,40,11,3,8
S01007678,345,175,170,18,14,4,44,34,10,33,31,2,104,31,73,36,28,8,24,13,11,69,17,52,17,7,10
S01007679,313,157,156,11,9,2,52,39,13,17,16,1,103,35,68,37,26,11,20,10,10,61,17,44,12,5,7
S01007680,501,254,247,23,21,2,56,44,12,40,36,4,172,65,107,42,33,9,38,12,26,118,40,78,12,3,9
S01007681,218,117,101,19,15,4,19,14,5,17,16,1,77,28,49,16,15,1,23,10,13,43,16,27,4,3,1
S01007682,451,234,217,13,11,2,17,15,2,19,17,2,79,36,43,30,24,6,64,39,25,209,84,125,20,8,12
S01007683,329,162,167,3,3,0,12,8,4,17,13,4,43,25,18,14,10,4,34,14,20,187,82,105,19,7,12
S01007684,352,171,181,11,7,4,16,14,2,13,11,2,63,30,33,23,15,8,31,19,12,179,69,110,16,6,10
S01007685,370,172,198,1,0,1,19,9,10,12,10,2,66,24,42,11,8,3,56,39,17,175,68,107,30,14,16
S01007686,331,165,166,5,5,0,8,5,3,22,21,1,51,25,26,23,15,8,42,26,16,161,56,105,19,12,7
S01007687,426,216,210,4,4,0,19,14,5,14,13,1,87,38,49,34,27,7,65,32,33,170,66,104,33,22,11
S01007688,498,271,227,10,8,2,25,16,9,13,13,0,125,63,62,48,39,9,64,41,23,185,79,106,28,12,16
S01007689,292,136,156,4,2,2,14,12,2,6,6,0,68,26,42,19,13,6,44,21,23,113,44,69,24,12,12
S01007690,362,164,198,1,1,0,7,5,2,13,11,2,129,52,77,27,22,5,31,15,16,124,45,79,30,13,17
S01007691,740,331,409,4,3,1,15,11,4,16,14,2,347,141,206,38,29,9,66,29,37,193,79,114,61,25,36
S01007692,377,173,204,3,2,1,15,11,4,16,13,3,122,50,72,24,18,6,37,19,18,126,45,81,34,15,19
S01007693,293,131,162,1,1,0,15,12,3,7,7,0,125,40,85,19,15,4,26,15,11,83,36,47,17,5,12
S01007694,433,196,237,6,1,5,23,17,6,17,15,2,160,72,88,31,22,9,40,19,21,126,34,92,30,16,14
S01007695,404,203,201,8,7,1,24,20,4,23,19,4,95,42,53,24,17,7,37,20,17,175,73,102,18,5,13
S01007696,271,140,131,4,4,0,19,12,7,13,12,1,87,44,43,13,10,3,35,21,14,81,29,52,19,8,11
S01007697,421,215,206,5,4,1,25,20,5,20,17,3,104,51,53,28,25,3,54,31,23,166,58,108,19,9,10
S01007698,529,254,275,8,7,1,33,25,8,20,18,2,162,76,86,30,24,6,54,25,29,169,61,108,53,18,35
S01007699,372,185,187,1,1,0,24,19,5,17,13,4,128,56,72,21,17,4,52,27,25,119,46,73,10,6,4
S01007700,513,273,240,7,7,0,31,26,5,23,22,1,75,45,30,35,28,7,65,40,25,240,84,156,37,21,16
S01007701,194,98,96,0,0,0,14,12,2,4,3,1,67,35,32,9,6,3,24,13,11,65,26,39,11,3,8
S01007702,360,175,185,4,1,3,22,19,3,9,9,0,143,60,83,18,12,6,35,27,8,99,38,61,30,9,21
S01007703,368,192,176,6,5,1,24,19,5,17,13,4,78,47,31,35,22,13,42,24,18,150,58,92,16,4,12
S01007704,307,158,149,6,5,1,23,16,7,10,8,2,104,45,59,25,19,6,40,25,15,81,30,51,18,10,8
S01007705,292,165,127,0,0,0,10,6,4,11,11,0,135,71,64,25,20,5,32,19,13,57,29,28,22,9,13
S01007706,328,151,177,2,2,0,8,5,3,7,7,0,165,66,99,29,18,11,20,12,8,69,29,40,28,12,16
S01007707,470,265,205,5,3,2,21,11,10,20,18,2,102,65,37,33,29,4,51,27,24,205,94,111,33,18,15
S01007708,320,167,153,6,5,1,20,18,2,14,13,1,95,46,49,29,24,5,34,11,23,107,42,65,15,8,7
S01007709,238,123,115,4,4,0,23,13,10,9,8,1,62,24,38,21,16,5,30,15,15,79,37,42,10,6,4
S01007710,385,213,172,4,3,1,16,13,3,11,10,1,143,85,58,38,34,4,25,8,17,127,50,77,21,10,11
S01007711,451,208,243,3,3,0,33,26,7,8,8,0,171,72,99,33,25,8,51,26,25,125,38,87,27,10,17
S01007712,319,166,153,3,3,0,19,16,3,17,16,1,84,40,44,32,23,9,21,10,11,119,46,73,24,12,12
S01007713,213,112,101,2,2,0,13,10,3,15,14,1,69,38,31,12,8,4,31,18,13,60,17,43,11,5,6
S01007714,342,175,167,10,7,3,36,27,9,35,34,1,88,43,45,22,11,11,33,18,15,94,26,68,24,9,15
S01007715,206,100,106,2,1,1,22,16,6,8,8,0,66,35,31,9,4,5,19,9,10,68,22,46,12,5,7
S01007716,385,214,171,3,3,0,40,27,13,24,23,1,108,54,54,32,23,9,39,19,20,124,53,71,15,12,3
S01007717,383,207,176,2,2,0,37,30,7,33,31,2,111,54,57,21,16,5,47,29,18,109,33,76,23,12,11
S01007718,284,159,125,5,4,1,35,21,14,30,29,1,65,35,30,19,17,2,39,22,17,75,25,50,16,6,10
S01007719,427,208,219,7,5,2,33,25,8,31,31,0,98,45,53,34,30,4,29,15,14,169,50,119,26,7,19
S01007720,263,125,138,3,1,2,18,11,7,28,24,4,47,29,18,19,11,8,29,16,13,106,25,81,13,8,5
S01007721,346,172,174,11,9,2,30,20,10,22,22,0,73,34,39,26,21,5,52,26,26,119,32,87,13,8,5
S01007722,332,166,166,7,6,1,37,30,7,17,16,1,76,41,35,21,14,7,40,24,16,116,28,88,18,7,11
S01007723,344,180,164,5,4,1,33,25,8,23,23,0,85,45,40,27,21,6,39,19,20,110,32,78,22,11,11
S01007724,291,165,126,15,13,2,28,20,8,12,11,1,94,54,40,32,25,7,29,13,16,66,23,43,15,6,9
S01007725,345,175,170,5,5,0,37,24,13,26,26,0,97,51,46,26,19,7,50,25,25,94,19,75,10,6,4
S01007726,352,181,171,5,3,2,22,17,5,21,21,0,125,66,59,15,10,5,46,24,22,98,29,69,20,11,9
S01007727,412,198,214,9,7,2,29,21,8,15,15,0,118,53,65,49,40,9,51,22,29,121,29,92,20,11,9
S01007728,349,181,168,10,10,0,35,23,12,14,14,0,90,51,39,38,24,14,27,14,13,106,36,70,29,9,20
S01007729,391,202,189,11,8,3,25,17,8,25,23,2,120,62,58,32,22,10,48,18,30,110,42,68,20,10,10
S01007730,443,228,215,8,7,1,42,22,20,21,19,2,109,57,52,27,22,5,46,32,14,160,61,99,30,8,22
S01007731,431,214,217,5,3,2,35,26,9,24,23,1,126,60,66,33,18,15,37,23,14,143,48,95,28,13,15
S01007732,340,183,157,4,3,1,28,16,12,23,22,1,97,51,46,25,17,8,36,21,15,110,45,65,17,8,9
S01007733,447,232,215,12,12,0,36,30,6,17,15,2,87,52,35,32,27,5,55,30,25,179,57,122,29,9,20
S01007734,407,219,188,6,5,1,24,22,2,28,25,3,80,40,40,30,25,5,50,31,19,169,60,109,20,11,9
S01007735,423,222,201,13,11,2,28,26,2,32,31,1,92,51,41,36,29,7,52,28,24,153,37,116,17,9,8
S01007736,396,193,203,5,4,1,28,22,6,20,20,0,109,50,59,32,25,7,46,26,20,140,37,103,16,9,7
S01007737,477,241,236,6,6,0,35,30,5,27,22,5,117,59,58,38,28,10,68,31,37,168,57,111,18,8,10
S01007738,305,149,156,11,9,2,17,12,5,25,24,1,56,29,27,23,16,7,27,10,17,135,46,89,11,3,8
S01007739,211,104,107,5,4,1,16,8,8,21,21,0,50,22,28,18,15,3,25,10,15,65,20,45,11,4,7
S01007740,257,132,125,3,2,1,14,10,4,20,20,0,59,27,32,26,19,7,29,14,15,96,35,61,10,5,5
S01007741,271,129,142,3,1,2,16,13,3,19,18,1,63,35,28,24,17,7,27,13,14,113,31,82,6,1,5
S01007742,269,135,134,5,4,1,20,16,4,23,23,0,63,32,31,27,25,2,17,9,8,102,24,78,12,2,10
S01007743,405,208,197,8,7,1,36,31,5,35,33,2,103,49,54,26,17,9,46,25,21,129,36,93,22,10,12
S01007744,264,115,149,6,4,2,33,28,5,18,18,0,57,22,35,20,16,4,34,10,24,85,13,72,11,4,7
S01007745,312,156,156,8,8,0,32,26,6,24,22,2,80,30,50,38,29,9,22,11,11,95,24,71,13,6,7
S01007746,395,193,202,14,11,3,26,23,3,22,22,0,124,55,69,39,33,6,40,13,27,112,29,83,18,7,11
S01007747,208,99,109,2,2,0,21,18,3,18,16,2,52,22,30,29,19,10,14,5,9,63,12,51,9,5,4
S01007748,259,119,140,5,5,0,23,18,5,21,20,1,88,33,55,10,9,1,25,10,15,67,14,53,20,10,10
S01007749,337,167,170,9,9,0,30,24,6,28,27,1,67,29,38,19,13,6,42,18,24,133,41,92,9,6,3
S01007750,348,174,174,4,4,0,18,15,3,22,18,4,83,43,40,28,23,5,43,21,22,134,44,90,16,6,10
S01007751,277,149,128,7,7,0,20,17,3,14,13,1,43,25,18,21,18,3,44,27,17,109,33,76,19,9,10
S01007752,266,134,132,7,6,1,15,11,4,15,14,1,40,27,13,19,11,8,48,23,25,113,38,75,9,4,5
S01007753,224,110,114,4,4,0,18,12,6,28,26,2,68,26,42,18,15,3,20,5,15,61,17,44,7,5,2
S01007754,305,145,160,4,4,0,26,19,7,29,27,2,102,47,55,19,17,2,24,11,13,93,18,75,8,2,6
S01007755,286,140,146,6,5,1,22,16,6,23,20,3,93,42,51,24,19,5,33,15,18,70,18,52,15,5,10
S01007756,227,101,126,7,6,1,18,12,6,16,13,3,58,24,34,22,18,4,26,12,14,67,13,54,13,3,10
S01007757,347,175,172,8,6,2,22,18,4,26,23,3,67,40,27,33,23,10,34,16,18,142,40,102,15,9,6
S01007758,358,181,177,10,10,0,20,15,5,22,19,3,69,37,32,27,17,10,52,32,20,140,43,97,18,8,10
S01007759,451,212,239,6,5,1,20,14,6,40,37,3,84,42,42,30,24,6,42,22,20,200,56,144,29,12,17
S01007760,249,126,123,7,7,0,13,13,0,9,8,1,38,17,21,10,9,1,50,25,25,105,41,64,17,6,11
S01007761,443,234,209,12,9,3,22,22,0,20,19,1,86,51,35,27,21,6,57,33,24,194,68,126,25,11,14
S01007762,369,174,195,3,3,0,22,18,4,19,16,3,72,27,45,23,18,5,48,24,24,166,60,106,16,8,8
S01007763,178,99,79,4,4,0,18,16,2,16,16,0,37,17,20,19,16,3,19,10,9,51,14,37,14,6,8
S01007764,412,202,210,6,5,1,29,23,6,31,27,4,83,38,45,31,23,8,47,27,20,171,51,120,14,8,6
S01007765,294,152,142,9,7,2,23,19,4,21,20,1,48,18,30,29,24,5,29,14,15,125,44,81,10,6,4
S01007766,410,210,200,9,7,2,27,24,3,33,30,3,85,45,40,25,18,7,37,18,19,179,65,114,15,3,12
S01007767,432,214,218,11,7,4,30,25,5,29,24,5,89,49,40,35,28,7,44,28,16,167,41,126,27,12,15
S01007768,292,148,144,10,10,0,12,11,1,19,16,3,55,34,21,18,9,9,38,25,13,130,39,91,10,4,6
S01007769,315,159,156,10,9,1,27,22,5,21,18,3,64,31,33,13,7,6,39,26,13,127,39,88,14,7,7
S01007770,341,166,175,14,14,0,18,13,5,9,8,1,62,37,25,24,17,7,55,30,25,136,42,94,23,5,18
S01007771,208,101,107,2,2,0,13,12,1,17,15,2,41,26,15,12,10,2,24,11,13,93,23,70,6,2,4
S01007772,412,204,208,8,8,0,28,24,4,35,31,4,101,50,51,24,19,5,46,21,25,150,42,108,20,9,11
S01007773,380,188,192,9,8,1,26,23,3,34,29,5,72,35,37,30,22,8,40,12,28,156,50,106,13,9,4
S01007774,562,278,284,17,16,1,42,33,9,34,32,2,93,48,45,40,31,9,81,33,48,233,78,155,22,7,15
S01007775,457,228,229,11,10,1,34,28,6,36,33,3,79,38,41,27,24,3,59,32,27,194,54,140,17,9,8
S01007776,392,210,182,11,10,1,30,26,4,33,26,7,82,51,31,23,13,10,54,32,22,146,47,99,13,5,8
S01007777,554,288,266,18,17,1,52,43,9,48,43,5,83,38,45,43,28,15,69,37,32,219,68,151,22,14,8
S01007778,262,140,122,8,7,1,16,14,2,23,22,1,43,23,20,5,3,2,45,27,18,109,37,72,13,7,6
S01007779,404,210,194,14,13,1,48,37,11,34,33,1,81,43,38,30,23,7,38,15,23,144,45,99,15,1,14
S01007780,472,248,224,14,8,6,55,45,10,43,43,0,99,55,44,38,29,9,42,22,20,157,34,123,24,12,12
S01007781,536,261,275,14,12,2,50,45,5,40,36,4,122,57,65,45,35,10,49,23,26,189,45,144,27,8,19
S01007782,190,110,80,5,4,1,17,14,3,22,22,0,53,26,27,18,15,3,15,7,8,55,20,35,5,2,3
S01007783,219,105,114,11,10,1,23,15,8,17,14,3,59,27,32,14,8,6,25,9,16,58,15,43,12,7,5
S01007784,369,182,187,13,12,1,21,17,4,31,31,0,92,36,56,29,23,6,47,22,25,125,36,89,11,5,6
S01007785,197,77,120,5,5,0,20,19,1,12,11,1,57,20,37,7,6,1,18,7,11,67,6,61,11,3,8
S01007786,316,150,166,14,11,3,21,16,5,21,17,4,86,39,47,24,23,1,29,11,18,108,27,81,13,6,7
S01007787,277,127,150,6,6,0,28,22,6,22,21,1,78,27,51,22,18,4,30,10,20,83,21,62,8,2,6
S01007788,198,88,110,5,5,0,12,11,1,19,19,0,62,18,44,11,9,2,21,8,13,61,16,45,7,2,5
S01007789,239,120,119,10,8,2,27,20,7,21,17,4,73,38,35,11,8,3,19,7,12,65,16,49,13,6,7
S01007790,291,131,160,5,5,0,25,21,4,27,25,2,85,27,58,23,18,5,30,15,15,78,13,65,18,7,11
S01007791,289,146,143,10,9,1,22,17,5,29,25,4,50,26,24,31,23,8,41,14,27,95,26,69,11,6,5
S01007792,367,173,194,12,11,1,40,35,5,33,33,0,107,37,70,26,23,3,28,12,16,114,21,93,7,1,6
S01007793,307,136,171,3,3,0,33,27,6,15,15,0,101,42,59,28,20,8,24,11,13,89,14,75,14,4,10
S01007794,237,111,126,4,4,0,21,18,3,19,18,1,67,26,41,16,13,3,25,11,14,76,14,62,9,7,2
S01007795,269,121,148,12,11,1,32,25,7,19,17,2,73,32,41,13,10,3,23,8,15,80,15,65,17,3,14
S01007796,298,140,158,8,8,0,28,22,6,24,21,3,76,34,42,16,12,4,26,18,8,113,23,90,7,2,5
S01007797,188,84,104,1,1,0,19,14,5,8,8,0,53,27,26,10,8,2,20,7,13,59,12,47,18,7,11
S01007798,380,195,185,11,8,3,33,26,7,39,35,4,94,50,44,27,22,5,37,11,26,127,38,89,12,5,7
S01007799,342,170,172,11,11,0,19,14,5,42,37,5,71,36,35,31,25,6,29,11,18,124,31,93,15,5,10
S01007800,326,154,172,16,14,2,19,17,2,21,16,5,74,34,40,17,13,4,43,17,26,108,30,78,28,13,15
S01007801,282,143,139,7,6,1,16,12,4,15,13,2,101,52,49,15,13,2,28,16,12,83,24,59,17,7,10
S01007802,335,165,170,8,8,0,18,14,4,23,22,1,86,49,37,21,17,4,40,18,22,124,29,95,15,8,7
S01007803,325,151,174,6,6,0,30,23,7,22,22,0,88,35,53,24,18,6,43,21,22,94,19,75,18,7,11
S01007804,208,89,119,3,3,0,12,11,1,17,16,1,56,21,35,9,7,2,28,9,19,72,19,53,11,3,8
S01007805,201,86,115,2,2,0,11,8,3,10,9,1,61,29,32,10,6,4,25,14,11,73,15,58,9,3,6
S01007806,281,145,136,14,14,0,32,24,8,34,33,1,63,28,35,20,14,6,23,11,12,86,18,68,9,3,6
S01007807,369,177,192,9,7,2,21,14,7,36,35,1,84,44,40,27,21,6,30,8,22,142,42,100,20,6,14
S01007808,379,178,201,9,8,1,25,15,10,36,30,6,97,43,54,23,15,8,40,14,26,129,45,84,20,8,12
S01007809,467,234,233,10,10,0,38,30,8,28,26,2,84,50,34,28,22,6,53,22,31,209,66,143,17,8,9
S01007810,302,161,141,12,11,1,21,17,4,28,26,2,84,42,42,23,20,3,34,18,16,90,22,68,10,5,5
S01007811,360,167,193,7,7,0,39,32,7,35,34,1,89,29,60,24,20,4,36,17,19,114,22,92,16,6,10
S01007812,291,139,152,8,6,2,25,19,6,20,20,0,91,47,44,26,20,6,26,8,18,86,19,67,9,0,9
S01007813,285,136,149,4,4,0,29,23,6,18,18,0,82,35,47,21,16,5,25,9,16,90,24,66,16,7,9
S01007814,258,130,128,7,7,0,23,20,3,24,24,0,58,17,41,19,12,7,29,15,14,82,26,56,16,9,7
S01007815,474,228,246,9,8,1,40,36,4,42,39,3,93,42,51,36,27,9,53,20,33,181,47,134,20,9,11
S01007816,359,181,178,11,8,3,37,27,10,36,34,2,85,40,45,19,12,7,29,15,14,131,38,93,11,7,4
S01007817,197,95,102,4,4,0,19,13,6,19,16,3,43,20,23,18,16,2,18,5,13,64,14,50,12,7,5
S01007818,395,190,205,10,8,2,30,18,12,34,33,1,74,31,43,29,24,5,46,26,20,148,43,105,24,7,17
S01007819,395,204,191,5,4,1,29,24,5,49,49,0,76,33,43,38,33,5,24,13,11,160,42,118,14,6,8
S01007820,420,207,213,7,6,1,38,33,5,33,31,2,99,46,53,27,24,3,48,24,24,146,33,113,22,10,12
S01007821,281,136,145,7,7,0,36,30,6,24,22,2,61,23,38,19,11,8,21,11,10,97,25,72,16,7,9
S01007822,344,172,172,4,4,0,18,17,1,37,32,5,65,36,29,31,25,6,30,17,13,149,37,112,10,4,6
S01007823,377,194,183,7,7,0,25,20,5,39,37,2,82,41,41,26,23,3,41,22,19,151,40,111,6,4,2
S01007824,353,173,180,6,5,1,33,26,7,24,20,4,87,47,40,26,16,10,35,13,22,124,38,86,18,8,10
S01007825,481,243,238,9,9,0,26,22,4,53,49,4,107,53,54,40,27,13,45,17,28,180,55,125,21,11,10
S01007826,203,98,105,8,6,2,17,12,5,18,17,1,59,33,26,12,8,4,18,7,11,63,11,52,8,4,4
S01007827,332,151,181,4,2,2,27,20,7,25,24,1,66,27,39,31,25,6,41,17,24,118,27,91,20,9,11
S01007828,414,194,220,12,7,5,29,21,8,26,24,2,82,41,41,31,24,7,48,20,28,152,47,105,34,10,24
S01007829,221,110,111,7,6,1,17,10,7,15,14,1,49,26,23,20,17,3,21,7,14,82,28,54,10,2,8
S01007830,364,194,170,4,3,1,38,32,6,22,18,4,97,53,44,25,22,3,27,10,17,132,45,87,19,11,8
S01007831,300,136,164,10,9,1,20,18,2,25,19,6,73,33,40,20,11,9,35,12,23,110,32,78,7,2,5
S01007832,258,129,129,9,9,0,18,14,4,26,26,0,51,27,24,17,11,6,27,13,14,98,25,73,12,4,8
S01007833,230,119,111,5,3,2,14,11,3,22,21,1,47,25,22,16,13,3,31,13,18,82,30,52,13,3,10
S01007834,320,151,169,5,4,1,36,24,12,24,21,3,55,25,30,20,16,4,32,14,18,132,38,94,16,9,7
S01007835,321,155,166,5,5,0,23,20,3,34,32,2,56,18,38,11,10,1,37,19,18,136,44,92,19,7,12
S01007836,230,116,114,7,7,0,16,9,7,18,16,2,39,22,17,16,11,5,26,15,11,94,30,64,14,6,8
S01007837,370,187,183,11,8,3,29,27,2,40,36,4,67,30,37,34,22,12,25,13,12,147,44,103,17,7,10
S01007838,382,188,194,10,8,2,28,19,9,37,35,2,72,39,33,26,20,6,36,18,18,158,45,113,15,4,11
S01007839,252,124,128,9,8,1,13,12,1,20,20,0,50,20,30,12,10,2,15,6,9,119,41,78,14,7,7
S01007840,344,180,164,6,5,1,20,14,6,31,31,0,75,32,43,33,25,8,31,17,14,131,49,82,17,7,10
S01007841,316,144,172,8,7,1,30,27,3,19,19,0,73,23,50,26,21,5,34,15,19,114,26,88,12,6,6
S01007842,293,135,158,16,9,7,15,13,2,15,14,1,74,31,43,34,24,10,26,15,11,100,26,74,13,3,10
S01007843,295,138,157,3,2,1,16,13,3,18,16,2,63,33,30,26,20,6,24,9,15,135,37,98,10,8,2
S01007844,415,196,219,5,3,2,25,18,7,29,24,5,96,42,54,38,28,10,30,15,15,175,55,120,17,11,6
S01007845,330,148,182,5,5,0,19,14,5,20,18,2,68,27,41,21,14,7,38,20,18,142,39,103,17,11,6
S01007846,292,145,147,7,7,0,27,22,5,19,17,2,62,35,27,20,12,8,36,23,13,108,23,85,13,6,7
S01007847,383,185,198,11,9,2,32,28,4,23,21,2,91,45,46,29,22,7,51,20,31,125,27,98,21,13,8
S01007848,290,135,155,6,5,1,18,14,4,16,14,2,78,30,48,19,13,6,27,17,10,112,37,75,14,5,9
S01007849,375,170,205,3,2,1,34,29,5,29,28,1,98,43,55,26,13,13,35,11,24,134,37,97,16,7,9
S01007850,296,148,148,5,5,0,27,22,5,31,31,0,70,33,37,21,16,5,27,9,18,91,21,70,24,11,13
S01007851,351,186,165,7,7,0,29,18,11,40,38,2,70,37,33,25,23,2,32,18,14,132,41,91,16,4,12
S01007852,250,117,133,3,3,0,28,23,5,17,16,1,72,31,41,19,13,6,16,6,10,85,21,64,10,4,6
S01007853,188,92,96,5,4,1,19,18,1,7,6,1,61,30,31,8,6,2,17,7,10,58,15,43,13,6,7
S01007854,371,176,195,9,6,3,23,16,7,37,34,3,89,46,43,15,9,6,41,18,23,142,43,99,15,4,11
S01007855,212,100,112,3,3,0,16,13,3,17,14,3,60,22,38,12,8,4,23,15,8,69,24,45,12,1,11
S01007856,390,187,203,9,8,1,27,21,6,38,38,0,89,39,50,33,29,4,40,19,21,136,26,110,18,7,11
S01007857,190,83,107,5,4,1,16,10,6,15,12,3,49,21,28,12,9,3,15,10,5,67,14,53,11,3,8
S01007858,400,180,220,7,6,1,36,26,10,24,23,1,109,41,68,33,25,8,37,13,24,137,40,97,17,6,11
S01007859,180,91,89,5,4,1,10,7,3,18,18,0,49,24,25,12,8,4,20,11,9,61,17,44,5,2,3
S01007860,289,143,146,5,5,0,26,22,4,27,25,2,58,24,34,20,15,5,27,11,16,114,36,78,12,5,7
S01007861,274,139,135,2,2,0,35,27,8,20,18,2,69,32,37,26,19,7,25,11,14,82,23,59,15,7,8
S01007862,301,146,155,0,0,0,24,18,6,24,23,1,92,39,53,27,24,3,24,9,15,93,25,68,17,8,9
S01007863,304,155,149,9,6,3,23,16,7,34,32,2,78,43,35,19,15,4,22,7,15,102,29,73,17,7,10
S01007864,390,185,205,8,6,2,36,30,6,37,34,3,85,43,42,23,15,8,31,14,17,148,32,116,22,11,11
S01007865,397,196,201,16,14,2,32,26,6,37,33,4,65,29,36,23,17,6,45,24,21,160,45,115,19,8,11
S01007866,376,194,182,14,12,2,33,27,6,35,32,3,73,33,40,22,19,3,44,25,19,139,40,99,16,6,10
S01007867,239,119,120,17,14,3,10,8,2,12,12,0,45,23,22,6,5,1,30,18,12,104,36,68,15,3,12
S01007868,473,240,233,6,6,0,30,28,2,45,42,3,76,41,35,40,32,8,52,22,30,210,62,148,14,7,7
S01007869,490,244,246,11,10,1,31,23,8,27,26,1,81,42,39,37,26,11,64,31,33,223,79,144,16,7,9
S01007870,274,145,129,43,38,5,13,8,5,17,16,1,50,24,26,23,17,6,22,14,8,96,25,71,10,3,7
S01007871,209,111,98,21,20,1,18,12,6,16,16,0,44,19,25,10,9,1,16,12,4,77,19,58,7,4,3
S01007872,222,94,128,14,14,0,10,6,4,20,19,1,49,16,33,4,4,0,14,9,5,99,22,77,12,4,8
S01007873,307,159,148,31,29,2,18,13,5,18,17,1,53,21,32,18,16,2,20,13,7,131,41,90,18,9,9
S01007874,293,147,146,21,19,2,27,23,4,23,23,0,58,24,34,19,19,0,11,3,8,124,33,91,10,3,7
S01007875,257,122,135,6,6,0,17,15,2,27,27,0,64,29,35,20,14,6,17,6,11,96,21,75,10,4,6
S01007876,468,229,239,17,15,2,29,23,6,47,43,4,95,45,50,20,14,6,55,24,31,184,57,127,21,8,13
S01007877,326,179,147,29,26,3,23,22,1,28,27,1,81,37,44,23,20,3,20,9,11,107,29,78,15,9,6
S01007878,249,108,141,20,16,4,17,13,4,18,18,0,49,18,31,18,15,3,15,7,8,101,15,86,11,6,5
S01007879,273,132,141,17,17,0,23,17,6,21,20,1,49,24,25,19,17,2,14,6,8,116,21,95,14,10,4
S01007880,197,106,91,28,21,7,13,11,2,13,13,0,41,19,22,11,8,3,23,13,10,61,16,45,7,5,2
S01007881,216,123,93,33,26,7,14,9,5,23,21,2,47,27,20,12,8,4,18,11,7,53,13,40,16,8,8
S01007882,421,222,199,82,69,13,23,17,6,32,30,2,82,36,46,26,21,5,31,10,21,132,34,98,13,5,8
S01007883,537,269,268,41,36,5,44,31,13,61,57,4,98,50,48,38,30,8,39,14,25,200,45,155,16,6,10
S01007884,301,150,151,9,9,0,22,17,5,42,41,1,60,23,37,23,17,6,20,9,11,113,30,83,12,4,8
S01007885,268,145,123,11,10,1,42,32,10,39,39,0,46,19,27,21,14,7,22,12,10,73,13,60,14,6,8
S01007886,394,206,188,14,14,0,46,31,15,52,48,4,61,27,34,22,16,6,43,23,20,135,42,93,21,5,16
S01007887,307,167,140,50,42,8,23,17,6,30,26,4,49,23,26,17,14,3,24,14,10,94,22,72,20,9,11
S01007888,418,205,213,18,14,4,37,27,10,50,46,4,122,52,70,22,17,5,28,14,14,123,28,95,18,7,11
S01007889,218,103,115,7,7,0,17,12,5,24,22,2,58,24,34,12,9,3,18,8,10,70,15,55,12,6,6
S01007890,346,163,183,10,10,0,33,25,8,42,39,3,92,37,55,25,18,7,29,9,20,104,19,85,11,6,5
S01007891,418,206,212,16,15,1,43,34,9,60,55,5,79,31,48,30,21,9,27,11,16,145,30,115,18,9,9
S01007892,378,199,179,13,11,2,41,31,10,42,37,5,66,33,33,22,18,4,46,25,21,125,34,91,23,10,13
S01007893,487,251,236,18,14,4,39,36,3,68,63,5,96,39,57,24,19,5,41,23,18,175,46,129,26,11,15
S01007894,450,238,212,12,12,0,51,35,16,66,63,3,83,35,48,35,29,6,46,21,25,140,37,103,17,6,11
S01007895,240,121,119,10,10,0,29,17,12,36,35,1,46,21,25,13,10,3,31,15,16,67,12,55,8,1,7
S01007896,331,172,159,17,15,2,29,21,8,42,41,1,59,23,36,31,27,4,29,15,14,99,22,77,25,8,17
S01007897,230,129,101,49,39,10,19,14,5,22,18,4,24,12,12,12,8,4,30,18,12,62,15,47,12,5,7
S01007898,233,127,106,56,47,9,13,11,2,15,13,2,34,14,20,13,11,2,18,9,9,71,19,52,13,3,10
S01007899,199,111,88,55,41,14,11,7,4,14,14,0,31,13,18,18,13,5,12,6,6,53,15,38,5,2,3
S01007900,214,114,100,16,16,0,23,14,9,28,26,2,34,16,18,15,12,3,18,16,2,78,13,65,2,1,1
S01007901,291,149,142,22,19,3,28,21,7,43,39,4,39,13,26,23,19,4,24,13,11,103,21,82,9,4,5
S01007902,323,166,157,52,48,4,21,15,6,32,32,0,59,21,38,22,19,3,31,13,18,94,16,78,12,2,10
S01007903,228,122,106,27,25,2,23,19,4,30,30,0,38,13,25,16,14,2,19,8,11,66,13,53,9,0,9
S01007904,398,222,176,69,58,11,41,31,10,26,25,1,53,21,32,26,22,4,33,18,15,134,41,93,16,6,10
S01007905,232,122,110,28,26,2,43,24,19,27,27,0,52,17,35,9,8,1,11,8,3,56,9,47,6,3,3
S01007906,261,124,137,38,37,1,48,23,25,20,19,1,37,8,29,21,14,7,16,7,9,72,14,58,9,2,7
S01007907,218,113,105,31,28,3,20,14,6,21,17,4,41,14,27,15,13,2,17,10,7,59,15,44,14,2,12
S01007908,380,204,176,34,33,1,45,34,11,40,40,0,66,30,36,25,21,4,27,16,11,129,25,104,14,5,9
S01007909,241,133,108,35,35,0,22,20,2,20,20,0,41,20,21,17,11,6,17,8,9,78,18,60,11,1,10
S01007910,351,170,181,28,28,0,44,35,9,32,32,0,70,23,47,16,13,3,25,14,11,117,19,98,19,6,13
S01007911,355,182,173,22,18,4,36,31,5,33,33,0,65,29,36,17,15,2,33,16,17,135,32,103,14,8,6
S01007912,348,170,178,19,19,0,41,29,12,34,34,0,55,24,31,29,18,11,20,8,12,136,36,100,14,2,12
S01007913,237,126,111,12,11,1,29,26,3,27,26,1,56,26,30,19,12,7,20,9,11,68,12,56,6,4,2
S01007914,239,122,117,14,14,0,20,15,5,23,21,2,48,16,32,23,20,3,16,10,6,83,21,62,12,5,7
S01007915,374,189,185,13,13,0,32,25,7,35,34,1,69,31,38,18,15,3,32,18,14,157,45,112,18,8,10
S01007916,302,150,152,15,13,2,28,25,3,28,27,1,54,17,37,22,17,5,36,20,16,113,28,85,6,3,3
S01007917,369,188,181,41,41,0,36,27,9,34,33,1,57,18,39,24,18,6,30,10,20,130,34,96,17,7,10
S01007918,413,213,200,32,28,4,39,33,6,43,41,2,60,21,39,25,20,5,40,18,22,155,39,116,19,13,6
S01007919,383,209,174,24,24,0,38,35,3,27,25,2,48,21,27,18,14,4,48,28,20,159,54,105,21,8,13
S01007920,314,168,146,19,19,0,34,30,4,36,35,1,57,25,32,18,15,3,29,15,14,107,23,84,14,6,8
S01007921,358,177,181,26,23,3,41,25,16,44,43,1,59,22,37,28,23,5,25,11,14,117,24,93,18,6,12
S01007922,332,165,167,19,18,1,27,22,5,37,34,3,76,34,42,25,20,5,23,10,13,105,21,84,20,6,14
S01007923,495,251,244,23,22,1,44,33,11,53,51,2,108,54,54,24,20,4,53,26,27,178,39,139,12,6,6
S01007924,379,190,189,16,16,0,38,26,12,41,40,1,88,37,51,26,18,8,33,14,19,123,32,91,14,7,7
S01007925,253,145,108,57,42,15,27,20,7,20,19,1,35,22,13,13,9,4,29,11,18,57,16,41,15,6,9
S01007926,267,143,124,38,31,7,23,16,7,29,23,6,52,24,28,16,11,5,33,13,20,63,17,46,13,8,5
S01007927,358,189,169,42,34,8,34,21,13,29,22,7,57,27,30,26,23,3,54,27,27,87,20,67,29,15,14
S01007928,473,237,236,18,14,4,37,25,12,55,48,7,86,42,44,44,28,16,64,32,32,151,42,109,18,6,12
S01007929,417,227,190,65,53,12,32,24,8,40,34,6,69,34,35,25,19,6,52,25,27,104,28,76,30,10,20
S01007930,344,181,163,41,30,11,18,14,4,40,32,8,66,26,40,25,15,10,71,43,28,67,15,52,16,6,10
S01007931,509,254,255,26,20,6,35,26,9,38,31,7,89,39,50,39,27,12,85,45,40,176,57,119,21,9,12
S01007932,385,200,185,15,10,5,27,20,7,26,25,1,62,34,28,24,16,8,67,43,24,145,42,103,19,10,9
S01007933,397,199,198,6,5,1,28,23,5,38,36,2,86,36,50,37,30,7,64,33,31,124,30,94,14,6,8
S01007934,320,161,159,10,7,3,30,23,7,31,29,2,58,24,34,26,19,7,57,28,29,95,27,68,13,4,9
S01007935,368,194,174,10,8,2,34,26,8,38,33,5,84,49,35,22,14,8,55,28,27,111,31,80,14,5,9
S01007936,545,290,255,26,17,9,56,45,11,43,40,3,87,43,44,36,31,5,98,55,43,181,53,128,18,6,12
S01007937,567,280,287,18,15,3,52,40,12,35,30,5,109,62,47,44,33,11,85,34,51,189,51,138,35,15,20
S01007938,334,159,175,6,6,0,33,26,7,19,17,2,90,40,50,24,15,9,52,23,29,98,26,72,12,6,6
S01007939,348,175,173,11,10,1,38,26,12,30,30,0,93,49,44,16,13,3,41,21,20,109,24,85,10,2,8
S01007940,457,247,210,16,11,5,73,52,21,54,51,3,89,45,44,28,26,2,69,37,32,114,18,96,14,7,7
S01007941,348,179,169,9,8,1,44,28,16,31,25,6,58,32,26,26,18,8,39,27,12,130,36,94,11,5,6
S01007942,236,125,111,4,1,3,38,25,13,38,33,5,41,21,20,15,13,2,28,15,13,66,14,52,6,3,3
S01007943,281,144,137,5,4,1,37,26,11,29,27,2,69,25,44,13,9,4,39,22,17,74,26,48,15,5,10
S01007944,410,220,190,19,13,6,84,65,19,52,46,6,87,37,50,22,18,4,33,17,16,98,19,79,15,5,10
S01007945,342,183,159,15,12,3,40,29,11,34,32,2,72,32,40,25,19,6,45,29,16,92,21,71,19,9,10
S01007946,343,179,164,18,13,5,42,27,15,36,30,6,77,35,42,20,17,3,38,19,19,100,33,67,12,5,7
S01007947,331,174,157,11,9,2,47,31,16,35,32,3,68,29,39,18,13,5,38,19,19,102,36,66,12,5,7
S01007948,223,118,105,5,5,0,40,26,14,27,27,0,36,16,20,15,11,4,32,15,17,56,12,44,12,6,6
S01007949,366,173,193,14,9,5,61,50,11,45,38,7,51,23,28,16,11,5,39,14,25,127,25,102,13,3,10
S01007950,452,234,218,21,20,1,53,37,16,42,35,7,66,30,36,30,24,6,68,37,31,151,47,104,21,4,17
S01007951,363,183,180,12,9,3,50,35,15,47,42,5,66,33,33,17,13,4,47,19,28,113,29,84,11,3,8
S01007952,252,117,135,7,7,0,27,15,12,28,27,1,61,25,36,17,15,2,31,11,20,71,15,56,10,2,8
S01007953,434,219,215,23,20,3,66,42,24,53,51,2,76,27,49,27,22,5,53,27,26,117,24,93,19,6,13
S01007954,280,142,138,10,9,1,43,26,17,23,22,1,67,29,38,21,19,2,26,13,13,73,21,52,17,3,14
S01007955,370,184,186,4,4,0,50,37,13,33,32,1,99,45,54,29,25,4,31,13,18,97,19,78,27,9,18
S01007956,319,140,179,9,8,1,33,25,8,39,38,1,80,31,49,12,11,1,27,14,13,99,11,88,20,2,18
S01007957,397,195,202,13,12,1,54,33,21,41,38,3,103,37,66,27,22,5,38,19,19,103,33,70,18,1,17
S01007958,341,164,177,18,18,0,48,35,13,42,36,6,62,23,39,20,14,6,40,18,22,92,14,78,19,6,13
S01007959,391,199,192,13,11,2,58,43,15,31,31,0,78,43,35,21,14,7,61,28,33,119,25,94,10,4,6
S01007960,329,156,173,3,3,0,41,31,10,39,36,3,73,32,41,13,10,3,40,17,23,103,21,82,17,6,11
S01007961,447,274,173,69,52,17,33,25,8,64,58,6,71,42,29,31,23,8,68,29,39,96,38,58,15,7,8
S01007962,245,125,120,3,3,0,37,24,13,21,21,0,49,25,24,17,14,3,38,17,21,65,19,46,15,2,13
S01007963,249,130,119,9,6,3,17,8,9,29,28,1,72,33,39,19,17,2,24,12,12,64,19,45,15,7,8
S01007964,299,149,150,6,6,0,19,14,5,31,30,1,84,38,46,20,16,4,44,18,26,80,23,57,15,4,11
S01007965,237,120,117,6,4,2,26,21,5,19,19,0,61,34,27,14,10,4,30,10,20,69,18,51,12,4,8
S01007966,328,151,177,9,8,1,49,35,14,22,22,0,89,37,52,14,9,5,30,15,15,101,19,82,14,6,8
S01007967,237,106,131,1,1,0,23,20,3,16,15,1,66,27,39,16,15,1,25,9,16,74,11,63,16,8,8
S01007968,373,194,179,7,7,0,53,44,9,38,35,3,77,39,38,18,14,4,45,20,25,122,30,92,13,5,8
S01007969,363,183,180,6,6,0,38,30,8,40,36,4,79,38,41,20,16,4,41,17,24,120,33,87,19,7,12
S01007970,397,198,199,10,10,0,62,40,22,43,41,2,94,46,48,19,17,2,40,20,20,109,18,91,20,6,14
S01007971,385,195,190,10,9,1,45,37,8,30,30,0,89,40,49,27,21,6,38,18,20,126,35,91,20,5,15
S01007972,397,195,202,10,9,1,52,43,9,36,35,1,117,47,70,22,17,5,36,13,23,106,23,83,18,8,10
S01007973,469,240,229,11,7,4,81,66,15,42,41,1,92,52,40,21,14,7,56,26,30,148,31,117,18,3,15
S01007974,332,155,177,6,5,1,46,29,17,26,24,2,93,40,53,27,19,8,38,18,20,84,18,66,12,2,10
S01007975,279,145,134,7,5,2,27,24,3,23,22,1,66,43,23,18,13,5,21,8,13,96,20,76,21,10,11
S01007976,301,155,146,9,8,1,35,27,8,27,26,1,58,21,37,18,14,4,49,24,25,88,25,63,17,10,7
S01007977,374,186,188,7,6,1,38,28,10,32,30,2,81,37,44,28,20,8,47,26,21,127,28,99,14,11,3
S01007978,308,171,137,6,6,0,28,20,8,38,35,3,67,33,34,24,22,2,35,16,19,98,34,64,12,5,7
S01007979,439,240,199,7,6,1,45,34,11,36,31,5,80,50,30,23,19,4,72,38,34,149,48,101,27,14,13
S01007980,339,173,166,13,12,1,35,28,7,28,25,3,84,45,39,16,13,3,37,18,19,104,23,81,22,9,13
S01007981,252,128,124,3,3,0,33,25,8,22,20,2,52,28,24,16,10,6,24,12,12,92,23,69,10,7,3
S01007982,249,116,133,4,3,1,29,25,4,16,16,0,53,24,29,14,9,5,37,16,21,84,18,66,12,5,7
S01007983,281,140,141,6,6,0,31,23,8,23,22,1,85,36,49,15,13,2,29,14,15,79,20,59,13,6,7
S01007984,357,171,186,11,9,2,51,35,16,19,19,0,75,31,44,19,17,2,43,23,20,120,29,91,19,8,11
S01007985,352,180,172,9,7,2,42,31,11,36,33,3,89,37,52,26,23,3,44,22,22,89,23,66,17,4,13
S01007986,255,127,128,7,7,0,41,30,11,20,18,2,45,21,24,12,11,1,26,12,14,88,20,68,16,8,8
S01007987,387,195,192,10,8,2,48,36,12,35,31,4,76,38,38,20,14,6,48,26,22,134,38,96,16,4,12
S01007988,334,170,164,7,5,2,36,31,5,31,29,2,82,42,40,17,11,6,44,20,24,99,23,76,18,9,9
S01007989,324,155,169,2,1,1,36,28,8,30,29,1,74,35,39,25,18,7,45,16,29,97,23,74,15,5,10
S01007990,449,216,233,5,5,0,45,35,10,29,27,2,115,58,57,37,30,7,53,23,30,143,30,113,22,8,14
S01007991,567,297,270,17,12,5,61,47,14,36,30,6,115,56,59,36,27,9,92,56,36,188,54,134,22,15,7
S01007992,384,201,183,8,7,1,35,27,8,30,28,2,82,40,42,31,22,9,52,24,28,126,43,83,20,10,10
S01007993,474,233,241,16,11,5,71,55,16,42,38,4,79,41,38,16,13,3,50,20,30,177,49,128,23,6,17
S01007994,486,245,241,14,11,3,70,50,20,28,26,2,78,42,36,39,25,14,83,42,41,157,45,112,17,4,13
S01007995,517,259,258,10,6,4,57,40,17,31,27,4,107,52,55,35,28,7,71,44,27,191,55,136,15,7,8
S01007996,240,125,115,7,5,2,33,26,7,14,11,3,46,27,19,12,7,5,46,25,21,75,21,54,7,3,4
S01007997,337,171,166,5,5,0,38,25,13,24,22,2,72,41,31,17,14,3,54,31,23,116,30,86,11,3,8
S01007998,263,140,123,7,5,2,17,13,4,26,22,4,57,29,28,22,17,5,33,15,18,91,37,54,10,2,8
S01007999,318,157,161,4,4,0,46,27,19,44,40,4,73,30,43,18,14,4,37,20,17,84,16,68,12,6,6
S01008000,349,156,193,10,9,1,34,23,11,29,27,2,74,31,43,32,21,11,35,18,17,121,25,96,14,2,12
S01008001,286,143,143,14,12,2,31,24,7,16,15,1,81,41,40,25,15,10,34,16,18,72,14,58,13,6,7
S01008002,283,149,134,11,10,1,24,10,14,37,36,1,64,30,34,14,14,0,53,32,21,73,15,58,7,2,5
S01008003,284,145,139,5,3,2,33,22,11,23,22,1,61,30,31,24,18,6,33,16,17,94,30,64,11,4,7
S01008004,329,160,169,13,12,1,44,31,13,24,22,2,71,33,38,28,20,8,41,18,23,100,23,77,8,1,7
S01008005,297,135,162,7,6,1,19,13,6,26,25,1,58,27,31,24,15,9,40,23,17,107,22,85,16,4,12
S01008006,173,88,85,6,6,0,25,13,12,19,19,0,40,17,23,11,9,2,25,15,10,39,8,31,8,1,7
S01008007,168,86,82,4,3,1,27,19,8,6,6,0,45,26,19,11,8,3,21,13,8,46,9,37,8,2,6
S01008008,252,121,131,5,4,1,21,15,6,19,15,4,54,25,29,25,20,5,43,22,21,60,11,49,25,9,16
S01008009,302,142,160,7,5,2,34,24,10,24,24,0,60,23,37,26,18,8,32,17,15,101,27,74,18,4,14
S01008010,392,205,187,18,12,6,39,26,13,34,32,2,98,48,50,29,25,4,48,24,24,110,30,80,16,8,8
S01008011,248,131,117,6,4,2,22,13,9,12,12,0,59,32,27,20,16,4,43,24,19,68,24,44,18,6,12
S01008012,416,209,207,16,13,3,32,26,6,28,21,7,108,51,57,33,25,8,59,23,36,114,39,75,26,11,15
S01008013,315,164,151,4,3,1,29,25,4,22,17,5,57,27,30,18,16,2,40,21,19,131,50,81,14,5,9
S01008014,321,162,159,7,6,1,39,28,11,20,15,5,59,38,21,24,19,5,29,16,13,131,35,96,12,5,7
S01008015,348,163,185,12,8,4,32,24,8,25,23,2,92,43,49,32,21,11,37,14,23,109,28,81,9,2,7
S01008016,353,177,176,10,5,5,50,38,12,30,29,1,77,39,38,22,16,6,35,19,16,114,26,88,15,5,10
S01008017,407,212,195,6,5,1,39,31,8,27,24,3,69,40,29,20,15,5,57,37,20,169,55,114,20,5,15
S01008018,308,164,144,3,3,0,33,23,10,23,22,1,53,28,25,12,9,3,49,29,20,115,38,77,20,12,8
S01008019,367,203,164,12,11,1,36,29,7,23,19,4,71,35,36,20,19,1,55,40,15,130,43,87,20,7,13
S01008020,351,179,172,10,9,1,34,22,12,37,34,3,82,39,43,19,14,5,50,24,26,102,28,74,17,9,8
S01008021,276,136,140,3,1,2,23,18,5,20,20,0,49,27,22,16,11,5,46,25,21,111,30,81,8,4,4
S01008022,371,190,181,9,7,2,48,38,10,15,15,0,73,39,34,18,14,4,50,21,29,134,44,90,24,12,12
S01008023,402,208,194,12,9,3,57,41,16,37,31,6,78,41,37,21,17,4,61,29,32,125,34,91,11,6,5
S01008024,415,196,219,17,15,2,45,33,12,32,28,4,69,27,42,17,12,5,76,33,43,145,44,101,14,4,10
S01008025,393,200,193,15,11,4,50,43,7,25,23,2,79,49,30,22,20,2,43,14,29,148,37,111,11,3,8
S01008026,484,259,225,15,14,1,52,42,10,55,52,3,91,39,52,28,26,2,56,33,23,170,47,123,17,6,11
S01008027,263,127,136,6,5,1,29,23,6,28,26,2,68,26,42,13,11,2,24,10,14,85,22,63,10,4,6
S01008028,315,165,150,11,10,1,29,23,6,34,28,6,66,33,33,26,20,6,36,18,18,101,28,73,12,5,7
S01008029,436,231,205,46,38,8,31,21,10,43,42,1,87,41,46,19,13,6,54,24,30,131,41,90,25,11,14
S01008030,518,249,269,10,8,2,51,32,19,47,45,2,94,42,52,47,38,9,82,36,46,176,44,132,11,4,7
S01008031,403,194,209,11,8,3,30,19,11,50,45,5,84,36,48,23,16,7,60,34,26,129,29,100,16,7,9
S01008032,441,218,223,10,9,1,45,29,16,42,39,3,94,44,50,42,34,8,53,22,31,138,33,105,17,8,9
S01008033,453,241,212,12,10,2,22,20,2,27,26,1,88,43,45,33,25,8,83,52,31,158,52,106,30,13,17
S01008034,444,220,224,8,6,2,29,23,6,22,19,3,76,38,38,33,23,10,93,52,41,167,52,115,16,7,9
S01008035,312,151,161,4,4,0,28,18,10,17,11,6,53,29,24,19,16,3,57,23,34,119,45,74,15,5,10
S01008036,336,178,158,6,5,1,22,20,2,31,26,5,65,35,30,29,25,4,48,24,24,121,37,84,14,6,8
S01008037,478,234,244,4,4,0,21,15,6,54,46,8,102,52,50,41,29,12,69,40,29,163,38,125,24,10,14
S01008038,370,178,192,11,9,2,18,13,5,38,35,3,92,39,53,30,21,9,63,36,27,96,20,76,22,5,17
S01008039,424,214,210,5,5,0,18,15,3,40,38,2,112,54,58,30,23,7,70,37,33,120,26,94,29,16,13
S01008040,356,189,167,6,5,1,34,25,9,20,18,2,52,26,26,25,23,2,57,34,23,136,47,89,26,11,15
S01008041,304,148,156,7,6,1,14,13,1,14,13,1,49,22,27,21,13,8,58,34,24,120,34,86,21,13,8
S01008042,254,133,121,5,3,2,19,15,4,12,10,2,34,17,17,22,15,7,61,36,25,89,29,60,12,8,4
S01008043,437,226,211,8,8,0,40,31,9,28,24,4,51,26,25,38,20,18,91,59,32,155,48,107,26,10,16
S01008044,468,240,228,2,2,0,29,24,5,19,15,4,69,36,33,44,28,16,84,54,30,188,69,119,33,12,21
S01008045,421,223,198,15,13,2,25,20,5,26,22,4,83,36,47,29,20,9,85,56,29,129,40,89,29,16,13
S01008046,311,148,163,4,4,0,14,11,3,19,18,1,76,36,40,28,18,10,55,26,29,91,20,71,24,15,9
S01008047,305,160,145,5,5,0,22,19,3,21,17,4,42,21,21,21,15,6,64,39,25,115,37,78,15,7,8
S01008048,241,130,111,2,2,0,13,11,2,17,16,1,44,21,23,16,14,2,53,34,19,85,24,61,11,8,3
S01008049,370,198,172,10,9,1,23,18,5,31,25,6,47,30,17,33,22,11,71,43,28,141,44,97,14,7,7
S01008050,261,134,127,4,4,0,17,13,4,9,7,2,49,23,26,19,15,4,51,37,14,101,31,70,11,4,7
S01008051,429,224,205,8,8,0,19,14,5,19,17,2,59,30,29,33,26,7,92,54,38,182,65,117,17,10,7
S01008052,431,229,202,7,7,0,32,25,7,24,21,3,48,32,16,24,19,5,99,53,46,182,65,117,15,7,8
S01008053,249,123,126,3,2,1,11,8,3,15,14,1,31,16,15,23,19,4,70,34,36,79,22,57,17,8,9
S01008054,341,188,153,3,2,1,20,15,5,12,8,4,63,37,26,23,18,5,80,50,30,128,52,76,12,6,6
S01008055,488,268,220,11,7,4,35,30,5,26,21,5,75,39,36,30,24,6,117,74,43,176,64,112,18,9,9
S01008056,314,172,142,4,3,1,19,12,7,15,14,1,55,31,24,23,18,5,61,36,25,122,48,74,15,10,5
S01008057,437,230,207,12,10,2,19,17,2,23,21,2,70,41,29,29,20,9,101,58,43,162,54,108,21,9,12
S01008058,488,251,237,9,5,4,19,16,3,23,19,4,113,57,56,30,24,6,107,65,42,160,51,109,27,14,13
S01008059,347,171,176,5,5,0,23,19,4,21,15,6,50,30,20,37,28,9,70,32,38,131,41,90,10,1,9
S01008060,463,231,232,12,9,3,34,30,4,21,20,1,69,36,33,38,24,14,80,45,35,181,58,123,28,9,19
S01008061,380,188,192,4,3,1,21,15,6,22,17,5,66,39,27,35,27,8,78,41,37,142,43,99,12,3,9
S01008062,428,215,213,8,6,2,14,12,2,34,32,2,72,37,35,32,26,6,65,35,30,183,60,123,20,7,13
S01008063,448,233,215,5,3,2,29,23,6,20,17,3,65,42,23,42,33,9,78,38,40,191,69,122,18,8,10
S01008064,315,156,159,5,3,2,14,10,4,26,20,6,74,44,30,29,19,10,44,20,24,109,28,81,14,12,2
S01008065,484,253,231,7,5,2,22,19,3,26,23,3,65,37,28,43,31,12,100,57,43,200,72,128,21,9,12
S01008066,423,229,194,11,9,2,18,13,5,26,24,2,53,26,27,30,20,10,100,62,38,166,65,101,19,10,9
S01008067,307,166,141,3,3,0,15,12,3,26,23,3,46,26,20,22,14,8,65,36,29,117,45,72,13,7,6
S01008068,467,238,229,6,5,1,39,27,12,37,32,5,78,37,41,45,38,7,74,37,37,168,54,114,20,8,12
S01008069,485,236,249,9,8,1,34,26,8,30,29,1,98,50,48,34,23,11,95,43,52,165,50,115,20,7,13
S01008070,476,235,241,6,6,0,34,29,5,46,42,4,85,45,40,34,24,10,77,29,48,171,53,118,23,7,16
S01008071,380,192,188,5,5,0,23,21,2,27,23,4,55,29,26,27,20,7,65,34,31,161,53,108,17,7,10
S01008072,402,214,188,12,9,3,26,21,5,23,18,5,61,38,23,30,22,8,66,33,33,163,61,102,21,12,9
S01008073,235,119,116,5,5,0,11,6,5,16,13,3,48,23,25,18,12,6,50,30,20,79,24,55,8,6,2
S01008074,497,240,257,5,5,0,25,19,6,39,33,6,74,34,40,45,32,13,89,52,37,204,59,145,16,6,10
S01008075,230,126,104,5,4,1,14,12,2,13,11,2,43,26,17,14,9,5,56,31,25,77,29,48,8,4,4
S01008076,228,114,114,4,4,0,13,11,2,16,16,0,37,23,14,19,11,8,56,28,28,76,19,57,7,2,5
S01008077,348,191,157,3,1,2,11,9,2,18,18,0,61,36,25,30,24,6,80,61,19,134,34,100,11,8,3
S01008078,373,207,166,5,4,1,18,14,4,21,17,4,89,52,37,23,18,5,68,42,26,134,50,84,15,10,5
S01008079,390,213,177,7,5,2,19,10,9,33,28,5,73,49,24,27,23,4,67,35,32,149,54,95,15,9,6
S01008080,336,178,158,1,0,1,27,24,3,19,18,1,36,23,13,35,28,7,70,42,28,135,41,94,13,2,11
S01008081,276,151,125,4,3,1,15,10,5,17,16,1,49,31,18,23,17,6,59,34,25,92,30,62,17,10,7
S01008082,407,201,206,2,2,0,23,12,11,17,17,0,80,50,30,33,28,5,71,36,35,164,49,115,17,7,10
S01008083,341,177,164,4,4,0,20,19,1,15,13,2,58,31,27,28,19,9,53,32,21,145,51,94,18,8,10
S01008084,418,211,207,7,7,0,37,29,8,33,30,3,73,33,40,41,26,15,66,35,31,144,41,103,17,10,7
S01008085,533,259,274,20,16,4,30,18,12,48,38,10,81,39,42,40,27,13,82,44,38,197,65,132,35,12,23
S01008086,577,293,284,14,14,0,30,21,9,64,57,7,101,51,50,50,34,16,102,50,52,193,59,134,23,7,16
S01008087,372,188,184,6,6,0,24,19,5,28,24,4,66,37,29,38,31,7,66,26,40,127,37,90,17,8,9
S01008088,422,213,209,7,5,2,21,14,7,39,34,5,78,38,40,37,25,12,84,50,34,136,41,95,20,6,14
S01008089,310,163,147,3,3,0,26,24,2,27,23,4,53,29,24,26,22,4,50,18,32,116,39,77,9,5,4
S01008090,379,195,184,15,10,5,22,18,4,39,37,2,61,29,32,29,20,9,63,30,33,132,42,90,18,9,9
S01008091,191,92,99,3,2,1,10,7,3,12,12,0,29,15,14,30,25,5,35,15,20,64,14,50,8,2,6
S01008092,396,214,182,6,5,1,13,9,4,35,30,5,75,44,31,35,25,10,74,44,30,140,47,93,18,10,8
S01008093,360,182,178,7,6,1,15,11,4,32,29,3,79,43,36,28,20,8,45,19,26,131,42,89,23,12,11
S01008094,316,172,144,6,5,1,16,16,0,27,22,5,76,49,27,27,17,10,54,29,25,95,29,66,15,5,10
S01008095,352,168,184,3,3,0,23,17,6,32,28,4,57,26,31,42,23,19,55,24,31,123,39,84,17,8,9
S01008096,337,171,166,6,6,0,14,13,1,31,26,5,58,32,26,24,19,5,60,28,32,130,42,88,14,5,9
S01008097,273,136,137,7,6,1,11,10,1,20,20,0,56,23,33,22,17,5,49,30,19,92,26,66,16,4,12
S01008098,379,185,194,10,6,4,20,18,2,37,33,4,58,27,31,27,24,3,56,27,29,150,40,110,21,10,11
S01008099,269,137,132,8,6,2,22,21,1,27,25,2,37,16,21,18,16,2,54,23,31,92,24,68,11,6,5
S01008100,399,212,187,4,4,0,18,13,5,32,29,3,79,43,36,23,19,4,98,54,44,130,43,87,15,7,8
S01008101,425,203,222,5,2,3,34,24,10,36,34,2,73,34,39,35,24,11,70,30,40,156,49,107,16,6,10
S01008102,380,187,193,2,2,0,30,23,7,38,34,4,74,30,44,37,25,12,71,32,39,113,34,79,15,7,8
S01008103,292,141,151,7,6,1,13,8,5,23,18,5,51,23,28,23,20,3,55,29,26,100,30,70,20,7,13
S01008104,405,193,212,5,4,1,19,15,4,41,39,2,85,43,42,33,25,8,60,26,34,145,37,108,17,4,13
S01008105,464,221,243,5,5,0,21,17,4,50,47,3,97,45,52,48,39,9,71,28,43,142,29,113,30,11,19
S01008106,314,145,169,5,4,1,9,9,0,33,29,4,73,34,39,25,16,9,48,21,27,104,22,82,17,10,7
S01008107,487,256,231,9,6,3,26,16,10,53,50,3,93,51,42,42,29,13,75,43,32,172,55,117,17,6,11
S01008108,394,191,203,2,2,0,26,19,7,31,30,1,85,45,40,39,28,11,59,25,34,133,32,101,19,10,9
S01008109,485,247,238,10,9,1,32,29,3,56,51,5,82,38,44,34,23,11,78,39,39,170,48,122,23,10,13
S01008110,484,238,246,3,3,0,23,22,1,39,38,1,101,55,46,45,35,10,83,37,46,172,45,127,18,3,15
S01008111,434,224,210,4,4,0,25,19,6,30,29,1,73,36,37,45,36,9,76,44,32,164,48,116,17,8,9
S01008112,385,189,196,5,4,1,26,23,3,21,19,2,82,42,40,31,25,6,68,37,31,134,32,102,18,7,11
S01008113,447,231,216,2,2,0,29,24,5,32,27,5,84,45,39,46,33,13,77,38,39,152,50,102,25,12,13
S01008114,337,177,160,7,5,2,24,20,4,28,24,4,68,34,34,40,33,7,54,27,27,100,24,76,16,10,6
S01008115,516,266,250,9,7,2,24,19,5,53,48,5,99,46,53,44,34,10,80,44,36,181,56,125,26,12,14
S01008116,472,235,237,9,8,1,39,28,11,24,22,2,88,49,39,37,26,11,69,31,38,192,65,127,14,6,8
S01008117,373,193,180,6,4,2,30,24,6,30,25,5,63,33,30,36,26,10,44,23,21,145,51,94,19,7,12
S01008118,386,194,192,8,8,0,19,16,3,29,26,3,67,33,34,32,22,10,70,30,40,143,48,95,18,11,7
S01008119,278,138,140,4,2,2,22,21,1,29,26,3,70,28,42,31,24,7,28,11,17,82,21,61,12,5,7
S01008120,272,140,132,6,3,3,19,17,2,23,21,2,50,27,23,16,11,5,46,24,22,104,31,73,8,6,2
S01008121,305,160,145,2,2,0,14,10,4,25,23,2,37,21,16,14,11,3,69,45,24,133,41,92,11,7,4
S01008122,346,191,155,6,6,0,12,9,3,29,21,8,42,23,19,27,22,5,98,53,45,117,49,68,15,8,7
S01008123,437,224,213,4,2,2,20,16,4,37,27,10,63,37,26,27,16,11,95,62,33,168,52,116,23,12,11
S01008124,433,222,211,7,6,1,36,27,9,30,29,1,66,40,26,37,28,9,76,36,40,167,50,117,14,6,8
S01008125,455,240,215,7,7,0,31,29,2,39,32,7,71,40,31,41,27,14,91,50,41,155,45,110,20,10,10
S01008126,459,226,233,19,11,8,38,33,5,30,27,3,58,32,26,30,22,8,98,47,51,169,48,121,17,6,11
S01008127,251,128,123,3,2,1,13,10,3,10,10,0,30,19,11,18,15,3,51,29,22,121,41,80,5,2,3
S01008128,442,228,214,7,7,0,24,20,4,37,33,4,94,46,48,29,26,3,70,35,35,155,50,105,26,11,15
S01008129,433,212,221,8,6,2,37,31,6,38,34,4,87,38,49,31,22,9,55,23,32,159,48,111,18,10,8
S01008130,468,247,221,6,2,4,33,27,6,35,35,0,79,37,42,35,28,7,85,51,34,157,52,105,38,15,23
S01008131,350,176,174,7,6,1,24,16,8,29,27,2,60,26,34,32,27,5,56,28,28,127,43,84,15,3,12
S01008132,469,242,227,14,10,4,31,27,4,61,52,9,67,38,29,29,24,5,76,32,44,160,45,115,31,14,17
S01008133,248,132,116,3,1,2,28,25,3,17,17,0,35,13,22,20,15,5,52,30,22,78,23,55,15,8,7
S01008134,325,167,158,7,5,2,19,15,4,32,29,3,53,30,23,18,16,2,66,30,36,113,35,78,17,7,10
S01008135,597,299,298,10,10,0,41,31,10,59,55,4,96,48,48,49,34,15,96,38,58,218,67,151,28,16,12
S01008136,434,217,217,3,1,2,34,26,8,43,34,9,85,48,37,40,29,11,73,32,41,143,42,101,13,5,8
S01008137,323,144,179,7,7,0,35,32,3,24,23,1,73,25,48,22,17,5,61,24,37,81,12,69,20,4,16
S01008138,329,150,179,4,4,0,22,15,7,37,35,2,82,30,52,22,15,7,52,25,27,98,19,79,12,7,5
S01008139,363,157,206,6,6,0,23,13,10,28,25,3,76,30,46,29,24,5,48,20,28,135,34,101,18,5,13
S01008140,204,104,100,7,5,2,11,9,2,17,15,2,45,25,20,12,10,2,34,15,19,69,21,48,9,4,5
S01008141,425,217,208,3,2,1,33,27,6,39,36,3,89,44,45,40,29,11,54,25,29,147,43,104,20,11,9
S01008142,445,224,221,6,5,1,20,18,2,40,33,7,87,46,41,51,38,13,75,33,42,149,42,107,17,9,8
S01008143,390,173,217,8,5,3,23,18,5,32,27,5,79,36,43,32,18,14,49,23,26,148,40,108,19,6,13
S01008144,308,164,144,9,8,1,20,16,4,27,24,3,55,21,34,22,20,2,52,25,27,110,43,67,13,7,6
S01008145,383,196,187,12,9,3,40,23,17,53,49,4,68,35,33,34,27,7,39,17,22,119,26,93,18,10,8
S01008146,210,111,99,17,12,5,32,19,13,28,25,3,36,21,15,12,12,0,24,7,17,56,13,43,5,2,3
S01008147,405,203,202,5,4,1,37,32,5,40,35,5,97,41,56,29,26,3,62,31,31,121,26,95,14,8,6
S01008148,420,214,206,9,7,2,21,16,5,49,41,8,87,45,42,34,28,6,55,27,28,155,44,111,10,6,4
S01008149,335,153,182,4,4,0,21,18,3,30,27,3,70,33,37,29,21,8,50,22,28,120,25,95,11,3,8
S01008150,407,203,204,4,3,1,39,31,8,47,44,3,81,41,40,28,23,5,55,27,28,139,31,108,14,3,11
S01008151,317,160,157,3,3,0,31,25,6,30,28,2,62,24,38,21,17,4,45,21,24,111,36,75,14,6,8
S01008152,437,198,239,9,5,4,35,28,7,36,32,4,99,45,54,42,30,12,64,23,41,139,30,109,13,5,8
S01008153,463,244,219,10,6,4,25,22,3,50,45,5,81,44,37,31,23,8,77,43,34,170,53,117,19,8,11
S01008154,377,183,194,9,5,4,21,20,1,32,26,6,62,30,32,31,29,2,62,22,40,144,42,102,16,9,7
S01008155,349,169,180,5,4,1,27,21,6,30,26,4,61,32,29,23,14,9,59,24,35,125,39,86,19,9,10
S01008156,438,211,227,14,9,5,18,11,7,51,46,5,101,51,50,23,16,7,59,27,32,145,39,106,27,12,15
S01008157,383,190,193,11,9,2,19,16,3,36,33,3,71,37,34,37,25,12,60,30,30,130,35,95,19,5,14
S01008158,462,233,229,5,5,0,28,22,6,48,43,5,92,49,43,32,26,6,66,36,30,172,45,127,19,7,12
S01008159,384,200,184,8,7,1,21,15,6,36,36,0,88,45,43,18,15,3,40,19,21,148,49,99,25,14,11
S01008160,389,190,199,9,7,2,33,27,6,30,27,3,64,29,35,40,29,11,46,21,25,146,40,106,21,10,11
S01008161,603,299,304,21,16,5,40,30,10,65,57,8,91,41,50,50,42,8,92,43,49,219,64,155,25,6,19
S01008162,520,276,244,14,11,3,32,23,9,54,48,6,95,55,40,23,20,3,76,37,39,204,67,137,22,15,7
S01008163,332,171,161,20,16,4,22,20,2,27,25,2,88,38,50,23,21,2,54,25,29,79,22,57,19,4,15
S01008164,531,227,304,5,4,1,15,14,1,36,36,0,209,62,147,18,17,1,64,28,36,133,38,95,51,28,23
S01008165,441,233,208,20,13,7,16,13,3,47,42,5,83,45,38,43,35,8,75,27,48,135,50,85,22,8,14
S01008166,257,131,126,4,3,1,11,10,1,34,34,0,66,30,36,16,12,4,33,18,15,78,19,59,15,5,10
S01008167,310,158,152,11,11,0,20,15,5,41,37,4,81,33,48,22,19,3,40,18,22,76,18,58,19,7,12
S01008168,369,180,189,12,11,1,26,22,4,32,27,5,93,39,54,49,37,12,42,16,26,98,24,74,17,4,13
S01008169,376,183,193,8,8,0,29,22,7,34,31,3,84,36,48,22,20,2,60,30,30,116,25,91,23,11,12
S01008170,326,164,162,5,2,3,16,12,4,20,17,3,64,26,38,37,33,4,74,41,33,86,24,62,24,9,15
S01008171,350,166,184,6,5,1,13,9,4,24,21,3,85,48,37,32,29,3,57,19,38,117,29,88,16,6,10
S01008172,267,121,146,10,8,2,15,12,3,31,28,3,55,18,37,16,13,3,45,18,27,77,17,60,18,7,11
S01008173,357,170,187,8,7,1,16,12,4,25,22,3,77,39,38,25,23,2,74,32,42,122,34,88,10,1,9
S01008174,305,155,150,3,3,0,15,14,1,30,29,1,56,30,26,18,14,4,75,34,41,93,26,67,15,5,10
S01008175,410,197,213,6,5,1,32,24,8,31,30,1,60,29,31,32,26,6,95,32,63,132,40,92,22,11,11
S01008176,385,197,188,13,10,3,13,10,3,31,28,3,65,36,29,29,26,3,96,44,52,117,36,81,21,7,14
S01008177,340,177,163,8,7,1,16,14,2,28,24,4,78,44,34,23,19,4,56,34,22,116,29,87,15,6,9
S01008178,307,162,145,8,6,2,19,16,3,22,21,1,58,32,26,23,21,2,56,21,35,100,35,65,21,10,11
S01008179,294,147,147,3,2,1,9,6,3,23,23,0,49,26,23,17,15,2,78,33,45,104,37,67,11,5,6
S01008180,286,136,150,5,4,1,6,4,2,23,22,1,52,29,23,19,13,6,73,35,38,90,20,70,18,9,9
S01008181,337,178,159,11,8,3,18,15,3,29,27,2,62,33,29,18,14,4,79,41,38,97,27,70,23,13,10
S01008182,525,253,272,9,6,3,34,28,6,32,31,1,111,52,59,34,26,8,104,48,56,161,52,109,40,10,30
S01008183,341,165,176,5,5,0,23,14,9,18,17,1,70,38,32,25,21,4,66,28,38,125,39,86,9,3,6
S01008184,398,196,202,8,5,3,21,18,3,17,15,2,83,43,40,20,16,4,84,39,45,137,46,91,28,14,14
S01008185,506,243,263,14,10,4,26,19,7,38,33,5,111,53,58,21,18,3,87,43,44,178,59,119,31,8,23
S01008186,326,153,173,11,9,2,12,9,3,23,22,1,63,28,35,26,17,9,63,32,31,115,31,84,13,5,8
S01008187,297,145,152,3,3,0,16,12,4,26,24,2,59,26,33,27,22,5,61,28,33,89,23,66,16,7,9
S01008188,387,181,206,3,2,1,23,18,5,33,29,4,96,36,60,34,24,10,64,30,34,110,32,78,24,10,14
S01008189,274,137,137,12,8,4,15,11,4,22,21,1,45,20,25,19,15,4,52,28,24,97,27,70,12,7,5
S01008190,402,197,205,8,7,1,19,17,2,33,32,1,105,49,56,28,25,3,60,26,34,117,23,94,32,18,14
S01008191,222,105,117,4,4,0,11,9,2,19,15,4,56,24,32,8,7,1,32,15,17,77,23,54,15,8,7
S01008192,432,212,220,27,18,9,16,15,1,33,29,4,90,42,48,27,23,4,88,43,45,134,34,100,17,8,9
S01008193,389,190,199,5,3,2,19,16,3,25,22,3,90,44,46,27,21,6,74,44,30,130,32,98,19,8,11
S01008194,296,150,146,8,7,1,15,12,3,22,17,5,64,34,30,27,23,4,48,25,23,98,31,67,14,1,13
S01008195,385,184,201,5,4,1,21,16,5,39,36,3,109,41,68,20,18,2,64,28,36,103,24,79,24,17,7
S01008196,355,168,187,17,12,5,19,15,4,33,31,2,103,51,52,16,12,4,46,19,27,95,20,75,26,8,18
S01008197,596,305,291,17,15,2,28,24,4,55,53,2,101,54,47,39,31,8,161,66,95,157,45,112,38,17,21
S01008198,318,157,161,7,5,2,21,19,2,35,34,1,82,33,49,22,18,4,43,17,26,88,23,65,20,8,12
S01008199,331,169,162,19,16,3,18,14,4,32,30,2,88,27,61,31,29,2,46,26,20,70,20,50,27,7,20
S01008200,249,113,136,10,9,1,9,6,3,32,30,2,67,20,47,17,16,1,32,11,21,70,17,53,12,4,8
S01008201,329,167,162,15,13,2,24,14,10,23,22,1,82,35,47,31,28,3,42,18,24,93,25,68,19,12,7
S01008202,269,134,135,3,3,0,13,12,1,24,23,1,45,18,27,20,17,3,64,27,37,83,26,57,17,8,9
S01008203,240,115,125,6,5,1,10,5,5,35,28,7,62,24,38,12,12,0,33,14,19,68,24,44,14,3,11
S01008204,339,185,154,13,12,1,16,15,1,26,25,1,65,35,30,28,20,8,57,32,25,108,33,75,26,13,13
S01008205,334,164,170,15,13,2,27,23,4,33,32,1,71,21,50,33,26,7,34,18,16,92,21,71,29,10,19
S01008206,292,150,142,6,5,1,16,12,4,41,38,3,64,30,34,22,18,4,38,18,20,88,21,67,17,8,9
S01008207,277,139,138,10,10,0,16,11,5,37,34,3,74,30,44,19,16,3,32,15,17,68,16,52,21,7,14
S01008208,474,228,246,17,15,2,23,13,10,41,37,4,84,36,48,37,34,3,100,44,56,143,37,106,29,12,17
S01008209,328,160,168,10,6,4,7,5,2,34,29,5,81,33,48,20,17,3,88,37,51,70,28,42,18,5,13
S01008210,456,236,220,27,22,5,29,23,6,39,35,4,87,42,45,18,15,3,74,37,37,138,49,89,44,13,31
S01008211,435,223,212,15,15,0,14,9,5,34,33,1,66,32,34,29,25,4,86,41,45,155,50,105,36,18,18
S01008212,341,173,168,16,13,3,24,17,7,27,25,2,60,34,26,18,16,2,68,33,35,117,33,84,11,2,9
S01008213,531,277,254,27,25,2,21,18,3,43,40,3,95,50,45,45,39,6,106,46,60,164,47,117,30,12,18
S01008214,289,151,138,16,15,1,22,15,7,28,27,1,54,24,30,22,20,2,29,16,13,93,23,70,25,11,14
S01008215,378,188,190,13,11,2,19,16,3,29,26,3,72,36,36,21,20,1,77,30,47,126,44,82,21,5,16
S01008216,292,147,145,15,13,2,17,14,3,23,22,1,50,28,22,16,15,1,60,21,39,94,28,66,17,6,11
S01008217,321,171,150,16,14,2,16,13,3,17,13,4,64,36,28,9,8,1,82,44,38,99,38,61,18,5,13
S01008218,645,336,309,17,14,3,34,24,10,65,56,9,115,63,52,32,25,7,145,70,75,208,71,137,29,13,16
S01008219,522,267,255,11,10,1,33,24,9,68,63,5,88,43,45,41,32,9,94,40,54,166,48,118,21,7,14
S01008220,265,131,134,19,17,2,13,12,1,41,36,5,61,24,37,15,14,1,33,8,25,75,16,59,8,4,4
S01008221,285,144,141,9,9,0,18,16,2,30,29,1,82,37,45,18,14,4,47,20,27,63,10,53,18,9,9
S01008222,240,125,115,8,8,0,16,13,3,25,23,2,59,27,32,17,16,1,39,16,23,61,15,46,15,7,8
S01008223,249,122,127,6,6,0,8,7,1,21,21,0,48,20,28,20,19,1,42,18,24,87,24,63,17,7,10
S01008224,552,285,267,18,16,2,23,20,3,56,53,3,103,52,51,46,39,7,100,42,58,177,51,126,29,12,17
S01008225,379,196,183,14,14,0,24,21,3,35,34,1,77,38,39,21,17,4,61,26,35,139,43,96,8,3,5
S01008226,321,157,164,4,4,0,19,15,4,29,28,1,72,24,48,30,27,3,60,28,32,85,20,65,22,11,11
S01008227,375,192,183,14,12,2,27,23,4,40,40,0,80,34,46,30,24,6,60,26,34,104,26,78,20,7,13
S01008228,339,174,165,6,5,1,19,15,4,39,34,5,70,32,38,23,21,2,66,31,35,97,29,68,19,7,12
S01008229,324,158,166,16,13,3,20,16,4,29,28,1,65,29,36,18,15,3,60,29,31,102,21,81,14,7,7
S01008230,488,248,240,12,10,2,28,24,4,46,44,2,90,45,45,41,37,4,103,46,57,144,34,110,24,8,16
S01008231,444,227,217,11,7,4,18,14,4,71,63,8,73,33,40,34,32,2,97,38,59,128,37,91,12,3,9
S01008232,390,194,196,13,10,3,15,11,4,48,43,5,74,41,33,25,17,8,88,36,52,110,32,78,17,4,13
S01008233,272,145,127,12,11,1,15,14,1,26,21,5,39,24,15,11,9,2,62,29,33,91,29,62,16,8,8
S01008234,173,83,90,4,4,0,12,8,4,22,21,1,33,15,18,5,5,0,27,10,17,57,17,40,13,3,10
S01008235,401,206,195,9,8,1,25,23,2,60,54,6,66,31,35,25,18,7,64,35,29,131,30,101,21,7,14
S01008236,414,211,203,13,9,4,26,19,7,49,47,2,66,32,34,26,20,6,81,43,38,130,32,98,23,9,14
S01008237,426,225,201,23,19,4,25,21,4,34,33,1,73,37,36,23,19,4,98,53,45,124,34,90,26,9,17
S01008238,342,179,163,22,17,5,25,20,5,41,40,1,72,31,41,19,14,5,56,31,25,95,21,74,12,5,7
S01008239,411,213,198,30,29,1,30,20,10,50,46,4,89,43,46,23,19,4,62,26,36,114,26,88,13,4,9
S01008240,398,204,194,20,16,4,24,22,2,23,21,2,74,37,37,24,20,4,81,42,39,132,38,94,20,8,12
S01008241,301,152,149,11,9,2,12,7,5,24,21,3,41,23,18,9,4,5,56,39,17,125,38,87,23,11,12
S01008242,383,204,179,10,10,0,15,13,2,35,33,2,67,33,34,21,17,4,73,37,36,131,45,86,31,16,15
S01008243,460,248,212,38,28,10,29,20,9,27,22,5,51,30,21,25,20,5,115,72,43,136,38,98,39,18,21
S01008244,242,109,133,4,3,1,9,8,1,15,12,3,35,14,21,14,10,4,57,32,25,81,17,64,27,13,14
S01008245,507,269,238,19,16,3,21,18,3,39,34,5,76,41,35,35,27,8,103,61,42,181,55,126,33,17,16
S01008246,524,273,251,33,27,6,24,18,6,29,26,3,66,37,29,37,28,9,130,72,58,169,46,123,36,19,17
S01008247,434,221,213,33,26,7,30,23,7,33,29,4,71,30,41,28,23,5,87,41,46,115,34,81,37,15,22
S01008248,424,228,196,50,40,10,27,18,9,32,30,2,55,23,32,19,15,4,80,52,28,132,42,90,29,8,21
S01008249,445,246,199,58,47,11,20,12,8,37,35,2,56,29,27,25,17,8,93,54,39,125,38,87,31,14,17
S01008250,533,271,262,48,39,9,24,12,12,37,30,7,73,33,40,33,22,11,140,80,60,147,45,102,31,10,21
S01008251,381,199,182,17,14,3,18,15,3,18,16,2,57,27,30,28,22,6,92,61,31,127,34,93,24,10,14
S01008252,406,218,188,23,22,1,21,18,3,28,25,3,83,37,46,24,22,2,69,38,31,140,50,90,18,6,12
S01008253,352,184,168,22,17,5,21,16,5,36,34,2,61,34,27,29,23,6,33,15,18,129,33,96,21,12,9
S01008254,441,232,209,17,16,1,36,26,10,43,43,0,81,34,47,37,33,4,53,31,22,153,41,112,21,8,13
S01008255,359,179,180,15,14,1,23,15,8,35,31,4,66,26,40,16,15,1,46,26,20,134,41,93,24,11,13
S01008256,400,209,191,20,17,3,28,19,9,39,34,5,82,41,41,29,23,6,68,36,32,102,22,80,32,17,15
S01008257,256,131,125,15,12,3,12,9,3,23,21,2,49,18,31,15,12,3,43,24,19,75,25,50,24,10,14
S01008258,477,251,226,30,27,3,26,22,4,32,29,3,101,51,50,26,20,6,77,41,36,158,46,112,27,15,12
S01008259,392,216,176,17,14,3,27,20,7,24,21,3,77,47,30,18,15,3,73,44,29,128,43,85,28,12,16
S01008260,388,195,193,19,19,0,34,26,8,28,26,2,76,34,42,17,16,1,51,25,26,135,35,100,28,14,14
S01008261,437,227,210,21,21,0,34,28,6,47,42,5,100,51,49,28,21,7,47,26,21,139,31,108,21,7,14
S01008262,333,164,169,51,39,12,12,11,1,17,16,1,52,18,34,11,8,3,53,32,21,112,28,84,25,12,13
S01008263,286,156,130,13,11,2,11,8,3,12,11,1,58,31,27,11,10,1,71,48,23,84,22,62,26,15,11
S01008264,344,173,171,15,14,1,17,12,5,29,25,4,64,27,37,24,17,7,55,31,24,115,34,81,25,13,12
S01008265,278,155,123,13,11,2,13,12,1,14,11,3,39,19,20,13,9,4,82,54,28,75,22,53,29,17,12
S01008266,282,151,131,9,6,3,6,5,1,16,16,0,40,16,24,13,10,3,85,60,25,89,25,64,24,13,11
S01008267,406,227,179,26,20,6,18,9,9,33,28,5,73,37,36,23,17,6,96,64,32,110,39,71,27,13,14
S01008268,365,209,156,10,9,1,9,9,0,16,12,4,67,35,32,26,20,6,110,72,38,105,38,67,22,14,8
S01008269,283,149,134,8,6,2,19,15,4,5,4,1,42,18,24,20,17,3,68,45,23,97,31,66,24,13,11
S01008270,296,148,148,3,3,0,6,4,2,20,18,2,47,26,21,16,10,6,83,54,29,94,26,68,27,7,20
S01008271,318,165,153,16,14,2,7,3,4,25,23,2,77,38,39,14,10,4,63,39,24,85,22,63,31,16,15
S01008272,482,249,233,33,26,7,17,11,6,28,22,6,91,40,51,35,28,7,83,51,32,156,56,100,39,15,24
S01008273,367,180,187,15,12,3,21,13,8,21,18,3,65,22,43,22,19,3,83,50,33,109,32,77,31,14,17
S01008274,304,157,147,15,13,2,9,7,2,28,26,2,85,32,53,20,18,2,41,20,21,76,22,54,30,19,11
S01008275,258,141,117,11,8,3,12,9,3,9,7,2,43,19,24,18,15,3,69,45,24,67,20,47,29,18,11
S01008276,276,150,126,8,7,1,12,12,0,13,12,1,53,28,25,12,10,2,63,41,22,92,29,63,23,11,12
S01008277,264,140,124,24,19,5,18,11,7,9,9,0,43,17,26,18,12,6,51,32,19,77,28,49,24,12,12
S01008278,371,193,178,32,24,8,17,12,5,13,12,1,58,25,33,18,15,3,95,59,36,106,34,72,32,12,20
S01008279,335,171,164,26,19,7,17,15,2,31,29,2,54,20,34,25,24,1,53,28,25,110,30,80,19,6,13
S01008280,481,258,223,57,49,8,21,16,5,34,29,5,75,39,36,33,25,8,85,43,42,143,44,99,33,13,20
S01008281,394,206,188,67,52,15,29,18,11,25,24,1,53,29,24,14,11,3,71,34,37,112,31,81,23,7,16
S01008282,365,194,171,72,59,13,21,17,4,29,24,5,63,31,32,18,14,4,43,18,25,93,24,69,26,7,19
S01008283,278,145,133,24,18,6,19,14,5,22,19,3,36,19,17,12,9,3,55,31,24,97,29,68,13,6,7
S01008284,437,226,211,30,26,4,37,29,8,38,36,2,66,32,34,24,19,5,87,46,41,134,32,102,21,6,15
S01008285,316,156,160,25,18,7,29,24,5,36,35,1,71,26,45,9,9,0,54,24,30,86,18,68,6,2,4
S01008286,354,189,165,34,31,3,42,33,9,44,40,4,68,24,44,19,17,2,33,17,16,92,18,74,22,9,13
S01008287,376,191,185,33,31,2,28,21,7,38,34,4,55,21,34,20,15,5,41,23,18,133,36,97,28,10,18
S01008288,401,213,188,22,21,1,40,33,7,22,21,1,80,36,44,21,19,2,62,33,29,128,42,86,26,8,18
S01008289,342,175,167,30,25,5,42,33,9,26,23,3,81,32,49,23,16,7,40,17,23,88,25,63,12,4,8
S01008290,418,216,202,24,18,6,35,21,14,29,27,2,66,30,36,22,14,8,86,53,33,126,42,84,30,11,19
S01008291,315,165,150,44,41,3,33,22,11,27,26,1,47,14,33,21,16,5,41,18,23,93,24,69,9,4,5
S01008292,389,188,201,27,22,5,31,24,7,20,19,1,69,26,43,28,27,1,56,24,32,137,37,100,21,9,12
S01008293,297,153,144,18,15,3,20,16,4,17,15,2,48,24,24,12,10,2,72,38,34,99,31,68,11,4,7
S01008294,463,246,217,52,45,7,32,27,5,31,29,2,65,27,38,30,21,9,89,47,42,141,42,99,23,8,15
S01008295,553,282,271,11,9,2,43,34,9,50,43,7,100,48,52,49,38,11,90,45,45,177,48,129,33,17,16
S01008296,283,155,128,4,4,0,20,17,3,39,38,1,55,28,27,19,18,1,35,22,13,102,26,76,9,2,7
S01008297,393,207,186,9,6,3,27,23,4,41,36,5,57,29,28,36,23,13,63,41,22,141,40,101,19,9,10
S01008298,384,208,176,12,9,3,28,24,4,32,26,6,73,39,34,37,33,4,41,23,18,138,42,96,23,12,11
S01008299,278,149,129,7,7,0,23,19,4,29,26,3,57,30,27,14,12,2,51,29,22,88,19,69,9,7,2
S01008300,362,168,194,5,5,0,25,22,3,33,26,7,70,38,32,29,17,12,50,28,22,122,27,95,28,5,23
S01008301,463,242,221,18,11,7,42,31,11,32,31,1,74,42,32,33,27,6,82,39,43,159,51,108,23,10,13
S01008302,368,194,174,22,10,12,25,19,6,27,24,3,70,39,31,22,19,3,53,34,19,117,34,83,32,15,17
S01008303,275,143,132,4,2,2,19,14,5,25,21,4,56,34,22,24,12,12,42,22,20,94,32,62,11,6,5
S01008304,232,128,104,2,2,0,17,13,4,13,11,2,53,33,20,12,10,2,37,21,16,92,34,58,6,4,2
S01008305,429,210,219,6,6,0,44,31,13,43,32,11,77,40,37,31,24,7,65,31,34,145,38,107,18,8,10
S01008306,351,171,180,2,2,0,27,22,5,34,27,7,59,30,29,40,30,10,48,24,24,130,31,99,11,5,6
S01008307,313,160,153,6,3,3,34,24,10,21,20,1,60,29,31,19,10,9,70,38,32,95,32,63,8,4,4
S01008308,281,148,133,5,4,1,17,15,2,18,17,1,58,35,23,15,13,2,41,17,24,116,40,76,11,7,4
S01008309,273,135,138,7,5,2,20,18,2,22,20,2,79,30,49,17,15,2,33,13,20,83,32,51,12,2,10
S01008310,444,219,225,10,8,2,38,35,3,30,26,4,90,49,41,36,29,7,70,28,42,156,38,118,14,6,8
S01008311,187,103,84,0,0,0,16,14,2,19,17,2,34,21,13,18,14,4,33,15,18,56,17,39,11,5,6
S01008312,206,106,100,5,3,2,14,10,4,20,17,3,36,20,16,13,9,4,32,19,13,76,24,52,10,4,6
S01008313,338,162,176,15,15,0,15,9,6,24,19,5,78,36,42,25,20,5,56,29,27,111,27,84,14,7,7
S01008314,270,139,131,6,5,1,18,16,2,16,14,2,77,36,41,18,11,7,39,26,13,80,24,56,16,7,9
S01008315,317,151,166,6,5,1,33,24,9,17,15,2,73,35,38,41,26,15,43,20,23,93,23,70,11,3,8
S01008316,193,89,104,3,3,0,15,7,8,10,8,2,55,28,27,24,16,8,24,14,10,51,8,43,11,5,6
S01008317,354,186,168,12,10,2,23,19,4,31,28,3,75,39,36,39,31,8,47,23,24,107,29,78,20,7,13
S01008318,486,249,237,14,12,2,36,28,8,36,34,2,79,32,47,52,40,12,77,44,33,171,48,123,21,11,10
S01008319,311,150,161,5,4,1,28,24,4,23,21,2,67,25,42,39,30,9,35,15,20,95,20,75,19,11,8
S01008320,267,141,126,6,4,2,19,15,4,26,23,3,48,21,27,26,22,4,31,17,14,95,32,63,16,7,9
S01008321,303,151,152,6,6,0,31,16,15,30,28,2,53,32,21,14,11,3,35,18,17,117,33,84,17,7,10
S01008322,473,224,249,2,2,0,33,27,6,31,29,2,92,46,46,31,27,4,67,31,36,192,52,140,25,10,15
S01008323,304,152,152,2,2,0,21,16,5,38,34,4,82,29,53,28,20,8,33,18,15,88,27,61,12,6,6
S01008324,281,145,136,8,7,1,14,11,3,25,25,0,67,35,32,31,27,4,44,18,26,84,19,65,8,3,5
S01008325,308,138,170,6,6,0,17,9,8,15,14,1,71,31,40,16,16,0,51,23,28,116,31,85,16,8,8
S01008326,395,197,198,8,8,0,24,22,2,39,36,3,98,40,58,42,34,8,60,32,28,104,17,87,20,8,12
S01008327,375,188,187,4,3,1,30,26,4,36,33,3,92,39,53,31,25,6,43,23,20,121,32,89,18,7,11
S01008328,358,179,179,2,2,0,20,13,7,24,20,4,69,42,27,39,27,12,62,28,34,125,41,84,17,6,11
S01008329,460,237,223,7,6,1,38,32,6,28,25,3,99,55,44,34,22,12,72,38,34,161,50,111,21,9,12
S01008330,457,226,231,11,6,5,26,18,8,25,20,5,103,49,54,45,37,8,67,36,31,153,48,105,27,12,15
S01008331,342,169,173,5,2,3,16,13,3,23,23,0,96,50,46,24,16,8,54,30,24,104,28,76,20,7,13
S01008332,426,216,210,6,6,0,24,16,8,12,11,1,91,50,41,30,19,11,74,48,26,167,54,113,22,12,10
S01008333,390,203,187,6,2,4,23,18,5,25,22,3,104,61,43,22,15,7,86,52,34,102,26,76,22,7,15
S01008334,324,172,152,6,6,0,14,10,4,21,21,0,69,34,35,26,21,5,69,36,33,110,38,72,9,6,3
S01008335,306,148,158,7,7,0,14,11,3,13,13,0,76,37,39,18,13,5,46,22,24,114,36,78,18,9,9
S01008336,299,150,149,6,4,2,14,13,1,21,17,4,70,37,33,19,17,2,54,31,23,96,25,71,19,6,13
S01008337,465,233,232,12,8,4,31,24,7,23,19,4,78,47,31,45,33,12,95,47,48,162,49,113,19,6,13
S01008338,449,228,221,10,7,3,19,11,8,28,25,3,93,49,44,31,24,7,92,55,37,160,48,112,16,9,7
S01008339,377,190,187,5,5,0,17,10,7,20,18,2,79,35,44,30,24,6,88,50,38,111,34,77,27,14,13
S01008340,472,228,244,12,9,3,23,18,5,27,24,3,116,56,60,47,36,11,57,32,25,161,45,116,29,8,21
S01008341,369,189,180,10,6,4,21,18,3,16,14,2,87,44,43,26,21,5,89,52,37,109,29,80,11,5,6
S01008342,409,219,190,6,4,2,21,18,3,25,23,2,98,54,44,32,29,3,72,38,34,144,49,95,11,4,7
S01008343,397,218,179,7,5,2,37,29,8,24,20,4,75,45,30,28,20,8,87,53,34,117,35,82,22,11,11
S01008344,412,231,181,6,4,2,27,16,11,25,19,6,90,53,37,27,21,6,111,71,40,110,40,70,16,7,9
S01008345,390,218,172,11,10,1,17,13,4,25,18,7,91,57,34,24,18,6,96,60,36,103,32,71,23,10,13
S01008346,447,231,216,12,9,3,30,24,6,26,20,6,98,46,52,27,17,10,102,68,34,141,42,99,11,5,6
S01008347,398,196,202,7,4,3,23,20,3,28,26,2,88,47,41,30,23,7,64,35,29,133,34,99,25,7,18
S01008348,309,161,148,3,3,0,15,14,1,17,15,2,66,39,27,21,17,4,64,36,28,104,29,75,19,8,11
S01008349,393,212,181,7,4,3,16,11,5,8,8,0,90,51,39,34,25,9,107,71,36,114,37,77,17,5,12
S01008350,242,128,114,6,5,1,17,15,2,18,15,3,55,28,27,15,10,5,44,28,16,78,20,58,9,7,2
S01008351,424,213,211,8,7,1,36,29,7,22,19,3,96,47,49,25,17,8,82,45,37,140,44,96,15,5,10
S01008352,291,168,123,6,3,3,20,14,6,20,17,3,64,39,25,14,12,2,58,42,16,101,37,64,8,4,4
S01008353,224,119,105,5,4,1,12,10,2,5,4,1,53,28,25,19,16,3,54,29,25,67,24,43,9,4,5
S01008354,337,183,154,36,26,10,18,11,7,21,18,3,72,39,33,23,16,7,54,30,24,93,35,58,20,8,12
S01008355,277,135,142,6,5,1,12,11,1,30,26,4,59,32,27,20,13,7,45,19,26,91,25,66,14,4,10
S01008356,324,158,166,3,1,2,27,20,7,21,21,0,60,29,31,19,12,7,69,37,32,107,33,74,18,5,13
S01008357,344,167,177,7,5,2,27,20,7,28,23,5,69,27,42,25,18,7,67,40,27,102,29,73,19,5,14
S01008358,302,139,163,9,5,4,14,12,2,24,21,3,64,26,38,24,20,4,47,21,26,105,30,75,15,4,11
S01008359,308,160,148,22,14,8,27,19,8,18,17,1,49,27,22,22,16,6,49,25,24,105,34,71,16,8,8
S01008360,417,205,212,10,9,1,24,16,8,25,20,5,82,40,42,28,21,7,75,40,35,155,52,103,18,7,11
S01008361,273,138,135,11,10,1,13,12,1,18,15,3,56,28,28,21,17,4,36,17,19,106,32,74,12,7,5
S01008362,497,234,263,4,2,2,30,25,5,38,29,9,94,43,51,32,22,10,115,52,63,159,50,109,25,11,14
S01008363,370,198,172,6,5,1,19,14,5,25,25,0,81,42,39,27,18,9,79,48,31,113,39,74,20,7,13
S01008364,365,179,186,6,2,4,21,16,5,12,9,3,78,38,40,21,17,4,90,49,41,114,36,78,23,12,11
S01008365,292,150,142,5,3,2,22,16,6,13,12,1,72,37,35,19,15,4,60,37,23,85,27,58,16,3,13
S01008366,365,185,180,9,8,1,29,26,3,27,26,1,70,36,34,23,16,7,55,32,23,139,38,101,13,3,10
S01008367,339,163,176,7,4,3,17,14,3,23,23,0,70,28,42,31,23,8,48,23,25,121,36,85,22,12,10
S01008368,344,169,175,5,5,0,23,15,8,21,17,4,67,33,34,28,21,7,64,35,29,129,41,88,7,2,5
S01008369,250,119,131,8,6,2,12,10,2,20,16,4,40,18,22,22,18,4,53,25,28,85,22,63,10,4,6
S01008370,348,165,183,2,1,1,13,8,5,16,14,2,84,43,41,32,20,12,66,32,34,107,35,72,28,12,16
S01008371,388,186,202,8,7,1,27,25,2,32,29,3,59,28,31,21,17,4,78,37,41,145,38,107,18,5,13
S01008372,393,206,187,9,6,3,26,18,8,21,20,1,90,54,36,40,28,12,69,37,32,119,34,85,19,9,10
S01008373,417,217,200,7,3,4,19,17,2,27,23,4,78,44,34,26,21,5,64,37,27,182,66,116,14,6,8
S01008374,361,180,181,4,3,1,24,18,6,21,19,2,80,40,40,21,13,8,66,41,25,124,40,84,21,6,15
S01008375,401,215,186,6,3,3,29,24,5,18,13,5,89,54,35,40,33,7,65,38,27,147,45,102,7,5,2
S01008376,263,142,121,4,4,0,23,19,4,13,10,3,48,24,24,18,15,3,59,34,25,89,32,57,9,4,5
S01008377,381,198,183,14,11,3,22,16,6,26,21,5,53,27,26,31,21,10,72,43,29,145,51,94,18,8,10
S01008378,477,244,233,9,5,4,29,26,3,27,21,6,88,55,33,25,20,5,88,51,37,188,58,130,23,8,15
S01008379,221,119,102,5,4,1,9,7,2,9,8,1,46,32,14,17,13,4,35,14,21,87,36,51,13,5,8
S01008380,336,176,160,10,8,2,26,20,6,19,17,2,62,36,26,12,8,4,69,45,24,126,39,87,12,3,9
S01008381,358,181,177,6,2,4,17,13,4,21,20,1,60,30,30,24,20,4,81,47,34,139,46,93,10,3,7
S01008382,296,162,134,10,6,4,22,16,6,15,12,3,53,35,18,29,26,3,49,28,21,108,33,75,10,6,4
S01008383,249,132,117,1,1,0,21,15,6,22,21,1,40,22,18,23,15,8,46,24,22,89,34,55,7,0,7
S01008384,502,253,249,13,8,5,31,26,5,34,33,1,111,58,53,33,21,12,88,43,45,168,53,115,24,11,13
S01008385,317,171,146,9,7,2,17,13,4,23,18,5,61,32,29,22,15,7,65,44,21,108,37,71,12,5,7
S01008386,422,210,212,11,6,5,25,19,6,34,30,4,81,45,36,31,26,5,74,31,43,144,47,97,22,6,16
S01008387,328,159,169,3,2,1,16,15,1,21,20,1,58,31,27,26,19,7,64,28,36,127,37,90,13,7,6
S01008388,367,183,184,8,4,4,17,15,2,29,24,5,68,37,31,22,18,4,60,31,29,148,49,99,15,5,10
S01008389,210,98,112,6,5,1,14,12,2,9,8,1,46,22,24,14,9,5,47,25,22,62,15,47,12,2,10
S01008390,314,160,154,8,6,2,19,17,2,22,22,0,45,27,18,15,8,7,62,36,26,131,39,92,12,5,7
S01008391,310,173,137,7,5,2,14,12,2,12,12,0,57,42,15,25,20,5,76,40,36,114,42,72,5,0,5
S01008392,485,240,245,12,8,4,25,18,7,32,31,1,70,38,32,34,24,10,94,45,49,198,67,131,20,9,11
S01008393,343,180,163,11,11,0,22,17,5,11,8,3,42,24,18,22,18,4,81,51,30,139,41,98,15,10,5
S01008394,405,216,189,12,8,4,18,16,2,17,16,1,58,38,20,33,24,9,97,59,38,151,47,104,19,8,11
S01008395,295,152,143,4,3,1,18,15,3,5,3,2,65,44,21,26,19,7,44,22,22,125,42,83,8,4,4
S01008396,250,127,123,6,4,2,23,15,8,16,13,3,45,26,19,24,22,2,42,20,22,88,25,63,6,2,4
S01008397,469,235,234,7,5,2,21,19,2,18,15,3,75,42,33,42,28,14,104,61,43,188,61,127,14,4,10
S01008398,263,141,122,2,0,2,11,8,3,20,17,3,38,22,16,23,16,7,48,35,13,112,38,74,9,5,4
S01008399,221,118,103,5,4,1,12,9,3,17,17,0,44,27,17,14,11,3,33,17,16,87,28,59,9,5,4
S01008400,314,161,153,4,4,0,15,13,2,16,15,1,65,38,27,15,9,6,73,37,36,118,40,78,8,5,3
S01008401,445,218,227,5,3,2,18,10,8,19,17,2,88,52,36,32,28,4,84,41,43,182,58,124,17,9,8
S01008402,490,270,220,2,1,1,26,21,5,20,17,3,90,49,41,25,15,10,131,94,37,172,58,114,24,15,9
S01008403,279,140,139,3,2,1,21,16,5,17,16,1,57,29,28,16,11,5,59,38,21,94,23,71,12,5,7
S01008404,404,219,185,6,4,2,22,17,5,31,26,5,70,41,29,37,28,9,76,50,26,148,48,100,14,5,9
S01008405,385,206,179,2,2,0,18,15,3,14,13,1,66,41,25,25,19,6,95,65,30,144,44,100,21,7,14
S01008406,367,190,177,8,5,3,14,10,4,26,19,7,65,34,31,23,17,6,77,41,36,144,56,88,10,8,2
S01008407,214,102,112,6,3,3,12,10,2,9,8,1,34,20,14,14,9,5,44,21,23,83,26,57,12,5,7
S01008408,339,168,171,8,6,2,20,17,3,25,23,2,63,34,29,28,20,8,57,29,28,125,32,93,13,7,6
S01008409,376,185,191,6,5,1,19,16,3,27,24,3,86,39,47,35,28,7,59,29,30,130,37,93,14,7,7
S01008410,238,120,118,2,2,0,10,10,0,9,8,1,59,31,28,17,14,3,39,21,18,93,32,61,9,2,7
S01008411,315,141,174,9,5,4,18,14,4,22,17,5,59,27,32,21,11,10,65,32,33,103,29,74,18,6,12
S01008412,325,166,159,10,8,2,20,14,6,25,22,3,81,45,36,31,21,10,56,25,31,92,26,66,10,5,5
S01008413,265,142,123,8,6,2,20,18,2,19,18,1,68,37,31,14,12,2,37,17,20,84,28,56,15,6,9
S01008414,219,115,104,2,0,2,9,9,0,9,8,1,46,29,17,18,16,2,44,23,21,74,23,51,17,7,10
S01008415,434,219,215,7,4,3,28,22,6,25,21,4,106,62,44,28,24,4,70,33,37,157,49,108,13,4,9
S01008416,430,215,215,8,4,4,30,24,6,30,28,2,108,57,51,34,26,8,62,32,30,133,36,97,25,8,17
S01008417,353,174,179,12,10,2,12,11,1,16,14,2,48,21,27,32,25,7,76,44,32,134,39,95,23,10,13
S01008418,375,185,190,13,11,2,16,11,5,18,15,3,51,23,28,25,23,2,91,42,49,137,47,90,24,13,11
S01008419,242,125,117,1,0,1,12,11,1,7,4,3,33,18,15,24,19,5,60,39,21,90,29,61,15,5,10
S01008420,240,116,124,2,1,1,12,9,3,14,13,1,36,14,22,15,13,2,64,33,31,83,27,56,14,6,8
S01008421,431,210,221,6,4,2,26,22,4,30,25,5,69,30,39,39,31,8,83,43,40,163,45,118,15,10,5
S01008422,269,144,125,6,4,2,9,8,1,23,18,5,30,16,14,13,11,2,79,51,28,93,29,64,16,7,9
S01008423,482,253,229,8,5,3,29,23,6,23,19,4,67,37,30,31,23,8,147,91,56,155,49,106,22,6,16
S01008424,332,177,155,6,3,3,13,10,3,9,8,1,39,23,16,18,14,4,109,74,35,124,37,87,14,8,6
S01008425,677,364,313,13,11,2,20,15,5,24,23,1,207,107,100,51,44,7,124,68,56,200,81,119,38,15,23
S01008426,253,130,123,9,7,2,10,9,1,18,18,0,47,26,21,23,17,6,37,19,18,95,27,68,14,7,7
S01008427,647,330,317,15,12,3,34,29,5,32,30,2,96,52,44,58,52,6,163,76,87,215,64,151,34,15,19
S01008428,298,149,149,6,5,1,12,8,4,23,20,3,59,29,30,30,24,6,58,24,34,90,31,59,20,8,12
S01008429,390,205,185,5,4,1,24,14,10,30,25,5,52,26,26,30,26,4,95,52,43,139,49,90,15,9,6
S01008430,302,147,155,4,2,2,21,15,6,13,11,2,53,24,29,18,14,4,66,38,28,108,34,74,19,9,10
S01008431,387,190,197,3,3,0,15,15,0,18,15,3,73,42,31,27,18,9,95,52,43,144,41,103,12,4,8
S01008432,300,162,138,2,1,1,18,16,2,20,18,2,39,22,17,26,23,3,68,32,36,114,44,70,13,6,7
S01008433,450,236,214,4,3,1,18,14,4,30,28,2,75,40,35,48,44,4,105,50,55,146,47,99,24,10,14
S01008434,415,215,200,5,5,0,16,13,3,34,33,1,55,37,18,37,30,7,118,43,75,134,45,89,16,9,7
S01008435,368,194,174,2,1,1,21,19,2,24,22,2,67,32,35,27,24,3,92,44,48,122,45,77,13,7,6
S01008436,412,205,207,7,6,1,28,20,8,17,14,3,61,35,26,33,25,8,115,55,60,130,40,90,21,10,11
S01008437,349,177,172,4,2,2,16,13,3,11,11,0,50,25,25,34,27,7,88,50,38,132,45,87,14,4,10
S01008438,245,127,118,4,3,1,13,10,3,13,10,3,22,10,12,19,19,0,72,42,30,93,29,64,9,4,5
S01008439,528,279,249,6,4,2,17,13,4,24,19,5,50,29,21,33,28,5,169,107,62,208,71,137,21,8,13
S01008440,440,231,209,2,2,0,14,11,3,9,7,2,36,20,16,27,21,6,158,99,59,172,57,115,22,14,8
S01008441,224,119,105,7,6,1,8,5,3,7,7,0,30,17,13,7,7,0,58,34,24,94,37,57,13,6,7
S01008442,385,192,193,6,5,1,21,13,8,14,12,2,49,28,21,26,18,8,105,55,50,140,50,90,24,11,13
S01008443,253,139,114,3,1,2,7,5,2,20,16,4,32,20,12,14,12,2,83,51,32,83,26,57,11,8,3
S01008444,337,194,143,4,3,1,12,11,1,12,11,1,52,30,22,29,22,7,58,34,24,154,80,74,16,3,13
S01008445,310,180,130,4,2,2,10,10,0,5,4,1,35,10,25,14,13,1,42,24,18,190,115,75,10,2,8
S01008446,400,209,191,3,2,1,14,13,1,15,12,3,48,23,25,20,15,5,119,74,45,163,64,99,18,6,12
S01008447,341,171,170,5,3,2,11,7,4,12,12,0,47,25,22,19,15,4,112,63,49,118,40,78,17,6,11
S01008448,365,198,167,7,4,3,13,8,5,31,28,3,56,36,20,37,28,9,80,41,39,119,42,77,22,11,11
S01008449,310,149,161,6,3,3,9,9,0,18,17,1,100,41,59,26,21,5,65,34,31,67,17,50,19,7,12
S01008450,224,93,131,2,2,0,7,5,2,13,13,0,70,35,35,14,9,5,43,18,25,61,8,53,14,3,11
S01008451,232,115,117,7,7,0,15,11,4,11,9,2,67,30,37,18,15,3,44,19,25,60,19,41,10,5,5
S01008452,233,108,125,5,3,2,11,7,4,13,12,1,71,35,36,13,10,3,41,22,19,68,17,51,11,2,9
S01008453,271,136,135,5,3,2,7,5,2,14,11,3,69,36,33,27,22,5,67,36,31,64,15,49,18,8,10
S01008454,354,171,183,5,5,0,12,12,0,26,23,3,110,51,59,30,23,7,55,29,26,91,22,69,25,6,19
S01008455,361,213,148,6,4,2,21,13,8,27,26,1,88,54,34,30,27,3,92,53,39,89,33,56,8,3,5
S01008456,359,217,142,6,5,1,17,12,5,29,28,1,87,56,31,33,26,7,77,46,31,94,34,60,16,10,6
S01008457,244,127,117,8,7,1,12,9,3,21,17,4,66,30,36,25,16,9,36,24,12,64,18,46,12,6,6
S01008458,465,238,227,3,2,1,16,13,3,42,39,3,97,54,43,41,37,4,107,43,64,132,41,91,27,9,18
S01008459,299,160,139,4,4,0,9,8,1,15,15,0,87,49,38,23,17,6,72,40,32,80,23,57,9,4,5
S01008460,259,138,121,2,2,0,11,9,2,18,15,3,81,44,37,20,19,1,56,23,33,61,24,37,10,2,8
S01008461,360,192,168,7,7,0,13,10,3,29,26,3,92,57,35,33,24,9,62,33,29,99,25,74,25,10,15
S01008462,189,101,88,3,3,0,4,3,1,9,7,2,50,24,26,18,16,2,43,29,14,52,15,37,10,4,6
S01008463,278,149,129,7,5,2,14,10,4,21,19,2,70,35,35,32,30,2,51,21,30,76,27,49,7,2,5
S01008464,418,206,212,6,4,2,14,9,5,21,16,5,102,57,45,42,32,10,103,41,62,115,38,77,15,9,6
S01008465,388,190,198,13,9,4,16,14,2,27,22,5,96,47,49,34,29,5,77,31,46,102,29,73,23,9,14
S01008466,351,185,166,11,9,2,12,8,4,37,34,3,75,42,33,33,27,6,62,27,35,93,30,63,28,8,20
S01008467,373,188,185,6,5,1,16,8,8,44,41,3,91,51,40,35,28,7,69,31,38,98,21,77,14,3,11
S01008468,258,133,125,3,1,2,11,9,2,22,22,0,61,30,31,24,19,5,56,28,28,68,20,48,13,4,9
S01008469,291,152,139,8,4,4,9,4,5,18,17,1,88,51,37,25,19,6,57,29,28,75,26,49,11,2,9
S01008470,282,150,132,2,1,1,5,5,0,22,18,4,59,33,26,29,28,1,79,39,40,68,19,49,18,7,11
S01008471,348,184,164,9,7,2,14,11,3,14,14,0,90,49,41,28,21,7,82,43,39,96,33,63,15,6,9
S01008472,284,148,136,3,3,0,6,4,2,28,25,3,70,39,31,30,26,4,66,27,39,73,23,50,8,1,7
S01008473,306,157,149,4,1,3,11,9,2,27,25,2,81,35,46,32,29,3,53,27,26,82,23,59,16,8,8
S01008474,329,181,148,2,1,1,10,9,1,25,24,1,88,46,42,25,19,6,67,31,36,99,45,54,13,6,7
S01008475,256,119,137,4,2,2,13,8,5,18,15,3,61,29,32,19,16,3,56,23,33,70,18,52,15,8,7
S01008476,308,149,159,3,3,0,9,3,6,22,21,1,71,38,33,34,26,8,69,28,41,81,22,59,19,8,11
S01008477,361,182,179,5,4,1,19,14,5,39,35,4,66,31,35,32,26,6,72,29,43,101,31,70,27,12,15
S01008478,318,151,167,8,6,2,11,9,2,22,19,3,68,30,38,21,16,5,75,34,41,89,23,66,24,14,10
S01008479,319,162,157,7,4,3,14,12,2,22,22,0,76,37,39,33,29,4,63,36,27,84,14,70,20,8,12
S01008480,298,151,147,5,4,1,6,5,1,18,18,0,84,39,45,22,14,8,76,39,37,74,29,45,13,3,10
S01008481,476,276,200,1,1,0,21,17,4,55,54,1,113,69,44,43,35,8,86,36,50,134,52,82,23,12,11
S01008482,255,129,126,7,6,1,20,12,8,22,20,2,49,20,29,27,22,5,54,24,30,67,21,46,9,4,5
S01008483,282,149,133,3,3,0,9,5,4,29,27,2,67,29,38,28,26,2,56,22,34,77,32,45,13,5,8
S01008484,359,182,177,4,3,1,16,14,2,29,27,2,60,30,30,40,33,7,93,40,53,107,28,79,10,7,3
S01008485,499,264,235,3,2,1,19,13,6,37,31,6,93,42,51,48,39,9,95,40,55,179,88,91,25,9,16
S01008486,386,205,181,10,7,3,14,13,1,21,18,3,76,39,37,34,29,5,89,47,42,125,44,81,17,8,9
S01008487,507,275,232,9,7,2,17,15,2,30,24,6,83,44,39,43,31,12,167,89,78,125,48,77,33,17,16
S01008488,389,201,188,4,3,1,14,12,2,18,13,5,95,61,34,34,25,9,98,37,61,96,33,63,30,17,13
S01008489,302,150,152,3,2,1,11,8,3,18,17,1,75,40,35,27,22,5,69,25,44,86,28,58,13,8,5
S01008490,543,284,259,3,1,2,17,11,6,30,28,2,105,56,49,46,33,13,148,69,79,172,75,97,22,11,11
S01008491,494,254,240,3,3,0,22,17,5,21,20,1,90,44,46,48,31,17,130,78,52,150,45,105,30,16,14
S01008492,584,289,295,6,5,1,23,17,6,24,20,4,121,66,55,37,31,6,174,70,104,170,65,105,29,15,14
S01008493,385,189,196,4,3,1,17,10,7,23,21,2,98,49,49,32,25,7,86,37,49,108,37,71,17,7,10
S01008494,375,194,181,5,3,2,12,8,4,10,10,0,93,50,43,35,30,5,106,54,52,96,32,64,18,7,11
S01008495,580,307,273,4,3,1,12,11,1,27,21,6,143,71,72,50,37,13,179,87,92,139,61,78,26,16,10
S01008496,660,364,296,8,6,2,16,14,2,25,21,4,148,80,68,73,53,20,205,115,90,155,62,93,30,13,17
S01008497,567,305,262,7,4,3,18,11,7,15,15,0,141,78,63,52,36,16,150,92,58,153,58,95,31,11,20
S01008498,507,263,244,3,2,1,21,15,6,16,12,4,132,76,56,33,25,8,133,68,65,145,54,91,24,11,13
S01008499,620,343,277,2,2,0,26,17,9,18,17,1,160,99,61,55,43,12,161,90,71,144,48,96,54,27,27
S01008500,211,118,93,3,2,1,6,3,3,12,9,3,49,27,22,15,11,4,57,37,20,59,26,33,10,3,7
S01008501,408,221,187,0,0,0,14,11,3,13,13,0,85,44,41,40,32,8,162,89,73,74,22,52,20,10,10
S01008502,440,216,224,5,1,4,19,14,5,8,5,3,88,47,41,42,27,15,134,72,62,123,37,86,21,13,8
S01008503,583,292,291,8,8,0,18,12,6,13,9,4,92,47,45,52,31,21,176,100,76,194,69,125,30,16,14
S01008504,698,334,364,8,2,6,26,16,10,18,15,3,95,46,49,45,28,17,229,119,110,232,89,143,45,19,26
S01008505,444,210,234,3,1,2,11,8,3,19,19,0,62,34,28,30,21,9,112,58,54,177,56,121,30,13,17
S01008506,423,200,223,6,4,2,10,8,2,12,11,1,57,28,29,32,24,8,118,59,59,171,56,115,17,10,7
S01008507,533,247,286,6,5,1,15,11,4,14,9,5,101,53,48,33,21,12,148,71,77,184,59,125,32,18,14
S01008508,437,223,214,8,7,1,15,13,2,19,15,4,68,36,32,31,19,12,134,78,56,152,51,101,10,4,6
S01008509,512,246,266,6,3,3,20,16,4,18,17,1,56,26,30,37,28,9,158,83,75,176,56,120,41,17,24
S01008510,457,233,224,8,7,1,21,15,6,20,17,3,59,34,25,35,32,3,115,60,55,163,53,110,36,15,21
S01008511,408,216,192,0,0,0,22,19,3,20,17,3,57,39,18,30,22,8,116,65,51,133,38,95,30,16,14
S01008512,240,128,112,2,2,0,8,6,2,14,13,1,29,17,12,18,14,4,75,41,34,84,30,54,10,5,5
S01008513,291,158,133,9,9,0,17,13,4,7,6,1,41,23,18,23,17,6,97,60,37,84,26,58,13,4,9
S01008514,395,209,186,7,4,3,11,9,2,18,15,3,43,21,22,23,18,5,119,74,45,152,59,93,22,9,13
S01008515,400,203,197,4,3,1,12,11,1,12,11,1,44,21,23,21,18,3,128,75,53,154,55,99,25,9,16
S01008516,541,285,256,2,2,0,15,12,3,27,27,0,84,42,42,38,28,10,133,79,54,212,83,129,30,12,18
S01008517,479,231,248,4,3,1,10,7,3,7,6,1,81,47,34,40,23,17,123,61,62,187,70,117,27,14,13
S01008518,459,242,217,8,7,1,16,10,6,10,10,0,63,37,26,22,13,9,126,78,48,187,72,115,27,15,12
S01008519,383,193,190,2,2,0,9,7,2,12,12,0,32,12,20,19,12,7,140,83,57,153,60,93,16,5,11
S01008520,478,255,223,4,3,1,16,11,5,30,24,6,57,31,26,26,20,6,154,96,58,167,59,108,24,11,13
S01008521,416,224,192,7,6,1,14,10,4,15,10,5,35,21,14,17,15,2,141,94,47,165,55,110,22,13,9
S01008522,246,130,116,5,5,0,9,8,1,10,8,2,25,13,12,14,10,4,92,54,38,82,27,55,9,5,4
S01008523,478,255,223,7,7,0,20,14,6,15,13,2,47,21,26,37,27,10,190,115,75,141,50,91,21,8,13
S01008524,388,199,189,6,5,1,9,7,2,31,30,1,98,63,35,24,15,9,69,23,46,126,47,79,25,9,16
S01008525,282,130,152,6,6,0,9,6,3,15,14,1,73,32,41,18,12,6,50,25,25,91,31,60,20,4,16
S01008526,421,221,200,5,5,0,10,7,3,28,27,1,76,44,32,40,34,6,87,38,49,154,55,99,21,11,10
S01008527,391,182,209,5,4,1,12,9,3,24,21,3,77,42,35,29,24,5,79,26,53,137,45,92,28,11,17
S01008528,354,172,182,0,0,0,10,6,4,16,15,1,82,40,42,26,22,4,61,33,28,134,42,92,25,14,11
S01008529,371,190,181,3,2,1,11,7,4,34,33,1,75,34,41,28,22,6,59,29,30,133,48,85,28,15,13
S01008530,311,142,169,7,3,4,12,11,1,18,17,1,78,37,41,25,18,7,48,22,26,99,24,75,24,10,14
S01008531,333,154,179,7,6,1,4,3,1,20,18,2,78,40,38,32,27,5,64,27,37,105,27,78,23,6,17
S01008532,184,91,93,3,2,1,3,2,1,16,14,2,51,30,21,11,8,3,31,13,18,57,15,42,12,7,5
S01008533,254,157,97,1,1,0,7,3,4,3,2,1,37,11,26,8,7,1,18,7,11,173,125,48,7,1,6
S01008534,386,208,178,4,4,0,11,10,1,16,15,1,68,34,34,23,18,5,89,46,43,159,75,84,16,6,10
S01008535,370,189,181,7,4,3,16,14,2,18,14,4,61,38,23,28,23,5,104,51,53,121,41,80,15,4,11
S01008536,259,131,128,3,2,1,13,11,2,18,14,4,31,14,17,20,15,5,67,43,24,92,25,67,15,7,8
S01008537,320,156,164,3,2,1,8,6,2,6,6,0,39,19,20,23,19,4,91,57,34,137,39,98,13,8,5
S01008538,231,114,117,0,0,0,13,7,6,9,9,0,31,13,18,15,13,2,51,29,22,100,40,60,12,3,9
S01008539,437,220,217,6,5,1,19,15,4,16,15,1,57,29,28,27,21,6,113,67,46,175,58,117,24,10,14
S01008540,405,205,200,8,6,2,12,10,2,19,15,4,55,28,27,27,16,11,116,64,52,145,54,91,23,12,11
S01008541,435,211,224,7,6,1,16,13,3,21,19,2,49,18,31,32,25,7,121,65,56,167,57,110,22,8,14
S01008542,475,246,229,4,2,2,16,13,3,16,16,0,68,38,30,41,32,9,130,74,56,176,60,116,24,11,13
S01008543,405,217,188,6,3,3,17,15,2,34,30,4,75,39,36,28,21,7,90,52,38,135,48,87,20,9,11
S01008544,358,185,173,4,2,2,17,14,3,10,8,2,38,20,18,32,27,5,105,61,44,136,47,89,16,6,10
S01008545,410,219,191,4,1,3,14,10,4,21,17,4,50,34,16,20,14,6,161,92,69,125,45,80,15,6,9
S01008546,388,210,178,6,4,2,16,12,4,18,15,3,46,30,16,28,21,7,113,70,43,141,49,92,20,9,11
S01008547,586,294,292,13,8,5,18,14,4,39,35,4,114,67,47,50,41,9,144,68,76,184,50,134,24,11,13
S01008548,492,237,255,8,7,1,17,12,5,38,36,2,108,59,49,31,28,3,106,41,65,155,46,109,29,8,21
S01008549,508,254,254,13,10,3,22,15,7,37,36,1,104,50,54,49,39,10,109,49,60,148,45,103,26,10,16
S01008550,427,217,210,8,7,1,17,16,1,20,19,1,69,38,31,36,29,7,115,60,55,144,43,101,18,5,13
S01008551,538,272,266,5,2,3,22,16,6,40,36,4,99,57,42,48,36,12,121,66,55,184,52,132,19,7,12
S01008552,437,226,211,4,4,0,18,15,3,43,39,4,86,41,45,40,36,4,80,37,43,146,45,101,20,9,11
S01008553,252,130,122,3,2,1,12,9,3,21,19,2,51,35,16,20,19,1,49,23,26,88,21,67,8,2,6
S01008554,380,192,188,8,6,2,13,9,4,43,38,5,98,46,52,26,25,1,51,26,25,114,32,82,27,10,17
S01008555,397,190,207,7,6,1,11,10,1,29,28,1,102,43,59,24,21,3,61,28,33,137,45,92,26,9,17
S01008556,283,135,148,3,1,2,7,7,0,27,26,1,81,46,35,19,17,2,47,17,30,83,15,68,16,6,10
S01008557,308,151,157,4,3,1,6,3,3,29,28,1,83,38,45,25,22,3,40,18,22,103,28,75,18,11,7
S01008558,363,190,173,3,2,1,11,8,3,34,31,3,78,37,41,32,26,6,56,30,26,129,43,86,20,13,7
S01008559,289,143,146,6,4,2,7,6,1,30,30,0,70,31,39,31,27,4,28,12,16,102,26,76,15,7,8
S01008560,300,151,149,3,2,1,12,10,2,20,20,0,65,31,34,25,21,4,46,27,19,112,32,80,17,8,9
S01008561,291,157,134,10,9,1,13,11,2,27,25,2,70,39,31,24,21,3,42,18,24,98,31,67,7,3,4
S01008562,208,89,119,5,3,2,7,4,3,13,11,2,42,22,20,14,13,1,48,18,30,71,16,55,8,2,6
S01008563,360,180,180,12,10,2,12,7,5,30,28,2,70,36,34,35,29,6,65,27,38,118,38,80,18,5,13
S01008564,269,131,138,8,6,2,11,10,1,22,20,2,47,23,24,26,23,3,48,18,30,85,23,62,22,8,14
S01008565,363,163,200,6,4,2,6,5,1,28,27,1,73,33,40,30,24,6,56,21,35,135,34,101,29,15,14
S01008566,450,225,225,8,8,0,19,17,2,46,44,2,105,48,57,35,31,4,67,32,35,142,35,107,28,10,18
S01008567,322,179,143,7,7,0,13,11,2,29,26,3,67,37,30,35,29,6,55,31,24,102,32,70,14,6,8
S01008568,415,205,210,9,8,1,7,6,1,34,31,3,88,45,43,32,28,4,80,40,40,148,40,108,17,7,10
S01008569,237,142,95,0,0,0,3,1,2,23,23,0,58,35,23,19,18,1,31,18,13,86,40,46,17,7,10
S01008570,356,165,191,3,2,1,12,11,1,27,24,3,99,45,54,21,20,1,51,22,29,118,30,88,25,11,14
S01008571,284,142,142,2,1,1,15,11,4,19,19,0,60,27,33,28,26,2,53,28,25,87,22,65,20,8,12
S01008572,364,187,177,10,8,2,11,9,2,39,36,3,87,43,44,19,18,1,61,30,31,117,34,83,20,9,11
S01008573,435,225,210,8,7,1,13,10,3,22,22,0,86,48,38,33,27,6,104,56,48,142,43,99,27,12,15
S01008574,430,217,213,6,3,3,23,20,3,32,30,2,74,35,39,35,23,12,83,43,40,151,49,102,26,14,12
S01008575,392,205,187,0,0,0,20,14,6,29,25,4,67,43,24,17,16,1,116,62,54,126,37,89,17,8,9
S01008576,446,211,235,6,6,0,13,12,1,38,33,5,69,26,43,25,21,4,116,57,59,157,47,110,22,9,13
S01008577,374,180,194,4,2,2,14,11,3,21,21,0,53,27,26,28,23,5,95,50,45,131,35,96,28,11,17
S01008578,354,185,169,4,4,0,13,11,2,12,10,2,44,25,19,18,12,6,86,50,36,160,64,96,17,9,8
S01008579,291,148,143,8,7,1,10,8,2,16,15,1,24,14,10,22,17,5,58,33,25,135,48,87,18,6,12
S01008580,279,145,134,1,1,0,7,7,0,19,17,2,52,27,25,18,16,2,75,40,35,89,26,63,18,11,7
S01008581,389,189,200,7,7,0,10,7,3,29,27,2,94,41,53,28,22,6,68,31,37,134,48,86,19,6,13
S01008582,457,239,218,16,11,5,11,10,1,38,33,5,87,46,41,32,28,4,82,39,43,163,56,107,28,16,12
S01008583,307,150,157,6,6,0,11,11,0,26,24,2,59,25,34,23,20,3,43,18,25,127,41,86,12,5,7
S01008584,358,187,171,9,7,2,11,11,0,25,23,2,77,46,31,17,15,2,73,31,42,126,46,80,20,8,12
S01008585,264,136,128,1,1,0,5,4,1,21,18,3,41,21,20,15,13,2,55,32,23,101,37,64,25,10,15
S01008586,328,173,155,3,3,0,5,5,0,34,32,2,64,34,30,27,21,6,54,26,28,121,43,78,20,9,11
S01008587,369,201,168,1,0,1,15,10,5,12,12,0,62,41,21,22,15,7,94,59,35,146,56,90,17,8,9
S01008588,344,176,168,2,2,0,20,15,5,10,9,1,31,17,14,20,10,10,94,58,36,144,50,94,23,15,8
S01008589,171,86,85,1,1,0,3,3,0,5,4,1,14,7,7,18,14,4,39,25,14,81,28,53,10,4,6
S01008590,308,153,155,2,1,1,7,6,1,6,4,2,30,17,13,17,13,4,74,42,32,161,63,98,11,7,4
S01008591,392,209,183,5,2,3,9,8,1,8,7,1,64,40,24,23,17,6,112,68,44,147,59,88,24,8,16
S01008592,317,162,155,2,1,1,13,10,3,19,17,2,49,26,23,20,17,3,72,38,34,123,44,79,19,9,10
S01008593,361,193,168,8,5,3,5,4,1,10,9,1,51,31,20,19,14,5,105,72,33,147,52,95,16,6,10
S01008594,490,254,236,6,6,0,12,8,4,14,13,1,66,27,39,39,31,8,141,84,57,180,71,109,32,14,18
S01008595,336,178,158,2,2,0,7,6,1,23,21,2,68,35,33,21,17,4,69,36,33,130,55,75,16,6,10
S01008596,345,171,174,2,2,0,10,8,2,19,17,2,80,41,39,13,10,3,82,40,42,127,45,82,12,8,4
S01008597,427,207,220,5,5,0,22,16,6,22,22,0,64,26,38,31,27,4,86,44,42,167,62,105,30,5,25
S01008598,343,168,175,6,5,1,11,6,5,14,10,4,81,48,33,13,11,2,77,35,42,116,40,76,25,13,12
S01008599,453,252,201,5,5,0,14,12,2,10,8,2,88,49,39,22,19,3,114,65,49,165,73,92,35,21,14
S01008600,332,177,155,5,2,3,8,4,4,5,5,0,66,44,22,15,13,2,91,57,34,122,42,80,20,10,10
S01008601,500,239,261,3,3,0,9,6,3,8,7,1,195,79,116,27,18,9,77,46,31,140,64,76,41,16,25
S01008602,295,156,139,2,2,0,9,7,2,6,5,1,72,37,35,18,16,2,63,34,29,102,41,61,23,14,9
S01008603,524,270,254,5,4,1,10,7,3,10,10,0,122,52,70,34,24,10,127,70,57,180,81,99,36,22,14
S01008604,430,228,202,4,4,0,8,6,2,9,8,1,92,44,48,22,20,2,120,69,51,147,61,86,28,16,12
S01008605,372,200,172,4,4,0,7,5,2,6,5,1,65,30,35,23,15,8,88,54,34,154,75,79,25,12,13
S01008606,380,196,184,2,2,0,7,7,0,9,8,1,54,29,25,20,13,7,99,65,34,163,62,101,26,10,16
S01008607,263,135,128,1,1,0,8,5,3,2,2,0,21,10,11,9,8,1,91,55,36,108,44,64,23,10,13
S01008608,315,159,156,5,4,1,7,6,1,10,8,2,37,20,17,23,15,8,87,49,38,133,50,83,13,7,6
S01008609,385,197,188,3,2,1,15,11,4,17,15,2,29,14,15,26,21,5,97,54,43,169,66,103,29,14,15
S01008610,338,176,162,7,7,0,18,13,5,10,6,4,53,27,26,28,18,10,95,58,37,110,42,68,17,5,12
S01008611,581,279,302,13,7,6,19,13,6,6,6,0,137,58,79,41,28,13,104,62,42,230,95,135,31,10,21
S01008612,378,202,176,4,3,1,5,4,1,9,9,0,75,39,36,26,21,5,88,50,38,137,58,79,34,18,16
S01008613,361,181,180,7,6,1,7,6,1,10,7,3,70,31,39,17,13,4,94,55,39,137,53,84,19,10,9
S01008614,293,154,139,3,3,0,6,5,1,3,2,1,69,35,34,16,10,6,66,35,31,105,52,53,25,12,13
S01008615,368,188,180,5,5,0,5,3,2,8,7,1,81,35,46,20,15,5,83,54,29,134,52,82,32,17,15
S01008616,319,147,172,7,6,1,6,5,1,4,3,1,85,36,49,23,16,7,60,33,27,113,36,77,21,12,9
S01008617,306,158,148,3,2,1,5,4,1,5,3,2,77,39,38,18,11,7,72,34,38,98,49,49,28,16,12
S01008618,295,132,163,6,4,2,5,3,2,1,1,0,84,33,51,17,14,3,55,32,23,106,41,65,21,4,17
S01008619,258,120,138,4,0,4,5,4,1,3,2,1,69,27,42,10,6,4,48,26,22,97,44,53,22,11,11
S01008620,360,168,192,2,1,1,7,7,0,5,5,0,87,32,55,23,14,9,76,38,38,131,61,70,29,10,19
S01008621,327,148,179,4,2,2,6,5,1,5,2,3,98,44,54,21,13,8,63,31,32,95,38,57,35,13,22
S01008622,252,131,121,4,4,0,11,10,1,2,1,1,36,20,16,20,16,4,61,41,20,104,36,68,14,3,11
S01008623,382,201,181,2,2,0,5,4,1,4,4,0,78,32,46,24,18,6,107,66,41,137,60,77,25,15,10
S01008624,266,144,122,3,3,0,5,5,0,9,6,3,32,16,16,19,14,5,80,51,29,102,40,62,16,9,7
S01008625,262,142,120,2,2,0,8,5,3,5,5,0,28,17,11,13,11,2,90,53,37,100,42,58,16,7,9
S01008626,482,255,227,10,5,5,16,12,4,14,10,4,64,38,26,19,16,3,152,101,51,179,62,117,28,11,17
S01008627,334,171,163,3,1,2,12,9,3,11,10,1,42,20,22,14,10,4,106,66,40,127,48,79,19,7,12
S01008628,332,161,171,1,1,0,10,5,5,13,9,4,41,20,21,26,17,9,99,60,39,123,39,84,19,10,9
S01008629,294,137,157,4,4,0,12,9,3,6,6,0,37,20,17,11,6,5,83,39,44,123,41,82,18,12,6
S01008630,291,158,133,2,2,0,11,7,4,10,8,2,50,31,19,15,11,4,78,48,30,102,41,61,23,10,13
S01008631,512,274,238,7,6,1,9,8,1,14,12,2,80,44,36,30,20,10,132,78,54,199,83,116,41,23,18
S01008632,459,225,234,3,3,0,8,8,0,9,9,0,66,32,34,37,30,7,130,67,63,176,63,113,30,13,17
S01008633,366,186,180,6,5,1,16,10,6,10,9,1,35,21,14,21,13,8,119,73,46,139,45,94,20,10,10
S01008634,353,192,161,4,4,0,6,4,2,7,7,0,64,38,26,18,16,2,110,69,41,120,41,79,24,13,11
S01008635,451,228,223,7,3,4,17,12,5,13,12,1,72,34,38,33,24,9,132,80,52,146,55,91,31,8,23
S01008636,428,206,222,4,3,1,9,7,2,7,6,1,70,27,43,24,19,5,123,70,53,157,60,97,34,14,20
S01008637,341,174,167,4,4,0,14,13,1,6,5,1,36,16,20,25,21,4,111,62,49,121,46,75,24,7,17
S01008638,363,193,170,3,2,1,7,5,2,10,6,4,101,52,49,31,25,6,96,55,41,97,41,56,18,7,11
S01008639,556,283,273,3,1,2,23,19,4,11,11,0,92,43,49,30,26,4,143,78,65,211,83,128,43,22,21
S01008640,457,232,225,3,3,0,11,8,3,11,10,1,87,44,43,28,21,7,127,60,67,158,69,89,32,17,15
S01008641,447,207,240,11,7,4,6,6,0,2,1,1,111,45,66,27,17,10,116,60,56,143,58,85,31,13,18
S01008642,555,275,280,13,9,4,19,14,5,5,4,1,98,48,50,34,21,13,171,90,81,187,76,111,28,13,15
S01008643,438,213,225,3,3,0,13,9,4,7,7,0,73,36,37,27,21,6,132,68,64,148,52,96,35,17,18
S01008644,415,203,212,6,5,1,18,14,4,10,9,1,79,40,39,27,20,7,105,63,42,152,46,106,18,6,12
S01008645,460,236,224,2,1,1,13,11,2,12,10,2,116,60,56,31,25,6,120,68,52,145,52,93,21,9,12
S01008646,525,282,243,8,4,4,11,10,1,12,10,2,120,74,46,42,28,14,160,94,66,135,45,90,37,17,20
S01008647,422,229,193,8,5,3,17,15,2,10,10,0,61,30,31,29,27,2,149,83,66,126,47,79,22,12,10
S01008648,395,191,204,3,3,0,11,4,7,8,7,1,97,56,41,47,34,13,113,48,65,94,30,64,22,9,13
S01008649,581,307,274,4,1,3,17,13,4,10,10,0,105,51,54,46,36,10,178,101,77,188,82,106,33,13,20
S01008650,514,260,254,7,4,3,20,16,4,13,12,1,116,63,53,31,23,8,118,57,61,182,72,110,27,13,14
S01008651,508,276,232,8,7,1,16,7,9,13,12,1,131,68,63,35,31,4,140,85,55,145,61,84,20,5,15
S01008652,380,204,176,1,1,0,5,4,1,9,8,1,92,44,48,29,26,3,109,65,44,100,45,55,35,11,24
S01008653,386,223,163,5,3,2,8,8,0,18,16,2,95,50,45,30,24,6,111,67,44,93,41,52,26,14,12
S01008654,590,328,262,14,8,6,14,10,4,22,14,8,147,89,58,52,43,9,155,80,75,146,66,80,40,18,22
S01008655,514,281,233,6,4,2,11,11,0,11,10,1,104,55,49,54,37,17,181,113,68,129,40,89,18,11,7
S01008656,382,228,154,1,0,1,12,9,3,16,14,2,99,63,36,28,24,4,103,55,48,98,49,49,25,14,11
S01008657,414,211,203,9,4,5,12,9,3,14,11,3,100,51,49,34,24,10,94,50,44,114,47,67,37,15,22
S01008658,560,294,266,11,7,4,6,4,2,15,14,1,152,80,72,33,21,12,149,88,61,157,61,96,37,19,18
S01008659,458,237,221,9,8,1,14,11,3,15,13,2,156,67,89,26,24,2,95,57,38,119,45,74,24,12,12
S01008660,507,302,205,6,5,1,10,7,3,6,6,0,165,86,79,24,17,7,149,110,39,112,51,61,35,20,15
S01008661,460,232,228,7,6,1,10,7,3,12,10,2,142,51,91,35,25,10,98,68,30,123,52,71,33,13,20
S01008662,341,177,164,4,2,2,6,3,3,8,6,2,124,53,71,19,12,7,85,55,30,73,35,38,22,11,11
S01008663,420,222,198,6,3,3,6,5,1,9,8,1,119,52,67,34,27,7,115,59,56,100,49,51,31,19,12
S01008664,434,228,206,5,4,1,12,6,6,8,7,1,101,52,49,38,24,14,117,72,45,119,50,69,34,13,21
S01008665,615,309,306,0,0,0,18,11,7,15,12,3,192,98,94,44,33,11,131,66,65,176,71,105,39,18,21
S01008666,435,216,219,4,4,0,5,4,1,9,9,0,118,55,63,30,23,7,89,48,41,144,57,87,36,16,20
S01008667,359,165,194,8,4,4,0,0,0,10,10,0,78,26,52,40,32,8,66,35,31,127,43,84,30,15,15
S01008668,290,146,144,5,3,2,7,5,2,8,7,1,56,27,29,24,21,3,56,30,26,106,40,66,28,13,15
S01008669,177,85,92,0,0,0,1,1,0,4,2,2,74,31,43,10,7,3,30,16,14,40,19,21,18,9,9
S01008670,296,136,160,2,1,1,6,2,4,7,7,0,118,52,66,18,12,6,51,33,18,72,27,45,22,2,20
S01008671,287,148,139,3,3,0,7,6,1,5,4,1,80,28,52,20,14,6,53,32,21,99,54,45,20,7,13
S01008672,281,147,134,0,0,0,9,7,2,6,5,1,74,34,40,11,9,2,69,41,28,89,42,47,23,9,14
S01008673,421,214,207,4,4,0,4,2,2,11,9,2,81,37,44,37,28,9,103,58,45,135,58,77,46,18,28
S01008674,389,202,187,3,3,0,9,7,2,9,9,0,143,58,85,22,19,3,81,47,34,82,42,40,40,17,23
S01008675,377,224,153,5,3,2,12,9,3,5,2,3,95,53,42,29,23,6,96,63,33,107,55,52,28,16,12
S01008676,436,218,218,6,4,2,15,6,9,3,3,0,96,47,49,46,34,12,119,68,51,110,43,67,41,13,28
S01008677,438,245,193,5,2,3,15,11,4,9,9,0,158,82,76,39,32,7,79,49,30,93,38,55,40,22,18
S01008678,390,196,194,2,1,1,9,5,4,4,4,0,140,61,79,34,24,10,92,51,41,83,36,47,26,14,12
S01008679,401,221,180,4,3,1,4,3,1,17,16,1,124,63,61,33,27,6,80,47,33,98,43,55,41,19,22
S01008680,257,140,117,2,2,0,5,4,1,8,7,1,74,39,35,14,13,1,51,30,21,84,36,48,19,9,10
S01008681,331,174,157,5,4,1,11,9,2,8,7,1,82,37,45,18,15,3,70,47,23,109,43,66,28,12,16
S01008682,371,196,175,3,3,0,17,15,2,12,11,1,81,46,35,19,16,3,83,43,40,135,52,83,21,10,11
S01008683,408,219,189,2,2,0,4,2,2,14,14,0,122,70,52,22,17,5,83,43,40,129,54,75,32,17,15
S01008684,401,216,185,7,7,0,6,6,0,23,21,2,106,52,54,39,32,7,77,38,39,123,47,76,20,13,7
S01008685,439,210,229,2,0,2,9,7,2,13,11,2,117,56,61,36,27,9,82,32,50,152,61,91,28,16,12
S01008686,438,219,219,6,6,0,9,7,2,12,10,2,118,58,60,43,33,10,96,43,53,115,44,71,39,18,21
S01008687,447,243,204,3,0,3,11,10,1,13,10,3,101,52,49,42,33,9,111,67,44,139,61,78,27,10,17
S01008688,540,286,254,11,6,5,8,6,2,21,20,1,92,48,44,39,32,7,154,83,71,185,80,105,30,11,19
S01008689,564,275,289,6,4,2,14,12,2,15,12,3,153,75,78,30,23,7,125,66,59,178,63,115,43,20,23
S01008690,673,314,359,7,6,1,23,15,8,27,21,6,151,78,73,63,47,16,155,69,86,200,58,142,47,20,27
S01008691,737,389,348,14,13,1,20,17,3,31,24,7,158,96,62,58,44,14,184,86,98,220,88,132,52,21,31
S01008692,422,207,215,2,2,0,12,9,3,12,11,1,102,48,54,35,26,9,95,49,46,141,52,89,23,10,13
S01008693,239,113,126,4,4,0,14,11,3,14,14,0,53,27,26,34,29,5,33,5,28,77,18,59,10,5,5
S01008694,674,345,329,11,8,3,19,14,5,21,18,3,141,70,71,51,39,12,146,77,69,240,97,143,45,22,23
S01008695,406,185,221,1,0,1,6,6,0,10,9,1,67,32,35,24,18,6,95,49,46,175,61,114,28,10,18
S01008696,370,187,183,5,5,0,12,12,0,16,13,3,52,25,27,37,30,7,74,35,39,141,50,91,33,17,16
S01008697,535,281,254,9,8,1,25,20,5,22,21,1,100,57,43,32,26,6,132,70,62,182,64,118,33,15,18
S01008698,259,130,129,4,3,1,13,9,4,15,13,2,45,24,21,19,17,2,54,29,25,92,27,65,17,8,9
S01008699,396,203,193,5,5,0,15,13,2,22,21,1,69,32,37,32,23,9,97,58,39,131,37,94,25,14,11
S01008700,238,121,117,8,7,1,11,7,4,10,7,3,45,27,18,14,9,5,63,31,32,73,23,50,14,10,4
S01008701,157,77,80,5,3,2,0,0,0,9,8,1,49,28,21,9,8,1,33,18,15,43,10,33,9,2,7
S01008702,318,169,149,7,6,1,10,5,5,19,17,2,94,51,43,16,12,4,63,35,28,96,38,58,13,5,8
S01008703,359,190,169,8,8,0,9,8,1,25,25,0,83,45,38,25,19,6,79,34,45,110,43,67,20,8,12
S01008704,268,129,139,2,2,0,11,7,4,23,20,3,66,27,39,18,13,5,49,21,28,85,32,53,14,7,7
S01008705,198,100,98,1,1,0,3,2,1,13,13,0,57,28,29,15,13,2,38,18,20,64,21,43,7,4,3
S01008706,210,98,112,1,1,0,3,3,0,9,9,0,56,25,31,14,14,0,42,17,25,77,22,55,8,7,1
S01008707,270,133,137,3,2,1,11,10,1,18,18,0,77,42,35,16,14,2,45,21,24,94,25,69,6,1,5
S01008708,293,159,134,3,3,0,16,14,2,23,22,1,91,46,45,23,18,5,45,23,22,74,22,52,18,11,7
S01008709,284,134,150,5,5,0,12,10,2,26,21,5,83,39,44,23,21,2,43,14,29,75,18,57,17,6,11
S01008710,186,94,92,5,3,2,4,3,1,11,11,0,60,29,31,13,12,1,34,20,14,48,12,36,11,4,7
S01008711,277,143,134,6,6,0,10,8,2,22,21,1,83,41,42,21,18,3,48,28,20,73,16,57,14,5,9
S01008712,307,163,144,10,9,1,10,10,0,35,34,1,71,39,32,23,19,4,48,25,23,90,17,73,20,10,10
S01008713,248,121,127,1,1,0,8,7,1,26,24,2,67,29,38,29,22,7,36,16,20,67,16,51,14,6,8
S01008714,225,104,121,3,2,1,8,6,2,19,16,3,53,23,30,15,10,5,44,19,25,68,21,47,15,7,8
S01008715,313,154,159,9,7,2,12,10,2,30,27,3,85,43,42,33,25,8,40,17,23,83,13,70,21,12,9
S01008716,221,111,110,3,2,1,8,4,4,19,16,3,49,27,22,20,18,2,31,17,14,73,17,56,18,10,8
S01008717,228,113,115,1,1,0,6,5,1,15,15,0,61,30,31,30,25,5,42,14,28,62,20,42,11,3,8
S01008718,273,140,133,2,2,0,14,13,1,17,15,2,70,39,31,25,24,1,45,19,26,85,22,63,15,6,9
S01008719,507,254,253,8,7,1,19,12,7,45,38,7,132,67,65,55,46,9,78,32,46,136,37,99,34,15,19
S01008720,246,124,122,4,3,1,16,11,5,25,22,3,52,24,28,24,20,4,43,17,26,71,19,52,11,8,3
S01008721,494,249,245,7,6,1,16,12,4,35,32,3,93,44,49,46,37,9,138,64,74,119,37,82,40,17,23
S01008722,445,225,220,9,7,2,14,10,4,25,21,4,82,50,32,30,24,6,101,53,48,161,48,113,23,12,11
S01008723,373,193,180,4,3,1,21,18,3,24,22,2,78,43,35,31,25,6,89,38,51,108,37,71,18,7,11
S01008724,438,216,222,8,7,1,16,11,5,21,17,4,60,29,31,30,25,5,94,57,37,172,50,122,37,20,17
S01008725,390,194,196,9,6,3,13,9,4,23,20,3,58,31,27,32,28,4,76,40,36,147,47,100,32,13,19
S01008726,304,153,151,5,5,0,9,5,4,15,14,1,35,13,22,13,9,4,90,53,37,123,46,77,14,8,6
S01008727,513,249,264,6,4,2,12,7,5,21,20,1,74,36,38,41,32,9,114,68,46,206,66,140,39,16,23
S01008728,228,111,117,5,3,2,5,2,3,12,11,1,47,22,25,23,20,3,49,25,24,65,17,48,22,11,11
S01008729,359,180,179,4,4,0,8,4,4,10,8,2,53,25,28,19,15,4,89,53,36,144,54,90,32,17,15
S01008730,453,220,233,8,7,1,13,9,4,19,17,2,84,40,44,37,25,12,102,54,48,164,54,110,26,14,12
S01008731,179,86,93,2,2,0,10,7,3,9,8,1,33,16,17,13,11,2,28,15,13,70,21,49,14,6,8
S01008732,284,149,135,3,2,1,5,2,3,19,19,0,55,31,24,17,14,3,60,25,35,102,43,59,23,13,10
S01008733,510,256,254,7,6,1,23,20,3,30,25,5,90,49,41,34,24,10,105,45,60,174,66,108,47,21,26
S01008734,272,141,131,4,4,0,7,6,1,11,10,1,46,28,18,21,14,7,59,29,30,102,37,65,22,13,9
S01008735,446,227,219,3,3,0,15,9,6,30,27,3,72,33,39,40,31,9,118,63,55,148,50,98,20,11,9
S01008736,321,169,152,6,6,0,19,13,6,14,13,1,73,40,33,25,22,3,66,30,36,91,28,63,27,17,10
S01008737,374,195,179,5,5,0,14,12,2,20,19,1,74,44,30,22,17,5,84,40,44,135,51,84,20,7,13
S01008738,333,169,164,5,5,0,15,9,6,17,16,1,63,32,31,34,27,7,78,38,40,112,40,72,9,2,7
S01008739,289,150,139,5,3,2,13,10,3,25,22,3,56,30,26,23,20,3,68,34,34,82,26,56,17,5,12
S01008740,271,133,138,5,3,2,9,8,1,22,19,3,45,21,24,27,26,1,62,27,35,92,26,66,9,3,6
S01008741,445,230,215,7,5,2,20,20,0,34,33,1,78,37,41,54,44,10,89,31,58,150,53,97,13,7,6
S01008742,217,115,102,0,0,0,5,5,0,10,9,1,51,27,24,15,13,2,47,25,22,71,30,41,18,6,12
S01008743,430,218,212,10,7,3,16,12,4,24,20,4,98,53,45,46,36,10,88,40,48,126,40,86,22,10,12
S01008744,491,248,243,9,7,2,15,13,2,37,35,2,76,40,36,42,39,3,112,53,59,168,49,119,32,12,20
S01008745,243,119,124,3,3,0,7,5,2,11,11,0,33,10,23,18,16,2,72,35,37,91,36,55,8,3,5
S01008746,483,256,227,7,5,2,17,13,4,36,33,3,122,59,63,39,30,9,103,54,49,136,54,82,23,8,15
S01008747,235,113,122,2,2,0,11,8,3,15,14,1,40,20,20,26,21,5,43,21,22,84,22,62,14,5,9
S01008748,312,157,155,4,3,1,7,6,1,24,20,4,48,27,21,22,21,1,94,48,46,95,25,70,18,7,11
S01008749,466,241,225,5,5,0,17,14,3,35,30,5,109,62,47,27,18,9,114,64,50,129,37,92,30,11,19
S01008750,323,165,158,6,5,1,17,11,6,21,19,2,46,24,22,22,18,4,89,45,44,106,34,72,16,9,7
S01008751,264,135,129,2,2,0,10,7,3,30,28,2,53,23,30,30,25,5,56,25,31,70,19,51,13,6,7
S01008752,304,149,155,6,4,2,7,7,0,18,16,2,70,37,33,34,22,12,68,33,35,94,28,66,7,2,5
S01008753,230,104,126,5,2,3,10,8,2,10,10,0,55,27,28,17,14,3,39,20,19,74,16,58,20,7,13
S01008754,355,183,172,3,3,0,11,9,2,28,25,3,99,49,50,27,25,2,75,38,37,92,25,67,20,9,11
S01008755,506,281,225,14,10,4,17,14,3,32,29,3,159,98,61,37,30,7,93,45,48,127,45,82,27,10,17
S01008756,337,168,169,4,3,1,20,13,7,22,20,2,77,44,33,30,20,10,60,31,29,105,28,77,19,9,10
S01008757,207,107,100,7,7,0,11,6,5,11,11,0,42,22,20,16,13,3,46,28,18,67,17,50,7,3,4
S01008758,341,174,167,9,8,1,6,4,2,36,31,5,75,35,40,36,31,5,66,25,41,98,35,63,15,5,10
S01008759,218,101,117,4,4,0,10,8,2,15,14,1,46,19,27,16,12,4,36,17,19,70,19,51,21,8,13
S01008760,370,169,201,4,3,1,14,10,4,26,25,1,100,42,58,40,32,8,70,28,42,91,19,72,25,10,15
S01008761,418,220,198,7,6,1,21,17,4,25,23,2,121,69,52,28,25,3,86,42,44,112,29,83,18,9,9
S01008762,319,155,164,10,6,4,17,11,6,22,21,1,58,28,30,29,28,1,72,32,40,100,26,74,11,3,8
S01008763,582,281,301,4,3,1,16,10,6,40,37,3,85,49,36,54,39,15,135,70,65,211,55,156,37,18,19
S01008764,406,205,201,7,6,1,20,18,2,22,20,2,64,33,31,40,31,9,92,45,47,132,39,93,29,13,16
S01008765,497,236,261,6,6,0,8,7,1,22,18,4,101,51,50,40,34,6,103,43,60,182,62,120,35,15,20
S01008766,524,256,268,8,4,4,25,18,7,30,27,3,82,41,41,61,44,17,124,66,58,167,46,121,27,10,17
S01008767,284,144,140,3,2,1,5,3,2,21,21,0,52,31,21,25,22,3,74,36,38,91,25,66,13,4,9
S01008768,266,144,122,6,5,1,9,7,2,13,12,1,54,32,22,25,22,3,45,20,25,93,37,56,21,9,12
S01008769,520,281,239,12,8,4,27,12,15,20,14,6,79,44,35,38,29,9,175,98,77,141,62,79,28,14,14
S01008770,567,309,258,15,10,5,23,13,10,16,15,1,115,55,60,60,46,14,189,107,82,124,50,74,25,13,12
S01008771,446,243,203,12,11,1,21,15,6,25,20,5,75,38,37,38,28,10,139,81,58,112,40,72,24,10,14
S01008772,413,224,189,13,12,1,16,13,3,17,15,2,84,52,32,32,25,7,91,51,40,127,46,81,33,10,23
S01008773,609,322,287,12,9,3,13,12,1,30,29,1,135,75,60,53,46,7,135,63,72,184,68,116,47,20,27
S01008774,521,288,233,14,9,5,21,17,4,26,26,0,147,74,73,31,30,1,118,64,54,128,50,78,36,18,18
S01008775,280,142,138,6,6,0,7,4,3,12,10,2,62,35,27,20,14,6,60,31,29,92,32,60,21,10,11
S01008776,419,203,216,8,5,3,10,6,4,9,9,0,123,67,56,28,20,8,103,45,58,118,45,73,20,6,14
S01008777,491,291,200,8,4,4,26,20,6,24,21,3,137,81,56,41,35,6,98,62,36,140,60,80,17,8,9
S01008778,786,423,363,18,15,3,23,18,5,26,22,4,166,82,84,74,57,17,243,132,111,181,67,114,55,30,25
S01008779,550,287,263,17,10,7,21,19,2,22,17,5,100,51,49,40,31,9,184,92,92,135,53,82,31,14,17
S01008780,419,218,201,10,6,4,10,8,2,13,11,2,93,43,50,36,25,11,121,69,52,103,43,60,33,13,20
S01008781,616,331,285,18,15,3,14,11,3,23,21,2,152,73,79,50,39,11,195,104,91,132,51,81,32,17,15
S01008782,509,279,230,9,9,0,19,15,4,20,20,0,108,60,48,41,28,13,154,82,72,135,53,82,23,12,11
S01008783,308,151,157,7,4,3,5,2,3,14,12,2,59,30,29,31,25,6,94,37,57,69,30,39,29,11,18
S01008784,322,163,159,6,6,0,7,3,4,10,7,3,75,42,33,34,28,6,98,43,55,69,22,47,23,12,11
S01008785,395,213,182,6,5,1,14,11,3,17,15,2,129,68,61,29,19,10,86,51,35,86,33,53,28,11,17
S01008786,625,351,274,17,12,5,20,13,7,21,18,3,161,97,64,37,28,9,175,102,73,148,58,90,46,23,23
S01008787,122,68,54,3,2,1,5,2,3,7,7,0,45,25,20,9,9,0,21,11,10,26,7,19,6,5,1
S01008788,487,251,236,10,9,1,13,9,4,10,10,0,120,69,51,38,24,14,153,77,76,111,36,75,32,17,15
S01008789,283,133,150,7,5,2,8,6,2,16,14,2,66,30,36,19,15,4,71,34,37,82,27,55,14,2,12
S01008790,363,181,182,8,8,0,18,13,5,20,18,2,105,48,57,20,14,6,75,42,33,85,23,62,32,15,17
S01008791,567,296,271,10,7,3,18,14,4,29,28,1,176,92,84,47,34,13,124,60,64,136,48,88,27,13,14
S01008792,476,243,233,9,6,3,17,14,3,20,20,0,98,51,47,37,32,5,106,52,54,154,49,105,35,19,16
S01008793,193,101,92,2,2,0,5,3,2,4,4,0,62,34,28,8,5,3,48,26,22,50,19,31,14,8,6
S01008794,428,212,216,4,4,0,15,11,4,21,19,2,95,50,45,40,32,8,102,45,57,113,37,76,38,14,24
S01008795,741,386,355,8,8,0,18,13,5,26,23,3,207,126,81,56,43,13,167,87,80,215,69,146,44,17,27
S01008796,622,319,303,8,4,4,30,20,10,29,28,1,168,86,82,39,28,11,134,71,63,176,68,108,38,14,24
S01008797,617,317,300,8,6,2,13,10,3,23,23,0,163,93,70,47,33,14,153,74,79,166,63,103,44,15,29
S01008798,461,240,221,4,2,2,13,12,1,15,12,3,107,52,55,37,25,12,99,56,43,153,65,88,33,16,17
S01008799,406,224,182,16,11,5,10,8,2,14,12,2,138,81,57,43,31,12,92,53,39,62,18,44,31,10,21
S01008800,767,412,355,10,6,4,11,6,5,33,28,5,200,111,89,61,47,14,189,108,81,221,83,138,42,23,19
S01008801,653,349,304,7,5,2,24,19,5,22,21,1,193,103,90,55,46,9,141,76,65,166,64,102,45,15,30
S01008802,608,324,284,8,6,2,10,6,4,16,16,0,169,101,68,36,26,10,156,86,70,170,65,105,43,18,25
S01008803,574,293,281,11,8,3,21,14,7,16,15,1,150,82,68,56,41,15,139,71,68,132,38,94,49,24,25
S01008804,332,187,145,4,4,0,10,8,2,10,10,0,97,61,36,17,11,6,84,51,33,93,37,56,17,5,12
S01008805,402,210,192,5,3,2,15,9,6,3,3,0,127,68,59,26,21,5,111,58,53,96,41,55,19,7,12
S01008806,713,363,350,25,17,8,16,8,8,24,21,3,165,86,79,65,38,27,186,109,77,187,65,122,45,19,26
S01008807,526,265,261,6,1,5,19,13,6,15,15,0,112,54,58,33,21,12,136,76,60,164,67,97,41,18,23
S01008808,417,212,205,6,3,3,14,11,3,14,11,3,81,42,39,39,27,12,114,57,57,111,47,64,38,14,24
S01008809,373,203,170,5,3,2,11,5,6,7,7,0,74,42,32,32,24,8,114,63,51,106,46,60,24,13,11
S01008810,484,239,245,8,6,2,14,7,7,9,9,0,95,49,46,43,30,13,123,67,56,151,50,101,41,21,20
S01008811,562,286,276,6,4,2,17,15,2,15,13,2,144,67,77,36,24,12,161,81,80,143,61,82,40,21,19
S01008812,313,160,153,3,2,1,12,7,5,7,6,1,65,36,29,26,19,7,85,45,40,93,34,59,22,11,11
S01008813,512,264,248,9,8,1,11,10,1,22,20,2,137,74,63,44,33,11,104,52,52,150,50,100,35,17,18
S01008814,516,251,265,8,7,1,16,10,6,17,16,1,156,89,67,26,19,7,121,59,62,137,37,100,35,14,21
S01008815,568,305,263,5,4,1,10,4,6,28,24,4,156,92,64,44,35,9,120,65,55,178,68,110,27,13,14
S01008816,286,157,129,7,6,1,7,5,2,10,9,1,56,30,26,26,23,3,105,51,54,58,27,31,17,6,11
S01008817,459,227,232,8,3,5,22,14,8,21,18,3,85,45,40,50,39,11,131,62,69,115,36,79,27,10,17
S01008818,495,232,263,7,6,1,17,11,6,17,16,1,93,56,37,44,32,12,123,45,78,161,48,113,33,18,15
S01008819,448,224,224,8,6,2,22,17,5,10,9,1,53,30,23,43,30,13,127,60,67,153,55,98,32,17,15
S01008820,621,331,290,12,8,4,19,13,6,22,21,1,147,75,72,58,46,12,126,66,60,189,80,109,48,22,26
S01008821,390,195,195,5,5,0,15,8,7,7,6,1,64,36,28,31,26,5,113,59,54,139,50,89,16,5,11
S01008822,371,196,175,3,3,0,17,16,1,8,8,0,66,37,29,20,17,3,101,64,37,134,43,91,22,8,14
S01008823,333,181,152,2,2,0,8,6,2,20,17,3,56,32,24,16,15,1,116,65,51,99,37,62,16,7,9
S01008824,555,264,291,6,4,2,19,17,2,25,21,4,64,32,32,38,29,9,161,77,84,191,66,125,51,18,33
S01008825,355,177,178,4,4,0,11,7,4,15,13,2,41,19,22,31,27,4,118,66,52,113,34,79,22,7,15
S01008826,396,196,200,8,4,4,16,13,3,18,17,1,56,29,27,40,30,10,103,48,55,133,46,87,22,9,13
S01008827,321,171,150,3,3,0,17,11,6,8,7,1,28,19,9,35,23,12,106,67,39,102,32,70,22,9,13
S01008828,478,231,247,9,7,2,19,9,10,18,15,3,69,36,33,26,18,8,148,87,61,162,46,116,27,13,14
S01008829,319,150,169,5,4,1,9,5,4,15,14,1,50,24,26,23,15,8,74,33,41,117,40,77,26,15,11
S01008830,347,172,175,5,3,2,16,10,6,7,6,1,55,29,26,23,18,5,95,51,44,119,41,78,27,14,13
S01008831,345,185,160,2,2,0,14,10,4,14,13,1,37,23,14,29,25,4,106,58,48,126,46,80,17,8,9
S01008832,298,173,125,5,5,0,14,11,3,11,9,2,44,30,14,26,17,9,88,53,35,91,36,55,19,12,7
S01008833,512,281,231,14,13,1,14,9,5,16,12,4,74,47,27,30,19,11,146,80,66,188,84,104,30,17,13
S01008834,578,280,298,12,12,0,18,12,6,20,20,0,71,32,39,46,30,16,160,89,71,215,70,145,36,15,21
S01008835,411,201,210,4,3,1,20,17,3,19,16,3,63,36,27,37,23,14,95,42,53,152,54,98,21,10,11
S01008836,401,205,196,6,6,0,14,9,5,27,21,6,94,46,48,31,18,13,113,60,53,99,35,64,17,10,7
S01008837,723,401,322,13,9,4,24,19,5,19,18,1,120,72,48,72,54,18,239,127,112,186,79,107,50,23,27
S01008838,675,349,326,9,8,1,30,20,10,17,16,1,122,62,60,58,38,20,210,121,89,190,69,121,39,15,24
S01008839,655,338,317,3,3,0,20,11,9,22,20,2,117,68,49,53,45,8,187,98,89,206,74,132,47,19,28
S01008840,646,327,319,9,5,4,19,13,6,16,15,1,110,54,56,67,47,20,176,103,73,198,71,127,51,19,32
S01008841,377,194,183,4,4,0,14,10,4,16,15,1,86,39,47,40,31,9,106,58,48,94,28,66,17,9,8
S01008842,600,322,278,11,7,4,22,14,8,25,23,2,160,101,59,47,34,13,167,81,86,136,48,88,32,14,18
S01008843,631,310,321,5,3,2,14,12,2,6,5,1,144,62,82,66,52,14,173,94,79,174,61,113,49,21,28
S01008844,444,221,223,0,0,0,10,7,3,12,11,1,88,41,47,31,20,11,177,88,89,105,44,61,21,10,11
S01008845,501,243,258,6,4,2,13,6,7,9,8,1,104,41,63,31,21,10,169,97,72,133,48,85,36,18,18
S01008846,482,231,251,6,6,0,18,12,6,12,12,0,96,40,56,39,27,12,133,69,64,136,42,94,42,23,19
S01008847,337,187,150,3,2,1,13,8,5,10,7,3,59,33,26,35,24,11,114,71,43,83,34,49,20,8,12
S01008848,454,259,195,9,8,1,20,16,4,6,5,1,60,36,24,34,28,6,157,89,68,140,65,75,28,12,16
S01008849,442,232,210,6,5,1,13,11,2,14,13,1,80,44,36,21,13,8,164,85,79,103,39,64,41,22,19
S01008850,424,222,202,10,10,0,14,8,6,14,13,1,52,22,30,27,15,12,171,94,77,96,39,57,40,21,19
S01008851,586,289,297,10,10,0,17,14,3,14,11,3,99,46,53,47,30,17,201,104,97,152,56,96,46,18,28
S01008852,542,302,240,9,7,2,20,14,6,8,5,3,88,49,39,35,20,15,213,136,77,139,57,82,30,14,16
S01008853,450,231,219,10,5,5,17,12,5,6,4,2,84,42,42,42,34,8,130,66,64,132,58,74,29,10,19
S01008854,541,299,242,8,7,1,15,9,6,18,16,2,76,42,34,33,28,5,192,110,82,161,72,89,38,15,23
S01008855,712,376,336,3,2,1,26,20,6,18,17,1,96,39,57,58,43,15,265,152,113,204,86,118,42,17,25
S01008856,391,197,194,10,6,4,10,6,4,5,4,1,65,33,32,33,24,9,130,78,52,110,33,77,28,13,15
S01008857,524,257,267,3,3,0,8,5,3,19,15,4,82,35,47,44,33,11,148,83,65,185,67,118,35,16,19
S01008858,353,177,176,3,1,2,8,6,2,5,5,0,33,18,15,28,21,7,120,64,56,113,42,71,43,20,23
S01008859,710,380,330,9,8,1,24,17,7,18,16,2,120,54,66,53,44,9,269,155,114,176,65,111,41,21,20
S01008860,555,261,294,9,7,2,11,7,4,13,11,2,88,44,44,42,28,14,169,81,88,189,74,115,34,9,25
S01008861,415,228,187,5,4,1,20,14,6,8,7,1,58,29,29,26,16,10,165,104,61,116,45,71,17,9,8
S01008862,631,305,326,8,4,4,19,12,7,19,16,3,59,30,29,42,30,12,234,119,115,203,72,131,47,22,25
S01008863,471,224,247,4,4,0,17,9,8,11,10,1,59,34,25,21,12,9,190,95,95,138,47,91,31,13,18
S01008864,418,216,202,6,5,1,9,5,4,7,4,3,41,25,16,34,22,12,132,69,63,165,72,93,24,14,10
S01008865,501,246,255,3,3,0,14,12,2,15,8,7,67,35,32,33,26,7,172,88,84,160,59,101,37,15,22
S01008866,552,264,288,7,5,2,20,14,6,11,10,1,58,23,35,46,35,11,193,105,88,181,56,125,36,16,20
S01008867,486,259,227,7,7,0,18,13,5,10,9,1,57,30,27,43,30,13,191,111,80,139,52,87,21,7,14
S01008868,525,297,228,10,10,0,16,10,6,6,6,0,148,82,66,31,21,10,160,97,63,124,58,66,30,13,17
S01008869,618,356,262,15,12,3,26,24,2,22,17,5,65,31,34,56,45,11,224,140,84,170,70,100,40,17,23
S01008870,485,255,230,6,4,2,29,22,7,16,13,3,65,36,29,38,31,7,183,100,83,119,36,83,29,13,16
S01008871,644,358,286,12,9,3,34,25,9,21,16,5,116,65,51,41,32,9,215,125,90,160,60,100,45,26,19
S01008872,508,266,242,5,3,2,17,12,5,22,15,7,108,60,48,45,30,15,199,103,96,88,34,54,24,9,15
S01008873,404,219,185,4,3,1,16,12,4,17,14,3,58,33,25,32,21,11,148,87,61,107,37,70,22,12,10
S01008874,512,264,248,10,8,2,11,9,2,15,13,2,83,41,42,56,37,19,182,100,82,124,45,79,31,11,20
S01008875,499,263,236,5,3,2,19,12,7,13,13,0,88,51,37,51,34,17,147,82,65,142,49,93,34,19,15
S01008876,279,137,142,2,2,0,9,7,2,12,11,1,42,20,22,24,17,7,75,41,34,100,34,66,15,5,10
S01008877,293,149,144,6,4,2,9,6,3,18,12,6,31,15,16,25,18,7,100,50,50,91,36,55,13,8,5
S01008878,421,209,212,8,4,4,15,13,2,34,32,2,84,35,49,31,26,5,96,46,50,134,44,90,19,9,10
S01008879,428,203,225,6,4,2,17,13,4,28,23,5,54,21,33,42,37,5,118,58,60,147,39,108,16,8,8
S01008880,332,166,166,5,4,1,16,11,5,12,10,2,43,22,21,30,26,4,107,48,59,107,38,69,12,7,5
S01008881,244,141,103,2,1,1,14,11,3,8,7,1,27,19,8,28,19,9,78,50,28,71,25,46,16,9,7
S01008882,492,277,215,6,5,1,21,14,7,14,10,4,49,31,18,38,24,14,212,133,79,129,50,79,23,10,13
S01008883,377,199,178,6,5,1,14,12,2,16,9,7,43,21,22,23,20,3,135,87,48,126,37,89,14,8,6
S01008884,272,145,127,5,5,0,8,5,3,13,9,4,33,16,17,14,11,3,106,64,42,80,29,51,13,6,7
S01008885,403,218,185,8,6,2,27,21,6,19,14,5,40,22,18,18,11,7,143,84,59,132,52,80,16,8,8
S01008886,417,217,200,2,1,1,12,10,2,13,11,2,71,40,31,33,27,6,146,80,66,118,37,81,22,11,11
S01008887,377,185,192,12,7,5,17,12,5,16,15,1,46,29,17,19,15,4,114,62,52,138,37,101,15,8,7
S01008888,385,182,203,2,2,0,15,13,2,3,3,0,37,18,19,37,28,9,124,56,68,139,50,89,28,12,16
S01008889,310,168,142,2,2,0,10,6,4,21,18,3,54,33,21,27,24,3,95,47,48,85,29,56,16,9,7
S01008890,343,173,170,3,2,1,11,9,2,17,16,1,53,29,24,31,25,6,80,41,39,129,40,89,19,11,8
S01008891,363,177,186,4,3,1,11,8,3,14,14,0,64,36,28,18,17,1,93,48,45,132,38,94,27,13,14
S01008892,466,233,233,2,1,1,15,13,2,26,21,5,61,32,29,40,29,11,128,68,60,165,53,112,29,16,13
S01008893,436,222,214,6,3,3,15,13,2,16,12,4,60,38,22,36,28,8,154,80,74,130,41,89,19,7,12
S01008894,399,218,181,6,4,2,16,12,4,21,20,1,59,34,25,22,16,6,133,86,47,121,42,79,21,4,17
S01008895,314,164,150,8,8,0,18,15,3,17,15,2,37,18,19,17,13,4,117,63,54,90,29,61,10,3,7
S01008896,258,139,119,4,2,2,17,14,3,9,9,0,23,13,10,15,12,3,106,59,47,71,26,45,13,4,9
S01008897,303,155,148,4,3,1,18,14,4,11,11,0,41,21,20,19,14,5,98,52,46,103,36,67,9,4,5
S01008898,389,200,189,6,5,1,19,14,5,22,16,6,63,35,28,28,21,7,109,60,49,122,37,85,20,12,8
S01008899,334,166,168,8,6,2,10,9,1,21,19,2,86,40,46,24,20,4,64,37,27,98,25,73,23,10,13
S01008900,472,229,243,11,6,5,21,17,4,27,24,3,124,55,69,40,30,10,84,37,47,144,51,93,21,9,12
S01008901,371,184,187,6,3,3,14,10,4,38,36,2,86,40,46,35,31,4,45,23,22,128,35,93,19,6,13
S01008902,470,250,220,5,4,1,13,8,5,34,34,0,123,64,59,35,31,4,106,56,50,137,47,90,17,6,11
S01008903,433,204,229,8,3,5,18,15,3,46,43,3,102,47,55,31,25,6,64,25,39,148,39,109,16,7,9
S01008904,458,236,222,5,4,1,16,12,4,22,21,1,152,78,74,32,25,7,94,45,49,116,41,75,21,10,11
S01008905,420,229,191,9,7,2,23,16,7,29,25,4,101,56,45,25,23,2,101,54,47,109,36,73,23,12,11
S01008906,333,183,150,3,2,1,16,13,3,14,13,1,104,65,39,16,14,2,68,39,29,98,32,66,14,5,9
S01008907,188,87,101,5,4,1,8,6,2,8,8,0,57,27,30,8,5,3,47,15,32,46,18,28,9,4,5
S01008908,393,194,199,14,10,4,17,13,4,29,27,2,90,44,46,19,16,3,91,42,49,112,30,82,21,12,9
S01008909,404,204,200,13,9,4,22,13,9,25,22,3,105,52,53,36,31,5,67,31,36,117,39,78,19,7,12
S01008910,251,123,128,6,2,4,15,12,3,16,16,0,61,28,33,25,21,4,44,18,26,74,22,52,10,4,6
S01008911,584,319,265,10,7,3,35,25,10,27,26,1,123,64,59,44,36,8,185,95,90,123,49,74,37,17,20
S01008912,425,219,206,10,10,0,17,15,2,20,17,3,68,31,37,35,29,6,93,51,42,151,54,97,31,12,19
S01008913,377,202,175,14,12,2,19,14,5,23,22,1,76,44,32,29,24,5,110,50,60,87,26,61,19,10,9
S01008914,439,204,235,7,4,3,23,21,2,43,38,5,81,35,46,33,28,5,76,34,42,150,32,118,26,12,14
S01008915,281,149,132,3,2,1,10,10,0,14,13,1,50,28,22,26,22,4,60,33,27,103,33,70,15,8,7
S01008916,402,199,203,7,3,4,19,12,7,19,18,1,95,49,46,23,22,1,72,36,36,140,47,93,27,12,15
S01008917,277,139,138,5,3,2,12,11,1,11,10,1,71,41,30,22,17,5,53,25,28,84,23,61,19,9,10
S01008918,203,100,103,2,2,0,8,4,4,15,15,0,70,36,34,7,6,1,34,19,15,56,16,40,11,2,9
S01008919,191,110,81,3,2,1,4,3,1,8,8,0,63,39,24,21,17,4,34,17,17,41,14,27,17,10,7
S01008920,746,403,343,20,15,5,33,20,13,39,36,3,146,70,76,60,48,12,205,112,93,199,79,120,44,23,21
S01008921,265,135,130,12,10,2,9,7,2,16,14,2,84,51,33,14,11,3,36,15,21,77,20,57,17,7,10
S01008922,331,171,160,10,7,3,15,14,1,18,17,1,85,44,41,30,24,6,55,28,27,106,34,72,12,3,9
S01008923,339,163,176,16,11,5,17,12,5,17,17,0,104,52,52,21,19,2,56,23,33,86,20,66,22,9,13
S01008924,370,169,201,8,6,2,12,10,2,30,28,2,101,40,61,26,18,8,67,31,36,116,30,86,10,6,4
S01008925,355,179,176,10,5,5,17,11,6,21,20,1,105,55,50,27,24,3,64,27,37,90,30,60,21,7,14
S01008926,337,177,160,16,10,6,17,14,3,28,26,2,71,37,34,28,24,4,66,30,36,98,31,67,13,5,8
S01008927,495,252,243,16,11,5,15,11,4,29,26,3,112,62,50,32,26,6,135,62,73,135,46,89,21,8,13
S01008928,331,174,157,8,6,2,19,13,6,16,15,1,75,45,30,33,27,6,73,27,46,93,34,59,14,7,7
S01008929,233,139,94,1,1,0,13,10,3,7,6,1,78,46,32,23,19,4,34,20,14,63,31,32,14,6,8
S01008930,307,141,166,13,9,4,3,2,1,22,19,3,73,33,40,29,20,9,63,24,39,86,25,61,18,9,9
S01008931,306,139,167,6,5,1,7,6,1,27,25,2,86,37,49,21,14,7,58,28,30,83,18,65,18,6,12
S01008932,486,240,246,8,4,4,29,22,7,19,18,1,125,63,62,30,24,6,118,59,59,129,41,88,28,9,19
S01008933,284,140,144,7,3,4,8,7,1,21,18,3,69,39,30,27,20,7,57,30,27,80,18,62,15,5,10
S01008934,358,180,178,4,3,1,15,10,5,24,22,2,93,52,41,32,27,5,75,31,44,92,27,65,23,8,15
S01008935,410,225,185,7,5,2,27,24,3,19,17,2,72,42,30,33,26,7,92,57,35,145,46,99,15,8,7
S01008936,190,98,92,1,1,0,10,8,2,10,8,2,23,14,9,9,7,2,72,45,27,53,12,41,12,3,9
S01008937,391,187,204,6,4,2,15,11,4,29,27,2,65,30,35,31,26,5,94,44,50,117,30,87,34,15,19
S01008938,329,174,155,5,3,2,15,14,1,24,22,2,46,23,23,24,21,3,91,49,42,104,32,72,20,10,10
S01008939,359,184,175,14,8,6,17,13,4,21,15,6,57,33,24,27,24,3,84,43,41,117,34,83,22,14,8
S01008940,263,143,120,1,0,1,9,7,2,14,9,5,36,19,17,17,9,8,94,64,30,72,27,45,20,8,12
S01008941,371,188,183,9,8,1,21,14,7,12,9,3,42,22,20,19,15,4,148,88,60,99,21,78,21,11,10
S01008942,365,181,184,8,6,2,15,11,4,14,13,1,53,27,26,32,27,5,96,51,45,123,36,87,24,10,14
S01008943,336,180,156,3,3,0,16,11,5,15,11,4,43,24,19,23,16,7,112,73,39,112,38,74,12,4,8
S01008944,407,214,193,4,2,2,18,13,5,17,11,6,62,31,31,13,9,4,151,96,55,119,46,73,23,6,17
S01008945,393,208,185,1,0,1,20,18,2,18,15,3,56,33,23,33,24,9,138,72,66,103,34,69,24,12,12
S01008946,378,201,177,5,3,2,27,21,6,10,6,4,62,39,23,32,27,5,116,68,48,114,33,81,12,4,8
S01008947,451,224,227,15,11,4,25,18,7,12,12,0,75,36,39,33,26,7,122,68,54,153,46,107,16,7,9
S01008948,369,190,179,3,1,2,19,9,10,20,16,4,72,42,30,33,27,6,104,56,48,99,28,71,19,11,8
S01008949,436,216,220,8,6,2,15,11,4,35,32,3,85,44,41,41,33,8,99,48,51,127,34,93,26,8,18
S01008950,433,215,218,5,3,2,21,17,4,28,26,2,84,52,32,33,25,8,99,41,58,136,39,97,27,12,15
S01008951,393,189,204,6,5,1,17,12,5,28,26,2,104,47,57,23,20,3,85,37,48,113,31,82,17,11,6
S01008952,382,191,191,4,3,1,11,7,4,24,20,4,99,53,46,23,18,5,103,58,45,108,29,79,10,3,7
S01008953,400,188,212,3,2,1,20,15,5,32,31,1,100,41,59,29,23,6,74,33,41,115,33,82,27,10,17
S01008954,353,184,169,11,8,3,18,16,2,25,23,2,80,45,35,39,29,10,70,33,37,98,24,74,12,6,6
S01008955,349,171,178,8,5,3,7,7,0,17,12,5,71,41,30,21,16,5,93,46,47,114,35,79,18,9,9
S01008956,513,253,260,9,8,1,21,17,4,21,20,1,74,33,41,59,46,13,154,73,81,158,51,107,17,5,12
S01008957,473,230,243,10,9,1,19,12,7,26,24,2,88,41,47,27,20,7,124,64,60,154,51,103,25,9,16
S01008958,334,172,162,3,2,1,12,8,4,29,26,3,62,30,32,25,14,11,89,41,48,102,44,58,12,7,5
S01008959,454,218,236,8,5,3,15,12,3,26,25,1,82,49,33,50,36,14,110,49,61,137,35,102,26,7,19
S01008960,530,284,246,6,6,0,26,22,4,37,28,9,81,46,35,29,25,4,195,101,94,132,42,90,24,14,10
S01008961,379,183,196,8,2,6,14,9,5,22,16,6,72,40,32,35,29,6,82,42,40,124,34,90,22,11,11
S01008962,336,160,176,3,2,1,15,10,5,13,13,0,48,22,26,40,32,8,88,47,41,113,26,87,16,8,8
S01008963,383,189,194,5,4,1,19,17,2,24,18,6,57,30,27,32,20,12,112,52,60,112,40,72,22,8,14
S01008964,245,131,114,7,6,1,13,10,3,15,14,1,43,28,15,19,12,7,63,33,30,75,25,50,10,3,7
S01008965,323,171,152,10,8,2,21,19,2,21,20,1,44,25,19,28,20,8,80,41,39,105,30,75,14,8,6
S01008966,291,147,144,2,0,2,21,18,3,23,21,2,25,12,13,27,21,6,91,39,52,92,31,61,10,5,5
S01008967,475,245,230,10,9,1,23,20,3,25,22,3,50,31,19,44,29,15,142,71,71,156,54,102,25,9,16
S01008968,498,252,246,9,6,3,26,17,9,37,33,4,72,35,37,31,25,6,134,73,61,173,54,119,16,9,7
S01008969,533,271,262,4,3,1,39,31,8,27,23,4,77,44,33,50,36,14,131,64,67,181,58,123,24,12,12
S01008970,548,285,263,10,6,4,28,20,8,29,27,2,68,35,33,36,28,8,160,95,65,185,56,129,32,18,14
S01008971,368,199,169,6,5,1,11,7,4,15,14,1,46,29,17,34,26,8,108,70,38,136,41,95,12,7,5
S01008972,367,191,176,5,3,2,20,16,4,8,6,2,38,20,18,23,17,6,133,84,49,118,36,82,22,9,13
S01008973,397,209,188,16,13,3,19,13,6,22,19,3,53,28,25,30,23,7,123,64,59,108,38,70,26,11,15
S01008974,359,176,183,3,3,0,14,13,1,21,18,3,54,24,30,40,34,6,101,52,49,105,26,79,21,6,15
S01008975,275,134,141,4,3,1,11,7,4,14,11,3,41,24,17,20,14,6,90,48,42,82,25,57,13,2,11
S01008976,246,128,118,2,2,0,8,7,1,19,18,1,27,14,13,21,13,8,84,44,40,73,29,44,12,1,11
S01008977,310,162,148,6,4,2,19,18,1,13,12,1,42,21,21,28,20,8,72,41,31,111,37,74,19,9,10
S01008978,312,153,159,8,6,2,13,11,2,26,24,2,58,27,31,23,17,6,76,34,42,91,26,65,17,8,9
S01008979,413,192,221,5,4,1,17,13,4,29,27,2,78,41,37,29,20,9,115,50,65,117,31,86,23,6,17
S01008980,434,223,211,7,5,2,12,10,2,28,26,2,116,74,42,35,29,6,97,35,62,111,34,77,28,10,18
S01008981,324,158,166,5,3,2,20,18,2,29,23,6,44,20,24,34,29,5,82,37,45,94,21,73,16,7,9
S01008982,422,201,221,5,3,2,20,12,8,30,29,1,98,41,57,32,28,4,106,42,64,113,40,73,18,6,12
S01008983,413,213,200,5,5,0,16,11,5,37,34,3,94,43,51,43,34,9,90,38,52,107,43,64,21,5,16
S01008984,255,121,134,5,3,2,9,7,2,14,14,0,44,22,22,22,20,2,54,24,30,92,28,64,15,3,12
S01008985,394,207,187,9,8,1,15,10,5,22,19,3,88,46,42,35,31,4,103,52,51,101,35,66,21,6,15
S01008986,392,207,185,4,2,2,25,22,3,24,21,3,74,37,37,35,30,5,76,39,37,139,51,88,15,5,10
S01008987,420,219,201,2,1,1,31,23,8,31,30,1,74,35,39,41,35,6,91,51,40,129,39,90,21,5,16
S01008988,477,243,234,9,7,2,16,10,6,32,23,9,85,49,36,60,50,10,123,65,58,126,33,93,26,6,20
S01008989,432,228,204,5,2,3,23,13,10,25,23,2,73,36,37,51,40,11,124,58,66,110,45,65,21,11,10
S01008990,513,273,240,10,7,3,16,12,4,20,19,1,89,39,50,66,51,15,180,95,85,112,43,69,20,7,13
S01008991,590,296,294,8,7,1,30,22,8,31,24,7,102,57,45,47,40,7,191,97,94,155,38,117,26,11,15
S01008992,284,155,129,8,6,2,8,6,2,16,13,3,73,45,28,24,18,6,69,36,33,73,27,46,13,4,9
S01008993,571,292,279,13,11,2,24,18,6,25,22,3,95,48,47,50,38,12,162,77,85,171,64,107,31,14,17
S01008994,377,193,184,12,9,3,24,17,7,29,28,1,93,46,47,41,27,14,71,42,29,86,17,69,21,7,14
S01008995,477,245,232,7,5,2,26,22,4,20,17,3,86,53,33,38,24,14,104,54,50,175,58,117,21,12,9
S01008996,280,140,140,9,8,1,15,13,2,23,20,3,76,32,44,28,23,5,55,22,33,62,19,43,12,3,9
S01008997,545,282,263,24,18,6,27,22,5,41,37,4,107,49,58,54,37,17,129,66,63,143,48,95,20,5,15
S01008998,265,134,131,7,4,3,21,16,5,21,17,4,82,36,46,22,19,3,34,19,15,68,18,50,10,5,5
S01008999,361,184,177,8,4,4,26,16,10,24,21,3,75,33,42,39,33,6,73,38,35,90,27,63,26,12,14
S01009000,466,237,229,17,11,6,32,27,5,30,27,3,93,38,55,36,25,11,107,59,48,120,36,84,31,14,17
S01009001,410,213,197,18,12,6,24,20,4,31,25,6,62,34,28,28,26,2,95,50,45,131,35,96,21,11,10
S01009002,423,232,191,16,14,2,19,14,5,16,15,1,46,21,25,42,30,12,94,48,46,178,84,94,12,6,6
S01009003,514,274,240,10,8,2,23,17,6,15,13,2,94,49,45,41,33,8,160,91,69,145,52,93,26,11,15
S01009004,375,185,190,5,5,0,20,16,4,27,25,2,81,42,39,40,31,9,71,31,40,114,27,87,17,8,9
S01009005,383,195,188,7,6,1,30,20,10,15,14,1,83,45,38,39,30,9,72,39,33,113,30,83,24,11,13
S01009006,332,162,170,7,5,2,20,14,6,21,19,2,69,30,39,25,21,4,70,33,37,99,31,68,21,9,12
S01009007,323,168,155,3,3,0,22,16,6,20,17,3,71,43,28,30,21,9,68,36,32,93,28,65,16,4,12
S01009008,444,230,214,10,8,2,27,23,4,26,20,6,69,38,31,42,31,11,121,64,57,122,37,85,27,9,18
S01009009,202,101,101,3,2,1,3,2,1,14,13,1,57,25,32,25,23,2,40,18,22,51,13,38,9,5,4
S01009010,614,294,320,10,7,3,31,23,8,32,29,3,131,58,73,51,44,7,154,69,85,181,57,124,24,7,17
S01009011,547,279,268,15,10,5,29,20,9,44,36,8,100,56,44,39,34,5,132,69,63,160,45,115,28,9,19
S01009012,442,234,208,4,3,1,23,20,3,22,20,2,72,42,30,39,33,6,107,55,52,147,49,98,28,12,16
S01009013,512,249,263,6,5,1,26,23,3,29,24,5,93,47,46,50,36,14,115,56,59,167,46,121,26,12,14
S01009014,305,159,146,27,27,0,21,10,11,31,29,2,64,27,37,41,34,7,15,6,9,98,23,75,8,3,5
S01009015,280,143,137,26,24,2,17,14,3,21,19,2,42,18,24,47,36,11,14,10,4,106,18,88,7,4,3
S01009016,230,125,105,33,31,2,6,4,2,31,29,2,30,10,20,28,23,5,17,14,3,77,10,67,8,4,4
S01009017,278,149,129,39,38,1,4,3,1,36,35,1,60,22,38,23,16,7,20,11,9,86,20,66,10,4,6
S01009018,389,209,180,55,49,6,10,7,3,51,49,2,58,22,36,37,22,15,43,22,21,123,34,89,12,4,8
S01009019,278,154,124,28,25,3,11,8,3,24,22,2,48,24,24,22,18,4,44,25,19,92,29,63,9,3,6
S01009020,450,235,215,29,23,6,11,4,7,57,53,4,71,27,44,30,25,5,53,34,19,183,61,122,16,8,8
S01009021,377,188,189,44,40,4,24,14,10,43,43,0,61,25,36,24,20,4,29,14,15,138,26,112,14,6,8
S01009022,444,239,205,61,59,2,20,12,8,26,26,0,78,30,48,67,47,20,43,26,17,132,31,101,17,8,9
S01009023,423,235,188,41,40,1,20,16,4,55,51,4,88,38,50,38,28,10,25,21,4,137,31,106,19,10,9
S01009024,436,244,192,55,53,2,14,10,4,35,33,2,91,43,48,46,37,9,39,26,13,136,31,105,20,11,9
S01009025,439,237,202,46,45,1,16,13,3,61,56,5,73,32,41,47,38,9,33,13,20,143,31,112,20,9,11
S01009026,425,216,209,38,34,4,22,17,5,46,45,1,63,30,33,39,27,12,36,22,14,167,38,129,14,3,11
S01009027,336,177,159,46,42,4,15,9,6,42,39,3,44,19,25,32,17,15,34,21,13,110,23,87,13,7,6
S01009028,235,128,107,22,19,3,22,18,4,35,33,2,42,22,20,16,11,5,19,7,12,65,13,52,14,5,9
S01009029,286,158,128,15,15,0,45,35,10,29,29,0,36,20,16,26,22,4,16,11,5,106,19,87,13,7,6
S01009030,356,193,163,23,23,0,47,37,10,37,37,0,39,17,22,34,20,14,37,22,15,125,29,96,14,8,6
S01009031,365,207,158,21,19,2,22,20,2,54,53,1,59,23,36,43,37,6,31,19,12,123,31,92,12,5,7
S01009032,283,152,131,11,7,4,17,12,5,50,49,1,55,30,25,25,18,7,16,11,5,88,15,73,21,10,11
S01009033,350,199,151,17,16,1,21,17,4,63,59,4,57,29,28,34,26,8,21,12,9,123,30,93,14,10,4
S01009034,312,175,137,14,14,0,18,13,5,49,49,0,38,18,20,23,19,4,28,20,8,126,34,92,16,8,8
S01009035,459,237,222,26,24,2,21,18,3,40,37,3,86,44,42,49,44,5,46,25,21,179,41,138,12,4,8
S01009036,523,270,253,34,31,3,26,17,9,62,59,3,76,37,39,53,43,10,37,23,14,216,52,164,19,8,11
S01009037,464,239,225,32,29,3,25,19,6,59,50,9,80,50,30,44,32,12,50,19,31,157,35,122,17,5,12
S01009038,548,276,272,31,30,1,27,18,9,50,48,2,113,59,54,54,37,17,37,20,17,208,48,160,28,16,12
S01009039,329,170,159,15,11,4,23,18,5,40,40,0,85,34,51,28,20,8,28,17,11,99,29,70,11,1,10
S01009040,322,148,174,14,13,1,15,11,4,30,28,2,62,22,40,45,25,20,20,12,8,127,35,92,9,2,7
S01009041,439,242,197,23,23,0,22,16,6,52,50,2,93,55,38,46,28,18,34,17,17,148,40,108,21,13,8
S01009042,425,215,210,14,12,2,27,21,6,52,49,3,89,35,54,36,25,11,42,25,17,144,39,105,21,9,12
S01009043,326,165,161,11,10,1,18,13,5,39,38,1,77,32,45,30,21,9,29,19,10,110,27,83,12,5,7
S01009044,364,177,187,18,15,3,23,15,8,38,38,0,74,24,50,28,21,7,27,18,9,142,43,99,14,3,11
S01009045,320,171,149,21,18,3,17,15,2,28,26,2,64,35,29,36,28,8,25,12,13,117,32,85,12,5,7
S01009046,439,237,202,37,34,3,20,17,3,48,45,3,78,38,40,36,25,11,44,25,19,164,46,118,12,7,5
S01009047,413,213,200,24,22,2,14,13,1,39,39,0,77,30,47,41,34,7,36,21,15,166,42,124,16,12,4
S01009048,419,221,198,27,26,1,20,13,7,40,38,2,68,31,37,43,36,7,38,21,17,168,48,120,15,8,7
S01009049,296,148,148,13,10,3,20,13,7,31,30,1,43,16,27,39,28,11,23,13,10,120,34,86,7,4,3
S01009050,397,207,190,20,14,6,39,35,4,42,36,6,76,45,31,22,15,7,59,23,36,123,32,91,16,7,9
S01009051,368,186,182,8,6,2,55,41,14,40,38,2,63,29,34,40,30,10,48,21,27,96,16,80,18,5,13
S01009052,320,167,153,13,11,2,33,27,6,31,27,4,60,28,32,33,25,8,47,24,23,91,21,70,12,4,8
S01009053,190,88,102,5,4,1,23,18,5,11,11,0,55,23,32,14,8,6,21,8,13,54,14,40,7,2,5
S01009054,270,131,139,11,6,5,23,18,5,32,31,1,64,30,34,22,14,8,25,12,13,82,17,65,11,3,8
S01009055,453,232,221,35,26,9,30,23,7,61,55,6,86,40,46,27,19,8,69,29,40,122,32,90,23,8,15
S01009056,219,113,106,9,8,1,24,16,8,25,25,0,59,30,29,21,13,8,20,10,10,53,9,44,8,2,6
S01009057,236,123,113,12,9,3,15,12,3,30,30,0,67,29,38,11,9,2,22,12,10,66,15,51,13,7,6
S01009058,357,180,177,24,12,12,34,28,6,33,31,2,77,40,37,19,14,5,52,23,29,100,25,75,18,7,11
S01009059,474,244,230,15,8,7,51,44,7,49,44,5,89,42,47,43,36,7,67,26,41,138,34,104,22,10,12
S01009060,329,172,157,17,16,1,32,24,8,37,31,6,62,33,29,16,15,1,47,18,29,103,28,75,15,7,8
S01009061,433,202,231,9,6,3,46,36,10,43,39,4,118,44,74,27,23,4,54,20,34,123,29,94,13,5,8
S01009062,271,140,131,10,8,2,30,28,2,28,26,2,60,28,32,18,17,1,33,11,22,78,21,57,14,1,13
S01009063,390,191,199,13,10,3,37,32,5,38,34,4,94,39,55,27,25,2,39,15,24,126,28,98,16,8,8
S01009064,272,139,133,6,2,4,31,24,7,37,34,3,48,21,27,19,16,3,39,17,22,86,21,65,6,4,2
S01009065,268,128,140,16,8,8,22,17,5,34,30,4,66,27,39,15,10,5,42,21,21,64,11,53,9,4,5
S01009066,323,171,152,10,5,5,31,26,5,42,39,3,65,30,35,34,28,6,33,16,17,97,21,76,11,6,5
S01009067,502,261,241,9,6,3,61,46,15,49,45,4,96,52,44,36,31,5,62,30,32,178,46,132,11,5,6
S01009068,463,235,228,21,13,8,50,37,13,52,45,7,103,50,53,34,27,7,51,18,33,135,40,95,17,5,12
S01009069,380,187,193,5,4,1,48,39,9,44,38,6,53,30,23,27,21,6,42,16,26,143,32,111,18,7,11
S01009070,354,178,176,11,8,3,36,28,8,26,25,1,81,42,39,33,21,12,46,21,25,105,31,74,16,2,14
S01009071,254,130,124,15,9,6,35,21,14,32,28,4,44,25,19,19,15,4,32,15,17,67,12,55,10,5,5
S01009072,263,137,126,9,8,1,23,22,1,31,29,2,58,27,31,19,15,4,34,15,19,75,14,61,14,7,7
S01009073,258,127,131,5,3,2,24,18,6,31,28,3,73,28,45,24,18,6,20,12,8,73,17,56,8,3,5
S01009074,329,161,168,11,9,2,37,28,9,42,40,2,84,39,45,19,16,3,39,14,25,87,11,76,10,4,6
S01009075,243,124,119,5,4,1,24,14,10,28,25,3,59,26,33,25,20,5,25,12,13,63,20,43,14,3,11
S01009076,550,285,265,16,12,4,52,43,9,59,47,12,97,43,54,64,49,15,68,33,35,168,46,122,26,12,14
S01009077,317,173,144,13,11,2,29,27,2,32,28,4,64,30,34,26,21,5,53,27,26,91,26,65,9,3,6
S01009078,460,237,223,15,11,4,52,42,10,40,36,4,59,37,22,35,23,12,75,36,39,165,45,120,19,7,12
S01009079,377,198,179,22,19,3,45,38,7,36,34,2,85,43,42,27,21,6,34,17,17,115,22,93,13,4,9
S01009080,416,214,202,15,14,1,74,60,14,48,41,7,83,34,49,27,22,5,32,17,15,115,18,97,22,8,14
S01009081,332,180,152,4,4,0,43,35,8,43,39,4,62,37,25,21,17,4,39,17,22,108,28,80,12,3,9
S01009082,464,250,214,17,14,3,61,49,12,57,52,5,105,48,57,35,31,4,40,17,23,130,34,96,19,5,14
S01009083,371,190,181,12,9,3,59,43,16,38,35,3,90,41,49,24,17,7,29,14,15,105,23,82,14,8,6
S01009084,255,136,119,13,9,4,25,19,6,31,28,3,49,24,25,22,16,6,29,13,16,75,25,50,11,2,9
S01009085,497,256,241,15,7,8,50,41,9,50,45,5,95,50,45,42,38,4,74,32,42,157,36,121,14,7,7
S01009086,349,178,171,12,8,4,33,28,5,35,26,9,82,47,35,29,19,10,38,12,26,101,35,66,19,3,16
S01009087,272,133,139,6,5,1,32,26,6,37,35,2,60,24,36,14,11,3,34,11,23,76,17,59,13,4,9
S01009088,517,276,241,13,12,1,47,44,3,45,40,5,103,50,53,40,27,13,79,40,39,172,52,120,18,11,7
S01009089,529,274,255,16,13,3,58,51,7,33,29,4,83,40,43,30,25,5,116,63,53,173,42,131,20,11,9
S01009090,532,289,243,23,18,5,44,30,14,47,43,4,90,57,33,31,24,7,112,57,55,171,55,116,14,5,9
S01009091,388,199,189,19,11,8,40,36,4,24,22,2,64,29,35,26,17,9,95,57,38,110,25,85,10,2,8
S01009092,500,243,257,19,18,1,51,41,10,30,25,5,109,45,64,35,27,8,74,33,41,155,45,110,27,9,18
S01009093,375,186,189,4,4,0,33,32,1,29,28,1,96,37,59,38,33,5,53,16,37,101,27,74,21,9,12
S01009094,295,145,150,12,11,1,32,26,6,18,17,1,52,22,30,18,14,4,47,24,23,103,28,75,13,3,10
S01009095,395,206,189,16,12,4,31,23,8,26,24,2,87,47,40,26,18,8,65,40,25,125,33,92,19,9,10
S01009096,527,265,262,12,9,3,34,31,3,38,31,7,86,41,45,39,26,13,122,65,57,183,54,129,13,8,5
S01009097,496,258,238,18,13,5,57,45,12,33,27,6,85,39,46,43,33,10,82,45,37,168,51,117,10,5,5
S01009098,245,123,122,5,4,1,22,16,6,24,21,3,50,23,27,12,10,2,40,22,18,80,23,57,12,4,8
S01009099,361,186,175,11,9,2,43,32,11,40,38,2,71,43,28,27,19,8,45,20,25,112,21,91,12,4,8
S01009100,316,168,148,5,2,3,29,21,8,29,28,1,80,45,35,31,25,6,40,20,20,90,22,68,12,5,7
S01009101,451,232,219,13,12,1,57,45,12,34,30,4,117,55,62,35,26,9,56,28,28,125,31,94,14,5,9
S01009102,341,171,170,6,3,3,42,30,12,38,35,3,80,39,41,22,19,3,51,14,37,92,26,66,10,5,5
S01009103,273,140,133,12,9,3,36,32,4,16,12,4,49,31,18,17,11,6,35,17,18,97,24,73,11,4,7
S01009104,380,185,195,9,8,1,39,35,4,46,40,6,78,34,44,25,18,7,49,19,30,126,28,98,8,3,5
S01009105,419,208,211,10,8,2,32,25,7,42,35,7,83,42,41,31,20,11,64,29,35,136,41,95,21,8,13
S01009106,276,138,138,8,7,1,35,30,5,22,21,1,53,28,25,24,19,5,33,14,19,85,13,72,16,6,10
S01009107,461,228,233,13,12,1,68,52,16,36,32,4,80,31,49,27,19,8,80,37,43,149,41,108,8,4,4
S01009108,386,199,187,15,11,4,45,38,7,37,30,7,73,36,37,26,21,5,58,27,31,111,28,83,21,8,13
S01009109,378,189,189,14,10,4,30,25,5,21,18,3,89,45,44,29,21,8,43,25,18,135,38,97,17,7,10
S01009110,289,146,143,9,8,1,30,23,7,29,26,3,61,37,24,10,7,3,38,19,19,99,23,76,13,3,10
S01009111,511,255,256,19,15,4,45,38,7,36,33,3,117,60,57,30,26,4,80,34,46,170,45,125,14,4,10
S01009112,273,146,127,10,8,2,28,21,7,15,13,2,57,32,25,18,13,5,34,20,14,94,30,64,17,9,8
S01009113,465,261,204,15,15,0,54,41,13,39,36,3,114,64,50,38,32,6,69,28,41,128,42,86,8,3,5
S01009114,448,232,216,13,7,6,58,47,11,38,35,3,105,53,52,33,23,10,66,30,36,126,32,94,9,5,4
S01009115,340,162,178,9,6,3,40,31,9,27,25,2,71,25,46,25,16,9,41,21,20,120,36,84,7,2,5
S01009116,265,132,133,13,11,2,31,27,4,25,24,1,55,26,29,5,2,3,36,16,20,83,18,65,17,8,9
S01009117,450,219,231,16,12,4,50,38,12,44,39,5,87,38,49,32,26,6,69,26,43,126,25,101,26,15,11
S01009118,376,196,180,13,11,2,56,47,9,26,25,1,71,38,33,21,12,9,56,28,28,121,27,94,12,8,4
S01009119,335,177,158,10,5,5,63,45,18,35,34,1,65,25,40,26,23,3,36,21,15,89,19,70,11,5,6
S01009120,260,136,124,7,6,1,24,16,8,29,28,1,76,35,41,21,18,3,40,22,18,56,10,46,7,1,6
S01009121,420,219,201,14,11,3,38,26,12,45,43,2,111,57,54,39,28,11,66,28,38,77,15,62,30,11,19
S01009122,460,235,225,29,22,7,66,49,17,35,26,9,92,48,44,20,12,8,74,43,31,124,28,96,20,7,13
S01009123,304,156,148,10,9,1,35,29,6,35,27,8,57,35,22,21,11,10,49,24,25,83,14,69,14,7,7
S01009124,295,138,157,8,5,3,39,26,13,31,28,3,63,30,33,16,9,7,48,23,25,79,14,65,11,3,8
S01009125,296,154,142,14,10,4,39,32,7,34,29,5,70,33,37,15,12,3,26,14,12,91,23,68,7,1,6
S01009126,228,113,115,6,6,0,32,20,12,17,15,2,57,28,29,17,9,8,34,18,16,61,16,45,4,1,3
S01009127,248,117,131,7,3,4,37,26,11,22,19,3,63,21,42,13,12,1,23,10,13,72,23,49,11,3,8
S01009128,312,166,146,13,10,3,31,28,3,35,33,2,82,39,43,21,18,3,51,20,31,69,15,54,10,3,7
S01009129,211,102,109,6,4,2,27,24,3,21,17,4,53,26,27,5,4,1,30,12,18,58,13,45,11,2,9
S01009130,317,165,152,2,2,0,40,31,9,21,21,0,75,38,37,25,22,3,66,28,38,74,20,54,14,3,11
S01009131,235,121,114,5,3,2,32,25,7,22,19,3,56,27,29,23,19,4,25,9,16,63,16,47,9,3,6
S01009132,467,252,215,15,14,1,57,51,6,38,32,6,87,48,39,36,27,9,78,36,42,142,36,106,14,8,6
S01009133,275,155,120,6,5,1,35,27,8,26,23,3,71,42,29,20,17,3,35,17,18,72,19,53,10,5,5
S01009134,474,245,229,15,10,5,49,36,13,45,41,4,111,53,58,34,26,8,50,26,24,147,47,100,23,6,17
S01009135,346,177,169,18,13,5,36,32,4,15,13,2,78,45,33,28,19,9,54,22,32,100,27,73,17,6,11
S01009136,388,194,194,16,13,3,41,34,7,30,24,6,75,47,28,24,19,5,68,31,37,117,21,96,17,5,12
S01009137,386,195,191,15,11,4,46,31,15,28,28,0,69,37,32,19,8,11,77,39,38,117,36,81,15,5,10
S01009138,487,257,230,16,13,3,49,37,12,44,39,5,90,52,38,38,30,8,85,41,44,145,38,107,20,7,13
S01009139,214,111,103,5,5,0,25,19,6,15,14,1,60,25,35,12,10,2,40,21,19,48,13,35,9,4,5
S01009140,363,198,165,14,12,2,46,36,10,29,27,2,87,42,45,25,23,2,37,16,21,102,35,67,23,7,16
S01009141,383,199,184,17,10,7,41,34,7,27,26,1,87,42,45,28,21,7,53,26,27,108,29,79,22,11,11
S01009142,296,184,112,8,8,0,39,33,6,27,24,3,81,42,39,29,24,5,39,19,20,58,28,30,15,6,9
S01009143,244,121,123,13,11,2,18,12,6,22,22,0,71,36,35,16,10,6,24,12,12,69,14,55,11,4,7
S01009144,451,237,214,24,18,6,62,48,14,53,44,9,85,38,47,29,18,11,75,34,41,107,31,76,16,6,10
S01009145,458,247,211,13,10,3,58,46,12,50,47,3,108,55,53,37,31,6,43,19,24,128,29,99,21,10,11
S01009146,447,231,216,21,16,5,46,33,13,42,38,4,115,58,57,33,28,5,68,28,40,95,22,73,27,8,19
S01009147,331,170,161,9,7,2,35,29,6,38,37,1,93,43,50,23,20,3,35,8,27,88,21,67,10,5,5
S01009148,313,158,155,5,3,2,55,44,11,30,30,0,98,39,59,24,18,6,32,13,19,54,7,47,15,4,11
S01009149,414,216,198,15,11,4,52,41,11,31,28,3,94,42,52,33,26,7,61,26,35,107,36,71,21,6,15
S01009150,93,50,43,5,5,0,3,3,0,6,6,0,29,15,14,7,7,0,11,5,6,27,7,20,5,2,3
S01009151,341,181,160,13,12,1,29,24,5,24,22,2,59,30,29,27,21,6,63,31,32,111,39,72,15,2,13
S01009152,291,176,115,14,14,0,25,21,4,36,32,4,55,29,26,18,14,4,61,40,21,67,18,49,15,8,7
S01009153,277,167,110,9,6,3,25,20,5,16,15,1,64,35,29,28,23,5,49,30,19,77,32,45,9,6,3
S01009154,460,252,208,24,21,3,46,36,10,29,27,2,80,45,35,24,21,3,97,42,55,134,44,90,26,16,10
S01009155,259,134,125,3,2,1,22,18,4,20,16,4,45,21,24,13,10,3,48,29,19,98,33,65,10,5,5
S01009156,259,138,121,7,6,1,17,17,0,13,12,1,45,24,21,14,11,3,59,32,27,87,30,57,17,6,11
S01009157,401,200,201,15,12,3,40,33,7,37,32,5,93,40,53,20,17,3,44,23,21,132,37,95,20,6,14
S01009158,265,127,138,7,4,3,39,33,6,18,14,4,55,19,36,19,12,7,31,15,16,84,27,57,12,3,9
S01009159,194,92,102,6,4,2,15,13,2,12,11,1,56,27,29,13,13,0,32,17,15,53,6,47,7,1,6
S01009160,303,155,148,6,4,2,40,36,4,24,22,2,80,36,44,26,19,7,31,10,21,88,25,63,8,3,5
S01009161,248,114,134,8,7,1,25,18,7,15,15,0,76,37,39,18,14,4,25,9,16,71,12,59,10,2,8
S01009162,335,175,160,10,7,3,46,38,8,27,25,2,61,29,32,29,24,5,46,16,30,95,28,67,21,8,13
S01009163,226,104,122,11,8,3,22,19,3,12,9,3,50,20,30,18,15,3,21,11,10,80,17,63,12,5,7
S01009164,345,183,162,16,13,3,31,26,5,35,32,3,93,44,49,37,31,6,26,9,17,94,25,69,13,3,10
S01009165,299,150,149,16,8,8,27,22,5,25,23,2,79,36,43,26,21,5,33,14,19,74,16,58,19,10,9
S01009166,341,167,174,8,7,1,23,15,8,35,33,2,90,32,58,21,19,2,46,25,21,107,30,77,11,6,5
S01009167,239,128,111,5,3,2,32,28,4,19,17,2,76,36,40,16,13,3,23,9,14,57,16,41,11,6,5
S01009168,319,177,142,9,8,1,52,43,9,24,22,2,60,30,30,24,17,7,53,28,25,78,19,59,19,10,9
S01009169,256,126,130,5,5,0,32,25,7,19,18,1,58,24,34,18,13,5,31,17,14,79,19,60,14,5,9
S01009170,323,163,160,4,4,0,34,23,11,34,33,1,99,54,45,27,19,8,33,12,21,84,16,68,8,2,6
S01009171,334,179,155,8,6,2,42,29,13,27,23,4,73,44,29,49,33,16,34,16,18,83,20,63,18,8,10
S01009172,348,187,161,6,3,3,31,26,5,20,18,2,51,27,24,22,15,7,74,44,30,132,46,86,12,8,4
S01009173,429,221,208,11,10,1,51,39,12,25,23,2,73,43,30,29,17,12,82,30,52,131,48,83,27,11,16
S01009174,291,153,138,8,7,1,31,25,6,18,18,0,48,26,22,19,9,10,62,34,28,93,31,62,12,3,9
S01009175,514,261,253,21,18,3,50,42,8,25,20,5,73,32,41,38,28,10,102,51,51,186,61,125,19,9,10
S01009176,474,244,230,25,19,6,53,46,7,25,21,4,66,31,35,33,28,5,95,50,45,158,43,115,19,6,13
S01009177,387,185,202,16,13,3,34,25,9,49,45,4,88,34,54,30,24,6,49,16,33,105,24,81,16,4,12
S01009178,330,160,170,6,4,2,29,20,9,40,37,3,104,46,58,24,19,5,34,15,19,71,13,58,22,6,16
S01009179,324,158,166,9,9,0,35,28,7,25,23,2,78,42,36,17,14,3,33,12,21,114,24,90,13,6,7
S01009180,467,248,219,12,10,2,45,43,2,52,46,6,101,52,49,36,34,2,56,29,27,141,26,115,24,8,16
S01009181,408,206,202,12,10,2,47,42,5,39,35,4,103,48,55,34,28,6,47,18,29,102,20,82,24,5,19
S01009182,536,282,254,15,12,3,60,49,11,62,60,2,103,49,54,31,21,10,65,28,37,170,54,116,30,9,21
S01009183,459,238,221,12,10,2,52,44,8,42,42,0,87,50,37,28,20,8,59,21,38,155,43,112,24,8,16
S01009184,356,184,172,23,18,5,30,26,4,51,47,4,80,38,42,24,15,9,44,18,26,85,14,71,19,8,11
S01009185,399,209,190,18,14,4,37,27,10,47,42,5,84,38,46,34,25,9,44,25,19,117,31,86,18,7,11
S01009186,388,212,176,9,9,0,36,26,10,57,53,4,74,30,44,42,33,9,43,26,17,109,26,83,18,9,9
S01009187,251,130,121,23,18,5,24,20,4,16,11,5,45,26,19,19,16,3,47,20,27,67,15,52,10,4,6
S01009188,434,217,217,26,17,9,40,31,9,46,41,5,97,47,50,49,31,18,52,23,29,104,20,84,20,7,13
S01009189,329,179,150,12,8,4,37,24,13,39,39,0,86,44,42,30,25,5,39,18,21,67,16,51,19,5,14
S01009190,478,256,222,19,15,4,49,33,16,52,45,7,84,51,33,28,23,5,90,39,51,138,39,99,18,11,7
S01009191,415,212,203,16,13,3,44,38,6,28,24,4,59,34,25,39,22,17,90,40,50,125,35,90,14,6,8
S01009192,356,193,163,5,4,1,31,24,7,47,46,1,64,30,34,25,16,9,47,21,26,120,41,79,17,11,6
S01009193,199,99,100,9,8,1,25,19,6,18,11,7,33,17,16,13,10,3,31,14,17,64,18,46,6,2,4
S01009194,422,224,198,15,12,3,43,38,5,41,37,4,86,49,37,18,12,6,70,43,27,129,24,105,20,9,11
S01009195,498,256,242,12,10,2,44,31,13,27,25,2,70,36,34,45,36,9,131,60,71,151,50,101,18,8,10
S01009196,330,168,162,6,4,2,41,35,6,26,24,2,70,34,36,32,26,6,45,24,21,88,14,74,22,7,15
S01009197,546,279,267,13,10,3,55,42,13,39,31,8,79,46,33,35,22,13,118,59,59,188,60,128,19,9,10
S01009198,388,205,183,10,8,2,44,41,3,33,31,2,61,28,33,33,26,7,44,18,26,140,45,95,23,8,15
S01009199,328,165,163,9,8,1,38,32,6,26,23,3,62,24,38,26,22,4,47,23,24,110,28,82,10,5,5
S01009200,549,286,263,21,16,5,48,36,12,46,39,7,93,53,40,35,28,7,118,60,58,172,48,124,16,6,10
S01009201,323,160,163,6,6,0,36,28,8,25,24,1,81,37,44,26,17,9,42,17,25,92,26,66,15,5,10
S01009202,282,147,135,12,11,1,42,33,9,18,16,2,53,24,29,24,18,6,44,19,25,84,25,59,5,1,4
S01009203,223,116,107,4,4,0,17,12,5,17,16,1,50,32,18,23,21,2,35,16,19,66,8,58,11,7,4
S01009204,435,213,222,14,10,4,40,33,7,41,37,4,98,46,52,36,25,11,54,25,29,137,30,107,15,7,8
S01009205,453,237,216,15,13,2,39,30,9,42,41,1,72,32,40,33,27,6,66,38,28,166,52,114,20,4,16
S01009206,492,238,254,14,10,4,63,53,10,29,27,2,81,30,51,47,36,11,84,42,42,161,38,123,13,2,11
S01009207,390,200,190,8,6,2,57,44,13,27,23,4,55,28,27,34,24,10,67,37,30,129,34,95,13,4,9
S01009208,279,132,147,9,7,2,34,25,9,12,10,2,63,27,36,13,10,3,42,23,19,92,24,68,14,6,8
S01009209,287,147,140,16,14,2,33,24,9,23,19,4,48,25,23,21,18,3,46,23,23,91,20,71,9,4,5
S01009210,299,156,143,12,8,4,35,23,12,16,16,0,69,39,30,20,16,4,55,29,26,79,21,58,13,4,9
S01009211,312,164,148,5,5,0,45,35,10,32,30,2,53,30,23,19,16,3,54,23,31,87,20,67,17,5,12
S01009212,359,184,175,5,3,2,40,31,9,42,39,3,77,38,39,25,22,3,50,22,28,98,15,83,22,14,8
S01009213,411,206,205,12,7,5,46,35,11,51,49,2,114,60,54,14,14,0,37,14,23,117,22,95,20,5,15
S01009214,519,260,259,11,9,2,63,50,13,34,30,4,94,44,50,39,26,13,99,52,47,159,40,119,20,9,11
S01009215,430,222,208,13,12,1,36,30,6,39,37,2,110,62,48,32,22,10,57,29,28,124,24,100,19,6,13
S01009216,448,232,216,13,9,4,52,45,7,53,49,4,125,56,69,29,23,6,37,17,20,123,26,97,16,7,9
S01009217,252,113,139,4,4,0,21,14,7,34,31,3,48,21,27,14,12,2,26,13,13,90,13,77,15,5,10
S01009218,375,190,185,14,11,3,44,36,8,43,40,3,81,37,44,20,17,3,45,15,30,112,26,86,16,8,8
S01009219,288,147,141,8,5,3,36,33,3,26,26,0,77,30,47,30,21,9,32,13,19,68,17,51,11,2,9
S01009220,221,103,118,6,5,1,34,21,13,20,16,4,62,27,35,18,12,6,26,9,17,45,9,36,10,4,6
S01009221,257,133,124,8,6,2,33,30,3,24,23,1,76,31,45,17,11,6,32,14,18,52,13,39,15,5,10
S01009222,235,111,124,3,3,0,35,25,10,20,20,0,64,19,45,19,14,5,27,16,11,57,12,45,10,2,8
S01009223,261,137,124,6,4,2,44,34,10,22,19,3,66,32,34,22,18,4,35,15,20,59,13,46,7,2,5
S01009224,284,140,144,7,6,1,34,24,10,37,32,5,76,35,41,24,18,6,30,10,20,61,10,51,15,5,10
S01009225,259,132,127,5,4,1,41,31,10,24,22,2,74,35,39,25,15,10,27,10,17,50,11,39,13,4,9
S01009226,401,199,202,13,10,3,52,36,16,31,28,3,101,45,56,35,24,11,56,27,29,88,19,69,25,10,15
S01009227,260,128,132,4,3,1,34,24,10,20,17,3,67,36,31,20,17,3,36,13,23,67,15,52,12,3,9
S01009228,236,136,100,9,7,2,33,29,4,23,22,1,66,28,38,25,22,3,20,13,7,50,12,38,10,3,7
S01009229,275,144,131,11,9,2,34,26,8,22,19,3,68,36,32,25,19,6,39,14,25,67,18,49,9,3,6
S01009230,347,183,164,12,10,2,41,32,9,36,31,5,73,39,34,38,30,8,52,22,30,88,16,72,7,3,4
S01009231,493,248,245,14,11,3,76,62,14,36,32,4,102,57,45,33,23,10,67,24,43,133,25,108,32,14,18
S01009232,221,113,108,9,8,1,26,14,12,24,23,1,69,33,36,15,14,1,25,12,13,46,9,37,7,0,7
S01009233,231,120,111,11,7,4,34,28,6,24,22,2,57,23,34,18,14,4,24,14,10,52,12,40,11,0,11
S01009234,394,202,192,13,13,0,57,41,16,29,25,4,106,42,64,25,18,7,54,32,22,86,20,66,24,11,13
S01009235,423,234,189,13,10,3,52,43,9,39,38,1,109,47,62,39,30,9,68,39,29,88,23,65,15,4,11
S01009236,215,104,111,4,3,1,31,22,9,19,16,3,40,16,24,13,10,3,32,12,20,64,21,43,12,4,8
S01009237,438,229,209,11,11,0,61,46,15,39,35,4,80,43,37,31,21,10,73,27,46,115,36,79,28,10,18
S01009238,308,152,156,12,8,4,37,28,9,17,13,4,102,46,56,21,18,3,44,18,26,63,18,45,12,3,9
S01009239,441,223,218,19,16,3,60,46,14,34,29,5,138,64,74,34,24,10,42,17,25,96,22,74,18,5,13
S01009240,254,132,122,11,11,0,30,21,9,32,29,3,64,28,36,17,13,4,33,11,22,57,15,42,10,4,6
S01009241,356,176,180,10,7,3,35,26,9,36,29,7,106,50,56,30,25,5,45,20,25,79,13,66,15,6,9
S01009242,369,190,179,19,15,4,61,52,9,30,28,2,85,36,49,25,18,7,33,14,19,97,24,73,19,3,16
S01009243,502,265,237,13,8,5,73,44,29,49,47,2,113,51,62,48,37,11,72,40,32,115,28,87,19,10,9
S01009244,421,225,196,28,20,8,70,50,20,30,26,4,66,29,37,31,25,6,84,41,43,100,28,72,12,6,6
S01009245,434,230,204,16,14,2,50,38,12,31,28,3,85,42,43,36,25,11,75,39,36,124,35,89,17,9,8
S01009246,384,203,181,6,5,1,85,53,32,39,36,3,82,38,44,29,23,6,44,19,25,80,23,57,19,6,13
S01009247,519,260,259,20,19,1,97,59,38,39,34,5,130,58,72,43,34,9,56,24,32,108,21,87,26,11,15
S01009248,335,158,177,1,1,0,53,43,10,24,22,2,76,29,47,23,17,6,45,20,25,98,20,78,15,6,9
S01009249,379,203,176,11,9,2,65,41,24,35,32,3,97,45,52,38,35,3,45,20,25,67,17,50,21,4,17
S01009250,305,139,166,13,11,2,51,30,21,30,28,2,57,21,36,25,22,3,45,8,37,69,16,53,15,3,12
S01009251,263,135,128,6,5,1,45,35,10,21,17,4,55,24,31,22,18,4,34,18,16,71,18,53,9,0,9
S01009252,283,140,143,7,7,0,33,28,5,29,27,2,42,16,26,24,14,10,70,24,46,62,16,46,16,8,8
S01009253,169,82,87,5,4,1,27,16,11,17,17,0,49,18,31,12,8,4,18,9,9,32,7,25,9,3,6
S01009254,315,156,159,6,6,0,54,26,28,32,29,3,84,34,50,20,16,4,42,24,18,63,18,45,14,3,11
S01009255,360,208,152,12,11,1,88,50,38,20,18,2,73,43,30,37,32,5,44,21,23,74,27,47,12,6,6
S01009256,219,117,102,7,6,1,38,27,11,19,16,3,35,16,19,13,11,2,36,17,19,59,18,41,12,6,6
S01009257,340,192,148,12,9,3,58,40,18,21,20,1,71,42,29,36,25,11,55,27,28,63,20,43,24,9,15
S01009258,322,177,145,20,15,5,32,22,10,20,17,3,43,19,24,35,27,8,57,36,21,98,34,64,17,7,10
S01009259,501,259,242,14,9,5,74,57,17,51,46,5,71,29,42,30,20,10,128,54,74,114,36,78,19,8,11
S01009260,645,329,316,16,12,4,123,66,57,56,50,6,109,59,50,45,36,9,106,50,56,153,44,109,37,12,25
S01009261,315,166,149,8,6,2,64,31,33,35,32,3,69,29,40,29,24,5,38,20,18,63,20,43,9,4,5
S01009262,230,113,117,10,6,4,43,26,17,21,20,1,43,18,25,24,20,4,38,15,23,41,8,33,10,0,10
S01009263,512,254,258,15,13,2,62,40,22,31,29,2,82,42,40,38,26,12,116,52,64,141,41,100,27,11,16
S01009264,262,132,130,24,21,3,22,19,3,19,17,2,57,25,32,19,14,5,37,17,20,68,16,52,16,3,13
S01009265,377,175,202,24,22,2,40,32,8,36,33,3,84,29,55,18,10,8,40,15,25,119,29,90,16,5,11
S01009266,363,192,171,27,25,2,37,36,1,36,36,0,64,27,37,27,19,8,37,18,19,121,26,95,14,5,9
S01009267,389,198,191,24,19,5,34,28,6,37,33,4,69,32,37,22,14,8,57,26,31,128,39,89,18,7,11
S01009268,462,237,225,26,22,4,41,33,8,42,40,2,86,39,47,42,33,9,74,30,44,133,36,97,18,4,14
S01009269,353,177,176,16,14,2,27,19,8,52,51,1,74,26,48,35,23,12,39,17,22,90,22,68,20,5,15
S01009270,239,126,113,10,9,1,24,18,6,32,30,2,58,17,41,18,12,6,32,16,16,52,18,34,13,6,7
S01009271,493,262,231,23,19,4,59,47,12,43,38,5,91,44,47,34,29,5,64,27,37,157,48,109,22,10,12
S01009272,317,162,155,19,17,2,26,23,3,39,31,8,60,29,31,35,20,15,44,18,26,81,20,61,13,4,9
S01009273,229,123,106,7,7,0,27,21,6,24,22,2,24,14,10,14,10,4,47,26,21,78,20,58,8,3,5
S01009274,277,145,132,12,10,2,22,18,4,33,31,2,43,19,24,22,17,5,36,22,14,99,23,76,10,5,5
S01009275,305,176,129,40,30,10,32,25,7,31,29,2,48,24,24,23,12,11,54,33,21,66,22,44,11,1,10
S01009276,415,215,200,10,9,1,42,38,4,29,24,5,73,41,32,32,20,12,66,27,39,142,50,92,21,6,15
S01009277,288,153,135,27,24,3,18,17,1,21,18,3,47,26,21,20,12,8,54,31,23,88,22,66,13,3,10
S01009278,300,153,147,10,7,3,19,14,5,25,22,3,35,13,22,24,19,5,88,49,39,93,27,66,6,2,4
S01009279,290,152,138,10,9,1,11,9,2,43,38,5,55,30,25,25,19,6,47,18,29,82,24,58,17,5,12
S01009280,290,153,137,13,13,0,40,28,12,51,45,6,55,19,36,21,13,8,35,19,16,61,12,49,14,4,10
S01009281,288,145,143,12,12,0,29,23,6,42,40,2,51,18,33,21,14,7,45,20,25,82,17,65,6,1,5
S01009282,353,186,167,17,14,3,24,21,3,33,31,2,50,20,30,17,12,5,76,40,36,114,39,75,22,9,13
S01009283,262,132,130,12,10,2,15,13,2,13,12,1,51,21,30,27,16,11,58,29,29,77,29,48,9,2,7
S01009284,457,224,233,18,17,1,42,38,4,38,30,8,80,36,44,28,20,8,97,46,51,137,31,106,17,6,11
S01009285,479,239,240,16,15,1,43,35,8,27,24,3,93,48,45,40,29,11,88,34,54,151,47,104,21,7,14
S01009286,388,203,185,8,7,1,30,25,5,34,30,4,68,33,35,34,27,7,67,35,32,131,42,89,16,4,12
S01009287,326,174,152,6,4,2,29,23,6,15,12,3,48,29,19,28,16,12,82,45,37,112,43,69,6,2,4
S01009288,355,186,169,16,15,1,36,24,12,18,14,4,63,32,31,24,15,9,80,46,34,106,35,71,12,5,7
S01009289,429,238,191,12,11,1,46,37,9,31,29,2,67,38,29,38,30,8,86,52,34,131,34,97,18,7,11
S01009290,283,150,133,2,2,0,28,24,4,25,23,2,37,16,21,33,23,10,63,30,33,88,28,60,7,4,3
S01009291,523,273,250,14,14,0,41,34,7,47,44,3,91,47,44,37,25,12,93,42,51,172,56,116,28,11,17
S01009292,237,118,119,7,4,3,16,12,4,25,21,4,53,23,30,17,11,6,41,17,24,65,23,42,13,7,6
S01009293,389,200,189,13,13,0,26,23,3,32,29,3,84,37,47,30,24,6,67,31,36,112,33,79,25,10,15
S01009294,258,127,131,8,6,2,28,18,10,27,23,4,41,26,15,17,11,6,47,22,25,76,16,60,14,5,9
S01009295,358,181,177,20,17,3,35,33,2,28,26,2,56,25,31,25,18,7,57,26,31,116,27,89,21,9,12
S01009296,303,161,142,13,12,1,33,26,7,29,26,3,57,27,30,23,18,5,54,23,31,80,23,57,14,6,8
S01009297,486,248,238,14,11,3,52,42,10,28,25,3,72,24,48,39,30,9,106,58,48,154,49,105,21,9,12
S01009298,442,216,226,16,14,2,40,30,10,33,29,4,96,32,64,35,26,9,62,30,32,137,49,88,23,6,17
S01009299,510,261,249,14,10,4,31,24,7,36,29,7,84,47,37,48,31,17,110,57,53,160,53,107,27,10,17
S01009300,281,138,143,4,3,1,28,20,8,24,21,3,51,25,26,28,14,14,52,21,31,80,26,54,14,8,6
S01009301,426,217,209,12,10,2,39,34,5,28,27,1,79,29,50,38,27,11,90,44,46,106,29,77,34,17,17
S01009302,370,174,196,10,10,0,34,24,10,34,31,3,92,31,61,36,24,12,57,28,29,100,25,75,7,1,6
S01009303,359,189,170,9,9,0,29,24,5,23,20,3,56,25,31,28,23,5,84,47,37,111,30,81,19,11,8
S01009304,471,240,231,9,9,0,44,38,6,45,36,9,85,43,42,40,28,12,96,46,50,127,29,98,25,11,14
S01009305,368,180,188,12,11,1,25,19,6,24,22,2,56,22,34,39,29,10,76,40,36,119,33,86,17,4,13
S01009306,570,281,289,10,5,5,60,46,14,39,34,5,113,59,54,48,29,19,100,52,48,165,44,121,35,12,23
S01009307,549,292,257,13,13,0,44,33,11,35,29,6,92,50,42,56,46,10,111,55,56,170,56,114,28,10,18
S01009308,283,152,131,3,1,2,29,23,6,22,19,3,56,26,30,25,16,9,59,34,25,73,24,49,16,9,7
S01009309,438,231,207,9,8,1,43,28,15,29,27,2,64,33,31,48,34,14,97,55,42,124,39,85,24,7,17
S01009310,466,242,224,8,8,0,50,43,7,26,21,5,85,40,45,33,26,7,98,54,44,139,38,101,27,12,15
S01009311,294,156,138,6,5,1,21,17,4,28,25,3,81,38,43,24,16,8,53,26,27,69,23,46,12,6,6
S01009312,397,201,196,7,7,0,31,25,6,23,18,5,76,35,41,32,25,7,101,58,43,108,25,83,19,8,11
S01009313,247,122,125,8,7,1,19,15,4,18,16,2,49,21,28,20,17,3,46,19,27,74,25,49,13,2,11
S01009314,333,167,166,5,3,2,26,23,3,14,12,2,70,31,39,34,24,10,54,32,22,113,32,81,17,10,7
S01009315,285,146,139,13,12,1,31,25,6,30,29,1,65,27,38,27,19,8,42,19,23,63,14,49,14,1,13
S01009316,405,213,192,5,4,1,38,32,6,14,13,1,56,30,26,34,27,7,95,54,41,146,49,97,17,4,13
S01009317,441,227,214,6,6,0,37,29,8,37,32,5,67,31,36,41,31,10,96,47,49,139,43,96,18,8,10
S01009318,341,163,178,3,3,0,23,22,1,17,16,1,67,30,37,20,14,6,65,36,29,128,37,91,18,5,13
S01009319,387,206,181,6,6,0,38,30,8,24,23,1,43,25,18,25,22,3,82,38,44,147,52,95,22,10,12
S01009320,318,159,159,8,7,1,24,19,5,30,27,3,43,22,21,31,22,9,68,30,38,99,28,71,15,4,11
S01009321,316,167,149,9,8,1,32,29,3,24,22,2,63,33,30,25,19,6,62,27,35,92,27,65,9,2,7
S01009322,384,200,184,12,11,1,34,23,11,42,39,3,65,26,39,42,31,11,57,31,26,113,34,79,19,5,14
S01009323,296,155,141,7,7,0,30,20,10,22,21,1,57,30,27,32,22,10,55,23,32,77,27,50,16,5,11
S01009324,272,133,139,6,6,0,18,13,5,33,31,2,49,17,32,32,25,7,44,15,29,75,20,55,15,6,9
S01009325,412,206,206,15,11,4,34,27,7,30,25,5,47,22,25,35,24,11,90,43,47,144,47,97,17,7,10
S01009326,306,147,159,6,6,0,25,18,7,15,14,1,59,30,29,28,20,8,57,29,28,102,26,76,14,4,10
S01009327,240,124,116,5,4,1,25,22,3,15,14,1,32,13,19,22,17,5,47,23,24,84,26,58,10,5,5
S01009328,421,223,198,7,6,1,40,30,10,24,22,2,62,35,27,44,30,14,117,58,59,111,35,76,16,7,9
S01009329,284,144,140,7,5,2,14,9,5,19,18,1,49,26,23,22,15,7,77,33,44,74,34,40,22,4,18
S01009330,252,123,129,6,6,0,19,12,7,21,18,3,60,24,36,20,12,8,50,28,22,63,21,42,13,2,11
S01009331,324,165,159,8,6,2,17,15,2,19,16,3,40,18,22,20,13,7,108,58,50,100,35,65,12,4,8
S01009332,451,230,221,9,7,2,38,34,4,24,22,2,57,27,30,31,21,10,123,69,54,147,43,104,22,7,15
S01009333,363,195,168,12,12,0,24,20,4,25,24,1,89,45,44,42,28,14,69,39,30,86,21,65,16,6,10
S01009334,238,119,119,6,5,1,21,17,4,14,14,0,51,24,27,28,16,12,33,18,15,74,22,52,11,3,8
S01009335,347,170,177,7,7,0,18,11,7,30,27,3,92,41,51,35,25,10,52,25,27,96,26,70,17,8,9
S01009336,235,125,110,1,1,0,21,21,0,9,9,0,75,38,37,17,13,4,36,19,17,69,20,49,7,4,3
S01009337,292,140,152,5,5,0,30,23,7,23,21,2,69,27,42,17,11,6,71,32,39,66,15,51,11,6,5
S01009338,271,130,141,7,7,0,16,11,5,16,13,3,85,39,46,32,19,13,50,20,30,52,16,36,13,5,8
S01009339,318,170,148,10,9,1,18,13,5,41,39,2,100,44,56,40,28,12,48,19,29,49,13,36,12,5,7
S01009340,266,123,143,10,7,3,15,12,3,14,13,1,62,25,37,31,24,7,54,18,36,70,21,49,10,3,7
S01009341,258,141,117,4,4,0,16,10,6,34,33,1,59,31,28,49,31,18,34,16,18,50,12,38,12,4,8
S01009342,349,179,170,11,11,0,25,21,4,23,23,0,83,42,41,43,25,18,61,27,34,87,23,64,16,7,9
S01009343,298,139,159,9,7,2,29,23,6,20,19,1,78,29,49,28,19,9,51,14,37,74,22,52,9,6,3
S01009344,276,132,144,4,4,0,20,18,2,31,30,1,63,16,47,38,24,14,48,19,29,56,16,40,16,5,11
S01009345,475,242,233,14,12,2,45,41,4,31,25,6,116,48,68,46,39,7,85,32,53,118,35,83,20,10,10
S01009346,402,215,187,17,15,2,31,27,4,26,24,2,49,23,26,40,26,14,104,50,54,119,43,76,16,7,9
S01009347,370,202,168,7,6,1,43,35,8,16,14,2,52,29,23,33,28,5,99,50,49,107,35,72,13,5,8
S01009348,293,155,138,7,6,1,21,18,3,16,14,2,49,27,22,33,21,12,73,35,38,84,31,53,10,3,7
S01009349,461,245,216,18,16,2,32,28,4,31,28,3,65,39,26,32,19,13,124,59,65,136,45,91,23,11,12
S01009350,349,181,168,9,7,2,22,17,5,17,16,1,86,42,44,42,23,19,72,33,39,91,40,51,10,3,7
S01009351,333,176,157,4,4,0,21,18,3,19,17,2,64,28,36,33,23,10,84,41,43,93,39,54,15,6,9
S01009352,475,247,228,19,18,1,41,33,8,25,21,4,64,34,30,41,33,8,118,51,67,150,52,98,17,5,12
S01009353,235,128,107,10,6,4,21,17,4,16,16,0,23,16,7,16,12,4,71,31,40,69,27,42,9,3,6
S01009354,514,271,243,9,6,3,38,29,9,33,31,2,87,41,46,44,38,6,143,77,66,146,42,104,14,7,7
S01009355,464,250,214,5,5,0,42,37,5,40,37,3,85,47,38,34,31,3,99,48,51,140,37,103,19,8,11
S01009356,508,268,240,10,9,1,52,43,9,30,26,4,111,54,57,42,34,8,89,40,49,152,50,102,22,12,10
S01009357,285,149,136,11,9,2,24,18,6,17,16,1,41,18,23,38,27,11,71,34,37,76,24,52,7,3,4
S01009358,378,205,173,7,5,2,42,35,7,5,2,3,52,31,21,26,19,7,112,70,42,119,36,83,15,7,8
S01009359,437,238,199,11,11,0,31,29,2,20,20,0,81,44,37,39,27,12,107,55,52,132,45,87,16,7,9
S01009360,439,222,217,14,13,1,51,39,12,20,15,5,79,33,46,32,19,13,92,47,45,127,47,80,24,9,15
S01009361,393,208,185,6,6,0,36,30,6,18,16,2,82,40,42,32,23,9,86,46,40,111,36,75,22,11,11
S01009362,543,292,251,6,5,1,62,52,10,27,23,4,105,54,51,52,36,16,117,55,62,152,56,96,22,11,11
S01009363,399,200,199,8,7,1,33,25,8,28,27,1,98,42,56,43,30,13,79,32,47,95,31,64,15,6,9
S01009364,486,251,235,11,11,0,62,49,13,38,38,0,111,54,57,41,27,14,93,33,60,123,36,87,7,3,4
S01009365,284,139,145,7,5,2,27,20,7,23,18,5,56,28,28,36,24,12,48,24,24,74,18,56,13,2,11
S01009366,335,171,164,8,7,1,28,24,4,27,24,3,75,37,38,37,24,13,61,27,34,86,25,61,13,3,10
S01009367,305,149,156,6,4,2,26,18,8,36,31,5,69,27,42,29,21,8,51,21,30,75,23,52,13,4,9
S01009368,278,150,128,5,4,1,35,27,8,25,21,4,57,35,22,31,21,10,54,24,30,55,13,42,16,5,11
S01009369,298,152,146,6,5,1,34,31,3,30,26,4,60,27,33,31,16,15,54,25,29,68,18,50,15,4,11
S01009370,415,214,201,7,7,0,54,41,13,31,29,2,91,48,43,48,30,18,68,27,41,101,25,76,15,7,8
S01009371,262,124,138,2,1,1,31,26,5,23,21,2,61,19,42,26,18,8,41,16,25,69,19,50,9,4,5
S01009372,266,130,136,6,2,4,35,29,6,21,19,2,74,29,45,24,15,9,47,19,28,45,13,32,14,4,10
S01009373,359,192,167,10,8,2,36,31,5,34,32,2,70,33,37,39,25,14,56,22,34,89,29,60,25,12,13
S01009374,393,202,191,6,6,0,36,31,5,33,31,2,111,51,60,39,24,15,73,32,41,79,18,61,16,9,7
S01009375,356,188,168,5,5,0,36,29,7,35,33,2,80,25,55,36,27,9,47,24,23,105,39,66,12,6,6
S01009376,262,139,123,6,6,0,29,22,7,21,19,2,66,36,30,25,18,7,49,18,31,61,18,43,5,2,3
S01009377,824,533,291,4,4,0,50,43,7,35,30,5,103,52,51,56,38,18,109,56,53,448,305,143,19,5,14
S01009378,502,256,246,6,6,0,48,39,9,39,35,4,90,37,53,65,42,23,87,43,44,146,47,99,21,7,14
S01009379,509,259,250,22,16,6,51,41,10,38,31,7,77,35,42,65,44,21,120,48,72,118,39,79,18,5,13
S01009380,315,168,147,7,6,1,23,16,7,25,23,2,71,26,45,35,25,10,47,22,25,92,46,46,15,4,11
S01009381,381,195,186,9,9,0,31,23,8,30,28,2,83,29,54,34,26,8,98,46,52,79,28,51,17,6,11
S01009382,367,197,170,3,2,1,38,30,8,25,23,2,97,44,53,43,30,13,62,29,33,87,32,55,12,7,5
S01009383,413,216,197,12,11,1,40,32,8,45,43,2,93,39,54,47,28,19,73,33,40,88,26,62,15,4,11
S01009384,287,156,131,7,6,1,19,17,2,18,16,2,41,16,25,25,20,5,78,43,35,88,32,56,11,6,5
S01009385,257,125,132,8,8,0,20,13,7,17,16,1,37,11,26,22,17,5,55,26,29,76,26,50,22,8,14
S01009386,298,141,157,7,6,1,28,22,6,27,24,3,64,22,42,31,21,10,61,23,38,68,19,49,12,4,8
S01009387,252,128,124,4,3,1,28,21,7,16,16,0,53,22,31,40,28,12,45,21,24,56,15,41,10,2,8
S01009388,349,183,166,6,5,1,28,22,6,34,34,0,81,32,49,52,38,14,57,27,30,77,18,59,14,7,7
S01009389,448,241,207,9,9,0,50,42,8,39,35,4,91,45,46,31,25,6,94,48,46,112,30,82,22,7,15
S01009390,428,226,202,15,12,3,41,33,8,24,18,6,59,33,26,42,33,9,123,60,63,114,32,82,10,5,5
S01009391,410,204,206,12,10,2,42,30,12,14,12,2,65,28,37,45,29,16,99,47,52,116,40,76,17,8,9
S01009392,302,166,136,7,7,0,24,16,8,21,19,2,33,17,16,27,21,6,86,51,35,90,28,62,14,7,7
S01009393,377,197,180,5,4,1,37,28,9,32,27,5,86,40,46,30,20,10,67,35,32,99,35,64,21,8,13
S01009394,472,254,218,17,15,2,45,38,7,20,17,3,66,33,33,52,32,20,117,63,54,135,48,87,20,8,12
S01009395,290,140,150,8,6,2,27,21,6,13,11,2,36,19,17,26,18,8,67,39,28,95,23,72,18,3,15
S01009396,328,190,138,4,4,0,34,29,5,17,15,2,46,22,24,37,27,10,77,48,29,98,36,62,15,9,6
S01009397,354,174,180,5,5,0,29,23,6,14,14,0,48,25,23,38,32,6,78,43,35,125,29,96,17,3,14
S01009398,371,192,179,2,1,1,34,26,8,24,19,5,54,32,22,49,35,14,65,26,39,125,42,83,18,11,7
S01009399,375,199,176,6,6,0,32,29,3,25,22,3,64,35,29,43,34,9,86,35,51,104,31,73,15,7,8
S01009400,253,133,120,4,4,0,31,23,8,16,15,1,48,19,29,29,24,5,49,24,25,62,17,45,14,7,7
S01009401,283,159,124,9,7,2,30,23,7,16,13,3,50,27,23,22,16,6,60,36,24,89,31,58,7,6,1
S01009402,418,224,194,5,3,2,49,42,7,18,15,3,65,38,27,35,31,4,91,43,48,130,41,89,25,11,14
S01009403,291,153,138,6,3,3,33,26,7,15,13,2,63,32,31,25,19,6,61,28,33,81,30,51,7,2,5
S01009404,233,115,118,10,8,2,16,15,1,32,30,2,67,25,42,11,8,3,28,11,17,62,16,46,7,2,5
S01009405,207,113,94,19,14,5,21,19,2,18,15,3,33,19,14,12,12,0,36,14,22,56,18,38,12,2,10
S01009406,449,220,229,8,8,0,41,31,10,58,54,4,79,34,45,29,15,14,69,33,36,140,38,102,25,7,18
S01009407,241,131,110,5,4,1,40,31,9,22,20,2,47,26,21,18,12,6,39,14,25,62,21,41,8,3,5
S01009408,424,228,196,16,11,5,41,31,10,46,41,5,80,44,36,21,20,1,70,31,39,133,42,91,17,8,9
S01009409,289,143,146,8,7,1,33,19,14,37,34,3,66,26,40,28,21,7,37,16,21,68,17,51,12,3,9
S01009410,408,201,207,9,8,1,45,33,12,51,50,1,88,33,55,33,18,15,60,23,37,106,31,75,16,5,11
S01009411,380,188,192,8,8,0,49,41,8,41,37,4,79,27,52,36,27,9,37,20,17,112,24,88,18,4,14
S01009412,396,212,184,10,10,0,45,34,11,40,36,4,109,49,60,35,28,7,45,18,27,93,26,67,19,11,8
S01009413,488,255,233,9,7,2,63,49,14,68,62,6,102,39,63,39,26,13,64,34,30,124,32,92,19,6,13
S01009414,299,142,157,10,8,2,36,25,11,33,31,2,58,28,30,32,21,11,29,9,20,87,14,73,14,6,8
S01009415,335,173,162,14,11,3,35,27,8,37,34,3,70,31,39,27,19,8,43,21,22,93,21,72,16,9,7
S01009416,297,156,141,5,5,0,29,21,8,26,23,3,66,39,27,24,19,5,47,24,23,79,20,59,21,5,16
S01009417,178,92,86,13,11,2,17,15,2,12,11,1,37,20,17,12,10,2,22,11,11,52,9,43,13,5,8
S01009418,508,274,234,17,15,2,58,42,16,63,62,1,102,51,51,45,32,13,73,28,45,123,34,89,27,10,17
S01009419,241,126,115,7,6,1,25,23,2,26,26,0,46,22,24,20,14,6,34,11,23,74,21,53,9,3,6
S01009420,230,115,115,6,4,2,29,19,10,20,19,1,64,31,33,27,21,6,21,7,14,56,11,45,7,3,4
S01009421,277,145,132,7,7,0,36,24,12,30,29,1,58,29,29,21,15,6,52,22,30,59,14,45,14,5,9
S01009422,366,186,180,14,13,1,49,37,12,36,35,1,71,27,44,30,19,11,56,26,30,91,23,68,19,6,13
S01009423,544,281,263,21,17,4,48,38,10,58,53,5,82,35,47,41,30,11,89,34,55,180,67,113,25,7,18
S01009424,279,143,136,6,4,2,26,23,3,34,32,2,43,16,27,33,24,9,39,17,22,87,24,63,11,3,8
S01009425,330,177,153,16,15,1,46,36,10,32,28,4,49,28,21,30,23,7,49,17,32,95,26,69,13,4,9
S01009426,310,157,153,9,8,1,45,32,13,42,41,1,62,23,39,28,18,10,28,15,13,82,16,66,14,4,10
S01009427,229,112,117,2,2,0,16,10,6,36,32,4,37,14,23,13,10,3,36,16,20,77,24,53,12,4,8
S01009428,229,112,117,4,2,2,33,20,13,30,30,0,41,13,28,15,8,7,25,15,10,72,19,53,9,5,4
S01009429,272,140,132,10,8,2,39,20,19,34,33,1,51,22,29,18,10,8,32,20,12,72,20,52,16,7,9
S01009430,296,137,159,13,8,5,38,25,13,29,28,1,54,17,37,28,18,10,40,22,18,76,14,62,18,5,13
S01009431,278,131,147,8,7,1,25,19,6,28,26,2,56,26,30,22,15,7,33,17,16,96,17,79,10,4,6
S01009432,306,146,160,9,8,1,33,21,12,45,42,3,64,22,42,25,13,12,26,11,15,87,23,64,17,6,11
S01009433,293,154,139,10,8,2,29,24,5,41,40,1,58,31,27,15,9,6,24,14,10,103,21,82,13,7,6
S01009434,208,108,100,7,5,2,33,21,12,34,31,3,32,14,18,22,14,8,20,11,9,52,12,40,8,0,8
S01009435,261,133,128,9,8,1,34,23,11,31,28,3,58,27,31,12,7,5,36,19,17,73,17,56,8,4,4
S01009436,303,157,146,16,15,1,37,23,14,30,30,0,59,25,34,30,19,11,29,12,17,92,28,64,10,5,5
S01009437,307,155,152,5,3,2,37,29,8,47,45,2,77,24,53,22,14,8,29,14,15,79,22,57,11,4,7
S01009438,339,166,173,9,8,1,56,35,21,44,42,2,72,27,45,23,13,10,28,18,10,94,17,77,13,6,7
S01009439,357,195,162,11,7,4,51,42,9,54,50,4,84,31,53,27,18,9,31,17,14,83,24,59,16,6,10
S01009440,255,123,132,5,5,0,22,15,7,33,33,0,64,23,41,23,14,9,36,17,19,61,11,50,11,5,6
S01009441,343,160,183,21,15,6,40,33,7,38,36,2,92,26,66,33,24,9,31,13,18,75,10,65,13,3,10
S01009442,290,154,136,23,17,6,30,22,8,46,37,9,50,21,29,21,14,7,36,15,21,78,25,53,6,3,3
S01009443,332,168,164,21,17,4,40,34,6,30,25,5,65,27,38,28,16,12,39,20,19,97,23,74,12,6,6
S01009444,455,244,211,13,13,0,51,40,11,48,47,1,90,44,46,27,19,8,56,31,25,156,45,111,14,5,9
S01009445,354,181,173,13,10,3,56,40,16,44,41,3,64,21,43,32,21,11,42,19,23,93,26,67,10,3,7
S01009446,322,160,162,12,9,3,25,22,3,36,33,3,65,24,41,30,24,6,34,15,19,103,28,75,17,5,12
S01009447,227,111,116,10,10,0,16,12,4,26,24,2,39,20,19,21,15,6,29,10,19,72,15,57,14,5,9
S01009448,424,216,208,11,10,1,43,27,16,60,54,6,72,36,36,37,27,10,52,21,31,138,37,101,11,4,7
S01009449,216,114,102,11,11,0,21,16,5,27,26,1,42,16,26,19,15,4,24,6,18,55,15,40,17,9,8
S01009450,235,112,123,6,5,1,33,24,9,28,26,2,50,24,26,19,13,6,27,9,18,62,9,53,10,2,8
S01009451,383,205,178,17,16,1,46,33,13,71,62,9,76,35,41,19,10,9,39,12,27,103,30,73,12,7,5
S01009452,204,115,89,7,5,2,26,22,4,27,26,1,40,17,23,20,16,4,24,16,8,51,10,41,9,3,6
S01009453,437,215,222,10,9,1,52,43,9,57,55,2,84,32,52,33,24,9,64,20,44,109,22,87,28,10,18
S01009454,420,227,193,6,5,1,40,32,8,18,18,0,59,25,34,36,25,11,89,52,37,149,59,90,23,11,12
S01009455,404,225,179,10,9,1,25,19,6,28,21,7,66,39,27,36,26,10,88,50,38,132,51,81,19,10,9
S01009456,305,161,144,20,18,2,42,30,12,46,44,2,31,15,16,23,14,9,41,14,27,78,19,59,24,7,17
S01009457,305,159,146,31,25,6,32,24,8,28,23,5,43,23,20,21,9,12,30,17,13,101,31,70,19,7,12
S01009458,294,142,152,5,4,1,22,17,5,22,18,4,59,27,32,31,18,13,46,22,24,92,29,63,17,7,10
S01009459,372,187,185,15,13,2,35,29,6,34,29,5,78,32,46,27,16,11,53,30,23,105,30,75,25,8,17
S01009460,323,160,163,6,5,1,33,28,5,28,27,1,81,35,46,24,20,4,47,19,28,84,18,66,20,8,12
S01009461,304,156,148,4,3,1,23,16,7,21,19,2,49,23,26,17,14,3,70,41,29,101,36,65,19,4,15
S01009462,304,167,137,3,2,1,31,25,6,38,38,0,64,35,29,28,21,7,42,20,22,84,22,62,14,4,10
S01009463,286,145,141,10,9,1,34,28,6,29,26,3,53,19,34,33,23,10,33,11,22,78,21,57,16,8,8
S01009464,430,232,198,8,8,0,44,39,5,28,24,4,76,38,38,55,35,20,76,40,36,122,36,86,21,12,9
S01009465,269,134,135,11,8,3,28,21,7,26,21,5,61,26,35,22,16,6,28,16,12,81,20,61,12,6,6
S01009466,272,135,137,7,6,1,34,26,8,19,15,4,44,14,30,16,7,9,48,28,20,88,29,59,16,10,6
S01009467,355,174,181,17,14,3,33,27,6,21,18,3,40,23,17,17,13,4,52,22,30,152,49,103,23,8,15
S01009468,330,172,158,7,7,0,31,23,8,25,23,2,72,28,44,29,25,4,46,24,22,98,29,69,22,13,9
S01009469,366,169,197,8,8,0,42,32,10,30,25,5,57,23,34,15,11,4,62,29,33,130,32,98,22,9,13
S01009470,214,103,111,7,5,2,20,16,4,18,17,1,50,24,26,18,12,6,24,12,12,62,14,48,15,3,12
S01009471,219,125,94,5,5,0,21,15,6,18,17,1,57,33,24,12,10,2,34,21,13,59,18,41,13,6,7
S01009472,360,191,169,9,8,1,28,24,4,31,31,0,85,47,38,18,10,8,51,28,23,115,34,81,23,9,14
S01009473,382,202,180,8,5,3,59,43,16,27,25,2,109,50,59,22,13,9,38,20,18,97,33,64,22,13,9
S01009474,381,218,163,8,5,3,43,38,5,32,31,1,98,56,42,21,18,3,40,23,17,115,38,77,24,9,15
S01009475,306,155,151,6,6,0,22,19,3,15,11,4,56,32,24,17,13,4,49,21,28,127,47,80,14,6,8
S01009476,269,142,127,17,16,1,26,18,8,32,29,3,41,22,19,9,6,3,56,28,28,77,20,57,11,3,8
S01009477,341,180,161,8,8,0,31,26,5,26,23,3,58,31,27,17,10,7,54,33,21,132,42,90,15,7,8
S01009478,464,256,208,7,4,3,44,35,9,29,28,1,111,67,44,25,21,4,66,28,38,148,55,93,34,18,16
S01009479,378,214,164,8,5,3,27,23,4,26,24,2,90,45,45,15,12,3,61,36,25,127,57,70,24,12,12
S01009480,399,206,193,6,5,1,33,28,5,23,16,7,75,39,36,29,22,7,58,37,21,156,50,106,19,9,10
S01009481,505,262,243,6,6,0,71,49,22,34,32,2,95,48,47,47,33,14,74,37,37,157,50,107,21,7,14
S01009482,332,178,154,7,5,2,47,34,13,27,24,3,76,41,35,20,12,8,48,27,21,88,25,63,19,10,9
S01009483,426,231,195,9,8,1,54,39,15,38,38,0,68,34,34,19,16,3,48,28,20,162,58,104,28,10,18
S01009484,312,155,157,5,5,0,33,26,7,20,17,3,69,29,40,15,10,5,36,18,18,115,39,76,19,11,8
S01009485,316,168,148,10,8,2,33,23,10,23,23,0,83,35,48,24,18,6,38,25,13,92,29,63,13,7,6
S01009486,279,141,138,9,7,2,28,20,8,22,21,1,58,30,28,16,11,5,35,17,18,95,28,67,16,7,9
S01009487,347,176,171,4,4,0,45,35,10,25,23,2,81,43,38,21,10,11,45,26,19,104,26,78,22,9,13
S01009488,317,162,155,5,5,0,31,23,8,28,23,5,81,37,44,22,15,7,39,23,16,97,29,68,14,7,7
S01009489,317,167,150,7,6,1,41,30,11,44,43,1,65,27,38,30,24,6,37,12,25,79,19,60,14,6,8
S01009490,323,159,164,14,12,2,36,28,8,38,38,0,74,27,47,16,13,3,44,15,29,85,21,64,16,5,11
S01009491,241,123,118,5,5,0,26,21,5,25,23,2,47,20,27,22,14,8,34,11,23,65,21,44,17,8,9
S01009492,338,179,159,11,11,0,40,34,6,43,39,4,73,33,40,23,16,7,44,22,22,88,23,65,16,1,15
S01009493,355,195,160,8,8,0,28,21,7,26,20,6,72,43,29,14,8,6,62,41,21,128,41,87,17,13,4
S01009494,527,271,256,10,8,2,65,52,13,35,31,4,105,66,39,34,24,10,77,38,39,177,46,131,24,6,18
S01009495,498,248,250,15,14,1,54,46,8,31,30,1,87,40,47,37,33,4,75,39,36,183,41,142,16,5,11
S01009496,373,183,190,6,3,3,28,16,12,49,47,2,94,42,52,26,22,4,39,19,20,110,24,86,21,10,11
S01009497,472,233,239,9,8,1,48,36,12,49,45,4,122,50,72,32,24,8,48,27,21,148,37,111,16,6,10
S01009498,309,166,143,7,7,0,30,27,3,23,20,3,59,32,27,24,20,4,43,27,16,117,30,87,6,3,3
S01009499,347,169,178,11,8,3,39,30,9,32,28,4,72,29,43,25,23,2,32,19,13,118,26,92,18,6,12
S01009500,314,162,152,6,6,0,39,32,7,24,23,1,85,43,42,16,10,6,37,22,15,89,23,66,18,3,15
S01009501,261,133,128,5,2,3,28,23,5,25,24,1,75,31,44,26,20,6,28,16,12,66,12,54,8,5,3
S01009502,382,185,197,16,14,2,41,30,11,40,38,2,113,47,66,32,25,7,26,12,14,92,15,77,22,4,18
S01009503,365,165,200,5,5,0,35,25,10,34,30,4,98,40,58,25,17,8,31,14,17,120,25,95,17,9,8
S01009504,275,136,139,8,8,0,34,26,8,25,25,0,82,34,48,30,20,10,18,7,11,57,10,47,21,6,15
S01009505,276,135,141,12,12,0,26,16,10,28,28,0,77,30,47,12,9,3,27,16,11,81,20,61,13,4,9
S01009506,294,148,146,10,10,0,23,20,3,19,19,0,92,42,50,24,20,4,39,19,20,75,14,61,12,4,8
S01009507,416,217,199,7,6,1,41,33,8,28,27,1,112,63,49,32,23,9,50,24,26,137,36,101,9,5,4
S01009508,329,153,176,5,5,0,32,22,10,31,30,1,95,37,58,20,17,3,40,14,26,94,22,72,12,6,6
S01009509,425,222,203,7,7,0,61,51,10,33,31,2,118,49,69,25,21,4,43,25,18,120,29,91,18,9,9
S01009510,333,161,172,7,7,0,23,21,2,30,29,1,59,28,31,27,20,7,41,15,26,131,35,96,15,6,9
S01009511,285,149,136,7,7,0,28,25,3,26,22,4,56,25,31,13,11,2,37,20,17,109,36,73,9,3,6
S01009512,398,210,188,7,6,1,47,41,6,26,25,1,74,38,36,31,25,6,58,30,28,141,38,103,14,7,7
S01009513,282,136,146,2,1,1,27,23,4,17,15,2,58,26,32,17,15,2,36,21,15,108,28,80,17,7,10
S01009514,404,197,207,9,9,0,36,29,7,36,35,1,82,31,51,32,22,10,60,29,31,138,38,100,11,4,7
S01009515,298,139,159,6,6,0,21,17,4,36,35,1,85,30,55,21,18,3,36,12,24,76,16,60,17,5,12
S01009516,356,167,189,7,5,2,37,30,7,35,33,2,104,42,62,21,15,6,41,19,22,94,18,76,17,5,12
S01009517,564,284,280,13,12,1,51,34,17,46,42,4,89,46,43,51,30,21,94,49,45,200,62,138,20,9,11
S01009518,568,283,285,14,14,0,45,35,10,59,51,8,101,51,50,26,15,11,98,42,56,204,63,141,21,12,9
S01009519,262,138,124,6,6,0,31,27,4,23,22,1,53,31,22,16,11,5,28,12,16,89,23,66,16,6,10
S01009520,431,225,206,13,11,2,49,37,12,26,25,1,107,57,50,39,29,10,54,29,25,127,32,95,16,5,11
S01009521,281,133,148,6,6,0,19,15,4,27,24,3,77,32,45,25,19,6,26,12,14,76,15,61,25,10,15
S01009522,416,198,218,11,11,0,50,38,12,34,30,4,114,44,70,25,16,9,47,17,30,108,37,71,27,5,22
S01009523,214,105,109,2,2,0,29,22,7,21,21,0,47,17,30,13,9,4,23,12,11,68,17,51,11,5,6
S01009524,266,137,129,4,2,2,34,25,9,17,15,2,59,29,30,21,17,4,36,20,16,86,24,62,9,5,4
S01009525,224,124,100,8,8,0,25,19,6,15,15,0,54,26,28,22,16,6,16,10,6,72,23,49,12,7,5
S01009526,402,219,183,10,9,1,45,32,13,26,23,3,77,42,35,29,22,7,59,39,20,129,40,89,27,12,15
S01009527,314,165,149,10,8,2,33,30,3,30,29,1,73,34,39,23,16,7,29,9,20,106,37,69,10,2,8
S01009528,185,92,93,4,4,0,29,17,12,10,8,2,30,13,17,7,6,1,39,22,17,53,14,39,13,8,5
S01009529,265,134,131,10,10,0,29,22,7,25,20,5,42,18,24,11,9,2,37,21,16,95,29,66,16,5,11
S01009530,298,153,145,10,9,1,33,26,7,15,15,0,39,17,22,24,19,5,49,27,22,111,31,80,17,9,8
S01009531,311,163,148,11,9,2,42,27,15,38,34,4,76,39,37,23,16,7,31,16,15,79,17,62,11,5,6
S01009532,274,138,136,6,6,0,37,27,10,22,22,0,69,25,44,23,18,5,29,15,14,74,20,54,14,5,9
S01009533,354,172,182,8,7,1,45,27,18,25,18,7,88,45,43,25,17,8,27,16,11,108,34,74,28,8,20
S01009534,286,153,133,3,3,0,24,20,4,25,22,3,87,47,40,19,17,2,38,16,22,73,19,54,17,9,8
S01009535,236,127,109,3,3,0,26,15,11,22,21,1,73,38,35,14,12,2,25,9,16,59,23,36,14,6,8
S01009536,223,109,114,8,8,0,24,17,7,27,26,1,52,21,31,15,10,5,14,8,6,69,14,55,14,5,9
S01009537,216,109,107,4,4,0,20,16,4,17,17,0,44,21,23,12,7,5,24,15,9,79,19,60,16,10,6
S01009538,327,169,158,7,6,1,31,28,3,23,21,2,66,36,30,23,17,6,34,17,17,126,38,88,17,6,11
S01009539,414,213,201,7,7,0,40,34,6,47,42,5,87,42,45,31,20,11,53,21,32,125,34,91,24,13,11
S01009540,374,200,174,10,9,1,50,43,7,41,38,3,83,34,49,23,20,3,29,15,14,112,28,84,26,13,13
S01009541,386,199,187,23,19,4,52,35,17,39,36,3,65,33,32,22,16,6,32,18,14,133,31,102,20,11,9
S01009542,298,139,159,9,8,1,26,17,9,26,25,1,80,38,42,19,16,3,41,17,24,82,12,70,15,6,9
S01009543,236,120,116,2,2,0,35,27,8,23,21,2,45,21,24,14,10,4,27,14,13,79,20,59,11,5,6
S01009544,412,210,202,15,12,3,55,40,15,24,22,2,74,33,41,35,29,6,42,28,14,144,38,106,23,8,15
S01009545,353,174,179,34,26,8,51,36,15,29,25,4,62,26,36,29,20,9,31,17,14,95,17,78,22,7,15
S01009546,512,265,247,28,25,3,70,57,13,50,46,4,75,34,41,42,29,13,56,24,32,159,39,120,32,11,21
S01009547,352,170,182,34,25,9,34,25,9,29,27,2,95,40,55,19,14,5,30,17,13,96,17,79,15,5,10
S01009548,317,156,161,10,7,3,54,40,14,31,28,3,67,31,36,21,11,10,23,14,9,95,21,74,16,4,12
S01009549,392,215,177,17,14,3,52,41,11,43,36,7,95,52,43,21,15,6,46,24,22,102,28,74,16,5,11
S01009550,254,124,130,9,7,2,55,41,14,16,15,1,42,19,23,9,6,3,24,12,12,89,20,69,10,4,6
S01009551,239,131,108,4,4,0,43,34,9,14,14,0,58,28,30,21,17,4,23,9,14,63,18,45,13,7,6
S01009552,432,224,208,19,17,2,78,58,20,44,37,7,92,40,52,28,21,7,37,16,21,111,28,83,23,7,16
S01009553,346,186,160,12,12,0,59,46,13,48,46,2,69,27,42,12,8,4,35,20,15,86,19,67,25,8,17
S01009554,294,159,135,21,19,2,44,30,14,26,25,1,61,30,31,17,13,4,28,14,14,81,25,56,16,3,13
S01009555,369,188,181,6,5,1,48,37,11,36,35,1,72,30,42,28,21,7,39,20,19,118,33,85,22,7,15
S01009556,361,178,183,11,10,1,61,37,24,27,26,1,85,40,45,22,16,6,37,15,22,94,25,69,24,9,15
S01009557,262,118,144,12,11,1,45,27,18,17,16,1,58,22,36,20,14,6,21,7,14,74,15,59,15,6,9
S01009558,252,126,126,7,5,2,48,33,15,17,17,0,61,27,34,20,13,7,26,12,14,61,13,48,12,6,6
S01009559,360,184,176,8,6,2,59,44,15,29,27,2,93,34,59,24,17,7,37,21,16,80,24,56,30,11,19
S01009560,294,142,152,3,2,1,47,29,18,28,26,2,68,21,47,19,13,6,29,19,10,89,29,60,11,3,8
S01009561,211,109,102,4,2,2,36,27,9,14,12,2,64,32,32,10,7,3,16,8,8,55,17,38,12,4,8
S01009562,332,184,148,6,6,0,55,40,15,35,34,1,62,27,35,18,12,6,41,23,18,106,37,69,9,5,4
S01009563,315,158,157,11,8,3,59,41,18,27,25,2,49,23,26,19,13,6,35,18,17,100,24,76,15,6,9
S01009564,278,135,143,8,8,0,36,28,8,27,24,3,48,17,31,20,14,6,32,19,13,97,22,75,10,3,7
S01009565,225,115,110,4,4,0,32,21,11,15,15,0,56,24,32,14,11,3,22,11,11,67,21,46,15,8,7
S01009566,529,275,254,12,10,2,99,71,28,55,51,4,116,44,72,21,16,5,52,26,26,133,38,95,41,19,22
S01009567,399,209,190,14,11,3,78,55,23,33,32,1,79,32,47,21,18,3,34,16,18,126,39,87,14,6,8
S01009568,305,155,150,5,4,1,60,41,19,31,28,3,67,30,37,15,12,3,26,12,14,91,25,66,10,3,7
S01009569,361,176,185,10,9,1,48,36,12,24,21,3,86,42,44,28,19,9,31,14,17,115,27,88,19,8,11
S01009570,237,118,119,9,8,1,45,27,18,27,26,1,52,24,28,14,9,5,19,10,9,59,10,49,12,4,8
S01009571,264,133,131,8,6,2,58,37,21,17,15,2,77,35,42,10,7,3,17,9,8,66,21,45,11,3,8
S01009572,413,218,195,8,4,4,78,49,29,28,26,2,110,53,57,28,23,5,50,33,17,83,15,68,28,15,13
S01009573,274,144,130,11,10,1,54,35,19,25,25,0,63,26,37,15,11,4,27,14,13,64,16,48,15,7,8
S01009574,441,226,215,13,12,1,73,52,21,38,36,2,99,44,55,22,20,2,51,24,27,125,28,97,20,10,10
S01009575,239,120,119,4,3,1,43,34,9,18,17,1,41,20,21,18,11,7,27,10,17,76,20,56,12,5,7
S01009576,288,155,133,11,10,1,38,27,11,20,18,2,48,30,18,17,13,4,33,21,12,105,30,75,16,6,10
S01009577,361,184,177,8,7,1,55,51,4,26,23,3,69,30,39,20,13,7,30,12,18,130,39,91,23,9,14
S01009578,374,195,179,10,8,2,68,54,14,28,26,2,67,24,43,24,20,4,40,18,22,103,29,74,34,16,18
S01009579,515,261,254,17,17,0,77,60,17,41,33,8,109,42,67,36,26,10,51,29,22,150,35,115,34,19,15
S01009580,551,296,255,13,11,2,93,70,23,33,32,1,95,59,36,23,19,4,54,29,25,209,62,147,31,14,17
S01009581,254,134,120,8,8,0,38,29,9,26,25,1,42,21,21,19,11,8,32,15,17,75,16,59,14,9,5
S01009582,254,130,124,6,6,0,42,27,15,20,19,1,50,26,24,20,12,8,30,13,17,69,23,46,17,4,13
S01009583,355,175,180,13,11,2,50,35,15,28,27,1,88,32,56,26,22,4,27,18,9,103,25,78,20,5,15
S01009584,240,137,103,7,7,0,27,18,9,18,17,1,50,29,21,23,15,8,20,12,8,80,33,47,15,6,9
S01009585,474,248,226,12,9,3,93,71,22,27,26,1,103,55,48,28,22,6,37,17,20,140,40,100,34,8,26
S01009586,262,148,114,15,15,0,42,33,9,17,16,1,53,21,32,21,15,6,21,14,7,76,25,51,17,9,8
S01009587,278,155,123,13,11,2,40,32,8,30,28,2,46,19,27,17,16,1,24,10,14,94,32,62,14,7,7
S01009588,451,237,214,7,7,0,95,74,21,35,33,2,95,44,51,23,16,7,29,20,9,144,36,108,23,7,16
S01009589,439,223,216,18,15,3,67,55,12,49,46,3,92,39,53,30,23,7,34,14,20,121,21,100,28,10,18
S01009590,365,187,178,2,1,1,55,41,14,20,20,0,57,32,25,24,21,3,31,13,18,152,42,110,24,17,7
S01009591,368,192,176,8,7,1,63,45,18,24,20,4,77,41,36,20,19,1,40,20,20,124,37,87,12,3,9
S01009592,263,143,120,8,8,0,40,33,7,25,21,4,45,24,21,12,8,4,38,18,20,82,26,56,13,5,8
S01009593,315,163,152,7,6,1,44,35,9,29,25,4,49,23,26,21,14,7,42,25,17,114,31,83,9,4,5
S01009594,374,188,186,14,11,3,65,48,17,27,25,2,50,24,26,17,11,6,37,16,21,146,45,101,18,8,10
S01009595,282,149,133,12,12,0,43,31,12,22,17,5,44,28,16,12,10,2,37,16,21,93,31,62,19,4,15
S01009596,383,191,192,13,9,4,70,52,18,18,16,2,96,42,54,22,16,6,30,14,16,113,33,80,21,9,12
S01009597,329,153,176,7,6,1,45,33,12,19,17,2,99,45,54,25,18,7,27,12,15,84,14,70,23,8,15
S01009598,254,126,128,9,7,2,29,25,4,14,12,2,68,36,32,18,12,6,27,15,12,74,15,59,15,4,11
S01009599,409,206,203,9,6,3,59,46,13,33,30,3,64,28,36,30,24,6,46,21,25,145,43,102,23,8,15
S01009600,240,116,124,4,4,0,33,24,9,19,17,2,58,20,38,19,15,4,26,12,14,68,19,49,13,5,8
S01009601,303,153,150,7,7,0,45,30,15,18,17,1,70,35,35,17,11,6,33,17,16,93,27,66,20,9,11
S01009602,448,229,219,18,16,2,75,52,23,32,25,7,69,27,42,17,13,4,58,34,24,157,53,104,22,9,13
S01009603,295,158,137,10,9,1,42,27,15,18,17,1,61,33,28,13,9,4,31,19,12,109,42,67,11,2,9
S01009604,429,228,201,15,12,3,62,44,18,36,33,3,87,44,43,22,17,5,53,26,27,137,46,91,17,6,11
S01009605,305,159,146,14,11,3,37,31,6,26,23,3,69,30,39,21,13,8,35,19,16,83,23,60,20,9,11
S01009606,319,160,159,9,8,1,42,32,10,26,22,4,46,21,25,15,12,3,40,24,16,128,39,89,13,2,11
S01009607,269,142,127,8,6,2,40,31,9,28,26,2,39,20,19,16,13,3,38,16,22,91,25,66,9,5,4
S01009608,286,143,143,12,7,5,45,31,14,29,27,2,48,19,29,17,15,2,33,18,15,84,22,62,18,4,14
S01009609,403,216,187,6,5,1,61,51,10,44,43,1,61,30,31,20,18,2,48,24,24,141,39,102,22,6,16
S01009610,464,239,225,12,9,3,73,60,13,30,29,1,94,35,59,31,23,8,48,33,15,142,31,111,34,19,15
S01009611,284,140,144,29,22,7,32,25,7,16,14,2,54,20,34,17,13,4,25,17,8,97,23,74,14,6,8
S01009612,311,162,149,14,11,3,47,31,16,35,34,1,57,31,26,20,17,3,37,15,22,81,14,67,20,9,11
S01009613,262,138,124,11,10,1,25,21,4,21,18,3,48,27,21,12,10,2,33,18,15,100,28,72,12,6,6
S01009614,264,138,126,30,24,6,26,19,7,17,16,1,55,27,28,18,8,10,22,16,6,82,23,59,14,5,9
S01009615,171,89,82,8,6,2,29,21,8,12,12,0,26,12,14,12,9,3,30,14,16,48,12,36,6,3,3
S01009616,369,190,179,15,14,1,60,43,17,39,37,2,80,35,45,21,13,8,28,16,12,111,25,86,15,7,8
S01009617,401,208,193,20,18,2,74,57,17,33,32,1,61,23,38,29,19,10,40,22,18,127,29,98,17,8,9
S01009618,320,166,154,5,5,0,49,36,13,36,35,1,72,34,38,23,18,5,27,14,13,93,21,72,15,3,12
S01009619,245,126,119,7,7,0,34,30,4,22,20,2,48,20,28,14,10,4,29,12,17,82,22,60,9,5,4
S01009620,303,154,149,11,10,1,54,45,9,22,22,0,57,25,32,22,13,9,28,18,10,91,14,77,18,7,11
S01009621,325,160,165,7,6,1,58,45,13,39,36,3,48,20,28,23,18,5,31,8,23,102,18,84,17,9,8
S01009622,268,141,127,12,9,3,32,24,8,20,20,0,62,29,33,15,12,3,21,11,10,93,31,62,13,5,8
S01009623,198,96,102,9,8,1,26,16,10,19,18,1,33,13,20,18,13,5,18,11,7,64,13,51,11,4,7
S01009624,366,178,188,13,8,5,58,45,13,31,30,1,81,27,54,31,24,7,34,18,16,108,24,84,10,2,8
S01009625,369,179,190,12,11,1,64,44,20,39,38,1,102,43,59,16,12,4,21,10,11,94,17,77,21,4,17
S01009626,190,91,99,6,5,1,19,13,6,13,12,1,40,16,24,17,13,4,20,9,11,60,15,45,15,8,7
S01009627,325,162,163,10,8,2,66,54,12,28,27,1,71,23,48,20,11,9,26,12,14,88,20,68,16,7,9
S01009628,155,81,74,3,3,0,27,23,4,11,11,0,32,16,16,16,11,5,10,7,3,47,7,40,9,3,6
S01009629,438,219,219,19,17,2,68,49,19,43,38,5,97,45,52,28,21,7,42,21,21,121,24,97,20,4,16
S01009630,291,134,157,11,11,0,41,28,13,26,25,1,78,31,47,23,15,8,21,8,13,77,11,66,14,5,9
S01009631,264,142,122,9,9,0,44,37,7,29,26,3,59,20,39,15,10,5,22,13,9,74,20,54,12,7,5
S01009632,175,86,89,6,6,0,27,21,6,13,13,0,55,19,36,10,10,0,14,7,7,38,6,32,12,4,8
S01009633,247,130,117,11,10,1,40,26,14,25,23,2,71,27,44,22,18,4,16,7,9,55,15,40,7,4,3
S01009634,160,79,81,6,5,1,21,15,6,11,11,0,39,15,24,10,8,2,10,7,3,52,12,40,11,6,5
S01009635,384,204,180,7,7,0,67,53,14,25,24,1,88,31,57,26,21,5,31,21,10,107,30,77,33,17,16
S01009636,329,170,159,7,5,2,44,30,14,27,27,0,75,38,37,36,32,4,31,14,17,88,19,69,21,5,16
S01009637,339,171,168,12,11,1,48,36,12,40,37,3,76,35,41,20,16,4,28,12,16,102,17,85,13,7,6
S01009638,230,122,108,8,6,2,34,26,8,28,28,0,47,19,28,14,9,5,28,15,13,62,16,46,9,3,6
S01009639,338,172,166,9,9,0,42,33,9,25,22,3,54,23,31,15,9,6,55,31,24,113,30,83,25,15,10
S01009640,214,105,109,8,7,1,33,24,9,17,16,1,38,12,26,11,9,2,30,13,17,67,19,48,10,5,5
S01009641,309,151,158,6,6,0,41,33,8,30,30,0,68,25,43,13,9,4,42,23,19,94,23,71,15,2,13
S01009642,464,216,248,14,11,3,65,51,14,36,34,2,80,34,46,28,23,5,51,22,29,160,28,132,30,13,17
S01009643,343,183,160,11,10,1,65,49,16,32,29,3,70,30,40,12,9,3,25,18,7,117,33,84,11,5,6
S01009644,343,178,165,12,11,1,51,38,13,29,29,0,76,35,41,21,16,5,38,15,23,99,26,73,17,8,9
S01009645,277,142,135,11,11,0,41,35,6,26,25,1,56,24,32,15,8,7,24,13,11,88,19,69,16,7,9
S01009646,244,124,120,11,9,2,44,30,14,21,20,1,56,21,35,20,17,3,23,10,13,58,11,47,11,6,5
S01009647,222,116,106,9,6,3,34,31,3,17,14,3,49,22,27,10,10,0,18,10,8,68,19,49,17,4,13
S01009648,377,186,191,14,11,3,63,42,21,33,33,0,73,36,37,21,17,4,41,19,22,107,20,87,25,8,17
S01009649,445,218,227,20,16,4,85,60,25,48,40,8,81,34,47,14,9,5,42,23,19,138,30,108,17,6,11
S01009650,345,187,158,10,8,2,52,39,13,36,33,3,62,29,33,17,16,1,41,20,21,96,29,67,31,13,18
S01009651,434,224,210,52,41,11,27,17,10,27,26,1,61,35,26,27,19,8,66,39,27,146,36,110,28,11,17
S01009652,314,169,145,2,2,0,27,25,2,22,22,0,60,30,30,10,9,1,42,25,17,128,45,83,23,11,12
S01009653,273,145,128,3,3,0,34,30,4,34,32,2,38,17,21,12,9,3,43,28,15,97,20,77,12,6,6
S01009654,246,121,125,5,4,1,16,13,3,23,23,0,57,25,32,15,10,5,25,16,9,90,21,69,15,9,6
S01009655,353,167,186,15,15,0,55,37,18,39,38,1,81,24,57,27,20,7,26,11,15,93,15,78,17,7,10
S01009656,226,112,114,6,6,0,41,29,12,13,12,1,49,24,25,18,14,4,24,12,12,65,13,52,10,2,8
S01009657,379,199,180,18,15,3,58,45,13,35,32,3,83,38,45,20,16,4,39,18,21,105,27,78,21,8,13
S01009658,344,172,172,17,15,2,52,45,7,41,39,2,66,23,43,17,15,2,25,14,11,117,17,100,9,4,5
S01009659,228,124,104,7,7,0,42,36,6,18,17,1,48,19,29,9,9,0,21,16,5,69,13,56,14,7,7
S01009660,468,233,235,12,11,1,79,54,25,56,52,4,92,39,53,26,19,7,35,12,23,145,39,106,23,7,16
S01009661,443,237,206,56,48,8,45,31,14,38,34,4,66,31,35,23,17,6,44,22,22,149,40,109,22,14,8
S01009662,371,204,167,28,18,10,46,33,13,31,30,1,67,38,29,17,13,4,46,29,17,120,32,88,16,11,5
S01009663,312,155,157,17,14,3,23,18,5,24,22,2,58,29,29,19,14,5,27,17,10,132,37,95,12,4,8
S01009664,463,239,224,35,30,5,26,23,3,45,41,4,66,25,41,34,30,4,59,32,27,180,48,132,18,10,8
S01009665,309,159,150,18,14,4,38,31,7,35,31,4,56,29,27,13,12,1,32,9,23,100,27,73,17,6,11
S01009666,362,198,164,23,16,7,28,27,1,43,40,3,61,30,31,27,23,4,42,19,23,120,34,86,18,9,9
S01009667,266,137,129,31,26,5,14,12,2,24,24,0,38,18,20,14,9,5,28,11,17,105,33,72,12,4,8
S01009668,308,157,151,14,12,2,29,22,7,24,23,1,64,29,35,17,15,2,33,17,16,112,32,80,15,7,8
S01009669,229,120,109,9,8,1,30,24,6,29,29,0,36,24,12,10,8,2,19,6,13,81,16,65,15,5,10
S01009670,395,201,194,14,11,3,49,41,8,32,29,3,64,30,34,14,12,2,54,33,21,149,38,111,19,7,12
S01009671,341,177,164,20,18,2,43,32,11,24,20,4,72,30,42,19,15,4,45,25,20,101,30,71,17,7,10
S01009672,381,202,179,14,12,2,50,41,9,36,35,1,63,33,30,28,21,7,43,27,16,130,24,106,17,9,8
S01009673,379,206,173,22,18,4,52,35,17,33,32,1,57,33,24,18,14,4,34,21,13,140,43,97,23,10,13
S01009674,429,238,191,42,37,5,47,32,15,40,34,6,58,35,23,16,9,7,66,37,29,130,39,91,30,15,15
S01009675,449,230,219,31,22,9,51,41,10,39,33,6,84,45,39,19,14,5,40,19,21,157,44,113,28,12,16
S01009676,410,215,195,44,33,11,29,24,5,44,43,1,79,33,46,27,18,9,37,22,15,128,30,98,22,12,10
S01009677,306,167,139,48,38,10,15,12,3,24,23,1,46,17,29,19,13,6,41,23,18,98,32,66,15,9,6
S01009678,294,152,142,20,17,3,32,26,6,37,33,4,53,24,29,17,13,4,42,15,27,73,17,56,20,7,13
S01009679,433,233,200,27,23,4,45,33,12,50,43,7,95,43,52,17,15,2,55,29,26,115,33,82,29,14,15
S01009680,402,215,187,38,27,11,31,26,5,47,40,7,84,41,43,14,8,6,43,24,19,109,28,81,36,21,15
S01009681,320,167,153,17,15,2,20,17,3,25,23,2,65,31,34,13,10,3,25,13,12,136,48,88,19,10,9
S01009682,304,159,145,12,9,3,21,16,5,18,17,1,49,26,23,16,14,2,27,15,12,139,50,89,22,12,10
S01009683,361,182,179,8,8,0,12,10,2,21,19,2,75,35,40,16,15,1,54,31,23,157,53,104,18,11,7
S01009684,561,301,260,39,29,10,38,33,5,32,27,5,88,47,41,25,20,5,88,50,38,222,81,141,29,14,15
S01009685,282,148,134,18,14,4,31,25,6,28,27,1,51,25,26,13,11,2,29,15,14,101,27,74,11,4,7
S01009686,526,256,270,15,13,2,21,15,6,41,37,4,135,66,69,29,23,6,41,20,21,199,63,136,45,19,26
S01009687,346,195,151,11,10,1,15,13,2,31,28,3,75,35,40,19,17,2,31,12,19,142,70,72,22,10,12
S01009688,359,177,182,10,8,2,26,20,6,22,20,2,105,47,58,18,15,3,24,14,10,126,39,87,28,14,14
S01009689,306,151,155,5,5,0,14,12,2,19,18,1,70,35,35,20,15,5,24,13,11,122,44,78,32,9,23
S01009690,354,172,182,10,8,2,19,15,4,26,22,4,82,32,50,21,18,3,33,21,12,146,53,93,17,3,14
S01009691,281,140,141,4,4,0,20,19,1,14,12,2,61,26,35,13,9,4,41,19,22,114,42,72,14,9,5
S01009692,451,235,216,13,11,2,35,32,3,28,24,4,85,48,37,32,23,9,45,21,24,179,60,119,34,16,18
S01009693,301,153,148,11,10,1,19,16,3,18,18,0,44,16,28,14,11,3,37,24,13,139,50,89,19,8,11
S01009694,428,213,215,8,6,2,37,30,7,26,23,3,66,30,36,27,24,3,47,27,20,183,61,122,34,12,22
S01009695,294,154,140,27,22,5,21,18,3,19,16,3,55,23,32,14,10,4,30,16,14,106,34,72,22,15,7
S01009696,461,229,232,29,23,6,31,23,8,37,31,6,79,45,34,15,11,4,52,27,25,193,57,136,25,12,13
S01009697,349,189,160,21,16,5,14,11,3,21,19,2,67,32,35,23,15,8,46,26,20,133,54,79,24,16,8
S01009698,307,160,147,33,26,7,10,10,0,23,20,3,68,32,36,11,10,1,37,18,19,96,31,65,29,13,16
S01009699,168,99,69,14,11,3,6,6,0,10,9,1,40,21,19,10,8,2,29,20,9,44,17,27,15,7,8
S01009700,302,153,149,25,24,1,14,11,3,26,24,2,75,25,50,6,5,1,33,20,13,84,27,57,39,17,22
S01009701,152,79,73,4,2,2,4,3,1,8,7,1,36,16,20,4,2,2,24,18,6,44,12,32,28,19,9
S01009702,316,183,133,40,36,4,19,14,5,34,32,2,61,30,31,12,11,1,33,15,18,95,34,61,22,11,11
S01009703,257,131,126,20,19,1,13,9,4,22,20,2,67,32,35,14,12,2,24,13,11,78,20,58,19,6,13
S01009704,448,231,217,25,24,1,25,21,4,33,33,0,111,51,60,18,15,3,51,27,24,144,44,100,41,16,25
S01009705,364,196,168,19,18,1,30,29,1,37,34,3,90,40,50,28,24,4,36,18,18,90,24,66,34,9,25
S01009706,286,156,130,18,16,2,22,19,3,16,15,1,66,33,33,9,7,2,30,18,12,96,34,62,29,14,15
S01009707,255,125,130,12,11,1,18,14,4,13,10,3,61,24,37,8,7,1,19,9,10,109,43,66,15,7,8
S01009708,264,140,124,20,20,0,13,12,1,17,17,0,69,29,40,9,7,2,34,19,15,84,29,55,18,7,11
S01009709,368,199,169,20,19,1,20,16,4,39,37,2,81,36,45,25,20,5,37,19,18,116,36,80,30,16,14
S01009710,282,154,128,28,25,3,11,8,3,20,18,2,83,39,44,8,8,0,27,16,11,88,35,53,17,5,12
S01009711,346,182,164,16,16,0,23,16,7,33,28,5,105,54,51,13,10,3,33,18,15,98,31,67,25,9,16
S01009712,267,145,122,24,23,1,11,11,0,17,15,2,64,26,38,13,9,4,34,20,14,86,29,57,18,12,6
S01009713,361,183,178,24,20,4,9,7,2,34,34,0,83,37,46,19,15,4,38,17,21,120,39,81,34,14,20
S01009714,384,213,171,14,12,2,11,9,2,26,23,3,124,63,61,16,12,4,37,19,18,126,57,69,30,18,12
S01009715,320,185,135,40,35,5,8,6,2,17,16,1,43,26,17,16,12,4,36,23,13,126,49,77,34,18,16
S01009716,283,148,135,3,3,0,5,3,2,10,10,0,65,30,35,19,16,3,24,14,10,130,57,73,27,15,12
S01009717,305,135,170,7,5,2,4,3,1,13,12,1,99,35,64,18,14,4,23,13,10,118,41,77,23,12,11
S01009718,319,158,161,5,5,0,13,11,2,13,13,0,100,52,48,21,16,5,20,9,11,129,45,84,18,7,11
S01009719,345,168,177,9,8,1,6,5,1,25,23,2,110,50,60,13,10,3,27,16,11,122,37,85,33,19,14
S01009720,341,177,164,5,4,1,4,3,1,22,21,1,108,60,48,13,10,3,22,13,9,139,52,87,28,14,14
S01009721,154,74,80,2,1,1,4,3,1,4,4,0,63,21,42,6,4,2,8,5,3,53,27,26,14,9,5
S01009722,269,129,140,3,3,0,7,4,3,3,2,1,90,33,57,4,3,1,15,9,6,129,64,65,18,11,7
S01009723,197,82,115,1,1,0,1,1,0,1,1,0,64,20,44,4,2,2,21,11,10,83,37,46,22,9,13
S01009724,360,181,179,5,5,0,4,2,2,16,14,2,115,57,58,13,12,1,21,12,9,159,65,94,27,14,13
S01009725,206,92,114,2,2,0,3,1,2,2,2,0,96,28,68,6,6,0,15,9,6,64,35,29,18,9,9
S01009726,220,98,122,3,1,2,5,4,1,2,2,0,104,35,69,6,3,3,25,16,9,63,27,36,12,10,2
S01009727,375,202,173,31,24,7,15,13,2,14,14,0,89,51,38,11,8,3,40,20,20,146,53,93,29,19,10
S01009728,353,188,165,10,9,1,19,13,6,12,11,1,61,37,24,13,12,1,40,19,21,176,75,101,22,12,10
S01009729,264,142,122,5,4,1,14,10,4,13,11,2,47,31,16,13,10,3,24,11,13,126,50,76,22,15,7
S01009730,256,134,122,2,2,0,11,8,3,8,7,1,57,28,29,14,10,4,31,15,16,101,46,55,32,18,14
S01009731,184,94,90,1,1,0,8,7,1,4,4,0,30,11,19,14,10,4,22,11,11,80,36,44,25,14,11
S01009732,259,126,133,3,3,0,10,8,2,11,10,1,81,33,48,8,7,1,29,14,15,97,39,58,20,12,8
S01009733,251,128,123,9,8,1,8,6,2,15,13,2,43,23,20,18,12,6,28,16,12,112,40,72,18,10,8
S01009734,441,224,217,26,22,4,18,12,6,22,18,4,110,54,56,19,10,9,44,22,22,172,69,103,30,17,13
S01009735,305,156,149,5,4,1,12,8,4,8,8,0,66,25,41,10,10,0,43,22,21,137,63,74,24,16,8
S01009736,303,125,178,5,3,2,6,6,0,2,1,1,114,31,83,9,6,3,33,17,16,104,47,57,30,14,16
S01009737,419,226,193,7,6,1,17,15,2,11,11,0,85,29,56,19,12,7,26,11,15,243,137,106,11,5,6
S01009738,248,130,118,5,5,0,12,9,3,18,18,0,63,27,36,14,9,5,33,16,17,83,37,46,20,9,11
S01009739,431,236,195,8,7,1,8,5,3,10,8,2,75,32,43,12,9,3,40,13,27,255,152,103,23,10,13
S01009740,249,125,124,3,3,0,8,6,2,13,10,3,80,34,46,15,11,4,24,11,13,91,42,49,15,8,7
S01009741,578,444,134,2,2,0,3,2,1,3,2,1,36,13,23,3,3,0,15,5,10,510,415,95,6,2,4
S01009742,249,138,111,29,24,5,10,9,1,8,7,1,29,17,12,11,10,1,33,18,15,107,41,66,22,12,10
S01009743,447,235,212,26,19,7,30,23,7,49,44,5,63,35,28,17,14,3,50,34,16,196,59,137,16,7,9
S01009744,345,174,171,16,13,3,15,11,4,28,25,3,56,20,36,25,20,5,53,32,21,129,42,87,23,11,12
S01009745,548,268,280,30,26,4,30,27,3,31,26,5,107,43,64,25,19,6,56,30,26,238,84,154,31,13,18
S01009746,291,154,137,41,35,6,18,11,7,16,14,2,34,9,25,10,8,2,39,24,15,106,35,71,27,18,9
S01009747,338,166,172,5,4,1,24,22,2,14,12,2,79,46,33,26,18,8,40,14,26,119,41,78,31,9,22
S01009748,346,170,176,8,7,1,26,22,4,24,19,5,58,28,30,14,11,3,47,22,25,151,55,96,18,6,12
S01009749,477,245,232,19,16,3,35,31,4,36,32,4,63,30,33,36,28,8,48,26,22,214,72,142,26,10,16
S01009750,330,169,161,5,3,2,25,16,9,21,18,3,76,34,42,31,29,2,32,13,19,121,43,78,19,13,6
S01009751,421,213,208,10,9,1,45,40,5,31,28,3,75,43,32,26,20,6,31,16,15,179,47,132,24,10,14
S01009752,297,147,150,3,2,1,11,7,4,10,10,0,34,16,18,14,12,2,43,27,16,172,71,101,10,2,8
S01009753,295,149,146,5,4,1,7,6,1,19,18,1,38,26,12,18,12,6,43,24,19,144,54,90,21,5,16
S01009754,372,188,184,5,3,2,14,12,2,26,25,1,55,27,28,29,23,6,37,17,20,179,70,109,27,11,16
S01009755,333,176,157,12,9,3,12,9,3,23,21,2,42,26,16,21,16,5,43,31,12,162,56,106,18,8,10
S01009756,359,172,187,6,6,0,16,11,5,19,19,0,46,24,22,20,18,2,42,21,21,192,65,127,18,8,10
S01009757,311,153,158,5,4,1,12,9,3,14,14,0,42,21,21,12,11,1,39,22,17,169,63,106,18,9,9
S01009758,332,160,172,4,2,2,21,16,5,20,18,2,89,51,38,33,24,9,53,23,30,95,22,73,17,4,13
S01009759,323,146,177,5,4,1,23,13,10,20,20,0,113,51,62,21,17,4,47,18,29,81,16,65,13,7,6
S01009760,318,150,168,6,5,1,34,24,10,28,28,0,79,25,54,34,26,8,52,16,36,72,19,53,13,7,6
S01009761,464,231,233,12,10,2,29,20,9,43,36,7,110,59,51,39,32,7,83,37,46,132,33,99,16,4,12
S01009762,350,167,183,7,6,1,29,19,10,24,24,0,111,51,60,30,22,8,39,10,29,86,16,70,24,19,5
S01009763,417,220,197,7,4,3,30,23,7,33,26,7,92,53,39,33,25,8,93,53,40,113,31,82,16,5,11
S01009764,276,122,154,1,1,0,12,11,1,21,16,5,83,37,46,21,17,4,46,18,28,78,21,57,14,1,13
S01009765,442,229,213,3,1,2,23,19,4,31,26,5,139,69,70,44,34,10,71,39,32,111,33,78,20,8,12
S01009766,338,173,165,4,4,0,29,24,5,29,29,0,78,42,36,34,28,6,40,14,26,107,25,82,17,7,10
S01009767,198,95,103,2,1,1,10,6,4,17,17,0,59,30,29,16,14,2,28,11,17,62,14,48,4,2,2
S01009768,294,140,154,4,3,1,20,15,5,28,27,1,91,37,54,16,12,4,36,19,17,83,24,59,16,3,13
S01009769,374,175,199,13,7,6,18,15,3,28,25,3,85,45,40,31,26,5,57,20,37,109,27,82,33,10,23
S01009770,353,186,167,4,3,1,17,14,3,30,28,2,119,63,56,22,16,6,55,27,28,93,27,66,13,8,5
S01009771,441,229,212,11,8,3,23,14,9,33,26,7,138,83,55,44,33,11,62,28,34,118,31,87,12,6,6
S01009772,354,172,182,6,5,1,29,21,8,20,18,2,82,41,41,28,24,4,44,20,24,130,35,95,15,8,7
S01009773,280,160,120,8,6,2,12,8,4,35,31,4,74,46,28,27,22,5,44,18,26,72,26,46,8,3,5
S01009774,264,140,124,4,2,2,16,13,3,12,10,2,72,44,28,25,18,7,47,26,21,84,26,58,4,1,3
S01009775,276,136,140,4,2,2,12,8,4,27,27,0,94,44,50,17,13,4,41,21,20,78,20,58,3,1,2
S01009776,206,80,126,4,3,1,9,8,1,12,11,1,70,23,47,15,10,5,37,15,22,45,8,37,14,2,12
S01009777,219,114,105,4,4,0,5,2,3,23,20,3,51,22,29,16,16,0,40,25,15,68,19,49,12,6,6
S01009778,248,119,129,4,3,1,18,12,6,29,28,1,67,24,43,15,14,1,33,17,16,74,19,55,8,2,6
S01009779,169,77,92,3,2,1,9,8,1,13,12,1,45,18,27,14,11,3,19,6,13,54,16,38,12,4,8
S01009780,203,87,116,3,2,1,15,10,5,6,5,1,69,30,39,13,10,3,22,10,12,63,13,50,12,7,5
S01009781,199,96,103,3,3,0,17,13,4,10,9,1,56,23,33,7,7,0,32,12,20,61,20,41,13,9,4
S01009782,262,141,121,5,5,0,11,8,3,21,17,4,76,41,35,36,28,8,41,20,21,65,21,44,7,1,6
S01009783,306,136,170,6,4,2,20,14,6,27,24,3,80,37,43,23,17,6,45,18,27,93,19,74,12,3,9
S01009784,251,114,137,3,1,2,12,7,5,22,21,1,65,28,37,11,7,4,36,16,20,79,23,56,23,11,12
S01009785,286,124,162,9,7,2,15,9,6,22,20,2,88,32,56,14,11,3,43,16,27,79,21,58,16,8,8
S01009786,317,145,172,3,3,0,16,14,2,37,36,1,97,42,55,15,13,2,39,16,23,93,17,76,17,4,13
S01009787,308,144,164,2,2,0,18,10,8,20,19,1,79,31,48,32,23,9,44,21,23,91,26,65,22,12,10
S01009788,334,164,170,4,4,0,30,28,2,35,31,4,73,22,51,38,27,11,32,16,16,107,29,78,15,7,8
S01009789,346,161,185,1,1,0,26,18,8,36,31,5,81,39,42,24,22,2,52,25,27,110,18,92,16,7,9
S01009790,285,138,147,3,3,0,23,17,6,28,25,3,65,37,28,25,16,9,39,18,21,94,17,77,8,5,3
S01009791,228,107,121,3,2,1,14,13,1,27,26,1,58,21,37,15,10,5,22,14,8,80,16,64,9,5,4
S01009792,527,279,248,11,9,2,49,37,12,39,31,8,124,67,57,42,27,15,88,41,47,151,56,95,23,11,12
S01009793,440,218,222,8,7,1,34,24,10,33,32,1,96,42,54,43,31,12,77,33,44,139,45,94,10,4,6
S01009794,338,164,174,6,5,1,23,17,6,48,42,6,57,26,31,30,18,12,46,23,23,116,29,87,12,4,8
S01009795,497,247,250,12,9,3,32,22,10,44,38,6,102,54,48,29,23,6,76,41,35,179,53,126,23,7,16
S01009796,399,208,191,7,6,1,40,35,5,29,27,2,92,48,44,34,24,10,51,22,29,131,41,90,15,5,10
S01009797,429,218,211,6,2,4,29,25,4,45,38,7,82,42,40,39,35,4,75,32,43,136,37,99,17,7,10
S01009798,421,206,215,9,6,3,20,14,6,38,34,4,73,36,37,56,43,13,66,31,35,138,39,99,21,3,18
S01009799,292,136,156,4,3,1,20,13,7,20,17,3,89,38,51,15,14,1,44,26,18,86,18,68,14,7,7
S01009800,465,211,254,8,7,1,22,17,5,37,32,5,110,43,67,36,31,5,61,26,35,162,43,119,29,12,17
S01009801,320,161,159,11,9,2,21,17,4,27,26,1,80,36,44,26,22,4,40,18,22,98,26,72,17,7,10
S01009802,450,213,237,6,5,1,33,25,8,28,25,3,112,47,65,49,40,9,68,33,35,141,33,108,13,5,8
S01009803,284,120,164,5,5,0,17,11,6,31,24,7,67,23,44,25,19,6,37,13,24,89,22,67,13,3,10
S01009804,269,132,137,3,2,1,25,17,8,21,19,2,44,21,23,27,23,4,43,22,21,90,20,70,16,8,8
S01009805,364,170,194,4,4,0,31,22,9,30,28,2,91,36,55,25,15,10,49,24,25,107,27,80,27,14,13
S01009806,356,166,190,5,3,2,20,11,9,25,23,2,75,34,41,28,21,7,59,23,36,120,37,83,24,14,10
S01009807,430,209,221,1,1,0,34,25,9,35,31,4,128,60,68,33,29,4,59,28,31,122,27,95,18,8,10
S01009808,314,154,160,4,4,0,16,11,5,22,21,1,99,48,51,22,18,4,38,17,21,98,26,72,15,9,6
S01009809,339,172,167,3,3,0,27,22,5,27,24,3,81,32,49,33,27,6,50,26,24,99,28,71,19,10,9
S01009810,293,132,161,4,3,1,27,17,10,23,21,2,77,36,41,31,22,9,36,18,18,91,13,78,4,2,2
S01009811,404,198,206,9,7,2,37,26,11,42,40,2,102,43,59,24,20,4,57,29,28,122,27,95,11,6,5
S01009812,293,152,141,3,3,0,23,17,6,37,33,4,62,26,36,29,22,7,38,22,16,87,25,62,14,4,10
S01009813,220,99,121,2,2,0,10,5,5,10,9,1,76,31,45,14,13,1,29,14,15,69,23,46,10,2,8
S01009814,360,190,170,5,5,0,29,18,11,30,27,3,67,38,29,37,32,5,50,27,23,128,37,91,14,6,8
S01009815,362,171,191,6,5,1,25,17,8,27,23,4,74,26,48,40,27,13,52,31,21,115,31,84,23,11,12
S01009816,393,184,209,8,7,1,25,19,6,30,30,0,85,37,48,42,31,11,57,26,31,130,29,101,16,5,11
S01009817,288,139,149,6,6,0,32,27,5,15,13,2,71,33,38,34,24,10,29,13,16,85,19,66,16,4,12
S01009818,407,201,206,4,2,2,31,26,5,30,29,1,73,39,34,34,23,11,55,27,28,161,45,116,19,10,9
S01009819,250,117,133,2,2,0,18,14,4,16,14,2,42,22,20,28,18,10,39,16,23,91,24,67,14,7,7
S01009820,428,217,211,5,2,3,34,27,7,41,38,3,74,36,38,39,27,12,62,29,33,145,50,95,28,8,20
S01009821,322,161,161,3,1,2,18,16,2,30,26,4,71,40,31,35,22,13,40,22,18,112,28,84,13,6,7
S01009822,208,105,103,5,3,2,22,16,6,20,14,6,44,19,25,16,15,1,35,22,13,60,13,47,6,3,3
S01009823,258,113,145,2,2,0,20,13,7,23,20,3,66,30,36,20,13,7,42,14,28,71,17,54,14,4,10
S01009824,366,181,185,6,5,1,40,31,9,41,39,2,81,33,48,35,27,8,55,17,38,99,24,75,9,5,4
S01009825,415,192,223,6,5,1,34,22,12,34,30,4,97,41,56,32,26,6,65,25,40,125,36,89,22,7,15
S01009826,215,100,115,2,2,0,24,17,7,13,12,1,64,33,31,17,12,5,27,10,17,55,10,45,13,4,9
S01009827,332,156,176,10,10,0,28,17,11,29,27,2,60,24,36,43,31,12,43,21,22,103,19,84,16,7,9
S01009828,241,108,133,9,6,3,19,12,7,16,15,1,67,23,44,14,12,2,37,18,19,69,19,50,10,3,7
S01009829,444,216,228,4,3,1,25,15,10,39,34,5,86,40,46,44,35,9,74,33,41,152,50,102,20,6,14
S01009830,362,177,185,7,5,2,24,19,5,30,26,4,89,38,51,32,31,1,41,19,22,125,36,89,14,3,11
S01009831,409,192,217,9,6,3,23,18,5,32,28,4,98,49,49,31,22,9,58,26,32,145,37,108,13,6,7
S01009832,468,220,248,6,3,3,41,29,12,36,34,2,103,42,61,36,24,12,59,26,33,168,54,114,19,8,11
S01009833,298,140,158,4,3,1,24,15,9,35,30,5,48,26,22,24,20,4,32,15,17,117,26,91,14,5,9
S01009834,395,167,228,5,4,1,27,16,11,42,38,4,89,28,61,27,16,11,65,25,40,121,34,87,19,6,13
S01009835,212,91,121,2,2,0,16,10,6,15,13,2,60,24,36,17,11,6,26,14,12,65,16,49,11,1,10
S01009836,451,231,220,5,5,0,54,44,10,34,31,3,96,50,46,30,24,6,56,26,30,160,42,118,16,9,7
S01009837,275,128,147,4,2,2,27,23,4,22,20,2,55,25,30,23,16,7,34,16,18,97,20,77,13,6,7
S01009838,319,146,173,8,3,5,26,14,12,21,19,2,71,23,48,26,17,9,46,28,18,97,28,69,24,14,10
S01009839,419,185,234,5,5,0,28,20,8,13,11,2,115,59,56,28,20,8,63,28,35,135,34,101,32,8,24
S01009840,386,184,202,4,2,2,32,23,9,36,33,3,85,39,46,21,11,10,55,27,28,137,43,94,16,6,10
S01009841,340,174,166,4,3,1,31,22,9,25,23,2,94,47,47,21,15,6,52,23,29,89,26,63,24,15,9
S01009842,257,122,135,5,5,0,23,12,11,19,15,4,60,26,34,13,11,2,60,30,30,63,16,47,14,7,7
S01009843,187,92,95,1,1,0,17,12,5,15,14,1,55,25,30,11,7,4,31,19,12,44,8,36,13,6,7
S01009844,184,106,78,0,0,0,22,17,5,18,17,1,58,34,24,3,1,2,36,19,17,34,10,24,13,8,5
S01009845,311,175,136,1,1,0,25,16,9,17,16,1,108,66,42,18,11,7,54,32,22,76,29,47,12,4,8
S01009846,362,176,186,5,5,0,34,28,6,23,20,3,95,55,40,28,16,12,58,27,31,108,19,89,11,6,5
S01009847,272,118,154,1,1,0,21,15,6,15,13,2,72,34,38,13,9,4,38,16,22,96,24,72,16,6,10
S01009848,345,160,185,7,7,0,29,22,7,25,23,2,91,35,56,20,18,2,43,15,28,112,31,81,18,9,9
S01009849,298,146,152,7,7,0,22,16,6,22,20,2,62,27,35,29,20,9,44,15,29,97,34,63,15,7,8
S01009850,393,209,184,7,7,0,23,18,5,34,32,2,73,41,32,33,29,4,69,32,37,134,38,96,20,12,8
S01009851,337,155,182,7,6,1,18,11,7,30,27,3,67,30,37,39,32,7,48,23,25,110,17,93,18,9,9
S01009852,237,116,121,3,1,2,12,8,4,19,16,3,58,30,28,24,14,10,34,20,14,71,19,52,16,8,8
S01009853,336,159,177,7,6,1,22,14,8,33,30,3,59,28,31,26,15,11,58,28,30,118,32,86,13,6,7
S01009854,386,170,216,2,1,1,23,18,5,33,30,3,89,34,55,31,23,8,69,24,45,118,33,85,21,7,14
S01009855,285,144,141,4,3,1,23,20,3,26,24,2,55,27,28,23,16,7,30,16,14,101,31,70,23,7,16
S01009856,244,111,133,3,3,0,13,6,7,13,13,0,64,33,31,20,14,6,34,17,17,86,22,64,11,3,8
S01009857,380,194,186,8,7,1,24,19,5,28,28,0,72,27,45,25,17,8,46,26,20,157,61,96,20,9,11
S01009858,341,160,181,8,7,1,28,23,5,20,20,0,71,29,42,22,19,3,63,24,39,107,29,78,22,9,13
S01009859,334,160,174,3,3,0,28,23,5,23,23,0,90,37,53,18,15,3,52,19,33,102,29,73,18,11,7
S01009860,282,129,153,2,2,0,16,10,6,15,14,1,75,31,44,26,21,5,45,21,24,85,22,63,18,8,10
S01009861,378,196,182,4,4,0,17,11,6,28,25,3,116,61,55,39,34,5,51,21,30,101,29,72,22,11,11
S01009862,452,229,223,7,3,4,27,17,10,23,20,3,120,66,54,52,39,13,88,39,49,110,30,80,25,15,10
S01009863,370,212,158,6,6,0,16,14,2,23,19,4,121,73,48,21,15,6,68,32,36,93,40,53,22,13,9
S01009864,278,164,114,4,3,1,14,10,4,26,23,3,60,35,25,32,28,4,50,25,25,70,24,46,22,16,6
S01009865,226,125,101,3,2,1,9,6,3,12,11,1,61,33,28,24,21,3,47,25,22,63,23,40,7,4,3
S01009866,460,231,229,6,5,1,35,29,6,47,42,5,104,53,51,51,34,17,75,34,41,117,25,92,25,9,16
S01009867,651,372,279,14,10,4,21,9,12,37,33,4,142,78,64,110,77,33,127,82,45,170,69,101,30,14,16
S01009868,380,220,160,7,6,1,20,13,7,23,22,1,93,51,42,44,29,15,93,53,40,83,33,50,17,13,4
S01009869,294,176,118,2,1,1,13,10,3,14,13,1,91,62,29,33,22,11,57,37,20,67,20,47,17,11,6
S01009870,268,169,99,4,4,0,14,9,5,11,9,2,88,57,31,16,12,4,59,41,18,55,25,30,21,12,9
S01009871,361,188,173,4,3,1,15,11,4,18,16,2,94,51,43,27,19,8,83,50,33,97,30,67,23,8,15
S01009872,359,211,148,5,4,1,17,12,5,14,12,2,102,62,40,34,25,9,86,48,38,86,38,48,15,10,5
S01009873,389,211,178,5,2,3,18,12,6,23,20,3,82,47,35,52,30,22,72,45,27,116,44,72,21,11,10
S01009874,440,225,215,4,4,0,27,23,4,23,21,2,101,47,54,26,16,10,81,44,37,140,53,87,38,17,21
S01009875,234,142,92,5,5,0,10,5,5,11,8,3,74,51,23,17,14,3,48,27,21,57,23,34,12,9,3
S01009876,216,110,106,0,0,0,7,5,2,6,6,0,77,40,37,24,15,9,45,31,14,45,12,33,12,1,11
S01009877,411,221,190,4,1,3,16,13,3,11,10,1,90,58,32,37,23,14,86,52,34,149,55,94,18,9,9
S01009878,258,177,81,4,4,0,10,6,4,14,14,0,84,64,20,32,28,4,45,31,14,58,23,35,11,7,4
S01009879,434,231,203,12,8,4,21,15,6,16,11,5,84,56,28,45,24,21,112,60,52,132,51,81,12,6,6
S01009880,309,183,126,5,2,3,7,5,2,8,7,1,110,75,35,31,25,6,54,34,20,86,31,55,8,4,4
S01009881,222,149,73,2,2,0,5,3,2,5,5,0,89,66,23,25,24,1,36,21,15,43,16,27,17,12,5
S01009882,691,403,288,15,10,5,27,17,10,33,28,5,159,101,58,70,56,14,138,85,53,207,83,124,42,23,19
S01009883,316,204,112,7,4,3,3,1,2,9,8,1,123,94,29,30,26,4,42,26,16,76,32,44,26,13,13
S01009884,380,226,154,7,6,1,13,11,2,13,11,2,107,76,31,35,26,9,75,47,28,98,31,67,32,18,14
S01009885,326,193,133,6,3,3,10,6,4,12,10,2,88,66,22,43,31,12,41,27,14,97,38,59,29,12,17
S01009886,291,179,112,4,3,1,7,5,2,6,6,0,100,73,27,27,18,9,47,27,20,82,37,45,18,10,8
S01009887,384,228,156,3,1,2,11,4,7,16,14,2,131,94,37,31,26,5,81,38,43,75,34,41,36,17,19
S01009888,279,181,98,5,3,2,10,8,2,9,8,1,94,70,24,26,25,1,37,26,11,83,35,48,15,6,9
S01009889,333,203,130,2,2,0,17,14,3,11,10,1,108,82,26,33,25,8,64,29,35,80,30,50,18,11,7
S01009890,207,123,84,2,2,0,7,5,2,15,14,1,66,43,23,17,16,1,36,15,21,49,22,27,15,6,9
S01009891,327,179,148,5,3,2,14,13,1,7,6,1,98,60,38,27,23,4,68,28,40,89,38,51,19,8,11
S01009892,332,179,153,5,5,0,15,10,5,20,16,4,82,45,37,33,27,6,62,33,29,98,31,67,17,12,5
S01009893,396,243,153,4,3,1,22,14,8,15,14,1,92,71,21,41,25,16,99,59,40,96,41,55,27,16,11
S01009894,302,174,128,4,3,1,17,10,7,21,18,3,91,61,30,25,23,2,41,23,18,82,27,55,21,9,12
S01009895,287,158,129,3,3,0,13,8,5,15,15,0,100,67,33,25,18,7,47,24,23,74,17,57,10,6,4
S01009896,328,184,144,4,1,3,14,11,3,38,34,4,101,68,33,32,23,9,43,19,24,82,18,64,14,10,4
S01009897,408,208,200,9,4,5,23,16,7,28,27,1,95,53,42,39,31,8,66,36,30,118,30,88,30,11,19
S01009898,195,112,83,2,0,2,9,8,1,23,21,2,52,34,18,19,16,3,20,12,8,58,15,43,12,6,6
S01009899,457,230,227,18,10,8,14,10,4,25,21,4,78,44,34,46,34,12,90,39,51,163,62,101,23,10,13
S01009900,600,266,334,14,8,6,28,23,5,21,16,5,86,33,53,63,38,25,134,65,69,223,67,156,31,16,15
S01009901,582,295,287,25,16,9,21,19,2,25,20,5,97,48,49,56,35,21,116,73,43,203,67,136,39,17,22
S01009902,337,181,156,4,2,2,24,21,3,31,29,2,66,34,32,29,21,8,51,28,23,111,31,80,21,15,6
S01009903,418,234,184,5,3,2,20,16,4,11,10,1,96,59,37,45,36,9,89,57,32,123,36,87,29,17,12
S01009904,469,231,238,9,5,4,20,15,5,14,8,6,63,34,29,51,39,12,99,52,47,191,66,125,22,12,10
S01009905,365,222,143,4,2,2,11,10,1,13,12,1,94,68,26,40,30,10,61,39,22,108,44,64,34,17,17
S01009906,370,202,168,4,2,2,19,13,6,13,10,3,88,48,40,26,20,6,81,47,34,114,48,66,25,14,11
S01009907,417,213,204,2,2,0,29,21,8,13,11,2,94,58,36,36,23,13,80,37,43,139,52,87,24,9,15
S01009908,632,340,292,9,6,3,16,14,2,23,20,3,134,77,57,67,50,17,126,65,61,199,81,118,58,27,31
S01009909,539,296,243,4,3,1,17,10,7,25,22,3,112,67,45,62,50,12,112,62,50,158,58,100,49,24,25
S01009910,347,189,158,2,0,2,21,11,10,9,8,1,70,43,27,29,23,6,69,44,25,117,42,75,30,18,12
S01009911,496,245,251,7,4,3,28,21,7,18,15,3,70,38,32,48,32,16,84,48,36,215,72,143,26,15,11
S01009912,420,227,193,7,7,0,19,14,5,10,10,0,85,50,35,39,28,11,84,54,30,146,52,94,30,12,18
S01009913,356,204,152,4,4,0,16,10,6,20,14,6,119,77,42,19,13,6,69,45,24,94,30,64,15,11,4
S01009914,487,268,219,5,3,2,16,11,5,15,12,3,118,75,43,43,29,14,110,69,41,160,58,102,20,11,9
S01009915,475,259,216,8,6,2,28,13,15,13,12,1,86,56,30,48,32,16,102,61,41,163,67,96,27,12,15
S01009916,390,225,165,6,4,2,11,10,1,15,12,3,111,83,28,41,31,10,76,42,34,115,36,79,15,7,8
S01009917,387,208,179,8,6,2,10,3,7,16,14,2,52,38,14,34,26,8,106,68,38,149,47,102,12,6,6
S01009918,354,175,179,7,6,1,6,5,1,21,15,6,44,29,15,29,20,9,74,42,32,156,48,108,17,10,7
S01009919,528,270,258,8,7,1,21,12,9,25,25,0,128,72,56,41,26,15,137,69,68,142,48,94,26,11,15
S01009920,596,291,305,14,11,3,25,19,6,29,24,5,90,46,44,60,36,24,134,66,68,197,67,130,47,22,25
S01009921,458,245,213,8,7,1,11,10,1,21,19,2,76,36,40,47,36,11,104,61,43,158,57,101,33,19,14
S01009922,705,357,348,11,7,4,42,30,12,29,26,3,96,50,46,78,55,23,188,96,92,234,81,153,27,12,15
S01009923,512,283,229,6,5,1,19,18,1,34,32,2,91,46,45,56,42,14,88,49,39,177,70,107,41,21,20
S01009924,619,317,302,12,8,4,28,23,5,21,15,6,132,71,61,69,45,24,147,82,65,184,59,125,26,14,12
S01009925,468,216,252,4,2,2,23,16,7,14,13,1,64,34,30,48,36,12,103,50,53,188,58,130,24,7,17
S01009926,430,229,201,6,5,1,11,10,1,11,10,1,85,43,42,35,27,8,81,45,36,161,69,92,40,20,20
S01009927,263,142,121,4,3,1,22,17,5,19,17,2,37,21,16,20,12,8,52,31,21,96,33,63,13,8,5
S01009928,524,263,261,16,12,4,25,22,3,21,21,0,60,28,32,47,31,16,116,64,52,207,66,141,32,19,13
S01009929,265,131,134,7,5,2,9,7,2,13,10,3,34,18,16,27,18,9,61,26,35,99,42,57,15,5,10
S01009930,559,283,276,7,5,2,21,17,4,26,22,4,87,54,33,67,43,24,114,59,55,211,71,140,26,12,14
S01009931,559,287,272,17,13,4,21,14,7,28,22,6,70,35,35,58,39,19,120,64,56,221,84,137,24,16,8
S01009932,435,220,215,11,9,2,31,22,9,17,15,2,70,36,34,48,30,18,91,49,42,146,52,94,21,7,14
S01009933,396,215,181,12,6,6,17,13,4,26,25,1,92,48,44,42,30,12,78,37,41,111,46,65,18,10,8
S01009934,508,246,262,8,5,3,39,26,13,22,20,2,97,50,47,52,32,20,101,49,52,167,57,110,22,7,15
S01009935,172,95,77,4,4,0,9,5,4,18,16,2,24,14,10,18,13,5,28,17,11,66,24,42,5,2,3
S01009936,299,174,125,2,2,0,12,10,2,13,12,1,78,49,29,29,23,6,70,39,31,79,31,48,16,8,8
S01009937,140,77,63,1,0,1,6,5,1,5,5,0,49,26,23,10,8,2,35,21,14,29,10,19,5,2,3
S01009938,315,171,144,8,6,2,16,13,3,24,22,2,66,34,32,38,30,8,61,35,26,89,24,65,13,7,6
S01009939,207,105,102,3,3,0,10,7,3,12,12,0,73,34,39,8,7,1,45,26,19,45,12,33,11,4,7
S01009940,263,124,139,7,6,1,13,10,3,21,20,1,65,27,38,21,18,3,50,21,29,73,20,53,13,2,11
S01009941,462,245,217,8,3,5,16,13,3,24,19,5,168,101,67,59,39,20,60,27,33,106,32,74,21,11,10
S01009942,368,177,191,7,4,3,22,16,6,29,28,1,108,47,61,36,30,6,55,30,25,99,17,82,12,5,7
S01009943,263,123,140,9,8,1,13,8,5,27,23,4,67,28,39,18,17,1,40,21,19,77,13,64,12,5,7
S01009944,341,168,173,6,3,3,12,8,4,27,25,2,76,40,36,21,18,3,87,42,45,91,20,71,21,12,9
S01009945,380,184,196,3,2,1,20,15,5,26,23,3,96,53,43,24,17,7,76,39,37,115,28,87,20,7,13
S01009946,339,175,164,4,3,1,16,12,4,25,24,1,74,43,31,27,25,2,58,32,26,106,24,82,29,12,17
S01009947,233,116,117,6,3,3,14,10,4,14,14,0,62,32,30,15,14,1,34,18,16,78,22,56,10,3,7
S01009948,273,132,141,4,3,1,19,16,3,20,18,2,79,43,36,18,14,4,47,25,22,75,11,64,11,2,9
S01009949,334,177,157,7,4,3,14,11,3,21,21,0,72,40,32,33,23,10,59,32,27,112,39,73,16,7,9
S01009950,365,197,168,2,2,0,17,10,7,13,12,1,68,36,32,27,21,6,92,61,31,131,47,84,15,8,7
S01009951,370,202,168,3,2,1,14,10,4,24,17,7,60,40,20,30,20,10,86,54,32,139,51,88,14,8,6
S01009952,351,180,171,3,3,0,23,18,5,17,13,4,60,30,30,46,32,14,54,30,24,137,48,89,11,6,5
S01009953,443,211,232,11,5,6,25,17,8,27,21,6,72,45,27,36,29,7,75,42,33,181,46,135,16,6,10
S01009954,292,159,133,7,5,2,14,11,3,14,13,1,90,46,44,24,19,5,43,27,16,89,33,56,11,5,6
S01009955,443,240,203,5,3,2,20,11,9,23,19,4,99,54,45,35,28,7,87,55,32,158,63,95,16,7,9
S01009956,315,155,160,7,5,2,15,12,3,27,23,4,65,31,34,25,22,3,61,30,31,106,28,78,9,4,5
S01009957,387,199,188,7,6,1,20,16,4,29,27,2,53,34,19,26,15,11,67,32,35,163,57,106,22,12,10
S01009958,521,257,264,15,8,7,32,17,15,27,21,6,78,44,34,52,42,10,115,65,50,173,51,122,29,9,20
S01009959,288,146,142,9,5,4,7,6,1,21,19,2,51,29,22,24,16,8,64,35,29,95,27,68,17,9,8
S01009960,400,205,195,7,4,3,26,19,7,18,16,2,79,40,39,31,21,10,75,44,31,145,48,97,19,13,6
S01009961,307,156,151,8,5,3,22,17,5,17,17,0,63,33,30,25,20,5,45,19,26,101,30,71,26,15,11
S01009962,573,299,274,13,9,4,38,29,9,46,43,3,102,61,41,48,41,7,112,53,59,178,51,127,36,12,24
S01009963,431,229,202,13,7,6,25,24,1,34,32,2,79,48,31,37,26,11,69,35,34,154,51,103,20,6,14
S01009964,488,258,230,11,7,4,21,14,7,22,22,0,101,53,48,49,39,10,93,56,37,174,58,116,17,9,8
S01009965,374,202,172,9,7,2,19,18,1,40,38,2,80,36,44,40,34,6,58,34,24,124,32,92,4,3,1
S01009966,404,202,202,3,2,1,28,23,5,55,54,1,92,38,54,40,31,9,47,17,30,125,29,96,14,8,6
S01009967,431,210,221,9,5,4,29,17,12,22,20,2,68,32,36,33,23,10,78,40,38,174,60,114,18,13,5
S01009968,324,171,153,10,5,5,14,12,2,42,40,2,46,21,25,32,27,5,45,19,26,125,41,84,10,6,4
S01009969,381,200,181,8,5,3,23,13,10,26,26,0,62,31,31,29,22,7,84,45,39,127,47,80,22,11,11
S01009970,296,133,163,7,2,5,13,9,4,24,24,0,68,26,42,28,22,6,43,13,30,86,22,64,27,15,12
S01009971,440,216,224,10,7,3,27,20,7,47,44,3,97,43,54,35,31,4,63,30,33,141,32,109,20,9,11
S01009972,368,187,181,9,5,4,25,18,7,29,26,3,76,38,38,35,29,6,58,25,33,113,30,83,23,16,7
S01009973,359,163,196,5,1,4,20,14,6,54,51,3,68,27,41,34,27,7,41,11,30,118,26,92,19,6,13
S01009974,193,76,117,2,2,0,7,3,4,21,20,1,52,19,33,13,10,3,32,10,22,56,6,50,10,6,4
S01009975,210,94,116,3,1,2,4,3,1,24,22,2,55,23,32,14,8,6,20,10,10,75,19,56,15,8,7
S01009976,183,82,101,6,5,1,7,5,2,24,21,3,34,8,26,21,16,5,34,11,23,46,11,35,11,5,6
S01009977,247,130,117,5,4,1,22,18,4,19,19,0,62,32,30,23,18,5,27,13,14,77,23,54,12,3,9
S01009978,362,160,202,5,4,1,23,16,7,36,32,4,109,42,67,34,27,7,47,20,27,90,14,76,18,5,13
S01009979,166,77,89,11,10,1,6,4,2,10,10,0,46,22,24,9,7,2,26,7,19,51,13,38,7,4,3
S01009980,172,80,92,5,5,0,7,6,1,20,19,1,52,20,32,7,5,2,28,10,18,44,12,32,9,3,6
S01009981,233,101,132,6,6,0,13,10,3,20,19,1,73,27,46,11,8,3,38,13,25,52,10,42,20,8,12
S01009982,429,200,229,8,4,4,21,17,4,56,51,5,96,45,51,30,23,7,73,21,52,127,31,96,18,8,10
S01009983,162,61,101,6,5,1,12,7,5,3,3,0,43,18,25,10,9,1,28,11,17,50,6,44,10,2,8
S01009984,333,162,171,11,7,4,27,18,9,32,30,2,79,35,44,33,23,10,53,23,30,78,21,57,20,5,15
S01009985,200,98,102,1,1,0,11,8,3,31,28,3,52,18,34,18,16,2,19,7,12,51,11,40,17,9,8
S01009986,152,65,87,9,6,3,5,3,2,12,11,1,40,12,28,10,8,2,26,11,15,40,9,31,10,5,5
S01009987,311,140,171,10,8,2,15,9,6,36,32,4,70,33,37,20,13,7,47,17,30,93,20,73,20,8,12
S01009988,149,63,86,3,3,0,4,4,0,9,9,0,40,16,24,13,9,4,21,6,15,53,12,41,6,4,2
S01009989,383,187,196,8,5,3,29,22,7,43,38,5,75,25,50,41,31,10,59,32,27,109,24,85,19,10,9
S01009990,364,164,200,4,2,2,21,17,4,40,39,1,80,34,46,28,21,7,66,27,39,111,19,92,14,5,9
S01009991,413,187,226,9,6,3,23,18,5,36,34,2,106,49,57,31,22,9,53,19,34,137,32,105,18,7,11
S01009992,217,90,127,6,5,1,11,8,3,18,18,0,58,22,36,11,7,4,27,15,12,76,12,64,10,3,7
S01009993,458,227,231,18,13,5,27,19,8,53,48,5,100,44,56,46,35,11,69,28,41,127,34,93,18,6,12
S01009994,356,173,183,9,4,5,23,19,4,36,31,5,71,31,40,29,24,5,50,26,24,124,32,92,14,6,8
S01009995,366,169,197,7,4,3,18,12,6,30,29,1,86,44,42,31,26,5,71,19,52,108,32,76,15,3,12
S01009996,355,160,195,9,6,3,21,20,1,28,24,4,92,34,58,33,26,7,56,22,34,90,16,74,26,12,14
S01009997,309,160,149,12,11,1,12,9,3,28,26,2,64,37,27,22,17,5,55,33,22,100,23,77,16,4,12
S01009998,266,141,125,4,3,1,19,13,6,34,31,3,53,26,27,11,8,3,40,24,16,92,30,62,13,6,7
S01009999,337,183,154,10,6,4,30,22,8,34,33,1,55,30,25,28,20,8,54,28,26,114,39,75,12,5,7
S01010000,325,163,162,7,5,2,21,17,4,29,28,1,66,29,37,32,26,6,52,25,27,100,26,74,18,7,11
S01010001,370,183,187,10,5,5,24,21,3,31,28,3,79,36,43,39,31,8,49,23,26,122,31,91,16,8,8
S01010002,399,187,212,5,3,2,8,5,3,46,42,4,108,53,55,31,24,7,50,21,29,122,35,87,29,4,25
S01010003,369,183,186,16,9,7,15,12,3,36,34,2,75,29,46,20,16,4,66,34,32,122,43,79,19,6,13
S01010004,351,172,179,7,6,1,14,11,3,26,25,1,72,35,37,22,18,4,65,33,32,139,41,98,6,3,3
S01010005,417,200,217,19,11,8,20,15,5,19,18,1,90,49,41,34,23,11,73,32,41,128,35,93,34,17,17
S01010006,515,245,270,15,7,8,20,17,3,31,27,4,87,41,46,51,34,17,106,50,56,172,58,114,33,11,22
S01010007,529,290,239,10,3,7,23,21,2,45,42,3,103,58,45,41,30,11,79,41,38,211,84,127,17,11,6
S01010008,385,184,201,13,8,5,22,16,6,21,20,1,50,25,25,41,25,16,89,48,41,129,39,90,20,3,17
S01010009,385,216,169,10,5,5,20,14,6,29,25,4,80,47,33,31,22,9,97,52,45,95,38,57,23,13,10
S01010010,539,272,267,6,6,0,29,22,7,40,37,3,84,41,43,51,38,13,97,53,44,205,62,143,27,13,14
S01010011,373,183,190,16,10,6,20,11,9,16,16,0,59,33,26,28,18,10,73,39,34,132,40,92,29,16,13
S01010012,402,185,217,9,6,3,19,13,6,49,45,4,88,38,50,34,27,7,55,28,27,133,26,107,15,2,13
S01010013,468,225,243,11,6,5,19,13,6,39,35,4,86,42,44,38,27,11,90,44,46,161,48,113,24,10,14
S01010014,567,307,260,4,3,1,22,17,5,25,23,2,87,47,40,57,41,16,115,74,41,208,78,130,49,24,25
S01010015,503,256,247,13,7,6,18,13,5,19,17,2,78,46,32,49,36,13,117,61,56,181,65,116,28,11,17
S01010016,295,152,143,9,5,4,21,19,2,40,39,1,72,32,40,23,19,4,42,16,26,75,18,57,13,4,9
S01010017,284,113,171,6,5,1,16,12,4,28,23,5,92,29,63,17,15,2,33,11,22,74,13,61,18,5,13
S01010018,388,192,196,9,7,2,21,14,7,35,35,0,98,42,56,34,27,7,69,26,43,109,34,75,13,7,6
S01010019,234,103,131,10,6,4,10,7,3,18,15,3,54,18,36,26,20,6,36,15,21,65,19,46,15,3,12
S01010020,321,151,170,5,5,0,16,8,8,34,34,0,96,39,57,22,20,2,35,12,23,95,27,68,18,6,12
S01010021,223,108,115,6,5,1,11,6,5,16,16,0,71,34,37,17,12,5,26,14,12,67,18,49,9,3,6
S01010022,347,188,159,9,8,1,23,16,7,29,27,2,66,34,32,37,27,10,58,33,25,97,31,66,28,12,16
S01010023,162,82,80,1,1,0,16,13,3,9,8,1,38,18,20,14,10,4,29,15,14,49,16,33,6,1,5
S01010024,312,157,155,6,5,1,22,15,7,17,17,0,68,29,39,27,23,4,61,36,25,92,22,70,19,10,9
S01010025,183,102,81,1,1,0,7,6,1,9,8,1,44,21,23,21,18,3,35,19,16,50,18,32,16,11,5
S01010026,412,217,195,12,9,3,26,18,8,25,22,3,90,40,50,43,38,5,89,51,38,108,35,73,19,4,15
S01010027,425,227,198,8,6,2,19,12,7,31,25,6,90,48,42,33,27,6,83,44,39,125,45,80,36,20,16
S01010028,242,114,128,3,2,1,15,10,5,15,15,0,49,27,22,17,13,4,61,31,30,65,11,54,17,5,12
S01010029,185,89,96,3,3,0,16,13,3,19,18,1,45,14,31,15,9,6,33,14,19,44,14,30,10,4,6
S01010030,454,246,208,11,7,4,19,15,4,32,31,1,90,38,52,45,37,8,101,52,49,127,47,80,29,19,10
S01010031,482,296,186,5,4,1,32,23,9,19,17,2,104,61,43,67,48,19,110,70,40,117,54,63,28,19,9
S01010032,394,258,136,5,5,0,22,21,1,13,10,3,107,71,36,44,36,8,100,61,39,80,40,40,23,14,9
S01010033,384,208,176,9,8,1,18,15,3,19,17,2,80,52,28,45,30,15,72,34,38,111,40,71,30,12,18
S01010034,367,216,151,7,5,2,16,13,3,21,18,3,96,55,41,64,51,13,58,29,29,86,39,47,19,6,13
S01010035,227,141,86,6,5,1,18,8,10,17,16,1,82,52,30,15,9,6,38,25,13,36,16,20,15,10,5
S01010036,492,305,187,14,11,3,23,20,3,10,8,2,176,97,79,52,38,14,100,69,31,80,44,36,37,18,19
S01010037,196,94,102,3,3,0,17,12,5,11,10,1,42,17,25,16,13,3,43,17,26,49,14,35,15,8,7
S01010038,397,198,199,8,7,1,30,22,8,29,26,3,119,59,60,29,20,9,56,25,31,107,28,79,19,11,8
S01010039,616,351,265,8,5,3,29,19,10,15,14,1,165,83,82,69,51,18,154,99,55,143,68,75,33,12,21
S01010040,434,246,188,6,5,1,32,23,9,33,28,5,85,41,44,41,32,9,91,51,40,115,45,70,31,21,10
S01010041,372,220,152,6,6,0,23,17,6,14,13,1,105,55,50,38,24,14,77,52,25,91,44,47,18,9,9
S01010042,627,337,290,13,9,4,51,36,15,32,30,2,175,84,91,64,43,21,136,81,55,123,42,81,33,12,21
S01010043,320,159,161,5,1,4,21,14,7,17,13,4,103,46,57,30,21,9,57,35,22,69,24,45,18,5,13
S01010044,522,257,265,10,8,2,52,33,19,42,37,5,116,53,63,36,28,8,109,51,58,139,37,102,18,10,8
S01010045,147,60,87,4,3,1,4,3,1,10,10,0,38,14,24,7,4,3,30,14,16,41,8,33,13,4,9
S01010046,301,150,151,6,6,0,18,15,3,25,23,2,82,38,44,29,19,10,45,18,27,77,19,58,19,12,7
S01010047,255,121,134,3,0,3,24,21,3,21,16,5,74,28,46,30,20,10,31,12,19,59,17,42,13,7,6
S01010048,323,156,167,6,3,3,39,24,15,29,26,3,73,36,37,18,16,2,56,17,39,95,32,63,7,2,5
S01010049,252,109,143,3,2,1,41,19,22,22,21,1,71,22,49,21,18,3,41,13,28,38,11,27,15,3,12
S01010050,302,150,152,3,2,1,35,20,15,14,14,0,70,31,39,29,24,5,68,28,40,66,23,43,17,8,9
S01010051,222,106,116,2,1,1,32,17,15,17,16,1,68,31,37,17,12,5,34,14,20,45,11,34,7,4,3
S01010052,247,146,101,12,9,3,32,23,9,12,11,1,53,24,29,26,23,3,36,17,19,61,27,34,15,12,3
S01010053,343,168,175,9,5,4,27,17,10,27,25,2,124,47,77,25,20,5,49,30,19,68,18,50,14,6,8
S01010054,148,60,88,5,2,3,10,3,7,15,15,0,37,13,24,10,7,3,19,6,13,40,7,33,12,7,5
S01010055,413,205,208,12,10,2,27,16,11,30,26,4,115,51,64,40,30,10,66,32,34,103,31,72,20,9,11
S01010056,170,78,92,5,5,0,23,8,15,18,16,2,41,16,25,11,10,1,23,7,16,35,11,24,14,5,9
S01010057,171,78,93,4,3,1,19,12,7,13,11,2,40,13,27,16,10,6,28,10,18,45,15,30,6,4,2
S01010058,313,157,156,8,6,2,21,13,8,33,33,0,92,45,47,18,17,1,41,20,21,84,18,66,16,5,11
S01010059,326,141,185,6,5,1,21,12,9,31,24,7,75,31,44,31,24,7,50,19,31,100,19,81,12,7,5
S01010060,385,198,187,5,5,0,30,20,10,38,33,5,85,37,48,34,25,9,72,29,43,106,42,64,15,7,8
S01010061,262,120,142,1,1,0,21,14,7,29,27,2,42,14,28,20,12,8,48,23,25,87,26,61,14,3,11
S01010062,272,135,137,11,7,4,22,15,7,33,28,5,53,24,29,29,25,4,41,19,22,73,17,56,10,0,10
S01010063,385,199,186,8,6,2,38,22,16,48,44,4,89,38,51,27,21,6,56,31,25,100,30,70,19,7,12
S01010064,231,104,127,4,1,3,28,18,10,22,21,1,51,19,32,17,12,5,39,13,26,65,18,47,5,2,3
S01010065,334,161,173,6,5,1,48,26,22,34,30,4,84,36,48,26,23,3,41,21,20,80,15,65,15,5,10
S01010066,246,112,134,2,2,0,32,20,12,21,19,2,58,24,34,25,20,5,30,11,19,64,11,53,14,5,9
S01010067,184,90,94,2,2,0,24,14,10,13,11,2,53,20,33,13,10,3,27,13,14,43,13,30,9,7,2
S01010068,284,165,119,2,1,1,24,16,8,26,23,3,79,42,37,24,21,3,53,27,26,57,25,32,19,10,9
S01010069,489,243,246,9,8,1,43,31,12,50,47,3,112,47,65,47,39,8,78,33,45,133,29,104,17,9,8
S01010070,416,207,209,10,6,4,30,26,4,57,53,4,100,39,61,36,29,7,51,23,28,117,23,94,15,8,7
S01010071,365,196,169,7,4,3,33,23,10,49,45,4,78,43,35,32,30,2,53,20,33,99,25,74,14,6,8
S01010072,387,196,191,10,5,5,38,25,13,28,27,1,103,52,51,27,25,2,49,23,26,118,35,83,14,4,10
S01010073,371,189,182,9,8,1,27,21,6,43,40,3,63,22,41,37,29,8,55,27,28,125,37,88,12,5,7
S01010074,360,197,163,4,4,0,30,22,8,39,34,5,85,50,35,27,23,4,59,32,27,100,26,74,16,6,10
S01010075,227,116,111,4,3,1,28,16,12,32,25,7,58,30,28,20,20,0,26,11,15,48,9,39,11,2,9
S01010076,300,153,147,8,7,1,37,22,15,40,36,4,62,29,33,28,20,8,48,22,26,67,14,53,10,3,7
S01010077,237,107,130,3,2,1,34,20,14,26,26,0,48,19,29,19,17,2,20,5,15,74,14,60,13,4,9
S01010078,343,184,159,10,8,2,27,21,6,30,28,2,71,25,46,30,26,4,51,30,21,114,43,71,10,3,7
S01010079,479,249,230,13,9,4,29,21,8,53,46,7,99,53,46,48,34,14,67,32,35,144,42,102,26,12,14
S01010080,307,168,139,6,5,1,26,16,10,44,42,2,63,35,28,20,19,1,42,17,25,91,26,65,15,8,7
S01010081,332,178,154,7,6,1,21,18,3,41,37,4,68,29,39,30,23,7,55,21,34,94,34,60,16,10,6
S01010082,431,211,220,5,3,2,21,14,7,71,60,11,96,35,61,41,30,11,73,33,40,106,30,76,18,6,12
S01010083,268,141,127,3,3,0,15,11,4,41,39,2,69,29,40,19,17,2,41,17,24,67,20,47,13,5,8
S01010084,350,172,178,5,3,2,25,18,7,44,37,7,85,35,50,39,35,4,46,19,27,94,20,74,12,5,7
S01010085,386,211,175,10,7,3,26,20,6,52,46,6,80,36,44,45,39,6,53,25,28,108,31,77,12,7,5
S01010086,339,165,174,2,2,0,29,16,13,43,40,3,82,37,45,24,20,4,53,25,28,88,20,68,18,5,13
S01010087,271,138,133,6,6,0,14,11,3,35,32,3,46,22,24,23,18,5,41,25,16,98,21,77,8,3,5
S01010088,505,257,248,13,9,4,28,21,7,56,50,6,91,43,48,45,36,9,99,50,49,148,34,114,25,14,11
S01010089,303,155,148,4,2,2,20,13,7,44,41,3,66,30,36,33,26,7,41,16,25,84,21,63,11,6,5
S01010090,584,284,300,6,4,2,52,40,12,61,54,7,130,55,75,50,37,13,89,32,57,175,55,120,21,7,14
S01010091,485,240,245,12,7,5,34,26,8,53,47,6,106,55,51,43,33,10,70,25,45,137,37,100,30,10,20
S01010092,312,151,161,5,4,1,28,22,6,21,19,2,82,27,55,41,30,11,44,17,27,84,28,56,7,4,3
S01010093,432,205,227,8,6,2,32,22,10,38,34,4,108,46,62,34,30,4,65,29,36,122,27,95,25,11,14
S01010094,340,165,175,1,0,1,24,15,9,41,33,8,56,20,36,45,35,10,58,24,34,101,31,70,14,7,7
S01010095,371,192,179,8,5,3,31,25,6,43,38,5,72,36,36,34,26,8,58,22,36,105,35,70,20,5,15
S01010096,391,186,205,3,2,1,20,17,3,35,33,2,81,36,45,37,27,10,69,34,35,133,35,98,13,2,11
S01010097,351,174,177,5,4,1,29,16,13,45,40,5,92,46,46,28,20,8,41,16,25,96,24,72,15,8,7
S01010098,368,191,177,6,5,1,20,15,5,33,30,3,77,43,34,32,29,3,62,26,36,125,38,87,13,5,8
S01010099,342,167,175,5,4,1,22,19,3,33,29,4,68,31,37,28,27,1,52,18,34,116,31,85,18,8,10
S01010100,421,210,211,12,10,2,35,25,10,48,43,5,88,41,47,31,25,6,60,27,33,130,34,96,17,5,12
S01010101,376,187,189,6,5,1,20,14,6,64,52,12,79,31,48,38,29,9,44,20,24,107,24,83,18,12,6
S01010102,559,268,291,6,6,0,19,15,4,69,56,13,127,63,64,43,33,10,99,45,54,187,48,139,9,2,7
S01010103,594,295,299,11,9,2,43,31,12,76,71,5,130,63,67,51,35,16,91,39,52,162,32,130,30,15,15
S01010104,434,223,211,13,11,2,28,22,6,46,43,3,86,37,49,45,34,11,69,27,42,131,44,87,16,5,11
S01010105,168,84,84,8,5,3,16,13,3,12,10,2,51,18,33,17,14,3,22,11,11,35,11,24,7,2,5
S01010106,150,71,79,2,2,0,13,8,5,11,10,1,36,15,21,10,8,2,30,16,14,41,9,32,7,3,4
S01010107,326,159,167,3,3,0,26,18,8,33,32,1,102,43,59,29,21,8,43,18,25,75,22,53,15,2,13
S01010108,331,157,174,3,3,0,34,23,11,36,31,5,71,25,46,43,34,9,53,23,30,82,15,67,9,3,6
S01010109,353,169,184,6,5,1,16,14,2,36,35,1,77,30,47,38,29,9,60,24,36,98,24,74,22,8,14
S01010110,264,115,149,2,2,0,13,9,4,24,22,2,78,26,52,13,11,2,50,20,30,77,20,57,7,5,2
S01010111,299,137,162,8,7,1,21,11,10,33,29,4,88,41,47,19,15,4,40,17,23,75,12,63,15,5,10
S01010112,311,138,173,5,4,1,17,9,8,39,37,2,95,27,68,20,14,6,45,25,20,70,13,57,20,9,11
S01010113,177,77,100,3,3,0,11,9,2,14,13,1,53,17,36,12,11,1,30,11,19,43,11,32,11,2,9
S01010114,225,106,119,7,5,2,30,19,11,14,14,0,61,20,41,17,16,1,31,15,16,46,12,34,19,5,14
S01010115,330,161,169,9,7,2,26,21,5,43,39,4,81,33,48,31,27,4,39,12,27,90,19,71,11,3,8
S01010116,572,280,292,9,6,3,34,24,10,82,67,15,126,54,72,61,48,13,87,33,54,143,36,107,30,12,18
S01010117,370,180,190,11,8,3,18,11,7,39,34,5,65,35,30,43,34,9,63,26,37,105,30,75,26,2,24
S01010118,171,75,96,2,1,1,12,9,3,10,8,2,47,17,30,7,4,3,30,16,14,54,17,37,9,3,6
S01010119,206,88,118,1,1,0,14,7,7,21,21,0,60,24,36,9,9,0,29,12,17,58,10,48,14,4,10
S01010120,317,149,168,7,6,1,24,18,6,35,31,4,81,32,49,21,13,8,48,20,28,83,25,58,18,4,14
S01010121,233,106,127,2,1,1,19,13,6,27,23,4,75,21,54,14,12,2,41,21,20,43,10,33,12,5,7
S01010122,119,65,54,3,2,1,13,9,4,14,12,2,32,16,16,9,7,2,15,8,7,29,9,20,4,2,2
S01010123,271,115,156,5,5,0,16,12,4,20,16,4,84,29,55,17,14,3,48,17,31,69,17,52,12,5,7
S01010124,330,151,179,5,5,0,27,19,8,30,29,1,85,29,56,27,23,4,57,26,31,79,14,65,20,6,14
S01010125,218,96,122,0,0,0,13,8,5,26,24,2,57,27,30,18,13,5,26,11,15,63,12,51,15,1,14
S01010126,359,175,184,10,8,2,37,22,15,49,46,3,74,26,48,41,36,5,41,16,25,87,17,70,20,4,16
S01010127,219,106,113,5,4,1,12,6,6,22,21,1,51,18,33,20,17,3,30,14,16,69,22,47,10,4,6
S01010128,137,56,81,2,1,1,8,7,1,10,9,1,49,14,35,9,6,3,19,11,8,36,7,29,4,1,3
S01010129,215,99,116,5,1,4,18,11,7,20,17,3,53,22,31,22,17,5,24,11,13,58,17,41,15,3,12
S01010130,134,59,75,1,0,1,11,6,5,14,13,1,39,12,27,11,8,3,13,5,8,37,9,28,8,6,2
S01010131,479,249,230,3,3,0,36,22,14,69,62,7,97,43,54,51,43,8,73,33,40,139,38,101,11,5,6
S01010132,294,134,160,4,4,0,32,20,12,25,21,4,85,40,45,22,14,8,40,18,22,76,14,62,10,3,7
S01010133,230,106,124,3,2,1,16,8,8,23,22,1,52,19,33,14,10,4,38,20,18,74,20,54,10,5,5
S01010134,376,181,195,6,5,1,34,23,11,34,31,3,97,46,51,37,27,10,54,23,31,99,23,76,15,3,12
S01010135,260,128,132,3,3,0,32,22,10,24,22,2,63,25,38,22,16,6,46,26,20,64,13,51,6,1,5
S01010136,367,185,182,10,7,3,23,16,7,47,44,3,84,37,47,39,30,9,45,17,28,104,27,77,15,7,8
S01010137,352,165,187,12,9,3,25,17,8,29,27,2,80,29,51,24,19,5,50,25,25,115,36,79,17,3,14
S01010138,254,137,117,7,7,0,17,13,4,33,30,3,51,25,26,27,24,3,41,17,24,63,17,46,15,4,11
S01010139,403,199,204,9,7,2,36,25,11,45,37,8,87,39,48,26,21,5,58,33,25,121,30,91,21,7,14
S01010140,407,204,203,7,6,1,35,28,7,37,35,2,87,40,47,36,24,12,78,32,46,111,29,82,16,10,6
S01010141,284,130,154,7,3,4,27,16,11,33,32,1,69,31,38,14,11,3,42,19,23,71,13,58,21,5,16
S01010142,257,119,138,1,1,0,19,8,11,36,34,2,59,19,40,22,18,4,36,14,22,77,21,56,7,4,3
S01010143,270,132,138,2,2,0,21,13,8,39,37,2,56,16,40,32,26,6,35,12,23,68,18,50,17,8,9
S01010144,330,169,161,11,9,2,27,14,13,30,27,3,91,41,50,24,21,3,51,29,22,79,20,59,17,8,9
S01010145,336,169,167,6,3,3,31,18,13,43,40,3,74,28,46,32,26,6,48,20,28,87,27,60,15,7,8
S01010146,304,146,158,5,2,3,35,23,12,27,26,1,88,37,51,14,12,2,38,17,21,85,26,59,12,3,9
S01010147,312,123,189,8,8,0,28,14,14,27,23,4,77,17,60,24,16,8,51,19,32,68,14,54,29,12,17
S01010148,249,110,139,2,2,0,11,8,3,25,24,1,53,19,34,21,14,7,54,24,30,74,16,58,9,3,6
S01010149,281,133,148,8,6,2,15,11,4,34,30,4,62,29,33,22,19,3,52,18,34,72,15,57,16,5,11
S01010150,200,103,97,3,2,1,10,5,5,15,11,4,55,27,28,24,20,4,29,15,14,47,12,35,17,11,6
S01010151,176,79,97,3,2,1,21,15,6,10,9,1,42,17,25,25,17,8,18,7,11,49,8,41,8,4,4
S01010152,338,163,175,6,4,2,21,14,7,37,32,5,73,27,46,34,26,8,52,29,23,98,20,78,17,11,6
S01010153,343,171,172,9,7,2,19,12,7,28,25,3,78,42,36,27,19,8,43,23,20,122,38,84,17,5,12
S01010154,284,131,153,8,6,2,20,13,7,30,27,3,45,16,29,25,18,7,49,17,32,96,28,68,11,6,5
S01010155,267,124,143,5,3,2,15,12,3,27,26,1,50,19,31,31,27,4,27,12,15,102,18,84,10,7,3
S01010156,186,98,88,4,3,1,13,10,3,17,16,1,37,23,14,16,11,5,46,21,25,47,11,36,6,3,3
S01010157,161,69,92,2,1,1,13,7,6,16,14,2,42,16,26,14,10,4,25,10,15,46,10,36,3,1,2
S01010158,343,161,182,7,5,2,32,25,7,35,32,3,66,28,38,22,17,5,56,25,31,114,26,88,11,3,8
S01010159,256,121,135,2,1,1,14,12,2,23,22,1,67,34,33,20,17,3,31,10,21,85,18,67,14,7,7
S01010160,204,111,93,5,4,1,25,21,4,30,28,2,52,22,30,14,10,4,31,16,15,36,7,29,11,3,8
S01010161,296,135,161,5,4,1,26,20,6,34,32,2,70,25,45,26,20,6,48,20,28,79,12,67,8,2,6
S01010162,218,81,137,3,2,1,16,13,3,14,14,0,64,20,44,16,9,7,29,7,22,61,8,53,15,8,7
S01010163,189,91,98,7,4,3,9,6,3,22,21,1,55,20,35,11,10,1,30,14,16,46,12,34,9,4,5
S01010164,266,122,144,5,3,2,18,13,5,26,23,3,58,20,38,30,24,6,34,15,19,77,18,59,18,6,12
S01010165,201,99,102,2,1,1,12,9,3,17,17,0,51,27,24,14,11,3,38,14,24,55,12,43,12,8,4
S01010166,272,129,143,3,2,1,32,19,13,28,26,2,61,22,39,25,24,1,34,17,17,73,12,61,16,7,9
S01010167,247,122,125,6,3,3,18,9,9,22,19,3,58,28,30,30,28,2,31,15,16,78,18,60,4,2,2
S01010168,220,94,126,2,1,1,14,10,4,29,25,4,55,19,36,20,15,5,33,9,24,56,12,44,11,3,8
S01010169,341,173,168,2,2,0,24,19,5,37,30,7,102,47,55,20,15,5,40,22,18,99,30,69,17,8,9
S01010170,217,107,110,4,3,1,21,16,5,29,26,3,52,21,31,18,14,4,29,14,15,56,11,45,8,2,6
S01010171,289,128,161,5,3,2,22,15,7,34,27,7,89,35,54,20,16,4,31,13,18,79,19,60,9,0,9
S01010172,235,116,119,5,4,1,15,9,6,15,14,1,46,18,28,22,18,4,40,18,22,83,32,51,9,3,6
S01010173,301,152,149,4,2,2,17,13,4,31,29,2,90,46,44,24,17,7,27,9,18,91,28,63,17,8,9
S01010174,326,200,126,9,7,2,23,17,6,36,34,2,84,55,29,26,20,6,43,20,23,90,40,50,15,7,8
S01010175,186,93,93,1,1,0,15,9,6,21,19,2,39,18,21,18,12,6,32,17,15,54,14,40,6,3,3
S01010176,250,128,122,6,5,1,12,9,3,29,29,0,47,20,27,31,22,9,34,20,14,84,21,63,7,2,5
S01010177,228,96,132,2,2,0,20,14,6,19,16,3,65,22,43,14,11,3,38,13,25,59,15,44,11,3,8
S01010178,317,140,177,5,2,3,16,13,3,28,23,5,93,42,51,19,15,4,50,20,30,81,15,66,25,10,15
S01010179,286,138,148,8,7,1,17,12,5,24,23,1,79,38,41,26,19,7,36,16,20,78,16,62,18,7,11
S01010180,256,119,137,2,1,1,25,12,13,18,18,0,62,31,31,22,18,4,33,16,17,77,19,58,17,4,13
S01010181,193,92,101,0,0,0,8,7,1,24,22,2,40,16,24,20,16,4,28,12,16,64,15,49,9,4,5
S01010182,385,200,185,10,6,4,20,18,2,32,27,5,90,51,39,46,36,10,55,27,28,122,32,90,10,3,7
S01010183,152,62,90,2,1,1,9,6,3,14,11,3,34,14,20,9,4,5,22,6,16,55,17,38,7,3,4
S01010184,222,94,128,6,5,1,10,6,4,24,21,3,56,15,41,16,13,3,33,14,19,67,15,52,10,5,5
S01010185,217,89,128,1,0,1,9,5,4,26,24,2,58,15,43,19,16,3,32,14,18,61,10,51,11,5,6
S01010186,343,167,176,2,1,1,20,16,4,32,28,4,98,49,49,32,24,8,56,23,33,94,22,72,9,4,5
S01010187,388,187,201,9,7,2,33,20,13,47,39,8,73,30,43,38,27,11,48,22,26,126,34,92,14,8,6
S01010188,401,206,195,11,10,1,18,14,4,36,29,7,81,44,37,48,39,9,64,30,34,128,31,97,15,9,6
S01010189,582,295,287,14,12,2,40,27,13,69,62,7,109,62,47,50,40,10,99,38,61,178,43,135,23,11,12
S01010190,449,233,216,8,7,1,25,19,6,25,22,3,131,73,58,35,24,11,74,34,40,130,46,84,21,8,13
S01010191,395,196,199,5,3,2,17,14,3,36,29,7,76,40,36,48,38,10,72,25,47,117,41,76,24,6,18
S01010192,480,249,231,6,4,2,36,25,11,40,37,3,123,69,54,47,30,17,74,28,46,137,50,87,17,6,11
S01010193,406,205,201,4,3,1,27,17,10,36,34,2,97,47,50,45,41,4,44,20,24,135,34,101,18,9,9
S01010194,243,109,134,3,3,0,18,15,3,25,21,4,52,24,28,18,13,5,28,10,18,80,20,60,19,3,16
S01010195,208,103,105,5,5,0,10,6,4,23,20,3,52,23,29,21,17,4,21,6,15,67,23,44,9,3,6
S01010196,251,119,132,3,3,0,14,13,1,22,20,2,56,30,26,26,24,2,39,14,25,81,12,69,10,3,7
S01010197,264,114,150,4,2,2,11,9,2,22,20,2,80,33,47,23,17,6,35,14,21,78,14,64,11,5,6
S01010198,341,156,185,6,5,1,18,12,6,29,27,2,96,36,60,31,25,6,46,17,29,92,25,67,23,9,14
S01010199,182,76,106,1,1,0,8,7,1,17,17,0,46,22,24,10,5,5,28,10,18,61,10,51,11,4,7
S01010200,259,123,136,3,3,0,17,15,2,39,33,6,51,21,30,20,13,7,42,20,22,77,15,62,10,3,7
S01010201,290,147,143,11,10,1,14,14,0,38,36,2,61,30,31,33,29,4,33,8,25,89,18,71,11,2,9
S01010202,201,92,109,4,4,0,10,6,4,9,9,0,65,27,38,20,17,3,30,14,16,53,13,40,10,2,8
S01010203,370,183,187,8,6,2,24,17,7,38,34,4,88,36,52,39,29,10,52,27,25,107,28,79,14,6,8
S01010204,253,97,156,4,4,0,9,6,3,15,14,1,69,18,51,24,19,5,38,12,26,85,22,63,9,2,7
S01010205,287,126,161,3,2,1,18,14,4,22,21,1,64,21,43,17,16,1,45,21,24,101,23,78,17,8,9
S01010206,43,25,18,1,0,1,1,0,1,2,2,0,18,13,5,5,4,1,11,6,5,5,0,5,0,0,0
S01010207,134,68,66,2,0,2,2,2,0,8,8,0,50,28,22,16,13,3,12,4,8,40,11,29,4,2,2
S01010208,471,236,235,10,8,2,25,16,9,26,23,3,98,54,44,55,44,11,106,39,67,131,43,88,20,9,11
S01010209,357,177,180,6,6,0,29,21,8,21,18,3,85,46,39,32,23,9,55,32,23,114,27,87,15,4,11
S01010210,349,157,192,7,5,2,20,18,2,30,26,4,74,31,43,29,23,6,37,17,20,131,27,104,21,10,11
S01010211,262,116,146,6,4,2,13,10,3,21,20,1,64,27,37,29,21,8,32,12,20,87,19,68,10,3,7
S01010212,342,167,175,5,5,0,22,19,3,23,22,1,92,37,55,30,21,9,51,23,28,105,37,68,14,3,11
S01010213,353,175,178,6,4,2,24,20,4,20,17,3,87,42,45,49,36,13,53,22,31,101,25,76,13,9,4
S01010214,440,210,230,10,8,2,23,17,6,43,41,2,110,53,57,45,34,11,62,27,35,125,24,101,22,6,16
S01010215,247,106,141,5,4,1,9,6,3,26,23,3,59,21,38,30,17,13,33,14,19,75,19,56,10,2,8
S01010216,215,108,107,4,3,1,8,6,2,14,12,2,45,22,23,13,8,5,37,23,14,75,24,51,19,10,9
S01010217,279,150,129,8,6,2,12,12,0,23,20,3,69,40,29,21,16,5,51,24,27,79,23,56,16,9,7
S01010218,452,234,218,11,6,5,31,20,11,24,22,2,94,45,49,51,40,11,86,48,38,130,41,89,25,12,13
S01010219,172,97,75,0,0,0,2,2,0,3,2,1,61,35,26,10,8,2,47,26,21,39,20,19,10,4,6
S01010220,339,200,139,0,0,0,15,10,5,15,14,1,84,48,36,27,22,5,90,55,35,86,38,48,22,13,9
S01010221,158,75,83,1,1,0,5,4,1,11,9,2,54,27,27,6,6,0,23,10,13,51,16,35,7,2,5
S01010222,234,128,106,2,2,0,16,12,4,25,24,1,53,26,27,24,20,4,40,19,21,66,23,43,8,2,6
S01010223,224,119,105,2,1,1,21,18,3,16,15,1,54,23,31,23,19,4,45,20,25,55,21,34,8,2,6
S01010224,318,146,172,2,1,1,21,17,4,21,16,5,91,37,54,17,13,4,53,31,22,92,21,71,21,10,11
S01010225,328,171,157,2,1,1,8,7,1,27,24,3,70,33,37,38,33,5,62,35,27,106,33,73,15,5,10
S01010226,239,129,110,1,0,1,7,4,3,9,7,2,76,47,29,30,23,7,52,30,22,57,16,41,7,2,5
S01010227,169,105,64,3,3,0,11,8,3,10,8,2,53,36,17,24,19,5,28,17,11,38,13,25,2,1,1
S01010228,217,92,125,1,1,0,9,7,2,21,16,5,63,24,39,16,12,4,35,12,23,63,17,46,9,3,6
S01010229,437,205,232,7,5,2,25,19,6,39,38,1,109,42,67,41,31,10,64,34,30,135,29,106,17,7,10
S01010230,324,205,119,3,3,0,21,16,5,20,19,1,88,59,29,29,22,7,76,54,22,82,31,51,5,1,4
S01010231,368,170,198,7,6,1,14,11,3,25,20,5,93,34,59,31,22,9,72,46,26,107,25,82,19,6,13
S01010232,392,194,198,10,10,0,21,18,3,22,22,0,93,53,40,38,28,10,75,32,43,110,26,84,23,5,18
S01010233,289,153,136,2,2,0,23,18,5,18,18,0,82,43,39,21,14,7,50,34,16,78,18,60,15,6,9
S01010234,515,269,246,3,2,1,36,25,11,28,23,5,100,49,51,42,32,10,118,72,46,155,55,100,33,11,22
S01010235,550,281,269,4,3,1,22,14,8,17,15,2,152,85,67,46,36,10,123,60,63,161,59,102,25,9,16
S01010236,410,211,199,6,6,0,19,11,8,25,25,0,92,46,46,38,26,12,73,29,44,128,53,75,29,15,14
S01010237,382,214,168,6,3,3,16,14,2,22,20,2,89,53,36,30,19,11,82,39,43,112,51,61,25,15,10
S01010238,474,247,227,7,6,1,19,13,6,29,25,4,123,59,64,33,24,9,75,34,41,154,69,85,34,17,17
S01010239,314,167,147,4,2,2,13,6,7,25,23,2,79,32,47,26,19,7,59,39,20,82,32,50,26,14,12
S01010240,358,161,197,3,3,0,15,9,6,25,21,4,89,39,50,29,20,9,65,32,33,113,34,79,19,3,16
S01010241,500,244,256,12,9,3,26,16,10,18,14,4,97,46,51,47,32,15,101,55,46,161,58,103,38,14,24
S01010242,368,186,182,8,6,2,26,17,9,15,11,4,94,40,54,33,26,7,70,37,33,95,34,61,27,15,12
S01010243,448,222,226,4,4,0,37,20,17,22,20,2,115,51,64,32,24,8,83,40,43,120,46,74,35,17,18
S01010244,238,122,116,2,1,1,11,10,1,25,22,3,65,24,41,26,20,6,45,25,20,52,17,35,12,3,9
S01010245,267,110,157,9,6,3,25,12,13,21,19,2,77,24,53,19,18,1,57,19,38,43,7,36,16,5,11
S01010246,304,158,146,5,4,1,19,11,8,24,23,1,95,44,51,32,28,4,45,27,18,65,16,49,19,5,14
S01010247,365,182,183,8,6,2,27,21,6,38,37,1,83,38,45,29,24,5,49,25,24,114,25,89,17,6,11
S01010248,515,253,262,8,7,1,22,18,4,14,11,3,118,48,70,37,27,10,127,70,57,153,49,104,36,23,13
S01010249,392,209,183,4,2,2,20,14,6,15,13,2,113,57,56,29,20,9,73,49,24,108,42,66,30,12,18
S01010250,476,242,234,2,1,1,20,13,7,16,15,1,131,65,66,41,37,4,97,53,44,141,42,99,28,16,12
S01010251,401,213,188,9,9,0,21,7,14,26,24,2,84,38,46,47,37,10,73,43,30,115,41,74,26,14,12
S01010252,353,186,167,5,3,2,15,6,9,14,12,2,80,43,37,37,27,10,71,45,26,107,38,69,24,12,12
S01010253,209,99,110,5,4,1,11,7,4,13,10,3,45,20,25,12,10,2,46,22,24,69,24,45,8,2,6
S01010254,471,235,236,8,6,2,30,22,8,37,33,4,132,51,81,34,24,10,71,42,29,137,44,93,22,13,9
S01010255,231,105,126,2,2,0,14,9,5,9,7,2,58,28,30,15,9,6,49,24,25,70,21,49,14,5,9
S01010256,329,149,180,8,6,2,18,13,5,21,19,2,81,31,50,35,26,9,51,21,30,98,25,73,17,8,9
S01010257,321,165,156,1,1,0,12,10,2,20,19,1,93,34,59,34,25,9,69,35,34,74,33,41,18,8,10
S01010258,464,237,227,7,6,1,12,8,4,12,10,2,166,74,92,29,22,7,87,50,37,112,49,63,39,18,21
S01010259,332,165,167,6,5,1,10,9,1,14,13,1,130,45,85,16,16,0,49,29,20,75,28,47,32,20,12
S01010260,659,371,288,16,5,11,20,17,3,17,16,1,210,109,101,70,55,15,163,98,65,124,52,72,39,19,20
S01010261,620,254,366,4,4,0,17,11,6,14,12,2,345,123,222,22,15,7,86,47,39,85,29,56,47,13,34
S01010262,259,134,125,0,0,0,17,15,2,24,23,1,92,34,58,15,11,4,29,17,12,66,29,37,16,5,11
S01010263,441,268,173,7,5,2,17,14,3,10,9,1,110,67,43,42,30,12,124,71,53,110,58,52,21,14,7
S01010264,470,249,221,15,8,7,13,9,4,17,12,5,133,61,72,41,31,10,127,71,56,89,38,51,35,19,16
S01010265,588,304,284,8,6,2,19,15,4,14,12,2,148,70,78,50,38,12,192,104,88,120,42,78,37,17,20
S01010266,251,135,116,1,1,0,6,4,2,5,3,2,87,43,44,22,17,5,35,25,10,72,29,43,23,13,10
S01010267,333,192,141,1,1,0,15,10,5,7,6,1,131,67,64,30,22,8,68,47,21,56,28,28,25,11,14
S01010268,390,196,194,4,2,2,14,13,1,7,4,3,126,54,72,24,11,13,84,54,30,104,47,57,27,11,16
S01010269,245,149,96,2,2,0,8,6,2,1,1,0,79,46,33,22,16,6,54,31,23,63,40,23,16,7,9
S01010270,381,223,158,4,4,0,19,17,2,15,13,2,106,53,53,30,25,5,91,56,35,98,46,52,18,9,9
S01010271,330,149,181,3,3,0,6,6,0,4,4,0,136,49,87,25,20,5,55,28,27,74,28,46,27,11,16
S01010272,437,276,161,9,6,3,14,12,2,16,15,1,104,48,56,46,37,9,121,81,40,103,63,40,24,14,10
S01010273,438,260,178,4,4,0,15,12,3,22,20,2,130,50,80,45,39,6,129,84,45,68,35,33,25,16,9
S01010274,355,234,121,8,8,0,10,7,3,14,13,1,84,51,33,34,29,5,108,77,31,69,25,44,28,24,4
S01010275,395,216,179,4,3,1,15,11,4,7,7,0,120,56,64,33,23,10,113,68,45,75,35,40,28,13,15
S01010276,661,413,248,13,12,1,36,28,8,29,26,3,104,60,44,90,64,26,177,114,63,180,89,91,32,20,12
S01010277,233,115,118,7,4,3,8,8,0,12,11,1,71,28,43,22,16,6,31,14,17,63,24,39,19,10,9
S01010278,273,144,129,4,3,1,6,5,1,21,21,0,84,41,43,20,14,6,47,28,19,78,27,51,13,5,8
S01010279,277,158,119,0,0,0,12,7,5,7,7,0,95,56,39,21,14,7,50,29,21,73,35,38,19,10,9
S01010280,476,276,200,4,3,1,18,12,6,9,9,0,127,64,63,54,31,23,130,96,34,106,44,62,28,17,11
S01010281,465,256,209,6,5,1,15,7,8,9,8,1,117,57,60,66,51,15,132,82,50,94,33,61,26,13,13
S01010282,496,273,223,11,10,1,16,14,2,24,19,5,113,56,57,39,28,11,92,63,29,165,71,94,36,12,24
S01010283,356,225,131,3,3,0,12,11,1,16,13,3,91,51,40,48,40,8,67,49,18,108,51,57,11,7,4
S01010284,654,312,342,3,3,0,22,19,3,22,18,4,107,48,59,65,43,22,114,64,50,271,98,173,50,19,31
S01010285,414,203,211,5,5,0,15,8,7,16,15,1,124,67,57,30,21,9,73,33,40,123,41,82,28,13,15
S01010286,495,270,225,3,1,2,15,12,3,7,7,0,136,70,66,49,36,13,98,58,40,156,72,84,31,14,17
S01010287,456,229,227,6,3,3,12,8,4,10,7,3,135,61,74,35,23,12,95,54,41,128,58,70,35,15,20
S01010288,456,245,211,4,3,1,23,11,12,10,9,1,110,62,48,43,26,17,103,67,36,122,48,74,41,19,22
S01010289,501,294,207,9,6,3,16,13,3,26,19,7,58,34,24,60,39,21,130,80,50,167,73,94,35,30,5
S01010290,280,160,120,0,0,0,10,6,4,9,7,2,85,44,41,19,15,4,60,39,21,78,39,39,19,10,9
S01010291,432,225,207,3,2,1,21,16,5,10,8,2,134,60,74,31,24,7,68,36,32,125,52,73,40,27,13
S01010292,483,242,241,4,2,2,16,9,7,7,7,0,131,57,74,34,23,11,85,52,33,162,66,96,44,26,18
S01010293,397,207,190,0,0,0,8,7,1,4,1,3,170,88,82,29,17,12,56,39,17,109,43,66,21,12,9
S01010294,302,144,158,3,3,0,5,4,1,5,4,1,117,47,70,28,21,7,40,24,16,84,28,56,20,13,7
S01010295,463,254,209,4,4,0,20,13,7,9,8,1,166,95,71,37,28,9,85,54,31,121,40,81,21,12,9
S01010296,287,155,132,1,0,1,10,9,1,6,5,1,106,58,48,21,16,5,48,27,21,73,28,45,22,12,10
S01010297,434,253,181,8,8,0,16,14,2,14,13,1,133,86,47,40,32,8,90,48,42,102,39,63,31,13,18
S01010298,376,175,201,3,1,2,16,10,6,12,10,2,103,47,56,34,22,12,53,23,30,133,54,79,22,8,14
S01010299,165,94,71,1,1,0,7,5,2,7,7,0,45,25,20,14,13,1,29,19,10,48,18,30,14,6,8
S01010300,394,212,182,2,2,0,9,7,2,13,13,0,113,60,53,37,25,12,84,46,38,106,44,62,30,15,15
S01010301,266,136,130,4,1,3,7,6,1,7,5,2,90,41,49,29,23,6,41,23,18,67,25,42,21,12,9
S01010302,171,100,71,4,2,2,9,8,1,7,7,0,61,39,22,13,9,4,29,15,14,34,15,19,14,5,9
S01010303,143,71,72,0,0,0,10,5,5,2,2,0,59,35,24,10,7,3,23,7,16,31,11,20,8,4,4
S01010304,214,113,101,5,3,2,6,4,2,18,17,1,48,25,23,14,8,6,38,26,12,74,24,50,11,6,5
S01010305,384,171,213,9,5,4,17,9,8,17,14,3,82,39,43,27,17,10,64,33,31,142,43,99,26,11,15
S01010306,412,207,205,7,7,0,13,12,1,13,12,1,81,37,44,47,28,19,63,37,26,163,64,99,25,10,15
S01010307,508,254,254,4,3,1,10,9,1,11,11,0,73,38,35,52,34,18,95,55,40,221,89,132,42,15,27
S01010308,536,269,267,9,7,2,18,13,5,14,12,2,81,42,39,61,33,28,102,60,42,210,79,131,41,23,18
S01010309,163,86,77,0,0,0,11,9,2,10,10,0,45,24,21,18,12,6,22,12,10,48,15,33,9,4,5
S01010310,267,133,134,0,0,0,12,8,4,19,17,2,83,34,49,33,28,5,45,23,22,62,16,46,13,7,6
S01010311,215,97,118,3,2,1,8,4,4,16,16,0,66,24,42,24,18,6,39,13,26,49,17,32,10,3,7
S01010312,257,131,126,5,5,0,22,17,5,25,25,0,80,28,52,13,13,0,33,20,13,67,19,48,12,4,8
S01010313,210,111,99,0,0,0,16,13,3,11,11,0,65,32,33,18,16,2,23,11,12,58,21,37,19,7,12
S01010314,438,222,216,13,11,2,13,10,3,26,24,2,100,47,53,37,26,11,74,42,32,148,46,102,27,16,11
S01010315,412,188,224,3,2,1,18,14,4,27,27,0,96,42,54,28,22,6,59,26,33,159,47,112,22,8,14
S01010316,210,88,122,2,2,0,6,5,1,9,9,0,57,24,33,15,12,3,18,9,9,81,18,63,22,9,13
S01010317,455,229,226,4,4,0,11,6,5,17,14,3,90,44,46,34,22,12,99,57,42,164,67,97,36,15,21
S01010318,432,204,228,2,1,1,9,8,1,16,15,1,179,56,123,33,26,7,65,38,27,97,46,51,31,14,17
S01010319,406,207,199,6,6,0,23,19,4,12,12,0,83,40,43,38,31,7,84,42,42,146,55,91,14,2,12
S01010320,317,164,153,8,5,3,19,14,5,11,8,3,74,37,37,23,17,6,68,35,33,97,40,57,17,8,9
S01010321,386,193,193,8,8,0,14,10,4,25,22,3,88,42,46,33,20,13,67,34,33,133,45,88,18,12,6
S01010322,646,313,333,7,4,3,22,19,3,18,15,3,105,46,59,64,38,26,125,75,50,254,90,164,51,26,25
S01010323,178,85,93,1,1,0,14,10,4,7,7,0,41,19,22,18,10,8,35,14,21,51,19,32,11,5,6
S01010324,256,125,131,11,11,0,9,8,1,27,26,1,54,19,35,23,18,5,35,19,16,76,20,56,21,4,17
S01010325,283,141,142,6,6,0,17,11,6,27,24,3,61,22,39,32,29,3,40,22,18,91,23,68,9,4,5
S01010326,262,104,158,4,4,0,9,8,1,16,15,1,79,25,54,22,15,7,28,12,16,88,20,68,16,5,11
S01010327,383,169,214,6,4,2,19,14,5,26,23,3,93,44,49,23,16,7,54,26,28,132,29,103,30,13,17
S01010328,407,198,209,7,6,1,21,14,7,53,51,2,89,40,49,38,29,9,58,22,36,127,30,97,14,6,8
S01010329,242,120,122,3,2,1,15,11,4,11,10,1,56,27,29,29,24,5,36,17,19,79,23,56,13,6,7
S01010330,203,98,105,2,2,0,14,13,1,20,20,0,55,19,36,17,15,2,27,15,12,64,13,51,4,1,3
S01010331,313,151,162,4,0,4,24,18,6,32,30,2,61,28,33,19,18,1,35,17,18,118,35,83,20,5,15
S01010332,236,99,137,1,1,0,11,11,0,20,16,4,76,30,46,17,13,4,34,12,22,61,11,50,16,5,11
S01010333,388,181,207,15,12,3,21,16,5,34,31,3,102,47,55,34,27,7,35,14,21,124,26,98,23,8,15
S01010334,412,185,227,10,6,4,26,18,8,49,45,4,90,38,52,33,28,5,62,20,42,126,25,101,16,5,11
S01010335,264,135,129,3,2,1,15,13,2,27,25,2,73,34,39,19,14,5,41,20,21,69,19,50,17,8,9
S01010336,188,73,115,3,3,0,7,3,4,7,7,0,58,19,39,14,11,3,30,12,18,60,14,46,9,4,5
S01010337,246,107,139,1,1,0,16,12,4,21,19,2,68,27,41,20,16,4,28,12,16,82,19,63,10,1,9
S01010338,223,99,124,7,5,2,13,9,4,12,12,0,58,26,32,18,14,4,26,11,15,74,19,55,15,3,12
S01010339,226,100,126,6,4,2,13,8,5,19,16,3,51,22,29,18,15,3,35,18,17,78,14,64,6,3,3
S01010340,305,144,161,4,4,0,18,13,5,24,20,4,75,31,44,29,22,7,68,31,37,71,15,56,16,8,8
S01010341,257,120,137,9,7,2,12,9,3,24,21,3,60,23,37,29,27,2,25,8,17,84,21,63,14,4,10
S01010342,384,190,194,6,6,0,31,24,7,40,38,2,78,41,37,42,34,8,42,14,28,132,27,105,13,6,7
S01010343,564,274,290,12,10,2,41,32,9,62,47,15,109,55,54,61,46,15,86,29,57,173,46,127,20,9,11
S01010344,232,115,117,7,5,2,15,11,4,23,21,2,57,21,36,26,23,3,33,18,15,62,13,49,9,3,6
S01010345,253,119,134,8,5,3,21,17,4,27,23,4,42,21,21,26,14,12,39,17,22,75,16,59,15,6,9
S01010346,559,273,286,4,2,2,24,16,8,54,48,6,82,42,40,52,43,9,90,42,48,223,68,155,30,12,18
S01010347,399,183,216,6,4,2,19,12,7,24,21,3,122,63,59,31,20,11,72,30,42,105,24,81,20,9,11
S01010348,430,198,232,5,5,0,28,22,6,26,24,2,116,49,67,33,23,10,67,30,37,131,36,95,24,9,15
S01010349,361,163,198,10,9,1,23,21,2,28,27,1,89,40,49,27,19,8,49,19,30,113,20,93,22,8,14
S01010350,312,137,175,5,4,1,17,15,2,17,12,5,67,26,41,23,22,1,49,24,25,110,25,85,24,9,15
S01010351,405,181,224,4,3,1,16,15,1,32,29,3,101,37,64,25,18,7,53,25,28,145,38,107,29,16,13
S01010352,192,87,105,8,6,2,16,13,3,8,7,1,53,17,36,23,17,6,21,8,13,52,14,38,11,5,6
S01010353,252,135,117,5,5,0,6,6,0,21,19,2,75,37,38,21,20,1,44,25,19,70,21,49,10,2,8
S01010354,289,135,154,10,8,2,11,9,2,21,18,3,77,23,54,22,18,4,54,32,22,77,21,56,17,6,11
S01010355,319,170,149,6,4,2,14,13,1,32,28,4,94,45,49,20,16,4,53,35,18,85,23,62,15,6,9
S01010356,369,179,190,7,7,0,12,8,4,27,22,5,93,47,46,39,34,5,56,29,27,112,21,91,23,11,12
S01010357,217,102,115,1,1,0,7,7,0,11,10,1,50,25,25,20,17,3,40,22,18,77,17,60,11,3,8
S01010358,282,139,143,8,6,2,10,7,3,25,25,0,67,35,32,20,16,4,45,28,17,92,18,74,15,4,11
S01010359,238,117,121,3,2,1,11,6,5,14,12,2,74,26,48,21,19,2,43,23,20,53,19,34,19,10,9
S01010360,210,106,104,4,4,0,7,6,1,16,16,0,37,22,15,22,15,7,41,19,22,71,19,52,12,5,7
S01010361,184,93,91,4,3,1,4,3,1,4,4,0,54,26,28,18,13,5,49,25,24,43,16,27,8,3,5
S01010362,261,157,104,5,5,0,12,9,3,12,12,0,57,29,28,31,26,5,46,27,19,84,42,42,14,7,7
S01010363,415,218,197,8,7,1,18,14,4,20,18,2,69,38,31,39,28,11,70,43,27,172,59,113,19,11,8
S01010364,461,245,216,5,3,2,29,25,4,19,17,2,78,54,24,43,33,10,79,44,35,194,62,132,14,7,7
S01010365,556,276,280,5,4,1,25,23,2,13,13,0,91,42,49,64,42,22,118,70,48,207,70,137,33,12,21
S01010366,578,291,287,5,5,0,25,21,4,25,25,0,103,51,52,52,37,15,98,57,41,240,83,157,30,12,18
S01010367,625,311,314,5,4,1,29,18,11,17,15,2,128,67,61,46,32,14,130,77,53,231,84,147,39,14,25
S01010368,388,196,192,3,3,0,17,13,4,16,14,2,28,18,10,38,19,19,130,72,58,134,48,86,22,9,13
S01010369,473,233,240,6,6,0,19,13,6,9,8,1,89,50,39,36,19,17,88,48,40,196,76,120,30,13,17
S01010370,433,227,206,9,8,1,14,10,4,10,9,1,56,30,26,44,27,17,91,46,45,178,81,97,31,16,15
S01010371,565,271,294,6,3,3,27,18,9,10,9,1,90,42,48,47,24,23,142,69,73,199,86,113,44,20,24
S01010372,315,155,160,5,4,1,4,3,1,5,4,1,52,25,27,31,23,8,61,37,24,131,49,82,26,10,16
S01010373,429,213,216,8,7,1,11,9,2,16,15,1,68,34,34,57,40,17,75,38,37,168,59,109,26,11,15
S01010374,523,247,276,6,4,2,12,9,3,16,14,2,93,38,55,32,19,13,112,68,44,224,83,141,28,12,16
S01010375,222,98,124,5,3,2,4,3,1,3,1,2,75,32,43,22,13,9,32,14,18,68,27,41,13,5,8
S01010376,348,190,158,3,3,0,7,4,3,4,3,1,84,46,38,42,30,12,56,28,28,119,59,60,33,17,16
S01010377,386,174,212,3,3,0,11,4,7,14,13,1,100,37,63,25,16,9,58,27,31,132,52,80,43,22,21
S01010378,297,123,174,1,0,1,8,5,3,5,5,0,73,28,45,24,20,4,48,20,28,108,35,73,30,10,20
S01010379,456,227,229,6,5,1,5,5,0,7,5,2,136,55,81,30,21,9,64,39,25,168,71,97,40,26,14
S01010380,533,238,295,4,4,0,15,11,4,11,11,0,94,38,56,49,27,22,97,46,51,218,82,136,45,19,26
S01010381,348,183,165,5,3,2,17,11,6,9,9,0,72,45,27,31,19,12,67,40,27,122,45,77,25,11,14
S01010382,500,253,247,6,4,2,16,13,3,9,9,0,112,55,57,45,30,15,84,47,37,199,80,119,29,15,14
S01010383,285,145,140,2,1,1,11,8,3,19,16,3,74,34,40,22,16,6,41,19,22,86,38,48,30,13,17
S01010384,497,244,253,12,5,7,19,12,7,18,15,3,93,41,52,50,30,20,93,51,42,175,69,106,37,21,16
S01010385,443,211,232,3,2,1,18,16,2,16,13,3,77,39,38,37,21,16,82,42,40,165,63,102,45,15,30
S01010386,409,209,200,6,6,0,20,16,4,19,19,0,99,51,48,35,24,11,74,32,42,114,44,70,42,17,25
S01010387,588,322,266,11,8,3,18,13,5,29,26,3,128,65,63,50,35,15,132,73,59,185,79,106,35,23,12
S01010388,489,237,252,5,2,3,23,17,6,28,25,3,101,46,55,38,28,10,87,47,40,178,56,122,29,16,13
S01010389,696,401,295,6,4,2,43,31,12,31,23,8,101,54,47,81,61,20,143,88,55,257,119,138,34,21,13
S01010390,721,355,366,11,9,2,29,21,8,26,24,2,131,74,57,64,43,21,154,79,75,259,77,182,47,28,19
S01010391,503,249,254,5,3,2,19,16,3,28,25,3,94,44,50,59,42,17,84,45,39,197,65,132,17,9,8
S01010392,489,298,191,5,5,0,27,21,6,15,11,4,75,42,33,50,36,14,129,80,49,166,87,79,22,16,6
S01010393,634,307,327,8,7,1,22,15,7,20,14,6,136,71,65,55,36,19,134,70,64,221,73,148,38,21,17
S01010394,309,149,160,2,2,0,10,6,4,12,12,0,58,28,30,33,25,8,57,31,26,118,36,82,19,9,10
S01010395,538,274,264,9,7,2,35,24,11,19,17,2,97,54,43,54,31,23,99,54,45,194,73,121,31,14,17
S01010396,533,266,267,6,3,3,30,24,6,20,15,5,106,46,60,58,41,17,102,57,45,181,69,112,30,11,19
S01010397,320,146,174,8,3,5,12,7,5,11,10,1,51,25,26,28,16,12,60,33,27,136,43,93,14,9,5
S01010398,648,313,335,13,7,6,22,19,3,14,14,0,107,52,55,41,27,14,165,90,75,256,91,165,30,13,17
S01010399,735,376,359,8,7,1,31,21,10,15,10,5,91,47,44,63,42,21,177,102,75,312,127,185,38,20,18
S01010400,629,313,316,7,5,2,17,15,2,17,14,3,114,61,53,61,44,17,113,68,45,265,90,175,35,16,19
S01010401,366,192,174,3,2,1,11,8,3,11,9,2,53,24,29,29,22,7,90,45,45,137,63,74,32,19,13
S01010402,627,315,312,5,4,1,25,18,7,16,14,2,95,46,49,42,29,13,150,84,66,267,107,160,27,13,14
S01010403,577,300,277,11,10,1,24,20,4,22,16,6,64,30,34,46,26,20,131,75,56,250,107,143,29,16,13
S01010404,447,236,211,8,6,2,19,11,8,17,15,2,59,41,18,48,32,16,111,62,49,147,49,98,38,20,18
S01010405,485,259,226,2,1,1,16,11,5,18,15,3,59,31,28,45,33,12,105,59,46,219,100,119,21,9,12
S01010406,495,260,235,5,4,1,21,15,6,13,7,6,89,41,48,42,29,13,115,86,29,181,64,117,29,14,15
S01010407,424,192,232,9,2,7,20,12,8,10,7,3,110,47,63,35,17,18,70,44,26,143,54,89,27,9,18
S01010408,233,123,110,7,5,2,16,12,4,9,9,0,35,23,12,12,9,3,42,19,23,102,41,61,10,5,5
S01010409,329,171,158,5,4,1,13,11,2,9,8,1,70,36,34,30,23,7,50,27,23,140,54,86,12,8,4
S01010410,302,154,148,8,5,3,25,15,10,18,14,4,41,26,15,19,10,9,58,35,23,125,43,82,8,6,2
S01010411,509,276,233,7,4,3,20,14,6,19,16,3,67,42,25,41,32,9,106,66,40,219,87,132,30,15,15
S01010412,490,267,223,10,6,4,20,16,4,8,7,1,56,26,30,47,31,16,109,67,42,205,95,110,35,19,16
S01010413,302,157,145,4,3,1,5,4,1,11,10,1,43,25,18,22,18,4,71,42,29,129,42,87,17,13,4
S01010414,512,263,249,5,3,2,15,13,2,25,20,5,66,42,24,54,41,13,111,60,51,218,75,143,18,9,9
S01010415,434,227,207,6,5,1,17,13,4,21,17,4,95,48,47,48,37,11,69,43,26,153,51,102,25,13,12
S01010416,355,187,168,7,5,2,12,8,4,17,15,2,55,29,26,27,20,7,72,43,29,145,56,89,20,11,9
S01010417,327,146,181,4,2,2,13,12,1,8,6,2,40,22,18,19,8,11,67,43,24,149,38,111,27,15,12
S01010418,657,308,349,9,6,3,24,20,4,19,15,4,64,32,32,53,38,15,173,85,88,272,89,183,43,23,20
S01010419,559,268,291,7,6,1,24,17,7,14,13,1,56,32,24,49,33,16,125,60,65,251,87,164,33,20,13
S01010420,314,166,148,2,2,0,6,5,1,16,16,0,60,31,29,35,30,5,54,32,22,130,45,85,11,5,6
S01010421,425,216,209,6,2,4,12,10,2,18,15,3,58,34,24,31,19,12,92,62,30,185,61,124,23,13,10
S01010422,509,246,263,3,3,0,23,15,8,32,24,8,82,42,40,38,30,8,93,51,42,212,68,144,26,13,13
S01010423,357,172,185,2,1,1,26,21,5,29,23,6,68,26,42,29,21,8,55,29,26,132,44,88,16,7,9
S01010424,339,168,171,4,3,1,18,13,5,18,17,1,70,27,43,25,19,6,65,40,25,114,37,77,25,12,13
S01010425,458,200,258,7,6,1,33,24,9,30,27,3,113,49,64,25,15,10,69,36,33,162,36,126,19,7,12
S01010426,345,172,173,3,2,1,24,18,6,21,19,2,62,32,30,26,20,6,60,34,26,128,40,88,21,7,14
S01010427,314,172,142,5,5,0,27,20,7,23,21,2,59,29,30,33,27,6,49,29,20,109,39,70,9,2,7
S01010428,340,173,167,7,5,2,15,12,3,16,11,5,50,25,25,38,32,6,68,34,34,131,48,83,15,6,9
S01010429,526,258,268,5,3,2,24,20,4,22,21,1,60,30,30,52,35,17,91,55,36,245,82,163,27,12,15
S01010430,327,160,167,1,0,1,26,19,7,20,19,1,94,42,52,32,27,5,49,23,26,91,25,66,14,5,9
S01010431,358,187,171,4,3,1,22,17,5,20,16,4,47,25,22,30,22,8,59,34,25,149,56,93,27,14,13
S01010432,391,194,197,7,6,1,18,15,3,34,31,3,93,49,44,33,22,11,57,32,25,134,36,98,15,3,12
S01010433,206,129,77,1,1,0,13,8,5,10,9,1,82,56,26,18,17,1,24,15,9,47,17,30,11,6,5
S01010434,235,117,118,5,3,2,21,14,7,19,17,2,53,25,28,22,16,6,38,22,16,61,17,44,16,3,13
S01010435,277,140,137,4,4,0,24,20,4,21,19,2,61,27,34,23,18,5,33,17,16,94,28,66,17,7,10
S01010436,329,160,169,8,5,3,21,18,3,21,19,2,85,40,45,26,19,7,36,21,15,109,31,78,23,7,16
S01010437,222,104,118,3,2,1,16,13,3,13,10,3,42,24,18,25,18,7,36,14,22,76,20,56,11,3,8
S01010438,327,146,181,4,4,0,28,21,7,28,25,3,78,32,46,23,18,5,37,10,27,117,32,85,12,4,8
S01010439,484,216,268,10,6,4,23,14,9,47,41,6,84,46,38,37,26,11,101,37,64,154,39,115,28,7,21
S01010440,238,105,133,2,1,1,15,13,2,26,22,4,41,17,24,23,13,10,27,12,15,96,27,69,8,0,8
S01010441,532,243,289,6,3,3,34,28,6,40,38,2,106,38,68,35,24,11,109,49,60,181,54,127,21,9,12
S01010442,392,172,220,2,1,1,31,22,9,28,22,6,86,32,54,32,24,8,75,34,41,115,27,88,23,10,13
S01010443,240,105,135,3,3,0,16,9,7,19,18,1,60,25,35,17,14,3,34,13,21,78,18,60,13,5,8
S01010444,262,122,140,2,1,1,16,10,6,18,15,3,54,25,29,26,21,5,31,15,16,97,30,67,18,5,13
S01010445,306,152,154,9,4,5,17,14,3,41,38,3,60,26,34,21,20,1,39,19,20,102,24,78,17,7,10
S01010446,403,206,197,13,13,0,33,28,5,36,32,4,84,36,48,32,26,6,49,20,29,134,45,89,22,6,16
S01010447,349,165,184,6,6,0,25,19,6,32,32,0,78,37,41,29,24,5,48,20,28,116,22,94,15,5,10
S01010448,400,199,201,3,3,0,19,16,3,32,27,5,88,47,41,41,35,6,63,29,34,143,39,104,11,3,8
S01010449,293,137,156,4,2,2,21,17,4,26,24,2,57,24,33,26,19,7,39,17,22,108,30,78,12,4,8
S01010450,318,155,163,8,7,1,26,17,9,26,22,4,60,30,30,16,14,2,42,25,17,120,32,88,20,8,12
S01010451,281,147,134,2,2,0,20,18,2,21,21,0,59,35,24,27,23,4,39,15,24,102,30,72,11,3,8
S01010452,328,163,165,4,3,1,20,16,4,27,23,4,62,36,26,27,20,7,54,22,32,117,37,80,17,6,11
S01010453,234,123,111,4,3,1,18,12,6,20,18,2,50,30,20,20,15,5,48,25,23,61,15,46,13,5,8
S01010454,328,152,176,12,9,3,22,18,4,25,24,1,55,27,28,22,15,7,60,29,31,110,22,88,22,8,14
S01010455,302,153,149,7,6,1,22,16,6,28,22,6,61,33,28,18,15,3,52,32,20,100,26,74,14,3,11
S01010456,228,107,121,3,3,0,24,15,9,21,17,4,37,20,17,16,13,3,32,15,17,82,18,64,13,6,7
S01010457,243,118,125,4,2,2,14,11,3,12,11,1,51,32,19,23,18,5,49,18,31,83,23,60,7,3,4
S01010458,252,120,132,6,4,2,16,14,2,18,17,1,44,15,29,20,19,1,45,26,19,88,20,68,15,5,10
S01010459,197,99,98,3,2,1,13,10,3,15,15,0,46,25,21,19,15,4,26,11,15,68,19,49,7,2,5
S01010460,384,199,185,7,4,3,22,19,3,21,19,2,68,38,30,35,26,9,68,31,37,144,51,93,19,11,8
S01010461,245,124,121,1,1,0,9,7,2,20,17,3,51,25,26,28,19,9,44,21,23,86,30,56,6,4,2
S01010462,187,105,82,4,4,0,12,8,4,12,11,1,62,39,23,10,10,0,37,22,15,39,6,33,11,5,6
S01010463,350,175,175,5,3,2,14,11,3,28,25,3,62,29,33,42,36,6,45,18,27,136,45,91,18,8,10
S01010464,237,114,123,9,9,0,16,14,2,12,12,0,43,24,19,14,9,5,31,13,18,98,26,72,14,7,7
S01010465,572,260,312,6,3,3,22,19,3,30,25,5,101,52,49,45,30,15,96,36,60,244,81,163,28,14,14
S01010466,531,257,274,5,3,2,31,24,7,26,25,1,83,47,36,32,19,13,114,51,63,208,66,142,32,22,10
S01010467,356,183,173,4,4,0,19,16,3,15,12,3,56,29,27,29,21,8,69,42,27,147,51,96,17,8,9
S01010468,492,235,257,4,1,3,23,20,3,15,12,3,117,54,63,45,31,14,95,53,42,168,56,112,25,8,17
S01010469,273,145,128,2,0,2,17,15,2,12,10,2,38,25,13,20,11,9,49,26,23,122,49,73,13,9,4
S01010470,332,159,173,5,4,1,18,16,2,22,22,0,60,29,31,27,24,3,54,22,32,129,36,93,17,6,11
S01010471,256,126,130,4,3,1,14,10,4,18,15,3,54,29,25,29,25,4,39,20,19,85,19,66,13,5,8
S01010472,322,152,170,6,5,1,19,10,9,22,21,1,45,24,21,29,17,12,66,28,38,115,39,76,20,8,12
S01010473,407,196,211,3,2,1,22,19,3,23,16,7,81,43,38,30,22,8,76,37,39,150,46,104,22,11,11
S01010474,432,231,201,9,4,5,26,22,4,23,22,1,89,48,41,36,27,9,59,34,25,161,56,105,29,18,11
S01010475,435,212,223,13,8,5,21,15,6,20,17,3,66,39,27,37,20,17,105,54,51,149,40,109,24,19,5
S01010476,458,216,242,4,3,1,18,17,1,31,27,4,83,32,51,37,31,6,85,40,45,179,57,122,21,9,12
S01010477,339,160,179,5,4,1,21,15,6,33,30,3,60,30,30,22,16,6,63,25,38,125,36,89,10,4,6
S01010478,416,211,205,4,3,1,12,10,2,41,37,4,100,56,44,36,26,10,63,30,33,137,38,99,23,11,12
S01010479,416,198,218,7,6,1,20,17,3,42,42,0,78,31,47,27,25,2,56,26,30,177,50,127,9,1,8
S01010480,234,123,111,6,4,2,18,14,4,19,16,3,47,25,22,16,14,2,29,20,9,95,28,67,4,2,2
S01010481,205,100,105,3,3,0,13,8,5,13,12,1,60,30,30,18,14,4,33,18,15,55,11,44,10,4,6
S01010482,323,155,168,4,2,2,22,14,8,23,23,0,72,31,41,32,23,9,48,24,24,106,32,74,16,6,10
S01010483,440,222,218,10,7,3,25,21,4,40,38,2,71,39,32,38,30,8,69,25,44,167,57,110,20,5,15
S01010484,246,115,131,0,0,0,8,8,0,21,18,3,49,22,27,22,17,5,41,17,24,96,28,68,9,5,4
S01010485,432,215,217,8,7,1,42,33,9,40,36,4,71,35,36,32,24,8,51,24,27,162,43,119,26,13,13
S01010486,495,250,245,9,6,3,41,34,7,60,55,5,82,42,40,29,25,4,72,33,39,174,43,131,28,12,16
S01010487,436,212,224,6,5,1,23,20,3,42,40,2,89,49,40,45,32,13,56,24,32,155,35,120,20,7,13
S01010488,281,136,145,3,3,0,15,10,5,28,25,3,68,31,37,22,20,2,38,21,17,81,17,64,26,9,17
S01010489,381,182,199,9,6,3,24,22,2,29,28,1,94,40,54,28,22,6,55,24,31,126,37,89,16,3,13
S01010490,224,98,126,1,0,1,8,6,2,23,22,1,62,26,36,16,13,3,33,14,19,70,14,56,11,3,8
S01010491,273,114,159,5,4,1,14,12,2,24,22,2,72,27,45,14,13,1,32,14,18,102,22,80,10,0,10
S01010492,137,59,78,0,0,0,8,3,5,9,9,0,38,15,23,13,9,4,24,15,9,41,7,34,4,1,3
S01010493,192,87,105,3,1,2,11,11,0,8,7,1,59,25,34,13,11,2,29,9,20,60,21,39,9,2,7
S01010494,268,127,141,5,5,0,20,13,7,24,22,2,55,24,31,31,26,5,39,16,23,86,19,67,8,2,6
S01010495,280,123,157,4,3,1,14,8,6,25,23,2,57,26,31,23,21,2,40,17,23,93,18,75,24,7,17
S01010496,261,109,152,3,3,0,23,20,3,14,14,0,60,23,37,16,12,4,35,14,21,95,16,79,15,7,8
S01010497,281,129,152,2,2,0,13,6,7,22,21,1,65,27,38,38,29,9,38,11,27,83,27,56,20,6,14
S01010498,274,110,164,6,5,1,23,18,5,28,24,4,57,16,41,18,11,7,49,17,32,80,18,62,13,1,12
S01010499,174,93,81,2,2,0,13,9,4,16,15,1,50,24,26,5,4,1,27,16,11,46,18,28,15,5,10
S01010500,336,146,190,1,1,0,20,13,7,25,22,3,96,38,58,14,14,0,51,23,28,109,25,84,20,10,10
S01010501,367,165,202,3,3,0,24,14,10,42,36,6,86,31,55,31,27,4,55,22,33,102,21,81,24,11,13
S01010502,394,184,210,4,4,0,26,17,9,41,38,3,95,36,59,39,33,6,58,22,36,115,27,88,16,7,9
S01010503,240,108,132,4,2,2,20,12,8,21,19,2,60,28,32,12,8,4,32,9,23,77,25,52,14,5,9
S01010504,258,135,123,40,29,11,11,9,2,16,16,0,60,27,33,18,12,6,23,14,9,66,19,47,24,9,15
S01010505,282,148,134,41,31,10,14,9,5,25,24,1,55,28,27,31,20,11,31,15,16,70,16,54,15,5,10
S01010506,442,233,209,59,47,12,16,9,7,37,33,4,133,62,71,51,37,14,36,17,19,91,18,73,19,10,9
S01010507,415,216,199,53,51,2,20,18,2,24,23,1,110,37,73,76,48,28,18,8,10,87,19,68,27,12,15
S01010508,495,262,233,71,61,10,11,7,4,49,45,4,96,32,64,50,34,16,60,32,28,132,38,94,26,13,13
S01010509,538,284,254,64,51,13,40,29,11,36,31,5,124,54,70,39,26,13,46,27,19,152,49,103,37,17,20
S01010510,383,196,187,24,22,2,43,37,6,28,27,1,98,40,58,22,14,8,31,16,15,125,33,92,12,7,5
S01010511,426,218,208,31,25,6,45,38,7,46,43,3,136,51,85,40,33,7,25,8,17,88,15,73,15,5,10
S01010512,269,136,133,16,15,1,25,21,4,35,32,3,65,23,42,14,12,2,15,6,9,72,11,61,27,16,11
S01010513,416,223,193,31,26,5,38,32,6,39,36,3,76,25,51,33,26,7,51,31,20,118,26,92,30,21,9
S01010514,360,179,181,21,18,3,41,35,6,42,40,2,100,38,62,25,19,6,20,7,13,95,17,78,16,5,11
S01010515,408,206,202,27,23,4,45,37,8,44,44,0,127,45,82,29,21,8,26,11,15,87,16,71,23,9,14
S01010516,329,174,155,10,8,2,24,19,5,25,24,1,146,74,72,17,13,4,30,14,16,64,16,48,13,6,7
S01010517,432,240,192,22,21,1,40,29,11,44,39,5,135,58,77,34,31,3,30,16,14,108,36,72,19,10,9
S01010518,368,209,159,22,16,6,50,42,8,35,34,1,98,42,56,21,16,5,23,14,9,93,31,62,26,14,12
S01010519,373,190,183,20,16,4,30,26,4,35,33,2,110,37,73,33,25,8,24,9,15,107,35,72,14,9,5
S01010520,495,255,240,27,23,4,62,54,8,49,48,1,118,46,72,30,23,7,47,20,27,152,37,115,10,4,6
S01010521,401,209,192,16,14,2,27,24,3,38,35,3,137,64,73,33,27,6,30,13,17,94,22,72,26,10,16
S01010522,303,162,141,13,11,2,35,31,4,31,28,3,115,46,69,16,14,2,20,10,10,59,15,44,14,7,7
S01010523,277,129,148,18,16,2,16,12,4,26,23,3,105,34,71,17,16,1,26,14,12,60,11,49,9,3,6
S01010524,288,152,136,20,18,2,9,9,0,29,27,2,92,38,54,21,13,8,29,18,11,76,23,53,12,6,6
S01010525,309,179,130,23,21,2,9,7,2,35,29,6,104,51,53,21,17,4,24,12,12,65,23,42,28,19,9
S01010526,413,225,188,16,13,3,22,20,2,55,51,4,112,53,59,20,16,4,35,18,17,126,41,85,27,13,14
S01010527,414,212,202,20,18,2,26,24,2,36,32,4,125,61,64,24,19,5,31,20,11,122,23,99,30,15,15
S01010528,328,189,139,27,24,3,19,14,5,26,24,2,89,44,45,26,18,8,38,27,11,84,26,58,19,12,7
S01010529,369,193,176,20,18,2,25,20,5,39,33,6,105,47,58,38,24,14,35,19,16,98,25,73,9,7,2
S01010530,354,187,167,28,25,3,20,12,8,37,32,5,118,48,70,21,14,7,37,21,16,82,28,54,11,7,4
S01010531,587,304,283,12,11,1,19,16,3,80,75,5,169,81,88,29,20,9,54,30,24,143,30,113,81,41,40
S01010532,279,154,125,29,24,5,22,13,9,23,22,1,53,20,33,12,9,3,55,37,18,58,14,44,27,15,12
S01010533,284,158,126,12,12,0,11,9,2,17,17,0,96,51,45,14,11,3,28,16,12,80,29,51,26,13,13
S01010534,448,223,225,9,6,3,12,8,4,65,59,6,116,47,69,29,24,5,34,16,18,139,33,106,44,30,14
S01010535,356,188,168,27,26,1,15,11,4,29,26,3,72,33,39,10,8,2,50,29,21,105,29,76,48,26,22
S01010536,449,226,223,12,11,1,21,17,4,32,31,1,181,71,110,25,19,6,53,26,27,76,26,50,49,25,24
S01010537,487,259,228,12,11,1,11,10,1,22,19,3,263,130,133,24,20,4,47,20,27,81,29,52,27,20,7
S01010538,442,220,222,23,23,0,16,12,4,33,30,3,152,64,88,27,20,7,48,26,22,105,31,74,38,14,24
S01010539,717,377,340,21,17,4,32,28,4,34,29,5,272,133,139,33,26,7,80,38,42,157,55,102,88,51,37
S01010540,322,164,158,26,21,5,19,15,4,26,24,2,64,33,31,16,9,7,57,26,31,76,19,57,38,17,21
S01010541,453,218,235,24,22,2,23,14,9,27,24,3,126,55,71,22,14,8,64,33,31,131,39,92,36,17,19
S01010542,456,248,208,25,17,8,22,19,3,37,34,3,99,45,54,23,20,3,50,28,22,156,60,96,44,25,19
S01010543,344,186,158,32,29,3,22,14,8,42,38,4,81,38,43,18,14,4,44,25,19,75,19,56,30,9,21
S01010544,426,219,207,21,21,0,47,36,11,57,52,5,126,54,72,9,5,4,41,17,24,107,27,80,18,7,11
S01010545,332,177,155,12,12,0,31,25,6,36,35,1,90,40,50,18,14,4,40,14,26,75,24,51,30,13,17
S01010546,372,195,177,13,13,0,54,41,13,42,41,1,90,37,53,10,8,2,50,22,28,89,21,68,24,12,12
S01010547,379,214,165,38,31,7,30,25,5,37,33,4,76,30,46,24,19,5,46,29,17,102,33,69,26,14,12
S01010548,296,157,139,34,24,10,18,10,8,35,31,4,73,34,39,16,9,7,39,24,15,64,17,47,17,8,9
S01010549,467,246,221,24,21,3,22,19,3,31,29,2,93,45,48,42,29,13,64,32,32,159,56,103,32,15,17
S01010550,280,148,132,9,9,0,19,15,4,25,25,0,65,27,38,26,17,9,41,29,12,81,21,60,14,5,9
S01010551,337,183,154,52,35,17,16,11,5,33,29,4,67,34,33,19,14,5,44,24,20,98,33,65,8,3,5
S01010552,407,225,182,29,27,2,21,18,3,31,28,3,76,40,36,43,31,12,66,36,30,118,33,85,23,12,11
S01010553,328,190,138,71,58,13,18,13,5,23,19,4,49,24,25,18,15,3,51,35,16,75,16,59,23,10,13
S01010554,378,199,179,15,14,1,21,19,2,34,34,0,83,39,44,36,23,13,46,24,22,125,38,87,18,8,10
S01010555,478,251,227,14,12,2,28,19,9,18,18,0,151,80,71,40,26,14,65,41,24,138,43,95,24,12,12
S01010556,366,183,183,15,14,1,28,25,3,40,38,2,103,37,66,37,29,8,35,14,21,90,23,67,18,3,15
S01010557,276,139,137,12,10,2,27,24,3,19,18,1,65,26,39,25,19,6,26,11,15,89,27,62,13,4,9
S01010558,312,167,145,13,12,1,22,16,6,26,26,0,53,27,26,30,21,9,44,23,21,99,30,69,25,12,13
S01010559,290,162,128,12,11,1,12,11,1,17,15,2,59,33,26,27,20,7,45,25,20,104,38,66,14,9,5
S01010560,331,159,172,19,15,4,14,14,0,26,26,0,72,23,49,26,19,7,41,22,19,116,33,83,17,7,10
S01010561,327,174,153,12,6,6,20,17,3,33,31,2,69,36,33,28,21,7,43,23,20,104,35,69,18,5,13
S01010562,391,194,197,22,20,2,30,27,3,35,33,2,99,47,52,22,16,6,35,14,21,119,26,93,29,11,18
S01010563,263,142,121,19,17,2,17,15,2,29,25,4,59,27,32,22,18,4,27,17,10,76,19,57,14,4,10
S01010564,214,124,90,15,10,5,18,16,2,21,20,1,61,27,34,20,16,4,22,13,9,48,18,30,9,4,5
S01010565,282,153,129,13,13,0,25,21,4,29,26,3,74,35,39,17,16,1,29,16,13,88,23,65,7,3,4
S01010566,586,315,271,51,44,7,61,48,13,47,44,3,83,30,53,23,18,5,103,66,37,181,46,135,37,19,18
S01010567,567,302,265,24,23,1,34,27,7,59,55,4,112,57,55,35,28,7,61,37,24,212,66,146,30,9,21
S01010568,529,277,252,38,34,4,26,20,6,39,35,4,121,61,60,46,33,13,68,37,31,163,48,115,28,9,19
S01010569,522,329,193,40,34,6,22,15,7,39,34,5,79,42,37,42,30,12,59,29,30,218,135,83,23,10,13
S01010570,515,263,252,35,30,5,33,24,9,48,46,2,141,59,82,51,36,15,45,21,24,141,40,101,21,7,14
S01010571,493,266,227,16,12,4,30,23,7,36,33,3,120,69,51,63,45,18,36,17,19,166,54,112,26,13,13
S01010572,410,207,203,12,9,3,27,18,9,42,39,3,132,64,68,44,30,14,44,21,23,93,19,74,16,7,9
S01010573,312,150,162,8,7,1,18,12,6,36,32,4,108,49,59,24,17,7,25,14,11,84,15,69,9,4,5
S01010574,313,160,153,9,8,1,21,14,7,21,17,4,71,34,37,24,20,4,48,23,25,108,40,68,11,4,7
S01010575,350,175,175,23,19,4,22,16,6,30,26,4,68,39,29,26,18,8,49,23,26,120,30,90,12,4,8
S01010576,425,212,213,16,14,2,30,23,7,29,27,2,78,41,37,38,31,7,46,25,21,165,42,123,23,9,14
S01010577,436,233,203,13,10,3,28,23,5,53,52,1,140,65,75,42,35,7,33,17,16,110,25,85,17,6,11
S01010578,335,160,175,9,8,1,26,18,8,35,33,2,106,47,59,19,11,8,26,11,15,94,23,71,20,9,11
S01010579,431,224,207,9,8,1,29,21,8,37,36,1,126,66,60,33,26,7,40,23,17,150,40,110,7,4,3
S01010580,321,176,145,10,9,1,19,19,0,30,28,2,82,44,38,38,28,10,30,18,12,99,25,74,13,5,8
S01010581,320,159,161,9,8,1,23,14,9,26,22,4,78,40,38,22,16,6,40,22,18,109,29,80,13,8,5
S01010582,255,136,119,12,9,3,21,14,7,24,24,0,48,21,27,17,13,4,37,24,13,86,26,60,10,5,5
S01010583,563,276,287,19,19,0,30,19,11,39,31,8,133,68,65,51,39,12,66,37,29,203,60,143,22,3,19
S01010584,439,214,225,11,7,4,33,20,13,45,39,6,93,46,47,32,24,8,53,30,23,149,41,108,23,7,16
S01010585,512,248,264,24,22,2,35,25,10,49,44,5,99,45,54,39,21,18,62,28,34,177,50,127,27,13,14
S01010586,430,211,219,15,13,2,26,19,7,32,29,3,94,44,50,25,18,7,48,27,21,170,54,116,20,7,13
S01010587,367,181,186,17,16,1,22,15,7,26,22,4,81,44,37,21,16,5,43,25,18,142,37,105,15,6,9
S01010588,321,170,151,15,12,3,15,12,3,24,22,2,63,31,32,23,21,2,40,22,18,128,44,84,13,6,7
S01010589,364,183,181,14,12,2,29,20,9,25,24,1,107,50,57,32,25,7,33,20,13,113,31,82,11,1,10
S01010590,465,249,216,26,23,3,30,22,8,33,25,8,92,52,40,36,27,9,65,44,21,169,53,116,14,3,11
S01010591,444,220,224,10,8,2,20,14,6,42,39,3,107,51,56,36,29,7,52,26,26,158,46,112,19,7,12
S01010592,307,150,157,12,10,2,18,13,5,30,24,6,68,36,32,25,19,6,27,15,12,105,28,77,22,5,17
S01010593,344,177,167,18,16,2,19,15,4,39,34,5,66,35,31,24,18,6,33,17,16,130,34,96,15,8,7
S01010594,393,196,197,9,7,2,33,23,10,29,26,3,92,48,44,33,29,4,51,25,26,125,31,94,21,7,14
S01010595,458,227,231,19,19,0,35,27,8,29,24,5,106,51,55,26,20,6,60,31,29,161,49,112,22,6,16
S01010596,465,250,215,33,31,2,30,24,6,57,48,9,87,41,46,26,20,6,72,40,32,142,40,102,18,6,12
S01010597,391,191,200,17,15,2,20,15,5,36,32,4,80,46,34,34,22,12,54,24,30,130,29,101,20,8,12
S01010598,600,318,282,20,20,0,36,26,10,44,40,4,126,64,62,37,30,7,79,36,43,233,89,144,25,13,12
S01010599,330,157,173,13,10,3,19,14,5,23,20,3,54,26,28,23,16,7,49,25,24,135,39,96,14,7,7
S01010600,473,259,214,21,18,3,24,21,3,48,43,5,113,59,54,37,26,11,56,35,21,145,46,99,29,11,18
S01010601,289,147,142,9,8,1,17,15,2,30,26,4,57,27,30,23,19,4,24,13,11,121,36,85,8,3,5
S01010602,318,160,158,13,10,3,20,15,5,33,30,3,74,43,31,27,23,4,37,17,20,100,19,81,14,3,11
S01010603,431,226,205,13,11,2,28,23,5,39,34,5,88,48,40,28,20,8,60,36,24,152,43,109,23,11,12
S01010604,246,132,114,8,7,1,8,6,2,24,22,2,52,28,24,13,12,1,34,23,11,101,32,69,6,2,4
S01010605,454,238,216,14,11,3,19,12,7,47,42,5,83,44,39,38,28,10,66,40,26,169,50,119,18,11,7
S01010606,390,192,198,21,19,2,22,19,3,44,40,4,107,42,65,42,30,12,29,11,18,108,26,82,17,5,12
S01010607,447,237,210,16,15,1,23,19,4,26,23,3,85,44,41,38,31,7,58,41,17,172,54,118,29,10,19
S01010608,284,143,141,10,9,1,7,6,1,30,29,1,93,43,50,40,32,8,27,12,15,68,10,58,9,2,7
S01010609,293,150,143,10,10,0,16,15,1,27,26,1,102,49,53,30,25,5,16,8,8,79,14,65,13,3,10
S01010610,328,161,167,11,8,3,13,9,4,24,21,3,48,23,25,34,22,12,53,30,23,126,40,86,19,8,11
S01010611,514,266,248,25,24,1,30,20,10,42,40,2,147,78,69,51,41,10,35,20,15,156,33,123,28,10,18
S01010612,400,203,197,13,13,0,22,19,3,25,24,1,130,63,67,35,27,8,27,10,17,130,39,91,18,8,10
S01010613,326,154,172,15,12,3,6,4,2,22,19,3,70,32,38,31,23,8,34,20,14,127,32,95,21,12,9
S01010614,260,130,130,4,4,0,19,14,5,21,21,0,100,48,52,28,21,7,16,9,7,62,11,51,10,2,8
S01010615,496,258,238,16,14,2,33,24,9,39,36,3,139,68,71,43,33,10,44,25,19,159,44,115,23,14,9
S01010616,475,241,234,11,10,1,18,14,4,37,35,2,115,59,56,50,34,16,39,28,11,192,54,138,13,7,6
S01010617,527,260,267,17,15,2,21,17,4,32,29,3,110,57,53,59,44,15,50,29,21,217,62,155,21,7,14
S01010618,479,241,238,11,10,1,21,20,1,51,47,4,130,65,65,47,38,9,43,15,28,159,40,119,17,6,11
S01010619,371,198,173,13,12,1,13,11,2,38,35,3,127,65,62,27,17,10,32,16,16,99,32,67,22,10,12
S01010620,360,199,161,10,10,0,19,12,7,19,14,5,135,73,62,37,30,7,33,20,13,81,24,57,26,16,10
S01010621,505,290,215,14,14,0,37,26,11,30,28,2,124,72,52,52,41,11,86,56,30,142,42,100,20,11,9
S01010622,313,147,166,6,4,2,22,17,5,26,24,2,102,40,62,28,22,6,23,12,11,90,22,68,16,6,10
S01010623,390,229,161,10,9,1,3,3,0,13,13,0,80,29,51,8,3,5,30,14,16,233,155,78,13,3,10
S01010624,341,178,163,10,10,0,19,15,4,24,22,2,93,42,51,9,6,3,29,17,12,150,64,86,7,2,5
S01010625,379,205,174,13,11,2,12,9,3,22,21,1,92,48,44,23,20,3,55,37,18,146,51,95,16,8,8
S01010626,389,198,191,13,10,3,9,6,3,30,28,2,88,44,44,28,24,4,36,19,17,163,59,104,22,8,14
S01010627,462,255,207,14,14,0,36,29,7,19,18,1,147,74,73,43,31,12,53,32,21,131,44,87,19,13,6
S01010628,549,290,259,18,16,2,27,15,12,26,24,2,160,90,70,35,26,9,73,39,34,178,64,114,32,16,16
S01010629,432,221,211,8,6,2,16,9,7,33,29,4,92,41,51,33,25,8,64,44,20,167,58,109,19,9,10
S01010630,298,132,166,8,8,0,11,9,2,24,22,2,93,43,50,30,19,11,21,8,13,96,21,75,15,2,13
S01010631,348,183,165,12,12,0,20,13,7,19,16,3,77,34,43,38,30,8,34,16,18,125,49,76,23,13,10
S01010632,422,216,206,17,11,6,14,11,3,48,41,7,116,58,58,39,28,11,38,23,15,132,35,97,18,9,9
S01010633,427,230,197,20,18,2,26,17,9,43,40,3,132,60,72,54,43,11,41,24,17,99,22,77,12,6,6
S01010634,321,165,156,13,11,2,14,12,2,32,31,1,102,42,60,32,23,9,34,17,17,68,21,47,26,8,18
S01010635,365,193,172,8,7,1,28,19,9,41,37,4,97,46,51,42,33,9,35,17,18,98,28,70,16,6,10
S01010636,447,237,210,16,15,1,18,13,5,37,37,0,114,53,61,46,36,10,55,31,24,141,38,103,20,14,6
S01010637,301,163,138,11,9,2,18,12,6,26,25,1,102,46,56,21,17,4,22,12,10,89,37,52,12,5,7
S01010638,362,181,181,9,7,2,28,19,9,37,33,4,102,51,51,31,27,4,31,11,20,105,22,83,19,11,8
S01010639,557,289,268,10,8,2,34,25,9,53,50,3,191,88,103,59,49,10,54,24,30,141,41,100,15,4,11
S01010640,506,262,244,19,17,2,34,22,12,39,36,3,163,80,83,30,23,7,58,26,32,143,53,90,20,5,15
S01010641,421,221,200,7,7,0,28,20,8,43,40,3,128,56,72,50,39,11,45,25,20,108,31,77,12,3,9
S01010642,394,185,209,11,9,2,23,18,5,41,37,4,147,63,84,30,20,10,32,8,24,101,27,74,9,3,6
S01010643,296,149,147,11,11,0,17,14,3,25,22,3,124,54,70,25,21,4,25,12,13,57,10,47,12,5,7
S01010644,239,119,120,4,3,1,7,4,3,24,23,1,106,47,59,28,22,6,19,8,11,44,10,34,7,2,5
S01010645,350,184,166,7,7,0,16,13,3,36,33,3,81,42,39,33,29,4,22,10,12,131,39,92,24,11,13
S01010646,369,188,181,12,10,2,24,17,7,34,29,5,64,35,29,28,24,4,42,20,22,145,44,101,20,9,11
S01010647,388,208,180,9,8,1,13,11,2,38,37,1,96,53,43,35,30,5,48,24,24,136,39,97,13,6,7
S01010648,362,184,178,12,10,2,22,16,6,38,35,3,98,46,52,36,22,14,30,17,13,107,29,78,19,9,10
S01010649,303,163,140,4,3,1,20,18,2,27,22,5,73,44,29,29,25,4,31,18,13,103,28,75,16,5,11
S01010650,248,121,127,12,11,1,8,4,4,17,14,3,62,32,30,28,21,7,22,11,11,86,23,63,13,5,8
S01010651,350,185,165,12,12,0,13,11,2,34,33,1,87,49,38,45,36,9,44,20,24,100,18,82,15,6,9
S01010652,376,188,188,10,10,0,24,19,5,28,22,6,78,41,37,26,26,0,37,17,20,152,42,110,21,11,10
S01010653,357,183,174,12,10,2,17,10,7,37,34,3,84,43,41,41,35,6,42,21,21,110,25,85,14,5,9
S01010654,408,202,206,8,8,0,19,14,5,47,47,0,107,53,54,45,35,10,37,16,21,127,24,103,18,5,13
S01010655,466,249,217,33,25,8,23,19,4,48,44,4,90,45,45,39,28,11,57,28,29,137,45,92,39,15,24
S01010656,218,119,99,14,12,2,8,8,0,28,25,3,47,19,28,16,11,5,30,19,11,62,19,43,13,6,7
S01010657,352,196,156,28,25,3,17,15,2,51,44,7,62,28,34,13,9,4,55,31,24,108,37,71,18,7,11
S01010658,375,194,181,24,21,3,18,15,3,33,27,6,92,43,49,22,19,3,34,18,16,132,43,89,20,8,12
S01010659,332,178,154,20,18,2,17,12,5,31,30,1,72,40,32,23,15,8,52,26,26,104,31,73,13,6,7
S01010660,294,161,133,15,13,2,26,22,4,35,33,2,74,31,43,17,13,4,39,21,18,70,20,50,18,8,10
S01010661,325,173,152,16,14,2,22,18,4,50,50,0,100,41,59,16,14,2,27,11,16,80,19,61,14,6,8
S01010662,398,201,197,13,11,2,25,17,8,45,40,5,80,49,31,30,21,9,44,23,21,134,34,100,27,6,21
S01010663,479,270,209,41,33,8,24,20,4,71,64,7,108,53,55,28,21,7,47,26,21,148,44,104,12,9,3
S01010664,434,220,214,45,34,11,16,12,4,45,42,3,87,39,48,18,14,4,58,31,27,146,41,105,19,7,12
S01010665,436,234,202,39,32,7,17,14,3,43,38,5,91,40,51,30,22,8,57,27,30,131,47,84,28,14,14
S01010666,447,220,227,19,18,1,17,11,6,53,48,5,119,49,70,27,20,7,55,28,27,125,32,93,32,14,18
S01010667,383,201,182,21,16,5,21,14,7,36,36,0,100,52,48,25,17,8,47,22,25,112,36,76,21,8,13
S01010668,542,302,240,56,50,6,16,14,2,62,55,7,179,82,97,24,14,10,58,32,26,131,45,86,16,10,6
S01010669,278,173,105,38,34,4,5,5,0,43,38,5,53,22,31,26,21,5,31,23,8,65,21,44,17,9,8
S01010670,354,193,161,31,29,2,6,4,2,33,33,0,88,36,52,35,26,9,39,22,17,91,27,64,31,16,15
S01010671,358,184,174,34,27,7,15,11,4,30,30,0,93,45,48,35,22,13,48,27,21,92,20,72,11,2,9
S01010672,299,161,138,31,31,0,16,14,2,16,16,0,96,39,57,30,24,6,30,18,12,71,15,56,9,4,5
S01010673,453,237,216,36,32,4,15,7,8,43,37,6,130,59,71,32,26,6,54,35,19,126,32,94,17,9,8
S01010674,485,272,213,55,52,3,18,15,3,59,55,4,114,50,64,54,38,16,46,25,21,128,31,97,11,6,5
S01010675,303,168,135,44,33,11,25,17,8,35,34,1,50,22,28,21,17,4,37,21,16,72,13,59,19,11,8
S01010676,442,233,209,35,32,3,9,4,5,25,24,1,104,51,53,35,26,9,58,32,26,148,47,101,28,17,11
S01010677,226,116,110,17,14,3,11,9,2,28,27,1,53,20,33,19,16,3,18,10,8,71,16,55,9,4,5
S01010678,309,168,141,23,22,1,7,5,2,45,43,2,61,28,33,30,25,5,25,14,11,103,24,79,15,7,8
S01010679,280,141,139,8,7,1,12,8,4,21,20,1,103,47,56,18,14,4,28,14,14,75,26,49,15,5,10
S01010680,314,162,152,15,14,1,3,2,1,24,24,0,106,48,58,20,20,0,28,14,14,98,30,68,20,10,10
S01010681,520,252,268,39,35,4,9,5,4,42,41,1,153,77,76,24,20,4,57,24,33,165,40,125,31,10,21
S01010682,500,257,243,41,37,4,20,13,7,57,55,2,117,48,69,42,31,11,52,28,24,142,33,109,29,12,17
S01010683,456,245,211,50,43,7,18,10,8,59,57,2,98,45,53,32,22,10,47,26,21,129,27,102,23,15,8
S01010684,385,207,178,30,25,5,26,17,9,37,34,3,113,60,53,31,22,9,34,16,18,95,23,72,19,10,9
S01010685,280,150,130,43,32,11,14,6,8,34,32,2,52,21,31,24,21,3,38,14,24,56,13,43,19,11,8
S01010686,344,186,158,23,21,2,11,6,5,61,53,8,75,30,45,27,18,9,37,18,19,75,17,58,35,23,12
S01010687,384,196,188,24,22,2,5,5,0,33,30,3,114,51,63,26,23,3,27,13,14,131,41,90,24,11,13
S01010688,372,209,163,66,59,7,25,21,4,30,28,2,96,40,56,18,9,9,40,23,17,83,22,61,14,7,7
S01010689,335,185,150,42,34,8,18,13,5,35,34,1,70,26,44,22,18,4,34,24,10,90,20,70,24,16,8
S01010690,334,184,150,31,29,2,9,7,2,26,25,1,123,55,68,26,19,7,20,15,5,79,26,53,20,8,12
S01010691,388,200,188,57,39,18,19,14,5,47,45,2,78,31,47,32,17,15,40,23,17,96,22,74,19,9,10
S01010692,406,210,196,37,31,6,8,5,3,52,48,4,142,59,83,29,21,8,26,12,14,96,28,68,16,6,10
S01010693,249,134,115,43,41,2,17,9,8,26,23,3,45,16,29,16,12,4,26,13,13,64,16,48,12,4,8
S01010694,239,128,111,24,21,3,10,7,3,39,38,1,50,15,35,19,14,5,14,7,7,69,19,50,14,7,7
S01010695,380,200,180,40,35,5,28,15,13,45,39,6,74,34,40,28,21,7,48,26,22,98,24,74,19,6,13
S01010696,519,284,235,18,17,1,36,29,7,59,58,1,138,66,72,24,17,7,66,45,21,150,40,110,28,12,16
S01010697,526,284,242,46,40,6,50,43,7,65,56,9,110,54,56,22,17,5,51,32,19,161,34,127,21,8,13
S01010698,350,176,174,30,25,5,11,7,4,43,38,5,87,33,54,25,17,8,54,30,24,81,19,62,19,7,12
S01010699,334,181,153,29,23,6,26,20,6,49,40,9,51,19,32,21,16,5,44,28,16,89,20,69,25,15,10
S01010700,324,171,153,25,20,5,21,19,2,41,39,2,61,22,39,20,13,7,40,25,15,95,29,66,21,4,17
S01010701,549,301,248,35,34,1,42,33,9,73,68,5,122,47,75,30,20,10,55,29,26,161,57,104,31,13,18
S01010702,511,278,233,42,34,8,54,43,11,58,50,8,78,42,36,47,28,19,59,32,27,149,40,109,24,9,15
S01010703,448,248,200,41,35,6,39,27,12,59,53,6,73,39,34,16,12,4,48,33,15,150,40,110,22,9,13
S01010704,299,162,137,13,13,0,34,24,10,30,30,0,84,44,40,24,16,8,31,13,18,74,18,56,9,4,5
S01010705,547,291,256,40,34,6,48,38,10,65,61,4,104,50,54,42,30,12,54,30,24,166,38,128,28,10,18
S01010706,315,182,133,13,12,1,21,16,5,45,40,5,71,41,30,28,20,8,31,17,14,88,26,62,18,10,8
S01010707,377,209,168,39,32,7,24,18,6,46,42,4,75,36,39,18,13,5,50,32,18,105,28,77,20,8,12
S01010708,289,151,138,18,16,2,11,11,0,45,36,9,67,30,37,14,11,3,43,20,23,82,23,59,9,4,5
S01010709,402,206,196,25,21,4,31,27,4,45,41,4,76,37,39,22,16,6,35,18,17,149,37,112,19,9,10
S01010710,341,174,167,10,9,1,23,23,0,56,52,4,82,26,56,23,19,4,43,22,21,92,21,71,12,2,10
S01010711,383,200,183,20,18,2,24,18,6,42,40,2,63,33,30,13,7,6,46,28,18,162,50,112,13,6,7
S01010712,356,186,170,13,12,1,37,29,8,52,51,1,89,39,50,23,18,5,30,11,19,92,20,72,20,6,14
S01010713,421,206,215,20,19,1,48,36,12,46,41,5,105,43,62,31,20,11,46,17,29,110,21,89,15,9,6
S01010714,310,153,157,13,11,2,33,26,7,33,30,3,88,36,52,23,20,3,35,11,24,78,17,61,7,2,5
S01010715,337,158,179,12,12,0,29,22,7,41,38,3,93,32,61,17,10,7,44,14,30,88,24,64,13,6,7
S01010716,451,236,215,15,11,4,54,33,21,49,43,6,108,62,46,31,21,10,56,28,28,119,28,91,19,10,9
S01010717,314,162,152,10,9,1,15,12,3,33,29,4,73,37,36,15,11,4,34,20,14,122,38,84,12,6,6
S01010718,498,262,236,25,21,4,40,32,8,52,44,8,129,62,67,26,19,7,62,35,27,139,37,102,25,12,13
S01010719,316,167,149,19,15,4,29,23,6,33,27,6,56,26,30,10,5,5,43,27,16,111,36,75,15,8,7
S01010720,323,167,156,21,19,2,16,12,4,30,28,2,51,22,29,15,10,5,40,17,23,128,48,80,22,11,11
S01010721,318,165,153,16,13,3,20,14,6,23,20,3,65,27,38,20,18,2,39,25,14,116,40,76,19,8,11
S01010722,406,201,205,24,19,5,39,32,7,41,39,2,79,32,47,25,19,6,37,19,18,145,35,110,16,6,10
S01010723,484,252,232,49,41,8,32,25,7,42,38,4,71,30,41,27,20,7,70,38,32,171,51,120,22,9,13
S01010724,471,249,222,58,52,6,33,23,10,46,36,10,87,39,48,27,18,9,58,32,26,142,40,102,20,9,11
S01010725,394,204,190,40,31,9,30,16,14,32,28,4,85,39,46,25,20,5,45,23,22,116,38,78,21,9,12
S01010726,432,214,218,18,16,2,24,19,5,42,37,5,99,42,57,32,23,9,56,26,30,147,44,103,14,7,7
S01010727,308,172,136,27,22,5,19,13,6,42,39,3,49,25,24,17,8,9,40,33,7,104,29,75,10,3,7
S01010728,254,122,132,13,12,1,8,5,3,20,18,2,51,22,29,19,14,5,32,17,15,102,31,71,9,3,6
S01010729,403,221,182,43,31,12,21,19,2,57,52,5,77,36,41,24,20,4,33,21,12,131,37,94,17,5,12
S01010730,454,244,210,59,49,10,20,13,7,46,42,4,76,39,37,27,17,10,51,31,20,155,43,112,20,10,10
S01010731,442,222,220,31,26,5,29,22,7,30,27,3,97,42,55,35,27,8,51,25,26,149,46,103,20,7,13
S01010732,354,166,188,21,18,3,44,29,15,37,33,4,92,33,59,27,19,8,37,16,21,83,15,68,13,3,10
S01010733,233,120,113,16,12,4,27,18,9,30,27,3,63,26,37,22,16,6,17,7,10,55,12,43,3,2,1
S01010734,383,202,181,22,21,1,57,46,11,39,38,1,84,28,56,41,26,15,39,18,21,79,20,59,22,5,17
S01010735,253,140,113,8,8,0,40,25,15,27,26,1,64,31,33,23,17,6,24,13,11,62,18,44,5,2,3
S01010736,250,142,108,19,16,3,30,26,4,36,32,4,42,18,24,19,12,7,26,14,12,64,22,42,14,2,12
S01010737,472,247,225,23,20,3,54,42,12,52,45,7,113,52,61,35,27,8,52,27,25,124,24,100,19,10,9
S01010738,263,127,136,17,14,3,36,26,10,39,32,7,54,18,36,16,12,4,22,12,10,66,11,55,13,2,11
S01010739,415,214,201,25,21,4,69,48,21,31,26,5,93,33,60,45,33,12,34,18,16,105,30,75,13,5,8
S01010740,187,96,91,12,10,2,24,21,3,16,15,1,40,15,25,20,16,4,17,10,7,51,7,44,7,2,5
S01010741,261,135,126,19,19,0,23,15,8,31,31,0,54,26,28,18,10,8,35,14,21,72,17,55,9,3,6
S01010742,334,171,163,23,19,4,57,44,13,36,35,1,62,24,38,33,22,11,26,14,12,90,12,78,7,1,6
S01010743,280,148,132,12,11,1,39,28,11,30,28,2,65,28,37,23,17,6,28,17,11,76,16,60,7,3,4
S01010744,515,269,246,41,38,3,73,53,20,58,53,5,87,32,55,35,25,10,55,34,21,137,23,114,29,11,18
S01010745,284,151,133,15,14,1,42,31,11,23,20,3,50,27,23,23,16,7,30,16,14,90,22,68,11,5,6
S01010746,512,268,244,53,41,12,42,33,9,59,50,9,97,55,42,35,21,14,71,37,34,128,24,104,27,7,20
S01010747,378,197,181,29,25,4,35,29,6,43,35,8,89,40,49,25,13,12,40,26,14,105,25,80,12,4,8
S01010748,295,158,137,42,34,8,13,8,5,42,39,3,64,23,41,21,14,7,39,25,14,60,10,50,14,5,9
S01010749,294,161,133,36,31,5,24,21,3,37,33,4,45,22,23,25,21,4,32,13,19,88,18,70,7,2,5
S01010750,280,153,127,40,32,8,8,6,2,42,35,7,51,24,27,22,10,12,36,22,14,67,14,53,14,10,4
S01010751,281,141,140,18,17,1,23,18,5,30,29,1,86,35,51,18,12,6,32,16,16,68,13,55,6,1,5
S01010752,334,162,172,19,17,2,37,28,9,28,28,0,105,39,66,25,19,6,38,15,23,68,11,57,14,5,9
S01010753,449,244,205,24,19,5,30,23,7,50,49,1,108,43,65,36,30,6,65,35,30,123,38,85,13,7,6
S01010754,290,153,137,18,18,0,29,23,6,27,24,3,84,36,48,22,14,8,26,17,9,66,13,53,18,8,10
S01010755,304,157,147,12,10,2,29,20,9,41,39,2,78,31,47,28,25,3,33,13,20,70,15,55,13,4,9
S01010756,332,181,151,19,17,2,18,16,2,45,42,3,69,35,34,25,13,12,49,28,21,98,26,72,9,4,5
S01010757,349,192,157,44,34,10,22,18,4,40,39,1,68,34,34,24,17,7,41,20,21,86,21,65,24,9,15
S01010758,296,166,130,24,23,1,9,6,3,36,30,6,83,39,44,16,13,3,26,13,13,81,28,53,21,14,7
S01010759,291,146,145,16,14,2,7,5,2,42,41,1,79,35,44,11,10,1,26,8,18,79,14,65,31,19,12
S01010760,223,115,108,6,3,3,14,11,3,21,20,1,49,23,26,4,2,2,37,23,14,75,23,52,17,10,7
S01010761,272,146,126,34,29,5,7,5,2,28,27,1,70,37,33,13,7,6,36,19,17,67,17,50,17,5,12
S01010762,271,148,123,41,35,6,24,19,5,25,23,2,53,22,31,18,13,5,31,15,16,65,17,48,14,4,10
S01010763,307,170,137,32,27,5,21,17,4,54,50,4,50,20,30,22,16,6,39,16,23,78,19,59,11,5,6
S01010764,265,145,120,37,29,8,6,4,2,27,25,2,43,20,23,17,10,7,47,29,18,74,22,52,14,6,8
S01010765,452,243,209,59,52,7,13,11,2,48,48,0,109,43,66,39,24,15,42,24,18,119,33,86,23,8,15
S01010766,314,157,157,20,17,3,21,17,4,47,43,4,53,21,32,13,8,5,38,16,22,109,29,80,13,6,7
S01010767,286,140,146,9,8,1,20,19,1,28,27,1,83,29,54,17,12,5,27,17,10,78,18,60,24,10,14
S01010768,232,117,115,15,13,2,12,10,2,33,32,1,47,21,26,14,11,3,26,6,20,64,16,48,21,8,13
S01010769,224,118,106,32,26,6,17,11,6,35,32,3,29,14,15,18,11,7,19,11,8,66,10,56,8,3,5
S01010770,428,219,209,31,27,4,19,15,4,68,66,2,93,42,51,16,10,6,32,15,17,146,36,110,23,8,15
S01010771,337,183,154,44,38,6,15,10,5,59,55,4,78,37,41,23,15,8,31,13,18,71,11,60,16,4,12
S01010772,333,176,157,52,36,16,20,14,6,45,44,1,51,21,30,21,13,8,44,23,21,82,18,64,18,7,11
S01010773,381,202,179,53,40,13,30,21,9,38,35,3,83,37,46,21,18,3,50,27,23,96,17,79,10,7,3
S01010774,314,164,150,28,24,4,21,16,5,42,38,4,58,26,32,17,12,5,23,14,9,107,25,82,18,9,9
S01010775,377,194,183,57,49,8,24,20,4,43,35,8,64,23,41,25,20,5,28,16,12,117,26,91,19,5,14
S01010776,259,135,124,24,23,1,18,12,6,25,23,2,50,19,31,12,9,3,33,19,14,87,27,60,10,3,7
S01010777,227,112,115,12,11,1,24,21,3,18,16,2,60,25,35,16,13,3,17,9,8,74,14,60,6,3,3
S01010778,193,107,86,18,18,0,13,10,3,22,22,0,54,27,27,14,12,2,22,13,9,48,5,43,2,0,2
S01010779,304,162,142,23,23,0,17,10,7,27,26,1,77,33,44,23,16,7,42,27,15,83,22,61,12,5,7
S01010780,259,127,132,26,22,4,11,8,3,31,27,4,57,21,36,20,14,6,25,14,11,81,17,64,8,4,4
S01010781,409,221,188,32,25,7,20,16,4,47,41,6,96,48,48,26,16,10,48,32,16,130,39,91,10,4,6
S01010782,245,144,101,20,15,5,23,19,4,24,23,1,68,36,32,15,11,4,25,16,9,57,18,39,13,6,7
S01010783,241,140,101,18,17,1,22,16,6,41,39,2,71,29,42,24,19,5,17,11,6,43,5,38,5,4,1
S01010784,319,153,166,27,26,1,19,13,6,37,35,2,86,29,57,18,12,6,34,16,18,87,20,67,11,2,9
S01010785,359,202,157,45,37,8,20,14,6,29,25,4,74,33,41,22,19,3,30,19,11,132,49,83,7,6,1
S01010786,347,183,164,45,40,5,14,11,3,32,27,5,66,27,39,22,18,4,34,26,8,126,34,92,8,0,8
S01010787,446,257,189,68,55,13,17,15,2,47,43,4,95,45,50,33,22,11,42,26,16,130,47,83,14,4,10
S01010788,345,180,165,67,56,11,18,14,4,23,19,4,61,22,39,23,17,6,43,22,21,99,28,71,11,2,9
S01010789,352,190,162,70,55,15,18,16,2,40,36,4,72,32,40,26,20,6,27,13,14,90,18,72,9,0,9
S01010790,336,200,136,54,43,11,22,17,5,55,47,8,64,22,42,20,16,4,39,29,10,72,19,53,10,7,3
S01010791,394,215,179,68,50,18,28,22,6,19,16,3,75,33,42,39,25,14,58,36,22,96,28,68,11,5,6
S01010792,292,174,118,26,24,2,34,30,4,36,35,1,42,16,26,29,21,8,34,22,12,84,24,60,7,2,5
S01010793,337,187,150,70,52,18,20,15,5,26,23,3,51,22,29,28,20,8,43,31,12,93,23,70,6,1,5
S01010794,283,154,129,49,40,9,18,14,4,22,18,4,55,21,34,18,13,5,43,24,19,68,22,46,10,2,8
S01010795,443,240,203,54,39,15,49,35,14,41,39,2,69,27,42,25,16,9,56,34,22,140,47,93,9,3,6
S01010796,444,243,201,109,74,35,38,31,7,31,28,3,51,23,28,21,14,7,56,28,28,123,37,86,15,8,7
S01010797,429,234,195,82,63,19,29,25,4,31,29,2,58,23,35,22,12,10,58,28,30,139,50,89,10,4,6
S01010798,325,180,145,64,49,15,10,7,3,24,22,2,48,18,30,14,8,6,58,33,25,98,38,60,9,5,4
S01010799,421,219,202,51,37,14,26,21,5,23,22,1,85,28,57,44,25,19,64,40,24,116,43,73,12,3,9
S01010800,358,188,170,35,29,6,34,29,5,38,35,3,87,31,56,41,26,15,31,16,15,77,16,61,15,6,9
S01010801,326,165,161,25,21,4,16,13,3,25,24,1,85,32,53,25,18,7,45,23,22,93,29,64,12,5,7
S01010802,293,151,142,38,30,8,19,12,7,27,25,2,50,23,27,21,13,8,45,29,16,76,15,61,17,4,13
S01010803,253,128,125,16,13,3,13,10,3,22,21,1,71,20,51,26,19,7,41,23,18,55,20,35,9,2,7
S01010804,284,151,133,29,25,4,22,15,7,22,20,2,54,25,29,16,12,4,49,27,22,80,22,58,12,5,7
S01010805,417,224,193,45,36,9,24,22,2,23,21,2,79,28,51,25,19,6,69,44,25,129,46,83,23,8,15
S01010806,393,195,198,44,33,11,16,11,5,29,27,2,95,34,61,28,21,7,46,27,19,124,39,85,11,3,8
S01010807,276,149,127,43,32,11,22,20,2,26,22,4,53,19,34,24,16,8,28,16,12,66,23,43,14,1,13
S01010808,260,134,126,29,19,10,16,16,0,15,13,2,44,19,25,27,14,13,49,32,17,74,18,56,6,3,3
S01010809,410,224,186,64,46,18,30,22,8,27,24,3,73,25,48,33,22,11,58,35,23,118,49,69,7,1,6
S01010810,198,107,91,35,30,5,6,5,1,29,27,2,35,12,23,11,6,5,25,14,11,50,11,39,7,2,5
S01010811,432,244,188,56,41,15,14,11,3,57,51,6,69,31,38,28,19,9,46,30,16,137,44,93,25,17,8
S01010812,236,130,106,38,32,6,5,2,3,33,33,0,40,17,23,20,13,7,23,11,12,65,15,50,12,7,5
S01010813,271,150,121,36,30,6,22,11,11,26,25,1,81,36,45,16,13,3,22,14,8,57,15,42,11,6,5
S01010814,319,177,142,67,49,18,13,10,3,31,30,1,68,26,42,24,16,8,24,11,13,77,26,51,15,9,6
S01010815,240,138,102,50,49,1,4,3,1,15,14,1,45,18,27,13,10,3,18,12,6,81,22,59,14,10,4
S01010816,248,132,116,6,5,1,15,10,5,14,13,1,31,19,12,34,21,13,62,43,19,74,18,56,12,3,9
S01010817,408,210,198,6,5,1,33,23,10,19,14,5,48,23,25,36,28,8,104,65,39,146,46,100,16,6,10
S01010818,459,245,214,8,8,0,34,25,9,27,24,3,63,26,37,44,37,7,111,67,44,149,46,103,23,12,11
S01010819,358,181,177,7,6,1,35,27,8,22,19,3,63,35,28,31,21,10,52,30,22,128,38,90,20,5,15
S01010820,260,130,130,21,15,6,20,15,5,14,12,2,35,15,20,24,16,8,47,32,15,88,20,68,11,5,6
S01010821,256,130,126,7,6,1,20,17,3,17,14,3,37,16,21,22,15,7,54,35,19,89,21,68,10,6,4
S01010822,350,180,170,22,17,5,26,16,10,17,14,3,46,24,22,34,20,14,74,42,32,109,37,72,22,10,12
S01010823,236,112,124,14,12,2,26,21,5,8,8,0,48,21,27,14,8,6,36,12,24,78,25,53,12,5,7
S01010824,403,207,196,7,6,1,37,26,11,22,20,2,47,23,24,50,37,13,76,42,34,148,48,100,16,5,11
S01010825,191,95,96,13,12,1,11,10,1,7,5,2,26,12,14,27,19,8,36,12,24,69,24,45,2,1,1
S01010826,350,181,169,6,6,0,25,17,8,20,16,4,76,37,39,43,29,14,58,23,35,105,40,65,17,13,4
S01010827,343,163,180,8,8,0,22,19,3,17,15,2,57,28,29,51,31,20,53,25,28,111,30,81,24,7,17
S01010828,699,351,348,16,16,0,53,38,15,29,27,2,122,55,67,84,58,26,103,57,46,259,83,176,33,17,16
S01010829,455,238,217,10,9,1,43,27,16,27,27,0,80,41,39,53,36,17,73,43,30,158,49,109,11,6,5
S01010830,296,153,143,4,4,0,23,20,3,18,14,4,61,29,32,26,22,4,45,26,19,97,27,70,22,11,11
S01010831,353,178,175,5,5,0,41,33,8,22,20,2,68,32,36,31,21,10,52,21,31,123,41,82,11,5,6
S01010832,428,210,218,17,15,2,33,30,3,26,25,1,65,31,34,42,31,11,59,26,33,159,41,118,27,11,16
S01010833,505,270,235,7,6,1,51,35,16,22,21,1,81,39,42,68,55,13,102,56,46,152,50,102,22,8,14
S01010834,441,227,214,9,6,3,40,31,9,26,24,2,64,29,35,34,27,7,76,39,37,180,64,116,12,7,5
S01010835,314,160,154,11,10,1,38,29,9,19,16,3,47,21,26,39,28,11,50,27,23,99,23,76,11,6,5
S01010836,391,200,191,8,8,0,27,18,9,23,21,2,55,32,23,37,28,9,69,34,35,156,47,109,16,12,4
S01010837,288,141,147,5,5,0,39,34,5,16,13,3,44,17,27,25,17,8,40,18,22,107,31,76,12,6,6
S01010838,417,209,208,13,13,0,45,35,10,19,17,2,85,42,43,44,34,10,48,21,27,145,39,106,18,8,10
S01010839,312,156,156,4,3,1,24,23,1,20,20,0,63,31,32,35,25,10,43,21,22,107,25,82,16,8,8
S01010840,229,120,109,2,1,1,15,8,7,24,24,0,41,21,20,23,17,6,38,20,18,80,25,55,6,4,2
S01010841,380,200,180,5,5,0,35,24,11,18,16,2,56,24,32,38,31,7,64,35,29,142,55,87,22,10,12
S01010842,321,166,155,7,6,1,31,20,11,15,12,3,59,28,31,39,30,9,58,25,33,97,38,59,15,7,8
S01010843,273,136,137,2,2,0,27,20,7,18,17,1,54,27,27,36,24,12,35,19,16,92,22,70,9,5,4
S01010844,332,170,162,11,9,2,25,20,5,22,20,2,36,24,12,32,21,11,64,33,31,135,40,95,7,3,4
S01010845,290,152,138,3,2,1,26,22,4,12,11,1,56,29,27,33,25,8,47,24,23,104,36,68,9,3,6
S01010846,380,186,194,5,5,0,51,37,14,21,21,0,87,47,40,41,30,11,46,17,29,108,20,88,21,9,12
S01010847,369,179,190,14,13,1,32,28,4,16,15,1,54,20,34,32,23,9,51,30,21,160,48,112,10,2,8
S01010848,270,139,131,6,6,0,26,18,8,19,17,2,61,31,30,36,30,6,37,17,20,76,15,61,9,5,4
S01010849,366,163,203,6,6,0,36,23,13,19,18,1,78,31,47,41,25,16,46,22,24,122,33,89,18,5,13
S01010850,296,138,158,2,2,0,28,21,7,14,13,1,75,39,36,34,26,8,39,16,23,85,14,71,19,7,12
S01010851,332,143,189,5,5,0,35,20,15,11,10,1,74,37,37,30,15,15,51,17,34,114,34,80,12,5,7
S01010852,334,163,171,7,7,0,34,27,7,27,26,1,69,25,44,35,23,12,45,21,24,108,32,76,9,2,7
S01010853,420,202,218,7,6,1,44,33,11,29,27,2,89,32,57,42,38,4,47,26,21,129,27,102,33,13,20
S01010854,379,174,205,6,6,0,29,24,5,26,26,0,100,35,65,36,25,11,43,19,24,113,27,86,26,12,14
S01010855,242,118,124,2,2,0,27,21,6,13,13,0,57,28,29,24,18,6,22,14,8,81,16,65,16,6,10
S01010856,333,170,163,4,4,0,25,20,5,22,20,2,66,37,29,43,33,10,41,17,24,111,28,83,21,11,10
S01010857,425,194,231,8,8,0,43,31,12,18,17,1,82,29,53,30,23,7,54,26,28,173,51,122,17,9,8
S01010858,303,156,147,3,3,0,36,29,7,12,12,0,65,31,34,32,26,6,37,17,20,95,24,71,23,14,9
S01010859,287,146,141,4,3,1,29,25,4,20,18,2,67,32,35,31,25,6,39,18,21,88,19,69,9,6,3
S01010860,279,124,155,5,5,0,29,23,6,12,12,0,58,27,31,27,19,8,45,17,28,88,18,70,15,3,12
S01010861,244,120,124,3,2,1,22,15,7,8,7,1,63,33,30,18,17,1,23,10,13,92,30,62,15,6,9
S01010862,176,90,86,0,0,0,19,17,2,9,8,1,43,19,24,8,4,4,26,16,10,58,19,39,13,7,6
S01010863,345,174,171,7,7,0,34,23,11,11,10,1,62,26,36,37,26,11,59,33,26,120,44,76,15,5,10
S01010864,290,149,141,4,3,1,26,22,4,13,11,2,41,27,14,28,21,7,42,20,22,119,36,83,17,9,8
S01010865,301,159,142,5,5,0,28,21,7,15,15,0,46,29,17,23,17,6,44,27,17,122,36,86,18,9,9
S01010866,267,141,126,4,4,0,17,16,1,13,13,0,41,22,19,28,20,8,51,31,20,103,31,72,10,4,6
S01010867,297,156,141,7,7,0,23,21,2,10,9,1,62,31,31,35,26,9,59,29,30,85,26,59,16,7,9
S01010868,337,162,175,4,4,0,34,25,9,7,6,1,65,34,31,29,16,13,59,30,29,124,38,86,15,9,6
S01010869,374,188,186,7,6,1,34,30,4,19,18,1,58,32,26,30,19,11,54,28,26,155,45,110,17,10,7
S01010870,381,186,195,3,3,0,27,18,9,14,11,3,75,37,38,41,26,15,61,36,25,146,48,98,14,7,7
S01010871,424,211,213,7,6,1,35,27,8,23,21,2,77,41,36,39,31,8,71,30,41,154,46,108,18,9,9
S01010872,353,174,179,2,1,1,38,30,8,16,14,2,70,36,34,43,32,11,57,27,30,110,25,85,17,9,8
S01010873,175,85,90,4,3,1,15,10,5,6,6,0,37,16,21,26,17,9,19,8,11,58,20,38,10,5,5
S01010874,403,203,200,5,4,1,42,34,8,14,14,0,65,31,34,47,38,9,53,25,28,159,44,115,18,13,5
S01010875,273,132,141,3,2,1,27,18,9,10,9,1,57,25,32,32,20,12,43,21,22,90,29,61,11,8,3
S01010876,328,144,184,6,4,2,23,16,7,12,11,1,80,34,46,35,22,13,53,22,31,103,27,76,16,8,8
S01010877,425,209,216,5,5,0,46,33,13,21,20,1,65,28,37,57,45,12,64,23,41,149,45,104,18,10,8
S01010878,424,236,188,4,4,0,47,38,9,28,25,3,77,40,37,54,41,13,67,39,28,131,42,89,16,7,9
S01010879,447,219,228,6,4,2,52,45,7,22,21,1,79,38,41,38,25,13,69,30,39,161,47,114,20,9,11
S01010880,218,100,118,5,5,0,31,27,4,4,4,0,47,11,36,18,15,3,28,12,16,72,19,53,13,7,6
S01010881,267,131,136,5,5,0,12,11,1,17,13,4,46,22,24,29,19,10,37,18,19,109,38,71,12,5,7
S01010882,298,149,149,8,8,0,44,35,9,13,12,1,52,23,29,22,17,5,33,18,15,115,33,82,11,3,8
S01010883,464,236,228,5,5,0,59,51,8,27,25,2,98,41,57,36,29,7,57,29,28,168,51,117,14,5,9
S01010884,236,116,120,1,1,0,42,29,13,11,10,1,51,30,21,25,18,7,21,8,13,70,18,52,15,2,13
S01010885,333,154,179,6,3,3,35,25,10,13,13,0,72,30,42,35,19,16,44,22,22,102,33,69,26,9,17
S01010886,209,101,108,4,4,0,22,17,5,17,15,2,46,19,27,18,14,4,30,10,20,66,18,48,6,4,2
S01010887,249,126,123,0,0,0,25,20,5,10,10,0,71,32,39,21,16,5,30,19,11,78,20,58,14,9,5
S01010888,342,164,178,7,5,2,36,28,8,18,17,1,67,30,37,30,25,5,44,24,20,126,28,98,14,7,7
S01010889,214,110,104,5,5,0,26,21,5,15,15,0,33,16,17,31,17,14,32,16,16,60,16,44,12,4,8
S01010890,227,103,124,2,2,0,20,13,7,5,4,1,62,26,36,34,18,16,34,21,13,60,14,46,10,5,5
S01010891,107,58,49,0,0,0,13,9,4,5,4,1,28,14,14,22,14,8,16,11,5,17,3,14,6,3,3
S01010892,311,151,160,2,2,0,36,25,11,20,17,3,66,37,29,31,16,15,44,25,19,96,25,71,16,4,12
S01010893,169,80,89,4,3,1,10,7,3,8,8,0,40,13,27,26,18,8,20,9,11,56,18,38,5,4,1
S01010894,289,135,154,8,7,1,23,16,7,11,10,1,64,26,38,28,20,8,58,21,37,86,31,55,11,4,7
S01010895,134,62,72,2,2,0,12,6,6,4,4,0,31,18,13,14,9,5,20,8,12,44,13,31,7,2,5
S01010896,240,115,125,4,3,1,29,20,9,10,8,2,55,21,34,25,18,7,38,17,21,63,18,45,16,10,6
S01010897,307,156,151,9,7,2,33,22,11,17,16,1,70,35,35,34,29,5,51,26,25,75,15,60,18,6,12
S01010898,244,130,114,7,6,1,23,18,5,12,11,1,47,25,22,37,30,7,33,18,15,72,18,54,13,4,9
S01010899,309,159,150,6,4,2,41,31,10,17,17,0,61,33,28,26,22,4,41,23,18,105,25,80,12,4,8
S01010900,260,118,142,4,2,2,18,13,5,22,21,1,75,28,47,24,20,4,34,12,22,74,16,58,9,6,3
S01010901,150,63,87,1,1,0,16,11,5,8,7,1,40,12,28,6,4,2,23,11,12,47,15,32,9,2,7
S01010902,409,200,209,11,11,0,50,39,11,19,17,2,78,31,47,54,35,19,50,26,24,134,34,100,13,7,6
S01010903,265,120,145,5,5,0,27,21,6,11,11,0,59,17,42,30,18,12,36,21,15,86,19,67,11,8,3
S01010904,207,100,107,6,4,2,26,18,8,8,7,1,40,17,23,29,23,6,34,13,21,57,17,40,7,1,6
S01010905,299,146,153,7,5,2,23,19,4,22,21,1,55,22,33,32,24,8,45,22,23,97,25,72,18,8,10
S01010906,443,220,223,11,11,0,56,43,13,29,28,1,84,41,43,40,30,10,73,27,46,123,28,95,27,12,15
S01010907,317,157,160,6,6,0,30,24,6,19,16,3,40,23,17,38,24,14,53,23,30,122,35,87,9,6,3
S01010908,277,143,134,7,7,0,35,26,9,8,7,1,68,28,40,28,22,6,36,21,15,87,30,57,8,2,6
S01010909,349,176,173,10,9,1,39,30,9,16,15,1,75,38,37,34,26,8,47,22,25,124,34,90,4,2,2
S01010910,179,85,94,3,2,1,21,16,5,7,7,0,36,13,23,35,23,12,22,10,12,46,9,37,9,5,4
S01010911,173,90,83,3,3,0,21,17,4,9,8,1,26,15,11,16,12,4,29,12,17,58,20,38,11,3,8
S01010912,196,92,104,4,3,1,23,16,7,14,13,1,50,21,29,15,9,6,30,9,21,53,14,39,7,7,0
S01010913,328,176,152,5,4,1,40,30,10,26,24,2,66,31,35,43,32,11,34,12,22,100,33,67,14,10,4
S01010914,376,179,197,5,4,1,58,43,15,19,16,3,62,22,40,47,34,13,50,13,37,115,37,78,20,10,10
S01010915,389,189,200,3,3,0,71,50,21,31,28,3,67,24,43,39,31,8,51,24,27,112,21,91,15,8,7
S01010916,178,93,85,5,5,0,20,9,11,13,13,0,41,21,20,21,15,6,26,13,13,46,14,32,6,3,3
S01010917,309,159,150,10,9,1,43,34,9,14,13,1,59,29,30,40,25,15,29,15,14,99,26,73,15,8,7
S01010918,277,134,143,9,7,2,36,19,17,21,21,0,58,22,36,25,19,6,34,17,17,83,24,59,11,5,6
S01010919,325,157,168,6,5,1,52,37,15,16,14,2,73,37,36,32,22,10,28,14,14,103,20,83,15,8,7
S01010920,197,90,107,4,3,1,14,7,7,22,22,0,51,19,32,15,6,9,30,16,14,46,10,36,15,7,8
S01010921,248,128,120,5,4,1,39,27,12,22,20,2,44,21,23,34,25,9,28,13,15,68,14,54,8,4,4
S01010922,301,145,156,4,4,0,34,28,6,11,11,0,71,29,42,29,21,8,36,23,13,92,20,72,24,9,15
S01010923,345,157,188,4,2,2,40,29,11,25,23,2,66,19,47,42,33,9,49,17,32,102,25,77,17,9,8
S01010924,270,141,129,3,2,1,41,31,10,14,12,2,55,21,34,34,28,6,41,25,16,68,14,54,14,8,6
S01010925,311,156,155,7,7,0,35,27,8,17,17,0,76,36,40,26,15,11,43,19,24,87,25,62,20,10,10
S01010926,313,147,166,7,7,0,34,25,9,19,19,0,57,23,34,34,27,7,51,17,34,99,25,74,12,4,8
S01010927,232,116,116,6,6,0,35,21,14,15,15,0,55,23,32,22,18,4,30,12,18,58,14,44,11,7,4
S01010928,259,131,128,4,4,0,27,15,12,15,14,1,62,27,35,37,28,9,36,19,17,63,19,44,15,5,10
S01010929,227,101,126,6,5,1,27,19,8,10,9,1,54,17,37,22,16,6,39,14,25,57,13,44,12,8,4
S01010930,520,269,251,37,27,10,34,23,11,36,31,5,67,37,30,32,23,9,129,67,62,163,56,107,22,5,17
S01010931,217,116,101,35,29,6,6,4,2,21,18,3,28,14,14,4,1,3,50,25,25,63,23,40,10,2,8
S01010932,265,130,135,9,9,0,10,7,3,27,25,2,41,16,25,19,15,4,35,20,15,101,24,77,23,14,9
S01010933,399,217,182,13,12,1,15,12,3,31,27,4,65,36,29,27,20,7,112,60,52,118,44,74,18,6,12
S01010934,549,287,262,12,8,4,24,19,5,34,30,4,105,67,38,42,31,11,109,61,48,183,55,128,40,16,24
S01010935,259,137,122,5,5,0,12,10,2,16,12,4,43,25,18,19,18,1,55,28,27,93,31,62,16,8,8
S01010936,352,171,181,8,6,2,14,6,8,34,29,5,72,34,38,24,20,4,80,30,50,99,39,60,21,7,14
S01010937,412,202,210,12,10,2,16,14,2,39,38,1,89,38,51,27,22,5,85,34,51,117,38,79,27,8,19
S01010938,327,161,166,8,6,2,17,16,1,33,32,1,87,39,48,19,15,4,50,19,31,92,28,64,21,6,15
S01010939,267,151,116,6,5,1,10,7,3,22,21,1,56,28,28,26,23,3,39,20,19,93,38,55,15,9,6
S01010940,369,185,184,6,5,1,13,12,1,19,16,3,59,31,28,21,19,2,84,46,38,143,48,95,24,8,16
S01010941,453,237,216,12,9,3,27,19,8,34,31,3,70,36,34,28,24,4,95,48,47,163,58,105,24,12,12
S01010942,336,180,156,11,9,2,15,13,2,18,17,1,66,36,30,27,22,5,71,35,36,114,43,71,14,5,9
S01010943,304,145,159,15,14,1,16,14,2,26,24,2,79,34,45,20,17,3,45,14,31,91,26,65,12,2,10
S01010944,267,131,136,8,8,0,12,10,2,20,17,3,70,32,38,16,16,0,41,16,25,77,24,53,23,8,15
S01010945,288,133,155,7,5,2,23,16,7,17,15,2,79,35,44,19,18,1,43,18,25,86,22,64,14,4,10
S01010946,407,210,197,9,6,3,26,22,4,33,31,2,100,50,50,37,31,6,57,24,33,121,36,85,24,10,14
S01010947,248,130,118,8,6,2,13,12,1,13,12,1,77,39,38,20,18,2,33,19,14,70,19,51,14,5,9
S01010948,325,169,156,8,7,1,23,15,8,20,20,0,92,46,46,27,21,6,52,29,23,87,27,60,16,4,12
S01010949,509,252,257,9,8,1,28,23,5,35,31,4,97,46,51,29,27,2,116,60,56,183,52,131,12,5,7
S01010950,380,193,187,8,6,2,21,20,1,42,41,1,86,38,48,18,14,4,68,30,38,118,36,82,19,8,11
S01010951,324,166,158,8,7,1,17,12,5,30,27,3,72,38,34,18,15,3,53,26,27,100,31,69,26,10,16
S01010952,300,160,140,7,5,2,20,20,0,24,23,1,64,36,28,19,12,7,59,26,33,88,29,59,19,9,10
S01010953,316,160,156,6,5,1,20,14,6,31,29,2,68,30,38,24,20,4,46,21,25,101,32,69,20,9,11
S01010954,393,232,161,9,7,2,18,14,4,20,17,3,70,34,36,27,20,7,48,26,22,185,108,77,16,6,10
S01010955,479,282,197,7,7,0,14,11,3,17,17,0,76,37,39,20,16,4,95,51,44,233,137,96,17,6,11
S01010956,382,201,181,18,16,2,15,10,5,27,24,3,58,29,29,18,15,3,113,51,62,113,45,68,20,11,9
S01010957,303,151,152,8,3,5,17,16,1,21,16,5,51,23,28,21,17,4,68,29,39,100,36,64,17,11,6
S01010958,231,122,109,6,4,2,10,7,3,18,18,0,49,28,21,13,10,3,47,20,27,74,31,43,14,4,10
S01010959,299,136,163,3,3,0,8,6,2,18,18,0,54,23,31,20,15,5,68,33,35,105,28,77,23,10,13
S01010960,524,267,257,23,17,6,29,24,5,53,50,3,100,48,52,41,36,5,94,48,46,160,37,123,24,7,17
S01010961,270,138,132,5,5,0,17,13,4,30,27,3,72,34,38,15,10,5,27,12,15,87,28,59,17,9,8
S01010962,262,135,127,6,5,1,14,10,4,23,22,1,49,18,31,22,20,2,51,30,21,82,22,60,15,8,7
S01010963,513,249,264,12,8,4,29,19,10,56,48,8,101,45,56,43,35,8,105,49,56,146,37,109,21,8,13
S01010964,255,129,126,3,2,1,19,14,5,26,25,1,57,27,30,21,17,4,40,19,21,74,18,56,15,7,8
S01010965,243,122,121,2,2,0,12,10,2,28,26,2,79,38,41,21,16,5,31,13,18,60,12,48,10,5,5
S01010966,333,166,167,5,5,0,21,16,5,41,33,8,75,34,41,22,19,3,60,26,34,91,24,67,18,9,9
S01010967,311,151,160,4,2,2,27,19,8,29,25,4,76,36,40,29,25,4,42,20,22,89,20,69,15,4,11
S01010968,341,170,171,6,5,1,24,19,5,32,32,0,55,25,30,27,22,5,57,29,28,122,35,87,18,3,15
S01010969,274,134,140,3,3,0,17,11,6,21,19,2,45,26,19,20,15,5,63,25,38,93,32,61,12,3,9
S01010970,477,259,218,14,13,1,29,24,5,61,58,3,93,42,51,29,28,1,89,44,45,135,37,98,27,13,14
S01010971,559,283,276,9,5,4,25,20,5,52,51,1,107,55,52,47,43,4,103,52,51,185,46,139,31,11,20
S01010972,376,196,180,9,7,2,24,21,3,51,51,0,100,44,56,18,15,3,46,20,26,109,31,78,19,7,12
S01010973,247,131,116,6,5,1,17,12,5,28,26,2,57,29,28,19,18,1,28,17,11,81,20,61,11,4,7
S01010974,342,177,165,10,9,1,15,10,5,31,30,1,68,32,36,37,33,4,63,36,27,106,24,82,12,3,9
S01010975,203,107,96,3,3,0,6,5,1,29,27,2,43,20,23,20,18,2,25,19,6,67,14,53,10,1,9
S01010976,267,134,133,3,3,0,18,14,4,20,20,0,57,27,30,25,23,2,30,16,14,102,27,75,12,4,8
S01010977,370,175,195,7,7,0,21,18,3,30,28,2,77,36,41,21,18,3,68,28,40,122,33,89,24,7,17
S01010978,335,168,167,6,4,2,17,13,4,39,34,5,71,37,34,22,20,2,51,24,27,110,32,78,19,4,15
S01010979,392,184,208,5,4,1,11,10,1,41,38,3,91,44,47,31,25,6,60,25,35,133,33,100,20,5,15
S01010980,342,158,184,7,7,0,13,11,2,36,32,4,64,29,35,18,16,2,71,32,39,117,26,91,16,5,11
S01010981,312,146,166,5,3,2,27,20,7,42,38,4,72,32,40,12,10,2,47,22,25,95,18,77,12,3,9
S01010982,566,310,256,16,12,4,28,22,6,53,44,9,93,52,41,38,29,9,117,68,49,188,70,118,33,13,20
S01010983,388,201,187,11,11,0,17,14,3,35,32,3,68,36,32,29,26,3,70,33,37,142,41,101,16,8,8
S01010984,269,140,129,4,2,2,14,13,1,24,22,2,48,27,21,23,21,2,43,21,22,86,22,64,27,12,15
S01010985,302,153,149,10,8,2,16,15,1,30,28,2,55,27,28,21,17,4,60,25,35,96,25,71,14,8,6
S01010986,304,160,144,8,5,3,15,12,3,32,32,0,53,30,23,23,16,7,58,26,32,92,30,62,23,9,14
S01010987,349,184,165,5,3,2,19,13,6,20,18,2,47,24,23,33,26,7,103,56,47,105,36,69,17,8,9
S01010988,348,173,175,6,4,2,26,21,5,21,18,3,62,29,33,38,29,9,93,46,47,93,23,70,9,3,6
S01010989,625,312,313,13,10,3,20,14,6,58,56,2,99,53,46,34,25,9,177,80,97,187,59,128,37,15,22
S01010990,378,187,191,10,8,2,26,22,4,29,28,1,78,36,42,27,25,2,58,22,36,128,35,93,22,11,11
S01010991,291,144,147,8,7,1,19,15,4,18,16,2,51,25,26,18,14,4,60,31,29,98,26,72,19,10,9
S01010992,316,167,149,9,4,5,16,11,5,22,20,2,46,30,16,26,23,3,89,47,42,92,28,64,16,4,12
S01010993,336,167,169,13,10,3,20,15,5,31,25,6,52,27,25,27,21,6,51,21,30,125,39,86,17,9,8
S01010994,536,275,261,12,6,6,18,14,4,27,26,1,87,47,40,33,28,5,148,79,69,183,62,121,28,13,15
S01010995,406,194,212,8,8,0,23,18,5,34,27,7,71,28,43,31,29,2,81,37,44,136,37,99,22,10,12
S01010996,320,165,155,4,4,0,18,14,4,20,18,2,48,25,23,20,13,7,78,39,39,110,44,66,22,8,14
S01010997,289,154,135,5,4,1,18,16,2,21,18,3,38,24,14,13,13,0,64,32,32,111,37,74,19,10,9
S01010998,289,148,141,10,6,4,13,11,2,17,15,2,48,23,25,26,20,6,76,41,35,88,29,59,11,3,8
S01010999,381,198,183,7,5,2,19,15,4,26,23,3,63,36,27,18,17,1,72,37,35,147,50,97,29,15,14
S01011000,439,234,205,16,13,3,14,10,4,48,41,7,83,42,41,28,20,8,87,43,44,133,51,82,30,14,16
S01011001,315,162,153,5,4,1,12,9,3,33,32,1,65,35,30,29,26,3,51,23,28,105,24,81,15,9,6
S01011002,331,166,165,8,8,0,14,12,2,28,27,1,70,29,41,22,20,2,57,27,30,106,31,75,26,12,14
S01011003,321,156,165,7,7,0,15,12,3,41,39,2,63,27,36,19,17,2,56,23,33,98,21,77,22,10,12
S01011004,340,166,174,10,10,0,13,11,2,30,28,2,53,19,34,32,28,4,68,29,39,118,34,84,16,7,9
S01011005,295,152,143,6,5,1,11,10,1,30,25,5,66,31,35,22,17,5,48,24,24,94,31,63,18,9,9
S01011006,554,282,272,12,8,4,32,24,8,60,57,3,106,57,49,29,23,6,108,46,62,189,63,126,18,4,14
S01011007,305,153,152,5,4,1,15,11,4,55,51,4,71,31,40,18,16,2,31,12,19,91,22,69,19,6,13
S01011008,361,188,173,9,8,1,28,20,8,39,35,4,85,46,39,31,23,8,46,17,29,102,30,72,21,9,12
S01011009,281,130,151,8,6,2,33,20,13,32,29,3,66,28,38,17,12,5,31,10,21,83,22,61,11,3,8
S01011010,264,138,126,9,7,2,25,19,6,22,19,3,52,27,25,15,12,3,42,21,21,87,26,61,12,7,5
S01011011,314,156,158,6,1,5,13,11,2,24,21,3,79,41,38,31,22,9,48,23,25,87,28,59,26,9,17
S01011012,273,132,141,6,6,0,17,13,4,35,31,4,70,26,44,20,17,3,36,17,19,72,17,55,17,5,12
S01011013,367,186,181,13,11,2,18,13,5,38,35,3,77,37,40,31,27,4,51,26,25,123,28,95,16,9,7
S01011014,458,231,227,9,9,0,29,23,6,36,30,6,94,51,43,31,28,3,80,35,45,152,42,110,27,13,14
S01011015,241,119,122,4,3,1,22,18,4,22,22,0,46,20,26,13,11,2,46,20,26,73,18,55,15,7,8
S01011016,495,257,238,14,12,2,23,15,8,49,44,5,87,45,42,46,36,10,103,54,49,146,41,105,27,10,17
S01011017,438,216,222,20,16,4,25,19,6,36,31,5,64,36,28,31,21,10,99,49,50,133,34,99,30,10,20
S01011018,423,225,198,12,12,0,26,22,4,54,51,3,99,45,54,18,14,4,68,36,32,122,33,89,24,12,12
S01011019,530,279,251,30,22,8,28,20,8,57,52,5,82,39,43,39,30,9,122,69,53,147,40,107,25,7,18
S01011020,255,136,119,21,12,9,15,6,9,34,31,3,19,13,6,23,17,6,53,28,25,77,24,53,13,5,8
S01011021,395,201,194,11,10,1,28,20,8,34,30,4,86,43,43,32,26,6,56,25,31,132,39,93,16,8,8
S01011022,269,134,135,10,8,2,10,9,1,24,24,0,70,29,41,23,18,5,34,18,16,86,19,67,12,9,3
S01011023,409,206,203,9,6,3,22,19,3,43,35,8,90,47,43,37,28,9,73,36,37,117,30,87,18,5,13
S01011024,321,152,169,12,10,2,16,9,7,39,32,7,89,38,51,28,25,3,40,18,22,88,18,70,9,2,7
S01011025,351,171,180,5,4,1,24,18,6,28,26,2,97,48,49,37,31,6,48,17,31,94,20,74,18,7,11
S01011026,265,137,128,1,1,0,9,4,5,37,37,0,70,31,39,25,21,4,36,16,20,77,23,54,10,4,6
S01011027,386,198,188,4,3,1,19,16,3,41,37,4,95,44,51,39,32,7,59,28,31,108,29,79,21,9,12
S01011028,371,185,186,11,10,1,26,21,5,42,40,2,87,36,51,32,26,6,58,31,27,92,13,79,23,8,15
S01011029,297,153,144,10,9,1,20,17,3,36,34,2,63,27,36,22,18,4,36,16,20,93,26,67,17,6,11
S01011030,552,284,268,12,10,2,34,29,5,59,54,5,102,46,56,48,39,9,94,40,54,171,56,115,32,10,22
S01011031,309,143,166,7,6,1,18,13,5,39,37,2,60,30,30,18,14,4,50,18,32,99,20,79,18,5,13
S01011032,355,180,175,8,8,0,29,18,11,33,32,1,78,36,42,18,16,2,50,30,20,120,34,86,19,6,13
S01011033,360,186,174,12,8,4,23,17,6,38,36,2,66,34,32,22,21,1,58,35,23,124,29,95,17,6,11
S01011034,299,138,161,7,6,1,16,12,4,26,22,4,67,33,34,19,14,5,41,18,23,106,25,81,17,8,9
S01011035,311,155,156,6,6,0,20,12,8,31,28,3,59,22,37,27,24,3,55,28,27,96,27,69,17,8,9
S01011036,341,177,164,7,7,0,20,19,1,30,27,3,78,35,43,31,21,10,59,28,31,97,31,66,19,9,10
S01011037,415,211,204,12,11,1,12,11,1,42,38,4,104,51,53,36,26,10,70,35,35,126,33,93,13,6,7
S01011038,348,174,174,13,13,0,16,12,4,23,23,0,90,40,50,30,23,7,51,25,26,97,25,72,28,13,15
S01011039,400,220,180,16,13,3,20,18,2,44,41,3,74,41,33,27,22,5,72,34,38,127,43,84,20,8,12
S01011040,308,153,155,1,1,0,14,9,5,49,47,2,73,36,37,14,10,4,59,29,30,83,16,67,15,5,10
S01011041,278,130,148,3,3,0,13,11,2,22,19,3,73,37,36,13,10,3,46,21,25,88,22,66,20,7,13
S01011042,430,212,218,11,10,1,25,20,5,59,54,5,70,32,38,22,17,5,82,39,43,137,31,106,24,9,15
S01011043,302,158,144,1,1,0,27,22,5,35,31,4,59,27,32,18,17,1,41,23,18,105,32,73,16,5,11
S01011044,309,147,162,13,11,2,16,12,4,19,17,2,79,35,44,20,16,4,44,21,23,99,24,75,19,11,8
S01011045,386,211,175,52,42,10,69,51,18,18,17,1,63,24,39,25,12,13,30,21,9,95,32,63,34,12,22
S01011046,458,268,190,69,58,11,92,64,28,43,37,6,71,25,46,22,12,10,57,35,22,87,28,59,17,9,8
S01011047,465,253,212,49,43,6,137,88,49,44,40,4,71,29,42,22,14,8,31,16,15,96,19,77,15,4,11
S01011048,470,244,226,22,20,2,119,76,43,57,53,4,86,32,54,11,8,3,41,23,18,119,28,91,15,4,11
S01011049,351,195,156,12,10,2,125,88,37,41,39,2,42,12,30,14,12,2,28,14,14,80,19,61,9,1,8
S01011050,411,231,180,36,27,9,95,72,23,38,35,3,61,25,36,18,15,3,33,18,15,113,33,80,17,6,11
S01011051,476,254,222,33,31,2,105,75,30,54,47,7,81,29,52,19,14,5,35,16,19,128,33,95,21,9,12
S01011052,370,188,182,13,13,0,126,81,45,32,27,5,62,21,41,16,13,3,19,9,10,93,23,70,9,1,8
S01011053,293,161,132,7,7,0,112,75,37,36,29,7,45,22,23,7,4,3,16,7,9,63,14,49,7,3,4
S01011054,279,148,131,14,10,4,88,57,31,17,14,3,51,26,25,13,10,3,16,11,5,70,16,54,10,4,6
S01011055,297,171,126,38,32,6,65,51,14,20,16,4,40,21,19,12,9,3,30,18,12,81,21,60,11,3,8
S01011056,372,209,163,69,56,13,48,35,13,43,36,7,62,21,41,20,16,4,33,21,12,81,19,62,16,5,11
S01011057,313,180,133,32,27,5,49,30,19,46,42,4,60,32,28,23,17,6,21,9,12,69,20,49,13,3,10
S01011058,348,187,161,61,48,13,38,22,16,34,32,2,63,25,38,14,13,1,38,18,20,95,28,67,5,1,4
S01011059,323,183,140,50,41,9,31,25,6,35,33,2,66,26,40,24,16,8,35,17,18,74,22,52,8,3,5
S01011060,394,215,179,23,20,3,58,45,13,53,46,7,82,32,50,26,20,6,48,31,17,87,16,71,17,5,12
S01011061,425,219,206,19,19,0,72,50,22,52,50,2,105,44,61,36,26,10,29,10,19,86,14,72,26,6,20
S01011062,486,271,215,22,21,1,90,66,24,82,75,7,121,49,72,19,13,6,31,20,11,95,20,75,26,7,19
S01011063,462,230,232,17,15,2,93,61,32,57,55,2,121,47,74,15,12,3,31,17,14,112,21,91,16,2,14
S01011064,517,279,238,31,28,3,92,71,21,58,53,5,128,52,76,39,29,10,46,20,26,94,18,76,29,8,21
S01011065,327,188,139,44,41,3,24,17,7,32,26,6,77,41,36,16,12,4,33,23,10,89,22,67,12,6,6
S01011066,231,121,110,29,29,0,25,17,8,15,14,1,73,33,40,10,7,3,14,9,5,55,9,46,10,3,7
S01011067,236,134,102,20,19,1,19,15,4,40,38,2,49,21,28,12,8,4,21,10,11,56,17,39,19,6,13
S01011068,242,129,113,24,22,2,19,11,8,26,25,1,51,23,28,19,15,4,30,11,19,59,17,42,14,5,9
S01011069,244,138,106,21,21,0,30,25,5,10,10,0,67,33,34,15,14,1,25,13,12,67,18,49,9,4,5
S01011070,310,177,133,38,38,0,21,12,9,46,44,2,65,29,36,19,18,1,28,14,14,83,20,63,10,2,8
S01011071,388,221,167,44,40,4,37,27,10,43,36,7,94,44,50,29,25,4,44,27,17,84,19,65,13,3,10
S01011072,516,271,245,68,62,6,47,29,18,50,45,5,107,44,63,44,34,10,56,29,27,123,27,96,21,1,20
S01011073,354,200,154,47,45,2,46,31,15,35,30,5,79,39,40,17,14,3,31,17,14,86,19,67,13,5,8
S01011074,320,176,144,48,46,2,40,25,15,30,30,0,62,25,37,18,15,3,26,14,12,82,15,67,14,6,8
S01011075,313,159,154,31,30,1,66,33,33,31,29,2,82,30,52,21,15,6,23,10,13,49,10,39,10,2,8
S01011076,331,183,148,40,38,2,47,31,16,24,22,2,88,39,49,16,13,3,34,22,12,71,15,56,11,3,8
S01011077,300,138,162,24,22,2,42,28,14,21,18,3,70,20,50,29,20,9,23,12,11,77,15,62,14,3,11
S01011078,532,290,242,73,67,6,58,34,24,48,42,6,125,59,66,35,28,7,56,29,27,121,27,94,16,4,12
S01011079,541,311,230,88,83,5,76,50,26,36,34,2,131,59,72,35,31,4,36,20,16,108,24,84,31,10,21
S01011080,468,256,212,55,54,1,67,47,20,37,33,4,110,46,64,34,26,8,38,21,17,103,22,81,24,7,17
S01011081,380,208,172,50,48,2,54,39,15,26,26,0,97,38,59,19,15,4,24,16,8,87,20,67,23,6,17
S01011082,212,111,101,28,28,0,37,20,17,13,13,0,45,16,29,18,14,4,16,8,8,46,8,38,9,4,5
S01011083,370,209,161,41,37,4,40,31,9,41,38,3,84,39,45,12,10,2,24,16,8,118,33,85,10,5,5
S01011084,372,203,169,34,32,2,36,28,8,35,31,4,60,25,35,22,19,3,41,22,19,123,41,82,21,5,16
S01011085,442,219,223,30,27,3,69,40,29,26,23,3,67,24,43,37,30,7,43,23,20,157,48,109,13,4,9
S01011086,311,187,124,25,22,3,52,38,14,32,30,2,64,31,33,12,11,1,35,21,14,79,29,50,12,5,7
S01011087,286,149,137,16,15,1,63,36,27,30,27,3,62,23,39,18,14,4,23,11,12,63,16,47,11,7,4
S01011088,457,235,222,22,20,2,52,31,21,43,39,4,88,37,51,23,21,2,36,19,17,174,60,114,19,8,11
S01011089,276,138,138,15,15,0,26,21,5,24,23,1,77,30,47,15,13,2,18,10,8,91,21,70,10,5,5
S01011090,369,206,163,64,58,6,51,36,15,23,20,3,69,28,41,21,17,4,50,30,20,82,15,67,9,2,7
S01011091,360,203,157,53,44,9,43,27,16,34,30,4,55,33,22,18,15,3,35,18,17,105,30,75,17,6,11
S01011092,186,90,96,2,2,0,15,13,2,25,21,4,51,22,29,14,11,3,11,4,7,65,17,48,3,0,3
S01011093,336,185,151,31,28,3,44,34,10,41,36,5,54,22,32,14,11,3,40,22,18,93,23,70,19,9,10
S01011094,275,148,127,33,31,2,19,16,3,14,13,1,43,19,24,10,7,3,40,21,19,103,37,66,13,4,9
S01011095,436,245,191,44,36,8,34,25,9,37,35,2,93,50,43,22,16,6,46,25,21,145,51,94,15,7,8
S01011096,315,166,149,37,28,9,30,20,10,24,22,2,52,20,32,18,14,4,33,19,14,112,39,73,9,4,5
S01011097,376,204,172,33,29,4,37,27,10,45,39,6,60,29,31,7,5,2,54,27,27,130,44,86,10,4,6
S01011098,402,216,186,21,19,2,51,37,14,33,30,3,106,45,61,19,11,8,17,15,2,140,51,89,15,8,7
S01011099,411,218,193,22,18,4,56,33,23,49,48,1,100,48,52,20,17,3,39,18,21,105,31,74,20,5,15
S01011100,209,115,94,11,11,0,22,18,4,28,27,1,55,25,30,6,6,0,20,10,10,60,14,46,7,4,3
S01011101,272,144,128,10,9,1,46,31,15,31,31,0,73,32,41,18,12,6,25,12,13,55,12,43,14,5,9
S01011102,301,151,150,11,10,1,56,32,24,22,21,1,79,30,49,17,13,4,27,15,12,79,26,53,10,4,6
S01011103,276,143,133,13,12,1,36,21,15,19,16,3,89,44,45,21,17,4,18,9,9,74,23,51,6,1,5
S01011104,280,144,136,9,7,2,29,18,11,19,16,3,66,31,35,7,7,0,28,14,14,111,48,63,11,3,8
S01011105,408,203,205,15,12,3,74,36,38,45,44,1,95,36,59,29,26,3,25,15,10,107,29,78,18,5,13
S01011106,451,248,203,24,21,3,47,28,19,21,18,3,87,24,63,10,8,2,19,9,10,222,134,88,21,6,15
S01011107,488,246,242,34,32,2,62,32,30,48,43,5,115,47,68,19,15,4,34,16,18,162,60,102,14,1,13
S01011108,299,154,145,9,8,1,28,20,8,45,40,5,62,24,38,20,15,5,25,14,11,98,33,65,12,0,12
S01011109,434,225,209,22,21,1,68,46,22,60,51,9,109,44,65,18,15,3,39,19,20,99,25,74,19,4,15
S01011110,369,188,181,15,14,1,56,34,22,40,33,7,100,38,62,27,23,4,24,11,13,90,32,58,17,3,14
S01011111,422,213,209,23,17,6,57,33,24,54,51,3,130,57,73,21,16,5,39,16,23,86,19,67,12,4,8
S01011112,514,258,256,26,23,3,59,44,15,54,44,10,108,43,65,22,18,4,47,22,25,174,59,115,24,5,19
S01011113,486,252,234,20,20,0,48,28,20,46,45,1,154,75,79,22,17,5,35,16,19,147,44,103,14,7,7
S01011114,403,216,187,16,16,0,51,35,16,53,46,7,92,46,46,10,7,3,37,17,20,136,43,93,8,6,2
S01011115,461,240,221,23,21,2,63,43,20,52,50,2,128,59,69,23,17,6,31,11,20,124,38,86,17,1,16
S01011116,333,179,154,12,12,0,32,24,8,29,28,1,93,40,53,24,20,4,31,13,18,101,38,63,11,4,7
S01011117,371,207,164,15,12,3,32,23,9,27,26,1,103,58,45,21,17,4,41,25,16,123,43,80,9,3,6
S01011118,413,209,204,17,16,1,37,22,15,21,20,1,87,41,46,14,12,2,52,33,19,164,56,108,21,9,12
S01011119,427,229,198,12,12,0,62,41,21,31,29,2,84,41,43,14,8,6,45,26,19,163,68,95,16,4,12
S01011120,297,156,141,11,9,2,19,14,5,24,19,5,60,32,28,10,9,1,32,19,13,125,46,79,16,8,8
S01011121,290,155,135,12,9,3,50,33,17,23,21,2,83,34,49,16,13,3,22,15,7,74,25,49,10,5,5
S01011122,337,174,163,10,9,1,39,26,13,46,44,2,79,28,51,28,23,5,29,16,13,101,28,73,5,0,5
S01011123,565,306,259,33,33,0,50,35,15,89,81,8,158,53,105,39,33,6,37,18,19,137,44,93,22,9,13
S01011124,345,175,170,13,13,0,48,30,18,41,39,2,76,25,51,18,14,4,34,17,17,102,33,69,13,4,9
S01011125,268,133,135,15,14,1,38,26,12,36,34,2,68,28,40,13,9,4,22,10,12,66,9,57,10,3,7
S01011126,250,134,116,3,3,0,21,12,9,24,23,1,48,19,29,11,8,3,20,8,12,117,61,56,6,0,6
S01011127,241,153,88,0,0,0,8,4,4,3,2,1,30,7,23,4,1,3,11,2,9,178,136,42,7,1,6
S01011128,362,191,171,15,15,0,38,23,15,37,31,6,87,38,49,13,11,2,39,14,25,122,55,67,11,4,7
S01011129,489,263,226,24,24,0,29,15,14,23,21,2,87,38,49,17,11,6,37,19,18,255,133,122,17,2,15
S01011130,273,151,122,10,10,0,42,27,15,27,24,3,54,28,26,16,13,3,22,9,13,89,34,55,13,6,7
S01011131,352,202,150,18,17,1,29,24,5,13,12,1,59,29,30,21,19,2,32,18,14,167,78,89,13,5,8
S01011132,465,262,203,30,30,0,26,16,10,28,27,1,91,47,44,24,19,5,42,25,17,194,89,105,30,9,21
S01011133,219,120,99,11,11,0,15,13,2,20,19,1,46,19,27,18,16,2,20,12,8,77,27,50,12,3,9
S01011134,400,231,169,24,24,0,38,27,11,43,37,6,87,43,44,21,17,4,32,16,16,138,61,77,17,6,11
S01011135,379,199,180,26,21,5,33,25,8,33,32,1,90,28,62,22,16,6,31,19,12,127,51,76,17,7,10
S01011136,326,172,154,20,20,0,23,15,8,26,26,0,49,23,26,10,10,0,38,20,18,140,52,88,20,6,14
S01011137,240,119,121,11,11,0,14,11,3,20,19,1,47,18,29,9,8,1,17,6,11,108,40,68,14,6,8
S01011138,335,183,152,21,21,0,29,20,9,21,19,2,76,26,50,16,13,3,17,10,7,142,73,69,13,1,12
S01011139,977,722,255,10,10,0,12,8,4,18,16,2,67,26,41,13,11,2,41,18,23,806,629,177,10,4,6
S01011140,278,144,134,11,10,1,26,18,8,32,31,1,62,24,38,11,10,1,20,7,13,105,41,64,11,3,8
S01011141,280,140,140,14,14,0,22,19,3,27,24,3,69,26,43,13,10,3,27,12,15,96,30,66,12,5,7
S01011142,435,231,204,26,22,4,32,27,5,24,22,2,69,39,30,17,16,1,34,14,20,209,81,128,24,10,14
S01011143,460,232,228,28,25,3,29,22,7,26,22,4,110,45,65,27,21,6,42,26,16,177,64,113,21,7,14
S01011144,370,200,170,23,23,0,25,16,9,22,21,1,59,32,27,19,18,1,41,19,22,166,65,101,15,6,9
S01011145,336,174,162,20,16,4,32,27,5,29,27,2,50,19,31,14,11,3,36,16,20,134,50,84,21,8,13
S01011146,345,182,163,17,16,1,25,23,2,41,40,1,65,28,37,30,17,13,28,9,19,126,48,78,13,1,12
S01011147,531,297,234,25,19,6,56,42,14,47,46,1,107,46,61,29,23,6,43,27,16,204,86,118,20,8,12
S01011148,419,240,179,61,49,12,33,28,5,38,34,4,72,39,33,7,6,1,38,21,17,129,38,91,41,25,16
S01011149,545,354,191,19,16,3,12,8,4,17,15,2,46,19,27,14,11,3,30,13,17,383,261,122,24,11,13
S01011150,247,137,110,7,7,0,18,13,5,10,8,2,40,14,26,15,11,4,20,8,12,131,74,57,6,2,4
S01011151,275,159,116,9,8,1,12,6,6,21,19,2,42,14,28,6,5,1,19,7,12,161,99,62,5,1,4
S01011152,332,172,160,17,14,3,26,13,13,12,11,1,59,25,34,12,8,4,40,28,12,140,59,81,26,14,12
S01011153,385,211,174,21,19,2,28,23,5,35,31,4,85,39,46,28,23,5,42,21,21,128,49,79,18,6,12
S01011154,248,141,107,10,8,2,17,14,3,23,23,0,53,22,31,16,14,2,41,18,23,75,34,41,13,8,5
S01011155,274,148,126,10,9,1,20,14,6,30,28,2,71,26,45,13,13,0,27,11,16,91,42,49,12,5,7
S01011156,307,156,151,14,11,3,20,13,7,20,20,0,70,28,42,14,12,2,45,32,13,114,36,78,10,4,6
S01011157,304,160,144,19,15,4,24,19,5,18,18,0,73,29,44,20,14,6,24,11,13,114,51,63,12,3,9
S01011158,228,121,107,8,7,1,20,16,4,10,9,1,40,17,23,11,10,1,35,24,11,99,36,63,5,2,3
S01011159,222,113,109,9,7,2,16,12,4,19,19,0,54,16,38,23,16,7,24,12,12,70,30,40,7,1,6
S01011160,479,255,224,21,14,7,37,29,8,50,49,1,95,40,55,29,23,6,60,29,31,166,63,103,21,8,13
S01011161,301,155,146,9,8,1,32,28,4,38,37,1,87,31,56,26,19,7,30,12,18,62,14,48,17,6,11
S01011162,200,111,89,13,11,2,18,14,4,11,11,0,51,30,21,16,13,3,23,10,13,61,20,41,7,2,5
S01011163,406,209,197,21,21,0,35,28,7,44,43,1,115,37,78,31,23,8,49,25,24,97,27,70,14,5,9
S01011164,341,171,170,16,15,1,20,15,5,25,22,3,75,29,46,18,16,2,39,19,20,135,49,86,13,6,7
S01011165,311,167,144,18,15,3,28,18,10,43,41,2,71,24,47,30,26,4,20,7,13,92,35,57,9,1,8
S01011166,235,122,113,13,11,2,15,15,0,12,11,1,50,22,28,19,15,4,26,8,18,87,34,53,13,6,7
S01011167,358,189,169,28,24,4,35,22,13,22,20,2,41,23,18,18,16,2,45,22,23,140,50,90,29,12,17
S01011168,429,243,186,59,51,8,27,19,8,51,45,6,77,30,47,23,16,7,61,35,26,112,37,75,19,10,9
S01011169,522,279,243,28,26,2,36,27,9,34,31,3,92,41,51,40,33,7,56,21,35,220,94,126,16,6,10
S01011170,432,236,196,39,33,6,26,21,5,30,25,5,68,32,36,19,15,4,74,34,40,150,64,86,26,12,14
S01011171,463,240,223,29,20,9,35,24,11,54,47,7,135,59,76,26,22,4,41,28,13,111,26,85,32,14,18
S01011172,351,184,167,39,32,7,45,28,17,40,40,0,85,30,55,22,18,4,23,12,11,89,21,68,8,3,5
S01011173,236,122,114,10,8,2,17,8,9,35,32,3,51,25,26,10,7,3,23,9,14,68,24,44,22,9,13
S01011174,186,101,85,10,9,1,23,11,12,15,14,1,39,16,23,12,8,4,23,16,7,44,16,28,20,11,9
S01011175,217,101,116,8,7,1,11,6,5,27,26,1,52,21,31,14,10,4,19,6,13,72,19,53,14,6,8
S01011176,225,116,109,6,4,2,26,15,11,37,34,3,65,26,39,17,12,5,23,8,15,38,11,27,13,6,7
S01011177,423,214,209,18,16,2,32,21,11,38,34,4,148,64,84,31,22,9,28,16,12,104,27,77,24,14,10
S01011178,218,113,105,9,6,3,23,18,5,17,15,2,46,20,26,16,12,4,12,8,4,77,30,47,18,4,14
S01011179,281,133,148,12,11,1,33,24,9,28,25,3,62,26,36,21,15,6,29,15,14,85,14,71,11,3,8
S01011180,220,105,115,11,9,2,17,15,2,34,33,1,45,16,29,14,11,3,29,12,17,59,5,54,11,4,7
S01011181,254,141,113,41,31,10,18,15,3,26,22,4,38,19,19,15,12,3,36,19,17,62,19,43,18,4,14
S01011182,219,120,99,14,10,4,27,21,6,24,22,2,52,25,27,16,11,5,19,11,8,62,18,44,5,2,3
S01011183,265,134,131,8,7,1,35,28,7,19,16,3,60,26,34,18,14,4,29,15,14,86,20,66,10,8,2
S01011184,428,217,211,8,8,0,53,43,10,26,22,4,93,44,49,35,26,9,46,26,20,150,43,107,17,5,12
S01011185,320,163,157,10,9,1,39,31,8,35,32,3,66,29,37,17,14,3,40,21,19,100,22,78,13,5,8
S01011186,387,194,193,9,9,0,47,40,7,28,24,4,70,33,37,36,29,7,46,21,25,134,34,100,17,4,13
S01011187,346,173,173,11,11,0,44,39,5,27,26,1,77,27,50,23,21,2,38,19,19,120,28,92,6,2,4
S01011188,422,227,195,11,9,2,56,49,7,44,39,5,109,55,54,16,11,5,36,21,15,134,34,100,16,9,7
S01011189,400,197,203,9,8,1,41,36,5,33,31,2,95,40,55,26,19,7,43,18,25,137,41,96,16,4,12
S01011190,264,134,130,3,3,0,27,24,3,41,35,6,62,21,41,13,10,3,32,16,16,78,24,54,8,1,7
S01011191,240,113,127,7,7,0,28,21,7,26,24,2,61,28,33,11,7,4,22,8,14,75,17,58,10,1,9
S01011192,335,170,165,17,16,1,44,41,3,34,28,6,75,29,46,27,20,7,36,13,23,90,21,69,12,2,10
S01011193,287,146,141,8,8,0,27,25,2,32,29,3,63,28,35,22,17,5,35,17,18,81,16,65,19,6,13
S01011194,275,132,143,3,3,0,19,16,3,27,25,2,70,26,44,32,23,9,31,12,19,73,18,55,20,9,11
S01011195,352,171,181,7,6,1,46,35,11,25,24,1,86,32,54,31,24,7,44,20,24,107,29,78,6,1,5
S01011196,357,177,180,10,8,2,46,30,16,34,28,6,96,40,56,26,20,6,27,16,11,94,28,66,24,7,17
S01011197,314,158,156,4,4,0,37,30,7,30,27,3,80,32,48,31,27,4,25,16,9,92,19,73,15,3,12
S01011198,264,125,139,8,5,3,35,23,12,23,23,0,70,27,43,19,16,3,24,15,9,69,11,58,16,5,11
S01011199,367,177,190,3,2,1,34,25,9,43,41,2,79,36,43,26,23,3,51,19,32,112,29,83,19,2,17
S01011200,355,188,167,10,7,3,55,47,8,34,29,5,63,29,34,30,25,5,37,21,16,115,27,88,11,3,8
S01011201,297,157,140,8,7,1,40,35,5,23,22,1,63,29,34,22,18,4,31,16,15,97,25,72,13,5,8
S01011202,377,167,210,14,14,0,44,38,6,25,22,3,85,27,58,18,14,4,37,14,23,131,31,100,23,7,16
S01011203,381,175,206,8,5,3,53,46,7,25,23,2,90,31,59,24,18,6,44,17,27,111,25,86,26,10,16
S01011204,296,143,153,9,8,1,37,29,8,19,17,2,63,27,36,19,14,5,40,19,21,96,24,72,13,5,8
S01011205,392,199,193,16,15,1,51,34,17,30,28,2,83,36,47,41,31,10,49,22,27,112,29,83,10,4,6
S01011206,397,205,192,13,12,1,46,39,7,37,33,4,79,38,41,31,24,7,43,14,29,135,38,97,13,7,6
S01011207,353,182,171,11,9,2,42,38,4,25,23,2,64,22,42,43,34,9,48,22,26,107,29,78,13,5,8
S01011208,523,261,262,12,11,1,64,52,12,50,44,6,104,40,64,46,36,10,49,22,27,180,52,128,18,4,14
S01011209,276,137,139,10,7,3,30,22,8,30,29,1,55,23,32,19,15,4,34,12,22,79,24,55,19,5,14
S01011210,368,200,168,15,14,1,42,36,6,27,22,5,86,44,42,29,20,9,55,32,23,97,24,73,17,8,9
S01011211,380,185,195,20,16,4,40,35,5,27,22,5,85,34,51,21,16,5,38,22,16,137,35,102,12,5,7
S01011212,226,107,119,3,3,0,32,27,5,15,15,0,70,23,47,16,15,1,13,8,5,67,14,53,10,2,8
S01011213,417,195,222,10,9,1,55,38,17,38,35,3,122,48,74,21,18,3,36,14,22,115,25,90,20,8,12
S01011214,312,149,163,14,14,0,24,15,9,37,35,2,76,26,50,21,19,2,36,17,19,97,22,75,7,1,6
S01011215,201,93,108,3,0,3,11,8,3,21,21,0,50,24,26,7,5,2,24,15,9,67,16,51,18,4,14
S01011216,183,86,97,9,9,0,21,16,5,15,15,0,39,17,22,12,10,2,26,9,17,52,10,42,9,0,9
S01011217,295,139,156,9,9,0,29,23,6,20,20,0,59,23,36,30,24,6,46,21,25,78,15,63,24,4,20
S01011218,214,104,110,6,4,2,18,13,5,15,15,0,58,34,24,12,9,3,31,11,20,63,14,49,11,4,7
S01011219,317,151,166,9,7,2,36,26,10,28,26,2,94,38,56,27,21,6,36,16,20,72,14,58,15,3,12
S01011220,365,181,184,11,9,2,37,30,7,40,39,1,87,28,59,30,22,8,42,24,18,103,24,79,15,5,10
S01011221,428,207,221,12,11,1,55,42,13,46,41,5,90,39,51,27,22,5,47,22,25,132,24,108,19,6,13
S01011222,275,141,134,7,7,0,36,28,8,26,25,1,60,23,37,22,15,7,25,11,14,84,27,57,15,5,10
S01011223,366,176,190,15,15,0,47,37,10,26,25,1,66,27,39,27,24,3,37,15,22,133,30,103,15,3,12
S01011224,268,144,124,6,6,0,40,33,7,22,21,1,65,23,42,17,15,2,25,17,8,82,27,55,11,2,9
S01011225,253,126,127,4,4,0,26,23,3,23,19,4,57,20,37,12,12,0,38,21,17,73,20,53,20,7,13
S01011226,411,206,205,14,13,1,42,36,6,32,29,3,81,34,47,32,19,13,49,26,23,139,45,94,22,4,18
S01011227,320,171,149,4,4,0,37,31,6,32,31,1,70,34,36,19,11,8,52,30,22,90,23,67,16,7,9
S01011228,308,161,147,12,10,2,35,28,7,19,18,1,83,46,37,18,13,5,42,17,25,81,25,56,18,4,14
S01011229,166,78,88,2,2,0,17,11,6,14,13,1,47,16,31,10,7,3,18,7,11,45,17,28,13,5,8
S01011230,261,129,132,11,11,0,27,21,6,27,26,1,61,26,35,13,10,3,33,12,21,73,18,55,16,5,11
S01011231,207,104,103,7,7,0,27,21,6,17,17,0,67,27,40,14,9,5,19,7,12,44,10,34,12,6,6
S01011232,446,233,213,14,10,4,59,42,17,41,34,7,94,45,49,32,22,10,73,36,37,114,33,81,19,11,8
S01011233,119,57,62,3,2,1,12,9,3,11,11,0,28,9,19,12,8,4,10,4,6,41,12,29,2,2,0
S01011234,364,176,188,22,21,1,39,29,10,38,35,3,74,30,44,31,20,11,39,18,21,103,21,82,18,2,16
S01011235,121,58,63,8,7,1,8,7,1,11,10,1,25,11,14,10,6,4,9,3,6,40,11,29,10,3,7
S01011236,236,117,119,6,6,0,22,18,4,28,25,3,44,15,29,16,14,2,24,11,13,85,26,59,11,2,9
S01011237,277,137,140,15,13,2,15,12,3,33,29,4,74,29,45,10,8,2,36,16,20,90,28,62,4,2,2
S01011238,216,101,115,7,6,1,13,11,2,17,14,3,61,23,38,14,13,1,30,15,15,56,13,43,18,6,12
S01011239,253,136,117,15,10,5,17,15,2,26,25,1,46,18,28,19,15,4,28,17,11,79,19,60,23,17,6
S01011240,248,118,130,10,9,1,28,20,8,21,19,2,41,15,26,15,13,2,30,17,13,89,20,69,14,5,9
S01011241,406,223,183,19,18,1,38,31,7,36,35,1,75,36,39,36,33,3,47,24,23,127,31,96,28,15,13
S01011242,298,142,156,12,11,1,23,19,4,17,16,1,52,20,32,27,21,6,39,22,17,115,31,84,13,2,11
S01011243,283,123,160,8,5,3,18,14,4,26,25,1,74,27,47,29,18,11,28,15,13,87,15,72,13,4,9
S01011244,246,118,128,11,9,2,24,20,4,19,18,1,51,19,32,22,16,6,29,15,14,76,16,60,14,5,9
S01011245,305,130,175,16,12,4,14,10,4,29,28,1,54,23,31,19,15,4,46,14,32,111,26,85,16,2,14
S01011246,415,201,214,17,17,0,21,15,6,34,32,2,85,34,51,45,28,17,49,22,27,137,40,97,27,13,14
S01011247,340,173,167,26,25,1,32,25,7,20,17,3,53,32,21,17,14,3,49,22,27,126,32,94,17,6,11
S01011248,386,179,207,30,24,6,41,33,8,32,27,5,80,27,53,28,21,7,32,8,24,130,34,96,13,5,8
S01011249,368,180,188,34,30,4,38,32,6,20,20,0,67,24,43,22,19,3,56,24,32,116,25,91,15,6,9
S01011250,422,187,235,11,8,3,32,26,6,34,32,2,89,31,58,42,32,10,44,24,20,140,23,117,30,11,19
S01011251,365,170,195,17,12,5,30,25,5,34,31,3,92,31,61,29,19,10,30,18,12,113,30,83,20,4,16
S01011252,307,142,165,19,15,4,24,18,6,21,21,0,67,29,38,29,24,5,42,17,25,95,16,79,10,2,8
S01011253,324,147,177,18,13,5,37,29,8,26,26,0,86,24,62,16,11,5,23,11,12,102,27,75,16,6,10
S01011254,527,275,252,34,28,6,60,50,10,44,41,3,90,32,58,40,35,5,62,32,30,180,46,134,17,11,6
S01011255,423,218,205,24,23,1,48,39,9,25,21,4,69,38,31,28,19,9,65,31,34,155,44,111,9,3,6
S01011256,249,122,127,10,8,2,35,28,7,29,22,7,44,18,26,20,14,6,30,8,22,71,20,51,10,4,6
S01011257,160,82,78,9,8,1,11,10,1,8,8,0,32,16,16,12,7,5,22,12,10,57,18,39,9,3,6
S01011258,267,137,130,14,10,4,25,23,2,29,27,2,43,22,21,13,8,5,31,19,12,101,24,77,11,4,7
S01011259,313,165,148,10,9,1,24,20,4,30,26,4,60,29,31,26,22,4,36,15,21,117,39,78,10,5,5
S01011260,302,150,152,12,11,1,24,19,5,26,24,2,47,19,28,20,18,2,42,17,25,117,37,80,14,5,9
S01011261,268,134,134,12,11,1,34,27,7,27,25,2,55,22,33,16,11,5,34,14,20,68,14,54,22,10,12
S01011262,205,99,106,4,3,1,17,14,3,18,17,1,45,18,27,20,16,4,30,15,15,62,14,48,9,2,7
S01011263,524,260,264,32,29,3,36,33,3,41,40,1,104,49,55,42,27,15,69,27,42,180,50,130,20,5,15
S01011264,267,127,140,10,10,0,31,30,1,25,24,1,73,24,49,24,16,8,26,10,16,66,9,57,12,4,8
S01011265,376,162,214,13,10,3,20,16,4,41,38,3,110,31,79,26,20,6,41,18,23,107,23,84,18,6,12
S01011266,378,183,195,21,19,2,41,31,10,27,25,2,84,32,52,43,30,13,35,15,20,111,25,86,16,6,10
S01011267,246,121,125,19,15,4,29,24,5,15,14,1,40,16,24,15,10,5,28,12,16,88,24,64,12,6,6
S01011268,160,89,71,8,8,0,16,12,4,15,14,1,30,13,17,16,11,5,16,9,7,53,18,35,6,4,2
S01011269,187,87,100,10,9,1,20,16,4,20,18,2,30,12,18,14,8,6,17,4,13,62,15,47,14,5,9
S01011270,284,137,147,8,6,2,34,24,10,29,26,3,63,27,36,22,12,10,31,17,14,89,22,67,8,3,5
S01011271,297,146,151,19,19,0,31,28,3,23,21,2,68,29,39,24,16,8,31,14,17,90,17,73,11,2,9
S01011272,289,140,149,17,15,2,30,20,10,29,28,1,60,23,37,19,14,5,33,18,15,82,16,66,19,6,13
S01011273,319,145,174,8,5,3,24,15,9,29,27,2,92,30,62,24,18,6,39,21,18,84,21,63,19,8,11
S01011274,351,179,172,13,11,2,43,36,7,34,33,1,88,32,56,21,18,3,44,16,28,95,28,67,13,5,8
S01011275,231,117,114,7,6,1,22,18,4,26,24,2,65,29,36,21,17,4,20,9,11,61,12,49,9,2,7
S01011276,370,196,174,22,22,0,44,37,7,39,34,5,82,35,47,24,19,5,51,25,26,98,22,76,10,2,8
S01011277,371,190,181,12,10,2,43,38,5,29,25,4,80,36,44,21,16,5,50,21,29,120,37,83,16,7,9
S01011278,307,154,153,7,7,0,51,41,10,24,21,3,50,22,28,27,16,11,38,22,16,102,22,80,8,3,5
S01011279,322,162,160,12,12,0,42,36,6,17,15,2,65,30,35,23,18,5,34,21,13,117,25,92,12,5,7
S01011280,283,151,132,11,10,1,39,31,8,20,20,0,50,22,28,8,7,1,39,23,16,102,31,71,14,7,7
S01011281,346,177,169,12,11,1,33,27,6,31,29,2,67,30,37,26,14,12,48,25,23,113,34,79,16,7,9
S01011282,495,242,253,13,10,3,66,50,16,28,23,5,76,35,41,50,42,8,67,28,39,175,47,128,20,7,13
S01011283,426,229,197,21,20,1,50,37,13,36,28,8,78,42,36,25,17,8,61,33,28,145,46,99,10,6,4
S01011284,348,177,171,16,16,0,42,29,13,28,27,1,62,31,31,24,20,4,52,27,25,119,27,92,5,0,5
S01011285,307,133,174,11,9,2,19,14,5,25,25,0,82,32,50,16,11,5,31,14,17,101,25,76,22,3,19
S01011286,289,140,149,11,11,0,22,22,0,21,19,2,88,31,57,19,12,7,24,9,15,85,26,59,19,10,9
S01011287,330,150,180,3,3,0,29,23,6,28,27,1,82,35,47,31,17,14,28,18,10,113,21,92,16,6,10
S01011288,323,144,179,9,6,3,27,22,5,31,29,2,96,35,61,29,21,8,24,9,15,88,15,73,19,7,12
S01011289,378,173,205,6,5,1,40,28,12,31,29,2,83,29,54,42,32,10,38,19,19,122,24,98,16,7,9
S01011290,443,230,213,20,18,2,36,31,5,41,39,2,103,50,53,35,27,8,49,25,24,138,35,103,21,5,16
S01011291,329,166,163,19,18,1,44,38,6,29,26,3,80,32,48,17,14,3,37,18,19,90,14,76,13,6,7
S01011292,239,121,118,17,14,3,26,20,6,23,22,1,53,22,31,14,10,4,22,11,11,74,17,57,10,5,5
S01011293,295,139,156,10,9,1,42,36,6,32,32,0,60,19,41,16,13,3,28,14,14,95,14,81,12,2,10
S01011294,275,137,138,3,3,0,31,23,8,31,29,2,57,26,31,23,16,7,24,10,14,86,21,65,20,9,11
S01011295,435,218,217,14,14,0,56,40,16,41,36,5,66,24,42,29,22,7,55,27,28,157,45,112,17,10,7
S01011296,220,95,125,6,5,1,14,10,4,24,20,4,42,16,26,17,11,6,28,11,17,77,18,59,12,4,8
S01011297,362,172,190,5,2,3,40,33,7,37,34,3,95,35,60,22,16,6,52,25,27,91,21,70,20,6,14
S01011298,230,120,110,7,7,0,20,15,5,27,25,2,53,20,33,19,17,2,15,7,8,73,19,54,16,10,6
S01011299,267,150,117,39,33,6,16,12,4,34,30,4,36,14,22,16,14,2,41,22,19,68,19,49,17,6,11
S01011300,359,181,178,16,14,2,60,40,20,36,34,2,62,21,41,28,25,3,40,11,29,99,29,70,18,7,11
S01011301,329,174,155,9,9,0,40,33,7,32,31,1,53,25,28,23,18,5,51,26,25,110,28,82,11,4,7
S01011302,293,149,144,6,2,4,32,19,13,29,23,6,58,34,24,35,30,5,35,14,21,91,24,67,7,3,4
S01011303,523,273,250,22,21,1,65,58,7,47,44,3,91,41,50,30,21,9,72,28,44,170,51,119,26,9,17
S01011304,280,148,132,11,8,3,46,31,15,25,25,0,68,31,37,23,18,5,25,14,11,65,15,50,17,6,11
S01011305,365,192,173,12,11,1,56,39,17,36,34,2,69,37,32,31,22,9,51,23,28,103,24,79,7,2,5
S01011306,201,102,99,7,4,3,45,32,13,13,13,0,37,17,20,7,6,1,19,11,8,63,14,49,10,5,5
S01011307,219,133,86,44,37,7,11,9,2,20,19,1,38,19,19,17,14,3,18,12,6,64,21,43,7,2,5
S01011308,221,118,103,26,22,4,19,14,5,18,14,4,23,10,13,16,11,5,48,25,23,57,17,40,14,5,9
S01011309,311,162,149,24,21,3,27,21,6,15,13,2,40,22,18,26,20,6,68,34,34,92,22,70,19,9,10
S01011310,297,158,139,18,15,3,14,12,2,19,18,1,53,23,30,39,28,11,40,21,19,91,29,62,23,12,11
S01011311,333,162,171,24,19,5,20,14,6,30,26,4,59,28,31,15,12,3,43,23,20,106,26,80,36,14,22
S01011312,476,256,220,31,28,3,45,34,11,33,29,4,73,39,34,34,22,12,76,43,33,150,44,106,34,17,17
S01011313,328,162,166,21,18,3,19,15,4,20,17,3,66,30,36,21,16,5,46,21,25,105,32,73,30,13,17
S01011314,515,275,240,29,23,6,41,36,5,38,33,5,85,47,38,36,32,4,70,35,35,182,53,129,34,16,18
S01011315,170,79,91,15,13,2,9,9,0,13,12,1,38,11,27,17,13,4,17,6,11,51,10,41,10,5,5
S01011316,290,131,159,11,10,1,21,15,6,33,31,2,68,20,48,11,7,4,39,18,21,94,21,73,13,9,4
S01011317,260,130,130,13,10,3,22,16,6,23,18,5,53,26,27,23,19,4,37,20,17,73,17,56,16,4,12
S01011318,355,196,159,15,12,3,25,20,5,23,21,2,84,36,48,33,24,9,51,33,18,96,33,63,28,17,11
S01011319,318,166,152,16,15,1,32,27,5,12,10,2,72,32,40,26,22,4,48,26,22,94,29,65,18,5,13
S01011320,211,109,102,14,10,4,15,12,3,11,10,1,41,21,20,23,18,5,22,11,11,67,18,49,18,9,9
S01011321,326,155,171,21,17,4,24,19,5,18,17,1,74,33,41,27,21,6,36,12,24,111,26,85,15,10,5
S01011322,296,147,149,20,17,3,17,13,4,17,16,1,58,25,33,34,26,8,28,13,15,102,32,70,20,5,15
S01011323,412,200,212,21,17,4,24,20,4,25,24,1,92,35,57,35,28,7,61,23,38,125,38,87,29,15,14
S01011324,187,98,89,11,8,3,10,7,3,9,8,1,41,21,20,26,19,7,26,14,12,49,12,37,15,9,6
S01011325,293,146,147,11,10,1,13,9,4,21,19,2,86,42,44,27,23,4,32,13,19,71,17,54,32,13,19
S01011326,272,137,135,8,7,1,9,6,3,13,12,1,78,35,43,35,26,9,30,14,16,75,24,51,24,13,11
S01011327,233,113,120,5,3,2,13,13,0,16,16,0,55,25,30,24,15,9,16,9,7,86,27,59,18,5,13
S01011328,277,140,137,18,16,2,12,11,1,21,17,4,70,35,35,11,8,3,27,17,10,104,30,74,14,6,8
S01011329,339,180,159,17,16,1,20,18,2,26,22,4,76,34,42,42,29,13,43,19,24,94,33,61,21,9,12
S01011330,311,152,159,26,22,4,29,23,6,16,14,2,44,17,27,36,26,10,26,14,12,108,29,79,26,7,19
S01011331,265,137,128,17,16,1,23,16,7,15,15,0,39,19,20,28,22,6,33,15,18,96,29,67,14,5,9
S01011332,374,191,183,24,19,5,32,24,8,18,17,1,64,30,34,44,31,13,58,29,29,105,30,75,29,11,18
S01011333,260,143,117,10,7,3,20,17,3,20,18,2,50,25,25,19,15,4,56,26,30,73,26,47,12,9,3
S01011334,384,207,177,57,45,12,23,18,5,35,29,6,71,38,33,27,22,5,41,18,23,108,28,80,22,9,13
S01011335,384,202,182,22,17,5,29,22,7,20,17,3,72,39,33,45,32,13,51,26,25,131,40,91,14,9,5
S01011336,262,136,126,12,10,2,15,11,4,19,18,1,57,29,28,28,20,8,37,22,15,83,22,61,11,4,7
S01011337,316,179,137,7,7,0,20,19,1,21,19,2,58,29,29,38,27,11,50,31,19,100,31,69,22,16,6
S01011338,295,146,149,11,9,2,41,28,13,24,20,4,50,21,29,32,24,8,32,17,15,95,23,72,10,4,6
S01011339,229,107,122,5,5,0,22,15,7,19,16,3,52,16,36,18,16,2,33,19,14,67,17,50,13,3,10
S01011340,272,133,139,7,4,3,29,24,5,27,23,4,57,27,30,20,15,5,26,15,11,91,23,68,15,2,13
S01011341,332,173,159,9,8,1,35,28,7,36,32,4,75,42,33,27,16,11,41,17,24,91,21,70,18,9,9
S01011342,333,172,161,8,7,1,48,39,9,34,31,3,70,30,40,25,18,7,40,15,25,95,29,66,13,3,10
S01011343,326,168,158,8,7,1,48,30,18,33,32,1,61,29,32,28,24,4,32,14,18,97,26,71,19,6,13
S01011344,323,162,161,11,8,3,43,29,14,35,33,2,75,34,41,28,21,7,29,9,20,81,21,60,21,7,14
S01011345,309,139,170,5,4,1,50,33,17,27,26,1,79,25,54,20,16,4,29,15,14,88,17,71,11,3,8
S01011346,291,144,147,6,5,1,34,22,12,34,31,3,67,26,41,20,16,4,31,14,17,86,27,59,13,3,10
S01011347,432,231,201,7,6,1,48,37,11,35,33,2,86,34,52,43,38,5,56,27,29,132,45,87,25,11,14
S01011348,373,181,192,6,4,2,56,33,23,28,25,3,57,22,35,37,29,8,34,16,18,137,43,94,18,9,9
S01011349,555,281,274,12,11,1,60,50,10,37,28,9,110,57,53,55,46,9,70,28,42,184,54,130,27,7,20
S01011350,318,165,153,7,4,3,41,30,11,28,27,1,61,25,36,25,20,5,39,21,18,100,30,70,17,8,9
S01011351,265,130,135,9,8,1,34,29,5,21,17,4,67,29,38,30,19,11,23,12,11,74,16,58,7,0,7
S01011352,301,145,156,12,11,1,20,16,4,31,28,3,67,33,34,18,11,7,38,15,23,100,25,75,15,6,9
S01011353,296,146,150,9,7,2,26,21,5,27,27,0,67,30,37,19,12,7,32,14,18,96,29,67,20,6,14
S01011354,339,163,176,13,13,0,20,14,6,41,37,4,66,22,44,27,17,10,48,25,23,107,26,81,17,9,8
S01011355,440,232,208,16,14,2,44,32,12,38,35,3,83,33,50,42,33,9,54,30,24,145,43,102,18,12,6
S01011356,519,279,240,58,38,20,41,25,16,51,41,10,74,33,41,57,44,13,71,45,26,141,41,100,26,12,14
S01011357,386,201,185,10,4,6,45,37,8,37,33,4,75,47,28,24,18,6,38,22,16,131,27,104,26,13,13
S01011358,333,157,176,8,7,1,25,17,8,20,19,1,57,29,28,24,18,6,54,20,34,140,45,95,5,2,3
S01011359,298,165,133,6,3,3,18,16,2,28,25,3,56,34,22,44,34,10,37,18,19,98,32,66,11,3,8
S01011360,318,160,158,14,8,6,41,28,13,20,17,3,68,34,34,36,29,7,40,18,22,88,22,66,11,4,7
S01011361,193,120,73,4,3,1,35,27,8,20,19,1,40,19,21,32,27,5,20,11,9,35,11,24,7,3,4
S01011362,322,168,154,19,13,6,33,22,11,36,29,7,57,27,30,26,21,5,42,22,20,95,29,66,14,5,9
S01011363,358,181,177,18,13,5,28,19,9,40,37,3,58,28,30,30,22,8,43,24,19,118,27,91,23,11,12
S01011364,326,161,165,7,4,3,45,37,8,17,16,1,72,29,43,32,27,5,35,15,20,108,30,78,10,3,7
S01011365,343,168,175,10,6,4,31,23,8,35,34,1,52,23,29,35,26,9,42,18,24,128,33,95,10,5,5
S01011366,189,90,99,7,3,4,21,14,7,19,17,2,39,17,22,13,12,1,29,10,19,55,16,39,6,1,5
S01011367,360,177,183,9,6,3,37,25,12,51,48,3,84,36,48,44,32,12,22,9,13,93,15,78,20,6,14
S01011368,528,270,258,17,13,4,51,36,15,53,48,5,101,58,43,29,22,7,86,46,40,169,41,128,22,6,16
S01011369,354,194,160,10,8,2,40,29,11,37,36,1,68,31,37,34,28,6,40,18,22,109,33,76,16,11,5
S01011370,466,235,231,15,8,7,36,27,9,42,40,2,71,34,37,40,28,12,78,30,48,164,57,107,20,11,9
S01011371,397,204,193,11,10,1,28,19,9,35,31,4,103,51,52,38,32,6,66,33,33,101,25,76,15,3,12
S01011372,257,151,106,8,5,3,40,32,8,12,11,1,67,35,32,33,24,9,26,10,16,54,24,30,17,10,7
S01011373,252,130,122,9,5,4,23,20,3,24,23,1,67,32,35,23,19,4,26,13,13,71,15,56,9,3,6
S01011374,392,193,199,10,5,5,23,16,7,39,33,6,72,38,34,44,33,11,70,31,39,122,34,88,12,3,9
S01011375,310,165,145,6,5,1,28,24,4,24,19,5,60,29,31,30,23,7,39,21,18,111,38,73,12,6,6
S01011376,205,104,101,8,5,3,16,13,3,10,9,1,47,25,22,18,13,5,30,18,12,58,17,41,18,4,14
S01011377,317,157,160,4,3,1,26,16,10,21,18,3,43,24,19,30,21,9,57,30,27,118,37,81,18,8,10
S01011378,354,184,170,8,5,3,37,30,7,28,26,2,56,27,29,17,11,6,47,25,22,137,47,90,24,13,11
S01011379,526,275,251,6,5,1,37,30,7,39,34,5,82,40,42,39,31,8,100,51,49,191,70,121,32,14,18
S01011380,341,173,168,6,4,2,34,22,12,31,23,8,71,41,30,28,22,6,44,23,21,117,35,82,10,3,7
S01011381,307,159,148,6,3,3,25,16,9,20,17,3,44,24,20,27,21,6,49,28,21,108,37,71,28,13,15
S01011382,270,144,126,9,5,4,21,13,8,39,36,3,59,29,30,31,24,7,30,12,18,60,14,46,21,11,10
S01011383,232,113,119,6,4,2,19,14,5,20,20,0,39,14,25,22,20,2,36,19,17,69,15,54,21,7,14
S01011384,206,98,108,7,6,1,21,14,7,21,20,1,57,26,31,12,9,3,25,10,15,56,11,45,7,2,5
S01011385,357,181,176,7,5,2,27,16,11,32,30,2,74,40,34,39,32,7,52,27,25,102,22,80,24,9,15
S01011386,206,96,110,5,3,2,17,10,7,22,21,1,60,24,36,14,12,2,21,8,13,54,9,45,13,9,4
S01011387,302,150,152,9,8,1,30,23,7,25,24,1,62,24,38,28,23,5,39,18,21,94,25,69,15,5,10
S01011388,605,313,292,13,10,3,59,44,15,49,46,3,90,51,39,64,52,12,80,36,44,224,62,162,26,12,14
S01011389,355,160,195,13,7,6,28,18,10,18,15,3,90,41,49,29,25,4,48,24,24,102,22,80,27,8,19
S01011390,328,173,155,6,5,1,37,34,3,30,27,3,84,33,51,31,26,5,34,19,15,87,22,65,19,7,12
S01011391,284,147,137,7,6,1,37,32,5,33,28,5,65,30,35,15,14,1,20,10,10,83,19,64,24,8,16
S01011392,282,140,142,4,3,1,22,17,5,25,24,1,73,31,42,31,22,9,19,11,8,84,25,59,24,7,17
S01011393,355,186,169,7,5,2,40,32,8,50,43,7,75,40,35,24,20,4,44,16,28,99,24,75,16,6,10
S01011394,320,163,157,5,4,1,31,23,8,25,23,2,58,28,30,25,22,3,49,23,26,113,34,79,14,6,8
S01011395,324,153,171,7,4,3,37,24,13,29,27,2,61,29,32,30,23,7,29,16,13,116,24,92,15,6,9
S01011396,315,153,162,8,8,0,22,16,6,33,29,4,59,26,33,25,15,10,36,15,21,112,33,79,20,11,9
S01011397,308,152,156,6,4,2,27,21,6,28,26,2,83,40,43,24,17,7,34,12,22,94,26,68,12,6,6
S01011398,280,134,146,2,1,1,25,16,9,23,23,0,65,34,31,28,24,4,29,15,14,93,16,77,15,5,10
S01011399,218,105,113,2,1,1,15,11,4,26,25,1,40,17,23,23,21,2,25,12,13,80,16,64,7,2,5
S01011400,362,178,184,13,10,3,29,23,6,29,27,2,77,34,43,17,12,5,51,31,20,128,34,94,18,7,11
S01011401,283,150,133,6,5,1,39,34,5,16,11,5,54,34,20,19,14,5,34,14,20,104,33,71,11,5,6
S01011402,357,165,192,10,7,3,38,29,9,29,27,2,72,29,43,26,19,7,29,16,13,135,31,104,18,7,11
S01011403,279,147,132,4,3,1,27,21,6,29,26,3,68,34,34,27,23,4,29,14,15,85,21,64,10,5,5
S01011404,385,187,198,4,3,1,29,20,9,42,38,4,72,33,39,28,22,6,46,21,25,149,44,105,15,6,9
S01011405,274,144,130,7,3,4,29,21,8,27,24,3,57,32,25,22,16,6,41,18,23,79,28,51,12,2,10
S01011406,302,139,163,6,5,1,26,22,4,22,22,0,79,35,44,21,15,6,42,15,27,90,18,72,16,7,9
S01011407,519,274,245,11,8,3,41,32,9,60,53,7,114,62,52,52,39,13,69,41,28,154,33,121,18,6,12
S01011408,365,179,186,10,5,5,29,21,8,37,34,3,100,50,50,23,18,5,45,22,23,109,24,85,12,5,7
S01011409,343,163,180,11,10,1,33,25,8,27,24,3,87,38,49,30,24,6,35,17,18,100,24,76,20,1,19
S01011410,299,141,158,3,2,1,32,25,7,38,34,4,62,28,34,26,18,8,30,10,20,95,20,75,13,4,9
S01011411,307,159,148,9,8,1,23,21,2,42,41,1,65,25,40,29,23,6,31,10,21,92,26,66,16,5,11
S01011412,437,226,211,10,8,2,43,36,7,41,38,3,83,42,41,36,23,13,54,31,23,154,41,113,16,7,9
S01011413,332,178,154,8,6,2,25,22,3,31,30,1,60,35,25,21,18,3,48,20,28,126,40,86,13,7,6
S01011414,351,185,166,8,4,4,34,27,7,39,35,4,60,32,28,32,24,8,45,26,19,118,32,86,15,5,10
S01011415,440,219,221,11,10,1,42,34,8,46,41,5,69,35,34,36,29,7,62,24,38,158,39,119,16,7,9
S01011416,355,176,179,10,8,2,49,42,7,32,29,3,64,30,34,16,11,5,43,18,25,132,36,96,9,2,7
S01011417,353,187,166,4,1,3,28,23,5,41,40,1,72,34,38,26,18,8,45,22,23,116,39,77,21,10,11
S01011418,229,120,109,2,1,1,25,18,7,25,22,3,61,34,27,12,12,0,28,12,16,69,18,51,7,3,4
S01011419,255,139,116,7,5,2,20,17,3,23,23,0,70,37,33,28,25,3,27,12,15,67,13,54,13,7,6
S01011420,183,93,90,6,4,2,20,13,7,23,21,2,37,9,28,19,18,1,20,11,9,53,15,38,5,2,3
S01011421,318,157,161,5,4,1,23,20,3,27,26,1,63,30,33,31,23,8,45,19,26,108,30,78,16,5,11
S01011422,268,135,133,4,4,0,34,23,11,24,23,1,64,37,27,30,23,7,21,5,16,79,17,62,12,3,9
S01011423,171,97,74,5,4,1,13,10,3,14,13,1,41,24,17,17,15,2,21,13,8,49,15,34,11,3,8
S01011424,264,137,127,8,5,3,18,14,4,40,39,1,58,32,26,16,13,3,35,13,22,78,17,61,11,4,7
S01011425,334,172,162,6,5,1,35,23,12,33,29,4,68,36,32,35,28,7,30,15,15,113,33,80,14,3,11
S01011426,539,285,254,32,26,6,49,37,12,57,52,5,86,49,37,49,34,15,68,28,40,179,53,126,19,6,13
S01011427,293,167,126,12,11,1,30,22,8,39,34,5,59,31,28,20,16,4,39,23,16,76,22,54,18,8,10
S01011428,237,135,102,9,8,1,25,21,4,37,36,1,38,20,18,25,20,5,25,8,17,71,18,53,7,4,3
S01011429,471,295,176,28,21,7,41,34,7,53,52,1,80,48,32,30,23,7,60,34,26,159,74,85,20,9,11
S01011430,479,240,239,13,8,5,59,43,16,57,55,2,100,41,59,34,25,9,63,32,31,134,31,103,19,5,14
S01011431,471,252,219,13,11,2,69,57,12,67,66,1,81,35,46,30,23,7,56,22,34,133,29,104,22,9,13
S01011432,482,247,235,9,7,2,54,40,14,55,49,6,98,47,51,42,32,10,61,26,35,144,40,104,19,6,13
S01011433,349,170,179,13,11,2,60,35,25,38,38,0,82,35,47,22,19,3,27,10,17,86,15,71,21,7,14
S01011434,272,140,132,5,3,2,32,18,14,38,34,4,51,26,25,14,12,2,32,14,18,89,26,63,11,7,4
S01011435,500,253,247,15,15,0,50,42,8,55,49,6,72,41,31,38,23,15,64,29,35,189,46,143,17,8,9
S01011436,316,159,157,8,4,4,56,33,23,34,33,1,61,32,29,25,19,6,33,13,20,88,19,69,11,6,5
S01011437,311,163,148,10,6,4,58,37,21,42,37,5,53,34,19,14,9,5,33,15,18,96,23,73,5,2,3
S01011438,209,107,102,6,6,0,32,18,14,33,30,3,44,17,27,17,10,7,23,11,12,49,13,36,5,2,3
S01011439,395,213,182,16,12,4,53,37,16,35,32,3,75,37,38,31,23,8,52,28,24,108,34,74,25,10,15
S01011440,260,137,123,8,7,1,49,28,21,21,20,1,75,39,36,23,19,4,23,5,18,53,17,36,8,2,6
S01011441,354,182,172,8,6,2,55,32,23,50,41,9,90,37,53,41,29,12,34,19,15,70,15,55,6,3,3
S01011442,280,143,137,6,4,2,42,23,19,32,27,5,86,50,36,22,12,10,26,10,16,55,14,41,11,3,8
S01011443,254,131,123,7,6,1,45,25,20,21,20,1,82,36,46,26,16,10,20,11,9,49,15,34,4,2,2
S01011444,289,151,138,4,3,1,43,26,17,32,32,0,58,34,24,31,27,4,32,11,21,73,14,59,16,4,12
S01011445,252,132,120,6,5,1,23,16,7,30,29,1,43,21,22,39,27,12,31,16,15,71,17,54,9,1,8
S01011446,254,136,118,23,21,2,29,22,7,23,19,4,45,19,26,36,20,16,38,18,20,49,13,36,11,4,7
S01011447,385,186,199,7,5,2,41,31,10,40,37,3,80,42,38,37,28,9,31,11,20,128,23,105,21,9,12
S01011448,475,255,220,11,6,5,70,57,13,49,44,5,104,48,56,36,25,11,49,23,26,139,41,98,17,11,6
S01011449,225,132,93,6,5,1,36,29,7,29,27,2,32,18,14,22,20,2,31,16,15,64,14,50,5,3,2
S01011450,315,169,146,5,3,2,29,22,7,33,26,7,65,40,25,38,29,9,43,22,21,93,22,71,9,5,4
S01011451,387,212,175,12,9,3,27,20,7,50,39,11,86,47,39,37,25,12,62,31,31,96,32,64,17,9,8
S01011452,517,284,233,13,11,2,50,38,12,57,51,6,104,62,42,53,42,11,53,30,23,168,40,128,19,10,9
S01011453,320,174,146,9,6,3,38,31,7,31,26,5,76,38,38,32,27,5,38,15,23,79,21,58,17,10,7
S01011454,343,164,179,14,8,6,28,19,9,29,26,3,89,38,51,39,32,7,42,19,23,86,18,68,16,4,12
S01011455,300,144,156,7,7,0,40,30,10,17,15,2,78,28,50,35,30,5,35,14,21,74,10,64,14,10,4
S01011456,341,169,172,10,6,4,39,31,8,30,28,2,82,34,48,33,27,6,49,18,31,83,20,63,15,5,10
S01011457,411,206,205,9,9,0,39,28,11,35,28,7,113,43,70,41,34,7,54,24,30,105,34,71,15,6,9
S01011458,658,331,327,18,11,7,63,45,18,47,43,4,135,74,61,83,64,19,67,29,38,219,55,164,26,10,16
S01011459,561,273,288,13,10,3,34,23,11,51,42,9,106,56,50,52,41,11,94,41,53,179,50,129,32,10,22
S01011460,339,168,171,9,8,1,29,25,4,35,32,3,67,32,35,44,36,8,45,14,31,100,18,82,10,3,7
S01011461,340,168,172,10,7,3,31,22,9,36,34,2,86,33,53,36,28,8,50,21,29,79,18,61,12,5,7
S01011462,464,252,212,11,10,1,47,33,14,46,43,3,96,46,50,31,26,5,67,35,32,147,49,98,19,10,9
S01011463,340,181,159,8,5,3,39,29,10,25,23,2,74,38,36,37,30,7,39,25,14,110,25,85,8,6,2
S01011464,344,190,154,6,6,0,29,23,6,34,31,3,71,41,30,35,24,11,57,24,33,99,35,64,13,6,7
S01011465,198,110,88,6,5,1,21,15,6,13,11,2,47,21,26,21,13,8,38,22,16,42,21,21,10,2,8
S01011466,238,116,122,6,5,1,20,10,10,17,16,1,64,29,35,31,21,10,35,13,22,49,16,33,16,6,10
S01011467,261,135,126,1,0,1,34,21,13,24,22,2,53,27,26,22,17,5,43,25,18,74,19,55,10,4,6
S01011468,519,275,244,18,11,7,57,42,15,37,33,4,104,63,41,46,36,10,83,38,45,152,40,112,22,12,10
S01011469,353,184,169,5,4,1,41,24,17,38,33,5,83,34,49,39,30,9,48,29,19,85,24,61,14,6,8
S01011470,499,250,249,13,8,5,55,39,16,39,34,5,107,55,52,58,44,14,58,29,29,149,33,116,20,8,12
S01011471,390,203,187,13,10,3,48,37,11,36,32,4,66,32,34,34,29,5,52,16,36,124,40,84,17,7,10
S01011472,341,182,159,8,8,0,46,34,12,23,21,2,76,39,37,34,25,9,43,16,27,99,32,67,12,7,5
S01011473,218,117,101,8,5,3,19,11,8,14,14,0,59,33,26,19,18,1,27,12,15,57,17,40,15,7,8
S01011474,282,157,125,11,5,6,31,24,7,19,16,3,61,28,33,33,28,5,45,21,24,71,28,43,11,7,4
S01011475,191,99,92,4,4,0,15,11,4,9,6,3,41,21,20,15,14,1,29,17,12,64,18,46,14,8,6
S01011476,273,130,143,8,4,4,17,12,5,18,13,5,42,22,20,22,18,4,58,25,33,99,30,69,9,6,3
S01011477,423,217,206,12,10,2,30,21,9,22,20,2,77,43,34,30,23,7,82,43,39,150,44,106,20,13,7
S01011478,565,300,265,10,7,3,48,40,8,43,37,6,101,58,43,46,35,11,99,48,51,193,59,134,25,16,9
S01011479,405,202,203,7,4,3,23,18,5,29,23,6,57,31,26,44,32,12,69,34,35,162,55,107,14,5,9
S01011480,538,283,255,15,8,7,45,41,4,32,30,2,101,54,47,21,17,4,105,59,46,199,65,134,20,9,11
S01011481,446,225,221,16,10,6,34,26,8,36,30,6,84,42,42,46,32,14,74,31,43,139,48,91,17,6,11
S01011482,368,186,182,5,3,2,32,24,8,36,33,3,67,30,37,33,27,6,63,26,37,115,33,82,17,10,7
S01011483,291,150,141,8,7,1,17,12,5,29,24,5,49,28,21,23,19,4,42,18,24,117,41,76,6,1,5
S01011484,353,177,176,10,7,3,32,22,10,25,25,0,80,32,48,37,30,7,42,27,15,108,24,84,19,10,9
S01011485,340,168,172,13,9,4,25,17,8,20,17,3,95,51,44,29,25,4,45,18,27,94,25,69,19,6,13
S01011486,181,94,87,5,4,1,19,15,4,10,10,0,47,21,26,28,22,6,19,10,9,42,11,31,11,1,10
S01011487,487,233,254,8,7,1,48,38,10,43,40,3,112,44,68,37,30,7,69,25,44,136,40,96,34,9,25
S01011488,239,123,116,3,1,2,25,15,10,22,19,3,54,28,26,23,17,6,30,17,13,69,21,48,13,5,8
S01011489,425,217,208,18,13,5,47,36,11,33,33,0,88,43,45,28,21,7,70,31,39,127,38,89,14,2,12
S01011490,477,228,249,11,7,4,48,30,18,38,36,2,83,42,41,44,37,7,76,29,47,149,36,113,28,11,17
S01011491,210,99,111,4,2,2,25,16,9,10,10,0,49,20,29,27,18,9,28,14,14,53,12,41,14,7,7
S01011492,334,189,145,7,6,1,60,41,19,27,25,2,80,42,38,45,35,10,42,18,24,58,15,43,15,7,8
S01011493,328,163,165,6,4,2,25,17,8,31,29,2,50,24,26,37,31,6,44,17,27,130,36,94,5,5,0
S01011494,338,167,171,10,8,2,38,28,10,23,21,2,70,26,44,38,31,7,50,23,27,97,26,71,12,4,8
S01011495,328,165,163,7,7,0,29,25,4,30,26,4,87,38,49,20,17,3,48,20,28,95,24,71,12,8,4
S01011496,259,134,125,4,4,0,45,31,14,24,22,2,49,25,24,32,24,8,31,13,18,61,10,51,13,5,8
S01011497,358,193,165,11,8,3,34,17,17,38,34,4,73,42,31,42,30,12,43,19,24,98,33,65,19,10,9
S01011498,421,228,193,11,6,5,44,34,10,39,37,2,97,50,47,48,31,17,40,17,23,123,48,75,19,5,14
S01011499,451,237,214,10,6,4,57,45,12,36,33,3,109,59,50,38,26,12,63,27,36,119,34,85,19,7,12
S01011500,259,133,126,4,4,0,34,24,10,20,19,1,64,33,31,26,19,7,36,16,20,68,16,52,7,2,5
S01011501,267,127,140,6,4,2,33,21,12,23,21,2,72,28,44,32,24,8,27,11,16,59,16,43,15,2,13
S01011502,353,183,170,9,8,1,48,35,13,37,32,5,88,44,44,36,25,11,43,17,26,83,21,62,9,1,8
S01011503,284,145,139,3,1,2,36,28,8,29,27,2,69,32,37,33,23,10,35,15,20,66,15,51,13,4,9
S01011504,255,141,114,2,2,0,21,17,4,24,22,2,55,27,28,44,34,10,27,15,12,73,22,51,9,2,7
S01011505,300,156,144,6,4,2,42,32,10,17,17,0,83,43,40,28,20,8,46,19,27,69,18,51,9,3,6
S01011506,220,108,112,5,3,2,28,19,9,21,18,3,38,19,19,22,18,4,28,12,16,68,17,51,10,2,8
S01011507,278,144,134,6,4,2,31,20,11,32,28,4,74,38,36,19,14,5,28,11,17,81,26,55,7,3,4
S01011508,528,278,250,8,5,3,65,53,12,36,29,7,113,57,56,68,52,16,69,34,35,136,37,99,33,11,22
S01011509,320,178,142,9,6,3,50,33,17,25,23,2,58,37,21,38,29,9,43,23,20,79,19,60,18,8,10
S01011510,431,206,225,8,4,4,67,42,25,34,30,4,98,48,50,45,38,7,54,18,36,109,22,87,16,4,12
S01011511,211,101,110,4,3,1,32,20,12,14,12,2,54,25,29,22,15,7,23,11,12,53,13,40,9,2,7
S01011512,310,150,160,3,2,1,49,33,16,23,16,7,85,39,46,31,23,8,37,14,23,72,20,52,10,3,7
S01011513,305,150,155,7,4,3,41,28,13,22,19,3,75,31,44,38,29,9,30,15,15,72,15,57,20,9,11
S01011514,396,197,199,11,8,3,49,30,19,34,31,3,109,57,52,47,37,10,52,16,36,78,14,64,16,4,12
S01011515,312,151,161,6,4,2,37,19,18,24,22,2,74,39,35,36,29,7,43,16,27,74,15,59,18,7,11
S01011516,532,279,253,15,10,5,59,43,16,39,34,5,110,66,44,49,36,13,75,34,41,162,49,113,23,7,16
S01011517,259,132,127,5,4,1,33,23,10,15,15,0,58,31,27,31,21,10,28,18,10,71,15,56,18,5,13
S01011518,242,141,101,3,2,1,35,23,12,35,34,1,47,23,24,27,23,4,22,14,8,58,16,42,15,6,9
S01011519,347,184,163,11,8,3,56,36,20,24,22,2,88,46,42,43,36,7,28,10,18,76,20,56,21,6,15
S01011520,218,103,115,4,3,1,29,18,11,16,12,4,73,33,40,24,14,10,26,11,15,35,6,29,11,6,5
S01011521,386,207,179,20,12,8,55,36,19,25,22,3,82,44,38,31,24,7,58,30,28,95,30,65,20,9,11
S01011522,403,200,203,9,4,5,43,29,14,36,31,5,109,52,57,37,31,6,49,21,28,105,26,79,15,6,9
S01011523,368,203,165,11,7,4,54,41,13,42,40,2,82,37,45,37,28,9,55,29,26,72,19,53,15,2,13
S01011524,529,272,257,13,9,4,67,52,15,50,43,7,110,49,61,67,48,19,79,39,40,122,27,95,21,5,16
S01011525,483,245,238,14,8,6,57,35,22,52,48,4,96,47,49,58,40,18,54,28,26,133,32,101,19,7,12
S01011526,489,267,222,8,3,5,64,45,19,52,47,5,110,61,49,53,36,17,67,32,35,117,37,80,18,6,12
S01011527,337,179,158,10,9,1,45,32,13,30,25,5,76,36,40,31,26,5,59,25,34,73,21,52,13,5,8
S01011528,415,207,208,10,5,5,55,30,25,42,37,5,91,47,44,35,23,12,66,31,35,99,29,70,17,5,12
S01011529,196,88,108,3,2,1,28,14,14,10,10,0,59,27,32,14,9,5,21,10,11,53,11,42,8,5,3
S01011530,435,211,224,11,7,4,63,38,25,36,33,3,97,46,51,56,42,14,64,19,45,91,22,69,17,4,13
S01011531,573,301,272,16,6,10,52,39,13,53,50,3,110,58,52,51,36,15,89,51,38,176,52,124,26,9,17
S01011532,352,183,169,8,6,2,36,27,9,50,42,8,59,25,34,39,26,13,51,22,29,94,27,67,15,8,7
S01011533,239,118,121,7,7,0,35,20,15,21,18,3,62,27,35,27,21,6,31,15,16,45,8,37,11,2,9
S01011534,336,183,153,12,7,5,32,23,9,26,21,5,72,44,28,41,34,7,48,19,29,91,28,63,14,7,7
S01011535,284,135,149,13,7,6,43,28,15,23,16,7,57,22,35,31,26,5,37,19,18,63,11,52,17,6,11
S01011536,397,206,191,17,11,6,21,13,8,27,24,3,70,40,30,30,19,11,65,36,29,151,50,101,16,13,3
S01011537,338,162,176,18,11,7,35,22,13,31,28,3,42,18,24,38,31,7,62,23,39,94,23,71,18,6,12
S01011538,367,187,180,8,6,2,44,34,10,25,21,4,70,32,38,26,20,6,63,35,28,123,35,88,8,4,4
S01011539,309,161,148,13,8,5,49,32,17,22,21,1,75,36,39,27,22,5,48,23,25,64,14,50,11,5,6
S01011540,517,251,266,11,9,2,68,36,32,44,42,2,130,64,66,58,42,16,68,29,39,121,23,98,17,6,11
S01011541,407,204,203,15,8,7,71,36,35,31,30,1,110,52,58,56,43,13,45,18,27,68,12,56,11,5,6
S01011542,413,209,204,19,10,9,61,31,30,43,38,5,90,40,50,51,41,10,54,27,27,81,18,63,14,4,10
S01011543,328,163,165,15,14,1,53,35,18,26,23,3,74,26,48,47,35,12,41,13,28,63,15,48,9,2,7
S01011544,283,150,133,6,4,2,47,28,19,28,25,3,67,34,33,31,25,6,38,17,21,59,15,44,7,2,5
S01011545,262,132,130,7,4,3,48,29,19,19,18,1,67,29,38,31,26,5,30,10,20,53,14,39,7,2,5
S01011546,437,216,221,21,7,14,41,29,12,37,32,5,94,43,51,38,30,8,72,32,40,114,33,81,20,10,10
S01011547,335,157,178,4,2,2,30,20,10,27,25,2,68,34,34,34,20,14,66,21,45,98,33,65,8,2,6
S01011548,339,161,178,13,9,4,34,19,15,26,19,7,85,43,42,40,30,10,44,17,27,86,21,65,11,3,8
S01011549,403,208,195,12,6,6,34,16,18,32,27,5,93,52,41,41,29,12,62,34,28,114,38,76,15,6,9
S01011550,381,191,190,11,6,5,18,11,7,29,25,4,74,40,34,39,31,8,68,30,38,124,40,84,18,8,10
S01011551,259,138,121,6,5,1,17,14,3,22,20,2,66,34,32,29,21,8,38,15,23,71,26,45,10,3,7
S01011552,393,177,216,15,8,7,42,27,15,28,21,7,75,27,48,45,35,10,54,17,37,114,33,81,20,9,11
S01011553,475,237,238,4,4,0,35,26,9,57,52,5,95,42,53,34,26,8,70,36,34,164,47,117,16,4,12
S01011554,388,188,200,9,5,4,37,23,14,65,59,6,74,28,46,36,27,9,42,15,27,105,24,81,20,7,13
S01011555,269,127,142,16,14,2,22,14,8,29,27,2,77,25,52,28,20,8,38,14,24,52,10,42,7,3,4
S01011556,212,102,110,6,4,2,22,16,6,20,16,4,47,23,24,22,17,5,32,10,22,47,8,39,16,8,8
S01011557,350,179,171,10,9,1,44,30,14,31,30,1,80,43,37,34,22,12,48,18,30,80,22,58,23,5,18
S01011558,273,132,141,6,3,3,26,23,3,30,27,3,66,26,40,30,22,8,37,9,28,56,19,37,22,3,19
S01011559,252,128,124,5,5,0,27,19,8,35,33,2,51,24,27,25,21,4,37,16,21,58,9,49,14,1,13
S01011560,343,178,165,6,4,2,38,26,12,23,23,0,92,45,47,40,34,6,33,17,16,91,16,75,20,13,7
S01011561,325,148,177,20,16,4,26,16,10,28,26,2,75,27,48,33,23,10,35,15,20,84,21,63,24,4,20
S01011562,263,122,141,4,2,2,18,10,8,39,33,6,63,28,35,21,12,9,39,18,21,74,18,56,5,1,4
S01011563,304,140,164,3,3,0,25,14,11,29,29,0,88,42,46,27,15,12,34,12,22,84,22,62,14,3,11
S01011564,483,236,247,14,9,5,39,24,15,59,56,3,101,44,57,42,35,7,69,32,37,137,28,109,22,8,14
S01011565,467,233,234,6,2,4,39,30,9,59,55,4,97,43,54,48,41,7,64,27,37,126,21,105,28,14,14
S01011566,384,186,198,13,10,3,42,26,16,39,35,4,100,38,62,39,22,17,60,26,34,72,24,48,19,5,14
S01011567,404,200,204,12,10,2,37,26,11,35,33,2,112,47,65,42,31,11,56,25,31,95,23,72,15,5,10
S01011568,403,203,200,9,7,2,35,24,11,40,38,2,84,42,42,30,18,12,56,30,26,134,38,96,15,6,9
S01011569,445,224,221,11,8,3,54,41,13,43,41,2,92,40,52,28,22,6,61,29,32,140,36,104,16,7,9
S01011570,308,146,162,4,3,1,35,22,13,31,31,0,73,27,46,39,29,10,30,13,17,88,20,68,8,1,7
S01011571,280,148,132,2,2,0,31,21,10,28,26,2,63,26,37,31,25,6,41,24,17,69,16,53,15,8,7
S01011572,273,143,130,11,8,3,42,27,15,25,20,5,44,20,24,24,19,5,45,25,20,63,15,48,19,9,10
S01011573,557,294,263,12,6,6,44,32,12,59,57,2,101,51,50,62,44,18,89,42,47,165,52,113,25,10,15
S01011574,402,203,199,8,7,1,31,25,6,51,43,8,83,34,49,38,29,9,64,33,31,113,28,85,14,4,10
S01011575,216,108,108,4,3,1,17,11,6,18,16,2,51,28,23,22,17,5,35,20,15,63,12,51,6,1,5
S01011576,256,141,115,6,5,1,34,27,7,23,22,1,63,28,35,18,15,3,30,16,14,64,21,43,18,7,11
S01011577,351,174,177,13,6,7,31,25,6,34,28,6,71,36,35,24,18,6,54,26,28,109,33,76,15,2,13
S01011578,380,177,203,12,8,4,33,24,9,39,36,3,94,34,60,28,16,12,60,22,38,103,33,70,11,4,7
S01011579,560,294,266,11,7,4,37,25,12,61,50,11,96,60,36,31,24,7,101,55,46,193,59,134,30,14,16
S01011580,331,164,167,15,14,1,24,17,7,42,35,7,74,29,45,32,20,12,46,22,24,85,21,64,13,6,7
S01011581,287,142,145,5,2,3,30,23,7,16,15,1,66,29,37,29,19,10,42,24,18,81,23,58,18,7,11
S01011582,614,303,311,14,8,6,51,42,9,54,48,6,112,47,65,40,31,9,92,51,41,222,63,159,29,13,16
S01011583,335,162,173,9,4,5,37,22,15,33,32,1,56,22,34,22,16,6,44,21,23,118,35,83,16,10,6
S01011584,324,176,148,9,6,3,40,30,10,40,37,3,60,29,31,23,19,4,46,17,29,98,36,62,8,2,6
S01011585,323,147,176,9,4,5,38,29,9,39,33,6,71,25,46,29,24,5,41,9,32,75,18,57,21,5,16
S01011586,257,135,122,3,3,0,32,26,6,31,28,3,46,19,27,25,20,5,36,19,17,72,15,57,12,5,7
S01011587,248,115,133,7,7,0,23,14,9,22,20,2,62,22,40,27,21,6,30,10,20,65,19,46,12,2,10
S01011588,330,171,159,15,8,7,39,31,8,32,29,3,87,47,40,38,24,14,30,13,17,78,15,63,11,4,7
S01011589,389,210,179,7,2,5,39,30,9,49,42,7,88,48,40,36,27,9,48,22,26,108,30,78,14,9,5
S01011590,296,151,145,7,6,1,29,18,11,39,38,1,69,29,40,27,25,2,31,10,21,77,21,56,17,4,13
S01011591,247,131,116,5,3,2,27,24,3,35,31,4,55,21,34,38,28,10,28,8,20,47,13,34,12,3,9
S01011592,279,123,156,8,6,2,28,16,12,24,23,1,81,28,53,23,15,8,45,21,24,61,13,48,9,1,8
S01011593,339,169,170,5,4,1,39,28,11,27,22,5,64,34,30,25,18,7,53,25,28,107,30,77,19,8,11
S01011594,212,111,101,8,8,0,16,13,3,16,14,2,60,27,33,18,17,1,23,8,15,67,22,45,4,2,2
S01011595,344,191,153,10,5,5,17,14,3,43,38,5,48,26,22,24,20,4,69,37,32,115,43,72,18,8,10
S01011596,514,254,260,10,8,2,40,29,11,46,41,5,98,40,58,45,36,9,82,39,43,152,42,110,41,19,22
S01011597,323,165,158,5,2,3,26,20,6,19,17,2,54,25,29,29,24,5,64,33,31,110,39,71,16,5,11
S01011598,265,158,107,3,2,1,36,22,14,22,21,1,82,47,35,23,21,2,35,16,19,51,20,31,13,9,4
S01011599,360,187,173,8,6,2,34,23,11,36,34,2,79,29,50,40,32,8,50,25,25,100,33,67,13,5,8
S01011600,334,173,161,8,7,1,31,18,13,37,34,3,66,28,38,39,25,14,39,21,18,92,27,65,22,13,9
S01011601,494,243,251,21,14,7,38,29,9,44,41,3,101,47,54,41,31,10,66,28,38,160,43,117,23,10,13
S01011602,263,133,130,4,3,1,47,27,20,27,25,2,49,19,30,23,17,6,26,11,15,77,27,50,10,4,6
S01011603,284,147,137,5,4,1,28,21,7,20,17,3,67,37,30,35,31,4,37,16,21,78,16,62,14,5,9
S01011604,263,138,125,6,3,3,27,21,6,38,36,2,56,23,33,26,22,4,34,16,18,63,15,48,13,2,11
S01011605,373,187,186,8,6,2,43,29,14,42,39,3,98,41,57,29,21,8,46,25,21,93,22,71,14,4,10
S01011606,602,311,291,15,10,5,58,41,17,70,59,11,117,56,61,53,40,13,98,45,53,168,51,117,23,9,14
S01011607,336,177,159,7,6,1,39,32,7,40,35,5,63,29,34,32,23,9,51,24,27,92,23,69,12,5,7
S01011608,567,291,276,17,8,9,51,39,12,62,54,8,119,65,54,45,31,14,81,34,47,170,50,120,22,10,12
S01011609,356,166,190,7,7,0,35,19,16,43,38,5,102,40,62,36,27,9,53,20,33,64,12,52,16,3,13
S01011610,340,169,171,8,8,0,33,14,19,34,31,3,89,43,46,30,24,6,50,17,33,84,28,56,12,4,8
S01011611,357,177,180,6,5,1,32,22,10,34,31,3,83,45,38,38,26,12,46,21,25,106,25,81,12,2,10
S01011612,393,197,196,5,3,2,23,14,9,50,44,6,72,43,29,34,20,14,68,27,41,127,38,89,14,8,6
S01011613,488,252,236,10,8,2,47,33,14,38,36,2,91,57,34,51,32,19,69,37,32,163,38,125,19,11,8
S01011614,238,127,111,5,3,2,28,19,9,25,24,1,48,27,21,18,12,6,35,18,17,69,21,48,10,3,7
S01011615,291,150,141,7,5,2,35,20,15,29,26,3,59,40,19,25,17,8,39,17,22,85,19,66,12,6,6
S01011616,149,79,70,5,3,2,19,14,5,15,14,1,25,14,11,19,16,3,12,4,8,51,12,39,3,2,1
S01011617,365,168,197,4,2,2,46,28,18,31,28,3,85,34,51,50,35,15,47,19,28,88,17,71,14,5,9
S01011618,259,126,133,4,3,1,29,17,12,31,29,2,54,23,31,33,26,7,28,10,18,72,16,56,8,2,6
S01011619,601,315,286,15,8,7,51,34,17,67,59,8,109,63,46,64,44,20,82,37,45,196,65,131,17,5,12
S01011620,664,345,319,13,6,7,68,42,26,61,49,12,140,84,56,60,43,17,92,44,48,211,71,140,19,6,13
S01011621,379,189,190,11,7,4,41,28,13,40,35,5,77,36,41,40,34,6,61,20,41,102,25,77,7,4,3
S01011622,363,199,164,7,4,3,39,29,10,40,33,7,66,42,24,36,28,8,65,29,36,100,31,69,10,3,7
S01011623,298,149,149,7,4,3,22,13,9,38,35,3,68,36,32,37,24,13,37,15,22,78,16,62,11,6,5
S01011624,378,186,192,12,6,6,37,27,10,32,31,1,70,35,35,38,27,11,64,27,37,112,32,80,13,1,12
S01011625,267,135,132,9,7,2,36,29,7,20,19,1,51,16,35,26,23,3,44,14,30,72,22,50,9,5,4
S01011626,484,257,227,12,10,2,37,31,6,44,40,4,88,57,31,43,31,12,88,41,47,152,42,110,20,5,15
S01011627,430,217,213,5,3,2,47,35,12,54,49,5,69,36,33,38,28,10,73,33,40,135,31,104,9,2,7
S01011628,555,288,267,16,9,7,43,37,6,53,48,5,113,58,55,52,40,12,76,37,39,177,50,127,25,9,16
S01011629,250,132,118,6,3,3,29,22,7,21,17,4,58,27,31,29,25,4,41,20,21,53,14,39,13,4,9
S01011630,275,138,137,11,9,2,25,16,9,45,37,8,57,27,30,24,20,4,36,13,23,66,10,56,11,6,5
S01011631,225,123,102,5,5,0,29,18,11,23,20,3,77,35,42,26,19,7,26,9,17,33,14,19,6,3,3
S01011632,333,159,174,5,5,0,45,24,21,34,31,3,73,41,32,32,24,8,37,14,23,87,16,71,20,4,16
S01011633,279,147,132,6,6,0,24,17,7,40,38,2,51,23,28,26,26,0,50,18,32,70,15,55,12,4,8
S01011634,212,105,107,3,3,0,26,19,7,21,20,1,53,27,26,21,16,5,34,13,21,51,6,45,3,1,2
S01011635,282,151,131,4,3,1,43,35,8,33,29,4,62,30,32,26,22,4,33,13,20,70,15,55,11,4,7
S01011636,279,143,136,10,8,2,31,23,8,31,30,1,68,28,40,23,15,8,40,21,19,62,17,45,14,1,13
S01011637,291,139,152,5,4,1,29,20,9,37,27,10,71,31,40,22,14,8,35,19,16,78,20,58,14,4,10
S01011638,223,103,120,1,0,1,27,15,12,13,11,2,38,13,25,29,22,7,35,19,16,72,18,54,8,5,3
S01011639,227,116,111,9,8,1,17,15,2,25,23,2,48,18,30,16,13,3,42,18,24,64,20,44,6,1,5
S01011640,288,154,134,10,8,2,25,19,6,29,24,5,84,35,49,28,24,4,32,18,14,72,22,50,8,4,4
S01011641,249,131,118,5,4,1,18,12,6,22,21,1,38,21,17,28,23,5,39,19,20,84,22,62,15,9,6
S01011642,402,202,200,6,5,1,41,26,15,43,42,1,80,42,38,23,15,8,71,32,39,126,37,89,12,3,9
S01011643,307,168,139,7,6,1,36,27,9,26,26,0,44,27,17,30,22,8,47,22,25,102,30,72,15,8,7
S01011644,319,166,153,4,3,1,33,26,7,25,22,3,61,35,26,24,17,7,47,26,21,109,28,81,16,9,7
S01011645,228,108,120,5,3,2,11,5,6,20,18,2,35,18,17,30,19,11,23,8,15,95,33,62,9,4,5
S01011646,352,185,167,3,2,1,28,23,5,31,26,5,69,40,29,31,28,3,58,25,33,122,35,87,10,6,4
S01011647,496,250,246,8,4,4,41,25,16,42,39,3,76,38,38,44,38,6,75,41,34,187,55,132,23,10,13
S01011648,365,190,175,7,3,4,34,24,10,30,29,1,67,38,29,41,30,11,52,27,25,124,32,92,10,7,3
S01011649,237,125,112,5,2,3,17,13,4,26,25,1,51,26,25,28,23,5,33,13,20,67,20,47,10,3,7
S01011650,331,171,160,4,2,2,22,16,6,26,23,3,61,34,27,25,20,5,61,31,30,111,36,75,21,9,12
S01011651,442,238,204,5,3,2,52,36,16,40,38,2,88,47,41,25,17,8,72,42,30,140,48,92,20,7,13
S01011652,419,218,201,7,5,2,36,30,6,42,35,7,86,45,41,32,22,10,53,25,28,146,49,97,17,7,10
S01011653,373,184,189,10,8,2,44,29,15,41,37,4,73,28,45,37,26,11,54,23,31,104,29,75,10,4,6
S01011654,401,206,195,4,3,1,39,29,10,39,32,7,72,39,33,32,23,9,65,32,33,134,41,93,16,7,9
S01011655,341,173,168,8,5,3,36,24,12,44,42,2,74,35,39,40,33,7,45,14,31,88,19,69,6,1,5
S01011656,232,117,115,6,6,0,20,11,9,26,24,2,56,32,24,18,14,4,33,14,19,64,14,50,9,2,7
S01011657,204,104,100,5,4,1,16,13,3,19,18,1,40,18,22,21,17,4,29,13,16,69,19,50,5,2,3
S01011658,297,170,127,11,8,3,33,22,11,44,43,1,62,40,22,33,25,8,38,18,20,66,14,52,10,0,10
S01011659,321,159,162,11,10,1,34,23,11,37,34,3,67,27,40,25,18,7,51,24,27,85,18,67,11,5,6
S01011660,483,249,234,12,6,6,52,41,11,47,41,6,98,59,39,39,31,8,78,37,41,140,28,112,17,6,11
S01011661,237,123,114,5,2,3,16,10,6,36,34,2,44,20,24,37,26,11,32,17,15,58,9,49,9,5,4
S01011662,367,196,171,7,6,1,33,29,4,50,42,8,59,33,26,22,16,6,63,28,35,124,38,86,9,4,5
S01011663,405,198,207,10,8,2,46,25,21,41,35,6,102,64,38,36,25,11,57,19,38,102,18,84,11,4,7
S01011664,375,197,178,16,13,3,40,28,12,57,52,5,63,30,33,24,19,5,53,22,31,110,27,83,12,6,6
S01011665,354,189,165,9,8,1,41,33,8,36,34,2,63,26,37,27,20,7,55,28,27,111,38,73,12,2,10
S01011666,313,157,156,7,5,2,31,21,10,20,19,1,80,40,40,25,21,4,55,22,33,82,27,55,13,2,11
S01011667,326,180,146,8,7,1,25,15,10,30,26,4,67,33,34,39,31,8,58,32,26,84,27,57,15,9,6
S01011668,406,210,196,10,8,2,41,23,18,64,61,3,87,32,55,39,31,8,53,22,31,93,24,69,19,9,10
S01011669,285,149,136,3,3,0,18,13,5,25,23,2,63,36,27,28,19,9,42,22,20,93,26,67,13,7,6
S01011670,239,120,119,2,1,1,30,19,11,28,27,1,54,18,36,28,21,7,33,16,17,58,16,42,6,2,4
S01011671,305,162,143,3,3,0,27,20,7,32,28,4,53,22,31,30,22,8,47,30,17,84,20,64,29,17,12
S01011672,235,117,118,5,4,1,32,22,10,21,20,1,53,24,29,21,18,3,25,9,16,67,16,51,11,4,7
S01011673,298,154,144,4,1,3,33,20,13,37,36,1,65,33,32,30,22,8,47,22,25,76,16,60,6,4,2
S01011674,496,254,242,11,10,1,49,35,14,58,52,6,95,48,47,38,27,11,76,38,38,156,38,118,13,6,7
S01011675,389,200,189,13,9,4,36,21,15,44,41,3,84,46,38,45,33,12,50,21,29,104,23,81,13,6,7
S01011676,271,138,133,9,8,1,25,16,9,47,43,4,53,23,30,24,20,4,27,10,17,77,14,63,9,4,5
S01011677,306,155,151,11,10,1,39,26,13,24,22,2,63,38,25,34,21,13,34,12,22,94,24,70,7,2,5
S01011678,168,81,87,4,3,1,18,11,7,27,23,4,41,17,24,11,8,3,19,7,12,42,8,34,6,4,2
S01011679,324,166,158,11,10,1,28,20,8,38,35,3,61,28,33,24,20,4,52,20,32,97,27,70,13,6,7
S01011680,413,235,178,10,8,2,40,25,15,72,69,3,72,36,36,41,35,6,52,31,21,115,26,89,11,5,6
S01011681,392,194,198,12,6,6,48,37,11,50,45,5,69,29,40,39,31,8,52,22,30,114,22,92,8,2,6
S01011682,223,128,95,27,23,4,16,12,4,32,29,3,32,16,16,21,14,7,26,18,8,60,11,49,9,5,4
S01011683,356,200,156,20,16,4,25,14,11,70,68,2,73,40,33,24,17,7,41,17,24,85,21,64,18,7,11
S01011684,241,134,107,10,8,2,21,13,8,54,48,6,45,21,24,18,13,5,30,13,17,58,15,43,5,3,2
S01011685,471,242,229,16,13,3,42,27,15,49,42,7,98,50,48,30,22,8,74,37,37,140,44,96,22,7,15
S01011686,472,245,227,11,7,4,51,33,18,50,46,4,85,48,37,48,36,12,69,34,35,148,36,112,10,5,5
S01011687,382,215,167,16,12,4,38,23,15,56,53,3,72,41,31,39,29,10,49,24,25,94,28,66,18,5,13
S01011688,425,232,193,16,13,3,38,28,10,65,57,8,89,48,41,31,22,9,57,23,34,112,30,82,17,11,6
S01011689,374,196,178,17,9,8,32,21,11,41,36,5,79,40,39,31,25,6,58,27,31,100,33,67,16,5,11
S01011690,523,264,259,20,15,5,37,25,12,65,57,8,91,44,47,50,38,12,88,41,47,158,39,119,14,5,9
S01011691,315,161,154,9,5,4,20,14,6,45,42,3,55,23,32,37,32,5,47,23,24,86,16,70,16,6,10
S01011692,442,237,205,11,10,1,41,31,10,59,51,8,119,55,64,41,37,4,43,21,22,118,26,92,10,6,4
S01011693,442,223,219,12,5,7,22,17,5,51,45,6,77,38,39,44,32,12,60,31,29,162,46,116,14,9,5
S01011694,300,150,150,11,8,3,27,20,7,29,24,5,48,27,21,33,28,5,63,18,45,77,21,56,12,4,8
S01011695,528,269,259,22,14,8,43,30,13,67,58,9,74,40,34,64,49,15,83,27,56,151,44,107,24,7,17
S01011696,607,315,292,8,6,2,28,23,5,58,45,13,121,68,53,56,38,18,129,69,60,182,56,126,25,10,15
S01011697,537,261,276,15,9,6,28,18,10,57,49,8,100,43,57,38,28,10,122,54,68,161,51,110,16,9,7
S01011698,303,148,155,8,7,1,17,9,8,46,39,7,71,26,45,31,25,6,43,20,23,79,20,59,8,2,6
S01011699,480,245,235,10,10,0,24,20,4,43,38,5,101,53,48,35,29,6,105,49,56,140,39,101,22,7,15
S01011700,352,177,175,3,2,1,15,14,1,38,32,6,74,42,32,29,20,9,58,29,29,117,31,86,18,7,11
S01011701,550,298,252,11,9,2,40,33,7,43,38,5,89,49,40,49,32,17,101,54,47,177,68,109,40,15,25
S01011702,340,166,174,4,4,0,26,16,10,24,22,2,58,26,32,29,24,5,70,38,32,118,30,88,11,6,5
S01011703,323,171,152,7,6,1,28,24,4,29,28,1,67,35,32,22,16,6,54,30,24,99,24,75,17,8,9
S01011704,400,202,198,12,8,4,25,18,7,38,32,6,69,40,29,26,18,8,75,37,38,142,44,98,13,5,8
S01011705,343,164,179,10,10,0,29,22,7,41,38,3,72,35,37,26,17,9,51,22,29,99,19,80,15,1,14
S01011706,462,246,216,12,8,4,33,24,9,58,52,6,111,54,57,36,27,9,64,34,30,130,39,91,18,8,10
S01011707,345,171,174,4,3,1,22,19,3,33,25,8,58,30,28,20,15,5,58,29,29,125,40,85,25,10,15
S01011708,416,190,226,9,8,1,23,15,8,34,30,4,107,38,69,40,28,12,63,34,29,119,30,89,21,7,14
S01011709,456,215,241,11,8,3,35,26,9,50,46,4,91,34,57,32,20,12,82,40,42,138,35,103,17,6,11
S01011710,263,121,142,4,1,3,32,20,12,36,34,2,69,26,43,21,17,4,29,9,20,59,6,53,13,8,5
S01011711,267,136,131,6,4,2,23,15,8,33,31,2,68,28,40,28,19,9,45,22,23,52,11,41,12,6,6
S01011712,280,128,152,7,5,2,21,15,6,28,25,3,65,20,45,27,22,5,39,18,21,82,19,63,11,4,7
S01011713,456,233,223,13,9,4,42,33,9,42,40,2,91,52,39,40,31,9,64,26,38,149,34,115,15,8,7
S01011714,331,163,168,9,7,2,20,13,7,41,37,4,60,27,33,36,26,10,52,21,31,98,28,70,15,4,11
S01011715,259,126,133,9,5,4,24,18,6,34,30,4,65,25,40,20,15,5,32,12,20,65,16,49,10,5,5
S01011716,514,260,254,10,8,2,35,28,7,64,56,8,108,43,65,49,42,7,72,27,45,160,50,110,16,6,10
S01011717,384,199,185,6,6,0,26,20,6,42,40,2,75,33,42,31,24,7,64,32,32,133,40,93,7,4,3
S01011718,473,234,239,14,11,3,31,22,9,58,55,3,79,36,43,41,32,9,81,34,47,153,36,117,16,8,8
S01011719,431,217,214,15,12,3,32,23,9,43,37,6,91,47,44,32,21,11,60,27,33,146,47,99,12,3,9
S01011720,299,156,143,6,5,1,21,16,5,39,34,5,53,27,26,25,18,7,37,21,16,110,29,81,8,6,2
S01011721,324,163,161,8,6,2,28,20,8,22,21,1,69,29,40,40,32,8,45,19,26,92,28,64,20,8,12
S01011722,289,150,139,8,6,2,26,22,4,36,30,6,57,27,30,27,22,5,41,15,26,83,22,61,11,6,5
S01011723,451,235,216,18,11,7,49,38,11,44,38,6,70,35,35,52,41,11,73,32,41,128,32,96,17,8,9
S01011724,393,189,204,11,7,4,35,24,11,30,27,3,108,56,52,35,28,7,51,15,36,107,28,79,16,4,12
S01011725,404,219,185,6,2,4,30,24,6,48,42,6,77,43,34,45,34,11,65,33,32,115,35,80,18,6,12
S01011726,328,165,163,5,1,4,35,27,8,27,25,2,51,25,26,37,30,7,59,25,34,102,27,75,12,5,7
S01011727,456,243,213,11,7,4,32,23,9,58,55,3,81,41,40,37,27,10,93,49,44,128,35,93,16,6,10
S01011728,492,249,243,9,7,2,39,31,8,45,39,6,132,62,70,58,40,18,57,23,34,128,40,88,24,7,17
S01011729,285,137,148,4,4,0,26,20,6,28,23,5,74,34,40,24,18,6,37,15,22,83,21,62,9,2,7
S01011730,459,246,213,12,9,3,48,40,8,47,43,4,76,40,36,40,28,12,60,35,25,155,44,111,21,7,14
S01011731,404,202,202,12,8,4,57,43,14,30,28,2,79,35,44,37,28,9,38,17,21,134,38,96,17,5,12
S01011732,454,228,226,9,6,3,39,30,9,51,45,6,82,36,46,46,35,11,64,30,34,147,40,107,16,6,10
S01011733,409,215,194,7,6,1,31,22,9,50,45,5,88,47,41,28,24,4,42,22,20,144,41,103,19,8,11
S01011734,380,205,175,13,9,4,35,28,7,27,26,1,70,39,31,32,27,5,51,24,27,133,43,90,19,9,10
S01011735,359,191,168,7,4,3,29,25,4,42,32,10,58,31,27,29,27,2,49,23,26,127,40,87,18,9,9
S01011736,368,178,190,11,8,3,27,17,10,32,28,4,78,42,36,35,24,11,51,23,28,111,30,81,23,6,17
S01011737,283,143,140,7,6,1,22,13,9,29,26,3,59,22,37,27,23,4,44,24,20,84,24,60,11,5,6
S01011738,476,250,226,14,8,6,60,42,18,38,33,5,103,47,56,40,31,9,65,34,31,124,40,84,32,15,17
S01011739,238,126,112,6,5,1,22,16,6,19,18,1,61,28,33,19,18,1,29,13,16,71,23,48,11,5,6
S01011740,283,140,143,6,2,4,32,22,10,18,14,4,78,35,43,19,17,2,37,20,17,81,23,58,12,7,5
S01011741,292,161,131,11,8,3,31,23,8,26,26,0,72,35,37,24,20,4,42,23,19,74,20,54,12,6,6
S01011742,347,170,177,9,6,3,31,21,10,26,23,3,90,40,50,31,26,5,52,26,26,88,19,69,20,9,11
S01011743,397,191,206,10,5,5,39,31,8,39,34,5,73,27,46,44,31,13,39,13,26,131,40,91,22,10,12
S01011744,364,185,179,6,4,2,31,22,9,34,30,4,85,41,44,36,27,9,58,24,34,102,31,71,12,6,6
S01011745,270,139,131,9,6,3,18,13,5,26,25,1,67,38,29,18,13,5,33,16,17,84,22,62,15,6,9
S01011746,230,106,124,7,6,1,26,16,10,12,12,0,67,25,42,17,13,4,28,15,13,60,12,48,13,7,6
S01011747,374,188,186,3,3,0,37,22,15,25,23,2,104,51,53,28,23,5,60,28,32,100,31,69,17,7,10
S01011748,370,182,188,9,6,3,31,21,10,33,30,3,106,51,55,35,26,9,46,19,27,91,20,71,19,9,10
S01011749,295,175,120,4,3,1,30,22,8,23,22,1,91,45,46,24,20,4,51,31,20,52,20,32,20,12,8
S01011750,369,193,176,13,11,2,37,27,10,23,18,5,98,54,44,33,28,5,39,23,16,104,21,83,22,11,11
S01011751,454,240,214,18,13,5,37,26,11,30,27,3,122,62,60,51,41,10,54,27,27,115,36,79,27,8,19
S01011752,486,238,248,17,11,6,55,39,16,40,34,6,109,51,58,45,29,16,50,19,31,141,44,97,29,11,18
S01011753,372,188,184,12,4,8,37,24,13,16,15,1,77,39,38,26,19,7,51,27,24,135,54,81,18,6,12
S01011754,330,158,172,8,2,6,35,29,6,26,23,3,83,44,39,26,20,6,43,17,26,95,19,76,14,4,10
S01011755,481,261,220,11,5,6,50,37,13,36,33,3,98,51,47,59,42,17,50,28,22,147,48,99,30,17,13
S01011756,467,224,243,9,5,4,38,25,13,38,35,3,121,56,65,48,33,15,68,35,33,127,31,96,18,4,14
S01011757,315,153,162,5,4,1,36,21,15,29,28,1,75,31,44,30,26,4,43,16,27,86,21,65,11,6,5
S01011758,313,159,154,8,4,4,31,22,9,22,21,1,88,41,47,26,20,6,43,20,23,78,25,53,17,6,11
S01011759,368,183,185,9,6,3,39,31,8,31,29,2,85,38,47,39,32,7,34,13,21,122,31,91,9,3,6
S01011760,428,220,208,9,7,2,35,26,9,41,35,6,118,55,63,38,30,8,68,32,36,101,30,71,18,5,13
S01011761,317,168,149,3,2,1,24,16,8,28,24,4,75,43,32,39,32,7,44,20,24,90,24,66,14,7,7
S01011762,294,155,139,12,8,4,22,17,5,25,23,2,81,42,39,24,19,5,44,19,25,73,23,50,13,4,9
S01011763,386,195,191,10,5,5,42,31,11,17,17,0,96,43,53,48,38,10,43,20,23,109,33,76,21,8,13
S01011764,206,103,103,4,2,2,32,24,8,8,8,0,54,32,22,26,22,4,24,7,17,51,7,44,7,1,6
S01011765,597,288,309,15,10,5,42,26,16,55,48,7,118,67,51,43,27,16,105,44,61,188,53,135,31,13,18
S01011766,282,140,142,4,1,3,37,21,16,30,25,5,55,28,27,26,21,5,35,18,17,85,24,61,10,2,8
S01011767,391,204,187,6,5,1,24,17,7,40,38,2,92,50,42,38,34,4,51,22,29,127,35,92,13,3,10
S01011768,334,157,177,8,4,4,34,22,12,21,19,2,89,45,44,33,24,9,40,14,26,98,25,73,11,4,7
S01011769,266,141,125,2,1,1,27,22,5,18,17,1,56,23,33,34,29,5,39,14,25,72,25,47,18,10,8
S01011770,357,201,156,14,10,4,33,27,6,28,23,5,70,39,31,44,33,11,53,35,18,93,25,68,22,9,13
S01011771,401,199,202,6,3,3,27,17,10,35,26,9,94,58,36,29,19,10,75,35,40,117,35,82,18,6,12
S01011772,587,315,272,11,7,4,64,46,18,37,32,5,118,64,54,41,33,8,110,68,42,180,52,128,26,13,13
S01011773,371,186,185,15,9,6,36,25,11,35,33,2,56,26,30,30,23,7,60,29,31,125,31,94,14,10,4
S01011774,492,243,249,13,10,3,40,28,12,51,45,6,96,42,54,50,35,15,81,36,45,136,34,102,25,13,12
S01011775,383,196,187,13,8,5,34,28,6,29,26,3,68,37,31,33,25,8,73,30,43,115,35,80,18,7,11
S01011776,588,305,283,22,15,7,32,23,9,53,50,3,99,59,40,42,28,14,113,58,55,212,67,145,15,5,10
S01011777,349,181,168,7,6,1,27,21,6,24,20,4,52,26,26,36,29,7,67,31,36,123,42,81,13,6,7
S01011778,363,186,177,8,5,3,23,19,4,26,18,8,76,39,37,29,22,7,51,26,25,129,46,83,21,11,10
S01011779,417,217,200,4,3,1,26,23,3,47,43,4,82,49,33,32,21,11,69,29,40,147,47,100,10,2,8
S01011780,520,286,234,9,5,4,34,28,6,40,33,7,116,63,53,37,31,6,99,57,42,172,60,112,13,9,4
S01011781,308,165,143,4,3,1,26,19,7,26,22,4,62,37,25,20,17,3,47,23,24,113,38,75,10,6,4
S01011782,382,202,180,8,5,3,24,20,4,40,36,4,86,49,37,35,28,7,58,25,33,112,32,80,19,7,12
S01011783,321,171,150,5,1,4,35,23,12,25,23,2,68,41,27,30,26,4,48,23,25,103,31,72,7,3,4
S01011784,381,177,204,15,9,6,33,22,11,26,23,3,85,37,48,37,26,11,59,31,28,107,20,87,19,9,10
S01011785,421,209,212,10,5,5,33,24,9,33,32,1,108,41,67,42,37,5,58,30,28,119,33,86,18,7,11
S01011786,230,120,110,7,5,2,15,9,6,23,22,1,45,24,21,16,11,5,45,23,22,74,23,51,5,3,2
S01011787,395,207,188,12,9,3,39,27,12,68,66,2,90,30,60,30,24,6,34,16,18,108,32,76,14,3,11
S01011788,361,200,161,13,10,3,19,13,6,37,32,5,81,48,33,27,20,7,85,43,42,75,25,50,24,9,15
S01011789,318,162,156,23,18,5,35,21,14,41,35,6,56,32,24,28,22,6,27,11,16,87,15,72,21,8,13
S01011790,446,221,225,14,6,8,51,35,16,68,57,11,98,43,55,38,30,8,53,26,27,110,20,90,14,4,10
S01011791,319,162,157,12,9,3,38,22,16,53,47,6,68,28,40,31,24,7,30,11,19,76,16,60,11,5,6
S01011792,356,195,161,5,5,0,31,22,9,45,41,4,61,36,25,28,22,6,65,36,29,102,24,78,19,9,10
S01011793,335,168,167,10,6,4,22,16,6,47,43,4,60,29,31,23,17,6,52,22,30,97,27,70,24,8,16
S01011794,380,181,199,6,4,2,25,17,8,59,52,7,80,39,41,24,18,6,49,23,26,121,24,97,16,4,12
S01011795,269,154,115,6,3,3,28,19,9,40,35,5,52,30,22,27,22,5,25,14,11,79,24,55,12,7,5
S01011796,321,156,165,10,7,3,36,17,19,47,44,3,76,36,40,26,19,7,28,12,16,82,19,63,16,2,14
S01011797,573,296,277,17,14,3,41,28,13,75,61,14,92,44,48,52,38,14,89,41,48,172,51,121,35,19,16
S01011798,241,121,120,5,4,1,28,15,13,36,35,1,70,32,38,12,11,1,27,11,16,55,12,43,8,1,7
S01011799,443,233,210,22,20,2,38,26,12,71,64,7,93,46,47,23,17,6,51,31,20,125,22,103,20,7,13
S01011800,254,141,113,6,4,2,38,28,10,49,46,3,48,23,25,23,16,7,33,12,21,54,11,43,3,1,2
S01011801,227,113,114,5,3,2,23,18,5,34,29,5,46,19,27,19,17,2,31,12,19,64,12,52,5,3,2
S01011802,288,152,136,8,6,2,45,35,10,41,36,5,43,16,27,33,23,10,21,8,13,82,22,60,15,6,9
S01011803,259,124,135,9,9,0,37,22,15,35,32,3,56,20,36,15,10,5,33,18,15,62,10,52,12,3,9
S01011804,374,191,183,19,15,4,26,22,4,31,28,3,85,35,50,56,46,10,44,16,28,96,24,72,17,5,12
S01011805,280,144,136,15,14,1,25,15,10,27,26,1,59,26,33,38,29,9,39,15,24,64,16,48,13,3,10
S01011806,377,199,178,34,31,3,29,20,9,32,28,4,77,34,43,50,38,12,40,17,23,100,28,72,15,3,12
S01011807,610,325,285,113,86,27,38,24,14,58,53,5,104,48,56,60,49,11,40,15,25,176,45,131,21,5,16
S01011808,330,174,156,22,21,1,5,0,5,47,44,3,76,31,45,43,33,10,36,23,13,94,19,75,7,3,4
S01011809,402,217,185,59,50,9,21,13,8,39,36,3,70,30,40,29,22,7,47,27,20,125,33,92,12,6,6
S01011810,496,266,230,68,55,13,24,12,12,72,68,4,76,34,42,41,28,13,48,27,21,145,33,112,22,9,13
S01011811,554,302,252,92,70,22,26,22,4,97,90,7,78,26,52,37,31,6,35,19,16,167,35,132,22,9,13
S01011812,349,187,162,57,43,14,12,10,2,40,35,5,49,20,29,24,19,5,45,24,21,100,27,73,22,9,13
S01011813,427,230,197,59,48,11,16,13,3,66,60,6,73,34,39,45,34,11,34,14,20,127,25,102,7,2,5
S01011814,403,218,185,78,63,15,19,10,9,38,36,2,50,22,28,36,24,12,33,20,13,140,38,102,9,5,4
S01011815,441,220,221,56,41,15,28,15,13,42,39,3,80,39,41,49,39,10,42,16,26,129,30,99,15,1,14
S01011816,351,185,166,25,22,3,13,7,6,38,34,4,74,34,40,39,28,11,41,25,16,113,31,82,8,4,4
S01011817,430,234,196,44,39,5,26,20,6,53,48,5,95,45,50,50,43,7,28,13,15,118,19,99,16,7,9
S01011818,607,306,301,32,30,2,35,23,12,62,56,6,136,49,87,79,65,14,52,27,25,188,47,141,23,9,14
S01011819,466,247,219,29,25,4,30,24,6,50,48,2,95,41,54,48,41,7,50,20,30,141,40,101,23,8,15
S01011820,372,192,180,14,12,2,17,12,5,46,45,1,82,41,41,33,26,7,33,16,17,124,32,92,23,8,15
S01011821,220,113,107,13,13,0,12,9,3,23,23,0,69,28,41,25,23,2,17,6,11,49,6,43,12,5,7
S01011822,404,214,190,31,22,9,22,11,11,49,39,10,122,65,57,29,25,4,39,18,21,86,27,59,26,7,19
S01011823,326,153,173,18,17,1,14,10,4,30,28,2,85,34,51,32,27,5,20,10,10,111,26,85,16,1,15
S01011824,379,202,177,29,28,1,20,16,4,51,49,2,90,34,56,43,35,8,36,16,20,104,21,83,6,3,3
S01011825,285,145,140,20,20,0,10,8,2,21,20,1,73,30,43,28,24,4,22,11,11,89,24,65,22,8,14
S01011826,371,189,182,16,16,0,19,15,4,38,36,2,88,36,52,44,34,10,33,14,19,124,36,88,9,2,7
S01011827,217,121,96,60,47,13,8,6,2,14,12,2,39,20,19,30,21,9,18,8,10,38,3,35,10,4,6
S01011828,486,267,219,98,77,21,19,16,3,36,36,0,77,28,49,56,45,11,40,22,18,131,35,96,29,8,21
S01011829,241,131,110,30,28,2,16,11,5,27,22,5,34,12,22,29,22,7,24,12,12,66,15,51,15,9,6
S01011830,287,165,122,74,54,20,6,3,3,36,33,3,37,11,26,32,26,6,25,15,10,67,17,50,10,6,4
S01011831,393,219,174,122,96,26,11,5,6,28,27,1,57,26,31,29,19,10,16,8,8,100,21,79,30,17,13
S01011832,441,243,198,124,108,16,32,14,18,45,45,0,71,18,53,31,22,9,20,9,11,103,21,82,15,6,9
S01011833,459,238,221,45,37,8,36,27,9,46,39,7,59,30,29,31,22,9,61,38,23,163,40,123,18,5,13
S01011834,254,136,118,14,11,3,13,10,3,21,19,2,30,16,14,17,11,6,54,35,19,91,29,62,14,5,9
S01011835,379,196,183,31,26,5,29,22,7,38,29,9,64,27,37,11,8,3,63,34,29,120,39,81,23,11,12
S01011836,379,204,175,27,21,6,41,34,7,33,27,6,75,32,43,16,14,2,50,27,23,114,38,76,23,11,12
S01011837,329,175,154,23,18,5,28,21,7,26,24,2,56,24,32,23,14,9,63,41,22,91,24,67,19,9,10
S01011838,413,229,184,18,15,3,30,26,4,37,33,4,89,40,49,30,26,4,66,42,24,120,39,81,23,8,15
S01011839,494,259,235,18,14,4,30,25,5,49,45,4,121,51,70,33,26,7,69,43,26,142,42,100,32,13,19
S01011840,517,258,259,19,18,1,46,35,11,43,37,6,116,50,66,39,28,11,68,28,40,158,48,110,28,14,14
S01011841,452,228,224,22,17,5,39,35,4,37,33,4,97,47,50,23,16,7,48,21,27,162,51,111,24,8,16
S01011842,446,222,224,26,19,7,24,14,10,48,45,3,114,49,65,21,17,4,68,33,35,119,38,81,26,7,19
S01011843,508,276,232,45,36,9,39,29,10,44,39,5,95,46,49,26,22,4,99,64,35,131,31,100,29,9,20
S01011844,349,183,166,29,20,9,26,21,5,20,17,3,71,33,38,16,11,5,66,45,21,102,28,74,19,8,11
S01011845,412,199,213,22,13,9,28,20,8,37,33,4,108,46,62,22,17,5,68,36,32,103,21,82,24,13,11
S01011846,457,230,227,37,29,8,42,29,13,40,32,8,90,38,52,24,18,6,87,40,47,110,37,73,27,7,20
S01011847,222,122,100,26,20,6,14,12,2,19,15,4,39,18,21,11,9,2,41,22,19,57,20,37,15,6,9
S01011848,384,195,189,46,37,9,28,19,9,30,28,2,61,26,35,24,20,4,65,35,30,110,23,87,20,7,13
S01011849,448,230,218,28,23,5,43,30,13,41,35,6,128,49,79,25,20,5,50,30,20,118,34,84,15,9,6
S01011850,361,195,166,49,32,17,18,13,5,33,24,9,111,63,48,16,10,6,59,32,27,65,18,47,10,3,7
S01011851,442,221,221,32,28,4,26,19,7,54,51,3,127,47,80,20,16,4,47,28,19,111,20,91,25,12,13
S01011852,488,259,229,22,12,10,31,21,10,51,46,5,158,76,82,23,21,2,58,34,24,118,36,82,27,13,14
S01011853,378,201,177,11,5,6,26,23,3,34,33,1,120,58,62,22,19,3,54,30,24,90,26,64,21,7,14
S01011854,377,195,182,11,5,6,17,11,6,35,27,8,122,68,54,18,16,2,47,25,22,106,31,75,21,12,9
S01011855,419,205,214,24,19,5,16,15,1,59,51,8,128,56,72,19,16,3,40,19,21,113,21,92,20,8,12
S01011856,281,149,132,10,8,2,19,14,5,29,22,7,68,36,32,19,15,4,52,36,16,68,14,54,16,4,12
S01011857,346,186,160,61,50,11,19,11,8,39,31,8,57,30,27,8,7,1,48,24,24,95,26,69,19,7,12
S01011858,335,173,162,22,16,6,14,9,5,34,33,1,71,35,36,14,12,2,78,43,35,86,18,68,16,7,9
S01011859,323,169,154,20,12,8,15,14,1,39,39,0,75,36,39,21,12,9,44,24,20,90,21,69,19,11,8
S01011860,392,223,169,37,31,6,18,12,6,30,28,2,162,84,78,9,6,3,48,30,18,62,18,44,26,14,12
S01011861,375,213,162,37,27,10,7,4,3,39,36,3,103,54,49,15,11,4,70,43,27,78,25,53,26,13,13
S01011862,404,222,182,19,16,3,17,12,5,32,27,5,108,64,44,18,16,2,52,30,22,138,47,91,20,10,10
S01011863,339,178,161,18,15,3,22,20,2,21,20,1,79,42,37,24,15,9,54,25,29,106,34,72,15,7,8
S01011864,336,174,162,15,11,4,19,11,8,31,28,3,98,57,41,22,19,3,45,23,22,88,21,67,18,4,14
S01011865,274,136,138,10,10,0,17,14,3,29,23,6,62,21,41,14,11,3,41,23,18,79,24,55,22,10,12
S01011866,381,200,181,24,22,2,24,20,4,43,41,2,105,46,59,23,15,8,35,18,17,100,23,77,27,15,12
S01011867,468,232,236,20,15,5,23,14,9,67,63,4,152,72,80,17,15,2,37,15,22,133,31,102,19,7,12
S01011868,422,213,209,18,15,3,15,10,5,48,40,8,132,61,71,25,18,7,42,20,22,117,37,80,25,12,13
S01011869,430,223,207,20,15,5,24,15,9,52,49,3,114,44,70,20,18,2,44,21,23,126,42,84,30,19,11
S01011870,315,161,154,16,12,4,27,16,11,43,42,1,81,37,44,17,15,2,37,13,24,82,21,61,12,5,7
S01011871,567,296,271,67,51,16,25,20,5,58,49,9,117,55,62,32,23,9,87,45,42,142,35,107,39,18,21
S01011872,476,254,222,72,52,20,28,21,7,33,29,4,90,45,45,22,18,4,62,34,28,139,43,96,30,12,18
S01011873,441,225,216,45,29,16,22,19,3,36,31,5,90,45,45,25,19,6,64,31,33,129,39,90,30,12,18
S01011874,368,189,179,34,20,14,24,21,3,27,22,5,86,45,41,24,19,5,42,19,23,114,35,79,17,8,9
S01011875,297,147,150,24,15,9,12,9,3,36,34,2,56,23,33,23,19,4,47,16,31,93,29,64,6,2,4
S01011876,495,261,234,56,42,14,31,21,10,40,32,8,85,46,39,27,24,3,79,41,38,154,43,111,23,12,11
S01011877,284,153,131,37,24,13,23,14,9,33,29,4,57,26,31,14,10,4,36,19,17,67,20,47,17,11,6
S01011878,517,271,246,50,37,13,24,17,7,31,28,3,72,41,31,28,20,8,80,44,36,195,71,124,37,13,24
S01011879,274,145,129,24,19,5,27,23,4,18,16,2,55,24,31,18,15,3,24,14,10,90,25,65,18,9,9
S01011880,299,167,132,53,39,14,14,12,2,21,18,3,49,24,25,13,9,4,44,24,20,83,27,56,22,14,8
S01011881,417,201,216,27,19,8,25,20,5,34,33,1,97,45,52,26,19,7,50,25,25,141,34,107,17,6,11
S01011882,449,226,223,26,14,12,23,21,2,38,32,6,113,56,57,25,21,4,56,28,28,152,46,106,16,8,8
S01011883,561,272,289,34,23,11,28,26,2,42,32,10,94,49,45,36,27,9,85,49,36,213,60,153,29,6,23
S01011884,233,127,106,45,31,14,12,7,5,21,19,2,49,24,25,8,7,1,29,18,11,63,19,44,6,2,4
S01011885,378,203,175,35,30,5,12,8,4,41,35,6,70,30,40,24,18,6,65,38,27,114,36,78,17,8,9
S01011886,437,223,214,24,17,7,33,23,10,52,48,4,91,44,47,24,23,1,55,26,29,134,35,99,24,7,17
S01011887,289,151,138,21,12,9,12,10,2,43,39,4,66,27,39,21,18,3,25,14,11,86,26,60,15,5,10
S01011888,421,197,224,22,17,5,20,13,7,34,32,2,130,53,77,29,24,5,47,20,27,119,29,90,20,9,11
S01011889,405,214,191,29,24,5,19,16,3,32,28,4,83,40,43,17,12,5,54,28,26,143,54,89,28,12,16
S01011890,376,184,192,24,16,8,15,13,2,23,22,1,79,41,38,27,25,2,52,32,20,129,29,100,27,6,21
S01011891,372,211,161,34,22,12,12,12,0,40,39,1,101,52,49,22,20,2,43,25,18,106,34,72,14,7,7
S01011892,621,315,306,57,40,17,23,18,5,42,39,3,140,76,64,43,32,11,84,38,46,195,58,137,37,14,23
S01011893,504,258,246,37,22,15,24,19,5,45,43,2,108,51,57,28,25,3,74,39,35,162,48,114,26,11,15
S01011894,349,184,165,24,17,7,16,10,6,32,28,4,89,51,38,24,18,6,46,22,24,103,35,68,15,3,12
S01011895,273,146,127,12,9,3,11,8,3,18,18,0,49,25,24,21,16,5,60,39,21,91,24,67,11,7,4
S01011896,430,217,213,29,20,9,15,13,2,30,25,5,77,40,37,29,25,4,75,41,34,144,38,106,31,15,16
S01011897,476,229,247,22,14,8,22,15,7,30,25,5,81,42,39,31,26,5,74,41,33,187,52,135,29,14,15
S01011898,358,170,188,10,6,4,12,8,4,20,16,4,71,35,36,21,18,3,73,38,35,133,43,90,18,6,12
S01011899,379,182,197,19,13,6,26,20,6,28,24,4,64,23,41,27,23,4,62,33,29,136,38,98,17,8,9
S01011900,387,203,184,17,14,3,18,12,6,28,23,5,70,35,35,29,23,6,76,50,26,126,36,90,23,10,13
S01011901,447,230,217,32,19,13,18,18,0,47,43,4,85,37,48,30,25,5,60,33,27,141,41,100,34,14,20
S01011902,516,264,252,39,21,18,19,16,3,41,39,2,101,49,52,33,28,5,81,44,37,180,58,122,22,9,13
S01011903,370,196,174,20,13,7,14,11,3,34,33,1,65,37,28,21,16,5,65,38,27,135,42,93,16,6,10
S01011904,383,188,195,17,11,6,21,18,3,23,18,5,80,36,44,30,28,2,56,31,25,136,36,100,20,10,10
S01011905,421,217,204,27,20,7,24,18,6,25,22,3,74,39,35,28,25,3,79,49,30,150,41,109,14,3,11
S01011906,228,119,109,21,13,8,17,13,4,13,13,0,46,29,17,16,11,5,40,16,24,65,21,44,10,3,7
S01011907,447,229,218,42,25,17,23,21,2,37,34,3,97,47,50,25,23,2,62,31,31,142,38,104,19,10,9
S01011908,227,116,111,18,15,3,15,14,1,16,16,0,49,25,24,11,7,4,32,12,20,82,26,56,4,1,3
S01011909,682,334,348,75,45,30,28,19,9,66,60,6,155,72,83,41,32,9,87,42,45,205,55,150,25,9,16
S01011910,404,200,204,33,17,16,28,21,7,28,28,0,122,54,68,26,18,8,53,21,32,86,25,61,28,16,12
S01011911,317,151,166,13,7,6,15,13,2,33,29,4,87,34,53,22,14,8,45,22,23,83,24,59,19,8,11
S01011912,365,178,187,16,9,7,20,17,3,41,39,2,97,46,51,28,23,5,42,17,25,103,20,83,18,7,11
S01011913,345,162,183,22,14,8,20,17,3,31,28,3,103,38,65,27,21,6,48,16,32,69,18,51,25,10,15
S01011914,377,185,192,23,8,15,27,25,2,41,39,2,105,51,54,32,19,13,42,15,27,90,22,68,17,6,11
S01011915,388,203,185,22,11,11,27,22,5,29,28,1,122,59,63,33,28,5,37,17,20,95,29,66,23,9,14
S01011916,270,125,145,19,12,7,13,11,2,28,26,2,69,28,41,20,15,5,27,8,19,80,19,61,14,6,8
S01011917,247,110,137,21,12,9,16,10,6,24,22,2,62,28,34,13,12,1,29,6,23,72,15,57,10,5,5
S01011918,317,139,178,24,18,6,18,13,5,31,28,3,96,29,67,21,17,4,46,15,31,61,13,48,20,6,14
S01011919,475,238,237,27,13,14,23,14,9,36,35,1,148,76,72,33,30,3,49,18,31,130,43,87,29,9,20
S01011920,325,157,168,22,14,8,26,22,4,34,33,1,91,35,56,17,14,3,26,12,14,89,20,69,20,7,13
S01011921,276,137,139,14,6,8,22,18,4,21,21,0,77,37,40,21,18,3,38,17,21,67,11,56,16,9,7
S01011922,382,195,187,33,18,15,28,25,3,40,34,6,112,50,62,26,19,7,39,17,22,89,27,62,15,5,10
S01011923,405,205,200,32,19,13,25,23,2,44,42,2,103,49,54,19,14,5,56,22,34,107,29,78,19,7,12
S01011924,217,111,106,15,7,8,17,13,4,28,23,5,55,26,29,21,19,2,24,9,15,50,13,37,7,1,6
S01011925,445,229,216,35,22,13,13,10,3,45,39,6,116,59,57,22,18,4,65,35,30,115,35,80,34,11,23
S01011926,326,159,167,25,10,15,30,23,7,30,29,1,98,41,57,17,14,3,44,18,26,71,19,52,11,5,6
S01011927,292,132,160,19,12,7,17,11,6,24,22,2,80,33,47,25,22,3,32,14,18,74,13,61,21,5,16
S01011928,360,179,181,19,9,10,20,14,6,40,37,3,87,41,46,21,17,4,52,25,27,96,24,72,25,12,13
S01011929,354,173,181,23,15,8,22,16,6,37,33,4,100,38,62,30,26,4,36,18,18,89,19,70,17,8,9
S01011930,318,155,163,23,14,9,16,11,5,30,28,2,89,30,59,26,22,4,40,19,21,75,24,51,19,7,12
S01011931,274,144,130,18,11,7,17,12,5,24,20,4,81,34,47,14,13,1,30,15,15,69,29,40,21,10,11
S01011932,373,186,187,42,25,17,23,16,7,25,20,5,96,51,45,21,19,2,54,21,33,90,26,64,22,8,14
S01011933,368,200,168,42,27,15,23,18,5,36,32,4,92,51,41,15,12,3,48,19,29,98,36,62,14,5,9
S01011934,533,292,241,46,28,18,43,40,3,42,38,4,132,73,59,30,22,8,60,32,28,146,46,100,34,13,21
S01011935,502,282,220,35,21,14,41,30,11,30,27,3,158,78,80,26,21,5,59,34,25,103,48,55,50,23,27
S01011936,398,200,198,33,19,14,26,18,8,15,13,2,104,53,51,15,10,5,66,36,30,119,43,76,20,8,12
S01011937,394,218,176,35,21,14,30,20,10,24,22,2,117,68,49,12,11,1,70,35,35,88,35,53,18,6,12
S01011938,385,192,193,23,11,12,22,16,6,31,29,2,112,48,64,16,8,8,55,27,28,103,41,62,23,12,11
S01011939,417,229,188,25,17,8,20,16,4,32,32,0,140,72,68,20,18,2,55,28,27,105,37,68,20,9,11
S01011940,240,137,103,21,9,12,25,23,2,12,12,0,70,38,32,13,11,2,33,17,16,44,17,27,22,10,12
S01011941,472,268,204,25,17,8,27,19,8,20,16,4,160,86,74,31,26,5,68,36,32,100,46,54,41,22,19
S01011942,470,268,202,32,18,14,34,27,7,39,39,0,164,87,77,22,19,3,68,40,28,84,25,59,27,13,14
S01011943,577,300,277,30,11,19,26,20,6,47,40,7,209,108,101,35,29,6,56,21,35,138,54,84,36,17,19
S01011944,207,108,99,21,14,7,17,11,6,13,10,3,37,19,18,9,6,3,29,19,10,69,27,42,12,2,10
S01011945,347,192,155,20,11,9,26,17,9,29,26,3,54,33,21,12,10,2,64,40,24,121,44,77,21,11,10
S01011946,323,169,154,26,20,6,16,11,5,21,21,0,89,42,47,22,18,4,43,24,19,88,28,60,18,5,13
S01011947,216,113,103,14,12,2,8,7,1,11,8,3,52,25,27,16,14,2,25,17,8,75,22,53,15,8,7
S01011948,484,245,239,31,17,14,25,14,11,23,19,4,110,52,58,28,21,7,77,51,26,162,57,105,28,14,14
S01011949,303,156,147,23,15,8,14,13,1,28,22,6,54,31,23,12,10,2,41,21,20,120,40,80,11,4,7
S01011950,307,151,156,16,12,4,12,10,2,31,26,5,54,20,34,22,16,6,49,22,27,103,36,67,20,9,11
S01011951,323,166,157,18,16,2,23,16,7,34,32,2,80,35,45,20,15,5,46,19,27,83,26,57,19,7,12
S01011952,234,121,113,23,9,14,17,11,6,26,25,1,35,16,19,13,13,0,31,15,16,74,28,46,15,4,11
S01011953,360,193,167,27,17,10,18,13,5,30,27,3,67,38,29,17,14,3,55,32,23,126,46,80,20,6,14
S01011954,228,117,111,17,10,7,11,9,2,25,23,2,53,24,29,12,10,2,31,17,14,68,22,46,11,2,9
S01011955,460,219,241,28,19,9,23,18,5,40,36,4,115,49,66,27,26,1,62,23,39,141,36,105,24,12,12
S01011956,528,273,255,33,23,10,42,34,8,50,44,6,92,43,49,27,20,7,87,51,36,180,50,130,17,8,9
S01011957,499,300,199,100,78,22,20,17,3,27,24,3,124,78,46,12,9,3,57,32,25,121,42,79,38,20,18
S01011958,545,305,240,73,58,15,30,22,8,51,45,6,114,61,53,32,23,9,74,37,37,148,48,100,23,11,12
S01011959,428,213,215,51,34,17,20,16,4,34,31,3,94,44,50,23,15,8,71,29,42,118,37,81,17,7,10
S01011960,466,242,224,49,34,15,25,21,4,15,15,0,94,49,45,21,18,3,60,32,28,180,60,120,22,13,9
S01011961,409,202,207,15,9,6,25,21,4,37,32,5,93,49,44,23,19,4,53,24,29,150,38,112,13,10,3
S01011962,366,196,170,37,26,11,29,21,8,30,29,1,54,29,25,15,11,4,56,33,23,125,38,87,20,9,11
S01011963,247,125,122,18,12,6,18,14,4,12,12,0,42,21,21,10,7,3,37,22,15,97,33,64,13,4,9
S01011964,522,271,251,41,29,12,40,22,18,46,43,3,107,47,60,29,24,5,54,30,24,182,63,119,23,13,10
S01011965,327,157,170,9,8,1,18,17,1,20,18,2,52,22,30,23,21,2,51,23,28,144,43,101,10,5,5
S01011966,390,199,191,19,16,3,23,18,5,23,21,2,74,38,36,24,21,3,52,30,22,166,53,113,9,2,7
S01011967,563,301,262,44,32,12,39,31,8,38,32,6,103,58,45,29,25,4,77,31,46,212,84,128,21,8,13
S01011968,509,251,258,18,12,6,28,24,4,36,35,1,79,41,38,36,29,7,59,29,30,229,70,159,24,11,13
S01011969,494,266,228,38,29,9,71,43,28,58,52,6,106,50,56,28,24,4,51,24,27,128,37,91,14,7,7
S01011970,489,250,239,34,25,9,118,72,46,54,50,4,105,44,61,32,20,12,38,16,22,94,18,76,14,5,9
S01011971,278,153,125,35,26,9,33,24,9,28,28,0,56,26,30,12,7,5,22,10,12,77,23,54,15,9,6
S01011972,589,318,271,93,77,16,38,31,7,49,46,3,104,40,64,29,22,7,77,38,39,169,50,119,30,14,16
S01011973,322,171,151,40,32,8,15,12,3,24,21,3,65,38,27,21,16,5,37,21,16,102,25,77,18,6,12
S01011974,411,230,181,63,48,15,40,25,15,31,27,4,79,44,35,18,13,5,46,25,21,113,39,74,21,9,12
S01011975,225,123,102,30,24,6,8,6,2,28,24,4,52,26,26,8,6,2,27,19,8,58,13,45,14,5,9
S01011976,370,189,181,18,12,6,26,20,6,45,43,2,84,30,54,14,12,2,39,23,16,120,36,84,24,13,11
S01011977,548,298,250,70,52,18,43,34,9,52,47,5,110,49,61,32,27,5,65,35,30,147,41,106,29,13,16
S01011978,280,137,143,22,18,4,18,15,3,30,28,2,79,34,45,12,8,4,17,9,8,85,20,65,17,5,12
S01011979,523,295,228,73,64,9,24,20,4,32,29,3,108,51,57,34,28,6,75,44,31,159,52,107,18,7,11
S01011980,206,116,90,39,30,9,9,9,0,18,15,3,44,19,25,8,5,3,31,25,6,50,12,38,7,1,6
S01011981,515,281,234,66,53,13,18,14,4,27,23,4,158,68,90,23,16,7,87,60,27,91,28,63,45,19,26
S01011982,515,289,226,92,67,25,25,21,4,37,36,1,120,57,63,21,16,5,73,41,32,109,32,77,38,19,19
S01011983,363,194,169,34,25,9,13,11,2,33,30,3,124,58,66,14,11,3,59,31,28,61,17,44,25,11,14
S01011984,294,151,143,17,14,3,31,18,13,35,31,4,72,31,41,14,8,6,30,17,13,73,22,51,22,10,12
S01011985,368,185,183,18,14,4,27,19,8,51,44,7,95,47,48,21,13,8,25,12,13,114,30,84,17,6,11
S01011986,277,134,143,19,15,4,32,23,9,30,30,0,76,29,47,10,8,2,32,13,19,63,10,53,15,6,9
S01011987,439,216,223,28,19,9,36,27,9,47,45,2,102,42,60,25,19,6,45,18,27,139,38,101,17,8,9
S01011988,288,157,131,15,10,5,16,12,4,35,29,6,78,40,38,18,13,5,28,16,12,87,33,54,11,4,7
S01011989,416,206,210,23,19,4,35,29,6,38,34,4,101,39,62,19,17,2,61,35,26,121,25,96,18,8,10
S01011990,312,163,149,24,15,9,21,17,4,23,20,3,68,34,34,22,17,5,59,30,29,77,22,55,18,8,10
S01011991,354,181,173,19,14,5,25,20,5,42,39,3,96,43,53,25,19,6,37,18,19,99,24,75,11,4,7
S01011992,434,226,208,12,8,4,33,21,12,39,39,0,110,61,49,22,16,6,49,20,29,139,42,97,30,19,11
S01011993,415,202,213,17,11,6,45,30,15,32,29,3,122,59,63,22,17,5,52,22,30,94,23,71,31,11,20
S01011994,255,129,126,13,11,2,27,24,3,12,8,4,51,24,27,7,5,2,40,22,18,91,26,65,14,9,5
S01011995,453,255,198,83,62,21,26,20,6,36,32,4,94,52,42,23,20,3,58,34,24,107,24,83,26,11,15
S01011996,269,139,130,27,17,10,9,7,2,20,20,0,81,35,46,19,14,5,35,19,16,67,21,46,11,6,5
S01011997,469,233,236,45,30,15,22,17,5,52,48,4,109,53,56,28,17,11,46,18,28,142,45,97,25,5,20
S01011998,246,132,114,22,15,7,14,10,4,22,19,3,57,29,28,5,3,2,55,34,21,63,21,42,8,1,7
S01011999,359,182,177,44,31,13,22,14,8,28,26,2,92,40,52,22,15,7,51,31,20,80,18,62,20,7,13
S01012000,248,128,120,21,15,6,20,16,4,27,23,4,52,25,27,13,7,6,31,13,18,70,22,48,14,7,7
S01012001,335,180,155,29,22,7,25,17,8,50,46,4,70,29,41,20,14,6,43,27,16,77,19,58,21,6,15
S01012002,249,131,118,18,10,8,12,10,2,39,36,3,51,28,23,14,12,2,27,12,15,74,19,55,14,4,10
S01012003,286,151,135,17,10,7,16,10,6,40,37,3,68,41,27,13,8,5,27,15,12,93,26,67,12,4,8
S01012004,427,219,208,38,27,11,28,20,8,39,33,6,89,39,50,34,31,3,39,17,22,139,42,97,21,10,11
S01012005,471,236,235,34,20,14,22,17,5,47,41,6,101,41,60,29,25,4,77,39,38,144,44,100,17,9,8
S01012006,399,222,177,56,45,11,10,7,3,25,23,2,77,45,32,10,6,4,39,22,17,169,67,102,13,7,6
S01012007,386,205,181,33,24,9,16,11,5,21,17,4,122,61,61,18,14,4,50,29,21,111,41,70,15,8,7
S01012008,503,251,252,29,25,4,25,13,12,34,31,3,143,61,82,27,19,8,50,29,21,164,62,102,31,11,20
S01012009,430,222,208,35,27,8,11,9,2,33,28,5,114,47,67,25,18,7,119,66,53,68,16,52,25,11,14
S01012010,609,309,300,24,21,3,25,16,9,39,36,3,287,135,152,14,11,3,53,29,24,116,37,79,51,24,27
S01012011,587,284,303,28,17,11,25,19,6,36,34,2,274,113,161,29,21,8,54,32,22,84,18,66,57,30,27
S01012012,285,146,139,28,23,5,18,11,7,24,21,3,98,39,59,9,8,1,31,19,12,58,16,42,19,9,10
S01012013,397,202,195,31,27,4,17,12,5,45,40,5,99,33,66,15,10,5,81,49,32,74,15,59,35,16,19
S01012014,433,228,205,22,17,5,22,17,5,45,40,5,131,60,71,9,7,2,53,31,22,91,21,70,60,35,25
S01012015,457,236,221,54,46,8,17,14,3,45,40,5,138,55,83,19,12,7,51,24,27,94,24,70,39,21,18
S01012016,480,261,219,49,43,6,30,15,15,33,26,7,172,81,91,21,19,2,68,41,27,73,20,53,34,16,18
S01012017,250,139,111,44,32,12,5,5,0,18,16,2,48,19,29,10,6,4,50,30,20,55,22,33,20,9,11
S01012018,455,260,195,60,50,10,25,18,7,51,45,6,115,48,67,17,9,8,67,42,25,85,29,56,35,19,16
S01012019,432,216,216,5,4,1,27,21,6,35,28,7,65,33,32,30,23,7,77,36,41,170,58,112,23,13,10
S01012020,301,155,146,4,4,0,25,20,5,25,23,2,48,23,25,26,19,7,35,21,14,120,36,84,18,9,9
S01012021,284,143,141,4,3,1,18,16,2,22,18,4,58,31,27,24,21,3,39,23,16,104,25,79,15,6,9
S01012022,343,162,181,5,2,3,33,25,8,33,28,5,66,27,39,28,22,6,39,24,15,123,31,92,16,3,13
S01012023,292,150,142,27,22,5,28,17,11,24,19,5,31,17,14,24,16,8,52,30,22,84,21,63,22,8,14
S01012024,462,226,236,18,11,7,42,33,9,30,25,5,53,22,31,55,39,16,68,30,38,174,53,121,22,13,9
S01012025,359,184,175,6,5,1,25,23,2,25,24,1,74,46,28,37,25,12,50,21,29,121,34,87,21,6,15
S01012026,356,176,180,12,11,1,22,15,7,27,21,6,62,29,33,38,27,11,62,29,33,122,37,85,11,7,4
S01012027,445,230,215,21,17,4,41,31,10,37,32,5,78,37,41,43,30,13,79,37,42,128,38,90,18,8,10
S01012028,462,242,220,9,7,2,30,23,7,20,19,1,97,54,43,56,35,21,97,54,43,136,42,94,17,8,9
S01012029,544,271,273,27,20,7,39,28,11,41,38,3,101,38,63,64,39,25,76,38,38,173,56,117,23,14,9
S01012030,375,196,179,35,27,8,37,28,9,30,26,4,62,33,29,28,22,6,51,25,26,107,28,79,25,7,18
S01012031,256,124,132,7,6,1,20,12,8,28,21,7,35,16,19,19,14,5,53,29,24,83,21,62,11,5,6
S01012032,192,99,93,18,15,3,19,12,7,11,10,1,29,14,15,11,7,4,36,18,18,57,18,39,11,5,6
S01012033,388,200,188,4,3,1,35,28,7,43,37,6,76,47,29,26,18,8,49,27,22,142,36,106,13,4,9
S01012034,383,201,182,6,6,0,36,24,12,29,28,1,56,30,26,44,31,13,66,33,33,126,40,86,20,9,11
S01012035,429,233,196,12,9,3,29,21,8,43,41,2,83,46,37,35,28,7,68,37,31,140,42,98,19,9,10
S01012036,401,207,194,12,7,5,30,27,3,32,30,2,68,37,31,32,20,12,61,40,21,149,40,109,17,6,11
S01012037,377,190,187,4,3,1,48,36,12,19,17,2,93,46,47,44,36,8,45,19,26,105,22,83,19,11,8
S01012038,285,132,153,5,5,0,33,20,13,18,17,1,76,31,45,26,21,5,39,19,20,72,13,59,16,6,10
S01012039,390,200,190,5,4,1,45,34,11,37,36,1,75,36,39,42,33,9,39,19,20,123,31,92,24,7,17
S01012040,364,198,166,7,4,3,24,19,5,40,35,5,62,31,31,31,23,8,51,27,24,131,49,82,18,10,8
S01012041,397,206,191,6,6,0,41,30,11,27,26,1,91,43,48,34,27,7,43,19,24,131,37,94,24,18,6
S01012042,417,202,215,10,7,3,39,25,14,35,32,3,96,45,51,40,30,10,55,25,30,125,34,91,17,4,13
S01012043,363,183,180,6,5,1,42,26,16,22,21,1,88,43,45,30,24,6,42,21,21,110,35,75,23,8,15
S01012044,301,144,157,7,6,1,29,10,19,32,32,0,53,20,33,28,25,3,39,22,17,96,23,73,17,6,11
S01012045,490,265,225,10,10,0,42,24,18,52,44,8,123,60,63,52,40,12,68,38,30,115,37,78,28,12,16
S01012046,244,106,138,6,5,1,27,17,10,10,9,1,65,32,33,24,17,7,21,10,11,76,13,63,15,3,12
S01012047,350,165,185,8,7,1,38,24,14,26,22,4,68,30,38,44,36,8,46,15,31,107,24,83,13,7,6
S01012048,266,135,131,10,8,2,29,18,11,13,12,1,56,27,29,35,27,8,34,15,19,76,23,53,13,5,8
S01012049,333,159,174,7,6,1,29,19,10,25,23,2,51,17,34,40,31,9,51,22,29,121,38,83,9,3,6
S01012050,541,271,270,9,7,2,61,46,15,51,44,7,96,47,49,53,38,15,77,33,44,166,48,118,28,8,20
S01012051,228,118,110,5,4,1,18,13,5,18,17,1,36,17,19,22,16,6,40,22,18,76,23,53,13,6,7
S01012052,424,224,200,6,5,1,39,29,10,31,28,3,101,48,53,46,37,9,62,26,36,126,47,79,13,4,9
S01012053,369,167,202,4,3,1,33,24,9,18,16,2,85,30,55,40,33,7,54,18,36,121,39,82,14,4,10
S01012054,328,159,169,9,8,1,38,26,12,18,18,0,93,40,53,43,28,15,22,13,9,89,20,69,16,6,10
S01012055,359,182,177,7,7,0,50,38,12,26,24,2,72,36,36,45,33,12,45,18,27,99,20,79,15,6,9
S01012056,362,182,180,8,5,3,33,25,8,31,27,4,61,29,32,25,21,4,46,18,28,138,51,87,20,6,14
S01012057,390,200,190,13,8,5,29,24,5,29,27,2,72,32,40,38,31,7,60,33,27,134,38,96,15,7,8
S01012058,361,181,180,10,9,1,27,18,9,30,28,2,63,30,33,35,29,6,59,29,30,116,35,81,21,3,18
S01012059,365,172,193,13,12,1,33,23,10,31,29,2,77,31,46,31,24,7,47,19,28,107,24,83,26,10,16
S01012060,364,187,177,8,7,1,24,20,4,26,24,2,77,37,40,37,23,14,54,29,25,114,37,77,24,10,14
S01012061,480,245,235,5,4,1,40,28,12,43,40,3,87,46,41,54,30,24,72,37,35,159,52,107,20,8,12
S01012062,486,252,234,8,8,0,45,36,9,36,31,5,118,62,56,49,37,12,59,28,31,152,38,114,19,12,7
S01012063,288,138,150,2,2,0,28,17,11,29,27,2,65,27,38,35,21,14,32,14,18,88,24,64,9,6,3
S01012064,194,87,107,2,1,1,14,9,5,15,12,3,44,13,31,30,28,2,31,8,23,49,11,38,9,5,4
S01012065,158,67,91,1,1,0,7,7,0,10,9,1,43,17,26,15,9,6,24,10,14,48,11,37,10,3,7
S01012066,360,170,190,6,6,0,37,24,13,18,16,2,104,40,64,34,25,9,40,15,25,104,32,72,17,12,5
S01012067,180,87,93,4,2,2,7,5,2,15,15,0,44,17,27,18,13,5,35,15,20,46,13,33,11,7,4
S01012068,127,51,76,2,1,1,11,7,4,8,7,1,36,14,22,17,14,3,13,3,10,31,4,27,9,1,8
S01012069,179,81,98,3,3,0,11,7,4,12,11,1,47,19,28,12,10,2,28,7,21,56,17,39,10,7,3
S01012070,250,131,119,2,2,0,30,16,14,16,15,1,70,39,31,21,17,4,43,24,19,52,11,41,16,7,9
S01012071,425,223,202,12,12,0,44,25,19,28,25,3,99,53,46,40,31,9,67,31,36,112,38,74,23,8,15
S01012072,435,229,206,3,3,0,36,29,7,27,23,4,92,44,48,48,33,15,86,45,41,119,37,82,24,15,9
S01012073,380,187,193,11,8,3,44,32,12,37,32,5,74,37,37,38,24,14,55,27,28,109,22,87,12,5,7
S01012074,415,210,205,10,5,5,32,25,7,39,33,6,74,36,38,35,26,9,64,29,35,144,49,95,17,7,10
S01012075,447,213,234,13,11,2,44,35,9,41,35,6,65,37,28,44,30,14,70,28,42,152,32,120,18,5,13
S01012076,363,182,181,6,3,3,36,25,11,29,26,3,72,41,31,31,24,7,49,20,29,122,35,87,18,8,10
S01012077,342,172,170,7,7,0,23,16,7,28,28,0,70,35,35,32,28,4,45,19,26,127,34,93,10,5,5
S01012078,473,248,225,10,7,3,47,37,10,32,29,3,94,44,50,45,34,11,59,28,31,165,57,108,21,12,9
S01012079,384,176,208,6,6,0,34,24,10,30,27,3,79,29,50,37,27,10,43,21,22,128,31,97,27,11,16
S01012080,312,143,169,4,4,0,27,20,7,22,18,4,81,30,51,32,26,6,30,12,18,106,25,81,10,8,2
S01012081,287,138,149,7,6,1,39,24,15,21,19,2,69,28,41,37,32,5,35,17,18,69,10,59,10,2,8
S01012082,242,120,122,2,2,0,17,11,6,23,21,2,52,27,25,25,17,8,31,16,15,79,20,59,13,6,7
S01012083,268,140,128,5,4,1,19,17,2,20,17,3,56,32,24,30,27,3,30,13,17,98,27,71,10,3,7
S01012084,312,156,156,6,2,4,35,25,10,27,23,4,56,28,28,26,20,6,44,22,22,99,29,70,19,7,12
S01012085,363,191,172,5,5,0,45,36,9,36,33,3,64,32,32,40,27,13,52,24,28,106,26,80,15,8,7
S01012086,386,187,199,5,5,0,39,29,10,33,32,1,108,49,59,37,26,11,40,17,23,108,23,85,16,6,10
S01012087,310,148,162,8,8,0,18,12,6,23,23,0,73,29,44,30,22,8,39,17,22,108,34,74,11,3,8
S01012088,389,193,196,4,4,0,38,28,10,38,33,5,60,28,32,37,25,12,55,27,28,137,39,98,20,9,11
S01012089,450,213,237,6,5,1,37,33,4,38,34,4,62,28,34,36,22,14,76,31,45,179,55,124,16,5,11
S01012090,444,238,206,8,7,1,32,28,4,34,29,5,74,46,28,39,31,8,76,38,38,165,50,115,16,9,7
S01012091,311,152,159,6,3,3,35,25,10,26,22,4,61,28,33,30,22,8,32,15,17,105,30,75,16,7,9
S01012092,289,148,141,2,2,0,29,21,8,26,24,2,45,25,20,23,17,6,54,27,27,103,29,74,7,3,4
S01012093,282,145,137,9,8,1,18,15,3,16,16,0,47,29,18,17,12,5,40,23,17,116,35,81,19,7,12
S01012094,396,201,195,7,3,4,32,23,9,27,23,4,61,38,23,40,26,14,61,32,29,155,50,105,13,6,7
S01012095,561,272,289,9,7,2,46,32,14,52,47,5,116,55,61,53,39,14,65,33,32,199,46,153,21,13,8
S01012096,369,171,198,8,8,0,36,27,9,39,35,4,93,25,68,39,29,10,32,13,19,111,30,81,11,4,7
S01012097,300,148,152,8,7,1,17,10,7,26,24,2,72,37,35,28,23,5,26,14,12,105,25,80,18,8,10
S01012098,286,146,140,9,5,4,37,27,10,25,21,4,69,32,37,27,21,6,29,15,14,74,16,58,16,9,7
S01012099,324,150,174,6,6,0,31,20,11,18,17,1,80,32,48,32,28,4,36,17,19,105,23,82,16,7,9
S01012100,455,207,248,11,10,1,45,33,12,39,35,4,93,35,58,43,30,13,53,22,31,153,34,119,18,8,10
S01012101,410,200,210,5,5,0,26,20,6,24,22,2,93,46,47,38,26,12,63,36,27,147,37,110,14,8,6
S01012102,269,112,157,4,1,3,23,16,7,13,11,2,79,28,51,22,18,4,30,13,17,85,19,66,13,6,7
S01012103,517,251,266,8,7,1,28,19,9,53,46,7,90,44,46,49,35,14,86,42,44,186,51,135,17,7,10
S01012104,509,270,239,7,4,3,44,32,12,39,36,3,88,46,42,39,28,11,72,33,39,198,81,117,22,10,12
S01012105,599,291,308,11,7,4,52,40,12,52,44,8,97,45,52,46,28,18,86,48,38,218,63,155,37,16,21
S01012106,618,311,307,17,13,4,64,48,16,51,44,7,96,45,51,66,44,22,97,51,46,197,58,139,30,8,22
S01012107,320,166,154,7,5,2,24,19,5,20,16,4,51,24,27,30,20,10,39,28,11,133,48,85,16,6,10
S01012108,319,153,166,11,11,0,28,20,8,16,13,3,73,26,47,36,31,5,35,18,17,109,29,80,11,5,6
S01012109,425,208,217,12,11,1,35,22,13,39,37,2,108,48,60,37,23,14,59,22,37,118,39,79,17,6,11
S01012110,310,152,158,5,3,2,24,17,7,12,10,2,60,28,32,21,16,5,63,36,27,111,35,76,14,7,7
S01012111,236,123,113,2,1,1,20,19,1,17,17,0,62,26,36,17,12,5,27,10,17,80,31,49,11,7,4
S01012112,306,147,159,4,3,1,34,25,9,29,24,5,53,23,30,25,20,5,41,16,25,100,26,74,20,10,10
S01012113,447,229,218,5,4,1,35,25,10,38,34,4,77,43,34,50,35,15,69,31,38,150,47,103,23,10,13
S01012114,425,197,228,13,9,4,23,17,6,36,27,9,77,27,50,29,25,4,75,42,33,146,42,104,26,8,18
S01012115,235,105,130,8,6,2,24,19,5,14,13,1,43,15,28,20,10,10,33,13,20,80,22,58,13,7,6
S01012116,276,135,141,6,6,0,26,20,6,21,19,2,55,26,29,20,14,6,33,15,18,101,31,70,14,4,10
S01012117,472,237,235,17,12,5,58,42,16,45,36,9,67,35,32,40,29,11,68,25,43,153,49,104,24,9,15
S01012118,380,184,196,4,4,0,47,36,11,30,24,6,61,31,30,36,26,10,50,17,33,132,41,91,20,5,15
S01012119,453,236,217,8,6,2,41,31,10,50,46,4,80,40,40,40,32,8,60,26,34,162,49,113,12,6,6
S01012120,256,124,132,5,4,1,21,9,12,27,23,4,58,24,34,22,18,4,32,17,15,87,28,59,4,1,3
S01012121,370,188,182,3,2,1,28,23,5,32,30,2,94,46,48,21,18,3,52,28,24,117,34,83,23,7,16
S01012122,370,179,191,5,5,0,31,28,3,31,31,0,84,33,51,37,30,7,44,15,29,124,29,95,14,8,6
S01012123,270,134,136,5,4,1,25,16,9,16,14,2,74,32,42,18,15,3,43,23,20,73,23,50,16,7,9
S01012124,302,145,157,5,5,0,24,17,7,28,26,2,59,27,32,25,18,7,39,17,22,109,30,79,13,5,8
S01012125,325,162,163,1,1,0,28,18,10,28,24,4,70,35,35,29,22,7,46,28,18,107,30,77,16,4,12
S01012126,471,253,218,4,1,3,40,29,11,38,36,2,98,51,47,39,31,8,79,39,40,150,53,97,23,13,10
S01012127,421,238,183,6,5,1,40,27,13,38,35,3,86,51,35,42,29,13,72,38,34,110,41,69,27,12,15
S01012128,276,152,124,9,7,2,11,9,2,21,20,1,71,35,36,24,18,6,44,22,22,80,33,47,16,8,8
S01012129,346,184,162,5,4,1,31,23,8,26,24,2,58,31,27,41,28,13,43,24,19,120,39,81,22,11,11
S01012130,433,218,215,9,7,2,40,27,13,40,34,6,72,39,33,44,33,11,71,30,41,140,43,97,17,5,12
S01012131,477,252,225,1,1,0,49,34,15,31,27,4,123,64,59,53,42,11,52,20,32,144,54,90,24,10,14
S01012132,312,149,163,6,6,0,33,21,12,16,15,1,82,36,46,27,17,10,46,23,23,79,25,54,23,6,17
S01012133,416,221,195,9,8,1,53,34,19,25,22,3,90,45,45,33,25,8,59,31,28,129,50,79,18,6,12
S01012134,559,278,281,7,5,2,46,34,12,28,23,5,100,47,53,51,33,18,107,60,47,190,64,126,30,12,18
S01012135,357,172,185,3,3,0,28,20,8,26,24,2,103,53,50,30,21,9,45,15,30,109,31,78,13,5,8
S01012136,394,198,196,3,3,0,26,20,6,19,18,1,127,52,75,38,29,9,54,31,23,115,38,77,12,7,5
S01012137,267,136,131,5,4,1,16,13,3,15,14,1,71,39,32,38,26,12,46,23,23,69,14,55,7,3,4
S01012138,451,229,222,5,4,1,35,31,4,31,26,5,73,43,30,43,29,14,83,41,42,158,47,111,23,8,15
S01012139,427,210,217,4,4,0,55,35,20,36,28,8,73,37,36,28,22,6,67,31,36,146,45,101,18,8,10
S01012140,272,134,138,0,0,0,17,15,2,18,15,3,39,23,16,15,8,7,37,23,14,136,43,93,10,7,3
S01012141,487,238,249,7,4,3,41,35,6,39,30,9,70,31,39,38,30,8,76,37,39,196,63,133,20,8,12
S01012142,438,235,203,12,9,3,42,31,11,39,37,2,61,34,27,28,24,4,69,37,32,161,48,113,26,15,11
S01012143,405,218,187,7,6,1,36,31,5,30,25,5,75,37,38,28,18,10,75,42,33,142,51,91,12,8,4
S01012144,496,265,231,16,15,1,42,31,11,36,34,2,73,34,39,47,32,15,86,46,40,173,62,111,23,11,12
S01012145,490,246,244,5,3,2,29,27,2,32,29,3,82,42,40,42,29,13,75,49,26,196,53,143,29,14,15
S01012146,393,196,197,11,7,4,47,24,23,26,24,2,86,40,46,39,34,5,53,32,21,102,27,75,29,8,21
S01012147,282,132,150,1,1,0,24,17,7,17,14,3,80,40,40,21,17,4,43,19,24,78,19,59,18,5,13
S01012148,264,114,150,3,3,0,25,17,8,10,9,1,71,35,36,31,24,7,25,8,17,84,12,72,15,6,9
S01012149,393,218,175,11,7,4,32,27,5,44,39,5,83,40,43,35,26,9,67,34,33,102,39,63,19,6,13
S01012150,290,148,142,2,2,0,34,27,7,29,27,2,59,27,32,21,15,6,39,16,23,85,21,64,21,13,8
S01012151,293,147,146,4,2,2,39,31,8,20,19,1,64,29,35,24,21,3,49,28,21,81,16,65,12,1,11
S01012152,286,152,134,5,5,0,23,15,8,21,20,1,87,39,48,25,21,4,37,20,17,72,26,46,16,6,10
S01012153,245,125,120,5,3,2,13,9,4,14,14,0,58,30,28,36,22,14,38,24,14,67,19,48,14,4,10
S01012154,336,174,162,7,6,1,40,27,13,27,23,4,73,33,40,34,23,11,47,23,24,91,32,59,17,7,10
S01012155,259,135,124,4,4,0,18,11,7,14,11,3,63,35,28,25,16,9,34,19,15,91,31,60,10,8,2
S01012156,242,118,124,9,4,5,15,11,4,22,21,1,65,34,31,19,11,8,33,17,16,68,16,52,11,4,7
S01012157,492,244,248,4,3,1,44,26,18,52,45,7,111,53,58,45,32,13,80,40,40,138,38,100,18,7,11
S01012158,614,319,295,10,9,1,47,34,13,43,41,2,131,62,69,64,48,16,92,47,45,197,65,132,30,13,17
S01012159,253,125,128,4,4,0,45,28,17,20,16,4,36,14,22,16,15,1,31,13,18,88,27,61,13,8,5
S01012160,355,161,194,3,1,2,47,32,15,27,23,4,63,25,38,39,27,12,47,17,30,108,26,82,21,10,11
S01012161,188,76,112,1,1,0,12,10,2,12,12,0,63,22,41,16,8,8,26,9,17,48,10,38,10,4,6
S01012162,409,191,218,7,6,1,42,32,10,27,23,4,114,57,57,37,27,10,54,17,37,110,25,85,18,4,14
S01012163,350,173,177,9,7,2,25,12,13,28,26,2,76,36,40,40,30,10,52,22,30,108,33,75,12,7,5
S01012164,657,327,330,20,13,7,61,43,18,62,55,7,131,69,62,68,46,22,92,33,59,202,57,145,21,11,10
S01012165,368,180,188,4,3,1,42,27,15,21,18,3,101,49,52,38,27,11,51,26,25,97,19,78,14,11,3
S01012166,313,148,165,2,1,1,37,31,6,29,25,4,82,30,52,30,21,9,35,18,17,79,16,63,19,6,13
S01012167,405,208,197,5,4,1,33,22,11,33,29,4,103,50,53,40,31,9,56,26,30,112,38,74,23,8,15
S01012168,400,206,194,13,13,0,40,31,9,27,23,4,69,32,37,37,31,6,64,25,39,134,45,89,16,6,10
S01012169,369,185,184,9,6,3,44,29,15,28,22,6,78,40,38,28,21,7,41,21,20,122,35,87,19,11,8
S01012170,419,205,214,8,5,3,52,39,13,35,30,5,106,44,62,38,31,7,47,21,26,113,30,83,20,5,15
S01012171,477,223,254,5,5,0,53,39,14,39,33,6,133,50,83,41,28,13,51,15,36,135,42,93,20,11,9
S01012172,317,150,167,0,0,0,33,23,10,17,14,3,96,42,54,35,26,9,43,20,23,82,18,64,11,7,4
S01012173,298,151,147,5,3,2,31,24,7,30,27,3,48,26,22,18,15,3,46,18,28,106,29,77,14,9,5
S01012174,539,269,270,8,7,1,49,36,13,40,32,8,127,57,70,55,41,14,79,36,43,156,51,105,25,9,16
S01012175,473,252,221,14,12,2,50,41,9,29,25,4,88,49,39,53,38,15,58,30,28,159,44,115,22,13,9
S01012176,480,245,235,13,10,3,59,40,19,42,40,2,110,62,48,29,23,6,57,26,31,158,40,118,12,4,8
S01012177,327,173,154,5,4,1,29,23,6,25,24,1,83,38,45,31,24,7,40,22,18,104,32,72,10,6,4
S01012178,291,145,146,4,3,1,34,25,9,29,26,3,66,33,33,24,21,3,41,20,21,81,11,70,12,6,6
S01012179,264,125,139,2,1,1,22,14,8,30,28,2,64,26,38,17,12,5,48,23,25,71,15,56,10,6,4
S01012180,224,104,120,4,3,1,19,16,3,11,10,1,59,28,31,14,10,4,33,14,19,80,20,60,4,3,1
S01012181,330,170,160,5,4,1,37,28,9,32,28,4,66,32,34,31,21,10,40,22,18,106,30,76,13,5,8
S01012182,655,342,313,13,13,0,69,59,10,42,38,4,147,69,78,64,44,20,110,48,62,183,55,128,27,16,11
S01012183,363,193,170,1,1,0,34,29,5,33,30,3,94,49,45,25,16,9,70,35,35,84,24,60,22,9,13
S01012184,332,176,156,6,4,2,25,21,4,27,25,2,69,30,39,47,35,12,40,21,19,104,35,69,14,5,9
S01012185,360,204,156,8,7,1,45,36,9,25,23,2,80,38,42,48,35,13,69,30,39,79,34,45,6,1,5
S01012186,274,136,138,2,1,1,32,25,7,19,18,1,68,28,40,26,22,4,25,14,11,81,22,59,21,6,15
S01012187,296,149,147,1,1,0,36,22,14,16,12,4,83,39,44,22,20,2,44,26,18,78,24,54,16,5,11
S01012188,261,122,139,6,4,2,19,16,3,26,24,2,57,26,31,25,14,11,34,14,20,81,19,62,13,5,8
S01012189,311,161,150,3,3,0,45,38,7,21,17,4,56,22,34,34,28,6,45,21,24,90,29,61,17,3,14
S01012190,322,150,172,8,6,2,26,20,6,24,18,6,61,25,36,43,28,15,49,23,26,96,24,72,15,6,9
S01012191,482,255,227,5,4,1,59,45,14,42,37,5,80,41,39,41,29,12,76,40,36,156,51,105,23,8,15
S01012192,266,136,130,5,5,0,32,20,12,21,21,0,59,30,29,21,18,3,40,20,20,76,18,58,12,4,8
S01012193,354,192,162,4,3,1,61,44,17,27,24,3,74,35,39,30,21,9,50,30,20,96,32,64,12,3,9
S01012194,325,160,165,4,3,1,27,22,5,29,25,4,67,31,36,22,17,5,50,20,30,115,37,78,11,5,6
S01012195,613,311,302,11,10,1,75,61,14,30,25,5,99,56,43,48,32,16,105,48,57,211,63,148,34,16,18
S01012196,338,163,175,7,4,3,33,25,8,20,19,1,57,27,30,31,21,10,55,28,27,120,33,87,15,6,9
S01012197,314,150,164,2,2,0,40,29,11,26,24,2,62,26,36,26,16,10,49,25,24,98,25,73,11,3,8
S01012198,436,205,231,10,9,1,43,29,14,23,20,3,86,38,48,40,29,11,76,34,42,135,34,101,23,12,11
S01012199,351,185,166,7,5,2,49,36,13,31,28,3,69,26,43,27,22,5,51,31,20,97,29,68,20,8,12
S01012200,292,135,157,5,4,1,22,16,6,21,20,1,67,28,39,32,27,5,31,9,22,102,24,78,12,7,5
S01012201,359,176,183,10,9,1,41,30,11,21,19,2,85,42,43,34,26,8,50,15,35,101,28,73,17,7,10
S01012202,297,149,148,4,4,0,31,23,8,14,14,0,61,36,25,21,17,4,50,21,29,101,24,77,15,10,5
S01012203,415,208,207,11,10,1,57,48,9,22,17,5,83,44,39,23,16,7,72,33,39,129,34,95,18,6,12
S01012204,486,254,232,8,6,2,37,30,7,46,44,2,95,53,42,45,33,12,69,32,37,164,45,119,22,11,11
S01012205,402,207,195,4,3,1,38,35,3,22,21,1,76,34,42,45,26,19,56,32,24,134,43,91,27,13,14
S01012206,502,252,250,1,1,0,58,44,14,32,30,2,114,51,63,44,32,12,60,32,28,164,50,114,29,12,17
S01012207,400,198,202,5,5,0,41,26,15,29,27,2,81,38,43,44,31,13,54,29,25,126,30,96,20,12,8
S01012208,465,255,210,2,2,0,51,42,9,38,33,5,93,47,46,49,39,10,72,36,36,135,40,95,25,16,9
S01012209,334,177,157,8,5,3,38,31,7,25,20,5,72,34,38,27,20,7,50,22,28,92,34,58,22,11,11
S01012210,318,148,170,5,3,2,31,22,9,15,15,0,71,32,39,26,21,5,44,19,25,114,30,84,12,6,6
S01012211,439,219,220,6,5,1,34,29,5,34,30,4,84,44,40,43,30,13,56,25,31,154,42,112,28,14,14
S01012212,381,201,180,8,6,2,31,25,6,23,19,4,57,30,27,32,26,6,59,31,28,161,56,105,10,8,2
S01012213,436,230,206,5,4,1,60,48,12,23,19,4,75,39,36,38,30,8,68,28,40,145,51,94,22,11,11
S01012214,329,177,152,5,5,0,31,22,9,29,27,2,58,30,28,30,22,8,60,37,23,105,28,77,11,6,5
S01012215,481,264,217,5,5,0,40,28,12,29,25,4,90,57,33,39,28,11,71,44,27,185,65,120,22,12,10
S01012216,391,198,193,6,6,0,37,29,8,18,18,0,71,33,38,40,29,11,63,29,34,134,47,87,22,7,15
S01012217,227,97,130,3,3,0,27,18,9,11,9,2,63,20,43,29,19,10,28,13,15,53,11,42,13,4,9
S01012218,175,82,93,2,2,0,14,9,5,14,12,2,59,23,36,22,15,7,19,8,11,38,9,29,7,4,3
S01012219,311,150,161,4,4,0,22,16,6,32,27,5,78,31,47,27,21,6,37,20,17,96,22,74,15,9,6
S01012220,233,119,114,5,2,3,27,20,7,14,13,1,64,30,34,23,19,4,28,12,16,59,16,43,13,7,6
S01012221,253,120,133,2,1,1,21,15,6,31,30,1,56,28,28,23,16,7,27,9,18,80,16,64,13,5,8
S01012222,343,179,164,2,2,0,44,32,12,40,35,5,80,35,45,35,28,7,30,15,15,99,26,73,13,6,7
S01012223,284,148,136,7,6,1,36,29,7,21,19,2,62,28,34,33,23,10,30,15,15,80,19,61,15,9,6
S01012224,358,177,181,10,8,2,39,24,15,31,27,4,85,43,42,32,25,7,42,21,21,104,24,80,15,5,10
S01012225,462,222,240,11,9,2,32,23,9,49,43,6,118,51,67,42,32,10,58,22,36,129,33,96,23,9,14
S01012226,352,161,191,5,4,1,39,25,14,25,24,1,82,40,42,36,26,10,37,15,22,115,21,94,13,6,7
S01012227,316,155,161,7,4,3,35,26,9,39,35,4,64,24,40,32,24,8,33,17,16,92,22,70,14,3,11
S01012228,341,168,173,8,7,1,40,34,6,28,26,2,86,37,49,36,25,11,41,15,26,85,14,71,17,10,7
S01012229,398,191,207,4,3,1,34,22,12,24,22,2,62,29,33,42,27,15,70,34,36,143,45,98,19,9,10
S01012230,494,240,254,5,4,1,44,33,11,38,31,7,84,40,44,46,27,19,95,48,47,161,50,111,21,7,14
S01012231,437,228,209,7,5,2,44,36,8,31,27,4,83,39,44,39,30,9,73,41,32,137,42,95,23,8,15
S01012232,451,230,221,5,4,1,36,29,7,29,24,5,80,40,40,42,29,13,89,43,46,152,53,99,18,8,10
S01012233,477,245,232,9,7,2,48,37,11,33,25,8,95,47,48,39,30,9,80,39,41,160,54,106,13,6,7
S01012234,580,294,286,17,16,1,49,35,14,69,59,10,96,46,50,47,22,25,92,49,43,179,52,127,31,15,16
S01012235,207,113,94,8,6,2,18,16,2,23,20,3,31,17,14,20,17,3,40,18,22,57,14,43,10,5,5
S01012236,291,134,157,7,6,1,20,16,4,28,24,4,42,17,25,22,10,12,44,18,26,113,35,78,15,8,7
S01012237,365,193,172,3,3,0,27,20,7,17,13,4,58,33,25,33,19,14,92,51,41,125,48,77,10,6,4
S01012238,279,146,133,2,2,0,20,16,4,25,24,1,55,26,29,34,28,6,40,17,23,93,27,66,10,6,4
S01012239,250,130,120,5,5,0,29,22,7,20,19,1,54,27,27,26,20,6,26,11,15,81,23,58,9,3,6
S01012240,352,180,172,9,8,1,44,31,13,32,29,3,76,34,42,25,20,5,48,27,21,102,26,76,16,5,11
S01012241,256,144,112,4,4,0,20,16,4,21,18,3,30,18,12,19,13,6,59,39,20,95,32,63,8,4,4
S01012242,379,200,179,3,3,0,29,27,2,27,24,3,61,32,29,33,26,7,66,48,18,136,32,104,24,8,16
S01012243,292,157,135,2,2,0,26,21,5,23,18,5,51,27,24,22,18,4,55,36,19,101,29,72,12,6,6
S01012244,500,260,240,48,33,15,19,14,5,29,24,5,57,34,23,28,17,11,134,73,61,164,56,108,21,9,12
S01012245,331,167,164,4,2,2,9,7,2,20,19,1,61,26,35,22,19,3,92,50,42,109,36,73,14,8,6
S01012246,392,202,190,9,6,3,18,14,4,20,16,4,60,29,31,35,24,11,105,69,36,127,36,91,18,8,10
S01012247,395,197,198,39,30,9,12,9,3,19,18,1,74,39,35,12,7,5,85,40,45,136,42,94,18,12,6
S01012248,445,238,207,66,51,15,25,17,8,19,15,4,62,36,26,23,15,8,87,52,35,139,45,94,24,7,17
S01012249,461,259,202,71,63,8,20,14,6,26,24,2,64,29,35,25,19,6,85,55,30,120,29,91,50,26,24
S01012250,380,202,178,64,47,17,18,13,5,28,23,5,71,41,30,14,12,2,61,37,24,90,19,71,34,10,24
S01012251,449,239,210,24,20,4,26,18,8,41,38,3,120,56,64,23,21,2,56,35,21,123,36,87,36,15,21
S01012252,356,168,188,15,13,2,23,18,5,27,26,1,97,39,58,17,15,2,46,23,23,111,27,84,20,7,13
S01012253,441,212,229,18,14,4,22,14,8,38,32,6,130,60,70,24,18,6,60,28,32,128,36,92,21,10,11
S01012254,433,213,220,26,24,2,15,13,2,32,30,2,110,41,69,19,15,4,66,36,30,135,41,94,30,13,17
S01012255,404,216,188,16,14,2,16,11,5,23,22,1,138,78,60,16,13,3,63,31,32,103,35,68,29,12,17
S01012256,431,230,201,9,8,1,20,15,5,31,29,2,91,37,54,30,25,5,86,54,32,151,53,98,13,9,4
S01012257,469,234,235,30,25,5,21,13,8,36,36,0,101,48,53,27,24,3,63,30,33,163,45,118,28,13,15
S01012258,318,165,153,11,9,2,20,11,9,15,13,2,41,16,25,25,21,4,73,48,25,116,39,77,17,8,9
S01012259,257,130,127,4,4,0,4,2,2,16,14,2,53,30,23,7,5,2,51,30,21,101,32,69,21,13,8
S01012260,372,204,168,15,14,1,18,13,5,34,32,2,94,47,47,21,19,2,64,37,27,109,34,75,17,8,9
S01012261,438,220,218,11,7,4,22,17,5,18,17,1,80,34,46,33,24,9,103,56,47,151,56,95,20,9,11
S01012262,431,239,192,51,43,8,31,22,9,24,19,5,71,29,42,31,22,9,79,51,28,114,40,74,30,13,17
S01012263,366,197,169,17,13,4,31,17,14,43,42,1,100,51,49,16,12,4,40,15,25,95,33,62,24,14,10
S01012264,206,110,96,7,7,0,13,8,5,18,18,0,51,24,27,12,12,0,36,16,20,63,21,42,6,4,2
S01012265,363,189,174,16,15,1,40,24,16,40,39,1,98,48,50,17,11,6,31,15,16,109,30,79,12,7,5
S01012266,489,238,251,13,12,1,28,18,10,47,43,4,90,43,47,31,22,9,62,34,28,187,56,131,31,10,21
S01012267,358,190,168,11,11,0,31,19,12,36,33,3,65,31,34,12,9,3,60,40,20,117,36,81,26,11,15
S01012268,341,180,161,67,52,15,25,16,9,21,19,2,40,15,25,18,12,6,50,28,22,94,27,67,26,11,15
S01012269,493,257,236,23,21,2,27,20,7,78,69,9,99,50,49,26,22,4,51,26,25,169,40,129,20,9,11
S01012270,372,189,183,23,21,2,31,24,7,42,41,1,71,34,37,23,17,6,28,11,17,138,35,103,16,6,10
S01012271,573,315,258,97,79,18,26,22,4,43,35,8,81,45,36,24,18,6,104,53,51,163,48,115,35,15,20
S01012272,365,194,171,13,10,3,19,12,7,29,27,2,45,20,25,38,27,11,54,34,20,151,52,99,16,12,4
S01012273,359,185,174,25,23,2,15,10,5,24,19,5,68,35,33,19,16,3,45,26,19,149,47,102,14,9,5
S01012274,513,257,256,25,19,6,31,17,14,44,39,5,119,59,60,26,25,1,61,33,28,185,58,127,22,7,15
S01012275,463,231,232,10,7,3,37,29,8,31,29,2,164,52,112,36,32,4,42,29,13,125,45,80,18,8,10
S01012276,484,248,236,21,20,1,33,17,16,38,35,3,110,59,51,19,15,4,63,34,29,185,59,126,15,9,6
S01012277,546,276,270,24,21,3,36,28,8,43,40,3,147,78,69,30,23,7,61,32,29,185,46,139,20,8,12
S01012278,333,169,164,7,6,1,30,22,8,20,18,2,95,38,57,19,17,2,36,21,15,120,44,76,6,3,3
S01012279,393,211,182,15,11,4,32,24,8,34,33,1,103,46,57,27,21,6,45,21,24,122,49,73,15,6,9
S01012280,467,242,225,17,15,2,36,27,9,42,39,3,123,54,69,34,28,6,44,21,23,146,45,101,25,13,12
S01012281,395,207,188,10,9,1,25,19,6,36,34,2,129,66,63,22,19,3,36,20,16,120,35,85,17,5,12
S01012282,454,209,245,16,12,4,22,13,9,35,31,4,132,44,88,17,14,3,46,26,20,177,63,114,9,6,3
S01012283,434,222,212,12,9,3,28,19,9,29,28,1,99,56,43,22,17,5,70,36,34,156,49,107,18,8,10
S01012284,345,177,168,13,13,0,22,13,9,32,31,1,88,36,52,20,16,4,38,23,15,113,35,78,19,10,9
S01012285,257,132,125,12,11,1,20,18,2,21,17,4,39,14,25,15,14,1,33,16,17,107,35,72,10,7,3
S01012286,459,227,232,17,15,2,47,32,15,29,26,3,124,61,63,24,20,4,48,23,25,149,42,107,21,8,13
S01012287,373,186,187,11,10,1,57,34,23,29,27,2,107,45,62,23,18,5,45,19,26,91,29,62,10,4,6
S01012288,313,170,143,9,8,1,36,29,7,22,21,1,94,48,46,23,19,4,29,13,16,84,24,60,16,8,8
S01012289,357,178,179,11,11,0,23,14,9,19,17,2,76,40,36,18,14,4,52,26,26,146,53,93,12,3,9
S01012290,251,117,134,10,9,1,7,5,2,18,18,0,43,19,24,10,9,1,38,22,16,116,33,83,9,2,7
S01012291,477,229,248,13,10,3,21,16,5,38,37,1,96,51,45,22,17,5,59,33,26,206,57,149,22,8,14
S01012292,297,148,149,7,6,1,17,14,3,14,9,5,59,30,29,19,13,6,49,27,22,114,38,76,18,11,7
S01012293,227,111,116,7,5,2,13,10,3,15,14,1,34,19,15,18,12,6,29,13,16,105,36,69,6,2,4
S01012294,455,214,241,11,10,1,36,22,14,25,22,3,118,60,58,16,16,0,46,24,22,193,56,137,10,4,6
S01012295,399,187,212,9,6,3,27,18,9,29,28,1,81,43,38,17,12,5,52,24,28,162,47,115,22,9,13
S01012296,476,241,235,23,18,5,29,21,8,34,31,3,80,44,36,28,20,8,77,52,25,181,46,135,24,9,15
S01012297,324,175,149,56,47,9,15,11,4,26,23,3,56,23,33,15,12,3,54,29,25,90,25,65,12,5,7
S01012298,416,221,195,20,17,3,25,21,4,52,48,4,86,43,43,29,22,7,50,25,25,135,38,97,19,7,12
S01012299,352,179,173,58,44,14,11,7,4,21,19,2,44,16,28,21,15,6,68,34,34,109,37,72,20,7,13
S01012300,299,160,139,25,20,5,33,18,15,38,33,5,64,31,33,14,12,2,31,12,19,78,24,54,16,10,6
S01012301,477,262,215,72,59,13,30,24,6,41,35,6,69,32,37,27,24,3,74,31,43,133,43,90,31,14,17
S01012302,291,161,130,59,46,13,27,19,8,17,14,3,44,23,21,10,7,3,45,24,21,72,21,51,17,7,10
S01012303,468,254,214,99,78,21,34,21,13,40,32,8,44,22,22,18,13,5,89,40,49,119,35,84,25,13,12
S01012304,489,278,211,84,62,22,37,29,8,64,59,5,81,31,50,35,30,5,51,26,25,117,36,81,20,5,15
S01012305,302,167,135,39,31,8,26,18,8,31,30,1,68,31,37,10,7,3,33,18,15,79,27,52,16,5,11
S01012306,243,133,110,28,24,4,31,19,12,27,27,0,60,25,35,10,8,2,22,9,13,57,19,38,8,2,6
S01012307,291,166,125,25,19,6,41,26,15,32,31,1,48,24,24,19,18,1,41,22,19,69,14,55,16,12,4
S01012308,431,226,205,39,33,6,58,39,19,45,43,2,77,38,39,20,17,3,36,17,19,137,33,104,19,6,13
S01012309,254,127,127,26,21,5,26,18,8,20,18,2,51,24,27,17,11,6,30,12,18,71,15,56,13,8,5
S01012310,450,246,204,82,62,20,38,28,10,28,26,2,83,34,49,34,28,6,52,25,27,102,26,76,31,17,14
S01012311,227,125,102,31,26,5,18,13,5,17,15,2,54,22,32,11,9,2,35,19,16,47,12,35,14,9,5
S01012312,514,292,222,112,88,24,45,32,13,42,37,5,89,50,39,30,23,7,53,21,32,116,32,84,27,9,18
S01012313,396,214,182,80,57,23,33,28,5,28,26,2,59,28,31,19,13,6,56,27,29,89,21,68,32,14,18
S01012314,378,182,196,23,18,5,72,51,21,28,27,1,110,42,68,9,8,1,31,15,16,89,16,73,16,5,11
S01012315,299,161,138,15,15,0,47,35,12,16,15,1,84,45,39,18,15,3,23,13,10,80,17,63,16,6,10
S01012316,263,142,121,18,17,1,48,37,11,32,31,1,61,21,40,16,14,2,21,11,10,55,9,46,12,2,10
S01012317,238,124,114,15,14,1,27,22,5,19,18,1,61,29,32,19,16,3,24,9,15,65,13,52,8,3,5
S01012318,378,207,171,34,28,6,56,45,11,36,34,2,120,49,71,21,18,3,23,10,13,76,19,57,12,4,8
S01012319,414,230,184,99,73,26,43,30,13,30,27,3,63,32,31,17,15,2,51,22,29,79,19,60,32,12,20
S01012320,325,178,147,42,35,7,66,45,21,33,30,3,77,38,39,9,6,3,19,7,12,66,12,54,13,5,8
S01012321,316,171,145,36,22,14,45,34,11,23,23,0,82,42,40,17,15,2,31,13,18,62,16,46,20,6,14
S01012322,479,242,237,79,61,18,36,24,12,31,25,6,100,45,55,20,11,9,72,35,37,115,31,84,26,10,16
S01012323,406,235,171,79,68,11,38,24,14,30,27,3,73,37,36,14,14,0,50,25,25,98,32,66,24,8,16
S01012324,378,205,173,63,52,11,30,19,11,32,30,2,82,31,51,14,11,3,50,29,21,89,24,65,18,9,9
S01012325,197,102,95,12,10,2,35,19,16,13,11,2,52,23,29,14,10,4,17,7,10,45,18,27,9,4,5
S01012326,231,132,99,12,12,0,28,16,12,28,28,0,61,32,29,11,10,1,29,15,14,52,13,39,10,6,4
S01012327,359,187,172,20,12,8,49,36,13,43,41,2,89,37,52,18,15,3,31,14,17,94,25,69,15,7,8
S01012328,210,120,90,14,10,4,32,26,6,20,17,3,40,23,17,11,5,6,30,19,11,56,17,39,7,3,4
S01012329,383,206,177,90,68,22,21,14,7,28,26,2,59,21,38,21,17,4,52,26,26,85,22,63,27,12,15
S01012330,268,135,133,11,9,2,35,26,9,23,19,4,56,25,31,11,8,3,44,23,21,75,23,52,13,2,11
S01012331,341,169,172,22,18,4,46,34,12,25,24,1,81,35,46,21,17,4,33,17,16,100,19,81,13,5,8
S01012332,528,283,245,105,83,22,41,27,14,46,38,8,77,29,48,16,10,6,79,37,42,130,38,92,34,21,13
S01012333,470,246,224,77,60,17,52,36,16,35,32,3,101,44,57,19,16,3,47,20,27,110,25,85,29,13,16
S01012334,369,196,173,15,13,2,62,48,14,48,46,2,75,27,48,17,13,4,34,14,20,98,25,73,20,10,10
S01012335,564,283,281,10,8,2,95,73,22,61,58,3,131,59,72,22,18,4,51,19,32,171,40,131,23,8,15
S01012336,287,142,145,17,17,0,53,27,26,30,30,0,61,25,36,23,19,4,18,7,11,76,13,63,9,4,5
S01012337,354,178,176,14,14,0,54,41,13,34,30,4,82,33,49,18,17,1,29,16,13,91,17,74,32,10,22
S01012338,321,174,147,25,21,4,45,31,14,22,20,2,76,40,36,8,6,2,36,17,19,87,28,59,22,11,11
S01012339,269,140,129,9,7,2,46,36,10,21,19,2,62,33,29,15,6,9,29,13,16,72,18,54,15,8,7
S01012340,451,220,231,11,11,0,62,44,18,45,41,4,113,43,70,20,18,2,62,28,34,123,31,92,15,4,11
S01012341,543,285,258,116,87,29,51,31,20,47,42,5,88,35,53,17,13,4,62,27,35,115,33,82,47,17,30
S01012342,444,224,220,43,37,6,45,30,15,49,43,6,72,29,43,27,20,7,42,18,24,135,34,101,31,13,18
S01012343,510,281,229,74,61,13,44,35,9,40,36,4,89,32,57,22,17,5,81,51,30,132,37,95,28,12,16
S01012344,300,147,153,12,12,0,25,19,6,34,31,3,59,25,34,19,17,2,28,15,13,108,24,84,15,4,11
S01012345,359,191,168,18,17,1,17,14,3,41,38,3,90,52,38,13,12,1,36,17,19,132,39,93,12,2,10
S01012346,409,232,177,63,55,8,20,13,7,33,29,4,81,42,39,17,13,4,62,39,23,115,31,84,18,10,8
S01012347,359,179,180,14,11,3,24,15,9,34,32,2,68,35,33,16,13,3,56,36,20,134,32,102,13,5,8
S01012348,317,150,167,14,11,3,21,14,7,23,19,4,45,21,24,17,14,3,52,25,27,129,39,90,16,7,9
S01012349,430,217,213,15,11,4,99,65,34,58,56,2,83,33,50,28,25,3,35,10,25,93,12,81,19,5,14
S01012350,332,176,156,5,5,0,65,51,14,45,43,2,72,22,50,21,19,2,25,14,11,83,17,66,16,5,11
S01012351,403,203,200,9,6,3,80,57,23,61,61,0,79,28,51,17,13,4,35,11,24,104,22,82,18,5,13
S01012352,342,181,161,12,9,3,56,43,13,47,46,1,66,30,36,19,13,6,38,17,21,87,15,72,17,8,9
S01012353,366,189,177,12,9,3,54,38,16,44,42,2,79,36,43,16,14,2,32,12,20,115,34,81,14,4,10
S01012354,335,181,154,17,16,1,27,15,12,34,34,0,102,52,50,24,17,7,25,16,9,81,21,60,25,10,15
S01012355,487,278,209,135,101,34,37,20,17,29,28,1,71,31,40,7,5,2,56,35,21,110,39,71,42,19,23
S01012356,296,144,152,12,11,1,37,16,21,32,30,2,59,27,32,15,10,5,25,12,13,97,29,68,19,9,10
S01012357,439,224,215,61,49,12,33,16,17,33,28,5,73,37,36,24,18,6,58,34,24,126,30,96,31,12,19
S01012358,389,210,179,86,66,20,38,18,20,27,26,1,66,31,35,12,10,2,50,23,27,88,27,61,22,9,13
S01012359,313,160,153,24,19,5,60,33,27,33,33,0,54,27,27,21,17,4,25,10,15,81,18,63,15,3,12
S01012360,316,159,157,22,18,4,76,42,34,21,20,1,80,30,50,19,17,2,11,6,5,77,21,56,10,5,5
S01012361,237,118,119,7,6,1,48,23,25,23,23,0,58,25,33,11,8,3,23,16,7,59,13,46,8,4,4
S01012362,308,150,158,23,15,8,68,37,31,21,20,1,70,23,47,23,19,4,30,19,11,64,15,49,9,2,7
S01012363,400,222,178,22,17,5,70,40,30,32,32,0,92,51,41,19,15,4,43,18,25,101,38,63,21,11,10
S01012364,318,165,153,14,11,3,73,45,28,31,30,1,64,26,38,11,7,4,26,14,12,86,27,59,13,5,8
S01012365,492,258,234,17,11,6,97,64,33,54,50,4,94,55,39,18,15,3,53,21,32,139,34,105,20,8,12
S01012366,433,220,213,12,8,4,73,48,25,41,38,3,117,54,63,21,19,2,43,18,25,102,24,78,24,11,13
S01012367,442,242,200,6,4,2,77,47,30,40,37,3,81,48,33,16,14,2,44,23,21,155,58,97,23,11,12
S01012368,275,139,136,5,4,1,44,30,14,23,21,2,58,31,27,9,7,2,31,15,16,85,24,61,20,7,13
S01012369,417,213,204,16,14,2,78,41,37,39,39,0,62,28,34,30,23,7,45,24,21,120,32,88,27,12,15
S01012370,445,235,210,20,18,2,97,52,45,52,49,3,76,44,32,17,13,4,29,11,18,133,38,95,21,10,11
S01012371,410,215,195,21,11,10,67,40,27,40,37,3,97,57,40,14,11,3,35,15,20,118,33,85,18,11,7
S01012372,343,186,157,8,6,2,83,49,34,34,33,1,84,44,40,17,14,3,29,17,12,74,17,57,14,6,8
S01012373,460,238,222,15,14,1,92,58,34,33,33,0,85,42,43,20,19,1,58,28,30,135,38,97,22,6,16
S01012374,466,234,232,16,14,2,97,57,40,38,37,1,74,41,33,21,16,5,37,19,18,157,37,120,26,13,13
S01012375,434,214,220,18,12,6,112,60,52,43,39,4,89,36,53,16,13,3,33,17,16,110,30,80,13,7,6
S01012376,499,243,256,67,45,22,34,25,9,35,31,4,78,27,51,27,20,7,64,36,28,153,44,109,41,15,26
S01012377,367,199,168,48,36,12,20,14,6,18,18,0,61,29,32,12,9,3,58,32,26,126,50,76,24,11,13
S01012378,295,161,134,51,42,9,16,7,9,21,17,4,58,25,33,12,10,2,41,24,17,79,26,53,17,10,7
S01012379,241,128,113,50,38,12,11,9,2,14,13,1,36,15,21,9,6,3,36,16,20,62,18,44,23,13,10
S01012380,453,223,230,15,12,3,50,34,16,35,34,1,84,39,45,23,19,4,73,36,37,155,43,112,18,6,12
S01012381,348,180,168,12,10,2,29,23,6,32,30,2,89,42,47,23,15,8,43,22,21,106,33,73,14,5,9
S01012382,503,260,243,20,16,4,31,25,6,51,47,4,83,43,40,25,21,4,62,34,28,207,66,141,24,8,16
S01012383,390,199,191,20,18,2,28,22,6,48,40,8,69,37,32,28,22,6,45,19,26,130,30,100,22,11,11
S01012384,248,134,114,10,8,2,26,15,11,23,21,2,44,25,19,13,9,4,30,16,14,83,29,54,19,11,8
S01012385,397,207,190,17,15,2,29,19,10,28,26,2,77,42,35,18,12,6,69,44,25,139,41,98,20,8,12
S01012386,432,224,208,13,10,3,47,32,15,31,30,1,91,49,42,32,19,13,55,27,28,148,49,99,15,8,7
S01012387,527,278,249,45,40,5,19,12,7,42,38,4,97,45,52,89,63,26,40,18,22,167,50,117,28,12,16
S01012388,407,215,192,13,12,1,20,12,8,41,39,2,64,27,37,58,43,15,45,19,26,145,51,94,21,12,9
S01012389,487,256,231,27,24,3,33,26,7,51,48,3,77,33,44,56,50,6,39,20,19,181,45,136,23,10,13
S01012390,445,239,206,26,25,1,30,21,9,54,52,2,82,46,36,42,35,7,34,16,18,159,37,122,18,7,11
S01012391,595,309,286,52,44,8,36,29,7,49,44,5,92,40,52,51,43,8,57,26,31,219,73,146,39,10,29
S01012392,432,224,208,17,14,3,21,18,3,41,36,5,98,55,43,45,38,7,45,24,21,143,30,113,22,9,13
S01012393,530,277,253,24,22,2,28,23,5,66,62,4,94,38,56,49,42,7,54,25,29,182,52,130,33,13,20
S01012394,342,167,175,19,19,0,24,18,6,37,34,3,88,29,59,32,24,8,36,14,22,91,23,68,15,6,9
S01012395,343,177,166,24,24,0,10,8,2,30,27,3,68,37,31,35,28,7,28,13,15,132,31,101,16,9,7
S01012396,338,181,157,19,18,1,22,16,6,39,37,2,55,20,35,40,33,7,34,20,14,113,28,85,16,9,7
S01012397,455,240,215,24,22,2,25,13,12,43,38,5,94,46,48,59,52,7,28,18,10,160,42,118,22,9,13
S01012398,540,299,241,27,23,4,40,28,12,64,60,4,139,73,66,45,40,5,45,25,20,162,38,124,18,12,6
S01012399,341,175,166,21,19,2,24,19,5,30,27,3,69,27,42,38,31,7,33,19,14,119,29,90,7,4,3
S01012400,359,199,160,14,14,0,20,15,5,56,55,1,99,45,54,27,19,8,32,15,17,84,26,58,27,10,17
S01012401,468,257,211,31,30,1,29,20,9,79,72,7,92,38,54,42,39,3,36,16,20,130,32,98,29,10,19
S01012402,278,145,133,27,24,3,8,5,3,32,31,1,49,23,26,28,24,4,22,14,8,90,20,70,22,4,18
S01012403,650,340,310,80,71,9,44,33,11,77,68,9,90,39,51,57,50,7,47,20,27,227,51,176,28,8,20
S01012404,558,300,258,48,40,8,49,33,16,82,79,3,99,37,62,55,39,16,39,20,19,165,42,123,21,10,11
S01012405,426,222,204,37,34,3,27,22,5,60,54,6,61,29,32,39,32,7,33,14,19,150,33,117,19,4,15
S01012406,338,185,153,48,44,4,25,16,9,33,32,1,43,19,24,35,26,9,38,21,17,101,22,79,15,5,10
S01012407,460,245,215,46,43,3,32,24,8,63,57,6,74,28,46,44,36,8,35,20,15,145,28,117,21,9,12
S01012408,352,187,165,46,37,9,23,15,8,40,37,3,51,18,33,45,36,9,29,17,12,108,23,85,10,4,6
S01012409,377,204,173,56,46,10,50,33,17,36,35,1,56,27,29,20,15,5,24,13,11,116,28,88,19,7,12
S01012410,629,336,293,47,35,12,30,25,5,83,76,7,122,55,67,103,81,22,46,20,26,176,35,141,22,9,13
S01012411,539,300,239,56,48,8,35,27,8,65,64,1,88,41,47,71,51,20,49,23,26,155,37,118,20,9,11
S01012412,364,189,175,62,51,11,12,9,3,48,46,2,72,25,47,41,30,11,23,11,12,99,16,83,7,1,6
S01012413,482,264,218,80,69,11,38,17,21,26,25,1,49,21,28,87,76,11,29,17,12,155,30,125,18,9,9
S01012414,344,187,157,62,50,12,19,15,4,33,33,0,46,20,26,38,32,6,11,5,6,118,22,96,17,10,7
S01012415,274,154,120,58,56,2,23,17,6,12,11,1,45,17,28,44,41,3,10,4,6,70,6,64,12,2,10
S01012416,281,156,125,58,56,2,24,14,10,14,14,0,33,13,20,43,36,7,9,5,4,94,17,77,6,1,5
S01012417,262,136,126,41,33,8,22,18,4,25,21,4,60,21,39,15,12,3,20,9,11,70,17,53,9,5,4
S01012418,373,214,159,91,69,22,26,23,3,43,36,7,68,25,43,24,14,10,37,21,16,68,21,47,16,5,11
S01012419,342,194,148,89,74,15,31,23,8,18,15,3,59,26,33,15,12,3,31,17,14,83,22,61,16,5,11
S01012420,382,199,183,35,27,8,79,49,30,42,39,3,77,25,52,17,14,3,20,11,9,96,25,71,16,9,7
S01012421,351,182,169,51,40,11,23,18,5,25,22,3,97,40,57,25,19,6,23,13,10,85,15,70,22,15,7
S01012422,405,217,188,43,36,7,34,24,10,44,39,5,82,37,45,25,20,5,52,26,26,92,20,72,33,15,18
S01012423,391,201,190,45,37,8,42,30,12,31,27,4,78,42,36,24,19,5,35,14,21,116,26,90,20,6,14
S01012424,423,200,223,13,11,2,80,56,24,39,35,4,81,28,53,29,24,5,31,10,21,121,28,93,29,8,21
S01012425,190,92,98,11,9,2,29,18,11,15,15,0,48,18,30,11,11,0,13,9,4,56,8,48,7,4,3
S01012426,168,75,93,11,10,1,31,18,13,10,10,0,45,17,28,3,2,1,12,7,5,50,9,41,6,2,4
S01012427,248,121,127,16,14,2,31,22,9,23,23,0,80,33,47,9,9,0,13,5,8,70,14,56,6,1,5
S01012428,292,142,150,16,14,2,51,37,14,20,20,0,68,22,46,20,16,4,21,5,16,86,22,64,10,6,4
S01012429,204,101,103,5,4,1,22,17,5,18,17,1,50,24,26,9,7,2,15,7,8,76,19,57,9,6,3
S01012430,249,116,133,7,6,1,39,27,12,17,14,3,58,23,35,21,18,3,19,9,10,75,16,59,13,3,10
S01012431,376,191,185,17,15,2,37,26,11,26,22,4,81,40,41,23,21,2,34,16,18,125,33,92,33,18,15
S01012432,252,123,129,10,8,2,43,29,14,14,14,0,65,28,37,10,8,2,16,5,11,76,22,54,18,9,9
S01012433,235,128,107,11,10,1,41,32,9,15,13,2,53,25,28,18,15,3,20,12,8,65,15,50,12,6,6
S01012434,309,154,155,12,9,3,32,23,9,42,37,5,64,22,42,19,19,0,20,8,12,106,28,78,14,8,6
S01012435,285,140,145,14,13,1,21,13,8,30,27,3,80,31,49,18,16,2,29,15,14,78,19,59,15,6,9
S01012436,299,154,145,15,14,1,38,32,6,29,27,2,69,27,42,15,11,4,28,17,11,86,19,67,19,7,12
S01012437,335,167,168,21,18,3,45,37,8,41,39,2,77,24,53,15,13,2,29,12,17,95,21,74,12,3,9
S01012438,310,162,148,26,22,4,38,30,8,24,23,1,67,33,34,15,13,2,32,12,20,96,24,72,12,5,7
S01012439,299,150,149,15,13,2,29,25,4,25,23,2,77,32,45,17,14,3,31,15,16,91,21,70,14,7,7
S01012440,267,140,127,12,12,0,29,26,3,34,30,4,48,26,22,20,15,5,23,8,15,86,18,68,15,5,10
S01012441,458,230,228,75,55,20,37,27,10,32,30,2,71,33,38,15,13,2,57,31,26,151,36,115,20,5,15
S01012442,484,250,234,41,34,7,30,22,8,29,24,5,109,50,59,39,33,6,57,31,26,144,41,103,35,15,20
S01012443,398,211,187,53,44,9,19,11,8,39,36,3,77,32,45,35,28,7,48,28,20,112,27,85,15,5,10
S01012444,329,173,156,16,14,2,22,19,3,20,15,5,65,33,32,23,17,6,33,19,14,130,49,81,20,7,13
S01012445,262,146,116,13,12,1,25,19,6,18,16,2,40,23,17,18,14,4,58,36,22,78,21,57,12,5,7
S01012446,232,110,122,7,5,2,21,15,6,22,21,1,61,28,33,10,9,1,23,9,14,83,21,62,5,2,3
S01012447,446,215,231,19,16,3,35,29,6,27,25,2,118,57,61,29,25,4,44,16,28,147,35,112,27,12,15
S01012448,440,223,217,30,24,6,31,27,4,22,21,1,95,49,46,26,19,7,45,19,26,172,55,117,19,9,10
S01012449,309,148,161,15,13,2,22,19,3,34,28,6,59,29,30,29,24,5,21,11,10,118,22,96,11,2,9
S01012450,426,232,194,35,26,9,35,28,7,32,28,4,84,43,41,30,26,4,41,28,13,144,42,102,25,11,14
S01012451,311,157,154,0,0,0,20,15,5,16,12,4,62,21,41,28,23,5,64,43,21,104,37,67,17,6,11
S01012452,256,120,136,7,7,0,23,16,7,13,12,1,53,25,28,15,12,3,31,9,22,101,33,68,13,6,7
S01012453,371,210,161,7,7,0,32,27,5,19,16,3,73,43,30,33,26,7,65,44,21,125,43,82,17,4,13
S01012454,269,127,142,6,6,0,16,12,4,20,17,3,33,19,14,30,21,9,37,16,21,116,34,82,11,2,9
S01012455,242,139,103,10,9,1,15,12,3,17,14,3,52,33,19,29,20,9,27,19,8,82,27,55,10,5,5
S01012456,297,159,138,6,4,2,26,23,3,16,15,1,49,24,25,28,23,5,41,29,12,120,34,86,11,7,4
S01012457,315,171,144,5,5,0,31,26,5,15,12,3,47,27,20,33,23,10,41,29,12,126,42,84,17,7,10
S01012458,332,172,160,11,8,3,20,17,3,21,19,2,57,25,32,30,22,8,47,27,20,124,43,81,22,11,11
S01012459,387,194,193,11,10,1,34,30,4,32,29,3,72,35,37,27,18,9,47,25,22,150,42,108,14,5,9
S01012460,233,112,121,5,4,1,18,14,4,16,12,4,50,23,27,23,19,4,23,13,10,83,22,61,15,5,10
S01012461,259,124,135,2,2,0,19,16,3,22,21,1,69,33,36,22,17,5,28,10,18,89,23,66,8,2,6
S01012462,314,147,167,8,8,0,14,11,3,17,15,2,104,48,56,28,23,5,21,7,14,109,29,80,13,6,7
S01012463,255,129,126,1,1,0,15,13,2,20,19,1,83,43,40,16,14,2,18,10,8,88,28,60,14,1,13
S01012464,290,141,149,4,4,0,21,19,2,22,20,2,86,30,56,19,17,2,27,13,14,93,31,62,18,7,11
S01012465,313,165,148,4,4,0,30,26,4,34,32,2,90,43,47,19,17,2,28,14,14,95,26,69,13,3,10
S01012466,332,170,162,9,8,1,18,15,3,24,24,0,93,47,46,26,16,10,31,19,12,113,31,82,18,10,8
S01012467,304,150,154,6,6,0,30,25,5,24,22,2,75,37,38,14,14,0,23,13,10,114,28,86,18,5,13
S01012468,349,182,167,8,8,0,15,14,1,36,33,3,82,43,39,24,18,6,32,17,15,126,37,89,26,12,14
S01012469,344,174,170,6,6,0,25,16,9,19,17,2,67,41,26,19,14,5,47,24,23,145,48,97,16,8,8
S01012470,407,197,210,8,7,1,27,22,5,22,22,0,93,40,53,29,24,5,40,17,23,160,49,111,28,16,12
S01012471,373,195,178,11,8,3,26,23,3,31,29,2,80,38,42,23,19,4,52,27,25,126,40,86,24,11,13
S01012472,281,137,144,7,6,1,25,19,6,15,15,0,46,21,25,15,11,4,43,28,15,108,32,76,22,5,17
S01012473,272,144,128,11,8,3,24,20,4,17,15,2,58,26,32,23,15,8,33,22,11,96,35,61,10,3,7
S01012474,295,143,152,6,5,1,21,16,5,22,21,1,66,32,34,20,12,8,20,13,7,119,36,83,21,8,13
S01012475,270,142,128,11,7,4,30,27,3,11,11,0,43,25,18,23,21,2,21,15,6,114,33,81,17,3,14
S01012476,405,185,220,9,9,0,23,19,4,30,29,1,122,50,72,30,25,5,39,13,26,130,30,100,22,10,12
S01012477,353,174,179,6,6,0,36,31,5,29,27,2,69,30,39,17,17,0,29,15,14,152,44,108,15,4,11
S01012478,409,200,209,7,7,0,31,25,6,31,29,2,107,52,55,30,26,4,40,19,21,140,36,104,23,6,17
S01012479,392,196,196,8,7,1,36,33,3,30,30,0,95,42,53,30,20,10,46,19,27,120,33,87,27,12,15
S01012480,284,174,110,10,9,1,33,28,5,19,16,3,64,37,27,21,17,4,41,29,12,75,27,48,21,11,10
S01012481,411,211,200,8,6,2,37,28,9,20,18,2,121,69,52,38,25,13,45,15,30,114,38,76,28,12,16
S01012482,310,161,149,5,4,1,26,20,6,8,6,2,100,52,48,22,13,9,35,20,15,94,34,60,20,12,8
S01012483,377,195,182,10,8,2,25,22,3,15,15,0,144,72,72,28,22,6,32,15,17,98,31,67,25,10,15
S01012484,348,181,167,5,5,0,24,21,3,17,16,1,65,28,37,33,27,6,69,42,27,123,38,85,12,4,8
S01012485,363,192,171,10,10,0,28,21,7,14,13,1,82,40,42,35,32,3,57,33,24,128,39,89,9,4,5
S01012486,195,92,103,2,2,0,12,9,3,12,8,4,39,18,21,15,11,4,36,20,16,69,19,50,10,5,5
S01012487,303,157,146,6,4,2,24,20,4,23,23,0,73,39,34,29,23,6,33,14,19,97,23,74,18,11,7
S01012488,435,220,215,6,6,0,44,38,6,23,20,3,113,61,52,34,26,8,42,23,19,146,41,105,27,5,22
S01012489,417,204,213,10,7,3,32,23,9,22,21,1,142,61,81,29,25,4,43,22,21,108,35,73,31,10,21
S01012490,416,215,201,12,11,1,45,40,5,25,24,1,115,51,64,30,18,12,41,24,17,112,36,76,36,11,25
S01012491,169,76,93,2,2,0,13,11,2,8,7,1,59,19,40,17,13,4,15,7,8,40,10,30,15,7,8
S01012492,252,137,115,5,4,1,20,16,4,16,15,1,99,50,49,23,19,4,29,11,18,49,15,34,11,7,4
S01012493,210,116,94,2,2,0,14,11,3,12,11,1,48,25,23,27,22,5,22,14,8,75,26,49,10,5,5
S01012494,410,203,207,11,11,0,25,20,5,29,27,2,136,62,74,27,20,7,37,20,17,123,31,92,22,12,10
S01012495,428,210,218,12,12,0,31,29,2,17,16,1,139,67,72,41,35,6,37,16,21,126,25,101,25,10,15
S01012496,321,151,170,5,5,0,24,21,3,24,24,0,104,41,63,25,18,7,34,16,18,89,19,70,16,7,9
S01012497,190,87,103,5,4,1,20,19,1,12,11,1,54,17,37,15,11,4,19,8,11,54,12,42,11,5,6
S01012498,275,129,146,7,5,2,23,22,1,17,17,0,95,35,60,23,22,1,22,9,13,75,13,62,13,6,7
S01012499,277,122,155,6,5,1,24,22,2,18,18,0,72,33,39,18,12,6,25,12,13,93,14,79,21,6,15
S01012500,183,82,101,1,1,0,12,11,1,11,10,1,64,17,47,17,15,2,20,10,10,42,11,31,16,7,9
S01012501,200,98,102,4,4,0,19,17,2,13,11,2,70,37,33,21,15,6,19,7,12,51,6,45,3,1,2
S01012502,258,108,150,6,6,0,19,16,3,15,14,1,98,44,54,13,12,1,15,3,12,76,10,66,16,3,13
S01012503,239,113,126,4,4,0,17,14,3,23,23,0,80,40,40,15,10,5,21,8,13,67,11,56,12,3,9
S01012504,240,114,126,2,1,1,17,17,0,22,20,2,67,33,34,11,8,3,28,12,16,76,17,59,17,6,11
S01012505,431,206,225,10,9,1,47,41,6,35,32,3,134,47,87,29,23,6,32,16,16,118,27,91,26,11,15
S01012506,214,113,101,3,3,0,22,21,1,9,9,0,57,24,33,20,17,3,23,11,12,67,20,47,13,8,5
S01012507,424,200,224,11,11,0,31,25,6,29,26,3,107,59,48,25,21,4,42,21,21,160,29,131,19,8,11
S01012508,369,183,186,9,9,0,30,29,1,24,18,6,94,47,47,33,24,9,36,17,19,125,33,92,18,6,12
S01012509,269,135,134,2,2,0,18,14,4,20,18,2,78,34,44,25,21,4,24,11,13,88,27,61,14,8,6
S01012510,454,226,228,12,12,0,40,37,3,42,38,4,94,44,50,27,23,4,45,18,27,181,47,134,13,7,6
S01012511,343,163,180,3,3,0,34,27,7,19,18,1,85,36,49,31,26,5,36,20,16,118,27,91,17,6,11
S01012512,285,142,143,2,2,0,21,18,3,15,15,0,77,34,43,28,24,4,28,17,11,98,27,71,16,5,11
S01012513,313,151,162,4,4,0,31,26,5,16,14,2,76,38,38,23,18,5,42,20,22,110,28,82,11,3,8
S01012514,590,288,302,18,16,2,62,48,14,37,31,6,120,54,66,55,48,7,70,37,33,204,45,159,24,9,15
S01012515,249,114,135,5,3,2,19,16,3,23,21,2,74,35,39,16,13,3,17,8,9,80,12,68,15,6,9
S01012516,270,127,143,5,4,1,29,24,5,18,18,0,66,31,35,18,11,7,27,12,15,94,21,73,13,6,7
S01012517,411,206,205,13,13,0,32,26,6,22,20,2,124,47,77,34,32,2,45,23,22,127,39,88,14,6,8
S01012518,268,137,131,6,6,0,22,19,3,13,10,3,62,29,33,13,12,1,41,20,21,98,34,64,13,7,6
S01012519,243,126,117,3,2,1,22,16,6,18,16,2,64,30,34,23,14,9,29,20,9,69,19,50,15,9,6
S01012520,364,193,171,5,4,1,30,24,6,13,12,1,71,46,25,36,25,11,56,31,25,135,40,95,18,11,7
S01012521,246,133,113,3,3,0,27,23,4,21,19,2,48,25,23,22,15,7,41,22,19,68,18,50,16,8,8
S01012522,400,215,185,4,4,0,41,32,9,25,20,5,99,47,52,36,33,3,61,28,33,119,43,76,15,8,7
S01012523,423,216,207,11,9,2,41,33,8,19,17,2,78,39,39,42,31,11,47,25,22,164,51,113,21,11,10
S01012524,383,201,182,3,3,0,39,29,10,25,21,4,72,37,35,39,32,7,55,28,27,131,44,87,19,7,12
S01012525,383,198,185,9,9,0,45,37,8,23,18,5,74,35,39,33,25,8,43,22,21,141,49,92,15,3,12
S01012526,350,186,164,7,6,1,27,21,6,22,20,2,64,36,28,34,28,6,47,22,25,130,47,83,19,6,13
S01012527,279,151,128,7,7,0,27,23,4,24,21,3,63,29,34,19,15,4,29,20,9,96,29,67,14,7,7
S01012528,404,195,209,8,7,1,40,31,9,29,28,1,113,41,72,36,30,6,35,18,17,119,31,88,24,9,15
S01012529,343,159,184,2,1,1,27,25,2,24,24,0,86,33,53,28,22,6,40,19,21,114,25,89,22,10,12
S01012530,385,200,185,8,7,1,51,42,9,28,27,1,76,39,37,30,25,5,49,22,27,131,31,100,12,7,5
S01012531,378,197,181,11,10,1,39,29,10,27,26,1,87,43,44,31,26,5,44,24,20,119,32,87,20,7,13
S01012532,383,197,186,28,25,3,44,32,12,24,20,4,81,42,39,30,24,6,31,13,18,130,35,95,15,6,9
S01012533,273,150,123,4,4,0,35,29,6,19,17,2,69,39,30,22,18,4,30,13,17,83,26,57,11,4,7
S01012534,266,134,132,2,2,0,33,32,1,18,16,2,74,32,42,20,17,3,31,14,17,82,19,63,6,2,4
S01012535,400,207,193,11,10,1,34,31,3,39,37,2,111,50,61,26,23,3,39,17,22,122,32,90,18,7,11
S01012536,358,175,183,15,13,2,23,21,2,37,35,2,93,44,49,27,21,6,38,15,23,96,15,81,29,11,18
S01012537,329,171,158,22,16,6,29,22,7,37,35,2,92,40,52,24,20,4,25,13,12,71,16,55,29,9,20
S01012538,466,223,243,28,25,3,34,26,8,34,33,1,125,52,73,28,24,4,43,19,24,157,38,119,17,6,11
S01012539,340,188,152,38,29,9,26,21,5,40,37,3,90,46,44,22,17,5,26,12,14,85,20,65,13,6,7
S01012540,286,145,141,8,6,2,27,24,3,37,33,4,83,29,54,23,20,3,17,8,9,78,21,57,13,4,9
S01012541,557,278,279,98,80,18,50,38,12,41,36,5,109,40,69,29,23,6,54,25,29,152,25,127,24,11,13
S01012542,390,199,191,18,14,4,39,32,7,28,27,1,92,44,48,23,19,4,45,23,22,127,35,92,18,5,13
S01012543,352,179,173,25,21,4,29,22,7,28,24,4,72,29,43,22,17,5,54,29,25,100,29,71,22,8,14
S01012544,373,179,194,22,15,7,43,34,9,30,24,6,81,33,48,20,14,6,42,22,20,114,28,86,21,9,12
S01012545,213,102,111,6,6,0,25,16,9,24,24,0,55,18,37,16,9,7,22,10,12,54,15,39,11,4,7
S01012546,375,192,183,25,22,3,36,29,7,34,32,2,99,47,52,22,14,8,29,15,14,106,25,81,24,8,16
S01012547,301,168,133,14,14,0,19,15,4,16,14,2,61,31,30,25,21,4,31,17,14,120,48,72,15,8,7
S01012548,371,195,176,17,14,3,41,32,9,22,18,4,78,39,39,35,25,10,45,24,21,116,34,82,17,9,8
S01012549,243,116,127,3,3,0,16,16,0,19,17,2,76,31,45,25,19,6,26,16,10,66,12,54,12,2,10
S01012550,377,186,191,10,8,2,27,23,4,22,21,1,94,39,55,35,33,2,35,17,18,132,36,96,22,9,13
S01012551,452,236,216,10,8,2,36,29,7,23,20,3,93,48,45,41,34,7,45,21,24,172,56,116,32,20,12
S01012552,460,242,218,12,10,2,53,45,8,26,19,7,88,43,45,33,31,2,67,40,27,168,50,118,13,4,9
S01012553,464,235,229,7,6,1,47,37,10,25,20,5,99,47,52,47,33,14,68,37,31,156,49,107,15,6,9
S01012554,234,109,125,6,6,0,19,17,2,19,16,3,64,25,39,16,12,4,29,14,15,76,18,58,5,1,4
S01012555,277,143,134,1,1,0,35,28,7,10,9,1,65,38,27,13,11,2,42,18,24,94,28,66,17,10,7
S01012556,280,138,142,8,7,1,28,25,3,6,5,1,56,26,30,15,13,2,38,22,16,108,32,76,21,8,13
S01012557,262,138,124,5,5,0,29,23,6,13,12,1,47,25,22,24,18,6,33,21,12,96,27,69,15,7,8
S01012558,277,147,130,4,2,2,19,16,3,14,14,0,94,52,42,20,15,5,20,12,8,88,28,60,18,8,10
S01012559,292,149,143,5,5,0,23,20,3,15,14,1,83,38,45,23,17,6,36,24,12,86,23,63,21,8,13
S01012560,214,96,118,5,4,1,18,13,5,11,9,2,50,22,28,15,14,1,33,16,17,75,15,60,7,3,4
S01012561,317,155,162,4,0,4,32,25,7,13,12,1,72,37,35,36,27,9,48,22,26,101,29,72,11,3,8
S01012562,336,175,161,8,7,1,29,25,4,19,17,2,87,43,44,30,21,9,44,28,16,100,28,72,19,6,13
S01012563,247,136,111,5,5,0,23,19,4,25,19,6,40,19,21,21,17,4,32,19,13,90,31,59,11,7,4
S01012564,354,181,173,6,6,0,31,26,5,18,15,3,67,25,42,32,28,4,56,31,25,124,42,82,20,8,12
S01012565,320,167,153,7,3,4,27,22,5,25,22,3,64,34,30,22,13,9,56,33,23,97,29,68,22,11,11
S01012566,349,175,174,5,5,0,28,25,3,19,18,1,82,35,47,39,30,9,39,27,12,113,27,86,24,8,16
S01012567,471,244,227,7,6,1,49,41,8,26,26,0,117,56,61,39,32,7,47,21,26,158,45,113,28,17,11
S01012568,233,121,112,6,5,1,25,17,8,8,8,0,46,24,22,24,19,5,25,17,8,93,27,66,6,4,2
S01012569,323,175,148,5,5,0,25,19,6,18,17,1,71,37,34,22,18,4,65,37,28,100,37,63,17,5,12
S01012570,240,136,104,28,17,11,10,5,5,33,30,3,54,26,28,19,16,3,30,21,9,58,16,42,8,5,3
S01012571,403,223,180,56,45,11,21,14,7,52,48,4,61,16,45,45,37,8,42,27,15,103,24,79,23,12,11
S01012572,264,152,112,44,37,7,22,13,9,31,28,3,54,25,29,15,13,2,29,14,15,59,17,42,10,5,5
S01012573,442,244,198,52,39,13,29,20,9,30,30,0,78,35,43,28,19,9,82,54,28,118,36,82,25,11,14
S01012574,449,232,217,37,32,5,30,24,6,40,36,4,80,38,42,26,19,7,68,35,33,147,39,108,21,9,12
S01012575,330,168,162,24,20,4,27,18,9,27,26,1,63,27,36,13,7,6,53,34,19,104,29,75,19,7,12
S01012576,383,195,188,17,14,3,46,28,18,37,37,0,76,32,44,18,14,4,57,29,28,111,36,75,21,5,16
S01012577,404,217,187,51,38,13,25,21,4,38,35,3,74,34,40,26,20,6,50,32,18,116,28,88,24,9,15
S01012578,411,209,202,28,20,8,23,21,2,38,35,3,88,36,52,21,19,2,62,33,29,126,36,90,25,9,16
S01012579,342,183,159,37,31,6,25,18,7,28,26,2,54,25,29,21,17,4,57,28,29,98,29,69,22,9,13
S01012580,418,228,190,52,39,13,28,20,8,32,28,4,48,23,25,29,24,5,76,44,32,135,42,93,18,8,10
S01012581,321,165,156,17,14,3,18,12,6,32,30,2,42,18,24,49,42,7,31,19,12,119,27,92,13,3,10
S01012582,494,251,243,46,37,9,35,26,9,35,33,2,94,40,54,36,26,10,70,27,43,155,52,103,23,10,13
S01012583,348,183,165,21,19,2,21,17,4,36,35,1,68,32,36,40,35,5,35,14,21,110,23,87,17,8,9
S01012584,368,177,191,16,12,4,27,16,11,40,36,4,70,26,44,41,34,7,41,17,24,117,32,85,16,4,12
S01012585,390,221,169,22,18,4,38,30,8,34,33,1,74,34,40,45,40,5,44,23,21,115,35,80,18,8,10
S01012586,458,249,209,38,32,6,24,16,8,39,35,4,75,32,43,46,36,10,74,38,36,145,55,90,17,5,12
S01012587,461,245,216,63,52,11,35,27,8,52,49,3,68,24,44,39,29,10,56,24,32,127,34,93,21,6,15
S01012588,338,179,159,29,23,6,28,20,8,33,29,4,53,26,27,28,20,8,58,26,32,91,26,65,18,9,9
S01012589,337,171,166,20,20,0,40,20,20,30,29,1,74,32,42,38,19,19,46,27,19,79,21,58,10,3,7
S01012590,342,194,148,13,12,1,41,34,7,34,32,2,69,31,38,46,31,15,49,29,20,85,23,62,5,2,3
S01012591,273,150,123,20,18,2,32,25,7,25,21,4,61,25,36,29,22,7,34,12,22,64,23,41,8,4,4
S01012592,298,165,133,23,20,3,25,17,8,17,16,1,72,38,34,17,14,3,49,23,26,81,32,49,14,5,9
S01012593,471,245,226,20,16,4,32,28,4,36,32,4,86,49,37,42,32,10,48,26,22,192,54,138,15,8,7
S01012594,212,105,107,6,5,1,18,13,5,16,14,2,46,24,22,17,13,4,25,10,15,75,21,54,9,5,4
S01012595,297,154,143,11,8,3,20,15,5,34,32,2,54,28,26,33,27,6,32,11,21,100,26,74,13,7,6
S01012596,336,171,165,11,8,3,16,14,2,35,33,2,60,31,29,43,33,10,38,16,22,117,32,85,16,4,12
S01012597,250,126,124,4,4,0,23,17,6,27,24,3,46,25,21,18,13,5,39,17,22,82,22,60,11,4,7
S01012598,388,202,186,16,14,2,27,22,5,34,31,3,60,33,27,26,20,6,62,31,31,147,44,103,16,7,9
S01012599,317,173,144,9,7,2,32,26,6,31,28,3,57,35,22,21,15,6,53,25,28,106,34,72,8,3,5
S01012600,398,206,192,10,9,1,28,25,3,24,23,1,63,39,24,18,16,2,70,36,34,167,52,115,18,6,12
S01012601,520,269,251,11,8,3,37,29,8,26,25,1,91,51,40,42,31,11,80,44,36,205,68,137,28,13,15
S01012602,244,125,119,7,7,0,18,16,2,22,20,2,53,26,27,23,16,7,36,17,19,73,18,55,12,5,7
S01012603,300,153,147,12,10,2,21,16,5,32,31,1,51,20,31,23,17,6,31,15,16,113,40,73,17,4,13
S01012604,296,154,142,6,6,0,19,17,2,16,13,3,87,45,42,20,20,0,30,18,12,108,31,77,10,4,6
S01012605,211,99,112,4,2,2,19,16,3,15,15,0,50,22,28,9,7,2,21,11,10,80,20,60,13,6,7
S01012606,485,253,232,23,17,6,38,31,7,45,41,4,82,49,33,30,24,6,81,39,42,166,44,122,20,8,12
S01012607,386,206,180,6,5,1,29,24,5,39,37,2,84,50,34,37,30,7,53,28,25,121,26,95,17,6,11
S01012608,390,192,198,11,10,1,36,28,8,31,30,1,68,32,36,39,33,6,58,23,35,127,28,99,20,8,12
S01012609,360,175,185,17,13,4,37,25,12,35,35,0,73,31,42,35,27,8,42,15,27,111,27,84,10,2,8
S01012610,385,192,193,7,7,0,34,25,9,33,31,2,85,45,40,26,19,7,52,28,24,132,32,100,16,5,11
S01012611,405,211,194,10,9,1,27,24,3,32,30,2,83,43,40,33,29,4,54,28,26,141,40,101,25,8,17
S01012612,296,163,133,6,6,0,24,19,5,25,22,3,69,40,29,28,23,5,38,20,18,93,28,65,13,5,8
S01012613,322,168,154,7,6,1,28,26,2,36,31,5,62,25,37,30,20,10,48,24,24,92,24,68,19,12,7
S01012614,494,248,246,8,6,2,44,33,11,45,40,5,94,43,51,35,29,6,58,24,34,186,62,124,24,11,13
S01012615,333,178,155,12,10,2,24,18,6,33,26,7,75,39,36,22,16,6,65,40,25,87,23,64,15,6,9
S01012616,452,243,209,22,16,6,31,26,5,60,49,11,72,36,36,34,24,10,66,33,33,145,49,96,22,10,12
S01012617,227,116,111,15,14,1,17,14,3,25,19,6,40,22,18,15,9,6,33,17,16,74,19,55,8,2,6
S01012618,292,158,134,20,17,3,29,27,2,28,26,2,49,27,22,22,15,7,27,14,13,100,26,74,17,6,11
S01012619,225,110,115,12,9,3,12,10,2,16,16,0,62,32,30,15,7,8,33,19,14,62,12,50,13,5,8
S01012620,369,191,178,6,6,0,17,15,2,35,33,2,66,32,34,19,14,5,64,39,25,135,42,93,27,10,17
S01012621,257,126,131,6,5,1,19,11,8,18,15,3,48,21,27,12,11,1,46,25,21,96,30,66,12,8,4
S01012622,345,176,169,7,7,0,16,15,1,36,32,4,69,30,39,39,33,6,36,18,18,121,34,87,21,7,14
S01012623,301,155,146,9,7,2,18,12,6,31,30,1,50,24,26,23,19,4,45,22,23,107,33,74,18,8,10
S01012624,331,170,161,9,6,3,23,20,3,36,33,3,88,41,47,32,27,5,41,18,23,92,20,72,10,5,5
S01012625,259,116,143,6,6,0,25,18,7,28,26,2,63,19,44,22,20,2,24,8,16,82,16,66,9,3,6
S01012626,249,126,123,5,4,1,19,16,3,24,23,1,41,15,26,14,12,2,40,22,18,93,29,64,13,5,8
S01012627,238,120,118,4,3,1,6,6,0,20,19,1,51,22,29,19,18,1,38,17,21,75,21,54,25,14,11
S01012628,480,255,225,12,9,3,32,29,3,36,34,2,78,39,39,32,29,3,88,45,43,172,61,111,30,9,21
S01012629,250,124,126,4,3,1,21,14,7,13,13,0,43,19,24,16,12,4,43,27,16,98,30,68,12,6,6
S01012630,354,200,154,12,10,2,27,19,8,26,24,2,75,36,39,31,27,4,52,36,16,103,31,72,28,17,11
S01012631,426,207,219,8,8,0,24,16,8,36,35,1,115,43,72,35,29,6,44,23,21,143,44,99,21,9,12
S01012632,375,208,167,31,24,7,26,20,6,41,36,5,56,30,26,31,27,4,51,32,19,115,30,85,24,9,15
S01012633,336,177,159,37,28,9,31,25,6,20,18,2,54,26,28,18,9,9,63,39,24,95,23,72,18,9,9
S01012634,299,148,151,10,6,4,21,12,9,40,35,5,70,32,38,21,16,5,33,21,12,88,19,69,16,7,9
S01012635,537,282,255,23,20,3,37,27,10,51,44,7,91,49,42,47,39,8,89,47,42,170,46,124,29,10,19
S01012636,346,178,168,29,20,9,26,21,5,27,26,1,56,24,32,21,16,5,55,33,22,111,30,81,21,8,13
S01012637,339,176,163,19,17,2,31,19,12,27,23,4,73,28,45,51,45,6,40,22,18,89,21,68,9,1,8
S01012638,373,189,184,31,25,6,29,17,12,30,27,3,69,30,39,43,37,6,53,26,27,101,22,79,17,5,12
S01012639,385,205,180,28,24,4,33,22,11,65,63,2,63,24,39,24,17,7,34,18,16,118,29,89,20,8,12
S01012640,331,178,153,35,32,3,22,18,4,41,37,4,65,20,45,32,27,5,34,21,13,86,15,71,16,8,8
S01012641,398,204,194,27,22,5,26,24,2,55,49,6,66,32,34,29,24,5,47,16,31,122,27,95,26,10,16
S01012642,294,141,153,16,15,1,26,18,8,49,48,1,53,24,29,21,16,5,30,8,22,91,10,81,8,2,6
S01012643,203,103,100,6,6,0,11,8,3,38,35,3,34,13,21,14,13,1,27,11,16,61,14,47,12,3,9
S01012644,291,139,152,10,9,1,24,16,8,40,38,2,48,16,32,20,16,4,30,12,18,105,29,76,14,3,11
S01012645,380,205,175,18,14,4,21,17,4,61,56,5,63,29,34,31,23,8,46,23,23,117,32,85,23,11,12
S01012646,497,260,237,22,21,1,38,30,8,63,60,3,94,50,44,33,24,9,70,28,42,163,43,120,14,4,10
S01012647,422,226,196,19,12,7,30,23,7,55,47,8,72,35,37,41,34,7,55,23,32,134,44,90,16,8,8
S01012648,231,116,115,5,3,2,20,16,4,33,32,1,62,23,39,20,13,7,24,10,14,52,12,40,15,7,8
S01012649,306,156,150,10,8,2,23,13,10,34,34,0,70,30,40,20,14,6,39,23,16,92,27,65,18,7,11
S01012650,303,165,138,9,5,4,32,27,5,39,34,5,54,29,25,27,21,6,42,19,23,85,22,63,15,8,7
S01012651,262,112,150,12,8,4,23,13,10,45,41,4,58,18,40,15,12,3,22,10,12,77,7,70,10,3,7
S01012652,577,313,264,16,14,2,56,46,10,58,52,6,119,61,58,45,33,12,61,29,32,183,55,128,39,23,16
S01012653,407,209,198,30,27,3,31,24,7,65,57,8,89,36,53,17,13,4,39,19,20,110,25,85,26,8,18
S01012654,404,205,199,26,18,8,40,26,14,39,36,3,86,45,41,24,16,8,55,24,31,114,31,83,20,9,11
S01012655,493,257,236,17,10,7,54,30,24,72,61,11,96,50,46,33,28,5,57,30,27,138,37,101,26,11,15
S01012656,346,164,182,8,7,1,34,20,14,42,38,4,77,27,50,36,30,6,31,13,18,104,24,80,14,5,9
S01012657,235,119,116,8,8,0,11,8,3,26,24,2,45,21,24,25,22,3,34,15,19,75,18,57,11,3,8
S01012658,485,245,240,11,10,1,40,29,11,66,60,6,99,51,48,38,29,9,65,28,37,142,27,115,24,11,13
S01012659,590,290,300,15,9,6,45,35,10,47,41,6,113,57,56,47,40,7,99,44,55,203,55,148,21,9,12
S01012660,329,162,167,16,11,5,28,15,13,45,38,7,67,31,36,21,19,2,42,19,23,100,25,75,10,4,6
S01012661,407,208,199,14,10,4,36,23,13,53,48,5,84,42,42,30,20,10,58,28,30,105,26,79,27,11,16
S01012662,312,152,160,5,4,1,47,31,16,37,31,6,57,24,33,23,15,8,44,24,20,90,21,69,9,2,7
S01012663,335,163,172,10,9,1,29,19,10,43,39,4,63,29,34,23,20,3,54,19,35,101,26,75,12,2,10
S01012664,474,252,222,14,10,4,48,36,12,63,56,7,88,46,42,59,46,13,47,12,35,130,39,91,25,7,18
S01012665,262,133,129,7,5,2,30,18,12,33,30,3,57,28,29,26,17,9,33,15,18,64,18,46,12,2,10
S01012666,253,118,135,10,10,0,23,14,9,38,32,6,52,23,29,19,15,4,25,11,14,74,11,63,12,2,10
S01012667,222,107,115,7,5,2,23,14,9,29,26,3,51,26,25,12,10,2,27,11,16,62,11,51,11,4,7
S01012668,315,155,160,12,5,7,29,16,13,37,31,6,65,32,33,33,29,4,34,14,20,91,23,68,14,5,9
S01012669,364,181,183,11,10,1,45,35,10,35,31,4,64,28,36,17,15,2,49,23,26,131,34,97,12,5,7
S01012670,342,171,171,7,5,2,35,25,10,31,29,2,65,27,38,32,24,8,45,20,25,110,32,78,17,9,8
S01012671,438,224,214,22,21,1,31,15,16,65,60,5,88,35,53,44,34,10,55,23,32,108,25,83,25,11,14
S01012672,247,128,119,7,6,1,28,19,9,32,31,1,57,27,30,27,22,5,21,7,14,67,14,53,8,2,6
S01012673,248,115,133,8,5,3,28,16,12,36,36,0,55,20,35,16,13,3,19,8,11,63,10,53,23,7,16
S01012674,190,91,99,2,2,0,18,13,5,20,20,0,45,16,29,20,14,6,17,9,8,58,15,43,10,2,8
S01012675,330,172,158,9,7,2,31,18,13,42,38,4,71,33,38,38,28,10,25,12,13,100,30,70,14,6,8
S01012676,395,202,193,17,15,2,27,20,7,53,46,7,86,38,48,33,27,6,35,18,17,125,33,92,19,5,14
S01012677,243,120,123,8,5,3,18,10,8,39,38,1,55,26,29,18,14,4,21,15,6,72,8,64,12,4,8
S01012678,416,193,223,13,10,3,26,23,3,48,40,8,85,36,49,21,17,4,54,24,30,145,30,115,24,13,11
S01012679,370,196,174,13,12,1,39,26,13,46,43,3,66,34,32,33,28,5,33,17,16,121,28,93,19,8,11
S01012680,309,159,150,4,4,0,29,18,11,38,36,2,53,23,30,34,29,5,46,22,24,90,24,66,15,3,12
S01012681,329,160,169,28,20,8,29,21,8,41,33,8,54,25,29,29,19,10,45,26,19,82,10,72,21,6,15
S01012682,337,167,170,6,6,0,28,18,10,47,39,8,76,37,39,20,15,5,44,23,21,103,24,79,13,5,8
S01012683,356,182,174,11,8,3,28,21,7,53,51,2,72,36,36,23,17,6,43,23,20,111,19,92,15,7,8
S01012684,270,134,136,7,5,2,17,15,2,35,31,4,47,24,23,16,9,7,47,22,25,89,23,66,12,5,7
S01012685,371,187,184,14,12,2,31,19,12,55,50,5,71,35,36,22,19,3,46,17,29,118,32,86,14,3,11
S01012686,497,275,222,12,11,1,39,27,12,49,42,7,83,51,32,43,32,11,87,52,35,161,45,116,23,15,8
S01012687,211,104,107,18,14,4,14,11,3,11,10,1,27,17,10,16,10,6,31,19,12,81,18,63,13,5,8
S01012688,374,201,173,12,10,2,34,24,10,37,33,4,51,31,20,27,23,4,82,42,40,103,24,79,28,14,14
S01012689,233,119,114,4,3,1,22,15,7,21,19,2,50,24,26,12,7,5,31,19,12,82,27,55,11,5,6
S01012690,261,141,120,7,7,0,22,19,3,23,21,2,47,24,23,10,8,2,39,21,18,91,31,60,22,10,12
S01012691,360,184,176,16,13,3,35,25,10,30,24,6,59,34,25,25,20,5,62,29,33,124,35,89,9,4,5
S01012692,339,167,172,8,6,2,23,20,3,37,32,5,73,35,38,14,10,4,31,14,17,136,44,92,17,6,11
S01012693,473,246,227,15,11,4,35,27,8,46,36,10,88,45,43,23,17,6,103,62,41,142,42,100,21,6,15
S01012694,228,112,116,4,1,3,21,17,4,19,18,1,51,25,26,6,5,1,36,19,17,80,26,54,11,1,10
S01012695,412,228,184,55,44,11,28,22,6,50,43,7,75,38,37,29,21,8,37,16,21,119,36,83,19,8,11
S01012696,415,231,184,64,44,20,33,23,10,45,36,9,66,31,35,24,14,10,55,27,28,107,42,65,21,14,7
S01012697,265,141,124,46,35,11,20,12,8,16,14,2,31,16,15,17,14,3,32,16,16,90,27,63,13,7,6
S01012698,397,206,191,28,24,4,37,34,3,37,30,7,65,30,35,32,24,8,46,22,24,132,38,94,20,4,16
S01012699,548,274,274,59,46,13,46,32,14,56,44,12,85,35,50,30,19,11,81,44,37,168,48,120,23,6,17
S01012700,403,207,196,23,17,6,35,19,16,44,40,4,84,41,43,29,20,9,50,31,19,116,31,85,22,8,14
S01012701,264,139,125,17,12,5,17,11,6,25,23,2,48,31,17,16,11,5,48,19,29,81,28,53,12,4,8
S01012702,315,159,156,6,4,2,20,14,6,29,24,5,63,29,34,28,21,7,59,31,28,99,31,68,11,5,6
S01012703,361,178,183,19,15,4,46,36,10,27,24,3,76,28,48,26,18,8,47,22,25,108,33,75,12,2,10
S01012704,338,166,172,15,9,6,39,25,14,32,28,4,69,29,40,38,26,12,48,23,25,85,23,62,12,3,9
S01012705,458,224,234,12,6,6,42,36,6,33,28,5,108,51,57,27,22,5,59,26,33,158,50,108,19,5,14
S01012706,308,166,142,15,14,1,33,18,15,39,37,2,69,38,31,21,19,2,33,14,19,85,22,63,13,4,9
S01012707,514,259,255,13,11,2,36,29,7,46,41,5,108,59,49,37,27,10,60,25,35,191,57,134,23,10,13
S01012708,299,148,151,9,5,4,33,22,11,29,28,1,75,28,47,29,25,4,49,21,28,72,17,55,3,2,1
S01012709,217,98,119,9,7,2,17,13,4,17,17,0,43,12,31,18,13,5,39,17,22,70,19,51,4,0,4
S01012710,336,175,161,9,6,3,48,35,13,39,36,3,76,32,44,21,16,5,39,23,16,89,23,66,15,4,11
S01012711,332,158,174,12,8,4,34,15,19,35,33,2,68,30,38,21,17,4,41,19,22,102,25,77,19,11,8
S01012712,367,191,176,13,9,4,24,17,7,40,36,4,57,36,21,22,15,7,49,32,17,145,40,105,17,6,11
S01012713,327,167,160,16,12,4,21,16,5,24,22,2,57,34,23,25,19,6,55,30,25,120,31,89,9,3,6
S01012714,267,138,129,6,2,4,27,21,6,17,17,0,53,31,22,16,13,3,44,22,22,94,27,67,10,5,5
S01012715,333,171,162,7,5,2,33,18,15,27,25,2,58,28,30,22,18,4,54,30,24,114,39,75,18,8,10
S01012716,371,198,173,10,5,5,30,18,12,33,27,6,71,39,32,21,16,5,78,41,37,112,42,70,16,10,6
S01012717,433,221,212,9,6,3,46,29,17,41,37,4,88,48,40,39,25,14,72,32,40,121,38,83,17,6,11
S01012718,469,255,214,12,10,2,44,24,20,31,30,1,92,55,37,36,27,9,92,50,42,138,48,90,24,11,13
S01012719,407,224,183,11,7,4,30,24,6,45,39,6,86,42,44,27,22,5,62,34,28,124,42,82,22,14,8
S01012720,318,170,148,10,6,4,21,14,7,33,30,3,57,30,27,27,21,6,57,32,25,95,28,67,18,9,9
S01012721,306,160,146,5,4,1,28,19,9,29,27,2,67,36,31,24,21,3,46,24,22,95,23,72,12,6,6
S01012722,275,136,139,3,2,1,32,23,9,33,29,4,57,22,35,22,18,4,30,12,18,83,21,62,15,9,6
S01012723,290,138,152,9,6,3,33,22,11,33,31,2,76,25,51,23,16,7,36,14,22,67,19,48,13,5,8
S01012724,359,192,167,10,7,3,34,23,11,45,41,4,67,30,37,30,22,8,57,28,29,98,34,64,18,7,11
S01012725,473,256,217,13,5,8,34,27,7,44,41,3,90,54,36,35,26,9,87,46,41,153,47,106,17,10,7
S01012726,249,126,123,6,5,1,30,20,10,26,24,2,55,23,32,23,20,3,40,16,24,60,14,46,9,4,5
S01012727,272,135,137,8,5,3,24,9,15,31,27,4,74,30,44,31,27,4,22,12,10,64,21,43,18,4,14
S01012728,285,140,145,6,3,3,29,14,15,24,24,0,79,41,38,22,15,7,40,18,22,71,18,53,14,7,7
S01012729,433,208,225,12,7,5,56,36,20,36,32,4,94,38,56,29,27,2,47,24,23,144,36,108,15,8,7
S01012730,256,122,134,9,7,2,33,19,14,22,20,2,62,27,35,38,27,11,26,12,14,54,9,45,12,1,11
S01012731,348,181,167,11,9,2,44,28,16,31,29,2,74,36,38,28,20,8,47,24,23,101,28,73,12,7,5
S01012732,310,148,162,7,4,3,35,22,13,36,33,3,67,19,48,25,20,5,40,20,20,84,24,60,16,6,10
S01012733,631,322,309,27,18,9,57,40,17,66,61,5,108,57,51,50,35,15,119,51,68,175,49,126,29,11,18
S01012734,343,169,174,11,8,3,41,30,11,31,28,3,52,27,25,21,12,9,79,34,45,94,25,69,14,5,9
S01012735,208,112,96,4,3,1,29,16,13,24,23,1,39,16,23,19,15,4,27,14,13,50,16,34,16,9,7
S01012736,485,253,232,13,10,3,62,45,17,33,30,3,107,47,60,35,32,3,50,24,26,154,53,101,31,12,19
S01012737,449,233,216,12,6,6,42,36,6,32,30,2,97,43,54,42,33,9,67,38,29,144,45,99,13,2,11
S01012738,296,138,158,6,4,2,40,20,20,22,21,1,67,33,34,31,26,5,38,13,25,78,15,63,14,6,8
S01012739,501,266,235,15,11,4,37,30,7,50,41,9,95,56,39,43,32,11,98,43,55,146,47,99,17,6,11
S01012740,501,253,248,10,8,2,42,29,13,38,36,2,108,56,52,56,40,16,107,46,61,130,35,95,10,3,7
S01012741,370,188,182,3,2,1,54,34,20,46,40,6,62,39,23,23,12,11,64,29,35,103,25,78,15,7,8
S01012742,387,204,183,6,5,1,39,31,8,27,25,2,59,39,20,21,18,3,67,34,33,145,42,103,23,10,13
S01012743,321,160,161,17,12,5,20,17,3,21,20,1,72,32,40,27,23,4,37,18,19,108,32,76,19,6,13
S01012744,428,218,210,8,6,2,44,32,12,42,37,5,75,42,33,28,24,4,65,25,40,152,48,104,14,4,10
S01012745,356,175,181,9,7,2,37,28,9,28,22,6,60,32,28,29,23,6,66,29,37,116,32,84,11,2,9
S01012746,450,238,212,6,4,2,41,31,10,31,28,3,91,47,44,50,40,10,81,31,50,131,47,84,19,10,9
S01012747,379,188,191,10,7,3,45,32,13,28,25,3,88,36,52,28,25,3,48,21,27,114,37,77,18,5,13
S01012748,313,153,160,6,5,1,36,19,17,26,22,4,79,32,47,42,35,7,44,21,23,65,14,51,15,5,10
S01012749,345,175,170,13,10,3,48,28,20,35,34,1,88,41,47,21,18,3,50,25,25,66,13,53,24,6,18
S01012750,338,166,172,7,3,4,58,39,19,31,24,7,86,32,54,22,18,4,44,19,25,73,23,50,17,8,9
S01012751,332,171,161,10,8,2,44,33,11,29,27,2,81,33,48,22,18,4,48,16,32,82,28,54,16,8,8
S01012752,404,205,199,12,7,5,40,28,12,38,36,2,94,41,53,31,23,8,49,27,22,122,31,91,18,12,6
S01012753,196,86,110,6,6,0,23,10,13,13,11,2,54,22,32,11,9,2,30,15,15,45,7,38,14,6,8
S01012754,243,127,116,9,5,4,34,23,11,28,23,5,51,26,25,23,22,1,30,10,20,58,15,43,10,3,7
S01012755,172,68,104,2,1,1,23,11,12,8,6,2,46,17,29,12,10,2,24,10,14,50,13,37,7,0,7
S01012756,202,106,96,1,0,1,32,26,6,16,14,2,51,25,26,14,12,2,23,11,12,56,14,42,9,4,5
S01012757,210,104,106,5,4,1,29,21,8,19,19,0,39,12,27,16,14,2,25,9,16,65,20,45,12,5,7
S01012758,265,125,140,11,7,4,20,12,8,27,25,2,48,19,29,22,19,3,42,18,24,88,25,63,7,0,7
S01012759,302,139,163,9,5,4,32,24,8,25,23,2,69,25,44,32,28,4,33,11,22,78,18,60,24,5,19
S01012760,364,177,187,10,6,4,45,33,12,26,24,2,78,36,42,32,24,8,53,24,29,103,21,82,17,9,8
S01012761,375,189,186,11,7,4,47,29,18,38,37,1,73,34,39,30,22,8,54,21,33,112,33,79,10,6,4
S01012762,353,177,176,4,4,0,41,28,13,28,27,1,80,40,40,30,25,5,51,18,33,100,26,74,19,9,10
S01012763,194,93,101,1,1,0,24,15,9,22,17,5,50,16,34,18,17,1,16,8,8,51,14,37,12,5,7
S01012764,330,169,161,12,10,2,37,24,13,34,31,3,69,40,29,26,21,5,41,17,24,92,21,71,19,5,14
S01012765,345,167,178,12,10,2,52,41,11,26,25,1,72,30,42,23,20,3,38,15,23,105,23,82,17,3,14
S01012766,430,213,217,15,9,6,44,28,16,33,31,2,106,48,58,38,30,8,59,24,35,118,35,83,17,8,9
S01012767,309,163,146,4,4,0,35,28,7,44,40,4,53,25,28,25,21,4,37,16,21,99,23,76,12,6,6
S01012768,415,209,206,10,4,6,38,30,8,46,42,4,90,46,44,32,25,7,43,22,21,143,37,106,13,3,10
S01012769,245,131,114,4,1,3,31,18,13,38,33,5,47,30,17,21,16,5,39,18,21,53,10,43,12,5,7
S01012770,393,196,197,7,5,2,45,35,10,38,35,3,79,34,45,29,23,6,67,26,41,114,30,84,14,8,6
S01012771,335,163,172,14,5,9,31,24,7,23,19,4,64,31,33,38,32,6,54,24,30,93,23,70,18,5,13
S01012772,293,144,149,13,10,3,29,21,8,19,18,1,88,39,49,33,27,6,33,10,23,68,13,55,10,6,4
S01012773,394,219,175,9,4,5,42,34,8,42,42,0,79,41,38,37,33,4,44,20,24,117,34,83,24,11,13
S01012774,459,229,230,11,9,2,57,39,18,45,43,2,91,41,50,37,31,6,68,21,47,123,30,93,27,15,12
S01012775,201,110,91,3,3,0,16,11,5,31,28,3,40,19,21,23,20,3,27,17,10,55,9,46,6,3,3
S01012776,348,180,168,20,17,3,51,34,17,32,30,2,84,38,46,28,22,6,32,9,23,91,27,64,10,3,7
S01012777,536,255,281,15,10,5,54,29,25,46,42,4,135,62,73,41,36,5,89,35,54,138,35,103,18,6,12
S01012778,335,152,183,9,6,3,30,21,9,28,26,2,57,28,29,34,21,13,55,18,37,108,28,80,14,4,10
S01012779,209,101,108,7,4,3,21,13,8,26,22,4,50,23,27,20,13,7,26,12,14,53,11,42,6,3,3
S01012780,286,132,154,5,5,0,34,20,14,21,15,6,80,34,46,17,11,6,43,23,20,70,16,54,16,8,8
S01012781,337,177,160,10,9,1,41,31,10,31,28,3,75,43,32,20,9,11,42,19,23,105,34,71,13,4,9
S01012782,247,120,127,2,1,1,36,23,13,14,14,0,75,35,40,17,16,1,26,11,15,62,16,46,15,4,11
S01012783,290,133,157,6,4,2,33,17,16,21,19,2,78,35,43,24,17,7,38,17,21,70,18,52,20,6,14
S01012784,361,184,177,18,10,8,48,33,15,26,23,3,75,36,39,23,16,7,57,23,34,101,35,66,13,8,5
S01012785,280,136,144,4,2,2,46,30,16,14,12,2,52,21,31,26,23,3,48,28,20,71,17,54,19,3,16
S01012786,257,128,129,8,7,1,46,22,24,21,18,3,63,29,34,14,11,3,36,16,20,58,19,39,11,6,5
S01012787,317,151,166,10,4,6,28,13,15,23,21,2,67,30,37,32,30,2,57,21,36,88,26,62,12,6,6
S01012788,247,134,113,10,10,0,30,18,12,28,25,3,50,23,27,34,26,8,31,15,16,51,13,38,13,4,9
S01012789,354,183,171,13,9,4,27,20,7,29,25,4,78,42,36,29,26,3,54,22,32,103,33,70,21,6,15
S01012790,356,174,182,18,13,5,27,19,8,23,17,6,51,28,23,32,24,8,74,31,43,115,35,80,16,7,9
S01012791,317,163,154,3,3,0,30,24,6,20,19,1,60,31,29,26,19,7,57,30,27,112,33,79,9,4,5
S01012792,424,200,224,7,3,4,41,28,13,34,30,4,71,38,33,31,25,6,58,24,34,158,48,110,24,4,20
S01012793,287,154,133,12,10,2,44,26,18,20,19,1,67,33,34,15,14,1,48,26,22,64,19,45,17,7,10
S01012794,337,187,150,4,4,0,29,19,10,25,18,7,64,32,32,28,25,3,71,37,34,92,37,55,24,15,9
S01012795,418,207,211,14,12,2,51,29,22,32,30,2,111,47,64,30,25,5,44,25,19,111,30,81,25,9,16
S01012796,402,211,191,9,5,4,39,26,13,54,50,4,85,37,48,33,26,7,68,32,36,94,27,67,20,8,12
S01012797,334,155,179,12,8,4,42,22,20,29,27,2,71,26,45,31,25,6,41,19,22,95,22,73,13,6,7
S01012798,340,179,161,10,3,7,21,17,4,27,23,4,73,42,31,28,19,9,83,44,39,84,27,57,14,4,10
S01012799,373,206,167,14,6,8,23,16,7,24,18,6,76,42,34,27,19,8,66,40,26,125,56,69,18,9,9
S01012800,449,236,213,10,7,3,40,31,9,37,27,10,97,48,49,28,17,11,96,58,38,116,38,78,25,10,15
S01012801,185,93,92,2,0,2,20,12,8,7,6,1,41,24,17,12,8,4,38,20,18,55,18,37,10,5,5
S01012802,314,165,149,11,8,3,29,20,9,22,18,4,81,43,38,12,10,2,49,24,25,98,34,64,12,8,4
S01012803,366,187,179,17,10,7,21,17,4,28,23,5,68,41,27,29,19,10,62,33,29,130,41,89,11,3,8
S01012804,354,173,181,10,4,6,31,20,11,24,20,4,92,48,44,31,21,10,40,22,18,108,30,78,18,8,10
S01012805,426,203,223,18,9,9,52,37,15,33,31,2,106,45,61,25,19,6,57,23,34,116,31,85,19,8,11
S01012806,349,188,161,19,10,9,28,21,7,34,29,5,60,31,29,31,21,10,50,24,26,110,43,67,17,9,8
S01012807,319,167,152,10,7,3,28,23,5,20,17,3,71,40,31,27,19,8,65,30,35,87,29,58,11,2,9
S01012808,506,258,248,20,13,7,47,33,14,45,35,10,98,49,49,31,24,7,109,58,51,142,41,101,14,5,9
S01012809,322,171,151,14,11,3,18,13,5,25,23,2,57,28,29,34,22,12,62,42,20,95,27,68,17,5,12
S01012810,374,181,193,14,8,6,48,32,16,40,33,7,71,33,38,41,28,13,54,21,33,92,21,71,14,5,9
S01012811,354,190,164,11,7,4,49,33,16,40,32,8,67,37,30,17,13,4,66,34,32,92,31,61,12,3,9
S01012812,382,186,196,21,16,5,39,23,16,33,29,4,59,24,35,29,22,7,58,28,30,122,32,90,21,12,9
S01012813,437,228,209,19,11,8,39,29,10,33,29,4,76,37,39,22,18,4,78,43,35,157,56,101,13,5,8
S01012814,487,254,233,13,11,2,34,29,5,43,34,9,87,40,47,61,45,16,80,38,42,141,45,96,28,12,16
S01012815,515,258,257,13,8,5,39,25,14,59,51,8,77,39,38,44,31,13,94,38,56,166,55,111,23,11,12
S01012816,315,162,153,5,3,2,19,14,5,41,35,6,59,29,30,30,21,9,59,26,33,85,30,55,17,4,13
S01012817,324,166,158,8,5,3,22,16,6,17,17,0,46,23,23,31,25,6,66,30,36,115,42,73,19,8,11
S01012818,446,225,221,13,9,4,34,29,5,40,34,6,86,39,47,40,33,7,76,32,44,144,44,100,13,5,8
S01012819,274,135,139,8,8,0,29,23,6,26,24,2,65,29,36,12,11,1,48,22,26,74,15,59,12,3,9
S01012820,620,311,309,8,7,1,42,25,17,53,45,8,129,66,63,75,59,16,121,46,75,169,55,114,23,8,15
S01012821,423,225,198,8,7,1,26,21,5,52,49,3,77,34,43,46,32,14,71,33,38,122,41,81,21,8,13
S01012822,169,73,96,4,4,0,17,13,4,4,4,0,37,13,24,23,16,7,37,13,24,36,7,29,11,3,8
S01012823,493,255,238,6,6,0,42,30,12,47,46,1,100,51,49,54,37,17,83,33,50,144,40,104,17,12,5
S01012824,346,160,186,5,4,1,31,21,10,27,22,5,73,31,42,28,22,6,57,20,37,102,27,75,23,13,10
S01012825,212,116,96,7,6,1,21,13,8,25,23,2,42,21,21,14,10,4,33,16,17,58,21,37,12,6,6
S01012826,222,90,132,11,9,2,23,10,13,20,18,2,50,14,36,15,11,4,33,9,24,60,16,44,10,3,7
S01012827,384,205,179,22,16,6,31,21,10,39,36,3,67,39,28,35,23,12,73,33,40,98,32,66,19,5,14
S01012828,388,202,186,11,9,2,32,22,10,43,36,7,53,28,25,37,32,5,66,31,35,122,34,88,24,10,14
S01012829,336,161,175,8,5,3,27,19,8,38,35,3,86,33,53,31,21,10,51,27,24,73,12,61,22,9,13
S01012830,301,153,148,7,6,1,31,20,11,36,32,4,67,33,34,22,15,7,45,17,28,77,25,52,16,5,11
S01012831,234,128,106,8,7,1,12,9,3,34,28,6,42,19,23,24,19,5,42,19,23,61,23,38,11,4,7
S01012832,259,119,140,5,3,2,28,14,14,18,16,2,56,27,29,18,14,4,43,21,22,77,19,58,14,5,9
S01012833,260,109,151,4,3,1,20,15,5,28,24,4,65,23,42,17,13,4,38,13,25,71,13,58,17,5,12
S01012834,284,142,142,3,1,2,31,18,13,18,17,1,66,34,32,33,23,10,46,20,26,68,20,48,19,9,10
S01012835,394,195,199,9,7,2,42,29,13,32,29,3,67,30,37,35,29,6,69,34,35,126,30,96,14,7,7
S01012836,393,194,199,12,8,4,19,14,5,46,39,7,86,44,42,30,24,6,74,35,39,106,21,85,20,9,11
S01012837,256,131,125,2,2,0,25,14,11,19,18,1,73,38,35,24,18,6,41,22,19,60,14,46,12,5,7
S01012838,301,151,150,5,4,1,29,18,11,23,20,3,88,40,48,22,16,6,42,22,20,76,22,54,16,9,7
S01012839,408,200,208,12,11,1,30,26,4,32,28,4,90,41,49,37,31,6,72,29,43,123,27,96,12,7,5
S01012840,461,243,218,12,8,4,40,25,15,52,43,9,90,51,39,34,27,7,87,47,40,133,36,97,13,6,7
S01012841,338,179,159,5,4,1,28,24,4,37,33,4,59,29,30,33,28,5,58,31,27,108,28,80,10,2,8
S01012842,300,146,154,3,3,0,31,24,7,24,21,3,68,29,39,20,14,6,48,22,26,87,26,61,19,7,12
S01012843,491,252,239,7,5,2,35,27,8,29,28,1,80,43,37,39,27,12,91,51,40,179,59,120,31,12,19
S01012844,371,198,173,6,5,1,21,15,6,29,25,4,66,42,24,31,25,6,68,36,32,130,40,90,20,10,10
S01012845,331,162,169,4,2,2,24,17,7,26,24,2,56,29,27,24,17,7,72,36,36,109,34,75,16,3,13
S01012846,359,191,168,5,4,1,30,18,12,29,26,3,68,41,27,38,30,8,69,30,39,101,31,70,19,11,8
S01012847,265,126,139,3,3,0,29,25,4,31,26,5,50,24,26,16,15,1,45,14,31,76,14,62,15,5,10
S01012848,383,205,178,22,15,7,33,27,6,34,33,1,74,38,36,36,30,6,60,31,29,114,28,86,10,3,7
S01012849,351,168,183,9,4,5,29,17,12,37,34,3,68,30,38,34,24,10,68,29,39,90,25,65,16,5,11
S01012850,305,157,148,8,7,1,28,20,8,31,27,4,67,34,33,21,18,3,47,18,29,87,26,61,16,7,9
S01012851,366,174,192,4,4,0,25,19,6,33,30,3,77,33,44,37,28,9,55,21,34,121,33,88,14,6,8
S01012852,360,179,181,6,3,3,22,17,5,23,21,2,62,30,32,35,27,8,69,39,30,135,37,98,8,5,3
S01012853,382,194,188,9,4,5,26,24,2,38,34,4,72,33,39,35,29,6,48,23,25,137,39,98,17,8,9
S01012854,489,236,253,13,7,6,31,25,6,29,27,2,89,46,43,30,21,9,88,45,43,183,53,130,26,12,14
S01012855,396,194,202,8,5,3,34,27,7,25,24,1,62,31,31,28,23,5,83,33,50,136,42,94,20,9,11
S01012856,296,162,134,13,12,1,32,22,10,33,32,1,47,22,25,24,19,5,49,24,25,82,23,59,16,8,8
S01012857,306,147,159,11,9,2,24,14,10,25,21,4,60,29,31,33,25,8,53,20,33,89,24,65,11,5,6
S01012858,335,171,164,7,5,2,27,24,3,25,23,2,74,35,39,33,29,4,58,22,36,95,28,67,16,5,11
S01012859,501,246,255,10,6,4,38,25,13,53,49,4,117,49,68,43,33,10,75,36,39,133,31,102,32,17,15
S01012860,380,179,201,7,2,5,19,12,7,42,36,6,81,37,44,34,27,7,46,23,23,138,39,99,13,3,10
S01012861,375,177,198,9,5,4,21,12,9,34,30,4,70,39,31,34,25,9,66,32,34,124,30,94,17,4,13
S01012862,241,128,113,1,1,0,21,17,4,24,24,0,60,34,26,21,17,4,35,16,19,68,15,53,11,4,7
S01012863,290,161,129,4,3,1,19,15,4,17,16,1,74,40,34,24,19,5,56,33,23,80,25,55,16,10,6
S01012864,347,163,184,5,3,2,18,14,4,46,43,3,73,27,46,29,20,9,61,25,36,88,27,61,27,4,23
S01012865,325,162,163,5,5,0,26,20,6,23,21,2,59,23,36,35,27,8,60,32,28,100,26,74,17,8,9
S01012866,367,164,203,11,7,4,30,21,9,38,29,9,69,37,32,27,23,4,62,23,39,112,20,92,18,4,14
S01012867,260,125,135,7,6,1,24,20,4,31,25,6,54,27,27,19,15,4,27,6,21,87,22,65,11,4,7
S01012868,251,133,118,7,7,0,21,13,8,23,22,1,69,41,28,18,14,4,22,10,12,78,20,58,13,6,7
S01012869,195,85,110,4,3,1,8,3,5,19,16,3,71,32,39,16,9,7,31,15,16,39,6,33,7,1,6
S01012870,444,224,220,16,9,7,28,25,3,45,44,1,90,44,46,44,33,11,61,26,35,140,33,107,20,10,10
S01012871,394,201,193,10,6,4,22,19,3,36,32,4,70,39,31,40,35,5,61,22,39,130,36,94,25,12,13
S01012872,380,197,183,12,8,4,21,14,7,38,38,0,93,53,40,27,21,6,67,28,39,110,30,80,12,5,7
S01012873,434,204,230,12,10,2,19,16,3,47,41,6,76,36,40,48,31,17,80,33,47,129,30,99,23,7,16
S01012874,327,159,168,7,6,1,21,15,6,22,21,1,76,33,43,34,29,5,42,14,28,100,30,70,25,11,14
S01012875,270,142,128,8,6,2,22,19,3,25,22,3,76,35,41,24,19,5,36,17,19,66,20,46,13,4,9
S01012876,316,142,174,6,5,1,28,22,6,30,25,5,79,35,44,19,16,3,32,16,16,96,15,81,26,8,18
S01012877,318,153,165,8,7,1,18,11,7,35,28,7,74,33,41,31,22,9,43,18,25,95,26,69,14,8,6
S01012878,522,261,261,12,9,3,41,28,13,54,49,5,97,44,53,48,37,11,103,48,55,151,40,111,16,6,10
S01012879,354,168,186,11,7,4,21,15,6,27,25,2,63,26,37,25,21,4,66,34,32,126,35,91,15,5,10
S01012880,443,231,212,9,8,1,31,21,10,28,26,2,69,38,31,33,21,12,96,54,42,152,48,104,25,15,10
S01012881,380,191,189,3,3,0,25,23,2,23,21,2,75,38,37,28,23,5,67,34,33,139,36,103,20,13,7
S01012882,252,124,128,3,3,0,23,16,7,28,26,2,70,28,42,23,16,7,32,13,19,58,16,42,15,6,9
S01012883,185,92,93,4,4,0,11,9,2,17,13,4,38,18,20,21,14,7,30,15,15,50,14,36,14,5,9
S01012884,199,101,98,3,3,0,9,8,1,20,20,0,34,18,16,17,11,6,39,17,22,63,20,43,14,4,10
S01012885,195,102,93,5,5,0,21,15,6,21,18,3,56,25,31,11,9,2,27,13,14,47,13,34,7,4,3
S01012886,390,200,190,10,8,2,25,17,8,27,22,5,59,30,29,25,21,4,89,49,40,135,45,90,20,8,12
S01012887,358,177,181,10,7,3,15,12,3,29,25,4,58,27,31,32,20,12,81,41,40,124,41,83,9,4,5
S01012888,374,188,186,6,1,5,22,16,6,35,31,4,50,24,26,27,21,6,73,45,28,144,44,100,17,6,11
S01012889,487,238,249,13,6,7,35,26,9,39,36,3,96,51,45,40,28,12,103,45,58,147,39,108,14,7,7
S01012890,278,139,139,7,6,1,19,15,4,23,20,3,73,31,42,23,19,4,31,15,16,82,23,59,20,10,10
S01012891,243,115,128,5,4,1,17,13,4,31,23,8,54,22,32,19,15,4,32,18,14,74,16,58,11,4,7
S01012892,440,209,231,16,14,2,34,24,10,36,34,2,121,53,68,31,18,13,64,33,31,117,28,89,21,5,16
S01012893,287,127,160,2,0,2,19,16,3,21,19,2,79,34,45,36,25,11,33,16,17,80,13,67,17,4,13
S01012894,418,210,208,12,5,7,35,29,6,49,42,7,99,42,57,31,20,11,71,34,37,109,32,77,12,6,6
S01012895,305,163,142,27,21,6,22,16,6,29,23,6,50,29,21,26,19,7,41,22,19,95,27,68,15,6,9
S01012896,367,194,173,5,2,3,45,29,16,14,13,1,66,38,28,39,34,5,56,26,30,124,43,81,18,9,9
S01012897,337,165,172,14,11,3,26,19,7,27,22,5,77,41,36,24,19,5,53,24,29,100,25,75,16,4,12
S01012898,333,168,165,11,6,5,34,25,9,24,20,4,72,37,35,28,17,11,68,35,33,80,20,60,16,8,8
S01012899,242,127,115,16,11,5,21,16,5,20,19,1,59,22,37,20,17,3,31,23,8,66,15,51,9,4,5
S01012900,303,166,137,14,12,2,24,18,6,34,24,10,64,40,24,23,16,7,52,23,29,77,29,48,15,4,11
S01012901,341,168,173,8,3,5,29,22,7,18,17,1,88,49,39,25,19,6,49,19,30,103,31,72,21,8,13
S01012902,380,196,184,6,3,3,43,33,10,19,14,5,77,41,36,44,32,12,66,35,31,106,27,79,19,11,8
S01012903,399,188,211,9,4,5,37,30,7,27,25,2,105,36,69,41,34,7,38,16,22,124,33,91,18,10,8
S01012904,373,186,187,11,11,0,33,28,5,29,26,3,83,37,46,28,23,5,45,13,32,121,39,82,23,9,14
S01012905,291,135,156,11,6,5,31,25,6,16,13,3,79,36,43,27,17,10,37,16,21,78,20,58,12,2,10
S01012906,496,250,246,9,7,2,73,57,16,36,30,6,96,47,49,36,26,10,75,33,42,146,39,107,25,11,14
S01012907,392,198,194,7,6,1,49,38,11,29,28,1,90,45,45,37,28,9,43,17,26,112,27,85,25,9,16
S01012908,298,145,153,3,3,0,29,23,6,23,20,3,81,39,42,19,16,3,33,16,17,98,27,71,12,1,11
S01012909,262,140,122,7,5,2,26,20,6,19,17,2,53,27,26,28,26,2,42,17,25,79,27,52,8,1,7
S01012910,364,204,160,4,4,0,38,31,7,22,22,0,85,44,41,32,28,4,55,34,21,112,36,76,16,5,11
S01012911,342,178,164,3,2,1,36,35,1,20,17,3,57,32,25,29,19,10,56,27,29,119,35,84,22,11,11
S01012912,288,138,150,7,5,2,32,18,14,23,17,6,70,40,30,16,13,3,30,17,13,97,24,73,13,4,9
S01012913,405,205,200,5,2,3,51,38,13,45,38,7,71,32,39,26,22,4,56,26,30,133,42,91,18,5,13
S01012914,417,227,190,14,11,3,45,38,7,30,28,2,85,45,40,32,23,9,64,33,31,128,41,87,19,8,11
S01012915,556,284,272,13,8,5,60,43,17,42,34,8,125,63,62,33,26,7,85,45,40,172,56,116,26,9,17
S01012916,300,162,138,6,4,2,32,24,8,24,23,1,66,36,30,23,17,6,41,19,22,98,35,63,10,4,6
S01012917,374,186,188,10,7,3,39,28,11,37,32,5,70,35,35,23,17,6,59,33,26,119,27,92,17,7,10
S01012918,259,138,121,5,5,0,22,17,5,24,16,8,50,22,28,26,26,0,30,17,13,90,27,63,12,8,4
S01012919,202,106,96,4,3,1,29,22,7,12,10,2,33,16,17,19,15,4,31,12,19,64,22,42,10,6,4
S01012920,263,137,126,3,3,0,23,21,2,12,10,2,59,27,32,17,13,4,32,17,15,106,38,68,11,8,3
S01012921,336,157,179,6,3,3,46,30,16,26,23,3,67,31,36,23,23,0,51,19,32,99,22,77,18,6,12
S01012922,499,246,253,11,8,3,49,39,10,37,35,2,97,40,57,45,33,12,74,36,38,160,42,118,26,13,13
S01012923,368,177,191,6,3,3,47,33,14,27,24,3,71,29,42,25,22,3,47,18,29,124,38,86,21,10,11
S01012924,268,146,122,4,2,2,31,21,10,19,17,2,64,41,23,25,19,6,29,15,14,83,28,55,13,3,10
S01012925,258,144,114,7,3,4,20,17,3,20,19,1,50,33,17,16,11,5,39,18,21,99,39,60,7,4,3
S01012926,387,196,191,10,7,3,54,42,12,28,26,2,68,29,39,31,28,3,52,23,29,121,33,88,23,8,15
S01012927,376,188,188,8,6,2,48,31,17,32,28,4,83,46,37,24,21,3,46,16,30,123,34,89,12,6,6
S01012928,408,215,193,14,9,5,48,36,12,26,21,5,83,46,37,35,27,8,56,29,27,124,36,88,22,11,11
S01012929,347,176,171,17,10,7,32,27,5,22,21,1,78,36,42,30,24,6,36,17,19,113,30,83,19,11,8
S01012930,376,211,165,2,2,0,35,30,5,22,20,2,86,44,42,31,26,5,62,36,26,117,43,74,21,10,11
S01012931,416,210,206,7,5,2,33,24,9,36,31,5,96,46,50,27,19,8,61,27,34,131,47,84,25,11,14
S01012932,263,134,129,7,4,3,23,18,5,23,21,2,44,21,23,32,24,8,45,21,24,80,20,60,9,5,4
S01012933,397,206,191,6,5,1,38,32,6,33,30,3,82,35,47,34,26,8,59,26,33,122,42,80,23,10,13
S01012934,295,154,141,8,4,4,22,17,5,23,20,3,65,37,28,22,21,1,43,20,23,97,26,71,15,9,6
S01012935,425,212,213,5,4,1,44,35,9,26,22,4,89,44,45,40,35,5,56,18,38,150,45,105,15,9,6
S01012936,356,181,175,9,3,6,35,27,8,34,31,3,73,40,33,31,23,8,52,23,29,108,26,82,14,8,6
S01012937,346,180,166,7,4,3,40,31,9,27,24,3,68,32,36,30,21,9,48,26,22,102,31,71,24,11,13
S01012938,319,163,156,5,4,1,27,20,7,20,17,3,63,30,33,32,24,8,48,26,22,110,34,76,14,8,6
S01012939,341,178,163,8,6,2,32,24,8,28,27,1,75,36,39,28,24,4,65,31,34,97,26,71,8,4,4
S01012940,421,215,206,5,3,2,34,29,5,37,27,10,82,43,39,23,18,5,67,37,30,161,51,110,12,7,5
S01012941,440,237,203,16,10,6,32,24,8,24,21,3,79,48,31,29,22,7,94,59,35,145,43,102,21,10,11
S01012942,346,163,183,9,7,2,41,33,8,23,21,2,89,32,57,20,17,3,49,21,28,99,26,73,16,6,10
S01012943,391,200,191,5,5,0,41,36,5,19,17,2,100,45,55,24,14,10,47,27,20,142,48,94,13,8,5
S01012944,250,123,127,2,0,2,27,20,7,17,16,1,40,22,18,7,6,1,48,30,18,96,23,73,13,6,7
S01012945,402,211,191,15,8,7,41,31,10,26,23,3,86,41,45,25,20,5,81,46,35,119,40,79,9,2,7
S01012946,501,254,247,6,3,3,54,41,13,37,27,10,110,65,45,38,31,7,75,34,41,160,42,118,21,11,10
S01012947,261,137,124,5,4,1,24,18,6,19,15,4,69,37,32,19,13,6,47,21,26,72,25,47,6,4,2
S01012948,402,179,223,10,6,4,38,29,9,31,30,1,82,23,59,36,27,9,48,20,28,140,39,101,17,5,12
S01012949,408,211,197,9,6,3,44,35,9,33,29,4,81,40,41,32,25,7,61,30,31,130,37,93,18,9,9
S01012950,517,275,242,12,7,5,51,42,9,36,28,8,91,51,40,40,31,9,91,49,42,178,59,119,18,8,10
S01012951,543,289,254,15,9,6,48,29,19,48,41,7,97,49,48,42,28,14,115,65,50,154,56,98,24,12,12
S01012952,290,177,113,12,9,3,25,17,8,29,25,4,84,51,33,15,12,3,60,33,27,53,21,32,12,9,3
S01012953,401,217,184,12,9,3,31,24,7,31,28,3,74,42,32,36,29,7,62,32,30,136,46,90,19,7,12
S01012954,285,151,134,9,7,2,39,30,9,19,17,2,53,25,28,22,18,4,32,16,16,98,32,66,13,6,7
S01012955,502,273,229,17,12,5,48,35,13,46,37,9,79,49,30,36,25,11,96,53,43,166,57,109,14,5,9
S01012956,390,199,191,10,3,7,41,30,11,30,27,3,90,39,51,27,17,10,66,39,27,105,32,73,21,12,9
S01012957,306,152,154,6,3,3,34,22,12,25,24,1,65,33,32,33,28,5,44,18,26,89,23,66,10,1,9
S01012958,294,152,142,10,8,2,24,15,9,21,19,2,66,35,31,27,22,5,33,16,17,100,31,69,13,6,7
S01012959,353,178,175,7,3,4,38,28,10,22,18,4,77,37,40,31,25,6,47,20,27,118,41,77,13,6,7
S01012960,310,149,161,6,4,2,24,20,4,15,13,2,81,35,46,21,18,3,54,29,25,98,24,74,11,6,5
S01012961,300,148,152,12,8,4,27,19,8,21,16,5,85,41,44,23,18,5,32,15,17,93,27,66,7,4,3
S01012962,375,189,186,6,3,3,34,32,2,33,28,5,75,39,36,26,23,3,63,27,36,122,31,91,16,6,10
S01012963,464,237,227,14,8,6,45,33,12,26,25,1,86,48,38,42,34,8,81,38,43,146,37,109,24,14,10
S01012964,365,188,177,13,6,7,32,22,10,38,34,4,79,42,37,33,24,9,53,25,28,107,34,73,10,1,9
S01012965,324,176,148,8,7,1,32,28,4,29,23,6,82,44,38,25,23,2,47,25,22,87,21,66,14,5,9
S01012966,395,195,200,14,11,3,38,28,10,37,33,4,88,40,48,34,23,11,50,21,29,118,33,85,16,6,10
S01012967,263,132,131,6,4,2,25,16,9,18,17,1,70,29,41,20,18,2,43,17,26,64,21,43,17,10,7
S01012968,332,171,161,7,7,0,38,30,8,17,14,3,92,44,48,43,37,6,32,13,19,91,22,69,12,4,8
S01012969,322,160,162,8,6,2,30,24,6,23,19,4,69,32,37,34,30,4,50,21,29,96,26,70,12,2,10
S01012970,309,163,146,8,5,3,27,19,8,31,28,3,84,43,41,22,19,3,42,24,18,83,19,64,12,6,6
S01012971,376,189,187,7,5,2,35,27,8,24,21,3,102,47,55,30,28,2,63,25,38,89,28,61,26,8,18
S01012972,364,187,177,13,7,6,34,24,10,30,29,1,98,42,56,38,35,3,35,14,21,98,27,71,18,9,9
S01012973,389,201,188,15,13,2,40,32,8,24,23,1,77,26,51,36,35,1,59,30,29,119,35,84,19,7,12
S01012974,403,210,193,12,10,2,43,34,9,30,26,4,78,31,47,44,36,8,51,26,25,126,41,85,19,6,13
S01012975,268,133,135,6,2,4,35,27,8,27,22,5,63,23,40,28,23,5,36,17,19,64,16,48,9,3,6
S01012976,238,123,115,3,2,1,24,17,7,15,14,1,63,30,33,22,18,4,31,17,14,66,20,46,14,5,9
S01012977,349,179,170,7,5,2,32,27,5,28,22,6,86,51,35,25,19,6,33,20,13,118,27,91,20,8,12
S01012978,372,185,187,10,5,5,32,25,7,34,27,7,85,46,39,31,27,4,38,18,20,116,32,84,26,5,21
S01012979,332,175,157,10,6,4,23,17,6,25,23,2,97,54,43,35,30,5,40,19,21,86,21,65,16,5,11
S01012980,329,162,167,6,4,2,44,38,6,16,14,2,90,44,46,21,14,7,50,15,35,91,30,61,11,3,8
S01012981,406,213,193,12,6,6,35,24,11,29,26,3,99,57,42,31,25,6,59,29,30,118,33,85,23,13,10
S01012982,421,201,220,8,5,3,53,40,13,28,23,5,104,55,49,24,17,7,58,23,35,129,34,95,17,4,13
S01012983,367,185,182,12,8,4,35,27,8,26,23,3,61,27,34,28,24,4,58,33,25,135,39,96,12,4,8
S01012984,342,171,171,4,3,1,42,29,13,30,27,3,73,32,41,32,28,4,43,11,32,106,34,72,12,7,5
S01012985,394,211,183,8,7,1,53,41,12,35,31,4,82,39,43,31,27,4,46,24,22,126,33,93,13,9,4
S01012986,369,193,176,8,5,3,34,29,5,31,26,5,86,39,47,34,27,7,50,28,22,117,38,79,9,1,8
S01012987,352,169,183,5,5,0,35,27,8,22,22,0,83,39,44,27,21,6,54,29,25,110,19,91,16,7,9
S01012988,388,199,189,10,7,3,51,39,12,22,21,1,80,32,48,35,32,3,36,18,18,140,46,94,14,4,10
S01012989,445,222,223,8,5,3,45,35,10,36,32,4,100,44,56,41,30,11,50,24,26,147,40,107,18,12,6
S01012990,279,132,147,7,6,1,29,22,7,17,16,1,61,21,40,24,18,6,34,16,18,88,25,63,19,8,11
S01012991,365,177,188,8,7,1,31,26,5,28,26,2,91,35,56,33,24,9,47,22,25,112,28,84,15,9,6
S01012992,358,177,181,8,6,2,30,26,4,18,14,4,98,48,50,23,19,4,36,18,18,132,41,91,13,5,8
S01012993,302,141,161,7,6,1,36,23,13,20,17,3,77,33,44,13,10,3,39,18,21,103,31,72,7,3,4
S01012994,417,227,190,10,7,3,42,37,5,22,19,3,106,54,52,31,28,3,79,44,35,113,33,80,14,5,9
S01012995,471,239,232,9,5,4,54,43,11,36,29,7,82,46,36,32,26,6,69,36,33,168,49,119,21,5,16
S01012996,388,191,197,10,9,1,49,36,13,33,29,4,95,48,47,22,14,8,46,21,25,115,31,84,18,3,15
S01012997,207,107,100,2,1,1,28,17,11,12,11,1,50,27,23,15,12,3,23,14,9,73,22,51,4,3,1
S01012998,561,277,284,14,11,3,77,51,26,44,38,6,115,62,53,49,31,18,84,41,43,160,39,121,18,4,14
S01012999,237,122,115,5,3,2,22,16,6,24,23,1,62,30,32,15,12,3,34,20,14,67,17,50,8,1,7
S01013000,313,158,155,6,5,1,49,38,11,27,26,1,67,29,38,25,18,7,39,18,21,86,19,67,14,5,9
S01013001,196,104,92,10,8,2,13,10,3,15,11,4,37,18,19,10,7,3,36,23,13,54,18,36,21,9,12
S01013002,252,144,108,28,24,4,16,14,2,19,16,3,43,19,24,17,10,7,49,27,22,56,21,35,24,13,11
S01013003,287,150,137,5,5,0,25,19,6,14,13,1,48,18,30,14,11,3,69,43,26,97,37,60,15,4,11
S01013004,322,162,160,7,6,1,15,14,1,23,21,2,52,25,27,24,18,6,58,35,23,134,39,95,9,4,5
S01013005,336,169,167,17,13,4,27,21,6,30,25,5,50,23,27,19,12,7,67,38,29,110,33,77,16,4,12
S01013006,307,169,138,4,4,0,19,11,8,20,15,5,43,23,20,23,15,8,69,47,22,97,39,58,32,15,17
S01013007,399,199,200,7,6,1,26,22,4,27,21,6,51,22,29,23,18,5,82,42,40,155,59,96,28,9,19
S01013008,339,177,162,7,7,0,18,11,7,35,29,6,59,32,27,21,13,8,61,42,19,124,36,88,14,7,7
S01013009,272,128,144,10,7,3,13,5,8,17,13,4,64,28,36,17,12,5,50,32,18,85,26,59,16,5,11
S01013010,312,164,148,22,18,4,30,21,9,24,21,3,73,27,46,29,22,7,46,29,17,81,24,57,7,2,5
S01013011,344,168,176,9,8,1,27,21,6,26,24,2,55,22,33,24,16,8,60,33,27,124,39,85,19,5,14
S01013012,305,143,162,11,9,2,11,8,3,27,24,3,66,23,43,19,14,5,45,30,15,102,26,76,24,9,15
S01013013,360,186,174,22,19,3,18,10,8,34,30,4,62,29,33,23,17,6,62,35,27,120,40,80,19,6,13
S01013014,336,178,158,31,27,4,19,11,8,38,35,3,72,31,41,17,13,4,43,23,20,99,32,67,17,6,11
S01013015,392,203,189,44,33,11,29,21,8,34,29,5,71,30,41,20,16,4,49,27,22,115,35,80,30,12,18
S01013016,324,170,154,45,36,9,21,13,8,16,13,3,41,16,25,28,19,9,64,39,25,95,28,67,14,6,8
S01013017,377,190,187,7,7,0,25,20,5,27,24,3,77,40,37,30,24,6,49,28,21,134,37,97,28,10,18
S01013018,468,238,230,31,24,7,36,25,11,36,27,9,82,42,40,28,18,10,89,56,33,141,34,107,25,12,13
S01013019,460,234,226,33,25,8,22,15,7,33,28,5,63,26,37,22,15,7,97,57,40,153,51,102,37,17,20
S01013020,238,115,123,3,3,0,11,9,2,27,25,2,49,22,27,16,13,3,49,25,24,74,16,58,9,2,7
S01013021,243,125,118,3,2,1,17,16,1,34,29,5,52,25,27,17,12,5,30,13,17,81,23,58,9,5,4
S01013022,210,102,108,7,6,1,15,10,5,18,14,4,45,15,30,16,13,3,36,19,17,68,24,44,5,1,4
S01013023,401,197,204,9,4,5,29,26,3,29,26,3,72,34,38,33,22,11,61,33,28,150,47,103,18,5,13
S01013024,241,124,117,8,7,1,24,21,3,19,18,1,36,21,15,7,6,1,37,19,18,99,26,73,11,6,5
S01013025,282,144,138,38,33,5,17,14,3,28,26,2,47,19,28,11,9,2,47,18,29,81,19,62,13,6,7
S01013026,506,254,252,22,16,6,34,31,3,65,55,10,88,44,44,39,30,9,65,23,42,178,49,129,15,6,9
S01013027,390,182,208,9,6,3,41,33,8,54,49,5,86,37,49,19,16,3,51,20,31,123,17,106,7,4,3
S01013028,266,154,112,40,33,7,28,20,8,30,24,6,41,20,21,12,11,1,45,23,22,61,18,43,9,5,4
S01013029,251,126,125,13,11,2,32,30,2,26,22,4,47,21,26,17,13,4,33,10,23,73,15,58,10,4,6
S01013030,273,140,133,7,7,0,27,24,3,44,43,1,60,24,36,16,12,4,23,8,15,87,17,70,9,5,4
S01013031,300,144,156,7,7,0,29,25,4,46,43,3,96,30,66,16,14,2,28,9,19,68,15,53,10,1,9
S01013032,461,241,220,15,14,1,48,44,4,49,45,4,102,48,54,31,26,5,80,25,55,118,31,87,18,8,10
S01013033,373,187,186,10,7,3,31,23,8,57,52,5,94,50,44,22,17,5,36,9,27,107,26,81,16,3,13
S01013034,335,159,176,12,10,2,29,20,9,43,40,3,89,31,58,24,17,7,37,20,17,88,19,69,13,2,11
S01013035,293,141,152,19,16,3,24,21,3,37,35,2,91,27,64,16,13,3,32,14,18,62,13,49,12,2,10
S01013036,344,166,178,16,16,0,26,19,7,47,45,2,97,40,57,22,16,6,39,16,23,76,7,69,21,7,14
S01013037,397,200,197,13,9,4,32,27,5,38,36,2,75,35,40,21,16,5,72,40,32,126,32,94,20,5,15
S01013038,460,232,228,8,6,2,44,33,11,37,33,4,99,42,57,33,27,6,65,37,28,151,46,105,23,8,15
S01013039,324,158,166,8,6,2,21,15,6,36,32,4,65,22,43,22,19,3,53,25,28,110,31,79,9,8,1
S01013040,287,150,137,4,4,0,25,19,6,40,37,3,62,24,38,20,18,2,44,21,23,79,20,59,13,7,6
S01013041,326,177,149,9,8,1,32,26,6,41,41,0,74,37,37,17,11,6,42,22,20,98,27,71,13,5,8
S01013042,448,218,230,16,11,5,37,26,11,62,54,8,100,42,58,24,16,8,58,19,39,133,45,88,18,5,13
S01013043,295,149,146,7,7,0,24,22,2,34,29,5,70,34,36,16,15,1,37,19,18,85,16,69,22,7,15
S01013044,362,186,176,10,10,0,28,22,6,42,40,2,101,41,60,26,24,2,34,16,18,111,28,83,10,5,5
S01013045,346,177,169,10,6,4,26,23,3,47,42,5,60,26,34,26,20,6,59,28,31,98,26,72,20,6,14
S01013046,234,111,123,5,4,1,14,12,2,28,25,3,54,19,35,16,10,6,33,12,21,66,19,47,18,10,8
S01013047,538,271,267,6,5,1,47,35,12,48,42,6,107,53,54,35,29,6,98,42,56,176,57,119,21,8,13
S01013048,510,266,244,13,11,2,30,24,6,37,32,5,123,61,62,45,37,8,84,37,47,150,54,96,28,10,18
S01013049,440,225,215,13,11,2,34,26,8,41,36,5,91,44,47,21,19,2,64,33,31,156,49,107,20,7,13
S01013050,328,161,167,5,4,1,24,20,4,27,24,3,90,44,46,27,23,4,37,18,19,99,19,80,19,9,10
S01013051,416,209,207,12,8,4,25,23,2,56,50,6,103,47,56,30,23,7,56,30,26,113,20,93,21,8,13
S01013052,320,150,170,3,2,1,24,23,1,39,37,2,91,30,61,19,16,3,42,17,25,92,21,71,10,4,6
S01013053,261,123,138,12,10,2,15,13,2,26,23,3,65,27,38,14,9,5,30,12,18,83,25,58,16,4,12
S01013054,332,167,165,11,8,3,36,29,7,35,30,5,66,30,36,23,14,9,44,17,27,109,33,76,8,6,2
S01013055,306,156,150,5,4,1,21,16,5,36,36,0,77,36,41,23,21,2,36,15,21,90,23,67,18,5,13
S01013056,421,202,219,20,16,4,19,16,3,39,38,1,125,55,70,27,23,4,39,20,19,127,29,98,25,5,20
S01013057,313,139,174,8,6,2,16,11,5,29,28,1,97,46,51,12,12,0,36,16,20,101,14,87,14,6,8
S01013058,338,168,170,11,6,5,32,24,8,31,27,4,49,26,23,20,14,6,63,36,27,120,32,88,12,3,9
S01013059,307,171,136,11,8,3,18,17,1,21,19,2,49,26,23,18,15,3,53,34,19,120,46,74,17,6,11
S01013060,236,130,106,8,7,1,14,9,5,11,11,0,39,18,21,10,9,1,44,27,17,95,39,56,15,10,5
S01013061,339,169,170,8,6,2,19,15,4,21,19,2,51,26,25,15,10,5,73,41,32,138,43,95,14,9,5
S01013062,374,201,173,7,7,0,35,31,4,18,18,0,45,22,23,22,14,8,65,44,21,155,55,100,27,10,17
S01013063,367,193,174,11,9,2,22,14,8,22,19,3,61,28,33,17,13,4,87,43,44,130,58,72,17,9,8
S01013064,379,194,185,7,6,1,25,22,3,44,41,3,105,41,64,27,21,6,47,19,28,102,35,67,22,9,13
S01013065,391,204,187,9,8,1,17,13,4,24,22,2,118,51,67,29,24,5,55,30,25,113,45,68,26,11,15
S01013066,365,185,180,10,9,1,21,15,6,28,27,1,97,47,50,18,14,4,55,30,25,116,33,83,20,10,10
S01013067,424,206,218,11,10,1,14,9,5,19,17,2,197,84,113,24,14,10,49,27,22,78,35,43,32,10,22
S01013068,338,161,177,4,4,0,16,15,1,16,16,0,117,49,68,16,13,3,43,18,25,100,31,69,26,15,11
S01013069,356,156,200,7,4,3,19,12,7,13,11,2,142,51,91,15,10,5,41,23,18,86,29,57,33,16,17
S01013070,264,130,134,2,2,0,12,10,2,18,17,1,97,41,56,10,6,4,36,17,19,59,24,35,30,13,17
S01013071,468,197,271,5,2,3,29,21,8,17,17,0,204,78,126,24,11,13,39,15,24,119,40,79,31,13,18
S01013072,204,99,105,8,8,0,11,7,4,34,34,0,60,21,39,5,5,0,24,8,16,51,14,37,11,2,9
S01013073,344,153,191,1,1,0,17,15,2,30,26,4,98,40,58,19,12,7,55,19,36,102,32,70,22,8,14
S01013074,248,120,128,3,3,0,13,10,3,45,43,2,74,29,45,15,10,5,40,11,29,43,9,34,15,5,10
S01013075,294,157,137,6,6,0,14,12,2,26,23,3,86,39,47,33,25,8,42,22,20,76,24,52,11,6,5
S01013076,321,168,153,14,10,4,22,19,3,30,22,8,103,52,51,16,7,9,34,16,18,81,28,53,21,14,7
S01013077,260,121,139,6,4,2,22,15,7,22,21,1,74,33,41,9,8,1,41,18,23,66,19,47,20,3,17
S01013078,221,110,111,4,3,1,13,11,2,25,24,1,74,34,40,12,8,4,28,11,17,53,14,39,12,5,7
S01013079,599,295,304,21,13,8,36,26,10,46,39,7,109,51,58,36,28,8,116,58,58,194,60,134,41,20,21
S01013080,407,215,192,8,8,0,32,25,7,22,20,2,85,50,35,20,13,7,83,45,38,123,36,87,34,18,16
S01013081,326,172,154,10,8,2,28,23,5,24,19,5,71,30,41,15,12,3,53,35,18,117,41,76,8,4,4
S01013082,434,220,214,9,8,1,41,32,9,35,33,2,71,28,43,20,16,4,86,36,50,148,57,91,24,10,14
S01013083,725,320,405,9,6,3,20,15,5,20,16,4,384,152,232,34,19,15,46,24,22,145,54,91,67,34,33
S01013084,352,191,161,7,7,0,23,19,4,33,31,2,62,34,28,19,13,6,47,24,23,137,50,87,24,13,11
S01013085,204,105,99,7,6,1,22,20,2,15,13,2,49,22,27,7,5,2,32,18,14,59,16,43,13,5,8
S01013086,444,227,217,7,3,4,41,27,14,20,18,2,96,50,46,19,17,2,78,45,33,146,52,94,37,15,22
S01013087,349,183,166,11,7,4,23,11,12,23,19,4,49,29,20,17,13,4,78,46,32,129,50,79,19,8,11
S01013088,425,238,187,22,17,5,43,35,8,24,22,2,61,34,27,25,19,6,97,60,37,132,42,90,21,9,12
S01013089,338,180,158,5,5,0,27,24,3,33,27,6,81,39,42,12,12,0,42,20,22,119,47,72,19,6,13
S01013090,426,222,204,5,1,4,25,20,5,20,18,2,90,50,40,24,18,6,76,36,40,145,57,88,41,22,19
S01013091,285,149,136,9,6,3,12,8,4,20,20,0,92,41,51,10,10,0,45,27,18,81,30,51,16,7,9
S01013092,441,220,221,4,3,1,26,20,6,30,26,4,87,42,45,34,28,6,74,32,42,161,57,104,25,12,13
S01013093,229,130,99,14,11,3,17,12,5,20,16,4,36,18,18,12,12,0,38,22,16,82,36,46,10,3,7
S01013094,274,142,132,8,6,2,18,14,4,8,6,2,50,29,21,21,16,5,50,35,15,102,28,74,17,8,9
S01013095,415,232,183,18,15,3,30,27,3,18,17,1,61,33,28,29,25,4,96,63,33,156,48,108,7,4,3
S01013096,240,115,125,2,2,0,15,15,0,18,17,1,47,22,25,9,7,2,31,12,19,106,35,71,12,5,7
S01013097,342,175,167,25,20,5,22,16,6,16,14,2,49,22,27,24,15,9,61,35,26,125,45,80,20,8,12
S01013098,323,178,145,10,9,1,30,25,5,20,16,4,45,20,25,23,18,5,90,57,33,97,26,71,8,7,1
S01013099,419,212,207,11,7,4,19,13,6,16,16,0,81,44,37,25,22,3,53,34,19,165,54,111,49,22,27
S01013100,235,133,102,8,7,1,26,23,3,12,10,2,25,15,10,13,11,2,53,32,21,85,30,55,13,5,8
S01013101,427,206,221,11,9,2,15,14,1,36,32,4,88,44,44,31,26,5,79,42,37,136,28,108,31,11,20
S01013102,255,128,127,11,10,1,17,15,2,12,9,3,46,23,23,13,12,1,36,19,17,106,34,72,14,6,8
S01013103,432,212,220,9,7,2,24,21,3,30,28,2,84,45,39,23,16,7,71,40,31,169,48,121,22,7,15
S01013104,474,244,230,6,5,1,22,21,1,41,37,4,89,38,51,28,21,7,88,49,39,177,62,115,23,11,12
S01013105,418,220,198,11,8,3,22,17,5,25,20,5,71,39,32,34,23,11,96,57,39,134,50,84,25,6,19
S01013106,406,217,189,11,9,2,15,14,1,57,55,2,94,40,54,20,14,6,48,25,23,137,48,89,24,12,12
S01013107,337,177,160,20,19,1,13,10,3,37,29,8,53,24,29,24,17,7,75,40,35,99,30,69,16,8,8
S01013108,256,131,125,16,11,5,18,15,3,24,24,0,55,24,31,12,8,4,44,25,19,75,20,55,12,4,8
S01013109,572,308,264,64,51,13,36,28,8,47,40,7,93,43,50,40,30,10,73,40,33,187,59,128,32,17,15
S01013110,299,176,123,40,34,6,11,10,1,27,24,3,68,31,37,17,14,3,44,29,15,76,25,51,16,9,7
S01013111,225,113,112,16,14,2,10,7,3,12,10,2,43,22,21,12,4,8,37,21,16,70,22,48,25,13,12
S01013112,310,162,148,17,14,3,20,17,3,37,32,5,66,31,35,16,12,4,46,22,24,92,28,64,16,6,10
S01013113,348,168,180,23,19,4,15,9,6,39,35,4,112,44,68,19,18,1,33,19,14,89,15,74,18,9,9
S01013114,417,225,192,31,24,7,21,16,5,26,26,0,121,57,64,25,19,6,53,35,18,116,31,85,24,17,7
S01013115,306,159,147,12,9,3,14,10,4,33,30,3,108,54,54,14,10,4,28,10,18,80,29,51,17,7,10
S01013116,339,175,164,15,14,1,22,17,5,24,22,2,78,44,34,23,16,7,57,25,32,105,32,73,15,5,10
S01013117,358,191,167,18,15,3,14,12,2,32,29,3,122,56,66,21,13,8,43,22,21,79,29,50,29,15,14
S01013118,313,169,144,15,14,1,11,8,3,18,15,3,122,58,64,19,16,3,40,23,17,76,30,46,12,5,7
S01013119,393,201,192,33,31,2,16,10,6,30,26,4,145,62,83,23,16,7,51,27,24,75,21,54,20,8,12
S01013120,531,280,251,46,35,11,14,9,5,58,50,8,174,81,93,27,23,4,63,34,29,117,38,79,32,10,22
S01013121,226,115,111,10,8,2,5,3,2,14,11,3,128,57,71,8,6,2,21,14,7,36,14,22,4,2,2
S01013122,218,107,111,4,4,0,21,15,6,14,13,1,60,24,36,30,21,9,30,13,17,47,12,35,12,5,7
S01013123,331,149,182,9,6,3,36,31,5,25,21,4,60,28,32,25,12,13,51,22,29,112,24,88,13,5,8
S01013124,332,155,177,6,4,2,27,22,5,24,24,0,56,27,29,27,17,10,39,17,22,143,39,104,10,5,5
S01013125,321,166,155,8,5,3,23,19,4,30,29,1,57,29,28,20,19,1,47,21,26,117,28,89,19,16,3
S01013126,264,121,143,7,6,1,21,15,6,19,18,1,67,26,41,18,17,1,44,14,30,73,20,53,15,5,10
S01013127,270,122,148,4,2,2,31,23,8,16,13,3,69,34,35,21,14,7,27,11,16,90,19,71,12,6,6
S01013128,321,144,177,8,5,3,24,13,11,18,16,2,63,37,26,26,17,9,56,19,37,107,25,82,19,12,7
S01013129,514,259,255,9,8,1,44,34,10,40,37,3,117,51,66,31,24,7,87,48,39,162,48,114,24,9,15
S01013130,269,117,152,4,4,0,24,16,8,17,14,3,60,25,35,25,17,8,34,16,18,91,21,70,14,4,10
S01013131,304,135,169,1,1,0,24,18,6,25,21,4,86,40,46,23,16,7,43,14,29,88,22,66,14,3,11
S01013132,239,107,132,3,2,1,20,16,4,16,15,1,60,19,41,14,13,1,37,17,20,75,20,55,14,5,9
S01013133,329,160,169,5,3,2,32,19,13,24,22,2,66,35,31,24,18,6,48,18,30,110,37,73,20,8,12
S01013134,382,195,187,6,6,0,22,18,4,32,28,4,87,47,40,22,20,2,51,26,25,144,42,102,18,8,10
S01013135,289,122,167,3,3,0,17,10,7,24,21,3,73,28,45,24,18,6,43,16,27,93,20,73,12,6,6
S01013136,389,215,174,5,4,1,43,37,6,35,34,1,110,53,57,23,20,3,46,29,17,112,30,82,15,8,7
S01013137,303,152,151,6,5,1,32,23,9,32,29,3,66,34,32,20,15,5,44,17,27,90,23,67,13,6,7
S01013138,250,114,136,1,1,0,12,10,2,21,20,1,72,31,41,22,16,6,35,17,18,76,15,61,11,4,7
S01013139,300,137,163,8,7,1,21,14,7,27,24,3,61,28,33,27,15,12,40,18,22,104,28,76,12,3,9
S01013140,300,137,163,4,4,0,13,12,1,23,21,2,69,24,45,29,16,13,35,21,14,110,36,74,17,3,14
S01013141,249,119,130,3,3,0,11,8,3,36,32,4,63,28,35,17,13,4,40,18,22,74,15,59,5,2,3
S01013142,256,110,146,5,3,2,10,7,3,22,21,1,74,25,49,24,16,8,35,20,15,72,12,60,14,6,8
S01013143,384,181,203,3,3,0,30,25,5,36,32,4,71,33,38,21,18,3,64,32,32,132,26,106,27,12,15
S01013144,377,188,189,2,2,0,32,23,9,40,40,0,71,31,40,31,20,11,43,24,19,142,42,100,16,6,10
S01013145,297,152,145,6,5,1,29,26,3,24,22,2,68,31,37,18,9,9,44,23,21,94,31,63,14,5,9
S01013146,190,93,97,9,6,3,9,5,4,30,28,2,30,11,19,8,7,1,30,13,17,69,21,48,5,2,3
S01013147,337,176,161,7,5,2,15,14,1,38,34,4,58,24,34,30,29,1,42,25,17,130,37,93,17,8,9
S01013148,384,179,205,7,6,1,37,30,7,30,27,3,63,30,33,37,25,12,51,26,25,143,30,113,16,5,11
S01013149,414,201,213,7,6,1,48,31,17,33,27,6,64,31,33,31,21,10,53,19,34,160,55,105,18,11,7
S01013150,377,177,200,4,4,0,34,25,9,29,27,2,75,35,40,26,19,7,50,22,28,147,40,107,12,5,7
S01013151,299,152,147,9,5,4,27,21,6,24,24,0,55,31,24,19,15,4,58,27,31,96,27,69,11,2,9
S01013152,424,214,210,5,4,1,38,29,9,52,48,4,80,30,50,26,19,7,57,29,28,144,43,101,22,12,10
S01013153,311,156,155,9,8,1,23,17,6,26,24,2,80,34,46,21,19,2,41,16,25,92,31,61,19,7,12
S01013154,428,193,235,16,10,6,35,26,9,31,30,1,108,40,68,25,16,9,65,30,35,125,31,94,23,10,13
S01013155,362,166,196,2,1,1,24,14,10,21,19,2,92,43,49,26,19,7,59,27,32,113,28,85,25,15,10
S01013156,336,159,177,6,3,3,24,18,6,21,20,1,90,36,54,26,21,5,48,29,19,100,23,77,21,9,12
S01013157,372,173,199,6,6,0,31,24,7,28,26,2,90,47,43,21,17,4,50,21,29,123,23,100,23,9,14
S01013158,293,152,141,8,6,2,25,22,3,24,23,1,49,23,26,21,15,6,42,20,22,107,36,71,17,7,10
S01013159,367,192,175,5,3,2,34,30,4,32,30,2,74,33,41,37,32,5,57,24,33,109,32,77,19,8,11
S01013160,396,191,205,5,5,0,38,30,8,42,36,6,74,39,35,23,16,7,54,26,28,145,34,111,15,5,10
S01013161,506,260,246,8,7,1,42,32,10,56,52,4,95,50,45,44,33,11,69,27,42,156,48,108,36,11,25
S01013162,339,170,169,5,5,0,27,18,9,41,37,4,53,27,26,24,20,4,52,17,35,119,40,79,18,6,12
S01013163,401,208,193,6,5,1,44,38,6,38,36,2,70,36,34,19,14,5,63,32,31,149,40,109,12,7,5
S01013164,448,243,205,17,13,4,39,33,6,45,40,5,76,39,37,40,34,6,58,25,33,150,48,102,23,11,12
S01013165,405,201,204,7,7,0,28,24,4,42,41,1,75,42,33,30,25,5,62,26,36,135,24,111,26,12,14
S01013166,246,134,112,2,2,0,22,18,4,23,21,2,71,41,30,14,7,7,34,20,14,67,20,47,13,5,8
S01013167,253,134,119,4,4,0,29,24,5,29,29,0,56,29,27,15,11,4,39,19,20,69,15,54,12,3,9
S01013168,344,172,172,3,3,0,31,24,7,26,25,1,88,36,52,26,19,7,50,25,25,102,32,70,18,8,10
S01013169,321,166,155,3,3,0,25,22,3,29,26,3,65,33,32,24,22,2,47,23,24,113,33,80,15,4,11
S01013170,199,109,90,5,3,2,16,15,1,21,19,2,44,25,19,15,13,2,21,9,12,61,19,42,16,6,10
S01013171,334,160,174,10,8,2,32,25,7,26,21,5,58,17,41,23,18,5,52,26,26,119,39,80,14,6,8
S01013172,348,157,191,8,7,1,32,23,9,22,18,4,61,25,36,34,21,13,59,21,38,114,31,83,18,11,7
S01013173,436,214,222,5,5,0,49,40,9,35,26,9,61,23,38,47,34,13,73,33,40,149,43,106,17,10,7
S01013174,458,233,225,11,10,1,40,35,5,38,35,3,60,27,33,33,31,2,72,39,33,189,51,138,15,5,10
S01013175,452,221,231,8,7,1,37,25,12,28,26,2,86,47,39,33,21,12,70,34,36,168,48,120,22,13,9
S01013176,371,183,188,11,10,1,31,26,5,29,25,4,55,23,32,24,18,6,73,34,39,126,34,92,22,13,9
S01013177,336,176,160,11,9,2,22,18,4,29,28,1,49,23,26,38,28,10,60,33,27,117,33,84,10,4,6
S01013178,380,184,196,11,10,1,34,30,4,25,24,1,45,21,24,26,18,8,70,30,40,151,46,105,18,5,13
S01013179,409,204,205,11,11,0,37,28,9,32,30,2,87,38,49,30,22,8,57,28,29,136,37,99,19,10,9
S01013180,253,125,128,5,4,1,24,19,5,17,15,2,53,29,24,15,12,3,33,15,18,95,26,69,11,5,6
S01013181,363,180,183,4,4,0,43,29,14,36,30,6,48,20,28,31,23,8,46,24,22,139,45,94,16,5,11
S01013182,310,163,147,5,5,0,30,22,8,27,26,1,61,27,34,26,22,4,27,16,11,118,37,81,16,8,8
S01013183,458,249,209,13,12,1,41,36,5,38,34,4,79,43,36,31,25,6,48,22,26,193,71,122,15,6,9
S01013184,213,101,112,4,4,0,16,12,4,17,14,3,45,18,27,8,8,0,31,17,14,79,23,56,13,5,8
S01013185,323,151,172,10,9,1,22,15,7,20,20,0,67,22,45,30,25,5,43,21,22,111,30,81,20,9,11
S01013186,293,139,154,3,3,0,40,25,15,23,20,3,74,29,45,22,18,4,34,17,17,81,18,63,16,9,7
S01013187,352,168,184,8,6,2,38,22,16,19,17,2,84,42,42,23,16,7,36,17,19,127,44,83,17,4,13
S01013188,469,235,234,9,9,0,39,31,8,40,36,4,80,33,47,30,22,8,68,33,35,184,61,123,19,10,9
S01013189,318,160,158,14,13,1,27,17,10,20,19,1,74,37,37,7,7,0,38,19,19,122,40,82,16,8,8
S01013190,378,189,189,7,4,3,32,25,7,33,32,1,62,30,32,29,21,8,57,26,31,139,44,95,19,7,12
S01013191,587,298,289,16,13,3,66,48,18,48,45,3,86,42,44,45,36,9,79,39,40,226,70,156,21,5,16
S01013192,447,219,228,8,3,5,32,23,9,37,32,5,73,34,39,24,18,6,65,39,26,192,64,128,16,6,10
S01013193,362,184,178,7,6,1,34,28,6,25,22,3,44,21,23,22,18,4,62,37,25,147,43,104,21,9,12
S01013194,328,177,151,5,5,0,35,27,8,25,23,2,63,29,34,20,18,2,43,27,16,114,37,77,23,11,12
S01013195,525,280,245,13,9,4,50,39,11,32,29,3,104,43,61,52,40,12,89,50,39,156,60,96,29,10,19
S01013196,389,210,179,4,2,2,44,30,14,26,24,2,60,36,24,35,31,4,49,27,22,147,50,97,24,10,14
S01013197,255,134,121,1,0,1,30,26,4,14,13,1,45,21,24,18,16,2,32,18,14,100,32,68,15,8,7
S01013198,340,170,170,4,4,0,31,19,12,36,31,5,57,28,29,30,23,7,49,23,26,118,35,83,15,7,8
S01013199,403,204,199,4,3,1,37,26,11,35,35,0,57,32,25,24,17,7,62,30,32,163,54,109,21,7,14
S01013200,306,151,155,4,4,0,23,15,8,17,16,1,54,25,29,16,10,6,50,29,21,130,48,82,12,4,8
S01013201,262,134,128,4,4,0,16,14,2,20,20,0,59,22,37,17,16,1,31,17,14,103,33,70,12,8,4
S01013202,205,103,102,3,2,1,12,9,3,13,13,0,50,22,28,11,11,0,25,16,9,77,26,51,14,4,10
S01013203,299,155,144,9,9,0,19,17,2,24,23,1,65,34,31,17,16,1,35,19,16,110,29,81,20,8,12
S01013204,422,209,213,8,7,1,25,17,8,38,36,2,64,28,36,41,31,10,49,24,25,179,59,120,18,7,11
S01013205,216,109,107,8,8,0,25,15,10,14,14,0,47,24,23,20,14,6,16,8,8,75,23,52,11,3,8
S01013206,255,133,122,2,2,0,15,10,5,20,18,2,58,29,29,25,22,3,27,11,16,90,31,59,18,10,8
S01013207,350,160,190,14,12,2,32,20,12,22,20,2,78,25,53,27,21,6,42,15,27,112,34,78,23,13,10
S01013208,389,193,196,14,12,2,29,21,8,39,36,3,92,35,57,25,19,6,41,20,21,134,45,89,15,5,10
S01013209,384,188,196,5,3,2,36,21,15,31,30,1,75,36,39,24,20,4,48,23,25,137,39,98,28,16,12
S01013210,317,165,152,5,3,2,37,28,9,27,26,1,53,25,28,16,15,1,47,20,27,112,38,74,20,10,10
S01013211,461,224,237,8,7,1,56,33,23,34,31,3,103,42,61,31,25,6,46,26,20,152,49,103,31,11,20
S01013212,380,201,179,11,10,1,32,28,4,32,30,2,67,34,33,29,25,4,52,28,24,147,42,105,10,4,6
S01013213,338,169,169,8,6,2,30,22,8,33,31,2,60,31,29,22,18,4,42,15,27,134,42,92,9,4,5
S01013214,273,143,130,4,4,0,22,15,7,23,21,2,52,28,24,25,17,8,32,15,17,106,40,66,9,3,6
S01013215,439,222,217,15,9,6,40,35,5,22,22,0,97,48,49,28,24,4,50,30,20,166,45,121,21,9,12
S01013216,265,132,133,5,5,0,19,11,8,26,24,2,71,32,39,18,16,2,30,14,16,80,23,57,16,7,9
S01013217,333,164,169,11,5,6,34,21,13,18,18,0,69,26,43,31,27,4,43,22,21,111,41,70,16,4,12
S01013218,239,113,126,7,7,0,19,10,9,10,10,0,70,30,40,22,17,5,28,15,13,69,19,50,14,5,9
S01013219,230,111,119,6,4,2,18,14,4,12,11,1,68,20,48,20,17,3,30,18,12,67,22,45,9,5,4
S01013220,248,129,119,8,7,1,27,22,5,23,23,0,57,20,37,14,12,2,32,19,13,76,20,56,11,6,5
S01013221,395,193,202,9,7,2,41,33,8,30,27,3,78,29,49,29,23,6,58,28,30,125,39,86,25,7,18
S01013222,216,99,117,1,1,0,13,11,2,25,20,5,52,18,34,16,11,5,26,9,17,68,25,43,15,4,11
S01013223,443,226,217,10,8,2,41,29,12,28,25,3,103,49,54,33,27,6,63,28,35,148,52,96,17,8,9
S01013224,415,204,211,12,11,1,40,23,17,32,30,2,86,40,46,25,20,5,58,31,27,134,38,96,28,11,17
S01013225,328,159,169,10,9,1,19,13,6,28,25,3,75,25,50,18,14,4,36,24,12,117,40,77,25,9,16
S01013226,287,138,149,10,9,1,26,19,7,16,14,2,47,16,31,25,19,6,47,28,19,104,29,75,12,4,8
S01013227,258,131,127,9,9,0,19,11,8,21,21,0,65,32,33,18,10,8,25,13,12,89,32,57,12,3,9
S01013228,357,186,171,5,5,0,30,23,7,24,24,0,66,33,33,27,22,5,57,29,28,125,40,85,23,10,13
S01013229,337,159,178,6,5,1,29,20,9,21,21,0,75,25,50,21,16,5,37,22,15,129,39,90,19,11,8
S01013230,282,143,139,4,3,1,27,18,9,25,25,0,53,26,27,17,14,3,34,20,14,118,37,81,4,0,4
S01013231,350,163,187,5,5,0,32,25,7,18,14,4,71,34,37,23,17,6,52,24,28,134,41,93,15,3,12
S01013232,295,151,144,8,8,0,29,21,8,25,23,2,56,26,30,16,13,3,45,18,27,102,35,67,14,7,7
S01013233,292,162,130,5,3,2,19,12,7,18,16,2,68,35,33,28,25,3,28,16,12,114,48,66,12,7,5
S01013234,235,123,112,2,1,1,14,11,3,18,15,3,53,27,26,15,10,5,33,20,13,91,34,57,9,5,4
S01013235,396,219,177,11,9,2,52,39,13,27,26,1,66,31,35,25,23,2,63,37,26,130,45,85,22,9,13
S01013236,396,202,194,15,14,1,30,21,9,29,27,2,87,38,49,25,20,5,43,21,22,133,50,83,34,11,23
S01013237,429,235,194,11,9,2,41,28,13,35,34,1,80,40,40,21,17,4,69,39,30,148,57,91,24,11,13
S01013238,258,126,132,2,2,0,26,18,8,19,18,1,78,37,41,11,9,2,26,10,16,88,28,60,8,4,4
S01013239,336,170,166,10,9,1,25,19,6,17,16,1,77,32,45,22,18,4,46,21,25,120,41,79,19,14,5
S01013240,204,101,103,4,4,0,7,6,1,7,7,0,70,27,43,17,14,3,30,19,11,63,22,41,6,2,4
S01013241,455,243,212,15,14,1,34,26,8,32,30,2,75,39,36,28,24,4,56,26,30,191,73,118,24,11,13
S01013242,299,158,141,20,18,2,16,13,3,28,23,5,75,33,42,19,11,8,43,28,15,86,29,57,12,3,9
S01013243,329,165,164,11,11,0,51,29,22,30,26,4,69,34,35,26,20,6,45,22,23,81,19,62,16,4,12
S01013244,284,147,137,4,4,0,34,25,9,29,26,3,49,21,28,42,24,18,20,12,8,91,32,59,15,3,12
S01013245,505,261,244,11,9,2,73,50,23,46,43,3,100,41,59,54,34,20,75,42,33,128,35,93,18,7,11
S01013246,240,127,113,5,4,1,54,38,16,27,24,3,40,15,25,17,10,7,38,22,16,53,13,40,6,1,5
S01013247,318,154,164,8,6,2,47,26,21,38,34,4,70,31,39,31,15,16,27,13,14,81,20,61,16,9,7
S01013248,265,129,136,2,2,0,50,30,20,27,26,1,66,29,37,19,13,6,33,16,17,58,10,48,10,3,7
S01013249,225,113,112,4,3,1,39,27,12,19,16,3,32,12,20,32,21,11,32,16,16,58,16,42,9,2,7
S01013250,471,252,219,42,34,8,44,29,15,36,32,4,77,37,40,47,33,14,73,40,33,123,34,89,29,13,16
S01013251,291,162,129,6,6,0,41,25,16,39,38,1,55,26,29,30,22,8,44,27,17,68,15,53,8,3,5
S01013252,314,170,144,6,5,1,41,31,10,31,30,1,81,36,45,31,23,8,45,19,26,67,22,45,12,4,8
S01013253,342,187,155,10,9,1,49,37,12,34,30,4,78,46,32,31,20,11,43,22,21,82,18,64,15,5,10
S01013254,263,139,124,4,4,0,40,32,8,28,27,1,67,29,38,32,19,13,30,16,14,50,11,39,12,1,11
S01013255,453,253,200,13,12,1,62,46,16,56,55,1,106,53,53,46,28,18,55,26,29,97,31,66,18,2,16
S01013256,349,177,172,3,3,0,41,29,12,28,23,5,59,26,33,40,26,14,69,30,39,93,33,60,16,7,9
S01013257,362,189,173,7,7,0,37,23,14,41,36,5,79,42,37,29,21,8,48,18,30,102,32,70,19,10,9
S01013258,391,208,183,7,6,1,45,34,11,31,28,3,73,30,43,40,24,16,61,38,23,117,38,79,17,10,7
S01013259,398,204,194,5,4,1,40,29,11,34,32,2,80,32,48,48,36,12,56,26,30,109,35,74,26,10,16
S01013260,385,187,198,9,8,1,55,32,23,41,35,6,79,34,45,38,24,14,57,28,29,91,23,68,15,3,12
S01013261,355,186,169,5,3,2,60,41,19,40,33,7,84,44,40,29,18,11,41,22,19,82,20,62,14,5,9
S01013262,289,145,144,6,6,0,41,23,18,33,27,6,72,37,35,29,21,8,37,17,20,62,10,52,9,4,5
S01013263,283,159,124,5,5,0,29,21,8,22,17,5,41,25,16,17,15,2,76,54,22,77,17,60,16,5,11
S01013264,292,152,140,5,3,2,28,23,5,19,14,5,55,27,28,23,19,4,66,36,30,87,27,60,9,3,6
S01013265,381,200,181,9,7,2,28,17,11,31,24,7,70,35,35,40,30,10,105,57,48,86,24,62,12,6,6
S01013266,333,168,165,5,3,2,45,28,17,16,13,3,56,25,31,42,27,15,71,41,30,89,27,62,9,4,5
S01013267,245,115,130,6,4,2,32,19,13,7,7,0,64,24,40,20,11,9,41,26,15,59,16,43,16,8,8
S01013268,423,214,209,9,7,2,39,27,12,34,33,1,89,44,45,49,30,19,76,36,40,110,30,80,17,7,10
S01013269,570,297,273,11,8,3,47,33,14,37,28,9,112,57,55,88,60,28,101,49,52,156,53,103,18,9,9
S01013270,468,234,234,9,6,3,48,35,13,44,36,8,63,25,38,50,35,15,118,62,56,126,30,96,10,5,5
S01013271,293,163,130,6,5,1,26,18,8,15,11,4,34,24,10,28,22,6,82,55,27,88,25,63,14,3,11
S01013272,421,224,197,1,0,1,47,33,14,22,20,2,71,37,34,37,29,8,110,64,46,118,34,84,15,7,8
S01013273,536,288,248,7,6,1,49,36,13,27,24,3,110,61,49,50,37,13,140,87,53,134,34,100,19,3,16
S01013274,449,249,200,9,8,1,35,24,11,33,29,4,90,61,29,58,41,17,82,43,39,129,36,93,13,7,6
S01013275,369,195,174,2,1,1,38,28,10,23,18,5,99,53,46,37,30,7,67,39,28,97,24,73,6,2,4
S01013276,378,203,175,6,4,2,34,27,7,36,34,2,84,42,42,34,28,6,77,33,44,97,32,65,10,3,7
S01013277,451,228,223,9,8,1,47,30,17,41,37,4,124,62,62,49,34,15,59,25,34,105,24,81,17,8,9
S01013278,352,169,183,3,3,0,47,33,14,23,18,5,104,32,72,40,31,9,48,21,27,76,26,50,11,5,6
S01013279,311,148,163,2,2,0,36,24,12,19,15,4,88,37,51,42,30,12,48,20,28,65,14,51,11,6,5
S01013280,272,144,128,7,7,0,28,22,6,17,16,1,64,27,37,35,25,10,42,22,20,70,20,50,9,5,4
S01013281,417,205,212,8,7,1,55,31,24,22,21,1,104,48,56,42,31,11,73,34,39,104,31,73,9,2,7
S01013282,384,181,203,10,7,3,34,20,14,24,23,1,111,47,64,47,31,16,42,21,21,97,27,70,19,5,14
S01013283,386,220,166,12,9,3,41,24,17,19,19,0,106,53,53,73,62,11,61,24,37,65,26,39,9,3,6
S01013284,419,208,211,7,7,0,31,19,12,20,19,1,70,37,33,55,39,16,82,39,43,140,42,98,14,6,8
S01013285,395,190,205,8,4,4,31,22,9,22,18,4,83,41,42,52,34,18,74,29,45,117,39,78,8,3,5
S01013286,408,204,204,7,6,1,38,26,12,33,33,0,77,42,35,40,24,16,66,31,35,132,38,94,15,4,11
S01013287,492,261,231,9,7,2,41,30,11,23,20,3,85,48,37,56,45,11,109,56,53,156,50,106,13,5,8
S01013288,309,157,152,7,6,1,26,19,7,20,15,5,68,34,34,32,24,8,56,32,24,91,24,67,9,3,6
S01013289,395,202,193,25,21,4,19,17,2,39,30,9,55,31,24,29,20,9,82,40,42,124,33,91,22,10,12
S01013290,491,244,247,11,11,0,30,19,11,26,24,2,97,49,48,34,26,8,95,46,49,168,55,113,30,14,16
S01013291,419,218,201,10,8,2,23,19,4,25,22,3,80,41,39,42,31,11,112,57,55,112,36,76,15,4,11
S01013292,438,229,209,4,3,1,38,31,7,24,23,1,103,53,50,54,44,10,74,34,40,120,34,86,21,7,14
S01013293,411,208,203,7,5,2,20,18,2,38,33,5,78,41,37,38,31,7,88,39,49,129,36,93,13,5,8
S01013294,418,210,208,10,5,5,34,26,8,23,20,3,85,45,40,42,24,18,70,41,29,134,38,96,20,11,9
S01013295,460,223,237,8,7,1,35,21,14,34,32,2,101,52,49,46,30,16,98,46,52,116,28,88,22,7,15
S01013296,318,158,160,13,11,2,26,18,8,27,25,2,73,30,43,35,25,10,49,26,23,82,21,61,13,2,11
S01013297,348,177,171,13,10,3,28,21,7,26,24,2,71,34,37,43,29,14,60,27,33,90,24,66,17,8,9
S01013298,323,171,152,8,6,2,25,15,10,27,27,0,69,40,29,36,24,12,59,27,32,80,25,55,19,7,12
S01013299,520,243,277,10,8,2,50,24,26,38,33,5,116,57,59,65,44,21,69,26,43,144,42,102,28,9,19
S01013300,269,149,120,9,9,0,34,25,9,27,23,4,64,30,34,34,22,12,36,21,15,57,17,40,8,2,6
S01013301,235,121,114,5,4,1,29,21,8,20,19,1,56,27,29,22,17,5,33,14,19,51,10,41,19,9,10
S01013302,333,181,152,6,4,2,39,23,16,34,26,8,63,37,26,39,22,17,53,27,26,79,34,45,20,8,12
S01013303,428,225,203,6,5,1,50,36,14,25,20,5,96,55,41,59,40,19,60,30,30,115,34,81,17,5,12
S01013304,434,233,201,10,9,1,74,53,21,30,26,4,117,57,60,48,38,10,52,25,27,87,18,69,16,7,9
S01013305,474,247,227,7,5,2,97,69,28,26,22,4,131,67,64,54,38,16,55,21,34,92,20,72,12,5,7
S01013306,377,207,170,7,7,0,44,30,14,26,23,3,109,56,53,52,37,15,57,33,24,69,17,52,13,4,9
S01013307,460,245,215,7,7,0,87,52,35,21,20,1,105,58,47,62,45,17,86,36,50,79,22,57,13,5,8
S01013308,367,169,198,9,7,2,37,23,14,24,21,3,110,40,70,57,38,19,51,19,32,70,16,54,9,5,4
S01013309,349,191,158,7,5,2,34,24,10,15,13,2,72,36,36,40,27,13,65,32,33,104,47,57,12,7,5
S01013310,317,164,153,7,6,1,43,30,13,26,24,2,80,33,47,26,18,8,41,18,23,79,27,52,15,8,7
S01013311,372,187,185,8,8,0,44,31,13,18,16,2,108,50,58,39,23,16,52,29,23,89,25,64,14,5,9
S01013312,471,259,212,7,6,1,63,40,23,39,34,5,112,60,52,44,32,12,75,34,41,118,48,70,13,5,8
S01013313,307,152,155,5,5,0,59,38,21,22,20,2,64,23,41,34,26,8,35,14,21,74,22,52,14,4,10
S01013314,307,148,159,4,2,2,33,24,9,22,20,2,85,35,50,42,22,20,56,24,32,60,20,40,5,1,4
S01013315,309,163,146,11,10,1,30,15,15,22,16,6,50,30,20,37,29,8,68,36,32,81,23,58,10,4,6
S01013316,319,161,158,3,2,1,27,23,4,30,21,9,54,29,25,37,24,13,52,19,33,98,37,61,18,6,12
S01013317,298,162,136,3,3,0,33,27,6,16,13,3,58,30,28,32,22,10,54,32,22,89,28,61,13,7,6
S01013318,356,184,172,5,4,1,38,27,11,24,21,3,64,30,34,53,37,16,77,36,41,85,25,60,10,4,6
S01013319,310,164,146,8,7,1,34,23,11,14,12,2,55,35,20,35,24,11,66,30,36,89,30,59,9,3,6
S01013320,604,309,295,8,7,1,65,44,21,35,27,8,105,55,50,72,53,19,135,66,69,167,51,116,17,6,11
S01013321,203,104,99,7,5,2,19,12,7,8,8,0,54,31,23,21,16,5,35,17,18,53,13,40,6,2,4
S01013322,388,194,194,4,3,1,36,27,9,14,13,1,93,53,40,63,39,24,54,25,29,115,31,84,9,3,6
S01013323,457,229,228,6,3,3,63,47,16,30,24,6,118,58,60,56,38,18,60,23,37,110,31,79,14,5,9
S01013324,280,150,130,5,5,0,37,27,10,21,18,3,78,42,36,28,17,11,36,20,16,63,18,45,12,3,9
S01013325,344,150,194,7,5,2,41,23,18,27,21,6,78,29,49,58,29,29,47,25,22,76,17,59,10,1,9
S01013326,240,120,120,2,2,0,31,21,10,14,11,3,58,27,31,51,32,19,29,12,17,47,12,35,8,3,5
S01013327,329,160,169,2,1,1,26,20,6,21,18,3,108,51,57,50,35,15,34,19,15,75,11,64,13,5,8
S01013328,287,149,138,8,7,1,27,18,9,19,17,2,84,40,44,38,24,14,37,21,16,68,19,49,6,3,3
S01013329,243,120,123,0,0,0,30,25,5,11,8,3,62,29,33,36,27,9,34,14,20,60,13,47,10,4,6
S01013330,664,359,305,8,6,2,61,45,16,49,39,10,148,79,69,91,62,29,126,60,66,161,60,101,20,8,12
S01013331,374,202,172,9,6,3,35,22,13,16,14,2,92,46,46,54,39,15,75,47,28,80,25,55,13,3,10
S01013332,328,163,165,5,5,0,39,29,10,22,21,1,89,37,52,43,29,14,33,13,20,87,27,60,10,2,8
S01013333,445,245,200,12,8,4,39,33,6,26,23,3,95,53,42,75,49,26,77,40,37,104,32,72,17,7,10
S01013334,350,176,174,9,7,2,42,31,11,26,23,3,70,32,38,43,32,11,45,18,27,100,29,71,15,4,11
S01013335,318,167,151,6,6,0,31,22,9,26,23,3,94,47,47,46,28,18,33,17,16,71,22,49,11,2,9
S01013336,372,183,189,8,7,1,45,28,17,31,28,3,101,37,64,46,35,11,48,27,21,83,19,64,10,2,8
S01013337,495,265,230,10,9,1,56,39,17,34,33,1,122,63,59,59,46,13,75,33,42,122,33,89,17,9,8
S01013338,298,164,134,3,2,1,26,19,7,18,15,3,68,41,27,24,17,7,62,42,20,88,22,66,9,6,3
S01013339,330,163,167,5,3,2,35,21,14,21,21,0,72,37,35,41,25,16,50,22,28,96,28,68,10,6,4
S01013340,450,227,223,7,6,1,54,41,13,27,20,7,85,37,48,46,32,14,84,46,38,132,41,91,15,4,11
S01013341,516,285,231,14,13,1,52,35,17,35,29,6,112,57,55,59,45,14,127,72,55,97,26,71,20,8,12
S01013342,294,163,131,11,11,0,40,27,13,19,17,2,76,41,35,28,23,5,29,15,14,75,22,53,16,7,9
S01013343,348,181,167,6,5,1,27,18,9,24,23,1,90,38,52,48,34,14,47,27,20,92,32,60,14,4,10
S01013344,311,164,147,11,11,0,26,20,6,23,22,1,73,38,35,38,25,13,50,28,22,79,17,62,11,3,8
S01013345,365,205,160,13,13,0,46,32,14,20,18,2,95,56,39,51,38,13,53,28,25,66,14,52,21,6,15
S01013346,471,242,229,7,7,0,53,40,13,24,20,4,90,49,41,46,35,11,100,50,50,143,39,104,8,2,6
S01013347,421,216,205,4,4,0,48,30,18,23,20,3,97,58,39,59,42,17,67,28,39,113,30,83,10,4,6
S01013348,274,140,134,10,7,3,25,15,10,18,16,2,42,20,22,36,24,12,62,26,36,66,23,43,15,9,6
S01013349,475,267,208,9,7,2,40,28,12,33,28,5,102,54,48,85,66,19,107,54,53,81,25,56,18,5,13
S01013350,355,185,170,7,6,1,42,31,11,32,28,4,98,51,47,46,26,20,48,21,27,68,18,50,14,4,10
S01013351,415,207,208,3,2,1,44,33,11,20,18,2,96,53,43,56,26,30,69,34,35,114,36,78,13,5,8
S01013352,466,236,230,7,6,1,47,29,18,30,24,6,130,67,63,57,41,16,66,31,35,116,31,85,13,7,6
S01013353,311,156,155,6,5,1,38,25,13,27,25,2,73,30,43,45,29,16,35,18,17,75,22,53,12,2,10
S01013354,400,201,199,7,6,1,38,25,13,60,47,13,67,38,29,42,30,12,48,21,27,130,33,97,8,1,7
S01013355,319,162,157,12,11,1,40,28,12,43,36,7,54,21,33,32,18,14,45,22,23,75,18,57,18,8,10
S01013356,326,161,165,11,11,0,41,27,14,31,26,5,85,38,47,33,20,13,54,19,35,64,19,45,7,1,6
S01013357,426,218,208,21,14,7,43,31,12,35,33,2,91,51,40,50,32,18,61,23,38,111,28,83,14,6,8
S01013358,397,205,192,16,12,4,62,37,25,36,31,5,72,30,42,47,32,15,44,26,18,103,30,73,17,7,10
S01013359,267,130,137,8,7,1,31,18,13,28,24,4,82,35,47,28,20,8,31,17,14,49,6,43,10,3,7
S01013360,294,147,147,8,6,2,33,22,11,29,25,4,73,32,41,35,19,16,40,23,17,64,17,47,12,3,9
S01013361,255,117,138,5,5,0,36,19,17,31,30,1,56,20,36,27,18,9,27,10,17,64,13,51,9,2,7
S01013362,199,98,101,4,2,2,35,17,18,20,20,0,45,24,21,14,9,5,30,12,18,43,10,33,8,4,4
S01013363,297,162,135,7,7,0,37,25,12,25,21,4,81,45,36,37,23,14,43,23,20,54,15,39,13,3,10
S01013364,460,251,209,10,9,1,74,47,27,41,36,5,90,44,46,51,37,14,59,30,29,115,39,76,20,9,11
S01013365,449,223,226,20,18,2,46,35,11,46,42,4,97,45,52,44,26,18,66,21,45,114,28,86,16,8,8
S01013366,507,258,249,9,7,2,62,45,17,47,43,4,80,39,41,49,31,18,83,37,46,154,46,108,23,10,13
S01013367,348,184,164,11,7,4,46,35,11,33,30,3,66,38,28,29,22,7,52,21,31,91,26,65,20,5,15
S01013368,368,192,176,2,2,0,39,20,19,40,35,5,84,44,40,43,30,13,64,35,29,79,21,58,17,5,12
S01013369,346,178,168,6,6,0,45,30,15,34,29,5,80,41,39,36,22,14,43,21,22,89,24,65,13,5,8
S01013370,231,123,108,5,4,1,30,18,12,23,21,2,48,27,21,23,16,7,35,17,18,57,18,39,10,2,8
S01013371,246,131,115,2,2,0,40,29,11,24,22,2,56,28,28,30,20,10,24,7,17,57,15,42,13,8,5
S01013372,416,206,210,7,7,0,71,49,22,37,33,4,105,47,58,47,28,19,43,19,24,95,20,75,11,3,8
S01013373,379,199,180,7,6,1,57,38,19,32,28,4,84,49,35,36,27,9,49,27,22,96,16,80,18,8,10
S01013374,332,156,176,6,5,1,56,36,20,30,27,3,91,41,50,32,23,9,34,11,23,71,10,61,12,3,9
S01013375,263,130,133,12,10,2,55,34,21,17,15,2,52,17,35,24,19,5,36,15,21,54,16,38,13,4,9
S01013376,248,132,116,3,3,0,27,16,11,29,25,4,53,32,21,43,30,13,29,11,18,59,13,46,5,2,3
S01013377,308,169,139,6,6,0,51,36,15,33,30,3,59,35,24,35,20,15,36,15,21,69,20,49,19,7,12
S01013378,461,233,228,8,8,0,68,44,24,39,35,4,114,55,59,59,42,17,49,22,27,110,23,87,14,4,10
S01013379,433,217,216,9,8,1,60,41,19,34,31,3,95,46,49,57,34,23,56,26,30,106,26,80,16,5,11
S01013380,53,32,21,8,7,1,9,7,2,3,3,0,12,6,6,3,1,2,5,3,2,13,5,8,0,0,0
S01013381,226,127,99,1,1,0,29,15,14,27,25,2,58,33,25,29,21,8,20,11,9,47,14,33,15,7,8
S01013382,304,170,134,16,14,2,43,27,16,30,27,3,80,46,34,30,22,8,41,16,25,54,15,39,10,3,7
S01013383,282,151,131,6,5,1,37,27,10,29,27,2,65,31,34,25,15,10,35,18,17,73,23,50,12,5,7
S01013384,330,166,164,5,4,1,50,33,17,44,38,6,72,32,40,34,23,11,37,16,21,83,18,65,5,2,3
S01013385,260,137,123,7,7,0,31,21,10,33,31,2,42,22,20,17,9,8,41,21,20,82,22,60,7,4,3
S01013386,464,234,230,7,5,2,60,43,17,35,34,1,90,42,48,35,24,11,84,41,43,135,35,100,18,10,8
S01013387,234,125,109,6,6,0,22,15,7,24,22,2,66,27,39,18,14,4,30,18,12,55,18,37,13,5,8
S01013388,319,164,155,7,6,1,40,29,11,29,29,0,65,29,36,50,37,13,37,14,23,80,17,63,11,3,8
S01013389,411,209,202,6,5,1,48,33,15,39,37,2,82,42,40,50,27,23,45,27,18,122,29,93,19,9,10
S01013390,228,123,105,6,6,0,34,19,15,30,28,2,44,17,27,31,22,9,30,19,11,45,9,36,8,3,5
S01013391,212,104,108,5,2,3,27,15,12,25,24,1,38,20,18,16,8,8,45,20,25,49,10,39,7,5,2
S01013392,475,243,232,18,13,5,47,29,18,44,36,8,82,48,34,43,25,18,101,48,53,125,40,85,15,4,11
S01013393,306,161,145,5,5,0,31,22,9,40,36,4,66,35,31,32,19,13,40,16,24,75,20,55,17,8,9
S01013394,278,147,131,8,8,0,32,27,5,34,32,2,52,24,28,19,17,2,37,16,21,83,21,62,13,2,11
S01013395,238,118,120,5,4,1,34,24,10,21,19,2,72,29,43,21,13,8,34,19,15,42,8,34,9,2,7
S01013396,439,228,211,13,9,4,39,29,10,42,34,8,83,45,38,54,32,22,71,40,31,117,35,82,20,4,16
S01013397,443,231,212,7,6,1,71,44,27,53,45,8,73,48,25,46,33,13,58,23,35,116,26,90,19,6,13
S01013398,350,184,166,10,8,2,41,27,14,37,35,2,63,29,34,36,24,12,63,33,30,88,24,64,12,4,8
S01013399,598,301,297,15,10,5,69,45,24,40,37,3,121,63,58,57,39,18,116,59,57,155,42,113,25,6,19
S01013400,345,186,159,6,6,0,41,28,13,47,46,1,55,30,25,41,24,17,51,28,23,91,20,71,13,4,9
S01013401,504,258,246,17,12,5,40,24,16,33,30,3,85,37,48,75,48,27,102,50,52,137,52,85,15,5,10
S01013402,668,347,321,12,8,4,69,48,21,42,38,4,94,46,48,74,59,15,164,77,87,187,59,128,26,12,14
S01013403,525,271,254,16,13,3,55,42,13,37,30,7,83,41,42,58,36,22,126,55,71,134,48,86,16,6,10
S01013404,317,156,161,4,3,1,38,21,17,20,18,2,66,28,38,26,16,10,72,41,31,81,26,55,10,3,7
S01013405,301,152,149,11,8,3,39,23,16,20,17,3,72,36,36,33,24,9,38,20,18,78,22,56,10,2,8
S01013406,267,126,141,6,4,2,35,21,14,21,19,2,72,40,32,20,12,8,44,18,26,62,10,52,7,2,5
S01013407,241,132,109,5,5,0,37,28,9,20,18,2,57,29,28,38,26,12,30,17,13,47,7,40,7,2,5
S01013408,259,131,128,3,3,0,28,17,11,22,19,3,85,36,49,35,23,12,33,17,16,42,8,34,11,8,3
S01013409,553,288,265,13,11,2,46,33,13,35,30,5,152,82,70,59,38,21,91,40,51,138,44,94,19,10,9
S01013410,275,137,138,7,6,1,33,21,12,18,15,3,77,35,42,34,23,11,37,17,20,58,16,42,11,4,7
S01013411,392,209,183,11,8,3,46,29,17,29,26,3,90,47,43,35,26,9,57,31,26,114,38,76,10,4,6
S01013412,395,198,197,5,2,3,46,28,18,31,27,4,93,46,47,39,30,9,50,20,30,112,38,74,19,7,12
S01013413,390,202,188,7,6,1,46,35,11,34,29,5,67,35,32,32,20,12,71,37,34,120,37,83,13,3,10
S01013414,376,196,180,7,7,0,58,41,17,40,33,7,83,40,43,30,21,9,53,22,31,93,27,66,12,5,7
S01013415,247,124,123,7,7,0,16,11,5,23,20,3,54,22,32,39,23,16,37,23,14,56,14,42,15,4,11
S01013416,268,142,126,5,5,0,34,25,9,35,35,0,58,25,33,23,21,2,36,13,23,67,15,52,10,3,7
S01013417,430,224,206,10,8,2,54,36,18,40,31,9,102,55,47,46,26,20,52,28,24,106,33,73,20,7,13
S01013418,313,170,143,6,6,0,28,23,5,26,24,2,62,27,35,34,28,6,53,31,22,79,25,54,25,6,19
S01013419,255,128,127,4,4,0,28,17,11,22,21,1,53,30,23,13,11,2,38,16,22,87,24,63,10,5,5
S01013420,311,154,157,6,4,2,40,29,11,15,13,2,71,31,40,38,24,14,41,19,22,88,32,56,12,2,10
S01013421,463,233,230,11,9,2,66,44,22,42,37,5,72,38,34,39,27,12,92,39,53,124,33,91,17,6,11
S01013422,367,179,188,3,3,0,32,19,13,35,33,2,89,43,46,33,23,10,52,20,32,108,35,73,15,3,12
S01013423,422,211,211,10,8,2,45,33,12,35,27,8,81,37,44,46,29,17,79,35,44,106,32,74,20,10,10
S01013424,274,141,133,8,8,0,25,20,5,27,24,3,59,34,25,24,14,10,38,15,23,86,24,62,7,2,5
S01013425,217,113,104,4,1,3,26,19,7,20,17,3,39,24,15,25,19,6,28,12,16,63,17,46,12,4,8
S01013426,363,180,183,9,9,0,50,36,14,40,37,3,71,33,38,30,20,10,53,22,31,91,18,73,19,5,14
S01013427,273,143,130,10,7,3,17,16,1,35,29,6,40,21,19,26,16,10,57,34,23,76,19,57,12,1,11
S01013428,428,235,193,13,10,3,41,24,17,39,36,3,102,50,52,54,41,13,74,40,34,84,27,57,21,7,14
S01013429,351,181,170,4,2,2,54,37,17,33,31,2,74,36,38,36,24,12,48,22,26,88,24,64,14,5,9
S01013430,370,190,180,13,9,4,43,23,20,30,29,1,81,48,33,39,29,10,57,29,28,99,21,78,8,2,6
S01013431,314,161,153,10,6,4,44,27,17,28,26,2,70,31,39,28,22,6,50,29,21,71,15,56,13,5,8
S01013432,365,181,184,21,18,3,42,28,14,27,21,6,67,33,34,47,28,19,46,22,24,94,22,72,21,9,12
S01013433,375,189,186,17,14,3,32,23,9,31,23,8,58,27,31,20,13,7,84,54,30,115,28,87,18,7,11
S01013434,297,160,137,33,26,7,17,11,6,17,16,1,55,28,27,12,11,1,61,34,27,88,26,62,14,8,6
S01013435,368,192,176,8,6,2,30,24,6,18,16,2,40,19,21,31,25,6,95,59,36,132,36,96,14,7,7
S01013436,432,210,222,15,14,1,31,22,9,29,27,2,92,45,47,30,23,7,79,40,39,138,32,106,18,7,11
S01013437,373,192,181,7,6,1,24,22,2,34,34,0,69,32,37,37,21,16,78,33,45,107,34,73,17,10,7
S01013438,260,127,133,10,9,1,23,19,4,19,17,2,57,20,37,26,19,7,49,27,22,58,11,47,18,5,13
S01013439,416,211,205,6,6,0,28,25,3,24,22,2,63,30,33,29,23,6,88,48,40,164,53,111,14,4,10
S01013440,486,254,232,14,11,3,38,32,6,21,16,5,50,26,24,37,31,6,130,76,54,176,50,126,20,12,8
S01013441,389,210,179,8,7,1,28,18,10,17,16,1,51,32,19,37,28,9,110,66,44,121,37,84,17,6,11
S01013442,438,215,223,10,5,5,39,32,7,36,27,9,65,27,38,43,29,14,78,42,36,147,45,102,20,8,12
S01013443,323,168,155,11,8,3,29,22,7,19,16,3,59,30,29,21,19,2,71,35,36,97,30,67,16,8,8
S01013444,469,228,241,4,2,2,29,16,13,26,24,2,105,44,61,43,31,12,98,60,38,136,35,101,28,16,12
S01013445,288,155,133,9,8,1,19,17,2,18,15,3,50,27,23,12,10,2,74,44,30,97,31,66,9,3,6
S01013446,330,170,160,8,7,1,33,25,8,27,24,3,75,40,35,28,16,12,59,27,32,91,27,64,9,4,5
S01013447,340,179,161,5,4,1,21,19,2,15,14,1,54,27,27,33,26,7,108,64,44,99,24,75,5,1,4
S01013448,368,194,174,9,8,1,25,18,7,21,20,1,50,26,24,37,25,12,81,45,36,127,43,84,18,9,9
S01013449,373,184,189,5,4,1,29,24,5,16,15,1,61,36,25,31,16,15,84,46,38,128,35,93,19,8,11
S01013450,347,176,171,9,9,0,19,18,1,11,11,0,61,32,29,25,19,6,77,42,35,129,38,91,16,7,9
S01013451,499,259,240,5,5,0,42,35,7,23,20,3,71,36,35,43,37,6,120,72,48,172,45,127,23,9,14
S01013452,417,221,196,12,9,3,38,30,8,27,26,1,59,26,33,29,22,7,107,65,42,130,38,92,15,5,10
S01013453,318,163,155,6,4,2,28,18,10,35,34,1,80,38,42,35,29,6,53,24,29,63,12,51,18,4,14
S01013454,410,218,192,16,13,3,46,34,12,30,26,4,71,38,33,28,21,7,92,47,45,109,32,77,18,7,11
S01013455,286,152,134,15,10,5,15,11,4,27,26,1,52,30,22,25,20,5,60,27,33,76,22,54,16,6,10
S01013456,365,182,183,10,10,0,29,19,10,36,29,7,87,42,45,36,25,11,64,30,34,83,18,65,20,9,11
S01013457,404,201,203,14,12,2,59,42,17,24,23,1,108,53,55,33,22,11,72,33,39,76,13,63,18,3,15
S01013458,380,207,173,12,7,5,44,25,19,27,23,4,81,43,38,44,36,8,63,32,31,90,28,62,19,13,6
S01013459,393,210,183,10,5,5,67,45,22,24,22,2,88,46,42,43,31,12,64,33,31,82,21,61,15,7,8
S01013460,375,185,190,10,7,3,40,25,15,35,30,5,87,41,46,34,26,8,57,28,29,96,20,76,16,8,8
S01013461,571,297,274,8,7,1,71,47,24,42,39,3,143,75,68,42,29,13,111,58,53,138,35,103,16,7,9
S01013462,515,262,253,23,18,5,53,38,15,35,30,5,99,57,42,60,38,22,91,36,55,129,33,96,25,12,13
S01013463,273,137,136,8,7,1,32,23,9,13,13,0,74,35,39,17,13,4,43,18,25,76,22,54,10,6,4
S01013464,362,179,183,11,7,4,27,17,10,28,26,2,63,32,31,39,29,10,60,30,30,113,32,81,21,6,15
S01013465,316,179,137,7,6,1,39,32,7,18,14,4,68,43,25,31,22,9,57,33,24,79,27,52,17,2,15
S01013466,174,104,70,37,35,2,16,13,3,6,4,2,23,8,15,12,10,2,25,16,9,41,13,28,14,5,9
S01013467,505,258,247,14,9,5,60,41,19,30,25,5,76,41,35,45,39,6,124,51,73,143,45,98,13,7,6
S01013468,308,152,156,5,4,1,33,17,16,26,24,2,53,20,33,26,18,8,56,35,21,97,29,68,12,5,7
S01013469,387,196,191,2,2,0,46,32,14,24,23,1,68,36,32,38,31,7,63,32,31,124,33,91,22,7,15
S01013470,342,173,169,10,8,2,44,32,12,27,26,1,88,43,45,39,27,12,48,19,29,73,15,58,13,3,10
S01013471,455,228,227,15,10,5,68,47,21,36,34,2,107,56,51,41,24,17,62,24,38,110,30,80,16,3,13
S01013472,356,189,167,4,4,0,34,20,14,17,15,2,71,43,28,38,25,13,95,49,46,85,29,56,12,4,8
S01013473,381,198,183,7,3,4,29,15,14,20,14,6,70,36,34,27,23,4,110,56,54,107,46,61,11,5,6
S01013474,349,175,174,6,5,1,28,18,10,22,17,5,64,31,33,42,32,10,81,37,44,94,32,62,12,3,9
S01013475,323,176,147,3,2,1,35,24,11,28,26,2,75,42,33,32,22,10,43,21,22,80,27,53,27,12,15
S01013476,318,158,160,6,5,1,48,31,17,18,15,3,72,39,33,28,18,10,52,26,26,79,21,58,15,3,12
S01013477,286,156,130,8,7,1,55,39,16,23,21,2,56,24,32,22,18,4,49,22,27,59,19,40,14,6,8
S01013478,459,240,219,5,4,1,50,36,14,38,36,2,107,52,55,42,34,8,84,43,41,120,31,89,13,4,9
S01013479,364,181,183,7,5,2,69,44,25,19,16,3,103,50,53,34,23,11,52,20,32,63,15,48,17,8,9
S01013480,294,151,143,3,3,0,74,52,22,22,22,0,70,31,39,26,19,7,37,12,25,48,9,39,14,3,11
S01013481,222,119,103,10,8,2,38,24,14,27,22,5,42,21,21,12,9,3,26,11,15,55,15,40,12,9,3
