,LC6128SC0001,LC6128SC0002,LC6128SC0003,LC6128SC0004,LC6128SC0005,LC6128SC0006,LC6128SC0007,LC6128SC0008,LC6128SC0009,LC6128SC0010,LC6128SC0011,LC6128SC0012,LC6128SC0013,LC6128SC0014,LC6128SC0015,LC6128SC0016,LC6128SC0017,LC6128SC0018,LC6128SC0019,LC6128SC0020,LC6128SC0021,LC6128SC0022,LC6128SC0023,LC6128SC0024,LC6128SC0025,LC6128SC0026,LC6128SC0027
S92000003,4379072,2750136,2222098,305722,222316,1628936,975121,219215,434600,2098338,1436620,1087879,213973,134768,661718,393960,107724,160034,2280734,1313516,1134219,91749,87548,967218,581161,111491,274566
S01006506,749,527,427,82,18,222,137,18,67,363,278,216,50,12,85,54,7,24,386,249,211,32,6,137,83,11,43
S01006507,696,471,406,57,8,225,159,15,51,319,229,181,42,6,90,66,8,16,377,242,225,15,2,135,93,7,35
S01006508,552,435,377,48,10,117,70,13,34,276,233,199,29,5,43,28,4,11,276,202,178,19,5,74,42,9,23
S01006509,479,320,270,35,15,159,116,11,32,219,160,130,21,9,59,43,7,9,260,160,140,14,6,100,73,4,23
S01006510,549,305,258,33,14,244,171,18,55,259,168,138,23,7,91,57,9,25,290,137,120,10,7,153,114,9,30
S01006511,633,371,308,46,17,262,196,25,41,308,191,151,30,10,117,85,17,15,325,180,157,16,7,145,111,8,26
S01006512,360,256,198,54,4,104,42,25,37,186,145,104,39,2,41,20,18,3,174,111,94,15,2,63,22,7,34
S01006513,529,280,241,36,3,249,168,14,67,242,152,127,24,1,90,60,8,22,287,128,114,12,2,159,108,6,45
S01006514,809,490,395,85,10,319,196,49,74,379,274,217,53,4,105,68,32,5,430,216,178,32,6,214,128,17,69
S01006515,569,378,306,66,6,191,108,39,44,282,218,169,45,4,64,39,21,4,287,160,137,21,2,127,69,18,40
S01006516,452,280,187,90,3,172,93,38,41,221,158,104,53,1,63,35,19,9,231,122,83,37,2,109,58,19,32
S01006517,808,532,433,85,14,276,182,34,60,390,291,226,59,6,99,68,21,10,418,241,207,26,8,177,114,13,50
S01006518,514,317,249,58,10,197,129,27,41,249,182,133,41,8,67,52,11,4,265,135,116,17,2,130,77,16,37
S01006519,675,438,348,82,8,237,128,36,73,318,230,168,58,4,88,59,20,9,357,208,180,24,4,149,69,16,64
S01006520,505,351,294,50,7,154,54,39,61,255,207,170,35,2,48,24,22,2,250,144,124,15,5,106,30,17,59
S01006521,513,349,265,73,11,164,81,26,57,252,206,156,48,2,46,31,9,6,261,143,109,25,9,118,50,17,51
S01006522,438,304,250,45,9,134,96,14,24,210,166,130,30,6,44,37,7,0,228,138,120,15,3,90,59,7,24
S01006523,766,471,404,53,14,295,221,30,44,360,260,214,37,9,100,80,16,4,406,211,190,16,5,195,141,14,40
S01006524,772,400,292,90,18,372,228,30,114,351,216,148,60,8,135,79,14,42,421,184,144,30,10,237,149,16,72
S01006525,650,389,314,62,13,261,193,34,34,322,217,171,42,4,105,85,16,4,328,172,143,20,9,156,108,18,30
S01006526,784,488,416,26,46,296,168,73,55,358,236,196,18,22,122,64,32,26,426,252,220,8,24,174,104,41,29
S01006527,559,346,295,24,27,213,110,41,62,266,191,162,13,16,75,40,14,21,293,155,133,11,11,138,70,27,41
S01006528,876,535,470,20,45,341,176,102,63,396,260,217,16,27,136,73,46,17,480,275,253,4,18,205,103,56,46
S01006529,790,511,438,34,39,279,155,71,53,404,306,252,27,27,98,59,26,13,386,205,186,7,12,181,96,45,40
S01006530,671,433,366,31,36,238,114,45,79,313,223,186,20,17,90,32,23,35,358,210,180,11,19,148,82,22,44
S01006531,811,484,416,21,47,327,172,60,95,385,254,215,17,22,131,68,30,33,426,230,201,4,25,196,104,30,62
S01006532,644,374,316,42,16,270,201,29,40,321,211,169,33,9,110,69,23,18,323,163,147,9,7,160,132,6,22
S01006533,594,411,344,59,8,183,129,27,27,281,220,174,42,4,61,51,9,1,313,191,170,17,4,122,78,18,26
S01006534,729,504,434,62,8,225,151,24,50,359,282,235,43,4,77,62,13,2,370,222,199,19,4,148,89,11,48
S01006535,912,718,612,67,39,194,106,45,43,471,393,318,48,27,78,38,29,11,441,325,294,19,12,116,68,16,32
S01006536,920,760,678,55,27,160,90,37,33,466,411,348,48,15,55,33,13,9,454,349,330,7,12,105,57,24,24
S01006537,638,369,314,48,7,269,226,12,31,295,191,148,37,6,104,93,6,5,343,178,166,11,1,165,133,6,26
S01006538,480,304,252,42,10,176,140,12,24,226,158,122,31,5,68,56,9,3,254,146,130,11,5,108,84,3,21
S01006539,626,378,333,39,6,248,205,20,23,277,193,162,28,3,84,75,6,3,349,185,171,11,3,164,130,14,20
S01006540,825,555,494,46,15,270,191,29,50,406,298,257,33,8,108,79,14,15,419,257,237,13,7,162,112,15,35
S01006541,680,377,326,42,9,303,258,9,36,302,198,167,26,5,104,94,5,5,378,179,159,16,4,199,164,4,31
S01006542,874,481,420,53,8,393,312,21,60,414,270,227,36,7,144,125,8,11,460,211,193,17,1,249,187,13,49
S01006543,678,386,329,45,12,292,250,11,31,309,202,167,28,7,107,100,4,3,369,184,162,17,5,185,150,7,28
S01006544,930,663,543,102,18,267,177,39,51,489,397,312,75,10,92,65,20,7,441,266,231,27,8,175,112,19,44
S01006545,935,582,478,85,19,353,279,32,42,449,322,255,57,10,127,93,20,14,486,260,223,28,9,226,186,12,28
S01006546,526,325,277,41,7,201,138,23,40,255,182,150,28,4,73,54,10,9,271,143,127,13,3,128,84,13,31
S01006547,769,443,374,44,25,326,235,21,70,339,233,192,29,12,106,80,9,17,430,210,182,15,13,220,155,12,53
S01006548,618,349,300,42,7,269,232,18,19,285,177,141,33,3,108,95,8,5,333,172,159,9,4,161,137,10,14
S01006549,699,417,337,62,18,282,213,21,48,345,242,185,47,10,103,86,8,9,354,175,152,15,8,179,127,13,39
S01006550,821,445,382,52,11,376,305,28,43,396,239,191,43,5,157,137,16,4,425,206,191,9,6,219,168,12,39
S01006551,591,337,273,46,18,254,176,19,59,292,183,134,35,14,109,74,10,25,299,154,139,11,4,145,102,9,34
S01006552,753,540,458,66,16,213,147,31,35,362,284,226,53,5,78,47,22,9,391,256,232,13,11,135,100,9,26
S01006553,726,369,304,46,19,357,313,12,32,324,193,148,35,10,131,117,3,11,402,176,156,11,9,226,196,9,21
S01006554,615,403,344,33,26,212,161,3,48,291,214,176,24,14,77,56,2,19,324,189,168,9,12,135,105,1,29
S01006555,656,475,429,27,19,181,88,18,75,313,244,213,20,11,69,33,10,26,343,231,216,7,8,112,55,8,49
S01006556,707,413,351,37,25,294,189,16,89,326,228,188,24,16,98,61,6,31,381,185,163,13,9,196,128,10,58
S01006557,581,385,337,23,25,196,112,10,74,271,198,160,17,21,73,42,7,24,310,187,177,6,4,123,70,3,50
S01006558,563,414,377,34,3,149,96,30,23,285,232,203,27,2,53,34,16,3,278,182,174,7,1,96,62,14,20
S01006559,513,337,278,48,11,176,80,62,34,255,191,156,30,5,64,21,40,3,258,146,122,18,6,112,59,22,31
S01006560,847,534,442,76,16,313,224,50,39,389,282,219,54,9,107,69,30,8,458,252,223,22,7,206,155,20,31
S01006561,615,413,346,54,13,202,138,29,35,295,215,168,40,7,80,60,16,4,320,198,178,14,6,122,78,13,31
S01006562,608,367,305,50,12,241,154,26,61,300,199,160,31,8,101,59,14,28,308,168,145,19,4,140,95,12,33
S01006563,671,432,372,40,20,239,163,32,44,331,242,201,29,12,89,64,17,8,340,190,171,11,8,150,99,15,36
S01006564,891,623,547,39,37,268,117,66,85,435,321,278,26,17,114,43,35,36,456,302,269,13,20,154,74,31,49
S01006565,953,659,577,34,48,294,59,181,54,496,361,305,29,27,135,28,82,25,457,298,272,5,21,159,31,99,29
S01006566,684,505,452,33,20,179,60,66,53,335,265,233,21,11,70,23,29,18,349,240,219,12,9,109,37,37,35
S01006567,789,548,478,22,48,241,96,97,48,400,295,248,17,30,105,41,39,25,389,253,230,5,18,136,55,58,23
S01006568,876,739,665,41,33,137,29,75,33,445,373,336,25,12,72,13,48,11,431,366,329,16,21,65,16,27,22
S01006569,495,367,322,29,16,128,65,36,27,240,194,164,21,9,46,27,15,4,255,173,158,8,7,82,38,21,23
S01006570,657,464,389,56,19,193,109,47,37,322,250,201,40,9,72,42,22,8,335,214,188,16,10,121,67,25,29
S01006571,748,554,472,62,20,194,105,35,54,375,308,252,46,10,67,40,17,10,373,246,220,16,10,127,65,18,44
S01006572,718,470,379,80,11,248,149,37,62,351,267,205,56,6,84,58,17,9,367,203,174,24,5,164,91,20,53
S01006573,566,406,335,58,13,160,79,39,42,278,220,173,40,7,58,32,21,5,288,186,162,18,6,102,47,18,37
S01006574,809,537,435,80,22,272,150,42,80,405,315,252,49,14,90,59,26,5,404,222,183,31,8,182,91,16,75
S01006575,768,564,453,80,31,204,111,40,53,405,328,252,55,21,77,38,23,16,363,236,201,25,10,127,73,17,37
S01006576,577,451,377,58,16,126,68,26,32,293,246,194,43,9,47,28,14,5,284,205,183,15,7,79,40,12,27
S01006577,682,540,456,58,26,142,67,35,40,336,293,238,40,15,43,21,17,5,346,247,218,18,11,99,46,18,35
S01006578,1025,782,707,37,38,243,102,73,68,531,433,385,27,21,98,42,28,28,494,349,322,10,17,145,60,45,40
S01006579,914,741,672,39,30,173,46,79,48,498,428,383,29,16,70,16,36,18,416,313,289,10,14,103,30,43,30
S01006580,643,512,455,37,20,131,68,22,41,335,283,242,25,16,52,27,10,15,308,229,213,12,4,79,41,12,26
S01006581,745,493,401,78,14,252,172,33,47,369,280,211,61,8,89,62,21,6,376,213,190,17,6,163,110,12,41
S01006582,817,660,547,64,49,157,36,62,59,474,396,314,45,37,78,16,27,35,343,264,233,19,12,79,20,35,24
S01006583,678,548,486,22,40,130,25,86,19,350,304,267,18,19,46,8,36,2,328,244,219,4,21,84,17,50,17
S01006584,573,466,408,33,25,107,25,63,19,282,249,209,26,14,33,9,21,3,291,217,199,7,11,74,16,42,16
S01006585,734,515,431,42,42,219,96,64,59,383,280,224,31,25,103,39,31,33,351,235,207,11,17,116,57,33,26
S01006586,991,683,613,37,33,308,125,121,62,529,371,322,26,23,158,49,74,35,462,312,291,11,10,150,76,47,27
S01006587,504,406,347,24,35,98,13,54,31,269,230,191,18,21,39,8,18,13,235,176,156,6,14,59,5,36,18
S01006588,551,458,405,19,34,93,1,70,22,299,249,214,15,20,50,0,42,8,252,209,191,4,14,43,1,28,14
S01006589,630,484,405,33,46,146,30,75,41,371,285,232,26,27,86,19,43,24,259,199,173,7,19,60,11,32,17
S01006590,656,521,432,50,39,135,26,47,62,381,310,259,32,19,71,16,27,28,275,211,173,18,20,64,10,20,34
S01006591,654,555,489,42,24,99,20,36,43,334,295,251,26,18,39,6,21,12,320,260,238,16,6,60,14,15,31
S01006592,607,521,462,50,9,86,23,40,23,359,324,283,37,4,35,8,23,4,248,197,179,13,5,51,15,17,19
S01006593,707,572,508,42,22,135,54,45,36,407,345,301,31,13,62,24,27,11,300,227,207,11,9,73,30,18,25
S01006594,508,349,313,26,10,159,114,24,21,233,181,160,17,4,52,36,11,5,275,168,153,9,6,107,78,13,16
S01006595,852,710,629,58,23,142,51,38,53,435,384,331,46,7,51,23,16,12,417,326,298,12,16,91,28,22,41
S01006596,639,524,442,66,16,115,60,27,28,330,286,240,41,5,44,24,12,8,309,238,202,25,11,71,36,15,20
S01006597,498,420,382,26,12,78,25,29,24,272,236,210,16,10,36,10,13,13,226,184,172,10,2,42,15,16,11
S01006598,805,589,509,66,14,216,119,39,58,417,346,292,45,9,71,44,16,11,388,243,217,21,5,145,75,23,47
S01006599,751,477,415,37,25,274,164,42,68,364,265,224,27,14,99,56,18,25,387,212,191,10,11,175,108,24,43
S01006600,978,624,539,66,19,354,270,36,48,461,342,292,40,10,119,82,17,20,517,282,247,26,9,235,188,19,28
S01006601,899,681,591,53,37,218,133,37,48,468,373,314,38,21,95,53,19,23,431,308,277,15,16,123,80,18,25
S01006602,737,448,364,70,14,289,204,41,44,349,249,192,52,5,100,67,25,8,388,199,172,18,9,189,137,16,36
S01006603,704,428,371,23,34,276,174,8,94,322,228,191,16,21,94,63,2,29,382,200,180,7,13,182,111,6,65
S01006604,587,379,323,32,24,208,137,13,58,280,195,162,21,12,85,57,8,20,307,184,161,11,12,123,80,5,38
S01006605,658,399,341,23,35,259,181,18,60,296,200,171,16,13,96,70,11,15,362,199,170,7,22,163,111,7,45
S01006606,732,425,356,50,19,307,237,23,47,354,247,199,38,10,107,84,8,15,378,178,157,12,9,200,153,15,32
S01006607,769,518,456,40,22,251,165,22,64,360,263,225,26,12,97,63,8,26,409,255,231,14,10,154,102,14,38
S01006608,598,409,332,61,16,189,128,25,36,301,227,172,48,7,74,54,14,6,297,182,160,13,9,115,74,11,30
S01006609,886,556,489,46,21,330,229,18,83,410,287,238,36,13,123,89,6,28,476,269,251,10,8,207,140,12,55
S01006610,386,242,219,12,11,144,100,8,36,173,121,109,5,7,52,39,4,9,213,121,110,7,4,92,61,4,27
S01006611,772,476,406,32,38,296,196,21,79,350,232,195,17,20,118,77,10,31,422,244,211,15,18,178,119,11,48
S01006612,741,521,457,35,29,220,154,18,48,367,271,227,24,20,96,66,9,21,374,250,230,11,9,124,88,9,27
S01006613,493,412,366,36,10,81,58,13,10,237,205,174,25,6,32,24,5,3,256,207,192,11,4,49,34,8,7
S01006614,491,425,378,32,15,66,21,10,35,248,227,190,25,12,21,9,2,10,243,198,188,7,3,45,12,8,25
S01006615,563,464,407,46,11,99,38,21,40,280,252,211,37,4,28,17,7,4,283,212,196,9,7,71,21,14,36
S01006616,665,587,526,47,14,78,44,12,22,330,304,270,26,8,26,19,2,5,335,283,256,21,6,52,25,10,17
S01006617,574,418,361,39,18,156,119,9,28,283,223,188,28,7,60,48,4,8,291,195,173,11,11,96,71,5,20
S01006618,469,342,302,32,8,127,88,13,26,224,178,151,22,5,46,33,6,7,245,164,151,10,3,81,55,7,19
S01006619,744,549,470,64,15,195,128,27,40,354,276,224,44,8,78,54,15,9,390,273,246,20,7,117,74,12,31
S01006620,738,563,512,35,16,175,135,6,34,346,286,255,24,7,60,48,2,10,392,277,257,11,9,115,87,4,24
S01006621,428,327,291,24,12,101,71,6,24,204,166,144,17,5,38,27,3,8,224,161,147,7,7,63,44,3,16
S01006622,549,472,424,39,9,77,33,15,29,270,246,210,29,7,24,9,10,5,279,226,214,10,2,53,24,5,24
S01006623,670,441,391,28,22,229,151,24,54,343,258,221,19,18,85,55,14,16,327,183,170,9,4,144,96,10,38
S01006624,891,582,509,32,41,309,90,30,189,547,346,297,21,28,201,37,12,152,344,236,212,11,13,108,53,18,37
S01006625,547,392,337,32,23,155,98,12,45,270,203,165,27,11,67,43,7,17,277,189,172,5,12,88,55,5,28
S01006626,614,417,364,22,31,197,120,10,67,284,211,182,11,18,73,47,3,23,330,206,182,11,13,124,73,7,44
S01006627,773,615,532,32,51,158,51,16,91,397,331,275,22,34,66,18,5,43,376,284,257,10,17,92,33,11,48
S01006628,978,808,699,32,77,170,43,38,89,566,479,410,21,48,87,18,23,46,412,329,289,11,29,83,25,15,43
S01006629,650,409,342,19,48,241,132,24,85,296,217,181,17,19,79,40,7,32,354,192,161,2,29,162,92,17,53
S01006630,489,309,263,20,26,180,83,14,83,229,154,123,14,17,75,36,7,32,260,155,140,6,9,105,47,7,51
S01006631,805,533,468,27,38,272,176,12,84,379,273,237,14,22,106,66,3,37,426,260,231,13,16,166,110,9,47
S01006632,658,452,385,23,44,206,96,18,92,303,224,185,14,25,79,37,9,33,355,228,200,9,19,127,59,9,59
S01006633,529,339,298,11,30,190,77,20,93,249,181,155,9,17,68,31,8,29,280,158,143,2,13,122,46,12,64
S01006634,465,304,262,9,33,161,46,13,102,228,154,129,7,18,74,27,6,41,237,150,133,2,15,87,19,7,61
S01006635,522,360,304,25,31,162,90,15,57,256,191,156,17,18,65,37,8,20,266,169,148,8,13,97,53,7,37
S01006636,641,429,352,22,55,212,89,12,111,293,218,170,13,35,75,34,2,39,348,211,182,9,20,137,55,10,72
S01006637,699,457,387,40,30,242,126,57,59,375,267,217,31,19,108,37,33,38,324,190,170,9,11,134,89,24,21
S01006638,795,560,506,16,38,235,74,108,53,416,291,259,10,22,125,31,62,32,379,269,247,6,16,110,43,46,21
S01006639,900,578,498,30,50,322,160,89,73,457,311,258,21,32,146,59,42,45,443,267,240,9,18,176,101,47,28
S01006640,684,506,449,27,30,178,12,135,31,385,312,276,21,15,73,6,60,7,299,194,173,6,15,105,6,75,24
S01006641,980,723,636,39,48,257,59,127,71,533,414,353,31,30,119,20,67,32,447,309,283,8,18,138,39,60,39
S01006642,1332,773,613,25,135,559,49,468,42,684,385,298,16,71,299,23,250,26,648,388,315,9,64,260,26,218,16
S01006643,709,529,467,31,31,180,22,132,26,337,260,224,22,14,77,9,59,9,372,269,243,9,17,103,13,73,17
S01006644,915,642,564,33,45,273,46,169,58,457,349,292,26,31,108,17,72,19,458,293,272,7,14,165,29,97,39
S01006645,577,390,333,17,40,187,74,28,85,276,199,158,14,27,77,34,12,31,301,191,175,3,13,110,40,16,54
S01006646,979,568,424,9,135,411,58,334,19,524,291,203,7,81,233,24,201,8,455,277,221,2,54,178,34,133,11
S01006647,550,384,326,19,39,166,68,42,56,265,199,166,11,22,66,27,21,18,285,185,160,8,17,100,41,21,38
S01006648,1730,1096,891,39,166,634,37,532,65,807,526,424,25,77,281,18,227,36,923,570,467,14,89,353,19,305,29
S01006649,892,673,591,33,49,219,29,95,95,469,373,328,21,24,96,13,40,43,423,300,263,12,25,123,16,55,52
S01006650,813,580,495,38,47,233,46,139,48,456,344,290,25,29,112,22,71,19,357,236,205,13,18,121,24,68,29
S01006651,612,383,326,13,44,229,85,113,31,357,237,199,11,27,120,31,71,18,255,146,127,2,17,109,54,42,13
S01006652,516,391,337,29,25,125,34,72,19,291,234,196,25,13,57,13,33,11,225,157,141,4,12,68,21,39,8
S01006653,513,375,335,22,18,138,37,75,26,266,214,181,18,15,52,13,35,4,247,161,154,4,3,86,24,40,22
S01006654,798,510,438,28,44,288,141,49,98,377,259,211,22,26,118,45,28,45,421,251,227,6,18,170,96,21,53
S01006655,650,396,348,30,18,254,76,65,113,343,201,169,22,10,142,37,37,68,307,195,179,8,8,112,39,28,45
S01006656,858,650,575,35,40,208,66,87,55,428,344,307,24,13,84,23,45,16,430,306,268,11,27,124,43,42,39
S01006657,482,350,309,18,23,132,19,76,37,253,196,166,16,14,57,8,38,11,229,154,143,2,9,75,11,38,26
S01006658,878,615,523,28,64,263,44,142,77,471,341,295,17,29,130,15,78,37,407,274,228,11,35,133,29,64,40
S01006659,594,357,308,25,24,237,69,150,18,296,192,162,18,12,104,28,72,4,298,165,146,7,12,133,41,78,14
S01006660,425,286,240,16,30,139,10,90,39,235,165,136,12,17,70,4,47,19,190,121,104,4,13,69,6,43,20
S01006661,590,363,318,16,29,227,65,130,32,299,201,172,12,17,98,29,61,8,291,162,146,4,12,129,36,69,24
S01006662,738,403,309,24,70,335,24,252,59,379,212,164,11,37,167,12,138,17,359,191,145,13,33,168,12,114,42
S01006663,522,315,264,22,29,207,26,160,21,263,162,135,14,13,101,9,86,6,259,153,129,8,16,106,17,74,15
S01006664,471,311,278,12,21,160,36,102,22,238,166,148,8,10,72,12,49,11,233,145,130,4,11,88,24,53,11
S01006665,681,407,346,22,39,274,50,201,23,328,211,179,13,19,117,16,94,7,353,196,167,9,20,157,34,107,16
S01006666,742,424,340,28,56,318,190,28,100,377,235,180,23,32,142,82,13,47,365,189,160,5,24,176,108,15,53
S01006667,653,405,321,21,63,248,105,50,93,354,226,167,17,42,128,44,33,51,299,179,154,4,21,120,61,17,42
S01006668,858,550,468,19,63,308,47,232,29,405,265,227,12,26,140,20,111,9,453,285,241,7,37,168,27,121,20
S01006669,1161,522,394,28,100,639,139,414,86,609,280,212,19,49,329,60,219,50,552,242,182,9,51,310,79,195,36
S01006670,901,549,450,20,79,352,99,205,48,385,242,185,17,40,143,40,82,21,516,307,265,3,39,209,59,123,27
S01006671,2355,988,580,26,382,1367,63,1274,30,1049,449,258,16,175,600,26,564,10,1306,539,322,10,207,767,37,710,20
S01006672,685,422,358,19,45,263,87,109,67,326,206,177,9,20,120,35,58,27,359,216,181,10,25,143,52,51,40
S01006673,760,499,392,43,64,261,52,143,66,380,267,198,30,39,113,23,69,21,380,232,194,13,25,148,29,74,45
S01006674,779,453,368,33,52,326,202,28,96,370,247,198,20,29,123,73,11,39,409,206,170,13,23,203,129,17,57
S01006675,530,387,317,16,54,143,14,33,96,265,205,166,12,27,60,7,19,34,265,182,151,4,27,83,7,14,62
S01006676,606,386,322,21,43,220,101,28,91,309,211,167,15,29,98,44,21,33,297,175,155,6,14,122,57,7,58
S01006677,621,417,339,26,52,204,71,55,78,325,223,175,19,29,102,31,31,40,296,194,164,7,23,102,40,24,38
S01006678,935,627,523,25,79,308,127,54,127,477,333,263,16,54,144,51,34,59,458,294,260,9,25,164,76,20,68
S01006679,581,398,361,21,16,183,128,16,39,277,211,184,18,9,66,47,7,12,304,187,177,3,7,117,81,9,27
S01006680,668,471,391,26,54,197,78,20,99,347,271,216,19,36,76,36,9,31,321,200,175,7,18,121,42,11,68
S01006681,765,497,444,24,29,268,201,18,49,351,254,227,17,10,97,66,9,22,414,243,217,7,19,171,135,9,27
S01006682,662,459,374,28,57,203,83,39,81,330,252,206,16,30,78,36,13,29,332,207,168,12,27,125,47,26,52
S01006683,697,509,431,24,54,188,40,68,80,363,269,217,20,32,94,17,47,30,334,240,214,4,22,94,23,21,50
S01006684,605,429,366,17,46,176,52,31,93,344,254,215,7,32,90,26,21,43,261,175,151,10,14,86,26,10,50
S01006685,638,457,388,21,48,181,77,22,82,312,239,201,13,25,73,27,9,37,326,218,187,8,23,108,50,13,45
S01006686,521,348,305,22,21,173,98,14,61,255,183,160,13,10,72,41,5,26,266,165,145,9,11,101,57,9,35
S01006687,719,475,422,18,35,244,144,26,74,321,243,212,14,17,78,45,9,24,398,232,210,4,18,166,99,17,50
S01006688,851,430,366,46,18,421,337,26,58,387,233,186,35,12,154,126,10,18,464,197,180,11,6,267,211,16,40
S01006689,546,405,341,47,17,141,64,55,22,282,223,184,33,6,59,27,28,4,264,182,157,14,11,82,37,27,18
S01006690,533,348,305,18,25,185,99,58,28,257,181,153,15,13,76,31,36,9,276,167,152,3,12,109,68,22,19
S01006691,497,350,311,26,13,147,63,68,16,254,190,164,18,8,64,26,34,4,243,160,147,8,5,83,37,34,12
S01006692,669,396,350,32,14,273,164,72,37,324,213,179,26,8,111,58,45,8,345,183,171,6,6,162,106,27,29
S01006693,834,609,531,35,43,225,107,60,58,417,315,271,24,20,102,49,38,15,417,294,260,11,23,123,58,22,43
S01006694,735,354,304,26,24,381,324,11,46,324,180,150,22,8,144,121,8,15,411,174,154,4,16,237,203,3,31
S01006695,608,376,335,29,12,232,171,13,48,287,198,169,22,7,89,62,6,21,321,178,166,7,5,143,109,7,27
S01006696,695,437,377,20,40,258,162,40,56,323,224,183,13,28,99,65,14,20,372,213,194,7,12,159,97,26,36
S01006697,772,499,441,36,22,273,169,42,62,359,263,220,28,15,96,61,19,16,413,236,221,8,7,177,108,23,46
S01006698,608,339,313,8,18,269,171,36,62,279,175,159,7,9,104,61,12,31,329,164,154,1,9,165,110,24,31
S01006699,410,288,252,17,19,122,76,27,19,197,149,123,15,11,48,30,16,2,213,139,129,2,8,74,46,11,17
S01006700,754,450,386,34,30,304,211,40,53,347,224,184,22,18,123,81,15,27,407,226,202,12,12,181,130,25,26
S01006701,554,376,319,15,42,178,91,11,76,258,185,155,11,19,73,43,5,25,296,191,164,4,23,105,48,6,51
S01006702,635,433,370,34,29,202,152,3,47,293,224,190,24,10,69,57,2,10,342,209,180,10,19,133,95,1,37
S01006703,522,356,303,19,34,166,92,14,60,230,184,149,15,20,46,28,5,13,292,172,154,4,14,120,64,9,47
S01006704,481,297,261,11,25,184,81,20,83,235,156,133,7,16,79,36,10,33,246,141,128,4,9,105,45,10,50
S01006705,627,373,328,27,18,254,169,16,69,288,196,164,21,11,92,57,5,30,339,177,164,6,7,162,112,11,39
S01006706,495,343,296,27,20,152,85,14,53,233,183,151,21,11,50,30,4,16,262,160,145,6,9,102,55,10,37
S01006707,543,363,310,23,30,180,81,24,75,249,180,142,19,19,69,31,13,25,294,183,168,4,11,111,50,11,50
S01006708,668,405,359,27,19,263,195,18,50,305,212,184,18,10,93,70,6,17,363,193,175,9,9,170,125,12,33
S01006709,678,443,379,33,31,235,128,17,90,328,239,198,23,18,89,50,7,32,350,204,181,10,13,146,78,10,58
S01006710,753,464,418,31,15,289,225,10,54,341,233,202,25,6,108,82,5,21,412,231,216,6,9,181,143,5,33
S01006711,807,508,424,53,31,299,205,11,83,361,252,198,36,18,109,61,4,44,446,256,226,17,13,190,144,7,39
S01006712,454,266,240,13,13,188,130,6,52,213,140,120,10,10,73,49,2,22,241,126,120,3,3,115,81,4,30
S01006713,788,488,437,30,21,300,172,18,110,374,253,221,21,11,121,67,8,46,414,235,216,9,10,179,105,10,64
S01006714,589,367,328,16,23,222,150,10,62,282,204,170,14,20,78,53,7,18,307,163,158,2,3,144,97,3,44
S01006715,439,295,252,15,28,144,55,18,71,205,158,133,12,13,47,23,7,17,234,137,119,3,15,97,32,11,54
S01006716,496,344,289,30,25,152,74,19,59,234,173,139,24,10,61,27,10,24,262,171,150,6,15,91,47,9,35
S01006717,819,516,453,27,36,303,209,13,81,360,254,211,19,24,106,76,8,22,459,262,242,8,12,197,133,5,59
S01006718,519,345,284,27,34,174,104,19,51,254,183,144,20,19,71,42,13,16,265,162,140,7,15,103,62,6,35
S01006719,724,491,419,40,32,233,118,19,96,343,255,213,23,19,88,48,7,33,381,236,206,17,13,145,70,12,63
S01006720,477,339,291,20,28,138,79,11,48,237,187,160,12,15,50,27,7,16,240,152,131,8,13,88,52,4,32
S01006721,735,489,424,27,38,246,133,23,90,348,259,221,23,15,89,43,6,40,387,230,203,4,23,157,90,17,50
S01006722,619,406,353,19,34,213,120,16,77,299,210,179,14,17,89,50,12,27,320,196,174,5,17,124,70,4,50
S01006723,553,354,303,26,25,199,100,14,85,267,185,155,16,14,82,41,8,33,286,169,148,10,11,117,59,6,52
S01006724,687,470,375,28,67,217,41,33,143,305,238,188,18,32,67,14,14,39,382,232,187,10,35,150,27,19,104
S01006725,532,352,315,19,18,180,83,16,81,250,182,156,13,13,68,38,6,24,282,170,159,6,5,112,45,10,57
S01006726,985,717,584,33,100,268,55,37,176,473,382,307,22,53,91,19,20,52,512,335,277,11,47,177,36,17,124
S01006727,784,483,392,23,68,301,123,35,143,370,261,205,15,41,109,40,14,55,414,222,187,8,27,192,83,21,88
S01006728,588,399,351,16,32,189,109,17,63,247,187,162,13,12,60,33,9,18,341,212,189,3,20,129,76,8,45
S01006729,639,410,347,14,49,229,96,25,108,303,215,181,7,27,88,38,15,35,336,195,166,7,22,141,58,10,73
S01006730,579,417,374,16,27,162,101,20,41,291,221,188,14,19,70,44,12,14,288,196,186,2,8,92,57,8,27
S01006731,482,313,273,18,22,169,80,18,71,238,175,145,14,16,63,27,9,27,244,138,128,4,6,106,53,9,44
S01006732,858,573,463,84,26,285,144,72,69,411,317,237,63,17,94,54,23,17,447,256,226,21,9,191,90,49,52
S01006733,646,482,402,63,17,164,72,26,66,315,266,216,42,8,49,31,15,3,331,216,186,21,9,115,41,11,63
S01006734,756,545,449,79,17,211,73,18,120,361,302,239,57,6,59,21,4,34,395,243,210,22,11,152,52,14,86
S01006735,501,297,260,29,8,204,157,13,34,234,169,147,19,3,65,57,7,1,267,128,113,10,5,139,100,6,33
S01006736,772,675,578,76,21,97,38,17,42,369,339,274,53,12,30,19,8,3,403,336,304,23,9,67,19,9,39
S01006737,544,352,293,45,14,192,121,19,52,268,202,163,30,9,66,49,9,8,276,150,130,15,5,126,72,10,44
S01006738,714,608,542,41,25,106,59,10,37,391,344,303,31,10,47,29,4,14,323,264,239,10,15,59,30,6,23
S01006739,529,427,375,35,17,102,67,12,23,276,235,202,22,11,41,30,3,8,253,192,173,13,6,61,37,9,15
S01006740,637,420,373,22,25,217,153,12,52,316,230,195,18,17,86,60,5,21,321,190,178,4,8,131,93,7,31
S01006741,596,325,294,26,5,271,220,7,44,278,171,150,20,1,107,87,2,18,318,154,144,6,4,164,133,5,26
S01006742,388,218,191,18,9,170,143,3,24,184,120,101,12,7,64,55,3,6,204,98,90,6,2,106,88,0,18
S01006743,481,326,297,25,4,155,121,14,20,234,171,152,15,4,63,52,5,6,247,155,145,10,0,92,69,9,14
S01006744,524,401,350,34,17,123,90,3,30,256,211,175,26,10,45,36,2,7,268,190,175,8,7,78,54,1,23
S01006745,707,429,374,35,20,278,195,19,64,322,229,191,24,14,93,68,6,19,385,200,183,11,6,185,127,13,45
S01006746,712,455,401,29,25,257,199,16,42,318,223,194,16,13,95,69,9,17,394,232,207,13,12,162,130,7,25
S01006747,728,425,380,30,15,303,253,13,37,349,217,183,21,13,132,113,5,14,379,208,197,9,2,171,140,8,23
S01006748,772,500,431,52,17,272,216,6,50,398,291,242,41,8,107,92,2,13,374,209,189,11,9,165,124,4,37
S01006749,773,536,483,31,22,237,177,10,50,365,280,250,22,8,85,58,5,22,408,256,233,9,14,152,119,5,28
S01006750,627,374,329,26,19,253,184,33,36,302,203,180,14,9,99,68,15,16,325,171,149,12,10,154,116,18,20
S01006751,436,258,234,19,5,178,133,7,38,192,129,116,10,3,63,46,4,13,244,129,118,9,2,115,87,3,25
S01006752,596,366,338,13,15,230,173,12,45,272,182,169,7,6,90,70,5,15,324,184,169,6,9,140,103,7,30
S01006753,779,507,447,52,8,272,224,15,33,386,280,237,35,8,106,93,7,6,393,227,210,17,0,166,131,8,27
S01006754,808,511,462,34,15,297,245,12,40,399,281,250,25,6,118,100,5,13,409,230,212,9,9,179,145,7,27
S01006755,574,451,377,66,8,123,60,30,33,289,240,194,40,6,49,29,14,6,285,211,183,26,2,74,31,16,27
S01006756,616,444,390,41,13,172,95,33,44,309,260,222,28,10,49,25,18,6,307,184,168,13,3,123,70,15,38
S01006757,749,521,468,34,19,228,107,9,112,362,268,232,24,12,94,46,5,43,387,253,236,10,7,134,61,4,69
S01006758,599,470,427,33,10,129,92,10,27,302,250,220,24,6,52,45,5,2,297,220,207,9,4,77,47,5,25
S01006759,492,363,322,30,11,129,94,16,19,231,190,161,24,5,41,32,7,2,261,173,161,6,6,88,62,9,17
S01006760,421,340,306,22,12,81,61,7,13,199,165,142,17,6,34,29,1,4,222,175,164,5,6,47,32,6,9
S01006761,629,458,397,44,17,171,134,9,28,309,245,204,33,8,64,56,5,3,320,213,193,11,9,107,78,4,25
S01006762,718,397,340,45,12,321,265,16,40,322,212,174,35,3,110,88,10,12,396,185,166,10,9,211,177,6,28
S01006763,667,590,529,41,20,77,24,16,37,314,291,249,33,9,23,12,7,4,353,299,280,8,11,54,12,9,33
S01006764,665,560,521,23,16,105,53,15,37,335,302,275,19,8,33,20,5,8,330,258,246,4,8,72,33,10,29
S01006765,500,414,381,23,10,86,51,12,23,255,216,192,19,5,39,26,7,6,245,198,189,4,5,47,25,5,17
S01006766,505,397,353,34,10,108,44,26,38,252,209,181,22,6,43,17,20,6,253,188,172,12,4,65,27,6,32
S01006767,591,438,393,32,13,153,109,17,27,278,222,195,21,6,56,42,8,6,313,216,198,11,7,97,67,9,21
S01006768,507,388,342,41,5,119,74,27,18,255,205,180,23,2,50,30,16,4,252,183,162,18,3,69,44,11,14
S01006769,793,580,522,47,11,213,142,22,49,391,316,272,36,8,75,52,10,13,402,264,250,11,3,138,90,12,36
S01006770,567,406,367,33,6,161,124,15,22,279,210,184,24,2,69,58,10,1,288,196,183,9,4,92,66,5,21
S01006771,378,297,260,29,8,81,34,22,25,189,156,132,19,5,33,17,12,4,189,141,128,10,3,48,17,10,21
S01006772,728,561,489,57,15,167,126,17,24,377,306,259,40,7,71,52,13,6,351,255,230,17,8,96,74,4,18
S01006773,604,408,356,43,9,196,146,24,26,299,223,182,36,5,76,58,14,4,305,185,174,7,4,120,88,10,22
S01006774,540,432,382,38,12,108,70,18,20,269,227,196,25,6,42,30,9,3,271,205,186,13,6,66,40,9,17
S01006775,549,392,348,29,15,157,108,17,32,268,204,175,19,10,64,40,11,13,281,188,173,10,5,93,68,6,19
S01006776,447,264,231,21,12,183,157,5,21,203,141,119,14,8,62,56,1,5,244,123,112,7,4,121,101,4,16
S01006777,553,391,354,35,2,162,130,6,26,270,208,182,25,1,62,50,5,7,283,183,172,10,1,100,80,1,19
S01006778,566,385,350,20,15,181,154,7,20,279,208,187,16,5,71,62,3,6,287,177,163,4,10,110,92,4,14
S01006779,527,335,296,19,20,192,146,13,33,226,162,141,12,9,64,55,2,7,301,173,155,7,11,128,91,11,26
S01006780,498,335,274,42,19,163,124,13,26,249,187,144,28,15,62,48,7,7,249,148,130,14,4,101,76,6,19
S01006781,607,379,320,44,15,228,192,16,20,295,199,159,33,7,96,83,10,3,312,180,161,11,8,132,109,6,17
S01006782,624,463,406,47,10,161,105,25,31,309,255,213,37,5,54,33,13,8,315,208,193,10,5,107,72,12,23
S01006783,585,340,296,26,18,245,209,10,26,279,175,145,21,9,104,94,4,6,306,165,151,5,9,141,115,6,20
S01006784,548,399,338,38,23,149,113,14,22,279,217,178,28,11,62,50,8,4,269,182,160,10,12,87,63,6,18
S01006785,495,390,354,27,9,105,72,15,18,232,195,173,19,3,37,29,7,1,263,195,181,8,6,68,43,8,17
S01006786,672,497,428,54,15,175,101,27,47,345,282,233,40,9,63,41,12,10,327,215,195,14,6,112,60,15,37
S01006787,569,376,312,49,15,193,142,13,38,286,209,164,33,12,77,63,9,5,283,167,148,16,3,116,79,4,33
S01006788,662,491,424,54,13,171,93,23,55,342,272,226,39,7,70,36,12,22,320,219,198,15,6,101,57,11,33
S01006789,552,325,259,56,10,227,189,8,30,260,170,127,38,5,90,74,5,11,292,155,132,18,5,137,115,3,19
S01006790,766,426,341,68,17,340,283,12,45,352,221,170,42,9,131,114,4,13,414,205,171,26,8,209,169,8,32
S01006791,446,293,189,89,15,153,106,11,36,236,173,104,61,8,63,48,6,9,210,120,85,28,7,90,58,5,27
S01006792,416,279,202,68,9,137,100,9,28,213,152,108,39,5,61,47,6,8,203,127,94,29,4,76,53,3,20
S01006793,478,322,247,71,4,156,137,2,17,232,177,134,41,2,55,50,0,5,246,145,113,30,2,101,87,2,12
S01006794,499,287,233,43,11,212,167,6,39,233,156,117,30,9,77,64,4,9,266,131,116,13,2,135,103,2,30
S01006795,587,349,273,67,9,238,171,12,55,269,188,141,41,6,81,70,5,6,318,161,132,26,3,157,101,7,49
S01006796,436,291,232,51,8,145,98,14,33,210,162,120,37,5,48,38,7,3,226,129,112,14,3,97,60,7,30
S01006797,500,360,258,92,10,140,93,14,33,263,211,144,61,6,52,41,4,7,237,149,114,31,4,88,52,10,26
S01006798,493,369,265,97,7,124,82,17,25,244,200,131,68,1,44,40,2,2,249,169,134,29,6,80,42,15,23
S01006799,745,466,389,62,15,279,209,17,53,344,242,197,40,5,102,77,13,12,401,224,192,22,10,177,132,4,41
S01006800,687,450,358,80,12,237,153,23,61,350,265,200,57,8,85,68,8,9,337,185,158,23,4,152,85,15,52
S01006801,796,495,384,96,15,301,228,27,46,376,264,197,62,5,112,83,10,19,420,231,187,34,10,189,145,17,27
S01006802,556,376,280,75,21,180,120,18,42,275,212,154,46,12,63,49,6,8,281,164,126,29,9,117,71,12,34
S01006803,571,360,308,37,15,211,167,12,32,259,184,157,20,7,75,63,7,5,312,176,151,17,8,136,104,5,27
S01006804,578,422,367,42,13,156,106,6,44,286,233,197,29,7,53,41,4,8,292,189,170,13,6,103,65,2,36
S01006805,894,644,521,100,23,250,159,31,60,420,329,255,60,14,91,63,15,13,474,315,266,40,9,159,96,16,47
S01006806,849,603,464,123,16,246,156,25,65,419,336,242,84,10,83,60,8,15,430,267,222,39,6,163,96,17,50
S01006807,484,369,276,70,23,115,72,13,30,250,202,142,49,11,48,37,7,4,234,167,134,21,12,67,35,6,26
S01006808,507,339,260,70,9,168,112,21,35,247,190,132,54,4,57,45,8,4,260,149,128,16,5,111,67,13,31
S01006809,656,397,318,57,22,259,170,22,67,325,222,173,37,12,103,69,14,20,331,175,145,20,10,156,101,8,47
S01006810,704,468,341,101,26,236,154,20,62,360,267,188,65,14,93,69,12,12,344,201,153,36,12,143,85,8,50
S01006811,841,608,485,102,21,233,144,27,62,414,331,248,67,16,83,56,14,13,427,277,237,35,5,150,88,13,49
S01006812,601,452,367,74,11,149,80,21,48,323,266,204,55,7,57,32,16,9,278,186,163,19,4,92,48,5,39
S01006813,626,436,353,67,16,190,122,17,51,323,252,197,46,9,71,49,8,14,303,184,156,21,7,119,73,9,37
S01006814,624,425,375,44,6,199,103,42,54,299,232,197,29,6,67,40,17,10,325,193,178,15,0,132,63,25,44
S01006815,485,308,272,19,17,177,127,4,46,220,165,138,15,12,55,40,1,14,265,143,134,4,5,122,87,3,32
S01006816,586,380,325,48,7,206,138,14,54,284,203,170,30,3,81,59,8,14,302,177,155,18,4,125,79,6,40
S01006817,517,377,307,58,12,140,82,11,47,266,218,172,36,10,48,34,6,8,251,159,135,22,2,92,48,5,39
S01006818,580,429,343,74,12,151,103,19,29,290,233,170,56,7,57,42,10,5,290,196,173,18,5,94,61,9,24
S01006819,655,509,378,123,8,146,71,33,42,328,274,192,79,3,54,29,11,14,327,235,186,44,5,92,42,22,28
S01006820,383,269,234,25,10,114,79,15,20,188,137,116,16,5,51,36,9,6,195,132,118,9,5,63,43,6,14
S01006821,484,375,282,80,13,109,68,15,26,244,207,150,49,8,37,32,2,3,240,168,132,31,5,72,36,13,23
S01006822,609,469,339,115,15,140,68,25,47,308,259,165,88,6,49,27,13,9,301,210,174,27,9,91,41,12,38
S01006823,613,382,319,51,12,231,174,17,40,295,218,169,41,8,77,58,8,11,318,164,150,10,4,154,116,9,29
S01006824,652,444,388,29,27,208,106,17,85,304,229,196,21,12,75,38,7,30,348,215,192,8,15,133,68,10,55
S01006825,678,493,441,35,17,185,134,15,36,320,257,231,18,8,63,50,8,5,358,236,210,17,9,122,84,7,31
S01006826,785,503,429,65,9,282,207,22,53,381,279,225,47,7,102,79,13,10,404,224,204,18,2,180,128,9,43
S01006827,735,482,425,35,22,253,173,15,65,329,246,216,22,8,83,57,5,21,406,236,209,13,14,170,116,10,44
S01006828,799,534,449,59,26,265,189,17,59,398,301,244,38,19,97,75,3,19,401,233,205,21,7,168,114,14,40
S01006829,291,244,213,25,6,47,19,8,20,140,128,106,19,3,12,7,2,3,151,116,107,6,3,35,12,6,17
S01006830,627,416,352,51,13,211,149,25,37,292,209,164,37,8,83,59,10,14,335,207,188,14,5,128,90,15,23
S01006831,452,278,244,23,11,174,132,18,24,228,155,129,17,9,73,60,9,4,224,123,115,6,2,101,72,9,20
S01006832,862,548,462,67,19,314,214,30,70,401,296,239,47,10,105,76,14,15,461,252,223,20,9,209,138,16,55
S01006833,373,225,179,41,5,148,122,8,18,172,123,95,26,2,49,43,3,3,201,102,84,15,3,99,79,5,15
S01006834,375,315,277,28,10,60,12,23,25,188,168,143,23,2,20,7,12,1,187,147,134,5,8,40,5,11,24
S01006835,745,422,345,62,15,323,264,12,47,351,236,189,39,8,115,89,7,19,394,186,156,23,7,208,175,5,28
S01006836,372,308,257,38,13,64,23,11,30,186,167,139,24,4,19,8,3,8,186,141,118,14,9,45,15,8,22
S01006837,466,317,268,46,3,149,99,20,30,222,171,141,29,1,51,36,7,8,244,146,127,17,2,98,63,13,22
S01006838,510,376,331,39,6,134,79,18,37,249,203,170,30,3,46,30,8,8,261,173,161,9,3,88,49,10,29
S01006839,864,613,534,57,22,251,194,19,38,414,316,265,41,10,98,81,9,8,450,297,269,16,12,153,113,10,30
S01006840,793,575,502,57,16,218,159,21,38,384,297,247,41,9,87,70,8,9,409,278,255,16,7,131,89,13,29
S01006841,729,580,498,59,23,149,76,25,48,352,301,247,43,11,51,28,16,7,377,279,251,16,12,98,48,9,41
S01006842,680,508,453,45,10,172,124,19,29,340,273,237,32,4,67,53,12,2,340,235,216,13,6,105,71,7,27
S01006843,669,527,463,51,13,142,89,16,37,332,279,235,36,8,53,40,8,5,337,248,228,15,5,89,49,8,32
S01006844,587,467,416,42,9,120,86,13,21,297,257,219,33,5,40,30,8,2,290,210,197,9,4,80,56,5,19
S01006845,778,622,564,43,15,156,82,21,53,384,321,280,32,9,63,37,16,10,394,301,284,11,6,93,45,5,43
S01006846,474,357,319,28,10,117,84,14,19,244,198,170,21,7,46,30,9,7,230,159,149,7,3,71,54,5,12
S01006847,583,421,380,33,8,162,111,18,33,277,215,186,24,5,62,46,11,5,306,206,194,9,3,100,65,7,28
S01006848,787,513,394,97,22,274,144,32,98,413,307,229,69,9,106,66,14,26,374,206,165,28,13,168,78,18,72
S01006849,700,610,543,41,26,90,30,15,45,340,310,271,29,10,30,15,8,7,360,300,272,12,16,60,15,7,38
S01006850,767,628,561,41,26,139,76,17,46,349,302,257,36,9,47,30,8,9,418,326,304,5,17,92,46,9,37
S01006851,651,447,388,37,22,204,143,9,52,307,234,194,25,15,73,54,3,16,344,213,194,12,7,131,89,6,36
S01006852,492,355,284,55,16,137,105,9,23,250,186,140,38,8,64,55,8,1,242,169,144,17,8,73,50,1,22
S01006853,666,487,363,114,10,179,91,33,55,333,274,203,67,4,59,35,19,5,333,213,160,47,6,120,56,14,50
S01006854,707,456,371,65,20,251,178,21,52,342,247,183,52,12,95,77,7,11,365,209,188,13,8,156,101,14,41
S01006855,622,443,328,108,7,179,107,18,54,304,248,168,77,3,56,39,7,10,318,195,160,31,4,123,68,11,44
S01006856,518,387,301,75,11,131,84,10,37,256,205,150,49,6,51,37,7,7,262,182,151,26,5,80,47,3,30
S01006857,809,601,430,157,14,208,142,18,48,407,325,216,102,7,82,60,13,9,402,276,214,55,7,126,82,5,39
S01006858,518,362,251,104,7,156,97,16,43,263,196,116,77,3,67,44,11,12,255,166,135,27,4,89,53,5,31
S01006859,861,587,497,74,16,274,177,32,65,426,324,269,53,2,102,72,19,11,435,263,228,21,14,172,105,13,54
S01006860,465,306,267,28,11,159,125,10,24,214,154,131,18,5,60,47,4,9,251,152,136,10,6,99,78,6,15
S01006861,413,331,278,42,11,82,18,17,47,214,196,162,29,5,18,6,8,4,199,135,116,13,6,64,12,9,43
S01006862,575,378,313,53,12,197,163,13,21,272,198,158,34,6,74,65,4,5,303,180,155,19,6,123,98,9,16
S01006863,560,360,306,42,12,200,148,12,40,276,196,163,29,4,80,63,7,10,284,164,143,13,8,120,85,5,30
S01006864,311,241,210,20,11,70,24,10,36,155,137,114,15,8,18,9,3,6,156,104,96,5,3,52,15,7,30
S01006865,802,516,422,84,10,286,204,30,52,401,297,241,50,6,104,81,13,10,401,219,181,34,4,182,123,17,42
S01006866,455,259,222,33,4,196,148,17,31,227,146,121,22,3,81,67,10,4,228,113,101,11,1,115,81,7,27
S01006867,614,352,265,69,18,262,192,22,48,302,198,142,45,11,104,81,13,10,312,154,123,24,7,158,111,9,38
S01006868,709,455,395,52,8,254,167,21,66,342,255,215,38,2,87,66,7,14,367,200,180,14,6,167,101,14,52
S01006869,405,282,212,52,18,123,79,9,35,212,161,116,34,11,51,37,4,10,193,121,96,18,7,72,42,5,25
S01006870,397,258,194,51,13,139,103,14,22,197,142,105,29,8,55,44,9,2,200,116,89,22,5,84,59,5,20
S01006871,571,354,302,39,13,217,151,17,49,267,192,158,29,5,75,58,8,9,304,162,144,10,8,142,93,9,40
S01006872,537,381,288,88,5,156,103,13,40,262,214,153,58,3,48,39,5,4,275,167,135,30,2,108,64,8,36
S01006873,833,417,303,103,11,416,317,30,69,389,231,151,73,7,158,126,15,17,444,186,152,30,4,258,191,15,52
S01006874,490,343,264,73,6,147,83,22,42,246,188,138,49,1,58,40,15,3,244,155,126,24,5,89,43,7,39
S01006875,569,351,253,70,28,218,164,8,46,271,191,133,43,15,80,65,5,10,298,160,120,27,13,138,99,3,36
S01006876,795,562,424,123,15,233,153,22,58,400,307,204,96,7,93,70,12,11,395,255,220,27,8,140,83,10,47
S01006877,780,561,402,141,18,219,155,19,45,389,304,202,93,9,85,64,10,11,391,257,200,48,9,134,91,9,34
S01006878,587,402,253,133,16,185,135,11,39,298,227,133,87,7,71,56,5,10,289,175,120,46,9,114,79,6,29
S01006879,659,444,303,127,14,215,168,21,26,343,254,156,91,7,89,79,7,3,316,190,147,36,7,126,89,14,23
S01006880,470,361,298,57,6,109,70,12,27,234,195,155,36,4,39,34,2,3,236,166,143,21,2,70,36,10,24
S01006881,461,334,252,76,6,127,94,8,25,236,183,128,53,2,53,44,4,5,225,151,124,23,4,74,50,4,20
S01006882,336,189,164,16,9,147,119,6,22,141,97,81,11,5,44,35,3,6,195,92,83,5,4,103,84,3,16
S01006883,381,251,210,31,10,130,102,8,20,197,141,112,24,5,56,46,4,6,184,110,98,7,5,74,56,4,14
S01006884,727,471,406,55,10,256,194,23,39,365,264,219,39,6,101,84,12,5,362,207,187,16,4,155,110,11,34
S01006885,448,275,211,63,1,173,126,18,29,219,149,108,41,0,70,53,11,6,229,126,103,22,1,103,73,7,23
S01006886,617,430,322,89,19,187,125,18,44,301,221,159,58,4,80,58,13,9,316,209,163,31,15,107,67,5,35
S01006887,434,328,259,57,12,106,61,11,34,218,181,135,41,5,37,28,6,3,216,147,124,16,7,69,33,5,31
S01006888,624,456,336,104,16,168,95,25,48,310,244,165,73,6,66,42,15,9,314,212,171,31,10,102,53,10,39
S01006889,659,443,383,31,29,216,130,21,65,309,241,206,17,18,68,49,6,13,350,202,177,14,11,148,81,15,52
S01006890,521,380,319,42,19,141,98,14,29,262,212,173,28,11,50,41,7,2,259,168,146,14,8,91,57,7,27
S01006891,797,532,469,51,12,265,189,19,57,391,296,256,32,8,95,73,9,13,406,236,213,19,4,170,116,10,44
S01006892,493,341,304,25,12,152,105,6,41,237,179,151,21,7,58,46,2,10,256,162,153,4,5,94,59,4,31
S01006893,417,286,245,28,13,131,83,15,33,198,142,117,18,7,56,41,9,6,219,144,128,10,6,75,42,6,27
S01006894,820,492,438,40,14,328,262,19,47,392,270,232,30,8,122,104,10,8,428,222,206,10,6,206,158,9,39
S01006895,450,326,290,23,13,124,90,5,29,228,185,165,15,5,43,37,1,5,222,141,125,8,8,81,53,4,24
S01006896,681,460,417,31,12,221,170,16,35,331,247,216,21,10,84,75,4,5,350,213,201,10,2,137,95,12,30
S01006897,604,444,394,36,14,160,117,17,26,313,250,218,26,6,63,46,10,7,291,194,176,10,8,97,71,7,19
S01006898,613,443,396,34,13,170,118,9,43,292,236,204,24,8,56,44,2,10,321,207,192,10,5,114,74,7,33
S01006899,490,397,358,30,9,93,58,17,18,236,209,191,15,3,27,17,6,4,254,188,167,15,6,66,41,11,14
S01006900,504,379,353,20,6,125,77,19,29,249,204,186,14,4,45,26,8,11,255,175,167,6,2,80,51,11,18
S01006901,517,364,331,17,16,153,110,12,31,250,193,173,11,9,57,42,3,12,267,171,158,6,7,96,68,9,19
S01006902,540,388,348,27,13,152,90,14,48,268,214,190,16,8,54,37,5,12,272,174,158,11,5,98,53,9,36
S01006903,672,448,393,36,19,224,157,18,49,312,231,195,24,12,81,66,7,8,360,217,198,12,7,143,91,11,41
S01006904,604,379,330,34,15,225,176,13,36,275,196,168,22,6,79,62,4,13,329,183,162,12,9,146,114,9,23
S01006905,763,451,386,55,10,312,249,13,50,359,243,205,31,7,116,100,6,10,404,208,181,24,3,196,149,7,40
S01006906,732,412,355,35,22,320,254,12,54,332,216,175,24,17,116,96,4,16,400,196,180,11,5,204,158,8,38
S01006907,534,386,334,41,11,148,96,10,42,256,196,165,25,6,60,35,9,16,278,190,169,16,5,88,61,1,26
S01006908,713,471,417,32,22,242,176,17,49,338,257,221,22,14,81,61,8,12,375,214,196,10,8,161,115,9,37
S01006909,578,452,389,54,9,126,75,12,39,294,256,214,37,5,38,28,7,3,284,196,175,17,4,88,47,5,36
S01006910,701,541,430,99,12,160,96,23,41,365,299,229,62,8,66,43,14,9,336,242,201,37,4,94,53,9,32
S01006911,451,397,353,35,9,54,10,11,33,221,206,180,22,4,15,5,6,4,230,191,173,13,5,39,5,5,29
S01006912,378,285,214,59,12,93,54,13,26,197,158,109,42,7,39,25,6,8,181,127,105,17,5,54,29,7,18
S01006913,385,328,277,45,6,57,19,12,26,201,182,151,29,2,19,7,9,3,184,146,126,16,4,38,12,3,23
S01006914,590,466,370,88,8,124,65,18,41,303,264,200,60,4,39,25,8,6,287,202,170,28,4,85,40,10,35
S01006915,640,484,395,81,8,156,101,12,43,330,278,216,58,4,52,43,4,5,310,206,179,23,4,104,58,8,38
S01006916,397,307,272,25,10,90,31,18,41,189,162,139,19,4,27,14,7,6,208,145,133,6,6,63,17,11,35
S01006917,643,564,487,65,12,79,26,7,46,316,300,248,46,6,16,9,3,4,327,264,239,19,6,63,17,4,42
S01006918,376,269,231,30,8,107,68,8,31,182,142,118,19,5,40,31,4,5,194,127,113,11,3,67,37,4,26
S01006919,418,265,229,32,4,153,119,13,21,209,148,124,22,2,61,51,5,5,209,117,105,10,2,92,68,8,16
S01006920,409,272,240,26,6,137,106,8,23,198,146,127,14,5,52,43,4,5,211,126,113,12,1,85,63,4,18
S01006921,560,474,431,37,6,86,41,18,27,276,248,221,25,2,28,20,6,2,284,226,210,12,4,58,21,12,25
S01006922,407,278,225,46,7,129,86,16,27,208,158,124,31,3,50,35,10,5,199,120,101,15,4,79,51,6,22
S01006923,667,414,326,74,14,253,202,8,43,309,223,166,48,9,86,77,3,6,358,191,160,26,5,167,125,5,37
S01006924,439,348,257,83,8,91,47,15,29,221,199,140,56,3,22,16,3,3,218,149,117,27,5,69,31,12,26
S01006925,410,283,253,24,6,127,103,9,15,203,154,136,14,4,49,39,6,4,207,129,117,10,2,78,64,3,11
S01006926,538,444,387,40,17,94,58,3,33,271,241,197,35,9,30,26,1,3,267,203,190,5,8,64,32,2,30
S01006927,707,633,563,51,19,74,14,6,54,353,335,292,36,7,18,5,4,9,354,298,271,15,12,56,9,2,45
S01006928,825,637,553,71,13,188,120,19,49,410,345,293,45,7,65,47,11,7,415,292,260,26,6,123,73,8,42
S01006929,647,480,410,58,12,167,82,26,59,327,270,220,45,5,57,36,15,6,320,210,190,13,7,110,46,11,53
S01006930,762,546,462,67,17,216,155,26,35,371,289,234,49,6,82,67,10,5,391,257,228,18,11,134,88,16,30
S01006931,318,229,177,46,6,89,51,12,26,158,125,89,32,4,33,24,6,3,160,104,88,14,2,56,27,6,23
S01006932,433,354,297,42,15,79,18,21,40,203,182,146,29,7,21,9,10,2,230,172,151,13,8,58,9,11,38
S01006933,481,394,360,28,6,87,46,19,22,240,204,181,19,4,36,22,11,3,241,190,179,9,2,51,24,8,19
S01006934,527,324,252,64,8,203,121,17,65,248,183,137,43,3,65,42,4,19,279,141,115,21,5,138,79,13,46
S01006935,598,402,352,42,8,196,151,17,28,284,206,170,32,4,78,63,10,5,314,196,182,10,4,118,88,7,23
S01006936,521,358,311,32,15,163,114,16,33,240,185,156,20,9,55,45,7,3,281,173,155,12,6,108,69,9,30
S01006937,613,459,400,42,17,154,121,12,21,290,230,193,28,9,60,48,8,4,323,229,207,14,8,94,73,4,17
S01006938,456,311,276,26,9,145,113,10,22,211,157,133,19,5,54,40,7,7,245,154,143,7,4,91,73,3,15
S01006939,512,372,335,30,7,140,100,20,20,252,201,180,19,2,51,40,9,2,260,171,155,11,5,89,60,11,18
S01006940,787,568,494,61,13,219,139,36,44,388,305,253,45,7,83,63,14,6,399,263,241,16,6,136,76,22,38
S01006941,490,348,305,32,11,142,91,21,30,231,180,156,18,6,51,35,14,2,259,168,149,14,5,91,56,7,28
S01006942,842,618,531,77,10,224,134,33,57,393,320,263,54,3,73,52,13,8,449,298,268,23,7,151,82,20,49
S01006943,442,374,326,34,14,68,12,13,43,216,200,173,24,3,16,5,10,1,226,174,153,10,11,52,7,3,42
S01006944,621,546,488,49,9,75,13,22,40,303,285,242,38,5,18,3,9,6,318,261,246,11,4,57,10,13,34
S01006945,427,307,261,38,8,120,81,14,25,210,167,136,26,5,43,35,6,2,217,140,125,12,3,77,46,8,23
S01006946,650,505,437,56,12,145,89,23,33,318,272,227,37,8,46,30,11,5,332,233,210,19,4,99,59,12,28
S01006947,621,544,491,39,14,77,37,14,26,308,288,252,25,11,20,12,4,4,313,256,239,14,3,57,25,10,22
S01006948,732,490,403,79,8,242,189,18,35,345,260,208,50,2,85,71,7,7,387,230,195,29,6,157,118,11,28
S01006949,505,386,310,68,8,119,73,17,29,252,206,160,44,2,46,37,7,2,253,180,150,24,6,73,36,10,27
S01006950,382,336,307,24,5,46,10,6,30,185,172,155,14,3,13,3,3,7,197,164,152,10,2,33,7,3,23
S01006951,384,303,272,20,11,81,65,6,10,191,157,139,12,6,34,26,5,3,193,146,133,8,5,47,39,1,7
S01006952,712,489,397,78,14,223,164,17,42,364,282,215,61,6,82,63,7,12,348,207,182,17,8,141,101,10,30
S01006953,629,495,418,65,12,134,86,7,41,321,275,224,44,7,46,35,3,8,308,220,194,21,5,88,51,4,33
S01006954,665,506,431,63,12,159,111,20,28,339,276,226,40,10,63,47,11,5,326,230,205,23,2,96,64,9,23
S01006955,484,360,324,27,9,124,72,13,39,233,192,167,17,8,41,29,2,10,251,168,157,10,1,83,43,11,29
S01006956,815,675,596,58,21,140,66,21,53,409,361,310,39,12,48,26,12,10,406,314,286,19,9,92,40,9,43
S01006957,847,649,515,112,22,198,118,23,57,410,354,267,79,8,56,38,9,9,437,295,248,33,14,142,80,14,48
S01006958,790,458,395,52,11,332,272,19,41,374,249,211,36,2,125,110,8,7,416,209,184,16,9,207,162,11,34
S01006959,625,339,289,33,17,286,212,17,57,277,188,152,22,14,89,70,5,14,348,151,137,11,3,197,142,12,43
S01006960,677,571,492,64,15,106,30,24,52,328,304,255,43,6,24,9,9,6,349,267,237,21,9,82,21,15,46
S01006961,673,575,511,53,11,98,26,29,43,330,298,257,36,5,32,13,16,3,343,277,254,17,6,66,13,13,40
S01006962,778,502,450,35,17,276,230,15,31,372,276,243,24,9,96,84,2,10,406,226,207,11,8,180,146,13,21
S01006963,572,402,347,32,23,170,110,26,34,285,221,184,23,14,64,42,14,8,287,181,163,9,9,106,68,12,26
S01006964,638,499,448,37,14,139,87,16,36,337,287,248,28,11,50,37,6,7,301,212,200,9,3,89,50,10,29
S01006965,434,271,235,27,9,163,116,13,34,213,153,133,16,4,60,40,7,13,221,118,102,11,5,103,76,6,21
S01006966,489,347,302,22,23,142,94,20,28,223,164,135,14,15,59,37,11,11,266,183,167,8,8,83,57,9,17
S01006967,507,395,352,34,9,112,69,16,27,255,213,190,16,7,42,25,8,9,252,182,162,18,2,70,44,8,18
S01006968,434,312,283,25,4,122,94,8,20,201,163,139,21,3,38,26,6,6,233,149,144,4,1,84,68,2,14
S01006969,826,532,464,44,24,294,235,14,45,399,295,249,34,12,104,88,5,11,427,237,215,10,12,190,147,9,34
S01006970,568,422,387,28,7,146,78,22,46,270,223,199,21,3,47,33,8,6,298,199,188,7,4,99,45,14,40
S01006971,453,269,236,20,13,184,140,10,34,194,138,118,15,5,56,48,5,3,259,131,118,5,8,128,92,5,31
S01006972,422,322,245,65,12,100,59,17,24,223,182,125,49,8,41,23,12,6,199,140,120,16,4,59,36,5,18
S01006973,461,318,271,37,10,143,107,10,26,236,181,144,30,7,55,47,4,4,225,137,127,7,3,88,60,6,22
S01006974,814,621,514,84,23,193,128,18,47,396,332,274,50,8,64,51,10,3,418,289,240,34,15,129,77,8,44
S01006975,777,607,475,115,17,170,107,20,43,404,338,240,89,9,66,51,8,7,373,269,235,26,8,104,56,12,36
S01006976,375,285,216,63,6,90,51,9,30,199,161,115,44,2,38,25,4,9,176,124,101,19,4,52,26,5,21
S01006977,652,504,381,108,15,148,83,20,45,331,275,192,77,6,56,38,10,8,321,229,189,31,9,92,45,10,37
S01006978,718,492,399,77,16,226,146,21,59,370,284,217,57,10,86,60,9,17,348,208,182,20,6,140,86,12,42
S01006979,699,465,361,84,20,234,172,18,44,341,256,190,54,12,85,65,11,9,358,209,171,30,8,149,107,7,35
S01006980,687,503,409,76,18,184,112,23,49,346,280,218,50,12,66,50,9,7,341,223,191,26,6,118,62,14,42
S01006981,649,501,412,76,13,148,84,20,44,324,276,208,59,9,48,28,11,9,325,225,204,17,4,100,56,9,35
S01006982,683,527,449,61,17,156,98,20,38,327,277,224,44,9,50,36,10,4,356,250,225,17,8,106,62,10,34
S01006983,581,442,362,65,15,139,85,20,34,297,245,195,43,7,52,33,12,7,284,197,167,22,8,87,52,8,27
S01006984,566,436,338,89,9,130,76,17,37,290,247,182,59,6,43,29,6,8,276,189,156,30,3,87,47,11,29
S01006985,839,574,477,79,18,265,189,30,46,424,320,256,53,11,104,77,19,8,415,254,221,26,7,161,112,11,38
S01006986,514,379,332,32,15,135,73,16,46,242,205,169,27,9,37,20,9,8,272,174,163,5,6,98,53,7,38
S01006987,546,355,309,29,17,191,136,11,44,260,193,163,21,9,67,51,7,9,286,162,146,8,8,124,85,4,35
S01006988,455,362,284,63,15,93,47,20,26,223,188,142,41,5,35,18,13,4,232,174,142,22,10,58,29,7,22
S01006989,794,605,478,113,14,189,101,27,61,397,337,254,76,7,60,41,12,7,397,268,224,37,7,129,60,15,54
S01006990,657,540,439,83,18,117,45,30,42,327,286,219,59,8,41,18,18,5,330,254,220,24,10,76,27,12,37
S01006991,371,212,174,32,6,159,117,10,32,167,114,88,23,3,53,39,6,8,204,98,86,9,3,106,78,4,24
S01006992,501,368,276,83,9,133,73,26,34,265,214,150,59,5,51,30,12,9,236,154,126,24,4,82,43,14,25
S01006993,433,319,240,75,4,114,60,16,38,216,180,128,51,1,36,21,6,9,217,139,112,24,3,78,39,10,29
S01006994,495,361,293,58,10,134,73,15,46,270,212,158,48,6,58,32,8,18,225,149,135,10,4,76,41,7,28
S01006995,673,526,392,121,13,147,86,19,42,336,293,212,76,5,43,32,5,6,337,233,180,45,8,104,54,14,36
S01006996,604,442,364,64,14,162,97,17,48,297,235,193,37,5,62,43,9,10,307,207,171,27,9,100,54,8,38
S01006997,603,477,377,89,11,126,73,19,34,304,255,193,56,6,49,35,8,6,299,222,184,33,5,77,38,11,28
S01006998,899,670,528,126,16,229,150,26,53,454,364,260,94,10,90,65,17,8,445,306,268,32,6,139,85,9,45
S01006999,724,522,370,143,9,202,138,17,47,380,299,185,110,4,81,55,10,16,344,223,185,33,5,121,83,7,31
S01007000,766,526,443,62,21,240,180,16,44,370,288,225,49,14,82,70,6,6,396,238,218,13,7,158,110,10,38
S01007001,775,485,394,72,19,290,212,27,51,356,248,187,48,13,108,83,13,12,419,237,207,24,6,182,129,14,39
S01007002,450,315,248,55,12,135,70,14,51,224,172,122,39,11,52,27,5,20,226,143,126,16,1,83,43,9,31
S01007003,425,317,217,91,9,108,70,5,33,226,184,107,75,2,42,29,3,10,199,133,110,16,7,66,41,2,23
S01007004,588,419,320,96,3,169,101,21,47,308,234,156,76,2,74,47,12,15,280,185,164,20,1,95,54,9,32
S01007005,729,537,404,114,19,192,133,25,34,383,307,210,85,12,76,59,14,3,346,230,194,29,7,116,74,11,31
S01007006,735,483,363,93,27,252,175,17,60,375,277,207,57,13,98,76,7,15,360,206,156,36,14,154,99,10,45
S01007007,672,478,312,142,24,194,109,21,64,349,278,170,95,13,71,38,9,24,323,200,142,47,11,123,71,12,40
S01007008,870,529,455,56,18,341,215,23,103,418,275,224,41,10,143,81,19,43,452,254,231,15,8,198,134,4,60
S01007009,874,547,456,63,28,327,252,17,58,422,286,219,45,22,136,108,9,19,452,261,237,18,6,191,144,8,39
S01007010,720,381,306,51,24,339,288,15,36,316,195,149,32,14,121,102,9,10,404,186,157,19,10,218,186,6,26
S01007011,730,447,363,45,39,283,225,12,46,353,238,188,29,21,115,91,4,20,377,209,175,16,18,168,134,8,26
S01007012,571,341,292,14,35,230,153,18,59,264,171,138,11,22,93,60,10,23,307,170,154,3,13,137,93,8,36
S01007013,458,327,222,98,7,131,83,17,31,235,190,116,71,3,45,34,6,5,223,137,106,27,4,86,49,11,26
S01007014,806,604,466,118,20,202,122,23,57,409,343,246,84,13,66,44,12,10,397,261,220,34,7,136,78,11,47
S01007015,505,369,255,106,8,136,81,13,42,256,202,122,79,1,54,36,7,11,249,167,133,27,7,82,45,6,31
S01007016,478,368,275,79,14,110,52,17,41,249,217,151,60,6,32,16,7,9,229,151,124,19,8,78,36,10,32
S01007017,829,525,449,49,27,304,229,15,60,388,283,236,32,15,105,84,6,15,441,242,213,17,12,199,145,9,45
S01007018,793,503,431,54,18,290,228,16,46,385,265,219,39,7,120,103,9,8,408,238,212,15,11,170,125,7,38
S01007019,574,352,300,33,19,222,159,15,48,277,198,165,22,11,79,58,5,16,297,154,135,11,8,143,101,10,32
S01007020,675,409,340,48,21,266,197,18,51,316,220,182,31,7,96,71,9,16,359,189,158,17,14,170,126,9,35
S01007021,774,456,400,40,16,318,249,8,61,355,239,203,26,10,116,87,6,23,419,217,197,14,6,202,162,2,38
S01007022,391,231,186,32,13,160,103,15,42,182,118,94,18,6,64,41,6,17,209,113,92,14,7,96,62,9,25
S01007023,394,246,161,71,14,148,97,7,44,195,131,82,45,4,64,44,4,16,199,115,79,26,10,84,53,3,28
S01007024,877,540,376,145,19,337,232,33,72,430,289,179,98,12,141,102,14,25,447,251,197,47,7,196,130,19,47
S01007025,708,425,350,52,23,283,197,13,73,333,224,179,31,14,109,76,4,29,375,201,171,21,9,174,121,9,44
S01007026,774,407,327,61,19,367,286,18,63,371,229,177,41,11,142,110,9,23,403,178,150,20,8,225,176,9,40
S01007027,880,528,418,84,26,352,251,20,81,420,292,212,60,20,128,99,8,21,460,236,206,24,6,224,152,12,60
S01007028,614,404,282,108,14,210,136,18,56,324,231,148,74,9,93,57,9,27,290,173,134,34,5,117,79,9,29
S01007029,458,310,192,104,14,148,101,11,36,235,175,96,75,4,60,43,5,12,223,135,96,29,10,88,58,6,24
S01007030,663,417,340,58,19,246,166,13,67,323,235,180,41,14,88,69,3,16,340,182,160,17,5,158,97,10,51
S01007031,517,317,243,53,21,200,126,18,56,264,182,131,40,11,82,54,8,20,253,135,112,13,10,118,72,10,36
S01007032,833,488,383,57,48,345,238,31,76,424,277,212,34,31,147,93,15,39,409,211,171,23,17,198,145,16,37
S01007033,603,381,342,15,24,222,148,18,56,279,204,181,9,14,75,58,7,10,324,177,161,6,10,147,90,11,46
S01007034,494,324,271,32,21,170,102,23,45,233,176,144,20,12,57,37,11,9,261,148,127,12,9,113,65,12,36
S01007035,643,374,317,33,24,269,176,17,76,282,185,149,21,15,97,56,8,33,361,189,168,12,9,172,120,9,43
S01007036,800,452,364,74,14,348,242,29,77,378,243,182,53,8,135,91,17,27,422,209,182,21,6,213,151,12,50
S01007037,830,528,455,49,24,302,205,25,72,381,263,215,36,12,118,78,13,27,449,265,240,13,12,184,127,12,45
S01007038,613,418,340,54,24,195,104,24,67,302,234,184,37,13,68,41,6,21,311,184,156,17,11,127,63,18,46
S01007039,685,435,360,42,33,250,150,26,74,337,235,185,30,20,102,65,14,23,348,200,175,12,13,148,85,12,51
S01007040,537,324,269,31,24,213,148,19,46,248,166,132,20,14,82,59,8,15,289,158,137,11,10,131,89,11,31
S01007041,628,406,324,50,32,222,150,19,53,317,230,178,35,17,87,58,7,22,311,176,146,15,15,135,92,12,31
S01007042,598,374,287,60,27,224,150,23,51,297,214,160,38,16,83,62,10,11,301,160,127,22,11,141,88,13,40
S01007043,835,600,425,160,15,235,151,15,69,435,347,222,114,11,88,61,9,18,400,253,203,46,4,147,90,6,51
S01007044,581,321,229,82,10,260,165,25,70,276,176,108,64,4,100,68,10,22,305,145,121,18,6,160,97,15,48
S01007045,683,454,284,144,26,229,152,18,59,341,247,135,98,14,94,70,6,18,342,207,149,46,12,135,82,12,41
S01007046,509,328,267,58,3,181,104,23,54,259,188,140,46,2,71,45,7,19,250,140,127,12,1,110,59,16,35
S01007047,550,377,265,97,15,173,110,23,40,267,205,135,66,4,62,47,8,7,283,172,130,31,11,111,63,15,33
S01007048,775,532,380,128,24,243,152,28,63,414,321,216,90,15,93,65,12,16,361,211,164,38,9,150,87,16,47
S01007049,767,493,413,52,28,274,178,15,81,380,267,215,38,14,113,76,3,34,387,226,198,14,14,161,102,12,47
S01007050,547,334,258,61,15,213,146,12,55,275,190,134,45,11,85,59,5,21,272,144,124,16,4,128,87,7,34
S01007051,614,435,376,47,12,179,124,13,42,301,234,187,38,9,67,47,9,11,313,201,189,9,3,112,77,4,31
S01007052,473,320,255,50,15,153,90,19,44,233,176,134,38,4,57,39,8,10,240,144,121,12,11,96,51,11,34
S01007053,402,278,202,63,13,124,85,12,27,206,156,111,41,4,50,39,6,5,196,122,91,22,9,74,46,6,22
S01007054,803,506,430,49,27,297,211,10,76,388,273,225,37,11,115,83,4,28,415,233,205,12,16,182,128,6,48
S01007055,422,321,219,91,11,101,59,14,28,224,180,114,65,1,44,28,4,12,198,141,105,26,10,57,31,10,16
S01007056,528,378,251,107,20,150,95,24,31,275,216,135,75,6,59,38,16,5,253,162,116,32,14,91,57,8,26
S01007057,459,249,212,25,12,210,169,9,32,218,133,109,18,6,85,71,4,10,241,116,103,7,6,125,98,5,22
S01007058,502,269,235,23,11,233,186,10,37,231,146,118,19,9,85,69,3,13,271,123,117,4,2,148,117,7,24
S01007059,813,510,432,56,22,303,198,28,77,393,276,233,34,9,117,85,13,19,420,234,199,22,13,186,113,15,58
S01007060,485,316,257,24,35,169,86,22,61,224,158,119,18,21,66,39,10,17,261,158,138,6,14,103,47,12,44
S01007061,739,576,449,109,18,163,99,20,44,378,318,234,73,11,60,43,9,8,361,258,215,36,7,103,56,11,36
S01007062,565,423,305,104,14,142,84,23,35,302,243,158,73,12,59,39,15,5,263,180,147,31,2,83,45,8,30
S01007063,549,361,305,46,10,188,133,18,37,252,190,150,34,6,62,50,5,7,297,171,155,12,4,126,83,13,30
S01007064,528,392,279,101,12,136,76,13,47,268,210,138,67,5,58,36,8,14,260,182,141,34,7,78,40,5,33
S01007065,474,325,269,50,6,149,99,13,37,238,180,145,31,4,58,42,9,7,236,145,124,19,2,91,57,4,30
S01007066,537,386,291,82,13,151,78,22,51,286,230,160,62,8,56,33,10,13,251,156,131,20,5,95,45,12,38
S01007067,489,339,294,30,15,150,109,11,30,252,198,172,17,9,54,43,4,7,237,141,122,13,6,96,66,7,23
S01007068,625,378,301,59,18,247,168,16,63,284,204,158,37,9,80,56,4,20,341,174,143,22,9,167,112,12,43
S01007069,644,435,364,47,24,209,115,16,78,325,246,204,32,10,79,53,4,22,319,189,160,15,14,130,62,12,56
S01007070,429,288,239,26,23,141,76,5,60,216,156,120,23,13,60,32,2,26,213,132,119,3,10,81,44,3,34
S01007071,688,497,438,44,15,191,116,17,58,339,272,231,30,11,67,41,12,14,349,225,207,14,4,124,75,5,44
S01007072,513,399,338,44,17,114,65,11,38,255,216,173,32,11,39,25,8,6,258,183,165,12,6,75,40,3,32
S01007073,903,524,447,57,20,379,171,19,189,525,302,247,43,12,223,75,9,139,378,222,200,14,8,156,96,10,50
S01007074,549,393,333,30,30,156,105,9,42,260,203,164,22,17,57,44,4,9,289,190,169,8,13,99,61,5,33
S01007075,585,398,371,8,19,187,122,11,54,267,203,188,5,10,64,48,5,11,318,195,183,3,9,123,74,6,43
S01007076,599,441,385,31,25,158,89,10,59,302,241,207,19,15,61,38,8,15,297,200,178,12,10,97,51,2,44
S01007077,594,379,337,21,21,215,166,10,39,278,196,168,15,13,82,70,4,8,316,183,169,6,8,133,96,6,31
S01007078,717,436,361,34,41,281,197,15,69,335,232,184,22,26,103,74,7,22,382,204,177,12,15,178,123,8,47
S01007079,858,488,413,38,37,370,258,15,97,411,279,230,29,20,132,86,6,40,447,209,183,9,17,238,172,9,57
S01007080,669,388,330,22,36,281,191,28,62,323,210,164,20,26,113,73,13,27,346,178,166,2,10,168,118,15,35
S01007081,734,500,425,40,35,234,98,25,111,353,275,224,32,19,78,35,8,35,381,225,201,8,16,156,63,17,76
S01007082,439,300,251,26,23,139,65,16,58,208,154,119,18,17,54,24,9,21,231,146,132,8,6,85,41,7,37
S01007083,794,429,367,27,35,365,210,26,129,395,244,205,20,19,151,91,10,50,399,185,162,7,16,214,119,16,79
S01007084,557,302,260,33,9,255,201,12,42,243,162,131,24,7,81,63,4,14,314,140,129,9,2,174,138,8,28
S01007085,684,490,390,54,46,194,101,23,70,352,275,214,34,27,77,41,6,30,332,215,176,20,19,117,60,17,40
S01007086,917,665,540,32,93,252,96,31,125,468,361,289,20,52,107,46,14,47,449,304,251,12,41,145,50,17,78
S01007087,753,497,416,34,47,256,157,20,79,380,272,222,25,25,108,64,12,32,373,225,194,9,22,148,93,8,47
S01007088,437,263,209,19,35,174,60,15,99,212,139,107,14,18,73,31,9,33,225,124,102,5,17,101,29,6,66
S01007089,423,284,238,37,9,139,96,8,35,212,164,129,28,7,48,38,2,8,211,120,109,9,2,91,58,6,27
S01007090,451,346,298,35,13,105,74,9,22,244,202,163,27,12,42,32,4,6,207,144,135,8,1,63,42,5,16
S01007091,587,446,390,27,29,141,23,30,88,270,226,195,16,15,44,10,15,19,317,220,195,11,14,97,13,15,69
S01007092,537,311,274,18,19,226,153,10,63,230,152,127,13,12,78,57,3,18,307,159,147,5,7,148,96,7,45
S01007093,853,549,489,48,12,304,243,17,44,422,301,258,35,8,121,103,10,8,431,248,231,13,4,183,140,7,36
S01007094,759,498,419,69,10,261,183,12,66,374,277,216,53,8,97,78,5,14,385,221,203,16,2,164,105,7,52
S01007095,447,301,220,74,7,146,82,16,48,230,169,116,51,2,61,35,10,16,217,132,104,23,5,85,47,6,32
S01007096,645,475,392,73,10,170,106,17,47,329,265,208,50,7,64,46,8,10,316,210,184,23,3,106,60,9,37
S01007097,396,293,235,50,8,103,65,14,24,198,166,122,39,5,32,25,5,2,198,127,113,11,3,71,40,9,22
S01007098,640,455,350,97,8,185,102,16,67,315,251,178,68,5,64,44,8,12,325,204,172,29,3,121,58,8,55
S01007099,694,504,383,105,16,190,114,17,59,354,283,208,68,7,71,48,8,15,340,221,175,37,9,119,66,9,44
S01007100,601,406,332,60,14,195,116,22,57,310,232,181,44,7,78,44,13,21,291,174,151,16,7,117,72,9,36
S01007101,706,438,359,40,39,268,170,19,79,329,235,189,27,19,94,67,4,23,377,203,170,13,20,174,103,15,56
S01007102,590,386,303,66,17,204,122,21,61,300,213,159,45,9,87,52,10,25,290,173,144,21,8,117,70,11,36
S01007103,678,435,350,69,16,243,147,33,63,330,243,177,57,9,87,58,15,14,348,192,173,12,7,156,89,18,49
S01007104,398,250,178,66,6,148,89,8,51,200,138,87,48,3,62,41,5,16,198,112,91,18,3,86,48,3,35
S01007105,447,257,218,30,9,190,130,11,49,206,139,109,25,5,67,54,2,11,241,118,109,5,4,123,76,9,38
S01007106,615,357,289,46,22,258,165,22,71,304,199,149,38,12,105,65,13,27,311,158,140,8,10,153,100,9,44
S01007107,543,374,280,84,10,169,104,18,47,272,213,149,59,5,59,44,7,8,271,161,131,25,5,110,60,11,39
S01007108,468,315,211,92,12,153,102,10,41,243,173,103,67,3,70,47,7,16,225,142,108,25,9,83,55,3,25
S01007109,668,404,329,47,28,264,162,20,82,326,222,179,29,14,104,61,8,35,342,182,150,18,14,160,101,12,47
S01007110,608,396,326,45,25,212,121,22,69,287,209,164,34,11,78,48,10,20,321,187,162,11,14,134,73,12,49
S01007111,435,268,231,23,14,167,102,19,46,219,146,125,18,3,73,47,11,15,216,122,106,5,11,94,55,8,31
S01007112,475,300,228,58,14,175,135,12,28,241,170,122,41,7,71,52,6,13,234,130,106,17,7,104,83,6,15
S01007113,488,268,209,48,11,220,176,8,36,239,156,120,29,7,83,68,5,10,249,112,89,19,4,137,108,3,26
S01007114,745,464,420,35,9,281,197,24,60,367,256,218,31,7,111,80,14,17,378,208,202,4,2,170,117,10,43
S01007115,584,347,303,31,13,237,156,23,58,282,193,158,26,9,89,60,10,19,302,154,145,5,4,148,96,13,39
S01007116,732,557,441,92,24,175,64,33,78,372,311,229,70,12,61,30,17,14,360,246,212,22,12,114,34,16,64
S01007117,398,252,203,43,6,146,101,15,30,197,140,103,34,3,57,45,5,7,201,112,100,9,3,89,56,10,23
S01007118,531,365,315,20,30,166,73,18,75,248,183,154,14,15,65,28,8,29,283,182,161,6,15,101,45,10,46
S01007119,658,422,365,29,28,236,116,29,91,318,222,188,22,12,96,49,17,30,340,200,177,7,16,140,67,12,61
S01007120,907,591,513,27,51,316,157,32,127,437,322,271,20,31,115,61,11,43,470,269,242,7,20,201,96,21,84
S01007121,466,226,194,16,16,240,177,14,49,214,132,108,13,11,82,48,8,26,252,94,86,3,5,158,129,6,23
S01007122,506,311,265,35,11,195,122,14,59,240,166,131,29,6,74,49,7,18,266,145,134,6,5,121,73,7,41
S01007123,566,328,291,21,16,238,163,17,58,276,189,162,16,11,87,62,7,18,290,139,129,5,5,151,101,10,40
S01007124,749,500,433,41,26,249,169,26,54,358,269,226,35,8,89,64,12,13,391,231,207,6,18,160,105,14,41
S01007125,676,418,351,33,34,258,145,21,92,331,235,188,25,22,96,60,8,28,345,183,163,8,12,162,85,13,64
S01007126,723,454,383,25,46,269,94,31,144,346,235,189,19,27,111,42,20,49,377,219,194,6,19,158,52,11,95
S01007127,833,599,503,41,55,234,107,25,102,433,339,269,33,37,94,43,6,45,400,260,234,8,18,140,64,19,57
S01007128,696,392,329,27,36,304,198,23,83,323,206,166,21,19,117,83,4,30,373,186,163,6,17,187,115,19,53
S01007129,739,517,431,75,11,222,161,25,36,357,267,211,50,6,90,71,11,8,382,250,220,25,5,132,90,14,28
S01007130,530,327,272,41,14,203,160,12,31,248,167,127,29,11,81,67,5,9,282,160,145,12,3,122,93,7,22
S01007131,655,417,368,34,15,238,201,16,21,301,210,173,27,10,91,79,5,7,354,207,195,7,5,147,122,11,14
S01007132,590,370,320,42,8,220,187,23,10,276,182,147,31,4,94,81,11,2,314,188,173,11,4,126,106,12,8
S01007133,554,379,287,84,8,175,119,30,26,269,194,132,56,6,75,51,12,12,285,185,155,28,2,100,68,18,14
S01007134,611,409,305,88,16,202,149,13,40,297,212,136,68,8,85,55,6,24,314,197,169,20,8,117,94,7,16
S01007135,437,291,218,63,10,146,113,15,18,219,153,106,42,5,66,54,9,3,218,138,112,21,5,80,59,6,15
S01007136,403,294,210,72,12,109,68,22,19,199,150,95,49,6,49,30,15,4,204,144,115,23,6,60,38,7,15
S01007137,519,439,360,58,21,80,37,24,19,270,237,187,41,9,33,14,14,5,249,202,173,17,12,47,23,10,14
S01007138,477,333,261,59,13,144,111,14,19,237,172,124,41,7,65,52,5,8,240,161,137,18,6,79,59,9,11
S01007139,627,414,316,70,28,213,166,14,33,308,215,147,51,17,93,75,6,12,319,199,169,19,11,120,91,8,21
S01007140,826,523,404,93,26,303,208,38,57,408,282,198,68,16,126,92,19,15,418,241,206,25,10,177,116,19,42
S01007141,541,368,295,63,10,173,113,18,42,273,203,147,47,9,70,46,10,14,268,165,148,16,1,103,67,8,28
S01007142,453,315,275,33,7,138,59,30,49,219,161,137,19,5,58,20,20,18,234,154,138,14,2,80,39,10,31
S01007143,435,374,331,37,6,61,29,11,21,212,192,165,23,4,20,13,4,3,223,182,166,14,2,41,16,7,18
S01007144,614,398,283,92,23,216,148,18,50,310,216,138,61,17,94,70,6,18,304,182,145,31,6,122,78,12,32
S01007145,773,414,351,43,20,359,309,16,34,352,213,169,32,12,139,119,8,12,421,201,182,11,8,220,190,8,22
S01007146,606,346,301,29,16,260,204,27,29,291,183,150,20,13,108,86,15,7,315,163,151,9,3,152,118,12,22
S01007147,607,364,317,33,14,243,197,19,27,293,186,155,21,10,107,88,11,8,314,178,162,12,4,136,109,8,19
S01007148,444,289,239,33,17,155,111,21,23,221,147,111,24,12,74,51,14,9,223,142,128,9,5,81,60,7,14
S01007149,472,264,236,21,7,208,182,9,17,225,136,115,16,5,89,83,4,2,247,128,121,5,2,119,99,5,15
S01007150,697,292,233,50,9,405,369,21,15,320,165,119,40,6,155,140,11,4,377,127,114,10,3,250,229,10,11
S01007151,714,464,395,48,21,250,190,22,38,338,242,192,35,15,96,75,13,8,376,222,203,13,6,154,115,9,30
S01007152,476,279,241,25,13,197,166,13,18,218,139,115,17,7,79,64,7,8,258,140,126,8,6,118,102,6,10
S01007153,526,304,259,35,10,222,183,13,26,252,156,123,26,7,96,82,8,6,274,148,136,9,3,126,101,5,20
S01007154,712,349,295,33,21,363,302,15,46,305,175,140,20,15,130,106,5,19,407,174,155,13,6,233,196,10,27
S01007155,541,301,255,34,12,240,206,16,18,251,159,125,26,8,92,77,8,7,290,142,130,8,4,148,129,8,11
S01007156,608,383,325,35,23,225,158,19,48,292,209,170,23,16,83,66,7,10,316,174,155,12,7,142,92,12,38
S01007157,503,365,304,35,26,138,88,8,42,236,182,147,21,14,54,41,4,9,267,183,157,14,12,84,47,4,33
S01007158,740,535,463,40,32,205,134,18,53,372,287,239,29,19,85,62,10,13,368,248,224,11,13,120,72,8,40
S01007159,687,430,350,46,34,257,170,25,62,320,219,166,31,22,101,69,11,21,367,211,184,15,12,156,101,14,41
S01007160,676,399,319,40,40,277,191,27,59,304,198,148,28,22,106,72,17,17,372,201,171,12,18,171,119,10,42
S01007161,576,351,287,39,25,225,148,30,47,264,172,135,25,12,92,63,12,17,312,179,152,14,13,133,85,18,30
S01007162,422,255,218,19,18,167,122,11,34,190,125,104,11,10,65,50,3,12,232,130,114,8,8,102,72,8,22
S01007163,745,413,346,44,23,332,268,23,41,340,201,154,29,18,139,117,10,12,405,212,192,15,5,193,151,13,29
S01007164,503,278,232,29,17,225,177,27,21,225,130,103,17,10,95,74,13,8,278,148,129,12,7,130,103,14,13
S01007165,707,407,323,63,21,300,234,23,43,321,214,161,43,10,107,80,11,16,386,193,162,20,11,193,154,12,27
S01007166,562,316,266,37,13,246,202,16,28,264,173,135,26,12,91,79,6,6,298,143,131,11,1,155,123,10,22
S01007167,679,415,345,57,13,264,213,17,34,321,210,165,37,8,111,94,9,8,358,205,180,20,5,153,119,8,26
S01007168,842,516,448,52,16,326,275,23,28,402,269,221,39,9,133,123,6,4,440,247,227,13,7,193,152,17,24
S01007169,636,393,335,35,23,243,183,32,28,293,200,162,25,13,93,71,16,6,343,193,173,10,10,150,112,16,22
S01007170,542,385,258,96,31,157,98,18,41,280,212,118,72,22,68,50,9,9,262,173,140,24,9,89,48,9,32
S01007171,742,526,413,96,17,216,146,20,50,416,323,253,58,12,93,69,7,17,326,203,160,38,5,123,77,13,33
S01007172,701,385,289,74,22,316,235,14,67,351,219,149,54,16,132,108,6,18,350,166,140,20,6,184,127,8,49
S01007173,670,511,438,50,23,159,95,29,35,325,265,211,40,14,60,37,16,7,345,246,227,10,9,99,58,13,28
S01007174,681,456,376,48,32,225,130,32,63,327,241,194,30,17,86,52,17,17,354,215,182,18,15,139,78,15,46
S01007175,548,281,251,19,11,267,211,15,41,261,148,131,11,6,113,93,5,15,287,133,120,8,5,154,118,10,26
S01007176,557,340,295,25,20,217,153,16,48,273,186,159,17,10,87,66,9,12,284,154,136,8,10,130,87,7,36
S01007177,508,300,236,18,46,208,142,17,49,243,159,114,14,31,84,65,4,15,265,141,122,4,15,124,77,13,34
S01007178,837,518,406,49,63,319,172,27,120,395,267,196,32,39,128,70,18,40,442,251,210,17,24,191,102,9,80
S01007179,870,510,446,42,22,360,290,26,44,411,261,219,31,11,150,125,10,15,459,249,227,11,11,210,165,16,29
S01007180,634,337,269,47,21,297,246,15,36,296,170,123,33,14,126,105,10,11,338,167,146,14,7,171,141,5,25
S01007181,704,372,282,68,22,332,232,37,63,332,195,137,47,11,137,93,20,24,372,177,145,21,11,195,139,17,39
S01007182,907,532,437,66,29,375,272,31,72,406,271,214,38,19,135,100,10,25,501,261,223,28,10,240,172,21,47
S01007183,939,529,434,56,39,410,301,30,79,434,271,215,38,18,163,110,20,33,505,258,219,18,21,247,191,10,46
S01007184,916,553,450,37,66,363,241,29,93,432,275,215,21,39,157,97,16,44,484,278,235,16,27,206,144,13,49
S01007185,692,389,304,38,47,303,170,24,109,313,199,144,29,26,114,53,10,51,379,190,160,9,21,189,117,14,58
S01007186,494,308,232,24,52,186,77,22,87,231,160,113,15,32,71,22,12,37,263,148,119,9,20,115,55,10,50
S01007187,707,422,327,43,52,285,190,19,76,354,232,169,27,36,122,81,14,27,353,190,158,16,16,163,109,5,49
S01007188,515,350,281,42,27,165,93,14,58,263,191,143,30,18,72,39,8,25,252,159,138,12,9,93,54,6,33
S01007189,710,348,264,38,46,362,272,20,70,299,183,129,26,28,116,83,10,23,411,165,135,12,18,246,189,10,47
S01007190,711,364,299,51,14,347,273,22,52,342,197,149,38,10,145,114,11,20,369,167,150,13,4,202,159,11,32
S01007191,511,335,268,33,34,176,123,10,43,248,177,130,24,23,71,50,6,15,263,158,138,9,11,105,73,4,28
S01007192,501,307,251,20,36,194,111,20,63,233,155,119,14,22,78,38,15,25,268,152,132,6,14,116,73,5,38
S01007193,608,376,303,35,38,232,120,34,78,290,205,154,25,26,85,44,18,23,318,171,149,10,12,147,76,16,55
S01007194,463,277,206,17,54,186,96,20,70,213,141,96,11,34,72,41,11,20,250,136,110,6,20,114,55,9,50
S01007195,436,259,197,24,38,177,101,24,52,206,131,95,14,22,75,44,15,16,230,128,102,10,16,102,57,9,36
S01007196,540,369,297,19,53,171,63,29,79,247,192,151,13,28,55,21,13,21,293,177,146,6,25,116,42,16,58
S01007197,457,308,223,18,67,149,56,18,75,208,158,105,14,39,50,19,7,24,249,150,118,4,28,99,37,11,51
S01007198,402,258,190,22,46,144,80,15,49,184,133,91,15,27,51,34,7,10,218,125,99,7,19,93,46,8,39
S01007199,601,366,282,17,67,235,97,39,99,288,184,129,14,41,104,44,25,35,313,182,153,3,26,131,53,14,64
S01007200,715,477,408,35,34,238,139,29,70,346,247,200,25,22,99,53,19,27,369,230,208,10,12,139,86,10,43
S01007201,625,352,297,24,31,273,180,22,71,303,195,158,18,19,108,73,10,25,322,157,139,6,12,165,107,12,46
S01007202,619,384,302,31,51,235,141,17,77,300,209,160,21,28,91,57,8,26,319,175,142,10,23,144,84,9,51
S01007203,518,344,288,32,24,174,110,16,48,242,173,137,23,13,69,45,10,14,276,171,151,9,11,105,65,6,34
S01007204,825,538,406,111,21,287,166,19,102,397,281,199,69,13,116,75,10,31,428,257,207,42,8,171,91,9,71
S01007205,583,356,261,75,20,227,135,41,51,296,190,133,47,10,106,66,22,18,287,166,128,28,10,121,69,19,33
S01007206,331,193,164,17,12,138,101,6,31,156,106,87,11,8,50,41,2,7,175,87,77,6,4,88,60,4,24
S01007207,754,478,400,53,25,276,204,17,55,371,253,204,35,14,118,89,6,23,383,225,196,18,11,158,115,11,32
S01007208,808,517,419,24,74,291,155,30,106,399,282,223,16,43,117,66,13,38,409,235,196,8,31,174,89,17,68
S01007209,671,391,313,46,32,280,190,16,74,306,216,165,33,18,90,54,5,31,365,175,148,13,14,190,136,11,43
S01007210,628,416,343,30,43,212,122,16,74,290,220,178,20,22,70,44,5,21,338,196,165,10,21,142,78,11,53
S01007211,805,457,374,37,46,348,214,33,101,399,247,191,27,29,152,82,19,51,406,210,183,10,17,196,132,14,50
S01007212,456,295,240,35,20,161,112,15,34,219,162,123,27,12,57,46,6,5,237,133,117,8,8,104,66,9,29
S01007213,789,422,346,48,28,367,278,27,62,369,225,173,36,16,144,109,16,19,420,197,173,12,12,223,169,11,43
S01007214,656,358,289,35,34,298,197,18,83,298,183,133,27,23,115,66,9,40,358,175,156,8,11,183,131,9,43
S01007215,650,403,332,40,31,247,171,20,56,317,210,167,25,18,107,72,13,22,333,193,165,15,13,140,99,7,34
S01007216,616,371,309,41,21,245,186,15,44,289,200,165,23,12,89,72,5,12,327,171,144,18,9,156,114,10,32
S01007217,787,481,394,44,43,306,176,30,100,364,250,188,33,29,114,64,13,37,423,231,206,11,14,192,112,17,63
S01007218,722,446,372,59,15,276,212,22,42,361,251,201,45,5,110,92,12,6,361,195,171,14,10,166,120,10,36
S01007219,675,406,346,34,26,269,178,23,68,331,214,173,23,18,117,77,11,29,344,192,173,11,8,152,101,12,39
S01007220,556,364,309,29,26,192,113,11,68,281,194,159,21,14,87,55,4,28,275,170,150,8,12,105,58,7,40
S01007221,525,323,261,47,15,202,144,15,43,252,178,135,33,10,74,62,6,6,273,145,126,14,5,128,82,9,37
S01007222,640,417,350,39,28,223,128,20,75,308,222,187,26,9,86,54,9,23,332,195,163,13,19,137,74,11,52
S01007223,416,280,239,28,13,136,99,9,28,213,161,135,17,9,52,42,6,4,203,119,104,11,4,84,57,3,24
S01007224,491,284,232,42,10,207,166,9,32,222,149,116,27,6,73,60,5,8,269,135,116,15,4,134,106,4,24
S01007225,721,491,379,96,16,230,148,21,61,357,268,191,69,8,89,65,6,18,364,223,188,27,8,141,83,15,43
S01007226,669,453,305,123,25,216,137,24,55,336,254,154,86,14,82,59,14,9,333,199,151,37,11,134,78,10,46
S01007227,780,484,388,65,31,296,230,20,46,387,253,194,38,21,134,106,10,18,393,231,194,27,10,162,124,10,28
S01007228,517,348,245,84,19,169,94,22,53,267,197,119,68,10,70,42,8,20,250,151,126,16,9,99,52,14,33
S01007229,915,632,470,138,24,283,181,33,69,469,358,247,99,12,111,75,17,19,446,274,223,39,12,172,106,16,50
S01007230,588,365,292,23,50,223,120,28,75,290,197,151,15,31,93,50,14,29,298,168,141,8,19,130,70,14,46
S01007231,576,312,251,22,39,264,173,24,67,267,168,133,17,18,99,66,8,25,309,144,118,5,21,165,107,16,42
S01007232,601,350,285,15,50,251,149,22,80,289,187,142,10,35,102,61,9,32,312,163,143,5,15,149,88,13,48
S01007233,647,428,338,53,37,219,143,19,57,310,228,177,35,16,82,60,6,16,337,200,161,18,21,137,83,13,41
S01007234,505,297,245,25,27,208,147,22,39,238,156,116,20,20,82,62,8,12,267,141,129,5,7,126,85,14,27
S01007235,659,395,326,36,33,264,200,14,50,317,217,172,23,22,100,75,8,17,342,178,154,13,11,164,125,6,33
S01007236,521,335,277,37,21,186,130,18,38,247,175,136,28,11,72,47,11,14,274,160,141,9,10,114,83,7,24
S01007237,608,371,317,41,13,237,184,19,34,278,192,160,29,3,86,70,10,6,330,179,157,12,10,151,114,9,28
S01007238,778,487,421,38,28,291,221,29,41,365,252,212,24,16,113,84,14,15,413,235,209,14,12,178,137,15,26
S01007239,745,373,307,55,11,372,298,34,40,332,203,158,42,3,129,103,15,11,413,170,149,13,8,243,195,19,29
S01007240,463,310,225,71,14,153,108,13,32,239,177,117,51,9,62,48,9,5,224,133,108,20,5,91,60,4,27
S01007241,507,352,254,90,8,155,109,21,25,259,194,131,58,5,65,46,11,8,248,158,123,32,3,90,63,10,17
S01007242,833,496,401,69,26,337,267,25,45,379,246,189,46,11,133,112,11,10,454,250,212,23,15,204,155,14,35
S01007243,504,312,254,38,20,192,138,21,33,250,174,132,29,13,76,54,10,12,254,138,122,9,7,116,84,11,21
S01007244,620,372,282,74,16,248,193,18,37,309,203,144,49,10,106,88,6,12,311,169,138,25,6,142,105,12,25
S01007245,583,368,278,77,13,215,164,13,38,287,201,137,58,6,86,67,3,16,296,167,141,19,7,129,97,10,22
S01007246,473,324,249,58,17,149,100,18,31,244,183,128,46,9,61,39,6,16,229,141,121,12,8,88,61,12,15
S01007247,530,350,276,62,12,180,121,10,49,260,176,131,38,7,84,57,6,21,270,174,145,24,5,96,64,4,28
S01007248,643,366,297,57,12,277,224,25,28,312,200,150,42,8,112,91,12,9,331,166,147,15,4,165,133,13,19
S01007249,371,186,157,20,9,185,151,9,25,178,98,75,17,6,80,67,6,7,193,88,82,3,3,105,84,3,18
S01007250,716,490,415,44,31,226,165,16,45,348,258,208,28,22,90,58,8,24,368,232,207,16,9,136,107,8,21
S01007251,422,247,199,34,14,175,137,10,28,189,122,91,22,9,67,56,4,7,233,125,108,12,5,108,81,6,21
S01007252,642,421,346,54,21,221,149,27,45,310,237,187,37,13,73,55,11,7,332,184,159,17,8,148,94,16,38
S01007253,687,405,339,42,24,282,227,18,37,337,211,169,29,13,126,98,11,17,350,194,170,13,11,156,129,7,20
S01007254,679,376,314,29,33,303,195,16,92,309,190,152,20,18,119,73,7,39,370,186,162,9,15,184,122,9,53
S01007255,613,414,318,21,75,199,117,10,72,295,215,157,18,40,80,55,6,19,318,199,161,3,35,119,62,4,53
S01007256,647,428,357,35,36,219,152,15,52,309,222,176,27,19,87,63,12,12,338,206,181,8,17,132,89,3,40
S01007257,486,317,254,30,33,169,90,22,57,240,174,137,21,16,66,34,11,21,246,143,117,9,17,103,56,11,36
S01007258,733,417,332,52,33,316,216,27,73,347,225,166,36,23,122,79,17,26,386,192,166,16,10,194,137,10,47
S01007259,722,418,348,34,36,304,202,22,80,330,211,169,25,17,119,75,12,32,392,207,179,9,19,185,127,10,48
S01007260,719,489,373,37,79,230,117,26,87,335,250,184,24,42,85,49,10,26,384,239,189,13,37,145,68,16,61
S01007261,683,399,335,42,22,284,225,14,45,335,212,168,32,12,123,101,7,15,348,187,167,10,10,161,124,7,30
S01007262,585,385,331,12,42,200,141,13,46,282,195,162,9,24,87,62,6,19,303,190,169,3,18,113,79,7,27
S01007263,653,393,348,22,23,260,209,21,30,297,207,179,14,14,90,76,9,5,356,186,169,8,9,170,133,12,25
S01007264,663,364,322,29,13,299,237,16,46,309,199,177,18,4,110,81,9,20,354,165,145,11,9,189,156,7,26
S01007265,902,553,472,49,32,349,233,32,84,418,289,235,31,23,129,86,12,31,484,264,237,18,9,220,147,20,53
S01007266,569,378,328,39,11,191,138,16,37,273,204,166,30,8,69,53,6,10,296,174,162,9,3,122,85,10,27
S01007267,439,313,220,76,17,126,89,14,23,228,180,115,58,7,48,37,6,5,211,133,105,18,10,78,52,8,18
S01007268,496,333,226,88,19,163,106,24,33,256,181,111,61,9,75,52,10,13,240,152,115,27,10,88,54,14,20
S01007269,440,251,196,46,9,189,128,22,39,216,130,97,30,3,86,56,16,14,224,121,99,16,6,103,72,6,25
S01007270,384,277,191,76,10,107,85,9,13,193,150,92,52,6,43,36,4,3,191,127,99,24,4,64,49,5,10
S01007271,836,518,416,74,28,318,244,24,50,403,283,206,59,18,120,90,12,18,433,235,210,15,10,198,154,12,32
S01007272,672,407,331,32,44,265,157,19,89,309,216,159,26,31,93,55,8,30,363,191,172,6,13,172,102,11,59
S01007273,547,338,280,39,19,209,142,21,46,267,182,143,26,13,85,57,11,17,280,156,137,13,6,124,85,10,29
S01007274,717,432,335,55,42,285,211,23,51,350,239,171,36,32,111,72,12,27,367,193,164,19,10,174,139,11,24
S01007275,499,262,214,35,13,237,184,20,33,233,137,106,24,7,96,74,10,12,266,125,108,11,6,141,110,10,21
S01007276,678,417,347,42,28,261,177,32,52,319,221,175,32,14,98,69,19,10,359,196,172,10,14,163,108,13,42
S01007277,637,373,317,42,14,264,206,33,25,296,190,151,28,11,106,81,16,9,341,183,166,14,3,158,125,17,16
S01007278,449,273,226,39,8,176,133,22,21,212,143,113,26,4,69,52,10,7,237,130,113,13,4,107,81,12,14
S01007279,466,318,200,106,12,148,105,12,31,233,171,98,68,5,62,48,4,10,233,147,102,38,7,86,57,8,21
S01007280,445,306,204,79,23,139,83,12,44,227,176,106,56,14,51,38,4,9,218,130,98,23,9,88,45,8,35
S01007281,805,522,394,109,19,283,125,32,126,455,295,208,72,15,160,44,18,98,350,227,186,37,4,123,81,14,28
S01007282,436,312,220,78,14,124,75,15,34,228,178,111,56,11,50,38,4,8,208,134,109,22,3,74,37,11,26
S01007283,866,406,310,81,15,460,380,10,70,394,220,154,56,10,174,151,3,20,472,186,156,25,5,286,229,7,50
S01007284,702,427,275,141,11,275,188,24,63,311,211,115,89,7,100,74,9,17,391,216,160,52,4,175,114,15,46
S01007285,724,456,267,176,13,268,191,20,57,343,242,114,119,9,101,72,11,18,381,214,153,57,4,167,119,9,39
S01007286,787,513,345,146,22,274,192,14,68,373,266,162,96,8,107,84,5,18,414,247,183,50,14,167,108,9,50
S01007287,523,360,204,140,16,163,121,7,35,222,171,80,86,5,51,42,1,8,301,189,124,54,11,112,79,6,27
S01007288,487,318,189,117,12,169,130,14,25,234,166,90,72,4,68,58,4,6,253,152,99,45,8,101,72,10,19
S01007289,674,455,352,95,8,219,163,22,34,330,227,156,65,6,103,77,14,12,344,228,196,30,2,116,86,8,22
S01007290,515,394,303,56,35,121,26,23,72,242,193,138,38,17,49,10,15,24,273,201,165,18,18,72,16,8,48
S01007291,583,336,267,49,20,247,180,16,51,257,168,121,34,13,89,67,6,16,326,168,146,15,7,158,113,10,35
S01007292,632,440,365,61,14,192,138,24,30,312,238,177,50,11,74,53,14,7,320,202,188,11,3,118,85,10,23
S01007293,577,449,375,34,40,128,64,18,46,264,217,173,24,20,47,26,5,16,313,232,202,10,20,81,38,13,30
S01007294,745,501,411,69,21,244,152,36,56,365,258,191,54,13,107,66,19,22,380,243,220,15,8,137,86,17,34
S01007295,432,257,206,24,27,175,108,6,61,200,138,110,16,12,62,35,2,25,232,119,96,8,15,113,73,4,36
S01007296,519,352,270,52,30,167,113,14,40,268,202,138,40,24,66,40,9,17,251,150,132,12,6,101,73,5,23
S01007297,783,567,450,96,21,216,157,19,40,399,312,229,67,16,87,61,9,17,384,255,221,29,5,129,96,10,23
S01007298,437,293,240,39,14,144,100,18,26,203,151,113,30,8,52,40,5,7,234,142,127,9,6,92,60,13,19
S01007299,733,521,406,78,37,212,155,25,32,353,274,206,50,18,79,58,11,10,380,247,200,28,19,133,97,14,22
S01007300,411,282,212,38,32,129,81,6,42,202,156,109,29,18,46,29,2,15,209,126,103,9,14,83,52,4,27
S01007301,626,399,291,99,9,227,182,13,32,305,209,140,62,7,96,81,6,9,321,190,151,37,2,131,101,7,23
S01007302,512,345,278,42,25,167,113,12,42,248,178,130,34,14,70,46,7,17,264,167,148,8,11,97,67,5,25
S01007303,779,476,346,113,17,303,241,16,46,369,253,170,74,9,116,100,5,11,410,223,176,39,8,187,141,11,35
S01007304,584,343,215,118,10,241,197,13,31,281,182,105,72,5,99,81,7,11,303,161,110,46,5,142,116,6,20
S01007305,608,407,298,100,9,201,144,15,42,289,215,136,73,6,74,58,6,10,319,192,162,27,3,127,86,9,32
S01007306,612,396,294,81,21,216,150,22,44,279,202,136,54,12,77,65,6,6,333,194,158,27,9,139,85,16,38
S01007307,663,439,299,129,11,224,165,15,44,337,238,146,87,5,99,71,9,19,326,201,153,42,6,125,94,6,25
S01007308,686,439,326,91,22,247,184,19,44,340,232,161,59,12,108,83,10,15,346,207,165,32,10,139,101,9,29
S01007309,550,365,248,101,16,185,131,11,43,280,204,124,71,9,76,58,4,14,270,161,124,30,7,109,73,7,29
S01007310,686,384,231,125,28,302,241,22,39,330,201,108,85,8,129,110,12,7,356,183,123,40,20,173,131,10,32
S01007311,653,474,361,89,24,179,140,11,28,328,256,184,57,15,72,60,5,7,325,218,177,32,9,107,80,6,21
S01007312,626,371,278,71,22,255,210,11,34,292,185,130,50,5,107,93,6,8,334,186,148,21,17,148,117,5,26
S01007313,826,533,345,171,17,293,230,20,43,413,290,165,114,11,123,102,8,13,413,243,180,57,6,170,128,12,30
S01007314,528,386,290,84,12,142,104,16,22,262,205,143,54,8,57,39,6,12,266,181,147,30,4,85,65,10,10
S01007315,781,532,456,49,27,249,190,18,41,380,283,229,39,15,97,77,9,11,401,249,227,10,12,152,113,9,30
S01007316,733,431,348,48,35,302,211,22,69,341,218,159,35,24,123,78,14,31,392,213,189,13,11,179,133,8,38
S01007317,530,376,315,41,20,154,99,22,33,254,193,156,25,12,61,37,9,15,276,183,159,16,8,93,62,13,18
S01007318,475,318,242,56,20,157,116,10,31,222,155,106,38,11,67,51,7,9,253,163,136,18,9,90,65,3,22
S01007319,632,396,310,64,22,236,201,11,24,315,222,157,49,16,93,80,3,10,317,174,153,15,6,143,121,8,14
S01007320,640,400,269,108,23,240,187,24,29,315,217,130,72,15,98,76,13,9,325,183,139,36,8,142,111,11,20
S01007321,528,330,204,111,15,198,159,11,28,269,180,97,73,10,89,74,5,10,259,150,107,38,5,109,85,6,18
S01007322,634,395,274,95,26,239,177,20,42,305,213,134,71,8,92,67,7,18,329,182,140,24,18,147,110,13,24
S01007323,394,266,209,48,9,128,99,5,24,186,139,100,34,5,47,34,2,11,208,127,109,14,4,81,65,3,13
S01007324,290,180,126,43,11,110,77,10,23,125,84,55,27,2,41,26,5,10,165,96,71,16,9,69,51,5,13
S01007325,685,411,274,121,16,274,209,10,55,328,213,125,80,8,115,95,5,15,357,198,149,41,8,159,114,5,40
S01007326,659,410,294,97,19,249,201,18,30,336,226,138,75,13,110,95,8,7,323,184,156,22,6,139,106,10,23
S01007327,657,396,305,66,25,261,198,19,44,304,203,151,42,10,101,72,10,19,353,193,154,24,15,160,126,9,25
S01007328,713,448,334,87,27,265,187,21,57,345,227,157,60,10,118,79,12,27,368,221,177,27,17,147,108,9,30
S01007329,568,364,227,119,18,204,144,16,44,268,191,99,82,10,77,58,8,11,300,173,128,37,8,127,86,8,33
S01007330,690,369,231,114,24,321,260,15,46,337,196,104,75,17,141,116,8,17,353,173,127,39,7,180,144,7,29
S01007331,815,545,380,135,30,270,202,21,47,416,299,185,95,19,117,84,11,22,399,246,195,40,11,153,118,10,25
S01007332,435,254,137,104,13,181,130,20,31,219,142,61,72,9,77,58,11,8,216,112,76,32,4,104,72,9,23
S01007333,688,385,296,70,19,303,231,19,53,314,196,135,53,8,118,87,13,18,374,189,161,17,11,185,144,6,35
S01007334,591,327,243,33,51,264,165,16,83,269,175,121,23,31,94,57,5,32,322,152,122,10,20,170,108,11,51
S01007335,667,379,315,27,37,288,190,20,78,304,189,145,23,21,115,78,13,24,363,190,170,4,16,173,112,7,54
S01007336,458,269,190,37,42,189,127,7,55,260,173,113,29,31,87,56,3,28,198,96,77,8,11,102,71,4,27
S01007337,562,285,218,44,23,277,217,12,48,242,139,93,33,13,103,79,5,19,320,146,125,11,10,174,138,7,29
S01007338,606,384,321,42,21,222,162,23,37,292,200,153,33,14,92,65,12,15,314,184,168,9,7,130,97,11,22
S01007339,527,289,229,53,7,238,187,11,40,250,148,104,39,5,102,78,8,16,277,141,125,14,2,136,109,3,24
S01007340,404,200,146,38,16,204,154,7,43,197,107,68,28,11,90,62,3,25,207,93,78,10,5,114,92,4,18
S01007341,654,295,217,58,20,359,284,19,56,313,163,112,39,12,150,119,6,25,341,132,105,19,8,209,165,13,31
S01007342,724,383,272,99,12,341,270,31,40,329,198,128,64,6,131,108,14,9,395,185,144,35,6,210,162,17,31
S01007343,569,337,204,125,8,232,182,14,36,283,188,92,90,6,95,80,4,11,286,149,112,35,2,137,102,10,25
S01007344,394,193,148,38,7,201,163,14,24,183,101,74,23,4,82,72,4,6,211,92,74,15,3,119,91,10,18
S01007345,454,272,197,30,45,182,109,16,57,204,137,89,21,27,67,41,6,20,250,135,108,9,18,115,68,10,37
S01007346,487,258,191,25,42,229,162,11,56,236,136,95,18,23,100,61,9,30,251,122,96,7,19,129,101,2,26
S01007347,543,265,199,32,34,278,182,30,66,261,134,95,18,21,127,83,11,33,282,131,104,14,13,151,99,19,33
S01007348,491,279,217,32,30,212,131,22,59,218,151,102,27,22,67,44,9,14,273,128,115,5,8,145,87,13,45
S01007349,340,207,168,18,21,133,76,7,50,152,106,81,13,12,46,35,2,9,188,101,87,5,9,87,41,5,41
S01007350,506,274,198,50,26,232,186,12,34,245,145,101,31,13,100,78,7,15,261,129,97,19,13,132,108,5,19
S01007351,592,281,170,97,14,311,260,4,47,295,158,85,62,11,137,115,1,21,297,123,85,35,3,174,145,3,26
S01007352,442,262,142,102,18,180,143,8,29,230,159,83,67,9,71,61,5,5,212,103,59,35,9,109,82,3,24
S01007353,538,286,200,66,20,252,211,15,26,250,148,99,41,8,102,86,8,8,288,138,101,25,12,150,125,7,18
S01007354,707,340,258,62,20,367,295,21,51,337,187,127,43,17,150,123,11,16,370,153,131,19,3,217,172,10,35
S01007355,854,459,311,124,24,395,323,8,64,429,261,155,92,14,168,141,5,22,425,198,156,32,10,227,182,3,42
S01007356,625,320,221,70,29,305,233,18,54,287,168,104,48,16,119,94,8,17,338,152,117,22,13,186,139,10,37
S01007357,681,386,263,108,15,295,244,13,38,326,196,119,67,10,130,113,5,12,355,190,144,41,5,165,131,8,26
S01007358,765,537,420,91,26,228,160,10,58,388,306,238,51,17,82,65,3,14,377,231,182,40,9,146,95,7,44
S01007359,668,364,290,43,31,304,210,28,66,312,182,142,27,13,130,87,15,28,356,182,148,16,18,174,123,13,38
S01007360,481,234,178,42,14,247,209,17,21,232,124,92,22,10,108,91,10,7,249,110,86,20,4,139,118,7,14
S01007361,884,475,339,98,38,409,350,17,42,414,248,153,71,24,166,144,4,18,470,227,186,27,14,243,206,13,24
S01007362,659,349,281,48,20,310,238,22,50,311,182,135,34,13,129,101,15,13,348,167,146,14,7,181,137,7,37
S01007363,608,283,219,35,29,325,265,12,48,274,144,101,28,15,130,105,6,19,334,139,118,7,14,195,160,6,29
S01007364,687,404,317,27,60,283,130,43,110,297,192,140,14,38,105,50,21,34,390,212,177,13,22,178,80,22,76
S01007365,392,230,178,25,27,162,116,6,40,178,115,84,14,17,63,48,2,13,214,115,94,11,10,99,68,4,27
S01007366,398,173,132,17,24,225,135,14,76,186,95,68,10,17,91,47,6,38,212,78,64,7,7,134,88,8,38
S01007367,474,273,212,41,20,201,143,9,49,219,136,100,27,9,83,60,3,20,255,137,112,14,11,118,83,6,29
S01007368,404,240,174,26,40,164,72,22,70,176,115,80,13,22,61,29,10,22,228,125,94,13,18,103,43,12,48
S01007369,628,394,311,49,34,234,137,21,76,314,211,155,35,21,103,54,12,37,314,183,156,14,13,131,83,9,39
S01007370,640,433,330,50,53,207,128,18,61,302,226,156,37,33,76,43,6,27,338,207,174,13,20,131,85,12,34
S01007371,563,370,293,44,33,193,118,18,57,269,184,130,32,22,85,49,12,24,294,186,163,12,11,108,69,6,33
S01007372,759,398,310,61,27,361,293,22,46,363,216,153,44,19,147,121,14,12,396,182,157,17,8,214,172,8,34
S01007373,536,278,189,70,19,258,195,24,39,268,158,104,44,10,110,88,12,10,268,120,85,26,9,148,107,12,29
S01007374,435,286,223,47,16,149,99,15,35,214,151,113,27,11,63,47,6,10,221,135,110,20,5,86,52,9,25
S01007375,406,223,159,47,17,183,139,15,29,199,122,83,30,9,77,61,9,7,207,101,76,17,8,106,78,6,22
S01007376,688,416,328,33,55,272,157,36,79,320,206,154,19,33,114,71,13,30,368,210,174,14,22,158,86,23,49
S01007377,553,356,280,61,15,197,150,17,30,274,196,152,35,9,78,67,6,5,279,160,128,26,6,119,83,11,25
S01007378,1367,1180,1116,49,15,187,120,24,43,1091,1010,967,36,7,81,50,12,19,276,170,149,13,8,106,70,12,24
S01007379,405,235,194,15,26,170,122,14,34,184,125,98,13,14,59,41,7,11,221,110,96,2,12,111,81,7,23
S01007380,448,314,270,20,24,134,77,19,38,220,169,144,10,15,51,28,11,12,228,145,126,10,9,83,49,8,26
S01007381,423,208,170,28,10,215,158,17,40,198,114,92,15,7,84,62,12,10,225,94,78,13,3,131,96,5,30
S01007382,534,336,273,53,10,198,132,29,37,256,184,141,35,8,72,51,14,7,278,152,132,18,2,126,81,15,30
S01007383,637,369,286,63,20,268,202,19,47,307,201,147,45,9,106,79,11,16,330,168,139,18,11,162,123,8,31
S01007384,611,419,353,33,33,192,132,22,38,291,218,184,17,17,73,57,11,5,320,201,169,16,16,119,75,11,33
S01007385,729,388,312,56,20,341,257,29,55,329,204,147,45,12,125,99,11,15,400,184,165,11,8,216,158,18,40
S01007386,684,369,263,94,12,315,239,40,36,325,193,131,57,5,132,101,21,10,359,176,132,37,7,183,138,19,26
S01007387,664,376,302,64,10,288,216,38,34,319,210,166,38,6,109,90,17,2,345,166,136,26,4,179,126,21,32
S01007388,572,366,301,41,24,206,156,28,22,284,186,146,25,15,98,72,18,8,288,180,155,16,9,108,84,10,14
S01007389,388,292,242,16,34,96,9,26,61,193,167,149,6,12,26,6,11,9,195,125,93,10,22,70,3,15,52
S01007390,363,277,229,29,19,86,15,16,55,156,136,115,15,6,20,5,11,4,207,141,114,14,13,66,10,5,51
S01007391,487,303,254,31,18,184,134,20,30,235,168,137,19,12,67,54,9,4,252,135,117,12,6,117,80,11,26
S01007392,413,219,176,32,11,194,155,15,24,192,118,92,23,3,74,65,5,4,221,101,84,9,8,120,90,10,20
S01007393,665,271,191,61,19,394,307,52,35,277,143,95,37,11,134,97,32,5,388,128,96,24,8,260,210,20,30
S01007394,559,264,212,34,18,295,244,20,31,245,137,105,23,9,108,83,13,12,314,127,107,11,9,187,161,7,19
S01007395,714,433,341,52,40,281,208,10,63,369,253,191,36,26,116,83,6,27,345,180,150,16,14,165,125,4,36
S01007396,691,409,334,44,31,282,191,24,67,309,214,167,26,21,95,62,15,18,382,195,167,18,10,187,129,9,49
S01007397,794,455,369,69,17,339,246,36,57,385,253,200,45,8,132,101,18,13,409,202,169,24,9,207,145,18,44
S01007398,515,330,265,23,42,185,75,25,85,232,158,110,17,31,74,31,10,33,283,172,155,6,11,111,44,15,52
S01007399,503,312,222,27,63,191,75,18,98,254,165,107,19,39,89,38,11,40,249,147,115,8,24,102,37,7,58
S01007400,605,362,285,47,30,243,189,26,28,286,185,129,34,22,101,79,11,11,319,177,156,13,8,142,110,15,17
S01007401,570,373,314,37,22,197,138,25,34,270,194,157,26,11,76,59,13,4,300,179,157,11,11,121,79,12,30
S01007402,521,321,274,39,8,200,147,23,30,245,165,135,26,4,80,56,16,8,276,156,139,13,4,120,91,7,22
S01007403,551,434,377,32,25,117,35,27,55,272,241,219,15,7,31,15,12,4,279,193,158,17,18,86,20,15,51
S01007404,371,241,151,75,15,130,95,10,25,200,141,82,49,10,59,45,7,7,171,100,69,26,5,71,50,3,18
S01007405,550,376,288,73,15,174,112,22,40,272,199,139,50,10,73,52,7,14,278,177,149,23,5,101,60,15,26
S01007406,521,309,249,47,13,212,171,20,21,250,160,119,32,9,90,76,10,4,271,149,130,15,4,122,95,10,17
S01007407,598,358,291,54,13,240,189,25,26,293,192,145,39,8,101,78,15,8,305,166,146,15,5,139,111,10,18
S01007408,484,313,249,34,30,171,107,17,47,224,158,112,27,19,66,39,7,20,260,155,137,7,11,105,68,10,27
S01007409,614,390,340,34,16,224,164,14,46,289,205,174,24,7,84,63,7,14,325,185,166,10,9,140,101,7,32
S01007410,541,302,244,17,41,239,112,20,107,245,159,123,16,20,86,42,8,36,296,143,121,1,21,153,70,12,71
S01007411,699,411,318,29,64,288,155,26,107,327,210,151,22,37,117,62,13,42,372,201,167,7,27,171,93,13,65
S01007412,396,230,194,12,24,166,106,16,44,192,131,104,9,18,61,41,8,12,204,99,90,3,6,105,65,8,32
S01007413,721,564,476,53,35,157,82,28,47,350,287,233,32,22,63,37,13,13,371,277,243,21,13,94,45,15,34
S01007414,525,410,367,32,11,115,66,20,29,258,213,188,19,6,45,31,7,7,267,197,179,13,5,70,35,13,22
S01007415,677,414,341,27,46,263,146,29,88,313,212,168,17,27,101,52,19,30,364,202,173,10,19,162,94,10,58
S01007416,423,247,185,14,48,176,36,27,113,190,128,88,11,29,62,15,11,36,233,119,97,3,19,114,21,16,77
S01007417,793,579,502,47,30,214,132,24,58,377,302,248,36,18,75,52,9,14,416,277,254,11,12,139,80,15,44
S01007418,534,330,279,18,33,204,109,21,74,245,166,138,9,19,79,42,7,30,289,164,141,9,14,125,67,14,44
S01007419,650,437,337,23,77,213,71,29,113,308,237,174,16,47,71,26,11,34,342,200,163,7,30,142,45,18,79
S01007420,1283,607,500,64,43,676,90,27,559,977,391,318,42,31,586,48,14,524,306,216,182,22,12,90,42,13,35
S01007421,524,381,305,49,27,143,94,16,33,256,205,159,29,17,51,36,10,5,268,176,146,20,10,92,58,6,28
S01007422,492,299,242,37,20,193,139,12,42,227,156,116,25,15,71,51,9,11,265,143,126,12,5,122,88,3,31
S01007423,600,432,374,37,21,168,119,7,42,290,223,187,26,10,67,50,3,14,310,209,187,11,11,101,69,4,28
S01007424,673,413,376,29,8,260,216,14,30,317,214,187,22,5,103,88,5,10,356,199,189,7,3,157,128,9,20
S01007425,724,459,380,41,38,265,196,25,44,349,243,190,29,24,106,81,12,13,375,216,190,12,14,159,115,13,31
S01007426,543,317,254,35,28,226,150,32,44,261,168,127,23,18,93,55,20,18,282,149,127,12,10,133,95,12,26
S01007427,550,312,246,19,47,238,163,17,58,257,155,110,15,30,102,75,8,19,293,157,136,4,17,136,88,9,39
S01007428,749,456,379,36,41,293,206,21,66,349,237,191,25,21,112,76,11,25,400,219,188,11,20,181,130,10,41
S01007429,601,423,344,40,39,178,114,23,41,289,219,169,25,25,70,46,11,13,312,204,175,15,14,108,68,12,28
S01007430,395,238,191,30,17,157,126,13,18,187,124,88,23,13,63,54,4,5,208,114,103,7,4,94,72,9,13
S01007431,478,326,282,21,23,152,114,19,19,229,158,133,14,11,71,51,13,7,249,168,149,7,12,81,63,6,12
S01007432,708,415,350,41,24,293,190,19,84,319,215,173,30,12,104,68,8,28,389,200,177,11,12,189,122,11,56
S01007433,659,390,309,57,24,269,188,14,67,318,210,154,41,15,108,73,11,24,341,180,155,16,9,161,115,3,43
S01007434,402,262,196,26,40,140,62,8,70,201,146,100,22,24,55,26,3,26,201,116,96,4,16,85,36,5,44
S01007435,574,377,308,34,35,197,136,16,45,282,195,150,21,24,87,60,7,20,292,182,158,13,11,110,76,9,25
S01007436,543,336,279,20,37,207,111,15,81,245,167,132,14,21,78,46,8,24,298,169,147,6,16,129,65,7,57
S01007437,370,234,179,24,31,136,79,9,48,184,137,96,19,22,47,27,6,14,186,97,83,5,9,89,52,3,34
S01007438,572,348,280,25,43,224,155,4,65,284,201,156,19,26,83,64,1,18,288,147,124,6,17,141,91,3,47
S01007439,600,352,296,29,27,248,178,18,52,291,199,161,17,21,92,73,6,13,309,153,135,12,6,156,105,12,39
S01007440,539,335,281,28,26,204,141,20,43,269,180,142,21,17,89,63,12,14,270,155,139,7,9,115,78,8,29
S01007441,462,303,265,25,13,159,124,16,19,221,149,126,16,7,72,58,10,4,241,154,139,9,6,87,66,6,15
S01007442,418,258,216,35,7,160,131,12,17,209,134,110,20,4,75,64,4,7,209,124,106,15,3,85,67,8,10
S01007443,758,379,290,62,27,379,253,70,56,361,202,142,43,17,159,106,37,16,397,177,148,19,10,220,147,33,40
S01007444,773,424,319,89,16,349,249,37,63,346,226,154,59,13,120,87,21,12,427,198,165,30,3,229,162,16,51
S01007445,505,298,239,50,9,207,153,17,37,248,158,120,30,8,90,71,13,6,257,140,119,20,1,117,82,4,31
S01007446,422,268,201,52,15,154,101,26,27,190,133,89,35,9,57,42,10,5,232,135,112,17,6,97,59,16,22
S01007447,411,250,176,64,10,161,124,15,22,204,143,101,35,7,61,50,7,4,207,107,75,29,3,100,74,8,18
S01007448,736,454,347,80,27,282,216,17,49,370,249,175,58,16,121,93,9,19,366,205,172,22,11,161,123,8,30
S01007449,821,515,402,38,75,306,211,23,72,396,264,195,27,42,132,98,8,26,425,251,207,11,33,174,113,15,46
S01007450,598,357,276,25,56,241,115,20,106,275,183,138,17,28,92,46,7,39,323,174,138,8,28,149,69,13,67
S01007451,524,330,280,25,25,194,144,15,35,247,168,134,14,20,79,65,5,9,277,162,146,11,5,115,79,10,26
S01007452,414,257,180,37,40,157,90,19,48,202,140,88,26,26,62,37,7,18,212,117,92,11,14,95,53,12,30
S01007453,458,358,311,34,13,100,33,23,44,224,184,154,25,5,40,13,14,13,234,174,157,9,8,60,20,9,31
S01007454,418,279,223,28,28,139,70,11,58,212,142,112,16,14,70,34,8,28,206,137,111,12,14,69,36,3,30
S01007455,677,428,345,21,62,249,119,23,107,302,216,169,17,30,86,45,10,31,375,212,176,4,32,163,74,13,76
S01007456,702,430,347,22,61,272,141,21,110,302,200,155,16,29,102,56,12,34,400,230,192,6,32,170,85,9,76
S01007457,870,553,440,41,72,317,166,27,124,428,291,217,29,45,137,72,18,47,442,262,223,12,27,180,94,9,77
S01007458,443,288,259,19,10,155,119,12,24,211,146,127,12,7,65,51,7,7,232,142,132,7,3,90,68,5,17
S01007459,551,313,262,31,20,238,190,10,38,253,160,127,19,14,93,76,3,14,298,153,135,12,6,145,114,7,24
S01007460,619,364,282,43,39,255,163,10,82,300,195,138,32,25,105,68,4,33,319,169,144,11,14,150,95,6,49
S01007461,568,327,235,21,71,241,111,23,107,260,166,109,13,44,94,37,6,51,308,161,126,8,27,147,74,17,56
S01007462,661,462,388,43,31,199,101,26,72,317,233,183,34,16,84,44,11,29,344,229,205,9,15,115,57,15,43
S01007463,721,419,292,35,92,302,106,46,150,335,222,146,23,53,113,45,18,50,386,197,146,12,39,189,61,28,100
S01007464,548,286,232,10,44,262,130,20,112,251,156,123,7,26,95,47,9,39,297,130,109,3,18,167,83,11,73
S01007465,594,324,215,18,91,270,105,16,149,294,175,107,15,53,119,48,6,65,300,149,108,3,38,151,57,10,84
S01007466,851,490,372,31,87,361,159,28,174,442,263,180,21,62,179,69,15,95,409,227,192,10,25,182,90,13,79
S01007467,824,469,397,32,40,355,232,21,102,376,245,199,19,27,131,80,7,44,448,224,198,13,13,224,152,14,58
S01007468,607,429,376,36,17,178,132,17,29,299,230,189,32,9,69,54,5,10,308,199,187,4,8,109,78,12,19
S01007469,465,311,260,18,33,154,98,14,42,223,159,132,8,19,64,46,10,8,242,152,128,10,14,90,52,4,34
S01007470,572,320,248,26,46,252,137,27,88,271,169,125,19,25,102,57,8,37,301,151,123,7,21,150,80,19,51
S01007471,382,264,236,14,14,118,65,15,38,181,135,117,11,7,46,24,9,13,201,129,119,3,7,72,41,6,25
S01007472,458,256,210,13,33,202,134,7,61,198,129,106,8,15,69,46,3,20,260,127,104,5,18,133,88,4,41
S01007473,370,227,197,11,19,143,92,6,45,177,110,96,6,8,67,42,4,21,193,117,101,5,11,76,50,2,24
S01007474,445,313,263,35,15,132,98,9,25,210,158,124,22,12,52,40,6,6,235,155,139,13,3,80,58,3,19
S01007475,491,337,290,24,23,154,94,14,46,235,166,138,14,14,69,50,8,11,256,171,152,10,9,85,44,6,35
S01007476,565,313,264,29,20,252,207,17,28,260,158,120,23,15,102,85,8,9,305,155,144,6,5,150,122,9,19
S01007477,437,291,238,37,16,146,93,18,35,211,153,121,21,11,58,41,10,7,226,138,117,16,5,88,52,8,28
S01007478,751,474,398,46,30,277,199,25,53,351,242,195,34,13,109,69,16,24,400,232,203,12,17,168,130,9,29
S01007479,458,331,294,14,23,127,70,12,45,218,170,145,8,17,48,28,4,16,240,161,149,6,6,79,42,8,29
S01007480,609,476,428,25,23,133,84,10,39,301,250,217,18,15,51,34,4,13,308,226,211,7,8,82,50,6,26
S01007481,740,359,288,59,12,381,331,14,36,332,186,138,42,6,146,133,6,7,408,173,150,17,6,235,198,8,29
S01007482,408,197,167,18,12,211,164,7,40,185,100,82,12,6,85,65,4,16,223,97,85,6,6,126,99,3,24
S01007483,629,402,311,57,34,227,147,18,62,304,212,149,42,21,92,57,8,27,325,190,162,15,13,135,90,10,35
S01007484,470,277,193,36,48,193,119,18,56,241,155,102,26,27,86,49,11,26,229,122,91,10,21,107,70,7,30
S01007485,359,210,154,13,43,149,58,9,82,158,97,66,8,23,61,32,4,25,201,113,88,5,20,88,26,5,57
S01007486,382,193,134,8,51,189,74,13,102,155,91,57,6,28,64,26,4,34,227,102,77,2,23,125,48,9,68
S01007487,763,452,336,50,66,311,170,20,121,385,246,168,35,43,139,73,14,52,378,206,168,15,23,172,97,6,69
S01007488,838,535,420,71,44,303,192,32,79,394,277,199,51,27,117,75,12,30,444,258,221,20,17,186,117,20,49
S01007489,725,429,339,58,32,296,210,24,62,320,213,151,43,19,107,71,12,24,405,216,188,15,13,189,139,12,38
S01007490,757,397,318,46,33,360,227,23,110,363,206,154,33,19,157,102,11,44,394,191,164,13,14,203,125,12,66
S01007491,886,570,470,42,58,316,178,25,113,393,278,214,30,34,115,66,14,35,493,292,256,12,24,201,112,11,78
S01007492,597,358,301,29,28,239,160,13,66,281,182,142,18,22,99,70,4,25,316,176,159,11,6,140,90,9,41
S01007493,677,433,369,31,33,244,142,21,81,321,224,183,18,23,97,62,10,25,356,209,186,13,10,147,80,11,56
S01007494,448,258,164,79,15,190,133,11,46,226,138,72,60,6,88,69,6,13,222,120,92,19,9,102,64,5,33
S01007495,677,449,309,129,11,228,169,12,47,344,243,143,93,7,101,76,5,20,333,206,166,36,4,127,93,7,27
S01007496,882,481,313,142,26,401,311,26,64,431,258,139,104,15,173,139,10,24,451,223,174,38,11,228,172,16,40
S01007497,481,274,201,60,13,207,130,18,59,244,161,107,46,8,83,56,7,20,237,113,94,14,5,124,74,11,39
S01007498,737,393,294,72,27,344,253,21,70,346,214,150,50,14,132,97,11,24,391,179,144,22,13,212,156,10,46
S01007499,687,444,309,103,32,243,135,27,81,349,244,157,71,16,105,58,12,35,338,200,152,32,16,138,77,15,46
S01007500,516,260,168,71,21,256,175,15,66,257,144,79,51,14,113,84,8,21,259,116,89,20,7,143,91,7,45
S01007501,598,296,167,102,27,302,227,13,62,289,157,69,71,17,132,101,7,24,309,139,98,31,10,170,126,6,38
S01007502,447,261,177,72,12,186,123,15,48,229,149,87,54,8,80,58,9,13,218,112,90,18,4,106,65,6,35
S01007503,870,485,309,136,40,385,281,19,85,427,260,140,98,22,167,126,7,34,443,225,169,38,18,218,155,12,51
S01007504,588,351,204,124,23,237,187,11,39,293,190,93,83,14,103,83,3,17,295,161,111,41,9,134,104,8,22
S01007505,346,226,131,78,17,120,72,4,44,166,119,58,56,5,47,33,2,12,180,107,73,22,12,73,39,2,32
S01007506,426,240,140,91,9,186,153,6,27,214,131,66,62,3,83,71,3,9,212,109,74,29,6,103,82,3,18
S01007507,793,436,297,107,32,357,269,22,66,378,229,131,82,16,149,112,11,26,415,207,166,25,16,208,157,11,40
S01007508,604,348,234,98,16,256,188,13,55,307,190,112,69,9,117,88,9,20,297,158,122,29,7,139,100,4,35
S01007509,528,316,187,108,21,212,166,12,34,266,171,80,74,17,95,81,4,10,262,145,107,34,4,117,85,8,24
S01007510,862,416,269,125,22,446,324,30,92,417,230,134,86,10,187,136,11,40,445,186,135,39,12,259,188,19,52
S01007511,675,350,226,81,43,325,198,17,110,318,190,111,55,24,128,81,6,41,357,160,115,26,19,197,117,11,69
S01007512,449,247,143,90,14,202,160,13,29,221,134,66,60,8,87,70,6,11,228,113,77,30,6,115,90,7,18
S01007513,825,501,393,61,47,324,200,23,101,387,262,184,46,32,125,88,7,30,438,239,209,15,15,199,112,16,71
S01007514,445,274,210,46,18,171,113,14,44,223,149,107,33,9,74,51,5,18,222,125,103,13,9,97,62,9,26
S01007515,519,263,196,44,23,256,204,12,40,238,139,98,26,15,99,87,2,10,281,124,98,18,8,157,117,10,30
S01007516,475,305,240,36,29,170,116,7,47,218,158,114,24,20,60,41,6,13,257,147,126,12,9,110,75,1,34
S01007517,426,182,144,30,8,244,204,4,36,184,98,68,23,7,86,72,1,13,242,84,76,7,1,158,132,3,23
S01007518,699,393,318,47,28,306,214,19,73,351,219,162,36,21,132,93,6,33,348,174,156,11,7,174,121,13,40
S01007519,406,209,130,70,9,197,160,9,28,209,116,66,44,6,93,80,3,10,197,93,64,26,3,104,80,6,18
S01007520,810,433,310,94,29,377,272,30,75,414,252,163,72,17,162,119,21,22,396,181,147,22,12,215,153,9,53
S01007521,380,225,159,61,5,155,106,8,41,188,118,75,41,2,70,48,7,15,192,107,84,20,3,85,58,1,26
S01007522,868,436,317,92,27,432,365,14,53,394,221,148,59,14,173,145,7,21,474,215,169,33,13,259,220,7,32
S01007523,457,272,187,67,18,185,131,17,37,219,145,85,49,11,74,58,5,11,238,127,102,18,7,111,73,12,26
S01007524,818,496,325,150,21,322,244,13,65,396,258,149,98,11,138,119,5,14,422,238,176,52,10,184,125,8,51
S01007525,465,251,198,38,15,214,176,3,35,214,136,97,32,7,78,64,2,12,251,115,101,6,8,136,112,1,23
S01007526,633,311,226,61,24,322,226,13,83,297,163,106,41,16,134,88,5,41,336,148,120,20,8,188,138,8,42
S01007527,679,398,293,76,29,281,235,11,35,342,223,156,45,22,119,100,5,14,337,175,137,31,7,162,135,6,21
S01007528,633,393,289,75,29,240,173,16,51,318,213,137,54,22,105,68,9,28,315,180,152,21,7,135,105,7,23
S01007529,582,290,210,70,10,292,242,18,32,273,149,98,45,6,124,108,11,5,309,141,112,25,4,168,134,7,27
S01007530,446,278,175,95,8,168,122,13,33,216,157,80,72,5,59,51,3,5,230,121,95,23,3,109,71,10,28
S01007531,581,343,219,113,11,238,157,29,52,267,178,100,73,5,89,58,15,16,314,165,119,40,6,149,99,14,36
S01007532,480,302,196,90,16,178,115,17,46,240,163,97,56,10,77,49,12,16,240,139,99,34,6,101,66,5,30
S01007533,471,295,183,99,13,176,130,15,31,224,156,76,72,8,68,55,7,6,247,139,107,27,5,108,75,8,25
S01007534,790,440,334,78,28,350,254,21,75,372,230,162,52,16,142,109,11,22,418,210,172,26,12,208,145,10,53
S01007535,862,487,380,72,35,375,265,26,84,387,233,161,50,22,154,110,15,29,475,254,219,22,13,221,155,11,55
S01007536,783,482,373,79,30,301,210,20,71,375,255,175,59,21,120,85,10,25,408,227,198,20,9,181,125,10,46
S01007537,906,472,367,79,26,434,344,19,71,410,228,155,59,14,182,142,10,30,496,244,212,20,12,252,202,9,41
S01007538,760,476,320,134,22,284,217,20,47,353,246,135,98,13,107,85,10,12,407,230,185,36,9,177,132,10,35
S01007539,584,289,230,48,11,295,263,14,18,276,149,107,35,7,127,108,11,8,308,140,123,13,4,168,155,3,10
S01007540,722,384,304,53,27,338,263,13,62,324,190,138,39,13,134,101,2,31,398,194,166,14,14,204,162,11,31
S01007541,672,352,288,44,20,320,266,16,38,310,192,146,36,10,118,97,9,12,362,160,142,8,10,202,169,7,26
S01007542,712,464,341,67,56,248,166,21,61,337,238,150,51,37,99,66,14,19,375,226,191,16,19,149,100,7,42
S01007543,869,562,453,64,45,307,183,26,98,410,275,207,46,22,135,80,13,42,459,287,246,18,23,172,103,13,56
S01007544,930,437,259,162,16,493,415,24,54,450,240,123,104,13,210,188,11,11,480,197,136,58,3,283,227,13,43
S01007545,682,405,258,130,17,277,205,19,53,321,210,111,86,13,111,86,11,14,361,195,147,44,4,166,119,8,39
S01007546,458,302,211,78,13,156,112,16,28,233,159,90,59,10,74,55,6,13,225,143,121,19,3,82,57,10,15
S01007547,459,317,200,105,12,142,95,16,31,237,178,96,76,6,59,45,9,5,222,139,104,29,6,83,50,7,26
S01007548,578,361,264,71,26,217,155,15,47,279,183,127,43,13,96,72,8,16,299,178,137,28,13,121,83,7,31
S01007549,519,274,179,70,25,245,186,19,40,235,131,73,47,11,104,81,11,12,284,143,106,23,14,141,105,8,28
S01007550,789,381,264,98,19,408,322,22,64,385,210,134,65,11,175,149,9,17,404,171,130,33,8,233,173,13,47
S01007551,766,462,272,171,19,304,216,17,71,376,242,113,119,10,134,103,8,23,390,220,159,52,9,170,113,9,48
S01007552,737,439,333,51,55,298,149,41,108,365,230,162,33,35,135,65,18,52,372,209,171,18,20,163,84,23,56
S01007553,709,368,290,26,52,341,173,23,145,333,191,144,20,27,142,75,10,57,376,177,146,6,25,199,98,13,88
S01007554,371,159,125,9,25,212,112,15,85,174,84,68,7,9,90,48,6,36,197,75,57,2,16,122,64,9,49
S01007555,446,259,199,40,20,187,147,9,31,228,155,108,31,16,73,60,3,10,218,104,91,9,4,114,87,6,21
S01007556,439,230,176,29,25,209,157,12,40,205,118,76,24,18,87,60,7,20,234,112,100,5,7,122,97,5,20
S01007557,899,513,426,32,55,386,236,40,110,423,260,208,23,29,163,102,15,46,476,253,218,9,26,223,134,25,64
S01007558,366,202,132,58,12,164,113,12,39,189,112,68,37,7,77,55,5,17,177,90,64,21,5,87,58,7,22
S01007559,591,411,275,111,25,180,119,17,44,296,223,133,76,14,73,48,10,15,295,188,142,35,11,107,71,7,29
S01007560,796,432,343,70,19,364,290,13,61,370,230,172,50,8,140,113,4,23,426,202,171,20,11,224,177,9,38
S01007561,640,314,243,41,30,326,265,15,46,288,160,112,31,17,128,105,5,18,352,154,131,10,13,198,160,10,28
S01007562,688,420,297,97,26,268,174,29,65,337,217,137,67,13,120,80,14,26,351,203,160,30,13,148,94,15,39
S01007563,729,422,280,116,26,307,223,26,58,348,219,127,76,16,129,97,12,20,381,203,153,40,10,178,126,14,38
S01007564,652,410,256,132,22,242,175,19,48,312,215,111,96,8,97,71,11,15,340,195,145,36,14,145,104,8,33
S01007565,794,482,362,87,33,312,212,21,79,381,250,174,57,19,131,98,7,26,413,232,188,30,14,181,114,14,53
S01007566,603,376,262,93,21,227,137,34,56,302,210,121,75,14,92,58,15,19,301,166,141,18,7,135,79,19,37
S01007567,483,338,236,86,16,145,100,19,26,256,190,112,63,15,66,49,10,7,227,148,124,23,1,79,51,9,19
S01007568,550,355,276,68,11,195,143,13,39,275,188,135,47,6,87,64,5,18,275,167,141,21,5,108,79,8,21
S01007569,698,414,321,80,13,284,207,24,53,347,236,167,60,9,111,82,12,17,351,178,154,20,4,173,125,12,36
S01007570,567,365,283,59,23,202,158,11,33,271,183,124,47,12,88,70,7,11,296,182,159,12,11,114,88,4,22
S01007571,465,303,218,73,12,162,107,17,38,235,165,109,52,4,70,50,11,9,230,138,109,21,8,92,57,6,29
S01007572,788,459,357,67,35,329,244,17,68,352,240,168,50,22,112,89,8,15,436,219,189,17,13,217,155,9,53
S01007573,646,543,490,45,8,103,55,14,34,312,274,240,28,6,38,26,3,9,334,269,250,17,2,65,29,11,25
S01007574,820,514,431,35,48,306,190,35,81,376,250,198,24,28,126,74,22,30,444,264,233,11,20,180,116,13,51
S01007575,704,393,308,30,55,311,199,17,95,349,211,149,21,41,138,86,7,45,355,182,159,9,14,173,113,10,50
S01007576,542,319,212,17,90,223,91,19,113,248,164,98,16,50,84,31,10,43,294,155,114,1,40,139,60,9,70
S01007577,527,305,235,16,54,222,97,25,100,238,143,104,13,26,95,45,10,40,289,162,131,3,28,127,52,15,60
S01007578,540,325,257,22,46,215,117,12,86,262,175,132,17,26,87,46,9,32,278,150,125,5,20,128,71,3,54
S01007579,495,329,269,13,47,166,80,20,66,213,145,110,10,25,68,32,10,26,282,184,159,3,22,98,48,10,40
S01007580,638,389,319,16,54,249,121,35,93,306,204,167,7,30,102,51,17,34,332,185,152,9,24,147,70,18,59
S01007581,392,241,197,21,23,151,71,12,68,191,124,93,18,13,67,28,10,29,201,117,104,3,10,84,43,2,39
S01007582,533,339,278,23,38,194,107,20,67,258,176,132,18,26,82,46,11,25,275,163,146,5,12,112,61,9,42
S01007583,833,493,389,30,74,340,175,23,142,375,225,163,23,39,150,71,10,69,458,268,226,7,35,190,104,13,73
S01007584,493,330,264,30,36,163,102,17,44,247,177,132,25,20,70,40,11,19,246,153,132,5,16,93,62,6,25
S01007585,811,435,367,44,24,376,314,25,37,377,225,176,35,14,152,123,14,15,434,210,191,9,10,224,191,11,22
S01007586,670,422,345,29,48,248,150,21,77,303,207,164,17,26,96,57,9,30,367,215,181,12,22,152,93,12,47
S01007587,732,353,286,39,28,379,184,15,180,418,180,134,32,14,238,73,12,153,314,173,152,7,14,141,111,3,27
S01007588,711,410,337,62,11,301,234,33,34,319,206,159,41,6,113,91,15,7,392,204,178,21,5,188,143,18,27
S01007589,679,453,376,49,28,226,148,30,48,320,245,191,36,18,75,50,12,13,359,208,185,13,10,151,98,18,35
S01007590,539,295,239,46,10,244,207,21,16,244,145,108,30,7,99,83,10,6,295,150,131,16,3,145,124,11,10
S01007591,490,336,286,32,18,154,104,16,34,240,180,141,27,12,60,41,4,15,250,156,145,5,6,94,63,12,19
S01007592,580,366,310,22,34,214,122,16,76,272,184,149,16,19,88,48,10,30,308,182,161,6,15,126,74,6,46
S01007593,922,519,427,72,20,403,327,26,50,423,251,190,49,12,172,140,13,19,499,268,237,23,8,231,187,13,31
S01007594,712,454,361,75,18,258,199,22,37,332,229,171,46,12,103,81,10,12,380,225,190,29,6,155,118,12,25
S01007595,901,588,378,191,19,313,215,23,75,436,310,174,125,11,126,89,5,32,465,278,204,66,8,187,126,18,43
S01007596,483,253,172,68,13,230,170,15,45,229,134,84,41,9,95,75,7,13,254,119,88,27,4,135,95,8,32
S01007597,529,345,259,70,16,184,126,22,36,271,193,131,52,10,78,58,10,10,258,152,128,18,6,106,68,12,26
S01007598,551,355,272,64,19,196,157,18,21,273,172,112,45,15,101,75,14,12,278,183,160,19,4,95,82,4,9
S01007599,697,457,389,42,26,240,130,37,73,335,233,189,32,12,102,61,15,26,362,224,200,10,14,138,69,22,47
S01007600,952,542,448,73,21,410,298,35,77,448,276,208,55,13,172,121,17,34,504,266,240,18,8,238,177,18,43
S01007601,526,421,371,30,20,105,66,10,29,256,210,185,16,9,46,29,4,13,270,211,186,14,11,59,37,6,16
S01007602,528,385,333,36,16,143,101,16,26,253,195,162,22,11,58,38,11,9,275,190,171,14,5,85,63,5,17
S01007603,646,504,450,36,18,142,103,18,21,321,258,218,29,11,63,48,8,7,325,246,232,7,7,79,55,10,14
S01007604,760,469,418,41,10,291,230,25,36,360,232,197,31,4,128,100,15,13,400,237,221,10,6,163,130,10,23
S01007605,713,469,425,36,8,244,199,17,28,337,237,207,26,4,100,83,8,9,376,232,218,10,4,144,116,9,19
S01007606,522,331,277,32,22,191,146,20,25,252,177,140,23,14,75,57,9,9,270,154,137,9,8,116,89,11,16
S01007607,590,403,359,30,14,187,153,16,18,282,205,176,19,10,77,62,11,4,308,198,183,11,4,110,91,5,14
S01007608,640,414,374,32,8,226,180,19,27,310,211,181,24,6,99,78,8,13,330,203,193,8,2,127,102,11,14
S01007609,738,469,401,25,43,269,168,26,75,338,227,187,15,25,111,68,15,28,400,242,214,10,18,158,100,11,47
S01007610,450,246,205,15,26,204,148,5,51,188,110,90,12,8,78,58,0,20,262,136,115,3,18,126,90,5,31
S01007611,795,433,364,24,45,362,237,15,110,373,232,180,20,32,141,91,7,43,422,201,184,4,13,221,146,8,67
S01007612,938,619,477,55,87,319,164,35,120,487,347,246,46,55,140,69,15,56,451,272,231,9,32,179,95,20,64
S01007613,662,433,311,81,41,229,162,18,49,334,235,149,60,26,99,60,11,28,328,198,162,21,15,130,102,7,21
S01007614,695,440,376,49,15,255,197,21,37,321,226,181,33,12,95,78,9,8,374,214,195,16,3,160,119,12,29
S01007615,881,569,465,67,37,312,230,18,64,412,280,212,42,26,132,105,8,19,469,289,253,25,11,180,125,10,45
S01007616,610,402,341,29,32,208,140,13,55,275,189,151,20,18,86,49,4,33,335,213,190,9,14,122,91,9,22
S01007617,441,276,226,23,27,165,122,8,35,211,137,99,21,17,74,57,4,13,230,139,127,2,10,91,65,4,22
S01007618,517,291,252,15,24,226,177,18,31,234,146,120,14,12,88,70,7,11,283,145,132,1,12,138,107,11,20
S01007619,518,325,280,18,27,193,128,15,50,238,162,134,13,15,76,51,8,17,280,163,146,5,12,117,77,7,33
S01007620,507,324,272,42,10,183,156,11,16,239,157,126,27,4,82,68,6,8,268,167,146,15,6,101,88,5,8
S01007621,558,343,297,33,13,215,179,10,26,269,174,141,26,7,95,78,6,11,289,169,156,7,6,120,101,4,15
S01007622,471,290,244,33,13,181,128,10,43,236,157,123,23,11,79,56,4,19,235,133,121,10,2,102,72,6,24
S01007623,510,333,279,40,14,177,141,18,18,241,168,128,30,10,73,59,10,4,269,165,151,10,4,104,82,8,14
S01007624,539,400,361,33,6,139,90,16,33,269,210,189,19,2,59,35,8,16,270,190,172,14,4,80,55,8,17
S01007625,431,287,251,27,9,144,109,16,19,194,142,117,20,5,52,41,6,5,237,145,134,7,4,92,68,10,14
S01007626,501,407,365,32,10,94,64,15,15,245,206,175,25,6,39,27,7,5,256,201,190,7,4,55,37,8,10
S01007627,445,304,258,38,8,141,103,14,24,212,161,132,24,5,51,37,11,3,233,143,126,14,3,90,66,3,21
S01007628,605,346,279,54,13,259,222,15,22,288,177,128,40,9,111,97,7,7,317,169,151,14,4,148,125,8,15
S01007629,578,381,287,74,20,197,154,10,33,279,202,139,55,8,77,66,5,6,299,179,148,19,12,120,88,5,27
S01007630,696,483,348,118,17,213,149,26,38,340,257,159,87,11,83,58,11,14,356,226,189,31,6,130,91,15,24
S01007631,518,325,211,103,11,193,157,5,31,259,178,98,74,6,81,67,3,11,259,147,113,29,5,112,90,2,20
S01007632,803,500,410,60,30,303,213,27,63,379,257,196,43,18,122,91,14,17,424,243,214,17,12,181,122,13,46
S01007633,822,498,399,61,38,324,246,23,55,403,265,198,48,19,138,104,14,20,419,233,201,13,19,186,142,9,35
S01007634,485,314,236,59,19,171,123,18,30,250,181,125,43,13,69,54,9,6,235,133,111,16,6,102,69,9,24
S01007635,649,276,223,45,8,373,315,15,43,284,146,108,32,6,138,115,7,16,365,130,115,13,2,235,200,8,27
S01007636,743,398,310,55,33,345,259,18,68,334,212,150,42,20,122,91,6,25,409,186,160,13,13,223,168,12,43
S01007637,703,435,352,52,31,268,206,14,48,333,227,168,41,18,106,83,9,14,370,208,184,11,13,162,123,5,34
S01007638,653,395,321,44,30,258,190,17,51,320,213,159,34,20,107,78,9,20,333,182,162,10,10,151,112,8,31
S01007639,846,564,476,39,49,282,169,27,86,397,287,229,29,29,110,69,13,28,449,277,247,10,20,172,100,14,58
S01007640,600,390,257,109,24,210,134,24,52,314,222,124,83,15,92,63,11,18,286,168,133,26,9,118,71,13,34
S01007641,679,434,319,90,25,245,178,14,53,333,235,157,61,17,98,78,11,9,346,199,162,29,8,147,100,3,44
S01007642,718,381,265,100,16,337,261,18,58,334,211,146,54,11,123,98,10,15,384,170,119,46,5,214,163,8,43
S01007643,761,463,346,85,32,298,234,25,39,351,228,162,49,17,123,98,11,14,410,235,184,36,15,175,136,14,25
S01007644,698,371,288,60,23,327,246,22,59,329,192,138,41,13,137,108,12,17,369,179,150,19,10,190,138,10,42
S01007645,449,299,182,91,26,150,115,13,22,235,170,86,68,16,65,52,5,8,214,129,96,23,10,85,63,8,14
S01007646,534,323,203,98,22,211,134,17,60,277,183,109,58,16,94,63,6,25,257,140,94,40,6,117,71,11,35
S01007647,620,360,282,56,22,260,196,21,43,300,188,135,38,15,112,83,14,15,320,172,147,18,7,148,113,7,28
S01007648,743,459,366,70,23,284,231,20,33,349,240,175,51,14,109,90,8,11,394,219,191,19,9,175,141,12,22
S01007649,620,399,318,64,17,221,162,16,43,302,218,157,50,11,84,61,7,16,318,181,161,14,6,137,101,9,27
S01007650,827,518,373,120,25,309,234,23,52,428,280,180,88,12,148,113,14,21,399,238,193,32,13,161,121,9,31
S01007651,475,329,205,108,16,146,102,13,31,234,175,85,82,8,59,43,7,9,241,154,120,26,8,87,59,6,22
S01007652,503,268,200,52,16,235,175,10,50,212,136,86,39,11,76,62,2,12,291,132,114,13,5,159,113,8,38
S01007653,758,491,345,120,26,267,201,23,43,353,251,153,82,16,102,84,9,9,405,240,192,38,10,165,117,14,34
S01007654,907,533,409,93,31,374,253,25,96,446,288,196,71,21,158,108,9,41,461,245,213,22,10,216,145,16,55
S01007655,663,425,239,166,20,238,160,16,62,334,238,116,116,6,96,69,8,19,329,187,123,50,14,142,91,8,43
S01007656,716,436,302,112,22,280,187,22,71,354,238,145,84,9,116,83,12,21,362,198,157,28,13,164,104,10,50
S01007657,360,248,184,55,9,112,83,6,23,179,126,81,41,4,53,42,2,9,181,122,103,14,5,59,41,4,14
S01007658,429,264,184,65,15,165,129,8,28,199,133,82,42,9,66,55,4,7,230,131,102,23,6,99,74,4,21
S01007659,667,388,286,79,23,279,203,8,68,347,213,137,60,16,134,102,6,26,320,175,149,19,7,145,101,2,42
S01007660,680,429,359,35,35,251,133,15,103,320,222,179,25,18,98,57,5,36,360,207,180,10,17,153,76,10,67
S01007661,564,351,278,50,23,213,149,15,49,268,180,134,34,12,88,62,7,19,296,171,144,16,11,125,87,8,30
S01007662,775,422,343,40,39,353,274,12,67,355,213,158,30,25,142,112,3,27,420,209,185,10,14,211,162,9,40
S01007663,725,415,354,43,18,310,242,19,49,349,219,175,33,11,130,105,6,19,376,196,179,10,7,180,137,13,30
S01007664,485,292,238,29,25,193,136,12,45,220,148,107,20,21,72,55,4,13,265,144,131,9,4,121,81,8,32
S01007665,502,341,296,22,23,161,114,7,40,245,180,146,16,18,65,48,2,15,257,161,150,6,5,96,66,5,25
S01007666,415,247,220,23,4,168,122,10,36,197,125,106,15,4,72,49,3,20,218,122,114,8,0,96,73,7,16
S01007667,586,390,332,46,12,196,161,10,25,287,207,169,29,9,80,71,4,5,299,183,163,17,3,116,90,6,20
S01007668,879,516,440,29,47,363,248,23,92,402,257,211,18,28,145,100,14,31,477,259,229,11,19,218,148,9,61
S01007669,480,307,238,22,47,173,79,17,77,212,145,108,16,21,67,33,5,29,268,162,130,6,26,106,46,12,48
S01007670,539,355,283,19,53,184,99,18,67,266,182,138,16,28,84,46,5,33,273,173,145,3,25,100,53,13,34
S01007671,623,397,305,88,4,226,170,21,35,315,212,144,66,2,103,79,9,15,308,185,161,22,2,123,91,12,20
S01007672,770,398,325,61,12,372,308,13,51,372,207,154,44,9,165,144,4,17,398,191,171,17,3,207,164,9,34
S01007673,586,405,342,54,9,181,132,12,37,284,214,173,36,5,70,58,5,7,302,191,169,18,4,111,74,7,30
S01007674,665,399,334,24,41,266,179,18,69,326,211,166,19,26,115,78,9,28,339,188,168,5,15,151,101,9,41
S01007675,525,331,264,49,18,194,147,9,38,259,177,130,35,12,82,68,4,10,266,154,134,14,6,112,79,5,28
S01007676,573,401,277,112,12,172,128,13,31,290,216,122,87,7,74,56,3,15,283,185,155,25,5,98,72,10,16
S01007677,412,258,220,32,6,154,117,13,24,196,133,111,18,4,63,52,6,5,216,125,109,14,2,91,65,7,19
S01007678,668,373,315,33,25,295,227,13,55,316,196,152,26,18,120,98,6,16,352,177,163,7,7,175,129,7,39
S01007679,683,353,285,29,39,330,227,13,90,324,185,137,21,27,139,104,9,26,359,168,148,8,12,191,123,4,64
S01007680,783,522,438,65,19,261,217,18,26,381,267,213,42,12,114,99,9,6,402,255,225,23,7,147,118,9,20
S01007681,365,230,185,33,12,135,111,4,20,180,123,94,23,6,57,45,0,12,185,107,91,10,6,78,66,4,8
S01007682,766,478,375,76,27,288,201,51,36,375,246,183,51,12,129,88,31,10,391,232,192,25,15,159,113,20,26
S01007683,584,357,291,41,25,227,127,66,34,291,181,141,24,16,110,58,44,8,293,176,150,17,9,117,69,22,26
S01007684,694,369,310,43,16,325,253,51,21,320,181,147,25,9,139,107,27,5,374,188,163,18,7,186,146,24,16
S01007685,801,440,304,69,67,361,127,206,28,370,210,132,43,35,160,52,97,11,431,230,172,26,32,201,75,109,17
S01007686,591,344,297,37,10,247,157,64,26,276,170,144,22,4,106,66,32,8,315,174,153,15,6,141,91,32,18
S01007687,776,461,381,45,35,315,140,148,27,355,238,184,32,22,117,52,59,6,421,223,197,13,13,198,88,89,21
S01007688,930,557,455,44,58,373,63,262,48,481,311,241,30,40,170,27,125,18,449,246,214,14,18,203,36,137,30
S01007689,559,328,261,34,33,231,75,125,31,231,155,116,21,18,76,23,44,9,328,173,145,13,15,155,52,81,22
S01007690,822,399,331,31,37,423,68,277,78,342,180,141,23,16,162,21,112,29,480,219,190,8,21,261,47,165,49
S01007691,2819,1118,701,41,376,1701,48,1560,93,1353,533,303,28,202,820,15,751,54,1466,585,398,13,174,881,33,809,39
S01007692,865,441,346,31,64,424,61,330,33,385,209,152,21,36,176,27,135,14,480,232,194,10,28,248,34,195,19
S01007693,931,387,274,19,94,544,17,471,56,443,179,121,10,48,264,8,229,27,488,208,153,9,46,280,9,242,29
S01007694,1011,502,406,28,68,509,83,337,89,461,234,179,17,38,227,29,163,35,550,268,227,11,30,282,54,174,54
S01007695,894,461,372,35,54,433,246,128,59,427,233,179,25,29,194,97,69,28,467,228,193,10,25,239,149,59,31
S01007696,719,340,253,18,69,379,61,244,74,361,173,125,15,33,188,21,129,38,358,167,128,3,36,191,40,115,36
S01007697,886,461,389,34,38,425,240,121,64,445,241,193,23,25,204,95,79,30,441,220,196,11,13,221,145,42,34
S01007698,984,615,489,40,86,369,62,218,89,539,307,222,32,53,232,25,154,53,445,308,267,8,33,137,37,64,36
S01007699,691,427,349,23,55,264,46,134,84,342,213,169,16,28,129,16,74,39,349,214,180,7,27,135,30,60,45
S01007700,858,557,453,62,42,301,179,49,73,428,301,231,42,28,127,73,26,28,430,256,222,20,14,174,106,23,45
S01007701,492,258,189,7,62,234,62,99,73,270,142,92,6,44,128,31,59,38,222,116,97,1,18,106,31,40,35
S01007702,963,508,329,32,147,455,23,405,27,505,257,157,19,81,248,11,229,8,458,251,172,13,66,207,12,176,19
S01007703,696,405,330,38,37,291,159,77,55,336,212,173,19,20,124,59,44,21,360,193,157,19,17,167,100,33,34
S01007704,799,438,285,23,130,361,129,96,136,421,255,141,18,96,166,62,46,58,378,183,144,5,34,195,67,50,78
S01007705,735,389,277,15,97,346,6,319,21,438,226,158,7,61,212,6,189,17,297,163,119,8,36,134,0,130,4
S01007706,757,396,315,13,68,361,10,328,23,380,192,141,10,41,188,6,171,11,377,204,174,3,27,173,4,157,12
S01007707,766,506,433,38,35,260,19,194,47,416,287,239,27,21,129,11,104,14,350,219,194,11,14,131,8,90,33
S01007708,550,368,294,27,47,182,83,34,65,282,200,149,19,32,82,35,18,29,268,168,145,8,15,100,48,16,36
S01007709,530,292,226,14,52,238,89,60,89,273,156,114,9,33,117,35,31,51,257,136,112,5,19,121,54,29,38
S01007710,741,451,362,24,65,290,46,161,83,413,254,196,17,41,159,22,91,46,328,197,166,7,24,131,24,70,37
S01007711,980,535,432,20,83,445,147,216,82,478,269,194,14,61,209,47,116,46,502,266,238,6,22,236,100,100,36
S01007712,631,371,297,23,51,260,49,131,80,343,202,149,17,36,141,27,76,38,288,169,148,6,15,119,22,55,42
S01007713,417,249,185,29,35,168,65,46,57,198,133,90,22,21,65,24,15,26,219,116,95,7,14,103,41,31,31
S01007714,547,376,327,15,34,171,90,36,45,284,197,160,15,22,87,47,20,20,263,179,167,0,12,84,43,16,25
S01007715,434,250,196,11,43,184,73,46,65,205,129,93,8,28,76,30,15,31,229,121,103,3,15,108,43,31,34
S01007716,943,472,347,39,86,471,241,85,145,513,275,188,27,60,238,101,50,87,430,197,159,12,26,233,140,35,58
S01007717,840,470,345,38,87,370,148,82,140,457,261,176,31,54,196,76,52,68,383,209,169,7,33,174,72,30,72
S01007718,633,330,262,22,46,303,177,48,78,334,189,138,21,30,145,66,33,46,299,141,124,1,16,158,111,15,32
S01007719,880,491,402,28,61,389,244,31,114,421,252,192,17,43,169,91,15,63,459,239,210,11,18,220,153,16,51
S01007720,647,296,241,24,31,351,263,15,73,294,145,107,19,19,149,109,7,33,353,151,134,5,12,202,154,8,40
S01007721,646,389,315,32,42,257,158,35,64,291,201,147,26,28,90,53,13,24,355,188,168,6,14,167,105,22,40
S01007722,733,390,307,25,58,343,177,19,147,377,201,147,19,35,176,90,13,73,356,189,160,6,23,167,87,6,74
S01007723,851,396,331,16,49,455,273,35,147,431,214,170,13,31,217,116,23,78,420,182,161,3,18,238,157,12,69
S01007724,528,353,276,15,62,175,26,56,93,295,206,152,13,41,89,11,30,48,233,147,124,2,21,86,15,26,45
S01007725,690,416,325,21,70,274,129,37,108,337,219,156,19,44,118,50,13,55,353,197,169,2,26,156,79,24,53
S01007726,677,421,330,22,69,256,79,52,125,340,223,166,15,42,117,36,26,55,337,198,164,7,27,139,43,26,70
S01007727,876,507,372,41,94,369,107,115,147,424,258,165,34,59,166,36,64,66,452,249,207,7,35,203,71,51,81
S01007728,684,437,322,27,88,247,48,110,89,390,242,159,22,61,148,30,80,38,294,195,163,5,27,99,18,30,51
S01007729,664,470,362,29,79,194,49,70,75,344,251,182,20,49,93,26,38,29,320,219,180,9,30,101,23,32,46
S01007730,674,494,410,33,51,180,48,60,72,354,258,209,19,30,96,22,35,39,320,236,201,14,21,84,26,25,33
S01007731,615,472,407,26,39,143,55,32,56,299,239,201,13,25,60,21,16,23,316,233,206,13,14,83,34,16,33
S01007732,594,400,319,21,60,194,77,58,59,299,221,169,14,38,78,31,24,23,295,179,150,7,22,116,46,34,36
S01007733,685,479,389,59,31,206,125,24,57,339,253,190,43,20,86,55,10,21,346,226,199,16,11,120,70,14,36
S01007734,725,440,341,70,29,285,220,28,37,349,238,173,48,17,111,79,17,15,376,202,168,22,12,174,141,11,22
S01007735,716,452,375,49,28,264,190,30,44,343,241,187,36,18,102,76,15,11,373,211,188,13,10,162,114,15,33
S01007736,618,413,338,59,16,205,144,22,39,292,204,154,40,10,88,62,11,15,326,209,184,19,6,117,82,11,24
S01007737,887,525,422,56,47,362,261,32,69,385,273,200,42,31,112,79,12,21,502,252,222,14,16,250,182,20,48
S01007738,626,343,286,22,35,283,227,16,40,292,179,133,18,28,113,96,7,10,334,164,153,4,7,170,131,9,30
S01007739,541,237,198,18,21,304,254,13,37,222,118,93,14,11,104,78,10,16,319,119,105,4,10,200,176,3,21
S01007740,497,270,238,20,12,227,167,21,39,231,140,115,17,8,91,63,6,22,266,130,123,3,4,136,104,15,17
S01007741,658,308,253,21,34,350,284,18,48,286,148,115,15,18,138,101,12,25,372,160,138,6,16,212,183,6,23
S01007742,552,292,249,24,19,260,183,20,57,237,148,116,22,10,89,62,12,15,315,144,133,2,9,171,121,8,42
S01007743,724,463,375,32,56,261,132,28,101,355,246,181,28,37,109,58,11,40,369,217,194,4,19,152,74,17,61
S01007744,617,318,251,14,53,299,178,17,104,257,141,105,10,26,116,67,12,37,360,177,146,4,27,183,111,5,67
S01007745,583,349,287,25,37,234,152,11,71,276,181,134,22,25,95,57,5,33,307,168,153,3,12,139,95,6,38
S01007746,720,467,367,28,72,253,126,23,104,349,236,172,21,43,113,57,14,42,371,231,195,7,29,140,69,9,62
S01007747,417,254,194,15,45,163,87,16,60,184,125,87,13,25,59,31,6,22,233,129,107,2,20,104,56,10,38
S01007748,543,318,242,17,59,225,96,10,119,239,156,105,14,37,83,30,6,47,304,162,137,3,22,142,66,4,72
S01007749,583,355,306,31,18,228,163,26,39,285,181,146,21,14,104,79,11,14,298,174,160,10,4,124,84,15,25
S01007750,720,365,306,46,13,355,300,21,34,317,182,143,33,6,135,113,13,9,403,183,163,13,7,220,187,8,25
S01007751,676,294,225,58,11,382,312,17,53,301,159,109,41,9,142,120,10,12,375,135,116,17,2,240,192,7,41
S01007752,658,282,227,42,13,376,327,17,32,295,144,106,29,9,151,127,8,16,363,138,121,13,4,225,200,9,16
S01007753,416,251,208,16,27,165,87,12,66,192,124,95,15,14,68,38,5,25,224,127,113,1,13,97,49,7,41
S01007754,690,376,287,20,69,314,161,24,129,318,189,131,16,42,129,65,14,50,372,187,156,4,27,185,96,10,79
S01007755,676,345,270,16,59,331,188,25,118,291,173,128,12,33,118,70,12,36,385,172,142,4,26,213,118,13,82
S01007756,481,261,210,18,33,220,141,15,64,212,123,88,13,22,89,54,10,25,269,138,122,5,11,131,87,5,39
S01007757,718,361,300,48,13,357,295,26,36,340,186,144,31,11,154,134,12,8,378,175,156,17,2,203,161,14,28
S01007758,791,372,296,64,12,419,353,31,35,362,190,140,43,7,172,147,13,12,429,182,156,21,5,247,206,18,23
S01007759,869,494,406,48,40,375,266,31,78,371,238,177,36,25,133,85,9,39,498,256,229,12,15,242,181,22,39
S01007760,518,258,205,48,5,260,215,17,28,228,132,99,31,2,96,82,9,5,290,126,106,17,3,164,133,8,23
S01007761,727,464,370,76,18,263,206,30,27,354,244,187,49,8,110,88,12,10,373,220,183,27,10,153,118,18,17
S01007762,729,398,336,36,26,331,273,15,43,296,189,153,22,14,107,86,2,19,433,209,183,14,12,224,187,13,24
S01007763,483,193,158,21,14,290,252,4,34,213,109,86,14,9,104,88,1,15,270,84,72,7,5,186,164,3,19
S01007764,634,431,363,53,15,203,153,29,21,301,216,169,35,12,85,65,12,8,333,215,194,18,3,118,88,17,13
S01007765,568,308,271,24,13,260,225,13,22,268,159,136,16,7,109,94,9,6,300,149,135,8,6,151,131,4,16
S01007766,777,436,379,36,21,341,275,33,33,373,228,188,24,16,145,117,20,8,404,208,191,12,5,196,158,13,25
S01007767,762,446,379,56,11,316,263,22,31,358,222,179,36,7,136,107,11,18,404,224,200,20,4,180,156,11,13
S01007768,572,313,258,36,19,259,198,24,37,253,158,122,26,10,95,75,7,13,319,155,136,10,9,164,123,17,24
S01007769,641,335,266,53,16,306,253,18,35,298,173,124,36,13,125,114,7,4,343,162,142,17,3,181,139,11,31
S01007770,613,362,286,58,18,251,204,21,26,284,179,129,39,11,105,88,12,5,329,183,157,19,7,146,116,9,21
S01007771,450,220,183,26,11,230,202,10,18,204,108,84,18,6,96,88,4,4,246,112,99,8,5,134,114,6,14
S01007772,846,457,377,37,43,389,275,18,96,382,227,181,25,21,155,100,6,49,464,230,196,12,22,234,175,12,47
S01007773,642,399,344,40,15,243,211,17,15,298,195,156,34,5,103,93,6,4,344,204,188,6,10,140,118,11,11
S01007774,681,578,511,51,16,103,46,30,27,332,289,244,34,11,43,22,16,5,349,289,267,17,5,60,24,14,22
S01007775,755,484,417,42,25,271,216,28,27,328,246,198,30,18,82,71,7,4,427,238,219,12,7,189,145,21,23
S01007776,561,412,350,42,20,149,96,28,25,279,223,178,32,13,56,34,15,7,282,189,172,10,7,93,62,13,18
S01007777,671,571,494,60,17,100,39,30,31,336,300,242,46,12,36,18,16,2,335,271,252,14,5,64,21,14,29
S01007778,372,269,218,44,7,103,41,10,52,184,143,107,33,3,41,18,1,22,188,126,111,11,4,62,23,9,30
S01007779,608,428,371,33,24,180,110,16,54,308,227,184,26,17,81,49,8,24,300,201,187,7,7,99,61,8,30
S01007780,649,501,430,43,28,148,78,32,38,327,267,219,29,19,60,29,15,16,322,234,211,14,9,88,49,17,22
S01007781,736,580,499,37,44,156,103,18,35,357,289,234,27,28,68,47,11,10,379,291,265,10,16,88,56,7,25
S01007782,375,243,171,19,53,132,45,17,70,193,145,93,17,35,48,16,8,24,182,98,78,2,18,84,29,9,46
S01007783,637,288,211,11,66,349,217,16,116,305,153,97,9,47,152,100,10,42,332,135,114,2,19,197,117,6,74
S01007784,531,419,343,29,47,112,37,25,50,258,213,158,24,31,45,17,15,13,273,206,185,5,16,67,20,10,37
S01007785,438,252,187,10,55,186,82,23,81,177,102,70,7,25,75,29,16,30,261,150,117,3,30,111,53,7,51
S01007786,612,353,293,24,36,259,165,15,79,276,178,131,19,28,98,65,6,27,336,175,162,5,8,161,100,9,52
S01007787,522,317,251,26,40,205,115,16,74,229,146,109,18,19,83,50,8,25,293,171,142,8,21,122,65,8,49
S01007788,466,280,181,17,82,186,42,31,113,215,140,76,12,52,75,14,20,41,251,140,105,5,30,111,28,11,72
S01007789,459,288,221,18,49,171,27,25,119,212,144,107,13,24,68,13,6,49,247,144,114,5,25,103,14,19,70
S01007790,560,362,280,12,70,198,35,22,141,236,168,122,9,37,68,15,11,42,324,194,158,3,33,130,20,11,99
S01007791,400,300,254,35,11,100,71,10,19,193,155,119,27,9,38,27,6,5,207,145,135,8,2,62,44,4,14
S01007792,709,424,346,21,57,285,176,15,94,326,206,158,15,33,120,74,5,41,383,218,188,6,24,165,102,10,53
S01007793,724,369,285,24,60,355,199,30,126,312,174,122,14,38,138,74,19,45,412,195,163,10,22,217,125,11,81
S01007794,448,275,221,16,38,173,104,21,48,205,135,98,13,24,70,42,10,18,243,140,123,3,14,103,62,11,30
S01007795,458,303,256,14,33,155,93,14,48,201,136,112,9,15,65,40,6,19,257,167,144,5,18,90,53,8,29
S01007796,528,341,281,17,43,187,98,18,71,241,169,126,14,29,72,40,10,22,287,172,155,3,14,115,58,8,49
S01007797,406,225,177,11,37,181,92,12,77,187,111,77,7,27,76,38,5,33,219,114,100,4,10,105,54,7,44
S01007798,494,399,332,48,19,95,35,17,43,247,208,160,35,13,39,18,11,10,247,191,172,13,6,56,17,6,33
S01007799,430,365,306,36,23,65,19,21,25,201,181,141,29,11,20,5,10,5,229,184,165,7,12,45,14,11,20
S01007800,720,404,302,26,76,316,168,18,130,322,203,136,18,49,119,65,8,46,398,201,166,8,27,197,103,10,84
S01007801,799,398,266,16,116,401,133,94,174,404,217,134,9,74,187,49,62,76,395,181,132,7,42,214,84,32,98
S01007802,403,348,308,27,13,55,16,13,26,192,174,146,19,9,18,5,6,7,211,174,162,8,4,37,11,7,19
S01007803,808,408,308,17,83,400,178,38,184,342,198,138,13,47,144,61,18,65,466,210,170,4,36,256,117,20,119
S01007804,452,246,195,13,38,206,64,32,110,184,110,81,8,21,74,23,14,37,268,136,114,5,17,132,41,18,73
S01007805,366,244,190,11,43,122,32,22,68,141,107,79,7,21,34,9,14,11,225,137,111,4,22,88,23,8,57
S01007806,520,311,264,17,30,209,131,9,69,256,167,131,14,22,89,57,5,27,264,144,133,3,8,120,74,4,42
S01007807,548,392,337,32,23,156,86,21,49,259,191,157,20,14,68,37,9,22,289,201,180,12,9,88,49,12,27
S01007808,635,432,347,32,53,203,74,36,93,297,215,158,20,37,82,28,13,41,338,217,189,12,16,121,46,23,52
S01007809,790,489,426,45,18,301,254,25,22,373,251,203,34,14,122,108,12,2,417,238,223,11,4,179,146,13,20
S01007810,690,359,283,19,57,331,167,34,130,323,196,148,13,35,127,57,22,48,367,163,135,6,22,204,110,12,82
S01007811,638,417,347,15,55,221,97,30,94,283,204,161,8,35,79,37,13,29,355,213,186,7,20,142,60,17,65
S01007812,589,371,269,22,80,218,49,27,142,268,188,122,17,49,80,25,9,46,321,183,147,5,31,138,24,18,96
S01007813,580,347,272,13,62,233,115,27,91,269,168,126,10,32,101,52,16,33,311,179,146,3,30,132,63,11,58
S01007814,468,279,237,21,21,189,108,19,62,214,142,111,19,12,72,42,10,20,254,137,126,2,9,117,66,9,42
S01007815,808,501,437,39,25,307,236,33,38,371,248,199,29,20,123,91,21,11,437,253,238,10,5,184,145,12,27
S01007816,558,375,324,35,16,183,134,16,33,274,192,151,30,11,82,59,11,12,284,183,173,5,5,101,75,5,21
S01007817,393,209,184,13,12,184,145,8,31,176,104,87,8,9,72,56,5,11,217,105,97,5,3,112,89,3,20
S01007818,607,415,358,38,19,192,126,13,53,285,207,161,30,16,78,51,8,19,322,208,197,8,3,114,75,5,34
S01007819,675,418,358,38,22,257,205,14,38,322,218,172,32,14,104,81,8,15,353,200,186,6,8,153,124,6,23
S01007820,808,459,380,40,39,349,229,24,96,374,235,177,30,28,139,88,12,39,434,224,203,10,11,210,141,12,57
S01007821,469,299,263,21,15,170,119,16,35,220,150,121,17,12,70,49,6,15,249,149,142,4,3,100,70,10,20
S01007822,634,359,315,29,15,275,223,11,41,287,183,150,22,11,104,86,5,13,347,176,165,7,4,171,137,6,28
S01007823,611,400,344,35,21,211,164,19,28,289,205,168,26,11,84,68,9,7,322,195,176,9,10,127,96,10,21
S01007824,632,362,323,34,5,270,213,28,29,302,179,147,29,3,123,90,18,15,330,183,176,5,2,147,123,10,14
S01007825,876,511,424,59,28,365,280,28,57,411,264,199,44,21,147,106,16,25,465,247,225,15,7,218,174,12,32
S01007826,465,236,187,17,32,229,135,11,83,202,120,83,15,22,82,51,4,27,263,116,104,2,10,147,84,7,56
S01007827,495,368,308,24,36,127,51,27,49,225,174,137,14,23,51,21,10,20,270,194,171,10,13,76,30,17,29
S01007828,889,465,383,32,50,424,283,29,112,406,228,166,28,34,178,97,15,66,483,237,217,4,16,246,186,14,46
S01007829,539,233,204,19,10,306,244,17,45,243,119,96,15,8,124,91,8,25,296,114,108,4,2,182,153,9,20
S01007830,818,405,342,23,40,413,271,39,103,410,224,178,16,30,186,113,27,46,408,181,164,7,10,227,158,12,57
S01007831,742,350,279,23,48,392,211,55,126,345,167,120,18,29,178,88,30,60,397,183,159,5,19,214,123,25,66
S01007832,551,300,240,19,41,251,157,29,65,255,158,115,15,28,97,56,11,30,296,142,125,4,13,154,101,18,35
S01007833,731,255,210,21,24,476,402,20,54,328,134,106,14,14,194,160,10,24,403,121,104,7,10,282,242,10,30
S01007834,625,373,301,20,52,252,127,41,84,292,186,136,16,34,106,46,20,40,333,187,165,4,18,146,81,21,44
S01007835,580,353,295,28,30,227,177,14,36,265,177,137,20,20,88,69,7,12,315,176,158,8,10,139,108,7,24
S01007836,468,248,214,17,17,220,160,12,48,210,125,102,14,9,85,53,5,27,258,123,112,3,8,135,107,7,21
S01007837,695,382,328,44,10,313,263,25,25,317,192,154,34,4,125,102,15,8,378,190,174,10,6,188,161,10,17
S01007838,738,402,345,38,19,336,269,28,39,333,197,165,24,8,136,117,12,7,405,205,180,14,11,200,152,16,32
S01007839,651,284,231,24,29,367,247,81,39,290,134,106,18,10,156,101,38,17,361,150,125,6,19,211,146,43,22
S01007840,647,376,326,18,32,271,184,31,56,317,199,167,13,19,118,73,21,24,330,177,159,5,13,153,111,10,32
S01007841,566,365,296,21,48,201,125,22,54,256,169,129,15,25,87,53,11,23,310,196,167,6,23,114,72,11,31
S01007842,575,372,275,20,77,203,62,26,115,269,175,122,15,38,94,23,12,59,306,197,153,5,39,109,39,14,56
S01007843,578,347,279,17,51,231,118,39,74,271,176,127,12,37,95,45,24,26,307,171,152,5,14,136,73,15,48
S01007844,773,493,383,32,78,280,121,56,103,369,245,171,25,49,124,45,28,51,404,248,212,7,29,156,76,28,52
S01007845,669,388,308,23,57,281,140,18,123,281,181,130,19,32,100,55,8,37,388,207,178,4,25,181,85,10,86
S01007846,576,334,279,16,39,242,141,17,84,257,169,135,11,23,88,51,7,30,319,165,144,5,16,154,90,10,54
S01007847,737,438,361,23,54,299,163,27,109,336,218,169,17,32,118,68,12,38,401,220,192,6,22,181,95,15,71
S01007848,643,364,278,12,74,279,139,29,111,313,187,127,8,52,126,62,14,50,330,177,151,4,22,153,77,15,61
S01007849,688,422,354,21,47,266,118,32,116,300,196,157,13,26,104,47,17,40,388,226,197,8,21,162,71,15,76
S01007850,615,345,273,27,45,270,145,24,101,287,181,127,23,31,106,60,15,31,328,164,146,4,14,164,85,9,70
S01007851,811,378,319,34,25,433,346,21,66,367,203,162,24,17,164,126,11,27,444,175,157,10,8,269,220,10,39
S01007852,540,328,229,21,78,212,101,17,94,267,170,100,17,53,97,45,10,42,273,158,129,4,25,115,56,7,52
S01007853,576,252,175,14,63,324,199,24,101,280,134,82,11,41,146,95,8,43,296,118,93,3,22,178,104,16,58
S01007854,891,484,343,30,111,407,218,34,155,407,239,158,18,63,168,92,11,65,484,245,185,12,48,239,126,23,90
S01007855,428,265,194,19,52,163,81,15,67,224,146,87,14,45,78,35,3,40,204,119,107,5,7,85,46,12,27
S01007856,674,423,364,27,32,251,156,29,66,312,207,165,23,19,105,63,15,27,362,216,199,4,13,146,93,14,39
S01007857,384,215,178,12,25,169,80,24,65,159,92,73,10,9,67,31,13,23,225,123,105,2,16,102,49,11,42
S01007858,879,475,364,38,73,404,279,27,98,368,229,156,25,48,139,92,10,37,511,246,208,13,25,265,187,17,61
S01007859,389,214,164,17,33,175,83,24,68,179,109,79,13,17,70,32,13,25,210,105,85,4,16,105,51,11,43
S01007860,445,332,258,31,43,113,30,16,67,218,172,123,20,29,46,16,7,23,227,160,135,11,14,67,14,9,44
S01007861,533,320,262,14,44,213,119,18,76,266,174,129,12,33,92,52,12,28,267,146,133,2,11,121,67,6,48
S01007862,575,346,279,23,44,229,134,23,72,260,173,127,20,26,87,51,12,24,315,173,152,3,18,142,83,11,48
S01007863,676,382,287,17,78,294,115,24,155,308,204,141,14,49,104,46,7,51,368,178,146,3,29,190,69,17,104
S01007864,771,441,368,24,49,330,211,21,98,347,217,165,21,31,130,86,12,32,424,224,203,3,18,200,125,9,66
S01007865,487,417,369,28,20,70,26,18,26,234,206,174,22,10,28,13,5,10,253,211,195,6,10,42,13,13,16
S01007866,450,397,339,38,20,53,22,22,9,231,206,162,33,11,25,9,10,6,219,191,177,5,9,28,13,12,3
S01007867,411,251,206,34,11,160,107,13,40,203,127,95,24,8,76,55,5,16,208,124,111,10,3,84,52,8,24
S01007868,758,501,429,44,28,257,201,29,27,369,259,203,37,19,110,88,15,7,389,242,226,7,9,147,113,14,20
S01007869,782,524,443,53,28,258,152,46,60,347,255,211,35,9,92,51,25,16,435,269,232,18,19,166,101,21,44
S01007870,458,289,223,53,13,169,101,12,56,232,152,106,40,6,80,51,5,24,226,137,117,13,7,89,50,7,32
S01007871,524,264,182,27,55,260,129,13,118,246,139,93,18,28,107,57,5,45,278,125,89,9,27,153,72,8,73
S01007872,558,286,209,13,64,272,107,17,148,254,132,84,10,38,122,51,7,64,304,154,125,3,26,150,56,10,84
S01007873,598,330,271,37,22,268,177,18,73,283,171,134,25,12,112,69,10,33,315,159,137,12,10,156,108,8,40
S01007874,638,335,273,25,37,303,214,16,73,303,175,126,22,27,128,88,8,32,335,160,147,3,10,175,126,8,41
S01007875,442,285,237,20,28,157,100,10,47,209,142,108,14,20,67,45,7,15,233,143,129,6,8,90,55,3,32
S01007876,776,516,409,59,48,260,146,27,87,369,258,186,43,29,111,61,17,33,407,258,223,16,19,149,85,10,54
S01007877,642,364,292,34,38,278,170,16,92,324,204,155,24,25,120,73,11,36,318,160,137,10,13,158,97,5,56
S01007878,560,282,231,19,32,278,146,17,115,260,132,95,14,23,128,64,7,57,300,150,136,5,9,150,82,10,58
S01007879,588,319,261,13,45,269,129,23,117,278,160,121,12,27,118,58,10,50,310,159,140,1,18,151,71,13,67
S01007880,336,210,148,50,12,126,85,8,33,166,115,75,32,8,51,39,1,11,170,95,73,18,4,75,46,7,22
S01007881,452,256,177,41,38,196,109,13,74,233,149,94,31,24,84,54,4,26,219,107,83,10,14,112,55,9,48
S01007882,614,440,319,104,17,174,89,37,48,299,234,153,71,10,65,38,16,11,315,206,166,33,7,109,51,21,37
S01007883,873,576,475,63,38,297,187,29,81,415,298,222,48,28,117,84,9,24,458,278,253,15,10,180,103,20,57
S01007884,514,330,270,32,28,184,104,18,62,248,171,127,23,21,77,47,8,22,266,159,143,9,7,107,57,10,40
S01007885,613,345,242,26,77,268,136,22,110,296,184,128,17,39,112,60,8,44,317,161,114,9,38,156,76,14,66
S01007886,742,430,344,50,36,312,190,26,96,380,228,166,40,22,152,92,11,49,362,202,178,10,14,160,98,15,47
S01007887,481,321,231,79,11,160,104,19,37,248,176,110,58,8,72,51,11,10,233,145,121,21,3,88,53,8,27
S01007888,829,514,394,24,96,315,143,46,126,388,260,187,18,55,128,67,18,43,441,254,207,6,41,187,76,28,83
S01007889,443,244,208,11,25,199,126,8,65,201,119,95,8,16,82,55,3,24,242,125,113,3,9,117,71,5,41
S01007890,594,381,304,44,33,213,129,15,69,279,184,130,34,20,95,55,9,31,315,197,174,10,13,118,74,6,38
S01007891,714,452,387,35,30,262,177,22,63,345,231,181,29,21,114,74,6,34,369,221,206,6,9,148,103,16,29
S01007892,634,404,330,50,24,230,173,19,38,313,221,167,33,21,92,66,12,14,321,183,163,17,3,138,107,7,24
S01007893,868,521,409,81,31,347,255,39,53,416,274,192,62,20,142,104,20,18,452,247,217,19,11,205,151,19,35
S01007894,761,488,405,47,36,273,159,27,87,368,260,207,33,20,108,62,11,35,393,228,198,14,16,165,97,16,52
S01007895,462,259,210,31,18,203,163,18,22,209,130,100,21,9,79,65,9,5,253,129,110,10,9,124,98,9,17
S01007896,701,386,298,35,53,315,171,40,104,326,203,152,20,31,123,69,18,36,375,183,146,15,22,192,102,22,68
S01007897,358,245,163,69,13,113,81,11,21,189,137,77,53,7,52,38,4,10,169,108,86,16,6,61,43,7,11
S01007898,363,249,169,65,15,114,67,18,29,187,140,82,46,12,47,26,9,12,176,109,87,19,3,67,41,9,17
S01007899,308,211,136,66,9,97,58,15,24,168,120,60,54,6,48,28,11,9,140,91,76,12,3,49,30,4,15
S01007900,451,248,199,15,34,203,119,20,64,213,134,102,12,20,79,50,8,21,238,114,97,3,14,124,69,12,43
S01007901,576,334,264,27,43,242,136,23,83,271,175,130,19,26,96,51,7,38,305,159,134,8,17,146,85,16,45
S01007902,732,372,298,28,46,360,177,26,157,363,196,151,17,28,167,85,12,70,369,176,147,11,18,193,92,14,87
S01007903,563,262,199,30,33,301,204,18,79,264,146,104,19,23,118,76,9,33,299,116,95,11,10,183,128,9,46
S01007904,697,418,300,102,16,279,140,75,64,353,233,155,70,8,120,52,51,17,344,185,145,32,8,159,88,24,47
S01007905,547,302,226,9,67,245,118,27,100,258,160,115,8,37,98,49,18,31,289,142,111,1,30,147,69,9,69
S01007906,625,308,240,26,42,317,213,17,87,272,145,110,17,18,127,90,5,32,353,163,130,9,24,190,123,12,55
S01007907,475,246,203,15,28,229,152,17,60,226,127,102,11,14,99,70,6,23,249,119,101,4,14,130,82,11,37
S01007908,796,426,339,43,44,370,264,21,85,388,241,172,34,35,147,109,9,29,408,185,167,9,9,223,155,12,56
S01007909,422,264,222,20,22,158,80,20,58,207,147,117,17,13,60,36,10,14,215,117,105,3,9,98,44,10,44
S01007910,695,419,323,29,67,276,100,48,128,315,216,153,18,45,99,35,17,47,380,203,170,11,22,177,65,31,81
S01007911,633,381,326,30,25,252,148,27,77,304,201,162,21,18,103,61,12,30,329,180,164,9,7,149,87,15,47
S01007912,662,397,324,27,46,265,181,18,66,317,201,150,21,30,116,76,9,31,345,196,174,6,16,149,105,9,35
S01007913,509,274,214,23,37,235,134,17,84,253,155,106,20,29,98,56,8,34,256,119,108,3,8,137,78,9,50
S01007914,517,295,219,21,55,222,117,33,72,235,157,106,16,35,78,49,13,16,282,138,113,5,20,144,68,20,56
S01007915,686,426,342,32,52,260,148,30,82,331,218,160,29,29,113,63,15,35,355,208,182,3,23,147,85,15,47
S01007916,704,333,274,29,30,371,250,33,88,328,173,128,23,22,155,99,18,38,376,160,146,6,8,216,151,15,50
S01007917,731,420,340,30,50,311,162,20,129,354,219,164,24,31,135,65,7,63,377,201,176,6,19,176,97,13,66
S01007918,794,465,373,42,50,329,206,33,90,396,255,182,32,41,141,73,20,48,398,210,191,10,9,188,133,13,42
S01007919,649,402,339,45,18,247,174,31,42,322,221,178,31,12,101,81,12,8,327,181,161,14,6,146,93,19,34
S01007920,493,327,282,32,13,166,112,20,34,240,177,147,21,9,63,41,11,11,253,150,135,11,4,103,71,9,23
S01007921,776,420,321,39,60,356,194,27,135,374,218,147,31,40,156,78,15,63,402,202,174,8,20,200,116,12,72
S01007922,718,396,295,38,63,322,156,32,134,338,203,139,27,37,135,63,15,57,380,193,156,11,26,187,93,17,77
S01007923,814,527,438,58,31,287,186,35,66,393,268,203,48,17,125,84,12,29,421,259,235,10,14,162,102,23,37
S01007924,826,461,351,30,80,365,215,34,116,390,244,166,24,54,146,87,14,45,436,217,185,6,26,219,128,20,71
S01007925,387,272,164,91,17,115,74,12,29,200,156,83,64,9,44,31,6,7,187,116,81,27,8,71,43,6,22
S01007926,393,277,194,74,9,116,77,15,24,196,149,88,55,6,47,30,9,8,197,128,106,19,3,69,47,6,16
S01007927,525,376,246,117,13,149,92,19,38,267,202,114,79,9,65,34,12,19,258,174,132,38,4,84,58,7,19
S01007928,850,495,381,93,21,355,260,33,62,387,245,181,57,7,142,104,17,21,463,250,200,36,14,213,156,16,41
S01007929,598,437,293,129,15,161,87,25,49,302,240,141,87,12,62,36,11,15,296,197,152,42,3,99,51,14,34
S01007930,473,357,238,111,8,116,77,13,26,236,189,104,81,4,47,32,6,9,237,168,134,30,4,69,45,7,17
S01007931,912,535,445,65,25,377,254,38,85,425,273,213,42,18,152,106,20,26,487,262,232,23,7,225,148,18,59
S01007932,725,414,327,59,28,311,248,39,24,343,218,160,41,17,125,109,12,4,382,196,167,18,11,186,139,27,20
S01007933,650,437,347,52,38,213,118,38,57,293,224,171,30,23,69,49,10,10,357,213,176,22,15,144,69,28,47
S01007934,561,355,284,36,35,206,131,31,44,255,177,135,26,16,78,51,14,13,306,178,149,10,19,128,80,17,31
S01007935,678,417,316,52,49,261,169,19,73,313,226,158,36,32,87,58,7,22,365,191,158,16,17,174,111,12,51
S01007936,791,567,491,56,20,224,149,31,44,386,304,255,37,12,82,57,14,11,405,263,236,19,8,142,92,17,33
S01007937,865,603,495,73,35,262,178,32,52,412,308,235,45,28,104,76,14,14,453,295,260,28,7,158,102,18,38
S01007938,632,372,295,39,38,260,181,25,54,280,176,137,22,17,104,63,15,26,352,196,158,17,21,156,118,10,28
S01007939,713,424,318,30,76,289,183,28,78,328,216,150,25,41,112,75,13,24,385,208,168,5,35,177,108,15,54
S01007940,871,508,400,60,48,363,244,26,93,437,277,211,38,28,160,100,15,45,434,231,189,22,20,203,144,11,48
S01007941,544,368,308,40,20,176,121,25,30,259,189,152,27,10,70,49,12,9,285,179,156,13,10,106,72,13,21
S01007942,362,262,211,25,26,100,51,8,41,183,140,110,15,15,43,23,3,17,179,122,101,10,11,57,28,5,24
S01007943,564,312,250,32,30,252,196,5,51,270,165,123,22,20,105,83,5,17,294,147,127,10,10,147,113,0,34
S01007944,764,467,358,53,56,297,207,24,66,371,253,184,37,32,118,85,12,21,393,214,174,16,24,179,122,12,45
S01007945,723,401,282,63,56,322,192,35,95,353,226,139,46,41,127,83,9,35,370,175,143,17,15,195,109,26,60
S01007946,663,402,302,42,58,261,146,33,82,339,221,152,28,41,118,71,12,35,324,181,150,14,17,143,75,21,47
S01007947,618,364,290,43,31,254,167,31,56,303,201,141,34,26,102,74,16,12,315,163,149,9,5,152,93,15,44
S01007948,526,283,194,29,60,243,120,18,105,246,153,97,21,35,93,48,11,34,280,130,97,8,25,150,72,7,71
S01007949,654,401,342,27,32,253,193,21,39,306,196,154,20,22,110,85,12,13,348,205,188,7,10,143,108,9,26
S01007950,735,473,395,58,20,262,185,33,44,341,244,192,43,9,97,67,11,19,394,229,203,15,11,165,118,22,25
S01007951,619,404,329,35,40,215,144,28,43,284,201,157,26,18,83,55,13,15,335,203,172,9,22,132,89,15,28
S01007952,543,297,208,44,45,246,172,12,62,248,147,94,23,30,101,64,6,31,295,150,114,21,15,145,108,6,31
S01007953,763,487,387,47,53,276,157,42,77,339,243,185,34,24,96,53,15,28,424,244,202,13,29,180,104,27,49
S01007954,586,337,263,17,57,249,94,31,124,285,175,135,7,33,110,35,13,62,301,162,128,10,24,139,59,18,62
S01007955,636,442,347,24,71,194,98,16,80,296,222,169,16,37,74,46,6,22,340,220,178,8,34,120,52,10,58
S01007956,577,376,295,25,56,201,119,33,49,256,171,126,14,31,85,46,19,20,321,205,169,11,25,116,73,14,29
S01007957,795,436,370,28,38,359,235,26,98,373,223,176,19,28,150,96,11,43,422,213,194,9,10,209,139,15,55
S01007958,740,426,322,22,82,314,194,21,99,333,223,154,13,56,110,71,10,29,407,203,168,9,26,204,123,11,70
S01007959,690,417,356,36,25,273,227,15,31,345,220,175,25,20,125,103,7,15,345,197,181,11,5,148,124,8,16
S01007960,571,370,309,22,39,201,117,19,65,256,179,142,16,21,77,47,7,23,315,191,167,6,18,124,70,12,42
S01007961,1103,477,296,155,26,626,127,22,477,792,299,155,122,22,493,54,13,426,311,178,141,33,4,133,73,9,51
S01007962,443,284,218,28,38,159,66,20,73,201,146,107,19,20,55,30,6,19,242,138,111,9,18,104,36,14,54
S01007963,702,369,222,27,120,333,121,29,183,320,195,108,22,65,125,52,13,60,382,174,114,5,55,208,69,16,123
S01007964,643,358,275,25,58,285,169,28,88,303,187,129,20,38,116,70,15,31,340,171,146,5,20,169,99,13,57
S01007965,456,274,224,14,36,182,95,21,66,211,145,111,9,25,66,38,6,22,245,129,113,5,11,116,57,15,44
S01007966,733,400,309,19,72,333,165,34,134,301,184,137,14,33,117,56,12,49,432,216,172,5,39,216,109,22,85
S01007967,464,296,223,14,59,168,67,25,76,209,145,95,11,39,64,33,12,19,255,151,128,3,20,104,34,13,57
S01007968,741,421,352,24,45,320,217,29,74,342,222,178,18,26,120,84,12,24,399,199,174,6,19,200,133,17,50
S01007969,700,404,337,29,38,296,189,22,85,323,206,164,20,22,117,74,12,31,377,198,173,9,16,179,115,10,54
S01007970,707,451,373,25,53,256,174,17,65,326,229,182,17,30,97,68,7,22,381,222,191,8,23,159,106,10,43
S01007971,796,450,363,23,64,346,229,31,86,365,237,179,17,41,128,82,12,34,431,213,184,6,23,218,147,19,52
S01007972,705,447,371,26,50,258,181,15,62,335,225,173,22,30,110,75,11,24,370,222,198,4,20,148,106,4,38
S01007973,724,485,431,38,16,239,189,15,35,356,251,215,25,11,105,84,10,11,368,234,216,13,5,134,105,5,24
S01007974,699,376,314,22,40,323,194,18,111,309,180,142,15,23,129,75,7,47,390,196,172,7,17,194,119,11,64
S01007975,561,321,256,23,42,240,158,24,58,282,177,127,18,32,105,68,10,27,279,144,129,5,10,135,90,14,31
S01007976,645,354,274,27,53,291,215,12,64,293,185,133,22,30,108,75,5,28,352,169,141,5,23,183,140,7,36
S01007977,558,392,343,31,18,166,113,27,26,263,194,158,28,8,69,46,14,9,295,198,185,3,10,97,67,13,17
S01007978,505,348,289,19,40,157,98,11,48,256,196,155,16,25,60,29,6,25,249,152,134,3,15,97,69,5,23
S01007979,707,469,386,53,30,238,170,30,38,355,260,196,44,20,95,70,15,10,352,209,190,9,10,143,100,15,28
S01007980,611,370,304,35,31,241,183,22,36,292,192,152,21,19,100,71,16,13,319,178,152,14,12,141,112,6,23
S01007981,488,267,216,37,14,221,186,11,24,220,140,101,28,11,80,66,6,8,268,127,115,9,3,141,120,5,16
S01007982,439,260,226,23,11,179,137,14,28,204,123,97,19,7,81,63,8,10,235,137,129,4,4,98,74,6,18
S01007983,649,335,257,26,52,314,234,30,50,301,179,121,21,37,122,90,19,13,348,156,136,5,15,192,144,11,37
S01007984,681,396,328,30,38,285,225,19,41,311,196,156,15,25,115,97,8,10,370,200,172,15,13,170,128,11,31
S01007985,744,430,330,25,75,314,187,29,98,347,226,167,15,44,121,82,12,27,397,204,163,10,31,193,105,17,71
S01007986,475,279,240,17,22,196,141,25,30,225,144,116,11,17,81,58,13,10,250,135,124,6,5,115,83,12,20
S01007987,621,419,357,30,32,202,133,28,41,302,215,173,22,20,87,61,11,15,319,204,184,8,12,115,72,17,26
S01007988,667,375,316,21,38,292,185,25,82,316,195,154,18,23,121,75,16,30,351,180,162,3,15,171,110,9,52
S01007989,551,369,297,27,45,182,79,36,67,261,182,139,16,27,79,36,20,23,290,187,158,11,18,103,43,16,44
S01007990,683,509,422,27,60,174,74,33,67,314,253,196,20,37,61,27,12,22,369,256,226,7,23,113,47,21,45
S01007991,720,594,516,52,26,126,71,27,28,357,312,259,39,14,45,31,11,3,363,282,257,13,12,81,40,16,25
S01007992,494,396,338,46,12,98,36,42,20,240,204,169,32,3,36,11,20,5,254,192,169,14,9,62,25,22,15
S01007993,703,503,429,47,27,200,144,21,35,338,253,204,29,20,85,66,11,8,365,250,225,18,7,115,78,10,27
S01007994,605,507,434,52,21,98,39,26,33,290,256,211,34,11,34,15,8,11,315,251,223,18,10,64,24,18,22
S01007995,683,540,482,35,23,143,82,28,33,338,275,234,25,16,63,38,15,10,345,265,248,10,7,80,44,13,23
S01007996,392,251,202,39,10,141,100,16,25,195,133,99,27,7,62,46,8,8,197,118,103,12,3,79,54,8,17
S01007997,581,358,288,51,19,223,189,9,25,275,187,134,39,14,88,78,5,5,306,171,154,12,5,135,111,4,20
S01007998,451,274,218,45,11,177,131,19,27,212,148,109,31,8,64,47,10,7,239,126,109,14,3,113,84,9,20
S01007999,544,353,289,29,35,191,98,22,71,255,173,137,20,16,82,45,10,27,289,180,152,9,19,109,53,12,44
S01008000,733,415,329,20,66,318,175,33,110,319,196,145,11,40,123,69,11,43,414,219,184,9,26,195,106,22,67
S01008001,655,367,272,14,81,288,118,35,135,299,188,133,10,45,111,46,13,52,356,179,139,4,36,177,72,22,83
S01008002,611,377,245,39,93,234,73,29,132,293,204,125,25,54,89,27,9,53,318,173,120,14,39,145,46,20,79
S01008003,533,316,255,29,32,217,130,29,58,239,161,122,23,16,78,44,13,21,294,155,133,6,16,139,86,16,37
S01008004,465,354,305,24,25,111,38,28,45,213,172,142,18,12,41,14,12,15,252,182,163,6,13,70,24,16,30
S01008005,397,322,270,27,25,75,12,16,47,168,148,118,17,13,20,5,4,11,229,174,152,10,12,55,7,12,36
S01008006,445,217,158,15,44,228,90,21,117,194,112,80,8,24,82,40,9,33,251,105,78,7,20,146,50,12,84
S01008007,336,221,161,7,53,115,25,13,77,167,118,79,7,32,49,14,1,34,169,103,82,0,21,66,11,12,43
S01008008,459,294,228,24,42,165,47,20,98,213,149,107,14,28,64,20,9,35,246,145,121,10,14,101,27,11,63
S01008009,590,363,271,31,61,227,76,24,127,275,181,124,18,39,94,35,12,47,315,182,147,13,22,133,41,12,80
S01008010,747,487,351,43,93,260,110,22,128,387,269,171,36,62,118,47,10,61,360,218,180,7,31,142,63,12,67
S01008011,612,311,231,19,61,301,215,7,79,299,170,116,15,39,129,88,2,39,313,141,115,4,22,172,127,5,40
S01008012,701,460,369,47,44,241,123,31,87,356,237,179,30,28,119,53,17,49,345,223,190,17,16,122,70,14,38
S01008013,620,338,279,36,23,282,216,10,56,283,181,137,27,17,102,73,4,25,337,157,142,9,6,180,143,6,31
S01008014,545,350,289,33,28,195,144,17,34,265,183,143,20,20,82,58,9,15,280,167,146,13,8,113,86,8,19
S01008015,663,394,330,19,45,269,168,14,87,314,196,149,14,33,118,69,10,39,349,198,181,5,12,151,99,4,48
S01008016,689,394,313,41,40,295,216,13,66,315,204,146,31,27,111,79,5,27,374,190,167,10,13,184,137,8,39
S01008017,787,427,364,46,17,360,296,29,35,362,222,179,34,9,140,121,13,6,425,205,185,12,8,220,175,16,29
S01008018,573,321,272,38,11,252,209,23,20,266,170,134,30,6,96,86,4,6,307,151,138,8,5,156,123,19,14
S01008019,620,386,307,60,19,234,170,26,38,294,216,159,44,13,78,54,14,10,326,170,148,16,6,156,116,12,28
S01008020,524,367,309,42,16,157,106,23,28,255,186,149,30,7,69,46,11,12,269,181,160,12,9,88,60,12,16
S01008021,482,288,233,43,12,194,152,15,27,224,143,104,32,7,81,68,5,8,258,145,129,11,5,113,84,10,19
S01008022,605,391,326,47,18,214,153,24,37,295,203,155,37,11,92,66,12,14,310,188,171,10,7,122,87,12,23
S01008023,549,421,351,51,19,128,78,33,17,269,218,171,37,10,51,31,18,2,280,203,180,14,9,77,47,15,15
S01008024,482,430,367,48,15,52,18,14,20,226,205,170,26,9,21,8,9,4,256,225,197,22,6,31,10,5,16
S01008025,583,405,356,38,11,178,127,16,35,285,208,175,26,7,77,56,10,11,298,197,181,12,4,101,71,6,24
S01008026,853,535,440,48,47,318,211,19,88,407,291,226,37,28,116,74,9,33,446,244,214,11,19,202,137,10,55
S01008027,475,289,252,11,26,186,127,23,36,216,144,120,7,17,72,54,7,11,259,145,132,4,9,114,73,16,25
S01008028,469,332,277,38,17,137,83,15,39,232,179,137,28,14,53,34,10,9,237,153,140,10,3,84,49,5,30
S01008029,784,472,351,91,30,312,216,22,74,391,252,168,67,17,139,88,16,35,393,220,183,24,13,173,128,6,39
S01008030,912,557,427,92,38,355,262,42,51,423,278,191,59,28,145,113,19,13,489,279,236,33,10,210,149,23,38
S01008031,730,446,366,37,43,284,177,35,72,330,222,167,27,28,108,69,17,22,400,224,199,10,15,176,108,18,50
S01008032,733,472,401,40,31,261,164,37,60,345,238,193,25,20,107,70,17,20,388,234,208,15,11,154,94,20,40
S01008033,625,468,368,86,14,157,71,48,38,314,253,180,62,11,61,32,23,6,311,215,188,24,3,96,39,25,32
S01008034,599,461,370,75,16,138,68,36,34,282,226,170,50,6,56,30,17,9,317,235,200,25,10,82,38,19,25
S01008035,531,332,278,34,20,199,134,26,39,248,168,128,23,17,80,53,16,11,283,164,150,11,3,119,81,10,28
S01008036,567,357,300,38,19,210,162,24,24,291,191,149,31,11,100,80,13,7,276,166,151,7,8,110,82,11,17
S01008037,833,512,422,57,33,321,179,37,105,380,257,191,44,22,123,67,20,36,453,255,231,13,11,198,112,17,69
S01008038,592,400,323,47,30,192,114,18,60,265,193,141,37,15,72,49,4,19,327,207,182,10,15,120,65,14,41
S01008039,715,467,381,46,40,248,135,40,73,336,241,178,36,27,95,53,18,24,379,226,203,10,13,153,82,22,49
S01008040,653,376,300,57,19,277,202,29,46,306,203,147,43,13,103,85,11,7,347,173,153,14,6,174,117,18,39
S01008041,600,320,266,41,13,280,221,18,41,280,160,125,26,9,120,88,12,20,320,160,141,15,4,160,133,6,21
S01008042,480,265,200,58,7,215,153,26,36,212,140,95,41,4,72,48,14,10,268,125,105,17,3,143,105,12,26
S01008043,767,449,339,102,8,318,260,29,29,368,232,161,67,4,136,112,17,7,399,217,178,35,4,182,148,12,22
S01008044,815,487,388,87,12,328,252,42,34,376,253,188,57,8,123,99,20,4,439,234,200,30,4,205,153,22,30
S01008045,828,449,310,111,28,379,296,36,47,390,242,156,67,19,148,119,17,12,438,207,154,44,9,231,177,19,35
S01008046,755,347,276,38,33,408,295,17,96,300,166,120,29,17,134,93,5,36,455,181,156,9,16,274,202,12,60
S01008047,581,319,251,55,13,262,199,36,27,278,170,122,38,10,108,81,19,8,303,149,129,17,3,154,118,17,19
S01008048,488,252,213,29,10,236,180,25,31,238,136,112,19,5,102,78,16,8,250,116,101,10,5,134,102,9,23
S01008049,709,382,309,63,10,327,264,27,36,333,206,155,45,6,127,112,10,5,376,176,154,18,4,200,152,17,31
S01008050,508,273,220,45,8,235,182,23,30,237,138,105,31,2,99,80,10,9,271,135,115,14,6,136,102,13,21
S01008051,690,445,379,51,15,245,182,28,35,335,234,185,39,10,101,80,13,8,355,211,194,12,5,144,102,15,27
S01008052,668,448,368,67,13,220,164,28,28,328,234,190,41,3,94,70,21,3,340,214,178,26,10,126,94,7,25
S01008053,507,261,210,41,10,246,202,23,21,234,129,97,26,6,105,87,15,3,273,132,113,15,4,141,115,8,18
S01008054,662,360,275,75,10,302,223,30,49,318,201,137,57,7,117,80,21,16,344,159,138,18,3,185,143,9,33
S01008055,835,507,408,85,14,328,222,56,50,411,277,211,60,6,134,96,32,6,424,230,197,25,8,194,126,24,44
S01008056,623,321,261,53,7,302,233,33,36,291,176,136,36,4,115,85,21,9,332,145,125,17,3,187,148,12,27
S01008057,758,449,364,74,11,309,244,31,34,368,240,180,51,9,128,105,16,7,390,209,184,23,2,181,139,15,27
S01008058,718,507,377,111,19,211,126,40,45,336,261,167,84,10,75,50,18,7,382,246,210,27,9,136,76,22,38
S01008059,559,359,294,55,10,200,141,33,26,268,179,133,39,7,89,68,18,3,291,180,161,16,3,111,73,15,23
S01008060,725,481,401,62,18,244,166,44,34,335,238,193,38,7,97,68,20,9,390,243,208,24,11,147,98,24,25
S01008061,627,399,330,52,17,228,165,26,37,266,204,154,34,16,62,42,14,6,361,195,176,18,1,166,123,12,31
S01008062,714,444,387,43,14,270,199,24,47,336,222,183,32,7,114,86,14,14,378,222,204,11,7,156,113,10,33
S01008063,764,471,394,63,14,293,209,47,37,364,244,194,44,6,120,90,20,10,400,227,200,19,8,173,119,27,27
S01008064,568,365,286,32,47,203,100,34,69,249,185,133,25,27,64,22,17,25,319,180,153,7,20,139,78,17,44
S01008065,775,510,410,76,24,265,167,50,48,384,269,204,51,14,115,77,28,10,391,241,206,25,10,150,90,22,38
S01008066,727,445,318,108,19,282,185,58,39,354,245,158,74,13,109,76,29,4,373,200,160,34,6,173,109,29,35
S01008067,524,318,251,59,8,206,156,30,20,254,171,125,43,3,83,63,16,4,270,147,126,16,5,123,93,14,16
S01008068,777,489,392,76,21,288,213,33,42,366,252,184,55,13,114,89,14,11,411,237,208,21,8,174,124,19,31
S01008069,777,521,437,49,35,256,199,25,32,365,253,204,33,16,112,90,14,8,412,268,233,16,19,144,109,11,24
S01008070,742,506,436,43,27,236,166,29,41,348,251,207,31,13,97,70,15,12,394,255,229,12,14,139,96,14,29
S01008071,580,396,342,42,12,184,128,24,32,269,199,163,30,6,70,50,11,9,311,197,179,12,6,114,78,13,23
S01008072,706,422,335,68,19,284,178,43,63,326,227,163,51,13,99,66,26,7,380,195,172,17,6,185,112,17,56
S01008073,403,247,187,50,10,156,129,14,13,202,128,84,36,8,74,60,11,3,201,119,103,14,2,82,69,3,10
S01008074,809,519,409,93,17,290,217,37,36,373,253,182,61,10,120,85,20,15,436,266,227,32,7,170,132,17,21
S01008075,492,237,174,59,4,255,195,30,30,234,132,86,42,4,102,76,19,7,258,105,88,17,0,153,119,11,23
S01008076,582,241,172,61,8,341,297,19,25,265,123,81,38,4,142,125,12,5,317,118,91,23,4,199,172,7,20
S01008077,679,372,265,87,20,307,220,35,52,326,203,132,62,9,123,92,20,11,353,169,133,25,11,184,128,15,41
S01008078,699,392,306,72,14,307,219,44,44,336,218,152,57,9,118,86,26,6,363,174,154,15,5,189,133,18,38
S01008079,735,415,324,70,21,320,257,23,40,355,228,168,49,11,127,107,16,4,380,187,156,21,10,193,150,7,36
S01008080,560,352,272,67,13,208,156,21,31,267,186,129,52,5,81,65,10,6,293,166,143,15,8,127,91,11,25
S01008081,492,296,231,48,17,196,130,32,34,236,164,117,34,13,72,54,17,1,256,132,114,14,4,124,76,15,33
S01008082,686,423,355,54,14,263,200,31,32,316,210,156,46,8,106,80,17,9,370,213,199,8,6,157,120,14,23
S01008083,586,352,296,46,10,234,165,34,35,284,183,148,29,6,101,70,21,10,302,169,148,17,4,133,95,13,25
S01008084,712,451,348,72,31,261,180,34,47,333,227,157,55,15,106,75,16,15,379,224,191,17,16,155,105,18,32
S01008085,794,550,429,106,15,244,150,49,45,386,273,187,74,12,113,78,17,18,408,277,242,32,3,131,72,32,27
S01008086,861,614,489,90,35,247,158,38,51,421,317,234,61,22,104,65,26,13,440,297,255,29,13,143,93,12,38
S01008087,694,389,330,43,16,305,240,29,36,319,198,156,32,10,121,101,10,10,375,191,174,11,6,184,139,19,26
S01008088,780,447,389,39,19,333,252,34,47,369,230,187,32,11,139,101,16,22,411,217,202,7,8,194,151,18,25
S01008089,543,331,280,30,21,212,148,34,30,266,176,142,21,13,90,67,12,11,277,155,138,9,8,122,81,22,19
S01008090,622,405,344,38,23,217,159,30,28,291,213,170,28,15,78,58,15,5,331,192,174,10,8,139,101,15,23
S01008091,332,197,169,22,6,135,98,20,17,157,95,74,18,3,62,44,9,9,175,102,95,4,3,73,54,11,8
S01008092,767,422,354,47,21,345,290,36,19,385,233,184,35,14,152,131,15,6,382,189,170,12,7,193,159,21,13
S01008093,672,378,325,36,17,294,239,37,18,312,192,155,28,9,120,98,18,4,360,186,170,8,8,174,141,19,14
S01008094,555,332,257,61,14,223,164,33,26,270,183,132,41,10,87,65,14,8,285,149,125,20,4,136,99,19,18
S01008095,645,373,316,38,19,272,201,34,37,303,185,141,29,15,118,85,21,12,342,188,175,9,4,154,116,13,25
S01008096,676,358,298,41,19,318,264,27,27,325,185,140,32,13,140,108,20,12,351,173,158,9,6,178,156,7,15
S01008097,543,294,233,43,18,249,203,25,21,242,150,103,35,12,92,73,16,3,301,144,130,8,6,157,130,9,18
S01008098,620,394,337,42,15,226,172,26,28,286,192,153,32,7,94,71,13,10,334,202,184,10,8,132,101,13,18
S01008099,444,289,235,36,18,155,92,35,28,228,148,109,29,10,80,40,26,14,216,141,126,7,8,75,52,9,14
S01008100,800,432,332,70,30,368,280,42,46,369,232,161,53,18,137,109,21,7,431,200,171,17,12,231,171,21,39
S01008101,629,459,379,46,34,170,88,29,53,287,225,166,37,22,62,37,10,15,342,234,213,9,12,108,51,19,38
S01008102,695,414,335,45,34,281,179,25,77,333,210,154,33,23,123,70,12,41,362,204,181,12,11,158,109,13,36
S01008103,524,314,254,38,22,210,134,12,64,227,152,116,25,11,75,44,5,26,297,162,138,13,11,135,90,7,38
S01008104,718,451,365,42,44,267,160,29,78,328,224,158,36,30,104,63,14,27,390,227,207,6,14,163,97,15,51
S01008105,856,531,420,44,67,325,173,34,118,374,261,190,31,40,113,54,17,42,482,270,230,13,27,212,119,17,76
S01008106,639,361,287,28,46,278,164,20,94,280,172,129,17,26,108,64,9,35,359,189,158,11,20,170,100,11,59
S01008107,625,509,401,86,22,116,43,30,43,311,269,193,63,13,42,15,18,9,314,240,208,23,9,74,28,12,34
S01008108,540,410,343,51,16,130,80,21,29,249,201,154,37,10,48,32,8,8,291,209,189,14,6,82,48,13,21
S01008109,756,514,438,49,27,242,162,30,50,365,263,210,39,14,102,72,15,15,391,251,228,10,13,140,90,15,35
S01008110,697,513,434,50,29,184,122,35,27,337,258,202,36,20,79,55,16,8,360,255,232,14,9,105,67,19,19
S01008111,751,445,395,42,8,306,238,36,32,359,232,190,35,7,127,95,24,8,392,213,205,7,1,179,143,12,24
S01008112,713,413,350,36,27,300,248,25,27,341,207,160,30,17,134,110,14,10,372,206,190,6,10,166,138,11,17
S01008113,779,471,402,48,21,308,241,32,35,375,247,196,37,14,128,101,13,14,404,224,206,11,7,180,140,19,21
S01008114,578,357,301,37,19,221,174,27,20,286,187,149,28,10,99,75,17,7,292,170,152,9,9,122,99,10,13
S01008115,761,551,462,54,35,210,111,44,55,377,288,226,40,22,89,47,22,20,384,263,236,14,13,121,64,22,35
S01008116,753,500,430,46,24,253,174,38,41,349,246,207,29,10,103,77,17,9,404,254,223,17,14,150,97,21,32
S01008117,676,402,323,54,25,274,212,26,36,322,209,154,41,14,113,91,9,13,354,193,169,13,11,161,121,17,23
S01008118,690,421,340,50,31,269,189,25,55,308,220,167,30,23,88,69,5,14,382,201,173,20,8,181,120,20,41
S01008119,542,316,261,18,37,226,128,37,61,257,158,127,12,19,99,56,25,18,285,158,134,6,18,127,72,12,43
S01008120,518,290,237,37,16,228,170,21,37,235,150,110,30,10,85,68,10,7,283,140,127,7,6,143,102,11,30
S01008121,556,316,264,44,8,240,190,21,29,267,165,126,35,4,102,83,13,6,289,151,138,9,4,138,107,8,23
S01008122,592,366,272,75,19,226,146,40,40,301,204,137,55,12,97,61,24,12,291,162,135,20,7,129,85,16,28
S01008123,763,451,354,85,12,312,239,44,29,368,236,162,63,11,132,103,24,5,395,215,192,22,1,180,136,20,24
S01008124,667,448,392,41,15,219,153,44,22,319,231,191,31,9,88,66,18,4,348,217,201,10,6,131,87,26,18
S01008125,728,468,404,51,13,260,198,33,29,347,245,202,38,5,102,74,18,10,381,223,202,13,8,158,124,15,19
S01008126,668,477,398,61,18,191,122,41,28,325,234,183,43,8,91,58,24,9,343,243,215,18,10,100,64,17,19
S01008127,411,267,225,26,16,144,112,13,19,207,137,109,19,9,70,57,9,4,204,130,116,7,7,74,55,4,15
S01008128,750,464,391,52,21,286,211,44,31,370,242,189,40,13,128,92,26,10,380,222,202,12,8,158,119,18,21
S01008129,748,474,385,49,40,274,150,20,104,353,241,174,39,28,112,55,12,45,395,233,211,10,12,162,95,8,59
S01008130,815,537,429,46,62,278,169,31,78,418,303,223,31,49,115,68,16,31,397,234,206,15,13,163,101,15,47
S01008131,642,395,320,33,42,247,126,32,89,306,205,151,27,27,101,40,12,49,336,190,169,6,15,146,86,20,40
S01008132,850,490,400,70,20,360,300,27,33,407,255,192,51,12,152,129,17,6,443,235,208,19,8,208,171,10,27
S01008133,540,268,211,40,17,272,185,19,68,245,145,103,29,13,100,70,7,23,295,123,108,11,4,172,115,12,45
S01008134,520,348,289,36,23,172,112,13,47,251,184,143,24,17,67,44,4,19,269,164,146,12,6,105,68,9,28
S01008135,916,639,539,59,41,277,151,37,89,441,328,257,43,28,113,55,19,39,475,311,282,16,13,164,96,18,50
S01008136,756,469,392,42,35,287,190,19,78,361,242,185,32,25,119,75,14,30,395,227,207,10,10,168,115,5,48
S01008137,667,394,301,24,69,273,92,31,150,299,194,125,20,49,105,42,13,50,368,200,176,4,20,168,50,18,100
S01008138,645,390,304,25,61,255,92,22,141,307,192,132,18,42,115,42,15,58,338,198,172,7,19,140,50,7,83
S01008139,713,427,333,32,62,286,163,36,87,340,200,131,27,42,140,73,23,44,373,227,202,5,20,146,90,13,43
S01008140,407,236,194,13,29,171,95,10,66,186,125,94,11,20,61,31,9,21,221,111,100,2,9,110,64,1,45
S01008141,712,446,373,54,19,266,196,36,34,341,226,178,39,9,115,85,21,9,371,220,195,15,10,151,111,15,25
S01008142,664,477,408,37,32,187,115,37,35,321,236,197,27,12,85,52,20,13,343,241,211,10,20,102,63,17,22
S01008143,755,452,359,35,58,303,185,31,87,328,209,154,20,35,119,70,17,32,427,243,205,15,23,184,115,14,55
S01008144,505,326,257,53,16,179,121,32,26,252,174,126,40,8,78,52,20,6,253,152,131,13,8,101,69,12,20
S01008145,646,432,343,40,49,214,119,19,76,327,228,169,27,32,99,58,6,35,319,204,174,13,17,115,61,13,41
S01008146,414,236,188,23,25,178,116,17,45,198,129,95,17,17,69,45,10,14,216,107,93,6,8,109,71,7,31
S01008147,664,437,366,40,31,227,137,24,66,325,220,170,33,17,105,64,14,27,339,217,196,7,14,122,73,10,39
S01008148,648,445,379,41,25,203,124,22,57,332,233,178,36,19,99,55,13,31,316,212,201,5,6,104,69,9,26
S01008149,568,373,312,23,38,195,112,23,60,254,178,133,20,25,76,44,9,23,314,195,179,3,13,119,68,14,37
S01008150,764,447,375,32,40,317,202,28,87,353,228,180,23,25,125,78,14,33,411,219,195,9,15,192,124,14,54
S01008151,589,354,295,23,36,235,149,30,56,292,184,143,17,24,108,67,18,23,297,170,152,6,12,127,82,12,33
S01008152,891,498,407,36,55,393,272,24,97,386,233,171,28,34,153,116,6,31,505,265,236,8,21,240,156,18,66
S01008153,769,501,423,48,30,268,184,34,50,379,262,207,37,18,117,77,12,28,390,239,216,11,12,151,107,22,22
S01008154,710,407,333,46,28,303,239,28,36,337,198,152,33,13,139,104,20,15,373,209,181,13,15,164,135,8,21
S01008155,576,379,309,41,29,197,127,31,39,271,188,141,29,18,83,58,14,11,305,191,168,12,11,114,69,17,28
S01008156,771,487,364,79,44,284,185,31,68,360,243,152,61,30,117,76,18,23,411,244,212,18,14,167,109,13,45
S01008157,592,415,343,42,30,177,106,35,36,274,207,159,32,16,67,46,15,6,318,208,184,10,14,110,60,20,30
S01008158,627,486,416,46,24,141,79,29,33,298,247,199,34,14,51,31,13,7,329,239,217,12,10,90,48,16,26
S01008159,781,448,347,40,61,333,175,26,132,370,242,170,32,40,128,73,15,40,411,206,177,8,21,205,102,11,92
S01008160,771,449,354,39,56,322,179,32,111,354,230,165,26,39,124,71,14,39,417,219,189,13,17,198,108,18,72
S01008161,815,627,513,90,24,188,112,38,38,401,317,235,64,18,84,49,20,15,414,310,278,26,6,104,63,18,23
S01008162,831,547,463,60,24,284,202,23,59,409,290,236,41,13,119,87,8,24,422,257,227,19,11,165,115,15,35
S01008163,601,368,290,43,35,233,129,20,84,282,192,143,29,20,90,50,7,33,319,176,147,14,15,143,79,13,51
S01008164,1318,731,490,42,199,587,84,450,53,461,298,194,34,70,163,35,107,21,857,433,296,8,129,424,49,343,32
S01008165,580,459,372,70,17,121,57,23,41,296,244,186,47,11,52,24,14,14,284,215,186,23,6,69,33,9,27
S01008166,443,293,233,26,34,150,94,12,44,218,154,110,21,23,64,38,9,17,225,139,123,5,11,86,56,3,27
S01008167,561,362,285,25,52,199,109,14,76,261,184,141,17,26,77,44,4,29,300,178,144,8,26,122,65,10,47
S01008168,668,412,348,24,40,256,124,16,116,296,199,166,17,16,97,57,6,34,372,213,182,7,24,159,67,10,82
S01008169,584,409,350,30,29,175,102,13,60,271,203,160,24,19,68,44,3,21,313,206,190,6,10,107,58,10,39
S01008170,492,341,282,46,13,151,101,24,26,234,172,127,37,8,62,43,14,5,258,169,155,9,5,89,58,10,21
S01008171,616,373,325,25,23,243,151,22,70,270,179,148,18,13,91,57,6,28,346,194,177,7,10,152,94,16,42
S01008172,457,284,238,29,17,173,128,16,29,203,131,97,24,10,72,53,8,11,254,153,141,5,7,101,75,8,18
S01008173,521,376,329,29,18,145,99,16,30,234,180,145,25,10,54,41,4,9,287,196,184,4,8,91,58,12,21
S01008174,448,319,270,36,13,129,89,18,22,217,164,129,26,9,53,36,7,10,231,155,141,10,4,76,53,11,12
S01008175,615,439,372,38,29,176,105,19,52,282,213,171,26,16,69,46,5,18,333,226,201,12,13,107,59,14,34
S01008176,610,403,315,70,18,207,145,29,33,295,205,153,44,8,90,67,11,12,315,198,162,26,10,117,78,18,21
S01008177,635,365,310,31,24,270,194,14,62,302,195,157,21,17,107,74,10,23,333,170,153,10,7,163,120,4,39
S01008178,560,325,285,25,15,235,175,17,43,271,174,146,18,10,97,77,8,12,289,151,139,7,5,138,98,9,31
S01008179,390,308,252,42,14,82,34,26,22,185,158,117,30,11,27,12,10,5,205,150,135,12,3,55,22,16,17
S01008180,381,295,245,41,9,86,44,24,18,185,145,107,29,9,40,23,13,4,196,150,138,12,0,46,21,11,14
S01008181,579,354,289,48,17,225,170,22,33,277,190,145,33,12,87,71,9,7,302,164,144,15,5,138,99,13,26
S01008182,833,576,478,47,51,257,159,36,62,366,288,223,30,35,78,45,5,28,467,288,255,17,16,179,114,31,34
S01008183,521,377,309,33,35,144,93,14,37,244,188,143,23,22,56,36,8,12,277,189,166,10,13,88,57,6,25
S01008184,735,442,351,50,41,293,227,20,46,339,224,166,32,26,115,88,6,21,396,218,185,18,15,178,139,14,25
S01008185,887,562,456,52,54,325,233,27,65,398,277,214,31,32,121,89,9,23,489,285,242,21,22,204,144,18,42
S01008186,722,370,287,40,43,352,171,130,51,333,180,125,29,26,153,55,74,24,389,190,162,11,17,199,116,56,27
S01008187,501,326,266,32,28,175,99,19,57,229,163,120,25,18,66,36,10,20,272,163,146,7,10,109,63,9,37
S01008188,769,433,350,38,45,336,208,40,88,336,208,160,22,26,128,76,12,40,433,225,190,16,19,208,132,28,48
S01008189,491,294,231,43,20,197,136,26,35,216,146,103,34,9,70,51,9,10,275,148,128,9,11,127,85,17,25
S01008190,709,446,365,38,43,263,167,19,77,320,219,167,30,22,101,67,7,27,389,227,198,8,21,162,100,12,50
S01008191,387,249,201,23,25,138,89,13,36,166,120,91,15,14,46,34,5,7,221,129,110,8,11,92,55,8,29
S01008192,680,471,395,38,38,209,121,22,66,302,233,188,25,20,69,45,5,19,378,238,207,13,18,140,76,17,47
S01008193,678,421,342,49,30,257,188,26,43,305,210,161,30,19,95,67,13,15,373,211,181,19,11,162,121,13,28
S01008194,509,321,268,29,24,188,126,12,50,225,160,128,22,10,65,41,8,16,284,161,140,7,14,123,85,4,34
S01008195,623,433,342,44,47,190,69,32,89,293,214,152,32,30,79,29,14,36,330,219,190,12,17,111,40,18,53
S01008196,596,409,321,35,53,187,83,20,84,280,195,145,24,26,85,42,9,34,316,214,176,11,27,102,41,11,50
S01008197,740,636,549,47,40,104,27,20,57,371,323,270,35,18,48,13,10,25,369,313,279,12,22,56,14,10,32
S01008198,575,347,293,27,27,228,157,16,55,271,176,138,20,18,95,67,10,18,304,171,155,7,9,133,90,6,37
S01008199,608,379,308,24,47,229,90,21,118,293,195,149,20,26,98,39,15,44,315,184,159,4,21,131,51,6,74
S01008200,511,276,225,24,27,235,166,9,60,217,123,95,18,10,94,67,6,21,294,153,130,6,17,141,99,3,39
S01008201,632,386,312,17,57,246,135,22,89,315,209,157,10,42,106,46,13,47,317,177,155,7,15,140,89,9,42
S01008202,487,288,247,22,19,199,144,21,34,227,144,118,16,10,83,59,10,14,260,144,129,6,9,116,85,11,20
S01008203,460,295,213,28,54,165,91,11,63,220,154,97,18,39,66,36,7,23,240,141,116,10,15,99,55,4,40
S01008204,776,373,302,41,30,403,306,13,84,373,208,160,28,20,165,121,7,37,403,165,142,13,10,238,185,6,47
S01008205,565,367,300,36,31,198,128,17,53,271,185,139,26,20,86,58,8,20,294,182,161,10,11,112,70,9,33
S01008206,529,318,265,31,22,211,143,11,57,255,166,126,25,15,89,56,8,25,274,152,139,6,7,122,87,3,32
S01008207,453,310,246,31,33,143,72,13,58,219,157,114,25,18,62,30,11,21,234,153,132,6,15,81,42,2,37
S01008208,622,514,436,42,36,108,49,16,43,294,249,194,34,21,45,28,5,12,328,265,242,8,15,63,21,11,31
S01008209,412,342,276,53,13,70,38,13,19,193,169,120,40,9,24,17,3,4,219,173,156,13,4,46,21,10,15
S01008210,753,495,397,60,38,258,181,24,53,364,255,197,40,18,109,77,10,22,389,240,200,20,20,149,104,14,31
S01008211,744,479,372,66,41,265,175,22,68,351,250,177,47,26,101,67,10,24,393,229,195,19,15,164,108,12,44
S01008212,447,354,305,36,13,93,52,15,26,216,181,144,29,8,35,21,7,7,231,173,161,7,5,58,31,8,19
S01008213,777,566,471,60,35,211,127,38,46,385,296,237,40,19,89,54,20,15,392,270,234,20,16,122,73,18,31
S01008214,611,318,259,32,27,293,208,4,81,295,170,128,25,17,125,89,3,33,316,148,131,7,10,168,119,1,48
S01008215,620,408,348,33,27,212,145,22,45,293,208,167,24,17,85,60,2,23,327,200,181,9,10,127,85,20,22
S01008216,419,307,254,38,15,112,69,27,16,206,154,121,26,7,52,31,16,5,213,153,133,12,8,60,38,11,11
S01008217,472,333,267,54,12,139,110,13,16,236,178,138,33,7,58,52,5,1,236,155,129,21,5,81,58,8,15
S01008218,821,674,547,99,28,147,89,24,34,416,353,273,64,16,63,40,14,9,405,321,274,35,12,84,49,10,25
S01008219,857,571,448,78,45,286,185,22,79,401,299,213,56,30,102,72,10,20,456,272,235,22,15,184,113,12,59
S01008220,459,298,240,25,33,161,62,17,82,213,150,113,18,19,63,24,7,32,246,148,127,7,14,98,38,10,50
S01008221,539,355,257,28,70,184,86,15,83,259,191,128,16,47,68,34,3,31,280,164,129,12,23,116,52,12,52
S01008222,506,275,224,19,32,231,170,12,49,233,148,114,13,21,85,68,3,14,273,127,110,6,11,146,102,9,35
S01008223,510,270,235,15,20,240,165,16,59,235,133,112,10,11,102,61,11,30,275,137,123,5,9,138,104,5,29
S01008224,783,583,503,51,29,200,155,9,36,377,306,243,43,20,71,59,4,8,406,277,260,8,9,129,96,5,28
S01008225,594,396,349,31,16,198,136,29,33,287,206,169,27,10,81,57,15,9,307,190,180,4,6,117,79,14,24
S01008226,638,367,293,30,44,271,187,13,71,302,186,132,25,29,116,78,8,30,336,181,161,5,15,155,109,5,41
S01008227,681,396,348,27,21,285,189,19,77,335,205,171,21,13,130,82,9,39,346,191,177,6,8,155,107,10,38
S01008228,539,360,289,51,20,179,130,16,33,262,187,135,40,12,75,58,8,9,277,173,154,11,8,104,72,8,24
S01008229,551,347,301,25,21,204,135,15,54,255,169,142,17,10,86,57,8,21,296,178,159,8,11,118,78,7,33
S01008230,614,511,427,61,23,103,42,19,42,303,260,201,47,12,43,21,11,11,311,251,226,14,11,60,21,8,31
S01008231,524,460,385,59,16,64,21,20,23,251,233,179,48,6,18,6,8,4,273,227,206,11,10,46,15,12,19
S01008232,486,423,355,35,33,63,13,10,40,242,215,161,33,21,27,7,4,16,244,208,194,2,12,36,6,6,24
S01008233,350,285,239,33,13,65,34,12,19,183,151,120,25,6,32,17,10,5,167,134,119,8,7,33,17,2,14
S01008234,340,184,156,18,10,156,117,7,32,164,91,72,11,8,73,60,4,9,176,93,84,7,2,83,57,3,23
S01008235,690,420,352,51,17,270,194,23,53,337,217,167,40,10,120,84,13,23,353,203,185,11,7,150,110,10,30
S01008236,691,454,347,69,38,237,163,22,52,343,236,162,50,24,107,75,11,21,348,218,185,19,14,130,88,11,31
S01008237,695,467,351,79,37,228,145,18,65,344,248,169,58,21,96,60,10,26,351,219,182,21,16,132,85,8,39
S01008238,631,383,309,35,39,248,181,15,52,308,202,154,26,22,106,83,4,19,323,181,155,9,17,142,98,11,33
S01008239,630,422,341,70,11,208,156,13,39,299,220,159,54,7,79,60,8,11,331,202,182,16,4,129,96,5,28
S01008240,732,423,337,62,24,309,247,18,44,352,221,163,41,17,131,114,11,6,380,202,174,21,7,178,133,7,38
S01008241,557,317,247,56,14,240,204,17,19,279,164,122,32,10,115,96,14,5,278,153,125,24,4,125,108,3,14
S01008242,787,416,315,74,27,371,290,15,66,387,227,160,46,21,160,122,6,32,400,189,155,28,6,211,168,9,34
S01008243,705,473,355,107,11,232,147,28,57,347,259,180,70,9,88,61,15,12,358,214,175,37,2,144,86,13,45
S01008244,470,258,183,61,14,212,154,15,43,213,121,78,33,10,92,69,10,13,257,137,105,28,4,120,85,5,30
S01008245,790,522,410,98,14,268,201,20,47,385,279,207,63,9,106,82,10,14,405,243,203,35,5,162,119,10,33
S01008246,787,540,419,106,15,247,174,26,47,374,282,205,69,8,92,67,13,12,413,258,214,37,7,155,107,13,35
S01008247,642,456,323,116,17,186,109,29,48,322,233,147,77,9,89,55,14,20,320,223,176,39,8,97,54,15,28
S01008248,742,449,328,100,21,293,200,31,62,365,243,165,65,13,122,90,15,17,377,206,163,35,8,171,110,16,45
S01008249,747,466,327,122,17,281,191,24,66,378,260,170,80,10,118,88,10,20,369,206,157,42,7,163,103,14,46
S01008250,835,555,403,133,19,280,191,38,51,407,283,185,88,10,124,89,22,13,428,272,218,45,9,156,102,16,38
S01008251,544,395,329,56,10,149,92,30,27,262,210,164,38,8,52,37,12,3,282,185,165,18,2,97,55,18,24
S01008252,689,423,348,60,15,266,214,24,28,343,229,179,40,10,114,92,12,10,346,194,169,20,5,152,122,12,18
S01008253,648,378,315,37,26,270,192,14,64,311,203,156,28,19,108,77,7,24,337,175,159,9,7,162,115,7,40
S01008254,819,478,397,48,33,341,244,28,69,380,253,202,32,19,127,88,12,27,439,225,195,16,14,214,156,16,42
S01008255,576,385,307,53,25,191,125,25,41,263,194,142,38,14,69,49,11,9,313,191,165,15,11,122,76,14,32
S01008256,665,439,341,59,39,226,118,30,78,332,238,164,45,29,94,52,14,28,333,201,177,14,10,132,66,16,50
S01008257,581,272,204,55,13,309,267,11,31,238,139,99,35,5,99,82,4,13,343,133,105,20,8,210,185,7,18
S01008258,710,499,427,50,22,211,149,21,41,352,264,224,27,13,88,58,10,20,358,235,203,23,9,123,91,11,21
S01008259,637,417,320,74,23,220,167,15,38,324,231,168,50,13,93,72,7,14,313,186,152,24,10,127,95,8,24
S01008260,650,422,355,35,32,228,126,20,82,305,214,172,24,18,91,55,10,26,345,208,183,11,14,137,71,10,56
S01008261,708,475,385,53,37,233,128,19,86,341,243,193,34,16,98,51,8,39,367,232,192,19,21,135,77,11,47
S01008262,493,348,249,86,13,145,97,15,33,235,172,113,51,8,63,41,8,14,258,176,136,35,5,82,56,7,19
S01008263,522,297,223,64,10,225,176,12,37,258,164,116,41,7,94,73,9,12,264,133,107,23,3,131,103,3,25
S01008264,575,364,304,41,19,211,156,18,37,267,184,147,27,10,83,67,11,5,308,180,157,14,9,128,89,7,32
S01008265,563,292,219,63,10,271,223,11,37,256,160,114,42,4,96,89,3,4,307,132,105,21,6,175,134,8,33
S01008266,577,296,209,78,9,281,247,11,23,267,159,105,49,5,108,99,7,2,310,137,104,29,4,173,148,4,21
S01008267,667,424,312,96,16,243,164,23,56,328,237,157,71,9,91,68,10,13,339,187,155,25,7,152,96,13,43
S01008268,724,382,257,112,13,342,269,26,47,362,219,142,69,8,143,120,16,7,362,163,115,43,5,199,149,10,40
S01008269,754,299,234,54,11,455,394,22,39,328,157,119,32,6,171,149,11,11,426,142,115,22,5,284,245,11,28
S01008270,705,320,226,75,19,385,321,26,38,304,163,100,51,12,141,116,14,11,401,157,126,24,7,244,205,12,27
S01008271,586,353,246,72,35,233,157,24,52,282,183,121,44,18,99,60,12,27,304,170,125,28,17,134,97,12,25
S01008272,816,500,401,83,16,316,214,36,66,391,263,197,54,12,128,96,20,12,425,237,204,29,4,188,118,16,54
S01008273,673,388,300,71,17,285,203,30,52,310,192,136,46,10,118,86,19,13,363,196,164,25,7,167,117,11,39
S01008274,593,343,264,40,39,250,183,12,55,279,178,132,25,21,101,70,6,25,314,165,132,15,18,149,113,6,30
S01008275,462,270,192,66,12,192,142,13,37,218,142,100,41,1,76,60,7,9,244,128,92,25,11,116,82,6,28
S01008276,423,288,216,61,11,135,82,16,37,211,159,114,36,9,52,35,7,10,212,129,102,25,2,83,47,9,27
S01008277,408,280,170,97,13,128,84,16,28,192,147,85,58,4,45,34,9,2,216,133,85,39,9,83,50,7,26
S01008278,637,386,282,91,13,251,190,20,41,303,199,147,48,4,104,87,13,4,334,187,135,43,9,147,103,7,37
S01008279,605,357,283,54,20,248,202,12,34,282,187,135,38,14,95,82,5,8,323,170,148,16,6,153,120,7,26
S01008280,778,511,350,138,23,267,200,20,47,390,279,182,81,16,111,80,12,19,388,232,168,57,7,156,120,8,28
S01008281,584,417,300,97,20,167,106,16,45,290,218,155,53,10,72,49,6,17,294,199,145,44,10,95,57,10,28
S01008282,587,390,259,109,22,197,138,14,45,285,208,125,71,12,77,57,8,12,302,182,134,38,10,120,81,6,33
S01008283,395,303,231,49,23,92,56,16,20,202,159,111,36,12,43,26,9,8,193,144,120,13,11,49,30,7,12
S01008284,672,460,373,65,22,212,145,18,49,317,239,182,45,12,78,53,11,14,355,221,191,20,10,134,92,7,35
S01008285,628,355,274,42,39,273,182,17,74,287,177,122,34,21,110,84,6,20,341,178,152,8,18,163,98,11,54
S01008286,620,374,307,47,20,246,169,27,50,282,203,152,37,14,79,58,5,16,338,171,155,10,6,167,111,22,34
S01008287,617,418,336,43,39,199,124,23,52,290,218,169,23,26,72,48,12,12,327,200,167,20,13,127,76,11,40
S01008288,753,432,334,69,29,321,245,24,52,368,235,168,46,21,133,99,13,21,385,197,166,23,8,188,146,11,31
S01008289,525,366,290,53,23,159,98,9,52,254,190,138,37,15,64,40,5,19,271,176,152,16,8,95,58,4,33
S01008290,737,455,337,82,36,282,177,28,77,336,236,162,54,20,100,58,14,28,401,219,175,28,16,182,119,14,49
S01008291,644,334,291,25,18,310,277,9,24,304,178,145,20,13,126,118,4,4,340,156,146,5,5,184,159,5,20
S01008292,592,428,354,35,39,164,78,20,66,275,214,170,18,26,61,30,10,21,317,214,184,17,13,103,48,10,45
S01008293,428,305,256,41,8,123,74,22,27,212,159,126,27,6,53,36,11,6,216,146,130,14,2,70,38,11,21
S01008294,683,491,402,63,26,192,121,22,49,340,263,207,40,16,77,55,12,10,343,228,195,23,10,115,66,10,39
S01008295,795,582,519,35,28,213,126,33,54,387,303,256,27,20,84,55,10,19,408,279,263,8,8,129,71,23,35
S01008296,567,317,247,37,33,250,155,29,66,268,179,131,24,24,89,53,10,26,299,138,116,13,9,161,102,19,40
S01008297,586,409,352,41,16,177,96,26,55,283,216,175,32,9,67,33,14,20,303,193,177,9,7,110,63,12,35
S01008298,608,403,333,52,18,205,122,30,53,310,224,170,38,16,86,56,13,17,298,179,163,14,2,119,66,17,36
S01008299,616,334,245,36,53,282,149,20,113,293,185,125,27,33,108,50,13,45,323,149,120,9,20,174,99,7,68
S01008300,710,405,318,45,42,305,172,38,95,311,197,136,33,28,114,61,12,41,399,208,182,12,14,191,111,26,54
S01008301,687,492,410,54,28,195,107,35,53,344,265,206,37,22,79,46,15,18,343,227,204,17,6,116,61,20,35
S01008302,617,391,293,78,20,226,165,26,35,302,208,146,50,12,94,69,16,9,315,183,147,28,8,132,96,10,26
S01008303,471,299,248,27,24,172,110,21,41,224,160,121,22,17,64,38,11,15,247,139,127,5,7,108,72,10,26
S01008304,411,252,209,23,20,159,115,17,27,213,143,109,19,15,70,46,13,11,198,109,100,4,5,89,69,4,16
S01008305,678,450,394,35,21,228,185,19,24,320,223,186,24,13,97,82,8,7,358,227,208,11,8,131,103,11,17
S01008306,538,369,314,37,18,169,114,25,30,260,185,138,33,14,75,48,15,12,278,184,176,4,4,94,66,10,18
S01008307,493,331,283,30,18,162,103,17,42,234,171,141,19,11,63,40,9,14,259,160,142,11,7,99,63,8,28
S01008308,501,294,254,28,12,207,161,26,20,245,159,126,23,10,86,72,10,4,256,135,128,5,2,121,89,16,16
S01008309,603,323,254,19,50,280,163,30,87,269,168,120,15,33,101,60,13,28,334,155,134,4,17,179,103,17,59
S01008310,818,482,406,38,38,336,229,36,71,367,245,188,31,26,122,79,22,21,451,237,218,7,12,214,150,14,50
S01008311,313,212,176,13,23,101,54,11,36,164,118,94,10,14,46,21,7,18,149,94,82,3,9,55,33,4,18
S01008312,329,222,190,17,15,107,67,14,26,154,114,94,13,7,40,25,7,8,175,108,96,4,8,67,42,7,18
S01008313,748,391,307,31,53,357,219,20,118,333,197,138,24,35,136,88,6,42,415,194,169,7,18,221,131,14,76
S01008314,470,312,250,21,41,158,40,23,95,230,159,120,19,20,71,17,14,40,240,153,130,2,21,87,23,9,55
S01008315,617,367,288,29,50,250,106,21,123,268,182,129,22,31,86,38,6,42,349,185,159,7,19,164,68,15,81
S01008316,421,234,178,15,41,187,31,19,137,190,111,80,9,22,79,15,8,56,231,123,98,6,19,108,16,11,81
S01008317,560,389,317,37,35,171,53,27,91,276,204,159,27,18,72,19,13,40,284,185,158,10,17,99,34,14,51
S01008318,799,505,422,66,17,294,197,33,64,365,261,201,50,10,104,73,13,18,434,244,221,16,7,190,124,20,46
S01008319,622,336,286,27,23,286,190,20,76,278,168,131,21,16,110,72,10,28,344,168,155,6,7,176,118,10,48
S01008320,574,281,240,28,13,293,217,14,62,271,150,120,22,8,121,88,10,23,303,131,120,6,5,172,129,4,39
S01008321,436,321,272,31,18,115,66,25,24,210,165,128,23,14,45,25,9,11,226,156,144,8,4,70,41,16,13
S01008322,839,516,436,38,42,323,187,32,104,388,255,195,30,30,133,76,12,45,451,261,241,8,12,190,111,20,59
S01008323,610,353,266,39,48,257,103,30,124,276,181,125,28,28,95,40,14,41,334,172,141,11,20,162,63,16,83
S01008324,496,311,252,30,29,185,81,33,71,241,166,123,23,20,75,30,17,28,255,145,129,7,9,110,51,16,43
S01008325,554,367,298,10,59,187,69,22,96,249,172,134,4,34,77,26,14,37,305,195,164,6,25,110,43,8,59
S01008326,753,459,371,27,61,294,124,35,135,344,234,173,26,35,110,53,9,48,409,225,198,1,26,184,71,26,87
S01008327,712,424,346,29,49,288,185,27,76,329,213,167,21,25,116,75,14,27,383,211,179,8,24,172,110,13,49
S01008328,501,384,303,60,21,117,53,27,37,237,200,145,37,18,37,22,9,6,264,184,158,23,3,80,31,18,31
S01008329,679,488,391,70,27,191,110,34,47,332,253,190,48,15,79,53,15,11,347,235,201,22,12,112,57,19,36
S01008330,685,496,399,59,38,189,95,37,57,315,249,188,39,22,66,43,13,10,370,247,211,20,16,123,52,24,47
S01008331,477,360,287,58,15,117,66,24,27,225,177,129,42,6,48,24,14,10,252,183,158,16,9,69,42,10,17
S01008332,814,446,350,80,16,368,264,36,68,343,229,158,61,10,114,89,15,10,471,217,192,19,6,254,175,21,58
S01008333,859,413,308,87,18,446,373,29,44,369,218,145,63,10,151,121,19,11,490,195,163,24,8,295,252,10,33
S01008334,602,345,278,49,18,257,182,31,44,292,183,138,36,9,109,86,12,11,310,162,140,13,9,148,96,19,33
S01008335,590,332,267,41,24,258,167,25,66,267,164,126,24,14,103,71,8,24,323,168,141,17,10,155,96,17,42
S01008336,508,326,241,61,24,182,113,11,58,226,165,112,39,14,61,44,5,12,282,161,129,22,10,121,69,6,46
S01008337,663,492,436,31,25,171,99,29,43,307,251,209,25,17,56,39,8,9,356,241,227,6,8,115,60,21,34
S01008338,620,480,397,55,28,140,66,35,39,283,244,188,41,15,39,13,21,5,337,236,209,14,13,101,53,14,34
S01008339,493,405,335,43,27,88,45,15,28,243,203,159,31,13,40,22,8,10,250,202,176,12,14,48,23,7,18
S01008340,643,491,403,69,19,152,74,33,45,293,239,178,50,11,54,34,15,5,350,252,225,19,8,98,40,18,40
S01008341,484,391,297,72,22,93,39,27,27,238,199,139,50,10,39,19,14,6,246,192,158,22,12,54,20,13,21
S01008342,694,439,348,62,29,255,152,40,63,339,236,177,43,16,103,61,20,22,355,203,171,19,13,152,91,20,41
S01008343,702,428,318,83,27,274,214,30,30,348,237,165,57,15,111,91,16,4,354,191,153,26,12,163,123,14,26
S01008344,711,436,288,130,18,275,184,33,58,344,247,137,97,13,97,70,18,9,367,189,151,33,5,178,114,15,49
S01008345,765,416,280,115,21,349,226,55,68,370,234,145,77,12,136,92,32,12,395,182,135,38,9,213,134,23,56
S01008346,774,477,344,108,25,297,201,45,51,359,248,161,73,14,111,79,26,6,415,229,183,35,11,186,122,19,45
S01008347,832,439,328,76,35,393,319,34,40,359,223,146,53,24,136,111,23,2,473,216,182,23,11,257,208,11,38
S01008348,618,342,257,60,25,276,206,24,46,286,180,121,44,15,106,87,11,8,332,162,136,16,10,170,119,13,38
S01008349,696,405,303,91,11,291,189,44,58,320,220,145,68,7,100,68,25,7,376,185,158,23,4,191,121,19,51
S01008350,504,255,190,55,10,249,200,20,29,239,137,94,37,6,102,81,10,11,265,118,96,18,4,147,119,10,18
S01008351,727,453,359,67,27,274,199,32,43,336,232,164,50,18,104,79,16,9,391,221,195,17,9,170,120,16,34
S01008352,529,304,241,51,12,225,160,26,39,258,171,132,36,3,87,70,14,3,271,133,109,15,9,138,90,12,36
S01008353,406,242,168,60,14,164,104,27,33,190,130,75,46,9,60,41,15,4,216,112,93,14,5,104,63,12,29
S01008354,540,357,251,91,15,183,123,16,44,259,195,129,58,8,64,48,8,8,281,162,122,33,7,119,75,8,36
S01008355,540,301,231,49,21,239,166,24,49,246,151,103,35,13,95,62,16,17,294,150,128,14,8,144,104,8,32
S01008356,457,342,274,54,14,115,65,18,32,209,171,124,36,11,38,24,9,5,248,171,150,18,3,77,41,9,27
S01008357,566,355,292,53,10,211,157,28,26,266,174,130,37,7,92,72,11,9,300,181,162,16,3,119,85,17,17
S01008358,582,333,260,45,28,249,196,17,36,273,163,110,32,21,110,84,13,13,309,170,150,13,7,139,112,4,23
S01008359,492,324,239,73,12,168,126,15,27,233,170,118,45,7,63,49,8,6,259,154,121,28,5,105,77,7,21
S01008360,687,437,331,87,19,250,175,27,48,325,218,144,61,13,107,81,16,10,362,219,187,26,6,143,94,11,38
S01008361,424,289,245,31,13,135,90,24,21,204,149,118,22,9,55,36,13,6,220,140,127,9,4,80,54,11,15
S01008362,721,523,431,67,25,198,113,31,54,321,247,189,45,13,74,44,21,9,400,276,242,22,12,124,69,10,45
S01008363,601,388,328,43,17,213,146,27,40,289,209,170,28,11,80,62,13,5,312,179,158,15,6,133,84,14,35
S01008364,628,390,297,71,22,238,156,40,42,286,196,132,50,14,90,61,22,7,342,194,165,21,8,148,95,18,35
S01008365,567,313,217,76,20,254,175,35,44,266,163,96,55,12,103,74,17,12,301,150,121,21,8,151,101,18,32
S01008366,746,396,330,37,29,350,254,37,59,318,208,156,30,22,110,86,14,10,428,188,174,7,7,240,168,23,49
S01008367,617,370,306,34,30,247,150,44,53,276,185,140,23,22,91,46,18,27,341,185,166,11,8,156,104,26,26
S01008368,541,361,304,41,16,180,135,19,26,242,178,141,29,8,64,53,6,5,299,183,163,12,8,116,82,13,21
S01008369,421,268,227,23,18,153,101,20,32,189,132,105,14,13,57,40,6,11,232,136,122,9,5,96,61,14,21
S01008370,553,373,288,64,21,180,118,27,35,255,183,121,48,14,72,48,15,9,298,190,167,16,7,108,70,12,26
S01008371,618,404,340,49,15,214,156,34,24,291,197,157,29,11,94,70,17,7,327,207,183,20,4,120,86,17,17
S01008372,613,412,355,39,18,201,126,37,38,306,220,180,27,13,86,53,24,9,307,192,175,12,5,115,73,13,29
S01008373,614,437,378,39,20,177,117,31,29,296,226,186,31,9,70,49,16,5,318,211,192,8,11,107,68,15,24
S01008374,558,370,322,40,8,188,144,21,23,267,187,156,25,6,80,59,16,5,291,183,166,15,2,108,85,5,18
S01008375,633,418,356,46,16,215,157,36,22,319,225,181,35,9,94,70,18,6,314,193,175,11,7,121,87,18,16
S01008376,415,284,222,43,19,131,85,15,31,205,155,115,28,12,50,34,8,8,210,129,107,15,7,81,51,7,23
S01008377,584,404,332,50,22,180,111,30,39,284,219,159,40,20,65,42,13,10,300,185,173,10,2,115,69,17,29
S01008378,811,494,406,72,16,317,237,36,44,376,255,198,46,11,121,88,16,17,435,239,208,26,5,196,149,20,27
S01008379,434,238,191,30,17,196,150,20,26,211,127,96,23,8,84,69,10,5,223,111,95,7,9,112,81,10,21
S01008380,512,354,292,45,17,158,93,32,33,263,188,146,30,12,75,45,18,12,249,166,146,15,5,83,48,14,21
S01008381,489,370,305,54,11,119,76,30,13,238,187,141,40,6,51,31,17,3,251,183,164,14,5,68,45,13,10
S01008382,502,310,255,43,12,192,137,30,25,250,168,135,28,5,82,62,14,6,252,142,120,15,7,110,75,16,19
S01008383,378,265,214,35,16,113,83,9,21,184,141,106,26,9,43,34,6,3,194,124,108,9,7,70,49,3,18
S01008384,779,521,454,49,18,258,167,38,53,371,267,219,34,14,104,63,24,17,408,254,235,15,4,154,104,14,36
S01008385,542,332,260,57,15,210,160,23,27,268,182,132,39,11,86,64,11,11,274,150,128,18,4,124,96,12,16
S01008386,661,446,378,45,23,215,153,27,35,315,228,177,33,18,87,59,17,11,346,218,201,12,5,128,94,10,24
S01008387,476,342,297,32,13,134,89,22,23,227,169,134,26,9,58,40,12,6,249,173,163,6,4,76,49,10,17
S01008388,488,381,326,41,14,107,48,26,33,225,191,154,29,8,34,16,11,7,263,190,172,12,6,73,32,15,26
S01008389,570,218,173,39,6,352,300,18,34,229,102,74,25,3,127,107,10,10,341,116,99,14,3,225,193,8,24
S01008390,515,327,269,45,13,188,144,23,21,250,170,123,37,10,80,59,14,7,265,157,146,8,3,108,85,9,14
S01008391,627,333,273,41,19,294,234,25,35,289,186,148,27,11,103,80,15,8,338,147,125,14,8,191,154,10,27
S01008392,707,500,421,65,14,207,122,38,47,340,248,201,40,7,92,53,17,22,367,252,220,25,7,115,69,21,25
S01008393,669,358,296,49,13,311,234,39,38,301,191,147,35,9,110,87,16,7,368,167,149,14,4,201,147,23,31
S01008394,600,415,343,62,10,185,109,45,31,303,220,178,38,4,83,48,32,3,297,195,165,24,6,102,61,13,28
S01008395,413,303,269,27,7,110,60,26,24,202,158,131,21,6,44,26,11,7,211,145,138,6,1,66,34,15,17
S01008396,554,274,208,50,16,280,227,28,25,246,142,95,37,10,104,81,15,8,308,132,113,13,6,176,146,13,17
S01008397,762,498,408,62,28,264,187,43,34,364,252,192,43,17,112,88,16,8,398,246,216,19,11,152,99,27,26
S01008398,479,276,224,41,11,203,150,24,29,222,149,109,33,7,73,58,11,4,257,127,115,8,4,130,92,13,25
S01008399,463,237,191,37,9,226,178,14,34,201,127,95,28,4,74,63,7,4,262,110,96,9,5,152,115,7,30
S01008400,536,335,274,41,20,201,130,30,41,246,168,134,28,6,78,51,12,15,290,167,140,13,14,123,79,18,26
S01008401,807,468,388,60,20,339,250,43,46,359,233,168,50,15,126,93,23,10,448,235,220,10,5,213,157,20,36
S01008402,900,513,337,162,14,387,268,52,67,435,286,166,112,8,149,111,27,11,465,227,171,50,6,238,157,25,56
S01008403,473,293,227,54,12,180,131,30,19,222,147,96,45,6,75,56,14,5,251,146,131,9,6,105,75,16,14
S01008404,799,431,339,77,15,368,261,39,68,355,234,171,53,10,121,92,19,10,444,197,168,24,5,247,169,20,58
S01008405,584,407,293,96,18,177,105,36,36,291,220,145,63,12,71,48,17,6,293,187,148,33,6,106,57,19,30
S01008406,791,392,306,67,19,399,287,33,79,340,205,147,47,11,135,87,18,30,451,187,159,20,8,264,200,15,49
S01008407,456,226,184,31,11,230,154,14,62,202,111,81,22,8,91,56,6,29,254,115,103,9,3,139,98,8,33
S01008408,512,368,299,44,25,144,85,24,35,230,183,136,34,13,47,26,12,9,282,185,163,10,12,97,59,12,26
S01008409,719,417,351,28,38,302,196,19,87,315,206,167,19,20,109,65,7,37,404,211,184,9,18,193,131,12,50
S01008410,495,261,196,44,21,234,167,20,47,210,136,90,32,14,74,50,13,11,285,125,106,12,7,160,117,7,36
S01008411,500,332,275,41,16,168,116,21,31,233,151,111,31,9,82,53,12,17,267,181,164,10,7,86,63,9,14
S01008412,561,347,283,43,21,214,122,39,53,265,180,130,37,13,85,42,25,18,296,167,153,6,8,129,80,14,35
S01008413,442,283,224,41,18,159,92,22,45,218,154,114,28,12,64,34,12,18,224,129,110,13,6,95,58,10,27
S01008414,361,232,185,34,13,129,77,27,25,178,121,90,25,6,57,33,17,7,183,111,95,9,7,72,44,10,18
S01008415,680,468,383,52,33,212,128,30,54,320,243,184,36,23,77,44,18,15,360,225,199,16,10,135,84,12,39
S01008416,780,491,386,46,59,289,137,40,112,370,255,178,38,39,115,51,16,48,410,236,208,8,20,174,86,24,64
S01008417,586,363,288,65,10,223,163,27,33,283,183,127,47,9,100,75,14,11,303,180,161,18,1,123,88,13,22
S01008418,584,386,323,55,8,198,161,17,20,278,193,147,40,6,85,70,10,5,306,193,176,15,2,113,91,7,15
S01008419,373,250,199,43,8,123,67,23,33,185,131,96,29,6,54,30,16,8,188,119,103,14,2,69,37,7,25
S01008420,396,249,214,26,9,147,106,20,21,185,123,102,14,7,62,44,14,4,211,126,112,12,2,85,62,6,17
S01008421,687,465,393,38,34,222,136,25,61,316,232,181,29,22,84,47,13,24,371,233,212,9,12,138,89,12,37
S01008422,490,273,220,51,2,217,166,19,32,238,148,111,35,2,90,70,14,6,252,125,109,16,0,127,96,5,26
S01008423,826,517,395,95,27,309,210,46,53,411,273,195,65,13,138,95,31,12,415,244,200,30,14,171,115,15,41
S01008424,698,346,279,55,12,352,286,31,35,335,185,138,40,7,150,127,14,9,363,161,141,15,5,202,159,17,26
S01008425,2308,861,612,70,179,1447,241,1168,38,1361,487,314,54,119,874,100,764,10,947,374,298,16,60,573,141,404,28
S01008426,482,274,232,24,18,208,150,21,37,212,140,119,11,10,72,50,11,11,270,134,113,13,8,136,100,10,26
S01008427,868,671,570,78,23,197,123,39,35,439,349,283,48,18,90,61,22,7,429,322,287,30,5,107,62,17,28
S01008428,561,317,269,34,14,244,178,28,38,264,159,126,25,8,105,73,15,17,297,158,143,9,6,139,105,13,21
S01008429,707,407,353,41,13,300,226,28,46,340,216,175,31,10,124,95,15,14,367,191,178,10,3,176,131,13,32
S01008430,555,330,270,34,26,225,174,24,27,259,163,128,21,14,96,77,14,5,296,167,142,13,12,129,97,10,22
S01008431,698,406,349,41,16,292,225,26,41,346,205,165,27,13,141,106,13,22,352,201,184,14,3,151,119,13,19
S01008432,590,320,256,46,18,270,222,19,29,286,175,133,31,11,111,95,9,7,304,145,123,15,7,159,127,10,22
S01008433,685,461,395,56,10,224,184,15,25,330,240,194,43,3,90,76,5,9,355,221,201,13,7,134,108,10,16
S01008434,661,437,365,50,22,224,160,32,32,325,230,177,38,15,95,69,16,10,336,207,188,12,7,129,91,16,22
S01008435,652,376,329,39,8,276,212,31,33,310,198,162,32,4,112,94,9,9,342,178,167,7,4,164,118,22,24
S01008436,723,432,350,62,20,291,224,29,38,333,220,164,41,15,113,86,17,10,390,212,186,21,5,178,138,12,28
S01008437,606,371,299,52,20,235,185,23,27,269,192,143,35,14,77,64,10,3,337,179,156,17,6,158,121,13,24
S01008438,363,251,199,48,4,112,57,22,33,177,131,87,41,3,46,25,9,12,186,120,112,7,1,66,32,13,21
S01008439,848,544,451,81,12,304,199,47,58,408,287,222,58,7,121,89,22,10,440,257,229,23,5,183,110,25,48
S01008440,808,460,360,85,15,348,269,37,42,377,241,180,54,7,136,121,11,4,431,219,180,31,8,212,148,26,38
S01008441,374,229,183,41,5,145,115,14,16,181,121,92,27,2,60,47,10,3,193,108,91,14,3,85,68,4,13
S01008442,554,403,316,71,16,151,97,18,36,267,203,152,42,9,64,46,11,7,287,200,164,29,7,87,51,7,29
S01008443,486,274,208,50,16,212,157,26,29,234,148,108,33,7,86,62,17,7,252,126,100,17,9,126,95,9,22
S01008444,513,357,293,44,20,156,94,23,39,254,203,163,31,9,51,30,12,9,259,154,130,13,11,105,64,11,30
S01008445,690,327,280,32,15,363,272,22,69,301,184,156,24,4,117,93,12,12,389,143,124,8,11,246,179,10,57
S01008446,810,410,326,76,8,400,188,176,36,466,215,164,47,4,251,79,168,4,344,195,162,29,4,149,109,8,32
S01008447,556,354,274,67,13,202,162,11,29,257,179,124,47,8,78,71,4,3,299,175,150,20,5,124,91,7,26
S01008448,637,386,297,70,19,251,186,37,28,321,211,145,55,11,110,79,20,11,316,175,152,15,8,141,107,17,17
S01008449,594,377,279,31,67,217,58,34,125,283,190,123,26,41,93,25,18,50,311,187,156,5,26,124,33,16,75
S01008450,429,254,203,21,30,175,71,24,80,171,113,79,14,20,58,25,9,24,258,141,124,7,10,117,46,15,56
S01008451,505,308,218,14,76,197,35,39,123,259,167,103,12,52,92,17,18,57,246,141,115,2,24,105,18,21,66
S01008452,442,275,212,22,41,167,29,43,95,218,142,96,13,33,76,12,25,39,224,133,116,9,8,91,17,18,56
S01008453,379,295,245,26,24,84,12,21,51,186,154,118,18,18,32,4,14,14,193,141,127,8,6,52,8,7,37
S01008454,688,426,326,30,70,262,50,56,156,310,209,150,23,36,101,24,31,46,378,217,176,7,34,161,26,25,110
S01008455,806,447,333,31,83,359,126,81,152,449,273,192,21,60,176,62,55,59,357,174,141,10,23,183,64,26,93
S01008456,775,467,327,33,107,308,96,35,177,425,287,187,31,69,138,39,19,80,350,180,140,2,38,170,57,16,97
S01008457,534,283,234,11,38,251,143,20,88,240,150,118,9,23,90,46,11,33,294,133,116,2,15,161,97,9,55
S01008458,779,516,429,36,51,263,116,43,104,378,273,209,29,35,105,49,22,34,401,243,220,7,16,158,67,21,70
S01008459,606,382,278,21,83,224,67,30,127,309,214,143,17,54,95,31,14,50,297,168,135,4,29,129,36,16,77
S01008460,567,344,244,15,85,223,51,27,145,283,201,130,8,63,82,22,18,42,284,143,114,7,22,141,29,9,103
S01008461,708,440,339,21,80,268,77,43,148,349,237,179,13,45,112,35,18,59,359,203,160,8,35,156,42,25,89
S01008462,486,239,178,11,50,247,103,23,121,267,139,92,9,38,128,40,16,72,219,100,86,2,12,119,63,7,49
S01008463,552,339,255,23,61,213,62,27,124,292,193,133,16,44,99,22,19,58,260,146,122,7,17,114,40,8,66
S01008464,695,458,394,27,37,237,152,27,58,304,232,186,21,25,72,54,9,9,391,226,208,6,12,165,98,18,49
S01008465,610,414,358,31,25,196,123,36,37,284,198,168,22,8,86,50,22,14,326,216,190,9,17,110,73,14,23
S01008466,596,387,332,20,35,209,107,54,48,300,212,172,13,27,88,46,29,13,296,175,160,7,8,121,61,25,35
S01008467,639,412,333,41,38,227,142,25,60,288,204,158,31,15,84,50,11,23,351,208,175,10,23,143,92,14,37
S01008468,529,283,236,22,25,246,131,44,71,242,145,113,20,12,97,50,23,24,287,138,123,2,13,149,81,21,47
S01008469,480,311,262,29,20,169,75,56,38,251,165,128,24,13,86,34,37,15,229,146,134,5,7,83,41,19,23
S01008470,586,336,260,23,53,250,107,39,104,294,185,132,19,34,109,49,20,40,292,151,128,4,19,141,58,19,64
S01008471,626,412,325,24,63,214,64,36,114,302,224,170,15,39,78,27,21,30,324,188,155,9,24,136,37,15,84
S01008472,541,328,252,35,41,213,80,47,86,252,171,125,26,20,81,26,22,33,289,157,127,9,21,132,54,25,53
S01008473,550,340,285,22,33,210,90,46,74,269,179,143,15,21,90,33,34,23,281,161,142,7,12,120,57,12,51
S01008474,666,372,314,16,42,294,156,35,103,315,209,169,13,27,106,60,13,33,351,163,145,3,15,188,96,22,70
S01008475,500,284,237,19,28,216,137,18,61,218,137,104,15,18,81,57,9,15,282,147,133,4,10,135,80,9,46
S01008476,614,336,283,26,27,278,169,19,90,280,168,132,18,18,112,58,11,43,334,168,151,8,9,166,111,8,47
S01008477,680,383,337,25,21,297,175,12,110,316,198,161,22,15,118,65,6,47,364,185,176,3,6,179,110,6,63
S01008478,706,355,289,30,36,351,217,39,95,300,174,126,26,22,126,68,18,40,406,181,163,4,14,225,149,21,55
S01008479,660,371,301,21,49,289,174,23,92,298,187,144,19,24,111,56,12,43,362,184,157,2,25,178,118,11,49
S01008480,503,334,289,11,34,169,53,46,70,243,173,145,6,22,70,26,24,20,260,161,144,5,12,99,27,22,50
S01008481,1408,520,418,60,42,888,198,54,636,995,312,230,46,36,683,94,36,553,413,208,188,14,6,205,104,18,83
S01008482,522,280,231,24,25,242,166,25,51,239,148,107,22,19,91,65,8,18,283,132,124,2,6,151,101,17,33
S01008483,531,299,250,32,17,232,140,36,56,262,158,124,25,9,104,54,26,24,269,141,126,7,8,128,86,10,32
S01008484,628,389,315,46,28,239,175,27,37,304,201,152,32,17,103,76,10,17,324,188,163,14,11,136,99,17,20
S01008485,798,539,451,49,39,259,152,48,59,388,287,226,39,22,101,60,30,11,410,252,225,10,17,158,92,18,48
S01008486,777,414,341,47,26,363,265,45,53,357,223,173,33,17,134,94,18,22,420,191,168,14,9,229,171,27,31
S01008487,678,522,461,46,15,156,79,52,25,346,284,242,33,9,62,28,24,10,332,238,219,13,6,94,51,28,15
S01008488,675,409,353,36,20,266,138,61,67,317,211,174,27,10,106,48,31,27,358,198,179,9,10,160,90,30,40
S01008489,544,342,281,24,37,202,123,38,41,249,174,133,18,23,75,46,17,12,295,168,148,6,14,127,77,21,29
S01008490,795,584,500,44,40,211,125,37,49,395,311,254,31,26,84,49,16,19,400,273,246,13,14,127,76,21,30
S01008491,826,539,458,39,42,287,105,136,46,402,276,225,30,21,126,37,64,25,424,263,233,9,21,161,68,72,21
S01008492,814,619,545,39,35,195,30,63,102,388,309,264,25,20,79,11,27,41,426,310,281,14,15,116,19,36,61
S01008493,693,422,362,26,34,271,158,58,55,315,212,173,18,21,103,55,31,17,378,210,189,8,13,168,103,27,38
S01008494,598,413,343,33,37,185,74,45,66,303,220,176,19,25,83,29,26,28,295,193,167,14,12,102,45,19,38
S01008495,850,650,548,32,70,200,44,94,62,456,354,285,22,47,102,25,45,32,394,296,263,10,23,98,19,49,30
S01008496,929,719,622,38,59,210,35,123,52,536,400,339,25,36,136,21,89,26,393,319,283,13,23,74,14,34,26
S01008497,754,617,539,28,50,137,46,48,43,404,337,283,22,32,67,17,30,20,350,280,256,6,18,70,29,18,23
S01008498,732,555,463,45,47,177,47,56,74,390,302,230,33,39,88,18,26,44,342,253,233,12,8,89,29,30,30
S01008499,935,683,583,40,60,252,45,132,75,532,382,320,26,36,150,20,90,40,403,301,263,14,24,102,25,42,35
S01008500,352,236,197,15,24,116,6,51,59,202,132,111,7,14,70,2,31,37,150,104,86,8,10,46,4,20,22
S01008501,556,433,383,25,25,123,9,78,36,286,234,208,13,13,52,1,41,10,270,199,175,12,12,71,8,37,26
S01008502,604,463,420,20,23,141,13,110,18,317,226,204,12,10,91,5,81,5,287,237,216,8,13,50,8,29,13
S01008503,751,615,536,48,31,136,47,71,18,381,311,261,31,19,70,20,44,6,370,304,275,17,12,66,27,27,12
S01008504,950,733,630,69,34,217,107,71,39,457,351,295,39,17,106,43,48,15,493,382,335,30,17,111,64,23,24
S01008505,599,471,397,47,27,128,70,43,15,280,225,180,30,15,55,32,18,5,319,246,217,17,12,73,38,25,10
S01008506,760,439,368,56,15,321,253,30,38,325,211,162,39,10,114,88,14,12,435,228,206,17,5,207,165,16,26
S01008507,801,587,484,50,53,214,53,131,30,357,270,216,31,23,87,23,51,13,444,317,268,19,30,127,30,80,17
S01008508,682,450,367,70,13,232,170,34,28,321,230,171,52,7,91,67,16,8,361,220,196,18,6,141,103,18,20
S01008509,862,533,437,79,17,329,254,42,33,384,264,199,51,14,120,101,13,6,478,269,238,28,3,209,153,29,27
S01008510,755,474,390,67,17,281,200,51,30,375,242,183,50,9,133,88,37,8,380,232,207,17,8,148,112,14,22
S01008511,709,419,326,83,10,290,199,42,49,333,226,156,61,9,107,78,22,7,376,193,170,22,1,183,121,20,42
S01008512,410,253,191,50,12,157,125,18,14,197,137,95,33,9,60,49,9,2,213,116,96,17,3,97,76,9,12
S01008513,567,304,235,58,11,263,200,28,35,262,166,120,40,6,96,80,9,7,305,138,115,18,5,167,120,19,28
S01008514,757,412,321,77,14,345,267,41,37,326,214,165,45,4,112,88,16,8,431,198,156,32,10,233,179,25,29
S01008515,563,414,342,59,13,149,92,26,31,271,208,167,37,4,63,38,19,6,292,206,175,22,9,86,54,7,25
S01008516,827,572,496,46,30,255,103,106,46,408,301,255,31,15,107,31,63,13,419,271,241,15,15,148,72,43,33
S01008517,789,503,436,46,21,286,148,109,29,363,248,203,30,15,115,45,57,13,426,255,233,16,6,171,103,52,16
S01008518,733,478,385,76,17,255,140,76,39,335,253,196,48,9,82,49,30,3,398,225,189,28,8,173,91,46,36
S01008519,625,399,303,80,16,226,147,39,40,280,199,135,58,6,81,55,18,8,345,200,168,22,10,145,92,21,32
S01008520,868,500,377,105,18,368,282,44,42,421,267,183,75,9,154,124,23,7,447,233,194,30,9,214,158,21,35
S01008521,706,424,335,81,8,282,198,43,41,351,229,160,64,5,122,90,24,8,355,195,175,17,3,160,108,19,33
S01008522,434,258,195,52,11,176,121,31,24,205,137,97,33,7,68,54,11,3,229,121,98,19,4,108,67,20,21
S01008523,756,496,398,80,18,260,169,33,58,370,265,208,47,10,105,75,19,11,386,231,190,33,8,155,94,14,47
S01008524,714,436,350,39,47,278,108,40,130,333,230,166,33,31,103,32,22,49,381,206,184,6,16,175,76,18,81
S01008525,602,326,259,24,43,276,180,22,74,252,161,115,15,31,91,57,10,24,350,165,144,9,12,185,123,12,50
S01008526,737,454,384,39,31,283,193,27,63,345,239,194,28,17,106,65,13,28,392,215,190,11,14,177,128,14,35
S01008527,595,412,366,26,20,183,97,36,50,258,192,166,16,10,66,39,12,15,337,220,200,10,10,117,58,24,35
S01008528,540,386,316,39,31,154,91,15,48,249,189,145,28,16,60,40,6,14,291,197,171,11,15,94,51,9,34
S01008529,623,400,333,39,28,223,148,19,56,279,208,162,29,17,71,41,12,18,344,192,171,10,11,152,107,7,38
S01008530,570,347,288,25,34,223,109,19,95,258,165,126,17,22,93,38,16,39,312,182,162,8,12,130,71,3,56
S01008531,619,368,306,29,33,251,156,16,79,270,177,132,22,23,93,57,9,27,349,191,174,7,10,158,99,7,52
S01008532,369,208,166,20,22,161,109,13,39,163,107,76,16,15,56,38,7,11,206,101,90,4,7,105,71,6,28
S01008533,372,267,238,16,13,105,27,11,67,188,159,146,11,2,29,10,6,13,184,108,92,5,11,76,17,5,54
S01008534,576,413,340,47,26,163,87,34,42,288,217,172,36,9,71,37,24,10,288,196,168,11,17,92,50,10,32
S01008535,597,392,315,55,22,205,145,31,29,286,198,151,38,9,88,63,17,8,311,194,164,17,13,117,82,14,21
S01008536,484,273,227,37,9,211,180,18,13,218,140,107,28,5,78,67,8,3,266,133,120,9,4,133,113,10,10
S01008537,570,330,275,45,10,240,196,20,24,265,163,125,31,7,102,82,14,6,305,167,150,14,3,138,114,6,18
S01008538,467,239,193,39,7,228,185,26,17,219,120,89,26,5,99,81,14,4,248,119,104,13,2,129,104,12,13
S01008539,691,455,379,60,16,236,176,24,36,326,230,185,36,9,96,73,15,8,365,225,194,24,7,140,103,9,28
S01008540,728,415,322,84,9,313,257,23,33,349,211,153,52,6,138,120,11,7,379,204,169,32,3,175,137,12,26
S01008541,676,456,380,58,18,220,160,33,27,311,221,175,37,9,90,70,14,6,365,235,205,21,9,130,90,19,21
S01008542,721,498,421,58,19,223,155,39,29,353,259,206,42,11,94,67,23,4,368,239,215,16,8,129,88,16,25
S01008543,563,416,354,52,10,147,94,22,31,276,222,178,40,4,54,38,11,5,287,194,176,12,6,93,56,11,26
S01008544,479,375,307,52,16,104,42,41,21,237,194,149,36,9,43,20,19,4,242,181,158,16,7,61,22,22,17
S01008545,689,420,326,84,10,269,179,50,40,327,226,159,60,7,101,74,20,7,362,194,167,24,3,168,105,30,33
S01008546,701,412,313,77,22,289,232,33,24,353,225,156,56,13,128,107,17,4,348,187,157,21,9,161,125,16,20
S01008547,817,624,520,68,36,193,109,28,56,389,321,242,54,25,68,41,15,12,428,303,278,14,11,125,68,13,44
S01008548,653,521,432,60,29,132,57,28,47,300,255,196,41,18,45,25,8,12,353,266,236,19,11,87,32,20,35
S01008549,801,540,430,80,30,261,171,24,66,382,277,196,60,21,105,72,7,26,419,263,234,20,9,156,99,17,40
S01008550,660,443,375,53,15,217,142,30,45,318,225,179,39,7,93,65,17,11,342,218,196,14,8,124,77,13,34
S01008551,873,555,455,84,16,318,240,31,47,408,280,204,68,8,128,92,14,22,465,275,251,16,8,190,148,17,25
S01008552,745,462,379,59,24,283,197,38,48,354,244,180,47,17,110,78,18,14,391,218,199,12,7,173,119,20,34
S01008553,460,272,218,35,19,188,127,17,44,224,146,104,26,16,78,52,7,19,236,126,114,9,3,110,75,10,25
S01008554,765,464,342,40,82,301,96,45,160,359,242,164,30,48,117,41,28,48,406,222,178,10,34,184,55,17,112
S01008555,796,470,366,31,73,326,136,35,155,350,224,165,25,34,126,53,16,57,446,246,201,6,39,200,83,19,98
S01008556,590,324,256,27,41,266,129,29,108,270,159,115,20,24,111,56,19,36,320,165,141,7,17,155,73,10,72
S01008557,682,357,281,27,49,325,175,21,129,303,176,133,18,25,127,71,14,42,379,181,148,9,24,198,104,7,87
S01008558,712,400,326,38,36,312,176,21,115,319,205,160,31,14,114,55,11,48,393,195,166,7,22,198,121,10,67
S01008559,554,326,265,27,34,228,127,26,75,249,166,126,19,21,83,50,12,21,305,160,139,8,13,145,77,14,54
S01008560,550,332,275,25,32,218,127,19,72,266,172,129,22,21,94,49,12,33,284,160,146,3,11,124,78,7,39
S01008561,528,324,269,22,33,204,112,33,59,261,175,140,17,18,86,48,17,21,267,149,129,5,15,118,64,16,38
S01008562,489,247,188,20,39,242,132,18,92,205,109,76,13,20,96,57,7,32,284,138,112,7,19,146,75,11,60
S01008563,652,400,329,32,39,252,114,38,100,295,201,160,21,20,94,44,18,32,357,199,169,11,19,158,70,20,68
S01008564,527,290,244,25,21,237,164,16,57,234,145,111,20,14,89,57,8,24,293,145,133,5,7,148,107,8,33
S01008565,721,414,328,36,50,307,166,30,111,311,193,137,26,30,118,64,13,41,410,221,191,10,20,189,102,17,70
S01008566,817,497,395,55,47,320,163,27,130,391,255,183,42,30,136,75,15,46,426,242,212,13,17,184,88,12,84
S01008567,574,351,287,35,29,223,106,29,88,284,198,152,27,19,86,45,13,28,290,153,135,8,10,137,61,16,60
S01008568,627,444,372,46,26,183,97,25,61,302,227,170,38,19,75,42,16,17,325,217,202,8,7,108,55,9,44
S01008569,517,319,210,29,80,198,40,25,133,304,207,121,22,64,97,19,18,60,213,112,89,7,16,101,21,7,73
S01008570,719,420,312,45,63,299,113,35,151,330,205,138,27,40,125,50,18,57,389,215,174,18,23,174,63,17,94
S01008571,564,311,251,34,26,253,179,19,55,271,156,113,29,14,115,81,11,23,293,155,138,5,12,138,98,8,32
S01008572,735,395,317,48,30,340,207,35,98,339,206,154,34,18,133,75,20,38,396,189,163,14,12,207,132,15,60
S01008573,700,453,355,81,17,247,162,29,56,363,235,173,53,9,128,92,17,19,337,218,182,28,8,119,70,12,37
S01008574,624,447,386,44,17,177,109,35,33,298,227,179,38,10,71,43,18,10,326,220,207,6,7,106,66,17,23
S01008575,644,415,323,70,22,229,139,38,52,297,216,155,50,11,81,52,22,7,347,199,168,20,11,148,87,16,45
S01008576,725,460,383,63,14,265,189,44,32,331,221,165,46,10,110,79,22,9,394,239,218,17,4,155,110,22,23
S01008577,787,402,296,79,27,385,312,24,49,332,201,126,55,20,131,99,15,17,455,201,170,24,7,254,213,9,32
S01008578,659,371,289,70,12,288,219,36,33,302,192,143,45,4,110,85,20,5,357,179,146,25,8,178,134,16,28
S01008579,677,299,232,59,8,378,277,25,76,296,153,105,43,5,143,105,15,23,381,146,127,16,3,235,172,10,53
S01008580,466,299,250,29,20,167,110,29,28,229,158,126,19,13,71,42,20,9,237,141,124,10,7,96,68,9,19
S01008581,771,436,359,32,45,335,201,41,93,344,222,168,23,31,122,59,18,45,427,214,191,9,14,213,142,23,48
S01008582,837,504,410,48,46,333,169,41,123,414,273,203,37,33,141,67,25,49,423,231,207,11,13,192,102,16,74
S01008583,595,331,279,29,23,264,140,56,68,282,165,127,23,15,117,59,33,25,313,166,152,6,8,147,81,23,43
S01008584,685,393,320,38,35,292,146,61,85,326,213,161,26,26,113,54,34,25,359,180,159,12,9,179,92,27,60
S01008585,469,289,244,21,24,180,97,30,53,229,152,123,14,15,77,41,19,17,240,137,121,7,9,103,56,11,36
S01008586,665,366,301,29,36,299,164,34,101,312,195,153,21,21,117,57,20,40,353,171,148,8,15,182,107,14,61
S01008587,802,410,317,53,40,392,188,152,52,404,227,162,39,26,177,77,84,16,398,183,155,14,14,215,111,68,36
S01008588,621,366,298,48,20,255,153,72,30,296,187,144,33,10,109,60,41,8,325,179,154,15,10,146,93,31,22
S01008589,313,180,152,20,8,133,102,16,15,144,89,70,16,3,55,42,10,3,169,91,82,4,5,78,60,6,12
S01008590,646,316,280,29,7,330,224,79,27,271,157,134,20,3,114,71,38,5,375,159,146,9,4,216,153,41,22
S01008591,677,413,336,57,20,264,114,97,53,352,220,176,33,11,132,50,59,23,325,193,160,24,9,132,64,38,30
S01008592,612,334,282,36,16,278,132,82,64,291,173,137,25,11,118,44,49,25,321,161,145,11,5,160,88,33,39
S01008593,622,377,281,84,12,245,168,32,45,300,202,150,45,7,98,69,18,11,322,175,131,39,5,147,99,14,34
S01008594,881,516,401,92,23,365,191,127,47,417,269,194,62,13,148,80,61,7,464,247,207,30,10,217,111,66,40
S01008595,818,368,315,24,29,450,288,53,109,385,194,160,18,16,191,111,31,49,433,174,155,6,13,259,177,22,60
S01008596,746,394,317,28,49,352,158,99,95,359,202,153,18,31,157,61,49,47,387,192,164,10,18,195,97,50,48
S01008597,740,450,357,74,19,290,218,34,38,353,222,162,47,13,131,98,18,15,387,228,195,27,6,159,120,16,23
S01008598,746,381,304,40,37,365,104,226,35,375,197,150,18,29,178,47,120,11,371,184,154,22,8,187,57,106,24
S01008599,806,485,381,75,29,321,119,165,37,423,264,203,50,11,159,45,102,12,383,221,178,25,18,162,74,63,25
S01008600,665,356,241,93,22,309,130,122,57,319,192,129,49,14,127,49,66,12,346,164,112,44,8,182,81,56,45
S01008601,2471,693,455,45,193,1778,62,1679,37,1088,305,220,19,66,783,25,743,15,1383,388,235,26,127,995,37,936,22
S01008602,608,336,252,44,40,272,56,184,32,289,180,127,29,24,109,21,80,8,319,156,125,15,16,163,35,104,24
S01008603,1069,582,472,53,57,487,61,374,52,522,307,232,39,36,215,26,174,15,547,275,240,14,21,272,35,200,37
S01008604,830,459,351,80,28,371,95,223,53,387,240,178,50,12,147,42,89,16,443,219,173,30,16,224,53,134,37
S01008605,629,401,315,58,28,228,58,151,19,334,219,166,35,18,115,20,88,7,295,182,149,23,10,113,38,63,12
S01008606,607,393,302,79,12,214,109,80,25,298,204,150,46,8,94,55,37,2,309,189,152,33,4,120,54,43,23
S01008607,513,285,194,77,14,228,182,24,22,242,151,96,46,9,91,72,15,4,271,134,98,31,5,137,110,9,18
S01008608,637,326,251,66,9,311,218,51,42,278,164,120,41,3,114,77,27,10,359,162,131,25,6,197,141,24,32
S01008609,800,403,302,89,12,397,296,58,43,344,207,148,53,6,137,94,30,13,456,196,154,36,6,260,202,28,30
S01008610,734,350,279,62,9,384,245,112,27,306,182,139,39,4,124,67,54,3,428,168,140,23,5,260,178,58,24
S01008611,1329,664,511,73,80,665,91,526,48,607,324,244,37,43,283,38,226,19,722,340,267,36,37,382,53,300,29
S01008612,725,409,338,40,31,316,40,239,37,364,216,178,24,14,148,18,114,16,361,193,160,16,17,168,22,125,21
S01008613,693,383,307,57,19,310,99,171,40,324,194,148,34,12,130,31,83,16,369,189,159,23,7,180,68,88,24
S01008614,643,320,263,33,24,323,58,245,20,320,165,139,15,11,155,33,114,8,323,155,124,18,13,168,25,131,12
S01008615,782,392,317,51,24,390,71,279,40,347,195,162,26,7,152,23,117,12,435,197,155,25,17,238,48,162,28
S01008616,676,342,278,41,23,334,24,294,16,271,159,128,19,12,112,14,93,5,405,183,150,22,11,222,10,201,11
S01008617,754,338,254,52,32,416,43,357,16,367,176,129,29,18,191,15,171,5,387,162,125,23,14,225,28,186,11
S01008618,681,330,270,27,33,351,28,306,17,327,148,121,12,15,179,12,160,7,354,182,149,15,18,172,16,146,10
S01008619,493,282,226,34,22,211,33,162,16,217,132,101,21,10,85,12,67,6,276,150,125,13,12,126,21,95,10
S01008620,766,398,314,47,37,368,25,322,21,327,183,146,23,14,144,11,129,4,439,215,168,24,23,224,14,193,17
S01008621,710,362,272,56,34,348,32,300,16,321,164,118,31,15,157,13,137,7,389,198,154,25,19,191,19,163,9
S01008622,468,276,219,34,23,192,36,141,15,228,145,115,17,13,83,11,70,2,240,131,104,17,10,109,25,71,13
S01008623,858,425,308,77,40,433,131,272,30,392,219,155,48,16,173,53,115,5,466,206,153,29,24,260,78,157,25
S01008624,670,278,207,64,7,392,329,22,41,305,153,106,41,6,152,131,10,11,365,125,101,23,1,240,198,12,30
S01008625,464,274,207,57,10,190,128,28,34,213,147,107,36,4,66,48,14,4,251,127,100,21,6,124,80,14,30
S01008626,744,498,410,75,13,246,125,72,49,362,263,203,54,6,99,47,37,15,382,235,207,21,7,147,78,35,34
S01008627,581,348,259,78,11,233,156,32,45,258,179,122,49,8,79,55,17,7,323,169,137,29,3,154,101,15,38
S01008628,551,348,283,51,14,203,99,64,40,255,169,132,30,7,86,38,40,8,296,179,151,21,7,117,61,24,32
S01008629,492,312,260,37,15,180,91,57,32,223,150,120,20,10,73,28,33,12,269,162,140,17,5,107,63,24,20
S01008630,503,318,261,34,23,185,70,95,20,259,172,143,19,10,87,20,64,3,244,146,118,15,13,98,50,31,17
S01008631,712,538,447,65,26,174,69,74,31,371,292,232,42,18,79,22,44,13,341,246,215,23,8,95,47,30,18
S01008632,865,495,401,59,35,370,152,54,164,444,240,194,32,14,204,50,26,128,421,255,207,27,21,166,102,28,36
S01008633,785,390,292,76,22,395,296,64,35,360,199,137,50,12,161,112,44,5,425,191,155,26,10,234,184,20,30
S01008634,612,376,282,72,22,236,103,94,39,327,205,147,45,13,122,53,62,7,285,171,135,27,9,114,50,32,32
S01008635,746,479,365,89,25,267,121,114,32,339,239,176,54,9,100,38,57,5,407,240,189,35,16,167,83,57,27
S01008636,749,452,354,76,22,297,137,126,34,330,220,160,48,12,110,47,56,7,419,232,194,28,10,187,90,70,27
S01008637,608,360,286,59,15,248,145,64,39,259,183,136,41,6,76,47,22,7,349,177,150,18,9,172,98,42,32
S01008638,775,391,321,50,20,384,192,158,34,382,204,165,31,8,178,78,85,15,393,187,156,19,12,206,114,73,19
S01008639,795,596,484,74,38,199,54,104,41,408,308,240,45,23,100,28,54,18,387,288,244,29,15,99,26,50,23
S01008640,699,484,400,57,27,215,33,164,18,343,243,194,38,11,100,13,82,5,356,241,206,19,16,115,20,82,13
S01008641,784,472,406,41,25,312,41,242,29,350,218,184,23,11,132,16,112,4,434,254,222,18,14,180,25,130,25
S01008642,830,593,493,65,35,237,72,138,27,406,297,232,45,20,109,24,79,6,424,296,261,20,15,128,48,59,21
S01008643,608,461,374,64,23,147,44,65,38,283,226,179,34,13,57,16,29,12,325,235,195,30,10,90,28,36,26
S01008644,706,445,380,40,25,261,82,146,33,361,225,185,22,18,136,33,92,11,345,220,195,18,7,125,49,54,22
S01008645,730,489,427,34,28,241,73,144,24,352,249,215,21,13,103,30,66,7,378,240,212,13,15,138,43,78,17
S01008646,739,560,482,44,34,179,80,62,37,388,310,254,29,27,78,31,34,13,351,250,228,15,7,101,49,28,24
S01008647,548,439,391,31,17,109,28,63,18,301,241,209,20,12,60,14,39,7,247,198,182,11,5,49,14,24,11
S01008648,572,419,376,19,24,153,53,67,33,282,203,179,12,12,79,18,47,14,290,216,197,7,12,74,35,20,19
S01008649,869,628,553,31,44,241,106,83,52,441,336,286,23,27,105,41,37,27,428,292,267,8,17,136,65,46,25
S01008650,703,546,483,32,31,157,41,71,45,351,279,240,20,19,72,22,27,23,352,267,243,12,12,85,19,44,22
S01008651,946,583,461,51,71,363,34,262,67,530,327,241,38,48,203,15,145,43,416,256,220,13,23,160,19,117,24
S01008652,548,423,350,31,42,125,31,46,48,299,229,184,21,24,70,17,18,35,249,194,166,10,18,55,14,28,13
S01008653,640,435,367,23,45,205,42,96,67,384,257,211,14,32,127,20,72,35,256,178,156,9,13,78,22,24,32
S01008654,887,647,547,44,56,240,42,122,76,512,363,298,31,34,149,21,84,44,375,284,249,13,22,91,21,38,32
S01008655,754,545,478,36,31,209,44,104,61,410,298,257,24,17,112,18,59,35,344,247,221,12,14,97,26,45,26
S01008656,606,427,348,35,44,179,36,75,68,353,252,206,23,23,101,13,50,38,253,175,142,12,21,78,23,25,30
S01008657,690,458,375,39,44,232,50,122,60,342,239,190,21,28,103,21,58,24,348,219,185,18,16,129,29,64,36
S01008658,1066,667,520,41,106,399,93,242,64,553,357,269,26,62,196,31,124,41,513,310,251,15,44,203,62,118,23
S01008659,784,521,422,37,62,263,47,176,40,422,271,212,26,33,151,24,109,18,362,250,210,11,29,112,23,67,22
S01008660,877,575,445,62,68,302,35,216,51,499,338,259,43,36,161,23,119,19,378,237,186,19,32,141,12,97,32
S01008661,948,532,415,47,70,416,69,293,54,432,264,204,29,31,168,29,109,30,516,268,211,18,39,248,40,184,24
S01008662,727,421,310,31,80,306,15,257,34,379,217,158,19,40,162,13,132,17,348,204,152,12,40,144,2,125,17
S01008663,817,466,362,58,46,351,65,219,67,407,248,184,38,26,159,19,104,36,410,218,178,20,20,192,46,115,31
S01008664,671,470,384,50,36,201,37,125,39,348,253,200,28,25,95,14,63,18,323,217,184,22,11,106,23,62,21
S01008665,1113,727,545,70,112,386,50,255,81,572,378,261,48,69,194,25,124,45,541,349,284,22,43,192,25,131,36
S01008666,941,483,379,56,48,458,46,397,15,454,241,183,33,25,213,15,192,6,487,242,196,23,23,245,31,205,9
S01008667,922,423,315,47,61,499,74,392,33,400,187,135,31,21,213,30,168,15,522,236,180,16,40,286,44,224,18
S01008668,593,311,247,44,20,282,27,241,14,283,156,115,31,10,127,15,107,5,310,155,132,13,10,155,12,134,9
S01008669,544,206,168,9,29,338,13,310,15,244,99,78,7,14,145,5,136,4,300,107,90,2,15,193,8,174,11
S01008670,844,342,265,31,46,502,41,443,18,391,156,116,20,20,235,19,214,2,453,186,149,11,26,267,22,229,16
S01008671,738,326,260,27,39,412,36,355,21,379,162,128,20,14,217,18,191,8,359,164,132,7,25,195,18,164,13
S01008672,654,308,259,22,27,346,65,255,26,293,154,134,13,7,139,16,111,12,361,154,125,9,20,207,49,144,14
S01008673,990,472,349,72,51,518,57,384,77,484,240,168,46,26,244,23,191,30,506,232,181,26,25,274,34,193,47
S01008674,929,448,338,52,58,481,30,402,49,479,235,171,31,33,244,10,208,26,450,213,167,21,25,237,20,194,23
S01008675,691,421,322,56,43,270,65,136,69,377,252,189,36,27,125,32,58,35,314,169,133,20,16,145,33,78,34
S01008676,739,468,359,77,32,271,33,194,44,360,243,171,47,25,117,9,85,23,379,225,188,30,7,154,24,109,21
S01008677,791,486,378,62,46,305,43,211,51,429,270,200,46,24,159,19,113,27,362,216,178,16,22,146,24,98,24
S01008678,1163,488,340,50,98,675,23,585,67,522,239,165,31,43,283,12,226,45,641,249,175,19,55,392,11,359,22
S01008679,1132,492,349,55,88,640,103,440,97,571,283,182,42,59,288,41,190,57,561,209,167,13,29,352,62,250,40
S01008680,600,302,235,23,44,298,26,218,54,313,166,131,9,26,147,15,108,24,287,136,104,14,18,151,11,110,30
S01008681,933,384,300,31,53,549,103,353,93,458,211,156,18,37,247,41,161,45,475,173,144,13,16,302,62,192,48
S01008682,717,417,331,44,42,300,52,182,66,374,227,171,27,29,147,21,96,30,343,190,160,17,13,153,31,86,36
S01008683,1370,510,360,49,101,860,112,587,161,591,274,189,30,55,317,50,195,72,779,236,171,19,46,543,62,392,89
S01008684,862,483,353,49,81,379,86,163,130,431,267,182,35,50,164,35,74,55,431,216,171,14,31,215,51,89,75
S01008685,975,522,390,50,82,453,108,234,111,497,260,180,31,49,237,54,105,78,478,262,210,19,33,216,54,129,33
S01008686,878,490,383,59,48,388,194,78,116,414,252,183,38,31,162,76,36,50,464,238,200,21,17,226,118,42,66
S01008687,621,473,412,36,25,148,36,74,38,334,257,215,28,14,77,20,37,20,287,216,197,8,11,71,16,37,18
S01008688,811,587,473,70,44,224,87,62,75,409,316,245,44,27,93,30,30,33,402,271,228,26,17,131,57,32,42
S01008689,805,613,511,53,49,192,110,46,36,384,310,246,29,35,74,40,21,13,421,303,265,24,14,118,70,25,23
S01008690,910,713,590,83,40,197,95,54,48,420,334,262,52,20,86,40,21,25,490,379,328,31,20,111,55,33,23
S01008691,989,789,660,79,50,200,72,55,73,515,420,341,48,31,95,32,22,41,474,369,319,31,19,105,40,33,32
S01008692,656,464,389,34,41,192,93,40,59,329,234,186,21,27,95,41,25,29,327,230,203,13,14,97,52,15,30
S01008693,422,249,200,40,9,173,139,8,26,188,119,82,31,6,69,56,3,10,234,130,118,9,3,104,83,5,16
S01008694,898,722,620,57,45,176,85,49,42,446,369,314,31,24,77,33,24,20,452,353,306,26,21,99,52,25,22
S01008695,578,436,372,34,30,142,81,28,33,264,207,164,21,22,57,29,18,10,314,229,208,13,8,85,52,10,23
S01008696,550,392,319,52,21,158,102,22,34,265,202,150,37,15,63,44,13,6,285,190,169,15,6,95,58,9,28
S01008697,907,555,461,75,19,352,266,40,46,453,296,227,54,15,157,119,23,15,454,259,234,21,4,195,147,17,31
S01008698,420,273,218,41,14,147,112,14,21,195,140,101,29,10,55,47,6,2,225,133,117,12,4,92,65,8,19
S01008699,762,433,362,36,35,329,221,26,82,339,223,176,28,19,116,78,10,28,423,210,186,8,16,213,143,16,54
S01008700,469,256,187,52,17,213,145,26,42,230,134,83,38,13,96,70,13,13,239,122,104,14,4,117,75,13,29
S01008701,304,196,147,10,39,108,25,14,69,148,101,71,6,24,47,10,6,31,156,95,76,4,15,61,15,8,38
S01008702,496,353,294,25,34,143,30,60,53,247,190,153,17,20,57,12,28,17,249,163,141,8,14,86,18,32,36
S01008703,757,426,322,37,67,331,95,46,190,366,228,165,25,38,138,50,15,73,391,198,157,12,29,193,45,31,117
S01008704,535,303,238,30,35,232,82,17,133,255,156,106,23,27,99,36,11,52,280,147,132,7,8,133,46,6,81
S01008705,395,215,178,20,17,180,65,26,89,179,111,87,13,11,68,23,12,33,216,104,91,7,6,112,42,14,56
S01008706,404,254,189,21,44,150,45,17,88,183,123,83,15,25,60,22,8,30,221,131,106,6,19,90,23,9,58
S01008707,604,325,244,27,54,279,59,30,190,278,174,115,19,40,104,21,14,69,326,151,129,8,14,175,38,16,121
S01008708,733,374,271,22,81,359,115,35,209,390,216,142,17,57,174,61,19,94,343,158,129,5,24,185,54,16,115
S01008709,546,320,261,23,36,226,75,22,129,241,154,116,18,20,87,32,12,43,305,166,145,5,16,139,43,10,86
S01008710,365,222,168,18,36,143,31,35,77,165,118,81,13,24,47,13,10,24,200,104,87,5,12,96,18,25,53
S01008711,570,305,259,18,28,265,141,17,107,255,162,130,13,19,93,48,8,37,315,143,129,5,9,172,93,9,70
S01008712,928,385,281,30,74,543,278,37,228,442,214,142,22,50,228,111,15,102,486,171,139,8,24,315,167,22,126
S01008713,470,295,223,26,46,175,66,16,93,214,149,104,18,27,65,27,6,32,256,146,119,8,19,110,39,10,61
S01008714,485,267,204,22,41,218,130,12,76,226,135,90,14,31,91,61,2,28,259,132,114,8,10,127,69,10,48
S01008715,648,346,289,27,30,302,202,20,80,304,176,138,18,20,128,80,12,36,344,170,151,9,10,174,122,8,44
S01008716,468,241,194,27,20,227,161,13,53,202,122,90,21,11,80,50,6,24,266,119,104,6,9,147,111,7,29
S01008717,339,245,204,24,17,94,40,15,39,160,126,97,16,13,34,17,10,7,179,119,107,8,4,60,23,5,32
S01008718,429,293,239,36,18,136,87,15,34,211,152,116,25,11,59,35,10,14,218,141,123,11,7,77,52,5,20
S01008719,783,547,421,88,38,236,110,29,97,364,277,193,63,21,87,53,13,21,419,270,228,25,17,149,57,16,76
S01008720,443,274,210,37,27,169,93,23,53,208,138,99,26,13,70,35,9,26,235,136,111,11,14,99,58,14,27
S01008721,641,506,426,69,11,135,71,29,35,318,257,199,51,7,61,32,17,12,323,249,227,18,4,74,39,12,23
S01008722,903,470,364,84,22,433,333,39,61,437,243,171,57,15,194,149,23,22,466,227,193,27,7,239,184,16,39
S01008723,581,392,322,54,16,189,118,50,21,288,203,161,35,7,85,46,33,6,293,189,161,19,9,104,72,17,15
S01008724,780,460,353,91,16,320,245,28,47,338,227,167,53,7,111,85,16,10,442,233,186,38,9,209,160,12,37
S01008725,614,420,321,72,27,194,136,18,40,295,211,147,47,17,84,57,6,21,319,209,174,25,10,110,79,12,19
S01008726,452,315,242,64,9,137,96,21,20,208,159,119,36,4,49,38,7,4,244,156,123,28,5,88,58,14,16
S01008727,910,538,422,95,21,372,244,45,83,397,261,191,59,11,136,85,17,34,513,277,231,36,10,236,159,28,49
S01008728,400,252,195,36,21,148,78,18,52,177,125,87,26,12,52,25,12,15,223,127,108,10,9,96,53,6,37
S01008729,551,373,283,77,13,178,101,21,56,259,186,135,46,5,73,45,10,18,292,187,148,31,8,105,56,11,38
S01008730,649,494,398,56,40,155,64,29,62,303,245,185,35,25,58,22,13,23,346,249,213,21,15,97,42,16,39
S01008731,386,199,159,21,19,187,137,11,39,181,99,74,13,12,82,52,8,22,205,100,85,8,7,105,85,3,17
S01008732,503,317,241,43,33,186,100,19,67,244,169,124,25,20,75,42,7,26,259,148,117,18,13,111,58,12,41
S01008733,716,536,470,43,23,180,118,12,50,344,271,232,26,13,73,51,4,18,372,265,238,17,10,107,67,8,32
S01008734,467,286,231,43,12,181,117,22,42,220,149,106,35,8,71,45,9,17,247,137,125,8,4,110,72,13,25
S01008735,806,469,354,94,21,337,245,42,50,379,239,170,58,11,140,105,23,12,427,230,184,36,10,197,140,19,38
S01008736,606,340,279,43,18,266,192,31,43,292,176,140,30,6,116,82,15,19,314,164,139,13,12,150,110,16,24
S01008737,674,391,322,54,15,283,220,22,41,319,205,167,30,8,114,93,10,11,355,186,155,24,7,169,127,12,30
S01008738,648,350,279,57,14,298,237,23,38,293,177,132,38,7,116,96,12,8,355,173,147,19,7,182,141,11,30
S01008739,471,303,250,39,14,168,122,19,27,226,160,119,31,10,66,50,7,9,245,143,131,8,4,102,72,12,18
S01008740,465,279,238,33,8,186,135,17,34,217,138,109,24,5,79,57,12,10,248,141,129,9,3,107,78,5,24
S01008741,792,473,390,58,25,319,265,26,28,385,243,185,45,13,142,117,16,9,407,230,205,13,12,177,148,10,19
S01008742,446,225,189,29,7,221,177,13,31,198,120,96,19,5,78,62,7,9,248,105,93,10,2,143,115,6,22
S01008743,773,481,392,41,48,292,168,30,94,358,250,190,31,29,108,64,9,35,415,231,202,10,19,184,104,21,59
S01008744,881,532,449,42,41,349,244,36,69,409,271,218,30,23,138,88,25,25,472,261,231,12,18,211,156,11,44
S01008745,402,259,218,26,15,143,103,19,21,180,127,100,20,7,53,37,9,7,222,132,118,6,8,90,66,10,14
S01008746,895,555,450,35,70,340,160,48,132,436,306,230,28,48,130,62,19,49,459,249,220,7,22,210,98,29,83
S01008747,421,246,192,44,10,175,133,20,22,189,121,85,29,7,68,53,9,6,232,125,107,15,3,107,80,11,16
S01008748,567,327,270,42,15,240,200,14,26,261,168,129,28,11,93,79,9,5,306,159,141,14,4,147,121,5,21
S01008749,841,494,390,79,25,347,249,33,65,410,259,186,56,17,151,110,20,21,431,235,204,23,8,196,139,13,44
S01008750,611,343,278,46,19,268,224,19,25,280,174,130,35,9,106,94,7,5,331,169,148,11,10,162,130,12,20
S01008751,504,289,230,36,23,215,150,16,49,239,153,107,28,18,86,63,6,17,265,136,123,8,5,129,87,10,32
S01008752,664,354,283,22,49,310,153,23,134,297,187,130,20,37,110,60,8,42,367,167,153,2,12,200,93,15,92
S01008753,458,260,212,18,30,198,108,11,79,201,122,91,13,18,79,36,5,38,257,138,121,5,12,119,72,6,41
S01008754,543,378,327,28,23,165,92,16,57,266,201,159,24,18,65,33,1,31,277,177,168,4,5,100,59,15,26
S01008755,815,563,466,42,55,252,117,31,104,395,314,254,29,31,81,40,14,27,420,249,212,13,24,171,77,17,77
S01008756,624,384,307,31,46,240,124,19,97,310,201,146,23,32,109,49,15,45,314,183,161,8,14,131,75,4,52
S01008757,539,257,190,17,50,282,141,7,134,266,143,93,14,36,123,64,3,56,273,114,97,3,14,159,77,4,78
S01008758,694,385,299,43,43,309,167,26,116,318,203,144,30,29,115,63,13,39,376,182,155,13,14,194,104,13,77
S01008759,464,256,197,21,38,208,115,13,80,189,123,84,17,22,66,40,3,23,275,133,113,4,16,142,75,10,57
S01008760,763,434,345,27,62,329,116,34,179,371,214,152,19,43,157,60,23,74,392,220,193,8,19,172,56,11,105
S01008761,599,438,368,51,19,161,26,30,105,300,231,179,42,10,69,10,14,45,299,207,189,9,9,92,16,16,60
S01008762,527,336,289,33,14,191,142,14,35,235,167,132,26,9,68,51,6,11,292,169,157,7,5,123,91,8,24
S01008763,766,606,520,63,23,160,113,10,37,357,297,240,42,15,60,46,2,12,409,309,280,21,8,100,67,8,25
S01008764,586,429,356,51,22,157,93,22,42,279,220,172,34,14,59,37,11,11,307,209,184,17,8,98,56,11,31
S01008765,688,526,421,76,29,162,93,27,42,315,252,189,47,16,63,40,11,12,373,274,232,29,13,99,53,16,30
S01008766,863,552,428,100,24,311,208,29,74,390,273,192,66,15,117,83,12,22,473,279,236,34,9,194,125,17,52
S01008767,462,306,250,35,21,156,94,32,30,228,157,119,26,12,71,37,20,14,234,149,131,9,9,85,57,12,16
S01008768,453,280,234,32,14,173,97,14,62,218,154,120,24,10,64,33,4,27,235,126,114,8,4,109,64,10,35
S01008769,621,545,456,65,24,76,33,22,21,332,294,239,43,12,38,11,18,9,289,251,217,22,12,38,22,4,12
S01008770,725,594,492,75,27,131,31,49,51,381,325,258,51,16,56,15,25,16,344,269,234,24,11,75,16,24,35
S01008771,644,479,373,76,30,165,69,32,64,340,262,191,53,18,78,35,24,19,304,217,182,23,12,87,34,8,45
S01008772,669,439,355,60,24,230,151,28,51,340,240,186,40,14,100,60,19,21,329,199,169,20,10,130,91,9,30
S01008773,908,654,557,54,43,254,135,38,81,462,352,290,32,30,110,60,11,39,446,302,267,22,13,144,75,27,42
S01008774,789,565,467,54,44,224,90,37,97,408,314,246,42,26,94,36,18,40,381,251,221,12,18,130,54,19,57
S01008775,412,299,236,46,17,113,60,19,34,201,151,116,27,8,50,30,7,13,211,148,120,19,9,63,30,12,21
S01008776,755,487,374,47,66,268,114,32,122,368,246,180,24,42,122,51,18,53,387,241,194,23,24,146,63,14,69
S01008777,949,564,443,51,70,385,181,21,183,562,348,256,37,55,214,87,10,117,387,216,187,14,15,171,94,11,66
S01008778,999,837,680,107,50,162,48,31,83,517,455,352,72,31,62,21,14,27,482,382,328,35,19,100,27,17,56
S01008779,662,578,479,71,28,84,37,22,25,344,306,236,51,19,38,18,15,5,318,272,243,20,9,46,19,7,20
S01008780,529,437,366,54,17,92,22,25,45,277,231,184,35,12,46,15,14,17,252,206,182,19,5,46,7,11,28
S01008781,787,669,573,45,51,118,18,15,85,408,364,300,33,31,44,8,5,31,379,305,273,12,20,74,10,10,54
S01008782,697,543,447,64,32,154,57,28,69,367,299,242,39,18,68,21,20,27,330,244,205,25,14,86,36,8,42
S01008783,366,317,265,43,9,49,19,5,25,169,154,122,29,3,15,5,1,9,197,163,143,14,6,34,14,4,16
S01008784,395,342,285,37,20,53,17,13,23,196,175,134,29,12,21,4,8,9,199,167,151,8,8,32,13,5,14
S01008785,732,452,350,45,57,280,133,24,123,359,253,183,30,40,106,55,9,42,373,199,167,15,17,174,78,15,81
S01008786,857,684,559,66,59,173,70,38,65,470,393,306,45,42,77,29,21,27,387,291,253,21,17,96,41,17,38
S01008787,280,151,111,12,28,129,39,17,73,147,90,63,6,21,57,22,10,25,133,61,48,6,7,72,17,7,48
S01008788,614,513,434,53,26,101,36,22,43,310,269,216,35,18,41,16,13,12,304,244,218,18,8,60,20,9,31
S01008789,582,303,254,30,19,279,183,16,80,274,145,115,18,12,129,84,6,39,308,158,139,12,7,150,99,10,41
S01008790,576,421,323,41,57,155,56,29,70,299,219,150,32,37,80,23,15,42,277,202,173,9,20,75,33,14,28
S01008791,779,608,510,57,41,171,48,56,67,395,327,262,34,31,68,22,24,22,384,281,248,23,10,103,26,32,45
S01008792,685,514,422,56,36,171,83,21,67,342,274,211,34,29,68,36,4,28,343,240,211,22,7,103,47,17,39
S01008793,388,239,172,21,46,149,73,36,40,199,134,87,14,33,65,34,18,13,189,105,85,7,13,84,39,18,27
S01008794,773,468,399,33,36,305,205,23,77,360,233,188,26,19,127,80,11,36,413,235,211,7,17,178,125,12,41
S01008795,1000,795,667,74,54,205,79,60,66,518,425,339,47,39,93,32,36,25,482,370,328,27,15,112,47,24,41
S01008796,950,670,568,54,48,280,115,46,119,461,344,283,36,25,117,55,19,43,489,326,285,18,23,163,60,27,76
S01008797,888,660,573,44,43,228,121,45,62,459,346,289,28,29,113,47,33,33,429,314,284,16,14,115,74,12,29
S01008798,724,509,420,43,46,215,108,39,68,368,277,214,28,35,91,42,24,25,356,232,206,15,11,124,66,15,43
S01008799,565,435,373,33,29,130,32,35,63,301,242,205,19,18,59,15,19,25,264,193,168,14,11,71,17,16,38
S01008800,970,831,704,64,63,139,43,37,59,520,453,370,42,41,67,18,16,33,450,378,334,22,22,72,25,21,26
S01008801,870,706,604,49,53,164,53,56,55,461,379,312,37,30,82,24,29,29,409,327,292,12,23,82,29,27,26
S01008802,892,666,549,60,57,226,77,66,83,468,365,285,40,40,103,35,27,41,424,301,264,20,17,123,42,39,42
S01008803,862,640,510,66,64,222,83,50,89,437,336,253,42,41,101,44,19,38,425,304,257,24,23,121,39,31,51
S01008804,608,372,317,23,32,236,134,44,58,293,206,171,18,17,87,46,19,22,315,166,146,5,15,149,88,25,36
S01008805,589,441,374,31,36,148,41,82,25,314,230,192,18,20,84,17,56,11,275,211,182,13,16,64,24,26,14
S01008806,919,751,649,67,35,168,41,62,65,460,382,319,44,19,78,18,34,26,459,369,330,23,16,90,23,28,39
S01008807,742,559,471,57,31,183,66,51,66,362,283,232,34,17,79,23,26,30,380,276,239,23,14,104,43,25,36
S01008808,614,445,344,75,26,169,90,37,42,291,226,167,46,13,65,31,16,18,323,219,177,29,13,104,59,21,24
S01008809,570,402,287,90,25,168,77,62,29,300,222,151,54,17,78,35,34,9,270,180,136,36,8,90,42,28,20
S01008810,654,515,418,68,29,139,47,66,26,300,254,201,39,14,46,19,20,7,354,261,217,29,15,93,28,46,19
S01008811,794,600,478,86,36,194,58,103,33,401,311,229,59,23,90,24,46,20,393,289,249,27,13,104,34,57,13
S01008812,436,338,272,42,24,98,36,49,13,211,177,136,24,17,34,16,16,2,225,161,136,18,7,64,20,33,11
S01008813,828,592,440,74,78,236,85,40,111,423,309,220,45,44,114,36,25,53,405,283,220,29,34,122,49,15,58
S01008814,732,567,457,62,48,165,76,38,51,367,288,214,40,34,79,35,24,20,365,279,243,22,14,86,41,14,31
S01008815,806,617,518,51,48,189,57,46,86,429,338,270,35,33,91,24,18,49,377,279,248,16,15,98,33,28,37
S01008816,473,316,264,22,30,157,82,21,54,246,179,141,16,22,67,32,11,24,227,137,123,6,8,90,50,10,30
S01008817,658,492,419,40,33,166,50,19,97,317,247,199,28,20,70,23,5,42,341,245,220,12,13,96,27,14,55
S01008818,641,514,445,50,19,127,62,24,41,283,243,206,26,11,40,22,8,10,358,271,239,24,8,87,40,16,31
S01008819,646,470,385,64,21,176,107,22,47,304,237,184,41,12,67,41,13,13,342,233,201,23,9,109,66,9,34
S01008820,962,692,542,79,71,270,120,41,109,507,373,282,49,42,134,60,20,54,455,319,260,30,29,136,60,21,55
S01008821,550,409,339,51,19,141,81,27,33,259,205,162,33,10,54,31,16,7,291,204,177,18,9,87,50,11,26
S01008822,585,396,304,70,22,189,123,33,33,281,207,157,40,10,74,50,17,7,304,189,147,30,12,115,73,16,26
S01008823,556,350,265,71,14,206,155,19,32,260,187,130,52,5,73,55,11,7,296,163,135,19,9,133,100,8,25
S01008824,833,581,482,74,25,252,189,29,34,375,279,222,43,14,96,71,11,14,458,302,260,31,11,156,118,18,20
S01008825,512,361,297,58,6,151,118,9,24,239,182,139,38,5,57,46,4,7,273,179,158,20,1,94,72,5,17
S01008826,589,427,334,63,30,162,100,9,53,281,210,158,38,14,71,43,5,23,308,217,176,25,16,91,57,4,30
S01008827,570,337,255,71,11,233,160,29,44,266,180,133,42,5,86,62,16,8,304,157,122,29,6,147,98,13,36
S01008828,751,498,393,85,20,253,170,32,51,339,247,177,54,16,92,65,12,15,412,251,216,31,4,161,105,20,36
S01008829,564,344,277,46,21,220,143,42,35,248,162,126,24,12,86,57,19,10,316,182,151,22,9,134,86,23,25
S01008830,561,358,288,59,11,203,155,22,26,262,180,128,44,8,82,62,13,7,299,178,160,15,3,121,93,9,19
S01008831,658,367,271,80,16,291,222,35,34,307,202,138,52,12,105,75,19,11,351,165,133,28,4,186,147,16,23
S01008832,655,335,242,61,32,320,228,36,56,334,200,136,41,23,134,88,27,19,321,135,106,20,9,186,140,9,37
S01008833,863,542,435,80,27,321,230,47,44,420,303,239,44,20,117,75,32,10,443,239,196,36,7,204,155,15,34
S01008834,977,608,468,118,22,369,252,44,73,432,297,214,72,11,135,85,29,21,545,311,254,46,11,234,167,15,52
S01008835,695,434,372,40,22,261,194,25,42,312,214,177,25,12,98,73,10,15,383,220,195,15,10,163,121,15,27
S01008836,606,432,359,44,29,174,93,24,57,308,221,173,33,15,87,38,17,32,298,211,186,11,14,87,55,7,25
S01008837,939,767,646,77,44,172,72,38,62,508,428,351,50,27,80,32,19,29,431,339,295,27,17,92,40,19,33
S01008838,933,716,600,81,35,217,122,46,49,465,376,302,52,22,89,48,20,21,468,340,298,29,13,128,74,26,28
S01008839,918,680,575,81,24,238,120,63,55,461,355,282,57,16,106,52,29,25,457,325,293,24,8,132,68,34,30
S01008840,934,688,569,81,38,246,123,85,38,425,344,274,53,17,81,44,25,12,509,344,295,28,21,165,79,60,26
S01008841,502,389,331,48,10,113,56,23,34,245,199,160,35,4,46,26,12,8,257,190,171,13,6,67,30,11,26
S01008842,789,648,530,70,48,141,44,54,43,410,353,277,45,31,57,22,27,8,379,295,253,25,17,84,22,27,35
S01008843,912,685,565,66,54,227,58,112,57,422,336,265,45,26,86,23,43,20,490,349,300,21,28,141,35,69,37
S01008844,617,479,400,45,34,138,46,54,38,278,237,192,29,16,41,17,14,10,339,242,208,16,18,97,29,40,28
S01008845,795,531,429,73,29,264,54,172,38,378,256,193,50,13,122,20,87,15,417,275,236,23,16,142,34,85,23
S01008846,741,508,383,100,25,233,70,125,38,354,248,173,59,16,106,23,64,19,387,260,210,41,9,127,47,61,19
S01008847,537,360,267,71,22,177,40,120,17,282,201,145,42,14,81,19,53,9,255,159,122,29,8,96,21,67,8
S01008848,711,482,353,104,25,229,56,138,35,381,277,194,67,16,104,24,66,14,330,205,159,37,9,125,32,72,21
S01008849,663,465,343,105,17,198,71,96,31,333,243,174,61,8,90,33,51,6,330,222,169,44,9,108,38,45,25
S01008850,739,442,315,109,18,297,103,147,47,367,237,159,63,15,130,48,71,11,372,205,156,46,3,167,55,76,36
S01008851,952,628,464,124,40,324,181,81,62,455,310,219,72,19,145,72,45,28,497,318,245,52,21,179,109,36,34
S01008852,884,576,389,164,23,308,160,93,55,439,316,211,98,7,123,67,45,11,445,260,178,66,16,185,93,48,44
S01008853,607,476,380,72,24,131,36,75,20,278,243,196,37,10,35,16,17,2,329,233,184,35,14,96,20,58,18
S01008854,846,577,407,137,33,269,90,144,35,452,324,216,85,23,128,42,77,9,394,253,191,52,10,141,48,67,26
S01008855,985,739,595,119,25,246,91,89,66,492,394,294,84,16,98,37,38,23,493,345,301,35,9,148,54,51,43
S01008856,507,410,338,53,19,97,35,37,25,247,209,168,29,12,38,13,14,11,260,201,170,24,7,59,22,23,14
S01008857,693,547,440,85,22,146,89,26,31,328,271,210,47,14,57,33,13,11,365,276,230,38,8,89,56,13,20
S01008858,499,367,275,82,10,132,94,23,15,228,185,137,43,5,43,31,10,2,271,182,138,39,5,89,63,13,13
S01008859,1041,747,590,123,34,294,213,41,40,524,404,300,82,22,120,81,22,17,517,343,290,41,12,174,132,19,23
S01008860,806,597,488,69,40,209,112,55,42,362,282,223,38,21,80,43,19,18,444,315,265,31,19,129,69,36,24
S01008861,639,430,296,123,11,209,119,40,50,312,236,149,83,4,76,47,21,8,327,194,147,40,7,133,72,19,42
S01008862,828,662,527,104,31,166,91,35,40,400,322,241,64,17,78,41,20,17,428,340,286,40,14,88,50,15,23
S01008863,641,487,401,74,12,154,98,24,32,295,232,181,46,5,63,38,14,11,346,255,220,28,7,91,60,10,21
S01008864,880,436,370,50,16,444,142,273,29,424,227,186,31,10,197,37,153,7,456,209,184,19,6,247,105,120,22
S01008865,744,528,446,59,23,216,138,40,38,339,257,217,30,10,82,47,25,10,405,271,229,29,13,134,91,15,28
S01008866,711,573,466,86,21,138,83,26,29,337,275,210,54,11,62,35,19,8,374,298,256,32,10,76,48,7,21
S01008867,697,504,389,100,15,193,143,16,34,334,268,193,69,6,66,56,6,4,363,236,196,31,9,127,87,10,30
S01008868,728,559,432,95,32,169,43,99,27,389,313,243,56,14,76,20,48,8,339,246,189,39,18,93,23,51,19
S01008869,937,653,493,130,30,284,172,65,47,493,377,273,87,17,116,72,27,17,444,276,220,43,13,168,100,38,30
S01008870,697,498,394,93,11,199,148,22,29,348,260,201,56,3,88,74,8,6,349,238,193,37,8,111,74,14,23
S01008871,973,683,524,123,36,290,109,144,37,520,387,290,71,26,133,37,84,12,453,296,234,52,10,157,72,60,25
S01008872,767,544,417,91,36,223,86,97,40,415,293,207,59,27,122,40,69,13,352,251,210,32,9,101,46,28,27
S01008873,588,418,300,106,12,170,105,31,34,295,228,150,70,8,67,48,17,2,293,190,150,36,4,103,57,14,32
S01008874,774,533,437,77,19,241,161,40,40,372,278,219,47,12,94,56,29,9,402,255,218,30,7,147,105,11,31
S01008875,756,529,443,56,30,227,140,42,45,368,281,225,38,18,87,46,23,18,388,248,218,18,12,140,94,19,27
S01008876,497,294,236,44,14,203,168,21,14,222,146,117,20,9,76,62,8,6,275,148,119,24,5,127,106,13,8
S01008877,444,306,244,51,11,138,99,22,17,216,157,117,34,6,59,43,13,3,228,149,127,17,5,79,56,9,14
S01008878,778,444,358,64,22,334,252,20,62,354,222,163,47,12,132,97,9,26,424,222,195,17,10,202,155,11,36
S01008879,696,448,385,44,19,248,177,22,49,313,216,173,30,13,97,66,15,16,383,232,212,14,6,151,111,7,33
S01008880,533,344,296,36,12,189,121,22,46,237,174,142,24,8,63,44,7,12,296,170,154,12,4,126,77,15,34
S01008881,518,266,191,57,18,252,206,14,32,237,147,102,40,5,90,80,7,3,281,119,89,17,13,162,126,7,29
S01008882,851,504,369,124,11,347,188,83,76,398,285,191,87,7,113,77,24,12,453,219,178,37,4,234,111,59,64
S01008883,790,400,279,110,11,390,283,39,68,343,211,137,69,5,132,106,18,8,447,189,142,41,6,258,177,21,60
S01008884,590,285,206,67,12,305,236,36,33,265,155,106,40,9,110,89,14,7,325,130,100,27,3,195,147,22,26
S01008885,680,425,320,87,18,255,173,42,40,324,231,162,59,10,93,69,18,6,356,194,158,28,8,162,104,24,34
S01008886,712,441,362,56,23,271,184,50,37,338,226,183,35,8,112,68,31,13,374,215,179,21,15,159,116,19,24
S01008887,643,400,323,59,18,243,177,36,30,294,200,145,43,12,94,61,23,10,349,200,178,16,6,149,116,13,20
S01008888,542,408,337,48,23,134,80,32,22,251,193,160,22,11,58,32,19,7,291,215,177,26,12,76,48,13,15
S01008889,459,322,262,49,11,137,103,14,20,221,170,131,38,1,51,43,5,3,238,152,131,11,10,86,60,9,17
S01008890,599,356,291,53,12,243,194,29,20,287,181,131,43,7,106,84,14,8,312,175,160,10,5,137,110,15,12
S01008891,628,373,301,64,8,255,206,24,25,294,183,134,44,5,111,91,17,3,334,190,167,20,3,144,115,7,22
S01008892,837,490,400,66,24,347,270,27,50,358,248,185,48,15,110,90,8,12,479,242,215,18,9,237,180,19,38
S01008893,724,456,357,84,15,268,192,31,45,350,238,174,53,11,112,79,17,16,374,218,183,31,4,156,113,14,29
S01008894,688,416,314,90,12,272,192,28,52,334,229,160,61,8,105,85,12,8,354,187,154,29,4,167,107,16,44
S01008895,632,321,255,62,4,311,256,23,32,262,166,124,41,1,96,80,12,4,370,155,131,21,3,215,176,11,28
S01008896,410,264,230,30,4,146,90,22,34,199,142,115,24,3,57,39,14,4,211,122,115,6,1,89,51,8,30
S01008897,551,326,259,49,18,225,182,14,29,247,167,124,33,10,80,73,3,4,304,159,135,16,8,145,109,11,25
S01008898,689,411,308,84,19,278,213,26,39,325,212,147,56,9,113,93,15,5,364,199,161,28,10,165,120,11,34
S01008899,669,391,297,39,55,278,152,29,97,307,206,141,26,39,101,58,12,31,362,185,156,13,16,177,94,17,66
S01008900,789,516,440,37,39,273,160,24,89,359,256,207,25,24,103,63,9,31,430,260,233,12,15,170,97,15,58
S01008901,685,407,333,41,33,278,159,30,89,317,207,152,33,22,110,67,17,26,368,200,181,8,11,168,92,13,63
S01008902,831,515,425,46,44,316,163,38,115,389,280,214,37,29,109,56,15,38,442,235,211,9,15,207,107,23,77
S01008903,811,469,405,32,32,342,245,21,76,365,229,181,26,22,136,98,14,24,446,240,224,6,10,206,147,7,52
S01008904,810,523,421,38,64,287,94,70,123,391,270,217,19,34,121,40,41,40,419,253,204,19,30,166,54,29,83
S01008905,843,505,396,25,84,338,108,55,175,422,288,211,19,58,134,40,31,63,421,217,185,6,26,204,68,24,112
S01008906,616,407,305,28,74,209,43,39,127,312,231,160,23,48,81,17,16,48,304,176,145,5,26,128,26,23,79
S01008907,437,225,171,18,36,212,61,34,117,179,107,79,9,19,72,19,12,41,258,118,92,9,17,140,42,22,76
S01008908,717,440,350,45,45,277,116,42,119,336,223,162,34,27,113,48,19,46,381,217,188,11,18,164,68,23,73
S01008909,639,438,370,34,34,201,116,28,57,298,224,179,25,20,74,44,15,15,341,214,191,9,14,127,72,13,42
S01008910,374,266,226,25,15,108,58,18,32,167,132,111,12,9,35,22,8,5,207,134,115,13,6,73,36,10,27
S01008911,787,611,505,79,27,176,84,34,58,385,337,260,59,18,48,26,13,9,402,274,245,20,9,128,58,21,49
S01008912,640,448,362,65,21,192,138,20,34,300,236,179,42,15,64,50,6,8,340,212,183,23,6,128,88,14,26
S01008913,514,404,337,40,27,110,52,22,36,259,218,174,28,16,41,22,12,7,255,186,163,12,11,69,30,10,29
S01008914,739,458,386,55,17,281,194,26,61,341,216,169,36,11,125,81,14,30,398,242,217,19,6,156,113,12,31
S01008915,463,298,236,49,13,165,110,32,23,224,161,111,40,10,63,44,15,4,239,137,125,9,3,102,66,17,19
S01008916,906,464,363,42,59,442,265,16,161,422,239,177,23,39,183,112,13,58,484,225,186,19,20,259,153,3,103
S01008917,562,333,250,29,54,229,70,18,141,279,172,119,22,31,107,33,12,62,283,161,131,7,23,122,37,6,79
S01008918,423,262,181,22,59,161,42,18,101,200,138,84,16,38,62,18,4,40,223,124,97,6,21,99,24,14,61
S01008919,404,248,176,15,57,156,39,16,101,208,146,99,11,36,62,18,7,37,196,102,77,4,21,94,21,9,64
S01008920,948,792,658,88,46,156,43,45,68,483,426,344,59,23,57,19,17,21,465,366,314,29,23,99,24,28,47
S01008921,589,334,247,21,66,255,109,18,128,278,172,120,16,36,106,47,8,51,311,162,127,5,30,149,62,10,77
S01008922,648,385,304,28,53,263,141,18,104,296,203,154,18,31,93,48,8,37,352,182,150,10,22,170,93,10,67
S01008923,611,379,306,34,39,232,138,13,81,265,190,136,28,26,75,39,8,28,346,189,170,6,13,157,99,5,53
S01008924,704,445,351,19,75,259,84,39,136,295,210,153,16,41,85,28,18,39,409,235,198,3,34,174,56,21,97
S01008925,502,387,326,29,32,115,28,16,71,234,197,162,17,18,37,15,8,14,268,190,164,12,14,78,13,8,57
S01008926,475,356,303,34,19,119,54,12,53,230,188,153,24,11,42,23,5,14,245,168,150,10,8,77,31,7,39
S01008927,657,528,465,31,32,129,28,26,75,307,271,226,26,19,36,11,6,19,350,257,239,5,13,93,17,20,56
S01008928,628,378,298,33,47,250,156,37,57,306,201,146,28,27,105,62,19,24,322,177,152,5,20,145,94,18,33
S01008929,631,345,223,11,111,286,56,26,204,378,218,135,4,79,160,30,22,108,253,127,88,7,32,126,26,4,96
S01008930,683,398,289,19,90,285,113,26,146,304,188,124,17,47,116,49,18,49,379,210,165,2,43,169,64,8,97
S01008931,594,356,296,12,48,238,102,33,103,267,172,133,7,32,95,37,20,38,327,184,163,5,16,143,65,13,65
S01008932,694,525,439,49,37,169,71,31,67,321,262,204,36,22,59,29,16,14,373,263,235,13,15,110,42,15,53
S01008933,505,350,268,17,65,155,37,27,91,232,175,127,14,34,57,21,10,26,273,175,141,3,31,98,16,17,65
S01008934,594,400,319,41,40,194,86,20,88,287,207,155,27,25,80,37,11,32,307,193,164,14,15,114,49,9,56
S01008935,732,432,363,48,21,300,239,25,36,352,240,190,36,14,112,95,10,7,380,192,173,12,7,188,144,15,29
S01008936,300,191,155,35,1,109,86,11,12,144,98,75,23,0,46,38,7,1,156,93,80,12,1,63,48,4,11
S01008937,694,423,335,58,30,271,208,19,44,312,210,147,41,22,102,76,9,17,382,213,188,17,8,169,132,10,27
S01008938,583,344,276,56,12,239,179,29,31,289,184,131,44,9,105,79,18,8,294,160,145,12,3,134,100,11,23
S01008939,659,381,308,55,18,278,215,31,32,313,196,142,43,11,117,93,17,7,346,185,166,12,7,161,122,14,25
S01008940,508,274,196,68,10,234,185,16,33,243,152,95,49,8,91,77,9,5,265,122,101,19,2,143,108,7,28
S01008941,659,386,289,88,9,273,201,19,53,302,198,141,51,6,104,82,11,11,357,188,148,37,3,169,119,8,42
S01008942,581,379,311,55,13,202,139,29,34,268,188,145,36,7,80,53,13,14,313,191,166,19,6,122,86,16,20
S01008943,672,357,249,88,20,315,235,36,44,315,191,123,58,10,124,100,21,3,357,166,126,30,10,191,135,15,41
S01008944,809,428,312,101,15,381,301,35,45,375,227,157,62,8,148,126,16,6,434,201,155,39,7,233,175,19,39
S01008945,630,402,308,86,8,228,166,25,37,306,215,150,59,6,91,67,11,13,324,187,158,27,2,137,99,14,24
S01008946,769,403,298,82,23,366,284,34,48,371,215,144,57,14,156,126,17,13,398,188,154,25,9,210,158,17,35
S01008947,870,473,369,84,20,397,326,38,33,402,240,167,59,14,162,133,22,7,468,233,202,25,6,235,193,16,26
S01008948,573,388,302,69,17,185,125,25,35,272,200,147,45,8,72,50,14,8,301,188,155,24,9,113,75,11,27
S01008949,752,467,389,47,31,285,198,33,54,337,233,184,32,17,104,73,20,11,415,234,205,15,14,181,125,13,43
S01008950,775,470,388,46,36,305,218,33,54,372,244,180,35,29,128,92,19,17,403,226,208,11,7,177,126,14,37
S01008951,708,427,365,28,34,281,170,21,90,310,211,168,21,22,99,55,7,37,398,216,197,7,12,182,115,14,53
S01008952,663,434,347,37,50,229,118,18,93,310,221,168,24,29,89,44,13,32,353,213,179,13,21,140,74,5,61
S01008953,752,444,351,51,42,308,197,24,87,334,215,163,26,26,119,74,9,36,418,229,188,25,16,189,123,15,51
S01008954,747,397,315,41,41,350,259,22,69,342,209,152,33,24,133,95,12,26,405,188,163,8,17,217,164,10,43
S01008955,527,357,299,51,7,170,115,23,32,248,177,137,35,5,71,49,14,8,279,180,162,16,2,99,66,9,24
S01008956,727,551,473,40,38,176,104,23,49,335,277,224,29,24,58,37,12,9,392,274,249,11,14,118,67,11,40
S01008957,809,509,430,49,30,300,187,35,78,396,256,200,33,23,140,84,22,34,413,253,230,16,7,160,103,13,44
S01008958,605,355,303,32,20,250,170,16,64,290,182,149,24,9,108,64,10,34,315,173,154,8,11,142,106,6,30
S01008959,719,476,414,42,20,243,165,22,56,331,234,193,27,14,97,69,11,17,388,242,221,15,6,146,96,11,39
S01008960,672,545,464,69,12,127,46,41,40,343,293,229,57,7,50,22,21,7,329,252,235,12,5,77,24,20,33
S01008961,601,401,341,39,21,200,130,30,40,285,197,158,26,13,88,57,18,13,316,204,183,13,8,112,73,12,27
S01008962,530,349,302,34,13,181,137,12,32,240,166,130,30,6,74,53,9,12,290,183,172,4,7,107,84,3,20
S01008963,670,404,340,44,20,266,220,23,23,325,203,159,31,13,122,96,14,12,345,201,181,13,7,144,124,9,11
S01008964,437,257,212,35,10,180,156,16,8,224,139,109,23,7,85,70,12,3,213,118,103,12,3,95,86,4,5
S01008965,628,329,260,64,5,299,254,17,28,301,173,133,38,2,128,115,8,5,327,156,127,26,3,171,139,9,23
S01008966,483,303,258,33,12,180,140,22,18,226,155,120,27,8,71,59,8,4,257,148,138,6,4,109,81,14,14
S01008967,848,492,417,62,13,356,281,22,53,394,257,202,46,9,137,122,8,7,454,235,215,16,4,219,159,14,46
S01008968,824,516,438,63,15,308,247,29,32,394,265,211,43,11,129,109,14,6,430,251,227,20,4,179,138,15,26
S01008969,897,557,477,57,23,340,271,24,45,425,286,234,38,14,139,116,11,12,472,271,243,19,9,201,155,13,33
S01008970,838,561,476,73,12,277,218,26,33,414,291,239,46,6,123,95,14,14,424,270,237,27,6,154,123,12,19
S01008971,568,383,318,51,14,185,132,28,25,287,207,173,27,7,80,58,16,6,281,176,145,24,7,105,74,12,19
S01008972,633,381,299,69,13,252,197,25,30,292,198,146,46,6,94,75,15,4,341,183,153,23,7,158,122,10,26
S01008973,727,408,340,59,9,319,226,17,76,324,215,172,38,5,109,74,9,26,403,193,168,21,4,210,152,8,50
S01008974,652,374,317,43,14,278,204,21,53,288,184,149,28,7,104,77,12,15,364,190,168,15,7,174,127,9,38
S01008975,657,293,252,29,12,364,299,30,35,270,144,118,17,9,126,101,13,12,387,149,134,12,3,238,198,17,23
S01008976,426,262,207,40,15,164,121,14,29,208,140,103,26,11,68,52,8,8,218,122,104,14,4,96,69,6,21
S01008977,514,324,276,35,13,190,151,14,25,244,171,134,29,8,73,58,8,7,270,153,142,6,5,117,93,6,18
S01008978,473,330,277,35,18,143,101,23,19,223,164,133,20,11,59,44,12,3,250,166,144,15,7,84,57,11,16
S01008979,573,438,369,45,24,135,56,32,47,255,209,162,31,16,46,26,12,8,318,229,207,14,8,89,30,20,39
S01008980,620,454,388,46,20,166,78,30,58,283,230,196,27,7,53,30,16,7,337,224,192,19,13,113,48,14,51
S01008981,601,332,280,44,8,269,236,7,26,280,164,127,31,6,116,104,4,8,321,168,153,13,2,153,132,3,18
S01008982,629,447,386,37,24,182,106,30,46,281,213,171,30,12,68,40,17,11,348,234,215,7,12,114,66,13,35
S01008983,529,434,384,29,21,95,31,21,43,267,227,193,20,14,40,17,15,8,262,207,191,9,7,55,14,6,35
S01008984,390,279,238,18,23,111,61,11,39,165,131,107,14,10,34,22,4,8,225,148,131,4,13,77,39,7,31
S01008985,585,420,361,34,25,165,121,14,30,296,226,183,25,18,70,51,11,8,289,194,178,9,7,95,70,3,22
S01008986,661,416,348,48,20,245,210,13,22,323,223,175,36,12,100,84,7,9,338,193,173,12,8,145,126,6,13
S01008987,710,441,370,52,19,269,224,24,21,352,233,176,44,13,119,98,15,6,358,208,194,8,6,150,126,9,15
S01008988,928,507,429,49,29,421,332,26,63,409,264,202,41,21,145,113,15,17,519,243,227,8,8,276,219,11,46
S01008989,557,460,394,39,27,97,53,15,29,285,245,201,28,16,40,25,8,7,272,215,193,11,11,57,28,7,22
S01008990,643,535,468,45,22,108,67,10,31,325,287,236,37,14,38,28,7,3,318,248,232,8,8,70,39,3,28
S01008991,758,614,528,62,24,144,71,39,34,363,309,253,43,13,54,25,21,8,395,305,275,19,11,90,46,18,26
S01008992,487,305,257,31,17,182,122,22,38,246,165,138,19,8,81,48,15,18,241,140,119,12,9,101,74,7,20
S01008993,880,597,468,104,25,283,208,30,45,412,305,220,73,12,107,84,15,8,468,292,248,31,13,176,124,15,37
S01008994,628,412,330,50,32,216,127,24,65,294,213,152,41,20,81,50,12,19,334,199,178,9,12,135,77,12,46
S01008995,699,502,424,54,24,197,130,35,32,346,260,208,38,14,86,59,20,7,353,242,216,16,10,111,71,15,25
S01008996,483,303,258,24,21,180,122,15,43,225,153,121,21,11,72,47,9,16,258,150,137,3,10,108,75,6,27
S01008997,780,575,471,75,29,205,115,33,57,379,303,226,57,20,76,44,18,14,401,272,245,18,9,129,71,15,43
S01008998,464,309,246,19,44,155,51,27,77,220,157,123,11,23,63,22,13,28,244,152,123,8,21,92,29,14,49
S01008999,708,395,334,30,31,313,235,16,62,331,206,162,24,20,125,98,9,18,377,189,172,6,11,188,137,7,44
S01009000,757,483,395,71,17,274,210,20,44,361,248,189,48,11,113,88,11,14,396,235,206,23,6,161,122,9,30
S01009001,653,423,356,56,11,230,165,24,41,306,219,175,40,4,87,66,11,10,347,204,181,16,7,143,99,13,31
S01009002,657,451,367,59,25,206,137,20,49,325,247,199,35,13,78,58,7,13,332,204,168,24,12,128,79,13,36
S01009003,751,538,429,88,21,213,140,30,43,357,284,220,57,7,73,53,10,10,394,254,209,31,14,140,87,20,33
S01009004,534,389,332,45,12,145,107,15,23,245,192,158,28,6,53,41,8,4,289,197,174,17,6,92,66,7,19
S01009005,590,404,350,35,19,186,131,24,31,279,204,171,25,8,75,52,14,9,311,200,179,10,11,111,79,10,22
S01009006,602,357,300,33,24,245,157,27,61,277,183,144,19,20,94,63,11,20,325,174,156,14,4,151,94,16,41
S01009007,552,348,293,31,24,204,128,22,54,271,183,149,19,15,88,58,13,17,281,165,144,12,9,116,70,9,37
S01009008,780,469,383,61,25,311,251,15,45,382,248,192,38,18,134,113,9,12,398,221,191,23,7,177,138,6,33
S01009009,381,221,184,18,19,160,100,11,49,168,114,91,10,13,54,35,4,15,213,107,93,8,6,106,65,7,34
S01009010,820,629,562,53,14,191,122,39,30,385,300,260,34,6,85,58,21,6,435,329,302,19,8,106,64,18,24
S01009011,692,571,496,51,24,121,66,25,30,343,292,247,32,13,51,31,15,5,349,279,249,19,11,70,35,10,25
S01009012,609,456,393,50,13,153,98,22,33,304,245,190,45,10,59,44,9,6,305,211,203,5,3,94,54,13,27
S01009013,739,547,456,57,34,192,124,35,33,344,269,215,35,19,75,56,14,5,395,278,241,22,15,117,68,21,28
S01009014,497,333,249,58,26,164,116,14,34,246,178,118,42,18,68,47,9,12,251,155,131,16,8,96,69,5,22
S01009015,511,302,231,49,22,209,157,17,35,240,156,102,41,13,84,64,5,15,271,146,129,8,9,125,93,12,20
S01009016,436,249,188,43,18,187,145,12,30,216,138,95,31,12,78,56,6,16,220,111,93,12,6,109,89,6,14
S01009017,499,308,234,46,28,191,122,9,60,244,166,114,35,17,78,50,5,23,255,142,120,11,11,113,72,4,37
S01009018,601,408,321,70,17,193,115,32,46,319,224,155,56,13,95,57,16,22,282,184,166,14,4,98,58,16,24
S01009019,421,296,244,35,17,125,93,9,23,212,162,127,27,8,50,36,1,13,209,134,117,8,9,75,57,8,10
S01009020,635,487,402,50,35,148,98,10,40,320,257,195,42,20,63,46,7,10,315,230,207,8,15,85,52,3,30
S01009021,634,394,296,82,16,240,190,17,33,311,199,126,63,10,112,88,8,16,323,195,170,19,6,128,102,9,17
S01009022,788,482,363,89,30,306,233,22,51,386,262,176,70,16,124,97,10,17,402,220,187,19,14,182,136,12,34
S01009023,810,456,292,132,32,354,268,24,62,410,256,139,97,20,154,118,7,29,400,200,153,35,12,200,150,17,33
S01009024,844,467,353,86,28,377,296,14,67,437,264,178,69,17,173,131,7,35,407,203,175,17,11,204,165,7,32
S01009025,761,488,348,93,47,273,208,14,51,388,273,171,68,34,115,92,6,17,373,215,177,25,13,158,116,8,34
S01009026,770,465,357,69,39,305,217,23,65,376,247,164,53,30,129,93,6,30,394,218,193,16,9,176,124,17,35
S01009027,670,360,251,88,21,310,236,24,50,317,195,119,61,15,122,95,9,18,353,165,132,27,6,188,141,15,32
S01009028,430,256,189,48,19,174,138,13,23,217,141,93,37,11,76,59,6,11,213,115,96,11,8,98,79,7,12
S01009029,529,315,229,58,28,214,147,16,51,265,172,110,49,13,93,59,5,29,264,143,119,9,15,121,88,11,22
S01009030,611,386,296,62,28,225,159,24,42,308,212,148,46,18,96,67,12,17,303,174,148,16,10,129,92,12,25
S01009031,656,388,316,52,20,268,198,18,52,327,220,169,40,11,107,83,7,17,329,168,147,12,9,161,115,11,35
S01009032,559,303,239,45,19,256,200,12,44,285,164,120,33,11,121,95,7,19,274,139,119,12,8,135,105,5,25
S01009033,657,371,292,59,20,286,207,24,55,337,213,155,44,14,124,90,10,24,320,158,137,15,6,162,117,14,31
S01009034,558,324,274,39,11,234,181,14,39,291,183,144,32,7,108,88,6,14,267,141,130,7,4,126,93,8,25
S01009035,760,490,398,63,29,270,199,15,56,372,255,192,46,17,117,87,6,24,388,235,206,17,12,153,112,9,32
S01009036,814,561,462,63,36,253,155,27,71,410,297,227,44,26,113,70,16,27,404,264,235,19,10,140,85,11,44
S01009037,705,498,407,59,32,207,134,30,43,342,260,201,39,20,82,53,11,18,363,238,206,20,12,125,81,19,25
S01009038,868,583,488,62,33,285,175,36,74,423,302,229,48,25,121,74,17,30,445,281,259,14,8,164,101,19,44
S01009039,535,375,294,37,44,160,89,20,51,268,202,144,26,32,66,37,9,20,267,173,150,11,12,94,52,11,31
S01009040,560,348,284,40,24,212,158,19,35,250,167,126,23,18,83,60,12,11,310,181,158,17,6,129,98,7,24
S01009041,765,469,374,65,30,296,220,25,51,372,269,194,48,27,103,71,9,23,393,200,180,17,3,193,149,16,28
S01009042,724,464,385,41,38,260,184,22,54,333,238,185,31,22,95,65,13,17,391,226,200,10,16,165,119,9,37
S01009043,547,357,296,32,29,190,133,15,42,246,186,144,22,20,60,37,5,18,301,171,152,10,9,130,96,10,24
S01009044,749,385,330,37,18,364,305,11,48,305,191,153,26,12,114,93,4,17,444,194,177,11,6,250,212,7,31
S01009045,556,340,279,44,17,216,156,12,48,266,187,141,33,13,79,62,5,12,290,153,138,11,4,137,94,7,36
S01009046,710,460,377,64,19,250,167,33,50,341,249,195,43,11,92,61,15,16,369,211,182,21,8,158,106,18,34
S01009047,648,433,369,45,19,215,151,15,49,319,231,181,33,17,88,60,8,20,329,202,188,12,2,127,91,7,29
S01009048,686,440,377,42,21,246,178,25,43,341,236,194,27,15,105,75,14,16,345,204,183,15,6,141,103,11,27
S01009049,502,307,260,36,11,195,157,11,27,238,156,119,29,8,82,65,4,13,264,151,141,7,3,113,92,7,14
S01009050,676,427,360,38,29,249,180,12,57,330,225,179,29,17,105,71,7,27,346,202,181,9,12,144,109,5,30
S01009051,564,400,328,42,30,164,99,17,48,265,204,162,25,17,61,41,8,12,299,196,166,17,13,103,58,9,36
S01009052,539,336,285,36,15,203,157,13,33,261,177,141,27,9,84,64,8,12,278,159,144,9,6,119,93,5,21
S01009053,424,251,181,11,59,173,62,17,94,213,129,80,9,40,84,33,7,44,211,122,101,2,19,89,29,10,50
S01009054,480,304,254,16,34,176,114,16,46,227,156,121,10,25,71,43,11,17,253,148,133,6,9,105,71,5,29
S01009055,693,484,378,79,27,209,147,17,45,341,253,181,52,20,88,62,10,16,352,231,197,27,7,121,85,7,29
S01009056,432,259,191,28,40,173,79,21,73,210,144,89,24,31,66,35,3,28,222,115,102,4,9,107,44,18,45
S01009057,461,284,214,23,47,177,105,13,59,215,148,106,17,25,67,40,7,20,246,136,108,6,22,110,65,6,39
S01009058,674,388,336,23,29,286,193,21,72,334,205,166,14,25,129,81,13,35,340,183,170,9,4,157,112,8,37
S01009059,700,508,417,60,31,192,106,15,71,343,264,208,39,17,79,43,6,30,357,244,209,21,14,113,63,9,41
S01009060,411,339,278,51,10,72,38,15,19,205,175,134,38,3,30,19,7,4,206,164,144,13,7,42,19,8,15
S01009061,650,473,409,27,37,177,113,17,47,299,226,187,18,21,73,45,7,21,351,247,222,9,16,104,68,10,26
S01009062,538,319,250,21,48,219,146,11,62,258,174,126,14,34,84,62,4,18,280,145,124,7,14,135,84,7,44
S01009063,614,405,358,33,14,209,145,20,44,294,204,168,24,12,90,65,9,16,320,201,190,9,2,119,80,11,28
S01009064,473,298,258,14,26,175,124,7,44,221,157,127,12,18,64,45,4,15,252,141,131,2,8,111,79,3,29
S01009065,544,324,243,25,56,220,131,21,68,247,161,109,19,33,86,53,11,22,297,163,134,6,23,134,78,10,46
S01009066,594,367,301,24,42,227,152,11,64,287,199,157,15,27,88,64,3,21,307,168,144,9,15,139,88,8,43
S01009067,649,529,445,57,27,120,58,24,38,320,277,215,46,16,43,22,11,10,329,252,230,11,11,77,36,13,28
S01009068,732,497,428,35,34,235,153,22,60,353,258,205,30,23,95,65,11,19,379,239,223,5,11,140,88,11,41
S01009069,525,392,337,44,11,133,92,21,20,251,195,153,35,7,56,40,8,8,274,197,184,9,4,77,52,13,12
S01009070,525,370,310,44,16,155,107,17,31,254,188,147,31,10,66,50,10,6,271,182,163,13,6,89,57,7,25
S01009071,413,277,218,41,18,136,86,7,43,201,143,104,30,9,58,36,5,17,212,134,114,11,9,78,50,2,26
S01009072,413,283,225,39,19,130,68,17,45,204,149,112,26,11,55,33,7,15,209,134,113,13,8,75,35,10,30
S01009073,539,290,232,26,32,249,176,19,54,237,144,108,19,17,93,66,8,19,302,146,124,7,15,156,110,11,35
S01009074,582,380,305,25,50,202,118,17,67,267,189,141,20,28,78,52,3,23,315,191,164,5,22,124,66,14,44
S01009075,453,270,212,31,27,183,120,12,51,219,143,103,21,19,76,50,6,20,234,127,109,10,8,107,70,6,31
S01009076,768,580,487,63,30,188,100,33,55,388,302,235,50,17,86,51,12,23,380,278,252,13,13,102,49,21,32
S01009077,521,346,285,32,29,175,110,17,48,267,192,149,24,19,75,49,10,16,254,154,136,8,10,100,61,7,32
S01009078,571,484,421,40,23,87,30,14,43,283,246,214,23,9,37,14,9,14,288,238,207,17,14,50,16,5,29
S01009079,757,437,344,35,58,320,224,13,83,340,235,176,23,36,105,71,4,30,417,202,168,12,22,215,153,9,53
S01009080,775,455,374,43,38,320,202,13,105,346,233,185,29,19,113,77,8,28,429,222,189,14,19,207,125,5,77
S01009081,565,349,292,40,17,216,158,9,49,280,192,151,29,12,88,65,7,16,285,157,141,11,5,128,93,2,33
S01009082,832,519,411,56,52,313,186,31,96,391,280,206,45,29,111,64,12,35,441,239,205,11,23,202,122,19,61
S01009083,625,406,344,28,34,219,131,12,76,299,211,171,20,20,88,57,6,25,326,195,173,8,14,131,74,6,51
S01009084,385,268,203,52,13,117,63,14,40,181,143,98,38,7,38,21,6,11,204,125,105,14,6,79,42,8,29
S01009085,575,514,459,39,16,61,18,20,23,286,264,227,30,7,22,7,10,5,289,250,232,9,9,39,11,10,18
S01009086,564,382,316,35,31,182,116,8,58,270,198,157,23,18,72,41,3,28,294,184,159,12,13,110,75,5,30
S01009087,474,300,254,20,26,174,101,13,60,220,149,117,17,15,71,44,9,18,254,151,137,3,11,103,57,4,42
S01009088,838,546,446,76,24,292,200,31,61,421,296,222,56,18,125,90,19,16,417,250,224,20,6,167,110,12,45
S01009089,692,544,469,61,14,148,74,35,39,334,281,233,41,7,53,32,14,7,358,263,236,20,7,95,42,21,32
S01009090,643,539,481,51,7,104,36,0,68,344,292,253,36,3,52,15,0,37,299,247,228,15,4,52,21,0,31
S01009091,476,402,352,36,14,74,27,18,29,233,203,175,24,4,30,17,8,5,243,199,177,12,10,44,10,10,24
S01009092,872,537,462,38,37,335,244,18,73,405,269,219,24,26,136,97,7,32,467,268,243,14,11,199,147,11,41
S01009093,600,417,339,36,42,183,109,16,58,267,205,161,25,19,62,41,9,12,333,212,178,11,23,121,68,7,46
S01009094,576,302,272,23,7,274,237,11,26,273,149,131,14,4,124,108,9,7,303,153,141,9,3,150,129,2,19
S01009095,664,414,332,63,19,250,167,17,66,330,217,158,48,11,113,70,9,34,334,197,174,15,8,137,97,8,32
S01009096,779,549,467,62,20,230,165,15,50,361,277,224,42,11,84,54,11,19,418,272,243,20,9,146,111,4,31
S01009097,699,515,466,32,17,184,107,28,49,343,269,235,24,10,74,46,19,9,356,246,231,8,7,110,61,9,40
S01009098,426,263,213,34,16,163,115,16,32,210,137,103,22,12,73,55,11,7,216,126,110,12,4,90,60,5,25
S01009099,662,384,339,25,20,278,200,18,60,316,205,168,20,17,111,77,12,22,346,179,171,5,3,167,123,6,38
S01009100,651,336,286,30,20,315,213,13,89,300,180,145,23,12,120,73,7,40,351,156,141,7,8,195,140,6,49
S01009101,763,507,416,36,55,256,145,17,94,368,263,208,24,31,105,61,11,33,395,244,208,12,24,151,84,6,61
S01009102,600,407,321,22,64,193,68,22,103,282,209,155,18,36,73,29,12,32,318,198,166,4,28,120,39,10,71
S01009103,487,291,258,16,17,196,142,21,33,231,153,131,10,12,78,60,10,8,256,138,127,6,5,118,82,11,25
S01009104,650,408,353,28,27,242,149,21,72,303,200,166,20,14,103,63,12,28,347,208,187,8,13,139,86,9,44
S01009105,639,439,380,39,20,200,129,20,51,298,217,179,29,9,81,53,5,23,341,222,201,10,11,119,76,15,28
S01009106,457,298,253,23,22,159,120,5,34,209,152,119,19,14,57,42,2,13,248,146,134,4,8,102,78,3,21
S01009107,672,494,438,25,31,178,126,16,36,324,248,213,16,19,76,55,9,12,348,246,225,9,12,102,71,7,24
S01009108,612,404,355,33,16,208,184,14,10,293,211,177,24,10,82,76,4,2,319,193,178,9,6,126,108,10,8
S01009109,569,393,348,30,15,176,134,23,19,272,195,166,23,6,77,60,12,5,297,198,182,7,9,99,74,11,14
S01009110,499,301,269,21,11,198,150,11,37,229,154,129,17,8,75,57,7,11,270,147,140,4,3,123,93,4,26
S01009111,698,537,467,44,26,161,91,24,46,323,268,221,34,13,55,28,13,14,375,269,246,10,13,106,63,11,32
S01009112,470,279,240,33,6,191,160,11,20,241,151,124,22,5,90,77,5,8,229,128,116,11,1,101,83,6,12
S01009113,790,481,421,44,16,309,245,23,41,391,272,228,33,11,119,99,12,8,399,209,193,11,5,190,146,11,33
S01009114,615,481,412,36,33,134,65,28,41,314,251,207,25,19,63,29,15,19,301,230,205,11,14,71,36,13,22
S01009115,474,356,310,30,16,118,75,16,27,228,175,139,23,13,53,32,9,12,246,181,171,7,3,65,43,7,15
S01009116,405,281,248,17,16,124,98,15,11,196,144,119,13,12,52,46,4,2,209,137,129,4,4,72,52,11,9
S01009117,671,490,417,37,36,181,103,18,60,316,239,197,23,19,77,41,9,27,355,251,220,14,17,104,62,9,33
S01009118,471,387,349,27,11,84,41,17,26,238,203,173,23,7,35,22,6,7,233,184,176,4,4,49,19,11,19
S01009119,600,374,306,30,38,226,115,18,93,297,204,159,19,26,93,49,11,33,303,170,147,11,12,133,66,7,60
S01009120,444,287,243,17,27,157,96,12,49,224,154,124,12,18,70,47,7,16,220,133,119,5,9,87,49,5,33
S01009121,690,450,387,34,29,240,155,19,66,344,240,196,24,20,104,70,11,23,346,210,191,10,9,136,85,8,43
S01009122,778,511,383,80,48,267,161,20,86,373,263,186,50,27,110,71,9,30,405,248,197,30,21,157,90,11,56
S01009123,446,329,265,39,25,117,65,20,32,209,167,131,25,11,42,28,8,6,237,162,134,14,14,75,37,12,26
S01009124,407,306,259,36,11,101,64,8,29,186,144,119,19,6,42,27,4,11,221,162,140,17,5,59,37,4,18
S01009125,608,328,279,20,29,280,209,7,64,283,174,139,15,20,109,84,2,23,325,154,140,5,9,171,125,5,41
S01009126,461,290,210,18,62,171,67,21,83,223,154,101,12,41,69,25,7,37,238,136,109,6,21,102,42,14,46
S01009127,463,305,232,17,56,158,43,25,90,211,155,104,14,37,56,15,8,33,252,150,128,3,19,102,28,17,57
S01009128,687,373,288,24,61,314,186,11,117,322,201,146,20,35,121,65,7,49,365,172,142,4,26,193,121,4,68
S01009129,386,246,204,7,35,140,65,11,64,177,118,98,4,16,59,22,7,30,209,128,106,3,19,81,43,4,34
S01009130,504,357,291,28,38,147,62,19,66,253,195,144,22,29,58,23,10,25,251,162,147,6,9,89,39,9,41
S01009131,413,264,221,16,27,149,100,6,43,200,139,110,12,17,61,39,2,20,213,125,111,4,10,88,61,4,23
S01009132,633,493,435,32,26,140,70,19,51,314,268,227,25,16,46,32,6,8,319,225,208,7,10,94,38,13,43
S01009133,480,306,255,22,29,174,86,10,78,260,177,136,20,21,83,38,4,41,220,129,119,2,8,91,48,6,37
S01009134,764,506,438,38,30,258,182,25,51,364,262,218,27,17,102,77,10,15,400,244,220,11,13,156,105,15,36
S01009135,447,373,319,28,26,74,34,8,32,225,193,161,17,15,32,15,3,14,222,180,158,11,11,42,19,5,18
S01009136,620,416,348,42,26,204,158,21,25,278,209,169,25,15,69,57,5,7,342,207,179,17,11,135,101,16,18
S01009137,437,395,340,46,9,42,15,12,15,208,196,162,33,1,12,6,5,1,229,199,178,13,8,30,9,7,14
S01009138,712,516,428,60,28,196,124,24,48,359,275,214,43,18,84,55,11,18,353,241,214,17,10,112,69,13,30
S01009139,350,254,197,17,40,96,36,9,51,177,137,100,11,26,40,12,3,25,173,117,97,6,14,56,24,6,26
S01009140,616,398,340,26,32,218,117,17,84,307,222,183,17,22,85,42,12,31,309,176,157,9,10,133,75,5,53
S01009141,719,434,351,33,50,285,162,15,108,349,232,174,25,33,117,54,7,56,370,202,177,8,17,168,108,8,52
S01009142,548,340,274,22,44,208,133,9,66,303,214,168,16,30,89,54,3,32,245,126,106,6,14,119,79,6,34
S01009143,501,275,224,20,31,226,139,11,76,234,145,104,17,24,89,55,4,30,267,130,120,3,7,137,84,7,46
S01009144,542,470,415,36,19,72,29,19,24,285,251,209,28,14,34,12,14,8,257,219,206,8,5,38,17,5,16
S01009145,883,494,427,32,35,389,276,23,90,448,270,223,25,22,178,115,19,44,435,224,204,7,13,211,161,4,46
S01009146,758,507,414,34,59,251,144,26,81,359,269,206,26,37,90,52,17,21,399,238,208,8,22,161,92,9,60
S01009147,648,379,310,22,47,269,147,16,106,302,199,154,17,28,103,63,7,33,346,180,156,5,19,166,84,9,73
S01009148,549,347,300,13,34,202,108,25,69,251,176,148,10,18,75,46,7,22,298,171,152,3,16,127,62,18,47
S01009149,682,439,365,49,25,243,168,22,53,337,234,185,31,18,103,74,6,23,345,205,180,18,7,140,94,16,30
S01009150,745,102,82,13,7,643,584,0,59,317,59,41,11,7,258,234,0,24,428,43,41,2,0,385,350,0,35
S01009151,766,372,302,42,28,394,326,21,47,352,197,151,30,16,155,124,13,18,414,175,151,12,12,239,202,8,29
S01009152,625,325,270,26,29,300,242,8,50,322,198,157,23,18,124,98,4,22,303,127,113,3,11,176,144,4,28
S01009153,420,298,232,46,20,122,84,8,30,229,182,139,29,14,47,31,4,12,191,116,93,17,6,75,53,4,18
S01009154,852,480,384,77,19,372,297,21,54,388,261,193,60,8,127,105,9,13,464,219,191,17,11,245,192,12,41
S01009155,450,278,234,26,18,172,116,12,44,222,147,119,16,12,75,53,8,14,228,131,115,10,6,97,63,4,30
S01009156,461,276,226,34,16,185,150,18,17,231,148,114,25,9,83,70,10,3,230,128,112,9,7,102,80,8,14
S01009157,684,431,366,36,29,253,180,19,54,320,215,178,22,15,105,71,11,23,364,216,188,14,14,148,109,8,31
S01009158,465,287,249,16,22,178,131,9,38,206,138,119,8,11,68,47,7,14,259,149,130,8,11,110,84,2,24
S01009159,399,230,179,16,35,169,79,14,76,192,116,79,14,23,76,35,7,34,207,114,100,2,12,93,44,7,42
S01009160,583,344,279,24,41,239,167,8,64,294,181,139,16,26,113,81,4,28,289,163,140,8,15,126,86,4,36
S01009161,543,306,235,13,58,237,150,9,78,256,150,107,7,36,106,69,6,31,287,156,128,6,22,131,81,3,47
S01009162,643,376,321,15,40,267,158,12,97,326,203,167,9,27,123,69,9,45,317,173,154,6,13,144,89,3,52
S01009163,440,258,208,18,32,182,139,7,36,203,128,94,10,24,75,60,2,13,237,130,114,8,8,107,79,5,23
S01009164,598,392,327,19,46,206,128,13,65,300,212,171,13,28,88,59,6,23,298,180,156,6,18,118,69,7,42
S01009165,591,364,285,15,64,227,106,25,96,285,190,141,10,39,95,47,12,36,306,174,144,5,25,132,59,13,60
S01009166,673,406,325,16,65,267,128,18,121,318,210,152,15,43,108,53,8,47,355,196,173,1,22,159,75,10,74
S01009167,410,273,217,22,34,137,67,10,60,202,153,113,15,25,49,28,3,18,208,120,104,7,9,88,39,7,42
S01009168,562,333,291,28,14,229,189,14,26,287,187,158,19,10,100,83,12,5,275,146,133,9,4,129,106,2,21
S01009169,689,278,234,22,22,411,321,16,74,316,138,108,18,12,178,141,8,29,373,140,126,4,10,233,180,8,45
S01009170,529,362,289,34,39,167,92,13,62,254,188,141,22,25,66,37,6,23,275,174,148,12,14,101,55,7,39
S01009171,529,387,306,29,52,142,72,14,56,264,208,155,24,29,56,27,8,21,265,179,151,5,23,86,45,6,35
S01009172,556,364,293,55,16,192,138,27,27,275,197,155,32,10,78,55,16,7,281,167,138,23,6,114,83,11,20
S01009173,626,438,386,44,8,188,141,22,25,296,226,191,30,5,70,60,8,2,330,212,195,14,3,118,81,14,23
S01009174,346,305,252,39,14,41,15,11,15,178,160,128,25,7,18,7,7,4,168,145,124,14,7,23,8,4,11
S01009175,637,531,469,46,16,106,57,21,28,313,270,232,29,9,43,25,10,8,324,261,237,17,7,63,32,11,20
S01009176,801,499,410,70,19,302,250,17,35,388,264,195,54,15,124,104,6,14,413,235,215,16,4,178,146,11,21
S01009177,648,449,343,44,62,199,84,18,97,292,222,153,32,37,70,32,7,31,356,227,190,12,25,129,52,11,66
S01009178,568,390,305,26,59,178,73,18,87,263,200,138,23,39,63,30,6,27,305,190,167,3,20,115,43,12,60
S01009179,539,374,306,20,48,165,82,22,61,260,190,142,17,31,70,35,12,23,279,184,164,3,17,95,47,10,38
S01009180,805,512,430,39,43,293,173,22,98,385,273,219,29,25,112,70,13,29,420,239,211,10,18,181,103,9,69
S01009181,691,452,360,49,43,239,167,20,52,325,234,176,31,27,91,68,7,16,366,218,184,18,16,148,99,13,36
S01009182,808,581,472,66,43,227,156,18,53,399,308,235,48,25,91,65,12,14,409,273,237,18,18,136,91,6,39
S01009183,598,480,424,35,21,118,74,21,23,305,255,214,24,17,50,32,13,5,293,225,210,11,4,68,42,8,18
S01009184,693,420,286,74,60,273,152,15,106,329,218,134,52,32,111,58,6,47,364,202,152,22,28,162,94,9,59
S01009185,696,447,336,64,47,249,125,22,102,333,241,166,44,31,92,52,8,32,363,206,170,20,16,157,73,14,70
S01009186,656,434,338,51,45,222,137,24,61,330,241,173,40,28,89,60,11,18,326,193,165,11,17,133,77,13,43
S01009187,418,264,191,62,11,154,102,13,39,206,137,95,37,5,69,52,4,13,212,127,96,25,6,85,50,9,26
S01009188,713,469,363,71,35,244,146,19,79,328,238,165,52,21,90,59,6,25,385,231,198,19,14,154,87,13,54
S01009189,610,381,304,27,50,229,121,15,93,298,212,162,17,33,86,45,8,33,312,169,142,10,17,143,76,7,60
S01009190,639,492,406,72,14,147,88,18,41,326,265,207,49,9,61,39,10,12,313,227,199,23,5,86,49,8,29
S01009191,499,428,372,43,13,71,18,22,31,239,218,182,30,6,21,10,9,2,260,210,190,13,7,50,8,13,29
S01009192,994,392,316,42,34,602,125,24,453,727,215,160,33,22,512,61,14,437,267,177,156,9,12,90,64,10,16
S01009193,240,208,189,11,8,32,13,7,12,118,104,94,5,5,14,6,5,3,122,104,95,6,3,18,7,2,9
S01009194,673,440,372,53,15,233,183,20,30,332,233,186,38,9,99,83,11,5,341,207,186,15,6,134,100,9,25
S01009195,679,514,450,48,16,165,119,18,28,331,262,224,32,6,69,50,7,12,348,252,226,16,10,96,69,11,16
S01009196,584,361,288,43,30,223,155,29,39,284,190,142,26,22,94,65,19,10,300,171,146,17,8,129,90,10,29
S01009197,794,575,489,58,28,219,136,21,62,378,295,241,38,16,83,57,10,16,416,280,248,20,12,136,79,11,46
S01009198,612,411,340,49,22,201,154,19,28,305,217,169,37,11,88,69,10,9,307,194,171,12,11,113,85,9,19
S01009199,486,345,292,37,16,141,87,14,40,226,176,139,26,11,50,32,7,11,260,169,153,11,5,91,55,7,29
S01009200,892,579,508,44,27,313,227,24,62,437,299,257,30,12,138,108,9,21,455,280,251,14,15,175,119,15,41
S01009201,513,366,292,32,42,147,67,25,55,244,185,140,20,25,59,30,8,21,269,181,152,12,17,88,37,17,34
S01009202,402,299,251,34,14,103,69,15,19,197,159,125,23,11,38,28,8,2,205,140,126,11,3,65,41,7,17
S01009203,485,256,197,28,31,229,132,10,87,228,139,98,19,22,89,57,1,31,257,117,99,9,9,140,75,9,56
S01009204,685,484,391,44,49,201,94,29,78,315,242,184,29,29,73,39,13,21,370,242,207,15,20,128,55,16,57
S01009205,610,474,411,42,21,136,79,16,41,312,250,211,26,13,62,35,11,16,298,224,200,16,8,74,44,5,25
S01009206,689,518,460,32,26,171,116,21,34,334,258,218,20,20,76,50,13,13,355,260,242,12,6,95,66,8,21
S01009207,686,410,363,27,20,276,235,9,32,341,215,181,19,15,126,112,5,9,345,195,182,8,5,150,123,4,23
S01009208,540,298,262,21,15,242,190,13,39,240,146,119,15,12,94,78,5,11,300,152,143,6,3,148,112,8,28
S01009209,593,305,260,30,15,288,233,19,36,270,159,127,21,11,111,91,9,11,323,146,133,9,4,177,142,10,25
S01009210,472,315,255,46,14,157,122,6,29,233,168,126,31,11,65,47,2,16,239,147,129,15,3,92,75,4,13
S01009211,502,338,282,30,26,164,96,27,41,245,178,143,21,14,67,45,13,9,257,160,139,9,12,97,51,14,32
S01009212,683,389,329,30,30,294,205,14,75,329,202,164,20,18,127,94,6,27,354,187,165,10,12,167,111,8,48
S01009213,746,451,375,36,40,295,185,21,89,343,229,181,25,23,114,66,12,36,403,222,194,11,17,181,119,9,53
S01009214,825,553,478,42,33,272,205,21,46,382,281,235,26,20,101,74,11,16,443,272,243,16,13,171,131,10,30
S01009215,761,477,393,39,45,284,187,20,77,378,258,196,28,34,120,78,13,29,383,219,197,11,11,164,109,7,48
S01009216,755,485,411,38,36,270,180,20,70,345,248,205,27,16,97,67,7,23,410,237,206,11,20,173,113,13,47
S01009217,488,301,228,25,48,187,86,15,86,222,143,98,16,29,79,38,4,37,266,158,130,9,19,108,48,11,49
S01009218,717,405,339,36,30,312,249,23,40,350,211,164,26,21,139,107,13,19,367,194,175,10,9,173,142,10,21
S01009219,548,329,267,21,41,219,151,11,57,264,176,129,18,29,88,59,5,24,284,153,138,3,12,131,92,6,33
S01009220,446,252,206,16,30,194,138,8,48,189,118,92,11,15,71,52,3,16,257,134,114,5,15,123,86,5,32
S01009221,460,288,243,16,29,172,120,9,43,226,151,127,8,16,75,51,7,17,234,137,116,8,13,97,69,2,26
S01009222,414,264,218,18,28,150,80,9,61,187,127,100,12,15,60,29,4,27,227,137,118,6,13,90,51,5,34
S01009223,463,278,244,17,17,185,127,12,46,213,147,123,14,10,66,44,8,14,250,131,121,3,7,119,83,4,32
S01009224,519,324,265,19,40,195,120,15,60,240,164,126,14,24,76,45,10,21,279,160,139,5,16,119,75,5,39
S01009225,458,278,244,15,19,180,132,8,40,217,142,121,11,10,75,60,3,12,241,136,123,4,9,105,72,5,28
S01009226,796,447,381,22,44,349,235,7,107,360,224,182,17,25,136,91,5,40,436,223,199,5,19,213,144,2,67
S01009227,529,280,242,18,20,249,196,8,45,230,140,118,10,12,90,77,4,9,299,140,124,8,8,159,119,4,36
S01009228,499,286,218,21,47,213,143,11,59,241,168,123,14,31,73,52,6,15,258,118,95,7,16,140,91,5,44
S01009229,486,299,246,30,23,187,129,11,47,236,162,125,20,17,74,54,5,15,250,137,121,10,6,113,75,6,32
S01009230,491,365,322,28,15,126,82,6,38,254,196,163,23,10,58,35,4,19,237,169,159,5,5,68,47,2,19
S01009231,810,535,439,55,41,275,196,16,63,385,267,211,37,19,118,84,13,21,425,268,228,18,22,157,112,3,42
S01009232,466,289,218,4,67,177,66,20,91,226,152,112,2,38,74,32,10,32,240,137,106,2,29,103,34,10,59
S01009233,488,267,215,17,35,221,166,8,47,230,144,111,10,23,86,64,5,17,258,123,104,7,12,135,102,3,30
S01009234,781,491,377,19,95,290,104,36,150,380,254,191,12,51,126,42,19,65,401,237,186,7,44,164,62,17,85
S01009235,759,509,399,25,85,250,153,17,80,385,287,222,13,52,98,63,5,30,374,222,177,12,33,152,90,12,50
S01009236,419,230,197,18,15,189,154,9,26,187,114,92,12,10,73,59,5,9,232,116,105,6,5,116,95,4,17
S01009237,750,463,395,46,22,287,238,20,29,363,241,198,33,10,122,104,14,4,387,222,197,13,12,165,134,6,25
S01009238,630,354,301,8,45,276,197,21,58,294,179,147,6,26,115,80,12,23,336,175,154,2,19,161,117,9,35
S01009239,702,475,423,19,33,227,148,20,59,317,242,211,12,19,75,54,5,16,385,233,212,7,14,152,94,15,43
S01009240,541,350,241,14,95,191,97,18,76,267,196,124,8,64,71,34,6,31,274,154,117,6,31,120,63,12,45
S01009241,721,434,332,24,78,287,169,22,96,340,226,163,13,50,114,62,10,42,381,208,169,11,28,173,107,12,54
S01009242,633,407,340,29,38,226,173,12,41,304,211,172,18,21,93,78,4,11,329,196,168,11,17,133,95,8,30
S01009243,770,541,461,42,38,229,117,18,94,373,290,240,26,24,83,52,9,22,397,251,221,16,14,146,65,9,72
S01009244,694,434,378,43,13,260,202,24,34,336,233,193,32,8,103,86,10,7,358,201,185,11,5,157,116,14,27
S01009245,711,467,398,37,32,244,192,19,33,362,251,199,31,21,111,84,10,17,349,216,199,6,11,133,108,9,16
S01009246,687,422,353,32,37,265,191,15,59,326,231,181,23,27,95,72,6,17,361,191,172,9,10,170,119,9,42
S01009247,822,570,495,24,51,252,166,18,68,397,290,242,18,30,107,72,14,21,425,280,253,6,21,145,94,4,47
S01009248,589,355,300,36,19,234,183,14,37,283,171,132,27,12,112,88,11,13,306,184,168,9,7,122,95,3,24
S01009249,655,415,333,46,36,240,140,14,86,330,225,168,35,22,105,65,9,31,325,190,165,11,14,135,75,5,55
S01009250,523,327,278,28,21,196,141,8,47,233,149,119,20,10,84,64,2,18,290,178,159,8,11,112,77,6,29
S01009251,462,294,238,26,30,168,103,17,48,227,154,118,17,19,73,47,8,18,235,140,120,9,11,95,56,9,30
S01009252,359,293,259,24,10,66,38,13,15,170,144,123,17,4,26,19,7,0,189,149,136,7,6,40,19,6,15
S01009253,399,188,154,17,17,211,155,9,47,168,93,70,12,11,75,58,4,13,231,95,84,5,6,136,97,5,34
S01009254,656,373,296,20,57,283,162,12,109,306,187,146,10,31,119,74,5,40,350,186,150,10,26,164,88,7,69
S01009255,549,406,334,26,46,143,91,5,47,305,238,190,18,30,67,44,1,22,244,168,144,8,16,76,47,4,25
S01009256,412,230,201,18,11,182,133,7,42,200,123,104,13,6,77,59,4,14,212,107,97,5,5,105,74,3,28
S01009257,598,371,296,47,28,227,169,8,50,298,211,163,31,17,87,67,5,15,300,160,133,16,11,140,102,3,35
S01009258,540,344,256,69,19,196,148,8,40,271,192,130,48,14,79,62,6,11,269,152,126,21,5,117,86,2,29
S01009259,763,524,443,61,20,239,194,14,31,377,272,223,39,10,105,92,6,7,386,252,220,22,10,134,102,8,24
S01009260,965,690,588,58,44,275,194,20,61,459,358,290,40,28,101,69,8,24,506,332,298,18,16,174,125,12,37
S01009261,626,349,288,29,32,277,174,15,88,295,180,142,25,13,115,76,8,31,331,169,146,4,19,162,98,7,57
S01009262,459,262,218,14,30,197,113,18,66,210,131,106,9,16,79,49,8,22,249,131,112,5,14,118,64,10,44
S01009263,649,534,460,53,21,115,71,9,35,313,265,220,35,10,48,26,7,15,336,269,240,18,11,67,45,2,20
S01009264,465,277,224,40,13,188,147,20,21,225,141,107,26,8,84,71,9,4,240,136,117,14,5,104,76,11,17
S01009265,671,427,353,25,49,244,177,27,40,307,206,165,10,31,101,78,10,13,364,221,188,15,18,143,99,17,27
S01009266,710,405,331,33,41,305,220,21,64,355,223,170,23,30,132,105,6,21,355,182,161,10,11,173,115,15,43
S01009267,715,426,353,37,36,289,207,20,62,345,228,175,24,29,117,86,12,19,370,198,178,13,7,172,121,8,43
S01009268,774,505,418,46,41,269,157,28,84,377,265,208,30,27,112,73,9,30,397,240,210,16,14,157,84,19,54
S01009269,671,433,337,18,78,238,128,23,87,328,230,168,10,52,98,55,12,31,343,203,169,8,26,140,73,11,56
S01009270,501,280,213,28,39,221,143,20,58,236,147,104,22,21,89,54,10,25,265,133,109,6,18,132,89,10,33
S01009271,744,532,443,50,39,212,148,26,38,371,283,230,32,21,88,67,13,8,373,249,213,18,18,124,81,13,30
S01009272,552,375,293,25,57,177,90,22,65,265,195,143,20,32,70,40,11,19,287,180,150,5,25,107,50,11,46
S01009273,416,252,202,31,19,164,130,16,18,209,141,108,18,15,68,54,10,4,207,111,94,13,4,96,76,6,14
S01009274,514,303,246,31,26,211,154,29,28,252,158,127,18,13,94,66,16,12,262,145,119,13,13,117,88,13,16
S01009275,563,326,239,68,19,237,142,17,78,282,187,131,47,9,95,58,6,31,281,139,108,21,10,142,84,11,47
S01009276,756,443,362,54,27,313,224,19,70,371,232,180,36,16,139,102,10,27,385,211,182,18,11,174,122,9,43
S01009277,445,300,215,76,9,145,105,14,26,232,163,104,51,8,69,48,9,12,213,137,111,25,1,76,57,5,14
S01009278,437,314,274,29,11,123,91,8,24,208,161,137,18,6,47,40,4,3,229,153,137,11,5,76,51,4,21
S01009279,500,313,241,55,17,187,117,18,52,248,168,119,39,10,80,52,7,21,252,145,122,16,7,107,65,11,31
S01009280,698,360,278,13,69,338,172,13,153,340,195,145,9,41,145,77,8,60,358,165,133,4,28,193,95,5,93
S01009281,668,338,272,16,50,330,180,21,129,312,174,133,12,29,138,80,7,51,356,164,139,4,21,192,100,14,78
S01009282,625,378,291,64,23,247,148,21,78,293,201,138,49,14,92,57,12,23,332,177,153,15,9,155,91,9,55
S01009283,356,281,227,35,19,75,44,13,18,184,145,108,24,13,39,20,9,10,172,136,119,11,6,36,24,4,8
S01009284,650,474,408,49,17,176,112,31,33,317,235,189,35,11,82,51,17,14,333,239,219,14,6,94,61,14,19
S01009285,705,512,434,46,32,193,125,32,36,333,257,215,24,18,76,52,15,9,372,255,219,22,14,117,73,17,27
S01009286,653,411,345,45,21,242,194,18,30,326,215,173,30,12,111,92,9,10,327,196,172,15,9,131,102,9,20
S01009287,627,340,256,70,14,287,239,19,29,304,186,132,42,12,118,101,9,8,323,154,124,28,2,169,138,10,21
S01009288,700,381,289,70,22,319,252,20,47,325,202,151,39,12,123,100,7,16,375,179,138,31,10,196,152,13,31
S01009289,762,450,364,65,21,312,251,22,39,372,249,187,51,11,123,101,8,14,390,201,177,14,10,189,150,14,25
S01009290,538,295,244,40,11,243,213,15,15,253,157,120,31,6,96,86,9,1,285,138,124,9,5,147,127,6,14
S01009291,810,548,463,61,24,262,194,27,41,401,291,234,39,18,110,88,12,10,409,257,229,22,6,152,106,15,31
S01009292,425,271,223,15,33,154,85,16,53,203,141,107,11,23,62,29,9,24,222,130,116,4,10,92,56,7,29
S01009293,574,403,345,46,12,171,118,21,32,279,206,175,27,4,73,50,9,14,295,197,170,19,8,98,68,12,18
S01009294,401,273,220,38,15,128,85,18,25,193,134,100,27,7,59,40,10,9,208,139,120,11,8,69,45,8,16
S01009295,530,374,322,37,15,156,113,17,26,255,189,156,25,8,66,47,10,9,275,185,166,12,7,90,66,7,17
S01009296,426,319,266,39,14,107,63,19,25,214,170,135,27,8,44,28,10,6,212,149,131,12,6,63,35,9,19
S01009297,675,508,436,53,19,167,108,22,37,335,263,213,37,13,72,51,11,10,340,245,223,16,6,95,57,11,27
S01009298,845,496,402,41,53,349,246,16,87,388,240,185,31,24,148,97,11,40,457,256,217,10,29,201,149,5,47
S01009299,811,549,445,67,37,262,174,27,61,395,285,220,41,24,110,62,19,29,416,264,225,26,13,152,112,8,32
S01009300,444,310,255,26,29,134,74,15,45,223,158,119,19,20,65,34,9,22,221,152,136,7,9,69,40,6,23
S01009301,834,525,383,45,97,309,178,21,110,397,283,187,31,65,114,59,10,45,437,242,196,14,32,195,119,11,65
S01009302,690,451,354,16,81,239,97,26,116,310,215,167,7,41,95,40,11,44,380,236,187,9,40,144,57,15,72
S01009303,666,391,332,31,28,275,205,14,56,321,207,170,19,18,114,92,4,18,345,184,162,12,10,161,113,10,38
S01009304,770,507,424,48,35,263,194,19,50,371,263,211,30,22,108,81,11,16,399,244,213,18,13,155,113,8,34
S01009305,652,415,348,20,47,237,180,12,45,308,211,165,15,31,97,76,3,18,344,204,183,5,16,140,104,9,27
S01009306,897,639,520,51,68,258,131,34,93,424,318,248,34,36,106,49,20,37,473,321,272,17,32,152,82,14,56
S01009307,900,613,487,62,64,287,164,30,93,457,336,261,31,44,121,64,18,39,443,277,226,31,20,166,100,12,54
S01009308,436,309,244,39,26,127,81,15,31,225,177,123,29,25,48,30,8,10,211,132,121,10,1,79,51,7,21
S01009309,625,469,385,54,30,156,102,20,34,307,252,195,37,20,55,33,7,15,318,217,190,17,10,101,69,13,19
S01009310,804,493,405,61,27,311,234,31,46,380,256,211,31,14,124,98,13,13,424,237,194,30,13,187,136,18,33
S01009311,570,339,273,21,45,231,113,23,95,269,182,141,15,26,87,44,11,32,301,157,132,6,19,144,69,12,63
S01009312,578,430,369,28,33,148,91,14,43,274,219,181,20,18,55,33,4,18,304,211,188,8,15,93,58,10,25
S01009313,460,267,221,27,19,193,108,13,72,214,132,108,15,9,82,44,5,33,246,135,113,12,10,111,64,8,39
S01009314,541,354,302,31,21,187,139,15,33,270,179,144,23,12,91,63,9,19,271,175,158,8,9,96,76,6,14
S01009315,542,317,260,29,28,225,133,22,70,252,164,126,20,18,88,51,9,28,290,153,134,9,10,137,82,13,42
S01009316,621,428,354,51,23,193,138,28,27,310,226,179,34,13,84,59,14,11,311,202,175,17,10,109,79,14,16
S01009317,710,465,396,46,23,245,197,28,20,348,242,193,35,14,106,87,17,2,362,223,203,11,9,139,110,11,18
S01009318,500,356,309,33,14,144,110,14,20,232,172,142,21,9,60,48,5,7,268,184,167,12,5,84,62,9,13
S01009319,776,407,354,37,16,369,329,14,26,379,221,179,29,13,158,144,6,8,397,186,175,8,3,211,185,8,18
S01009320,599,329,289,29,11,270,211,13,46,251,167,141,18,8,84,64,5,15,348,162,148,11,3,186,147,8,31
S01009321,566,327,296,21,10,239,209,6,24,266,173,151,17,5,93,84,4,5,300,154,145,4,5,146,125,2,19
S01009322,673,403,348,37,18,270,205,19,46,323,215,170,30,15,108,85,7,16,350,188,178,7,3,162,120,12,30
S01009323,557,319,261,36,22,238,187,11,40,266,168,128,28,12,98,78,5,15,291,151,133,8,10,140,109,6,25
S01009324,448,296,246,26,24,152,103,12,37,215,147,116,17,14,68,42,8,18,233,149,130,9,10,84,61,4,19
S01009325,618,438,378,42,18,180,130,15,35,279,221,182,27,12,58,46,6,6,339,217,196,15,6,122,84,9,29
S01009326,448,333,292,18,23,115,49,19,47,215,160,139,10,11,55,22,12,21,233,173,153,8,12,60,27,7,26
S01009327,486,259,219,21,19,227,188,15,24,221,135,108,16,11,86,77,7,2,265,124,111,5,8,141,111,8,22
S01009328,478,434,395,27,12,44,10,15,19,249,232,205,19,8,17,5,9,3,229,202,190,8,4,27,5,6,16
S01009329,337,296,268,16,12,41,15,5,21,159,150,133,11,6,9,3,2,4,178,146,135,5,6,32,12,3,17
S01009330,353,270,231,21,18,83,19,11,53,162,135,114,9,12,27,8,5,14,191,135,117,12,6,56,11,6,39
S01009331,399,335,290,34,11,64,20,27,17,191,170,140,25,5,21,8,13,0,208,165,150,9,6,43,12,14,17
S01009332,750,475,411,42,22,275,183,24,68,368,247,205,26,16,121,78,12,31,382,228,206,16,6,154,105,12,37
S01009333,589,398,332,31,35,191,129,16,46,297,226,173,22,31,71,46,7,18,292,172,159,9,4,120,83,9,28
S01009334,511,301,222,17,62,210,116,24,70,245,161,113,7,41,84,42,14,28,266,140,109,10,21,126,74,10,42
S01009335,634,394,326,23,45,240,137,28,75,305,200,154,16,30,105,57,14,34,329,194,172,7,15,135,80,14,41
S01009336,518,313,216,19,78,205,94,17,94,247,171,112,13,46,76,33,7,36,271,142,104,6,32,129,61,10,58
S01009337,564,339,274,18,47,225,101,27,97,265,168,127,13,28,97,51,12,34,299,171,147,5,19,128,50,15,63
S01009338,626,348,257,15,76,278,155,18,105,299,178,121,9,48,121,64,9,48,327,170,136,6,28,157,91,9,57
S01009339,638,403,293,26,84,235,105,24,106,319,220,155,15,50,99,52,11,36,319,183,138,11,34,136,53,13,70
S01009340,483,296,250,16,30,187,113,18,56,219,144,115,8,21,75,48,7,20,264,152,135,8,9,112,65,11,36
S01009341,495,307,234,25,48,188,120,16,52,245,168,121,21,26,77,55,7,15,250,139,113,4,22,111,65,9,37
S01009342,609,396,327,24,45,213,127,26,60,291,200,164,16,20,91,57,14,20,318,196,163,8,25,122,70,12,40
S01009343,453,322,283,15,24,131,89,14,28,207,151,128,11,12,56,38,8,10,246,171,155,4,12,75,51,6,18
S01009344,530,317,261,15,41,213,142,7,64,241,158,121,11,26,83,55,4,24,289,159,140,4,15,130,87,3,40
S01009345,742,521,449,28,44,221,132,28,61,366,277,222,21,34,89,58,13,18,376,244,227,7,10,132,74,15,43
S01009346,479,421,349,53,19,58,25,12,21,243,226,181,34,11,17,10,6,1,236,195,168,19,8,41,15,6,20
S01009347,462,383,324,46,13,79,36,22,21,235,208,173,29,6,27,16,10,1,227,175,151,17,7,52,20,12,20
S01009348,351,305,272,22,11,46,13,18,15,172,159,141,14,4,13,5,5,3,179,146,131,8,7,33,8,13,12
S01009349,564,481,412,49,20,83,27,19,37,291,259,214,31,14,32,10,11,11,273,222,198,18,6,51,17,8,26
S01009350,446,374,320,29,25,72,28,15,29,218,195,165,16,14,23,10,7,6,228,179,155,13,11,49,18,8,23
S01009351,391,345,308,25,12,46,19,8,19,202,182,164,12,6,20,8,7,5,189,163,144,13,6,26,11,1,14
S01009352,563,491,444,31,16,72,19,22,31,282,256,230,17,9,26,7,15,4,281,235,214,14,7,46,12,7,27
S01009353,295,247,211,25,11,48,24,8,16,149,132,112,17,3,17,11,4,2,146,115,99,8,8,31,13,4,14
S01009354,635,536,457,58,21,99,34,31,34,316,285,231,41,13,31,15,12,4,319,251,226,17,8,68,19,19,30
S01009355,734,479,426,38,15,255,199,18,38,367,257,224,26,7,110,90,9,11,367,222,202,12,8,145,109,9,27
S01009356,828,531,465,43,23,297,238,24,35,405,280,241,27,12,125,100,13,12,423,251,224,16,11,172,138,11,23
S01009357,363,295,252,33,10,68,44,9,15,183,155,129,20,6,28,20,4,4,180,140,123,13,4,40,24,5,11
S01009358,556,394,325,53,16,162,110,22,30,278,216,169,36,11,62,47,11,4,278,178,156,17,5,100,63,11,26
S01009359,577,462,391,46,25,115,56,28,31,288,252,203,35,14,36,21,9,6,289,210,188,11,11,79,35,19,25
S01009360,704,460,395,46,19,244,182,24,38,333,233,192,32,9,100,76,14,10,371,227,203,14,10,144,106,10,28
S01009361,651,420,364,32,24,231,172,15,44,316,228,189,21,18,88,65,6,17,335,192,175,11,6,143,107,9,27
S01009362,868,573,506,37,30,295,224,23,48,431,311,264,28,19,120,96,15,9,437,262,242,9,11,175,128,8,39
S01009363,686,445,378,21,46,241,170,15,56,332,229,185,15,29,103,69,8,26,354,216,193,6,17,138,101,7,30
S01009364,694,528,451,37,40,166,101,22,43,349,281,230,22,29,68,42,9,17,345,247,221,15,11,98,59,13,26
S01009365,479,311,268,19,24,168,122,13,33,226,159,130,10,19,67,51,6,10,253,152,138,9,5,101,71,7,23
S01009366,628,369,302,33,34,259,175,18,66,301,192,153,18,21,109,69,12,28,327,177,149,15,13,150,106,6,38
S01009367,513,330,284,22,24,183,124,21,38,250,166,134,16,16,84,62,11,11,263,164,150,6,8,99,62,10,27
S01009368,445,319,259,21,39,126,67,13,46,222,174,140,12,22,48,30,4,14,223,145,119,9,17,78,37,9,32
S01009369,485,324,276,24,24,161,106,22,33,231,168,138,15,15,63,42,11,10,254,156,138,9,9,98,64,11,23
S01009370,737,452,390,25,37,285,203,17,65,358,241,195,19,27,117,83,8,26,379,211,195,6,10,168,120,9,39
S01009371,438,277,253,10,14,161,99,17,45,202,135,117,8,10,67,43,11,13,236,142,136,2,4,94,56,6,32
S01009372,428,294,239,28,27,134,78,16,40,204,147,112,18,17,57,37,7,13,224,147,127,10,10,77,41,9,27
S01009373,645,413,340,20,53,232,119,16,97,314,228,179,13,36,86,50,6,30,331,185,161,7,17,146,69,10,67
S01009374,745,440,364,30,46,305,220,13,72,355,237,185,18,34,118,82,7,29,390,203,179,12,12,187,138,6,43
S01009375,631,404,335,21,48,227,126,24,77,310,219,173,15,31,91,56,13,22,321,185,162,6,17,136,70,11,55
S01009376,479,287,249,15,23,192,119,17,56,234,156,130,9,17,78,51,4,23,245,131,119,6,6,114,68,13,33
S01009377,1016,868,781,43,44,148,55,32,61,593,555,504,29,22,38,12,10,16,423,313,277,14,22,110,43,22,45
S01009378,741,555,459,45,51,186,76,42,68,351,282,226,31,25,69,27,24,18,390,273,233,14,26,117,49,18,50
S01009379,688,546,466,43,37,142,39,39,64,320,276,225,34,17,44,15,14,15,368,270,241,9,20,98,24,25,49
S01009380,471,340,297,18,25,131,26,25,80,238,181,157,11,13,57,11,13,33,233,159,140,7,12,74,15,12,47
S01009381,539,409,339,43,27,130,80,19,31,265,210,170,26,14,55,31,11,13,274,199,169,17,13,75,49,8,18
S01009382,678,407,335,32,40,271,185,26,60,326,221,172,25,24,105,72,12,21,352,186,163,7,16,166,113,14,39
S01009383,686,467,373,41,53,219,132,18,69,360,255,189,28,38,105,65,9,31,326,212,184,13,15,114,67,9,38
S01009384,466,305,223,66,16,161,126,13,22,232,172,116,42,14,60,49,8,3,234,133,107,24,2,101,77,5,19
S01009385,413,275,218,40,17,138,97,16,25,195,137,100,26,11,58,39,10,9,218,138,118,14,6,80,58,6,16
S01009386,535,328,276,22,30,207,142,19,46,247,152,127,14,11,95,71,9,15,288,176,149,8,19,112,71,10,31
S01009387,481,293,230,24,39,188,117,21,50,220,148,114,15,19,72,48,12,12,261,145,116,9,20,116,69,9,38
S01009388,683,436,319,30,87,247,88,41,118,339,228,161,22,45,111,36,20,55,344,208,158,8,42,136,52,21,63
S01009389,807,489,395,56,38,318,240,21,57,406,269,199,45,25,137,104,10,23,401,220,196,11,13,181,136,11,34
S01009390,558,451,394,35,22,107,49,29,29,279,240,204,23,13,39,21,15,3,279,211,190,12,9,68,28,14,26
S01009391,513,425,369,41,15,88,35,23,30,251,215,183,21,11,36,18,9,9,262,210,186,20,4,52,17,14,21
S01009392,379,308,265,38,5,71,28,10,33,189,169,140,26,3,20,11,5,4,190,139,125,12,2,51,17,5,29
S01009393,562,398,321,56,21,164,112,18,34,276,212,161,36,15,64,48,7,9,286,186,160,20,6,100,64,11,25
S01009394,792,497,426,47,24,295,242,26,27,391,268,223,32,13,123,106,12,5,401,229,203,15,11,172,136,14,22
S01009395,581,301,251,40,10,280,249,12,19,261,149,117,24,8,112,103,7,2,320,152,134,16,2,168,146,5,17
S01009396,613,346,265,65,16,267,205,23,39,309,197,146,45,6,112,92,13,7,304,149,119,20,10,155,113,10,32
S01009397,597,384,315,39,30,213,167,19,27,290,196,148,26,22,94,76,10,8,307,188,167,13,8,119,91,9,19
S01009398,561,399,335,37,27,162,98,22,42,273,208,170,23,15,65,38,12,15,288,191,165,14,12,97,60,10,27
S01009399,596,392,329,48,15,204,163,17,24,287,209,172,29,8,78,66,7,5,309,183,157,19,7,126,97,10,19
S01009400,427,277,231,22,24,150,116,9,25,201,146,120,13,13,55,42,5,8,226,131,111,9,11,95,74,4,17
S01009401,577,308,255,30,23,269,218,20,31,284,173,140,20,13,111,100,9,2,293,135,115,10,10,158,118,11,29
S01009402,781,455,354,67,34,326,258,33,35,382,247,184,42,21,135,107,17,11,399,208,170,25,13,191,151,16,24
S01009403,419,304,269,22,13,115,79,16,20,204,160,137,16,7,44,32,8,4,215,144,132,6,6,71,47,8,16
S01009404,445,271,205,29,37,174,75,21,78,213,143,96,20,27,70,31,13,26,232,128,109,9,10,104,44,8,52
S01009405,331,227,167,41,19,104,78,7,19,172,126,87,26,13,46,37,4,5,159,101,80,15,6,58,41,3,14
S01009406,822,488,408,41,39,334,243,20,71,374,247,189,31,27,127,92,10,25,448,241,219,10,12,207,151,10,46
S01009407,427,266,211,31,24,161,110,13,38,209,147,108,24,15,62,45,5,12,218,119,103,7,9,99,65,8,26
S01009408,599,441,378,46,17,158,102,21,35,295,239,196,32,11,56,43,7,6,304,202,182,14,6,102,59,14,29
S01009409,557,325,267,23,35,232,171,20,41,266,160,126,17,17,106,84,5,17,291,165,141,6,18,126,87,15,24
S01009410,698,464,372,37,55,234,102,26,106,343,242,177,24,41,101,45,15,41,355,222,195,13,14,133,57,11,65
S01009411,693,433,349,32,52,260,145,20,95,323,217,164,24,29,106,66,6,34,370,216,185,8,23,154,79,14,61
S01009412,712,441,375,21,45,271,176,14,81,348,242,196,16,30,106,70,6,30,364,199,179,5,15,165,106,8,51
S01009413,848,548,444,46,58,300,196,25,79,425,299,221,35,43,126,86,15,25,423,249,223,11,15,174,110,10,54
S01009414,559,325,273,26,26,234,158,24,52,261,160,124,18,18,101,70,11,20,298,165,149,8,8,133,88,13,32
S01009415,686,398,294,42,62,288,167,17,104,325,211,142,31,38,114,70,6,38,361,187,152,11,24,174,97,11,66
S01009416,440,308,267,31,10,132,91,21,20,219,164,136,21,7,55,40,12,3,221,144,131,10,3,77,51,9,17
S01009417,229,188,147,33,8,41,23,4,14,114,99,69,24,6,15,9,2,4,115,89,78,9,2,26,14,2,10
S01009418,935,557,467,42,48,378,234,25,119,464,307,242,33,32,157,99,8,50,471,250,225,9,16,221,135,17,69
S01009419,458,277,226,15,36,181,98,19,64,212,147,114,12,21,65,39,5,21,246,130,112,3,15,116,59,14,43
S01009420,477,273,216,14,43,204,64,35,105,219,143,108,7,28,76,21,18,37,258,130,108,7,15,128,43,17,68
S01009421,553,333,259,18,56,220,112,22,86,262,182,133,12,37,80,49,5,26,291,151,126,6,19,140,63,17,60
S01009422,675,407,345,23,39,268,188,21,59,314,209,170,17,22,105,73,7,25,361,198,175,6,17,163,115,14,34
S01009423,703,576,493,52,31,127,59,30,38,342,300,251,31,18,42,20,9,13,361,276,242,21,13,85,39,21,25
S01009424,511,295,252,28,15,216,157,10,49,251,153,125,18,10,98,71,7,20,260,142,127,10,5,118,86,3,29
S01009425,649,373,303,29,41,276,202,19,55,329,210,160,19,31,119,88,10,21,320,163,143,10,10,157,114,9,34
S01009426,655,358,291,22,45,297,178,18,101,294,184,142,16,26,110,70,6,34,361,174,149,6,19,187,108,12,67
S01009427,504,272,211,19,42,232,151,8,73,230,141,98,15,28,89,57,3,29,274,131,113,4,14,143,94,5,44
S01009428,522,270,209,24,37,252,122,22,108,246,140,97,17,26,106,54,9,43,276,130,112,7,11,146,68,13,65
S01009429,590,310,267,8,35,280,167,18,95,288,169,135,7,27,119,71,9,39,302,141,132,1,8,161,96,9,56
S01009430,604,347,274,25,48,257,138,23,96,269,172,119,21,32,97,52,8,37,335,175,155,4,16,160,86,15,59
S01009431,553,311,250,28,33,242,143,17,82,257,149,115,16,18,108,62,9,37,296,162,135,12,15,134,81,8,45
S01009432,626,368,291,16,61,258,110,36,112,283,178,137,10,31,105,44,13,48,343,190,154,6,30,153,66,23,64
S01009433,632,361,275,18,68,271,118,36,117,291,194,140,14,40,97,41,16,40,341,167,135,4,28,174,77,20,77
S01009434,444,243,190,18,35,201,121,13,67,223,133,94,14,25,90,55,6,29,221,110,96,4,10,111,66,7,38
S01009435,585,341,235,26,80,244,108,20,116,284,185,116,17,52,99,47,9,43,301,156,119,9,28,145,61,11,73
S01009436,542,343,282,21,40,199,105,19,75,267,184,142,15,27,83,49,6,28,275,159,140,6,13,116,56,13,47
S01009437,568,341,272,35,34,227,154,21,52,273,180,131,24,25,93,55,10,28,295,161,141,11,9,134,99,11,24
S01009438,721,386,303,36,47,335,196,32,107,329,192,142,24,26,137,76,17,44,392,194,161,12,21,198,120,15,63
S01009439,734,418,336,21,61,316,168,34,114,345,235,179,16,40,110,58,12,40,389,183,157,5,21,206,110,22,74
S01009440,566,299,233,22,44,267,192,5,70,252,147,105,18,24,105,67,3,35,314,152,128,4,20,162,125,2,35
S01009441,634,399,320,23,56,235,118,26,91,281,196,141,19,36,85,51,11,23,353,203,179,4,20,150,67,15,68
S01009442,433,309,233,59,17,124,56,19,49,214,166,115,39,12,48,23,9,16,219,143,118,20,5,76,33,10,33
S01009443,568,354,285,49,20,214,124,14,76,271,180,129,41,10,91,48,7,36,297,174,156,8,10,123,76,7,40
S01009444,672,477,415,40,22,195,118,24,53,337,260,213,31,16,77,50,11,16,335,217,202,9,6,118,68,13,37
S01009445,642,396,326,28,42,246,148,17,81,308,209,164,17,28,99,66,8,25,334,187,162,11,14,147,82,9,56
S01009446,751,394,305,22,67,357,200,27,130,358,208,148,15,45,150,80,13,57,393,186,157,7,22,207,120,14,73
S01009447,421,261,206,21,34,160,94,15,51,199,134,97,14,23,65,38,8,19,222,127,109,7,11,95,56,7,32
S01009448,668,454,392,34,28,214,123,14,77,316,231,188,29,14,85,45,4,36,352,223,204,5,14,129,78,10,41
S01009449,426,231,198,21,12,195,109,15,71,191,120,99,15,6,71,39,2,30,235,111,99,6,6,124,70,13,41
S01009450,479,283,221,16,46,196,96,10,90,220,138,100,12,26,82,41,5,36,259,145,121,4,20,114,55,5,54
S01009451,775,467,350,36,81,308,155,20,133,387,261,179,28,54,126,70,10,46,388,206,171,8,27,182,85,10,87
S01009452,429,238,192,12,34,191,116,13,62,208,134,107,8,19,74,43,4,27,221,104,85,4,15,117,73,9,35
S01009453,877,496,413,25,58,381,230,29,122,414,255,196,19,40,159,87,12,60,463,241,217,6,18,222,143,17,62
S01009454,716,448,355,67,26,268,190,24,54,346,246,183,46,17,100,69,12,19,370,202,172,21,9,168,121,12,35
S01009455,717,420,311,93,16,297,229,27,41,351,231,161,64,6,120,93,15,12,366,189,150,29,10,177,136,12,29
S01009456,581,342,259,48,35,239,159,13,67,281,184,131,32,21,97,59,6,32,300,158,128,16,14,142,100,7,35
S01009457,522,315,226,81,8,207,162,10,35,246,168,101,60,7,78,64,5,9,276,147,125,21,1,129,98,5,26
S01009458,568,322,258,36,28,246,180,17,49,254,161,121,21,19,93,65,12,16,314,161,137,15,9,153,115,5,33
S01009459,718,430,314,59,57,288,184,24,80,346,229,146,42,41,117,81,12,24,372,201,168,17,16,171,103,12,56
S01009460,650,416,305,19,92,234,110,19,105,305,219,148,12,59,86,45,8,33,345,197,157,7,33,148,65,11,72
S01009461,413,317,273,32,12,96,60,5,31,207,165,136,21,8,42,29,2,11,206,152,137,11,4,54,31,3,20
S01009462,555,328,268,38,22,227,155,19,53,282,185,144,25,16,97,70,13,14,273,143,124,13,6,130,85,6,39
S01009463,560,317,250,38,29,243,179,18,46,267,169,123,23,23,98,74,8,16,293,148,127,15,6,145,105,10,30
S01009464,691,457,380,50,27,234,163,15,56,340,250,207,25,18,90,64,6,20,351,207,173,25,9,144,99,9,36
S01009465,489,297,244,26,27,192,145,14,33,216,146,118,16,12,70,56,6,8,273,151,126,10,15,122,89,8,25
S01009466,493,292,228,46,18,201,175,8,18,233,150,111,26,13,83,76,4,3,260,142,117,20,5,118,99,4,15
S01009467,656,375,309,46,20,281,219,29,33,306,191,143,31,17,115,89,18,8,350,184,166,15,3,166,130,11,25
S01009468,638,363,302,30,31,275,188,18,69,318,194,151,23,20,124,82,11,31,320,169,151,7,11,151,106,7,38
S01009469,692,420,332,37,51,272,206,28,38,311,206,149,21,36,105,86,10,9,381,214,183,16,15,167,120,18,29
S01009470,399,229,186,29,14,170,126,10,34,183,111,91,13,7,72,54,7,11,216,118,95,16,7,98,72,3,23
S01009471,595,267,200,23,44,328,222,13,93,283,150,111,16,23,133,85,8,40,312,117,89,7,21,195,137,5,53
S01009472,730,452,317,45,90,278,146,27,105,338,245,158,33,54,93,50,13,30,392,207,159,12,36,185,96,14,75
S01009473,739,462,352,32,78,277,130,34,113,386,254,179,24,51,132,61,16,55,353,208,173,8,27,145,69,18,58
S01009474,685,478,340,42,96,207,98,28,81,356,281,191,28,62,75,45,11,19,329,197,149,14,34,132,53,17,62
S01009475,447,315,259,47,9,132,83,16,33,213,161,125,30,6,52,35,8,9,234,154,134,17,3,80,48,8,24
S01009476,355,282,223,46,13,73,33,13,27,173,150,112,30,8,23,12,5,6,182,132,111,16,5,50,21,8,21
S01009477,629,359,285,56,18,270,194,25,51,292,191,140,40,11,101,68,18,15,337,168,145,16,7,169,126,7,36
S01009478,736,527,417,47,63,209,117,27,65,385,291,223,33,35,94,51,16,27,351,236,194,14,28,115,66,11,38
S01009479,750,430,331,48,51,320,219,22,79,362,239,185,30,24,123,73,13,37,388,191,146,18,27,197,146,9,42
S01009480,720,418,342,57,19,302,248,20,34,321,215,165,41,9,106,92,7,7,399,203,177,16,10,196,156,13,27
S01009481,801,547,472,39,36,254,191,23,40,384,280,233,31,16,104,74,14,16,417,267,239,8,20,150,117,9,24
S01009482,566,364,308,27,29,202,144,21,37,269,199,160,18,21,70,54,7,9,297,165,148,9,8,132,90,14,28
S01009483,614,466,380,48,38,148,81,18,49,316,254,199,33,22,62,30,12,20,298,212,181,15,16,86,51,6,29
S01009484,683,352,288,24,40,331,221,40,70,291,177,140,15,22,114,71,11,32,392,175,148,9,18,217,150,29,38
S01009485,654,358,279,37,42,296,202,19,75,300,187,141,27,19,113,84,6,23,354,171,138,10,23,183,118,13,52
S01009486,569,303,252,33,18,266,226,13,27,263,155,123,22,10,108,94,6,8,306,148,129,11,8,158,132,7,19
S01009487,668,382,329,20,33,286,199,22,65,315,198,162,15,21,117,79,10,28,353,184,167,5,12,169,120,12,37
S01009488,536,357,288,31,38,179,119,20,40,251,182,140,23,19,69,44,11,14,285,175,148,8,19,110,75,9,26
S01009489,673,356,288,30,38,317,197,27,93,320,191,145,22,24,129,81,11,37,353,165,143,8,14,188,116,16,56
S01009490,655,396,304,19,73,259,124,23,112,304,204,147,12,45,100,47,9,44,351,192,157,7,28,159,77,14,68
S01009491,594,279,215,27,37,315,216,12,87,259,146,106,18,22,113,78,2,33,335,133,109,9,15,202,138,10,54
S01009492,613,380,309,31,40,233,139,23,71,294,209,156,25,28,85,60,6,19,319,171,153,6,12,148,79,17,52
S01009493,737,368,287,69,12,369,298,24,47,359,204,139,57,8,155,131,16,8,378,164,148,12,4,214,167,8,39
S01009494,743,568,459,69,40,175,121,17,37,368,299,226,45,28,69,54,8,7,375,269,233,24,12,106,67,9,30
S01009495,727,523,445,57,21,204,144,30,30,354,263,210,40,13,91,69,16,6,373,260,235,17,8,113,75,14,24
S01009496,660,395,342,31,22,265,191,20,54,295,192,157,26,9,103,78,8,17,365,203,185,5,13,162,113,12,37
S01009497,808,514,439,33,42,294,214,21,59,381,259,209,24,26,122,88,12,22,427,255,230,9,16,172,126,9,37
S01009498,554,324,277,33,14,230,196,16,18,279,174,140,26,8,105,87,10,8,275,150,137,7,6,125,109,6,10
S01009499,665,385,313,34,38,280,199,22,59,310,189,150,19,20,121,90,9,22,355,196,163,15,18,159,109,13,37
S01009500,634,362,289,25,48,272,175,24,73,291,187,146,16,25,104,72,14,18,343,175,143,9,23,168,103,10,55
S01009501,570,316,241,20,55,254,168,18,68,258,169,116,17,36,89,60,7,22,312,147,125,3,19,165,108,11,46
S01009502,668,434,349,33,52,234,135,24,75,306,218,163,22,33,88,57,7,24,362,216,186,11,19,146,78,17,51
S01009503,591,401,328,39,34,190,131,14,45,259,186,138,27,21,73,54,7,12,332,215,190,12,13,117,77,7,33
S01009504,527,323,252,23,48,204,91,30,83,251,162,118,18,26,89,34,18,37,276,161,134,5,22,115,57,12,46
S01009505,595,364,265,11,88,231,88,17,126,263,184,125,10,49,79,33,10,36,332,180,140,1,39,152,55,7,90
S01009506,570,342,274,20,48,228,111,18,99,261,173,130,18,25,88,39,4,45,309,169,144,2,23,140,72,14,54
S01009507,664,453,384,32,37,211,110,26,75,321,241,194,23,24,80,48,11,21,343,212,190,9,13,131,62,15,54
S01009508,676,415,306,23,86,261,126,21,114,315,205,132,21,52,110,54,11,45,361,210,174,2,34,151,72,10,69
S01009509,797,505,388,38,79,292,159,30,103,387,278,199,23,56,109,66,14,29,410,227,189,15,23,183,93,16,74
S01009510,602,356,305,29,22,246,200,18,28,279,172,138,24,10,107,90,9,8,323,184,167,5,12,139,110,9,20
S01009511,526,300,258,32,10,226,194,18,14,254,158,126,24,8,96,83,11,2,272,142,132,8,2,130,111,7,12
S01009512,632,411,368,30,13,221,173,19,29,304,218,191,19,8,86,73,6,7,328,193,177,11,5,135,100,13,22
S01009513,487,291,260,23,8,196,156,13,27,237,144,120,17,7,93,76,7,10,250,147,140,6,1,103,80,6,17
S01009514,584,418,374,30,14,166,135,10,21,282,206,174,23,9,76,64,4,8,302,212,200,7,5,90,71,6,13
S01009515,615,333,272,28,33,282,198,16,68,273,159,119,22,18,114,75,7,32,342,174,153,6,15,168,123,9,36
S01009516,758,388,322,35,31,370,286,21,63,341,185,142,25,18,156,115,16,25,417,203,180,10,13,214,171,5,38
S01009517,703,590,512,53,25,113,37,30,46,346,301,246,39,16,45,17,16,12,357,289,266,14,9,68,20,14,34
S01009518,661,588,510,58,20,73,21,18,34,318,295,241,42,12,23,11,6,6,343,293,269,16,8,50,10,12,28
S01009519,401,280,239,23,18,121,76,16,29,201,148,119,19,10,53,34,9,10,200,132,120,4,8,68,42,7,19
S01009520,659,454,388,43,23,205,112,31,62,319,240,190,35,15,79,47,13,19,340,214,198,8,8,126,65,18,43
S01009521,702,351,258,28,65,351,220,19,112,327,182,114,24,44,145,94,7,44,375,169,144,4,21,206,126,12,68
S01009522,758,484,375,42,67,274,116,38,120,352,237,174,25,38,115,51,21,43,406,247,201,17,29,159,65,17,77
S01009523,482,262,205,10,47,220,107,33,80,212,125,97,8,20,87,41,16,30,270,137,108,2,27,133,66,17,50
S01009524,531,305,245,21,39,226,105,30,91,254,160,120,17,23,94,42,13,39,277,145,125,4,16,132,63,17,52
S01009525,447,259,209,16,34,188,109,17,62,219,143,113,11,19,76,48,8,20,228,116,96,5,15,112,61,9,42
S01009526,576,431,359,43,29,145,89,17,39,290,239,190,29,20,51,33,5,13,286,192,169,14,9,94,56,12,26
S01009527,573,361,293,23,45,212,142,13,57,277,199,149,17,33,78,47,5,26,296,162,144,6,12,134,95,8,31
S01009528,491,194,168,17,9,297,248,14,35,214,98,77,15,6,116,96,6,14,277,96,91,2,3,181,152,8,21
S01009529,505,292,228,39,25,213,164,13,36,235,150,111,24,15,85,65,8,12,270,142,117,15,10,128,99,5,24
S01009530,497,306,262,37,7,191,149,16,26,241,160,130,24,6,81,59,12,10,256,146,132,13,1,110,90,4,16
S01009531,680,363,295,18,50,317,205,22,90,338,192,150,14,28,146,91,12,43,342,171,145,4,22,171,114,10,47
S01009532,706,307,257,17,33,399,298,13,88,330,159,124,14,21,171,131,6,34,376,148,133,3,12,228,167,7,54
S01009533,653,400,325,30,45,253,163,15,75,304,203,156,16,31,101,69,4,28,349,197,169,14,14,152,94,11,47
S01009534,651,369,254,33,82,282,132,30,120,303,203,128,25,50,100,50,13,37,348,166,126,8,32,182,82,17,83
S01009535,486,310,222,18,70,176,61,14,101,241,174,113,16,45,67,22,9,36,245,136,109,2,25,109,39,5,65
S01009536,417,254,204,21,29,163,92,17,54,202,129,94,16,19,73,42,6,25,215,125,110,5,10,90,50,11,29
S01009537,451,250,197,19,34,201,137,14,50,227,127,96,13,18,100,64,9,27,224,123,101,6,16,101,73,5,23
S01009538,671,396,299,38,59,275,156,16,103,308,209,146,23,40,99,55,2,42,363,187,153,15,19,176,101,14,61
S01009539,738,442,379,36,27,296,199,28,69,346,231,188,25,18,115,73,15,27,392,211,191,11,9,181,126,13,42
S01009540,716,435,350,24,61,281,160,22,99,363,242,180,20,42,121,65,11,45,353,193,170,4,19,160,95,11,54
S01009541,639,411,338,50,23,228,135,23,70,306,218,164,37,17,88,58,8,22,333,193,174,13,6,140,77,15,48
S01009542,586,386,269,29,88,200,99,17,84,272,192,117,22,53,80,45,5,30,314,194,152,7,35,120,54,12,54
S01009543,480,254,202,35,17,226,171,15,40,222,130,93,27,10,92,70,5,17,258,124,109,8,7,134,101,10,23
S01009544,724,443,366,48,29,281,196,13,72,342,230,179,32,19,112,80,5,27,382,213,187,16,10,169,116,8,45
S01009545,646,395,305,50,40,251,158,26,67,297,205,142,34,29,92,61,8,23,349,190,163,16,11,159,97,18,44
S01009546,792,564,469,43,52,228,125,21,82,391,297,236,29,32,94,51,8,35,401,267,233,14,20,134,74,13,47
S01009547,600,395,308,44,43,205,120,25,60,287,199,143,27,29,88,54,10,24,313,196,165,17,14,117,66,15,36
S01009548,572,350,290,27,33,222,149,23,50,275,179,140,16,23,96,61,17,18,297,171,150,11,10,126,88,6,32
S01009549,649,415,349,43,23,234,153,24,57,330,229,181,34,14,101,70,15,16,319,186,168,9,9,133,83,9,41
S01009550,415,270,236,18,16,145,100,21,24,190,134,109,15,10,56,38,9,9,225,136,127,3,6,89,62,12,15
S01009551,421,266,225,16,25,155,102,12,41,199,147,119,13,15,52,40,4,8,222,119,106,3,10,103,62,8,33
S01009552,776,463,380,54,29,313,252,14,47,366,244,185,41,18,122,99,6,17,410,219,195,13,11,191,153,8,30
S01009553,701,414,317,30,67,287,165,30,92,341,218,162,25,31,123,63,19,41,360,196,155,5,36,164,102,11,51
S01009554,554,349,249,49,51,205,120,20,65,277,197,130,31,36,80,45,12,23,277,152,119,18,15,125,75,8,42
S01009555,633,415,315,55,45,218,159,12,47,301,216,148,41,27,85,67,4,14,332,199,167,14,18,133,92,8,33
S01009556,605,406,342,20,44,199,109,23,67,296,208,164,14,30,88,48,11,29,309,198,178,6,14,111,61,12,38
S01009557,526,324,244,18,62,202,99,12,91,240,159,105,13,41,81,36,7,38,286,165,139,5,21,121,63,5,53
S01009558,513,307,237,15,55,206,96,28,82,231,152,116,10,26,79,37,12,30,282,155,121,5,29,127,59,16,52
S01009559,682,429,339,22,68,253,118,22,113,327,231,168,17,46,96,48,8,40,355,198,171,5,22,157,70,14,73
S01009560,594,346,274,21,51,248,118,27,103,262,171,129,14,28,91,47,13,31,332,175,145,7,23,157,71,14,72
S01009561,423,247,195,17,35,176,104,16,56,210,136,96,14,26,74,42,9,23,213,111,99,3,9,102,62,7,33
S01009562,612,367,315,18,34,245,171,24,50,297,203,172,13,18,94,68,12,14,315,164,143,5,16,151,103,12,36
S01009563,643,341,293,22,26,302,214,27,61,303,177,142,16,19,126,92,14,20,340,164,151,6,7,176,122,13,41
S01009564,566,294,259,19,16,272,212,23,37,252,145,124,11,10,107,82,13,12,314,149,135,8,6,165,130,10,25
S01009565,457,263,214,12,37,194,95,23,76,213,139,107,9,23,74,37,12,25,244,124,107,3,14,120,58,11,51
S01009566,816,566,492,38,36,250,163,36,51,390,296,245,30,21,94,71,14,9,426,270,247,8,15,156,92,22,42
S01009567,715,452,372,27,53,263,172,22,69,345,246,192,17,37,99,69,11,19,370,206,180,10,16,164,103,11,50
S01009568,584,334,276,29,29,250,151,31,68,263,175,134,21,20,88,55,12,21,321,159,142,8,9,162,96,19,47
S01009569,666,389,347,15,27,277,195,21,61,308,191,166,11,14,117,85,9,23,358,198,181,4,13,160,110,12,38
S01009570,449,259,216,21,22,190,119,31,40,204,133,103,15,15,71,44,15,12,245,126,113,6,7,119,75,16,28
S01009571,540,330,245,19,66,210,86,29,95,264,172,123,10,39,92,37,16,39,276,158,122,9,27,118,49,13,56
S01009572,842,494,379,34,81,348,175,41,132,412,268,194,24,50,144,71,21,52,430,226,185,10,31,204,104,20,80
S01009573,585,337,260,14,63,248,128,28,92,272,177,135,9,33,95,57,8,30,313,160,125,5,30,153,71,20,62
S01009574,860,493,406,36,51,367,260,27,80,380,255,204,22,29,125,93,9,23,480,238,202,14,22,242,167,18,57
S01009575,429,267,222,17,28,162,116,17,29,203,134,107,13,14,69,52,9,8,226,133,115,4,14,93,64,8,21
S01009576,459,297,257,31,9,162,119,11,32,226,162,132,23,7,64,52,3,9,233,135,125,8,2,98,67,8,23
S01009577,598,390,317,44,29,208,131,16,61,287,197,156,28,13,90,55,6,29,311,193,161,16,16,118,76,10,32
S01009578,613,417,346,28,43,196,103,29,64,295,217,173,22,22,78,44,14,20,318,200,173,6,21,118,59,15,44
S01009579,842,565,470,47,48,277,150,26,101,421,292,229,33,30,129,66,17,46,421,273,241,14,18,148,84,9,55
S01009580,748,570,495,56,19,178,102,42,34,378,308,259,37,12,70,49,16,5,370,262,236,19,7,108,53,26,29
S01009581,473,286,236,18,32,187,119,14,54,234,153,121,13,19,81,52,10,19,239,133,115,5,13,106,67,4,35
S01009582,414,281,231,23,27,133,99,8,26,182,142,115,15,12,40,29,4,7,232,139,116,8,15,93,70,4,19
S01009583,623,395,325,32,38,228,127,32,69,278,194,153,23,18,84,48,16,20,345,201,172,9,20,144,79,16,49
S01009584,432,253,200,40,13,179,140,12,27,220,144,108,29,7,76,62,5,9,212,109,92,11,6,103,78,7,18
S01009585,775,515,435,40,40,260,136,39,85,376,270,223,25,22,106,58,20,28,399,245,212,15,18,154,78,19,57
S01009586,589,284,240,22,22,305,226,17,62,275,163,133,15,15,112,83,9,20,314,121,107,7,7,193,143,8,42
S01009587,619,308,255,26,27,311,241,16,54,300,171,139,18,14,129,90,12,27,319,137,116,8,13,182,151,4,27
S01009588,897,492,424,29,39,405,296,32,77,421,257,220,17,20,164,118,19,27,476,235,204,12,19,241,178,13,50
S01009589,744,487,411,29,47,257,158,32,67,353,252,207,17,28,101,66,16,19,391,235,204,12,19,156,92,16,48
S01009590,582,380,327,38,15,202,147,30,25,288,195,161,26,8,93,69,16,8,294,185,166,12,7,109,78,14,17
S01009591,567,393,336,33,24,174,132,14,28,282,206,170,22,14,76,65,6,5,285,187,166,11,10,98,67,8,23
S01009592,493,270,229,36,5,223,190,12,21,232,147,120,24,3,85,78,2,5,261,123,109,12,2,138,112,10,16
S01009593,492,343,273,42,28,149,113,15,21,245,184,137,26,21,61,54,5,2,247,159,136,16,7,88,59,10,19
S01009594,543,392,341,33,18,151,95,18,38,269,199,168,20,11,70,44,11,15,274,193,173,13,7,81,51,7,23
S01009595,398,308,243,39,26,90,49,19,22,201,167,122,27,18,34,22,6,6,197,141,121,12,8,56,27,13,16
S01009596,640,431,353,31,47,209,98,21,90,302,221,168,23,30,81,44,10,27,338,210,185,8,17,128,54,11,63
S01009597,633,420,298,31,91,213,64,36,113,288,202,132,21,49,86,27,18,41,345,218,166,10,42,127,37,18,72
S01009598,518,314,230,28,56,204,76,23,105,242,162,111,17,34,80,30,11,39,276,152,119,11,22,124,46,12,66
S01009599,723,464,382,28,54,259,138,28,93,347,236,189,17,30,111,57,14,40,376,228,193,11,24,148,81,14,53
S01009600,511,284,223,18,43,227,130,21,76,225,145,105,11,29,80,45,8,27,286,139,118,7,14,147,85,13,49
S01009601,534,355,285,18,52,179,75,20,84,260,190,142,11,37,70,30,11,29,274,165,143,7,15,109,45,9,55
S01009602,614,472,411,38,23,142,89,18,35,297,242,205,25,12,55,37,11,7,317,230,206,13,11,87,52,7,28
S01009603,471,312,263,35,14,159,89,23,47,231,165,133,26,6,66,40,10,16,240,147,130,9,8,93,49,13,31
S01009604,704,454,396,35,23,250,153,22,75,341,246,204,25,17,95,65,7,23,363,208,192,10,6,155,88,15,52
S01009605,644,348,276,31,41,296,155,38,103,299,184,139,22,23,115,58,15,42,345,164,137,9,18,181,97,23,61
S01009606,468,331,298,22,11,137,99,14,24,214,165,147,14,4,49,35,6,8,254,166,151,8,7,88,64,8,16
S01009607,445,278,240,29,9,167,127,13,27,217,151,122,20,9,66,56,5,5,228,127,118,9,0,101,71,8,22
S01009608,489,316,263,23,30,173,118,18,37,228,165,128,15,22,63,41,12,10,261,151,135,8,8,110,77,6,27
S01009609,665,434,348,55,31,231,164,21,46,330,236,176,40,20,94,66,9,19,335,198,172,15,11,137,98,12,27
S01009610,835,500,425,40,35,335,251,26,58,399,263,212,28,23,136,100,12,24,436,237,213,12,12,199,151,14,34
S01009611,447,294,230,56,8,153,115,12,26,212,146,110,31,5,66,51,6,9,235,148,120,25,3,87,64,6,17
S01009612,506,329,276,35,18,177,118,16,43,251,174,135,27,12,77,54,10,13,255,155,141,8,6,100,64,6,30
S01009613,380,277,210,53,14,103,84,4,15,193,147,96,43,8,46,40,2,4,187,130,114,10,6,57,44,2,11
S01009614,434,284,221,46,17,150,125,6,19,209,148,108,31,9,61,56,1,4,225,136,113,15,8,89,69,5,15
S01009615,344,181,156,15,10,163,129,12,22,175,94,75,14,5,81,64,5,12,169,87,81,1,5,82,65,7,10
S01009616,611,406,330,40,36,205,130,25,50,296,211,158,32,21,85,59,11,15,315,195,172,8,15,120,71,14,35
S01009617,597,415,363,39,13,182,120,23,39,290,216,184,24,8,74,50,11,13,307,199,179,15,5,108,70,12,26
S01009618,569,354,293,27,34,215,131,11,73,269,182,147,19,16,87,55,4,28,300,172,146,8,18,128,76,7,45
S01009619,520,286,222,23,41,234,138,23,73,251,151,110,16,25,100,60,13,27,269,135,112,7,16,134,78,10,46
S01009620,662,348,281,22,45,314,201,25,88,299,184,140,14,30,115,75,11,29,363,164,141,8,15,199,126,14,59
S01009621,655,370,296,30,44,285,174,13,98,323,189,137,24,28,134,77,7,50,332,181,159,6,16,151,97,6,48
S01009622,587,333,251,17,65,254,121,16,117,287,181,130,11,40,106,50,8,48,300,152,121,6,25,148,71,8,69
S01009623,410,213,180,18,15,197,117,17,63,177,104,86,10,8,73,44,4,25,233,109,94,8,7,124,73,13,38
S01009624,733,414,344,24,46,319,198,39,82,355,208,164,15,29,147,94,23,30,378,206,180,9,17,172,104,16,52
S01009625,685,423,349,21,53,262,157,22,83,314,209,163,16,30,105,65,12,28,371,214,186,5,23,157,92,10,55
S01009626,452,236,172,18,46,216,97,23,96,199,117,77,14,26,82,42,9,31,253,119,95,4,20,134,55,14,65
S01009627,656,379,302,25,52,277,161,23,93,310,199,142,21,36,111,64,15,32,346,180,160,4,16,166,97,8,61
S01009628,473,173,146,10,17,300,237,14,49,214,93,75,7,11,121,88,10,23,259,80,71,3,6,179,149,4,26
S01009629,827,511,405,33,73,316,156,40,120,393,265,196,23,46,128,70,22,36,434,246,209,10,27,188,86,18,84
S01009630,632,368,273,19,76,264,122,38,104,283,176,119,15,42,107,56,14,37,349,192,154,4,34,157,66,24,67
S01009631,587,322,244,20,58,265,133,11,121,315,184,124,18,42,131,66,6,59,272,138,120,2,16,134,67,5,62
S01009632,452,228,161,14,53,224,107,11,106,214,121,78,8,35,93,42,9,42,238,107,83,6,18,131,65,2,64
S01009633,548,321,235,15,71,227,97,30,100,262,177,122,11,44,85,40,14,31,286,144,113,4,27,142,57,16,69
S01009634,469,194,157,3,34,275,196,9,70,219,103,76,3,24,116,87,4,25,250,91,81,0,10,159,109,5,45
S01009635,706,432,352,32,48,274,162,25,87,344,232,183,21,28,112,66,10,36,362,200,169,11,20,162,96,15,51
S01009636,752,427,296,33,98,325,148,25,152,360,238,144,26,68,122,62,8,52,392,189,152,7,30,203,86,17,100
S01009637,615,375,317,22,36,240,137,23,80,284,192,157,14,21,92,51,11,30,331,183,160,8,15,148,86,12,50
S01009638,555,295,210,21,64,260,113,31,116,264,164,104,18,42,100,47,12,41,291,131,106,3,22,160,66,19,75
S01009639,694,370,297,47,26,324,258,32,34,322,192,140,35,17,130,98,19,13,372,178,157,12,9,194,160,13,21
S01009640,512,241,201,14,26,271,173,21,77,261,123,93,12,18,138,88,8,42,251,118,108,2,8,133,85,13,35
S01009641,684,352,274,35,43,332,236,9,87,300,175,131,20,24,125,78,6,41,384,177,143,15,19,207,158,3,46
S01009642,782,504,415,50,39,278,176,21,81,369,244,189,27,28,125,74,7,44,413,260,226,23,11,153,102,14,37
S01009643,436,356,323,21,12,80,43,12,25,223,193,165,19,9,30,21,4,5,213,163,158,2,3,50,22,8,20
S01009644,661,389,315,30,44,272,174,26,72,309,203,154,25,24,106,71,16,19,352,186,161,5,20,166,103,10,53
S01009645,532,305,250,28,27,227,151,21,55,239,158,125,18,15,81,58,8,15,293,147,125,10,12,146,93,13,40
S01009646,471,279,220,26,33,192,114,22,56,221,145,108,18,19,76,46,10,20,250,134,112,8,14,116,68,12,36
S01009647,512,263,198,25,40,249,170,22,57,235,141,98,18,25,94,60,12,22,277,122,100,7,15,155,110,10,35
S01009648,717,421,347,30,44,296,209,28,59,335,211,163,23,25,124,90,8,26,382,210,184,7,19,172,119,20,33
S01009649,845,505,412,34,59,340,195,25,120,396,257,192,27,38,139,82,9,48,449,248,220,7,21,201,113,16,72
S01009650,692,353,298,49,6,339,303,15,21,335,190,153,35,2,145,131,7,7,357,163,145,14,4,194,172,8,14
S01009651,790,475,331,114,30,315,240,20,55,371,247,154,75,18,124,98,8,18,419,228,177,39,12,191,142,12,37
S01009652,699,326,249,65,12,373,324,22,27,309,175,121,48,6,134,111,14,9,390,151,128,17,6,239,213,8,18
S01009653,445,279,242,31,6,166,133,14,19,212,147,122,23,2,65,57,3,5,233,132,120,8,4,101,76,11,14
S01009654,475,263,198,52,13,212,159,20,33,212,132,89,32,11,80,62,10,8,263,131,109,20,2,132,97,10,25
S01009655,686,408,333,20,55,278,161,28,89,318,206,153,14,39,112,60,17,35,368,202,180,6,16,166,101,11,54
S01009656,613,278,207,21,50,335,210,11,114,298,146,101,13,32,152,87,5,60,315,132,106,8,18,183,123,6,54
S01009657,657,420,337,43,40,237,146,27,64,335,227,165,35,27,108,70,14,24,322,193,172,8,13,129,76,13,40
S01009658,567,378,322,22,34,189,91,14,84,270,192,154,18,20,78,37,11,30,297,186,168,4,14,111,54,3,54
S01009659,415,268,206,24,38,147,99,17,31,218,150,109,17,24,68,42,9,17,197,118,97,7,14,79,57,8,14
S01009660,845,519,427,41,51,326,164,31,131,392,264,204,29,31,128,71,15,42,453,255,223,12,20,198,93,16,89
S01009661,708,458,328,117,13,250,175,30,45,359,250,152,87,11,109,76,20,13,349,208,176,30,2,141,99,10,32
S01009662,588,403,302,70,31,185,139,22,24,299,221,155,50,16,78,61,11,6,289,182,147,20,15,107,78,11,18
S01009663,531,332,268,44,20,199,135,29,35,261,168,127,28,13,93,60,17,16,270,164,141,16,7,106,75,12,19
S01009664,734,503,376,93,34,231,171,17,43,368,264,188,56,20,104,77,11,16,366,239,188,37,14,127,94,6,27
S01009665,535,332,275,34,23,203,150,14,39,260,176,135,24,17,84,64,7,13,275,156,140,10,6,119,86,7,26
S01009666,640,383,303,63,17,257,181,23,53,323,210,155,44,11,113,82,12,19,317,173,148,19,6,144,99,11,34
S01009667,437,274,225,45,4,163,131,9,23,207,143,108,33,2,64,55,4,5,230,131,117,12,2,99,76,5,18
S01009668,463,326,270,39,17,137,98,13,26,219,163,130,28,5,56,44,6,6,244,163,140,11,12,81,54,7,20
S01009669,438,241,190,41,10,197,166,10,21,210,127,92,29,6,83,73,4,6,228,114,98,12,4,114,93,6,15
S01009670,651,423,336,62,25,228,154,36,38,312,218,162,40,16,94,59,23,12,339,205,174,22,9,134,95,13,26
S01009671,524,361,279,62,20,163,107,30,26,251,189,138,39,12,62,44,14,4,273,172,141,23,8,101,63,16,22
S01009672,650,416,347,35,34,234,152,9,73,326,226,180,23,23,100,72,2,26,324,190,167,12,11,134,80,7,47
S01009673,674,408,318,63,27,266,197,19,50,330,225,163,44,18,105,82,6,17,344,183,155,19,9,161,115,13,33
S01009674,728,459,344,88,27,269,204,23,42,361,256,175,65,16,105,83,11,11,367,203,169,23,11,164,121,12,31
S01009675,748,479,373,78,28,269,191,31,47,363,248,179,53,16,115,76,19,20,385,231,194,25,12,154,115,12,27
S01009676,659,434,341,75,18,225,161,16,48,324,233,165,55,13,91,68,10,13,335,201,176,20,5,134,93,6,35
S01009677,484,322,227,80,15,162,108,16,38,236,173,112,55,6,63,48,6,9,248,149,115,25,9,99,60,10,29
S01009678,509,306,250,45,11,203,157,14,32,244,162,121,32,9,82,66,7,9,265,144,129,13,2,121,91,7,23
S01009679,752,468,380,55,33,284,196,22,66,368,256,194,40,22,112,76,12,24,384,212,186,15,11,172,120,10,42
S01009680,667,437,343,61,33,230,159,22,49,337,237,173,44,20,100,72,13,15,330,200,170,17,13,130,87,9,34
S01009681,592,339,286,36,17,253,111,18,124,316,180,140,28,12,136,51,10,75,276,159,146,8,5,117,60,8,49
S01009682,505,320,284,22,14,185,153,10,22,240,165,145,14,6,75,65,4,6,265,155,139,8,8,110,88,6,16
S01009683,759,391,318,45,28,368,264,61,43,347,197,149,34,14,150,97,38,15,412,194,169,11,14,218,167,23,28
S01009684,840,589,458,105,26,251,151,45,55,425,317,235,68,14,108,69,24,15,415,272,223,37,12,143,82,21,40
S01009685,523,308,255,29,24,215,149,19,47,249,165,128,22,15,84,56,10,18,274,143,127,7,9,131,93,9,29
S01009686,923,573,484,44,45,350,212,54,84,425,287,224,33,30,138,81,31,26,498,286,260,11,15,212,131,23,58
S01009687,572,381,309,38,34,191,125,21,45,285,211,167,29,15,74,52,10,12,287,170,142,9,19,117,73,11,33
S01009688,706,418,336,23,59,288,146,35,107,313,212,159,18,35,101,53,13,35,393,206,177,5,24,187,93,22,72
S01009689,519,333,271,36,26,186,111,34,41,239,169,128,24,17,70,34,18,18,280,164,143,12,9,116,77,16,23
S01009690,593,392,320,38,34,201,126,25,50,278,200,148,27,25,78,45,12,21,315,192,172,11,9,123,81,13,29
S01009691,502,299,250,31,18,203,163,21,19,235,152,117,23,12,83,67,13,3,267,147,133,8,6,120,96,8,16
S01009692,918,486,395,58,33,432,377,21,34,433,256,194,41,21,177,155,12,10,485,230,201,17,12,255,222,9,24
S01009693,522,322,268,34,20,200,151,20,29,259,171,133,21,17,88,68,13,7,263,151,135,13,3,112,83,7,22
S01009694,874,446,393,41,12,428,360,23,45,386,225,189,28,8,161,136,13,12,488,221,204,13,4,267,224,10,33
S01009695,521,315,233,66,16,206,160,10,36,248,166,116,42,8,82,66,7,9,273,149,117,24,8,124,94,3,27
S01009696,793,490,373,94,23,303,229,23,51,357,251,179,55,17,106,87,6,13,436,239,194,39,6,197,142,17,38
S01009697,589,369,283,70,16,220,158,18,44,296,202,141,49,12,94,69,12,13,293,167,142,21,4,126,89,6,31
S01009698,486,321,222,87,12,165,96,29,40,245,170,103,59,8,75,48,17,10,241,151,119,28,4,90,48,12,30
S01009699,412,182,131,38,13,230,181,8,41,207,107,76,24,7,100,84,4,12,205,75,55,14,6,130,97,4,29
S01009700,551,330,236,72,22,221,151,28,42,259,171,113,46,12,88,61,14,13,292,159,123,26,10,133,90,14,29
S01009701,405,162,106,50,6,243,198,10,35,179,86,55,28,3,93,79,5,9,226,76,51,22,3,150,119,5,26
S01009702,518,340,227,98,15,178,115,25,38,274,199,118,72,9,75,47,14,14,244,141,109,26,6,103,68,11,24
S01009703,485,267,210,47,10,218,158,12,48,217,136,94,37,5,81,60,6,15,268,131,116,10,5,137,98,6,33
S01009704,784,469,332,119,18,315,236,24,55,371,242,144,89,9,129,101,12,16,413,227,188,30,9,186,135,12,39
S01009705,618,396,294,73,29,222,159,12,51,312,216,149,47,20,96,69,7,20,306,180,145,26,9,126,90,5,31
S01009706,509,308,212,74,22,201,140,17,44,257,170,108,48,14,87,59,12,16,252,138,104,26,8,114,81,5,28
S01009707,404,273,217,40,16,131,90,16,25,195,137,98,27,12,58,40,9,9,209,136,119,13,4,73,50,7,16
S01009708,519,283,207,61,15,236,181,16,39,237,150,99,43,8,87,69,9,9,282,133,108,18,7,149,112,7,30
S01009709,693,399,305,66,28,294,236,16,42,338,219,146,53,20,119,97,11,11,355,180,159,13,8,175,139,5,31
S01009710,442,303,227,56,20,139,89,15,35,216,165,115,39,11,51,34,8,9,226,138,112,17,9,88,55,7,26
S01009711,659,376,269,78,29,283,194,23,66,316,200,130,52,18,116,79,9,28,343,176,139,26,11,167,115,14,38
S01009712,502,289,211,58,20,213,150,17,46,247,158,108,38,12,89,60,10,19,255,131,103,20,8,124,90,7,27
S01009713,775,398,280,88,30,377,298,27,52,353,204,127,61,16,149,118,15,16,422,194,153,27,14,228,180,12,36
S01009714,802,415,301,86,28,387,326,17,44,379,228,160,56,12,151,132,6,13,423,187,141,30,16,236,194,11,31
S01009715,564,334,236,84,14,230,164,22,44,286,192,125,60,7,94,68,13,13,278,142,111,24,7,136,96,9,31
S01009716,651,304,245,43,16,347,222,94,31,302,162,123,27,12,140,93,37,10,349,142,122,16,4,207,129,57,21
S01009717,905,362,285,21,56,543,119,373,51,406,162,119,16,27,244,56,170,18,499,200,166,5,29,299,63,203,33
S01009718,626,353,295,24,34,273,129,98,46,295,179,141,17,21,116,47,50,19,331,174,154,7,13,157,82,48,27
S01009719,647,376,315,32,29,271,163,66,42,302,188,147,23,18,114,64,41,9,345,188,168,9,11,157,99,25,33
S01009720,711,360,320,21,19,351,210,93,48,323,187,163,14,10,136,84,37,15,388,173,157,7,9,215,126,56,33
S01009721,564,178,136,20,22,386,19,363,4,253,81,59,16,6,172,9,163,0,311,97,77,4,16,214,10,200,4
S01009722,1078,307,244,29,34,771,125,623,23,471,146,116,15,15,325,50,266,9,607,161,128,14,19,446,75,357,14
S01009723,756,233,178,22,33,523,89,421,13,336,96,72,11,13,240,34,202,4,420,137,106,11,20,283,55,219,9
S01009724,891,408,328,36,44,483,163,247,73,424,211,157,25,29,213,63,121,29,467,197,171,11,15,270,100,126,44
S01009725,659,238,188,19,31,421,71,332,18,290,108,78,14,16,182,29,147,6,369,130,110,5,15,239,42,185,12
S01009726,1026,292,175,46,71,734,58,664,12,415,122,76,22,24,293,25,263,5,611,170,99,24,47,441,33,401,7
S01009727,675,401,302,77,22,274,137,95,42,343,218,153,53,12,125,59,57,9,332,183,149,24,10,149,78,38,33
S01009728,640,369,308,45,16,271,204,38,29,312,199,158,30,11,113,83,18,12,328,170,150,15,5,158,121,20,17
S01009729,554,276,232,36,8,278,225,30,23,266,150,118,28,4,116,95,17,4,288,126,114,8,4,162,130,13,19
S01009730,510,278,231,28,19,232,137,72,23,235,149,115,21,13,86,47,32,7,275,129,116,7,6,146,90,40,16
S01009731,530,201,150,37,14,329,246,69,14,225,104,76,21,7,121,99,17,5,305,97,74,16,7,208,147,52,9
S01009732,745,291,217,45,29,454,159,267,28,342,141,99,30,12,201,64,128,9,403,150,118,15,17,253,95,139,19
S01009733,421,264,206,47,11,157,115,20,22,206,137,97,32,8,69,51,13,5,215,127,109,15,3,88,64,7,17
S01009734,734,465,368,79,18,269,183,53,33,365,238,178,51,9,127,84,34,9,369,227,190,28,9,142,99,19,24
S01009735,1133,359,233,75,51,774,301,440,33,510,184,119,39,26,326,125,196,5,623,175,114,36,25,448,176,244,28
S01009736,2635,491,263,41,187,2144,195,1930,19,1147,198,101,24,73,949,61,883,5,1488,293,162,17,114,1195,134,1047,14
S01009737,636,451,391,30,30,185,109,16,60,302,235,208,18,9,67,44,5,18,334,216,183,12,21,118,65,11,42
S01009738,371,260,214,34,12,111,73,15,23,181,136,106,24,6,45,28,8,9,190,124,108,10,6,66,45,7,14
S01009739,572,454,400,31,23,118,36,38,44,293,248,218,18,12,45,21,17,7,279,206,182,13,11,73,15,21,37
S01009740,447,266,226,24,16,181,114,23,44,222,136,110,15,11,86,54,14,18,225,130,116,9,5,95,60,9,26
S01009741,704,600,570,10,20,104,29,11,64,472,453,443,3,7,19,13,2,4,232,147,127,7,13,85,16,9,60
S01009742,418,266,203,48,15,152,105,17,30,215,150,107,33,10,65,48,12,5,203,116,96,15,5,87,57,5,25
S01009743,795,469,372,77,20,326,265,20,41,387,248,180,57,11,139,121,9,9,408,221,192,20,9,187,144,11,32
S01009744,594,362,292,58,12,232,168,21,43,275,187,131,47,9,88,67,12,9,319,175,161,11,3,144,101,9,34
S01009745,871,566,489,60,17,305,227,34,44,406,278,229,39,10,128,98,15,15,465,288,260,21,7,177,129,19,29
S01009746,457,305,209,85,11,152,97,18,37,226,165,94,62,9,61,46,7,8,231,140,115,23,2,91,51,11,29
S01009747,558,360,305,33,22,198,135,18,45,262,181,145,21,15,81,51,12,18,296,179,160,12,7,117,84,6,27
S01009748,588,365,316,31,18,223,169,20,34,280,183,149,22,12,97,75,9,13,308,182,167,9,6,126,94,11,21
S01009749,815,512,429,54,29,303,216,32,55,382,265,222,27,16,117,92,12,13,433,247,207,27,13,186,124,20,42
S01009750,560,354,299,31,24,206,148,17,41,257,182,147,22,13,75,57,7,11,303,172,152,9,11,131,91,10,30
S01009751,680,455,389,33,33,225,153,27,45,317,233,192,22,19,84,62,7,15,363,222,197,11,14,141,91,20,30
S01009752,495,316,254,43,19,179,148,18,13,236,159,122,25,12,77,63,11,3,259,157,132,18,7,102,85,7,10
S01009753,602,313,242,55,16,289,239,24,26,265,163,116,34,13,102,75,14,13,337,150,126,21,3,187,164,10,13
S01009754,720,403,324,50,29,317,224,49,44,336,204,154,35,15,132,92,23,17,384,199,170,15,14,185,132,26,27
S01009755,547,354,277,57,20,193,130,25,38,259,186,139,38,9,73,48,17,8,288,168,138,19,11,120,82,8,30
S01009756,622,382,311,48,23,240,181,32,27,292,181,142,30,9,111,86,18,7,330,201,169,18,14,129,95,14,20
S01009757,539,329,256,59,14,210,150,30,30,256,163,115,41,7,93,67,13,13,283,166,141,18,7,117,83,17,17
S01009758,514,354,301,32,21,160,116,18,26,239,172,133,28,11,67,47,13,7,275,182,168,4,10,93,69,5,19
S01009759,683,406,302,21,83,277,66,40,171,277,188,132,14,42,89,21,19,49,406,218,170,7,41,188,45,21,122
S01009760,682,382,293,28,61,300,133,28,139,294,193,128,23,42,101,45,7,49,388,189,165,5,19,199,88,21,90
S01009761,741,506,427,39,40,235,129,40,66,340,254,202,31,21,86,51,17,18,401,252,225,8,19,149,78,23,48
S01009762,734,434,334,16,84,300,87,38,175,341,220,152,15,53,121,42,13,66,393,214,182,1,31,179,45,25,109
S01009763,587,436,332,88,16,151,62,40,49,286,230,162,60,8,56,23,26,7,301,206,170,28,8,95,39,14,42
S01009764,499,336,256,20,60,163,54,15,94,229,161,108,14,39,68,19,5,44,270,175,148,6,21,95,35,10,50
S01009765,767,488,394,48,46,279,149,33,97,339,254,188,41,25,85,42,14,29,428,234,206,7,21,194,107,19,68
S01009766,458,353,318,20,15,105,45,22,38,221,182,157,16,9,39,14,14,11,237,171,161,4,6,66,31,8,27
S01009767,470,242,187,12,43,228,109,15,104,222,122,87,8,27,100,48,10,42,248,120,100,4,16,128,61,5,62
S01009768,465,337,257,37,43,128,30,14,84,216,165,112,28,25,51,11,7,33,249,172,145,9,18,77,19,7,51
S01009769,567,399,335,39,25,168,106,16,46,249,187,151,24,12,62,46,5,11,318,212,184,15,13,106,60,11,35
S01009770,562,375,313,40,22,187,81,38,68,280,204,152,34,18,76,33,24,19,282,171,161,6,4,111,48,14,49
S01009771,671,476,376,66,34,195,65,41,89,316,252,179,51,22,64,28,17,19,355,224,197,15,12,131,37,24,70
S01009772,503,384,323,32,29,119,62,16,41,234,190,148,25,17,44,24,11,9,269,194,175,7,12,75,38,5,32
S01009773,421,300,229,52,19,121,12,54,55,214,171,119,41,11,43,4,29,10,207,129,110,11,8,78,8,25,45
S01009774,355,276,224,40,12,79,8,29,42,169,148,109,31,8,21,5,11,5,186,128,115,9,4,58,3,18,37
S01009775,682,329,265,12,52,353,142,54,157,304,171,126,11,34,133,53,24,56,378,158,139,1,18,220,89,30,101
S01009776,529,275,198,9,68,254,86,14,154,211,119,73,8,38,92,30,6,56,318,156,125,1,30,162,56,8,98
S01009777,387,246,207,12,27,141,52,22,67,202,132,102,12,18,70,20,15,35,185,114,105,0,9,71,32,7,32
S01009778,711,286,231,17,38,425,253,24,148,330,142,107,12,23,188,99,16,73,381,144,124,5,15,237,154,8,75
S01009779,449,213,159,11,43,236,128,26,82,197,102,69,9,24,95,52,14,29,252,111,90,2,19,141,76,12,53
S01009780,445,273,193,10,70,172,39,30,103,189,125,78,9,38,64,15,17,32,256,148,115,1,32,108,24,13,71
S01009781,426,228,192,7,29,198,97,13,88,191,113,92,4,17,78,37,6,35,235,115,100,3,12,120,60,7,53
S01009782,396,294,231,31,32,102,18,17,67,188,153,114,27,12,35,5,8,22,208,141,117,4,20,67,13,9,45
S01009783,566,352,292,15,45,214,70,19,125,240,159,124,13,22,81,27,10,44,326,193,168,2,23,133,43,9,81
S01009784,591,309,240,11,58,282,94,40,148,265,145,104,10,31,120,30,27,63,326,164,136,1,27,162,64,13,85
S01009785,652,342,264,23,55,310,140,26,144,280,153,109,15,29,127,59,16,52,372,189,155,8,26,183,81,10,92
S01009786,746,398,299,18,81,348,166,36,146,340,191,128,17,46,149,67,19,63,406,207,171,1,35,199,99,17,83
S01009787,700,385,290,18,77,315,159,28,128,313,191,134,10,47,122,59,14,49,387,194,156,8,30,193,100,14,79
S01009788,717,369,306,29,34,348,230,28,90,318,183,142,22,19,135,87,15,33,399,186,164,7,15,213,143,13,57
S01009789,748,386,326,22,38,362,207,30,125,327,185,143,18,24,142,74,15,53,421,201,183,4,14,220,133,15,72
S01009790,519,315,272,13,30,204,118,23,63,232,155,129,9,17,77,38,13,26,287,160,143,4,13,127,80,10,37
S01009791,531,284,201,27,56,247,120,25,102,234,138,88,19,31,96,45,9,42,297,146,113,8,25,151,75,16,60
S01009792,718,556,469,58,29,162,41,50,71,358,297,227,52,18,61,16,29,16,360,259,242,6,11,101,25,21,55
S01009793,761,471,400,44,27,290,192,26,72,355,235,186,33,16,120,81,12,27,406,236,214,11,11,170,111,14,45
S01009794,399,346,314,24,8,53,28,10,15,186,167,149,15,3,19,10,3,6,213,179,165,9,5,34,18,7,9
S01009795,645,523,444,54,25,122,56,37,29,302,262,208,40,14,40,21,13,6,343,261,236,14,11,82,35,24,23
S01009796,623,413,353,46,14,210,141,20,49,296,217,170,38,9,79,55,11,13,327,196,183,8,5,131,86,9,36
S01009797,630,460,387,43,30,170,104,30,36,311,241,183,36,22,70,40,16,14,319,219,204,7,8,100,64,14,22
S01009798,555,440,371,50,19,115,52,32,31,260,220,171,35,14,40,15,17,8,295,220,200,15,5,75,37,15,23
S01009799,676,361,283,12,66,315,140,26,149,296,182,128,10,44,114,52,13,49,380,179,155,2,22,201,88,13,100
S01009800,846,532,434,32,66,314,126,48,140,390,257,184,28,45,133,59,18,56,456,275,250,4,21,181,67,30,84
S01009801,698,393,306,15,72,305,154,36,115,313,205,148,13,44,108,55,14,39,385,188,158,2,28,197,99,22,76
S01009802,772,499,422,28,49,273,97,45,131,336,242,190,23,29,94,31,16,47,436,257,232,5,20,179,66,29,84
S01009803,636,334,261,23,50,302,144,53,105,281,153,110,10,33,128,48,34,46,355,181,151,13,17,174,96,19,59
S01009804,456,281,246,23,12,175,51,8,116,257,140,117,15,8,117,22,4,91,199,141,129,8,4,58,29,4,25
S01009805,743,422,347,18,57,321,137,60,124,334,211,161,10,40,123,49,33,41,409,211,186,8,17,198,88,27,83
S01009806,786,396,332,28,36,390,259,28,103,333,187,145,22,20,146,85,17,44,453,209,187,6,16,244,174,11,59
S01009807,795,494,408,26,60,301,142,27,132,369,252,193,19,40,117,50,15,52,426,242,215,7,20,184,92,12,80
S01009808,693,403,287,27,89,290,92,52,146,331,218,132,22,64,113,37,25,51,362,185,155,5,25,177,55,27,95
S01009809,562,369,320,20,29,193,111,18,64,262,189,156,17,16,73,37,9,27,300,180,164,3,13,120,74,9,37
S01009810,671,365,270,23,72,306,166,18,122,295,183,116,16,51,112,57,10,45,376,182,154,7,21,194,109,8,77
S01009811,908,458,376,28,54,450,233,35,182,414,232,176,22,34,182,80,18,84,494,226,200,6,20,268,153,17,98
S01009812,627,336,267,26,43,291,178,17,96,284,182,132,20,30,102,55,10,37,343,154,135,6,13,189,123,7,59
S01009813,562,284,203,19,62,278,121,43,114,231,129,83,17,29,102,35,26,41,331,155,120,2,33,176,86,17,73
S01009814,696,400,319,41,40,296,194,32,70,334,218,158,32,28,116,74,19,23,362,182,161,9,12,180,120,13,47
S01009815,590,392,339,23,30,198,102,26,70,275,194,158,13,23,81,42,9,30,315,198,181,10,7,117,60,17,40
S01009816,587,416,365,29,22,171,103,26,42,265,196,160,24,12,69,39,12,18,322,220,205,5,10,102,64,14,24
S01009817,585,318,271,18,29,267,193,19,55,261,158,127,12,19,103,72,10,21,324,160,144,6,10,164,121,9,34
S01009818,852,444,361,49,34,408,332,25,51,397,227,171,32,24,170,134,15,21,455,217,190,17,10,238,198,10,30
S01009819,566,267,213,37,17,299,225,16,58,250,129,89,28,12,121,85,8,28,316,138,124,9,5,178,140,8,30
S01009820,790,457,398,31,28,333,215,26,92,356,240,192,26,22,116,75,8,33,434,217,206,5,6,217,140,18,59
S01009821,533,354,289,34,31,179,124,25,30,244,182,137,25,20,62,48,7,7,289,172,152,9,11,117,76,18,23
S01009822,360,239,198,10,31,121,68,13,40,167,122,96,9,17,45,26,6,13,193,117,102,1,14,76,42,7,27
S01009823,600,305,247,11,47,295,169,32,94,257,146,103,10,33,111,63,11,37,343,159,144,1,14,184,106,21,57
S01009824,659,412,348,18,46,247,137,14,96,310,210,170,11,29,100,58,8,34,349,202,178,7,17,147,79,6,62
S01009825,806,488,389,27,72,318,157,33,128,361,235,171,21,43,126,56,19,51,445,253,218,6,29,192,101,14,77
S01009826,456,259,204,11,44,197,97,20,80,196,128,94,6,28,68,31,12,25,260,131,110,5,16,129,66,8,55
S01009827,695,381,315,17,49,314,159,36,119,297,188,142,14,32,109,61,10,38,398,193,173,3,17,205,98,26,81
S01009828,658,303,223,18,62,355,197,12,146,286,147,92,16,39,139,76,2,61,372,156,131,2,23,216,121,10,85
S01009829,793,512,414,31,67,281,153,32,96,363,264,193,23,48,99,45,14,40,430,248,221,8,19,182,108,18,56
S01009830,619,416,348,19,49,203,105,24,74,289,205,162,16,27,84,46,13,25,330,211,186,3,22,119,59,11,49
S01009831,594,444,392,17,35,150,85,22,43,269,215,179,13,23,54,33,10,11,325,229,213,4,12,96,52,12,32
S01009832,825,514,432,36,46,311,222,19,70,337,243,193,27,23,94,67,7,20,488,271,239,9,23,217,155,12,50
S01009833,462,322,277,23,22,140,61,17,62,214,151,127,13,11,63,23,11,29,248,171,150,10,11,77,38,6,33
S01009834,630,444,370,25,49,186,53,33,100,265,198,147,20,31,67,17,8,42,365,246,223,5,18,119,36,25,58
S01009835,417,243,203,10,30,174,85,14,75,175,104,82,9,13,71,37,7,27,242,139,121,1,17,103,48,7,48
S01009836,815,497,420,31,46,318,197,29,92,381,256,209,22,25,125,68,18,39,434,241,211,9,21,193,129,11,53
S01009837,610,303,264,13,26,307,214,7,86,268,148,118,11,19,120,76,3,41,342,155,146,2,7,187,138,4,45
S01009838,635,387,304,19,64,248,139,15,94,272,185,135,13,37,87,44,5,38,363,202,169,6,27,161,95,10,56
S01009839,818,510,397,23,90,308,89,34,185,381,246,164,21,61,135,38,11,86,437,264,233,2,29,173,51,23,99
S01009840,848,442,362,24,56,406,264,22,120,389,223,166,18,39,166,105,12,49,459,219,196,6,17,240,159,10,71
S01009841,695,411,320,20,71,284,120,47,117,363,227,162,12,53,136,56,33,47,332,184,158,8,18,148,64,14,70
S01009842,524,327,237,20,70,197,35,47,115,254,166,107,15,44,88,19,21,48,270,161,130,5,26,109,16,26,67
S01009843,496,244,179,8,57,252,91,20,141,257,130,86,6,38,127,43,11,73,239,114,93,2,19,125,48,9,68
S01009844,477,258,164,23,71,219,79,19,121,241,145,92,15,38,96,27,7,62,236,113,72,8,33,123,52,12,59
S01009845,612,412,287,24,101,200,28,33,139,326,241,157,18,66,85,14,16,55,286,171,130,6,35,115,14,17,84
S01009846,714,439,339,23,77,275,109,30,136,345,229,159,17,53,116,45,16,55,369,210,180,6,24,159,64,14,81
S01009847,469,312,261,11,40,157,50,22,85,208,143,111,7,25,65,23,6,36,261,169,150,4,15,92,27,16,49
S01009848,738,409,332,15,62,329,153,30,146,327,202,146,14,42,125,50,15,60,411,207,186,1,20,204,103,15,86
S01009849,662,326,283,17,26,336,234,15,87,293,163,135,12,16,130,80,11,39,369,163,148,5,10,206,154,4,48
S01009850,765,431,364,29,38,334,221,23,90,371,238,191,18,29,133,78,10,45,394,193,173,11,9,201,143,13,45
S01009851,739,376,307,32,37,363,249,19,95,331,177,131,24,22,154,91,13,50,408,199,176,8,15,209,158,6,45
S01009852,495,259,224,16,19,236,149,25,62,211,127,104,13,10,84,53,10,21,284,132,120,3,9,152,96,15,41
S01009853,708,381,315,24,42,327,190,36,101,304,182,143,17,22,122,59,19,44,404,199,172,7,20,205,131,17,57
S01009854,690,440,355,31,54,250,110,21,119,312,207,150,20,37,105,42,11,52,378,233,205,11,17,145,68,10,67
S01009855,490,310,266,21,23,180,117,26,37,229,159,130,15,14,70,42,12,16,261,151,136,6,9,110,75,14,21
S01009856,548,269,217,27,25,279,160,45,74,209,124,93,18,13,85,46,15,24,339,145,124,9,12,194,114,30,50
S01009857,732,412,355,28,29,320,200,30,90,333,213,174,23,16,120,63,15,42,399,199,181,5,13,200,137,15,48
S01009858,633,373,318,24,31,260,158,33,69,271,176,142,19,15,95,49,19,27,362,197,176,5,16,165,109,14,42
S01009859,884,434,317,18,99,450,202,34,214,420,223,147,14,62,197,83,18,96,464,211,170,4,37,253,119,16,118
S01009860,793,376,276,8,92,417,204,25,188,376,193,125,4,64,183,84,9,90,417,183,151,4,28,234,120,16,98
S01009861,896,468,348,32,88,428,144,54,230,439,255,173,24,58,184,52,31,101,457,213,175,8,30,244,92,23,129
S01009862,961,552,419,34,99,409,165,50,194,483,291,202,28,61,192,65,33,94,478,261,217,6,38,217,100,17,100
S01009863,686,437,337,33,67,249,77,39,133,384,262,183,29,50,122,36,17,69,302,175,154,4,17,127,41,22,64
S01009864,513,342,248,30,64,171,49,41,81,270,200,138,26,36,70,16,19,35,243,142,110,4,28,101,33,22,46
S01009865,395,255,202,24,29,140,47,21,72,203,145,109,16,20,58,22,9,27,192,110,93,8,9,82,25,12,45
S01009866,782,514,425,35,54,268,152,43,73,372,266,203,28,35,106,56,26,24,410,248,222,7,19,162,96,17,49
S01009867,948,692,580,72,40,256,133,50,73,527,399,324,49,26,128,57,37,34,421,293,256,23,14,128,76,13,39
S01009868,622,418,355,27,36,204,92,46,66,330,243,202,20,21,87,41,26,20,292,175,153,7,15,117,51,20,46
S01009869,464,339,264,30,45,125,26,59,40,282,207,152,24,31,75,16,41,18,182,132,112,6,14,50,10,18,22
S01009870,498,326,230,38,58,172,47,37,88,274,203,142,27,34,71,14,23,34,224,123,88,11,24,101,33,14,54
S01009871,853,406,305,60,41,447,251,55,141,424,222,149,43,30,202,100,38,64,429,184,156,17,11,245,151,17,77
S01009872,605,410,313,47,50,195,61,51,83,341,249,171,41,37,92,34,35,23,264,161,142,6,13,103,27,16,60
S01009873,788,435,315,78,42,353,203,49,101,422,243,158,56,29,179,105,22,52,366,192,157,22,13,174,98,27,49
S01009874,868,499,371,72,56,369,211,45,113,422,268,172,55,41,154,79,25,50,446,231,199,17,15,215,132,20,63
S01009875,517,296,199,35,62,221,40,58,123,256,173,114,28,31,83,14,26,43,261,123,85,7,31,138,26,32,80
S01009876,526,286,197,19,70,240,47,64,129,263,152,93,17,42,111,17,42,52,263,134,104,2,28,129,30,22,77
S01009877,761,443,306,111,26,318,164,58,96,356,240,151,75,14,116,68,21,27,405,203,155,36,12,202,96,37,69
S01009878,542,312,208,51,53,230,69,41,120,302,213,132,46,35,89,37,20,32,240,99,76,5,18,141,32,21,88
S01009879,733,467,319,119,29,266,140,47,79,351,252,157,75,20,99,62,25,12,382,215,162,44,9,167,78,22,67
S01009880,612,339,250,60,29,273,89,50,134,307,203,136,48,19,104,47,30,27,305,136,114,12,10,169,42,20,107
S01009881,402,257,185,38,34,145,22,33,90,219,173,115,35,23,46,6,18,22,183,84,70,3,11,99,16,15,68
S01009882,936,754,602,89,63,182,33,42,107,512,448,336,67,45,64,11,18,35,424,306,266,22,18,118,22,24,72
S01009883,602,375,266,51,58,227,33,53,141,322,237,168,37,32,85,20,32,33,280,138,98,14,26,142,13,21,108
S01009884,634,427,307,73,47,207,36,52,119,317,252,172,54,26,65,14,24,27,317,175,135,19,21,142,22,28,92
S01009885,663,389,250,78,61,274,79,71,124,322,222,143,51,28,100,40,44,16,341,167,107,27,33,174,39,27,108
S01009886,626,335,237,56,42,291,108,70,113,320,208,141,40,27,112,46,37,29,306,127,96,16,15,179,62,33,84
S01009887,774,463,333,51,79,311,66,106,139,450,289,194,34,61,161,31,78,52,324,174,139,17,18,150,35,28,87
S01009888,527,311,236,43,32,216,52,42,122,280,197,147,34,16,83,23,26,34,247,114,89,9,16,133,29,16,88
S01009889,652,371,282,51,38,281,88,57,136,353,230,172,31,27,123,40,37,46,299,141,110,20,11,158,48,20,90
S01009890,439,256,191,18,47,183,55,21,107,240,152,109,16,27,88,26,12,50,199,104,82,2,20,95,29,9,57
S01009891,635,382,291,36,55,253,125,24,104,333,219,155,24,40,114,55,16,43,302,163,136,12,15,139,70,8,61
S01009892,708,401,311,21,69,307,90,43,174,371,224,163,16,45,147,36,21,90,337,177,148,5,24,160,54,22,84
S01009893,672,458,353,43,62,214,58,45,111,379,290,211,32,47,89,30,28,31,293,168,142,11,15,125,28,17,80
S01009894,689,346,271,31,44,343,149,41,153,331,196,148,26,22,135,48,19,68,358,150,123,5,22,208,101,22,85
S01009895,620,344,265,22,57,276,79,43,154,340,192,140,18,34,148,38,28,82,280,152,125,4,23,128,41,15,72
S01009896,769,395,283,45,67,374,106,56,212,404,229,146,38,45,175,48,38,89,365,166,137,7,22,199,58,18,123
S01009897,810,462,357,51,54,348,192,39,117,400,252,176,32,44,148,71,20,57,410,210,181,19,10,200,121,19,60
S01009898,490,236,160,37,39,254,110,24,120,232,132,82,30,20,100,56,16,28,258,104,78,7,19,154,54,8,92
S01009899,684,490,419,38,33,194,94,20,80,333,256,205,25,26,77,33,8,36,351,234,214,13,7,117,61,12,44
S01009900,741,635,551,49,35,106,51,12,43,330,284,244,22,18,46,26,5,15,411,351,307,27,17,60,25,7,28
S01009901,741,617,529,53,35,124,68,15,41,362,317,260,35,22,45,25,10,10,379,300,269,18,13,79,43,5,31
S01009902,804,391,300,39,52,413,262,32,119,390,218,154,27,37,172,107,15,50,414,173,146,12,15,241,155,17,69
S01009903,652,458,344,75,39,194,52,40,102,333,262,179,56,27,71,29,19,23,319,196,165,19,12,123,23,21,79
S01009904,696,493,416,53,24,203,121,34,48,329,246,194,37,15,83,41,20,22,367,247,222,16,9,120,80,14,26
S01009905,622,432,316,51,65,190,48,74,68,374,268,188,35,45,106,23,57,26,248,164,128,16,20,84,25,17,42
S01009906,557,411,328,43,40,146,47,34,65,299,226,172,31,23,73,25,21,27,258,185,156,12,17,73,22,13,38
S01009907,730,500,372,45,83,230,49,87,94,405,268,183,30,55,137,30,62,45,325,232,189,15,28,93,19,25,49
S01009908,856,667,526,108,33,189,71,43,75,444,356,270,71,15,88,35,24,29,412,311,256,37,18,101,36,19,46
S01009909,767,589,453,86,50,178,65,36,77,421,327,241,55,31,94,33,25,36,346,262,212,31,19,84,32,11,41
S01009910,455,378,307,40,31,77,24,21,32,236,207,164,25,18,29,11,8,10,219,171,143,15,13,48,13,13,22
S01009911,840,533,432,65,36,307,209,34,64,397,273,199,47,27,124,85,14,25,443,260,233,18,9,183,124,20,39
S01009912,790,448,316,109,23,342,233,37,72,371,241,160,71,10,130,94,21,15,419,207,156,38,13,212,139,16,57
S01009913,591,376,258,99,19,215,82,45,88,286,217,129,76,12,69,35,19,15,305,159,129,23,7,146,47,26,73
S01009914,819,516,350,142,24,303,193,43,67,396,286,175,97,14,110,70,21,19,423,230,175,45,10,193,123,22,48
S01009915,752,502,383,92,27,250,142,39,69,372,276,188,71,17,96,57,17,22,380,226,195,21,10,154,85,22,47
S01009916,776,427,289,104,34,349,153,67,129,368,243,140,87,16,125,67,40,18,408,184,149,17,18,224,86,27,111
S01009917,592,405,333,55,17,187,116,25,46,290,219,163,45,11,71,46,11,14,302,186,170,10,6,116,70,14,32
S01009918,578,370,294,60,16,208,137,33,38,276,184,136,39,9,92,59,19,14,302,186,158,21,7,116,78,14,24
S01009919,948,597,457,73,67,351,196,57,98,424,305,226,46,33,119,71,25,23,524,292,231,27,34,232,125,32,75
S01009920,782,621,545,52,24,161,88,23,50,370,308,263,29,16,62,35,15,12,412,313,282,23,8,99,53,8,38
S01009921,593,493,417,41,35,100,49,18,33,308,268,218,27,23,40,19,8,13,285,225,199,14,12,60,30,10,20
S01009922,940,740,648,58,34,200,110,32,58,468,382,319,38,25,86,43,13,30,472,358,329,20,9,114,67,19,28
S01009923,788,551,453,60,38,237,139,29,69,407,313,241,42,30,94,47,14,33,381,238,212,18,8,143,92,15,36
S01009924,896,647,564,55,28,249,110,52,87,440,331,277,40,14,109,41,30,38,456,316,287,15,14,140,69,22,49
S01009925,602,500,438,31,31,102,37,21,44,284,241,198,19,24,43,15,11,17,318,259,240,12,7,59,22,10,27
S01009926,660,458,371,61,26,202,88,31,83,320,244,189,41,14,76,33,15,28,340,214,182,20,12,126,55,16,55
S01009927,443,296,226,39,31,147,88,16,43,219,163,115,29,19,56,29,8,19,224,133,111,10,12,91,59,8,24
S01009928,763,557,438,86,33,206,150,23,33,371,283,203,60,20,88,57,17,14,392,274,235,26,13,118,93,6,19
S01009929,423,287,222,43,22,136,102,14,20,192,145,104,27,14,47,36,8,3,231,142,118,16,8,89,66,6,17
S01009930,758,604,487,73,44,154,76,32,46,384,316,238,46,32,68,38,13,17,374,288,249,27,12,86,38,19,29
S01009931,692,587,506,55,26,105,53,19,33,349,305,247,41,17,44,23,10,11,343,282,259,14,9,61,30,9,22
S01009932,576,454,380,56,18,122,69,21,32,278,234,184,37,13,44,26,6,12,298,220,196,19,5,78,43,15,20
S01009933,762,480,369,28,83,282,98,41,143,394,271,194,22,55,123,39,19,65,368,209,175,6,28,159,59,22,78
S01009934,753,542,465,44,33,211,127,31,53,347,270,217,29,24,77,48,14,15,406,272,248,15,9,134,79,17,38
S01009935,502,203,165,10,28,299,188,10,101,251,118,90,7,21,133,78,3,52,251,85,75,3,7,166,110,7,49
S01009936,568,332,273,27,32,236,118,20,98,310,192,155,19,18,118,47,12,59,258,140,118,8,14,118,71,8,39
S01009937,401,184,131,9,44,217,103,35,79,180,99,68,9,22,81,40,14,27,221,85,63,0,22,136,63,21,52
S01009938,818,357,276,39,42,461,284,30,147,391,198,143,28,27,193,108,14,71,427,159,133,11,15,268,176,16,76
S01009939,687,341,196,11,134,346,55,63,228,370,191,95,10,86,179,26,42,111,317,150,101,1,48,167,29,21,117
S01009940,678,326,248,15,63,352,164,22,166,325,167,112,12,43,158,68,13,77,353,159,136,3,20,194,96,9,89
S01009941,754,523,399,63,61,231,61,65,105,346,273,191,54,28,73,23,24,26,408,250,208,9,33,158,38,41,79
S01009942,836,449,340,29,80,387,174,36,177,408,233,153,25,55,175,65,14,96,428,216,187,4,25,212,109,22,81
S01009943,671,319,245,18,56,352,154,25,173,311,158,111,12,35,153,66,16,71,360,161,134,6,21,199,88,9,102
S01009944,658,380,304,38,38,278,161,39,78,319,191,140,29,22,128,74,24,30,339,189,164,9,16,150,87,15,48
S01009945,790,433,353,30,50,357,189,43,125,337,208,160,24,24,129,61,23,45,453,225,193,6,26,228,128,20,80
S01009946,672,388,311,30,47,284,143,32,109,316,197,156,19,22,119,54,21,44,356,191,155,11,25,165,89,11,65
S01009947,470,262,208,27,27,208,133,20,55,213,133,97,19,17,80,48,14,18,257,129,111,8,10,128,85,6,37
S01009948,671,328,251,23,54,343,172,40,131,333,168,119,14,35,165,75,22,68,338,160,132,9,19,178,97,18,63
S01009949,667,390,309,27,54,277,166,32,79,325,214,156,21,37,111,60,19,32,342,176,153,6,17,166,106,13,47
S01009950,593,389,290,76,23,204,120,42,42,286,211,140,57,14,75,46,21,8,307,178,150,19,9,129,74,21,34
S01009951,615,397,260,114,23,218,115,44,59,305,224,115,90,19,81,48,19,14,310,173,145,24,4,137,67,25,45
S01009952,599,368,308,43,17,231,151,34,46,269,187,148,32,7,82,46,20,16,330,181,160,11,10,149,105,14,30
S01009953,734,469,383,61,25,265,175,29,61,339,231,173,38,20,108,75,12,21,395,238,210,23,5,157,100,17,40
S01009954,511,324,227,65,32,187,83,37,67,261,177,107,52,18,84,41,21,22,250,147,120,13,14,103,42,16,45
S01009955,854,485,393,51,41,369,232,42,95,402,258,205,35,18,144,89,17,38,452,227,188,16,23,225,143,25,57
S01009956,617,357,274,43,40,260,142,39,79,282,176,124,32,20,106,57,18,31,335,181,150,11,20,154,85,21,48
S01009957,611,400,303,86,11,211,152,31,28,295,208,139,62,7,87,63,16,8,316,192,164,24,4,124,89,15,20
S01009958,747,539,446,75,18,208,157,21,30,359,268,203,54,11,91,65,16,10,388,271,243,21,7,117,92,5,20
S01009959,556,307,224,67,16,249,186,27,36,248,159,98,50,11,89,68,13,8,308,148,126,17,5,160,118,14,28
S01009960,758,418,339,64,15,340,243,40,57,338,218,167,41,10,120,75,25,20,420,200,172,23,5,220,168,15,37
S01009961,580,339,265,47,27,241,153,26,62,272,174,123,34,17,98,60,13,25,308,165,142,13,10,143,93,13,37
S01009962,888,612,525,50,37,276,171,17,88,427,321,262,37,22,106,63,6,37,461,291,263,13,15,170,108,11,51
S01009963,665,442,373,58,11,223,149,36,38,327,237,188,41,8,90,62,18,10,338,205,185,17,3,133,87,18,28
S01009964,743,516,426,64,26,227,133,36,58,373,280,210,50,20,93,56,22,15,370,236,216,14,6,134,77,14,43
S01009965,613,401,335,39,27,212,165,15,32,300,217,168,34,15,83,70,7,6,313,184,167,5,12,129,95,8,26
S01009966,645,435,372,32,31,210,139,27,44,318,220,173,29,18,98,64,20,14,327,215,199,3,13,112,75,7,30
S01009967,700,453,373,63,17,247,199,29,19,329,226,169,44,13,103,79,15,9,371,227,204,19,4,144,120,14,10
S01009968,523,344,291,34,19,179,117,19,43,251,182,141,31,10,69,49,9,11,272,162,150,3,9,110,68,10,32
S01009969,700,408,318,66,24,292,193,37,62,344,216,153,49,14,128,91,18,19,356,192,165,17,10,164,102,19,43
S01009970,733,378,277,21,80,355,167,36,152,302,178,116,17,45,124,59,16,49,431,200,161,4,35,231,108,20,103
S01009971,860,525,398,42,85,335,119,34,182,393,271,182,34,55,122,41,14,67,467,254,216,8,30,213,78,20,115
S01009972,680,397,328,42,27,283,173,27,83,306,203,153,34,16,103,58,17,28,374,194,175,8,11,180,115,10,55
S01009973,565,391,333,26,32,174,56,31,87,255,182,142,21,19,73,26,17,30,310,209,191,5,13,101,30,14,57
S01009974,468,244,183,10,51,224,82,11,131,192,108,70,6,32,84,30,2,52,276,136,113,4,19,140,52,9,79
S01009975,629,267,195,15,57,362,129,23,210,272,124,83,11,30,148,46,13,89,357,143,112,4,27,214,83,10,121
S01009976,385,213,173,10,30,172,57,13,102,167,103,74,8,21,64,18,8,38,218,110,99,2,9,108,39,5,64
S01009977,813,325,236,11,78,488,211,38,239,425,180,120,10,50,245,92,22,131,388,145,116,1,28,243,119,16,108
S01009978,773,441,340,22,79,332,71,44,217,338,217,143,17,57,121,27,15,79,435,224,197,5,22,211,44,29,138
S01009979,516,209,160,6,43,307,154,9,144,202,102,71,6,25,100,42,2,56,314,107,89,0,18,207,112,7,88
S01009980,541,231,168,5,58,310,116,29,165,231,110,77,4,29,121,37,9,75,310,121,91,1,29,189,79,20,90
S01009981,532,301,223,12,66,231,82,16,133,234,147,96,7,44,87,28,5,54,298,154,127,5,22,144,54,11,79
S01009982,767,497,390,39,68,270,64,47,159,339,232,174,26,32,107,23,21,63,428,265,216,13,36,163,41,26,96
S01009983,426,228,156,6,66,198,31,32,135,184,106,55,6,45,78,11,16,51,242,122,101,0,21,120,20,16,84
S01009984,580,388,299,34,55,192,65,23,104,270,196,139,23,34,74,30,8,36,310,192,160,11,21,118,35,15,68
S01009985,467,268,188,14,66,199,42,24,133,227,134,87,12,35,93,18,12,63,240,134,101,2,31,106,24,12,70
S01009986,446,208,146,6,56,238,99,12,127,196,97,59,6,32,99,36,8,55,250,111,87,0,24,139,63,4,72
S01009987,747,370,290,21,59,377,237,20,120,348,186,125,15,46,162,90,10,62,399,184,165,6,13,215,147,10,58
S01009988,447,195,144,5,46,252,133,21,98,198,96,59,4,33,102,53,10,39,249,99,85,1,13,150,80,11,59
S01009989,670,434,356,27,51,236,121,28,87,310,215,163,24,28,95,42,17,36,360,219,193,3,23,141,79,11,51
S01009990,553,401,343,22,36,152,81,31,40,245,187,145,19,23,58,33,13,12,308,214,198,3,13,94,48,18,28
S01009991,625,458,387,26,45,167,67,34,66,280,218,166,21,31,62,24,16,22,345,240,221,5,14,105,43,18,44
S01009992,573,283,207,14,62,290,148,15,127,238,126,82,9,35,112,52,7,53,335,157,125,5,27,178,96,8,74
S01009993,659,492,416,44,32,167,92,26,49,312,251,196,32,23,61,36,12,13,347,241,220,12,9,106,56,14,36
S01009994,532,385,333,27,25,147,65,22,60,238,188,152,21,15,50,26,12,12,294,197,181,6,10,97,39,10,48
S01009995,535,398,340,27,31,137,65,25,47,235,187,150,19,18,48,21,14,13,300,211,190,8,13,89,44,11,34
S01009996,572,394,330,25,39,178,76,30,72,249,183,140,20,23,66,31,16,19,323,211,190,5,16,112,45,14,53
S01009997,470,340,288,21,31,130,64,22,44,229,178,143,17,18,51,24,11,16,241,162,145,4,13,79,40,11,28
S01009998,524,298,224,47,27,226,134,34,58,248,163,108,35,20,85,49,13,23,276,135,116,12,7,141,85,21,35
S01009999,597,369,310,28,31,228,145,26,57,292,207,165,19,23,85,63,10,12,305,162,145,9,8,143,82,16,45
S01010000,491,362,300,25,37,129,63,24,42,233,184,144,19,21,49,22,14,13,258,178,156,6,16,80,41,10,29
S01010001,617,406,343,29,34,211,105,35,71,272,200,165,20,15,72,35,17,20,345,206,178,9,19,139,70,18,51
S01010002,644,438,369,30,39,206,103,31,72,279,211,164,23,24,68,32,13,23,365,227,205,7,15,138,71,18,49
S01010003,571,393,335,34,24,178,114,27,37,275,198,159,24,15,77,51,12,14,296,195,176,10,9,101,63,15,23
S01010004,617,393,313,40,40,224,155,36,33,292,201,147,27,27,91,60,20,11,325,192,166,13,13,133,95,16,22
S01010005,682,479,386,31,62,203,113,19,71,334,241,179,21,41,93,47,11,35,348,238,207,10,21,110,66,8,36
S01010006,810,560,493,24,43,250,152,24,74,371,276,230,17,29,95,43,16,36,439,284,263,7,14,155,109,8,38
S01010007,805,553,473,56,24,252,167,34,51,401,299,245,45,9,102,69,20,13,404,254,228,11,15,150,98,14,38
S01010008,567,413,352,33,28,154,85,15,54,262,203,161,23,19,59,24,5,30,305,210,191,10,9,95,61,10,24
S01010009,528,423,359,29,35,105,37,9,59,299,245,195,23,27,54,15,4,35,229,178,164,6,8,51,22,5,24
S01010010,858,575,472,71,32,283,193,38,52,421,294,225,50,19,127,85,23,19,437,281,247,21,13,156,108,15,33
S01010011,703,415,352,25,38,288,205,12,71,333,204,164,19,21,129,84,4,41,370,211,188,6,17,159,121,8,30
S01010012,685,428,359,43,26,257,156,28,73,287,199,150,35,14,88,57,11,20,398,229,209,8,12,169,99,17,53
S01010013,698,518,430,41,47,180,111,21,48,340,258,197,30,31,82,44,12,26,358,260,233,11,16,98,67,9,22
S01010014,874,616,488,82,46,258,133,32,93,460,340,250,57,33,120,54,21,45,414,276,238,25,13,138,79,11,48
S01010015,711,555,445,58,52,156,44,56,56,359,283,213,43,27,76,21,32,23,352,272,232,15,25,80,23,24,33
S01010016,611,328,277,21,30,283,181,27,75,295,175,134,18,23,120,76,13,31,316,153,143,3,7,163,105,14,44
S01010017,606,347,267,17,63,259,131,32,96,252,155,99,14,42,97,45,16,36,354,192,168,3,21,162,86,16,60
S01010018,798,418,365,24,29,380,225,29,126,353,210,173,20,17,143,81,11,51,445,208,192,4,12,237,144,18,75
S01010019,586,293,224,10,59,293,156,21,116,252,139,93,10,36,113,62,6,45,334,154,131,0,23,180,94,15,71
S01010020,627,350,302,21,27,277,172,25,80,279,166,136,16,14,113,57,18,38,348,184,166,5,13,164,115,7,42
S01010021,624,305,200,23,82,319,87,52,180,309,157,89,19,49,152,48,22,82,315,148,111,4,33,167,39,30,98
S01010022,773,415,315,32,68,358,137,43,178,386,228,165,23,40,158,64,25,69,387,187,150,9,28,200,73,18,109
S01010023,536,212,154,9,49,324,179,15,130,243,109,76,7,26,134,67,6,61,293,103,78,2,23,190,112,9,69
S01010024,625,363,298,14,51,262,113,34,115,316,194,143,14,37,122,50,15,57,309,169,155,0,14,140,63,19,58
S01010025,471,231,162,22,47,240,73,19,148,252,125,87,16,22,127,30,12,85,219,106,75,6,25,113,43,7,63
S01010026,758,477,382,30,65,281,76,54,151,386,255,196,21,38,131,39,25,67,372,222,186,9,27,150,37,29,84
S01010027,761,480,396,29,55,281,106,72,103,380,260,206,21,33,120,30,53,37,381,220,190,8,22,161,76,19,66
S01010028,547,283,221,21,41,264,134,29,101,261,135,100,14,21,126,56,19,51,286,148,121,7,20,138,78,10,50
S01010029,574,217,174,11,32,357,203,16,138,281,116,81,8,27,165,85,10,70,293,101,93,3,5,192,118,6,68
S01010030,704,501,428,27,46,203,76,53,74,358,268,229,18,21,90,32,35,23,346,233,199,9,25,113,44,18,51
S01010031,730,549,438,45,66,181,29,93,59,465,352,268,29,55,113,17,58,38,265,197,170,16,11,68,12,35,21
S01010032,804,479,371,24,84,325,12,189,124,600,335,241,18,76,265,7,162,96,204,144,130,6,8,60,5,27,28
S01010033,769,463,351,33,79,306,100,54,152,406,265,179,29,57,141,40,31,70,363,198,172,4,22,165,60,23,82
S01010034,882,431,354,15,62,451,207,102,142,490,253,205,11,37,237,89,79,69,392,178,149,4,25,214,118,23,73
S01010035,573,301,213,14,74,272,76,48,148,339,188,129,12,47,151,36,33,82,234,113,84,2,27,121,40,15,66
S01010036,767,572,446,46,80,195,1,159,35,469,367,272,33,62,102,1,92,9,298,205,174,13,18,93,0,67,26
S01010037,565,234,186,10,38,331,193,20,118,259,120,86,8,26,139,76,9,54,306,114,100,2,12,192,117,11,64
S01010038,867,448,366,32,50,419,152,69,198,425,235,178,20,37,190,53,40,97,442,213,188,12,13,229,99,29,101
S01010039,931,669,558,59,52,262,28,177,57,532,380,309,43,28,152,17,103,32,399,289,249,16,24,110,11,74,25
S01010040,666,484,388,46,50,182,62,37,83,369,278,213,33,32,91,34,16,41,297,206,175,13,18,91,28,21,42
S01010041,627,401,339,33,29,226,56,80,90,384,239,200,20,19,145,31,54,60,243,162,139,13,10,81,25,26,30
S01010042,974,717,583,44,90,257,55,98,104,518,396,308,29,59,122,26,55,41,456,321,275,15,31,135,29,43,63
S01010043,656,404,305,16,83,252,94,23,135,328,208,147,13,48,120,42,17,61,328,196,158,3,35,132,52,6,74
S01010044,993,584,485,37,62,409,226,34,149,463,289,224,33,32,174,87,14,73,530,295,261,4,30,235,139,20,76
S01010045,418,179,140,7,32,239,95,18,126,173,79,57,3,19,94,28,10,56,245,100,83,4,13,145,67,8,70
S01010046,647,349,268,33,48,298,134,22,142,300,178,128,22,28,122,55,8,59,347,171,140,11,20,176,79,14,83
S01010047,694,317,239,16,62,377,180,25,172,334,156,110,11,35,178,78,12,88,360,161,129,5,27,199,102,13,84
S01010048,810,388,306,18,64,422,201,41,180,371,196,145,11,40,175,84,20,71,439,192,161,7,24,247,117,21,109
S01010049,604,317,241,11,65,287,100,26,161,244,144,100,9,35,100,37,9,54,360,173,141,2,30,187,63,17,107
S01010050,807,373,287,15,71,434,145,41,248,425,194,139,11,44,231,60,24,147,382,179,148,4,27,203,85,17,101
S01010051,606,269,209,14,46,337,165,24,148,286,131,96,10,25,155,67,21,67,320,138,113,4,21,182,98,3,81
S01010052,555,305,235,12,58,250,82,19,149,303,186,136,10,40,117,35,10,72,252,119,99,2,18,133,47,9,77
S01010053,700,400,321,22,57,300,109,38,153,318,195,150,18,27,123,44,21,58,382,205,171,4,30,177,65,17,95
S01010054,411,200,142,6,52,211,49,18,144,171,87,54,6,27,84,16,11,57,240,113,88,0,25,127,33,7,87
S01010055,961,500,384,32,84,461,169,46,246,534,267,185,23,59,267,88,28,151,427,233,199,9,25,194,81,18,95
S01010056,360,202,157,13,32,158,42,15,101,165,97,66,12,19,68,16,7,45,195,105,91,1,13,90,26,8,56
S01010057,334,197,160,11,26,137,61,19,57,140,95,68,10,17,45,18,4,23,194,102,92,1,9,92,43,15,34
S01010058,613,366,297,18,51,247,69,32,146,290,188,145,14,29,102,25,22,55,323,178,152,4,22,145,44,10,91
S01010059,548,372,304,23,45,176,86,27,63,254,175,125,17,33,79,33,12,34,294,197,179,6,12,97,53,15,29
S01010060,768,444,357,28,59,324,121,35,168,380,235,174,24,37,145,45,19,81,388,209,183,4,22,179,76,16,87
S01010061,419,295,240,24,31,124,55,30,39,203,141,104,18,19,62,20,21,21,216,154,136,6,12,62,35,9,18
S01010062,594,319,244,28,47,275,147,13,115,274,168,114,21,33,106,66,5,35,320,151,130,7,14,169,81,8,80
S01010063,854,475,361,25,89,379,165,27,187,434,256,178,21,57,178,83,12,83,420,219,183,4,32,201,82,15,104
S01010064,442,260,214,17,29,182,86,18,78,200,125,90,14,21,75,36,4,35,242,135,124,3,8,107,50,14,43
S01010065,709,372,314,21,37,337,162,18,157,312,186,143,18,25,126,59,8,59,397,186,171,3,12,211,103,10,98
S01010066,608,301,227,20,54,307,121,37,149,257,141,100,12,29,116,48,21,47,351,160,127,8,25,191,73,16,102
S01010067,468,255,170,14,71,213,78,24,111,203,129,78,12,39,74,34,9,31,265,126,92,2,32,139,44,15,80
S01010068,524,316,259,25,32,208,93,27,88,273,182,149,16,17,91,39,19,33,251,134,110,9,15,117,54,8,55
S01010069,698,511,442,47,22,187,116,21,50,340,261,208,35,18,79,44,10,25,358,250,234,12,4,108,72,11,25
S01010070,556,431,368,48,15,125,49,26,50,262,213,167,40,6,49,19,18,12,294,218,201,8,9,76,30,8,38
S01010071,680,399,320,47,32,281,155,32,94,325,212,161,36,15,113,58,19,36,355,187,159,11,17,168,97,13,58
S01010072,693,421,358,29,34,272,182,18,72,328,218,177,19,22,110,71,6,33,365,203,181,10,12,162,111,12,39
S01010073,671,383,339,33,11,288,215,26,47,325,201,163,27,11,124,90,14,20,346,182,176,6,0,164,125,12,27
S01010074,694,385,326,37,22,309,229,21,59,329,210,168,30,12,119,90,14,15,365,175,158,7,10,190,139,7,44
S01010075,541,252,215,12,25,289,197,17,75,251,135,105,11,19,116,79,8,29,290,117,110,1,6,173,118,9,46
S01010076,553,333,272,29,32,220,114,22,84,260,176,137,17,22,84,37,15,32,293,157,135,12,10,136,77,7,52
S01010077,511,260,214,24,22,251,116,22,113,223,119,88,19,12,104,48,11,45,288,141,126,5,10,147,68,11,68
S01010078,510,364,311,33,20,146,80,21,45,258,201,157,28,16,57,35,7,15,252,163,154,5,4,89,45,14,30
S01010079,793,501,397,83,21,292,205,35,52,389,261,186,64,11,128,89,22,17,404,240,211,19,10,164,116,13,35
S01010080,577,328,273,37,18,249,203,19,27,278,181,140,30,11,97,79,9,9,299,147,133,7,7,152,124,10,18
S01010081,617,349,272,63,14,268,190,36,42,297,182,132,47,3,115,84,19,12,320,167,140,16,11,153,106,17,30
S01010082,742,467,369,62,36,275,183,31,61,336,237,161,50,26,99,63,17,19,406,230,208,12,10,176,120,14,42
S01010083,609,311,247,23,41,298,171,34,93,292,170,121,21,28,122,64,16,42,317,141,126,2,13,176,107,18,51
S01010084,750,390,334,16,40,360,200,17,143,356,201,159,13,29,155,89,8,58,394,189,175,3,11,205,111,9,85
S01010085,657,415,352,35,28,242,175,18,49,321,232,182,30,20,89,71,7,11,336,183,170,5,8,153,104,11,38
S01010086,778,391,314,25,52,387,186,44,157,346,204,146,19,39,142,65,25,52,432,187,168,6,13,245,121,19,105
S01010087,506,284,228,43,13,222,174,12,36,248,148,105,33,10,100,77,7,16,258,136,123,10,3,122,97,5,20
S01010088,612,525,428,77,20,87,22,27,38,306,268,192,65,11,38,10,18,10,306,257,236,12,9,49,12,9,28
S01010089,618,336,277,26,33,282,153,49,80,288,172,130,25,17,116,58,22,36,330,164,147,1,16,166,95,27,44
S01010090,875,617,532,52,33,258,142,46,70,403,311,240,44,27,92,42,25,25,472,306,292,8,6,166,100,21,45
S01010091,674,529,429,56,44,145,63,34,48,331,268,195,45,28,63,28,23,12,343,261,234,11,16,82,35,11,36
S01010092,822,355,292,21,42,467,257,40,170,364,173,133,18,22,191,97,20,74,458,182,159,3,20,276,160,20,96
S01010093,731,475,393,41,41,256,154,37,65,329,231,172,35,24,98,59,19,20,402,244,221,6,17,158,95,18,45
S01010094,564,357,312,28,17,207,159,16,32,261,176,144,21,11,85,63,9,13,303,181,168,7,6,122,96,7,19
S01010095,594,394,332,40,22,200,149,20,31,287,202,161,31,10,85,69,10,6,307,192,171,9,12,115,80,10,25
S01010096,617,419,356,35,28,198,111,31,56,280,199,157,29,13,81,53,13,15,337,220,199,6,15,117,58,18,41
S01010097,603,387,316,35,36,216,140,20,56,280,197,149,25,23,83,59,9,15,323,190,167,10,13,133,81,11,41
S01010098,600,392,329,41,22,208,138,24,46,301,210,160,33,17,91,54,16,21,299,182,169,8,5,117,84,8,25
S01010099,592,363,306,37,20,229,171,25,33,271,181,143,25,13,90,63,15,12,321,182,163,12,7,139,108,10,21
S01010100,766,442,373,49,20,324,221,31,72,348,225,173,38,14,123,92,16,15,418,217,200,11,6,201,129,15,57
S01010101,644,402,341,37,24,242,170,21,51,300,205,157,31,17,95,64,15,16,344,197,184,6,7,147,106,6,35
S01010102,749,592,516,44,32,157,58,50,49,348,284,231,38,15,64,29,23,12,401,308,285,6,17,93,29,27,37
S01010103,774,637,518,77,42,137,52,40,45,363,320,237,59,24,43,20,16,7,411,317,281,18,18,94,32,24,38
S01010104,554,458,387,47,24,96,26,28,42,270,236,185,38,13,34,6,18,10,284,222,202,9,11,62,20,10,32
S01010105,313,205,161,7,37,108,22,16,70,140,101,78,6,17,39,9,9,21,173,104,83,1,20,69,13,7,49
S01010106,357,183,144,10,29,174,82,17,75,150,88,64,7,17,62,27,7,28,207,95,80,3,12,112,55,10,47
S01010107,647,378,301,26,51,269,85,65,119,303,185,137,22,26,118,33,45,40,344,193,164,4,25,151,52,20,79
S01010108,623,367,297,34,36,256,138,18,100,294,188,128,29,31,106,56,9,41,329,179,169,5,5,150,82,9,59
S01010109,659,404,326,27,51,255,115,38,102,309,197,149,20,28,112,49,19,44,350,207,177,7,23,143,66,19,58
S01010110,684,322,254,14,54,362,182,33,147,301,152,106,12,34,149,69,16,64,383,170,148,2,20,213,113,17,83
S01010111,754,388,276,23,89,366,107,40,219,336,184,118,19,47,152,39,14,99,418,204,158,4,42,214,68,26,120
S01010112,728,399,290,21,88,329,77,49,203,322,181,121,17,43,141,33,23,85,406,218,169,4,45,188,44,26,118
S01010113,395,225,169,10,46,170,58,17,95,177,104,70,8,26,73,24,6,43,218,121,99,2,20,97,34,11,52
S01010114,614,289,216,10,63,325,105,27,193,277,141,100,6,35,136,41,13,82,337,148,116,4,28,189,64,14,111
S01010115,486,359,293,38,28,127,44,29,54,227,178,132,30,16,49,17,13,19,259,181,161,8,12,78,27,16,35
S01010116,794,618,527,45,46,176,45,52,79,374,302,245,35,22,72,21,27,24,420,316,282,10,24,104,24,25,55
S01010117,502,397,327,44,26,105,37,17,51,235,196,151,29,16,39,13,10,16,267,201,176,15,10,66,24,7,35
S01010118,478,228,162,9,57,250,59,27,164,200,111,69,6,36,89,22,11,56,278,117,93,3,21,161,37,16,108
S01010119,389,265,196,10,59,124,24,21,79,162,123,80,8,35,39,6,9,24,227,142,116,2,24,85,18,12,55
S01010120,772,423,303,15,105,349,83,40,226,334,214,138,12,64,120,26,16,78,438,209,165,3,41,229,57,24,148
S01010121,532,291,218,15,58,241,83,22,136,229,142,94,12,36,87,27,6,54,303,149,124,3,22,154,56,16,82
S01010122,380,162,113,6,43,218,75,15,128,204,88,60,5,23,116,39,9,68,176,74,53,1,20,102,36,6,60
S01010123,535,324,260,11,53,211,61,15,135,228,153,107,8,38,75,24,12,39,307,171,153,3,15,136,37,3,96
S01010124,506,368,307,23,38,138,45,26,67,226,175,131,20,24,51,19,13,19,280,193,176,3,14,87,26,13,48
S01010125,402,253,200,19,34,149,31,17,101,174,115,80,17,18,59,13,7,39,228,138,120,2,16,90,18,10,62
S01010126,593,394,318,41,35,199,80,27,92,279,203,142,33,28,76,32,15,29,314,191,176,8,7,123,48,12,63
S01010127,526,258,203,16,39,268,143,14,111,244,132,90,16,26,112,53,5,54,282,126,113,0,13,156,90,9,57
S01010128,343,181,132,5,44,162,39,23,100,149,78,53,3,22,71,23,12,36,194,103,79,2,22,91,16,11,64
S01010129,550,294,207,8,79,256,66,28,162,247,145,92,7,46,102,30,9,63,303,149,115,1,33,154,36,19,99
S01010130,341,158,121,13,24,183,104,12,67,133,73,48,11,14,60,36,8,16,208,85,73,2,10,123,68,4,51
S01010131,840,511,414,67,30,329,242,28,59,381,271,198,52,21,110,79,8,23,459,240,216,15,9,219,163,20,36
S01010132,809,359,281,16,62,450,235,43,172,360,174,124,12,38,186,86,19,81,449,185,157,4,24,264,149,24,91
S01010133,607,270,215,15,40,337,188,33,116,271,133,96,10,27,138,70,17,51,336,137,119,5,13,199,118,16,65
S01010134,840,425,346,30,49,415,245,21,149,388,213,161,20,32,175,87,13,75,452,212,185,10,17,240,158,8,74
S01010135,639,297,251,13,33,342,197,25,120,282,150,118,11,21,132,65,11,56,357,147,133,2,12,210,132,14,64
S01010136,679,405,335,32,38,274,164,26,84,312,213,160,25,28,99,62,10,27,367,192,175,7,10,175,102,16,57
S01010137,849,400,331,21,48,449,322,31,96,338,194,149,16,29,144,97,11,36,511,206,182,5,19,305,225,20,60
S01010138,841,352,233,21,98,489,224,18,247,483,214,121,16,77,269,100,10,159,358,138,112,5,21,220,124,8,88
S01010139,897,466,375,29,62,431,248,28,155,415,242,177,22,43,173,94,14,65,482,224,198,7,19,258,154,14,90
S01010140,596,452,381,26,45,144,39,20,85,287,236,182,22,32,51,13,11,27,309,216,199,4,13,93,26,9,58
S01010141,662,333,264,20,49,329,141,26,162,308,161,114,16,31,147,58,17,72,354,172,150,4,18,182,83,9,90
S01010142,491,308,234,24,50,183,71,29,83,219,146,98,22,26,73,25,14,34,272,162,136,2,24,110,46,15,49
S01010143,632,301,250,25,26,331,202,18,111,286,153,113,20,20,133,76,9,48,346,148,137,5,6,198,126,9,63
S01010144,575,390,309,24,57,185,58,18,109,274,203,154,16,33,71,24,10,37,301,187,155,8,24,114,34,8,72
S01010145,650,379,309,27,43,271,138,27,106,304,196,143,26,27,108,54,10,44,346,183,166,1,16,163,84,17,62
S01010146,627,394,282,22,90,233,72,24,137,316,210,128,18,64,106,26,13,67,311,184,154,4,26,127,46,11,70
S01010147,746,410,287,26,97,336,95,30,211,320,181,108,16,57,139,41,12,86,426,229,179,10,40,197,54,18,125
S01010148,601,317,235,15,67,284,108,28,148,275,151,99,11,41,124,43,15,66,326,166,136,4,26,160,65,13,82
S01010149,496,296,254,29,13,200,122,23,55,214,140,115,19,6,74,35,10,29,282,156,139,10,7,126,87,13,26
S01010150,540,234,181,21,32,306,177,12,117,248,127,87,16,24,121,75,5,41,292,107,94,5,8,185,102,7,76
S01010151,550,216,167,10,39,334,229,20,85,242,111,70,9,32,131,84,13,34,308,105,97,1,7,203,145,7,51
S01010152,736,393,323,17,53,343,235,17,91,333,196,151,14,31,137,85,6,46,403,197,172,3,22,206,150,11,45
S01010153,825,386,317,26,43,439,267,25,147,378,197,151,20,26,181,108,7,66,447,189,166,6,17,258,159,18,81
S01010154,783,310,273,11,26,473,296,29,148,335,151,122,9,20,184,96,14,74,448,159,151,2,6,289,200,15,74
S01010155,664,298,245,22,31,366,255,14,97,263,143,106,18,19,120,68,6,46,401,155,139,4,12,246,187,8,51
S01010156,477,218,163,24,31,259,166,14,79,221,118,80,18,20,103,62,6,35,256,100,83,6,11,156,104,8,44
S01010157,487,228,153,10,65,259,131,20,108,196,108,63,7,38,88,44,7,37,291,120,90,3,27,171,87,13,71
S01010158,790,387,321,24,42,403,247,33,123,336,190,139,22,29,146,86,15,45,454,197,182,2,13,257,161,18,78
S01010159,628,282,232,24,26,346,216,13,117,283,139,106,15,18,144,91,7,46,345,143,126,9,8,202,125,6,71
S01010160,473,272,178,26,68,201,30,38,133,274,156,91,20,45,118,20,25,73,199,116,87,6,23,83,10,13,60
S01010161,484,332,269,27,36,152,47,21,84,226,159,111,24,24,67,22,13,32,258,173,158,3,12,85,25,8,52
S01010162,639,310,205,13,92,329,131,32,166,239,127,69,12,46,112,46,15,51,400,183,136,1,46,217,85,17,115
S01010163,465,234,176,13,45,231,79,27,125,210,109,81,10,18,101,32,14,55,255,125,95,3,27,130,47,13,70
S01010164,628,314,242,24,48,314,165,33,116,278,153,102,20,31,125,67,17,41,350,161,140,4,17,189,98,16,75
S01010165,490,256,194,7,55,234,95,24,115,230,133,93,6,34,97,43,12,42,260,123,101,1,21,137,52,12,73
S01010166,606,314,255,18,41,292,145,19,128,279,155,114,16,25,124,60,8,56,327,159,141,2,16,168,85,11,72
S01010167,692,302,231,16,55,390,243,18,129,316,161,109,13,39,155,87,9,59,376,141,122,3,16,235,156,9,70
S01010168,397,261,200,20,41,136,67,13,56,164,123,76,18,29,41,19,5,17,233,138,124,2,12,95,48,8,39
S01010169,666,412,313,28,71,254,107,23,124,297,211,152,21,38,86,40,10,36,369,201,161,7,33,168,67,13,88
S01010170,435,253,201,17,35,182,72,13,97,197,128,92,16,20,69,32,7,30,238,125,109,1,15,113,40,6,67
S01010171,783,399,278,12,109,384,138,31,215,342,190,117,11,62,152,52,16,84,441,209,161,1,47,232,86,15,131
S01010172,624,271,217,20,34,353,244,8,101,281,136,103,14,19,145,93,4,48,343,135,114,6,15,208,151,4,53
S01010173,639,333,275,27,31,306,202,24,80,276,167,131,21,15,109,73,11,25,363,166,144,6,16,197,129,13,55
S01010174,1309,382,298,29,55,927,123,16,788,1057,250,175,25,50,807,47,9,751,252,132,123,4,5,120,76,7,37
S01010175,384,214,174,14,26,170,85,11,74,177,113,81,13,19,64,29,3,32,207,101,93,1,7,106,56,8,42
S01010176,590,279,231,20,28,311,193,21,97,264,143,113,15,15,121,66,10,45,326,136,118,5,13,190,127,11,52
S01010177,571,308,213,16,79,263,88,32,143,246,145,85,12,48,101,28,13,60,325,163,128,4,31,162,60,19,83
S01010178,739,415,303,16,96,324,103,32,189,321,202,126,15,61,119,34,17,68,418,213,177,1,35,205,69,15,121
S01010179,690,345,275,11,59,345,126,32,187,314,179,129,9,41,135,53,12,70,376,166,146,2,18,210,73,20,117
S01010180,399,294,232,24,38,105,27,10,68,179,139,102,17,20,40,11,3,26,220,155,130,7,18,65,16,7,42
S01010181,489,254,175,19,60,235,114,11,110,212,124,76,16,32,88,44,4,40,277,130,99,3,28,147,70,7,70
S01010182,580,411,342,43,26,169,97,18,54,273,213,163,37,13,60,39,4,17,307,198,179,6,13,109,58,14,37
S01010183,391,182,145,10,27,209,129,10,70,163,80,59,5,16,83,43,6,34,228,102,86,5,11,126,86,4,36
S01010184,517,280,212,11,57,237,116,22,99,226,130,88,7,35,96,42,11,43,291,150,124,4,22,141,74,11,56
S01010185,487,265,203,16,46,222,101,20,101,210,122,78,12,32,88,41,8,39,277,143,125,4,14,134,60,12,62
S01010186,523,369,308,35,26,154,76,32,46,242,182,139,28,15,60,33,16,11,281,187,169,7,11,94,43,16,35
S01010187,548,416,357,31,28,132,66,16,50,258,200,164,23,13,58,34,10,14,290,216,193,8,15,74,32,6,36
S01010188,610,426,351,50,25,184,100,15,69,286,221,164,42,15,65,40,5,20,324,205,187,8,10,119,60,10,49
S01010189,739,612,518,64,30,127,31,54,42,370,317,248,47,22,53,13,29,11,369,295,270,17,8,74,18,25,31
S01010190,581,476,379,70,27,105,31,31,43,291,246,181,52,13,45,15,20,10,290,230,198,18,14,60,16,11,33
S01010191,531,415,343,53,19,116,41,32,43,257,208,157,39,12,49,13,20,16,274,207,186,14,7,67,28,12,27
S01010192,631,507,436,44,27,124,37,31,56,315,268,215,34,19,47,17,19,11,316,239,221,10,8,77,20,12,45
S01010193,685,432,358,55,19,253,177,24,52,308,222,160,46,16,86,57,15,14,377,210,198,9,3,167,120,9,38
S01010194,548,284,226,18,40,264,170,20,74,238,139,93,16,30,99,61,8,30,310,145,133,2,10,165,109,12,44
S01010195,431,238,191,18,29,193,94,26,73,193,122,89,15,18,71,29,8,34,238,116,102,3,11,122,65,18,39
S01010196,634,318,244,9,65,316,170,19,127,297,162,114,6,42,135,69,11,55,337,156,130,3,23,181,101,8,72
S01010197,548,311,254,10,47,237,100,27,110,234,144,106,8,30,90,39,8,43,314,167,148,2,17,147,61,19,67
S01010198,850,411,316,29,66,439,209,33,197,402,204,134,24,46,198,71,21,106,448,207,182,5,20,241,138,12,91
S01010199,412,236,175,7,54,176,80,15,81,170,108,72,4,32,62,36,5,21,242,128,103,3,22,114,44,10,60
S01010200,580,290,239,20,31,290,191,14,85,263,147,108,15,24,116,71,8,37,317,143,131,5,7,174,120,6,48
S01010201,511,320,270,21,29,191,114,12,65,240,165,132,16,17,75,51,4,20,271,155,138,5,12,116,63,8,45
S01010202,535,288,189,12,87,247,49,28,170,229,141,84,8,49,88,17,16,55,306,147,105,4,38,159,32,12,115
S01010203,517,397,338,32,27,120,54,19,47,240,197,158,25,14,43,26,8,9,277,200,180,7,13,77,28,11,38
S01010204,628,314,245,8,61,314,104,34,176,265,136,91,6,39,129,41,13,75,363,178,154,2,22,185,63,21,101
S01010205,568,317,266,21,30,251,112,26,113,240,141,111,15,15,99,43,16,40,328,176,155,6,15,152,69,10,73
S01010206,341,72,40,3,29,269,6,82,181,155,39,22,3,14,116,3,54,59,186,33,18,0,15,153,3,28,122
S01010207,476,193,123,12,58,283,44,70,169,231,103,59,10,34,128,20,38,70,245,90,64,2,24,155,24,32,99
S01010208,794,521,438,33,50,273,134,30,109,392,270,209,27,34,122,56,15,51,402,251,229,6,16,151,78,15,58
S01010209,820,425,334,24,67,395,195,28,172,365,216,155,22,39,149,69,13,67,455,209,179,2,28,246,126,15,105
S01010210,753,392,327,23,42,361,224,23,114,328,189,140,18,31,139,83,12,44,425,203,187,5,11,222,141,11,70
S01010211,713,318,252,11,55,395,200,43,152,315,157,109,8,40,158,70,21,67,398,161,143,3,15,237,130,22,85
S01010212,877,427,329,15,83,450,187,50,213,410,228,157,11,60,182,77,24,81,467,199,172,4,23,268,110,26,132
S01010213,796,389,340,13,36,407,269,20,118,341,196,166,9,21,145,97,8,40,455,193,174,4,15,262,172,12,78
S01010214,800,483,412,28,43,317,209,29,79,366,232,191,19,22,134,87,18,29,434,251,221,9,21,183,122,11,50
S01010215,705,309,238,11,60,396,216,26,154,293,144,99,7,38,149,83,9,57,412,165,139,4,22,247,133,17,97
S01010216,528,254,196,19,39,274,120,22,132,254,134,90,18,26,120,47,17,56,274,120,106,1,13,154,73,5,76
S01010217,622,366,267,12,87,256,53,56,147,286,198,141,9,48,88,24,18,46,336,168,126,3,39,168,29,38,101
S01010218,839,542,419,34,89,297,115,33,149,405,286,213,21,52,119,46,11,62,434,256,206,13,37,178,69,22,87
S01010219,400,227,164,8,55,173,50,48,75,207,131,92,5,34,76,20,23,33,193,96,72,3,21,97,30,25,42
S01010220,434,352,288,51,13,82,7,55,20,248,210,158,42,10,38,3,26,9,186,142,130,9,3,44,4,29,11
S01010221,470,199,154,6,39,271,148,19,104,226,106,73,4,29,120,61,13,46,244,93,81,2,10,151,87,6,58
S01010222,437,275,223,11,41,162,80,27,55,213,155,117,11,27,58,29,12,17,224,120,106,0,14,104,51,15,38
S01010223,495,262,205,19,38,233,112,32,89,264,147,103,16,28,117,53,20,44,231,115,102,3,10,116,59,12,45
S01010224,799,406,294,24,88,393,140,44,209,351,203,124,22,57,148,55,17,76,448,203,170,2,31,245,85,27,133
S01010225,664,380,315,14,51,284,98,47,139,334,200,159,13,28,134,39,29,66,330,180,156,1,23,150,59,18,73
S01010226,589,316,207,32,77,273,49,65,159,294,175,105,24,46,119,23,31,65,295,141,102,8,31,154,26,34,94
S01010227,466,243,152,17,74,223,25,54,144,234,146,91,14,41,88,15,22,51,232,97,61,3,33,135,10,32,93
S01010228,615,258,211,10,37,357,215,17,125,279,121,90,6,25,158,93,8,57,336,137,121,4,12,199,122,9,68
S01010229,827,497,408,29,60,330,125,27,178,390,241,183,22,36,149,51,9,89,437,256,225,7,24,181,74,18,89
S01010230,834,443,314,11,118,391,128,68,195,464,285,199,7,79,179,50,38,91,370,158,115,4,39,212,78,30,104
S01010231,782,448,345,24,79,334,148,43,143,352,208,152,18,38,144,65,21,58,430,240,193,6,41,190,83,22,85
S01010232,805,509,368,24,117,296,67,52,177,385,273,178,16,79,112,25,21,66,420,236,190,8,38,184,42,31,111
S01010233,738,398,276,13,109,340,88,38,214,354,222,142,11,69,132,30,15,87,384,176,134,2,40,208,58,23,127
S01010234,868,552,459,56,37,316,155,77,84,436,298,231,38,29,138,53,43,42,432,254,228,18,8,178,102,34,42
S01010235,837,592,522,28,42,245,110,102,33,388,295,260,21,14,93,21,64,8,449,297,262,7,28,152,89,38,25
S01010236,652,452,367,44,41,200,85,56,59,325,243,183,29,31,82,28,32,22,327,209,184,15,10,118,57,24,37
S01010237,575,411,338,46,27,164,72,39,53,295,231,186,29,16,64,20,20,24,280,180,152,17,11,100,52,19,29
S01010238,744,523,430,44,49,221,97,65,59,371,273,216,31,26,98,36,38,24,373,250,214,13,23,123,61,27,35
S01010239,674,369,301,15,53,305,153,39,113,318,197,156,11,30,121,53,17,51,356,172,145,4,23,184,100,22,62
S01010240,616,396,335,23,38,220,93,41,86,279,186,146,15,25,93,40,20,33,337,210,189,8,13,127,53,21,53
S01010241,936,584,454,47,83,352,211,46,95,451,299,215,29,55,152,83,23,46,485,285,239,18,28,200,128,23,49
S01010242,656,436,345,24,67,220,60,33,127,323,220,167,20,33,103,31,19,53,333,216,178,4,34,117,29,14,74
S01010243,848,568,416,32,120,280,55,61,164,423,302,201,21,80,121,25,24,72,425,266,215,11,40,159,30,37,92
S01010244,633,325,220,19,86,308,97,53,158,324,180,108,14,58,144,41,24,79,309,145,112,5,28,164,56,29,79
S01010245,784,364,246,21,97,420,121,40,259,350,167,95,15,57,183,52,15,116,434,197,151,6,40,237,69,25,143
S01010246,678,362,286,18,58,316,100,51,165,315,192,143,15,34,123,37,27,59,363,170,143,3,24,193,63,24,106
S01010247,647,396,339,26,31,251,149,22,80,302,203,162,20,21,99,54,12,33,345,193,177,6,10,152,95,10,47
S01010248,778,565,463,53,49,213,97,65,51,399,279,217,37,25,120,44,48,28,379,286,246,16,24,93,53,17,23
S01010249,634,445,368,24,53,189,76,60,53,320,240,196,13,31,80,31,23,26,314,205,172,11,22,109,45,37,27
S01010250,700,521,430,46,45,179,51,91,37,351,267,211,31,25,84,16,55,13,349,254,219,15,20,95,35,36,24
S01010251,566,433,370,31,32,133,14,79,40,290,235,193,20,22,55,4,38,13,276,198,177,11,10,78,10,41,27
S01010252,543,375,322,32,21,168,59,46,63,284,199,164,22,13,85,23,33,29,259,176,158,10,8,83,36,13,34
S01010253,527,265,202,8,55,262,99,48,115,254,130,95,4,31,124,36,32,56,273,135,107,4,24,138,63,16,59
S01010254,933,526,452,21,53,407,210,36,161,432,268,218,19,31,164,66,21,77,501,258,234,2,22,243,144,15,84
S01010255,558,311,216,15,80,247,83,33,131,281,163,100,5,58,118,36,18,64,277,148,116,10,22,129,47,15,67
S01010256,721,410,292,37,81,311,111,40,160,340,204,122,27,55,136,47,18,71,381,206,170,10,26,175,64,22,89
S01010257,793,389,291,30,68,404,50,268,86,449,206,141,24,41,243,24,165,54,344,183,150,6,27,161,26,103,32
S01010258,1469,576,430,34,112,893,10,871,12,727,302,213,24,65,425,7,415,3,742,274,217,10,47,468,3,456,9
S01010259,1163,456,315,20,121,707,141,435,131,625,245,150,17,78,380,52,256,72,538,211,165,3,43,327,89,179,59
S01010260,1827,808,588,72,148,1019,95,843,81,947,453,318,53,82,494,46,411,37,880,355,270,19,66,525,49,432,44
S01010261,2469,932,598,22,312,1537,198,1221,118,1156,416,240,14,162,740,85,594,61,1313,516,358,8,150,797,113,627,57
S01010262,811,319,244,16,59,492,282,80,130,408,178,127,8,43,230,115,35,80,403,141,117,8,16,262,167,45,50
S01010263,721,485,402,39,44,236,25,183,28,433,293,239,29,25,140,14,112,14,288,192,163,10,19,96,11,71,14
S01010264,815,537,430,41,66,278,57,108,113,479,294,227,23,44,185,30,68,87,336,243,203,18,22,93,27,40,26
S01010265,1019,653,526,62,65,366,18,327,21,507,332,265,39,28,175,10,155,10,512,321,261,23,37,191,8,172,11
S01010266,490,282,217,35,30,208,32,141,35,232,149,112,24,13,83,15,53,15,258,133,105,11,17,125,17,88,20
S01010267,583,363,299,34,30,220,5,196,19,307,208,168,24,16,99,2,90,7,276,155,131,10,14,121,3,106,12
S01010268,773,466,339,51,76,307,48,190,69,374,246,159,37,50,128,21,81,26,399,220,180,14,26,179,27,109,43
S01010269,506,274,220,25,29,232,22,154,56,287,165,130,19,16,122,12,74,36,219,109,90,6,13,110,10,80,20
S01010270,1122,444,343,40,61,678,308,150,220,618,269,190,33,46,349,129,84,136,504,175,153,7,15,329,179,66,84
S01010271,722,377,296,35,46,345,70,222,53,348,174,124,26,24,174,30,116,28,374,203,172,9,22,171,40,106,25
S01010272,928,526,396,43,87,402,99,112,191,572,332,244,33,55,240,65,56,119,356,194,152,10,32,162,34,56,72
S01010273,643,465,400,38,27,178,10,140,28,385,270,229,31,10,115,6,98,11,258,195,171,7,17,63,4,42,17
S01010274,552,377,318,37,22,175,19,120,36,348,246,205,29,12,102,10,71,21,204,131,113,8,10,73,9,49,15
S01010275,579,424,349,46,29,155,7,131,17,316,234,184,32,18,82,3,73,6,263,190,165,14,11,73,4,58,11
S01010276,926,704,556,106,42,222,37,144,41,561,443,332,82,29,118,15,93,10,365,261,224,24,13,104,22,51,31
S01010277,521,268,212,22,34,253,123,45,85,243,131,99,16,16,112,44,32,36,278,137,113,6,18,141,79,13,49
S01010278,508,311,247,27,37,197,66,33,98,228,164,125,20,19,64,25,14,25,280,147,122,7,18,133,41,19,73
S01010279,537,320,252,27,41,217,39,99,79,287,182,143,16,23,105,16,51,38,250,138,109,11,18,112,23,48,41
S01010280,730,536,432,44,60,194,34,107,53,414,315,248,28,39,99,17,59,23,316,221,184,16,21,95,17,48,30
S01010281,731,502,415,50,37,229,29,151,49,408,281,227,29,25,127,15,90,22,323,221,188,21,12,102,14,61,27
S01010282,902,562,461,36,65,340,105,117,118,467,308,252,22,34,159,38,56,65,435,254,209,14,31,181,67,61,53
S01010283,496,383,327,29,27,113,13,65,35,291,242,199,26,17,49,6,33,10,205,141,128,3,10,64,7,32,25
S01010284,1354,728,579,75,74,626,48,521,57,616,346,271,41,34,270,22,213,35,738,382,308,34,40,356,26,308,22
S01010285,736,465,350,64,51,271,46,164,61,376,234,167,36,31,142,21,104,17,360,231,183,28,20,129,25,60,44
S01010286,1455,646,449,47,150,809,21,740,48,668,344,238,33,73,324,8,307,9,787,302,211,14,77,485,13,433,39
S01010287,827,509,392,65,52,318,33,259,26,411,257,189,41,27,154,17,131,6,416,252,203,24,25,164,16,128,20
S01010288,754,496,389,67,40,258,31,197,30,385,264,202,43,19,121,15,91,15,369,232,187,24,21,137,16,106,15
S01010289,689,526,378,124,24,163,34,93,36,393,313,214,81,18,80,18,55,7,296,213,164,43,6,83,16,38,29
S01010290,493,315,243,39,33,178,20,99,59,257,180,133,29,18,77,8,47,22,236,135,110,10,15,101,12,52,37
S01010291,997,518,379,53,86,479,84,319,76,510,280,194,31,55,230,31,164,35,487,238,185,22,31,249,53,155,41
S01010292,844,535,424,59,52,309,44,230,35,420,274,205,37,32,146,18,113,15,424,261,219,22,20,163,26,117,20
S01010293,756,457,363,35,59,299,51,184,64,376,247,184,24,39,129,21,91,17,380,210,179,11,20,170,30,93,47
S01010294,643,339,277,26,36,304,34,229,41,285,163,125,19,19,122,14,98,10,358,176,152,7,17,182,20,131,31
S01010295,892,523,409,55,59,369,39,269,61,453,290,215,40,35,163,21,127,15,439,233,194,15,24,206,18,142,46
S01010296,575,334,257,30,47,241,43,133,65,274,178,134,21,23,96,18,58,20,301,156,123,9,24,145,25,75,45
S01010297,989,501,402,32,67,488,202,131,155,556,299,230,23,46,257,84,80,93,433,202,172,9,21,231,118,51,62
S01010298,820,418,337,42,39,402,234,85,83,377,205,155,22,28,172,94,40,38,443,213,182,20,11,230,140,45,45
S01010299,456,201,146,20,35,255,112,32,111,210,116,79,16,21,94,47,13,34,246,85,67,4,14,161,65,19,77
S01010300,837,451,357,38,56,386,127,123,136,436,248,191,21,36,188,47,81,60,401,203,166,17,20,198,80,42,76
S01010301,466,305,244,22,39,161,24,106,31,242,159,119,17,23,83,11,57,15,224,146,125,5,16,78,13,49,16
S01010302,557,249,155,16,78,308,129,41,138,304,157,88,12,57,147,57,19,71,253,92,67,4,21,161,72,22,67
S01010303,398,189,129,14,46,209,31,44,134,184,107,64,7,36,77,12,25,40,214,82,65,7,10,132,19,19,94
S01010304,481,255,202,12,41,226,65,56,105,247,142,104,9,29,105,33,18,54,234,113,98,3,12,121,32,38,51
S01010305,766,430,347,38,45,336,151,79,106,348,204,146,25,33,144,46,38,60,418,226,201,13,12,192,105,41,46
S01010306,692,472,375,37,60,220,47,134,39,350,243,185,22,36,107,22,66,19,342,229,190,15,24,113,25,68,20
S01010307,754,545,440,70,35,209,55,126,28,363,272,214,41,17,91,19,61,11,391,273,226,29,18,118,36,65,17
S01010308,876,593,455,83,55,283,64,168,51,422,300,224,46,30,122,24,76,22,454,293,231,37,25,161,40,92,29
S01010309,388,193,157,6,30,195,89,15,91,205,109,80,6,23,96,37,9,50,183,84,77,0,7,99,52,6,41
S01010310,556,329,247,20,62,227,46,53,128,289,167,121,12,34,122,26,36,60,267,162,126,8,28,105,20,17,68
S01010311,582,277,207,8,62,305,100,35,170,263,130,91,6,33,133,38,21,74,319,147,116,2,29,172,62,14,96
S01010312,676,327,243,14,70,349,104,35,210,311,173,118,13,42,138,49,15,74,365,154,125,1,28,211,55,20,136
S01010313,548,271,196,14,61,277,80,28,169,278,156,100,11,45,122,32,11,79,270,115,96,3,16,155,48,17,90
S01010314,1112,544,404,37,103,568,177,194,197,573,287,195,29,63,286,65,119,102,539,257,209,8,40,282,112,75,95
S01010315,703,481,383,31,67,222,69,42,111,306,231,168,22,41,75,31,15,29,397,250,215,9,26,147,38,27,82
S01010316,422,250,197,13,40,172,25,34,113,190,116,79,9,28,74,11,16,47,232,134,118,4,12,98,14,18,66
S01010317,690,482,397,58,27,208,71,115,22,336,244,201,28,15,92,28,57,7,354,238,196,30,12,116,43,58,15
S01010318,1513,633,403,29,201,880,53,769,58,703,278,180,24,74,425,25,380,20,810,355,223,5,127,455,28,389,38
S01010319,647,443,373,33,37,204,61,77,66,320,232,184,23,25,88,24,41,23,327,211,189,10,12,116,37,36,43
S01010320,624,371,286,32,53,253,74,87,92,324,201,143,21,37,123,40,42,41,300,170,143,11,16,130,34,45,51
S01010321,784,443,361,27,55,341,146,61,134,351,218,174,19,25,133,48,29,56,433,225,187,8,30,208,98,32,78
S01010322,952,688,549,99,40,264,102,126,36,463,343,252,62,29,120,44,62,14,489,345,297,37,11,144,58,64,22
S01010323,512,237,173,5,59,275,119,25,131,229,116,80,5,31,113,58,13,42,283,121,93,0,28,162,61,12,89
S01010324,663,285,239,18,28,378,225,32,121,307,145,110,15,20,162,96,17,49,356,140,129,3,8,216,129,15,72
S01010325,824,332,265,20,47,492,323,22,147,367,176,127,14,35,191,126,7,58,457,156,138,6,12,301,197,15,89
S01010326,742,360,243,20,97,382,107,35,240,325,165,91,14,60,160,54,13,93,417,195,152,6,37,222,53,22,147
S01010327,770,442,351,33,58,328,74,41,213,315,204,148,21,35,111,22,18,71,455,238,203,12,23,217,52,23,142
S01010328,811,457,365,42,50,354,195,37,122,376,233,162,36,35,143,67,17,59,435,224,203,6,15,211,128,20,63
S01010329,495,267,213,30,24,228,144,15,69,240,138,96,25,17,102,62,8,32,255,129,117,5,7,126,82,7,37
S01010330,506,261,187,16,58,245,100,19,126,229,133,85,13,35,96,39,14,43,277,128,102,3,23,149,61,5,83
S01010331,776,363,299,16,48,413,254,16,143,349,181,140,12,29,168,106,5,57,427,182,159,4,19,245,148,11,86
S01010332,578,294,223,14,57,284,119,33,132,246,138,91,8,39,108,46,16,46,332,156,132,6,18,176,73,17,86
S01010333,793,441,353,36,52,352,180,43,129,355,213,157,24,32,142,70,23,49,438,228,196,12,20,210,110,20,80
S01010334,736,445,380,34,31,291,160,22,109,311,205,158,28,19,106,58,13,35,425,240,222,6,12,185,102,9,74
S01010335,695,316,243,22,51,379,225,40,114,318,163,118,18,27,155,85,19,51,377,153,125,4,24,224,140,21,63
S01010336,502,261,175,14,72,241,75,25,141,238,126,64,9,53,112,32,11,69,264,135,111,5,19,129,43,14,72
S01010337,529,285,238,10,37,244,124,27,93,226,131,102,7,22,95,49,10,36,303,154,136,3,15,149,75,17,57
S01010338,570,280,206,17,57,290,108,22,160,241,135,88,11,36,106,37,15,54,329,145,118,6,21,184,71,7,106
S01010339,552,270,210,16,44,282,168,23,91,234,131,89,11,31,103,64,6,33,318,139,121,5,13,179,104,17,58
S01010340,595,362,282,25,55,233,112,28,93,267,176,125,20,31,91,40,12,39,328,186,157,5,24,142,72,16,54
S01010341,468,283,238,20,25,185,101,24,60,205,134,103,18,13,71,35,12,24,263,149,135,2,12,114,66,12,36
S01010342,532,397,355,29,13,135,78,25,32,248,200,165,25,10,48,31,8,9,284,197,190,4,3,87,47,17,23
S01010343,757,603,514,51,38,154,69,36,49,353,300,236,39,25,53,29,11,13,404,303,278,12,13,101,40,25,36
S01010344,584,292,218,14,60,292,125,24,143,293,156,102,13,41,137,49,12,76,291,136,116,1,19,155,76,12,67
S01010345,350,270,218,36,16,80,25,32,23,171,132,93,27,12,39,9,19,11,179,138,125,9,4,41,16,13,12
S01010346,876,589,496,64,29,287,183,40,64,390,286,222,51,13,104,67,14,23,486,303,274,13,16,183,116,26,41
S01010347,939,470,364,35,71,469,139,197,133,391,214,156,27,31,177,52,84,41,548,256,208,8,40,292,87,113,92
S01010348,806,469,410,21,38,337,218,20,99,359,222,182,16,24,137,87,12,38,447,247,228,5,14,200,131,8,61
S01010349,745,408,343,21,44,337,212,24,101,335,198,149,17,32,137,72,11,54,410,210,194,4,12,200,140,13,47
S01010350,729,393,298,15,80,336,177,23,136,308,171,128,9,34,137,74,10,53,421,222,170,6,46,199,103,13,83
S01010351,691,446,377,31,38,245,96,55,94,312,204,158,23,23,108,36,29,43,379,242,219,8,15,137,60,26,51
S01010352,454,223,184,8,31,231,128,24,79,207,104,81,6,17,103,49,13,41,247,119,103,2,14,128,79,11,38
S01010353,764,338,231,21,86,426,146,30,250,381,186,120,15,51,195,64,11,120,383,152,111,6,35,231,82,19,130
S01010354,613,328,267,22,39,285,117,42,126,262,156,122,13,21,106,42,16,48,351,172,145,9,18,179,75,26,78
S01010355,621,361,293,26,42,260,98,29,133,308,196,150,20,26,112,38,9,65,313,165,143,6,16,148,60,20,68
S01010356,549,410,345,25,40,139,36,35,68,244,199,159,21,19,45,10,18,17,305,211,186,4,21,94,26,17,51
S01010357,503,266,206,11,49,237,97,24,116,249,136,95,7,34,113,45,5,63,254,130,111,4,15,124,52,19,53
S01010358,714,351,267,16,68,363,177,27,159,358,193,128,12,53,165,68,18,79,356,158,139,4,15,198,109,9,80
S01010359,648,307,213,25,69,341,167,30,144,271,157,95,22,40,114,50,14,50,377,150,118,3,29,227,117,16,94
S01010360,445,260,194,16,50,185,48,29,108,210,136,93,13,30,74,16,14,44,235,124,101,3,20,111,32,15,64
S01010361,518,287,173,12,102,231,91,15,125,289,176,86,8,82,113,37,8,68,229,111,87,4,20,118,54,7,57
S01010362,742,386,253,8,125,356,155,47,154,472,249,152,5,92,223,82,34,107,270,137,101,3,33,133,73,13,47
S01010363,655,453,363,53,37,202,110,43,49,327,241,179,40,22,86,38,24,24,328,212,184,13,15,116,72,19,25
S01010364,762,491,388,74,29,271,166,51,54,383,266,198,48,20,117,74,28,15,379,225,190,26,9,154,92,23,39
S01010365,869,584,434,124,26,285,188,59,38,391,297,201,77,19,94,60,26,8,478,287,233,47,7,191,128,33,30
S01010366,909,618,504,75,39,291,161,85,45,429,312,242,49,21,117,65,39,13,480,306,262,26,18,174,96,46,32
S01010367,1488,707,542,88,77,781,177,549,55,673,345,259,55,31,328,76,236,16,815,362,283,33,46,453,101,313,39
S01010368,639,412,298,96,18,227,164,34,29,298,211,139,62,10,87,59,21,7,341,201,159,34,8,140,105,13,22
S01010369,672,503,414,61,28,169,53,56,60,329,250,198,36,16,79,28,27,24,343,253,216,25,12,90,25,29,36
S01010370,630,468,348,85,35,162,51,78,33,313,243,172,55,16,70,20,39,11,317,225,176,30,19,92,31,39,22
S01010371,908,613,470,97,46,295,82,177,36,432,299,222,51,26,133,25,93,15,476,314,248,46,20,162,57,84,21
S01010372,454,333,265,50,18,121,58,42,21,217,162,125,30,7,55,22,21,12,237,171,140,20,11,66,36,21,9
S01010373,687,461,364,65,32,226,89,91,46,342,231,174,39,18,111,42,51,18,345,230,190,26,14,115,47,40,28
S01010374,830,562,428,97,37,268,93,139,36,373,265,185,63,17,108,41,55,12,457,297,243,34,20,160,52,84,24
S01010375,501,249,200,23,26,252,21,211,20,232,116,81,18,17,116,11,94,11,269,133,119,5,9,136,10,117,9
S01010376,667,381,310,39,32,286,32,226,28,334,206,170,21,15,128,15,102,11,333,175,140,18,17,158,17,124,17
S01010377,857,443,330,56,57,414,36,311,67,381,204,141,33,30,177,12,143,22,476,239,189,23,27,237,24,168,45
S01010378,689,350,272,26,52,339,20,291,28,285,148,110,14,24,137,10,117,10,404,202,162,12,28,202,10,174,18
S01010379,1076,522,404,55,63,554,70,448,36,505,263,193,37,33,242,31,196,15,571,259,211,18,30,312,39,252,21
S01010380,889,583,462,73,48,306,128,137,41,399,265,192,48,25,134,54,68,12,490,318,270,25,23,172,74,69,29
S01010381,569,373,318,30,25,196,19,145,32,284,198,164,19,15,86,6,66,14,285,175,154,11,10,110,13,79,18
S01010382,793,558,448,53,57,235,71,116,48,391,291,222,31,38,100,33,41,26,402,267,226,22,19,135,38,75,22
S01010383,595,339,256,29,54,256,69,108,79,287,174,126,19,29,113,29,43,41,308,165,130,10,25,143,40,65,38
S01010384,770,531,443,55,33,239,72,128,39,366,259,211,33,15,107,32,60,15,404,272,232,22,18,132,40,68,24
S01010385,783,493,384,60,49,290,97,116,77,348,232,171,41,20,116,33,47,36,435,261,213,19,29,174,64,69,41
S01010386,822,467,368,41,58,355,135,108,112,397,244,184,25,35,153,59,47,47,425,223,184,16,23,202,76,61,65
S01010387,972,647,542,47,58,325,81,162,82,499,361,286,36,39,138,32,72,34,473,286,256,11,19,187,49,90,48
S01010388,925,555,453,37,65,370,153,86,131,438,277,210,28,39,161,56,40,65,487,278,243,9,26,209,97,46,66
S01010389,973,746,624,73,49,227,23,160,44,525,429,350,52,27,96,7,71,18,448,317,274,21,22,131,16,89,26
S01010390,1002,792,664,57,71,210,61,74,75,498,401,315,40,46,97,16,39,42,504,391,349,17,25,113,45,35,33
S01010391,737,558,463,43,52,179,62,54,63,359,279,219,32,28,80,31,21,28,378,279,244,11,24,99,31,33,35
S01010392,634,508,415,75,18,126,20,78,28,353,306,245,54,7,47,6,34,7,281,202,170,21,11,79,14,44,21
S01010393,951,672,568,68,36,279,138,77,64,448,328,263,45,20,120,47,40,33,503,344,305,23,16,159,91,37,31
S01010394,731,366,272,38,56,365,163,50,152,364,187,125,25,37,177,64,18,95,367,179,147,13,19,188,99,32,57
S01010395,917,594,504,36,54,323,152,100,71,466,320,251,25,44,146,69,48,29,451,274,253,11,10,177,83,52,42
S01010396,945,589,474,59,56,356,177,95,84,448,297,230,36,31,151,68,44,39,497,292,244,23,25,205,109,51,45
S01010397,500,349,275,45,29,151,59,64,28,235,166,116,30,20,69,21,37,11,265,183,159,15,9,82,38,27,17
S01010398,1000,695,558,90,47,305,170,102,33,449,335,256,57,22,114,53,52,9,551,360,302,33,25,191,117,50,24
S01010399,979,766,661,74,31,213,96,90,27,483,392,329,47,16,91,34,45,12,496,374,332,27,15,122,62,45,15
S01010400,949,671,525,106,40,278,145,91,42,460,335,248,66,21,125,64,45,16,489,336,277,40,19,153,81,46,26
S01010401,669,397,304,66,27,272,154,87,31,310,209,155,39,15,101,65,27,9,359,188,149,27,12,171,89,60,22
S01010402,921,664,541,94,29,257,143,79,35,448,335,261,57,17,113,61,42,10,473,329,280,37,12,144,82,37,25
S01010403,930,611,484,94,33,319,198,96,25,444,324,243,58,23,120,76,35,9,486,287,241,36,10,199,122,61,16
S01010404,691,472,340,115,17,219,140,51,28,331,245,158,79,8,86,53,24,9,360,227,182,36,9,133,87,27,19
S01010405,689,512,397,89,26,177,83,53,41,356,275,208,51,16,81,43,26,12,333,237,189,38,10,96,40,27,29
S01010406,758,532,406,93,33,226,62,129,35,372,281,202,60,19,91,23,49,19,386,251,204,33,14,135,39,80,16
S01010407,844,464,372,52,40,380,58,297,25,353,210,167,25,18,143,25,111,7,491,254,205,27,22,237,33,186,18
S01010408,436,246,201,32,13,190,122,18,50,223,134,99,24,11,89,49,8,32,213,112,102,8,2,101,73,10,18
S01010409,541,348,276,56,16,193,116,48,29,266,182,135,38,9,84,52,24,8,275,166,141,18,7,109,64,24,21
S01010410,470,316,261,42,13,154,91,35,28,224,159,122,33,4,65,39,15,11,246,157,139,9,9,89,52,20,17
S01010411,798,537,425,88,24,261,151,61,49,379,289,219,59,11,90,61,25,4,419,248,206,29,13,171,90,36,45
S01010412,762,505,424,67,14,257,134,53,70,382,280,227,41,12,102,54,18,30,380,225,197,26,2,155,80,35,40
S01010413,612,322,242,66,14,290,211,42,37,294,167,113,46,8,127,97,22,8,318,155,129,20,6,163,114,20,29
S01010414,872,554,441,72,41,318,225,50,43,429,291,220,44,27,138,93,32,13,443,263,221,28,14,180,132,18,30
S01010415,886,491,372,65,54,395,223,53,119,438,262,178,49,35,176,88,35,53,448,229,194,16,19,219,135,18,66
S01010416,586,379,295,60,24,207,150,36,21,276,201,144,43,14,75,54,19,2,310,178,151,17,10,132,96,17,19
S01010417,488,338,288,41,9,150,102,25,23,202,148,118,29,1,54,37,10,7,286,190,170,12,8,96,65,15,16
S01010418,937,691,551,107,33,246,116,57,73,436,330,229,79,22,106,39,35,32,501,361,322,28,11,140,77,22,41
S01010419,836,579,479,80,20,257,169,37,51,365,278,216,52,10,87,56,14,17,471,301,263,28,10,170,113,23,34
S01010420,578,330,269,47,14,248,175,43,30,261,177,131,37,9,84,55,24,5,317,153,138,10,5,164,120,19,25
S01010421,704,456,361,65,30,248,165,45,38,339,235,171,46,18,104,69,28,7,365,221,190,19,12,144,96,17,31
S01010422,895,547,446,63,38,348,232,44,72,409,271,200,46,25,138,88,25,25,486,276,246,17,13,210,144,19,47
S01010423,702,430,338,21,71,272,81,37,154,328,225,157,15,53,103,33,12,58,374,205,181,6,18,169,48,25,96
S01010424,707,399,316,23,60,308,149,37,122,338,198,154,14,30,140,60,23,57,369,201,162,9,30,168,89,14,65
S01010425,875,529,425,35,69,346,114,51,181,412,250,179,23,48,162,50,25,87,463,279,246,12,21,184,64,26,94
S01010426,603,405,323,22,60,198,69,23,106,298,208,156,16,36,90,29,10,51,305,197,167,6,24,108,40,13,55
S01010427,802,407,276,38,93,395,174,50,171,412,245,138,34,73,167,66,21,80,390,162,138,4,20,228,108,29,91
S01010428,577,354,304,39,11,223,146,32,45,273,186,147,29,10,87,60,16,11,304,168,157,10,1,136,86,16,34
S01010429,772,551,471,56,24,221,135,40,46,367,271,223,36,12,96,58,17,21,405,280,248,20,12,125,77,23,25
S01010430,698,389,298,29,62,309,110,59,140,349,207,135,25,47,142,52,35,55,349,182,163,4,15,167,58,24,85
S01010431,549,379,307,52,20,170,105,36,29,265,197,153,35,9,68,43,17,8,284,182,154,17,11,102,62,19,21
S01010432,727,442,368,23,51,285,84,60,141,342,219,175,19,25,123,36,20,67,385,223,193,4,26,162,48,40,74
S01010433,546,315,185,22,108,231,20,61,150,301,208,109,21,78,93,8,26,59,245,107,76,1,30,138,12,35,91
S01010434,493,301,220,15,66,192,61,28,103,221,154,106,11,37,67,26,13,28,272,147,114,4,29,125,35,15,75
S01010435,528,310,265,16,29,218,150,13,55,258,160,130,10,20,98,66,10,22,270,150,135,6,9,120,84,3,33
S01010436,660,395,301,30,64,265,71,28,166,317,209,143,18,48,108,26,11,71,343,186,158,12,16,157,45,17,95
S01010437,467,258,207,16,35,209,121,20,68,215,129,95,10,24,86,50,5,31,252,129,112,6,11,123,71,15,37
S01010438,610,387,307,20,60,223,46,36,141,263,183,131,15,37,80,14,19,47,347,204,176,5,23,143,32,17,94
S01010439,798,556,461,23,72,242,62,54,126,347,259,200,16,43,88,23,20,45,451,297,261,7,29,154,39,34,81
S01010440,534,291,221,17,53,243,103,24,116,249,142,94,11,37,107,44,11,52,285,149,127,6,16,136,59,13,64
S01010441,694,579,508,25,46,115,37,12,66,317,272,224,19,29,45,15,4,26,377,307,284,6,17,70,22,8,40
S01010442,595,454,366,26,62,141,28,18,95,275,217,155,17,45,58,11,3,44,320,237,211,9,17,83,17,15,51
S01010443,436,262,215,25,22,174,99,14,61,181,117,89,16,12,64,40,5,19,255,145,126,9,10,110,59,9,42
S01010444,558,310,238,24,48,248,147,18,83,259,149,105,17,27,110,64,9,37,299,161,133,7,21,138,83,9,46
S01010445,785,338,278,30,30,447,295,33,119,324,176,128,25,23,148,88,16,44,461,162,150,5,7,299,207,17,75
S01010446,700,437,354,50,33,263,158,31,74,337,230,164,42,24,107,63,13,31,363,207,190,8,9,156,95,18,43
S01010447,816,415,322,28,65,401,169,49,183,395,204,149,17,38,191,70,28,93,421,211,173,11,27,210,99,21,90
S01010448,710,438,367,34,37,272,157,34,81,328,223,172,28,23,105,54,21,30,382,215,195,6,14,167,103,13,51
S01010449,654,326,275,18,33,328,201,14,113,300,165,124,13,28,135,77,9,49,354,161,151,5,5,193,124,5,64
S01010450,691,355,299,19,37,336,190,32,114,316,177,139,16,22,139,80,9,50,375,178,160,3,15,197,110,23,64
S01010451,703,358,255,26,77,345,172,28,145,348,207,125,22,60,141,61,15,65,355,151,130,4,17,204,111,13,80
S01010452,701,354,311,17,26,347,241,20,86,301,176,151,12,13,125,79,10,36,400,178,160,5,13,222,162,10,50
S01010453,539,320,211,24,85,219,59,31,129,277,184,106,18,60,93,23,19,51,262,136,105,6,25,126,36,12,78
S01010454,734,355,306,24,25,379,247,25,107,324,168,136,17,15,156,85,16,55,410,187,170,7,10,223,162,9,52
S01010455,833,359,276,26,57,474,272,29,173,387,182,132,21,29,205,102,12,91,446,177,144,5,28,269,170,17,82
S01010456,487,250,212,19,19,237,172,13,52,216,119,89,18,12,97,74,5,18,271,131,123,1,7,140,98,8,34
S01010457,535,292,211,32,49,243,135,18,90,251,157,96,22,39,94,46,7,41,284,135,115,10,10,149,89,11,49
S01010458,650,308,236,18,54,342,201,30,111,303,159,106,16,37,144,78,18,48,347,149,130,2,17,198,123,12,63
S01010459,474,215,175,22,18,259,151,33,75,212,112,81,18,13,100,52,14,34,262,103,94,4,5,159,99,19,41
S01010460,592,402,316,68,18,190,115,31,44,265,209,151,48,10,56,34,10,12,327,193,165,20,8,134,81,21,32
S01010461,616,300,226,20,54,316,178,26,112,285,159,108,17,34,126,57,10,59,331,141,118,3,20,190,121,16,53
S01010462,626,319,168,20,131,307,28,83,196,369,199,88,17,94,170,18,52,100,257,120,80,3,37,137,10,31,96
S01010463,665,391,306,47,38,274,182,31,61,310,200,143,34,23,110,76,11,23,355,191,163,13,15,164,106,20,38
S01010464,448,264,210,27,27,184,119,16,49,209,133,96,18,19,76,44,8,24,239,131,114,9,8,108,75,8,25
S01010465,798,602,534,38,30,196,107,39,50,355,281,237,23,21,74,40,17,17,443,321,297,15,9,122,67,22,33
S01010466,780,570,475,56,39,210,80,81,49,370,277,219,38,20,93,42,34,17,410,293,256,18,19,117,38,47,32
S01010467,786,379,311,46,22,407,333,30,44,354,199,151,33,15,155,134,6,15,432,180,160,13,7,252,199,24,29
S01010468,783,520,432,61,27,263,144,67,52,348,249,193,43,13,99,54,26,19,435,271,239,18,14,164,90,41,33
S01010469,520,315,259,14,42,205,99,36,70,264,170,133,12,25,94,43,18,33,256,145,126,2,17,111,56,18,37
S01010470,674,354,297,36,21,320,222,22,76,295,171,134,26,11,124,84,9,31,379,183,163,10,10,196,138,13,45
S01010471,536,294,240,16,38,242,129,20,93,229,143,114,12,17,86,47,13,26,307,151,126,4,21,156,82,7,67
S01010472,462,346,300,22,24,116,42,38,36,206,166,136,16,14,40,12,7,21,256,180,164,6,10,76,30,31,15
S01010473,668,447,382,25,40,221,121,46,54,301,217,179,17,21,84,46,21,17,367,230,203,8,19,137,75,25,37
S01010474,714,483,388,45,50,231,95,72,64,337,258,202,29,27,79,33,26,20,377,225,186,16,23,152,62,46,44
S01010475,591,449,403,32,14,142,69,40,33,268,220,192,20,8,48,22,19,7,323,229,211,12,6,94,47,21,26
S01010476,928,502,420,42,40,426,283,73,70,387,244,191,29,24,143,75,37,31,541,258,229,13,16,283,208,36,39
S01010477,628,371,313,27,31,257,173,20,64,277,184,145,16,23,93,58,11,24,351,187,168,11,8,164,115,9,40
S01010478,864,486,377,42,67,378,185,26,167,438,263,179,33,51,175,71,10,94,426,223,198,9,16,203,114,16,73
S01010479,839,472,395,23,54,367,226,41,100,376,232,179,20,33,144,84,20,40,463,240,216,3,21,223,142,21,60
S01010480,505,259,214,23,22,246,160,19,67,231,138,104,20,14,93,58,9,26,274,121,110,3,8,153,102,10,41
S01010481,476,266,188,17,61,210,73,25,112,217,138,85,15,38,79,30,13,36,259,128,103,2,23,131,43,12,76
S01010482,655,361,297,28,36,294,188,26,80,292,180,134,21,25,112,61,17,34,363,181,163,7,11,182,127,9,46
S01010483,858,479,399,44,36,379,209,30,140,386,249,187,36,26,137,72,15,50,472,230,212,8,10,242,137,15,90
S01010484,460,280,228,19,33,180,90,20,70,212,136,99,16,21,76,38,9,29,248,144,129,3,12,104,52,11,41
S01010485,794,480,390,42,48,314,188,42,84,374,251,184,31,36,123,75,20,28,420,229,206,11,12,191,113,22,56
S01010486,784,517,431,64,22,267,187,32,48,364,264,201,49,14,100,74,9,17,420,253,230,15,8,167,113,23,31
S01010487,815,480,406,31,43,335,236,20,79,364,240,192,21,27,124,83,10,31,451,240,214,10,16,211,153,10,48
S01010488,583,351,265,17,69,232,60,23,149,255,175,125,12,38,80,22,5,53,328,176,140,5,31,152,38,18,96
S01010489,877,455,361,22,72,422,245,36,141,385,226,162,21,43,159,86,22,51,492,229,199,1,29,263,159,14,90
S01010490,526,296,210,14,72,230,58,29,143,223,138,87,11,40,85,25,12,48,303,158,123,3,32,145,33,17,95
S01010491,633,368,256,17,95,265,82,24,159,254,168,101,13,54,86,25,12,49,379,200,155,4,41,179,57,12,110
S01010492,425,197,131,6,60,228,77,24,127,177,93,55,4,34,84,28,8,48,248,104,76,2,26,144,49,16,79
S01010493,487,281,181,11,89,206,39,26,141,205,127,78,9,40,78,16,10,52,282,154,103,2,49,128,23,16,89
S01010494,467,321,250,19,52,146,36,19,91,224,160,110,18,32,64,16,10,38,243,161,140,1,20,82,20,9,53
S01010495,644,359,272,9,78,285,73,33,179,279,160,117,7,36,119,24,14,81,365,199,155,2,42,166,49,19,98
S01010496,651,339,246,15,78,312,115,24,173,283,155,98,11,46,128,45,8,75,368,184,148,4,32,184,70,16,98
S01010497,552,351,254,27,70,201,37,28,136,254,168,110,19,39,86,18,12,56,298,183,144,8,31,115,19,16,80
S01010498,642,361,263,11,87,281,83,32,166,269,163,102,8,53,106,29,17,60,373,198,161,3,34,175,54,15,106
S01010499,692,282,166,9,107,410,183,31,196,332,163,87,7,69,169,69,15,85,360,119,79,2,38,241,114,16,111
S01010500,747,424,317,19,88,323,64,47,212,324,191,132,14,45,133,25,26,82,423,233,185,5,43,190,39,21,130
S01010501,728,434,347,20,67,294,135,23,136,310,202,148,17,37,108,48,11,49,418,232,199,3,30,186,87,12,87
S01010502,612,446,363,32,51,166,52,21,93,272,218,156,28,34,54,18,8,28,340,228,207,4,17,112,34,13,65
S01010503,547,276,230,10,36,271,126,27,118,231,132,98,10,24,99,44,11,44,316,144,132,0,12,172,82,16,74
S01010504,433,266,130,131,5,167,129,10,28,210,139,60,76,3,71,58,2,11,223,127,70,55,2,96,71,8,17
S01010505,453,298,184,100,14,155,107,12,36,208,156,89,61,6,52,40,3,9,245,142,95,39,8,103,67,9,27
S01010506,690,467,304,142,21,223,152,19,52,327,244,148,89,7,83,58,8,17,363,223,156,53,14,140,94,11,35
S01010507,649,457,327,90,40,192,126,21,45,314,240,155,62,23,74,50,12,12,335,217,172,28,17,118,76,9,33
S01010508,820,519,366,134,19,301,217,25,59,409,277,187,80,10,132,93,18,21,411,242,179,54,9,169,124,7,38
S01010509,793,557,417,125,15,236,164,21,51,399,295,205,81,9,104,73,11,20,394,262,212,44,6,132,91,10,31
S01010510,696,399,339,45,15,297,242,11,44,314,204,162,34,8,110,89,6,15,382,195,177,11,7,187,153,5,29
S01010511,669,462,392,34,36,207,123,19,65,316,236,194,24,18,80,46,13,21,353,226,198,10,18,127,77,6,44
S01010512,501,290,233,41,16,211,148,7,56,231,148,108,31,9,83,55,4,24,270,142,125,10,7,128,93,3,32
S01010513,618,429,347,70,12,189,138,13,38,311,232,174,50,8,79,65,6,8,307,197,173,20,4,110,73,7,30
S01010514,558,374,333,28,13,184,111,20,53,259,183,158,21,4,76,48,10,18,299,191,175,7,9,108,63,10,35
S01010515,662,441,384,27,30,221,147,16,58,306,217,189,17,11,89,62,7,20,356,224,195,10,19,132,85,9,38
S01010516,515,347,240,91,16,168,120,13,35,251,184,126,48,10,67,51,5,11,264,163,114,43,6,101,69,8,24
S01010517,685,481,375,59,47,204,115,27,62,335,264,197,44,23,71,39,11,21,350,217,178,15,24,133,76,16,41
S01010518,543,398,326,44,28,145,105,9,31,282,224,174,36,14,58,43,6,9,261,174,152,8,14,87,62,3,22
S01010519,568,410,346,30,34,158,95,14,49,265,205,172,19,14,60,37,5,18,303,205,174,11,20,98,58,9,31
S01010520,755,511,454,41,16,244,189,14,41,357,263,220,35,8,94,71,9,14,398,248,234,6,8,150,118,5,27
S01010521,608,428,341,60,27,180,111,10,59,288,228,167,42,19,60,39,4,17,320,200,174,18,8,120,72,6,42
S01010522,514,330,267,40,23,184,108,10,66,256,178,141,22,15,78,43,5,30,258,152,126,18,8,106,65,5,36
S01010523,457,305,254,25,26,152,69,11,72,210,147,112,18,17,63,33,8,22,247,158,142,7,9,89,36,3,50
S01010524,462,297,214,75,8,165,133,6,26,223,158,102,51,5,65,51,5,9,239,139,112,24,3,100,82,1,17
S01010525,545,324,232,82,10,221,162,16,43,272,184,131,50,3,88,74,6,8,273,140,101,32,7,133,88,10,35
S01010526,675,435,319,97,19,240,172,12,56,323,235,162,63,10,88,64,6,18,352,200,157,34,9,152,108,6,38
S01010527,742,467,376,43,48,275,200,13,62,343,237,183,30,24,106,71,6,29,399,230,193,13,24,169,129,7,33
S01010528,503,342,250,84,8,161,111,12,38,264,197,133,60,4,67,50,6,11,239,145,117,24,4,94,61,6,27
S01010529,584,384,295,76,13,200,141,16,43,285,201,134,59,8,84,56,10,18,299,183,161,17,5,116,85,6,25
S01010530,547,374,252,107,15,173,137,13,23,272,197,123,66,8,75,58,8,9,275,177,129,41,7,98,79,5,14
S01010531,930,615,454,139,22,315,252,21,42,433,317,215,92,10,116,97,7,12,497,298,239,47,12,199,155,14,30
S01010532,462,302,200,82,20,160,118,9,33,232,168,104,52,12,64,55,3,6,230,134,96,30,8,96,63,6,27
S01010533,518,300,223,67,10,218,178,12,28,260,167,121,40,6,93,74,6,13,258,133,102,27,4,125,104,6,15
S01010534,706,473,371,78,24,233,151,30,52,338,240,169,55,16,98,62,18,18,368,233,202,23,8,135,89,12,34
S01010535,572,378,273,89,16,194,141,14,39,275,202,133,59,10,73,59,4,10,297,176,140,30,6,121,82,10,29
S01010536,703,477,393,58,26,226,170,8,48,337,249,186,40,23,88,66,4,18,366,228,207,18,3,138,104,4,30
S01010537,672,509,431,59,19,163,110,13,40,342,273,225,36,12,69,45,6,18,330,236,206,23,7,94,65,7,22
S01010538,600,472,380,62,30,128,63,15,50,284,231,181,39,11,53,33,10,10,316,241,199,23,19,75,30,5,40
S01010539,962,750,612,110,28,212,140,8,64,488,400,309,72,19,88,67,2,19,474,350,303,38,9,124,73,6,45
S01010540,540,341,250,75,16,199,157,14,28,262,176,117,48,11,86,73,5,8,278,165,133,27,5,113,84,9,20
S01010541,706,475,357,101,17,231,177,11,43,332,230,164,55,11,102,82,7,13,374,245,193,46,6,129,95,4,30
S01010542,755,483,360,102,21,272,205,17,50,371,264,188,64,12,107,87,10,10,384,219,172,38,9,165,118,7,40
S01010543,508,351,229,117,5,157,111,11,35,255,191,110,77,4,64,49,3,12,253,160,119,40,1,93,62,8,23
S01010544,692,464,352,75,37,228,174,18,36,320,241,170,50,21,79,65,6,8,372,223,182,25,16,149,109,12,28
S01010545,586,356,259,74,23,230,171,15,44,282,190,137,41,12,92,66,11,15,304,166,122,33,11,138,105,4,29
S01010546,710,402,312,65,25,308,249,19,40,320,211,151,46,14,109,86,11,12,390,191,161,19,11,199,163,8,28
S01010547,622,397,289,93,15,225,154,19,52,316,225,152,64,9,91,69,8,14,306,172,137,29,6,134,85,11,38
S01010548,574,319,227,75,17,255,220,12,23,295,180,112,51,17,115,100,8,7,279,139,115,24,0,140,120,4,16
S01010549,710,483,428,39,16,227,156,18,53,344,254,222,24,8,90,68,9,13,366,229,206,15,8,137,88,9,40
S01010550,447,293,240,40,13,154,100,21,33,229,158,124,24,10,71,50,13,8,218,135,116,16,3,83,50,8,25
S01010551,511,356,238,101,17,155,97,17,41,251,191,121,63,7,60,41,11,8,260,165,117,38,10,95,56,6,33
S01010552,630,424,322,87,15,206,139,20,47,307,234,165,61,8,73,57,7,9,323,190,157,26,7,133,82,13,38
S01010553,514,348,231,99,18,166,106,15,45,270,201,119,73,9,69,50,8,11,244,147,112,26,9,97,56,7,34
S01010554,637,407,321,60,26,230,154,16,60,300,214,159,43,12,86,58,6,22,337,193,162,17,14,144,96,10,38
S01010555,771,523,413,66,44,248,161,23,64,386,280,214,38,28,106,75,12,19,385,243,199,28,16,142,86,11,45
S01010556,810,411,334,32,45,399,243,25,131,366,211,162,21,28,155,86,17,52,444,200,172,11,17,244,157,8,79
S01010557,510,304,263,13,28,206,153,11,42,230,153,131,8,14,77,62,4,11,280,151,132,5,14,129,91,7,31
S01010558,669,349,272,43,34,320,236,18,66,317,193,140,27,26,124,95,9,20,352,156,132,16,8,196,141,9,46
S01010559,674,307,228,63,16,367,296,14,57,298,172,122,40,10,126,103,9,14,376,135,106,23,6,241,193,5,43
S01010560,564,345,288,45,12,219,183,14,22,252,164,130,30,4,88,79,4,5,312,181,158,15,8,131,104,10,17
S01010561,604,338,278,51,9,266,210,15,41,278,182,141,34,7,96,77,10,9,326,156,137,17,2,170,133,5,32
S01010562,623,415,356,40,19,208,161,15,32,298,207,167,30,10,91,68,8,15,325,208,189,10,9,117,93,7,17
S01010563,415,293,239,26,28,122,71,7,44,204,161,128,15,18,43,27,5,11,211,132,111,11,10,79,44,2,33
S01010564,442,243,193,24,26,199,121,8,70,232,145,108,17,20,87,44,4,39,210,98,85,7,6,112,77,4,31
S01010565,543,312,265,18,29,231,151,23,57,257,171,139,14,18,86,58,8,20,286,141,126,4,11,145,93,15,37
S01010566,876,614,472,117,25,262,179,35,48,452,337,243,74,20,115,83,18,14,424,277,229,43,5,147,96,17,34
S01010567,885,595,450,123,22,290,175,36,79,451,319,227,79,13,132,85,16,31,434,276,223,44,9,158,90,20,48
S01010568,789,552,442,91,19,237,135,41,61,398,290,211,68,11,108,66,23,19,391,262,231,23,8,129,69,18,42
S01010569,722,539,423,99,17,183,112,24,47,412,339,267,62,10,73,49,8,16,310,200,156,37,7,110,63,16,31
S01010570,860,560,464,54,42,300,173,27,100,410,293,227,37,29,117,74,14,29,450,267,237,17,13,183,99,13,71
S01010571,655,515,452,41,22,140,98,9,33,343,279,236,30,13,64,43,7,14,312,236,216,11,9,76,55,2,19
S01010572,613,450,386,26,38,163,80,16,67,285,232,194,15,23,53,28,8,17,328,218,192,11,15,110,52,8,50
S01010573,426,326,292,22,12,100,57,8,35,206,162,139,13,10,44,22,2,20,220,164,153,9,2,56,35,6,15
S01010574,473,330,283,34,13,143,94,18,31,232,169,137,23,9,63,43,13,7,241,161,146,11,4,80,51,5,24
S01010575,577,373,318,32,23,204,164,18,22,269,187,151,24,12,82,69,9,4,308,186,167,8,11,122,95,9,18
S01010576,680,447,368,59,20,233,180,24,29,321,224,174,39,11,97,82,6,9,359,223,194,20,9,136,98,18,20
S01010577,691,474,394,43,37,217,98,38,81,321,251,207,26,18,70,34,17,19,370,223,187,17,19,147,64,21,62
S01010578,461,351,306,29,16,110,53,11,46,210,169,138,22,9,41,21,5,15,251,182,168,7,7,69,32,6,31
S01010579,631,443,379,53,11,188,129,25,34,299,230,186,38,6,69,49,11,9,332,213,193,15,5,119,80,14,25
S01010580,464,331,297,24,10,133,63,16,54,239,183,159,17,7,56,24,8,24,225,148,138,7,3,77,39,8,30
S01010581,423,334,289,31,14,89,46,9,34,201,170,135,24,11,31,18,3,10,222,164,154,7,3,58,28,6,24
S01010582,410,265,220,36,9,145,93,12,40,188,141,112,24,5,47,30,6,11,222,124,108,12,4,98,63,6,29
S01010583,810,584,515,49,20,226,165,25,36,371,288,248,29,11,83,65,10,8,439,296,267,20,9,143,100,15,28
S01010584,596,464,382,58,24,132,52,26,54,273,225,169,46,10,48,23,11,14,323,239,213,12,14,84,29,15,40
S01010585,599,529,455,57,17,70,15,22,33,276,256,211,37,8,20,5,7,8,323,273,244,20,9,50,10,15,25
S01010586,621,447,375,55,17,174,131,11,32,284,222,176,35,11,62,54,3,5,337,225,199,20,6,112,77,8,27
S01010587,588,385,313,56,16,203,155,22,26,283,195,141,42,12,88,70,10,8,305,190,172,14,4,115,85,12,18
S01010588,509,342,293,29,20,167,111,11,45,245,181,150,21,10,64,45,4,15,264,161,143,8,10,103,66,7,30
S01010589,504,377,339,25,13,127,61,10,56,240,192,168,15,9,48,24,4,20,264,185,171,10,4,79,37,6,36
S01010590,627,484,408,60,16,143,88,16,39,307,257,205,46,6,50,37,6,7,320,227,203,14,10,93,51,10,32
S01010591,540,466,414,30,22,74,25,10,39,257,232,196,24,12,25,10,5,10,283,234,218,6,10,49,15,5,29
S01010592,429,317,286,21,10,112,74,6,32,201,158,136,14,8,43,27,3,13,228,159,150,7,2,69,47,3,19
S01010593,512,350,298,49,3,162,116,18,28,242,181,143,37,1,61,49,9,3,270,169,155,12,2,101,67,9,25
S01010594,508,407,352,41,14,101,59,13,29,232,202,167,29,6,30,21,5,4,276,205,185,12,8,71,38,8,25
S01010595,561,477,424,35,18,84,24,21,39,268,239,207,21,11,29,10,11,8,293,238,217,14,7,55,14,10,31
S01010596,628,488,386,81,21,140,80,15,45,315,262,192,59,11,53,32,9,12,313,226,194,22,10,87,48,6,33
S01010597,485,410,344,47,19,75,28,13,34,233,200,157,34,9,33,14,6,13,252,210,187,13,10,42,14,7,21
S01010598,740,622,541,62,19,118,38,24,56,357,330,278,42,10,27,15,5,7,383,292,263,20,9,91,23,19,49
S01010599,474,348,306,25,17,126,86,12,28,215,167,140,18,9,48,39,5,4,259,181,166,7,8,78,47,7,24
S01010600,808,494,410,66,18,314,252,20,42,402,272,215,47,10,130,107,11,12,406,222,195,19,8,184,145,9,30
S01010601,603,301,263,28,10,302,254,16,32,274,152,129,18,5,122,101,8,13,329,149,134,10,5,180,153,8,19
S01010602,449,338,291,27,20,111,78,12,21,222,174,139,21,14,48,33,8,7,227,164,152,6,6,63,45,4,14
S01010603,697,452,391,42,19,245,193,16,36,331,238,194,33,11,93,77,8,8,366,214,197,9,8,152,116,8,28
S01010604,393,260,220,27,13,133,98,15,20,194,140,112,21,7,54,40,9,5,199,120,108,6,6,79,58,6,15
S01010605,765,468,388,67,13,297,233,32,32,367,249,189,50,10,118,86,21,11,398,219,199,17,3,179,147,11,21
S01010606,659,422,351,44,27,237,164,23,50,300,212,162,32,18,88,61,11,16,359,210,189,12,9,149,103,12,34
S01010607,695,468,381,68,19,227,181,20,26,345,251,195,44,12,94,70,15,9,350,217,186,24,7,133,111,5,17
S01010608,503,325,267,18,40,178,83,18,77,222,163,130,13,20,59,31,5,23,281,162,137,5,20,119,52,13,54
S01010609,452,310,270,23,17,142,75,17,50,216,159,133,17,9,57,24,10,23,236,151,137,6,8,85,51,7,27
S01010610,616,359,286,42,31,257,187,11,59,291,188,133,28,27,103,79,7,17,325,171,153,14,4,154,108,4,42
S01010611,779,551,476,40,35,228,156,14,58,374,293,244,24,25,81,56,2,23,405,258,232,16,10,147,100,12,35
S01010612,620,420,368,32,20,200,136,17,47,295,216,181,22,13,79,53,7,19,325,204,187,10,7,121,83,10,28
S01010613,602,341,305,23,13,261,183,18,60,271,168,141,15,12,103,79,7,17,331,173,164,8,1,158,104,11,43
S01010614,443,291,248,14,29,152,87,17,48,211,147,121,10,16,64,37,6,21,232,144,127,4,13,88,50,11,27
S01010615,658,518,466,31,21,140,70,20,50,320,270,234,25,11,50,29,3,18,338,248,232,6,10,90,41,17,32
S01010616,731,485,439,38,8,246,198,28,20,346,249,216,27,6,97,80,8,9,385,236,223,11,2,149,118,20,11
S01010617,737,542,481,47,14,195,146,27,22,340,272,229,32,11,68,59,7,2,397,270,252,15,3,127,87,20,20
S01010618,633,497,436,45,16,136,90,13,33,306,257,211,32,14,49,33,5,11,327,240,225,13,2,87,57,8,22
S01010619,519,409,346,26,37,110,43,18,49,280,220,180,18,22,60,25,12,23,239,189,166,8,15,50,18,6,26
S01010620,560,435,334,27,74,125,31,18,76,306,243,178,21,44,63,12,8,43,254,192,156,6,30,62,19,10,33
S01010621,803,544,430,76,38,259,143,27,89,422,316,240,51,25,106,58,15,33,381,228,190,25,13,153,85,12,56
S01010622,520,354,290,24,40,166,89,17,60,225,174,132,15,27,51,27,9,15,295,180,158,9,13,115,62,8,45
S01010623,554,425,364,26,35,129,24,13,92,260,237,211,18,8,23,8,3,12,294,188,153,8,27,106,16,10,80
S01010624,553,364,324,18,22,189,87,45,57,255,194,165,13,16,61,34,12,15,298,170,159,5,6,128,53,33,42
S01010625,687,390,314,69,7,297,238,20,39,331,210,159,47,4,121,100,11,10,356,180,155,22,3,176,138,9,29
S01010626,794,402,322,68,12,392,312,19,61,355,205,152,46,7,150,118,10,22,439,197,170,22,5,242,194,9,39
S01010627,729,492,392,73,27,237,163,21,53,377,276,210,48,18,101,56,17,28,352,216,182,25,9,136,107,4,25
S01010628,895,587,483,66,38,308,180,27,101,461,315,251,39,25,146,53,14,79,434,272,232,27,13,162,127,13,22
S01010629,812,456,357,76,23,356,278,19,59,366,235,163,58,14,131,99,9,23,446,221,194,18,9,225,179,10,36
S01010630,486,317,263,37,17,169,85,10,74,205,144,113,21,10,61,31,4,26,281,173,150,16,7,108,54,6,48
S01010631,558,372,312,37,23,186,132,10,44,259,199,155,29,15,60,41,4,15,299,173,157,8,8,126,91,6,29
S01010632,805,461,373,50,38,344,245,22,77,367,243,181,35,27,124,84,10,30,438,218,192,15,11,220,161,12,47
S01010633,814,478,405,26,47,336,200,28,108,371,258,214,17,27,113,68,12,33,443,220,191,9,20,223,132,16,75
S01010634,535,346,284,37,25,189,118,14,57,259,182,140,25,17,77,47,7,23,276,164,144,12,8,112,71,7,34
S01010635,641,396,331,34,31,245,158,23,64,314,207,166,27,14,107,68,15,24,327,189,165,7,17,138,90,8,40
S01010636,692,467,381,71,15,225,168,15,42,333,248,193,46,9,85,67,7,11,359,219,188,25,6,140,101,8,31
S01010637,509,331,268,37,26,178,123,8,47,264,184,139,26,19,80,53,2,25,245,147,129,11,7,98,70,6,22
S01010638,741,395,320,50,25,346,254,16,76,340,202,153,32,17,138,104,9,25,401,193,167,18,8,208,150,7,51
S01010639,952,627,517,45,65,325,163,31,131,456,337,260,31,46,119,58,14,47,496,290,257,14,19,206,105,17,84
S01010640,727,545,437,72,36,182,92,16,74,368,288,218,45,25,80,40,9,31,359,257,219,27,11,102,52,7,43
S01010641,782,487,389,34,64,295,117,18,160,384,264,197,25,42,120,56,4,60,398,223,192,9,22,175,61,14,100
S01010642,736,464,372,27,65,272,117,24,131,333,226,169,19,38,107,47,10,50,403,238,203,8,27,165,70,14,81
S01010643,520,354,277,19,58,166,39,23,104,236,185,135,14,36,51,15,12,24,284,169,142,5,22,115,24,11,80
S01010644,515,295,227,12,56,220,84,14,122,250,154,110,9,35,96,31,8,57,265,141,117,3,21,124,53,6,65
S01010645,476,360,318,32,10,116,83,9,24,237,192,161,23,8,45,31,3,11,239,168,157,9,2,71,52,6,13
S01010646,577,388,340,29,19,189,129,26,34,280,202,166,22,14,78,53,18,7,297,186,174,7,5,111,76,8,27
S01010647,633,407,352,38,17,226,169,22,35,298,219,181,28,10,79,54,9,16,335,188,171,10,7,147,115,13,19
S01010648,561,391,333,32,26,170,98,14,58,276,200,162,24,14,76,42,6,28,285,191,171,8,12,94,56,8,30
S01010649,519,316,275,30,11,203,181,5,17,249,172,139,25,8,77,70,4,3,270,144,136,5,3,126,111,1,14
S01010650,416,264,209,39,16,152,66,11,75,212,132,96,25,11,80,31,6,43,204,132,113,14,5,72,35,5,32
S01010651,566,379,312,39,28,187,94,19,74,265,207,155,31,21,58,29,8,21,301,172,157,8,7,129,65,11,53
S01010652,614,408,346,33,29,206,108,25,73,289,202,162,27,13,87,44,11,32,325,206,184,6,16,119,64,14,41
S01010653,534,368,322,37,9,166,118,19,29,252,189,160,25,4,63,43,11,9,282,179,162,12,5,103,75,8,20
S01010654,638,448,364,45,39,190,102,21,67,295,229,165,38,26,66,37,7,22,343,219,199,7,13,124,65,14,45
S01010655,729,494,335,139,20,235,165,23,47,365,268,167,87,14,97,77,7,13,364,226,168,52,6,138,88,16,34
S01010656,364,233,175,43,15,131,88,8,35,176,126,88,31,7,50,38,3,9,188,107,87,12,8,81,50,5,26
S01010657,534,371,266,88,17,163,107,22,34,271,207,133,64,10,64,48,13,3,263,164,133,24,7,99,59,9,31
S01010658,602,398,307,69,22,204,139,16,49,296,209,148,47,14,87,61,9,17,306,189,159,22,8,117,78,7,32
S01010659,544,354,264,70,20,190,142,15,33,275,192,126,54,12,83,62,12,9,269,162,138,16,8,107,80,3,24
S01010660,511,311,247,49,15,200,138,13,49,243,171,127,36,8,72,54,6,12,268,140,120,13,7,128,84,7,37
S01010661,518,350,287,44,19,168,123,3,42,236,185,145,30,10,51,40,1,10,282,165,142,14,9,117,83,2,32
S01010662,614,407,319,79,9,207,134,28,45,293,208,152,49,7,85,61,11,13,321,199,167,30,2,122,73,17,32
S01010663,777,501,374,110,17,276,203,18,55,385,284,192,83,9,101,82,6,13,392,217,182,27,8,175,121,12,42
S01010664,678,450,316,121,13,228,152,26,50,328,230,149,73,8,98,74,10,14,350,220,167,48,5,130,78,16,36
S01010665,774,459,320,119,20,315,229,16,70,383,246,159,77,10,137,106,7,24,391,213,161,42,10,178,123,9,46
S01010666,769,474,365,83,26,295,218,28,49,358,239,169,52,18,119,92,12,15,411,235,196,31,8,176,126,16,34
S01010667,570,397,275,112,10,173,112,11,50,286,211,134,71,6,75,53,6,16,284,186,141,41,4,98,59,5,34
S01010668,948,579,395,148,36,369,277,20,72,464,327,206,97,24,137,118,7,12,484,252,189,51,12,232,159,13,60
S01010669,489,302,209,73,20,187,136,9,42,251,188,130,46,12,63,51,3,9,238,114,79,27,8,124,85,6,33
S01010670,576,380,267,91,22,196,130,27,39,279,210,133,62,15,69,50,9,10,297,170,134,29,7,127,80,18,29
S01010671,628,390,254,108,28,238,161,36,41,296,201,116,71,14,95,66,17,12,332,189,138,37,14,143,95,19,29
S01010672,532,338,251,50,37,194,114,21,59,270,180,127,35,18,90,53,16,21,262,158,124,15,19,104,61,5,38
S01010673,772,486,318,136,32,286,204,13,69,402,261,150,88,23,141,101,8,32,370,225,168,48,9,145,103,5,37
S01010674,759,515,320,165,30,244,161,17,66,384,290,155,117,18,94,63,10,21,375,225,165,48,12,150,98,7,45
S01010675,534,325,201,105,19,209,159,11,39,265,177,102,67,8,88,70,5,13,269,148,99,38,11,121,89,6,26
S01010676,770,460,304,139,17,310,196,57,57,363,245,145,88,12,118,88,14,16,407,215,159,51,5,192,108,43,41
S01010677,420,243,173,59,11,177,140,9,28,196,128,80,41,7,68,57,6,5,224,115,93,18,4,109,83,3,23
S01010678,531,336,232,80,24,195,138,12,45,261,178,110,59,9,83,56,7,20,270,158,122,21,15,112,82,5,25
S01010679,508,314,221,64,29,194,146,11,37,243,162,100,44,18,81,54,7,20,265,152,121,20,11,113,92,4,17
S01010680,533,342,246,73,23,191,127,15,49,246,174,115,50,9,72,49,7,16,287,168,131,23,14,119,78,8,33
S01010681,831,580,437,85,58,251,140,27,84,382,283,197,55,31,99,55,16,28,449,297,240,30,27,152,85,11,56
S01010682,777,534,356,149,29,243,174,23,46,385,280,162,99,19,105,79,13,13,392,254,194,50,10,138,95,10,33
S01010683,833,489,311,148,30,344,235,27,82,412,267,140,108,19,145,106,9,30,421,222,171,40,11,199,129,18,52
S01010684,684,414,256,135,23,270,200,12,58,331,222,116,94,12,109,85,4,20,353,192,140,41,11,161,115,8,38
S01010685,532,306,168,118,20,226,173,12,41,267,167,80,76,11,100,80,4,16,265,139,88,42,9,126,93,8,25
S01010686,585,369,229,119,21,216,155,22,39,295,198,118,71,9,97,68,11,18,290,171,111,48,12,119,87,11,21
S01010687,699,410,284,106,20,289,231,14,44,342,210,134,67,9,132,108,7,17,357,200,150,39,11,157,123,7,27
S01010688,619,388,234,139,15,231,183,16,32,317,217,123,87,7,100,85,6,9,302,171,111,52,8,131,98,10,23
S01010689,669,349,220,116,13,320,257,12,51,322,194,107,79,8,128,112,5,11,347,155,113,37,5,192,145,7,40
S01010690,566,355,244,91,20,211,166,7,38,276,192,125,59,8,84,66,3,15,290,163,119,32,12,127,100,4,23
S01010691,622,409,232,161,16,213,158,13,42,302,214,105,99,10,88,72,5,11,320,195,127,62,6,125,86,8,31
S01010692,599,420,319,89,12,179,110,22,47,278,217,150,60,7,61,43,7,11,321,203,169,29,5,118,67,15,36
S01010693,397,263,162,91,10,134,104,14,16,206,145,75,62,8,61,50,8,3,191,118,87,29,2,73,54,6,13
S01010694,520,256,177,70,9,264,199,16,49,257,139,90,44,5,118,93,10,15,263,117,87,26,4,146,106,6,34
S01010695,614,410,288,99,23,204,151,14,39,302,219,131,71,17,83,66,9,8,312,191,157,28,6,121,85,5,31
S01010696,838,542,424,99,19,296,211,23,62,426,296,223,63,10,130,99,15,16,412,246,201,36,9,166,112,8,46
S01010697,921,546,414,114,18,375,243,28,104,446,298,207,79,12,148,104,6,38,475,248,207,35,6,227,139,22,66
S01010698,610,378,252,102,24,232,154,19,59,293,192,111,68,13,101,65,10,26,317,186,141,34,11,131,89,9,33
S01010699,491,351,257,79,15,140,83,18,39,252,192,127,55,10,60,42,7,11,239,159,130,24,5,80,41,11,28
S01010700,503,343,255,71,17,160,108,13,39,245,183,124,49,10,62,45,7,10,258,160,131,22,7,98,63,6,29
S01010701,841,577,478,74,25,264,166,28,70,418,315,243,58,14,103,71,13,19,423,262,235,16,11,161,95,15,51
S01010702,875,537,404,111,22,338,260,20,58,433,300,206,76,18,133,102,12,19,442,237,198,35,4,205,158,8,39
S01010703,708,469,341,112,16,239,181,23,35,356,263,174,77,12,93,74,10,9,352,206,167,35,4,146,107,13,26
S01010704,537,310,267,33,10,227,161,15,51,261,168,140,22,6,93,71,5,17,276,142,127,11,4,134,90,10,34
S01010705,897,587,470,78,39,310,192,33,85,436,316,234,58,24,120,82,14,24,461,271,236,20,15,190,110,19,61
S01010706,553,347,279,37,31,206,115,16,75,267,202,153,30,19,65,39,6,20,286,145,126,7,12,141,76,10,55
S01010707,593,390,281,100,9,203,143,18,42,300,216,143,68,5,84,61,11,12,293,174,138,32,4,119,82,7,30
S01010708,464,305,241,50,14,159,116,10,33,220,159,116,35,8,61,44,5,12,244,146,125,15,6,98,72,5,21
S01010709,591,420,351,51,18,171,119,20,32,283,212,168,38,6,71,47,14,10,308,208,183,13,12,100,72,6,22
S01010710,610,391,319,26,46,219,118,25,76,275,197,157,18,22,78,46,10,22,335,194,162,8,24,141,72,15,54
S01010711,618,394,334,51,9,224,163,15,46,293,205,164,36,5,88,68,6,14,325,189,170,15,4,136,95,9,32
S01010712,556,385,331,27,27,171,84,25,62,271,203,170,17,16,68,35,11,22,285,182,161,10,11,103,49,14,40
S01010713,633,453,394,29,30,180,107,19,54,285,226,188,19,19,59,36,8,15,348,227,206,10,11,121,71,11,39
S01010714,613,344,292,26,26,269,156,22,91,265,175,141,15,19,90,55,3,32,348,169,151,11,7,179,101,19,59
S01010715,588,373,309,35,29,215,154,10,51,270,182,139,25,18,88,68,4,16,318,191,170,10,11,127,86,6,35
S01010716,782,493,405,48,40,289,201,15,73,363,266,202,36,28,97,63,8,26,419,227,203,12,12,192,138,7,47
S01010717,539,325,282,34,9,214,178,16,20,261,169,139,24,6,92,78,9,5,278,156,143,10,3,122,100,7,15
S01010718,755,530,428,72,30,225,145,25,55,366,283,213,51,19,83,59,10,14,389,247,215,21,11,142,86,15,41
S01010719,564,332,264,55,13,232,177,24,31,254,177,129,40,8,77,64,10,3,310,155,135,15,5,155,113,14,28
S01010720,629,338,261,65,12,291,228,19,44,288,174,127,41,6,114,85,10,19,341,164,134,24,6,177,143,9,25
S01010721,546,335,242,79,14,211,180,12,19,255,174,114,54,6,81,71,4,6,291,161,128,25,8,130,109,8,13
S01010722,710,438,342,68,28,272,202,33,37,329,222,156,48,18,107,87,13,7,381,216,186,20,10,165,115,20,30
S01010723,710,504,368,118,18,206,131,32,43,350,265,168,85,12,85,58,19,8,360,239,200,33,6,121,73,13,35
S01010724,706,490,382,92,16,216,147,21,48,338,262,180,72,10,76,54,8,14,368,228,202,20,6,140,93,13,34
S01010725,600,409,276,121,12,191,141,19,31,293,213,126,80,7,80,64,7,9,307,196,150,41,5,111,77,12,22
S01010726,794,460,358,75,27,334,254,21,59,368,230,160,55,15,138,108,13,17,426,230,198,20,12,196,146,8,42
S01010727,528,326,237,71,18,202,143,18,41,265,184,113,59,12,81,61,7,13,263,142,124,12,6,121,82,11,28
S01010728,418,263,213,42,8,155,123,18,14,193,125,95,28,2,68,56,5,7,225,138,118,14,6,87,67,13,7
S01010729,590,413,317,87,9,177,120,21,36,308,228,160,62,6,80,58,10,12,282,185,157,25,3,97,62,11,24
S01010730,698,469,342,112,15,229,160,25,44,342,252,164,80,8,90,68,11,11,356,217,178,32,7,139,92,14,33
S01010731,752,488,351,94,43,264,187,35,42,345,247,169,55,23,98,69,13,16,407,241,182,39,20,166,118,22,26
S01010732,651,395,324,31,40,256,121,22,113,282,190,146,21,23,92,45,9,38,369,205,178,10,17,164,76,13,75
S01010733,437,267,215,18,34,170,66,16,88,201,141,108,12,21,60,25,10,25,236,126,107,6,13,110,41,6,63
S01010734,723,436,347,37,52,287,127,37,123,345,240,178,25,37,105,50,12,43,378,196,169,12,15,182,77,25,80
S01010735,455,296,234,19,43,159,36,15,108,218,167,128,12,27,51,16,9,26,237,129,106,7,16,108,20,6,82
S01010736,419,260,221,29,10,159,127,9,23,212,147,122,20,5,65,57,5,3,207,113,99,9,5,94,70,4,20
S01010737,889,512,426,48,38,377,250,30,97,414,266,216,33,17,148,97,14,37,475,246,210,15,21,229,153,16,60
S01010738,458,281,246,19,16,177,123,11,43,215,138,116,12,10,77,50,9,18,243,143,130,7,6,100,73,2,25
S01010739,695,457,370,45,42,238,137,17,84,337,239,185,29,25,98,57,11,30,358,218,185,16,17,140,80,6,54
S01010740,387,220,175,12,33,167,83,7,77,179,119,90,6,23,60,28,5,27,208,101,85,6,10,107,55,2,50
S01010741,513,279,220,42,17,234,174,18,42,251,147,104,32,11,104,78,14,12,262,132,116,10,6,130,96,4,30
S01010742,571,368,326,11,31,203,130,16,57,276,192,163,8,21,84,55,7,22,295,176,163,3,10,119,75,9,35
S01010743,531,318,268,13,37,213,93,20,100,265,172,139,10,23,93,43,14,36,266,146,129,3,14,120,50,6,64
S01010744,901,558,458,60,40,343,241,31,71,423,297,232,38,27,126,94,15,17,478,261,226,22,13,217,147,16,54
S01010745,529,315,249,36,30,214,144,7,63,244,169,126,26,17,75,53,4,18,285,146,123,10,13,139,91,3,45
S01010746,842,551,402,113,36,291,192,27,72,411,293,186,83,24,118,84,14,20,431,258,216,30,12,173,108,13,52
S01010747,660,414,336,44,34,246,139,19,88,329,220,167,32,21,109,60,14,35,331,194,169,12,13,137,79,5,53
S01010748,526,311,226,70,15,215,150,18,47,253,169,107,51,11,84,64,10,10,273,142,119,19,4,131,86,8,37
S01010749,504,318,237,58,23,186,124,11,51,250,175,117,45,13,75,55,6,14,254,143,120,13,10,111,69,5,37
S01010750,542,304,201,81,22,238,189,5,44,261,168,95,59,14,93,79,2,12,281,136,106,22,8,145,110,3,32
S01010751,583,328,237,45,46,255,124,10,121,274,173,116,25,32,101,44,7,50,309,155,121,20,14,154,80,3,71
S01010752,586,376,298,37,41,210,109,16,85,261,187,138,25,24,74,46,4,24,325,189,160,12,17,136,63,12,61
S01010753,799,510,370,81,59,289,127,35,127,384,280,187,58,35,104,51,16,37,415,230,183,23,24,185,76,19,90
S01010754,572,313,245,47,21,259,172,14,73,263,167,120,34,13,96,67,7,22,309,146,125,13,8,163,105,7,51
S01010755,542,322,266,40,16,220,170,8,42,253,169,130,28,11,84,67,5,12,289,153,136,12,5,136,103,3,30
S01010756,544,346,272,60,14,198,159,11,28,261,189,136,45,8,72,62,6,4,283,157,136,15,6,126,97,5,24
S01010757,659,378,270,88,20,281,211,14,56,323,211,134,65,12,112,82,7,23,336,167,136,23,8,169,129,7,33
S01010758,604,317,232,67,18,287,225,25,37,295,178,119,48,11,117,88,13,16,309,139,113,19,7,170,137,12,21
S01010759,494,307,249,43,15,187,121,30,36,238,153,121,25,7,85,53,15,17,256,154,128,18,8,102,68,15,19
S01010760,540,251,184,41,26,289,255,5,29,238,132,89,26,17,106,98,0,8,302,119,95,15,9,183,157,5,21
S01010761,443,296,214,61,21,147,110,10,27,216,155,104,44,7,61,44,5,12,227,141,110,17,14,86,66,5,15
S01010762,500,292,204,74,14,208,141,19,48,243,160,104,49,7,83,65,6,12,257,132,100,25,7,125,76,13,36
S01010763,549,334,229,82,23,215,159,19,37,268,183,114,59,10,85,67,9,9,281,151,115,23,13,130,92,10,28
S01010764,497,278,182,87,9,219,178,14,27,243,153,86,62,5,90,73,6,11,254,125,96,25,4,129,105,8,16
S01010765,855,482,348,108,26,373,269,24,80,432,266,179,68,19,166,126,13,27,423,216,169,40,7,207,143,11,53
S01010766,653,345,252,64,29,308,230,17,61,307,178,113,46,19,129,98,8,23,346,167,139,18,10,179,132,9,38
S01010767,582,324,248,39,37,258,186,15,57,274,166,116,24,26,108,79,8,21,308,158,132,15,11,150,107,7,36
S01010768,490,261,203,33,25,229,170,16,43,223,138,101,20,17,85,73,4,8,267,123,102,13,8,144,97,12,35
S01010769,424,238,161,65,12,186,140,14,32,209,129,76,44,9,80,60,7,13,215,109,85,21,3,106,80,7,19
S01010770,720,460,352,79,29,260,166,20,74,343,245,166,55,24,98,64,8,26,377,215,186,24,5,162,102,12,48
S01010771,749,379,254,89,36,370,271,16,83,356,208,126,61,21,148,113,5,30,393,171,128,28,15,222,158,11,53
S01010772,697,379,247,90,42,318,213,14,91,336,204,122,56,26,132,97,1,34,361,175,125,34,16,186,116,13,57
S01010773,651,406,304,79,23,245,167,9,69,328,218,148,56,14,110,84,4,22,323,188,156,23,9,135,83,5,47
S01010774,590,348,247,72,29,242,160,12,70,294,191,117,52,22,103,71,6,26,296,157,130,20,7,139,89,6,44
S01010775,526,391,304,76,11,135,94,10,31,264,204,136,60,8,60,42,4,14,262,187,168,16,3,75,52,6,17
S01010776,456,287,225,36,26,169,123,10,36,220,156,109,27,20,64,46,3,15,236,131,116,9,6,105,77,7,21
S01010777,449,262,206,22,34,187,124,13,50,206,133,98,15,20,73,45,9,19,243,129,108,7,14,114,79,4,31
S01010778,371,227,175,18,34,144,53,10,81,180,127,93,14,20,53,22,4,27,191,100,82,4,14,91,31,6,54
S01010779,612,359,278,26,55,253,145,24,84,291,196,144,18,34,95,54,10,31,321,163,134,8,21,158,91,14,53
S01010780,479,282,241,18,23,197,144,4,49,223,142,116,11,15,81,66,1,14,256,140,125,7,8,116,78,3,35
S01010781,646,433,349,63,21,213,136,26,51,320,239,180,44,15,81,49,14,18,326,194,169,19,6,132,87,12,33
S01010782,513,277,198,49,30,236,145,10,81,245,157,110,34,13,88,49,8,31,268,120,88,15,17,148,96,2,50
S01010783,464,269,221,22,26,195,115,17,63,224,158,124,17,17,66,45,1,20,240,111,97,5,9,129,70,16,43
S01010784,582,370,299,21,50,212,103,18,91,268,186,136,18,32,82,37,6,39,314,184,163,3,18,130,66,12,52
S01010785,580,379,321,40,18,201,140,13,48,294,216,177,26,13,78,56,12,10,286,163,144,14,5,123,84,1,38
S01010786,534,360,313,34,13,174,108,26,40,265,192,157,26,9,73,48,11,14,269,168,156,8,4,101,60,15,26
S01010787,733,475,342,110,23,258,190,9,59,377,273,187,76,10,104,78,5,21,356,202,155,34,13,154,112,4,38
S01010788,506,358,285,63,10,148,98,12,38,255,190,139,43,8,65,44,9,12,251,168,146,20,2,83,54,3,26
S01010789,590,382,265,88,29,208,139,21,48,292,212,128,63,21,80,56,7,17,298,170,137,25,8,128,83,14,31
S01010790,570,352,253,86,13,218,147,18,53,301,207,142,59,6,94,62,9,23,269,145,111,27,7,124,85,9,30
S01010791,720,424,300,98,26,296,211,22,63,356,230,150,68,12,126,99,7,20,364,194,150,30,14,170,112,15,43
S01010792,490,319,272,20,27,171,101,15,55,252,185,158,16,11,67,39,6,22,238,134,114,4,16,104,62,9,33
S01010793,530,361,269,74,18,169,117,13,39,269,201,136,55,10,68,51,3,14,261,160,133,19,8,101,66,10,25
S01010794,435,301,237,48,16,134,80,12,42,207,165,119,37,9,42,31,4,7,228,136,118,11,7,92,49,8,35
S01010795,821,496,385,63,48,325,243,21,61,403,273,198,45,30,130,106,7,17,418,223,187,18,18,195,137,14,44
S01010796,680,478,334,118,26,202,141,22,39,354,267,171,79,17,87,68,7,12,326,211,163,39,9,115,73,15,27
S01010797,633,447,366,69,12,186,131,16,39,318,247,192,45,10,71,60,6,5,315,200,174,24,2,115,71,10,34
S01010798,579,351,260,71,20,228,159,19,50,289,196,132,52,12,93,66,11,16,290,155,128,19,8,135,93,8,34
S01010799,817,456,372,52,32,361,268,22,71,378,245,191,31,23,133,97,9,27,439,211,181,21,9,228,171,13,44
S01010800,608,386,331,27,28,222,153,13,56,288,209,172,16,21,79,60,6,13,320,177,159,11,7,143,93,7,43
S01010801,603,347,301,26,20,256,181,13,62,289,179,147,19,13,110,76,8,26,314,168,154,7,7,146,105,5,36
S01010802,475,319,261,34,24,156,108,17,31,242,171,132,19,20,71,55,9,7,233,148,129,15,4,85,53,8,24
S01010803,499,287,227,28,32,212,138,29,45,242,149,111,18,20,93,63,17,13,257,138,116,10,12,119,75,12,32
S01010804,497,295,253,32,10,202,145,26,31,247,157,130,21,6,90,65,17,8,250,138,123,11,4,112,80,9,23
S01010805,705,452,385,35,32,253,181,25,47,349,242,204,21,17,107,77,19,11,356,210,181,14,15,146,104,6,36
S01010806,741,447,358,36,53,294,153,25,116,352,226,172,24,30,126,65,15,46,389,221,186,12,23,168,88,10,70
S01010807,450,291,245,31,15,159,113,14,32,222,161,132,17,12,61,52,4,5,228,130,113,14,3,98,61,10,27
S01010808,422,269,241,19,9,153,98,16,39,201,138,123,11,4,63,46,7,10,221,131,118,8,5,90,52,9,29
S01010809,675,440,378,35,27,235,180,15,40,323,244,201,24,19,79,65,5,9,352,196,177,11,8,156,115,10,31
S01010810,429,214,155,44,15,215,168,17,30,210,117,77,31,9,93,79,5,9,219,97,78,13,6,122,89,12,21
S01010811,745,467,324,111,32,278,207,23,48,381,268,174,73,21,113,83,11,19,364,199,150,38,11,165,124,12,29
S01010812,434,268,164,72,32,166,115,11,40,225,146,80,50,16,79,58,7,14,209,122,84,22,16,87,57,4,26
S01010813,454,304,188,83,33,150,100,16,34,233,168,102,48,18,65,41,9,15,221,136,86,35,15,85,59,7,19
S01010814,536,346,201,124,21,190,147,12,31,271,189,109,72,8,82,63,6,13,265,157,92,52,13,108,84,6,18
S01010815,377,251,203,42,6,126,88,10,28,203,147,108,34,5,56,46,4,6,174,104,95,8,1,70,42,6,22
S01010816,523,262,191,63,8,261,187,28,46,231,142,90,46,6,89,65,13,11,292,120,101,17,2,172,122,15,35
S01010817,712,431,310,102,19,281,180,32,69,336,225,146,67,12,111,74,19,18,376,206,164,35,7,170,106,13,51
S01010818,826,493,371,96,26,333,244,34,55,379,263,185,64,14,116,87,19,10,447,230,186,32,12,217,157,15,45
S01010819,676,381,301,59,21,295,218,14,63,322,195,148,34,13,127,92,6,29,354,186,153,25,8,168,126,8,34
S01010820,431,271,198,63,10,160,98,18,44,207,138,95,36,7,69,41,9,19,224,133,103,27,3,91,57,9,25
S01010821,499,266,205,56,5,233,184,22,27,238,138,102,33,3,100,80,10,10,261,128,103,23,2,133,104,12,17
S01010822,641,369,263,89,17,272,126,30,116,298,188,118,63,7,110,48,15,47,343,181,145,26,10,162,78,15,69
S01010823,368,248,207,29,12,120,47,18,55,178,122,93,19,10,56,19,12,25,190,126,114,10,2,64,28,6,30
S01010824,535,424,358,45,21,111,55,26,30,262,218,179,28,11,44,25,11,8,273,206,179,17,10,67,30,15,22
S01010825,259,197,171,22,4,62,37,9,16,121,100,79,17,4,21,15,3,3,138,97,92,5,0,41,22,6,13
S01010826,620,374,294,57,23,246,169,33,44,295,193,140,42,11,102,76,18,8,325,181,154,15,12,144,93,15,36
S01010827,491,357,318,25,14,134,87,19,28,234,173,144,19,10,61,44,10,7,257,184,174,6,4,73,43,9,21
S01010828,961,741,621,78,42,220,111,47,62,455,372,297,54,21,83,48,21,14,506,369,324,24,21,137,63,26,48
S01010829,809,476,387,69,20,333,243,24,66,391,254,185,54,15,137,102,11,24,418,222,202,15,5,196,141,13,42
S01010830,476,327,266,32,29,149,96,23,30,234,174,125,28,21,60,39,11,10,242,153,141,4,8,89,57,12,20
S01010831,436,365,319,34,12,71,26,21,24,209,182,151,27,4,27,12,7,8,227,183,168,7,8,44,14,14,16
S01010832,613,469,402,27,40,144,74,28,42,300,237,189,21,27,63,29,13,21,313,232,213,6,13,81,45,15,21
S01010833,739,514,439,67,8,225,142,43,40,382,275,224,46,5,107,66,31,10,357,239,215,21,3,118,76,12,30
S01010834,794,460,397,48,15,334,267,29,38,383,237,199,29,9,146,118,13,15,411,223,198,19,6,188,149,16,23
S01010835,576,328,278,38,12,248,194,28,26,274,166,137,24,5,108,84,15,9,302,162,141,14,7,140,110,13,17
S01010836,696,425,340,52,33,271,200,23,48,334,222,158,42,22,112,78,11,23,362,203,182,10,11,159,122,12,25
S01010837,560,313,261,27,25,247,178,25,44,255,156,118,23,15,99,74,13,12,305,157,143,4,10,148,104,12,32
S01010838,664,455,393,25,37,209,134,22,53,307,232,192,17,23,75,49,8,18,357,223,201,8,14,134,85,14,35
S01010839,593,340,286,26,28,253,181,28,44,275,177,137,19,21,98,74,10,14,318,163,149,7,7,155,107,18,30
S01010840,448,243,209,20,14,205,141,14,50,214,130,105,15,10,84,47,7,30,234,113,104,5,4,121,94,7,20
S01010841,657,418,348,32,38,239,166,27,46,323,216,176,24,16,107,76,13,18,334,202,172,8,22,132,90,14,28
S01010842,808,357,295,26,36,451,304,31,116,362,188,145,21,22,174,103,9,62,446,169,150,5,14,277,201,22,54
S01010843,582,302,252,22,28,280,204,14,62,281,159,120,16,23,122,82,7,33,301,143,132,6,5,158,122,7,29
S01010844,571,341,312,20,9,230,172,35,23,272,177,154,16,7,95,68,18,9,299,164,158,4,2,135,104,17,14
S01010845,528,313,269,22,22,215,149,18,48,262,167,132,20,15,95,67,6,22,266,146,137,2,7,120,82,12,26
S01010846,620,424,358,23,43,196,77,40,79,298,215,167,20,28,83,31,22,30,322,209,191,3,15,113,46,18,49
S01010847,518,388,350,19,19,130,82,24,24,245,187,165,14,8,58,37,13,8,273,201,185,5,11,72,45,11,16
S01010848,519,319,254,17,48,200,71,34,95,235,165,124,15,26,70,25,10,35,284,154,130,2,22,130,46,24,60
S01010849,732,418,340,30,48,314,117,54,143,338,199,141,25,33,139,54,25,60,394,219,199,5,15,175,63,29,83
S01010850,711,346,282,14,50,365,169,36,160,308,168,126,12,30,140,57,18,65,403,178,156,2,20,225,112,18,95
S01010851,608,383,322,10,51,225,95,26,104,256,170,135,8,27,86,42,10,34,352,213,187,2,24,139,53,16,70
S01010852,612,369,307,28,34,243,145,29,69,290,185,138,25,22,105,64,11,30,322,184,169,3,12,138,81,18,39
S01010853,726,458,390,30,38,268,155,30,83,348,227,177,25,25,121,73,14,34,378,231,213,5,13,147,82,16,49
S01010854,701,428,358,23,47,273,96,37,140,304,199,160,15,24,105,38,21,46,397,229,198,8,23,168,58,16,94
S01010855,449,270,227,16,27,179,106,25,48,201,133,107,12,14,68,46,9,13,248,137,120,4,13,111,60,16,35
S01010856,755,381,310,27,44,374,208,24,142,355,201,148,24,29,154,68,15,71,400,180,162,3,15,220,140,9,71
S01010857,644,461,404,21,36,183,66,41,76,278,213,175,19,19,65,25,21,19,366,248,229,2,17,118,41,20,57
S01010858,592,342,287,18,37,250,145,24,81,286,180,145,13,22,106,60,11,35,306,162,142,5,15,144,85,13,46
S01010859,586,319,270,17,32,267,129,34,104,268,167,133,13,21,101,49,15,37,318,152,137,4,11,166,80,19,67
S01010860,528,312,269,10,33,216,126,16,74,234,149,116,8,25,85,49,7,29,294,163,153,2,8,131,77,9,45
S01010861,533,284,232,12,40,249,130,19,100,236,144,113,7,24,92,50,6,36,297,140,119,5,16,157,80,13,64
S01010862,439,234,173,4,57,205,69,33,103,219,126,88,2,36,93,30,20,43,220,108,85,2,21,112,39,13,60
S01010863,677,369,315,32,22,308,226,30,52,308,193,150,26,17,115,85,14,16,369,176,165,6,5,193,141,16,36
S01010864,487,303,266,24,13,184,144,21,19,237,157,132,17,8,80,60,11,9,250,146,134,7,5,104,84,10,10
S01010865,643,310,264,37,9,333,266,40,27,295,164,135,24,5,131,94,27,10,348,146,129,13,4,202,172,13,17
S01010866,670,281,237,35,9,389,306,24,59,308,146,120,24,2,162,127,4,31,362,135,117,11,7,227,179,20,28
S01010867,591,313,249,51,13,278,201,26,51,266,170,122,37,11,96,67,10,19,325,143,127,14,2,182,134,16,32
S01010868,743,353,310,29,14,390,292,17,81,320,171,138,24,9,149,102,9,38,423,182,172,5,5,241,190,8,43
S01010869,632,399,331,45,23,233,153,36,44,302,201,157,33,11,101,64,19,18,330,198,174,12,12,132,89,17,26
S01010870,667,412,344,41,27,255,187,20,48,293,202,158,29,15,91,66,4,21,374,210,186,12,12,164,121,16,27
S01010871,759,462,378,49,35,297,210,38,49,337,232,180,33,19,105,74,17,14,422,230,198,16,16,192,136,21,35
S01010872,624,377,325,29,23,247,156,22,69,292,190,155,19,16,102,61,12,29,332,187,170,10,7,145,95,10,40
S01010873,497,195,166,9,20,302,195,14,93,231,101,79,6,16,130,76,6,48,266,94,87,3,4,172,119,8,45
S01010874,632,433,363,41,29,199,105,46,48,313,224,174,30,20,89,46,24,19,319,209,189,11,9,110,59,22,29
S01010875,426,295,248,25,22,131,78,20,33,198,148,115,17,16,50,26,14,10,228,147,133,8,6,81,52,6,23
S01010876,608,367,317,11,39,241,118,35,88,268,169,135,9,25,99,47,18,34,340,198,182,2,14,142,71,17,54
S01010877,792,465,394,31,40,327,176,29,122,382,234,183,26,25,148,73,14,61,410,231,211,5,15,179,103,15,61
S01010878,1048,471,396,30,45,577,289,25,263,552,270,212,25,33,282,101,10,171,496,201,184,5,12,295,188,15,92
S01010879,705,476,408,40,28,229,142,24,63,339,240,187,33,20,99,58,15,26,366,236,221,7,8,130,84,9,37
S01010880,444,255,208,10,37,189,101,19,69,194,120,94,6,20,74,39,9,26,250,135,114,4,17,115,62,10,43
S01010881,542,298,253,16,29,244,187,27,30,247,151,120,12,19,96,65,19,12,295,147,133,4,10,148,122,8,18
S01010882,457,331,286,12,33,126,69,26,31,236,173,140,9,24,63,30,17,16,221,158,146,3,9,63,39,9,15
S01010883,736,506,444,22,40,230,126,41,63,350,264,222,14,28,86,39,22,25,386,242,222,8,12,144,87,19,38
S01010884,582,285,222,15,48,297,138,21,138,267,146,103,14,29,121,53,10,58,315,139,119,1,19,176,85,11,80
S01010885,778,398,318,17,63,380,148,35,197,365,182,141,13,28,183,53,20,110,413,216,177,4,35,197,95,15,87
S01010886,399,247,190,19,38,152,64,28,60,191,131,88,13,30,60,25,5,30,208,116,102,6,8,92,39,23,30
S01010887,707,305,231,20,54,402,214,35,153,333,160,109,17,34,173,78,17,78,374,145,122,3,20,229,136,18,75
S01010888,682,390,324,20,46,292,142,32,118,335,203,149,16,38,132,55,20,57,347,187,175,4,8,160,87,12,61
S01010889,472,253,200,14,39,219,92,10,117,242,142,99,11,32,100,33,2,65,230,111,101,3,7,119,59,8,52
S01010890,713,263,215,14,34,450,312,8,130,312,125,95,8,22,187,121,8,58,401,138,120,6,12,263,191,0,72
S01010891,390,143,99,9,35,247,122,17,108,203,81,53,6,22,122,47,11,64,187,62,46,3,13,125,75,6,44
S01010892,758,363,297,16,50,395,244,17,134,364,185,140,12,33,179,90,12,77,394,178,157,4,17,216,154,5,57
S01010893,465,193,160,9,24,272,140,20,112,230,97,72,8,17,133,60,4,69,235,96,88,1,7,139,80,16,43
S01010894,579,325,275,17,33,254,145,16,93,265,157,120,16,21,108,59,8,41,314,168,155,1,12,146,86,8,52
S01010895,358,161,124,10,27,197,104,12,81,164,81,56,6,19,83,35,7,41,194,80,68,4,8,114,69,5,40
S01010896,568,284,224,16,44,284,129,33,122,271,146,100,15,31,125,55,16,54,297,138,124,1,13,159,74,17,68
S01010897,670,367,294,15,58,303,116,25,162,311,191,147,9,35,120,44,11,65,359,176,147,6,23,183,72,14,97
S01010898,505,284,221,23,40,221,79,23,119,247,152,113,17,22,95,29,15,51,258,132,108,6,18,126,50,8,68
S01010899,478,344,293,17,34,134,57,31,46,240,180,145,15,20,60,24,18,18,238,164,148,2,14,74,33,13,28
S01010900,508,308,248,12,48,200,72,14,114,222,147,107,11,29,75,29,5,41,286,161,141,1,19,125,43,9,73
S01010901,351,183,143,8,32,168,67,13,88,162,84,58,5,21,78,31,6,41,189,99,85,3,11,90,36,7,47
S01010902,825,463,389,22,52,362,205,26,131,377,236,184,18,34,141,74,10,57,448,227,205,4,18,221,131,16,74
S01010903,667,313,250,15,48,354,178,24,152,306,154,109,11,34,152,68,12,72,361,159,141,4,14,202,110,12,80
S01010904,446,250,195,12,43,196,62,28,106,213,123,90,10,23,90,25,14,51,233,127,105,2,20,106,37,14,55
S01010905,502,319,282,17,20,183,57,31,95,219,152,134,12,6,67,23,10,34,283,167,148,5,14,116,34,21,61
S01010906,746,496,420,24,52,250,65,33,152,354,251,204,17,30,103,26,13,64,392,245,216,7,22,147,39,20,88
S01010907,394,332,299,18,15,62,28,6,28,188,166,142,15,9,22,9,4,9,206,166,157,3,6,40,19,2,19
S01010908,512,301,259,19,23,211,116,19,76,244,161,130,14,17,83,42,12,29,268,140,129,5,6,128,74,7,47
S01010909,616,374,324,25,25,242,156,37,49,295,192,158,18,16,103,57,30,16,321,182,166,7,9,139,99,7,33
S01010910,405,227,170,9,48,178,66,18,94,187,118,78,7,33,69,25,8,36,218,109,92,2,15,109,41,10,58
S01010911,495,201,166,8,27,294,179,16,99,242,114,86,5,23,128,63,8,57,253,87,80,3,4,166,116,8,42
S01010912,593,226,179,17,30,367,203,40,124,290,115,78,14,23,175,83,29,63,303,111,101,3,7,192,120,11,61
S01010913,537,344,296,33,15,193,101,26,66,278,187,150,26,11,91,41,14,36,259,157,146,7,4,102,60,12,30
S01010914,539,404,351,26,27,135,73,27,35,251,197,159,20,18,54,33,9,12,288,207,192,6,9,81,40,18,23
S01010915,592,416,368,23,25,176,71,38,67,283,206,172,17,17,77,31,20,26,309,210,196,6,8,99,40,18,41
S01010916,486,226,167,12,47,260,95,38,127,271,129,82,12,35,142,43,28,71,215,97,85,0,12,118,52,10,56
S01010917,620,343,293,17,33,277,165,19,93,305,184,148,12,24,121,65,11,45,315,159,145,5,9,156,100,8,48
S01010918,612,306,260,17,29,306,196,33,77,268,154,122,12,20,114,69,16,29,344,152,138,5,9,192,127,17,48
S01010919,658,361,307,18,36,297,158,30,109,298,179,147,10,22,119,57,16,46,360,182,160,8,14,178,101,14,63
S01010920,452,253,174,23,56,199,52,26,121,206,118,75,15,28,88,29,9,50,246,135,99,8,28,111,23,17,71
S01010921,521,296,238,11,47,225,91,24,110,261,162,120,9,33,99,36,14,49,260,134,118,2,14,126,55,10,61
S01010922,721,350,285,16,49,371,181,43,147,311,171,133,12,26,140,66,23,51,410,179,152,4,23,231,115,20,96
S01010923,729,394,323,22,49,335,186,31,118,342,194,137,20,37,148,80,14,54,387,200,186,2,12,187,106,17,64
S01010924,512,291,256,14,21,221,126,12,83,242,152,128,13,11,90,50,5,35,270,139,128,1,10,131,76,7,48
S01010925,678,366,292,20,54,312,170,25,117,316,189,145,12,32,127,70,14,43,362,177,147,8,22,185,100,11,74
S01010926,649,364,292,21,51,285,151,31,103,310,185,131,16,38,125,58,19,48,339,179,161,5,13,160,93,12,55
S01010927,461,252,220,12,20,209,115,18,76,203,128,105,11,12,75,42,13,20,258,124,115,1,8,134,73,5,56
S01010928,561,302,236,25,41,259,104,27,128,257,154,114,18,22,103,47,16,40,304,148,122,7,19,156,57,11,88
S01010929,516,271,213,14,44,245,97,31,117,231,134,92,9,33,97,31,13,53,285,137,121,5,11,148,66,18,64
S01010930,712,549,410,115,24,163,100,26,37,350,286,191,81,14,64,42,13,9,362,263,219,34,10,99,58,13,28
S01010931,372,234,156,66,12,138,89,14,35,180,128,76,43,9,52,37,5,10,192,106,80,23,3,86,52,9,25
S01010932,468,286,234,33,19,182,95,11,76,215,143,106,25,12,72,37,5,30,253,143,128,8,7,110,58,6,46
S01010933,576,413,335,65,13,163,98,16,49,292,225,172,46,7,67,46,9,12,284,188,163,19,6,96,52,7,37
S01010934,835,574,479,73,22,261,196,20,45,413,307,240,49,18,106,86,11,9,422,267,239,24,4,155,110,9,36
S01010935,575,277,218,43,16,298,248,14,36,265,147,109,29,9,118,99,6,13,310,130,109,14,7,180,149,8,23
S01010936,627,375,310,44,21,252,197,14,41,280,190,144,29,17,90,69,5,16,347,185,166,15,4,162,128,9,25
S01010937,627,435,372,42,21,192,138,20,34,295,212,168,34,10,83,66,8,9,332,223,204,8,11,109,72,12,25
S01010938,636,390,309,21,60,246,144,20,82,310,208,143,18,47,102,60,14,28,326,182,166,3,13,144,84,6,54
S01010939,421,291,237,30,24,130,82,11,37,211,164,126,25,13,47,31,6,10,210,127,111,5,11,83,51,5,27
S01010940,587,388,340,32,16,199,172,17,10,287,198,162,25,11,89,76,9,4,300,190,178,7,5,110,96,8,6
S01010941,716,477,401,54,22,239,167,41,31,363,253,201,38,14,110,81,18,11,353,224,200,16,8,129,86,23,20
S01010942,563,345,305,31,9,218,184,18,16,277,186,156,24,6,91,76,13,2,286,159,149,7,3,127,108,5,14
S01010943,486,344,284,20,40,142,74,18,50,221,168,131,14,23,53,32,11,10,265,176,153,6,17,89,42,7,40
S01010944,525,298,254,14,30,227,165,10,52,223,149,124,8,17,74,58,7,9,302,149,130,6,13,153,107,3,43
S01010945,441,313,263,27,23,128,91,10,27,199,149,114,19,16,50,39,2,9,242,164,149,8,7,78,52,8,18
S01010946,682,443,367,40,36,239,158,15,66,318,232,177,33,22,86,58,5,23,364,211,190,7,14,153,100,10,43
S01010947,440,272,224,24,24,168,110,10,48,202,143,112,18,13,59,37,5,17,238,129,112,6,11,109,73,5,31
S01010948,553,355,295,31,29,198,128,17,53,268,186,144,25,17,82,50,13,19,285,169,151,6,12,116,78,4,34
S01010949,832,527,453,58,16,305,234,35,36,383,263,212,41,10,120,90,25,5,449,264,241,17,6,185,144,10,31
S01010950,695,417,343,39,35,278,221,10,47,335,219,166,28,25,116,99,5,12,360,198,177,11,10,162,122,5,35
S01010951,507,345,302,22,21,162,110,20,32,240,179,151,15,13,61,45,8,8,267,166,151,7,8,101,65,12,24
S01010952,410,316,273,28,15,94,53,15,26,206,170,140,21,9,36,22,9,5,204,146,133,7,6,58,31,6,21
S01010953,467,330,294,23,13,137,82,15,40,221,166,142,18,6,55,33,7,15,246,164,152,5,7,82,49,8,25
S01010954,528,404,355,39,10,124,71,25,28,298,241,207,25,9,57,31,12,14,230,163,148,14,1,67,40,13,14
S01010955,720,507,416,63,28,213,100,33,80,358,292,239,43,10,66,38,15,13,362,215,177,20,18,147,62,18,67
S01010956,575,403,281,102,20,172,106,18,48,280,218,134,68,16,62,43,8,11,295,185,147,34,4,110,63,10,37
S01010957,473,310,271,33,6,163,132,12,19,227,153,123,28,2,74,65,4,5,246,157,148,5,4,89,67,8,14
S01010958,424,244,195,38,11,180,144,9,27,211,131,97,27,7,80,67,4,9,213,113,98,11,4,100,77,5,18
S01010959,486,324,261,40,23,162,109,17,36,223,147,112,24,11,76,52,12,12,263,177,149,16,12,86,57,5,24
S01010960,876,593,462,66,65,283,166,34,83,428,308,222,47,39,120,70,17,33,448,285,240,19,26,163,96,17,50
S01010961,472,294,247,27,20,178,123,12,43,227,152,118,22,12,75,54,2,19,245,142,129,5,8,103,69,10,24
S01010962,508,276,232,32,12,232,178,10,44,259,148,114,23,11,111,81,7,23,249,128,118,9,1,121,97,3,21
S01010963,766,547,453,63,31,219,147,20,52,364,269,206,44,19,95,63,14,18,402,278,247,19,12,124,84,6,34
S01010964,444,268,231,26,11,176,145,9,22,211,133,107,22,4,78,66,4,8,233,135,124,4,7,98,79,5,14
S01010965,419,275,229,14,32,144,65,9,70,197,145,111,11,23,52,22,4,26,222,130,118,3,9,92,43,5,44
S01010966,582,369,296,37,36,213,147,20,46,287,193,139,27,27,94,63,14,17,295,176,157,10,9,119,84,6,29
S01010967,552,343,283,30,30,209,128,15,66,247,166,129,23,14,81,51,7,23,305,177,154,7,16,128,77,8,43
S01010968,603,363,305,36,22,240,188,14,38,289,184,144,26,14,105,82,9,14,314,179,161,10,8,135,106,5,24
S01010969,545,291,230,45,16,254,197,15,42,239,146,105,29,12,93,75,5,13,306,145,125,16,4,161,122,10,29
S01010970,790,511,416,64,31,279,192,27,60,390,281,211,50,20,109,77,10,22,400,230,205,14,11,170,115,17,38
S01010971,825,600,491,72,37,225,145,32,48,397,304,227,57,20,93,64,21,8,428,296,264,15,17,132,81,11,40
S01010972,643,418,349,27,42,225,113,24,88,293,216,174,22,20,77,42,12,23,350,202,175,5,22,148,71,12,65
S01010973,419,259,223,25,11,160,117,15,28,208,140,112,20,8,68,49,8,11,211,119,111,5,3,92,68,7,17
S01010974,593,369,312,31,26,224,149,18,57,289,196,154,24,18,93,61,7,25,304,173,158,7,8,131,88,11,32
S01010975,380,231,182,21,28,149,82,10,57,179,124,95,12,17,55,34,4,17,201,107,87,9,11,94,48,6,40
S01010976,477,282,247,21,14,195,142,15,38,230,142,118,16,8,88,63,8,17,247,140,129,5,6,107,79,7,21
S01010977,604,392,344,27,21,212,150,25,37,282,186,157,18,11,96,68,13,15,322,206,187,9,10,116,82,12,22
S01010978,599,372,306,31,35,227,146,11,70,276,193,149,21,23,83,53,7,23,323,179,157,10,12,144,93,4,47
S01010979,651,434,359,35,40,217,129,31,57,290,208,161,24,23,82,47,15,20,361,226,198,11,17,135,82,16,37
S01010980,601,371,306,38,27,230,152,22,56,270,179,133,26,20,91,57,11,23,331,192,173,12,7,139,95,11,33
S01010981,612,338,281,32,25,274,178,20,76,275,162,124,22,16,113,74,5,34,337,176,157,10,9,161,104,15,42
S01010982,1049,600,443,127,30,449,309,24,116,501,334,231,82,21,167,118,12,37,548,266,212,45,9,282,191,12,79
S01010983,665,408,342,47,19,257,196,16,45,309,212,168,34,10,97,76,6,15,356,196,174,13,9,160,120,10,30
S01010984,578,284,237,33,14,294,239,15,40,271,150,115,26,9,121,101,8,12,307,134,122,7,5,173,138,7,28
S01010985,503,326,275,27,24,177,127,11,39,242,169,132,21,16,73,53,7,13,261,157,143,6,8,104,74,4,26
S01010986,397,311,267,37,7,86,54,15,17,198,163,130,30,3,35,24,9,2,199,148,137,7,4,51,30,6,15
S01010987,453,362,295,54,13,91,45,19,27,220,189,141,43,5,31,16,11,4,233,173,154,11,8,60,29,8,23
S01010988,450,362,315,33,14,88,42,19,27,218,182,148,25,9,36,20,11,5,232,180,167,8,5,52,22,8,22
S01010989,692,636,563,62,11,56,22,7,27,335,318,267,45,6,17,6,2,9,357,318,296,17,5,39,16,5,18
S01010990,636,403,338,40,25,233,168,11,54,301,203,153,34,16,98,75,4,19,335,200,185,6,9,135,93,7,35
S01010991,435,311,257,34,20,124,77,15,32,213,156,123,21,12,57,40,9,8,222,155,134,13,8,67,37,6,24
S01010992,402,328,276,42,10,74,18,21,35,199,175,139,30,6,24,9,9,6,203,153,137,12,4,50,9,12,29
S01010993,508,352,304,32,16,156,111,15,30,242,177,144,23,10,65,44,7,14,266,175,160,9,6,91,67,8,16
S01010994,896,552,456,82,14,344,239,40,65,429,285,222,55,8,144,100,28,16,467,267,234,27,6,200,139,12,49
S01010995,608,423,367,40,16,185,141,19,25,290,205,168,27,10,85,69,9,7,318,218,199,13,6,100,72,10,18
S01010996,514,332,266,55,11,182,132,17,33,238,172,133,32,7,66,47,11,8,276,160,133,23,4,116,85,6,25
S01010997,561,303,245,46,12,258,217,14,27,267,161,120,35,6,106,95,3,8,294,142,125,11,6,152,122,11,19
S01010998,495,304,218,73,13,191,138,16,37,225,156,100,49,7,69,54,10,5,270,148,118,24,6,122,84,6,32
S01010999,746,402,337,47,18,344,277,15,52,358,213,167,34,12,145,118,8,19,388,189,170,13,6,199,159,7,33
S01011000,680,464,358,82,24,216,128,24,64,337,249,175,60,14,88,56,11,21,343,215,183,22,10,128,72,13,43
S01011001,534,337,286,31,20,197,134,15,48,260,178,140,23,15,82,55,8,19,274,159,146,8,5,115,79,7,29
S01011002,594,358,305,28,25,236,155,12,69,273,182,145,22,15,91,53,6,32,321,176,160,6,10,145,102,6,37
S01011003,553,353,289,32,32,200,125,19,56,259,177,134,22,21,82,48,12,22,294,176,155,10,11,118,77,7,34
S01011004,486,363,302,39,22,123,80,17,26,228,178,134,33,11,50,34,8,8,258,185,168,6,11,73,46,9,18
S01011005,556,322,270,25,27,234,154,14,66,265,168,134,18,16,97,66,4,27,291,154,136,7,11,137,88,10,39
S01011006,804,578,499,57,22,226,149,16,61,384,299,241,42,16,85,58,6,21,420,279,258,15,6,141,91,10,40
S01011007,542,331,281,24,26,211,132,15,64,257,173,134,19,20,84,51,6,27,285,158,147,5,6,127,81,9,37
S01011008,653,402,333,29,40,251,173,19,59,316,216,166,22,28,100,71,7,22,337,186,167,7,12,151,102,12,37
S01011009,416,305,265,16,24,111,56,8,47,191,146,118,12,16,45,22,0,23,225,159,147,4,8,66,34,8,24
S01011010,510,300,248,16,36,210,115,14,81,242,156,125,13,18,86,41,7,38,268,144,123,3,18,124,74,7,43
S01011011,663,368,300,15,53,295,168,24,103,308,188,145,12,31,120,58,16,46,355,180,155,3,22,175,110,8,57
S01011012,540,328,256,17,55,212,92,22,98,252,164,120,12,32,88,40,11,37,288,164,136,5,23,124,52,11,61
S01011013,668,396,347,22,27,272,198,14,60,302,206,168,19,19,96,66,10,20,366,190,179,3,8,176,132,4,40
S01011014,691,490,422,37,31,201,128,20,53,337,249,205,27,17,88,58,9,21,354,241,217,10,14,113,70,11,32
S01011015,380,263,213,28,22,117,87,7,23,170,129,99,20,10,41,33,1,7,210,134,114,8,12,76,54,6,16
S01011016,632,527,420,75,32,105,30,23,52,317,278,205,52,21,39,14,10,15,315,249,215,23,11,66,16,13,37
S01011017,692,459,337,102,20,233,177,20,36,325,226,150,67,9,99,81,9,9,367,233,187,35,11,134,96,11,27
S01011018,709,450,362,62,26,259,172,25,62,350,237,181,45,11,113,77,14,22,359,213,181,17,15,146,95,11,40
S01011019,794,568,430,103,35,226,136,31,59,392,296,214,65,17,96,65,13,18,402,272,216,38,18,130,71,18,41
S01011020,378,267,216,41,10,111,78,6,27,193,142,110,27,5,51,39,5,7,185,125,106,14,5,60,39,1,20
S01011021,719,438,359,36,43,281,173,23,85,340,229,173,28,28,111,71,10,30,379,209,186,8,15,170,102,13,55
S01011022,451,296,244,26,26,155,81,15,59,209,148,114,21,13,61,35,9,17,242,148,130,5,13,94,46,6,42
S01011023,665,438,365,44,29,227,119,28,80,308,225,170,36,19,83,47,8,28,357,213,195,8,10,144,72,20,52
S01011024,586,367,299,24,44,219,84,29,106,265,183,138,16,29,82,31,12,39,321,184,161,8,15,137,53,17,67
S01011025,556,401,333,19,49,155,69,17,69,280,201,156,15,30,79,32,11,36,276,200,177,4,19,76,37,6,33
S01011026,456,299,242,23,34,157,70,14,73,223,159,120,17,22,64,30,4,30,233,140,122,6,12,93,40,10,43
S01011027,706,445,357,31,57,261,149,23,89,317,228,178,21,29,89,51,11,27,389,217,179,10,28,172,98,12,62
S01011028,739,426,347,29,50,313,168,22,123,323,221,164,26,31,102,65,5,32,416,205,183,3,19,211,103,17,91
S01011029,509,322,275,22,25,187,109,16,62,246,166,138,15,13,80,48,11,21,263,156,137,7,12,107,61,5,41
S01011030,798,572,496,56,20,226,136,42,48,393,295,247,37,11,98,58,20,20,405,277,249,19,9,128,78,22,28
S01011031,576,343,291,20,32,233,155,12,66,265,168,131,14,23,97,64,6,27,311,175,160,6,9,136,91,6,39
S01011032,652,410,322,37,51,242,143,23,76,312,217,157,26,34,95,53,9,33,340,193,165,11,17,147,90,14,43
S01011033,524,376,331,30,15,148,97,12,39,264,201,159,27,15,63,43,6,14,260,175,172,3,0,85,54,6,25
S01011034,563,319,269,31,19,244,169,4,71,259,155,115,24,16,104,74,0,30,304,164,154,7,3,140,95,4,41
S01011035,517,348,279,32,37,169,71,20,78,237,176,134,21,21,61,25,7,29,280,172,145,11,16,108,46,13,49
S01011036,541,362,306,35,21,179,112,27,40,261,187,154,23,10,74,43,12,19,280,175,152,12,11,105,69,15,21
S01011037,742,470,371,44,55,272,128,27,117,357,250,179,32,39,107,55,13,39,385,220,192,12,16,165,73,14,78
S01011038,663,408,321,30,57,255,111,29,115,301,213,159,18,36,88,41,11,36,362,195,162,12,21,167,70,18,79
S01011039,676,434,358,42,34,242,162,18,62,331,239,188,32,19,92,61,6,25,345,195,170,10,15,150,101,12,37
S01011040,562,354,288,23,43,208,105,31,72,257,176,139,17,20,81,47,12,22,305,178,149,6,23,127,58,19,50
S01011041,629,314,254,24,36,315,172,39,104,280,147,110,20,17,133,79,17,37,349,167,144,4,19,182,93,22,67
S01011042,642,460,385,47,28,182,105,22,55,312,234,176,37,21,78,48,11,19,330,226,209,10,7,104,57,11,36
S01011043,561,346,278,27,41,215,127,12,76,272,183,145,16,22,89,51,7,31,289,163,133,11,19,126,76,5,45
S01011044,568,353,269,40,44,215,106,22,87,268,174,117,30,27,94,53,9,32,300,179,152,10,17,121,53,13,55
S01011045,644,426,275,113,38,218,156,17,45,315,232,136,77,19,83,64,9,10,329,194,139,36,19,135,92,8,35
S01011046,717,482,328,133,21,235,155,15,65,382,283,183,87,13,99,69,6,24,335,199,145,46,8,136,86,9,41
S01011047,789,489,382,84,23,300,212,21,67,382,263,198,56,9,119,99,7,13,407,226,184,28,14,181,113,14,54
S01011048,805,505,402,74,29,300,226,22,52,386,263,203,45,15,123,99,7,17,419,242,199,29,14,177,127,15,35
S01011049,581,367,323,30,14,214,175,8,31,285,202,172,25,5,83,70,4,9,296,165,151,5,9,131,105,4,22
S01011050,651,438,342,75,21,213,150,14,49,330,241,183,50,8,89,71,8,10,321,197,159,25,13,124,79,6,39
S01011051,780,502,399,83,20,278,225,21,32,373,269,201,57,11,104,88,7,9,407,233,198,26,9,174,137,14,23
S01011052,712,392,322,54,16,320,271,15,34,329,203,156,35,12,126,106,10,10,383,189,166,19,4,194,165,5,24
S01011053,535,314,268,27,19,221,134,27,60,258,176,143,20,13,82,56,9,17,277,138,125,7,6,139,78,18,43
S01011054,442,291,234,45,12,151,114,11,26,218,160,116,32,12,58,46,6,6,224,131,118,13,0,93,68,5,20
S01011055,453,311,235,64,12,142,94,15,33,231,175,124,49,2,56,35,8,13,222,136,111,15,10,86,59,7,20
S01011056,555,387,255,125,7,168,108,15,45,274,218,128,87,3,56,45,4,7,281,169,127,38,4,112,63,11,38
S01011057,475,327,249,68,10,148,94,7,47,245,190,129,55,6,55,39,4,12,230,137,120,13,4,93,55,3,35
S01011058,523,367,253,100,14,156,99,23,34,254,198,123,67,8,56,40,9,7,269,169,130,33,6,100,59,14,27
S01011059,510,350,249,79,22,160,96,9,55,256,196,127,61,8,60,45,2,13,254,154,122,18,14,100,51,7,42
S01011060,780,410,340,55,15,370,308,18,44,352,224,173,42,9,128,109,8,11,428,186,167,13,6,242,199,10,33
S01011061,699,459,393,32,34,240,171,17,52,343,237,197,22,18,106,82,8,16,356,222,196,10,16,134,89,9,36
S01011062,755,507,429,62,16,248,184,11,53,376,283,228,45,10,93,69,2,22,379,224,201,17,6,155,115,9,31
S01011063,855,504,425,40,39,351,249,24,78,390,255,203,29,23,135,101,10,24,465,249,222,11,16,216,148,14,54
S01011064,860,544,456,67,21,316,242,13,61,419,297,236,47,14,122,95,5,22,441,247,220,20,7,194,147,8,39
S01011065,592,350,256,72,22,242,167,22,53,292,202,135,54,13,90,67,9,14,300,148,121,18,9,152,100,13,39
S01011066,427,246,177,57,12,181,140,11,30,203,129,87,34,8,74,57,9,8,224,117,90,23,4,107,83,2,22
S01011067,478,257,187,51,19,221,178,6,37,225,149,102,33,14,76,71,2,3,253,108,85,18,5,145,107,4,34
S01011068,421,255,189,53,13,166,119,10,37,201,138,94,35,9,63,50,3,10,220,117,95,18,4,103,69,7,27
S01011069,467,257,212,32,13,210,140,14,56,229,147,117,21,9,82,57,5,20,238,110,95,11,4,128,83,9,36
S01011070,510,321,272,39,10,189,141,11,37,247,185,147,31,7,62,57,3,2,263,136,125,8,3,127,84,8,35
S01011071,726,420,324,66,30,306,230,20,56,361,237,173,49,15,124,101,11,12,365,183,151,17,15,182,129,9,44
S01011072,801,548,435,84,29,253,158,23,72,392,288,215,59,14,104,72,7,25,409,260,220,25,15,149,86,16,47
S01011073,596,371,312,47,12,225,148,20,57,302,213,170,35,8,89,65,8,16,294,158,142,12,4,136,83,12,41
S01011074,509,336,282,39,15,173,124,12,37,248,184,147,29,8,64,45,5,14,261,152,135,10,7,109,79,7,23
S01011075,570,346,285,30,31,224,142,7,75,258,180,139,21,20,78,54,4,20,312,166,146,9,11,146,88,3,55
S01011076,605,360,299,32,29,245,176,7,62,286,198,161,22,15,88,61,6,21,319,162,138,10,14,157,115,1,41
S01011077,586,347,288,12,47,239,151,16,72,262,169,130,8,31,93,68,8,17,324,178,158,4,16,146,83,8,55
S01011078,941,557,457,83,17,384,268,23,93,454,307,236,59,12,147,100,10,37,487,250,221,24,5,237,168,13,56
S01011079,888,582,487,56,39,306,215,18,73,438,338,277,36,25,100,72,9,19,450,244,210,20,14,206,143,9,54
S01011080,838,509,433,38,38,329,233,17,79,414,282,233,26,23,132,96,7,29,424,227,200,12,15,197,137,10,50
S01011081,662,412,351,30,31,250,157,27,66,322,226,186,22,18,96,66,11,19,340,186,165,8,13,154,91,16,47
S01011082,474,237,202,11,24,237,192,6,39,188,125,103,9,13,63,48,2,13,286,112,99,2,11,174,144,4,26
S01011083,648,402,333,39,30,246,175,13,58,323,227,180,29,18,96,72,6,18,325,175,153,10,12,150,103,7,40
S01011084,654,393,300,73,20,261,198,17,46,322,213,157,46,10,109,88,9,12,332,180,143,27,10,152,110,8,34
S01011085,744,461,387,58,16,283,214,25,44,360,230,189,33,8,130,105,12,13,384,231,198,25,8,153,109,13,31
S01011086,546,321,272,41,8,225,166,15,44,275,193,157,31,5,82,72,5,5,271,128,115,10,3,143,94,10,39
S01011087,479,303,256,30,17,176,128,10,38,230,160,127,22,11,70,56,4,10,249,143,129,8,6,106,72,6,28
S01011088,803,479,400,60,19,324,227,34,63,358,247,205,32,10,111,81,10,20,445,232,195,28,9,213,146,24,43
S01011089,542,311,249,29,33,231,173,12,46,253,161,122,18,21,92,73,4,15,289,150,127,11,12,139,100,8,31
S01011090,612,385,297,78,10,227,160,18,49,306,214,148,62,4,92,72,6,14,306,171,149,16,6,135,88,12,35
S01011091,526,384,285,78,21,142,105,9,28,272,216,152,53,11,56,48,4,4,254,168,133,25,10,86,57,5,24
S01011092,320,215,168,18,29,105,29,18,58,145,100,77,13,10,45,16,5,24,175,115,91,5,19,60,13,13,34
S01011093,502,348,267,71,10,154,108,17,29,248,190,134,51,5,58,47,4,7,254,158,133,20,5,96,61,13,22
S01011094,447,290,210,69,11,157,106,15,36,211,160,106,46,8,51,37,7,7,236,130,104,23,3,106,69,8,29
S01011095,651,458,346,96,16,193,133,19,41,335,259,182,66,11,76,58,9,9,316,199,164,30,5,117,75,10,32
S01011096,479,332,268,51,13,147,94,24,29,238,177,138,32,7,61,40,9,12,241,155,130,19,6,86,54,15,17
S01011097,559,393,304,74,15,166,117,16,33,279,212,156,50,6,67,50,9,8,280,181,148,24,9,99,67,7,25
S01011098,635,425,366,36,23,210,154,14,42,309,232,194,22,16,77,62,6,9,326,193,172,14,7,133,92,8,33
S01011099,651,457,378,33,46,194,84,26,84,315,248,198,20,30,67,39,7,21,336,209,180,13,16,127,45,19,63
S01011100,392,223,186,23,14,169,131,7,31,187,123,100,15,8,64,55,2,7,205,100,86,8,6,105,76,5,24
S01011101,482,305,262,10,33,177,89,17,71,228,168,135,9,24,60,33,4,23,254,137,127,1,9,117,56,13,48
S01011102,534,342,285,16,41,192,107,11,74,248,177,143,8,26,71,41,5,25,286,165,142,8,15,121,66,6,49
S01011103,503,305,255,21,29,198,130,13,55,247,164,130,13,21,83,46,4,33,256,141,125,8,8,115,84,9,22
S01011104,628,297,246,36,15,331,267,21,43,273,154,123,22,9,119,89,8,22,355,143,123,14,6,212,178,13,21
S01011105,682,434,369,39,26,248,185,16,47,331,221,177,26,18,110,82,7,21,351,213,192,13,8,138,103,9,26
S01011106,644,498,425,26,47,146,43,18,85,299,263,236,12,15,36,19,4,13,345,235,189,14,32,110,24,14,72
S01011107,636,526,463,26,37,110,22,31,57,295,262,228,18,16,33,6,12,15,341,264,235,8,21,77,16,19,42
S01011108,447,322,273,26,23,125,66,25,34,225,173,140,14,19,52,30,12,10,222,149,133,12,4,73,36,13,24
S01011109,690,449,392,42,15,241,189,13,39,335,233,197,28,8,102,84,8,10,355,216,195,14,7,139,105,5,29
S01011110,568,397,352,18,27,171,93,17,61,268,203,177,12,14,65,33,7,25,300,194,175,6,13,106,60,10,36
S01011111,699,457,393,30,34,242,126,17,99,310,234,193,21,20,76,44,6,26,389,223,200,9,14,166,82,11,73
S01011112,648,534,468,46,20,114,58,20,36,304,267,232,26,9,37,28,4,5,344,267,236,20,11,77,30,16,31
S01011113,821,511,455,33,23,310,261,9,40,392,268,232,22,14,124,103,3,18,429,243,223,11,9,186,158,6,22
S01011114,615,426,366,42,18,189,134,21,34,305,229,189,29,11,76,57,12,7,310,197,177,13,7,113,77,9,27
S01011115,751,503,423,40,40,248,139,24,85,359,264,215,27,22,95,60,5,30,392,239,208,13,18,153,79,19,55
S01011116,544,357,313,22,22,187,116,24,47,266,194,165,16,13,72,48,13,11,278,163,148,6,9,115,68,11,36
S01011117,635,389,317,58,14,246,188,22,36,322,217,175,34,8,105,77,13,15,313,172,142,24,6,141,111,9,21
S01011118,724,437,363,52,22,287,222,26,39,331,221,174,35,12,110,87,16,7,393,216,189,17,10,177,135,10,32
S01011119,789,439,376,54,9,350,277,25,48,367,235,199,32,4,132,105,14,13,422,204,177,22,5,218,172,11,35
S01011120,608,311,263,40,8,297,254,15,28,297,166,136,25,5,131,113,8,10,311,145,127,15,3,166,141,7,18
S01011121,473,317,272,19,26,156,111,10,35,223,170,141,15,14,53,36,2,15,250,147,131,4,12,103,75,8,20
S01011122,541,356,304,33,19,185,128,18,39,249,181,149,25,7,68,47,4,17,292,175,155,8,12,117,81,14,22
S01011123,916,601,525,42,34,315,235,18,62,438,328,279,28,21,110,92,5,13,478,273,246,14,13,205,143,13,49
S01011124,505,363,320,27,16,142,93,15,34,234,186,157,19,10,48,34,5,9,271,177,163,8,6,94,59,10,25
S01011125,392,288,252,16,20,104,45,11,48,185,145,121,12,12,40,13,7,20,207,143,131,4,8,64,32,4,28
S01011126,379,269,232,18,19,110,71,11,28,178,143,122,12,9,35,25,5,5,201,126,110,6,10,75,46,6,23
S01011127,327,251,233,8,10,76,5,14,57,162,153,149,4,0,9,2,3,4,165,98,84,4,10,67,3,11,53
S01011128,600,390,332,31,27,210,122,24,64,285,207,169,22,16,78,51,9,18,315,183,163,9,11,132,71,15,46
S01011129,771,514,440,51,23,257,178,15,64,365,279,239,26,14,86,75,6,5,406,235,201,25,9,171,103,9,59
S01011130,498,294,253,22,19,204,141,14,49,244,162,138,15,9,82,58,7,17,254,132,115,7,10,122,83,7,32
S01011131,565,382,325,28,29,183,122,30,31,285,216,186,16,14,69,45,10,14,280,166,139,12,15,114,77,20,17
S01011132,745,490,412,55,23,255,179,26,50,380,277,222,41,14,103,82,9,12,365,213,190,14,9,152,97,17,38
S01011133,375,238,194,25,19,137,104,8,25,183,131,105,15,11,52,42,4,6,192,107,89,10,8,85,62,4,19
S01011134,665,417,351,50,16,248,204,7,37,336,243,197,34,12,93,79,4,10,329,174,154,16,4,155,125,3,27
S01011135,633,415,343,37,35,218,157,23,38,292,211,175,24,12,81,55,13,13,341,204,168,13,23,137,102,10,25
S01011136,563,351,300,29,22,212,148,15,49,267,187,157,16,14,80,57,7,16,296,164,143,13,8,132,91,8,33
S01011137,369,266,210,31,25,103,62,15,26,167,129,99,20,10,38,27,5,6,202,137,111,11,15,65,35,10,20
S01011138,482,365,308,28,29,117,67,9,41,235,199,167,17,15,36,21,3,12,247,166,141,11,14,81,46,6,29
S01011139,1117,1011,954,27,30,106,47,16,43,773,737,705,20,12,36,21,10,5,344,274,249,7,18,70,26,6,38
S01011140,428,303,256,22,25,125,73,16,36,216,158,128,16,14,58,37,8,13,212,145,128,6,11,67,36,8,23
S01011141,435,316,266,14,36,119,70,7,42,200,162,132,8,22,38,24,3,11,235,154,134,6,14,81,46,4,31
S01011142,932,476,376,65,35,456,147,265,44,494,256,196,41,19,238,69,158,11,438,220,180,24,16,218,78,107,33
S01011143,780,478,410,50,18,302,229,28,45,363,242,206,26,10,121,102,10,9,417,236,204,24,8,181,127,18,36
S01011144,597,386,327,43,16,211,143,17,51,296,212,177,23,12,84,59,12,13,301,174,150,20,4,127,84,5,38
S01011145,541,359,291,47,21,182,139,9,34,269,191,144,32,15,78,65,5,8,272,168,147,15,6,104,74,4,26
S01011146,586,379,308,38,33,207,136,19,52,287,203,160,22,21,84,60,7,17,299,176,148,16,12,123,76,12,35
S01011147,841,573,477,54,42,268,190,19,59,425,325,258,39,28,100,75,11,14,416,248,219,15,14,168,115,8,45
S01011148,652,446,323,104,19,206,136,12,58,339,257,177,69,11,82,60,7,15,313,189,146,35,8,124,76,5,43
S01011149,701,558,457,89,12,143,64,27,52,397,356,303,51,2,41,25,9,7,304,202,154,38,10,102,39,18,45
S01011150,319,263,238,9,16,56,5,10,41,156,144,134,3,7,12,2,5,5,163,119,104,6,9,44,3,5,36
S01011151,429,312,248,28,36,117,49,21,47,225,182,144,16,22,43,22,13,8,204,130,104,12,14,74,27,8,39
S01011152,589,353,242,91,20,236,180,13,43,274,185,126,46,13,89,70,6,13,315,168,116,45,7,147,110,7,30
S01011153,748,430,324,62,44,318,222,14,82,360,242,169,43,30,118,89,3,26,388,188,155,19,14,200,133,11,56
S01011154,495,282,210,38,34,213,148,9,56,257,166,118,23,25,91,62,5,24,238,116,92,15,9,122,86,4,32
S01011155,556,306,239,35,32,250,185,16,49,266,168,129,19,20,98,67,7,24,290,138,110,16,12,152,118,9,25
S01011156,488,324,280,27,17,164,129,19,16,234,166,136,20,10,68,54,11,3,254,158,144,7,7,96,75,8,13
S01011157,514,318,275,30,13,196,161,7,28,259,172,145,15,12,87,76,5,6,255,146,130,15,1,109,85,2,22
S01011158,446,242,189,39,14,204,177,6,21,216,131,99,22,10,85,77,4,4,230,111,90,17,4,119,100,2,17
S01011159,471,241,209,14,18,230,177,5,48,213,128,104,10,14,85,67,1,17,258,113,105,4,4,145,110,4,31
S01011160,746,517,436,44,37,229,148,22,59,365,282,224,32,26,83,55,10,18,381,235,212,12,11,146,93,12,41
S01011161,496,335,275,28,32,161,114,16,31,232,176,136,21,19,56,45,5,6,264,159,139,7,13,105,69,11,25
S01011162,366,221,185,16,20,145,75,20,50,173,122,102,9,11,51,34,7,10,193,99,83,7,9,94,41,13,40
S01011163,671,449,382,24,43,222,137,30,55,323,235,193,16,26,88,56,16,16,348,214,189,8,17,134,81,14,39
S01011164,590,368,312,31,25,222,143,22,57,254,184,153,18,13,70,45,8,17,336,184,159,13,12,152,98,14,40
S01011165,624,363,282,32,49,261,169,20,72,285,196,145,23,28,89,62,5,22,339,167,137,9,21,172,107,15,50
S01011166,434,245,202,33,10,189,158,12,19,202,128,101,21,6,74,68,4,2,232,117,101,12,4,115,90,8,17
S01011167,641,372,276,87,9,269,199,19,51,304,198,136,57,5,106,85,11,10,337,174,140,30,4,163,114,8,41
S01011168,707,458,297,135,26,249,159,32,58,354,264,146,99,19,90,61,11,18,353,194,151,36,7,159,98,21,40
S01011169,706,551,476,47,28,155,67,27,61,352,299,256,24,19,53,28,17,8,354,252,220,23,9,102,39,10,53
S01011170,756,471,358,76,37,285,188,24,73,369,256,188,50,18,113,83,10,20,387,215,170,26,19,172,105,14,53
S01011171,789,496,333,134,29,293,243,16,34,381,257,151,90,16,124,97,11,16,408,239,182,44,13,169,146,5,18
S01011172,647,379,238,118,23,268,210,10,48,324,201,107,81,13,123,90,5,28,323,178,131,37,10,145,120,5,20
S01011173,507,250,155,84,11,257,203,19,35,216,126,79,45,2,90,73,7,10,291,124,76,39,9,167,130,12,25
S01011174,408,200,128,62,10,208,176,10,22,199,111,63,40,8,88,72,7,9,209,89,65,22,2,120,104,3,13
S01011175,439,239,181,38,20,200,151,11,38,193,117,78,23,16,76,58,8,10,246,122,103,15,4,124,93,3,28
S01011176,496,236,159,68,9,260,217,17,26,233,121,72,44,5,112,94,9,9,263,115,87,24,4,148,123,8,17
S01011177,741,446,334,96,16,295,254,12,29,348,224,160,58,6,124,105,8,11,393,222,174,38,10,171,149,4,18
S01011178,394,251,193,28,30,143,85,16,42,181,130,91,23,16,51,30,6,15,213,121,102,5,14,92,55,10,27
S01011179,509,316,253,28,35,193,125,16,52,238,160,113,20,27,78,49,7,22,271,156,140,8,8,115,76,9,30
S01011180,540,282,203,19,60,258,137,21,100,248,140,93,12,35,108,51,6,51,292,142,110,7,25,150,86,15,49
S01011181,401,263,166,90,7,138,101,10,27,207,143,76,66,1,64,46,7,11,194,120,90,24,6,74,55,3,16
S01011182,349,232,165,56,11,117,87,8,22,179,129,83,39,7,50,35,5,10,170,103,82,17,4,67,52,3,12
S01011183,475,296,223,42,31,179,113,24,42,229,156,102,32,22,73,45,13,15,246,140,121,10,9,106,68,11,27
S01011184,650,451,382,46,23,199,152,23,24,320,228,184,33,11,92,72,11,9,330,223,198,13,12,107,80,12,15
S01011185,600,341,291,30,20,259,206,17,36,283,177,139,24,14,106,81,9,16,317,164,152,6,6,153,125,8,20
S01011186,790,417,351,37,29,373,270,22,81,365,211,165,29,17,154,112,13,29,425,206,186,8,12,219,158,9,52
S01011187,599,371,325,21,25,228,191,15,22,297,190,154,19,17,107,94,9,4,302,181,171,2,8,121,97,6,18
S01011188,785,464,390,33,41,321,209,38,74,375,254,203,25,26,121,76,20,25,410,210,187,8,15,200,133,18,49
S01011189,706,441,364,37,40,265,197,23,45,320,220,173,24,23,100,79,7,14,386,221,191,13,17,165,118,16,31
S01011190,525,293,227,37,29,232,135,24,73,256,154,106,28,20,102,68,15,19,269,139,121,9,9,130,67,9,54
S01011191,436,267,222,19,26,169,113,9,47,197,129,98,15,16,68,48,2,18,239,138,124,4,10,101,65,7,29
S01011192,554,378,317,19,42,176,81,32,63,266,197,158,12,27,69,34,13,22,288,181,159,7,15,107,47,19,41
S01011193,540,333,274,13,46,207,65,31,111,255,174,138,8,28,81,22,16,43,285,159,136,5,18,126,43,15,68
S01011194,553,352,255,20,77,201,75,44,82,253,176,115,17,44,77,34,17,26,300,176,140,3,33,124,41,27,56
S01011195,588,403,336,16,51,185,83,28,74,268,201,157,14,30,67,30,12,25,320,202,179,2,21,118,53,16,49
S01011196,704,416,329,29,58,288,154,34,100,326,213,160,18,35,113,68,14,31,378,203,169,11,23,175,86,20,69
S01011197,657,371,282,32,57,286,109,48,129,301,190,133,25,32,111,43,23,45,356,181,149,7,25,175,66,25,84
S01011198,486,305,233,31,41,181,78,28,75,211,144,108,17,19,67,30,12,25,275,161,125,14,22,114,48,16,50
S01011199,639,415,333,34,48,224,111,32,81,299,207,154,23,30,92,48,15,29,340,208,179,11,18,132,63,17,52
S01011200,620,389,326,30,33,231,132,17,82,304,203,165,23,15,101,60,6,35,316,186,161,7,18,130,72,11,47
S01011201,508,324,272,26,26,184,127,16,41,241,174,140,17,17,67,49,7,11,267,150,132,9,9,117,78,9,30
S01011202,689,429,350,28,51,260,154,20,86,315,201,153,15,33,114,65,11,38,374,228,197,13,18,146,89,9,48
S01011203,664,423,360,24,39,241,167,32,42,292,205,158,18,29,87,67,10,10,372,218,202,6,10,154,100,22,32
S01011204,474,312,269,27,16,162,126,17,19,225,155,119,24,12,70,49,11,10,249,157,150,3,4,92,77,6,9
S01011205,496,419,359,33,27,77,22,25,30,241,215,170,29,16,26,9,12,5,255,204,189,4,11,51,13,13,25
S01011206,567,441,357,41,43,126,62,29,35,276,229,176,30,23,47,27,11,9,291,212,181,11,20,79,35,18,26
S01011207,622,378,325,30,23,244,132,28,84,295,196,162,20,14,99,51,14,34,327,182,163,10,9,145,81,14,50
S01011208,728,556,479,46,31,172,101,36,35,353,285,229,34,22,68,42,21,5,375,271,250,12,9,104,59,15,30
S01011209,514,316,256,20,40,198,112,20,66,233,157,123,14,20,76,40,8,28,281,159,133,6,20,122,72,12,38
S01011210,602,390,300,68,22,212,113,40,59,313,216,154,46,16,97,53,24,20,289,174,146,22,6,115,60,16,39
S01011211,547,411,349,31,31,136,68,29,39,263,206,167,18,21,57,28,16,13,284,205,182,13,10,79,40,13,26
S01011212,419,251,205,21,25,168,93,20,55,176,117,92,15,10,59,37,8,14,243,134,113,6,15,109,56,12,41
S01011213,815,497,394,23,80,318,163,41,114,351,235,179,16,40,116,61,20,35,464,262,215,7,40,202,102,21,79
S01011214,729,375,289,24,62,354,217,32,105,337,189,131,19,39,148,102,14,32,392,186,158,5,23,206,115,18,73
S01011215,459,260,187,14,59,199,86,21,92,218,132,83,10,39,86,40,9,37,241,128,104,4,20,113,46,12,55
S01011216,376,235,168,16,51,141,73,19,49,175,120,79,7,34,55,22,10,23,201,115,89,9,17,86,51,9,26
S01011217,643,384,271,26,87,259,134,27,98,283,187,124,16,47,96,49,10,37,360,197,147,10,40,163,85,17,61
S01011218,504,281,198,16,67,223,94,22,107,233,143,97,7,39,90,45,8,37,271,138,101,9,28,133,49,14,70
S01011219,644,376,289,28,59,268,150,29,89,307,186,130,21,35,121,69,18,34,337,190,159,7,24,147,81,11,55
S01011220,737,421,336,29,56,316,188,22,106,343,215,157,24,34,128,80,11,37,394,206,179,5,22,188,108,11,69
S01011221,767,485,399,31,55,282,166,29,87,345,241,185,24,32,104,68,15,21,422,244,214,7,23,178,98,14,66
S01011222,555,318,257,19,42,237,154,20,63,257,166,124,17,25,91,60,9,22,298,152,133,2,17,146,94,11,41
S01011223,646,407,331,36,40,239,171,19,49,301,203,154,23,26,98,65,11,22,345,204,177,13,14,141,106,8,27
S01011224,598,308,240,28,40,290,188,25,77,291,169,125,19,25,122,76,6,40,307,139,115,9,15,168,112,19,37
S01011225,564,317,235,21,61,247,127,27,93,252,155,111,17,27,97,51,12,34,312,162,124,4,34,150,76,15,59
S01011226,858,452,367,46,39,406,330,19,57,394,228,176,30,22,166,138,5,23,464,224,191,16,17,240,192,14,34
S01011227,603,366,282,39,45,237,137,20,80,298,202,144,27,31,96,59,10,27,305,164,138,12,14,141,78,10,53
S01011228,674,357,289,20,48,317,218,20,79,326,193,151,10,32,133,85,11,37,348,164,138,10,16,184,133,9,42
S01011229,445,212,149,18,45,233,136,13,84,204,107,67,11,29,97,53,4,40,241,105,82,7,16,136,83,9,44
S01011230,825,365,235,26,104,460,239,24,197,367,192,113,16,63,175,84,16,75,458,173,122,10,41,285,155,8,122
S01011231,503,243,196,13,34,260,147,14,99,222,123,94,11,18,99,51,7,41,281,120,102,2,16,161,96,7,58
S01011232,821,515,389,60,66,306,153,22,131,419,287,198,37,52,132,61,11,60,402,228,191,23,14,174,92,11,71
S01011233,311,144,107,12,25,167,71,24,72,161,75,47,10,18,86,30,17,39,150,69,60,2,7,81,41,7,33
S01011234,788,450,339,25,86,338,131,60,147,355,223,156,20,47,132,58,25,49,433,227,183,5,39,206,73,35,98
S01011235,311,151,107,14,30,160,72,21,67,145,73,48,10,15,72,28,8,36,166,78,59,4,15,88,44,13,31
S01011236,476,275,219,19,37,201,124,8,69,223,140,106,13,21,83,51,3,29,253,135,113,6,16,118,73,5,40
S01011237,596,347,257,20,70,249,128,29,92,274,173,119,18,36,101,48,17,36,322,174,138,2,34,148,80,12,56
S01011238,516,298,195,21,82,218,97,16,105,241,143,87,14,42,98,37,11,50,275,155,108,7,40,120,60,5,55
S01011239,628,324,228,28,68,304,206,14,84,316,182,115,21,46,134,83,6,45,312,142,113,7,22,170,123,8,39
S01011240,633,333,224,26,83,300,158,18,124,331,183,103,16,64,148,62,10,76,302,150,121,10,19,152,96,8,48
S01011241,914,473,349,59,65,441,304,26,111,463,263,185,39,39,200,136,13,51,451,210,164,20,26,241,168,13,60
S01011242,681,334,265,33,36,347,223,24,100,307,164,121,21,22,143,86,14,43,374,170,144,12,14,204,137,10,57
S01011243,757,391,259,24,108,366,211,16,139,358,188,113,10,65,170,90,11,69,399,203,146,14,43,196,121,5,70
S01011244,576,337,231,15,91,239,105,22,112,288,181,108,10,63,107,45,8,54,288,156,123,5,28,132,60,14,58
S01011245,720,386,275,30,81,334,181,27,126,332,185,115,15,55,147,83,9,55,388,201,160,15,26,187,98,18,71
S01011246,747,471,351,65,55,276,205,16,55,358,235,161,40,34,123,92,7,24,389,236,190,25,21,153,113,9,31
S01011247,721,365,307,36,22,356,285,17,54,329,188,151,25,12,141,123,4,14,392,177,156,11,10,215,162,13,40
S01011248,630,404,359,28,17,226,144,27,55,283,192,160,20,12,91,59,10,22,347,212,199,8,5,135,85,17,33
S01011249,617,404,346,24,34,213,161,24,28,293,197,162,18,17,96,76,10,10,324,207,184,6,17,117,85,14,18
S01011250,800,520,387,35,98,280,105,42,133,359,248,162,25,61,111,41,20,50,441,272,225,10,37,169,64,22,83
S01011251,700,429,335,32,62,271,146,35,90,302,206,151,21,34,96,53,18,25,398,223,184,11,28,175,93,17,65
S01011252,632,382,294,13,75,250,103,36,111,273,177,135,7,35,96,44,17,35,359,205,159,6,40,154,59,19,76
S01011253,692,386,307,18,61,306,134,42,130,295,180,137,11,32,115,41,21,53,397,206,170,7,29,191,93,21,77
S01011254,791,566,495,33,38,225,153,39,33,394,300,253,23,24,94,69,17,8,397,266,242,10,14,131,84,22,25
S01011255,576,451,392,31,28,125,73,21,31,290,237,193,25,19,53,38,8,7,286,214,199,6,9,72,35,13,24
S01011256,336,263,225,25,13,73,29,17,27,164,131,102,20,9,33,17,8,8,172,132,123,5,4,40,12,9,19
S01011257,372,175,139,23,13,197,165,11,21,173,94,68,16,10,79,63,7,9,199,81,71,7,3,118,102,4,12
S01011258,480,287,235,32,20,193,130,29,34,224,147,114,23,10,77,58,13,6,256,140,121,9,10,116,72,16,28
S01011259,664,365,275,40,50,299,223,13,63,321,196,137,29,30,125,91,8,26,343,169,138,11,20,174,132,5,37
S01011260,633,337,272,32,33,296,216,29,51,310,175,131,19,25,135,96,15,24,323,162,141,13,8,161,120,14,27
S01011261,614,357,247,21,89,257,127,32,98,288,195,119,15,61,93,51,15,27,326,162,128,6,28,164,76,17,71
S01011262,403,232,187,18,27,171,108,13,50,179,115,86,13,16,64,45,5,14,224,117,101,5,11,107,63,8,36
S01011263,918,577,492,32,53,341,215,30,96,408,285,242,18,25,123,80,17,26,510,292,250,14,28,218,135,13,70
S01011264,510,331,248,19,64,179,79,28,72,235,168,113,14,41,67,33,12,22,275,163,135,5,23,112,46,16,50
S01011265,799,496,337,39,120,303,119,42,142,345,233,136,26,71,112,44,21,47,454,263,201,13,49,191,75,21,95
S01011266,745,417,356,23,38,328,201,39,88,339,206,167,16,23,133,82,21,30,406,211,189,7,15,195,119,18,58
S01011267,500,270,232,14,24,230,174,10,46,232,129,110,11,8,103,75,7,21,268,141,122,3,16,127,99,3,25
S01011268,333,182,143,17,22,151,115,4,32,169,101,78,11,12,68,50,2,16,164,81,65,6,10,83,65,2,16
S01011269,441,218,173,14,31,223,152,10,61,202,108,77,10,21,94,62,5,27,239,110,96,4,10,129,90,5,34
S01011270,569,344,258,27,59,225,120,34,71,277,168,117,20,31,109,52,17,40,292,176,141,7,28,116,68,17,31
S01011271,714,347,284,13,50,367,241,39,87,336,183,138,8,37,153,96,21,36,378,164,146,5,13,214,145,18,51
S01011272,628,362,271,18,73,266,145,14,107,308,190,124,16,50,118,60,7,51,320,172,147,2,23,148,85,7,56
S01011273,648,395,300,19,76,253,125,36,92,280,183,132,13,38,97,57,13,27,368,212,168,6,38,156,68,23,65
S01011274,676,418,324,28,66,258,105,40,113,311,217,164,15,38,94,39,14,41,365,201,160,13,28,164,66,26,72
S01011275,514,288,219,13,56,226,83,33,110,241,155,110,7,38,86,38,18,30,273,133,109,6,18,140,45,15,80
S01011276,769,461,347,24,90,308,162,39,107,363,243,179,18,46,120,62,19,39,406,218,168,6,44,188,100,20,68
S01011277,579,397,336,37,24,182,122,24,36,277,203,167,24,12,74,54,13,7,302,194,169,13,12,108,68,11,29
S01011278,417,326,291,18,17,91,66,9,16,204,162,142,13,7,42,32,7,3,213,164,149,5,10,49,34,2,13
S01011279,561,344,304,18,22,217,165,15,37,257,174,147,15,12,83,62,10,11,304,170,157,3,10,134,103,5,26
S01011280,517,302,256,29,17,215,156,22,37,261,159,131,21,7,102,71,16,15,256,143,125,8,10,113,85,6,22
S01011281,519,377,314,32,31,142,87,26,29,254,195,153,24,18,59,38,12,9,265,182,161,8,13,83,49,14,20
S01011282,695,529,453,43,33,166,93,34,39,330,262,219,24,19,68,40,16,12,365,267,234,19,14,98,53,18,27
S01011283,549,450,385,41,24,99,44,18,37,290,245,202,27,16,45,24,10,11,259,205,183,14,8,54,20,8,26
S01011284,410,360,314,34,12,50,16,16,18,201,183,155,22,6,18,7,6,5,209,177,159,12,6,32,9,10,13
S01011285,549,367,280,27,60,182,92,23,67,239,174,114,19,41,65,36,9,20,310,193,166,8,19,117,56,14,47
S01011286,551,344,265,26,53,207,92,38,77,255,175,121,20,34,80,28,20,32,296,169,144,6,19,127,64,18,45
S01011287,633,396,308,22,66,237,111,40,86,282,187,132,18,37,95,41,21,33,351,209,176,4,29,142,70,19,53
S01011288,595,368,299,24,45,227,135,32,60,251,170,130,14,26,81,49,14,18,344,198,169,10,19,146,86,18,42
S01011289,753,434,347,31,56,319,168,36,115,325,207,154,19,34,118,58,15,45,428,227,193,12,22,201,110,21,70
S01011290,998,514,390,54,70,484,320,29,135,456,278,188,43,47,178,109,18,51,542,236,202,11,23,306,211,11,84
S01011291,673,383,310,19,54,290,167,31,92,316,193,153,13,27,123,71,14,38,357,190,157,6,27,167,96,17,54
S01011292,572,323,222,20,81,249,114,23,112,277,174,109,12,53,103,51,8,44,295,149,113,8,28,146,63,15,68
S01011293,591,348,280,15,53,243,157,27,59,276,176,127,12,37,100,69,10,21,315,172,153,3,16,143,88,17,38
S01011294,748,347,248,29,70,401,281,13,107,327,187,115,23,49,140,94,6,40,421,160,133,6,21,261,187,7,67
S01011295,821,470,387,49,34,351,275,26,50,391,235,186,32,17,156,125,16,15,430,235,201,17,17,195,150,10,35
S01011296,492,264,190,31,43,228,155,21,52,226,127,74,21,32,99,66,10,23,266,137,116,10,11,129,89,11,29
S01011297,650,421,328,35,58,229,101,36,92,304,208,151,21,36,96,40,22,34,346,213,177,14,22,133,61,14,58
S01011298,480,301,213,17,71,179,64,34,81,235,163,107,13,43,72,29,19,24,245,138,106,4,28,107,35,15,57
S01011299,415,276,177,92,7,139,89,15,35,208,156,86,65,5,52,32,6,14,207,120,91,27,2,87,57,9,21
S01011300,767,431,332,28,71,336,174,24,138,357,220,165,16,39,137,79,12,46,410,211,167,12,32,199,95,12,92
S01011301,594,352,288,41,23,242,165,30,47,286,189,149,25,15,97,68,14,15,308,163,139,16,8,145,97,16,32
S01011302,765,358,272,23,63,407,270,21,116,351,196,137,14,45,155,100,6,49,414,162,135,9,18,252,170,15,67
S01011303,847,547,462,63,22,300,217,32,51,403,288,228,46,14,115,83,16,16,444,259,234,17,8,185,134,16,35
S01011304,540,323,261,21,41,217,97,32,88,263,172,136,12,24,91,47,15,29,277,151,125,9,17,126,50,17,59
S01011305,641,431,325,41,65,210,98,26,86,302,227,164,29,34,75,38,10,27,339,204,161,12,31,135,60,16,59
S01011306,474,251,191,10,50,223,135,17,71,200,125,94,8,23,75,48,5,22,274,126,97,2,27,148,87,12,49
S01011307,382,236,155,69,12,146,99,15,32,197,139,85,49,5,58,45,6,7,185,97,70,20,7,88,54,9,25
S01011308,374,237,145,77,15,137,92,23,22,188,129,64,55,10,59,39,14,6,186,108,81,22,5,78,53,9,16
S01011309,618,327,247,68,12,291,232,22,37,296,173,120,46,7,123,94,11,18,322,154,127,22,5,168,138,11,19
S01011310,591,330,242,58,30,261,191,23,47,277,177,118,42,17,100,74,9,17,314,153,124,16,13,161,117,14,30
S01011311,606,349,249,87,13,257,219,16,22,276,170,113,52,5,106,93,5,8,330,179,136,35,8,151,126,11,14
S01011312,955,511,363,117,31,444,365,32,47,467,281,186,73,22,186,162,14,10,488,230,177,44,9,258,203,18,37
S01011313,614,353,266,62,25,261,198,20,43,281,184,131,31,22,97,83,7,7,333,169,135,31,3,164,115,13,36
S01011314,876,554,436,80,38,322,228,33,61,430,300,224,52,24,130,94,13,23,446,254,212,28,14,192,134,20,38
S01011315,320,192,145,25,22,128,86,9,33,139,87,63,16,8,52,35,7,10,181,105,82,9,14,76,51,2,23
S01011316,574,330,255,35,40,244,139,29,76,249,150,104,27,19,99,55,17,27,325,180,151,8,21,145,84,12,49
S01011317,744,292,198,67,27,452,403,22,27,327,144,89,44,11,183,168,11,4,417,148,109,23,16,269,235,11,23
S01011318,871,380,289,71,20,491,409,24,58,383,207,145,52,10,176,148,11,17,488,173,144,19,10,315,261,13,41
S01011319,758,338,270,49,19,420,347,20,53,337,180,138,29,13,157,141,10,6,421,158,132,20,6,263,206,10,47
S01011320,466,230,190,23,17,236,184,18,34,209,116,95,15,6,93,70,10,13,257,114,95,8,11,143,114,8,21
S01011321,487,348,294,32,22,139,92,21,26,221,170,132,23,15,51,36,10,5,266,178,162,9,7,88,56,11,21
S01011322,494,319,268,28,23,175,110,27,38,230,160,127,20,13,70,43,14,13,264,159,141,8,10,105,67,13,25
S01011323,737,467,366,46,55,270,163,27,80,341,234,171,29,34,107,68,16,23,396,233,195,17,21,163,95,11,57
S01011324,363,210,162,25,23,153,100,15,38,178,114,83,15,16,64,42,9,13,185,96,79,10,7,89,58,6,25
S01011325,652,342,254,40,48,310,192,21,97,312,171,120,26,25,141,78,11,52,340,171,134,14,23,169,114,10,45
S01011326,686,323,233,43,47,363,266,17,80,327,161,107,30,24,166,113,11,42,359,162,126,13,23,197,153,6,38
S01011327,624,268,192,46,30,356,258,11,87,303,134,88,28,18,169,112,4,53,321,134,104,18,12,187,146,7,34
S01011328,595,293,204,73,16,302,240,16,46,284,150,87,53,10,134,106,9,19,311,143,117,20,6,168,134,7,27
S01011329,796,369,294,47,28,427,335,28,64,362,200,148,33,19,162,122,11,29,434,169,146,14,9,265,213,17,35
S01011330,616,331,273,40,18,285,221,18,46,281,165,130,23,12,116,93,12,11,335,166,143,17,6,169,128,6,35
S01011331,636,278,238,29,11,358,295,23,40,299,144,118,20,6,155,138,8,9,337,134,120,9,5,203,157,15,31
S01011332,791,397,311,65,21,394,334,25,35,371,207,151,42,14,164,138,16,10,420,190,160,23,7,230,196,9,25
S01011333,672,277,214,53,10,395,343,21,31,320,154,109,38,7,166,149,8,9,352,123,105,15,3,229,194,13,22
S01011334,591,412,271,117,24,179,129,16,34,288,219,123,86,10,69,53,8,8,303,193,148,31,14,110,76,8,26
S01011335,826,410,319,69,22,416,331,31,54,392,219,158,47,14,173,146,14,13,434,191,161,22,8,243,185,17,41
S01011336,482,287,235,28,24,195,124,21,50,234,147,119,17,11,87,56,15,16,248,140,116,11,13,108,68,6,34
S01011337,588,336,247,69,20,252,196,19,37,304,189,127,52,10,115,91,12,12,284,147,120,17,10,137,105,7,25
S01011338,510,347,271,24,52,163,90,28,45,241,175,134,12,29,66,37,11,18,269,172,137,12,23,97,53,17,27
S01011339,454,262,215,15,32,192,95,32,65,219,128,97,11,20,91,42,16,33,235,134,118,4,12,101,53,16,32
S01011340,553,317,246,28,43,236,141,28,67,253,165,116,19,30,88,57,11,20,300,152,130,9,13,148,84,17,47
S01011341,595,385,311,21,53,210,112,29,69,288,204,156,17,31,84,37,15,32,307,181,155,4,22,126,75,14,37
S01011342,583,359,302,31,26,224,149,32,43,285,186,152,20,14,99,65,18,16,298,173,150,11,12,125,84,14,27
S01011343,698,397,303,25,69,301,176,19,106,340,210,152,17,41,130,68,11,51,358,187,151,8,28,171,108,8,55
S01011344,696,407,299,24,84,289,154,28,107,332,216,146,16,54,116,64,14,38,364,191,153,8,30,173,90,14,69
S01011345,598,383,291,18,74,215,95,25,95,266,186,128,11,47,80,34,10,36,332,197,163,7,27,135,61,15,59
S01011346,569,333,261,31,41,236,148,23,65,267,169,126,18,25,98,54,10,34,302,164,135,13,16,138,94,13,31
S01011347,886,498,385,48,65,388,264,26,98,427,275,205,26,44,152,102,11,39,459,223,180,22,21,236,162,15,59
S01011348,738,445,344,30,71,293,174,32,87,335,216,163,18,35,119,71,14,34,403,229,181,12,36,174,103,18,53
S01011349,741,585,501,54,30,156,98,28,30,373,301,246,35,20,72,44,15,13,368,284,255,19,10,84,54,13,17
S01011350,571,333,261,57,15,238,176,29,33,275,178,131,34,13,97,69,21,7,296,155,130,23,2,141,107,8,26
S01011351,576,316,247,18,51,260,130,25,105,268,164,116,14,34,104,54,10,40,308,152,131,4,17,156,76,15,65
S01011352,552,345,267,34,44,207,135,13,59,261,177,125,20,32,84,52,3,29,291,168,142,14,12,123,83,10,30
S01011353,556,324,265,32,27,232,165,20,47,254,161,127,20,14,93,64,10,19,302,163,138,12,13,139,101,10,28
S01011354,608,363,294,45,24,245,175,23,47,284,178,134,29,15,106,74,15,17,324,185,160,16,9,139,101,8,30
S01011355,805,470,398,42,30,335,240,39,56,393,256,206,26,24,137,96,21,20,412,214,192,16,6,198,144,18,36
S01011356,791,548,373,152,23,243,157,20,66,401,298,178,105,15,103,71,8,24,390,250,195,47,8,140,86,12,42
S01011357,711,408,345,41,22,303,202,23,78,348,215,171,30,14,133,93,11,29,363,193,174,11,8,170,109,12,49
S01011358,434,353,318,15,20,81,36,22,23,204,170,146,11,13,34,14,12,8,230,183,172,4,7,47,22,10,15
S01011359,646,340,266,32,42,306,209,15,82,320,193,143,22,28,127,88,5,34,326,147,123,10,14,179,121,10,48
S01011360,573,394,302,16,76,179,58,18,103,285,209,149,11,49,76,24,9,43,288,185,153,5,27,103,34,9,60
S01011361,464,281,178,15,88,183,76,12,95,274,183,109,11,63,91,34,6,51,190,98,69,4,25,92,42,6,44
S01011362,428,334,271,54,9,94,49,19,26,216,175,131,38,6,41,21,11,9,212,159,140,16,3,53,28,8,17
S01011363,764,400,316,43,41,364,237,21,106,359,205,149,33,23,154,96,10,48,405,195,167,10,18,210,141,11,58
S01011364,521,349,304,22,23,172,125,8,39,256,178,143,18,17,78,58,5,15,265,171,161,4,6,94,67,3,24
S01011365,449,364,320,23,21,85,49,12,24,218,178,150,18,10,40,23,7,10,231,186,170,5,11,45,26,5,14
S01011366,454,205,178,12,15,249,178,9,62,192,102,82,9,11,90,63,4,23,262,103,96,3,4,159,115,5,39
S01011367,688,406,341,23,42,282,167,18,97,308,199,164,15,20,109,67,7,35,380,207,177,8,22,173,100,11,62
S01011368,628,544,480,48,16,84,28,21,35,305,277,239,31,7,28,12,10,6,323,267,241,17,9,56,16,11,29
S01011369,677,407,326,31,50,270,174,31,65,347,230,174,21,35,117,74,16,27,330,177,152,10,15,153,100,15,38
S01011370,631,494,444,22,28,137,83,12,42,313,259,217,18,24,54,37,4,13,318,235,227,4,4,83,46,8,29
S01011371,763,493,373,27,93,270,154,19,97,370,269,183,22,64,101,51,7,43,393,224,190,5,29,169,103,12,54
S01011372,574,334,244,13,77,240,138,18,84,306,200,140,11,49,106,56,4,46,268,134,104,2,28,134,82,14,38
S01011373,554,321,232,21,68,233,106,43,84,283,175,111,20,44,108,44,35,29,271,146,121,1,24,125,62,8,55
S01011374,537,423,371,21,31,114,41,19,54,252,210,175,18,17,42,17,9,16,285,213,196,3,14,72,24,10,38
S01011375,535,357,287,24,46,178,109,25,44,273,200,147,18,35,73,44,11,18,262,157,140,6,11,105,65,14,26
S01011376,431,229,188,17,24,202,156,6,40,197,123,96,8,19,74,55,2,17,234,106,92,9,5,128,101,4,23
S01011377,506,338,275,42,21,168,128,18,22,238,170,132,25,13,68,55,7,6,268,168,143,17,8,100,73,11,16
S01011378,676,381,318,37,26,295,245,17,33,320,200,157,28,15,120,102,8,10,356,181,161,9,11,175,143,9,23
S01011379,740,549,471,56,22,191,120,43,28,377,292,244,32,16,85,53,22,10,363,257,227,24,6,106,67,21,18
S01011380,583,372,315,26,31,211,144,14,53,279,191,151,22,18,88,54,10,24,304,181,164,4,13,123,90,4,29
S01011381,528,333,276,34,23,195,131,21,43,256,174,139,22,13,82,55,9,18,272,159,137,12,10,113,76,12,25
S01011382,437,302,239,31,32,135,54,14,67,229,165,120,24,21,64,24,9,31,208,137,119,7,11,71,30,5,36
S01011383,568,284,225,7,52,284,138,16,130,265,142,108,5,29,123,59,8,56,303,142,117,2,23,161,79,8,74
S01011384,522,295,187,19,89,227,70,12,145,244,152,83,15,54,92,30,10,52,278,143,104,4,35,135,40,2,93
S01011385,770,426,332,25,69,344,167,32,145,367,222,166,15,41,145,69,15,61,403,204,166,10,28,199,98,17,84
S01011386,468,271,195,13,63,197,89,13,95,196,134,89,9,36,62,33,5,24,272,137,106,4,27,135,56,8,71
S01011387,657,374,290,14,70,283,129,14,140,308,192,140,10,42,116,50,7,59,349,182,150,4,28,167,79,7,81
S01011388,816,641,563,42,36,175,70,35,70,403,336,280,33,23,67,30,14,23,413,305,283,9,13,108,40,21,47
S01011389,667,430,326,29,75,237,142,16,79,318,215,140,20,55,103,58,9,36,349,215,186,9,20,134,84,7,43
S01011390,666,381,312,17,52,285,162,23,100,307,207,160,14,33,100,62,9,29,359,174,152,3,19,185,100,14,71
S01011391,509,321,265,19,37,188,93,25,70,237,163,133,14,16,74,38,13,23,272,158,132,5,21,114,55,12,47
S01011392,542,348,260,22,66,194,93,22,79,260,180,122,18,40,80,38,8,34,282,168,138,4,26,114,55,14,45
S01011393,713,408,312,44,52,305,210,18,77,350,220,151,35,34,130,91,10,29,363,188,161,9,18,175,119,8,48
S01011394,419,333,297,23,13,86,44,18,24,205,173,147,16,10,32,16,9,7,214,160,150,7,3,54,28,9,17
S01011395,646,363,292,33,38,283,170,9,104,292,176,128,26,22,116,65,7,44,354,187,164,7,16,167,105,2,60
S01011396,663,352,289,27,36,311,199,20,92,301,178,132,21,25,123,79,8,36,362,174,157,6,11,188,120,12,56
S01011397,689,359,288,20,51,330,198,26,106,308,190,138,14,38,118,71,16,31,381,169,150,6,13,212,127,10,75
S01011398,591,350,261,19,70,241,118,14,109,272,169,118,16,35,103,51,7,45,319,181,143,3,35,138,67,7,64
S01011399,423,255,204,14,37,168,93,7,68,195,128,93,12,23,67,41,1,25,228,127,111,2,14,101,52,6,43
S01011400,581,387,334,28,25,194,116,13,65,275,192,158,20,14,83,45,6,32,306,195,176,8,11,111,71,7,33
S01011401,552,305,263,23,19,247,167,19,61,251,162,135,16,11,89,50,11,28,301,143,128,7,8,158,117,8,33
S01011402,840,405,330,33,42,435,360,12,63,356,197,146,22,29,159,137,4,18,484,208,184,11,13,276,223,8,45
S01011403,424,302,266,15,21,122,65,15,42,203,157,139,10,8,46,22,6,18,221,145,127,5,13,76,43,9,24
S01011404,797,440,359,27,54,357,206,25,126,353,226,167,21,38,127,80,6,41,444,214,192,6,16,230,126,19,85
S01011405,525,307,244,31,32,218,159,9,50,248,166,121,23,22,82,59,6,17,277,141,123,8,10,136,100,3,33
S01011406,551,337,275,27,35,214,160,12,42,255,165,121,18,26,90,61,8,21,296,172,154,9,9,124,99,4,21
S01011407,936,566,471,49,46,370,249,34,87,439,307,237,37,33,132,97,11,24,497,259,234,12,13,238,152,23,63
S01011408,691,414,342,24,48,277,165,26,86,313,210,164,15,31,103,65,9,29,378,204,178,9,17,174,100,17,57
S01011409,631,408,317,28,63,223,89,24,110,289,199,145,19,35,90,37,12,41,342,209,172,9,28,133,52,12,69
S01011410,540,329,283,17,29,211,147,11,53,248,166,128,14,24,82,58,6,18,292,163,155,3,5,129,89,5,35
S01011411,555,351,281,27,43,204,138,13,53,270,192,136,23,33,78,56,2,20,285,159,145,4,10,126,82,11,33
S01011412,751,459,385,54,20,292,226,21,45,367,242,189,39,14,125,101,8,16,384,217,196,15,6,167,125,13,29
S01011413,459,352,309,24,19,107,48,24,35,236,190,161,18,11,46,17,15,14,223,162,148,6,8,61,31,9,21
S01011414,668,400,322,29,49,268,173,26,69,323,222,157,28,37,101,72,13,16,345,178,165,1,12,167,101,13,53
S01011415,728,484,413,32,39,244,155,21,68,360,254,194,28,32,106,64,13,29,368,230,219,4,7,138,91,8,39
S01011416,530,371,323,33,15,159,105,17,37,263,190,152,25,13,73,46,10,17,267,181,171,8,2,86,59,7,20
S01011417,686,382,315,38,29,304,216,20,68,318,206,156,31,19,112,72,8,32,368,176,159,7,10,192,144,12,36
S01011418,463,257,218,11,28,206,130,13,63,215,138,112,8,18,77,49,4,24,248,119,106,3,10,129,81,9,39
S01011419,471,283,236,20,27,188,108,13,67,225,156,124,16,16,69,39,6,24,246,127,112,4,11,119,69,7,43
S01011420,405,224,167,16,41,181,82,25,74,201,118,79,14,25,83,42,7,34,204,106,88,2,16,98,40,18,40
S01011421,445,346,299,19,28,99,23,10,66,207,171,145,12,14,36,9,2,25,238,175,154,7,14,63,14,8,41
S01011422,540,315,250,19,46,225,127,19,79,251,165,119,16,30,86,46,9,31,289,150,131,3,16,139,81,10,48
S01011423,416,220,162,10,48,196,81,14,101,204,133,90,7,36,71,36,4,31,212,87,72,3,12,125,45,10,70
S01011424,466,286,246,18,22,180,103,13,64,217,151,125,12,14,66,39,6,21,249,135,121,6,8,114,64,7,43
S01011425,691,414,299,40,75,277,145,27,105,327,209,143,32,34,118,64,16,38,364,205,156,8,41,159,81,11,67
S01011426,805,558,459,81,18,247,165,33,49,391,294,229,57,8,97,67,17,13,414,264,230,24,10,150,98,16,36
S01011427,562,335,261,33,41,227,118,22,87,279,194,143,24,27,85,46,12,27,283,141,118,9,14,142,72,10,60
S01011428,433,255,218,19,18,178,123,11,44,226,144,118,17,9,82,60,5,17,207,111,100,2,9,96,63,6,27
S01011429,1048,494,398,76,20,554,79,41,434,783,309,238,60,11,474,40,25,409,265,185,160,16,9,80,39,16,25
S01011430,762,519,433,46,40,243,152,22,69,354,266,206,34,26,88,59,10,19,408,253,227,12,14,155,93,12,50
S01011431,911,519,433,40,46,392,251,27,114,430,281,219,33,29,149,89,11,49,481,238,214,7,17,243,162,16,65
S01011432,872,545,453,30,62,327,236,19,72,418,283,221,26,36,135,98,10,27,454,262,232,4,26,192,138,9,45
S01011433,666,429,329,21,79,237,82,32,123,303,210,155,16,39,93,32,17,44,363,219,174,5,40,144,50,15,79
S01011434,484,299,249,24,26,185,132,9,44,225,160,123,18,19,65,53,4,8,259,139,126,6,7,120,79,5,36
S01011435,765,541,463,39,39,224,142,33,49,360,275,224,30,21,85,55,15,15,405,266,239,9,18,139,87,18,34
S01011436,604,383,290,28,65,221,118,15,88,299,206,139,21,46,93,50,5,38,305,177,151,7,19,128,68,10,50
S01011437,610,354,285,26,43,256,143,12,101,295,194,140,23,31,101,62,6,33,315,160,145,3,12,155,81,6,68
S01011438,427,271,201,8,62,156,64,15,77,207,140,99,8,33,67,28,8,31,220,131,102,0,29,89,36,7,46
S01011439,739,457,356,44,57,282,173,19,90,369,252,190,25,37,117,67,15,35,370,205,166,19,20,165,106,4,55
S01011440,485,287,244,16,27,198,118,9,71,230,156,124,13,19,74,47,3,24,255,131,120,3,8,124,71,6,47
S01011441,640,419,332,24,63,221,119,14,88,317,214,168,16,30,103,56,7,40,323,205,164,8,33,118,63,7,48
S01011442,567,312,256,24,32,255,152,22,81,265,164,127,16,21,101,61,9,31,302,148,129,8,11,154,91,13,50
S01011443,513,284,233,21,30,229,141,25,63,237,145,118,13,14,92,56,14,22,276,139,115,8,16,137,85,11,41
S01011444,611,344,268,21,55,267,148,12,107,295,181,135,16,30,114,64,4,46,316,163,133,5,25,153,84,8,61
S01011445,431,282,229,24,29,149,77,15,57,204,149,115,18,16,55,29,5,21,227,133,114,6,13,94,48,10,36
S01011446,425,273,201,54,18,152,90,14,48,203,148,97,40,11,55,34,5,16,222,125,104,14,7,97,56,9,32
S01011447,682,433,348,39,46,249,105,25,119,299,214,157,30,27,85,34,7,44,383,219,191,9,19,164,71,18,75
S01011448,760,513,426,50,37,247,155,17,75,376,282,212,43,27,94,57,6,31,384,231,214,7,10,153,98,11,44
S01011449,451,256,206,19,31,195,112,2,81,229,157,115,17,25,72,44,2,26,222,99,91,2,6,123,68,0,55
S01011450,493,338,273,43,22,155,82,17,56,232,182,136,33,13,50,33,6,11,261,156,137,10,9,105,49,11,45
S01011451,548,418,300,87,31,130,40,43,47,286,232,155,57,20,54,22,23,9,262,186,145,30,11,76,18,20,38
S01011452,778,549,464,54,31,229,127,29,73,400,308,239,46,23,92,49,14,29,378,241,225,8,8,137,78,15,44
S01011453,585,347,294,26,27,238,143,21,74,290,192,156,18,18,98,60,11,27,295,155,138,8,9,140,83,10,47
S01011454,634,384,320,23,41,250,156,20,74,287,190,148,16,26,97,57,13,27,347,194,172,7,15,153,99,7,47
S01011455,623,356,279,23,54,267,149,20,98,276,176,125,20,31,100,52,9,39,347,180,154,3,23,167,97,11,59
S01011456,690,388,306,37,45,302,166,26,110,327,205,146,25,34,122,63,15,44,363,183,160,12,11,180,103,11,66
S01011457,731,470,386,25,59,261,133,20,108,344,242,190,16,36,102,55,5,42,387,228,196,9,23,159,78,15,66
S01011458,873,690,605,53,32,183,74,39,70,424,354,290,41,23,70,34,17,19,449,336,315,12,9,113,40,22,51
S01011459,787,601,512,49,40,186,84,19,83,378,303,235,38,30,75,33,11,31,409,298,277,11,10,111,51,8,52
S01011460,554,388,312,29,47,166,78,19,69,254,195,152,17,26,59,27,10,22,300,193,160,12,21,107,51,9,47
S01011461,580,391,319,23,49,189,69,31,89,283,200,152,16,32,83,26,19,38,297,191,167,7,17,106,43,12,51
S01011462,760,504,423,42,39,256,160,27,69,379,277,221,32,24,102,68,13,21,381,227,202,10,15,154,92,14,48
S01011463,556,358,301,39,18,198,126,15,57,275,191,153,28,10,84,50,11,23,281,167,148,11,8,114,76,4,34
S01011464,436,359,311,33,15,77,16,20,41,224,200,165,25,10,24,4,12,8,212,159,146,8,5,53,12,8,33
S01011465,406,233,179,19,35,173,65,18,90,195,130,97,13,20,65,22,10,33,211,103,82,6,15,108,43,8,57
S01011466,494,272,222,16,34,222,118,17,87,236,138,103,13,22,98,54,3,41,258,134,119,3,12,124,64,14,46
S01011467,418,291,244,17,30,127,57,14,56,203,152,120,15,17,51,22,7,22,215,139,124,2,13,76,35,7,34
S01011468,623,541,472,47,22,82,20,27,35,313,285,242,33,10,28,9,14,5,310,256,230,14,12,54,11,13,30
S01011469,639,428,331,24,73,211,66,33,112,323,236,168,18,50,87,28,17,42,316,192,163,6,23,124,38,16,70
S01011470,928,536,455,44,37,392,237,49,106,437,265,215,35,15,172,103,28,41,491,271,240,9,22,220,134,21,65
S01011471,776,419,360,33,26,357,264,30,63,366,222,184,21,17,144,96,21,27,410,197,176,12,9,213,168,9,36
S01011472,768,416,318,24,74,352,194,39,119,406,231,160,22,49,175,77,30,68,362,185,158,2,25,177,117,9,51
S01011473,613,261,210,11,40,352,251,11,90,287,142,110,9,23,145,94,6,45,326,119,100,2,17,207,157,5,45
S01011474,690,341,269,15,57,349,240,8,101,321,196,145,14,37,125,82,5,38,369,145,124,1,20,224,158,3,63
S01011475,520,238,185,9,44,282,199,6,77,238,132,93,8,31,106,70,2,34,282,106,92,1,13,176,129,4,43
S01011476,413,284,259,16,9,129,104,14,11,199,138,123,8,7,61,47,9,5,214,146,136,8,2,68,57,5,6
S01011477,710,437,382,42,13,273,217,21,35,346,225,189,29,7,121,101,10,10,364,212,193,13,6,152,116,11,25
S01011478,861,594,503,67,24,267,191,38,38,418,313,253,49,11,105,68,21,16,443,281,250,18,13,162,123,17,22
S01011479,693,425,362,43,20,268,214,16,38,331,213,172,30,11,118,94,9,15,362,212,190,13,9,150,120,7,23
S01011480,856,547,471,68,8,309,229,30,50,404,288,238,46,4,116,92,15,9,452,259,233,22,4,193,137,15,41
S01011481,637,475,405,42,28,162,98,23,41,300,241,198,28,15,59,36,10,13,337,234,207,14,13,103,62,13,28
S01011482,747,417,344,24,49,330,229,26,75,351,215,171,15,29,136,93,7,36,396,202,173,9,20,194,136,19,39
S01011483,438,309,260,31,18,129,95,14,20,216,159,125,25,9,57,42,8,7,222,150,135,6,9,72,53,6,13
S01011484,710,407,333,21,53,303,167,26,110,324,210,164,13,33,114,59,11,44,386,197,169,8,20,189,108,15,66
S01011485,754,420,329,14,77,334,165,37,132,346,218,162,9,47,128,64,22,42,408,202,167,5,30,206,101,15,90
S01011486,437,211,170,11,30,226,111,28,87,189,106,89,5,12,83,44,14,25,248,105,81,6,18,143,67,14,62
S01011487,877,547,452,36,59,330,156,40,134,396,268,209,25,34,128,59,20,49,481,279,243,11,25,202,97,20,85
S01011488,519,288,223,16,49,231,115,19,97,254,147,111,12,24,107,55,9,43,265,141,112,4,25,124,60,10,54
S01011489,543,464,385,40,39,79,10,20,49,275,240,188,29,23,35,4,13,18,268,224,197,11,16,44,6,7,31
S01011490,864,526,446,34,46,338,209,22,107,381,259,205,24,30,122,77,11,34,483,267,241,10,16,216,132,11,73
S01011491,415,259,201,9,49,156,87,10,59,188,128,92,7,29,60,27,6,27,227,131,109,2,20,96,60,4,32
S01011492,597,389,311,24,54,208,74,31,103,306,220,174,16,30,86,28,23,35,291,169,137,8,24,122,46,8,68
S01011493,398,344,302,27,15,54,19,19,16,191,170,141,23,6,21,10,7,4,207,174,161,4,9,33,9,12,12
S01011494,617,370,319,20,31,247,164,22,61,286,187,154,14,19,99,68,6,25,331,183,165,6,12,148,96,16,36
S01011495,664,389,315,16,58,275,153,29,93,318,203,154,12,37,115,67,12,36,346,186,161,4,21,160,86,17,57
S01011496,494,298,246,13,39,196,63,18,115,220,156,126,8,22,64,20,7,37,274,142,120,5,17,132,43,11,78
S01011497,492,387,328,30,29,105,44,20,41,254,210,165,28,17,44,20,13,11,238,177,163,2,12,61,24,7,30
S01011498,539,446,386,36,24,93,37,31,25,279,242,199,30,13,37,15,18,4,260,204,187,6,11,56,22,13,21
S01011499,676,488,416,38,34,188,110,22,56,330,261,213,26,22,69,40,9,20,346,227,203,12,12,119,70,13,36
S01011500,424,284,240,20,24,140,90,16,34,213,147,118,15,14,66,43,6,17,211,137,122,5,10,74,47,10,17
S01011501,537,329,245,22,62,208,121,8,79,247,162,114,13,35,85,48,5,32,290,167,131,9,27,123,73,3,47
S01011502,610,402,328,25,49,208,125,12,71,290,207,166,17,24,83,48,7,28,320,195,162,8,25,125,77,5,43
S01011503,508,316,257,27,32,192,97,20,75,237,164,126,19,19,73,37,9,27,271,152,131,8,13,119,60,11,48
S01011504,483,286,229,27,30,197,126,20,51,231,158,120,21,17,73,49,11,13,252,128,109,6,13,124,77,9,38
S01011505,552,352,281,19,52,200,73,20,107,273,187,143,13,31,86,29,6,51,279,165,138,6,21,114,44,14,56
S01011506,432,238,204,17,17,194,137,12,45,189,117,96,13,8,72,56,3,13,243,121,108,4,9,122,81,9,32
S01011507,514,306,259,20,27,208,124,11,73,239,160,130,14,16,79,47,3,29,275,146,129,6,11,129,77,8,44
S01011508,788,589,498,32,59,199,91,24,84,400,311,254,26,31,89,35,13,41,388,278,244,6,28,110,56,11,43
S01011509,521,351,294,27,30,170,96,20,54,256,198,160,19,19,58,40,9,9,265,153,134,8,11,112,56,11,45
S01011510,840,528,411,23,94,312,162,39,111,381,263,193,16,54,118,66,20,32,459,265,218,7,40,194,96,19,79
S01011511,435,269,200,13,56,166,100,8,58,210,142,92,9,41,68,38,5,25,225,127,108,4,15,98,62,3,33
S01011512,693,395,292,19,84,298,108,28,162,315,198,135,16,47,117,38,12,67,378,197,157,3,37,181,70,16,95
S01011513,609,370,292,13,65,239,118,17,104,292,196,140,10,46,96,51,7,38,317,174,152,3,19,143,67,10,66
S01011514,732,459,370,28,61,273,130,40,103,348,233,180,19,34,115,55,22,38,384,226,190,9,27,158,75,18,65
S01011515,451,340,287,25,28,111,61,6,44,217,166,132,19,15,51,30,3,18,234,174,155,6,13,60,31,3,26
S01011516,718,560,481,51,28,158,81,33,44,355,296,245,34,17,59,33,17,9,363,264,236,17,11,99,48,16,35
S01011517,453,282,241,21,20,171,108,17,46,211,147,118,16,13,64,41,8,15,242,135,123,5,7,107,67,9,31
S01011518,552,276,217,25,34,276,170,11,95,267,162,119,22,21,105,65,2,38,285,114,98,3,13,171,105,9,57
S01011519,642,399,332,15,52,243,146,22,75,313,220,170,14,36,93,54,11,28,329,179,162,1,16,150,92,11,47
S01011520,470,260,206,12,42,210,105,13,92,210,131,93,10,28,79,37,6,36,260,129,113,2,14,131,68,7,56
S01011521,753,461,365,23,73,292,129,29,134,349,249,190,17,42,100,46,10,44,404,212,175,6,31,192,83,19,90
S01011522,744,456,378,25,53,288,175,11,102,337,228,177,23,28,109,59,7,43,407,228,201,2,25,179,116,4,59
S01011523,611,419,339,29,51,192,100,21,71,323,245,177,26,42,78,39,11,28,288,174,162,3,9,114,61,10,43
S01011524,762,561,483,46,32,201,129,18,54,373,289,244,28,17,84,54,9,21,389,272,239,18,15,117,75,9,33
S01011525,783,497,447,41,9,286,167,30,89,361,251,222,27,2,110,51,15,44,422,246,225,14,7,176,116,15,45
S01011526,814,532,457,32,43,282,167,28,87,381,289,243,24,22,92,59,10,23,433,243,214,8,21,190,108,18,64
S01011527,610,367,302,37,28,243,185,20,38,291,196,154,27,15,95,77,8,10,319,171,148,10,13,148,108,12,28
S01011528,830,470,390,26,54,360,233,23,104,386,236,191,16,29,150,98,16,36,444,234,199,10,25,210,135,7,68
S01011529,422,242,183,15,44,180,99,12,69,183,116,79,9,28,67,40,4,23,239,126,104,6,16,113,59,8,46
S01011530,810,493,410,26,57,317,186,17,114,389,245,194,18,33,144,72,11,61,421,248,216,8,24,173,114,6,53
S01011531,910,603,505,68,30,307,207,31,69,433,320,254,47,19,113,90,9,14,477,283,251,21,11,194,117,22,55
S01011532,475,372,300,53,19,103,44,20,39,233,193,145,39,9,40,17,12,11,242,179,155,14,10,63,27,8,28
S01011533,570,289,218,21,50,281,157,8,116,265,148,103,15,30,117,56,5,56,305,141,115,6,20,164,101,3,60
S01011534,596,364,307,30,27,232,127,18,87,295,200,164,19,17,95,50,10,35,301,164,143,11,10,137,77,8,52
S01011535,765,362,262,25,75,403,235,23,145,337,180,116,21,43,157,74,12,71,428,182,146,4,32,246,161,11,74
S01011536,573,425,351,47,27,148,92,23,33,279,222,171,36,15,57,38,10,9,294,203,180,11,12,91,54,13,24
S01011537,445,359,317,21,21,86,43,19,24,208,172,147,15,10,36,17,13,6,237,187,170,6,11,50,26,6,18
S01011538,559,385,337,31,17,174,118,28,28,270,199,163,25,11,71,43,19,9,289,186,174,6,6,103,75,9,19
S01011539,619,363,287,24,52,256,136,23,97,304,202,146,16,40,102,50,10,42,315,161,141,8,12,154,86,13,55
S01011540,849,551,470,47,34,298,178,32,88,397,274,219,32,23,123,75,12,36,452,277,251,15,11,175,103,20,52
S01011541,716,466,371,36,59,250,98,39,113,328,235,172,32,31,93,37,21,35,388,231,199,4,28,157,61,18,78
S01011542,735,464,387,27,50,271,137,21,113,352,243,188,22,33,109,58,14,37,383,221,199,5,17,162,79,7,76
S01011543,611,392,308,20,64,219,83,19,117,284,199,148,15,36,85,33,11,41,327,193,160,5,28,134,50,8,76
S01011544,550,316,263,20,33,234,111,21,102,268,176,132,18,26,92,44,10,38,282,140,131,2,7,142,67,11,64
S01011545,488,287,249,15,23,201,124,14,63,226,150,122,12,16,76,43,7,26,262,137,127,3,7,125,81,7,37
S01011546,550,459,376,61,22,91,26,32,33,268,231,171,45,15,37,14,16,7,282,228,205,16,7,54,12,16,26
S01011547,434,358,301,34,23,76,24,27,25,199,169,130,27,12,30,12,10,8,235,189,171,7,11,46,12,17,17
S01011548,614,366,308,31,27,248,170,25,53,285,180,139,22,19,105,72,12,21,329,186,169,9,8,143,98,13,32
S01011549,678,442,370,36,36,236,170,20,46,335,232,178,32,22,103,73,14,16,343,210,192,4,14,133,97,6,30
S01011550,607,402,338,44,20,205,157,22,26,294,202,162,29,11,92,74,10,8,313,200,176,15,9,113,83,12,18
S01011551,450,278,231,29,18,172,100,13,59,213,151,116,23,12,62,40,8,14,237,127,115,6,6,110,60,5,45
S01011552,602,422,355,38,29,180,113,26,41,288,198,153,24,21,90,52,19,19,314,224,202,14,8,90,61,7,22
S01011553,618,506,407,68,31,112,30,42,40,300,255,188,49,18,45,10,22,13,318,251,219,19,13,67,20,20,27
S01011554,733,423,357,31,35,310,216,9,85,330,212,165,23,24,118,83,6,29,403,211,192,8,11,192,133,3,56
S01011555,458,303,254,15,34,155,73,20,62,216,150,114,13,23,66,28,10,28,242,153,140,2,11,89,45,10,34
S01011556,402,246,187,25,34,156,70,13,73,195,127,84,18,25,68,34,3,31,207,119,103,7,9,88,36,10,42
S01011557,594,383,326,24,33,211,104,18,89,273,192,162,17,13,81,34,7,40,321,191,164,7,20,130,70,11,49
S01011558,457,305,249,24,32,152,74,16,62,221,154,115,17,22,67,29,7,31,236,151,134,7,10,85,45,9,31
S01011559,494,303,236,16,51,191,90,14,87,242,160,112,16,32,82,37,6,39,252,143,124,0,19,109,53,8,48
S01011560,618,381,328,16,37,237,116,15,106,292,206,164,14,28,86,46,4,36,326,175,164,2,9,151,70,11,70
S01011561,646,390,313,13,64,256,135,23,98,296,192,137,12,43,104,57,10,37,350,198,176,1,21,152,78,13,61
S01011562,485,307,244,20,43,178,52,31,95,209,147,106,16,25,62,21,9,32,276,160,138,4,18,116,31,22,63
S01011563,585,353,283,25,45,232,73,34,125,256,167,121,20,26,89,30,15,44,329,186,162,5,19,143,43,19,81
S01011564,771,532,446,38,48,239,143,21,75,361,262,208,29,25,99,56,14,29,410,270,238,9,23,140,87,7,46
S01011565,743,523,441,29,53,220,105,30,85,342,269,210,25,34,73,35,10,28,401,254,231,4,19,147,70,20,57
S01011566,695,453,357,27,69,242,90,28,124,309,221,168,18,35,88,35,13,40,386,232,189,9,34,154,55,15,84
S01011567,831,452,371,34,47,379,229,18,132,388,228,174,27,27,160,93,7,60,443,224,197,7,20,219,136,11,72
S01011568,652,445,370,33,42,207,128,20,59,314,230,180,23,27,84,51,10,23,338,215,190,10,15,123,77,10,36
S01011569,804,488,419,28,41,316,193,26,97,360,251,203,23,25,109,65,11,33,444,237,216,5,16,207,128,15,64
S01011570,606,332,291,18,23,274,151,22,101,278,163,131,16,16,115,74,7,34,328,169,160,2,7,159,77,15,67
S01011571,572,324,267,18,39,248,143,15,90,273,175,133,17,25,98,51,4,43,299,149,134,1,14,150,92,11,47
S01011572,486,307,247,26,34,179,94,10,75,235,161,121,22,18,74,37,6,31,251,146,126,4,16,105,57,4,44
S01011573,842,594,500,57,37,248,128,25,95,417,315,248,46,21,102,57,10,35,425,279,252,11,16,146,71,15,60
S01011574,606,432,363,40,29,174,88,19,67,284,222,169,35,18,62,33,9,20,322,210,194,5,11,112,55,10,47
S01011575,408,256,201,17,38,152,74,23,55,202,132,99,11,22,70,29,18,23,206,124,102,6,16,82,45,5,32
S01011576,737,331,248,15,68,406,261,20,125,323,182,126,15,41,141,73,10,58,414,149,122,0,27,265,188,10,67
S01011577,572,393,321,30,42,179,78,14,87,276,200,147,27,26,76,30,5,41,296,193,174,3,16,103,48,9,46
S01011578,676,445,360,20,65,231,92,29,110,311,218,159,18,41,93,35,16,42,365,227,201,2,24,138,57,13,68
S01011579,906,592,481,79,32,314,217,43,54,436,314,235,59,20,122,88,20,14,470,278,246,20,12,192,129,23,40
S01011580,557,366,301,31,34,191,67,24,100,262,185,142,23,20,77,28,11,38,295,181,159,8,14,114,39,13,62
S01011581,693,330,264,24,42,363,241,7,115,329,172,122,21,29,157,94,2,61,364,158,142,3,13,206,147,5,54
S01011582,957,639,546,68,25,318,252,34,32,453,319,249,54,16,134,102,22,10,504,320,297,14,9,184,150,12,22
S01011583,559,374,317,19,38,185,94,12,79,246,187,147,16,24,59,32,4,23,313,187,170,3,14,126,62,8,56
S01011584,591,361,314,11,36,230,130,8,92,292,203,166,10,27,89,55,1,33,299,158,148,1,9,141,75,7,59
S01011585,585,350,300,24,26,235,138,24,73,254,164,131,17,16,90,48,16,26,331,186,169,7,10,145,90,8,47
S01011586,482,299,246,11,42,183,108,17,58,235,160,127,8,25,75,44,10,21,247,139,119,3,17,108,64,7,37
S01011587,451,277,237,11,29,174,85,26,63,193,131,104,11,16,62,31,11,20,258,146,133,0,13,112,54,15,43
S01011588,609,372,299,31,42,237,122,25,90,278,196,147,24,25,82,47,11,24,331,176,152,7,17,155,75,14,66
S01011589,707,419,364,26,29,288,195,16,77,333,229,191,19,19,104,79,6,19,374,190,173,7,10,184,116,10,58
S01011590,552,339,279,17,43,213,121,17,75,266,177,135,16,26,89,47,8,34,286,162,144,1,17,124,74,9,41
S01011591,501,301,227,20,54,200,104,18,78,260,168,116,15,37,92,48,10,34,241,133,111,5,17,108,56,8,44
S01011592,563,329,261,19,49,234,111,16,107,257,158,109,14,35,99,44,7,48,306,171,152,5,14,135,67,9,59
S01011593,601,367,312,28,27,234,150,24,60,270,184,149,20,15,86,53,11,22,331,183,163,8,12,148,97,13,38
S01011594,385,227,192,20,15,158,113,12,33,198,118,95,16,7,80,55,8,17,187,109,97,4,8,78,58,4,16
S01011595,513,373,302,44,27,140,94,18,28,268,210,162,31,17,58,36,9,13,245,163,140,13,10,82,58,9,15
S01011596,865,568,479,36,53,297,195,29,73,402,283,226,29,28,119,85,10,24,463,285,253,7,25,178,110,19,49
S01011597,537,349,301,23,25,188,132,15,41,242,182,148,17,17,60,35,9,16,295,167,153,6,8,128,97,6,25
S01011598,682,400,244,21,135,282,90,23,169,406,261,141,17,103,145,41,8,96,276,139,103,4,32,137,49,15,73
S01011599,662,408,342,20,46,254,164,17,73,304,214,173,15,26,90,57,7,26,358,194,169,5,20,164,107,10,47
S01011600,644,369,311,23,35,275,181,14,80,300,194,153,20,21,106,68,9,29,344,175,158,3,14,169,113,5,51
S01011601,656,522,454,41,27,134,69,28,37,318,259,214,30,15,59,29,23,7,338,263,240,11,12,75,40,5,30
S01011602,495,310,242,21,47,185,101,16,68,246,161,119,14,28,85,41,9,35,249,149,123,7,19,100,60,7,33
S01011603,673,332,265,21,46,341,204,19,118,309,177,132,16,29,132,75,4,53,364,155,133,5,17,209,129,15,65
S01011604,528,317,247,17,53,211,121,17,73,253,172,124,15,33,81,53,3,25,275,145,123,2,20,130,68,14,48
S01011605,715,425,333,41,51,290,204,18,68,334,221,154,33,34,113,84,5,24,381,204,179,8,17,177,120,13,44
S01011606,730,620,558,44,18,110,37,28,45,360,320,274,37,9,40,15,14,11,370,300,284,7,9,70,22,14,34
S01011607,477,366,308,29,29,111,58,21,32,231,193,154,24,15,38,21,9,8,246,173,154,5,14,73,37,12,24
S01011608,741,600,507,61,32,141,73,16,52,368,314,242,49,23,54,29,8,17,373,286,265,12,9,87,44,8,35
S01011609,762,445,331,26,88,317,110,31,176,357,218,145,21,52,139,47,11,81,405,227,186,5,36,178,63,20,95
S01011610,653,406,319,21,66,247,109,18,120,301,206,152,17,37,95,42,8,45,352,200,167,4,29,152,67,10,75
S01011611,587,386,328,29,29,201,124,23,54,278,198,159,18,21,80,41,13,26,309,188,169,11,8,121,83,10,28
S01011612,453,408,350,43,15,45,12,12,21,221,206,165,32,9,15,5,7,3,232,202,185,11,6,30,7,5,18
S01011613,798,512,426,62,24,286,203,28,55,391,267,202,50,15,124,90,14,20,407,245,224,12,9,162,113,14,35
S01011614,379,260,217,22,21,119,87,5,27,176,138,110,18,10,38,28,1,9,203,122,107,4,11,81,59,4,18
S01011615,559,336,265,27,44,223,99,19,105,260,176,128,23,25,84,40,9,35,299,160,137,4,19,139,59,10,70
S01011616,343,182,135,14,33,161,86,8,67,159,102,69,10,23,57,35,1,21,184,80,66,4,10,104,51,7,46
S01011617,711,419,341,27,51,292,172,21,99,321,202,152,19,31,119,66,8,45,390,217,189,8,20,173,106,13,54
S01011618,491,291,247,14,30,200,112,9,79,225,143,116,11,16,82,46,5,31,266,148,131,3,14,118,66,4,48
S01011619,813,638,562,39,37,175,88,22,65,399,336,287,28,21,63,33,14,16,414,302,275,11,16,112,55,8,49
S01011620,806,690,603,63,24,116,50,26,40,400,360,303,43,14,40,21,13,6,406,330,300,20,10,76,29,13,34
S01011621,591,411,350,29,32,180,101,15,64,278,212,165,24,23,66,40,7,19,313,199,185,5,9,114,61,8,45
S01011622,482,392,308,55,29,90,51,12,27,248,217,157,42,18,31,19,4,8,234,175,151,13,11,59,32,8,19
S01011623,563,328,265,33,30,235,147,12,76,261,164,127,22,15,97,67,7,23,302,164,138,11,15,138,80,5,53
S01011624,550,412,340,38,34,138,71,26,41,243,199,159,27,13,44,22,11,11,307,213,181,11,21,94,49,15,30
S01011625,443,299,250,17,32,144,80,19,45,206,155,119,16,20,51,33,5,13,237,144,131,1,12,93,47,14,32
S01011626,634,511,434,51,26,123,51,39,33,322,270,225,33,12,52,26,21,5,312,241,209,18,14,71,25,18,28
S01011627,532,441,395,35,11,91,37,21,33,260,225,194,23,8,35,17,8,10,272,216,201,12,3,56,20,13,23
S01011628,889,593,507,49,37,296,204,36,56,435,314,247,42,25,121,92,17,12,454,279,260,7,12,175,112,19,44
S01011629,490,292,234,18,40,198,100,17,81,225,157,117,16,24,68,37,8,23,265,135,117,2,16,130,63,9,58
S01011630,506,317,252,25,40,189,121,16,52,237,163,117,22,24,74,48,10,16,269,154,135,3,16,115,73,6,36
S01011631,455,270,213,13,44,185,46,23,116,223,144,113,11,20,79,18,9,52,232,126,100,2,24,106,28,14,64
S01011632,580,379,302,31,46,201,80,16,105,254,189,134,25,30,65,27,5,33,326,190,168,6,16,136,53,11,72
S01011633,592,333,262,19,52,259,149,22,88,276,180,137,11,32,96,59,12,25,316,153,125,8,20,163,90,10,63
S01011634,435,243,201,11,31,192,78,18,96,195,125,97,8,20,70,36,4,30,240,118,104,3,11,122,42,14,66
S01011635,523,318,263,19,36,205,89,10,106,247,174,135,16,23,73,41,8,24,276,144,128,3,13,132,48,2,82
S01011636,550,323,263,18,42,227,108,23,96,246,166,134,11,21,80,44,6,30,304,157,129,7,21,147,64,17,66
S01011637,560,345,268,24,53,215,108,26,81,254,171,124,16,31,83,43,9,31,306,174,144,8,22,132,65,17,50
S01011638,429,247,208,15,24,182,129,6,47,193,121,90,13,18,72,55,2,15,236,126,118,2,6,110,74,4,32
S01011639,455,266,221,6,39,189,99,15,75,203,138,110,6,22,65,36,5,24,252,128,111,0,17,124,63,10,51
S01011640,535,329,272,16,41,206,103,23,80,252,182,141,13,28,70,39,11,20,283,147,131,3,13,136,64,12,60
S01011641,406,255,224,25,6,151,106,15,30,196,136,109,22,5,60,42,11,7,210,119,115,3,1,91,64,4,23
S01011642,668,451,364,41,46,217,137,22,58,317,232,177,27,28,85,53,12,20,351,219,187,14,18,132,84,10,38
S01011643,464,326,265,43,18,138,97,12,29,225,182,138,30,14,43,33,5,5,239,144,127,13,4,95,64,7,24
S01011644,602,337,288,31,18,265,205,18,42,264,176,144,22,10,88,64,9,15,338,161,144,9,8,177,141,9,27
S01011645,452,240,207,22,11,212,161,15,36,201,115,92,17,6,86,66,5,15,251,125,115,5,5,126,95,10,21
S01011646,589,376,318,36,22,213,150,28,35,293,202,163,24,15,91,67,12,12,296,174,155,12,7,122,83,16,23
S01011647,701,528,467,32,29,173,85,42,46,329,263,225,26,12,66,39,17,10,372,265,242,6,17,107,46,25,36
S01011648,514,393,334,31,28,121,55,13,53,248,201,166,24,11,47,23,5,19,266,192,168,7,17,74,32,8,34
S01011649,395,255,222,15,18,140,84,14,42,182,137,116,9,12,45,31,3,11,213,118,106,6,6,95,53,11,31
S01011650,583,360,294,40,26,223,146,19,58,273,191,143,29,19,82,62,6,14,310,169,151,11,7,141,84,13,44
S01011651,772,478,409,33,36,294,193,31,70,375,263,215,23,25,112,70,17,25,397,215,194,10,11,182,123,14,45
S01011652,642,452,386,34,32,190,106,32,52,311,240,193,26,21,71,46,11,14,331,212,193,8,11,119,60,21,38
S01011653,719,441,346,28,67,278,139,35,104,329,220,162,23,35,109,55,12,42,390,221,184,5,32,169,84,23,62
S01011654,827,476,350,53,73,351,223,22,106,390,258,165,42,51,132,85,11,36,437,218,185,11,22,219,138,11,70
S01011655,718,421,318,24,79,297,175,12,110,328,220,152,21,47,108,66,5,37,390,201,166,3,32,189,109,7,73
S01011656,492,295,221,12,62,197,76,21,100,237,161,107,10,44,76,29,14,33,255,134,114,2,18,121,47,7,67
S01011657,426,259,188,16,55,167,65,16,86,202,140,92,12,36,62,23,4,35,224,119,96,4,19,105,42,12,51
S01011658,552,345,264,34,47,207,114,17,76,275,199,142,28,29,76,39,6,31,277,146,122,6,18,131,75,11,45
S01011659,660,375,294,27,54,285,186,16,83,304,196,138,21,37,108,72,7,29,356,179,156,6,17,177,114,9,54
S01011660,790,519,443,41,35,271,182,39,50,381,266,218,31,17,115,78,15,22,409,253,225,10,18,156,104,24,28
S01011661,434,267,210,27,30,167,113,13,41,218,143,99,24,20,75,53,8,14,216,124,111,3,10,92,60,5,27
S01011662,487,382,335,35,12,105,52,14,39,246,203,164,32,7,43,24,8,11,241,179,171,3,5,62,28,6,28
S01011663,753,508,379,26,103,245,80,30,135,375,262,177,21,64,113,37,21,55,378,246,202,5,39,132,43,9,80
S01011664,834,438,348,32,58,396,187,35,174,395,239,174,26,39,156,75,19,62,439,199,174,6,19,240,112,16,112
S01011665,718,399,336,20,43,319,169,33,117,329,215,176,13,26,114,63,14,37,389,184,160,7,17,205,106,19,80
S01011666,736,389,297,19,73,347,199,27,121,337,202,144,15,43,135,73,15,47,399,187,153,4,30,212,126,12,74
S01011667,681,364,289,39,36,317,169,13,135,324,200,151,31,18,124,64,5,55,357,164,138,8,18,193,105,8,80
S01011668,782,481,392,14,75,301,114,35,152,362,251,198,12,41,111,40,19,52,420,230,194,2,34,190,74,16,100
S01011669,560,314,245,42,27,246,177,16,53,264,167,111,39,17,97,70,9,18,296,147,134,3,10,149,107,7,35
S01011670,406,276,222,18,36,130,60,14,56,195,147,105,15,27,48,22,8,18,211,129,117,3,9,82,38,6,38
S01011671,589,337,273,39,25,252,185,14,53,260,179,134,31,14,81,60,6,15,329,158,139,8,11,171,125,8,38
S01011672,498,275,216,19,40,223,144,20,59,223,136,102,15,19,87,50,7,30,275,139,114,4,21,136,94,13,29
S01011673,537,333,271,27,35,204,102,23,79,262,181,132,22,27,81,44,13,24,275,152,139,5,8,123,58,10,55
S01011674,825,550,473,25,52,275,164,23,88,390,282,239,16,27,108,69,10,29,435,268,234,9,25,167,95,13,59
S01011675,750,439,358,31,50,311,175,16,120,348,225,177,23,25,123,70,8,45,402,214,181,8,25,188,105,8,75
S01011676,567,328,257,16,55,239,124,19,96,260,171,127,11,33,89,52,10,27,307,157,130,5,22,150,72,9,69
S01011677,463,354,275,31,48,109,35,18,56,232,184,135,20,29,48,13,14,21,231,170,140,11,19,61,22,4,35
S01011678,380,203,148,20,35,177,92,13,72,178,101,65,16,20,77,40,4,33,202,102,83,4,15,100,52,9,39
S01011679,417,338,300,24,14,79,35,12,32,194,171,147,19,5,23,13,4,6,223,167,153,5,9,56,22,8,26
S01011680,864,479,379,36,64,385,204,32,149,414,279,210,26,43,135,63,17,55,450,200,169,10,21,250,141,15,94
S01011681,667,427,361,32,34,240,136,25,79,305,213,171,23,19,92,53,12,27,362,214,190,9,15,148,83,13,52
S01011682,429,238,165,58,15,191,78,12,101,258,142,83,45,14,116,38,10,68,171,96,82,13,1,75,40,2,33
S01011683,613,406,303,56,47,207,103,17,87,314,230,166,36,28,84,43,9,32,299,176,137,20,19,123,60,8,55
S01011684,437,261,212,29,20,176,127,15,34,210,143,114,20,9,67,49,7,11,227,118,98,9,11,109,78,8,23
S01011685,602,497,410,63,24,105,53,21,31,301,261,194,50,17,40,22,10,8,301,236,216,13,7,65,31,11,23
S01011686,703,495,422,54,19,208,138,31,39,341,262,206,42,14,79,56,12,11,362,233,216,12,5,129,82,19,28
S01011687,702,432,354,29,49,270,161,24,85,338,241,193,23,25,97,55,15,27,364,191,161,6,24,173,106,9,58
S01011688,631,453,352,73,28,178,93,27,58,320,246,182,50,14,74,42,10,22,311,207,170,23,14,104,51,17,36
S01011689,538,395,317,59,19,143,85,24,34,275,212,157,41,14,63,37,15,11,263,183,160,18,5,80,48,9,23
S01011690,747,562,452,71,39,185,88,23,74,368,295,212,52,31,73,46,9,18,379,267,240,19,8,112,42,14,56
S01011691,456,331,287,28,16,125,68,18,39,216,170,142,19,9,46,27,9,10,240,161,145,9,7,79,41,9,29
S01011692,860,499,418,25,56,361,203,33,125,419,271,218,19,34,148,87,14,47,441,228,200,6,22,213,116,19,78
S01011693,664,472,398,45,29,192,126,23,43,321,245,188,36,21,76,46,14,16,343,227,210,9,8,116,80,9,27
S01011694,383,318,271,29,18,65,28,8,29,182,157,129,21,7,25,12,6,7,201,161,142,8,11,40,16,2,22
S01011695,689,545,458,71,16,144,81,20,43,334,277,218,51,8,57,34,12,11,355,268,240,20,8,87,47,8,32
S01011696,728,624,527,80,17,104,35,24,45,351,323,257,58,8,28,15,9,4,377,301,270,22,9,76,20,15,41
S01011697,757,568,479,59,30,189,98,23,68,355,279,217,45,17,76,41,10,25,402,289,262,14,13,113,57,13,43
S01011698,537,340,273,30,37,197,114,25,58,252,172,127,21,24,80,45,14,21,285,168,146,9,13,117,69,11,37
S01011699,764,508,425,57,26,256,170,26,60,380,260,201,45,14,120,79,17,24,384,248,224,12,12,136,91,9,36
S01011700,661,385,319,36,30,276,187,28,61,299,198,150,29,19,101,66,13,22,362,187,169,7,11,175,121,15,39
S01011701,822,570,466,84,20,252,174,27,51,404,307,238,60,9,97,69,14,14,418,263,228,24,11,155,105,13,37
S01011702,626,368,298,44,26,258,193,19,46,283,182,138,28,16,101,79,8,14,343,186,160,16,10,157,114,11,32
S01011703,502,346,259,65,22,156,115,15,26,242,184,128,44,12,58,46,5,7,260,162,131,21,10,98,69,10,19
S01011704,555,414,358,42,14,141,82,23,36,265,208,171,31,6,57,31,13,13,290,206,187,11,8,84,51,10,23
S01011705,602,390,305,40,45,212,103,35,74,267,190,140,26,24,77,39,13,25,335,200,165,14,21,135,64,22,49
S01011706,883,508,417,50,41,375,263,33,79,415,270,209,41,20,145,96,16,33,468,238,208,9,21,230,167,17,46
S01011707,584,369,305,43,21,215,169,17,29,274,182,144,28,10,92,72,8,12,310,187,161,15,11,123,97,9,17
S01011708,797,464,380,37,47,333,210,30,93,341,218,165,25,28,123,79,13,31,456,246,215,12,19,210,131,17,62
S01011709,782,498,401,55,42,284,173,44,67,363,245,174,41,30,118,75,17,26,419,253,227,14,12,166,98,27,41
S01011710,477,320,245,18,57,157,78,18,61,210,153,107,14,32,57,31,6,20,267,167,138,4,25,100,47,12,41
S01011711,551,309,246,21,42,242,135,18,89,235,156,119,17,20,79,47,6,26,316,153,127,4,22,163,88,12,63
S01011712,461,314,264,17,33,147,91,10,46,209,153,112,17,24,56,32,4,20,252,161,152,0,9,91,59,6,26
S01011713,759,483,413,44,26,276,196,22,58,362,251,198,36,17,111,75,12,24,397,232,215,8,9,165,121,10,34
S01011714,396,349,296,36,17,47,19,13,15,198,175,136,27,12,23,7,10,6,198,174,160,9,5,24,12,3,9
S01011715,493,286,245,15,26,207,105,21,81,220,141,114,12,15,79,39,9,31,273,145,131,3,11,128,66,12,50
S01011716,701,550,459,55,36,151,84,22,45,340,281,215,45,21,59,36,12,11,361,269,244,10,15,92,48,10,34
S01011717,615,408,346,38,24,207,148,17,42,303,215,170,29,16,88,61,10,17,312,193,176,9,8,119,87,7,25
S01011718,577,495,420,54,21,82,31,16,35,288,247,191,43,13,41,16,9,16,289,248,229,11,8,41,15,7,19
S01011719,529,444,381,50,13,85,31,30,24,258,224,178,39,7,34,13,15,6,271,220,203,11,6,51,18,15,18
S01011720,465,309,269,30,10,156,113,18,25,235,164,129,27,8,71,51,13,7,230,145,140,3,2,85,62,5,18
S01011721,586,357,307,17,33,229,160,16,53,277,188,147,16,25,89,63,7,19,309,169,160,1,8,140,97,9,34
S01011722,589,327,262,27,38,262,185,18,59,263,177,126,24,27,86,60,8,18,326,150,136,3,11,176,125,10,41
S01011723,767,487,411,41,35,280,174,35,71,370,257,206,30,21,113,65,20,28,397,230,205,11,14,167,109,15,43
S01011724,525,422,355,39,28,103,16,31,56,247,209,161,29,19,38,4,15,19,278,213,194,10,9,65,12,16,37
S01011725,498,419,355,49,15,79,31,25,23,252,229,181,38,10,23,11,8,4,246,190,174,11,5,56,20,17,19
S01011726,424,338,297,31,10,86,35,17,34,208,172,140,25,7,36,13,10,13,216,166,157,6,3,50,22,7,21
S01011727,558,472,382,74,16,86,38,19,29,282,253,188,55,10,29,14,9,6,276,219,194,19,6,57,24,10,23
S01011728,767,522,446,49,27,245,154,25,66,367,270,210,41,19,97,56,12,29,400,252,236,8,8,148,98,13,37
S01011729,562,335,261,24,50,227,123,26,78,259,173,118,19,36,86,50,8,28,303,162,143,5,14,141,73,18,50
S01011730,782,478,410,50,18,304,241,24,39,379,259,208,39,12,120,98,8,14,403,219,202,11,6,184,143,16,25
S01011731,720,442,369,36,37,278,207,20,51,321,225,177,26,22,96,76,9,11,399,217,192,10,15,182,131,11,40
S01011732,680,476,406,49,21,204,154,20,30,332,246,188,41,17,86,68,12,6,348,230,218,8,4,118,86,8,24
S01011733,705,445,370,39,36,260,186,21,53,348,235,184,31,20,113,81,15,17,357,210,186,8,16,147,105,6,36
S01011734,646,406,340,42,24,240,175,25,40,325,220,179,27,14,105,73,11,21,321,186,161,15,10,135,102,14,19
S01011735,621,380,310,49,21,241,184,25,32,311,206,152,39,15,105,77,15,13,310,174,158,10,6,136,107,10,19
S01011736,578,406,341,28,37,172,102,22,48,266,197,157,22,18,69,38,13,18,312,209,184,6,19,103,64,9,30
S01011737,552,333,257,27,49,219,122,32,65,250,166,126,17,23,84,49,13,22,302,167,131,10,26,135,73,19,43
S01011738,851,547,427,55,65,304,168,37,99,423,287,213,40,34,136,79,21,36,428,260,214,15,31,168,89,16,63
S01011739,430,279,225,13,41,151,106,13,32,211,153,117,9,27,58,40,5,13,219,126,108,4,14,93,66,8,19
S01011740,602,349,266,17,66,253,114,40,99,298,183,129,11,43,115,49,26,40,304,166,137,6,23,138,65,14,59
S01011741,536,338,277,17,44,198,122,15,61,261,192,147,15,30,69,45,5,19,275,146,130,2,14,129,77,10,42
S01011742,614,385,319,28,38,229,147,30,52,289,193,151,19,23,96,65,13,18,325,192,168,9,15,133,82,17,34
S01011743,657,423,373,24,26,234,157,23,54,288,204,174,17,13,84,56,10,18,369,219,199,7,13,150,101,13,36
S01011744,715,406,332,32,42,309,218,19,72,315,201,158,27,16,114,82,10,22,400,205,174,5,26,195,136,9,50
S01011745,633,301,252,18,31,332,268,14,50,276,159,124,15,20,117,93,6,18,357,142,128,3,11,215,175,8,32
S01011746,412,273,217,13,43,139,73,15,51,205,138,97,9,32,67,38,7,22,207,135,120,4,11,72,35,8,29
S01011747,754,466,351,23,92,288,133,43,112,352,243,174,14,55,109,54,24,31,402,223,177,9,37,179,79,19,81
S01011748,647,422,352,19,51,225,98,31,96,293,212,170,12,30,81,40,14,27,354,210,182,7,21,144,58,17,69
S01011749,560,372,279,17,76,188,40,28,120,298,223,162,13,48,75,16,15,44,262,149,117,4,28,113,24,13,76
S01011750,709,417,339,34,44,292,183,30,79,334,221,171,24,26,113,78,13,22,375,196,168,10,18,179,105,17,57
S01011751,780,533,431,23,79,247,91,33,123,395,290,222,18,50,105,41,19,45,385,243,209,5,29,142,50,14,78
S01011752,750,532,455,31,46,218,136,16,66,354,269,214,24,31,85,48,11,26,396,263,241,7,15,133,88,5,40
S01011753,660,413,340,32,41,247,171,32,44,317,218,165,23,30,99,67,15,17,343,195,175,9,11,148,104,17,27
S01011754,619,369,306,24,39,250,175,26,49,278,180,143,15,22,98,71,12,15,341,189,163,9,17,152,104,14,34
S01011755,761,531,450,33,48,230,110,24,96,402,300,236,26,38,102,48,11,43,359,231,214,7,10,128,62,13,53
S01011756,783,527,437,30,60,256,142,37,77,367,260,204,20,36,107,57,21,29,416,267,233,10,24,149,85,16,48
S01011757,573,343,291,24,28,230,124,27,79,265,175,134,19,22,90,45,13,32,308,168,157,5,6,140,79,14,47
S01011758,498,343,294,19,30,155,87,15,53,237,178,144,15,19,59,34,8,17,261,165,150,4,11,96,53,7,36
S01011759,670,404,342,27,35,266,176,28,62,321,207,164,20,23,114,76,10,28,349,197,178,7,12,152,100,18,34
S01011760,729,474,397,31,46,255,163,24,68,344,248,193,27,28,96,63,9,24,385,226,204,4,18,159,100,15,44
S01011761,507,348,292,26,30,159,52,26,81,239,188,152,17,19,51,17,11,23,268,160,140,9,11,108,35,15,58
S01011762,532,332,273,24,35,200,90,38,72,252,179,140,16,23,73,32,15,26,280,153,133,8,12,127,58,23,46
S01011763,653,415,354,33,28,238,156,19,63,297,212,172,24,16,85,53,6,26,356,203,182,9,12,153,103,13,37
S01011764,332,225,194,14,17,107,71,15,21,159,119,96,9,14,40,29,7,4,173,106,98,5,3,67,42,8,17
S01011765,818,632,543,54,35,186,108,42,36,393,311,246,42,23,82,47,25,10,425,321,297,12,12,104,61,17,26
S01011766,416,293,248,35,10,123,87,15,21,199,147,114,27,6,52,38,6,8,217,146,134,8,4,71,49,9,13
S01011767,744,446,350,41,55,298,207,28,63,361,239,169,35,35,122,77,15,30,383,207,181,6,20,176,130,13,33
S01011768,591,378,316,18,44,213,131,20,62,278,185,143,14,28,93,56,9,28,313,193,173,4,16,120,75,11,34
S01011769,554,294,240,28,26,260,190,14,56,259,153,122,20,11,106,72,9,25,295,141,118,8,15,154,118,5,31
S01011770,680,414,332,25,57,266,175,23,68,344,236,186,15,35,108,72,14,22,336,178,146,10,22,158,103,9,46
S01011771,531,418,358,43,17,113,64,22,27,252,208,167,32,9,44,26,11,7,279,210,191,11,8,69,38,11,20
S01011772,886,620,481,108,31,266,172,50,44,439,332,238,77,17,107,71,26,10,447,288,243,31,14,159,101,24,34
S01011773,447,383,336,35,12,64,31,17,16,221,194,163,23,8,27,12,12,3,226,189,173,12,4,37,19,5,13
S01011774,692,525,435,57,33,167,48,47,72,332,266,206,37,23,66,22,23,21,360,259,229,20,10,101,26,24,51
S01011775,480,401,337,48,16,79,41,19,19,240,205,169,28,8,35,17,11,7,240,196,168,20,8,44,24,8,12
S01011776,789,613,502,87,24,176,105,24,47,376,321,239,67,15,55,33,13,9,413,292,263,20,9,121,72,11,38
S01011777,477,361,317,32,12,116,74,15,27,227,187,155,26,6,40,28,6,6,250,174,162,6,6,76,46,9,21
S01011778,493,382,322,42,18,111,73,19,19,232,196,155,31,10,36,20,12,4,261,186,167,11,8,75,53,7,15
S01011779,640,438,374,44,20,202,141,25,36,309,231,185,33,13,78,56,13,9,331,207,189,11,7,124,85,12,27
S01011780,728,539,440,82,17,189,104,35,50,365,294,220,66,8,71,43,18,10,363,245,220,16,9,118,61,17,40
S01011781,459,323,276,33,14,136,81,25,30,221,172,139,26,7,49,32,11,6,238,151,137,7,7,87,49,14,24
S01011782,582,397,337,45,15,185,126,29,30,296,212,166,36,10,84,57,16,11,286,185,171,9,5,101,69,13,19
S01011783,486,341,282,40,19,145,91,17,37,256,183,143,29,11,73,43,13,17,230,158,139,11,8,72,48,4,20
S01011784,660,415,352,29,34,245,118,40,87,276,193,155,22,16,83,35,20,28,384,222,197,7,18,162,83,20,59
S01011785,711,452,383,41,28,259,182,18,59,318,227,180,29,18,91,61,11,19,393,225,203,12,10,168,121,7,40
S01011786,296,241,203,27,11,55,9,23,23,145,125,99,21,5,20,4,11,5,151,116,104,6,6,35,5,12,18
S01011787,822,477,350,45,82,345,183,35,127,397,262,170,37,55,135,74,15,46,425,215,180,8,27,210,109,20,81
S01011788,513,379,263,98,18,134,58,31,45,266,211,132,68,11,55,27,18,10,247,168,131,30,7,79,31,13,35
S01011789,550,335,260,59,16,215,159,16,40,262,174,125,38,11,88,69,7,12,288,161,135,21,5,127,90,9,28
S01011790,778,500,372,74,54,278,128,36,114,367,248,164,57,27,119,59,13,47,411,252,208,17,27,159,69,23,67
S01011791,610,351,285,36,30,259,153,19,87,278,178,134,29,15,100,64,9,27,332,173,151,7,15,159,89,10,60
S01011792,784,389,313,44,32,395,290,11,94,373,213,158,37,18,160,114,5,41,411,176,155,7,14,235,176,6,53
S01011793,611,358,287,49,22,253,191,18,44,273,180,133,36,11,93,68,9,16,338,178,154,13,11,160,123,9,28
S01011794,709,418,341,41,36,291,170,29,92,328,206,148,35,23,122,71,15,36,381,212,193,6,13,169,99,14,56
S01011795,515,301,241,29,31,214,105,8,101,260,172,135,19,18,88,38,6,44,255,129,106,10,13,126,67,2,57
S01011796,599,375,293,28,54,224,112,27,85,272,188,135,21,32,84,40,11,33,327,187,158,7,22,140,72,16,52
S01011797,865,602,507,70,25,263,188,33,42,428,317,247,53,17,111,83,18,10,437,285,260,17,8,152,105,15,32
S01011798,453,269,214,27,28,184,94,15,75,206,139,96,25,18,67,33,6,28,247,130,118,2,10,117,61,9,47
S01011799,757,473,398,46,29,284,201,22,61,370,254,196,37,21,116,83,12,21,387,219,202,9,8,168,118,10,40
S01011800,425,268,226,28,14,157,111,8,38,212,150,117,24,9,62,50,1,11,213,118,109,4,5,95,61,7,27
S01011801,456,273,214,13,46,183,79,20,84,215,143,100,13,30,72,32,12,28,241,130,114,0,16,111,47,8,56
S01011802,582,330,260,30,40,252,176,15,61,271,175,128,24,23,96,65,8,23,311,155,132,6,17,156,111,7,38
S01011803,465,298,231,30,37,167,94,18,55,211,147,103,23,21,64,35,7,22,254,151,128,7,16,103,59,11,33
S01011804,631,399,316,66,17,232,169,12,51,290,203,159,34,10,87,63,7,17,341,196,157,32,7,145,106,5,34
S01011805,469,297,216,66,15,172,128,24,20,224,156,107,39,10,68,48,11,9,245,141,109,27,5,104,80,13,11
S01011806,627,389,309,68,12,238,177,12,49,305,206,148,51,7,99,79,7,13,322,183,161,17,5,139,98,5,36
S01011807,914,628,424,195,9,286,208,25,53,463,340,204,129,7,123,94,12,17,451,288,220,66,2,163,114,13,36
S01011808,521,352,286,50,16,169,131,13,25,260,188,141,37,10,72,55,9,8,261,164,145,13,6,97,76,4,17
S01011809,595,416,313,97,6,179,122,13,44,295,225,160,62,3,70,54,4,12,300,191,153,35,3,109,68,9,32
S01011810,785,520,382,118,20,265,201,13,51,381,282,191,77,14,99,78,3,18,404,238,191,41,6,166,123,10,33
S01011811,851,576,404,154,18,275,202,15,58,428,313,195,110,8,115,90,9,16,423,263,209,44,10,160,112,6,42
S01011812,545,365,247,108,10,180,125,15,40,276,195,123,68,4,81,63,8,10,269,170,124,40,6,99,62,7,30
S01011813,625,444,332,98,14,181,134,15,32,301,236,161,70,5,65,53,6,6,324,208,171,28,9,116,81,9,26
S01011814,575,419,302,105,12,156,120,7,29,285,227,147,75,5,58,53,2,3,290,192,155,30,7,98,67,5,26
S01011815,614,459,365,79,15,155,111,17,27,297,229,174,49,6,68,48,8,12,317,230,191,30,9,87,63,9,15
S01011816,530,361,293,62,6,169,130,13,26,256,188,138,47,3,68,56,6,6,274,173,155,15,3,101,74,7,20
S01011817,592,442,345,85,12,150,112,17,21,302,240,174,60,6,62,47,6,9,290,202,171,25,6,88,65,11,12
S01011818,894,626,547,62,17,268,208,14,46,423,316,270,38,8,107,82,7,18,471,310,277,24,9,161,126,7,28
S01011819,729,486,424,42,20,243,176,11,56,358,253,218,29,6,105,75,9,21,371,233,206,13,14,138,101,2,35
S01011820,640,390,320,55,15,250,196,11,43,280,198,159,35,4,82,68,4,10,360,192,161,20,11,168,128,7,33
S01011821,354,242,200,20,22,112,64,8,40,162,124,101,12,11,38,23,2,13,192,118,99,8,11,74,41,6,27
S01011822,615,430,353,51,26,185,133,7,45,304,230,186,28,16,74,49,1,24,311,200,167,23,10,111,84,6,21
S01011823,506,335,291,35,9,171,123,14,34,228,158,133,20,5,70,50,7,13,278,177,158,15,4,101,73,7,21
S01011824,553,404,344,36,24,149,102,11,36,276,217,178,25,14,59,42,4,13,277,187,166,11,10,90,60,7,23
S01011825,462,294,248,37,9,168,125,14,29,220,150,125,20,5,70,52,10,8,242,144,123,17,4,98,73,4,21
S01011826,550,388,328,44,16,162,115,14,33,265,202,162,28,12,63,47,7,9,285,186,166,16,4,99,68,7,24
S01011827,472,238,155,68,15,234,171,6,57,239,128,76,47,5,111,85,4,22,233,110,79,21,10,123,86,2,35
S01011828,764,507,327,162,18,257,192,16,49,405,283,160,110,13,122,97,8,17,359,224,167,52,5,135,95,8,32
S01011829,357,251,184,60,7,106,80,6,20,182,137,93,41,3,45,34,3,8,175,114,91,19,4,61,46,3,12
S01011830,480,305,159,130,16,175,135,7,33,245,175,77,90,8,70,57,3,10,235,130,82,40,8,105,78,4,23
S01011831,754,422,226,173,23,332,243,23,66,381,231,101,120,10,150,109,13,28,373,191,125,53,13,182,134,10,38
S01011832,719,458,274,175,9,261,195,12,54,349,251,117,131,3,98,78,5,15,370,207,157,44,6,163,117,7,39
S01011833,805,493,364,103,26,312,208,34,70,391,265,178,67,20,126,97,12,17,414,228,186,36,6,186,111,22,53
S01011834,376,261,206,48,7,115,74,15,26,185,142,106,30,6,43,33,6,4,191,119,100,18,1,72,41,9,22
S01011835,549,403,297,85,21,146,104,16,26,275,208,143,55,10,67,49,11,7,274,195,154,30,11,79,55,5,19
S01011836,661,400,301,79,20,261,191,25,45,327,217,146,59,12,110,83,15,12,334,183,155,20,8,151,108,10,33
S01011837,566,339,247,82,10,227,155,18,54,271,183,119,56,8,88,62,6,20,295,156,128,26,2,139,93,12,34
S01011838,693,429,349,65,15,264,209,20,35,346,242,194,36,12,104,86,13,5,347,187,155,29,3,160,123,7,30
S01011839,825,519,431,67,21,306,238,32,36,385,274,212,50,12,111,89,11,11,440,245,219,17,9,195,149,21,25
S01011840,788,548,446,72,30,240,166,27,47,372,278,214,44,20,94,69,16,9,416,270,232,28,10,146,97,11,38
S01011841,745,483,384,69,30,262,203,14,45,346,247,184,44,19,99,80,11,8,399,236,200,25,11,163,123,3,37
S01011842,791,490,403,45,42,301,207,32,62,379,256,190,33,33,123,79,16,28,412,234,213,12,9,178,128,16,34
S01011843,812,539,336,180,23,273,186,31,56,400,293,163,116,14,107,81,16,10,412,246,173,64,9,166,105,15,46
S01011844,611,361,274,77,10,250,187,25,38,279,189,139,46,4,90,72,12,6,332,172,135,31,6,160,115,13,32
S01011845,674,438,351,64,23,236,181,19,36,311,211,156,45,10,100,78,10,12,363,227,195,19,13,136,103,9,24
S01011846,724,480,365,99,16,244,179,25,40,338,245,170,65,10,93,72,14,7,386,235,195,34,6,151,107,11,33
S01011847,343,229,162,63,4,114,83,6,25,174,126,80,45,1,48,40,3,5,169,103,82,18,3,66,43,3,20
S01011848,588,399,286,103,10,189,140,21,28,280,207,127,73,7,73,61,8,4,308,192,159,30,3,116,79,13,24
S01011849,650,468,376,73,19,182,128,11,43,320,240,178,53,9,80,62,3,15,330,228,198,20,10,102,66,8,28
S01011850,583,381,277,90,14,202,153,9,40,283,207,139,61,7,76,63,2,11,300,174,138,29,7,126,90,7,29
S01011851,735,484,345,101,38,251,182,18,51,348,249,160,64,25,99,71,11,17,387,235,185,37,13,152,111,7,34
S01011852,847,519,404,86,29,328,249,24,55,393,277,204,57,16,116,83,12,21,454,242,200,29,13,212,166,12,34
S01011853,571,407,318,62,27,164,113,10,41,281,216,162,39,15,65,48,6,11,290,191,156,23,12,99,65,4,30
S01011854,712,397,320,62,15,315,273,17,25,326,207,153,45,9,119,104,9,6,386,190,167,17,6,196,169,8,19
S01011855,706,442,371,50,21,264,182,27,55,342,219,169,37,13,123,89,13,21,364,223,202,13,8,141,93,14,34
S01011856,597,298,210,75,13,299,241,19,39,280,156,105,46,5,124,106,11,7,317,142,105,29,8,175,135,8,32
S01011857,572,361,250,101,10,211,154,16,41,275,196,122,68,6,79,65,7,7,297,165,128,33,4,132,89,9,34
S01011858,753,351,247,93,11,402,333,18,51,336,181,112,64,5,155,136,8,11,417,170,135,29,6,247,197,10,40
S01011859,752,340,251,73,16,412,345,14,53,339,180,119,51,10,159,135,9,15,413,160,132,22,6,253,210,5,38
S01011860,529,417,315,81,21,112,79,9,24,277,238,173,53,12,39,29,3,7,252,179,142,28,9,73,50,6,17
S01011861,636,397,259,120,18,239,195,12,32,322,225,132,84,9,97,84,7,6,314,172,127,36,9,142,111,5,26
S01011862,827,425,339,67,19,402,326,23,53,404,234,182,42,10,170,144,13,13,423,191,157,25,9,232,182,10,40
S01011863,722,374,277,70,27,348,260,30,58,321,200,140,43,17,121,88,16,17,401,174,137,27,10,227,172,14,41
S01011864,612,349,265,73,11,263,217,18,28,295,185,130,46,9,110,91,11,8,317,164,135,27,2,153,126,7,20
S01011865,516,297,227,49,21,219,168,12,39,232,151,110,27,14,81,64,6,11,284,146,117,22,7,138,104,6,28
S01011866,636,407,317,69,21,229,172,19,38,308,215,155,46,14,93,74,13,6,328,192,162,23,7,136,98,6,32
S01011867,766,490,418,53,19,276,192,22,62,357,248,198,37,13,109,72,10,27,409,242,220,16,6,167,120,12,35
S01011868,717,451,353,74,24,266,188,24,54,339,233,159,57,17,106,76,13,17,378,218,194,17,7,160,112,11,37
S01011869,679,455,351,81,23,224,164,18,42,336,238,167,56,15,98,72,9,17,343,217,184,25,8,126,92,9,25
S01011870,565,343,273,45,25,222,134,21,67,272,176,131,32,13,96,62,10,24,293,167,142,13,12,126,72,11,43
S01011871,866,606,425,149,32,260,160,32,68,415,317,201,102,14,98,67,12,19,451,289,224,47,18,162,93,20,49
S01011872,723,499,344,136,19,224,146,31,47,357,266,169,88,9,91,65,15,11,366,233,175,48,10,133,81,16,36
S01011873,646,463,373,72,18,183,121,17,45,313,241,184,44,13,72,52,10,10,333,222,189,28,5,111,69,7,35
S01011874,542,379,310,58,11,163,118,15,30,261,194,148,41,5,67,49,10,8,281,185,162,17,6,96,69,5,22
S01011875,571,317,262,37,18,254,215,13,26,272,160,121,27,12,112,91,10,11,299,157,141,10,6,142,124,3,15
S01011876,770,517,386,112,19,253,173,16,64,391,276,188,76,12,115,89,3,23,379,241,198,36,7,138,84,13,41
S01011877,469,293,232,52,9,176,152,6,18,231,157,121,32,4,74,69,1,4,238,136,111,20,5,102,83,5,14
S01011878,976,543,419,103,21,433,185,205,43,498,285,204,72,9,213,85,120,8,478,258,215,31,12,220,100,85,35
S01011879,444,294,217,57,20,150,103,24,23,221,158,104,41,13,63,47,14,2,223,136,113,16,7,87,56,10,21
S01011880,482,313,234,68,11,169,111,15,43,240,176,126,44,6,64,47,11,6,242,137,108,24,5,105,64,4,37
S01011881,664,435,365,54,16,229,175,12,42,309,215,168,35,12,94,69,10,15,355,220,197,19,4,135,106,2,27
S01011882,810,480,407,45,28,330,265,16,49,380,247,194,35,18,133,103,7,23,430,233,213,10,10,197,162,9,26
S01011883,916,580,478,84,18,336,197,90,49,380,282,214,58,10,98,78,10,10,536,298,264,26,8,238,119,80,39
S01011884,347,244,177,59,8,103,67,11,25,178,136,87,43,6,42,29,5,8,169,108,90,16,2,61,38,6,17
S01011885,527,386,303,79,4,141,100,12,29,260,207,151,53,3,53,42,7,4,267,179,152,26,1,88,58,5,25
S01011886,703,459,375,63,21,244,175,22,47,329,234,177,46,11,95,72,13,10,374,225,198,17,10,149,103,9,37
S01011887,468,306,247,43,16,162,105,12,45,235,163,125,27,11,72,44,8,20,233,143,122,16,5,90,61,4,25
S01011888,669,461,385,39,37,208,117,24,67,299,221,176,21,24,78,41,13,24,370,240,209,18,13,130,76,11,43
S01011889,779,426,353,57,16,353,284,18,51,356,224,180,36,8,132,106,12,14,423,202,173,21,8,221,178,6,37
S01011890,570,396,336,41,19,174,126,10,38,273,199,155,30,14,74,51,8,15,297,197,181,11,5,100,75,2,23
S01011891,1121,410,345,28,37,711,150,21,540,820,241,187,24,30,579,68,15,496,301,169,158,4,7,132,82,6,44
S01011892,817,649,563,59,27,168,119,15,34,400,332,279,37,16,68,51,7,10,417,317,284,22,11,100,68,8,24
S01011893,798,542,466,43,33,256,196,14,46,390,283,230,30,23,107,83,5,19,408,259,236,13,10,149,113,9,27
S01011894,531,368,318,31,19,163,106,14,43,261,196,161,23,12,65,38,5,22,270,172,157,8,7,98,68,9,21
S01011895,579,291,215,62,14,288,231,22,35,261,156,108,39,9,105,86,10,9,318,135,107,23,5,183,145,12,26
S01011896,727,451,384,49,18,276,217,18,41,332,230,185,33,12,102,84,8,10,395,221,199,16,6,174,133,10,31
S01011897,826,510,420,64,26,316,237,32,47,360,252,193,41,18,108,92,8,8,466,258,227,23,8,208,145,24,39
S01011898,520,368,300,58,10,152,106,23,23,244,177,129,41,7,67,46,16,5,276,191,171,17,3,85,60,7,18
S01011899,662,389,351,29,9,273,227,19,27,300,189,166,17,6,111,96,7,8,362,200,185,12,3,162,131,12,19
S01011900,602,403,349,41,13,199,170,15,14,304,213,176,29,8,91,75,11,5,298,190,173,12,5,108,95,4,9
S01011901,729,474,377,70,27,255,199,22,34,340,247,184,46,17,93,79,7,7,389,227,193,24,10,162,120,15,27
S01011902,907,529,452,67,10,378,315,25,38,425,272,217,48,7,153,132,12,9,482,257,235,19,3,225,183,13,29
S01011903,678,388,324,49,15,290,252,13,25,324,205,163,35,7,119,103,6,10,354,183,161,14,8,171,149,7,15
S01011904,698,396,345,44,7,302,253,15,34,311,195,163,28,4,116,100,8,8,387,201,182,16,3,186,153,7,26
S01011905,641,434,364,59,11,207,147,29,31,299,223,175,43,5,76,58,15,3,342,211,189,16,6,131,89,14,28
S01011906,370,241,207,23,11,129,109,5,15,176,129,106,15,8,47,42,2,3,194,112,101,8,3,82,67,3,12
S01011907,632,463,412,35,16,169,129,18,22,307,238,204,25,9,69,50,13,6,325,225,208,10,7,100,79,5,16
S01011908,294,234,218,9,7,60,43,5,12,144,120,110,6,4,24,17,2,5,150,114,108,3,3,36,26,3,7
S01011909,783,702,632,50,20,81,41,11,29,374,345,297,37,11,29,17,6,6,409,357,335,13,9,52,24,5,23
S01011910,720,457,374,30,53,263,134,20,109,325,227,179,21,27,98,52,8,38,395,230,195,9,26,165,82,12,71
S01011911,538,342,300,22,20,196,151,15,30,242,167,137,16,14,75,58,7,10,296,175,163,6,6,121,93,8,20
S01011912,578,387,341,27,19,191,126,19,46,270,193,163,17,13,77,46,12,19,308,194,178,10,6,114,80,7,27
S01011913,581,383,323,25,35,198,118,11,69,264,187,145,19,23,77,46,5,26,317,196,178,6,12,121,72,6,43
S01011914,621,432,335,42,55,189,81,21,87,282,219,153,32,34,63,30,6,27,339,213,182,10,21,126,51,15,60
S01011915,643,419,361,28,30,224,127,19,78,308,223,179,24,20,85,46,11,28,335,196,182,4,10,139,81,8,50
S01011916,459,300,252,20,28,159,86,15,58,205,141,112,14,15,64,31,9,24,254,159,140,6,13,95,55,6,34
S01011917,421,270,231,17,22,151,104,13,34,171,123,104,7,12,48,34,4,10,250,147,127,10,10,103,70,9,24
S01011918,582,379,286,31,62,203,80,20,103,266,178,121,18,39,88,40,12,36,316,201,165,13,23,115,40,8,67
S01011919,758,543,443,32,68,215,88,41,86,389,281,219,19,43,108,38,27,43,369,262,224,13,25,107,50,14,43
S01011920,521,359,304,24,31,162,110,18,34,246,183,140,17,26,63,42,10,11,275,176,164,7,5,99,68,8,23
S01011921,465,303,254,22,27,162,109,7,46,206,151,122,15,14,55,44,2,9,259,152,132,7,13,107,65,5,37
S01011922,620,424,362,21,41,196,113,13,70,305,220,186,10,24,85,47,9,29,315,204,176,11,17,111,66,4,41
S01011923,730,457,380,28,49,273,152,26,95,335,237,189,16,32,98,56,11,31,395,220,191,12,17,175,96,15,64
S01011924,354,235,200,17,18,119,77,11,31,175,121,104,7,10,54,32,8,14,179,114,96,10,8,65,45,3,17
S01011925,551,462,387,58,17,89,36,16,37,280,239,197,32,10,41,20,10,11,271,223,190,26,7,48,16,6,26
S01011926,523,355,301,27,27,168,102,11,55,235,180,141,20,19,55,29,8,18,288,175,160,7,8,113,73,3,37
S01011927,502,320,272,21,27,182,107,15,60,225,149,119,13,17,76,37,13,26,277,171,153,8,10,106,70,2,34
S01011928,605,387,328,34,25,218,148,17,53,277,196,155,26,15,81,55,10,16,328,191,173,8,10,137,93,7,37
S01011929,588,378,342,12,24,210,141,18,51,263,188,165,8,15,75,47,11,17,325,190,177,4,9,135,94,7,34
S01011930,508,338,295,24,19,170,102,16,52,233,168,146,10,12,65,37,11,17,275,170,149,14,7,105,65,5,35
S01011931,474,317,251,23,43,157,54,14,89,223,169,125,19,25,54,20,6,28,251,148,126,4,18,103,34,8,61
S01011932,512,391,355,18,18,121,49,17,55,243,197,169,17,11,46,16,7,23,269,194,186,1,7,75,33,10,32
S01011933,561,395,341,28,26,166,97,19,50,292,221,181,20,20,71,39,10,22,269,174,160,8,6,95,58,9,28
S01011934,941,589,477,60,52,352,229,67,56,477,319,249,44,26,158,85,54,19,464,270,228,16,26,194,144,13,37
S01011935,751,549,441,64,44,202,121,26,55,402,312,243,40,29,90,51,16,23,349,237,198,24,15,112,70,10,32
S01011936,684,441,352,47,42,243,176,25,42,323,232,172,29,31,91,58,12,21,361,209,180,18,11,152,118,13,21
S01011937,615,424,361,34,29,191,132,8,51,330,242,197,22,23,88,56,6,26,285,182,164,12,6,103,76,2,25
S01011938,611,406,327,59,20,205,154,11,40,295,207,154,39,14,88,66,6,16,316,199,173,20,6,117,88,5,24
S01011939,666,470,387,31,52,196,70,32,94,365,270,206,23,41,95,32,22,41,301,200,181,8,11,101,38,10,53
S01011940,381,265,225,16,24,116,59,19,38,199,153,127,11,15,46,19,10,17,182,112,98,5,9,70,40,9,21
S01011941,650,524,437,35,52,126,46,13,67,378,306,244,24,38,72,16,11,45,272,218,193,11,14,54,30,2,22
S01011942,784,513,436,36,41,271,171,35,65,409,305,247,23,35,104,47,26,31,375,208,189,13,6,167,124,9,34
S01011943,1055,691,533,44,114,364,192,30,142,539,371,270,30,71,168,77,17,74,516,320,263,14,43,196,115,13,68
S01011944,384,223,154,57,12,161,116,17,28,187,117,74,36,7,70,51,9,10,197,106,80,21,5,91,65,8,18
S01011945,699,355,273,76,6,344,254,17,73,352,197,141,52,4,155,110,4,41,347,158,132,24,2,189,144,13,32
S01011946,671,369,283,46,40,302,234,24,44,319,199,142,30,27,120,91,11,18,352,170,141,16,13,182,143,13,26
S01011947,415,228,203,18,7,187,158,11,18,195,122,108,9,5,73,64,4,5,220,106,95,9,2,114,94,7,13
S01011948,996,520,393,97,30,476,346,22,108,442,265,180,66,19,177,123,8,46,554,255,213,31,11,299,223,14,62
S01011949,713,318,258,47,13,395,352,10,33,317,163,124,33,6,154,141,6,7,396,155,134,14,7,241,211,4,26
S01011950,669,321,272,37,12,348,301,14,33,293,158,126,26,6,135,118,5,12,376,163,146,11,6,213,183,9,21
S01011951,563,341,274,52,15,222,174,15,33,253,177,131,37,9,76,64,6,6,310,164,143,15,6,146,110,9,27
S01011952,393,240,203,31,6,153,131,9,13,186,124,100,21,3,62,55,6,1,207,116,103,10,3,91,76,3,12
S01011953,609,372,304,56,12,237,191,24,22,287,200,152,41,7,87,71,12,4,322,172,152,15,5,150,120,12,18
S01011954,402,252,215,17,20,150,121,4,25,180,134,105,13,16,46,42,2,2,222,118,110,4,4,104,79,2,23
S01011955,836,490,391,70,29,346,279,19,48,379,244,174,45,25,135,111,8,16,457,246,217,25,4,211,168,11,32
S01011956,783,545,463,68,14,238,166,21,51,381,285,231,43,11,96,69,14,13,402,260,232,25,3,142,97,7,38
S01011957,765,526,419,84,23,239,151,24,64,420,320,239,65,16,100,60,17,23,345,206,180,19,7,139,91,7,41
S01011958,903,565,414,136,15,338,253,20,65,448,313,213,96,4,135,108,9,18,455,252,201,40,11,203,145,11,47
S01011959,750,445,344,88,13,305,201,22,82,361,222,155,61,6,139,95,14,30,389,223,189,27,7,166,106,8,52
S01011960,637,477,400,69,8,160,113,13,34,311,247,197,47,3,64,48,6,10,326,230,203,22,5,96,65,7,24
S01011961,573,424,372,38,14,149,111,11,27,264,213,176,27,10,51,41,4,6,309,211,196,11,4,98,70,7,21
S01011962,541,378,298,71,9,163,118,17,28,273,204,146,53,5,69,61,7,1,268,174,152,18,4,94,57,10,27
S01011963,414,261,222,25,14,153,115,9,29,194,135,111,14,10,59,48,4,7,220,126,111,11,4,94,67,5,22
S01011964,827,552,470,52,30,275,209,22,44,398,290,233,38,19,108,90,7,11,429,262,237,14,11,167,119,15,33
S01011965,678,343,293,36,14,335,271,30,34,314,171,136,22,13,143,108,19,16,364,172,157,14,1,192,163,11,18
S01011966,675,413,336,55,22,262,206,18,38,315,217,161,39,17,98,83,8,7,360,196,175,16,5,164,123,10,31
S01011967,963,576,432,133,11,387,177,29,181,536,313,216,87,10,223,68,15,140,427,263,216,46,1,164,109,14,41
S01011968,832,550,452,59,39,282,203,34,45,385,275,207,45,23,110,86,12,12,447,275,245,14,16,172,117,22,33
S01011969,873,521,451,47,23,352,249,23,80,432,281,236,32,13,151,113,11,27,441,240,215,15,10,201,136,12,53
S01011970,761,535,441,52,42,226,130,12,84,381,279,214,39,26,102,66,6,30,380,256,227,13,16,124,64,6,54
S01011971,445,294,220,58,16,151,121,13,17,225,159,109,44,6,66,54,6,6,220,135,111,14,10,85,67,7,11
S01011972,978,624,437,159,28,354,266,31,57,493,338,209,112,17,155,111,19,25,485,286,228,47,11,199,155,12,32
S01011973,547,345,262,66,17,202,163,13,26,261,184,127,48,9,77,61,9,7,286,161,135,18,8,125,102,4,19
S01011974,649,427,335,81,11,222,175,15,32,332,244,180,54,10,88,72,6,10,317,183,155,27,1,134,103,9,22
S01011975,393,238,179,47,12,155,114,10,31,191,128,92,31,5,63,50,6,7,202,110,87,16,7,92,64,4,24
S01011976,645,394,300,71,23,251,193,16,42,305,204,143,47,14,101,83,8,10,340,190,157,24,9,150,110,8,32
S01011977,965,588,438,113,37,377,247,28,102,475,323,218,83,22,152,99,15,38,490,265,220,30,15,225,148,13,64
S01011978,587,304,246,36,22,283,222,16,45,252,153,116,23,14,99,79,7,13,335,151,130,13,8,184,143,9,32
S01011979,835,536,415,111,10,299,221,16,62,421,301,217,79,5,120,91,12,17,414,235,198,32,5,179,130,4,45
S01011980,342,217,146,60,11,125,82,16,27,173,124,73,43,8,49,36,7,6,169,93,73,17,3,76,46,9,21
S01011981,789,542,371,153,18,247,173,15,59,398,295,194,91,10,103,75,7,21,391,247,177,62,8,144,98,8,38
S01011982,786,539,367,150,22,247,175,19,53,399,300,191,100,9,99,79,9,11,387,239,176,50,13,148,96,10,42
S01011983,657,393,266,105,22,264,226,9,29,325,212,134,65,13,113,101,4,8,332,181,132,40,9,151,125,5,21
S01011984,539,320,261,36,23,219,130,11,78,249,170,130,23,17,79,51,4,24,290,150,131,13,6,140,79,7,54
S01011985,623,388,286,85,17,235,173,13,49,286,195,133,54,8,91,68,5,18,337,193,153,31,9,144,105,8,31
S01011986,530,319,235,45,39,211,117,12,82,252,164,107,29,28,88,50,7,31,278,155,128,16,11,123,67,5,51
S01011987,771,471,385,56,30,300,202,25,73,362,238,179,38,21,124,87,12,25,409,233,206,18,9,176,115,13,48
S01011988,602,296,232,56,8,306,229,26,51,283,162,120,37,5,121,91,15,15,319,134,112,19,3,185,138,11,36
S01011989,719,440,354,68,18,279,227,15,37,338,224,173,37,14,114,94,8,12,381,216,181,31,4,165,133,7,25
S01011990,654,335,259,54,22,319,282,10,27,301,179,129,35,15,122,112,4,6,353,156,130,19,7,197,170,6,21
S01011991,594,372,305,51,16,222,153,21,48,284,195,154,29,12,89,60,14,15,310,177,151,22,4,133,93,7,33
S01011992,856,460,352,84,24,396,334,21,41,384,242,167,60,15,142,122,8,12,472,218,185,24,9,254,212,13,29
S01011993,715,446,385,31,30,269,184,17,68,323,222,187,16,19,101,61,12,28,392,224,198,15,11,168,123,5,40
S01011994,655,272,188,71,13,383,334,19,30,305,138,82,50,6,167,153,9,5,350,134,106,21,7,216,181,10,25
S01011995,664,470,346,110,14,194,131,13,50,343,266,182,76,8,77,59,7,11,321,204,164,34,6,117,72,6,39
S01011996,462,289,234,36,19,173,118,14,41,210,152,112,27,13,58,39,6,13,252,137,122,9,6,115,79,8,28
S01011997,745,499,405,65,29,246,176,22,48,350,247,187,47,13,103,75,14,14,395,252,218,18,16,143,101,8,34
S01011998,426,256,192,55,9,170,138,4,28,211,137,89,44,4,74,70,1,3,215,119,103,11,5,96,68,3,25
S01011999,527,376,286,79,11,151,113,12,26,258,191,130,56,5,67,47,10,10,269,185,156,23,6,84,66,2,16
S01012000,375,257,214,39,4,118,97,5,16,179,131,102,27,2,48,40,4,4,196,126,112,12,2,70,57,1,12
S01012001,522,352,282,55,15,170,132,5,33,250,188,146,35,7,62,52,1,9,272,164,136,20,8,108,80,4,24
S01012002,484,259,214,36,9,225,181,7,37,225,137,103,28,6,88,75,5,8,259,122,111,8,3,137,106,2,29
S01012003,457,310,255,32,23,147,111,8,28,230,168,126,25,17,62,43,5,14,227,142,129,7,6,85,68,3,14
S01012004,755,448,369,64,15,307,241,18,48,347,230,179,45,6,117,86,12,19,408,218,190,19,9,190,155,6,29
S01012005,675,500,420,54,26,175,125,15,35,326,251,198,39,14,75,56,8,11,349,249,222,15,12,100,69,7,24
S01012006,745,419,305,96,18,326,88,193,45,408,239,148,75,16,169,43,113,13,337,180,157,21,2,157,45,80,32
S01012007,704,412,313,81,18,292,231,13,48,334,219,157,49,13,115,90,10,15,370,193,156,32,5,177,141,3,33
S01012008,804,542,395,125,22,262,168,23,71,397,274,183,80,11,123,70,13,40,407,268,212,45,11,139,98,10,31
S01012009,618,444,335,97,12,174,133,12,29,297,230,167,57,6,67,57,5,5,321,214,168,40,6,107,76,7,24
S01012010,1080,627,486,127,14,453,379,15,59,499,316,241,70,5,183,160,5,18,581,311,245,57,9,270,219,10,41
S01012011,960,619,479,115,25,341,261,31,49,449,305,216,72,17,144,106,21,17,511,314,263,43,8,197,155,10,32
S01012012,588,306,213,78,15,282,245,12,25,277,161,94,57,10,116,101,7,8,311,145,119,21,5,166,144,5,17
S01012013,649,416,275,128,13,233,186,11,36,316,210,126,81,3,106,83,9,14,333,206,149,47,10,127,103,2,22
S01012014,715,464,353,85,26,251,195,16,40,347,250,177,54,19,97,68,12,17,368,214,176,31,7,154,127,4,23
S01012015,780,486,370,91,25,294,230,26,38,376,256,180,60,16,120,92,16,12,404,230,190,31,9,174,138,10,26
S01012016,740,510,369,119,22,230,177,17,36,382,279,191,76,12,103,78,13,12,358,231,178,43,10,127,99,4,24
S01012017,432,268,137,118,13,164,110,15,39,225,149,68,74,7,76,53,10,13,207,119,69,44,6,88,57,5,26
S01012018,725,478,327,130,21,247,185,20,42,381,274,173,88,13,107,77,15,15,344,204,154,42,8,140,108,5,27
S01012019,661,466,385,49,32,195,128,20,47,334,242,182,36,24,92,59,14,19,327,224,203,13,8,103,69,6,28
S01012020,586,320,272,29,19,266,183,24,59,281,167,134,21,12,114,75,8,31,305,153,138,8,7,152,108,16,28
S01012021,472,310,246,39,25,162,95,30,37,224,161,116,28,17,63,41,10,12,248,149,130,11,8,99,54,20,25
S01012022,529,359,297,46,16,170,108,15,47,251,172,130,32,10,79,52,8,19,278,187,167,14,6,91,56,7,28
S01012023,449,309,198,96,15,140,98,12,30,217,160,85,67,8,57,41,7,9,232,149,113,29,7,83,57,5,21
S01012024,690,495,402,61,32,195,120,30,45,321,244,181,45,18,77,46,13,18,369,251,221,16,14,118,74,17,27
S01012025,563,379,322,37,20,184,128,9,47,275,199,155,29,15,76,56,5,15,288,180,167,8,5,108,72,4,32
S01012026,465,364,309,47,8,101,37,29,35,226,180,144,32,4,46,18,16,12,239,184,165,15,4,55,19,13,23
S01012027,841,467,370,77,20,374,271,21,82,389,243,180,52,11,146,95,10,41,452,224,190,25,9,228,176,11,41
S01012028,780,489,395,67,27,291,226,38,27,381,258,196,46,16,123,99,20,4,399,231,199,21,11,168,127,18,23
S01012029,1078,586,464,89,33,492,363,40,89,585,298,212,65,21,287,219,17,51,493,288,252,24,12,205,144,23,38
S01012030,534,392,290,86,16,142,92,21,29,272,206,134,63,9,66,46,8,12,262,186,156,23,7,76,46,13,17
S01012031,461,266,207,49,10,195,155,9,31,217,133,92,32,9,84,71,5,8,244,133,115,17,1,111,84,4,23
S01012032,301,200,145,48,7,101,75,9,17,144,105,66,34,5,39,28,6,5,157,95,79,14,2,62,47,3,12
S01012033,696,415,353,36,26,281,210,21,50,343,222,176,25,21,121,88,10,23,353,193,177,11,5,160,122,11,27
S01012034,658,411,330,53,28,247,154,31,62,314,215,164,37,14,99,67,11,21,344,196,166,16,14,148,87,20,41
S01012035,772,469,367,63,39,303,222,13,68,377,264,191,43,30,113,91,5,17,395,205,176,20,9,190,131,8,51
S01012036,735,431,360,43,28,304,211,35,58,352,224,180,28,16,128,96,11,21,383,207,180,15,12,176,115,24,37
S01012037,762,445,358,20,67,317,170,39,108,351,228,177,14,37,123,61,19,43,411,217,181,6,30,194,109,20,65
S01012038,630,360,263,22,75,270,82,34,154,266,176,116,16,44,90,36,15,39,364,184,147,6,31,180,46,19,115
S01012039,801,447,359,32,56,354,209,35,110,373,234,174,26,34,139,77,25,37,428,213,185,6,22,215,132,10,73
S01012040,558,385,330,34,21,173,89,33,51,276,213,173,25,15,63,30,16,17,282,172,157,9,6,110,59,17,34
S01012041,721,431,366,31,34,290,183,40,67,351,228,181,25,22,123,78,22,23,370,203,185,6,12,167,105,18,44
S01012042,754,451,376,41,34,303,207,22,74,339,221,177,25,19,118,82,12,24,415,230,199,16,15,185,125,10,50
S01012043,687,424,338,28,58,263,109,21,133,328,220,168,17,35,108,47,11,50,359,204,170,11,23,155,62,10,83
S01012044,756,357,282,23,52,399,249,24,126,347,178,127,19,32,169,97,14,58,409,179,155,4,20,230,152,10,68
S01012045,903,559,454,37,68,344,159,33,152,453,310,236,29,45,143,49,23,71,450,249,218,8,23,201,110,10,81
S01012046,571,289,230,15,44,282,150,21,111,260,135,97,9,29,125,62,12,51,311,154,133,6,15,157,88,9,60
S01012047,805,405,324,29,52,400,253,25,122,348,197,146,20,31,151,90,12,49,457,208,178,9,21,249,163,13,73
S01012048,615,308,251,17,40,307,189,18,100,275,161,122,13,26,114,67,6,41,340,147,129,4,14,193,122,12,59
S01012049,575,360,306,28,26,215,138,18,59,256,170,138,21,11,86,54,6,26,319,190,168,7,15,129,84,12,33
S01012050,801,583,502,40,41,218,104,27,87,376,290,240,32,18,86,41,9,36,425,293,262,8,23,132,63,18,51
S01012051,427,250,199,29,22,177,130,11,36,202,134,95,23,16,68,48,6,14,225,116,104,6,6,109,82,5,22
S01012052,763,459,401,25,33,304,218,16,70,361,249,204,22,23,112,78,7,27,402,210,197,3,10,192,140,9,43
S01012053,750,428,352,19,57,322,175,25,122,352,205,155,13,37,147,72,12,63,398,223,197,6,20,175,103,13,59
S01012054,650,422,305,23,94,228,82,25,121,317,222,140,19,63,95,32,14,49,333,200,165,4,31,133,50,11,72
S01012055,735,405,336,24,45,330,195,24,111,325,208,164,19,25,117,71,8,38,410,197,172,5,20,213,124,16,73
S01012056,671,388,323,42,23,283,206,38,39,333,202,151,34,17,131,85,24,22,338,186,172,8,6,152,121,14,17
S01012057,669,407,359,31,17,262,205,25,32,314,208,177,23,8,106,79,15,12,355,199,182,8,9,156,126,10,20
S01012058,633,381,313,48,20,252,194,21,37,298,192,145,36,11,106,84,11,11,335,189,168,12,9,146,110,10,26
S01012059,706,401,327,38,36,305,185,21,99,332,193,143,29,21,139,79,14,46,374,208,184,9,15,166,106,7,53
S01012060,713,411,332,33,46,302,195,18,89,328,218,162,25,31,110,71,4,35,385,193,170,8,15,192,124,14,54
S01012061,830,514,440,41,33,316,213,24,79,398,264,217,29,18,134,94,12,28,432,250,223,12,15,182,119,12,51
S01012062,692,510,434,53,23,182,114,32,36,342,267,213,40,14,75,44,17,14,350,243,221,13,9,107,70,15,22
S01012063,406,312,259,30,23,94,35,12,47,183,151,115,23,13,32,13,4,15,223,161,144,7,10,62,22,8,32
S01012064,473,278,185,9,84,195,40,22,133,202,130,81,6,43,72,15,12,45,271,148,104,3,41,123,25,10,88
S01012065,416,216,149,10,57,200,40,20,140,183,100,61,7,32,83,22,9,52,233,116,88,3,25,117,18,11,88
S01012066,635,412,340,21,51,223,41,36,146,279,192,153,18,21,87,16,16,55,356,220,187,3,30,136,25,20,91
S01012067,419,241,171,9,61,178,45,23,110,189,130,78,9,43,59,11,9,39,230,111,93,0,18,119,34,14,71
S01012068,433,183,121,6,56,250,70,30,150,187,85,48,3,34,102,32,12,58,246,98,73,3,22,148,38,18,92
S01012069,403,230,164,15,51,173,59,15,99,198,117,69,12,36,81,26,7,48,205,113,95,3,15,92,33,8,51
S01012070,615,323,234,16,73,292,139,34,119,300,186,119,12,55,114,55,16,43,315,137,115,4,18,178,84,18,76
S01012071,915,518,390,36,92,397,162,31,204,471,283,197,27,59,188,74,8,106,444,235,193,9,33,209,88,23,98
S01012072,971,538,403,34,101,433,197,54,182,506,296,204,25,67,210,69,34,107,465,242,199,9,34,223,128,20,75
S01012073,564,411,352,28,31,153,73,29,51,263,204,170,17,17,59,29,13,17,301,207,182,11,14,94,44,16,34
S01012074,588,444,378,38,28,144,92,25,27,280,231,179,31,21,49,33,9,7,308,213,199,7,7,95,59,16,20
S01012075,582,484,400,47,37,98,51,26,21,272,235,178,35,22,37,19,11,7,310,249,222,12,15,61,32,15,14
S01012076,615,386,332,31,23,229,151,13,65,279,197,153,29,15,82,55,6,21,336,189,179,2,8,147,96,7,44
S01012077,587,389,325,17,47,198,79,23,96,284,206,160,12,34,78,30,12,36,303,183,165,5,13,120,49,11,60
S01012078,783,515,439,34,42,268,177,28,63,356,277,223,25,29,79,51,14,14,427,238,216,9,13,189,126,14,49
S01012079,763,446,353,32,61,317,198,25,94,332,214,150,26,38,118,73,16,29,431,232,203,6,23,199,125,9,65
S01012080,564,368,294,18,56,196,53,21,122,227,172,128,15,29,55,16,5,34,337,196,166,3,27,141,37,16,88
S01012081,581,356,266,21,69,225,106,15,104,275,184,123,15,46,91,39,3,49,306,172,143,6,23,134,67,12,55
S01012082,512,289,229,14,46,223,118,10,95,247,153,108,13,32,94,46,6,42,265,136,121,1,14,129,72,4,53
S01012083,643,319,254,16,49,324,208,17,99,287,167,130,11,26,120,67,8,45,356,152,124,5,23,204,141,9,54
S01012084,487,331,286,26,19,156,119,14,23,232,167,135,21,11,65,50,5,10,255,164,151,5,8,91,69,9,13
S01012085,588,386,343,22,21,202,155,13,34,287,201,175,18,8,86,66,8,12,301,185,168,4,13,116,89,5,22
S01012086,750,451,371,15,65,299,187,17,95,352,226,172,15,39,126,77,9,40,398,225,199,0,26,173,110,8,55
S01012087,608,350,296,15,39,258,183,16,59,275,177,133,15,29,98,72,7,19,333,173,163,0,10,160,111,9,40
S01012088,555,423,356,33,34,132,68,24,40,268,216,166,27,23,52,26,12,14,287,207,190,6,11,80,42,12,26
S01012089,692,476,407,43,26,216,166,19,31,321,230,185,28,17,91,74,6,11,371,246,222,15,9,125,92,13,20
S01012090,770,468,379,67,22,302,227,29,46,379,254,186,54,14,125,104,12,9,391,214,193,13,8,177,123,17,37
S01012091,465,328,294,19,15,137,105,12,20,222,166,140,13,13,56,40,5,11,243,162,154,6,2,81,65,7,9
S01012092,433,301,263,28,10,132,101,9,22,209,155,129,21,5,54,43,6,5,224,146,134,7,5,78,58,3,17
S01012093,478,294,254,28,12,184,145,10,29,231,154,126,19,9,77,59,5,13,247,140,128,9,3,107,86,5,16
S01012094,683,421,342,60,19,262,215,27,20,319,217,162,42,13,102,83,15,4,364,204,180,18,6,160,132,12,16
S01012095,874,615,520,43,52,259,102,51,106,428,310,239,35,36,118,42,32,44,446,305,281,8,16,141,60,19,62
S01012096,725,422,340,29,53,303,193,29,81,326,203,144,27,32,123,75,10,38,399,219,196,2,21,180,118,19,43
S01012097,537,338,283,17,38,199,127,22,50,247,169,136,12,21,78,52,12,14,290,169,147,5,17,121,75,10,36
S01012098,509,313,272,14,27,196,111,26,59,230,159,135,11,13,71,43,10,18,279,154,137,3,14,125,68,16,41
S01012099,737,378,315,9,54,359,245,27,87,320,185,142,8,35,135,87,13,35,417,193,173,1,19,224,158,14,52
S01012100,876,512,420,39,53,364,244,16,104,380,246,180,30,36,134,100,7,27,496,266,240,9,17,230,144,9,77
S01012101,662,438,367,43,28,224,172,28,24,317,220,170,30,20,97,72,17,8,345,218,197,13,8,127,100,11,16
S01012102,501,315,258,13,44,186,76,27,83,218,146,106,7,33,72,36,7,29,283,169,152,6,11,114,40,20,54
S01012103,763,568,473,45,50,195,112,20,63,361,285,222,30,33,76,47,5,24,402,283,251,15,17,119,65,15,39
S01012104,700,530,453,58,19,170,83,34,53,335,278,230,40,8,57,31,18,8,365,252,223,18,11,113,52,16,45
S01012105,928,635,535,65,35,293,214,27,52,432,313,241,51,21,119,84,13,22,496,322,294,14,14,174,130,14,30
S01012106,897,647,548,70,29,250,162,42,46,439,332,260,51,21,107,74,22,11,458,315,288,19,8,143,88,20,35
S01012107,587,348,275,47,26,239,174,24,41,283,182,129,38,15,101,75,11,15,304,166,146,9,11,138,99,13,26
S01012108,852,363,296,24,43,489,401,7,81,355,179,136,18,25,176,136,2,38,497,184,160,6,18,313,265,5,43
S01012109,766,500,399,28,73,266,105,24,137,356,246,190,19,37,110,33,5,72,410,254,209,9,36,156,72,19,65
S01012110,635,357,295,19,43,278,207,6,65,287,178,138,15,25,109,71,5,33,348,179,157,4,18,169,136,1,32
S01012111,461,279,219,18,42,182,85,29,68,222,148,112,11,25,74,24,21,29,239,131,107,7,17,108,61,8,39
S01012112,666,336,282,25,29,330,273,10,47,280,166,126,22,18,114,93,4,17,386,170,156,3,11,216,180,6,30
S01012113,866,476,409,38,29,390,286,42,62,402,248,199,30,19,154,110,19,25,464,228,210,8,10,236,176,23,37
S01012114,834,463,365,60,38,371,186,153,32,398,221,160,37,24,177,82,85,10,436,242,205,23,14,194,104,68,22
S01012115,429,243,230,5,8,186,139,11,36,191,111,101,4,6,80,53,8,19,238,132,129,1,2,106,86,3,17
S01012116,498,295,254,22,19,203,143,22,38,232,145,122,13,10,87,59,12,16,266,150,132,9,9,116,84,10,22
S01012117,575,485,431,41,13,90,47,19,24,277,245,210,27,8,32,18,10,4,298,240,221,14,5,58,29,9,20
S01012118,494,391,346,34,11,103,52,26,25,236,188,159,25,4,48,26,14,8,258,203,187,9,7,55,26,12,17
S01012119,741,476,411,44,21,265,195,32,38,365,249,201,37,11,116,85,16,15,376,227,210,7,10,149,110,16,23
S01012120,468,293,242,15,36,175,94,20,61,229,146,116,9,21,83,40,14,29,239,147,126,6,15,92,54,6,32
S01012121,787,423,350,21,52,364,228,25,111,339,214,173,16,25,125,68,12,45,448,209,177,5,27,239,160,13,66
S01012122,671,413,350,20,43,258,172,26,60,312,205,160,19,26,107,70,16,21,359,208,190,1,17,151,102,10,39
S01012123,429,299,238,32,29,130,78,20,32,207,149,114,20,15,58,33,11,14,222,150,124,12,14,72,45,9,18
S01012124,447,318,283,20,15,129,67,21,41,203,155,133,13,9,48,22,12,14,244,163,150,7,6,81,45,9,27
S01012125,665,400,305,22,73,265,119,27,119,332,212,148,15,49,120,45,14,61,333,188,157,7,24,145,74,13,58
S01012126,673,505,425,47,33,168,88,29,51,355,284,217,36,31,71,33,12,26,318,221,208,11,2,97,55,17,25
S01012127,745,512,386,38,88,233,72,58,103,428,301,209,30,62,127,31,42,54,317,211,177,8,26,106,41,16,49
S01012128,421,317,262,15,40,104,36,11,57,223,182,143,10,29,41,18,2,21,198,135,119,5,11,63,18,9,36
S01012129,607,393,319,27,47,214,102,20,92,307,212,163,21,28,95,38,12,45,300,181,156,6,19,119,64,8,47
S01012130,982,484,408,30,46,498,350,21,127,445,252,195,25,32,193,111,11,71,537,232,213,5,14,305,239,10,56
S01012131,997,585,455,24,106,412,148,125,139,527,326,233,20,73,201,55,68,78,470,259,222,4,33,211,93,57,61
S01012132,592,375,285,27,63,217,82,49,86,276,184,132,17,35,92,30,23,39,316,191,153,10,28,125,52,26,47
S01012133,788,494,385,31,78,294,60,160,74,430,270,198,23,49,160,31,93,36,358,224,187,8,29,134,29,67,38
S01012134,1060,602,502,57,43,458,345,63,50,479,307,238,40,29,172,123,32,17,581,295,264,17,14,286,222,31,33
S01012135,744,433,338,19,76,311,132,28,151,376,221,157,15,49,155,57,19,79,368,212,181,4,27,156,75,9,72
S01012136,715,466,375,19,72,249,58,62,129,381,249,182,16,51,132,21,41,70,334,217,193,3,21,117,37,21,59
S01012137,608,307,249,19,39,301,168,30,103,306,167,122,15,30,139,64,20,55,302,140,127,4,9,162,104,10,48
S01012138,785,485,410,41,34,300,188,46,66,371,252,204,25,23,119,66,32,21,414,233,206,16,11,181,122,14,45
S01012139,783,456,390,38,28,327,233,26,68,348,230,183,28,19,118,81,14,23,435,226,207,10,9,209,152,12,45
S01012140,441,289,248,26,15,152,125,17,10,213,143,113,22,8,70,55,12,3,228,146,135,4,7,82,70,5,7
S01012141,829,515,441,46,28,314,230,36,48,396,258,202,36,20,138,99,21,18,433,257,239,10,8,176,131,15,30
S01012142,800,459,384,55,20,341,261,23,57,370,247,193,43,11,123,97,11,15,430,212,191,12,9,218,164,12,42
S01012143,766,429,353,56,20,337,272,29,36,365,238,179,42,17,127,103,15,9,401,191,174,14,3,210,169,14,27
S01012144,874,522,443,54,25,352,266,32,54,421,281,220,45,16,140,105,18,17,453,241,223,9,9,212,161,14,37
S01012145,836,506,442,49,15,330,256,38,36,398,257,212,35,10,141,108,18,15,438,249,230,14,5,189,148,20,21
S01012146,819,438,367,28,43,381,205,47,129,339,213,181,17,15,126,65,8,53,480,225,186,11,28,255,140,39,76
S01012147,622,336,263,19,54,286,145,29,112,258,159,117,15,27,99,54,11,34,364,177,146,4,27,187,91,18,78
S01012148,574,318,254,11,53,256,110,14,132,248,143,105,9,29,105,48,5,52,326,175,149,2,24,151,62,9,80
S01012149,693,422,349,45,28,271,151,33,87,341,237,184,35,18,104,58,21,25,352,185,165,10,10,167,93,12,62
S01012150,623,333,273,17,43,290,182,17,91,291,175,133,15,27,116,80,6,30,332,158,140,2,16,174,102,11,61
S01012151,626,331,283,12,36,295,194,19,82,290,174,138,9,27,116,76,10,30,336,157,145,3,9,179,118,9,52
S01012152,601,336,267,19,50,265,98,26,141,313,192,136,16,40,121,45,12,64,288,144,131,3,10,144,53,14,77
S01012153,447,285,230,15,40,162,42,15,105,237,154,114,11,29,83,19,7,57,210,131,116,4,11,79,23,8,48
S01012154,688,404,320,18,66,284,115,29,140,350,215,163,13,39,135,52,18,65,338,189,157,5,27,149,63,11,75
S01012155,497,312,245,14,53,185,82,23,80,269,170,124,11,35,99,36,16,47,228,142,121,3,18,86,46,7,33
S01012156,529,289,222,20,47,240,129,12,99,262,152,104,14,34,110,54,6,50,267,137,118,6,13,130,75,6,49
S01012157,802,548,466,30,52,254,149,29,76,368,280,224,23,33,88,49,11,28,434,268,242,7,19,166,100,18,48
S01012158,877,666,553,61,52,211,109,42,60,452,357,274,45,38,95,48,26,21,425,309,279,16,14,116,61,16,39
S01012159,454,272,235,19,18,182,150,11,21,216,138,110,15,13,78,63,4,11,238,134,125,4,5,104,87,7,10
S01012160,569,383,330,30,23,186,149,15,22,252,180,141,22,17,72,56,8,8,317,203,189,8,6,114,93,7,14
S01012161,343,210,178,10,22,133,53,8,72,132,83,70,6,7,49,19,3,27,211,127,108,4,15,84,34,5,45
S01012162,731,463,386,25,52,268,96,31,141,316,218,175,18,25,98,33,11,54,415,245,211,7,27,170,63,20,87
S01012163,586,386,323,28,35,200,79,20,101,282,189,149,25,15,93,32,7,54,304,197,174,3,20,107,47,13,47
S01012164,804,678,613,44,21,126,44,27,55,374,337,292,35,10,37,15,8,14,430,341,321,9,11,89,29,19,41
S01012165,712,447,346,24,77,265,113,18,134,312,227,161,21,45,85,39,7,39,400,220,185,3,32,180,74,11,95
S01012166,490,338,296,18,24,152,60,23,69,214,156,132,16,8,58,21,11,26,276,182,164,2,16,94,39,12,43
S01012167,690,444,375,32,37,246,156,10,80,339,229,184,25,20,110,64,4,42,351,215,191,7,17,136,92,6,38
S01012168,714,432,368,33,31,282,218,22,42,348,228,185,22,21,120,85,16,19,366,204,183,11,10,162,133,6,23
S01012169,725,394,351,19,24,331,218,32,81,347,201,171,15,15,146,91,19,36,378,193,180,4,9,185,127,13,45
S01012170,849,448,397,25,26,401,284,21,96,366,218,190,17,11,148,99,10,39,483,230,207,8,15,253,185,11,57
S01012171,832,505,467,12,26,327,228,19,80,377,244,215,10,19,133,91,10,32,455,261,252,2,7,194,137,9,48
S01012172,611,343,303,15,25,268,176,15,77,284,165,139,12,14,119,75,6,38,327,178,164,3,11,149,101,9,39
S01012173,633,309,276,26,7,324,267,17,40,284,156,131,22,3,128,109,8,11,349,153,145,4,4,196,158,9,29
S01012174,665,554,490,49,15,111,47,27,37,316,279,243,26,10,37,19,14,4,349,275,247,23,5,74,28,13,33
S01012175,686,503,449,25,29,183,118,23,42,344,269,234,18,17,75,52,9,14,342,234,215,7,12,108,66,14,28
S01012176,727,512,446,35,31,215,138,18,59,347,263,215,30,18,84,53,7,24,380,249,231,5,13,131,85,11,35
S01012177,523,342,291,36,15,181,113,29,39,258,182,143,30,9,76,45,16,15,265,160,148,6,6,105,68,13,24
S01012178,451,302,266,25,11,149,116,15,18,220,152,126,19,7,68,54,8,6,231,150,140,6,4,81,62,7,12
S01012179,520,283,237,27,19,237,178,13,46,226,137,104,21,12,89,60,8,21,294,146,133,6,7,148,118,5,25
S01012180,480,239,203,22,14,241,182,9,50,213,112,87,17,8,101,76,6,19,267,127,116,5,6,140,106,3,31
S01012181,648,365,300,33,32,283,191,20,72,298,191,149,22,20,107,63,11,33,350,174,151,11,12,176,128,9,39
S01012182,853,677,603,52,22,176,81,41,54,425,354,302,40,12,71,34,22,15,428,323,301,12,10,105,47,19,39
S01012183,616,402,339,25,38,214,105,16,93,309,219,174,19,26,90,47,7,36,307,183,165,6,12,124,58,9,57
S01012184,447,360,308,24,28,87,40,18,29,232,195,160,16,19,37,17,8,12,215,165,148,8,9,50,23,10,17
S01012185,626,429,334,26,69,197,46,19,132,367,252,182,22,48,115,24,14,77,259,177,152,4,21,82,22,5,55
S01012186,593,310,257,18,35,283,191,11,81,267,157,120,16,21,110,72,1,37,326,153,137,2,14,173,119,10,44
S01012187,584,344,285,11,48,240,152,21,67,277,176,141,8,27,101,63,8,30,307,168,144,3,21,139,89,13,37
S01012188,506,283,244,21,18,223,182,16,25,231,139,111,14,14,92,77,6,9,275,144,133,7,4,131,105,10,16
S01012189,469,323,291,20,12,146,96,11,39,231,168,147,14,7,63,43,4,16,238,155,144,6,5,83,53,7,23
S01012190,402,330,300,23,7,72,44,12,16,182,154,131,20,3,28,17,7,4,220,176,169,3,4,44,27,5,12
S01012191,718,505,440,42,23,213,141,28,44,360,271,227,28,16,89,63,17,9,358,234,213,14,7,124,78,11,35
S01012192,426,279,236,30,13,147,103,21,23,211,143,114,22,7,68,50,12,6,215,136,122,8,6,79,53,9,17
S01012193,427,371,323,31,17,56,27,16,13,219,198,171,21,6,21,11,8,2,208,173,152,10,11,35,16,8,11
S01012194,427,344,311,14,19,83,32,35,16,214,174,149,11,14,40,16,23,1,213,170,162,3,5,43,16,12,15
S01012195,899,648,576,38,34,251,172,32,47,433,335,284,28,23,98,66,19,13,466,313,292,10,11,153,106,13,34
S01012196,438,350,305,33,12,88,35,23,30,194,167,137,26,4,27,5,10,12,244,183,168,7,8,61,30,13,18
S01012197,579,346,295,19,32,233,155,14,64,261,165,138,12,15,96,57,9,30,318,181,157,7,17,137,98,5,34
S01012198,770,461,409,33,19,309,202,35,72,337,215,179,26,10,122,70,18,34,433,246,230,7,9,187,132,17,38
S01012199,602,389,340,14,35,213,140,16,57,288,212,176,10,26,76,51,10,15,314,177,164,4,9,137,89,6,42
S01012200,516,323,270,23,30,193,119,20,54,237,157,119,17,21,80,53,9,18,279,166,151,6,9,113,66,11,36
S01012201,610,378,338,23,17,232,156,19,57,281,185,162,14,9,96,61,9,26,329,193,176,9,8,136,95,10,31
S01012202,473,310,282,16,12,163,109,18,36,218,156,139,10,7,62,44,9,9,255,154,143,6,5,101,65,9,27
S01012203,676,439,380,36,23,237,182,24,31,325,224,181,27,16,101,81,13,7,351,215,199,9,7,136,101,11,24
S01012204,662,511,444,42,25,151,75,42,34,342,274,227,27,20,68,36,22,10,320,237,217,15,5,83,39,20,24
S01012205,572,418,351,52,15,154,102,21,31,274,215,171,36,8,59,41,11,7,298,203,180,16,7,95,61,10,24
S01012206,682,528,467,36,25,154,104,28,22,329,265,224,28,13,64,41,15,8,353,263,243,8,12,90,63,13,14
S01012207,724,425,374,27,24,299,203,32,64,329,215,176,22,17,114,76,15,23,395,210,198,5,7,185,127,17,41
S01012208,830,500,425,42,33,330,215,33,82,400,274,227,29,18,126,81,14,31,430,226,198,13,15,204,134,19,51
S01012209,588,376,304,32,40,212,149,20,43,287,207,154,24,29,80,60,7,13,301,169,150,8,11,132,89,13,30
S01012210,647,346,307,16,23,301,219,20,62,285,167,136,13,18,118,78,10,30,362,179,171,3,5,183,141,10,32
S01012211,739,477,397,42,38,262,179,29,54,358,243,190,29,24,115,76,14,25,381,234,207,13,14,147,103,15,29
S01012212,665,406,357,24,25,259,203,23,33,336,219,185,16,18,117,92,13,12,329,187,172,8,7,142,111,10,21
S01012213,707,454,402,34,18,253,203,19,31,349,238,206,24,8,111,85,13,13,358,216,196,10,10,142,118,6,18
S01012214,567,341,280,49,12,226,178,19,29,280,184,136,41,7,96,82,8,6,287,157,144,8,5,130,96,11,23
S01012215,722,505,452,33,20,217,153,35,29,368,277,244,23,10,91,69,16,6,354,228,208,10,10,126,84,19,23
S01012216,586,405,351,40,14,181,133,25,23,286,205,171,27,7,81,60,12,9,300,200,180,13,7,100,73,13,14
S01012217,440,270,214,13,43,170,70,25,75,196,128,87,10,31,68,30,10,28,244,142,127,3,12,102,40,15,47
S01012218,354,232,169,8,55,122,50,20,52,165,119,78,6,35,46,22,10,14,189,113,91,2,20,76,28,10,38
S01012219,721,354,296,17,41,367,227,27,113,319,171,138,14,19,148,88,13,47,402,183,158,3,22,219,139,14,66
S01012220,544,275,218,17,40,269,155,7,107,264,154,108,12,34,110,60,1,49,280,121,110,5,6,159,95,6,58
S01012221,546,282,238,17,27,264,192,15,57,234,139,106,14,19,95,70,8,17,312,143,132,3,8,169,122,7,40
S01012222,685,366,326,20,20,319,209,24,86,335,192,164,15,13,143,89,12,42,350,174,162,5,7,176,120,12,44
S01012223,584,320,268,16,36,264,174,20,70,282,169,135,13,21,113,69,13,31,302,151,133,3,15,151,105,7,39
S01012224,589,386,336,22,28,203,109,26,68,281,195,161,16,18,86,43,17,26,308,191,175,6,10,117,66,9,42
S01012225,817,514,431,32,51,303,153,35,115,379,261,198,24,39,118,62,19,37,438,253,233,8,12,185,91,16,78
S01012226,580,383,325,27,31,197,140,24,33,269,183,144,17,22,86,63,13,10,311,200,181,10,9,111,77,11,23
S01012227,527,343,304,13,26,184,115,24,45,246,172,144,11,17,74,50,12,12,281,171,160,2,9,110,65,12,33
S01012228,542,361,324,17,20,181,105,26,50,259,180,153,15,12,79,44,18,17,283,181,171,2,8,102,61,8,33
S01012229,580,430,363,37,30,150,101,16,33,269,212,167,26,19,57,43,6,8,311,218,196,11,11,93,58,10,25
S01012230,735,514,447,47,20,221,149,35,37,348,249,202,38,9,99,63,25,11,387,265,245,9,11,122,86,10,26
S01012231,645,457,372,65,20,188,120,38,30,319,239,191,37,11,80,55,18,7,326,218,181,28,9,108,65,20,23
S01012232,674,473,405,47,21,201,129,41,31,328,241,200,30,11,87,57,22,8,346,232,205,17,10,114,72,19,23
S01012233,753,501,424,55,22,252,179,37,36,378,262,207,39,16,116,84,21,11,375,239,217,16,6,136,95,16,25
S01012234,843,614,506,74,34,229,127,44,58,406,316,242,52,22,90,49,23,18,437,298,264,22,12,139,78,21,40
S01012235,407,210,174,33,3,197,165,15,17,205,115,91,22,2,90,74,10,6,202,95,83,11,1,107,91,5,11
S01012236,500,310,255,36,19,190,130,23,37,218,144,111,23,10,74,57,8,9,282,166,144,13,9,116,73,15,28
S01012237,635,390,300,66,24,245,169,38,38,320,210,152,42,16,110,80,20,10,315,180,148,24,8,135,89,18,28
S01012238,509,308,247,34,27,201,128,18,55,251,165,120,26,19,86,52,11,23,258,143,127,8,8,115,76,7,32
S01012239,485,288,226,25,37,197,106,25,66,239,154,117,14,23,85,44,14,27,246,134,109,11,14,112,62,11,39
S01012240,701,383,317,36,30,318,215,30,73,336,199,158,23,18,137,98,13,26,365,184,159,13,12,181,117,17,47
S01012241,444,268,202,55,11,176,124,18,34,210,148,103,42,3,62,52,4,6,234,120,99,13,8,114,72,14,28
S01012242,639,399,318,63,18,240,156,43,41,308,214,160,42,12,94,69,20,5,331,185,158,21,6,146,87,23,36
S01012243,485,309,249,44,16,176,118,18,40,235,168,131,27,10,67,45,10,12,250,141,118,17,6,109,73,8,28
S01012244,749,519,364,139,16,230,120,25,85,368,270,177,86,7,98,52,16,30,381,249,187,53,9,132,68,9,55
S01012245,587,350,269,65,16,237,185,16,36,265,179,124,44,11,86,64,12,10,322,171,145,21,5,151,121,4,26
S01012246,581,408,310,84,14,173,113,24,36,274,207,151,51,5,67,47,12,8,307,201,159,33,9,106,66,12,28
S01012247,613,413,323,79,11,200,143,15,42,288,209,153,48,8,79,60,7,12,325,204,170,31,3,121,83,8,30
S01012248,656,470,313,136,21,186,130,21,35,328,253,155,85,13,75,55,10,10,328,217,158,51,8,111,75,11,25
S01012249,694,488,317,148,23,206,131,21,54,353,270,156,105,9,83,59,12,12,341,218,161,43,14,123,72,9,42
S01012250,563,397,276,108,13,166,124,14,28,286,210,133,71,6,76,63,6,7,277,187,143,37,7,90,61,8,21
S01012251,780,499,393,58,48,281,202,24,55,372,270,198,41,31,102,74,8,20,408,229,195,17,17,179,128,16,35
S01012252,566,389,302,55,32,177,112,21,44,273,193,125,43,25,80,47,13,20,293,196,177,12,7,97,65,8,24
S01012253,789,469,373,70,26,320,240,15,65,346,231,165,47,19,115,77,9,29,443,238,208,23,7,205,163,6,36
S01012254,700,460,365,69,26,240,184,14,42,321,229,167,47,15,92,71,7,14,379,231,198,22,11,148,113,7,28
S01012255,815,436,337,74,25,379,310,23,46,373,234,170,48,16,139,112,15,12,442,202,167,26,9,240,198,8,34
S01012256,671,454,370,65,19,217,140,21,56,326,243,195,37,11,83,60,10,13,345,211,175,28,8,134,80,11,43
S01012257,764,503,422,50,31,261,211,21,29,361,250,207,29,14,111,95,6,10,403,253,215,21,17,150,116,15,19
S01012258,585,331,268,51,12,254,205,16,33,271,171,127,38,6,100,87,7,6,314,160,141,13,6,154,118,9,27
S01012259,518,273,205,55,13,245,221,11,13,245,142,99,34,9,103,95,5,3,273,131,106,21,4,142,126,6,10
S01012260,713,392,305,67,20,321,242,19,60,326,214,152,52,10,112,87,9,16,387,178,153,15,10,209,155,10,44
S01012261,632,455,377,63,15,177,108,23,46,302,231,184,37,10,71,45,12,14,330,224,193,26,5,106,63,11,32
S01012262,653,449,303,130,16,204,142,14,48,329,244,153,86,5,85,65,11,9,324,205,150,44,11,119,77,3,39
S01012263,596,407,294,74,39,189,139,18,32,303,219,145,54,20,84,65,5,14,293,188,149,20,19,105,74,13,18
S01012264,385,221,174,34,13,164,120,8,36,182,119,85,26,8,63,49,4,10,203,102,89,8,5,101,71,4,26
S01012265,638,396,320,45,31,242,160,22,60,312,215,156,35,24,97,67,10,20,326,181,164,10,7,145,93,12,40
S01012266,904,512,413,76,23,392,320,20,52,417,251,182,56,13,166,140,10,16,487,261,231,20,10,226,180,10,36
S01012267,596,370,278,80,12,226,187,8,31,292,198,141,49,8,94,82,6,6,304,172,137,31,4,132,105,2,25
S01012268,504,357,239,105,13,147,93,23,31,247,190,115,67,8,57,37,10,10,257,167,124,38,5,90,56,13,21
S01012269,830,519,409,88,22,311,249,21,41,395,276,193,67,16,119,88,12,19,435,243,216,21,6,192,161,9,22
S01012270,626,397,320,53,24,229,158,28,43,304,204,153,37,14,100,75,8,17,322,193,167,16,10,129,83,20,26
S01012271,817,603,409,167,27,214,134,33,47,421,335,198,119,18,86,64,12,10,396,268,211,48,9,128,70,21,37
S01012272,569,384,296,69,19,185,136,25,24,285,205,145,49,11,80,60,11,9,284,179,151,20,8,105,76,14,15
S01012273,592,381,302,60,19,211,167,19,25,287,198,141,47,10,89,71,9,9,305,183,161,13,9,122,96,10,16
S01012274,763,551,446,67,38,212,140,22,50,385,287,213,44,30,98,61,14,23,378,264,233,23,8,114,79,8,27
S01012275,724,517,422,42,53,207,99,57,51,337,264,199,32,33,73,36,16,21,387,253,223,10,20,134,63,41,30
S01012276,807,524,433,55,36,283,191,27,65,378,275,202,46,27,103,69,10,24,429,249,231,9,9,180,122,17,41
S01012277,842,595,474,73,48,247,154,27,66,411,312,225,51,36,99,66,11,22,431,283,249,22,12,148,88,16,44
S01012278,649,376,302,35,39,273,181,30,62,301,198,147,25,26,103,64,9,30,348,178,155,10,13,170,117,21,32
S01012279,639,428,368,26,34,211,104,28,79,303,227,190,21,16,76,42,8,26,336,201,178,5,18,135,62,20,53
S01012280,764,526,426,44,56,238,144,30,64,363,277,209,34,34,86,55,12,19,401,249,217,10,22,152,89,18,45
S01012281,617,420,357,40,23,197,148,17,32,300,226,181,26,19,74,56,7,11,317,194,176,14,4,123,92,10,21
S01012282,978,504,391,65,48,474,310,125,39,395,225,159,50,16,170,125,28,17,583,279,232,15,32,304,185,97,22
S01012283,713,469,367,71,31,244,163,33,48,333,237,177,48,12,96,61,13,22,380,232,190,23,19,148,102,20,26
S01012284,669,403,305,40,58,266,193,27,46,318,219,151,26,42,99,68,12,19,351,184,154,14,16,167,125,15,27
S01012285,487,272,226,32,14,215,176,12,27,230,143,108,25,10,87,70,7,10,257,129,118,7,4,128,106,5,17
S01012286,879,518,411,49,58,361,198,79,84,415,262,192,36,34,153,91,30,32,464,256,219,13,24,208,107,49,52
S01012287,764,452,336,37,79,312,160,33,119,363,231,164,22,45,132,68,15,49,401,221,172,15,34,180,92,18,70
S01012288,623,402,287,29,86,221,132,16,73,308,224,149,22,53,84,55,4,25,315,178,138,7,33,137,77,12,48
S01012289,740,371,268,91,12,369,284,28,57,345,186,123,57,6,159,116,17,26,395,185,145,34,6,210,168,11,31
S01012290,475,276,216,38,22,199,154,10,35,204,128,96,22,10,76,56,6,14,271,148,120,16,12,123,98,4,21
S01012291,734,505,412,67,26,229,147,19,63,361,247,182,47,18,114,68,9,37,373,258,230,20,8,115,79,10,26
S01012292,625,305,214,85,6,320,270,13,37,266,156,91,59,6,110,98,3,9,359,149,123,26,0,210,172,10,28
S01012293,380,241,205,26,10,139,93,11,35,177,117,100,14,3,60,37,4,19,203,124,105,12,7,79,56,7,16
S01012294,704,481,415,41,25,223,147,25,51,326,227,185,29,13,99,66,12,21,378,254,230,12,12,124,81,13,30
S01012295,569,423,345,55,23,146,72,20,54,265,202,146,42,14,63,29,14,20,304,221,199,13,9,83,43,6,34
S01012296,631,488,394,83,11,143,84,20,39,300,248,195,47,6,52,37,7,8,331,240,199,36,5,91,47,13,31
S01012297,476,337,201,126,10,139,108,9,22,234,184,92,86,6,50,42,4,4,242,153,109,40,4,89,66,5,18
S01012298,679,434,335,82,17,245,195,20,30,331,230,158,64,8,101,81,12,8,348,204,177,18,9,144,114,8,22
S01012299,506,364,262,91,11,142,100,14,28,248,188,126,54,8,60,45,8,7,258,176,136,37,3,82,55,6,21
S01012300,538,321,235,68,18,217,140,26,51,254,173,116,46,11,81,52,12,17,284,148,119,22,7,136,88,14,34
S01012301,788,508,349,134,25,280,186,23,71,399,279,176,91,12,120,87,12,21,389,229,173,43,13,160,99,11,50
S01012302,483,310,197,94,19,173,87,14,72,258,172,103,58,11,86,39,6,41,225,138,94,36,8,87,48,8,31
S01012303,720,494,318,154,22,226,160,29,37,362,273,150,106,17,89,66,15,8,358,221,168,48,5,137,94,14,29
S01012304,789,513,365,125,23,276,204,19,53,392,292,194,84,14,100,80,5,15,397,221,171,41,9,176,124,14,38
S01012305,592,328,246,62,20,264,180,29,55,292,186,131,40,15,106,72,14,20,300,142,115,22,5,158,108,15,35
S01012306,486,258,215,32,11,228,174,14,40,223,139,112,23,4,84,67,2,15,263,119,103,9,7,144,107,12,25
S01012307,533,313,252,41,20,220,147,17,56,273,176,139,28,9,97,60,8,29,260,137,113,13,11,123,87,9,27
S01012308,677,449,390,44,15,228,154,31,43,333,237,197,31,9,96,67,14,15,344,212,193,13,6,132,87,17,28
S01012309,465,264,202,53,9,201,160,10,31,224,133,90,38,5,91,76,3,12,241,131,112,15,4,110,84,7,19
S01012310,778,475,300,156,19,303,224,17,62,389,262,147,103,12,127,96,10,21,389,213,153,53,7,176,128,7,41
S01012311,494,246,187,43,16,248,191,18,39,224,132,99,27,6,92,69,6,17,270,114,88,16,10,156,122,12,22
S01012312,870,543,351,171,21,327,204,40,83,445,313,176,122,15,132,87,20,25,425,230,175,49,6,195,117,20,58
S01012313,643,423,309,91,23,220,149,20,51,321,231,163,55,13,90,62,8,20,322,192,146,36,10,130,87,12,31
S01012314,673,406,328,51,27,267,183,13,71,302,199,148,35,16,103,68,5,30,371,207,180,16,11,164,115,8,41
S01012315,663,335,237,64,34,328,248,15,65,323,186,120,43,23,137,96,11,30,340,149,117,21,11,191,152,4,35
S01012316,517,290,235,29,26,227,155,7,65,249,159,118,25,16,90,69,3,18,268,131,117,4,10,137,86,4,47
S01012317,406,256,199,40,17,150,103,13,34,192,135,100,25,10,57,42,5,10,214,121,99,15,7,93,61,8,24
S01012318,646,411,344,39,28,235,130,28,77,304,218,176,34,8,86,48,13,25,342,193,168,5,20,149,82,15,52
S01012319,642,434,309,111,14,208,140,21,47,319,241,160,74,7,78,55,13,10,323,193,149,37,7,130,85,8,37
S01012320,554,349,281,44,24,205,128,22,55,280,193,142,36,15,87,54,11,22,274,156,139,8,9,118,74,11,33
S01012321,623,354,260,57,37,269,183,20,66,303,196,136,35,25,107,84,9,14,320,158,124,22,12,162,99,11,52
S01012322,833,512,330,159,23,321,246,25,50,402,262,157,93,12,140,114,13,13,431,250,173,66,11,181,132,12,37
S01012323,763,435,282,132,21,328,254,17,57,390,251,140,102,9,139,112,7,20,373,184,142,30,12,189,142,10,37
S01012324,692,402,253,129,20,290,214,16,60,330,219,126,82,11,111,88,4,19,362,183,127,47,9,179,126,12,41
S01012325,533,213,175,22,16,320,283,11,26,250,111,86,16,9,139,126,8,5,283,102,89,6,7,181,157,3,21
S01012326,489,263,190,42,31,226,171,8,47,245,155,101,31,23,90,65,3,22,244,108,89,11,8,136,106,5,25
S01012327,659,389,306,55,28,270,203,17,50,306,203,149,38,16,103,84,7,12,353,186,157,17,12,167,119,10,38
S01012328,489,225,160,51,14,264,226,7,31,238,129,85,35,9,109,99,4,6,251,96,75,16,5,155,127,3,25
S01012329,694,412,259,133,20,282,200,16,66,337,224,120,92,12,113,84,7,22,357,188,139,41,8,169,116,9,44
S01012330,508,284,219,51,14,224,171,18,35,241,144,104,33,7,97,76,9,12,267,140,115,18,7,127,95,9,23
S01012331,492,353,297,45,11,139,106,10,23,230,179,135,35,9,51,44,3,4,262,174,162,10,2,88,62,7,19
S01012332,830,563,379,159,25,267,194,26,47,409,305,187,102,16,104,87,9,8,421,258,192,57,9,163,107,17,39
S01012333,817,501,334,138,29,316,248,20,48,401,267,157,90,20,134,113,12,9,416,234,177,48,9,182,135,8,39
S01012334,711,403,320,55,28,308,241,18,49,331,217,167,33,17,114,94,6,14,380,186,153,22,11,194,147,12,35
S01012335,799,590,516,49,25,209,152,19,38,375,297,252,32,13,78,49,11,18,424,293,264,17,12,131,103,8,20
S01012336,512,298,260,30,8,214,185,11,18,236,149,123,21,5,87,76,4,7,276,149,137,9,3,127,109,7,11
S01012337,748,405,315,44,46,343,255,16,72,347,217,151,29,37,130,101,8,21,401,188,164,15,9,213,154,8,51
S01012338,631,350,273,55,22,281,225,18,38,295,193,141,38,14,102,88,8,6,336,157,132,17,8,179,137,10,32
S01012339,525,305,236,37,32,220,166,12,42,237,153,118,24,11,84,62,4,18,288,152,118,13,21,136,104,8,24
S01012340,830,482,378,74,30,348,272,17,59,365,232,174,47,11,133,107,9,17,465,250,204,27,19,215,165,8,42
S01012341,796,570,343,203,24,226,164,19,43,411,305,151,136,18,106,79,10,17,385,265,192,67,6,120,85,9,26
S01012342,786,464,335,112,17,322,264,16,42,356,239,153,73,13,117,101,2,14,430,225,182,39,4,205,163,14,28
S01012343,821,543,357,158,28,278,212,15,51,411,295,175,108,12,116,98,6,12,410,248,182,50,16,162,114,9,39
S01012344,483,335,264,37,34,148,110,6,32,225,169,122,26,21,56,39,2,15,258,166,142,11,13,92,71,4,17
S01012345,586,381,307,56,18,205,158,19,28,295,206,147,47,12,89,69,10,10,291,175,160,9,6,116,89,9,18
S01012346,708,425,287,125,13,283,209,26,48,353,242,152,83,7,111,85,10,16,355,183,135,42,6,172,124,16,32
S01012347,639,391,309,56,26,248,198,6,44,282,193,143,39,11,89,72,3,14,357,198,166,17,15,159,126,3,30
S01012348,587,333,256,63,14,254,206,18,30,271,161,113,39,9,110,88,9,13,316,172,143,24,5,144,118,9,17
S01012349,746,463,384,47,32,283,197,30,56,337,230,185,33,12,107,76,9,22,409,233,199,14,20,176,121,21,34
S01012350,625,352,279,57,16,273,191,21,61,306,188,138,40,10,118,85,11,22,319,164,141,17,6,155,106,10,39
S01012351,674,433,357,48,28,241,155,26,60,313,219,172,31,16,94,61,13,20,361,214,185,17,12,147,94,13,40
S01012352,630,361,275,67,19,269,196,23,50,298,191,137,44,10,107,70,14,23,332,170,138,23,9,162,126,9,27
S01012353,670,407,312,55,40,263,196,21,46,312,212,157,33,22,100,67,11,22,358,195,155,22,18,163,129,10,24
S01012354,668,354,260,77,17,314,255,15,44,327,195,129,54,12,132,107,7,18,341,159,131,23,5,182,148,8,26
S01012355,768,505,305,187,13,263,182,26,55,404,290,154,129,7,114,83,9,22,364,215,151,58,6,149,99,17,33
S01012356,555,306,231,66,9,249,203,13,33,255,151,99,46,6,104,82,11,11,300,155,132,20,3,145,121,2,22
S01012357,740,467,291,160,16,273,224,19,30,362,240,119,111,10,122,105,11,6,378,227,172,49,6,151,119,8,24
S01012358,680,409,234,161,14,271,195,24,52,340,222,104,109,9,118,89,10,19,340,187,130,52,5,153,106,14,33
S01012359,619,357,287,27,43,262,152,16,94,291,188,141,20,27,103,60,7,36,328,169,146,7,16,159,92,9,58
S01012360,590,375,286,30,59,215,101,20,94,280,190,134,25,31,90,49,8,33,310,185,152,5,28,125,52,12,61
S01012361,487,290,210,29,51,197,106,20,71,222,148,96,23,29,74,39,10,25,265,142,114,6,22,123,67,10,46
S01012362,579,357,277,32,48,222,74,31,117,265,179,128,22,29,86,34,17,35,314,178,149,10,19,136,40,14,82
S01012363,845,466,345,57,64,379,253,34,92,419,260,181,42,37,159,103,17,39,426,206,164,15,27,220,150,17,53
S01012364,595,352,283,36,33,243,180,14,49,287,190,138,27,25,97,69,5,23,308,162,145,9,8,146,111,9,26
S01012365,792,510,433,61,16,282,238,15,29,395,269,213,47,9,126,106,7,13,397,241,220,14,7,156,132,8,16
S01012366,783,468,380,54,34,315,241,17,57,384,246,190,31,25,138,103,8,27,399,222,190,23,9,177,138,9,30
S01012367,787,466,400,44,22,321,251,20,50,386,257,208,35,14,129,103,8,18,401,209,192,9,8,192,148,12,32
S01012368,531,295,233,45,17,236,202,6,28,258,150,109,31,10,108,91,4,13,273,145,124,14,7,128,111,2,15
S01012369,726,438,343,75,20,288,217,27,44,345,221,159,54,8,124,91,11,22,381,217,184,21,12,164,126,16,22
S01012370,818,476,386,61,29,342,263,14,65,397,256,188,48,20,141,111,3,27,421,220,198,13,9,201,152,11,38
S01012371,813,447,366,45,36,366,275,13,78,382,236,185,30,21,146,105,7,34,431,211,181,15,15,220,170,6,44
S01012372,657,380,295,50,35,277,199,18,60,320,210,154,33,23,110,75,8,27,337,170,141,17,12,167,124,10,33
S01012373,848,503,408,54,41,345,245,19,81,404,265,202,38,25,139,95,7,37,444,238,206,16,16,206,150,12,44
S01012374,742,499,410,59,30,243,175,19,49,342,256,195,42,19,86,65,6,15,400,243,215,17,11,157,110,13,34
S01012375,755,485,399,36,50,270,194,21,55,348,247,193,22,32,101,75,10,16,407,238,206,14,18,169,119,11,39
S01012376,790,530,350,154,26,260,192,32,36,383,264,147,99,18,119,93,16,10,407,266,203,55,8,141,99,16,26
S01012377,608,379,258,117,4,229,170,22,37,303,210,126,80,4,93,70,14,9,305,169,132,37,0,136,100,8,28
S01012378,494,308,202,96,10,186,135,17,34,247,166,96,66,4,81,58,9,14,247,142,106,30,6,105,77,8,20
S01012379,427,254,171,71,12,173,124,17,32,213,136,88,41,7,77,57,11,9,214,118,83,30,5,96,67,6,23
S01012380,731,486,401,54,31,245,167,23,55,357,243,187,37,19,114,77,13,24,374,243,214,17,12,131,90,10,31
S01012381,713,374,306,46,22,339,264,14,61,320,199,152,29,18,121,88,6,27,393,175,154,17,4,218,176,8,34
S01012382,811,522,416,90,16,289,230,11,48,394,276,198,65,13,118,90,7,21,417,246,218,25,3,171,140,4,27
S01012383,734,406,340,52,14,328,269,16,43,334,210,164,36,10,124,104,9,11,400,196,176,16,4,204,165,7,32
S01012384,433,269,210,40,19,164,124,6,34,203,146,108,27,11,57,45,4,8,230,123,102,13,8,107,79,2,26
S01012385,595,422,326,72,24,173,113,18,42,300,225,162,46,17,75,49,9,17,295,197,164,26,7,98,64,9,25
S01012386,806,497,387,48,62,309,193,28,88,400,264,191,34,39,136,92,14,30,406,233,196,14,23,173,101,14,58
S01012387,755,543,452,79,12,212,161,17,34,368,285,229,51,5,83,65,9,9,387,258,223,28,7,129,96,8,25
S01012388,579,410,348,61,1,169,127,10,32,287,216,178,37,1,71,55,6,10,292,194,170,24,0,98,72,4,22
S01012389,661,501,433,56,12,160,97,24,39,337,263,219,38,6,74,45,13,16,324,238,214,18,6,86,52,11,23
S01012390,620,452,407,40,5,168,116,13,39,316,244,210,30,4,72,52,7,13,304,208,197,10,1,96,64,6,26
S01012391,785,614,539,59,16,171,111,22,38,392,320,273,39,8,72,49,7,16,393,294,266,20,8,99,62,15,22
S01012392,606,446,402,30,14,160,101,18,41,298,235,201,23,11,63,39,11,13,308,211,201,7,3,97,62,7,28
S01012393,728,537,467,65,5,191,137,12,42,361,282,236,43,3,79,56,6,17,367,255,231,22,2,112,81,6,25
S01012394,531,363,315,27,21,168,100,17,51,237,178,145,22,11,59,35,10,14,294,185,170,5,10,109,65,7,37
S01012395,514,357,310,38,9,157,124,9,24,248,188,152,29,7,60,46,5,9,266,169,158,9,2,97,78,4,15
S01012396,533,354,307,32,15,179,129,10,40,271,192,157,24,11,79,57,5,17,262,162,150,8,4,100,72,5,23
S01012397,730,481,400,60,21,249,200,15,34,366,260,206,37,17,106,87,8,11,364,221,194,23,4,143,113,7,23
S01012398,768,555,506,37,12,213,156,10,47,397,308,274,27,7,89,56,6,27,371,247,232,10,5,124,100,4,20
S01012399,505,348,330,14,4,157,102,10,45,241,178,165,10,3,63,44,5,14,264,170,165,4,1,94,58,5,31
S01012400,487,375,326,34,15,112,75,7,30,260,206,176,24,6,54,39,3,12,227,169,150,10,9,58,36,4,18
S01012401,662,499,443,28,28,163,105,7,51,358,280,232,25,23,78,47,2,29,304,219,211,3,5,85,58,5,22
S01012402,352,284,243,36,5,68,42,9,17,173,149,118,28,3,24,15,4,5,179,135,125,8,2,44,27,5,12
S01012403,860,663,546,106,11,197,137,15,45,428,349,267,73,9,79,58,6,15,432,314,279,33,2,118,79,9,30
S01012404,826,587,505,59,23,239,162,22,55,424,323,263,42,18,101,66,12,23,402,264,242,17,5,138,96,10,32
S01012405,554,432,368,60,4,122,76,20,26,284,228,184,40,4,56,33,15,8,270,204,184,20,0,66,43,5,18
S01012406,500,345,290,48,7,155,107,15,33,246,185,147,38,0,61,43,8,10,254,160,143,10,7,94,64,7,23
S01012407,639,475,398,62,15,164,110,14,40,321,255,198,47,10,66,47,8,11,318,220,200,15,5,98,63,6,29
S01012408,502,359,288,66,5,143,95,25,23,253,191,140,48,3,62,46,9,7,249,168,148,18,2,81,49,16,16
S01012409,563,390,312,66,12,173,129,7,37,291,213,159,45,9,78,58,5,15,272,177,153,21,3,95,71,2,22
S01012410,843,646,576,56,14,197,138,19,40,427,347,295,44,8,80,54,12,14,416,299,281,12,6,117,84,7,26
S01012411,763,569,500,45,24,194,105,30,59,406,320,271,33,16,86,44,23,19,357,249,229,12,8,108,61,7,40
S01012412,540,379,301,68,10,161,108,11,42,284,201,141,53,7,83,54,8,21,256,178,160,15,3,78,54,3,21
S01012413,794,494,432,55,7,300,233,9,58,405,272,225,42,5,133,109,3,21,389,222,207,13,2,167,124,6,37
S01012414,589,370,288,59,23,219,175,10,34,299,207,150,40,17,92,69,6,17,290,163,138,19,6,127,106,4,17
S01012415,451,284,207,68,9,167,113,14,40,231,162,98,56,8,69,47,10,12,220,122,109,12,1,98,66,4,28
S01012416,456,288,217,66,5,168,132,12,24,235,160,105,53,2,75,66,5,4,221,128,112,13,3,93,66,7,20
S01012417,544,277,200,64,13,267,199,12,56,262,146,91,46,9,116,85,8,23,282,131,109,18,4,151,114,4,33
S01012418,680,413,236,146,31,267,181,19,67,358,243,122,96,25,115,79,8,28,322,170,114,50,6,152,102,11,39
S01012419,678,372,215,129,28,306,222,25,59,319,209,105,91,13,110,84,11,15,359,163,110,38,15,196,138,14,44
S01012420,694,418,332,52,34,276,165,25,86,325,214,168,32,14,111,64,10,37,369,204,164,20,20,165,101,15,49
S01012421,629,382,278,79,25,247,176,22,49,310,202,137,51,14,108,81,9,18,319,180,141,28,11,139,95,13,31
S01012422,725,443,316,94,33,282,200,18,64,361,240,152,67,21,121,91,6,24,364,203,164,27,12,161,109,12,40
S01012423,696,423,310,85,28,273,195,18,60,335,225,143,62,20,110,85,8,17,361,198,167,23,8,163,110,10,43
S01012424,752,473,383,40,50,279,194,19,66,344,234,176,24,34,110,79,8,23,408,239,207,16,16,169,115,11,43
S01012425,497,210,176,16,18,287,148,24,115,216,106,80,13,13,110,61,8,41,281,104,96,3,5,177,87,16,74
S01012426,383,206,154,15,37,177,93,19,65,170,97,67,9,21,73,36,8,29,213,109,87,6,16,104,57,11,36
S01012427,523,289,234,16,39,234,127,26,81,255,146,113,9,24,109,64,13,32,268,143,121,7,15,125,63,13,49
S01012428,539,316,267,26,23,223,150,15,58,248,160,124,19,17,88,63,8,17,291,156,143,7,6,135,87,7,41
S01012429,466,228,184,22,22,238,146,15,77,209,116,88,15,13,93,59,8,26,257,112,96,7,9,145,87,7,51
S01012430,475,267,223,29,15,208,150,15,43,213,126,101,17,8,87,55,11,21,262,141,122,12,7,121,95,4,22
S01012431,790,413,290,93,30,377,277,17,83,360,215,131,63,21,145,105,7,33,430,198,159,30,9,232,172,10,50
S01012432,622,281,224,30,27,341,260,21,60,282,140,103,21,16,142,111,9,22,340,141,121,9,11,199,149,12,38
S01012433,440,253,206,29,18,187,127,8,52,219,142,108,20,14,77,50,5,22,221,111,98,9,4,110,77,3,30
S01012434,578,349,282,29,38,229,143,16,70,273,173,136,20,17,100,57,8,35,305,176,146,9,21,129,86,8,35
S01012435,527,328,253,32,43,199,102,22,75,247,168,121,19,28,79,43,11,25,280,160,132,13,15,120,59,11,50
S01012436,595,349,270,29,50,246,133,32,81,280,184,136,18,30,96,58,10,28,315,165,134,11,20,150,75,22,53
S01012437,616,370,301,34,35,246,163,17,66,296,193,145,22,26,103,67,9,27,320,177,156,12,9,143,96,8,39
S01012438,534,351,263,47,41,183,98,16,69,258,186,131,31,24,72,40,13,19,276,165,132,16,17,111,58,3,50
S01012439,645,341,266,33,42,304,197,24,83,290,174,123,27,24,116,79,9,28,355,167,143,6,18,188,118,15,55
S01012440,444,285,221,47,17,159,110,15,34,217,151,109,32,10,66,46,7,13,227,134,112,15,7,93,64,8,21
S01012441,764,482,340,120,22,282,198,22,62,374,248,151,80,17,126,89,10,27,390,234,189,40,5,156,109,12,35
S01012442,808,515,386,100,29,293,196,31,66,404,271,178,74,19,133,93,22,18,404,244,208,26,10,160,103,9,48
S01012443,616,423,319,81,23,193,119,22,52,301,227,158,54,15,74,47,10,17,315,196,161,27,8,119,72,12,35
S01012444,712,350,274,57,19,362,217,23,122,357,187,135,40,12,170,100,6,64,355,163,139,17,7,192,117,17,58
S01012445,403,280,208,54,18,123,69,16,38,203,153,105,41,7,50,35,7,8,200,127,103,13,11,73,34,9,30
S01012446,430,258,212,21,25,172,127,13,32,194,129,95,15,19,65,50,4,11,236,129,117,6,6,107,77,9,21
S01012447,725,470,389,59,22,255,188,33,34,348,234,177,40,17,114,88,17,9,377,236,212,19,5,141,100,16,25
S01012448,712,470,368,73,29,242,149,30,63,339,243,171,53,19,96,66,12,18,373,227,197,20,10,146,83,18,45
S01012449,482,329,276,34,19,153,98,19,36,230,162,124,24,14,68,42,11,15,252,167,152,10,5,85,56,8,21
S01012450,700,447,331,98,18,253,158,41,54,344,240,167,67,6,104,67,19,18,356,207,164,31,12,149,91,22,36
S01012451,787,330,250,64,16,457,387,24,46,339,170,118,41,11,169,148,9,12,448,160,132,23,5,288,239,15,34
S01012452,505,265,221,36,8,240,205,15,20,227,127,95,26,6,100,85,9,6,278,138,126,10,2,140,120,6,14
S01012453,699,392,299,75,18,307,247,18,42,343,221,156,56,9,122,105,10,7,356,171,143,19,9,185,142,8,35
S01012454,578,293,233,40,20,285,243,22,20,268,144,103,26,15,124,106,13,5,310,149,130,14,5,161,137,9,15
S01012455,498,256,180,65,11,242,190,14,38,246,149,94,47,8,97,82,10,5,252,107,86,18,3,145,108,4,33
S01012456,649,318,250,49,19,331,280,18,33,302,173,125,34,14,129,116,10,3,347,145,125,15,5,202,164,8,30
S01012457,757,338,261,60,17,419,360,20,39,363,183,134,41,8,180,159,14,7,394,155,127,19,9,239,201,6,32
S01012458,669,353,265,69,19,316,253,32,31,330,187,130,44,13,143,115,22,6,339,166,135,25,6,173,138,10,25
S01012459,584,405,346,41,18,179,128,28,23,278,201,161,33,7,77,58,14,5,306,204,185,8,11,102,70,14,18
S01012460,473,251,200,34,17,222,186,11,25,215,122,88,24,10,93,80,8,5,258,129,112,10,7,129,106,3,20
S01012461,450,283,238,26,19,167,120,10,37,209,139,107,20,12,70,53,3,14,241,144,131,6,7,97,67,7,23
S01012462,653,373,293,24,56,280,182,22,76,287,186,127,21,38,101,66,10,25,366,187,166,3,18,179,116,12,51
S01012463,480,291,225,30,36,189,102,18,69,228,151,111,18,22,77,43,7,27,252,140,114,12,14,112,59,11,42
S01012464,491,345,266,24,55,146,57,20,69,232,165,124,17,24,67,29,14,24,259,180,142,7,31,79,28,6,45
S01012465,566,350,288,26,36,216,121,34,61,265,187,144,21,22,78,47,16,15,301,163,144,5,14,138,74,18,46
S01012466,673,374,278,57,39,299,209,30,60,320,198,130,42,26,122,82,15,25,353,176,148,15,13,177,127,15,35
S01012467,562,333,267,38,28,229,151,29,49,241,164,126,24,14,77,54,10,13,321,169,141,14,14,152,97,19,36
S01012468,618,377,309,40,28,241,171,27,43,303,198,153,29,16,105,73,17,15,315,179,156,11,12,136,98,10,28
S01012469,676,362,281,65,16,314,252,19,43,294,182,131,45,6,112,93,11,8,382,180,150,20,10,202,159,8,35
S01012470,827,443,366,41,36,384,272,26,86,372,224,168,29,27,148,105,14,29,455,219,198,12,9,236,167,12,57
S01012471,732,390,283,95,12,342,281,25,36,341,204,134,65,5,137,120,11,6,391,186,149,30,7,205,161,14,30
S01012472,614,296,243,39,14,318,270,24,24,285,147,114,24,9,138,115,15,8,329,149,129,15,5,180,155,9,16
S01012473,470,284,241,31,12,186,147,15,24,228,152,123,21,8,76,65,6,5,242,132,118,10,4,110,82,9,19
S01012474,629,323,266,34,23,306,226,20,60,268,158,124,22,12,110,78,12,20,361,165,142,12,11,196,148,8,40
S01012475,558,286,244,26,16,272,227,17,28,270,151,125,17,9,119,103,9,7,288,135,119,9,7,153,124,8,21
S01012476,770,448,373,33,42,322,226,30,66,342,218,162,24,32,124,90,9,25,428,230,211,9,10,198,136,21,41
S01012477,571,370,326,27,17,201,158,21,22,269,182,153,21,8,87,69,13,5,302,188,173,6,9,114,89,8,17
S01012478,690,440,368,43,29,250,172,28,50,320,220,167,34,19,100,65,16,19,370,220,201,9,10,150,107,12,31
S01012479,554,409,339,53,17,145,100,19,26,271,208,160,36,12,63,48,9,6,283,201,179,17,5,82,52,10,20
S01012480,480,306,250,34,22,174,109,19,46,257,185,150,24,11,72,46,6,20,223,121,100,10,11,102,63,13,26
S01012481,714,471,362,49,60,243,124,31,88,356,251,179,32,40,105,55,10,40,358,220,183,17,20,138,69,21,48
S01012482,741,359,251,62,46,382,304,14,64,331,190,131,31,28,141,99,9,33,410,169,120,31,18,241,205,5,31
S01012483,811,434,338,40,56,377,217,32,128,399,229,177,19,33,170,92,21,57,412,205,161,21,23,207,125,11,71
S01012484,674,373,278,70,25,301,206,22,73,318,192,135,46,11,126,88,14,24,356,181,143,24,14,175,118,8,49
S01012485,743,381,283,81,17,362,290,21,51,326,201,137,55,9,125,102,5,18,417,180,146,26,8,237,188,16,33
S01012486,587,206,151,47,8,381,344,16,21,235,99,62,31,6,136,122,9,5,352,107,89,16,2,245,222,7,16
S01012487,529,336,267,37,32,193,130,17,46,257,173,131,27,15,84,58,10,16,272,163,136,10,17,109,72,7,30
S01012488,807,471,399,36,36,336,239,16,81,381,250,193,27,30,131,87,9,35,426,221,206,9,6,205,152,7,46
S01012489,845,516,386,32,98,329,132,27,170,400,267,180,24,63,133,57,10,66,445,249,206,8,35,196,75,17,104
S01012490,860,505,387,32,86,355,178,17,160,465,280,195,23,62,185,87,6,92,395,225,192,9,24,170,91,11,68
S01012491,359,233,161,9,63,126,48,9,69,170,118,69,7,42,52,25,6,21,189,115,92,2,21,74,23,3,48
S01012492,699,341,231,23,87,358,159,32,167,355,191,119,18,54,164,65,12,87,344,150,112,5,33,194,94,20,80
S01012493,606,230,194,18,18,376,284,21,71,302,131,105,13,13,171,127,10,34,304,99,89,5,5,205,157,11,37
S01012494,802,464,377,33,54,338,206,61,71,377,235,183,20,32,142,81,28,33,425,229,194,13,22,196,125,33,38
S01012495,862,498,401,29,68,364,221,29,114,409,251,192,20,39,158,92,14,52,453,247,209,9,29,206,129,15,62
S01012496,639,369,300,22,47,270,154,22,94,299,187,134,17,36,112,66,7,39,340,182,166,5,11,158,88,15,55
S01012497,426,229,179,12,38,197,109,16,72,205,121,80,8,33,84,43,11,30,221,108,99,4,5,113,66,5,42
S01012498,637,352,265,14,73,285,116,33,136,284,170,120,10,40,114,46,14,54,353,182,145,4,33,171,70,19,82
S01012499,589,334,257,21,56,255,75,23,157,245,156,107,15,34,89,30,12,47,344,178,150,6,22,166,45,11,110
S01012500,377,227,172,11,44,150,74,8,68,183,115,72,10,33,68,37,3,28,194,112,100,1,11,82,37,5,40
S01012501,449,243,199,1,43,206,55,26,125,205,123,98,0,25,82,24,12,46,244,120,101,1,18,124,31,14,79
S01012502,602,351,235,24,92,251,84,28,139,247,157,93,15,49,90,32,18,40,355,194,142,9,43,161,52,10,99
S01012503,523,282,221,19,42,241,128,20,93,253,142,98,16,28,111,59,10,42,270,140,123,3,14,130,69,10,51
S01012504,489,295,226,17,52,194,101,23,70,216,143,103,14,26,73,45,8,20,273,152,123,3,26,121,56,15,50
S01012505,869,502,389,43,70,367,215,22,130,407,244,174,33,37,163,93,12,58,462,258,215,10,33,204,122,10,72
S01012506,434,231,189,27,15,203,157,18,28,200,125,98,16,11,75,57,8,10,234,106,91,11,4,128,100,10,18
S01012507,815,465,388,36,41,350,236,15,99,369,223,171,29,23,146,95,8,43,446,242,217,7,18,204,141,7,56
S01012508,653,407,341,31,35,246,170,11,65,301,202,163,22,17,99,64,7,28,352,205,178,9,18,147,106,4,37
S01012509,459,286,236,35,15,173,133,6,34,204,143,113,23,7,61,49,3,9,255,143,123,12,8,112,84,3,25
S01012510,710,486,424,31,31,224,156,21,47,335,247,203,24,20,88,65,5,18,375,239,221,7,11,136,91,16,29
S01012511,552,359,331,13,15,193,136,17,40,259,173,154,10,9,86,56,9,21,293,186,177,3,6,107,80,8,19
S01012512,515,326,250,36,40,189,99,15,75,244,167,119,24,24,77,51,2,24,271,159,131,12,16,112,48,13,51
S01012513,446,324,291,22,11,122,91,11,20,214,159,138,13,8,55,41,8,6,232,165,153,9,3,67,50,3,14
S01012514,738,616,535,56,25,122,51,32,39,349,299,249,39,11,50,24,16,10,389,317,286,17,14,72,27,16,29
S01012515,529,281,230,21,30,248,167,12,69,233,134,100,14,20,99,65,7,27,296,147,130,7,10,149,102,5,42
S01012516,536,298,246,24,28,238,163,17,58,235,143,107,20,16,92,71,6,15,301,155,139,4,12,146,92,11,43
S01012517,694,455,377,36,42,239,142,25,72,328,232,180,27,25,96,62,12,22,366,223,197,9,17,143,80,13,50
S01012518,488,288,227,41,20,200,159,19,22,228,148,106,31,11,80,61,11,8,260,140,121,10,9,120,98,8,14
S01012519,460,261,199,44,18,199,162,15,22,218,136,95,31,10,82,63,9,10,242,125,104,13,8,117,99,6,12
S01012520,715,386,319,48,19,329,268,26,35,329,204,160,35,9,125,103,12,10,386,182,159,13,10,204,165,14,25
S01012521,437,264,208,39,17,173,137,10,26,212,148,109,24,15,64,49,6,9,225,116,99,15,2,109,88,4,17
S01012522,737,425,321,82,22,312,243,27,42,368,229,166,49,14,139,113,17,9,369,196,155,33,8,173,130,10,33
S01012523,750,452,381,43,28,298,236,27,35,350,233,187,29,17,117,87,15,15,400,219,194,14,11,181,149,12,20
S01012524,785,402,334,49,19,383,326,20,37,342,208,169,32,7,134,115,11,8,443,194,165,17,12,249,211,9,29
S01012525,632,399,341,42,16,233,182,19,32,294,202,165,33,4,92,72,10,10,338,197,176,9,12,141,110,9,22
S01012526,665,369,304,50,15,296,247,20,29,317,198,159,29,10,119,101,11,7,348,171,145,21,5,177,146,9,22
S01012527,539,295,243,37,15,244,208,4,32,259,160,124,28,8,99,89,3,7,280,135,119,9,7,145,119,1,25
S01012528,660,430,374,32,24,230,140,30,60,311,209,175,21,13,102,63,16,23,349,221,199,11,11,128,77,14,37
S01012529,621,372,310,33,29,249,181,17,51,273,181,135,24,22,92,68,9,15,348,191,175,9,7,157,113,8,36
S01012530,759,412,354,33,25,347,296,25,26,351,220,175,27,18,131,113,10,8,408,192,179,6,7,216,183,15,18
S01012531,621,408,325,55,28,213,149,19,45,296,219,163,36,20,77,57,10,10,325,189,162,19,8,136,92,9,35
S01012532,660,409,318,66,25,251,183,20,48,314,210,154,44,12,104,76,12,16,346,199,164,22,13,147,107,8,32
S01012533,467,291,248,27,16,176,143,7,26,228,158,133,17,8,70,54,5,11,239,133,115,10,8,106,89,2,15
S01012534,537,285,245,21,19,252,184,10,58,231,147,120,14,13,84,58,3,23,306,138,125,7,6,168,126,7,35
S01012535,685,440,366,36,38,245,159,28,58,321,228,179,29,20,93,56,12,25,364,212,187,7,18,152,103,16,33
S01012536,623,400,312,48,40,223,135,32,56,293,205,142,34,29,88,62,12,14,330,195,170,14,11,135,73,20,42
S01012537,674,391,299,35,57,283,160,50,73,332,209,154,21,34,123,71,24,28,342,182,145,14,23,160,89,26,45
S01012538,909,526,422,47,57,383,247,32,104,406,255,193,33,29,151,95,13,43,503,271,229,14,28,232,152,19,61
S01012539,584,367,267,75,25,217,149,11,57,293,206,137,52,17,87,62,3,22,291,161,130,23,8,130,87,8,35
S01012540,568,332,254,32,46,236,138,24,74,268,179,123,22,34,89,54,11,24,300,153,131,10,12,147,84,13,50
S01012541,859,598,418,144,36,261,164,33,64,427,306,173,109,24,121,76,18,27,432,292,245,35,12,140,88,15,37
S01012542,797,421,336,55,30,376,236,22,118,387,222,155,44,23,165,104,12,49,410,199,181,11,7,211,132,10,69
S01012543,549,376,282,74,20,173,101,20,52,262,192,128,52,12,70,48,9,13,287,184,154,22,8,103,53,11,39
S01012544,670,397,318,57,22,273,199,13,61,312,195,144,36,15,117,85,11,21,358,202,174,21,7,156,114,2,40
S01012545,377,239,187,26,26,138,99,6,33,170,116,86,16,14,54,41,1,12,207,123,101,10,12,84,58,5,21
S01012546,648,419,319,59,41,229,135,21,73,306,213,150,44,19,93,60,10,23,342,206,169,15,22,136,75,11,50
S01012547,627,322,255,46,21,305,225,19,61,308,183,136,32,15,125,97,10,18,319,139,119,14,6,180,128,9,43
S01012548,712,397,322,50,25,315,256,16,43,328,205,153,43,9,123,101,9,13,384,192,169,7,16,192,155,7,30
S01012549,438,275,226,17,32,163,92,13,58,198,136,103,13,20,62,36,7,19,240,139,123,4,12,101,56,6,39
S01012550,670,418,332,46,40,252,156,33,63,315,214,155,32,27,101,67,12,22,355,204,177,14,13,151,89,21,41
S01012551,677,467,401,52,14,210,172,14,24,324,245,198,39,8,79,72,2,5,353,222,203,13,6,131,100,12,19
S01012552,761,482,397,66,19,279,211,35,33,375,255,200,45,10,120,92,20,8,386,227,197,21,9,159,119,15,25
S01012553,652,487,415,49,23,165,88,26,51,321,249,204,31,14,72,45,15,12,331,238,211,18,9,93,43,11,39
S01012554,387,247,210,26,11,140,101,18,21,184,115,91,18,6,69,55,12,2,203,132,119,8,5,71,46,6,19
S01012555,437,286,252,26,8,151,99,29,23,224,148,126,18,4,76,54,17,5,213,138,126,8,4,75,45,12,18
S01012556,486,294,242,38,14,192,136,32,24,231,146,115,23,8,85,61,17,7,255,148,127,15,6,107,75,15,17
S01012557,533,288,224,40,24,245,195,19,31,267,153,108,30,15,114,92,13,9,266,135,116,10,9,131,103,6,22
S01012558,489,314,257,20,37,175,105,12,58,246,173,131,16,26,73,45,7,21,243,141,126,4,11,102,60,5,37
S01012559,661,335,257,36,42,326,233,11,82,303,171,125,24,22,132,90,7,35,358,164,132,12,20,194,143,4,47
S01012560,446,230,195,19,16,216,171,10,35,189,104,84,12,8,85,72,4,9,257,126,111,7,8,131,99,6,26
S01012561,626,341,295,24,22,285,198,30,57,278,170,138,18,14,108,72,15,21,348,171,157,6,8,177,126,15,36
S01012562,641,377,304,32,41,264,169,14,81,310,202,156,19,27,108,67,6,35,331,175,148,13,14,156,102,8,46
S01012563,560,260,206,43,11,300,240,28,32,270,144,107,30,7,126,105,15,6,290,116,99,13,4,174,135,13,26
S01012564,703,371,283,73,15,332,266,26,40,317,190,136,47,7,127,106,12,9,386,181,147,26,8,205,160,14,31
S01012565,663,331,264,57,10,332,270,21,41,291,172,130,37,5,119,97,12,10,372,159,134,20,5,213,173,9,31
S01012566,642,379,294,58,27,263,192,10,61,280,186,139,36,11,94,67,5,22,362,193,155,22,16,169,125,5,39
S01012567,897,525,410,64,51,372,257,32,83,432,278,209,38,31,154,104,17,33,465,247,201,26,20,218,153,15,50
S01012568,519,252,183,50,19,267,208,21,38,245,133,87,34,12,112,88,14,10,274,119,96,16,7,155,120,7,28
S01012569,709,339,237,89,13,370,295,29,46,321,184,117,59,8,137,111,13,13,388,155,120,30,5,233,184,16,33
S01012570,392,254,192,49,13,138,78,15,45,199,146,104,33,9,53,33,6,14,193,108,88,16,4,85,45,9,31
S01012571,672,440,302,102,36,232,147,18,67,346,246,151,73,22,100,67,9,24,326,194,151,29,14,132,80,9,43
S01012572,435,287,204,61,22,148,90,12,46,219,164,106,47,11,55,34,8,13,216,123,98,14,11,93,56,4,33
S01012573,677,453,335,111,7,224,145,16,63,341,252,162,85,5,89,61,10,18,336,201,173,26,2,135,84,6,45
S01012574,715,469,355,94,20,246,190,17,39,338,242,164,68,10,96,76,9,11,377,227,191,26,10,150,114,8,28
S01012575,542,356,267,66,23,186,140,19,27,258,178,125,44,9,80,65,8,7,284,178,142,22,14,106,75,11,20
S01012576,646,400,308,78,14,246,201,9,36,279,204,147,49,8,75,64,1,10,367,196,161,29,6,171,137,8,26
S01012577,618,425,320,88,17,193,139,12,42,306,228,152,67,9,78,60,7,11,312,197,168,21,8,115,79,5,31
S01012578,851,438,339,80,19,413,329,21,63,383,227,160,54,13,156,122,9,25,468,211,179,26,6,257,207,12,38
S01012579,547,369,275,67,27,178,104,20,54,262,196,134,49,13,66,45,10,11,285,173,141,18,14,112,59,10,43
S01012580,620,442,304,116,22,178,111,15,52,309,240,147,81,12,69,48,8,13,311,202,157,35,10,109,63,7,39
S01012581,577,381,288,34,59,196,104,21,71,273,204,143,22,39,69,38,9,22,304,177,145,12,20,127,66,12,49
S01012582,732,523,405,91,27,209,139,24,46,368,271,187,65,19,97,66,11,20,364,252,218,26,8,112,73,13,26
S01012583,584,388,323,26,39,196,135,11,50,295,213,164,20,29,82,59,4,19,289,175,159,6,10,114,76,7,31
S01012584,621,394,302,69,23,227,159,17,51,292,193,133,46,14,99,68,9,22,329,201,169,23,9,128,91,8,29
S01012585,676,435,346,44,45,241,158,15,68,326,243,191,30,22,83,52,10,21,350,192,155,14,23,158,106,5,47
S01012586,790,480,373,86,21,310,113,31,166,460,260,195,55,10,200,44,16,140,330,220,178,31,11,110,69,15,26
S01012587,708,485,363,101,21,223,149,22,52,353,262,171,77,14,91,67,9,15,355,223,192,24,7,132,82,13,37
S01012588,520,354,270,70,14,166,104,20,42,252,188,130,50,8,64,43,7,14,268,166,140,20,6,102,61,13,28
S01012589,565,364,315,24,25,201,130,16,55,267,187,155,18,14,80,51,10,19,298,177,160,6,11,121,79,6,36
S01012590,653,392,311,32,49,261,152,15,94,318,216,171,23,22,102,60,9,33,335,176,140,9,27,159,92,6,61
S01012591,653,312,259,15,38,341,237,11,93,314,177,141,10,26,137,98,2,37,339,135,118,5,12,204,139,9,56
S01012592,455,311,248,53,10,144,88,16,40,236,173,124,42,7,63,39,8,16,219,138,124,11,3,81,49,8,24
S01012593,676,494,437,34,23,182,113,28,41,330,260,221,24,15,70,43,16,11,346,234,216,10,8,112,70,12,30
S01012594,395,224,199,13,12,171,110,19,42,177,110,96,9,5,67,42,9,16,218,114,103,4,7,104,68,10,26
S01012595,532,323,266,31,26,209,132,12,65,251,165,135,19,11,86,53,3,30,281,158,131,12,15,123,79,9,35
S01012596,614,385,309,28,48,229,122,25,82,289,199,153,18,28,90,51,10,29,325,186,156,10,20,139,71,15,53
S01012597,351,276,231,20,25,75,48,5,22,166,140,113,13,14,26,20,1,5,185,136,118,7,11,49,28,4,17
S01012598,585,401,355,34,12,184,147,15,22,288,209,178,24,7,79,66,7,6,297,192,177,10,5,105,81,8,16
S01012599,565,335,282,38,15,230,163,15,52,276,185,147,27,11,91,69,10,12,289,150,135,11,4,139,94,5,40
S01012600,595,425,365,34,26,170,119,17,34,291,225,179,27,19,66,48,8,10,304,200,186,7,7,104,71,9,24
S01012601,724,538,472,50,16,186,138,21,27,350,276,233,36,7,74,53,12,9,374,262,239,14,9,112,85,9,18
S01012602,537,271,231,13,27,266,182,11,73,239,139,115,10,14,100,68,4,28,298,132,116,3,13,166,114,7,45
S01012603,588,338,273,28,37,250,164,22,64,291,175,134,20,21,116,69,10,37,297,163,139,8,16,134,95,12,27
S01012604,561,336,282,17,37,225,149,27,49,259,173,142,14,17,86,62,13,11,302,163,140,3,20,139,87,14,38
S01012605,436,228,197,15,16,208,150,18,40,198,110,89,10,11,88,65,8,15,238,118,108,5,5,120,85,10,25
S01012606,550,499,454,32,13,51,15,14,22,273,261,231,23,7,12,6,3,3,277,238,223,9,6,39,9,11,19
S01012607,624,420,341,46,33,204,129,27,48,307,222,174,33,15,85,54,13,18,317,198,167,13,18,119,75,14,30
S01012608,674,435,359,32,44,239,146,16,77,320,222,168,25,29,98,63,6,29,354,213,191,7,15,141,83,10,48
S01012609,680,405,337,24,44,275,156,11,108,306,203,157,19,27,103,63,4,36,374,202,180,5,17,172,93,7,72
S01012610,748,438,358,27,53,310,133,30,147,348,230,173,19,38,118,51,11,56,400,208,185,8,15,192,82,19,91
S01012611,697,435,366,42,27,262,179,29,54,335,228,185,28,15,107,74,14,19,362,207,181,14,12,155,105,15,35
S01012612,606,338,271,25,42,268,147,31,90,288,190,142,21,27,98,58,11,29,318,148,129,4,15,170,89,20,61
S01012613,549,365,301,21,43,184,117,11,56,267,198,152,16,30,69,49,5,15,282,167,149,5,13,115,68,6,41
S01012614,884,539,458,38,43,345,244,33,68,420,276,220,29,27,144,100,20,24,464,263,238,9,16,201,144,13,44
S01012615,572,357,266,68,23,215,149,25,41,273,197,127,52,18,76,52,12,12,299,160,139,16,5,139,97,13,29
S01012616,789,481,364,90,27,308,208,24,76,380,256,177,67,12,124,84,17,23,409,225,187,23,15,184,124,7,53
S01012617,354,236,185,43,8,118,88,11,19,167,121,84,33,4,46,36,5,5,187,115,101,10,4,72,52,6,14
S01012618,443,311,253,39,19,132,63,22,47,212,168,128,30,10,44,19,13,12,231,143,125,9,9,88,44,9,35
S01012619,490,257,199,26,32,233,160,8,65,225,131,94,16,21,94,59,5,30,265,126,105,10,11,139,101,3,35
S01012620,646,388,310,62,16,258,211,19,28,312,206,148,46,12,106,94,7,5,334,182,162,16,4,152,117,12,23
S01012621,512,277,225,33,19,235,175,11,49,243,140,104,22,14,103,71,7,25,269,137,121,11,5,132,104,4,24
S01012622,600,376,304,41,31,224,163,14,47,285,194,148,28,18,91,63,7,21,315,182,156,13,13,133,100,7,26
S01012623,555,324,274,27,23,231,140,15,76,261,175,135,20,20,86,52,9,25,294,149,139,7,3,145,88,6,51
S01012624,588,367,302,30,35,221,146,22,53,274,185,145,26,14,89,55,11,23,314,182,157,4,21,132,91,11,30
S01012625,455,286,238,21,27,169,117,10,42,210,133,99,17,17,77,44,4,29,245,153,139,4,10,92,73,6,13
S01012626,412,267,226,24,17,145,111,11,23,198,134,110,16,8,64,48,7,9,214,133,116,8,9,81,63,4,14
S01012627,431,277,208,30,39,154,88,12,54,208,144,99,21,24,64,40,3,21,223,133,109,9,15,90,48,9,33
S01012628,795,510,417,69,24,285,193,29,63,363,269,219,39,11,94,67,13,14,432,241,198,30,13,191,126,16,49
S01012629,401,268,215,39,14,133,94,14,25,186,133,104,21,8,53,36,8,9,215,135,111,18,6,80,58,6,16
S01012630,769,402,307,56,39,367,280,17,70,366,231,164,42,25,135,92,7,36,403,171,143,14,14,232,188,10,34
S01012631,727,484,393,34,57,243,110,24,109,350,247,186,21,40,103,44,14,45,377,237,207,13,17,140,66,10,64
S01012632,590,394,284,97,13,196,130,13,53,305,223,142,70,11,82,60,5,17,285,171,142,27,2,114,70,8,36
S01012633,568,365,243,96,26,203,144,11,48,282,194,118,61,15,88,68,5,15,286,171,125,35,11,115,76,6,33
S01012634,574,332,257,42,33,242,152,18,72,289,170,118,30,22,119,74,10,35,285,162,139,12,11,123,78,8,37
S01012635,878,573,453,85,35,305,204,28,73,428,300,227,56,17,128,92,15,21,450,273,226,29,18,177,112,13,52
S01012636,502,358,262,86,10,144,99,14,31,240,185,116,63,6,55,40,5,10,262,173,146,23,4,89,59,9,21
S01012637,664,392,318,22,52,272,137,25,110,310,212,162,14,36,98,58,5,35,354,180,156,8,16,174,79,20,75
S01012638,723,413,329,46,38,310,201,21,88,337,211,159,31,21,126,88,10,28,386,202,170,15,17,184,113,11,60
S01012639,683,427,345,41,41,256,164,21,71,333,229,172,34,23,104,66,10,28,350,198,173,7,18,152,98,11,43
S01012640,775,427,279,53,95,348,200,18,130,380,242,140,39,63,138,86,4,48,395,185,139,14,32,210,114,14,82
S01012641,944,460,364,44,52,484,372,19,93,404,236,174,33,29,168,130,11,27,540,224,190,11,23,316,242,8,66
S01012642,653,361,277,19,65,292,155,16,121,291,179,129,13,37,112,60,8,44,362,182,148,6,28,180,95,8,77
S01012643,375,229,190,14,25,146,96,10,40,172,114,97,6,11,58,42,6,10,203,115,93,8,14,88,54,4,30
S01012644,536,322,267,25,30,214,127,12,75,238,157,124,16,17,81,49,6,26,298,165,143,9,13,133,78,6,49
S01012645,684,414,326,58,30,270,199,16,55,317,226,160,46,20,91,62,10,19,367,188,166,12,10,179,137,6,36
S01012646,764,517,428,70,19,247,167,22,58,370,272,205,56,11,98,70,10,18,394,245,223,14,8,149,97,12,40
S01012647,529,444,390,32,22,85,28,14,43,261,238,197,29,12,23,10,5,8,268,206,193,3,10,62,18,9,35
S01012648,438,265,215,17,33,173,97,20,56,206,139,104,13,22,67,37,10,20,232,126,111,4,11,106,60,10,36
S01012649,550,340,274,34,32,210,111,15,84,262,178,135,23,20,84,46,6,32,288,162,139,11,12,126,65,9,52
S01012650,497,320,259,44,17,177,119,13,45,252,177,136,29,12,75,49,9,17,245,143,123,15,5,102,70,4,28
S01012651,523,308,251,13,44,215,134,8,73,238,138,103,9,26,100,60,3,37,285,170,148,4,18,115,74,5,36
S01012652,883,615,522,55,38,268,204,25,39,444,335,270,43,22,109,86,13,10,439,280,252,12,16,159,118,12,29
S01012653,704,469,354,55,60,235,98,26,111,343,253,168,42,43,90,32,14,44,361,216,186,13,17,145,66,12,67
S01012654,614,434,334,73,27,180,120,13,47,300,225,161,46,18,75,55,7,13,314,209,173,27,9,105,65,6,34
S01012655,964,541,431,65,45,423,290,19,114,444,287,212,47,28,157,98,8,51,520,254,219,18,17,266,192,11,63
S01012656,673,386,316,30,40,287,187,12,88,301,186,140,24,22,115,77,5,33,372,200,176,6,18,172,110,7,55
S01012657,455,252,219,17,16,203,132,17,54,203,132,106,14,12,71,47,4,20,252,120,113,3,4,132,85,13,34
S01012658,818,508,432,55,21,310,230,17,63,372,261,206,40,15,111,82,7,22,446,247,226,15,6,199,148,10,41
S01012659,771,611,539,54,18,160,71,33,56,368,304,251,41,12,64,30,18,16,403,307,288,13,6,96,41,15,40
S01012660,591,356,299,32,25,235,148,18,69,272,176,137,25,14,96,59,12,25,319,180,162,7,11,139,89,6,44
S01012661,645,435,351,59,25,210,146,18,46,308,226,167,43,16,82,62,6,14,337,209,184,16,9,128,84,12,32
S01012662,633,346,281,31,34,287,189,19,79,277,172,130,22,20,105,66,9,30,356,174,151,9,14,182,123,10,49
S01012663,597,360,295,43,22,237,183,18,36,282,179,130,34,15,103,76,10,17,315,181,165,9,7,134,107,8,19
S01012664,815,519,404,71,44,296,225,11,60,389,283,202,50,31,106,80,4,22,426,236,202,21,13,190,145,7,38
S01012665,565,309,237,26,46,256,141,8,107,253,165,117,17,31,88,53,3,32,312,144,120,9,15,168,88,5,75
S01012666,553,295,227,26,42,258,163,7,88,234,135,97,21,17,99,65,5,29,319,160,130,5,25,159,98,2,59
S01012667,482,268,197,26,45,214,108,20,86,238,140,84,23,33,98,51,6,41,244,128,113,3,12,116,57,14,45
S01012668,597,368,281,35,52,229,119,16,94,262,185,128,27,30,77,44,5,28,335,183,153,8,22,152,75,11,66
S01012669,618,379,353,11,15,239,183,23,33,291,191,171,10,10,100,80,8,12,327,188,182,1,5,139,103,15,21
S01012670,613,355,309,35,11,258,198,26,34,295,178,144,29,5,117,87,13,17,318,177,165,6,6,141,111,13,17
S01012671,762,475,397,43,35,287,168,25,94,367,247,191,35,21,120,60,14,46,395,228,206,8,14,167,108,11,48
S01012672,588,292,227,20,45,296,141,13,142,284,154,114,14,26,130,61,5,64,304,138,113,6,19,166,80,8,78
S01012673,478,287,235,13,39,191,94,13,84,207,139,105,10,24,68,41,3,24,271,148,130,3,15,123,53,10,60
S01012674,441,253,179,12,62,188,80,9,99,209,134,83,9,42,75,32,4,39,232,119,96,3,20,113,48,5,60
S01012675,641,381,299,32,50,260,132,11,117,304,204,147,25,32,100,50,5,45,337,177,152,7,18,160,82,6,72
S01012676,634,448,358,37,53,186,110,23,53,302,235,177,25,33,67,43,8,16,332,213,181,12,20,119,67,15,37
S01012677,476,280,220,24,36,196,114,17,65,228,146,103,18,25,82,47,7,28,248,134,117,6,11,114,67,10,37
S01012678,575,440,376,40,24,135,80,19,36,269,212,171,22,19,57,31,11,15,306,228,205,18,5,78,49,8,21
S01012679,668,395,330,42,23,273,199,15,59,333,216,164,34,18,117,87,6,24,335,179,166,8,5,156,112,9,35
S01012680,437,320,278,32,10,117,74,11,32,210,161,137,22,2,49,29,8,12,227,159,141,10,8,68,45,3,20
S01012681,568,366,271,61,34,202,127,30,45,263,185,123,39,23,78,54,12,12,305,181,148,22,11,124,73,18,33
S01012682,665,353,291,46,16,312,247,15,50,289,178,129,38,11,111,80,6,25,376,175,162,8,5,201,167,9,25
S01012683,604,415,327,29,59,189,93,22,74,283,218,157,25,36,65,34,5,26,321,197,170,4,23,124,59,17,48
S01012684,441,284,233,37,14,157,88,11,58,210,143,103,31,9,67,32,5,30,231,141,130,6,5,90,56,6,28
S01012685,623,415,333,38,44,208,112,20,76,301,216,159,28,29,85,49,7,29,322,199,174,10,15,123,63,13,47
S01012686,794,529,419,82,28,265,191,23,51,393,297,217,60,20,96,72,11,13,401,232,202,22,8,169,119,12,38
S01012687,456,218,167,45,6,238,202,12,24,211,107,74,30,3,104,92,5,7,245,111,93,15,3,134,110,7,17
S01012688,692,408,328,46,34,284,211,20,53,322,222,167,34,21,100,71,10,19,370,186,161,12,13,184,140,10,34
S01012689,392,243,195,39,9,149,100,20,29,188,127,90,29,8,61,43,11,7,204,116,105,10,1,88,57,9,22
S01012690,424,277,234,32,11,147,107,13,27,208,149,124,20,5,59,44,8,7,216,128,110,12,6,88,63,5,20
S01012691,595,389,312,49,28,206,149,26,31,284,203,152,33,18,81,67,10,4,311,186,160,16,10,125,82,16,27
S01012692,625,357,296,43,18,268,179,25,64,275,177,137,30,10,98,59,15,24,350,180,159,13,8,170,120,10,40
S01012693,701,498,405,68,25,203,129,35,39,344,260,199,47,14,84,63,16,5,357,238,206,21,11,119,66,19,34
S01012694,363,238,210,20,8,125,96,4,25,172,118,101,12,5,54,41,2,11,191,120,109,8,3,71,55,2,14
S01012695,651,445,301,119,25,206,118,27,61,328,247,150,82,15,81,50,10,21,323,198,151,37,10,125,68,17,40
S01012696,734,440,294,127,19,294,91,65,138,443,249,145,91,13,194,38,45,111,291,191,149,36,6,100,53,20,27
S01012697,405,269,189,76,4,136,87,18,31,201,144,93,48,3,57,43,6,8,204,125,96,28,1,79,44,12,23
S01012698,653,425,320,83,22,228,174,12,42,325,222,152,58,12,103,82,8,13,328,203,168,25,10,125,92,4,29
S01012699,847,581,424,127,30,266,171,27,68,383,294,181,96,17,89,59,11,19,464,287,243,31,13,177,112,16,49
S01012700,671,428,331,73,24,243,166,25,52,323,224,155,53,16,99,69,13,17,348,204,176,20,8,144,97,12,35
S01012701,467,277,232,34,11,190,146,19,25,227,148,115,25,8,79,62,12,5,240,129,117,9,3,111,84,7,20
S01012702,483,340,274,43,23,143,104,12,27,224,176,129,31,16,48,41,3,4,259,164,145,12,7,95,63,9,23
S01012703,464,382,327,34,21,82,32,22,28,227,192,154,24,14,35,16,10,9,237,190,173,10,7,47,16,12,19
S01012704,597,391,309,30,52,206,100,18,88,276,198,145,21,32,78,39,10,29,321,193,164,9,20,128,61,8,59
S01012705,584,470,412,47,11,114,47,31,36,270,230,187,38,5,40,22,16,2,314,240,225,9,6,74,25,15,34
S01012706,557,349,284,25,40,208,104,20,84,285,200,146,21,33,85,43,11,31,272,149,138,4,7,123,61,9,53
S01012707,728,531,458,57,16,197,140,28,29,360,269,220,39,10,91,67,15,9,368,262,238,18,6,106,73,13,20
S01012708,595,354,275,25,54,241,134,21,86,280,176,126,22,28,104,59,10,35,315,178,149,3,26,137,75,11,51
S01012709,430,238,202,15,21,192,141,13,38,195,110,86,12,12,85,68,1,16,235,128,116,3,9,107,73,12,22
S01012710,605,367,305,33,29,238,149,11,78,303,197,150,26,21,106,68,5,33,302,170,155,7,8,132,81,6,45
S01012711,716,396,308,25,63,320,208,7,105,356,209,139,20,50,147,84,3,60,360,187,169,5,13,173,124,4,45
S01012712,695,394,328,39,27,301,231,28,42,333,207,157,34,16,126,102,12,12,362,187,171,5,11,175,129,16,30
S01012713,614,347,294,36,17,267,209,17,41,278,182,141,27,14,96,80,6,10,336,165,153,9,3,171,129,11,31
S01012714,516,278,235,33,10,238,205,8,25,256,147,111,28,8,109,98,4,7,260,131,124,5,2,129,107,4,18
S01012715,624,370,306,27,37,254,172,15,67,298,196,149,22,25,102,66,5,31,326,174,157,5,12,152,106,10,36
S01012716,739,394,301,73,20,345,274,16,55,343,210,145,56,9,133,112,8,13,396,184,156,17,11,212,162,8,42
S01012717,869,483,387,47,49,386,291,15,80,404,250,187,34,29,154,113,7,34,465,233,200,13,20,232,178,8,46
S01012718,868,509,410,60,39,359,263,26,70,406,281,215,40,26,125,89,10,26,462,228,195,20,13,234,174,16,44
S01012719,695,452,365,46,41,243,150,24,69,357,249,192,35,22,108,66,9,33,338,203,173,11,19,135,84,15,36
S01012720,464,347,283,35,29,117,58,20,39,259,192,143,27,22,67,29,15,23,205,155,140,8,7,50,29,5,16
S01012721,538,323,279,28,16,215,157,13,45,248,172,136,25,11,76,56,7,13,290,151,143,3,5,139,101,6,32
S01012722,631,327,257,19,51,304,164,24,116,305,175,122,15,38,130,66,10,54,326,152,135,4,13,174,98,14,62
S01012723,572,329,250,41,38,243,136,20,87,279,165,107,31,27,114,65,8,41,293,164,143,10,11,129,71,12,46
S01012724,631,384,319,43,22,247,177,14,56,310,208,162,31,15,102,69,9,24,321,176,157,12,7,145,108,5,32
S01012725,767,513,428,46,39,254,161,25,68,387,281,220,37,24,106,69,10,27,380,232,208,9,15,148,92,15,41
S01012726,519,283,225,26,32,236,169,18,49,232,145,105,22,18,87,66,6,15,287,138,120,4,14,149,103,12,34
S01012727,566,335,247,25,63,231,108,16,107,261,173,117,18,38,88,44,3,41,305,162,130,7,25,143,64,13,66
S01012728,572,346,264,22,60,226,79,16,131,254,172,124,16,32,82,33,6,43,318,174,140,6,28,144,46,10,88
S01012729,671,463,391,42,30,208,126,21,61,315,225,177,31,17,90,56,13,21,356,238,214,11,13,118,70,8,40
S01012730,451,291,239,17,35,160,84,12,64,209,143,110,12,21,66,34,4,28,242,148,129,5,14,94,50,8,36
S01012731,626,381,325,24,32,245,144,13,88,300,201,163,18,20,99,70,5,24,326,180,162,6,12,146,74,8,64
S01012732,550,349,289,21,39,201,133,11,57,258,175,131,17,27,83,63,4,16,292,174,158,4,12,118,70,7,41
S01012733,764,657,547,86,24,107,31,29,47,375,333,261,63,9,42,13,14,15,389,324,286,23,15,65,18,15,32
S01012734,425,358,303,40,15,67,15,26,26,201,178,140,29,9,23,8,11,4,224,180,163,11,6,44,7,15,22
S01012735,401,231,198,10,23,170,107,17,46,196,128,103,9,16,68,43,6,19,205,103,95,1,7,102,64,11,27
S01012736,739,521,454,31,36,218,122,21,75,358,278,227,26,25,80,43,7,30,381,243,227,5,11,138,79,14,45
S01012737,634,466,403,46,17,168,99,19,50,312,241,200,33,8,71,43,12,16,322,225,203,13,9,97,56,7,34
S01012738,506,320,270,29,21,186,97,24,65,240,152,119,21,12,88,42,13,33,266,168,151,8,9,98,55,11,32
S01012739,614,527,429,72,26,87,21,22,44,309,282,214,52,16,27,11,9,7,305,245,215,20,10,60,10,13,37
S01012740,624,524,430,71,23,100,32,26,42,302,265,202,51,12,37,15,12,10,322,259,228,20,11,63,17,14,32
S01012741,489,385,335,37,13,104,67,18,19,238,196,163,26,7,42,27,11,4,251,189,172,11,6,62,40,7,15
S01012742,593,398,347,41,10,195,154,17,24,293,208,171,33,4,85,66,12,7,300,190,176,8,6,110,88,5,17
S01012743,506,334,291,32,11,172,131,19,22,237,166,136,25,5,71,51,15,5,269,168,155,7,6,101,80,4,17
S01012744,575,441,393,35,13,134,93,13,28,284,226,187,31,8,58,42,4,12,291,215,206,4,5,76,51,9,16
S01012745,602,373,319,37,17,229,186,15,28,273,185,149,26,10,88,75,6,7,329,188,170,11,7,141,111,9,21
S01012746,630,474,406,44,24,156,94,21,41,311,250,199,39,12,61,39,11,11,319,224,207,5,12,95,55,10,30
S01012747,684,432,347,33,52,252,155,36,61,325,222,164,24,34,103,62,19,22,359,210,183,9,18,149,93,17,39
S01012748,648,372,283,30,59,276,120,23,133,308,193,128,25,40,115,46,10,59,340,179,155,5,19,161,74,13,74
S01012749,685,428,307,39,82,257,82,34,141,320,226,143,33,50,94,31,19,44,365,202,164,6,32,163,51,15,97
S01012750,615,402,315,23,64,213,94,21,98,304,209,148,18,43,95,44,9,42,311,193,167,5,21,118,50,12,56
S01012751,706,379,307,28,44,327,222,12,93,337,201,151,22,28,136,86,5,45,369,178,156,6,16,191,136,7,48
S01012752,670,451,367,37,47,219,118,20,81,312,230,176,29,25,82,47,5,30,358,221,191,8,22,137,71,15,51
S01012753,386,227,182,15,30,159,77,11,71,155,101,74,13,14,54,25,4,25,231,126,108,2,16,105,52,7,46
S01012754,476,280,220,24,36,196,114,18,64,238,154,109,18,27,84,49,7,28,238,126,111,6,9,112,65,11,36
S01012755,442,217,165,9,43,225,132,12,81,193,95,64,5,26,98,51,4,43,249,122,101,4,17,127,81,8,38
S01012756,460,220,183,22,15,240,178,5,57,209,116,92,14,10,93,68,1,24,251,104,91,8,5,147,110,4,33
S01012757,400,229,193,17,19,171,113,5,53,185,117,90,14,13,68,45,2,21,215,112,103,3,6,103,68,3,32
S01012758,499,296,237,28,31,203,116,14,73,225,143,105,20,18,82,52,8,22,274,153,132,8,13,121,64,6,51
S01012759,585,345,278,24,43,240,121,20,99,275,174,123,16,35,101,47,9,45,310,171,155,8,8,139,74,11,54
S01012760,784,438,342,25,71,346,168,37,141,358,220,158,20,42,138,67,18,53,426,218,184,5,29,208,101,19,88
S01012761,654,418,341,34,43,236,156,17,63,315,222,163,26,33,93,63,5,25,339,196,178,8,10,143,93,12,38
S01012762,609,372,325,28,19,237,175,23,39,290,191,155,22,14,99,73,12,14,319,181,170,6,5,138,102,11,25
S01012763,349,210,183,11,16,139,79,13,47,159,104,83,10,11,55,35,5,15,190,106,100,1,5,84,44,8,32
S01012764,623,372,305,26,41,251,144,18,89,293,195,149,20,26,98,58,8,32,330,177,156,6,15,153,86,10,57
S01012765,586,379,319,27,33,207,125,22,60,265,191,149,19,23,74,42,11,21,321,188,170,8,10,133,83,11,39
S01012766,693,470,393,37,40,223,101,27,95,318,236,189,24,23,82,39,9,34,375,234,204,13,17,141,62,18,61
S01012767,483,323,279,30,14,160,118,15,27,241,171,138,25,8,70,56,9,5,242,152,141,5,6,90,62,6,22
S01012768,616,433,384,33,16,183,140,14,29,308,217,183,26,8,91,71,13,7,308,216,201,7,8,92,69,1,22
S01012769,358,251,209,36,6,107,61,16,30,188,134,105,26,3,54,34,11,9,170,117,104,10,3,53,27,5,21
S01012770,698,431,354,39,38,267,179,23,65,315,215,170,26,19,100,67,8,25,383,216,184,13,19,167,112,15,40
S01012771,602,372,305,30,37,230,147,16,67,275,179,137,26,16,96,63,9,24,327,193,168,4,21,134,84,7,43
S01012772,544,333,270,23,40,211,114,15,82,250,169,127,17,25,81,44,7,30,294,164,143,6,15,130,70,8,52
S01012773,731,437,358,36,43,294,178,17,99,361,250,190,29,31,111,71,10,30,370,187,168,7,12,183,107,7,69
S01012774,745,516,427,33,56,229,136,14,79,347,265,199,30,36,82,44,6,32,398,251,228,3,20,147,92,8,47
S01012775,369,227,179,24,24,142,96,13,33,184,126,88,23,15,58,37,6,15,185,101,91,1,9,84,59,7,18
S01012776,637,391,325,23,43,246,140,22,84,311,215,163,17,35,96,57,10,29,326,176,162,6,8,150,83,12,55
S01012777,710,566,485,51,30,144,39,33,72,338,273,220,35,18,65,18,20,27,372,293,265,16,12,79,21,13,45
S01012778,543,385,311,24,50,158,55,19,84,255,183,135,17,31,72,21,10,41,288,202,176,7,19,86,34,9,43
S01012779,340,244,189,21,34,96,33,11,52,160,120,84,17,19,40,16,6,18,180,124,105,4,15,56,17,5,34
S01012780,567,335,268,19,48,232,116,23,93,242,162,119,14,29,80,44,12,24,325,173,149,5,19,152,72,11,69
S01012781,554,360,300,39,21,194,128,26,40,274,189,154,23,12,85,54,16,15,280,171,146,16,9,109,74,10,25
S01012782,509,291,231,16,44,218,113,14,91,243,149,105,15,29,94,48,8,38,266,142,126,1,15,124,65,6,53
S01012783,558,351,269,22,60,207,94,19,94,258,169,115,19,35,89,43,10,36,300,182,154,3,25,118,51,9,58
S01012784,629,408,344,17,47,221,126,11,84,309,216,169,15,32,93,56,4,33,320,192,175,2,15,128,70,7,51
S01012785,617,341,260,20,61,276,156,11,109,286,175,122,14,39,111,56,4,51,331,166,138,6,22,165,100,7,58
S01012786,589,347,242,15,90,242,103,39,100,288,180,115,13,52,108,38,21,49,301,167,127,2,38,134,65,18,51
S01012787,447,332,293,24,15,115,45,13,57,211,162,132,19,11,49,13,11,25,236,170,161,5,4,66,32,2,32
S01012788,495,300,227,20,53,195,69,20,106,246,170,117,17,36,76,37,8,31,249,130,110,3,17,119,32,12,75
S01012789,619,389,317,40,32,230,150,25,55,305,204,153,31,20,101,63,14,24,314,185,164,9,12,129,87,11,31
S01012790,507,368,319,37,12,139,110,11,18,230,176,145,29,2,54,41,6,7,277,192,174,8,10,85,69,5,11
S01012791,607,332,284,36,12,275,218,21,36,283,176,139,27,10,107,81,14,12,324,156,145,9,2,168,137,7,24
S01012792,872,465,387,37,41,407,294,18,95,396,228,175,25,28,168,111,11,46,476,237,212,12,13,239,183,7,49
S01012793,690,356,264,23,69,334,132,67,135,375,200,133,21,46,175,53,42,80,315,156,131,2,23,159,79,25,55
S01012794,551,361,301,39,21,190,138,9,43,279,205,161,29,15,74,57,5,12,272,156,140,10,6,116,81,4,31
S01012795,868,494,377,41,76,374,209,37,128,397,258,177,30,51,139,81,11,47,471,236,200,11,25,235,128,26,81
S01012796,611,449,365,37,47,162,85,15,62,297,232,186,25,21,65,34,8,23,314,217,179,12,26,97,51,7,39
S01012797,548,389,317,18,54,159,68,23,68,241,186,140,16,30,55,29,10,16,307,203,177,2,24,104,39,13,52
S01012798,593,359,275,67,17,234,162,33,39,286,188,133,47,8,98,67,23,8,307,171,142,20,9,136,95,10,31
S01012799,666,388,294,83,11,278,214,25,39,321,213,151,57,5,108,77,17,14,345,175,143,26,6,170,137,8,25
S01012800,734,474,350,100,24,260,173,34,53,353,249,168,68,13,104,72,18,14,381,225,182,32,11,156,101,16,39
S01012801,390,202,150,40,12,188,160,12,16,169,102,68,28,6,67,57,6,4,221,100,82,12,6,121,103,6,12
S01012802,486,331,241,74,16,155,88,29,38,241,176,116,50,10,65,42,17,6,245,155,125,24,6,90,46,12,32
S01012803,573,383,333,33,17,190,123,39,28,282,198,158,29,11,84,52,25,7,291,185,175,4,6,106,71,14,21
S01012804,624,392,309,46,37,232,138,23,71,279,197,142,32,23,82,48,11,23,345,195,167,14,14,150,90,12,48
S01012805,742,479,395,32,52,263,166,29,68,329,233,179,25,29,96,62,13,21,413,246,216,7,23,167,104,16,47
S01012806,583,385,309,40,36,198,107,24,67,272,204,159,29,16,68,33,10,25,311,181,150,11,20,130,74,14,42
S01012807,474,329,254,68,7,145,98,25,22,225,173,123,46,4,52,41,8,3,249,156,131,22,3,93,57,17,19
S01012808,873,545,425,85,35,328,236,28,64,401,284,205,56,23,117,81,15,21,472,261,220,29,12,211,155,13,43
S01012809,531,351,292,31,28,180,114,24,42,271,191,148,24,19,80,43,19,18,260,160,144,7,9,100,71,5,24
S01012810,786,425,337,38,50,361,231,25,105,354,215,154,28,33,139,73,17,49,432,210,183,10,17,222,158,8,56
S01012811,663,388,318,37,33,275,199,25,51,312,209,167,24,18,103,71,11,21,351,179,151,13,15,172,128,14,30
S01012812,557,400,342,41,17,157,94,19,44,261,199,159,28,12,62,40,6,16,296,201,183,13,5,95,54,13,28
S01012813,768,455,378,63,14,313,246,25,42,363,244,189,43,12,119,101,9,9,405,211,189,20,2,194,145,16,33
S01012814,640,513,437,50,26,127,70,21,36,314,270,216,38,16,44,26,9,9,326,243,221,12,10,83,44,12,27
S01012815,625,539,467,48,24,86,29,15,42,303,272,221,37,14,31,11,11,9,322,267,246,11,10,55,18,4,33
S01012816,434,336,274,41,21,98,43,22,33,204,174,127,35,12,30,14,5,11,230,162,147,6,9,68,29,17,22
S01012817,383,334,290,34,10,49,12,15,22,190,172,141,25,6,18,6,7,5,193,162,149,9,4,31,6,8,17
S01012818,627,471,401,45,25,156,72,35,49,302,241,194,31,16,61,37,13,11,325,230,207,14,9,95,35,22,38
S01012819,606,327,258,16,53,279,148,22,109,277,170,125,10,35,107,56,10,41,329,157,133,6,18,172,92,12,68
S01012820,778,660,549,71,40,118,38,30,50,382,338,260,51,27,44,18,12,14,396,322,289,20,13,74,20,18,36
S01012821,553,455,367,56,32,98,18,27,53,278,245,185,40,20,33,9,12,12,275,210,182,16,12,65,9,15,41
S01012822,365,218,158,13,47,147,48,11,88,175,110,66,8,36,65,22,7,36,190,108,92,5,11,82,26,4,52
S01012823,635,525,447,46,32,110,36,28,46,322,275,225,30,20,47,15,13,19,313,250,222,16,12,63,21,15,27
S01012824,521,372,317,30,25,149,90,24,35,243,179,140,21,18,64,39,12,13,278,193,177,9,7,85,51,12,22
S01012825,420,240,204,10,26,180,94,12,74,221,135,110,8,17,86,39,7,40,199,105,94,2,9,94,55,5,34
S01012826,439,285,206,16,63,154,20,32,102,190,125,80,10,35,65,10,18,37,249,160,126,6,28,89,10,14,65
S01012827,478,403,349,37,17,75,16,20,39,244,215,183,23,9,29,10,10,9,234,188,166,14,8,46,6,10,30
S01012828,462,402,354,34,14,60,26,11,23,236,213,179,23,11,23,10,7,6,226,189,175,11,3,37,16,4,17
S01012829,653,397,306,31,60,256,129,13,114,287,194,135,26,33,93,49,3,41,366,203,171,5,27,163,80,10,73
S01012830,565,327,261,40,26,238,131,17,90,261,169,124,29,16,92,50,9,33,304,158,137,11,10,146,81,8,57
S01012831,560,263,212,23,28,297,202,11,84,263,148,111,18,19,115,74,4,37,297,115,101,5,9,182,128,7,47
S01012832,436,288,228,32,28,148,82,16,50,197,136,99,20,17,61,38,6,17,239,152,129,12,11,87,44,10,33
S01012833,572,306,247,13,46,266,138,25,103,250,133,100,9,24,117,58,10,49,322,173,147,4,22,149,80,15,54
S01012834,561,335,249,39,47,226,130,13,83,260,174,112,31,31,86,43,5,38,301,161,137,8,16,140,87,8,45
S01012835,771,429,355,39,35,342,205,19,118,376,217,164,31,22,159,85,10,64,395,212,191,8,13,183,120,9,54
S01012836,527,405,339,54,12,122,52,27,43,232,198,150,44,4,34,10,11,13,295,207,189,10,8,88,42,16,30
S01012837,579,355,236,20,99,224,65,26,133,297,193,115,16,62,104,31,12,61,282,162,121,4,37,120,34,14,72
S01012838,708,425,284,17,124,283,78,23,182,344,224,139,12,73,120,35,9,76,364,201,145,5,51,163,43,14,106
S01012839,578,424,359,49,16,154,105,14,35,272,211,158,42,11,61,43,5,13,306,213,201,7,5,93,62,9,22
S01012840,584,476,409,52,15,108,55,21,32,297,254,203,40,11,43,26,11,6,287,222,206,12,4,65,29,10,26
S01012841,497,358,299,39,20,139,104,8,27,247,192,150,29,13,55,45,1,9,250,166,149,10,7,84,59,7,18
S01012842,407,309,271,29,9,98,62,13,23,196,153,125,21,7,43,31,6,6,211,156,146,8,2,55,31,7,17
S01012843,774,511,419,72,20,263,189,31,43,367,261,201,51,9,106,77,15,14,407,250,218,21,11,157,112,16,29
S01012844,561,387,301,70,16,174,105,36,33,283,206,147,51,8,77,52,16,9,278,181,154,19,8,97,53,20,24
S01012845,554,348,269,62,17,206,119,30,57,263,171,127,35,9,92,51,15,26,291,177,142,27,8,114,68,15,31
S01012846,807,406,323,36,47,401,280,17,104,376,218,163,28,27,158,111,9,38,431,188,160,8,20,243,169,8,66
S01012847,456,288,232,34,22,168,112,18,38,208,141,104,23,14,67,46,7,14,248,147,128,11,8,101,66,11,24
S01012848,582,404,333,50,21,178,110,15,53,275,217,168,37,12,58,40,4,14,307,187,165,13,9,120,70,11,39
S01012849,564,388,333,18,37,176,88,9,79,258,189,153,15,21,69,37,3,29,306,199,180,3,16,107,51,6,50
S01012850,623,332,282,23,27,291,199,10,82,293,174,140,17,17,119,79,4,36,330,158,142,6,10,172,120,6,46
S01012851,698,398,331,39,28,300,192,29,79,311,192,143,32,17,119,69,14,36,387,206,188,7,11,181,123,15,43
S01012852,592,382,322,39,21,210,163,21,26,278,188,147,32,9,90,74,5,11,314,194,175,7,12,120,89,16,15
S01012853,688,404,337,45,22,284,227,16,41,325,209,157,37,15,116,95,6,15,363,195,180,8,7,168,132,10,26
S01012854,695,512,441,48,23,183,132,20,31,319,249,205,31,13,70,47,11,12,376,263,236,17,10,113,85,9,19
S01012855,539,425,360,38,27,114,63,14,37,268,212,173,22,17,56,29,9,18,271,213,187,16,10,58,34,5,19
S01012856,608,326,273,26,27,282,192,10,80,296,185,141,21,23,111,64,4,43,312,141,132,5,4,171,128,6,37
S01012857,765,345,293,18,34,420,294,17,109,329,171,132,16,23,158,95,10,53,436,174,161,2,11,262,199,7,56
S01012858,621,370,309,26,35,251,123,20,108,296,194,152,19,23,102,44,11,47,325,176,157,7,12,149,79,9,61
S01012859,845,565,444,58,63,280,132,48,100,406,281,204,43,34,125,46,26,53,439,284,240,15,29,155,86,22,47
S01012860,948,403,332,52,19,545,380,33,132,386,190,147,33,10,196,130,14,52,562,213,185,19,9,349,250,19,80
S01012861,592,400,327,48,25,192,133,21,38,260,195,139,38,18,65,46,7,12,332,205,188,10,7,127,87,14,26
S01012862,519,284,227,16,41,235,124,26,85,259,154,115,13,26,105,46,17,42,260,130,112,3,15,130,78,9,43
S01012863,556,357,280,11,66,199,83,10,106,307,205,154,7,44,102,34,5,63,249,152,126,4,22,97,49,5,43
S01012864,660,417,319,28,70,243,109,24,110,323,211,137,26,48,112,49,19,44,337,206,182,2,22,131,60,5,66
S01012865,670,344,290,35,19,326,226,27,73,300,174,131,31,12,126,82,13,31,370,170,159,4,7,200,144,14,42
S01012866,638,413,340,28,45,225,124,40,61,291,191,144,20,27,100,50,22,28,347,222,196,8,18,125,74,18,33
S01012867,645,299,245,15,39,346,201,14,131,299,156,113,12,31,143,79,4,60,346,143,132,3,8,203,122,10,71
S01012868,501,298,234,19,45,203,120,10,73,260,164,117,17,30,96,51,6,39,241,134,117,2,15,107,69,4,34
S01012869,424,258,185,10,63,166,59,19,88,195,125,76,9,40,70,24,12,34,229,133,109,1,23,96,35,7,54
S01012870,806,469,397,48,24,337,236,21,80,392,242,183,41,18,150,100,16,34,414,227,214,7,6,187,136,5,46
S01012871,699,424,353,42,29,275,189,19,67,313,216,171,30,15,97,73,8,16,386,208,182,12,14,178,116,11,51
S01012872,577,414,353,27,34,163,88,21,54,288,217,173,24,20,71,44,11,16,289,197,180,3,14,92,44,10,38
S01012873,655,465,398,36,31,190,97,32,61,299,222,174,30,18,77,46,10,21,356,243,224,6,13,113,51,22,40
S01012874,638,373,297,30,46,265,144,27,94,291,187,138,21,28,104,46,18,40,347,186,159,9,18,161,98,9,54
S01012875,486,311,245,26,40,175,84,27,64,237,165,121,21,23,72,29,18,25,249,146,124,5,17,103,55,9,39
S01012876,665,348,295,21,32,317,196,25,96,294,161,125,17,19,133,80,12,41,371,187,170,4,13,184,116,13,55
S01012877,631,345,295,23,27,286,189,19,78,279,169,137,16,16,110,70,7,33,352,176,158,7,11,176,119,12,45
S01012878,774,548,459,64,25,226,156,27,43,356,275,215,46,14,81,54,14,13,418,273,244,18,11,145,102,13,30
S01012879,609,381,318,37,26,228,160,32,36,271,183,146,23,14,88,64,13,11,338,198,172,14,12,140,96,19,25
S01012880,759,463,385,60,18,296,218,33,45,357,245,193,40,12,112,81,19,12,402,218,192,20,6,184,137,14,33
S01012881,774,401,323,57,21,373,300,21,52,333,203,147,44,12,130,100,14,16,441,198,176,13,9,243,200,7,36
S01012882,494,291,230,22,39,203,110,22,71,232,152,108,16,28,80,43,11,26,262,139,122,6,11,123,67,11,45
S01012883,529,247,166,21,60,282,143,10,129,252,130,76,18,36,122,54,5,63,277,117,90,3,24,160,89,5,66
S01012884,451,224,173,27,24,227,155,16,56,205,117,81,21,15,88,57,8,23,246,107,92,6,9,139,98,8,33
S01012885,391,232,179,18,35,159,77,8,74,183,123,88,15,20,60,27,3,30,208,109,91,3,15,99,50,5,44
S01012886,651,410,345,45,20,241,167,18,56,311,212,169,31,12,99,71,11,17,340,198,176,14,8,142,96,7,39
S01012887,631,372,323,38,11,259,206,18,35,290,187,152,28,7,103,79,7,17,341,185,171,10,4,156,127,11,18
S01012888,694,396,317,60,19,298,233,28,37,324,204,149,41,14,120,95,13,12,370,192,168,19,5,178,138,15,25
S01012889,661,507,430,57,20,154,79,17,58,308,252,197,41,14,56,35,8,13,353,255,233,16,6,98,44,9,45
S01012890,549,322,254,24,44,227,92,26,109,250,168,121,18,29,82,34,19,29,299,154,133,6,15,145,58,7,80
S01012891,456,265,210,33,22,191,128,11,52,195,128,93,22,13,67,44,5,18,261,137,117,11,9,124,84,6,34
S01012892,930,521,410,31,80,409,213,26,170,430,260,185,25,50,170,80,10,80,500,261,225,6,30,239,133,16,90
S01012893,598,336,275,14,47,262,147,29,86,262,156,118,11,27,106,53,18,35,336,180,157,3,20,156,94,11,51
S01012894,606,446,365,56,25,160,68,22,70,290,225,170,42,13,65,23,10,32,316,221,195,14,12,95,45,12,38
S01012895,411,322,256,52,14,89,43,17,29,200,174,124,41,9,26,16,5,5,211,148,132,11,5,63,27,12,24
S01012896,761,416,333,35,48,345,245,16,84,374,225,165,29,31,149,101,9,39,387,191,168,6,17,196,144,7,45
S01012897,473,355,299,40,16,118,77,18,23,220,175,140,27,8,45,31,9,5,253,180,159,13,8,73,46,9,18
S01012898,401,345,295,38,12,56,19,17,20,192,174,145,23,6,18,7,7,4,209,171,150,15,6,38,12,10,16
S01012899,477,280,224,18,38,197,121,10,66,250,158,111,16,31,92,51,3,38,227,122,113,2,7,105,70,7,28
S01012900,618,320,251,54,15,298,246,14,38,279,177,130,38,9,102,88,6,8,339,143,121,16,6,196,158,8,30
S01012901,569,381,309,34,38,188,125,18,45,270,192,142,26,24,78,57,9,12,299,189,167,8,14,110,68,9,33
S01012902,629,426,345,35,46,203,132,16,55,312,232,168,28,36,80,50,8,22,317,194,177,7,10,123,82,8,33
S01012903,683,443,369,32,42,240,147,33,60,316,215,163,26,26,101,60,16,25,367,228,206,6,16,139,87,17,35
S01012904,633,414,337,36,41,219,126,25,68,289,207,161,25,21,82,51,13,18,344,207,176,11,20,137,75,12,50
S01012905,490,331,267,24,40,159,68,29,62,224,162,121,14,27,62,29,15,18,266,169,146,10,13,97,39,14,44
S01012906,783,537,459,40,38,246,181,19,46,358,274,217,34,23,84,62,9,13,425,263,242,6,15,162,119,10,33
S01012907,736,430,363,33,34,306,234,17,55,337,222,177,23,22,115,82,9,24,399,208,186,10,12,191,152,8,31
S01012908,603,338,278,20,40,265,174,24,67,265,172,128,17,27,93,59,5,29,338,166,150,3,13,172,115,19,38
S01012909,512,293,250,16,27,219,169,6,44,233,162,130,11,21,71,60,3,8,279,131,120,5,6,148,109,3,36
S01012910,774,420,325,40,55,354,228,21,105,382,243,174,30,39,139,79,9,51,392,177,151,10,16,215,149,12,54
S01012911,631,365,315,27,23,266,190,27,49,303,194,158,20,16,109,79,17,13,328,171,157,7,7,157,111,10,36
S01012912,580,319,264,25,30,261,196,10,55,256,157,117,21,19,99,74,4,21,324,162,147,4,11,162,122,6,34
S01012913,732,437,378,29,30,295,217,25,53,331,222,185,21,16,109,77,14,18,401,215,193,8,14,186,140,11,35
S01012914,711,457,380,40,37,254,152,25,77,366,259,200,30,29,107,63,15,29,345,198,180,10,8,147,89,10,48
S01012915,810,600,508,49,43,210,135,22,53,386,310,251,34,25,76,49,9,18,424,290,257,15,18,134,86,13,35
S01012916,572,325,278,22,25,247,188,29,30,287,174,143,19,12,113,85,21,7,285,151,135,3,13,134,103,8,23
S01012917,587,386,327,47,12,201,142,33,26,282,194,145,41,8,88,62,20,6,305,192,182,6,4,113,80,13,20
S01012918,417,278,242,18,18,139,107,6,26,214,150,124,15,11,64,46,3,15,203,128,118,3,7,75,61,3,11
S01012919,397,225,189,15,21,172,140,8,24,181,120,95,12,13,61,49,5,7,216,105,94,3,8,111,91,3,17
S01012920,506,283,220,44,19,223,189,18,16,249,148,105,33,10,101,83,14,4,257,135,115,11,9,122,106,4,12
S01012921,594,370,318,20,32,224,155,22,47,265,176,146,13,17,89,56,10,23,329,194,172,7,15,135,99,12,24
S01012922,784,545,468,32,45,239,155,28,56,368,270,222,25,23,98,62,11,25,416,275,246,7,22,141,93,17,31
S01012923,578,395,335,33,27,183,125,23,35,280,196,155,22,19,84,59,12,13,298,199,180,11,8,99,66,11,22
S01012924,422,286,237,32,17,136,79,22,35,222,158,126,20,12,64,37,14,13,200,128,111,12,5,72,42,8,22
S01012925,413,271,235,23,13,142,103,21,18,203,151,124,20,7,52,42,8,2,210,120,111,3,6,90,61,13,16
S01012926,593,411,343,46,22,182,120,24,38,291,210,161,37,12,81,52,15,14,302,201,182,9,10,101,68,9,24
S01012927,628,408,340,36,32,220,142,30,48,312,212,163,25,24,100,61,17,22,316,196,177,11,8,120,81,13,26
S01012928,675,433,371,37,25,242,176,32,34,314,231,187,28,16,83,65,12,6,361,202,184,9,9,159,111,20,28
S01012929,641,370,325,23,22,271,221,28,22,305,189,157,20,12,116,92,17,7,336,181,168,3,10,155,129,11,15
S01012930,779,410,333,44,33,369,305,9,55,366,233,179,33,21,133,104,2,27,413,177,154,11,12,236,201,7,28
S01012931,730,445,380,36,29,285,195,21,69,341,226,185,25,16,115,75,12,28,389,219,195,11,13,170,120,9,41
S01012932,423,281,218,46,17,142,95,23,24,201,146,101,34,11,55,40,10,5,222,135,117,12,6,87,55,13,19
S01012933,675,429,364,34,31,246,164,22,60,322,230,182,25,23,92,62,7,23,353,199,182,9,8,154,102,15,37
S01012934,605,317,260,35,22,288,211,11,66,277,170,131,23,16,107,80,6,21,328,147,129,12,6,181,131,5,45
S01012935,717,466,394,31,41,251,171,30,50,340,238,186,26,26,102,66,17,19,377,228,208,5,15,149,105,13,31
S01012936,619,382,318,38,26,237,170,22,45,288,197,151,30,16,91,70,5,16,331,185,167,8,10,146,100,17,29
S01012937,581,397,323,23,51,184,119,26,39,292,211,164,16,31,81,55,13,13,289,186,159,7,20,103,64,13,26
S01012938,600,348,276,44,28,252,201,23,28,279,178,128,35,15,101,83,12,6,321,170,148,9,13,151,118,11,22
S01012939,500,360,305,37,18,140,92,27,21,248,190,149,29,12,58,44,12,2,252,170,156,8,6,82,48,15,19
S01012940,579,432,360,61,11,147,91,26,30,277,224,173,42,9,53,36,9,8,302,208,187,19,2,94,55,17,22
S01012941,600,461,382,58,21,139,68,36,35,309,254,193,44,17,55,31,19,5,291,207,189,14,4,84,37,17,30
S01012942,624,392,325,22,45,232,127,32,73,280,195,147,16,32,85,49,14,22,344,197,178,6,13,147,78,18,51
S01012943,575,411,359,33,19,164,101,28,35,278,209,176,25,8,69,41,13,15,297,202,183,8,11,95,60,15,20
S01012944,418,263,224,28,11,155,109,25,21,203,132,107,18,7,71,44,19,8,215,131,117,10,4,84,65,6,13
S01012945,568,420,346,56,18,148,77,32,39,272,222,168,43,11,50,30,14,6,296,198,178,13,7,98,47,18,33
S01012946,691,522,450,51,21,169,99,38,32,340,268,218,36,14,72,42,18,12,351,254,232,15,7,97,57,20,20
S01012947,372,273,212,49,12,99,52,30,17,185,143,106,31,6,42,22,17,3,187,130,106,18,6,57,30,13,14
S01012948,572,422,352,50,20,150,95,28,27,267,194,145,34,15,73,44,16,13,305,228,207,16,5,77,51,12,14
S01012949,595,424,361,47,16,171,120,21,30,300,221,171,40,10,79,52,13,14,295,203,190,7,6,92,68,8,16
S01012950,678,542,460,57,25,136,56,50,30,346,292,234,41,17,54,29,20,5,332,250,226,16,8,82,27,30,25
S01012951,649,563,471,72,20,86,22,30,34,330,301,240,49,12,29,9,13,7,319,262,231,23,8,57,13,17,27
S01012952,525,297,188,106,3,228,137,38,53,263,180,105,74,1,83,55,18,10,262,117,83,32,2,145,82,20,43
S01012953,568,417,367,34,16,151,99,14,38,284,224,189,28,7,60,41,6,13,284,193,178,6,9,91,58,8,25
S01012954,392,307,259,26,22,85,54,15,16,202,169,130,21,18,33,24,8,1,190,138,129,5,4,52,30,7,15
S01012955,763,528,456,48,24,235,144,35,56,382,289,237,38,14,93,58,19,16,381,239,219,10,10,142,86,16,40
S01012956,851,432,357,35,40,419,299,31,89,381,221,175,25,21,160,108,13,39,470,211,182,10,19,259,191,18,50
S01012957,540,338,278,30,30,202,138,23,41,263,176,128,25,23,87,53,12,22,277,162,150,5,7,115,85,11,19
S01012958,435,315,263,31,21,120,70,15,35,213,164,128,24,12,49,31,8,10,222,151,135,7,9,71,39,7,25
S01012959,466,373,320,33,20,93,43,25,25,221,184,152,26,6,37,19,11,7,245,189,168,7,14,56,24,14,18
S01012960,502,350,285,27,38,152,81,24,47,231,176,132,18,26,55,32,14,9,271,174,153,9,12,97,49,10,38
S01012961,416,311,260,40,11,105,70,15,20,194,153,116,32,5,41,30,6,5,222,158,144,8,6,64,40,9,15
S01012962,555,395,340,36,19,160,126,19,15,271,204,160,30,14,67,59,7,1,284,191,180,6,5,93,67,12,14
S01012963,616,488,417,48,23,128,69,27,32,308,251,204,33,14,57,35,15,7,308,237,213,15,9,71,34,12,25
S01012964,449,380,322,43,15,69,26,26,17,220,197,156,32,9,23,12,10,1,229,183,166,11,6,46,14,16,16
S01012965,563,350,295,29,26,213,126,20,67,248,192,154,22,16,56,33,11,12,315,158,141,7,10,157,93,9,55
S01012966,593,420,351,45,24,173,132,17,24,266,208,159,37,12,58,44,8,6,327,212,192,8,12,115,88,9,18
S01012967,397,285,241,22,22,112,55,20,37,191,142,121,11,10,49,27,7,15,206,143,120,11,12,63,28,13,22
S01012968,517,365,301,31,33,152,83,12,57,249,190,146,25,19,59,37,3,19,268,175,155,6,14,93,46,9,38
S01012969,570,355,296,26,33,215,148,27,40,268,180,144,16,20,88,63,12,13,302,175,152,10,13,127,85,15,27
S01012970,489,337,280,30,27,152,93,14,45,235,182,140,23,19,53,35,5,13,254,155,140,7,8,99,58,9,32
S01012971,638,433,348,28,57,205,74,38,93,290,218,167,22,29,72,30,21,21,348,215,181,6,28,133,44,17,72
S01012972,612,398,334,33,31,214,124,17,73,277,205,163,25,17,72,42,8,22,335,193,171,8,14,142,82,9,51
S01012973,647,419,364,25,30,228,156,17,55,317,223,181,20,22,94,72,4,18,330,196,183,5,8,134,84,13,37
S01012974,884,458,367,38,53,426,311,22,93,403,245,180,30,35,158,111,10,37,481,213,187,8,18,268,200,12,56
S01012975,491,294,255,15,24,197,131,18,48,221,148,123,12,13,73,47,8,18,270,146,132,3,11,124,84,10,30
S01012976,427,266,222,16,28,161,108,16,37,203,139,110,13,16,64,49,7,8,224,127,112,3,12,97,59,9,29
S01012977,559,395,322,28,45,164,75,29,60,274,209,161,19,29,65,28,14,23,285,186,161,9,16,99,47,15,37
S01012978,647,427,339,33,55,220,107,33,80,307,217,160,25,32,90,48,15,27,340,210,179,8,23,130,59,18,53
S01012979,516,349,302,30,17,167,94,29,44,237,185,152,23,10,52,29,12,11,279,164,150,7,7,115,65,17,33
S01012980,527,373,307,23,43,154,90,19,45,252,187,148,14,25,65,41,8,16,275,186,159,9,18,89,49,11,29
S01012981,622,445,378,29,38,177,98,32,47,301,237,192,21,24,64,35,11,18,321,208,186,8,14,113,63,21,29
S01012982,662,460,401,20,39,202,144,15,43,308,223,185,16,22,85,62,8,15,354,237,216,4,17,117,82,7,28
S01012983,633,396,334,33,29,237,169,32,36,293,199,161,24,14,94,68,14,12,340,197,173,9,15,143,101,18,24
S01012984,530,368,316,26,26,162,107,25,30,241,185,151,20,14,56,37,10,9,289,183,165,6,12,106,70,15,21
S01012985,659,427,362,34,31,232,160,25,47,313,231,185,26,20,82,62,10,10,346,196,177,8,11,150,98,15,37
S01012986,626,396,344,25,27,230,143,18,69,300,207,174,19,14,93,56,10,27,326,189,170,6,13,137,87,8,42
S01012987,632,385,314,38,33,247,180,21,46,293,194,140,29,25,99,67,16,16,339,191,174,9,8,148,113,5,30
S01012988,744,421,357,31,33,323,239,30,54,326,215,178,21,16,111,81,13,17,418,206,179,10,17,212,158,17,37
S01012989,809,493,415,31,47,316,236,21,59,371,253,198,25,30,118,91,9,18,438,240,217,6,17,198,145,12,41
S01012990,516,302,262,17,23,214,152,23,39,221,146,120,12,14,75,49,11,15,295,156,142,5,9,139,103,12,24
S01012991,669,410,331,37,42,259,182,14,63,302,206,150,28,28,96,68,5,23,367,204,181,9,14,163,114,9,40
S01012992,659,394,332,26,36,265,190,21,54,286,201,157,20,24,85,55,13,17,373,193,175,6,12,180,135,8,37
S01012993,585,335,284,20,31,250,163,20,67,259,165,127,16,22,94,65,10,19,326,170,157,4,9,156,98,10,48
S01012994,760,477,381,37,59,283,180,28,75,369,271,198,29,44,98,57,16,25,391,206,183,8,15,185,123,12,50
S01012995,662,504,438,34,32,158,107,16,35,324,261,216,24,21,63,45,9,9,338,243,222,10,11,95,62,7,26
S01012996,550,422,352,36,34,128,68,20,40,254,208,163,28,17,46,23,11,12,296,214,189,8,17,82,45,9,28
S01012997,392,229,201,8,20,163,104,19,40,194,122,102,6,14,72,47,10,15,198,107,99,2,6,91,57,9,25
S01012998,837,597,509,54,34,240,142,36,62,388,294,239,38,17,94,57,21,16,449,303,270,16,17,146,85,15,46
S01012999,397,255,220,18,17,142,95,15,32,189,133,109,13,11,56,37,10,9,208,122,111,5,6,86,58,5,23
S01013000,549,345,290,25,30,204,160,9,35,250,174,137,21,16,76,59,4,13,299,171,153,4,14,128,101,5,22
S01013001,321,214,134,67,13,107,76,8,23,158,112,68,40,4,46,39,3,4,163,102,66,27,9,61,37,5,19
S01013002,405,261,178,75,8,144,100,22,22,205,148,93,52,3,57,41,14,2,200,113,85,23,5,87,59,8,20
S01013003,522,302,237,55,10,220,175,17,28,253,158,123,30,5,95,82,11,2,269,144,114,25,5,125,93,6,26
S01013004,533,338,252,72,14,195,138,28,29,239,170,116,48,6,69,51,10,8,294,168,136,24,8,126,87,18,21
S01013005,575,355,245,95,15,220,162,29,29,271,183,113,58,12,88,67,14,7,304,172,132,37,3,132,95,15,22
S01013006,503,327,235,78,14,176,109,31,36,248,185,125,49,11,63,45,11,7,255,142,110,29,3,113,64,20,29
S01013007,798,428,332,73,23,370,301,28,41,347,215,158,44,13,132,110,15,7,451,213,174,29,10,238,191,13,34
S01013008,616,367,272,71,24,249,189,23,37,273,188,132,47,9,85,68,11,6,343,179,140,24,15,164,121,12,31
S01013009,526,291,228,46,17,235,189,14,32,226,138,98,31,9,88,72,7,9,300,153,130,15,8,147,117,7,23
S01013010,481,329,210,105,14,152,105,20,27,242,176,99,68,9,66,47,13,6,239,153,111,37,5,86,58,7,21
S01013011,512,364,268,77,19,148,92,29,27,237,176,123,45,8,61,42,16,3,275,188,145,32,11,87,50,13,24
S01013012,540,321,259,48,14,219,141,34,44,234,155,119,25,11,79,51,19,9,306,166,140,23,3,140,90,15,35
S01013013,566,379,275,86,18,187,130,15,42,258,195,138,48,9,63,46,7,10,308,184,137,38,9,124,84,8,32
S01013014,607,362,251,88,23,245,174,19,52,288,195,123,57,15,93,71,9,13,319,167,128,31,8,152,103,10,39
S01013015,608,417,285,113,19,191,142,24,25,298,216,129,77,10,82,65,12,5,310,201,156,36,9,109,77,12,20
S01013016,497,340,217,111,12,157,106,20,31,246,181,93,80,8,65,47,11,7,251,159,124,31,4,92,59,9,24
S01013017,659,396,303,78,15,263,181,29,53,307,201,147,45,9,106,76,14,16,352,195,156,33,6,157,105,15,37
S01013018,770,499,360,113,26,271,197,19,55,361,255,165,76,14,106,82,6,18,409,244,195,37,12,165,115,13,37
S01013019,687,483,385,76,22,204,128,34,42,320,245,184,51,10,75,51,14,10,367,238,201,25,12,129,77,20,32
S01013020,405,254,221,21,12,151,112,3,36,183,128,104,15,9,55,36,2,17,222,126,117,6,3,96,76,1,19
S01013021,376,257,217,26,14,119,74,12,33,181,135,109,16,10,46,30,7,9,195,122,108,10,4,73,44,5,24
S01013022,324,231,192,19,20,93,43,13,37,154,113,90,12,11,41,17,12,12,170,118,102,7,9,52,26,1,25
S01013023,709,414,348,54,12,295,233,27,35,337,206,160,37,9,131,104,17,10,372,208,188,17,3,164,129,10,25
S01013024,422,255,206,36,13,167,133,16,18,197,129,102,22,5,68,53,10,5,225,126,104,14,8,99,80,6,13
S01013025,478,302,182,109,11,176,121,18,37,229,157,77,74,6,72,53,8,11,249,145,105,35,5,104,68,10,26
S01013026,812,545,472,38,35,267,160,16,91,412,282,231,25,26,130,82,5,43,400,263,241,13,9,137,78,11,48
S01013027,794,464,365,28,71,330,156,29,145,355,224,163,20,41,131,65,14,52,439,240,202,8,30,199,91,15,93
S01013028,393,287,218,52,17,106,52,14,40,201,163,119,37,7,38,23,7,8,192,124,99,15,10,68,29,7,32
S01013029,490,269,241,11,17,221,148,15,58,234,139,117,10,12,95,66,8,21,256,130,124,1,5,126,82,7,37
S01013030,481,315,247,27,41,166,81,13,72,229,163,122,19,22,66,35,3,28,252,152,125,8,19,100,46,10,44
S01013031,505,337,283,19,35,168,89,14,65,238,165,131,14,20,73,41,5,27,267,172,152,5,15,95,48,9,38
S01013032,571,478,409,52,17,93,33,14,46,280,250,206,35,9,30,13,6,11,291,228,203,17,8,63,20,8,35
S01013033,512,395,340,33,22,117,55,12,50,246,199,164,23,12,47,23,5,19,266,196,176,10,10,70,32,7,31
S01013034,576,365,316,19,30,211,136,10,65,267,173,143,16,14,94,62,4,28,309,192,173,3,16,117,74,6,37
S01013035,548,336,277,16,43,212,106,14,92,238,163,128,13,22,75,42,3,30,310,173,149,3,21,137,64,11,62
S01013036,605,413,317,27,69,192,84,19,89,279,204,147,19,38,75,32,7,36,326,209,170,8,31,117,52,12,53
S01013037,654,424,353,44,27,230,162,22,46,299,213,169,31,13,86,59,11,16,355,211,184,13,14,144,103,11,30
S01013038,811,512,427,36,49,299,189,25,85,379,264,206,28,30,115,69,17,29,432,248,221,8,19,184,120,8,56
S01013039,427,340,299,25,16,87,41,28,18,195,166,141,17,8,29,16,10,3,232,174,158,8,8,58,25,18,15
S01013040,544,305,255,32,18,239,180,20,39,253,162,128,22,12,91,63,11,17,291,143,127,10,6,148,117,9,22
S01013041,485,350,297,29,24,135,91,12,32,252,195,154,23,18,57,39,7,11,233,155,143,6,6,78,52,5,21
S01013042,650,475,391,57,27,175,85,30,60,318,237,175,43,19,81,37,22,22,332,238,216,14,8,94,48,8,38
S01013043,558,342,270,27,45,216,115,21,80,261,175,133,17,25,86,52,4,30,297,167,137,10,20,130,63,17,50
S01013044,649,405,336,27,42,244,134,29,81,302,210,163,24,23,92,48,11,33,347,195,173,3,19,152,86,18,48
S01013045,541,374,318,32,24,167,92,19,56,246,191,154,26,11,55,32,6,17,295,183,164,6,13,112,60,13,39
S01013046,421,250,220,14,16,171,100,24,47,201,125,102,9,14,76,45,12,19,220,125,118,5,2,95,55,12,28
S01013047,703,557,485,54,18,146,78,27,41,344,285,239,33,13,59,32,17,10,359,272,246,21,5,87,46,10,31
S01013048,684,539,486,26,27,145,102,16,27,348,288,250,18,20,60,46,7,7,336,251,236,8,7,85,56,9,20
S01013049,685,465,400,41,24,220,159,27,34,335,245,198,28,19,90,67,14,9,350,220,202,13,5,130,92,13,25
S01013050,649,364,293,35,36,285,160,19,106,306,185,141,20,24,121,66,6,49,343,179,152,15,12,164,94,13,57
S01013051,763,462,386,33,43,301,185,15,101,358,237,182,29,26,121,76,10,35,405,225,204,4,17,180,109,5,66
S01013052,637,348,298,23,27,289,201,13,75,274,162,133,17,12,112,83,7,22,363,186,165,6,15,177,118,6,53
S01013053,526,296,232,31,33,230,121,8,101,243,140,107,18,15,103,48,5,50,283,156,125,13,18,127,73,3,51
S01013054,577,358,300,32,26,219,159,16,44,278,183,144,23,16,95,69,9,17,299,175,156,9,10,124,90,7,27
S01013055,581,337,269,38,30,244,151,20,73,270,170,129,28,13,100,53,12,35,311,167,140,10,17,144,98,8,38
S01013056,774,461,371,54,36,313,194,19,100,352,230,166,38,26,122,71,7,44,422,231,205,16,10,191,123,12,56
S01013057,641,387,282,32,73,254,99,26,129,284,181,121,19,41,103,47,12,44,357,206,161,13,32,151,52,14,85
S01013058,420,355,305,33,17,65,26,16,23,203,180,147,21,12,23,7,10,6,217,175,158,12,5,42,19,6,17
S01013059,669,327,267,43,17,342,275,16,51,308,183,142,32,9,125,96,8,21,361,144,125,11,8,217,179,8,30
S01013060,449,251,196,41,14,198,152,15,31,220,141,99,31,11,79,59,10,10,229,110,97,10,3,119,93,5,21
S01013061,683,351,303,40,8,332,284,24,24,322,177,145,26,6,145,122,14,9,361,174,158,14,2,187,162,10,15
S01013062,746,388,297,79,12,358,280,33,45,337,208,152,50,6,129,105,20,4,409,180,145,29,6,229,175,13,41
S01013063,678,391,293,77,21,287,203,38,46,319,207,143,52,12,112,88,15,9,359,184,150,25,9,175,115,23,37
S01013064,714,412,340,39,33,302,210,20,72,342,217,168,26,23,125,76,10,39,372,195,172,13,10,177,134,10,33
S01013065,731,430,359,33,38,301,182,39,80,359,230,183,22,25,129,75,21,33,372,200,176,11,13,172,107,18,47
S01013066,614,411,323,43,45,203,123,20,60,296,212,159,27,26,84,48,13,23,318,199,164,16,19,119,75,7,37
S01013067,774,498,392,32,74,276,20,206,50,379,249,184,22,43,130,9,100,21,395,249,208,10,31,146,11,106,29
S01013068,659,418,311,29,78,241,66,87,88,314,212,140,22,50,102,36,32,34,345,206,171,7,28,139,30,55,54
S01013069,670,426,329,28,69,244,29,151,64,321,192,143,13,36,129,12,81,36,349,234,186,15,33,115,17,70,28
S01013070,561,312,249,16,47,249,39,159,51,274,153,118,13,22,121,17,83,21,287,159,131,3,25,128,22,76,30
S01013071,924,569,446,22,101,355,23,293,39,437,255,181,16,58,182,12,144,26,487,314,265,6,43,173,11,149,13
S01013072,433,237,195,9,33,196,86,16,94,207,121,92,7,22,86,38,10,38,226,116,103,2,11,110,48,6,56
S01013073,639,400,328,18,54,239,96,33,110,271,181,144,10,27,90,40,15,35,368,219,184,8,27,149,56,18,75
S01013074,526,307,216,33,58,219,79,26,114,241,156,99,21,36,85,22,15,48,285,151,117,12,22,134,57,11,66
S01013075,750,362,261,35,66,388,189,40,159,371,205,132,25,48,166,72,21,73,379,157,129,10,18,222,117,19,86
S01013076,652,381,281,40,60,271,38,206,27,312,201,141,27,33,111,17,89,5,340,180,140,13,27,160,21,117,22
S01013077,544,305,249,11,45,239,130,19,90,245,146,112,9,25,99,53,8,38,299,159,137,2,20,140,77,11,52
S01013078,436,264,203,18,43,172,61,24,87,202,135,99,11,25,67,24,9,34,234,129,104,7,18,105,37,15,53
S01013079,1086,644,524,75,45,442,128,54,260,399,313,245,50,18,86,47,30,9,687,331,279,25,27,356,81,24,251
S01013080,738,436,345,65,26,302,174,84,44,362,233,176,42,15,129,64,48,17,376,203,169,23,11,173,110,36,27
S01013081,548,346,282,46,18,202,160,12,30,254,181,139,33,9,73,60,6,7,294,165,143,13,9,129,100,6,23
S01013082,736,449,392,45,12,287,225,21,41,351,229,188,33,8,122,96,12,14,385,220,204,12,4,165,129,9,27
S01013083,2207,1093,686,40,367,1114,108,987,19,996,491,291,29,171,505,50,450,5,1211,602,395,11,196,609,58,537,14
S01013084,624,369,298,56,15,255,213,15,27,300,203,152,40,11,97,84,9,4,324,166,146,16,4,158,129,6,23
S01013085,596,233,177,28,28,363,180,146,37,253,125,91,15,19,128,54,66,8,343,108,86,13,9,235,126,80,29
S01013086,760,474,381,64,29,286,165,73,48,352,246,189,39,18,106,62,31,13,408,228,192,25,11,180,103,42,35
S01013087,689,374,260,92,22,315,175,99,41,316,196,130,54,12,120,73,40,7,373,178,130,38,10,195,102,59,34
S01013088,773,446,326,102,18,327,245,45,37,395,250,169,72,9,145,115,24,6,378,196,157,30,9,182,130,21,31
S01013089,633,364,307,33,24,269,186,37,46,291,193,162,19,12,98,72,12,14,342,171,145,14,12,171,114,25,32
S01013090,688,460,376,51,33,228,80,106,42,348,238,197,26,15,110,35,60,15,340,222,179,25,18,118,45,46,27
S01013091,462,302,263,22,17,160,28,107,25,241,162,132,17,13,79,9,62,8,221,140,131,5,4,81,19,45,17
S01013092,741,480,391,52,37,261,133,61,67,338,232,177,43,12,106,54,28,24,403,248,214,9,25,155,79,33,43
S01013093,410,240,168,65,7,170,137,19,14,202,137,96,36,5,65,54,7,4,208,103,72,29,2,105,83,12,10
S01013094,477,287,237,38,12,190,148,25,17,235,151,119,24,8,84,66,15,3,242,136,118,14,4,106,82,10,14
S01013095,632,422,358,57,7,210,116,43,51,313,236,196,36,4,77,50,23,4,319,186,162,21,3,133,66,20,47
S01013096,448,256,219,21,16,192,83,77,32,205,121,101,14,6,84,34,38,12,243,135,118,7,10,108,49,39,20
S01013097,494,358,261,88,9,136,83,13,40,236,184,128,52,4,52,34,9,9,258,174,133,36,5,84,49,4,31
S01013098,421,330,281,42,7,91,24,23,44,206,179,151,27,1,27,9,12,6,215,151,130,15,6,64,15,11,38
S01013099,791,446,349,72,25,345,265,24,56,359,231,175,39,17,128,99,12,17,432,215,174,33,8,217,166,12,39
S01013100,495,243,182,54,7,252,190,19,43,237,138,97,37,4,99,74,10,15,258,105,85,17,3,153,116,9,28
S01013101,835,482,377,55,50,353,245,27,81,378,241,172,36,33,137,93,13,31,457,241,205,19,17,216,152,14,50
S01013102,501,265,228,27,10,236,211,10,15,217,135,113,15,7,82,74,4,4,284,130,115,12,3,154,137,6,11
S01013103,619,458,376,58,24,161,104,29,28,296,225,180,34,11,71,47,20,4,323,233,196,24,13,90,57,9,24
S01013104,795,503,400,77,26,292,230,21,41,372,260,196,49,15,112,92,13,7,423,243,204,28,11,180,138,8,34
S01013105,732,438,344,76,18,294,221,29,44,349,235,172,50,13,114,85,18,11,383,203,172,26,5,180,136,11,33
S01013106,659,427,333,75,19,232,173,21,38,323,226,169,50,7,97,72,13,12,336,201,164,25,12,135,101,8,26
S01013107,556,352,263,80,9,204,158,16,30,286,188,123,57,8,98,77,12,9,270,164,140,23,1,106,81,4,21
S01013108,478,280,214,46,20,198,125,17,56,226,149,108,26,15,77,53,10,14,252,131,106,20,5,121,72,7,42
S01013109,888,600,425,152,23,288,172,31,85,450,326,205,107,14,124,68,17,39,438,274,220,45,9,164,104,14,46
S01013110,488,316,197,109,10,172,113,15,44,259,188,100,81,7,71,53,10,8,229,128,97,28,3,101,60,5,36
S01013111,376,236,155,75,6,140,94,27,19,177,122,67,51,4,55,34,14,7,199,114,88,24,2,85,60,13,12
S01013112,489,330,265,46,19,159,98,19,42,233,171,136,26,9,62,41,6,15,256,159,129,20,10,97,57,13,27
S01013113,680,380,295,60,25,300,216,15,69,308,189,128,44,17,119,85,6,28,372,191,167,16,8,181,131,9,41
S01013114,676,442,320,101,21,234,167,22,45,339,245,160,69,16,94,73,10,11,337,197,160,32,5,140,94,12,34
S01013115,574,327,241,66,20,247,198,9,40,264,169,122,38,9,95,73,5,17,310,158,119,28,11,152,125,4,23
S01013116,682,354,261,81,12,328,267,21,40,317,184,125,52,7,133,115,9,9,365,170,136,29,5,195,152,12,31
S01013117,510,373,297,63,13,137,81,17,39,255,200,153,39,8,55,36,10,9,255,173,144,24,5,82,45,7,30
S01013118,454,326,240,74,12,128,95,13,20,231,173,124,46,3,58,47,7,4,223,153,116,28,9,70,48,6,16
S01013119,668,413,249,150,14,255,179,19,57,321,212,114,91,7,109,82,6,21,347,201,135,59,7,146,97,13,36
S01013120,832,556,389,146,21,276,198,26,52,408,297,189,94,14,111,79,14,18,424,259,200,52,7,165,119,12,34
S01013121,332,250,162,66,22,82,48,5,29,164,131,76,41,14,33,19,1,13,168,119,86,25,8,49,29,4,16
S01013122,481,286,206,12,68,195,76,13,106,259,157,97,10,50,102,34,7,61,222,129,109,2,18,93,42,6,45
S01013123,614,389,314,17,58,225,116,21,88,275,188,137,12,39,87,44,9,34,339,201,177,5,19,138,72,12,54
S01013124,597,360,316,17,27,237,133,24,80,275,171,143,12,16,104,56,13,35,322,189,173,5,11,133,77,11,45
S01013125,688,360,283,41,36,328,219,27,82,309,192,132,34,26,117,78,9,30,379,168,151,7,10,211,141,18,52
S01013126,580,340,247,17,76,240,72,31,137,270,167,111,10,46,103,34,16,53,310,173,136,7,30,137,38,15,84
S01013127,625,345,253,19,73,280,105,22,153,258,164,107,15,42,94,39,12,43,367,181,146,4,31,186,66,10,110
S01013128,559,375,313,9,53,184,84,13,87,266,183,138,7,38,83,30,5,48,293,192,175,2,15,101,54,8,39
S01013129,972,576,483,32,61,396,242,26,128,435,286,232,27,27,149,89,14,46,537,290,251,5,34,247,153,12,82
S01013130,541,339,248,21,70,202,70,26,106,212,159,104,13,42,53,22,12,19,329,180,144,8,28,149,48,14,87
S01013131,507,350,290,14,46,157,62,23,72,229,166,125,10,31,63,23,9,31,278,184,165,4,15,94,39,14,41
S01013132,481,289,218,21,50,192,92,23,77,210,141,89,18,34,69,28,13,28,271,148,129,3,16,123,64,10,49
S01013133,774,380,310,19,51,394,236,23,135,355,196,144,16,36,159,87,6,66,419,184,166,3,15,235,149,17,69
S01013134,669,410,339,43,28,259,162,29,68,321,210,162,33,15,111,68,21,22,348,200,177,10,13,148,94,8,46
S01013135,604,348,269,20,59,256,97,27,132,267,155,105,17,33,112,41,17,54,337,193,164,3,26,144,56,10,78
S01013136,787,435,368,22,45,352,244,30,78,385,244,198,18,28,141,92,19,30,402,191,170,4,17,211,152,11,48
S01013137,627,340,280,24,36,287,179,28,80,300,178,132,21,25,122,71,18,33,327,162,148,3,11,165,108,10,47
S01013138,517,320,233,17,70,197,79,18,100,213,150,102,12,36,63,26,10,27,304,170,131,5,34,134,53,8,73
S01013139,710,370,279,22,69,340,174,34,132,342,196,121,17,58,146,72,19,55,368,174,158,5,11,194,102,15,77
S01013140,672,350,278,24,48,322,167,31,124,299,172,119,18,35,127,60,15,52,373,178,159,6,13,195,107,16,72
S01013141,539,294,233,17,44,245,154,18,73,248,149,105,14,30,99,55,12,32,291,145,128,3,14,146,99,6,41
S01013142,750,311,236,21,54,439,271,26,142,320,147,95,15,37,173,103,12,58,430,164,141,6,17,266,168,14,84
S01013143,728,423,358,27,38,305,186,37,82,347,208,164,18,26,139,83,26,30,381,215,194,9,12,166,103,11,52
S01013144,782,423,354,25,44,359,254,27,78,357,211,170,19,22,146,97,17,32,425,212,184,6,22,213,157,10,46
S01013145,608,326,275,22,29,282,171,23,88,286,172,135,17,20,114,68,16,30,322,154,140,5,9,168,103,7,58
S01013146,369,211,170,22,19,158,101,8,49,178,109,74,19,16,69,40,4,25,191,102,96,3,3,89,61,4,24
S01013147,595,360,304,37,19,235,151,31,53,285,194,150,29,15,91,53,16,22,310,166,154,8,4,144,98,15,31
S01013148,649,410,359,26,25,239,174,15,50,303,200,158,22,20,103,78,4,21,346,210,201,4,5,136,96,11,29
S01013149,692,445,394,20,31,247,152,43,52,302,220,185,16,19,82,55,13,14,390,225,209,4,12,165,97,30,38
S01013150,729,408,351,26,31,321,225,29,67,326,191,158,19,14,135,92,16,27,403,217,193,7,17,186,133,13,40
S01013151,476,314,268,31,15,162,112,17,33,222,162,129,23,10,60,44,9,7,254,152,139,8,5,102,68,8,26
S01013152,736,462,385,41,36,274,166,29,79,341,230,180,35,15,111,66,15,30,395,232,205,6,21,163,100,14,49
S01013153,677,375,289,22,64,302,122,38,142,311,196,137,19,40,115,43,15,57,366,179,152,3,24,187,79,23,85
S01013154,783,508,408,20,80,275,159,29,87,337,246,174,19,53,91,58,8,25,446,262,234,1,27,184,101,21,62
S01013155,666,438,340,22,76,228,56,38,134,292,206,148,18,40,86,22,17,47,374,232,192,4,36,142,34,21,87
S01013156,647,401,323,13,65,246,76,41,129,287,191,148,11,32,96,33,25,38,360,210,175,2,33,150,43,16,91
S01013157,740,451,353,19,79,289,106,45,138,328,215,158,15,42,113,40,27,46,412,236,195,4,37,176,66,18,92
S01013158,495,310,253,42,15,185,120,19,46,221,160,126,27,7,61,42,8,11,274,150,127,15,8,124,78,11,35
S01013159,604,388,331,37,20,216,161,23,32,300,207,161,32,14,93,69,16,8,304,181,170,5,6,123,92,7,24
S01013160,581,412,350,46,16,169,114,18,37,271,202,151,40,11,69,55,4,10,310,210,199,6,5,100,59,14,27
S01013161,836,548,469,37,42,288,180,27,81,407,288,233,27,28,119,71,14,34,429,260,236,10,14,169,109,13,47
S01013162,704,385,308,32,45,319,228,20,71,325,201,149,22,30,124,80,13,31,379,184,159,10,15,195,148,7,40
S01013163,577,425,377,26,22,152,94,21,37,285,224,185,25,14,61,44,7,10,292,201,192,1,8,91,50,14,27
S01013164,858,504,390,62,52,354,199,36,119,446,281,198,49,34,165,90,21,54,412,223,192,13,18,189,109,15,65
S01013165,772,437,361,45,31,335,239,25,71,358,220,168,34,18,138,95,15,28,414,217,193,11,13,197,144,10,43
S01013166,531,309,230,17,62,222,82,20,120,271,174,122,13,39,97,32,9,56,260,135,108,4,23,125,50,11,64
S01013167,529,351,234,19,98,178,59,11,108,278,197,121,13,63,81,26,2,53,251,154,113,6,35,97,33,9,55
S01013168,760,403,323,21,59,357,218,27,112,342,210,156,16,38,132,79,15,38,418,193,167,5,21,225,139,12,74
S01013169,723,358,291,31,36,365,230,20,115,337,194,146,20,28,143,93,10,40,386,164,145,11,8,222,137,10,75
S01013170,437,252,185,15,52,185,102,11,72,219,148,96,13,39,71,38,5,28,218,104,89,2,13,114,64,6,44
S01013171,523,366,306,30,30,157,85,29,43,241,180,138,24,18,61,35,12,14,282,186,168,6,12,96,50,17,29
S01013172,613,388,332,17,39,225,125,26,74,267,181,144,13,24,86,55,10,21,346,207,188,4,15,139,70,16,53
S01013173,658,466,411,25,30,192,117,24,51,319,230,194,20,16,89,49,13,27,339,236,217,5,14,103,68,11,24
S01013174,625,491,420,40,31,134,79,25,30,307,253,202,31,20,54,32,13,9,318,238,218,9,11,80,47,12,21
S01013175,659,475,420,34,21,184,111,20,53,311,235,198,25,12,76,45,10,21,348,240,222,9,9,108,66,10,32
S01013176,702,405,342,33,30,297,233,13,51,317,205,162,23,20,112,78,7,27,385,200,180,10,10,185,155,6,24
S01013177,532,357,316,23,18,175,129,19,27,267,190,160,17,13,77,53,13,11,265,167,156,6,5,98,76,6,16
S01013178,623,402,351,29,22,221,145,24,52,299,199,160,24,15,100,58,14,28,324,203,191,5,7,121,87,10,24
S01013179,706,439,362,48,29,267,165,26,76,334,223,166,38,19,111,69,11,31,372,216,196,10,10,156,96,15,45
S01013180,360,273,233,20,20,87,48,18,21,180,139,112,13,14,41,23,9,9,180,134,121,7,6,46,25,9,12
S01013181,611,384,339,24,21,227,156,18,53,287,196,162,18,16,91,62,7,22,324,188,177,6,5,136,94,11,31
S01013182,633,341,296,17,28,292,193,16,83,284,177,149,16,12,107,69,10,28,349,164,147,1,16,185,124,6,55
S01013183,706,483,428,31,24,223,144,20,59,365,266,223,27,16,99,66,12,21,341,217,205,4,8,124,78,8,38
S01013184,439,270,201,12,57,169,56,11,102,202,137,94,7,36,65,25,3,37,237,133,107,5,21,104,31,8,65
S01013185,618,386,309,15,62,232,136,14,82,270,188,141,10,37,82,48,6,28,348,198,168,5,25,150,88,8,54
S01013186,522,354,276,17,61,168,73,20,75,237,177,125,14,38,60,31,8,21,285,177,151,3,23,108,42,12,54
S01013187,659,411,332,20,59,248,113,33,102,306,199,156,12,31,107,46,17,44,353,212,176,8,28,141,67,16,58
S01013188,733,500,445,25,30,233,153,26,54,366,259,219,17,23,107,71,16,20,367,241,226,8,7,126,82,10,34
S01013189,524,340,296,26,18,184,133,19,32,249,171,142,19,10,78,55,8,15,275,169,154,7,8,106,78,11,17
S01013190,652,408,355,25,28,244,147,21,76,303,203,173,17,13,100,52,10,38,349,205,182,8,15,144,95,11,38
S01013191,834,619,542,46,31,215,133,37,45,406,318,264,34,20,88,56,18,14,428,301,278,12,11,127,77,19,31
S01013192,819,477,414,34,29,342,223,33,86,355,238,196,24,18,117,70,16,31,464,239,218,10,11,225,153,17,55
S01013193,557,389,335,29,25,168,116,11,41,264,202,166,19,17,62,42,7,13,293,187,169,10,8,106,74,4,28
S01013194,495,355,301,27,27,140,88,15,37,253,192,156,21,15,61,40,6,15,242,163,145,6,12,79,48,9,22
S01013195,891,569,489,38,42,322,201,36,85,434,303,259,22,22,131,68,16,47,457,266,230,16,20,191,133,20,38
S01013196,563,415,362,29,24,148,113,9,26,290,230,189,22,19,60,44,6,10,273,185,173,7,5,88,69,3,16
S01013197,502,270,231,24,15,232,188,16,28,231,146,117,17,12,85,66,10,9,271,124,114,7,3,147,122,6,19
S01013198,701,383,299,41,43,318,198,21,99,318,198,136,34,28,120,73,9,38,383,185,163,7,15,198,125,12,61
S01013199,816,442,346,65,31,374,265,27,82,379,225,157,47,21,154,108,10,36,437,217,189,18,10,220,157,17,46
S01013200,597,342,278,28,36,255,150,18,87,259,170,135,16,19,89,48,12,29,338,172,143,12,17,166,102,6,58
S01013201,600,337,247,16,74,263,107,16,140,287,182,123,12,47,105,44,7,54,313,155,124,4,27,158,63,9,86
S01013202,466,269,193,12,64,197,100,24,73,217,139,95,8,36,78,49,7,22,249,130,98,4,28,119,51,17,51
S01013203,576,353,283,16,54,223,116,19,88,280,187,143,12,32,93,48,11,34,296,166,140,4,22,130,68,8,54
S01013204,633,467,404,19,44,166,97,23,46,304,237,198,12,27,67,44,8,15,329,230,206,7,17,99,53,15,31
S01013205,463,278,204,12,62,185,72,27,86,214,144,100,9,35,70,27,16,27,249,134,104,3,27,115,45,11,59
S01013206,519,300,242,13,45,219,103,27,89,250,165,123,10,32,85,39,12,34,269,135,119,3,13,134,64,15,55
S01013207,664,392,305,48,39,272,152,21,99,314,188,128,34,26,126,70,10,46,350,204,177,14,13,146,82,11,53
S01013208,741,447,364,27,56,294,100,33,161,351,230,175,19,36,121,43,14,64,390,217,189,8,20,173,57,19,97
S01013209,708,421,351,36,34,287,199,13,75,323,208,162,28,18,115,86,5,24,385,213,189,8,16,172,113,8,51
S01013210,512,339,279,38,22,173,128,19,26,255,176,137,28,11,79,57,14,8,257,163,142,10,11,94,71,5,18
S01013211,733,497,433,29,35,236,144,14,78,351,246,206,19,21,105,59,11,35,382,251,227,10,14,131,85,3,43
S01013212,473,397,349,31,17,76,30,28,18,249,209,177,24,8,40,15,19,6,224,188,172,7,9,36,15,9,12
S01013213,459,359,295,44,20,100,58,26,16,228,185,135,35,15,43,29,10,4,231,174,160,9,5,57,29,16,12
S01013214,348,284,251,23,10,64,37,14,13,176,151,125,19,7,25,16,6,3,172,133,126,4,3,39,21,8,10
S01013215,650,481,413,26,42,169,92,14,63,328,250,202,20,28,78,43,7,28,322,231,211,6,14,91,49,7,35
S01013216,451,305,249,16,40,146,53,18,75,212,152,119,13,20,60,26,9,25,239,153,130,3,20,86,27,9,50
S01013217,542,365,315,18,32,177,88,25,64,244,182,149,15,18,62,34,9,19,298,183,166,3,14,115,54,16,45
S01013218,455,281,221,18,42,174,66,17,91,205,132,100,13,19,73,29,10,34,250,149,121,5,23,101,37,7,57
S01013219,424,275,219,12,44,149,56,15,78,192,137,102,10,25,55,27,5,23,232,138,117,2,19,94,29,10,55
S01013220,524,297,230,18,49,227,125,14,88,251,157,117,12,28,94,55,4,35,273,140,113,6,21,133,70,10,53
S01013221,721,447,351,46,50,274,150,31,93,337,221,162,33,26,116,70,16,30,384,226,189,13,24,158,80,15,63
S01013222,477,249,198,18,33,228,121,16,91,204,120,86,13,21,84,40,10,34,273,129,112,5,12,144,81,6,57
S01013223,938,519,399,46,74,419,264,19,136,426,279,193,35,51,147,83,5,59,512,240,206,11,23,272,181,14,77
S01013224,674,458,382,33,43,216,105,20,91,326,233,181,23,29,93,41,11,41,348,225,201,10,14,123,64,9,50
S01013225,620,382,310,20,52,238,102,23,113,280,189,148,12,29,91,41,9,41,340,193,162,8,23,147,61,14,72
S01013226,402,312,265,22,25,90,51,16,23,188,153,123,15,15,35,20,7,8,214,159,142,7,10,55,31,9,15
S01013227,564,293,241,17,35,271,132,25,114,269,153,122,9,22,116,57,17,42,295,140,119,8,13,155,75,8,72
S01013228,606,409,318,39,52,197,105,9,83,300,218,156,30,32,82,39,5,38,306,191,162,9,20,115,66,4,45
S01013229,620,381,322,15,44,239,131,19,89,294,188,145,14,29,106,55,11,40,326,193,177,1,15,133,76,8,49
S01013230,563,297,269,14,14,266,196,17,53,261,152,130,14,8,109,82,10,17,302,145,139,0,6,157,114,7,36
S01013231,622,374,331,20,23,248,149,11,88,270,178,150,14,14,92,52,3,37,352,196,181,6,9,156,97,8,51
S01013232,603,320,275,20,25,283,178,17,88,280,170,136,15,19,110,66,8,36,323,150,139,5,6,173,112,9,52
S01013233,510,308,267,25,16,202,151,13,38,251,170,142,20,8,81,65,5,11,259,138,125,5,8,121,86,8,27
S01013234,311,241,208,28,5,70,36,12,22,157,127,102,22,3,30,17,7,6,154,114,106,6,2,40,19,5,16
S01013235,681,421,359,38,24,260,188,19,53,337,234,190,29,15,103,75,6,22,344,187,169,9,9,157,113,13,31
S01013236,763,425,334,65,26,338,256,23,59,360,218,165,39,14,142,105,11,26,403,207,169,26,12,196,151,12,33
S01013237,648,460,391,41,28,188,94,38,56,316,252,205,32,15,64,33,16,15,332,208,186,9,13,124,61,22,41
S01013238,627,329,244,18,67,298,149,16,133,290,166,112,16,38,124,59,8,57,337,163,132,2,29,174,90,8,76
S01013239,709,403,322,16,65,306,129,33,144,312,211,159,12,40,101,47,10,44,397,192,163,4,25,205,82,23,100
S01013240,433,249,189,15,45,184,74,12,98,199,128,88,13,27,71,27,6,38,234,121,101,2,18,113,47,6,60
S01013241,727,473,409,50,14,254,208,19,27,361,254,209,37,8,107,92,9,6,366,219,200,13,6,147,116,10,21
S01013242,509,321,216,92,13,188,136,24,28,250,168,93,69,6,82,57,19,6,259,153,123,23,7,106,79,5,22
S01013243,600,380,297,33,50,220,127,20,73,292,200,140,26,34,92,51,8,33,308,180,157,7,16,128,76,12,40
S01013244,617,319,255,29,35,298,195,24,79,288,169,127,20,22,119,80,10,29,329,150,128,9,13,179,115,14,50
S01013245,797,547,451,57,39,250,167,19,64,392,290,222,41,27,102,71,6,25,405,257,229,16,12,148,96,13,39
S01013246,366,252,212,30,10,114,64,6,44,174,134,107,22,5,40,24,4,12,192,118,105,8,5,74,40,2,32
S01013247,629,372,292,28,52,257,137,17,103,278,184,131,23,30,94,46,7,41,351,188,161,5,22,163,91,10,62
S01013248,511,314,249,16,49,197,111,10,76,243,162,116,13,33,81,41,5,35,268,152,133,3,16,116,70,5,41
S01013249,375,244,209,17,18,131,76,9,46,187,122,100,14,8,65,35,5,25,188,122,109,3,10,66,41,4,21
S01013250,705,503,359,113,31,202,125,20,57,353,270,178,75,17,83,57,12,14,352,233,181,38,14,119,68,8,43
S01013251,558,335,272,19,44,223,92,25,106,273,190,150,12,28,83,42,10,31,285,145,122,7,16,140,50,15,75
S01013252,546,349,277,37,35,197,106,12,79,272,194,146,24,24,78,51,4,23,274,155,131,13,11,119,55,8,56
S01013253,585,376,316,28,32,209,140,12,57,296,212,168,21,23,84,66,3,15,289,164,148,7,9,125,74,9,42
S01013254,499,295,237,26,32,204,106,11,87,238,161,124,15,22,77,36,4,37,261,134,113,11,10,127,70,7,50
S01013255,1200,497,403,51,43,703,157,27,519,837,283,217,37,29,554,63,16,475,363,214,186,14,14,149,94,11,44
S01013256,604,374,306,47,21,230,166,12,52,282,190,149,31,10,92,66,6,20,322,184,157,16,11,138,100,6,32
S01013257,696,392,324,41,27,304,220,25,59,331,206,160,30,16,125,92,10,23,365,186,164,11,11,179,128,15,36
S01013258,638,408,350,43,15,230,160,15,55,307,214,172,36,6,93,67,4,22,331,194,178,7,9,137,93,11,33
S01013259,678,444,365,35,44,234,148,14,72,324,235,181,25,29,89,62,6,21,354,209,184,10,15,145,86,8,51
S01013260,677,442,371,17,54,235,106,21,108,304,214,176,11,27,90,45,8,37,373,228,195,6,27,145,61,13,71
S01013261,622,399,331,25,43,223,117,25,81,294,213,167,19,27,81,53,9,19,328,186,164,6,16,142,64,16,62
S01013262,529,324,257,33,34,205,122,13,70,257,166,115,31,20,91,52,7,32,272,158,142,2,14,114,70,6,38
S01013263,407,293,243,40,10,114,71,17,26,205,161,135,24,2,44,31,9,4,202,132,108,16,8,70,40,8,22
S01013264,381,304,263,30,11,77,35,20,22,188,158,131,22,5,30,18,8,4,193,146,132,8,6,47,17,12,18
S01013265,485,399,326,55,18,86,31,29,26,243,211,167,33,11,32,16,14,2,242,188,159,22,7,54,15,15,24
S01013266,425,349,298,35,16,76,42,14,20,210,177,144,24,9,33,21,8,4,215,172,154,11,7,43,21,6,16
S01013267,462,277,222,24,31,185,105,19,61,206,130,100,15,15,76,41,8,27,256,147,122,9,16,109,64,11,34
S01013268,657,455,389,34,32,202,115,20,67,306,232,192,22,18,74,45,10,19,351,223,197,12,14,128,70,10,48
S01013269,748,598,511,60,27,150,82,26,42,366,311,259,38,14,55,30,14,11,382,287,252,22,13,95,52,12,31
S01013270,611,483,411,57,15,128,62,35,31,295,244,192,42,10,51,27,19,5,316,239,219,15,5,77,35,16,26
S01013271,501,308,246,50,12,193,154,19,20,247,170,134,31,5,77,69,5,3,254,138,112,19,7,116,85,14,17
S01013272,565,442,375,46,21,123,57,27,39,290,236,194,30,12,54,30,18,6,275,206,181,16,9,69,27,9,33
S01013273,641,553,462,76,15,88,34,21,33,331,301,240,49,12,30,15,13,2,310,252,222,27,3,58,19,8,31
S01013274,686,474,409,41,24,212,141,32,39,351,267,220,30,17,84,54,14,16,335,207,189,11,7,128,87,18,23
S01013275,569,382,309,60,13,187,138,15,34,265,203,156,39,8,62,50,6,6,304,179,153,21,5,125,88,9,28
S01013276,501,403,348,31,24,98,60,14,24,264,223,179,24,20,41,24,9,8,237,180,169,7,4,57,36,5,16
S01013277,719,477,425,26,26,242,119,36,87,327,240,212,16,12,87,47,15,25,392,237,213,10,14,155,72,21,62
S01013278,704,416,324,29,63,288,174,27,87,317,213,149,21,43,104,61,14,29,387,203,175,8,20,184,113,13,58
S01013279,550,352,294,17,41,198,79,28,91,246,174,133,15,26,72,30,16,26,304,178,161,2,15,126,49,12,65
S01013280,456,295,251,21,23,161,110,19,32,223,161,130,14,17,62,45,11,6,233,134,121,7,6,99,65,8,26
S01013281,741,471,383,34,54,270,160,21,89,330,242,181,24,37,88,59,7,22,411,229,202,10,17,182,101,14,67
S01013282,629,449,367,17,65,180,59,16,105,296,218,170,11,37,78,24,11,43,333,231,197,6,28,102,35,5,62
S01013283,535,413,364,23,26,122,41,19,62,289,237,203,18,16,52,20,7,25,246,176,161,5,10,70,21,12,37
S01013284,538,429,387,33,9,109,78,14,17,260,214,188,20,6,46,35,6,5,278,215,199,13,3,63,43,8,12
S01013285,542,409,377,18,14,133,78,29,26,256,199,174,16,9,57,33,15,9,286,210,203,2,5,76,45,14,17
S01013286,556,419,373,35,11,137,88,22,27,276,212,180,24,8,64,42,16,6,280,207,193,11,3,73,46,6,21
S01013287,634,504,442,51,11,130,74,29,27,317,267,226,36,5,50,29,16,5,317,237,216,15,6,80,45,13,22
S01013288,544,338,275,38,25,206,139,23,44,254,173,135,24,14,81,49,16,16,290,165,140,14,11,125,90,7,28
S01013289,594,412,313,84,15,182,123,23,36,285,210,154,50,6,75,57,13,5,309,202,159,34,9,107,66,10,31
S01013290,692,525,447,44,34,167,92,23,52,331,266,215,29,22,65,38,11,16,361,259,232,15,12,102,54,12,36
S01013291,527,441,372,47,22,86,37,16,33,264,227,188,30,9,37,15,10,12,263,214,184,17,13,49,22,6,21
S01013292,620,475,402,37,36,145,92,21,32,310,253,207,22,24,57,39,11,7,310,222,195,15,12,88,53,10,25
S01013293,582,429,361,51,17,153,101,37,15,285,218,169,39,10,67,46,18,3,297,211,192,12,7,86,55,19,12
S01013294,599,444,383,36,25,155,89,25,41,296,227,186,24,17,69,43,12,14,303,217,197,12,8,86,46,13,27
S01013295,627,482,419,42,21,145,85,27,33,302,235,198,26,11,67,42,14,11,325,247,221,16,10,78,43,13,22
S01013296,597,362,294,28,40,235,139,20,76,280,184,140,21,23,96,56,8,32,317,178,154,7,17,139,83,12,44
S01013297,575,375,313,35,27,200,141,18,41,265,194,147,30,17,71,49,6,16,310,181,166,5,10,129,92,12,25
S01013298,581,347,273,51,23,234,167,18,49,288,187,140,32,15,101,67,8,26,293,160,133,19,8,133,100,10,23
S01013299,822,569,485,38,46,253,161,27,65,374,268,219,25,24,106,68,19,19,448,301,266,13,22,147,93,8,46
S01013300,485,297,244,27,26,188,125,13,50,234,166,133,17,16,68,48,5,15,251,131,111,10,10,120,77,8,35
S01013301,409,263,213,22,28,146,91,5,50,199,137,105,16,16,62,37,3,22,210,126,108,6,12,84,54,2,28
S01013302,515,353,284,49,20,162,111,19,32,261,195,145,36,14,66,42,13,11,254,158,139,13,6,96,69,6,21
S01013303,761,459,393,37,29,302,235,18,49,367,247,201,26,20,120,93,11,16,394,212,192,11,9,182,142,7,33
S01013304,747,502,413,21,68,245,109,28,108,378,273,219,14,40,105,47,20,38,369,229,194,7,28,140,62,8,70
S01013305,790,511,450,24,37,279,166,19,94,390,272,230,17,25,118,67,11,40,400,239,220,7,12,161,99,8,54
S01013306,756,473,357,20,96,283,90,20,173,385,262,193,14,55,123,47,6,70,371,211,164,6,41,160,43,14,103
S01013307,815,554,435,27,92,261,98,37,126,404,301,227,20,54,103,37,21,45,411,253,208,7,38,158,61,16,81
S01013308,709,460,347,20,93,249,121,26,102,316,224,157,12,55,92,57,7,28,393,236,190,8,38,157,64,19,74
S01013309,493,369,319,31,19,124,51,12,61,253,203,173,19,11,50,24,5,21,240,166,146,12,8,74,27,7,40
S01013310,506,356,302,17,37,150,82,17,51,241,188,156,9,23,53,34,9,10,265,168,146,8,14,97,48,8,41
S01013311,619,419,343,29,47,200,96,25,79,286,213,167,20,26,73,38,12,23,333,206,176,9,21,127,58,13,56
S01013312,833,531,432,40,59,302,151,30,121,415,301,233,27,41,114,64,12,38,418,230,199,13,18,188,87,18,83
S01013313,538,343,287,20,36,195,108,24,63,248,176,139,13,24,72,41,12,19,290,167,148,7,12,123,67,12,44
S01013314,537,328,287,21,20,209,138,16,55,241,160,135,14,11,81,56,9,16,296,168,152,7,9,128,82,7,39
S01013315,382,319,270,39,10,63,26,13,24,192,168,135,28,5,24,13,8,3,190,151,135,11,5,39,13,5,21
S01013316,548,331,279,40,12,217,161,14,42,255,169,134,27,8,86,68,7,11,293,162,145,13,4,131,93,7,31
S01013317,459,311,273,25,13,148,112,13,23,229,170,150,12,8,59,44,10,5,230,141,123,13,5,89,68,3,18
S01013318,480,375,334,22,19,105,62,10,33,240,198,168,16,14,42,28,5,9,240,177,166,6,5,63,34,5,24
S01013319,430,330,281,29,20,100,45,17,38,214,176,146,18,12,38,18,9,11,216,154,135,11,8,62,27,8,27
S01013320,733,632,551,53,28,101,34,30,37,364,322,280,29,13,42,16,18,8,369,310,271,24,15,59,18,12,29
S01013321,368,231,193,10,28,137,89,5,43,169,118,97,7,14,51,31,2,18,199,113,96,3,14,86,58,3,25
S01013322,642,412,362,26,24,230,137,33,60,301,210,178,16,16,91,54,24,13,341,202,184,10,8,139,83,9,47
S01013323,770,516,426,31,59,254,126,30,98,370,262,212,17,33,108,53,16,39,400,254,214,14,26,146,73,14,59
S01013324,500,332,263,17,52,168,70,26,72,242,178,139,11,28,64,33,4,27,258,154,124,6,24,104,37,22,45
S01013325,662,399,321,24,54,263,92,27,144,270,176,137,14,25,94,36,10,48,392,223,184,10,29,169,56,17,96
S01013326,429,281,223,17,41,148,65,20,63,193,146,108,12,26,47,23,3,21,236,135,115,5,15,101,42,17,42
S01013327,542,382,300,30,52,160,69,18,73,253,194,142,18,34,59,29,8,22,289,188,158,12,18,101,40,10,51
S01013328,480,319,269,18,32,161,61,20,80,235,172,138,11,23,63,26,12,25,245,147,131,7,9,98,35,8,55
S01013329,435,268,230,14,24,167,100,19,48,210,141,110,10,21,69,39,13,17,225,127,120,4,3,98,61,6,31
S01013330,819,688,621,44,23,131,50,27,54,419,374,332,28,14,45,23,9,13,400,314,289,16,9,86,27,18,41
S01013331,481,403,340,34,29,78,25,10,43,253,220,179,23,18,33,10,7,16,228,183,161,11,11,45,15,3,27
S01013332,536,364,302,27,35,172,108,16,48,246,185,143,21,21,61,41,5,15,290,179,159,6,14,111,67,11,33
S01013333,643,472,410,36,26,171,90,19,62,317,259,220,26,13,58,36,8,14,326,213,190,10,13,113,54,11,48
S01013334,570,397,324,26,47,173,62,15,96,270,199,159,17,23,71,30,10,31,300,198,165,9,24,102,32,5,65
S01013335,571,383,294,25,64,188,52,27,109,263,203,146,21,36,60,19,10,31,308,180,148,4,28,128,33,17,78
S01013336,660,435,342,30,63,225,74,22,129,317,216,162,21,33,101,32,10,59,343,219,180,9,30,124,42,12,70
S01013337,784,527,447,49,31,257,180,24,53,396,282,228,37,17,114,80,13,21,388,245,219,12,14,143,100,11,32
S01013338,388,313,262,36,15,75,22,26,27,195,172,135,29,8,23,9,9,5,193,141,127,7,7,52,13,17,22
S01013339,473,347,302,30,15,126,91,15,20,226,170,142,23,5,56,36,12,8,247,177,160,7,10,70,55,3,12
S01013340,695,471,400,53,18,224,151,28,45,341,242,191,38,13,99,69,16,14,354,229,209,15,5,125,82,12,31
S01013341,726,549,449,67,33,177,115,19,43,382,309,241,44,24,73,49,13,11,344,240,208,23,9,104,66,6,32
S01013342,516,330,281,13,36,186,109,6,71,267,184,153,10,21,83,41,3,39,249,146,128,3,15,103,68,3,32
S01013343,526,375,326,23,26,151,80,17,54,258,199,166,16,17,59,36,9,14,268,176,160,7,9,92,44,8,40
S01013344,654,336,289,22,25,318,163,32,123,298,179,148,16,15,119,63,14,42,356,157,141,6,10,199,100,18,81
S01013345,575,399,348,18,33,176,79,29,68,279,219,190,16,13,60,30,11,19,296,180,158,2,20,116,49,18,49
S01013346,621,501,440,31,30,120,49,29,42,315,264,225,17,22,51,25,16,10,306,237,215,14,8,69,24,13,32
S01013347,575,451,390,31,30,124,84,12,28,293,235,193,23,19,58,41,6,11,282,216,197,8,11,66,43,6,17
S01013348,343,282,241,33,8,61,21,17,23,168,146,116,24,6,22,10,9,3,175,136,125,9,2,39,11,8,20
S01013349,615,509,450,25,34,106,15,18,73,311,286,250,17,19,25,5,4,16,304,223,200,8,15,81,10,14,57
S01013350,551,395,329,28,38,156,88,19,49,265,206,171,15,20,59,34,7,18,286,189,158,13,18,97,54,12,31
S01013351,631,439,391,24,24,192,118,25,49,301,223,188,19,16,78,46,15,17,330,216,203,5,8,114,72,10,32
S01013352,715,496,432,35,29,219,135,27,57,329,248,213,24,11,81,57,11,13,386,248,219,11,18,138,78,16,44
S01013353,510,341,281,30,30,169,87,14,68,228,175,134,22,19,53,25,5,23,282,166,147,8,11,116,62,9,45
S01013354,589,419,366,36,17,170,127,13,30,286,209,173,29,7,77,59,7,11,303,210,193,7,10,93,68,6,19
S01013355,522,345,285,35,25,177,111,16,50,246,173,140,23,10,73,49,8,16,276,172,145,12,15,104,62,8,34
S01013356,583,393,295,32,66,190,102,16,72,291,204,137,25,42,87,52,9,26,292,189,158,7,24,103,50,7,46
S01013357,658,455,389,38,28,203,129,15,59,318,234,188,30,16,84,58,6,20,340,221,201,8,12,119,71,9,39
S01013358,677,428,360,39,29,249,174,16,59,319,223,178,28,17,96,68,10,18,358,205,182,11,12,153,106,6,41
S01013359,503,294,241,26,27,209,114,24,71,233,144,110,20,14,89,50,12,27,270,150,131,6,13,120,64,12,44
S01013360,573,341,272,23,46,232,141,11,80,267,176,131,16,29,91,57,2,32,306,165,141,7,17,141,84,9,48
S01013361,482,287,245,10,32,195,101,15,79,219,140,108,9,23,79,41,2,36,263,147,137,1,9,116,60,13,43
S01013362,389,221,185,15,21,168,105,16,47,160,105,88,10,7,55,36,5,14,229,116,97,5,14,113,69,11,33
S01013363,610,362,279,20,63,248,126,21,101,306,206,150,14,42,100,49,13,38,304,156,129,6,21,148,77,8,63
S01013364,719,487,424,37,26,232,133,18,81,358,271,227,25,19,87,56,7,24,361,216,197,12,7,145,77,11,57
S01013365,668,480,392,58,30,188,136,17,35,327,244,180,43,21,83,60,10,13,341,236,212,15,9,105,76,7,22
S01013366,699,530,463,45,22,169,83,33,53,337,270,224,34,12,67,38,13,16,362,260,239,11,10,102,45,20,37
S01013367,470,362,305,43,14,108,52,17,39,230,194,158,26,10,36,21,6,9,240,168,147,17,4,72,31,11,30
S01013368,639,402,317,52,33,237,165,18,54,308,210,156,36,18,98,68,6,24,331,192,161,16,15,139,97,12,30
S01013369,711,392,326,21,45,319,185,20,114,310,202,164,15,23,108,63,5,40,401,190,162,6,22,211,122,15,74
S01013370,499,276,221,13,42,223,130,15,78,237,156,117,8,31,81,52,2,27,262,120,104,5,11,142,78,13,51
S01013371,558,265,228,19,18,293,231,12,50,249,142,118,13,11,107,90,3,14,309,123,110,6,7,186,141,9,36
S01013372,843,520,396,23,101,323,156,32,135,392,263,188,21,54,129,68,18,43,451,257,208,2,47,194,88,14,92
S01013373,757,436,352,30,54,321,191,23,107,367,238,182,18,38,129,76,10,43,390,198,170,12,16,192,115,13,64
S01013374,747,415,308,24,83,332,182,17,133,335,208,137,19,52,127,71,4,52,412,207,171,5,31,205,111,13,81
S01013375,467,297,249,15,33,170,111,13,46,222,151,116,14,21,71,50,7,14,245,146,133,1,12,99,61,6,32
S01013376,480,279,228,20,31,201,136,5,60,231,153,118,14,21,78,55,4,19,249,126,110,6,10,123,81,1,41
S01013377,654,358,292,17,49,296,207,10,79,315,198,157,13,28,117,73,6,38,339,160,135,4,21,179,134,4,41
S01013378,788,540,428,34,78,248,151,33,64,377,281,208,26,47,96,60,12,24,411,259,220,8,31,152,91,21,40
S01013379,705,467,401,34,32,238,160,16,62,339,238,192,25,21,101,75,6,20,366,229,209,9,11,137,85,10,42
S01013380,126,54,38,15,1,72,30,3,39,50,32,20,12,0,18,11,3,4,76,22,18,3,1,54,19,0,35
S01013381,403,257,197,30,30,146,101,10,35,193,144,106,21,17,49,36,4,9,210,113,91,9,13,97,65,6,26
S01013382,446,320,273,31,16,126,85,12,29,224,177,152,18,7,47,32,7,8,222,143,121,13,9,79,53,5,21
S01013383,581,318,266,17,35,263,177,19,67,281,172,139,13,20,109,79,10,20,300,146,127,4,15,154,98,9,47
S01013384,619,355,300,30,25,264,174,13,77,289,181,144,22,15,108,75,5,28,330,174,156,8,10,156,99,8,49
S01013385,407,277,241,20,16,130,90,7,33,200,150,124,14,12,50,38,4,8,207,127,117,6,4,80,52,3,25
S01013386,689,481,422,42,17,208,145,25,38,337,246,205,29,12,91,61,17,13,352,235,217,13,5,117,84,8,25
S01013387,471,270,221,13,36,201,121,16,64,212,144,112,13,19,68,46,5,17,259,126,109,0,17,133,75,11,47
S01013388,639,348,284,37,27,291,226,13,52,295,187,136,30,21,108,85,5,18,344,161,148,7,6,183,141,8,34
S01013389,623,443,385,27,31,180,115,21,44,306,230,192,17,21,76,50,10,16,317,213,193,10,10,104,65,11,28
S01013390,382,251,210,19,22,131,83,5,43,195,136,106,18,12,59,38,2,19,187,115,104,1,10,72,45,3,24
S01013391,356,231,179,33,19,125,83,5,37,167,115,76,28,11,52,34,3,15,189,116,103,5,8,73,49,2,22
S01013392,549,490,425,50,15,59,22,16,21,275,251,211,32,8,24,11,9,4,274,239,214,18,7,35,11,7,17
S01013393,563,343,276,33,34,220,135,14,71,281,184,141,22,21,97,61,8,28,282,159,135,11,13,123,74,6,43
S01013394,534,313,255,23,35,221,105,18,98,254,173,136,11,26,81,43,6,32,280,140,119,12,9,140,62,12,66
S01013395,518,309,221,17,71,209,65,17,127,248,154,104,14,36,94,35,9,50,270,155,117,3,35,115,30,8,77
S01013396,501,455,386,53,16,46,13,12,21,250,235,194,34,7,15,6,6,3,251,220,192,19,9,31,7,6,18
S01013397,705,481,399,47,35,224,129,18,77,339,253,195,39,19,86,54,8,24,366,228,204,8,16,138,75,10,53
S01013398,446,372,326,24,22,74,31,22,21,229,203,171,13,19,26,15,9,2,217,169,155,11,3,48,16,13,19
S01013399,839,622,560,39,23,217,145,13,59,392,314,272,30,12,78,54,2,22,447,308,288,9,11,139,91,11,37
S01013400,537,379,319,27,33,158,87,11,60,268,206,165,22,19,62,36,4,22,269,173,154,5,14,96,51,7,38
S01013401,616,530,455,49,26,86,23,14,49,299,274,221,37,16,25,10,8,7,317,256,234,12,10,61,13,6,42
S01013402,769,688,625,43,20,81,18,20,43,379,356,318,29,9,23,7,10,6,390,332,307,14,11,58,11,10,37
S01013403,622,544,490,35,19,78,29,16,33,305,282,248,23,11,23,12,5,6,317,262,242,12,8,55,17,11,27
S01013404,422,337,297,20,20,85,20,23,42,204,170,144,12,14,34,10,12,12,218,167,153,8,6,51,10,11,30
S01013405,571,341,278,26,37,230,186,7,37,263,176,134,19,23,87,72,3,12,308,165,144,7,14,143,114,4,25
S01013406,505,313,254,13,46,192,112,11,69,234,156,116,10,30,78,47,8,23,271,157,138,3,16,114,65,3,46
S01013407,436,265,226,15,24,171,106,19,46,211,148,120,12,16,63,46,6,11,225,117,106,3,8,108,60,13,35
S01013408,519,310,241,18,51,209,143,15,51,234,159,117,14,28,75,57,7,11,285,151,124,4,23,134,86,8,40
S01013409,834,605,490,64,51,229,139,32,58,403,314,248,41,25,89,59,15,15,431,291,242,23,26,140,80,17,43
S01013410,486,336,260,15,61,150,48,22,80,215,164,125,12,27,51,20,7,24,271,172,135,3,34,99,28,15,56
S01013411,604,420,354,39,27,184,114,13,57,305,226,183,27,16,79,55,6,18,299,194,171,12,11,105,59,7,39
S01013412,661,445,368,29,48,216,107,18,91,327,223,174,24,25,104,51,6,47,334,222,194,5,23,112,56,12,44
S01013413,636,408,358,34,16,228,177,17,34,316,212,185,19,8,104,84,9,11,320,196,173,15,8,124,93,8,23
S01013414,766,415,343,33,39,351,267,8,76,343,210,168,28,14,133,101,4,28,423,205,175,5,25,218,166,4,48
S01013415,566,289,223,25,41,277,171,9,97,270,149,108,17,24,121,71,5,45,296,140,115,8,17,156,100,4,52
S01013416,491,306,247,22,37,185,86,18,81,244,166,127,15,24,78,40,7,31,247,140,120,7,13,107,46,11,50
S01013417,730,479,406,26,47,251,162,16,73,371,256,204,20,32,115,74,5,36,359,223,202,6,15,136,88,11,37
S01013418,510,343,276,37,30,167,93,21,53,258,187,149,21,17,71,39,12,20,252,156,127,16,13,96,54,9,33
S01013419,387,272,230,27,15,115,78,15,22,187,135,110,19,6,52,39,8,5,200,137,120,8,9,63,39,7,17
S01013420,468,331,296,15,20,137,99,7,31,218,167,144,10,13,51,38,4,9,250,164,152,5,7,86,61,3,22
S01013421,565,484,427,38,19,81,31,14,36,275,245,205,29,11,30,12,8,10,290,239,222,9,8,51,19,6,26
S01013422,591,395,339,30,26,196,127,17,52,266,198,157,23,18,68,43,7,18,325,197,182,7,8,128,84,10,34
S01013423,668,449,384,38,27,219,134,31,54,316,229,184,27,18,87,56,15,16,352,220,200,11,9,132,78,16,38
S01013424,386,283,248,26,9,103,77,12,14,187,149,120,21,8,38,28,6,4,199,134,128,5,1,65,49,6,10
S01013425,358,235,196,22,17,123,92,10,21,175,125,97,16,12,50,36,4,10,183,110,99,6,5,73,56,6,11
S01013426,671,409,332,33,44,262,160,14,88,318,212,159,22,31,106,66,7,33,353,197,173,11,13,156,94,7,55
S01013427,348,284,234,40,10,64,30,12,22,175,150,120,24,6,25,9,9,7,173,134,114,16,4,39,21,3,15
S01013428,739,491,389,39,63,248,98,30,120,375,271,203,32,36,104,44,15,45,364,220,186,7,27,144,54,15,75
S01013429,549,384,316,35,33,165,98,13,54,265,203,155,26,22,62,36,6,20,284,181,161,9,11,103,62,7,34
S01013430,552,401,329,41,31,151,101,4,46,267,210,159,31,20,57,41,2,14,285,191,170,10,11,94,60,2,32
S01013431,563,356,272,44,40,207,136,15,56,269,186,133,29,24,83,53,9,21,294,170,139,15,16,124,83,6,35
S01013432,591,392,306,59,27,199,111,13,75,280,195,138,43,14,85,49,6,30,311,197,168,16,13,114,62,7,45
S01013433,601,391,319,56,16,210,154,19,37,286,197,149,40,8,89,67,9,13,315,194,170,16,8,121,87,10,24
S01013434,421,311,213,89,9,110,63,21,26,210,170,104,59,7,40,25,11,4,211,141,109,30,2,70,38,10,22
S01013435,488,373,316,52,5,115,54,33,28,248,195,160,32,3,53,26,21,6,240,178,156,20,2,62,28,12,22
S01013436,662,458,392,41,25,204,116,33,55,305,225,182,28,15,80,52,13,15,357,233,210,13,10,124,64,20,40
S01013437,561,392,343,31,18,169,101,31,37,271,201,169,23,9,70,40,18,12,290,191,174,8,9,99,61,13,25
S01013438,469,287,225,36,26,182,111,14,57,223,148,104,24,20,75,49,6,20,246,139,121,12,6,107,62,8,37
S01013439,738,436,363,53,20,302,235,31,36,355,222,180,31,11,133,105,16,12,383,214,183,22,9,169,130,15,24
S01013440,827,502,427,61,14,325,232,42,51,406,265,216,39,10,141,110,21,10,421,237,211,22,4,184,122,21,41
S01013441,639,402,331,60,11,237,179,23,35,329,220,172,39,9,109,84,15,10,310,182,159,21,2,128,95,8,25
S01013442,633,450,392,46,12,183,110,23,50,296,221,182,33,6,75,53,11,11,337,229,210,13,6,108,57,12,39
S01013443,509,339,283,42,14,170,121,13,36,255,177,143,26,8,78,57,9,12,254,162,140,16,6,92,64,4,24
S01013444,814,510,402,69,39,304,220,18,66,372,255,184,45,26,117,78,11,28,442,255,218,24,13,187,142,7,38
S01013445,580,298,247,44,7,282,216,13,53,254,160,127,29,4,94,81,8,5,326,138,120,15,3,188,135,5,48
S01013446,578,363,304,28,31,215,147,17,51,275,197,151,21,25,78,57,9,12,303,166,153,7,6,137,90,8,39
S01013447,421,351,302,38,11,70,18,28,24,210,186,151,28,7,24,8,14,2,211,165,151,10,4,46,10,14,22
S01013448,688,389,321,50,18,299,246,17,36,324,206,165,30,11,118,100,10,8,364,183,156,20,7,181,146,7,28
S01013449,524,380,334,39,7,144,113,17,14,254,191,160,24,7,63,46,12,5,270,189,174,15,0,81,67,5,9
S01013450,470,356,324,23,9,114,74,13,27,229,185,162,14,9,44,34,7,3,241,171,162,9,0,70,40,6,24
S01013451,668,522,446,53,23,146,60,43,43,325,272,228,31,13,53,28,16,9,343,250,218,22,10,93,32,27,34
S01013452,606,436,360,59,17,170,104,33,33,307,233,191,32,10,74,51,18,5,299,203,169,27,7,96,53,15,28
S01013453,599,368,295,24,49,231,129,22,80,295,195,150,14,31,100,62,8,30,304,173,145,10,18,131,67,14,50
S01013454,600,425,350,60,15,175,128,12,35,297,227,179,39,9,70,56,6,8,303,198,171,21,6,105,72,6,27
S01013455,467,308,244,44,20,159,119,7,33,244,167,125,27,15,77,59,1,17,223,141,119,17,5,82,60,6,16
S01013456,649,406,336,29,41,243,170,20,53,311,209,161,21,27,102,66,11,25,338,197,175,8,14,141,104,9,28
S01013457,728,448,380,25,43,280,158,25,97,335,220,186,16,18,115,68,7,40,393,228,194,9,25,165,90,18,57
S01013458,588,418,335,45,38,170,117,13,40,305,232,175,32,25,73,51,6,16,283,186,160,13,13,97,66,7,24
S01013459,723,422,359,35,28,301,206,17,78,337,227,188,23,16,110,75,3,32,386,195,171,12,12,191,131,14,46
S01013460,653,413,342,33,38,240,154,14,72,309,210,160,25,25,99,67,9,23,344,203,182,8,13,141,87,5,49
S01013461,829,620,534,41,45,209,106,30,73,406,325,265,36,24,81,43,15,23,423,295,269,5,21,128,63,15,50
S01013462,681,539,474,42,23,142,81,19,42,335,274,235,28,11,61,38,7,16,346,265,239,14,12,81,43,12,26
S01013463,404,308,253,20,35,96,25,14,57,187,157,124,13,20,30,7,9,14,217,151,129,7,15,66,18,5,43
S01013464,620,374,326,37,11,246,189,18,39,286,185,158,22,5,101,77,9,15,334,189,168,15,6,145,112,9,24
S01013465,587,335,290,28,17,252,198,4,50,283,187,158,21,8,96,80,1,15,304,148,132,7,9,156,118,3,35
S01013466,401,203,140,35,28,198,60,117,21,170,114,78,26,10,56,25,27,4,231,89,62,9,18,142,35,90,17
S01013467,721,519,462,44,13,202,148,21,33,345,264,229,30,5,81,63,9,9,376,255,233,14,8,121,85,12,24
S01013468,586,334,274,35,25,252,182,12,58,255,170,127,26,17,85,59,5,21,331,164,147,9,8,167,123,7,37
S01013469,645,400,340,47,13,245,205,10,30,304,207,160,36,11,97,81,5,11,341,193,180,11,2,148,124,5,19
S01013470,577,381,318,26,37,196,96,20,80,281,202,159,15,28,79,35,12,32,296,179,159,11,9,117,61,8,48
S01013471,743,502,424,33,45,241,140,26,75,353,255,204,26,25,98,60,11,27,390,247,220,7,20,143,80,15,48
S01013472,469,374,313,43,18,95,47,15,33,230,197,162,27,8,33,17,8,8,239,177,151,16,10,62,30,7,25
S01013473,469,395,343,38,14,74,24,19,31,230,208,166,32,10,22,11,5,6,239,187,177,6,4,52,13,14,25
S01013474,465,362,314,35,13,103,60,18,25,224,181,151,24,6,43,27,7,9,241,181,163,11,7,60,33,11,16
S01013475,511,348,286,37,25,163,114,21,28,264,190,149,27,14,74,54,12,8,247,158,137,10,11,89,60,9,20
S01013476,538,341,295,24,22,197,143,13,41,262,175,137,21,17,87,64,7,16,276,166,158,3,5,110,79,6,25
S01013477,512,316,257,31,28,196,123,12,61,266,175,136,20,19,91,53,7,31,246,141,121,11,9,105,70,5,30
S01013478,671,502,414,47,41,169,68,24,77,341,269,202,40,27,72,26,11,35,330,233,212,7,14,97,42,13,42
S01013479,683,407,341,27,39,276,184,18,74,321,212,165,19,28,109,75,12,22,362,195,176,8,11,167,109,6,52
S01013480,566,322,274,21,27,244,179,10,55,264,165,133,18,14,99,73,4,22,302,157,141,3,13,145,106,6,33
S01013481,393,242,196,30,16,151,106,13,32,191,131,101,19,11,60,43,7,10,202,111,95,11,5,91,63,6,22
