,LC6121SC0001,LC6121SC0002,LC6121SC0003,LC6121SC0004,LC6121SC0005,LC6121SC0006,LC6121SC0007,LC6121SC0008,LC6121SC0009,LC6121SC0010,LC6121SC0011,LC6121SC0012,LC6121SC0013,LC6121SC0014,LC6121SC0015,LC6121SC0016,LC6121SC0017,LC6121SC0018,LC6121SC0019,LC6121SC0020,LC6121SC0021,LC6121SC0022,LC6121SC0023,LC6121SC0024,LC6121SC0025,LC6121SC0026,LC6121SC0027,LC6121SC0028,LC6121SC0029,LC6121SC0030
S92000003,3970530,344228,802545,513038,294610,326930,616404,514036,198630,360109,1939961,219866,345357,139574,205131,237551,224264,303586,95963,168669,2030569,124362,457188,373464,89479,89379,392140,210450,102667,191440
S01006506,692,111,180,88,58,50,79,54,28,44,344,74,70,23,35,38,37,34,17,16,348,37,110,65,23,12,42,20,11,28
S01006507,640,57,121,82,56,60,104,89,23,48,294,46,43,11,41,47,30,49,7,20,346,11,78,71,15,13,74,40,16,28
S01006508,530,82,137,99,39,54,51,35,5,28,272,57,59,33,24,44,19,23,4,9,258,25,78,66,15,10,32,12,1,19
S01006509,420,42,77,64,35,42,80,55,8,17,200,26,30,11,21,28,32,40,2,10,220,16,47,53,14,14,48,15,6,7
S01006510,455,46,106,61,29,46,75,40,18,34,226,29,43,19,21,34,30,26,8,16,229,17,63,42,8,12,45,14,10,18
S01006511,551,96,146,77,38,34,54,40,15,51,269,70,61,12,27,20,18,24,8,29,282,26,85,65,11,14,36,16,7,22
S01006512,340,78,85,36,38,15,30,18,4,36,178,52,39,3,25,9,15,10,1,24,162,26,46,33,13,6,15,8,3,12
S01006513,417,84,120,57,28,24,49,16,10,29,195,52,43,15,16,23,14,11,3,18,222,32,77,42,12,1,35,5,7,11
S01006514,709,172,216,86,46,27,35,23,18,86,349,125,83,21,26,21,7,13,2,51,360,47,133,65,20,6,28,10,16,35
S01006515,537,140,150,60,43,18,43,17,10,56,271,99,64,12,24,9,16,12,3,32,266,41,86,48,19,9,27,5,7,24
S01006516,423,99,115,34,48,16,36,11,4,60,207,65,41,6,29,12,14,8,2,30,216,34,74,28,19,4,22,3,2,30
S01006517,727,187,182,78,59,45,66,24,16,70,356,125,71,11,39,34,18,13,4,41,371,62,111,67,20,11,48,11,12,29
S01006518,464,124,133,49,47,17,37,5,7,45,225,86,51,15,27,12,9,1,2,22,239,38,82,34,20,5,28,4,5,23
S01006519,625,145,154,84,53,15,69,20,20,65,295,99,65,16,33,10,16,13,7,36,330,46,89,68,20,5,53,7,13,29
S01006520,497,156,144,49,23,14,32,8,11,60,252,114,57,4,15,11,10,5,1,35,245,42,87,45,8,3,22,3,10,25
S01006521,495,160,137,43,54,22,26,6,5,42,244,105,57,6,29,19,6,4,2,16,251,55,80,37,25,3,20,2,3,26
S01006522,402,136,121,45,20,7,24,8,5,36,192,89,43,10,12,5,7,4,2,20,210,47,78,35,8,2,17,4,3,16
S01006523,655,186,202,80,35,40,39,12,6,55,323,125,75,19,25,30,13,6,3,27,332,61,127,61,10,10,26,6,3,28
S01006524,618,131,142,65,56,23,51,22,77,51,302,96,44,10,39,19,16,14,39,25,316,35,98,55,17,4,35,8,38,26
S01006525,566,144,157,60,42,24,63,15,7,54,282,100,64,12,27,17,18,12,0,32,284,44,93,48,15,7,45,3,7,22
S01006526,676,43,101,75,23,72,105,93,33,131,310,29,38,21,15,54,33,50,17,53,366,14,63,54,8,18,72,43,16,78
S01006527,496,26,59,58,23,57,101,78,24,70,240,18,24,13,11,43,43,47,12,29,256,8,35,45,12,14,58,31,12,41
S01006528,805,40,112,83,29,83,123,106,31,198,368,26,46,21,22,56,40,64,12,81,437,14,66,62,7,27,83,42,19,117
S01006529,696,66,132,71,30,52,116,73,23,133,375,47,73,26,23,44,43,50,11,58,321,19,59,45,7,8,73,23,12,75
S01006530,618,33,86,73,27,69,106,90,35,99,299,23,36,23,15,51,27,55,17,52,319,10,50,50,12,18,79,35,18,47
S01006531,718,33,86,68,23,62,133,147,42,124,351,27,37,14,16,35,54,84,24,60,367,6,49,54,7,27,79,63,18,64
S01006532,519,98,144,78,45,18,41,24,14,57,280,69,73,18,33,12,17,15,4,39,239,29,71,60,12,6,24,9,10,18
S01006533,539,137,170,58,40,24,34,19,6,51,259,89,67,10,28,19,14,10,0,22,280,48,103,48,12,5,20,9,6,29
S01006534,663,186,201,87,37,30,55,13,10,44,333,118,92,19,24,25,20,10,2,23,330,68,109,68,13,5,35,3,8,21
S01006535,871,159,265,110,41,58,80,40,19,99,454,101,117,31,28,47,41,26,6,57,417,58,148,79,13,11,39,14,13,42
S01006536,882,173,264,109,33,62,80,46,16,99,458,108,120,36,31,50,29,37,4,43,424,65,144,73,2,12,51,9,12,56
S01006537,538,111,158,78,43,33,59,18,10,28,251,70,66,19,28,20,18,13,4,13,287,41,92,59,15,13,41,5,6,15
S01006538,410,82,128,57,22,34,40,15,7,25,195,61,44,11,15,26,17,8,2,11,215,21,84,46,7,8,23,7,5,14
S01006539,521,108,186,69,28,26,39,18,6,41,238,71,66,22,20,20,11,11,1,16,283,37,120,47,8,6,28,7,5,25
S01006540,723,174,201,111,32,41,64,29,9,62,365,111,82,38,23,34,23,17,6,31,358,63,119,73,9,7,41,12,3,31
S01006541,513,114,151,96,30,34,44,14,8,22,244,76,67,18,22,25,14,9,5,8,269,38,84,78,8,9,30,5,3,14
S01006542,707,175,220,106,40,28,54,27,17,40,341,117,106,19,25,21,18,16,8,11,366,58,114,87,15,7,36,11,9,29
S01006543,526,92,174,87,39,29,51,19,8,27,245,60,76,15,24,26,20,10,2,12,281,32,98,72,15,3,31,9,6,15
S01006544,811,254,219,90,63,49,45,20,16,55,446,174,103,20,47,42,12,14,5,29,365,80,116,70,16,7,33,6,11,26
S01006545,759,162,225,103,49,46,77,30,17,50,393,113,92,27,28,36,40,19,8,30,366,49,133,76,21,10,37,11,9,20
S01006546,470,102,155,60,20,19,40,24,11,39,232,67,74,11,12,17,13,15,4,19,238,35,81,49,8,2,27,9,7,20
S01006547,638,106,160,98,39,41,79,55,19,41,297,71,67,25,23,30,26,32,3,20,341,35,93,73,16,11,53,23,16,21
S01006548,503,107,168,81,31,17,45,13,6,35,234,65,77,16,24,12,11,10,3,16,269,42,91,65,7,5,34,3,3,19
S01006549,606,145,168,72,58,24,61,28,12,38,306,98,68,17,42,19,22,16,6,18,300,47,100,55,16,5,39,12,6,20
S01006550,659,154,183,112,41,39,43,18,10,59,321,104,83,22,29,31,12,10,0,30,338,50,100,90,12,8,31,8,10,29
S01006551,492,52,81,68,35,51,76,84,14,31,250,37,34,10,23,39,26,56,9,16,242,15,47,58,12,12,50,28,5,15
S01006552,700,146,202,107,46,34,63,33,11,58,341,100,86,23,30,25,20,19,7,31,359,46,116,84,16,9,43,14,4,27
S01006553,550,73,135,80,50,45,81,48,12,26,263,46,57,19,36,33,34,22,6,10,287,27,78,61,14,12,47,26,6,16
S01006554,521,63,123,76,29,46,78,65,21,20,260,44,58,17,21,34,27,43,8,8,261,19,65,59,8,12,51,22,13,12
S01006555,621,54,125,82,29,55,103,114,25,34,300,36,56,23,21,47,35,58,11,13,321,18,69,59,8,8,68,56,14,21
S01006556,569,24,102,69,38,57,100,118,24,37,279,13,41,16,25,41,37,77,12,17,290,11,61,53,13,16,63,41,12,20
S01006557,525,29,78,77,24,62,103,94,20,38,253,20,32,19,17,50,35,50,11,19,272,9,46,58,7,12,68,44,9,19
S01006558,511,148,152,63,16,36,29,18,3,46,267,94,62,25,13,27,10,10,2,24,244,54,90,38,3,9,19,8,1,22
S01006559,472,156,120,39,18,17,17,11,12,82,245,99,45,10,9,13,7,7,2,53,227,57,75,29,9,4,10,4,10,29
S01006560,706,209,202,76,48,25,37,21,10,78,351,116,84,24,30,20,17,11,3,46,355,93,118,52,18,5,20,10,7,32
S01006561,558,148,172,65,39,20,38,18,6,52,272,99,71,14,25,15,11,12,3,22,286,49,101,51,14,5,27,6,3,30
S01006562,531,101,135,69,28,31,62,39,17,49,267,67,52,13,18,24,31,26,7,29,264,34,83,56,10,7,31,13,10,20
S01006563,602,157,154,70,23,36,58,37,16,51,303,98,68,13,18,27,23,22,5,29,299,59,86,57,5,9,35,15,11,22
S01006564,818,112,184,67,32,76,103,78,40,126,408,65,80,21,21,54,39,46,22,60,410,47,104,46,11,22,64,32,18,66
S01006565,925,107,172,80,24,71,97,71,15,288,481,71,90,27,19,52,41,45,9,127,444,36,82,53,5,19,56,26,6,161
S01006566,663,130,181,83,20,36,58,34,16,105,327,82,70,31,15,25,23,25,9,47,336,48,111,52,5,11,35,9,7,58
S01006567,735,79,147,72,15,65,84,67,29,177,381,46,70,23,12,48,45,41,15,81,354,33,77,49,3,17,39,26,14,96
S01006568,863,198,232,79,21,55,66,41,15,156,441,109,100,32,13,42,34,25,3,83,422,89,132,47,8,13,32,16,12,73
S01006569,470,113,106,46,21,32,43,29,11,69,229,73,39,14,13,25,20,14,3,28,241,40,67,32,8,7,23,15,8,41
S01006570,609,155,181,60,28,35,38,24,17,71,304,98,79,11,18,30,14,13,8,33,305,57,102,49,10,5,24,11,9,38
S01006571,697,187,215,75,33,34,44,24,12,73,353,113,106,21,21,25,22,12,1,32,344,74,109,54,12,9,22,12,11,41
S01006572,643,213,173,74,44,26,39,10,8,56,319,132,77,8,35,21,11,5,4,26,324,81,96,66,9,5,28,5,4,30
S01006573,534,191,137,48,29,24,25,6,6,68,266,115,56,6,19,18,11,2,2,37,268,76,81,42,10,6,14,4,4,31
S01006574,741,231,225,62,51,29,45,12,18,68,385,161,96,12,29,23,16,5,8,35,356,70,129,50,22,6,29,7,10,33
S01006575,721,177,198,79,50,47,51,29,19,71,390,121,86,21,27,39,21,22,9,44,331,56,112,58,23,8,30,7,10,27
S01006576,544,170,139,51,28,29,39,18,6,64,279,108,53,18,17,20,16,9,0,38,265,62,86,33,11,9,23,9,6,26
S01006577,651,140,191,83,39,42,48,22,13,73,328,94,81,23,26,30,20,15,4,35,323,46,110,60,13,12,28,7,9,38
S01006578,952,174,241,110,16,72,103,63,29,144,504,112,123,44,10,55,50,45,14,51,448,62,118,66,6,17,53,18,15,93
S01006579,882,172,210,117,17,74,88,35,10,159,484,111,104,37,10,57,50,27,4,84,398,61,106,80,7,17,38,8,6,75
S01006580,615,148,183,73,25,37,46,26,17,60,327,94,85,18,18,33,26,16,12,25,288,54,98,55,7,4,20,10,5,35
S01006581,670,198,178,75,49,28,56,20,11,55,342,138,66,14,35,22,14,13,5,35,328,60,112,61,14,6,42,7,6,20
S01006582,797,143,160,75,32,50,106,55,27,149,464,95,82,26,21,42,67,39,20,72,333,48,78,49,11,8,39,16,7,77
S01006583,666,128,128,67,12,45,56,29,8,193,347,80,70,29,9,37,31,16,2,73,319,48,58,38,3,8,25,13,6,120
S01006584,561,114,136,46,17,36,39,25,5,143,278,80,60,13,14,27,14,17,3,50,283,34,76,33,3,9,25,8,2,93
S01006585,691,66,100,80,34,71,84,94,25,137,370,46,46,22,24,55,47,61,13,56,321,20,54,58,10,16,37,33,12,81
S01006586,929,121,159,91,28,74,120,85,19,232,505,83,69,38,18,49,62,53,9,124,424,38,90,53,10,25,58,32,10,108
S01006587,501,67,84,51,18,37,79,40,14,111,268,54,38,17,14,27,39,27,6,46,233,13,46,34,4,10,40,13,8,65
S01006588,551,71,102,47,8,31,61,39,8,184,299,51,51,13,6,24,33,22,3,96,252,20,51,34,2,7,28,17,5,88
S01006589,624,59,90,51,26,57,54,82,17,188,369,41,54,20,20,47,27,55,10,95,255,18,36,31,6,10,27,27,7,93
S01006590,644,114,128,72,37,41,75,39,32,106,374,84,71,29,21,27,42,28,13,59,270,30,57,43,16,14,33,11,19,47
S01006591,649,114,142,80,33,44,86,39,18,93,332,78,52,21,18,39,42,29,8,45,317,36,90,59,15,5,44,10,10,48
S01006592,600,124,181,77,24,49,48,17,8,72,356,89,103,31,14,40,25,12,3,39,244,35,78,46,10,9,23,5,5,33
S01006593,677,156,182,62,28,63,37,40,13,96,395,105,88,24,18,55,21,26,3,55,282,51,94,38,10,8,16,14,10,41
S01006594,446,78,92,81,26,30,42,35,2,60,220,57,33,25,16,26,15,23,1,24,226,21,59,56,10,4,27,12,1,36
S01006595,828,172,234,111,29,58,76,41,18,89,425,108,106,36,25,46,33,31,3,37,403,64,128,75,4,12,43,10,15,52
S01006596,590,147,153,65,40,45,56,22,9,53,316,82,81,24,25,31,30,15,1,27,274,65,72,41,15,14,26,7,8,26
S01006597,488,84,123,43,20,43,56,30,11,78,270,52,54,19,14,37,32,21,7,34,218,32,69,24,6,6,24,9,4,44
S01006598,766,209,219,93,51,54,50,26,9,55,398,136,107,22,34,43,14,17,4,21,368,73,112,71,17,11,36,9,5,34
S01006599,648,67,123,89,31,63,92,71,19,93,330,40,58,27,19,46,41,49,11,39,318,27,65,62,12,17,51,22,8,54
S01006600,798,162,190,108,48,56,98,45,18,73,409,111,81,32,28,43,40,32,7,35,389,51,109,76,20,13,58,13,11,38
S01006601,847,155,210,126,40,55,91,56,23,91,445,101,93,46,32,44,34,39,12,44,402,54,117,80,8,11,57,17,11,47
S01006602,606,175,155,57,38,27,48,23,15,68,311,115,69,15,27,21,16,10,3,35,295,60,86,42,11,6,32,13,12,33
S01006603,625,24,85,96,19,86,118,122,46,29,295,17,32,32,12,57,42,76,17,10,330,7,53,64,7,29,76,46,29,19
S01006604,538,23,82,71,37,56,108,98,16,47,256,13,34,15,26,47,36,56,6,23,282,10,48,56,11,9,72,42,10,24
S01006605,548,27,76,62,22,57,124,121,26,33,259,18,32,11,15,40,47,74,5,17,289,9,44,51,7,17,77,47,21,16
S01006606,618,65,143,78,47,51,97,67,22,48,319,48,63,23,33,38,33,45,11,25,299,17,80,55,14,13,64,22,11,23
S01006607,695,34,102,116,35,70,136,138,21,43,333,19,46,23,24,55,57,79,7,23,362,15,56,93,11,15,79,59,14,20
S01006608,562,54,132,83,67,58,61,48,12,47,285,38,63,10,49,48,21,32,2,22,277,16,69,73,18,10,40,16,10,25
S01006609,772,24,103,126,38,105,156,157,21,42,364,17,45,29,30,78,55,90,9,11,408,7,58,97,8,27,101,67,12,31
S01006610,328,16,40,49,13,45,65,65,16,19,148,9,14,9,6,31,24,41,6,8,180,7,26,40,7,14,41,24,10,11
S01006611,654,25,105,87,29,80,136,123,29,40,299,19,48,21,17,59,32,74,11,18,355,6,57,66,12,21,104,49,18,22
S01006612,669,48,146,97,33,62,111,113,10,49,334,36,65,29,23,49,38,68,7,19,335,12,81,68,10,13,73,45,3,30
S01006613,472,52,114,102,30,49,61,39,4,21,226,33,46,20,22,44,22,29,3,7,246,19,68,82,8,5,39,10,1,14
S01006614,484,76,138,85,31,40,50,37,7,20,244,50,63,23,26,33,13,23,4,9,240,26,75,62,5,7,37,14,3,11
S01006615,551,92,135,92,37,58,68,32,2,35,274,62,72,15,28,47,15,17,1,17,277,30,63,77,9,11,53,15,1,18
S01006616,655,63,147,110,37,74,103,68,8,45,326,45,68,22,21,65,37,52,2,14,329,18,79,88,16,9,66,16,6,31
S01006617,520,42,101,92,40,52,84,79,7,23,259,28,53,23,28,33,29,51,2,12,261,14,48,69,12,19,55,28,5,11
S01006618,443,54,94,72,26,55,76,44,3,19,216,35,33,17,19,44,27,31,1,9,227,19,61,55,7,11,49,13,2,10
S01006619,705,60,139,98,57,87,115,87,7,55,336,41,61,12,36,70,34,54,2,26,369,19,78,86,21,17,81,33,5,29
S01006620,690,44,148,125,36,91,124,83,8,31,323,33,60,31,23,64,44,50,5,13,367,11,88,94,13,27,80,33,3,18
S01006621,414,21,90,63,28,60,71,56,8,17,196,13,43,8,20,50,17,36,3,6,218,8,47,55,8,10,54,20,5,11
S01006622,543,59,133,107,38,61,70,43,3,29,267,39,56,29,27,46,21,29,2,18,276,20,77,78,11,15,49,14,1,11
S01006623,584,32,99,88,26,82,99,104,15,39,319,21,54,28,16,64,36,74,6,20,265,11,45,60,10,18,63,30,9,19
S01006624,857,52,110,91,43,114,151,175,51,70,528,30,57,34,33,92,89,131,33,29,329,22,53,57,10,22,62,44,18,41
S01006625,510,32,80,60,30,53,95,111,13,36,257,22,39,15,25,41,29,60,5,21,253,10,41,45,5,12,66,51,8,15
S01006626,548,11,61,63,21,59,125,149,21,38,257,4,31,16,11,44,43,83,8,17,291,7,30,47,10,15,82,66,13,21
S01006627,753,46,122,96,29,90,121,178,25,46,391,29,48,35,23,65,55,102,11,23,362,17,74,61,6,25,66,76,14,23
S01006628,954,70,129,94,30,131,154,207,27,112,555,43,70,35,19,97,74,136,14,67,399,27,59,59,11,34,80,71,13,45
S01006629,568,17,62,50,18,65,121,141,45,49,277,16,32,14,15,47,49,69,19,16,291,1,30,36,3,18,72,72,26,33
S01006630,459,8,34,49,22,58,103,132,29,24,214,7,10,10,15,44,39,66,12,11,245,1,24,39,7,14,64,66,17,13
S01006631,711,38,96,79,25,88,143,178,37,27,352,23,48,25,13,63,55,104,12,9,359,15,48,54,12,25,88,74,25,18
S01006632,624,24,71,59,21,63,132,157,47,50,293,12,30,21,15,43,50,83,20,19,331,12,41,38,6,20,82,74,27,31
S01006633,503,15,38,49,14,52,109,138,42,46,242,12,23,17,9,32,42,74,13,20,261,3,15,32,5,20,67,64,29,26
S01006634,445,17,35,31,9,54,86,135,56,22,217,10,14,5,7,41,35,67,30,8,228,7,21,26,2,13,51,68,26,14
S01006635,485,21,57,55,23,60,98,118,21,32,241,14,27,13,16,46,36,65,10,14,244,7,30,42,7,14,62,53,11,18
S01006636,603,11,40,47,21,70,143,182,38,51,278,9,15,12,11,48,43,106,13,21,325,2,25,35,10,22,100,76,25,30
S01006637,619,75,103,68,24,55,99,70,23,102,355,53,61,27,17,37,51,43,11,55,264,22,42,41,7,18,48,27,12,47
S01006638,758,64,129,85,14,57,113,84,22,190,402,41,60,34,8,44,56,58,10,91,356,23,69,51,6,13,57,26,12,99
S01006639,805,57,122,72,27,63,121,96,36,211,429,35,59,27,19,48,66,57,24,94,376,22,63,45,8,15,55,39,12,117
S01006640,683,110,141,68,12,42,41,30,9,230,385,85,80,35,9,26,20,21,2,107,298,25,61,33,3,16,21,9,7,123
S01006641,940,108,159,96,23,71,112,82,34,255,524,78,79,34,20,53,59,60,18,123,416,30,80,62,3,18,53,22,16,132
S01006642,1306,71,123,68,20,50,73,53,17,831,676,48,65,26,12,39,35,39,12,400,630,23,58,42,8,11,38,14,5,431
S01006643,701,74,113,60,18,31,56,39,14,296,336,49,46,23,14,23,32,27,6,116,365,25,67,37,4,8,24,12,8,180
S01006644,893,94,125,83,20,59,92,82,20,318,449,62,65,31,13,45,40,48,10,135,444,32,60,52,7,14,52,34,10,183
S01006645,547,35,82,51,16,53,103,104,29,74,264,23,41,18,11,36,38,59,16,22,283,12,41,33,5,17,65,45,13,52
S01006646,943,44,91,39,7,36,61,32,8,625,512,29,51,12,5,24,34,13,7,337,431,15,40,27,2,12,27,19,1,288
S01006647,529,32,88,59,17,46,86,81,24,96,259,19,47,19,10,31,35,48,9,41,270,13,41,40,7,15,51,33,15,55
S01006648,1719,85,165,93,30,100,128,107,27,984,803,63,74,31,19,82,55,71,15,393,916,22,91,62,11,18,73,36,12,591
S01006649,881,101,133,106,19,61,115,106,33,207,465,74,67,34,15,43,66,74,12,80,416,27,66,72,4,18,49,32,21,127
S01006650,793,58,138,59,28,54,100,73,20,263,448,40,74,25,20,43,57,50,8,131,345,18,64,34,8,11,43,23,12,132
S01006651,564,47,74,52,9,53,65,52,20,192,338,33,42,20,7,49,26,34,9,118,226,14,32,32,2,4,39,18,11,74
S01006652,505,60,95,42,19,39,36,35,17,162,286,43,50,10,16,30,22,24,9,82,219,17,45,32,3,9,14,11,8,80
S01006653,500,96,114,55,16,30,40,23,5,121,263,54,50,22,11,23,22,17,1,63,237,42,64,33,5,7,18,6,4,58
S01006654,728,61,107,94,23,64,112,128,40,99,356,34,44,27,19,46,42,72,22,50,372,27,63,67,4,18,70,56,18,49
S01006655,620,117,125,63,21,37,57,51,50,99,330,66,60,19,12,24,28,33,34,54,290,51,65,44,9,13,29,18,16,45
S01006656,834,116,165,90,25,62,94,73,33,176,420,76,73,30,17,47,45,47,8,77,414,40,92,60,8,15,49,26,25,99
S01006657,474,54,72,59,8,30,64,52,6,129,252,35,35,21,6,21,29,33,3,69,222,19,37,38,2,9,35,19,3,60
S01006658,854,59,95,57,27,85,105,99,40,287,465,39,47,22,20,72,53,51,15,146,389,20,48,35,7,13,52,48,25,141
S01006659,566,67,83,43,14,31,43,26,8,251,288,48,36,14,10,25,16,18,3,118,278,19,47,29,4,6,27,8,5,133
S01006660,422,26,42,28,15,39,54,54,17,147,232,21,16,13,10,30,31,32,6,73,190,5,26,15,5,9,23,22,11,74
S01006661,567,66,86,58,15,37,47,34,5,219,289,50,42,18,10,27,18,20,4,100,278,16,44,40,5,10,29,14,1,119
S01006662,732,17,61,37,22,47,64,60,26,398,374,9,29,6,12,40,26,32,9,211,358,8,32,31,10,7,38,28,17,187
S01006663,512,50,58,36,15,19,23,23,13,275,260,31,29,18,9,14,15,15,6,123,252,19,29,18,6,5,8,8,7,152
S01006664,458,47,60,17,7,29,45,24,13,216,233,30,24,8,5,25,20,13,8,100,225,17,36,9,2,4,25,11,5,116
S01006665,655,44,72,46,17,28,36,34,13,365,320,25,36,25,10,22,17,19,4,162,335,19,36,21,7,6,19,15,9,203
S01006666,651,22,63,51,30,76,129,162,56,62,344,17,34,13,25,55,47,96,28,29,307,5,29,38,5,21,82,66,28,33
S01006667,613,21,68,43,22,70,101,141,57,90,336,14,32,10,17,55,51,85,30,42,277,7,36,33,5,15,50,56,27,48
S01006668,831,73,113,61,12,38,67,26,12,429,393,49,59,20,9,28,33,14,4,177,438,24,54,41,3,10,34,12,8,252
S01006669,1101,78,70,47,28,60,90,110,23,595,582,59,33,10,19,48,36,65,14,298,519,19,37,37,9,12,54,45,9,297
S01006670,839,35,94,68,21,29,62,60,10,460,362,20,33,21,17,21,32,38,3,177,477,15,61,47,4,8,30,22,7,283
S01006671,2327,53,58,39,13,29,46,32,23,2034,1038,32,28,11,8,23,15,22,9,890,1289,21,30,28,5,6,31,10,14,1144
S01006672,648,40,70,48,18,42,95,110,33,192,311,23,31,13,11,29,32,65,15,92,337,17,39,35,7,13,63,45,18,100
S01006673,736,50,73,54,38,57,90,91,23,260,371,30,30,22,26,36,43,50,13,121,365,20,43,32,12,21,47,41,10,139
S01006674,662,35,62,70,33,78,121,157,48,58,325,24,22,15,18,53,57,91,21,24,337,11,40,55,15,25,64,66,27,34
S01006675,526,12,45,33,17,55,108,145,41,70,262,7,19,13,12,31,45,79,19,37,264,5,26,20,5,24,63,66,22,33
S01006676,569,33,51,41,24,49,116,155,32,68,293,23,27,11,16,32,45,89,13,37,276,10,24,30,8,17,71,66,19,31
S01006677,597,17,69,51,23,61,108,125,33,110,314,10,28,10,18,47,39,80,18,64,283,7,41,41,5,14,69,45,15,46
S01006678,893,18,92,72,28,92,180,249,58,104,459,12,39,22,18,64,72,142,30,60,434,6,53,50,10,28,108,107,28,44
S01006679,548,37,126,84,23,59,94,75,5,45,264,25,57,21,19,41,36,43,5,17,284,12,69,63,4,18,58,32,0,28
S01006680,630,12,54,40,26,79,129,199,47,44,324,9,29,12,17,55,48,109,22,23,306,3,25,28,9,24,81,90,25,21
S01006681,588,35,124,71,19,84,95,98,21,41,305,22,64,24,15,60,39,56,9,16,283,13,60,47,4,24,56,42,12,25
S01006682,629,22,72,35,28,61,118,164,48,81,319,21,28,7,17,42,55,100,18,31,310,1,44,28,11,19,63,64,30,50
S01006683,684,34,83,62,18,61,129,124,34,139,358,25,37,25,15,44,56,67,16,73,326,9,46,37,3,17,73,57,18,66
S01006684,589,33,60,63,26,68,123,123,24,69,335,22,27,25,13,58,58,78,17,37,254,11,33,38,13,10,65,45,7,32
S01006685,597,28,110,60,23,60,97,128,38,53,296,20,55,8,18,43,43,73,20,16,301,8,55,52,5,17,54,55,18,37
S01006686,472,32,75,53,20,47,106,92,12,35,235,20,38,13,12,35,38,60,5,14,237,12,37,40,8,12,68,32,7,21
S01006687,647,42,111,84,16,80,121,114,24,55,300,29,51,20,12,54,40,62,14,18,347,13,60,64,4,26,81,52,10,37
S01006688,672,58,139,99,51,56,116,86,14,53,322,40,68,18,32,42,36,55,8,23,350,18,71,81,19,14,80,31,6,30
S01006689,529,104,133,75,35,20,37,20,7,98,273,67,65,29,27,14,11,9,3,48,256,37,68,46,8,6,26,11,4,50
S01006690,472,64,104,43,13,39,53,44,13,99,238,43,39,9,11,25,22,28,4,57,234,21,65,34,2,14,31,16,9,42
S01006691,466,83,86,49,22,22,54,28,6,116,240,58,34,13,15,12,29,21,1,57,226,25,52,36,7,10,25,7,5,59
S01006692,594,88,138,53,31,49,72,53,10,100,302,56,53,11,24,39,24,32,5,58,292,32,85,42,7,10,48,21,5,42
S01006693,780,87,135,104,34,84,83,113,32,108,392,52,56,28,22,71,30,68,5,60,388,35,79,76,12,13,53,45,27,48
S01006694,555,12,74,76,29,71,125,130,13,25,257,3,33,13,24,54,45,70,2,13,298,9,41,63,5,17,80,60,11,12
S01006695,535,46,80,63,36,69,88,107,15,31,257,31,34,13,25,50,20,64,4,16,278,15,46,50,11,19,68,43,11,15
S01006696,608,34,77,81,19,52,110,117,28,90,286,21,30,21,11,37,45,69,15,37,322,13,47,60,8,15,65,48,13,53
S01006697,691,33,103,93,36,76,129,137,15,69,321,20,41,14,27,58,46,76,7,32,370,13,62,79,9,18,83,61,8,37
S01006698,511,23,83,58,15,47,89,119,17,60,249,16,34,14,13,40,36,69,7,20,262,7,49,44,2,7,53,50,10,40
S01006699,377,38,69,48,14,24,54,69,6,55,185,20,30,12,12,18,20,38,2,33,192,18,39,36,2,6,34,31,4,22
S01006700,658,66,130,86,37,50,90,101,18,80,312,37,53,23,26,42,38,55,8,30,346,29,77,63,11,8,52,46,10,50
S01006701,507,12,65,53,18,70,127,109,33,20,237,6,25,14,11,48,49,66,7,11,270,6,40,39,7,22,78,43,26,9
S01006702,563,16,63,74,38,60,138,131,22,21,269,13,19,15,27,49,58,76,6,6,294,3,44,59,11,11,80,55,16,15
S01006703,468,17,65,56,23,48,107,106,22,24,212,12,25,12,16,32,31,64,11,9,256,5,40,44,7,16,76,42,11,15
S01006704,446,6,58,57,14,48,92,110,35,26,219,6,24,8,8,37,44,66,15,11,227,0,34,49,6,11,48,44,20,15
S01006705,546,16,62,65,35,63,126,134,15,30,262,12,25,16,27,48,45,74,7,8,284,4,37,49,8,15,81,60,8,22
S01006706,451,17,77,61,28,51,89,78,23,27,220,12,30,12,22,31,42,51,10,10,231,5,47,49,6,20,47,27,13,17
S01006707,506,20,65,56,21,55,110,105,36,38,235,14,23,10,17,37,40,56,19,19,271,6,42,46,4,18,70,49,17,19
S01006708,558,25,94,82,27,68,119,97,8,38,264,17,32,21,20,50,44,61,2,17,294,8,62,61,7,18,75,36,6,21
S01006709,619,24,72,85,44,64,134,130,25,41,302,18,33,20,31,51,49,74,7,19,317,6,39,65,13,13,85,56,18,22
S01006710,640,16,116,109,35,84,120,121,20,19,297,8,58,24,27,58,42,67,5,8,343,8,58,85,8,26,78,54,15,11
S01006711,699,20,124,109,50,71,124,146,27,28,330,15,57,24,34,48,44,84,14,10,369,5,67,85,16,23,80,62,13,18
S01006712,381,19,65,60,14,47,64,84,15,13,186,10,24,11,12,39,26,48,12,4,195,9,41,49,2,8,38,36,3,9
S01006713,679,22,82,100,32,71,131,174,30,37,329,14,34,21,22,50,55,99,15,19,350,8,48,79,10,21,76,75,15,18
S01006714,513,21,67,75,20,57,103,110,29,31,260,11,27,20,17,43,39,70,12,21,253,10,40,55,3,14,64,40,17,10
S01006715,416,15,43,28,16,39,84,117,25,49,198,11,19,11,12,25,35,60,7,18,218,4,24,17,4,14,49,57,18,31
S01006716,478,19,66,46,25,57,107,103,20,35,226,11,33,12,21,39,36,51,8,15,252,8,33,34,4,18,71,52,12,20
S01006717,705,22,82,92,30,87,161,160,38,33,321,10,29,23,22,62,41,101,17,16,384,12,53,69,8,25,120,59,21,17
S01006718,471,12,51,49,26,57,99,113,22,42,231,9,21,7,17,41,41,62,13,20,240,3,30,42,9,16,58,51,9,22
S01006719,691,30,104,71,40,80,135,157,28,46,325,20,41,13,26,62,50,87,11,15,366,10,63,58,14,18,85,70,17,31
S01006720,446,13,67,59,18,44,88,115,16,26,224,10,33,16,12,33,31,70,7,12,222,3,34,43,6,11,57,45,9,14
S01006721,683,23,99,68,32,75,130,175,36,45,331,9,59,7,25,52,45,110,9,15,352,14,40,61,7,23,85,65,27,30
S01006722,585,23,70,61,18,67,135,139,32,40,286,13,27,14,14,52,49,88,10,19,299,10,43,47,4,15,86,51,22,21
S01006723,506,23,80,59,25,64,85,113,33,24,247,15,32,14,16,47,30,64,18,11,259,8,48,45,9,17,55,49,15,13
S01006724,676,16,55,59,25,59,142,190,64,66,301,9,29,14,15,43,55,85,22,29,375,7,26,45,10,16,87,105,42,37
S01006725,499,17,50,52,22,56,122,125,20,35,232,10,26,13,14,36,39,68,10,16,267,7,24,39,8,20,83,57,10,19
S01006726,975,20,86,72,37,108,181,261,106,104,470,12,38,25,24,72,65,139,51,44,505,8,48,47,13,36,116,122,55,60
S01006727,704,12,63,61,23,72,144,185,69,75,347,8,28,17,17,48,57,106,33,33,357,4,35,44,6,24,87,79,36,42
S01006728,542,27,79,65,19,52,115,115,30,40,231,14,32,8,15,40,34,57,13,18,311,13,47,57,4,12,81,58,17,22
S01006729,596,12,68,54,16,57,131,168,52,38,286,8,29,17,11,40,62,82,16,21,310,4,39,37,5,17,69,86,36,17
S01006730,547,20,90,79,13,59,119,114,15,38,275,12,39,26,12,41,46,71,7,21,272,8,51,53,1,18,73,43,8,17
S01006731,468,8,62,61,23,58,86,121,26,23,234,5,26,15,19,40,38,70,12,9,234,3,36,46,4,18,48,51,14,14
S01006732,795,134,185,92,65,38,67,45,19,150,393,87,87,15,50,26,26,28,8,66,402,47,98,77,15,12,41,17,11,84
S01006733,625,146,176,108,36,30,51,19,15,44,306,97,80,25,26,25,18,8,7,20,319,49,96,83,10,5,33,11,8,24
S01006734,693,161,169,110,55,41,48,43,28,38,338,108,70,17,40,32,15,27,14,15,355,53,99,93,15,9,33,16,14,23
S01006735,431,104,133,67,25,16,28,21,2,35,202,72,61,14,11,10,8,13,0,13,229,32,72,53,14,6,20,8,2,22
S01006736,762,158,217,117,49,66,60,41,16,38,364,101,89,31,30,51,13,23,6,20,398,57,128,86,19,15,47,18,10,18
S01006737,495,83,123,71,46,41,60,30,11,30,244,60,51,15,31,31,18,18,1,19,251,23,72,56,15,10,42,12,10,11
S01006738,684,55,157,126,38,81,100,82,18,27,378,44,78,42,28,70,41,56,6,13,306,11,79,84,10,11,59,26,12,14
S01006739,510,50,129,85,30,52,66,62,12,24,265,32,62,23,18,40,35,44,5,6,245,18,67,62,12,12,31,18,7,18
S01006740,557,29,113,61,23,62,111,112,16,30,284,18,52,14,17,49,44,65,10,15,273,11,61,47,6,13,67,47,6,15
S01006741,496,27,77,78,23,61,109,99,5,17,236,20,29,22,19,50,33,58,0,5,260,7,48,56,4,11,76,41,5,12
S01006742,328,16,56,47,21,40,73,55,9,11,159,10,23,12,15,26,25,35,6,7,169,6,33,35,6,14,48,20,3,4
S01006743,422,28,93,80,26,43,65,53,2,32,205,22,42,24,13,35,24,31,1,13,217,6,51,56,13,8,41,22,1,19
S01006744,498,46,103,71,33,62,96,57,12,18,247,28,46,21,26,45,38,30,6,7,251,18,57,50,7,17,58,27,6,11
S01006745,601,31,100,74,33,73,129,116,17,28,289,22,44,14,26,55,43,69,7,9,312,9,56,60,7,18,86,47,10,19
S01006746,592,21,99,94,30,75,123,88,19,43,280,15,38,26,17,56,44,61,4,19,312,6,61,68,13,19,79,27,15,24
S01006747,621,73,156,104,27,66,92,57,11,35,295,46,74,27,16,53,25,31,7,16,326,27,82,77,11,13,67,26,4,19
S01006748,701,77,164,113,53,84,102,75,14,19,367,60,84,28,38,60,32,50,4,11,334,17,80,85,15,24,70,25,10,8
S01006749,702,43,133,108,25,91,157,109,17,19,346,29,65,26,17,67,58,67,5,12,356,14,68,82,8,24,99,42,12,7
S01006750,539,28,98,62,31,77,92,94,13,44,276,23,54,13,17,61,24,58,7,19,263,5,44,49,14,16,68,36,6,25
S01006751,358,30,67,42,23,54,67,47,12,16,162,21,29,9,12,34,22,22,6,7,196,9,38,33,11,20,45,25,6,9
S01006752,521,29,95,75,14,74,104,100,10,20,242,24,36,17,7,55,40,51,4,8,279,5,59,58,7,19,64,49,6,12
S01006753,706,99,152,112,45,78,89,75,12,44,358,75,64,28,29,65,31,39,9,18,348,24,88,84,16,13,58,36,3,26
S01006754,745,92,182,132,37,95,95,60,18,34,365,60,85,25,27,75,34,32,9,18,380,32,97,107,10,20,61,28,9,16
S01006755,548,73,137,72,59,48,58,43,7,51,277,46,61,13,36,40,27,29,4,21,271,27,76,59,23,8,31,14,3,30
S01006756,540,146,144,72,26,24,48,22,11,47,290,87,78,21,18,20,21,17,4,24,250,59,66,51,8,4,27,5,7,23
S01006757,629,52,177,119,35,64,66,49,19,48,307,37,76,31,24,54,21,38,5,21,322,15,101,88,11,10,45,11,14,27
S01006758,575,82,147,90,23,54,100,43,2,34,290,56,65,21,17,41,40,32,1,17,285,26,82,69,6,13,60,11,1,17
S01006759,470,49,112,87,24,43,60,56,7,32,220,38,56,18,19,30,11,32,3,13,250,11,56,69,5,13,49,24,4,19
S01006760,398,44,103,83,17,34,42,38,4,33,186,33,44,20,11,28,13,27,2,8,212,11,59,63,6,6,29,11,2,25
S01006761,584,52,146,110,35,37,101,69,5,29,285,38,70,33,25,31,21,49,2,16,299,14,76,77,10,6,80,20,3,13
S01006762,573,62,144,104,46,50,90,44,6,27,268,43,66,18,33,38,24,31,3,12,305,19,78,86,13,12,66,13,3,15
S01006763,662,78,188,112,30,62,73,48,18,53,312,51,88,25,25,47,23,32,4,17,350,27,100,87,5,15,50,16,14,36
S01006764,656,66,171,120,23,72,87,65,8,44,330,46,85,29,17,54,29,50,4,16,326,20,86,91,6,18,58,15,4,28
S01006765,487,51,125,101,19,53,69,40,5,24,247,37,60,26,15,40,24,32,1,12,240,14,65,75,4,13,45,8,4,12
S01006766,487,83,120,77,30,37,59,27,10,44,244,56,49,19,21,25,17,24,3,30,243,27,71,58,9,12,42,3,7,14
S01006767,544,50,107,93,30,60,98,55,6,45,257,35,49,20,19,46,24,38,4,22,287,15,58,73,11,14,74,17,2,23
S01006768,495,93,105,83,40,35,48,30,5,56,249,72,51,17,21,25,15,18,2,28,246,21,54,66,19,10,33,12,3,28
S01006769,749,63,158,118,41,82,134,88,10,55,375,43,77,29,31,59,50,54,5,27,374,20,81,89,10,23,84,34,5,28
S01006770,544,50,122,119,27,51,93,47,9,26,264,32,61,32,19,40,31,31,2,16,280,18,61,87,8,11,62,16,7,10
S01006771,373,57,78,60,21,33,58,13,4,49,185,40,47,10,13,29,12,8,2,24,188,17,31,50,8,4,46,5,2,25
S01006772,683,77,164,124,52,63,104,56,8,35,357,58,76,37,32,55,30,44,4,21,326,19,88,87,20,8,74,12,4,14
S01006773,520,37,129,119,44,46,67,30,6,42,265,29,58,30,36,40,24,20,4,24,255,8,71,89,8,6,43,10,2,18
S01006774,534,60,126,94,33,49,81,38,9,44,265,47,64,24,20,37,26,23,5,19,269,13,62,70,13,12,55,15,4,25
S01006775,509,37,106,85,28,48,91,68,9,37,255,19,54,15,18,39,46,39,6,19,254,18,52,70,10,9,45,29,3,18
S01006776,352,20,59,45,21,46,78,63,8,12,173,13,30,8,14,37,24,38,5,4,179,7,29,37,7,9,54,25,3,8
S01006777,534,49,134,104,34,53,79,42,1,38,262,39,61,25,23,38,20,33,1,22,272,10,73,79,11,15,59,9,0,16
S01006778,525,52,95,96,23,55,96,68,9,31,261,35,53,29,17,42,30,40,4,11,264,17,42,67,6,13,66,28,5,20
S01006779,438,25,53,66,18,42,86,92,8,48,194,17,23,12,11,31,25,55,5,15,244,8,30,54,7,11,61,37,3,33
S01006780,458,34,102,64,43,41,75,56,12,31,236,24,48,15,29,32,30,37,6,15,222,10,54,49,14,9,45,19,6,16
S01006781,543,49,111,117,40,45,75,50,6,50,265,39,51,27,30,38,22,29,3,26,278,10,60,90,10,7,53,21,3,24
S01006782,590,72,144,79,44,61,84,54,11,41,295,44,65,20,32,50,27,35,4,18,295,28,79,59,12,11,57,19,7,23
S01006783,505,36,125,79,29,50,83,64,10,29,238,26,58,15,22,44,13,39,5,16,267,10,67,64,7,6,70,25,5,13
S01006784,502,62,138,69,41,42,64,40,7,39,260,35,64,23,28,33,28,25,4,20,242,27,74,46,13,9,36,15,3,19
S01006785,487,60,127,86,27,46,64,29,3,45,228,41,65,17,19,35,15,15,0,21,259,19,62,69,8,11,49,14,3,24
S01006786,645,104,160,95,38,54,96,40,9,49,330,77,86,22,27,43,28,23,4,20,315,27,74,73,11,11,68,17,5,29
S01006787,522,55,106,88,46,51,80,54,7,35,264,37,50,24,30,39,20,39,2,23,258,18,56,64,16,12,60,15,5,12
S01006788,611,95,130,77,44,47,90,47,33,48,325,73,54,18,33,43,24,36,19,25,286,22,76,59,11,4,66,11,14,23
S01006789,458,47,92,37,70,59,79,53,9,12,226,38,38,10,39,38,19,35,2,7,232,9,54,27,31,21,60,18,7,5
S01006790,610,54,122,62,66,76,118,76,8,28,291,39,50,19,40,51,39,42,3,8,319,15,72,43,26,25,79,34,5,20
S01006791,390,36,81,31,75,52,50,37,9,19,211,25,35,9,48,41,14,27,4,8,179,11,46,22,27,11,36,10,5,11
S01006792,376,43,74,43,61,36,56,42,4,17,190,34,30,10,35,25,20,24,1,11,186,9,44,33,26,11,36,18,3,6
S01006793,414,31,81,27,66,65,68,67,3,6,212,21,37,9,37,39,23,44,1,1,202,10,44,18,29,26,45,23,2,5
S01006794,436,39,110,36,42,49,80,59,10,11,212,34,39,7,28,35,28,30,6,5,224,5,71,29,14,14,52,29,4,6
S01006795,520,99,121,61,56,41,68,33,11,30,243,70,44,12,35,32,21,15,1,13,277,29,77,49,21,9,47,18,10,17
S01006796,401,59,97,52,49,35,58,26,5,20,194,38,37,9,30,29,19,19,1,12,207,21,60,43,19,6,39,7,4,8
S01006797,469,70,127,44,74,35,50,34,12,23,244,52,57,9,49,23,21,19,5,9,225,18,70,35,25,12,29,15,7,14
S01006798,452,58,97,57,85,40,61,24,3,27,220,43,40,12,59,30,18,13,0,5,232,15,57,45,26,10,43,11,3,22
S01006799,623,58,127,86,49,71,98,85,13,36,304,39,58,19,30,55,30,51,3,19,319,19,69,67,19,16,68,34,10,17
S01006800,635,129,171,57,56,49,67,44,6,56,326,98,66,6,39,43,20,24,5,25,309,31,105,51,17,6,47,20,1,31
S01006801,671,86,149,103,93,64,79,51,17,29,335,59,62,29,59,51,31,29,5,10,336,27,87,74,34,13,48,22,12,19
S01006802,493,48,96,42,68,53,77,72,6,31,249,33,39,7,41,41,29,45,2,12,244,15,57,35,27,12,48,27,4,19
S01006803,481,28,102,66,36,66,70,80,7,26,221,21,44,15,16,44,22,45,4,10,260,7,58,51,20,22,48,35,3,16
S01006804,541,66,143,64,44,61,83,58,5,17,269,46,60,17,28,50,29,26,2,11,272,20,83,47,16,11,54,32,3,6
S01006805,821,70,186,103,97,61,134,91,16,63,389,59,76,19,58,47,50,48,7,25,432,11,110,84,39,14,84,43,9,38
S01006806,794,85,184,103,106,79,98,82,11,46,398,59,85,18,66,62,44,43,6,15,396,26,99,85,40,17,54,39,5,31
S01006807,472,37,108,65,63,41,67,58,13,20,245,23,48,20,44,31,24,38,6,11,227,14,60,45,19,10,43,20,7,9
S01006808,467,59,135,62,53,42,50,34,3,29,227,44,61,7,37,33,18,17,1,9,240,15,74,55,16,9,32,17,2,20
S01006809,581,38,125,55,64,58,108,89,15,29,293,30,49,11,37,43,40,59,6,18,288,8,76,44,27,15,68,30,9,11
S01006810,656,76,147,59,91,62,95,71,23,32,335,54,53,20,58,42,33,47,12,16,321,22,94,39,33,20,62,24,11,16
S01006811,787,116,192,95,95,62,96,72,20,39,392,82,77,23,58,48,34,39,12,19,395,34,115,72,37,14,62,33,8,20
S01006812,575,70,138,62,64,53,89,59,13,27,309,47,66,18,46,42,28,36,8,18,266,23,72,44,18,11,61,23,5,9
S01006813,574,45,123,58,67,68,83,86,13,31,300,31,56,10,45,56,32,49,6,15,274,14,67,48,22,12,51,37,7,16
S01006814,594,96,168,75,38,49,65,29,13,61,283,63,71,17,23,38,20,19,9,23,311,33,97,58,15,11,45,10,4,38
S01006815,408,29,66,46,26,45,92,71,16,17,202,20,32,10,19,36,29,42,6,8,206,9,34,36,7,9,63,29,10,9
S01006816,533,42,130,76,54,52,81,57,10,31,262,32,56,23,32,38,29,33,5,14,271,10,74,53,22,14,52,24,5,17
S01006817,489,54,103,53,54,46,88,59,5,27,254,39,46,14,32,33,42,28,5,15,235,15,57,39,22,13,46,31,0,12
S01006818,544,75,132,60,76,53,88,25,8,27,275,49,50,11,55,43,34,17,1,15,269,26,82,49,21,10,54,8,7,12
S01006819,623,115,152,59,91,36,65,41,9,55,313,71,69,12,58,30,23,24,3,23,310,44,83,47,33,6,42,17,6,32
S01006820,354,65,107,42,26,27,34,25,5,23,174,41,48,10,15,21,9,16,3,11,180,24,59,32,11,6,25,9,2,12
S01006821,464,72,107,64,75,36,37,33,8,32,233,47,48,12,44,31,11,24,5,11,231,25,59,52,31,5,26,9,3,21
S01006822,584,100,127,70,94,35,65,38,10,45,294,64,51,16,70,22,21,24,6,20,290,36,76,54,24,13,44,14,4,25
S01006823,536,93,143,87,32,47,59,26,16,33,271,67,66,22,21,41,19,14,8,13,265,26,77,65,11,6,40,12,8,20
S01006824,601,18,92,65,33,56,138,127,42,30,286,9,45,16,23,37,49,78,18,11,315,9,47,49,10,19,89,49,24,19
S01006825,646,44,154,99,36,71,108,84,10,40,305,36,70,27,19,56,30,48,5,14,341,8,84,72,17,15,78,36,5,26
S01006826,683,94,171,84,54,52,78,74,23,53,338,74,75,14,37,39,22,40,9,28,345,20,96,70,17,13,56,34,14,25
S01006827,665,79,130,97,35,59,116,100,17,32,311,54,56,21,22,50,43,48,8,9,354,25,74,76,13,9,73,52,9,23
S01006828,702,66,179,98,59,85,105,66,17,27,357,48,86,25,34,63,39,42,12,8,345,18,93,73,25,22,66,24,5,19
S01006829,286,66,89,40,19,23,19,12,3,15,138,46,32,9,13,15,8,10,1,4,148,20,57,31,6,8,11,2,2,11
S01006830,571,47,114,101,49,52,92,44,16,56,261,31,48,21,32,39,29,29,10,22,310,16,66,80,17,13,63,15,6,34
S01006831,423,53,128,66,24,40,58,22,3,29,216,41,64,12,16,30,19,15,3,16,207,12,64,54,8,10,39,7,0,13
S01006832,765,130,224,92,61,56,81,54,11,56,367,91,91,17,39,45,24,27,4,29,398,39,133,75,22,11,57,27,7,27
S01006833,318,64,97,43,38,18,30,11,0,17,153,47,40,4,22,13,13,7,0,7,165,17,57,39,16,5,17,4,0,10
S01006834,374,77,110,53,19,16,25,24,7,43,187,54,48,13,13,15,9,11,1,23,187,23,62,40,6,1,16,13,6,20
S01006835,583,70,149,60,63,67,82,48,12,32,299,49,63,20,43,50,28,25,5,16,284,21,86,40,20,17,54,23,7,16
S01006836,367,76,106,41,28,25,46,23,3,19,184,54,53,5,13,21,14,15,2,7,183,22,53,36,15,4,32,8,1,12
S01006837,442,66,117,70,40,34,45,34,6,30,215,46,49,16,25,28,14,22,2,13,227,20,68,54,15,6,31,12,4,17
S01006838,485,71,113,64,33,42,62,59,5,36,240,55,49,14,25,30,17,33,3,14,245,16,64,50,8,12,45,26,2,22
S01006839,786,76,191,144,50,79,107,84,14,41,381,56,93,34,32,55,29,60,7,15,405,20,98,110,18,24,78,24,7,26
S01006840,744,112,222,118,44,57,77,49,9,56,363,76,92,27,29,48,25,38,5,23,381,36,130,91,15,9,52,11,4,33
S01006841,710,79,205,119,43,52,87,60,12,53,344,56,98,29,27,39,31,35,3,26,366,23,107,90,16,13,56,25,9,27
S01006842,643,59,176,121,39,57,92,47,6,46,325,47,88,23,26,46,31,37,1,26,318,12,88,98,13,11,61,10,5,20
S01006843,642,61,135,138,41,57,102,47,10,51,320,45,72,40,27,45,31,32,4,24,322,16,63,98,14,12,71,15,6,27
S01006844,560,47,126,103,37,57,90,59,2,39,285,32,64,32,27,45,30,31,2,22,275,15,62,71,10,12,60,28,0,17
S01006845,753,76,192,113,43,80,116,50,16,67,372,54,94,20,32,67,26,31,10,38,381,22,98,93,11,13,90,19,6,29
S01006846,438,35,84,73,28,54,88,41,5,30,228,23,40,22,19,40,32,32,4,16,210,12,44,51,9,14,56,9,1,14
S01006847,518,63,117,87,37,57,58,37,11,51,258,43,64,16,24,42,22,20,5,22,260,20,53,71,13,15,36,17,6,29
S01006848,737,131,149,79,85,50,75,76,45,47,387,88,58,12,55,41,28,56,25,24,350,43,91,67,30,9,47,20,20,23
S01006849,692,99,174,133,35,60,83,62,11,35,336,64,77,38,24,41,29,43,3,17,356,35,97,95,11,19,54,19,8,18
S01006850,743,51,166,122,37,84,130,92,16,45,340,31,80,26,32,66,29,57,6,13,403,20,86,96,5,18,101,35,10,32
S01006851,589,41,102,95,35,59,112,90,16,39,288,28,45,24,23,47,34,61,9,17,301,13,57,71,12,12,78,29,7,22
S01006852,468,66,110,59,50,53,59,36,6,29,237,39,57,9,35,38,22,19,1,17,231,27,53,50,15,15,37,17,5,12
S01006853,639,154,166,58,80,40,43,40,9,49,323,112,60,7,47,29,11,27,3,27,316,42,106,51,33,11,32,13,6,22
S01006854,643,100,155,87,58,43,83,66,15,36,307,69,61,18,43,29,24,42,8,13,336,31,94,69,15,14,59,24,7,23
S01006855,572,121,146,72,77,29,65,25,8,29,280,83,73,8,56,20,15,14,0,11,292,38,73,64,21,9,50,11,8,18
S01006856,483,85,122,49,59,46,53,40,6,23,242,54,54,6,34,36,17,26,2,13,241,31,68,43,25,10,36,14,4,10
S01006857,753,108,182,71,150,54,85,56,10,37,380,65,76,12,94,42,37,31,3,20,373,43,106,59,56,12,48,25,7,17
S01006858,483,89,125,52,84,26,45,32,4,26,246,59,48,11,61,16,17,18,1,15,237,30,77,41,23,10,28,14,3,11
S01006859,792,152,235,95,62,42,87,37,20,62,401,119,97,20,41,34,22,26,4,38,391,33,138,75,21,8,65,11,16,24
S01006860,393,27,73,36,35,40,77,75,5,25,184,16,25,11,23,28,21,48,3,9,209,11,48,25,12,12,56,27,2,16
S01006861,409,96,117,63,31,24,30,12,6,30,211,76,47,16,18,18,14,5,1,16,198,20,70,47,13,6,16,7,5,14
S01006862,502,71,102,67,46,51,84,47,5,29,239,49,44,18,24,40,18,33,2,11,263,22,58,49,22,11,66,14,3,18
S01006863,486,45,105,67,41,55,80,67,6,20,242,31,42,15,30,43,33,37,1,10,244,14,63,52,11,12,47,30,5,10
S01006864,305,43,70,36,19,30,48,30,12,17,154,27,32,9,13,23,15,20,9,6,151,16,38,27,6,7,33,10,3,11
S01006865,716,141,165,69,85,50,93,57,6,50,372,91,73,15,48,37,41,37,3,27,344,50,92,54,37,13,52,20,3,23
S01006866,413,77,136,58,22,34,32,17,3,34,207,62,57,12,14,25,10,9,0,18,206,15,79,46,8,9,22,8,3,16
S01006867,537,127,160,50,41,33,52,22,7,45,268,99,58,9,24,25,15,16,0,22,269,28,102,41,17,8,37,6,7,23
S01006868,624,79,136,63,48,72,105,73,6,42,311,58,61,12,28,53,35,45,0,19,313,21,75,51,20,19,70,28,6,23
S01006869,381,55,69,39,48,41,52,44,13,20,199,43,35,10,28,28,17,23,5,10,182,12,34,29,20,13,35,21,8,10
S01006870,355,54,97,31,42,27,37,28,7,32,179,39,44,9,22,17,9,18,5,16,176,15,53,22,20,10,28,10,2,16
S01006871,476,72,144,67,33,30,52,36,12,30,231,53,63,13,23,20,20,22,5,12,245,19,81,54,10,10,32,14,7,18
S01006872,504,112,137,56,67,43,37,24,3,25,252,77,60,7,40,31,10,14,1,12,252,35,77,49,27,12,27,10,2,13
S01006873,622,112,161,53,87,41,83,37,10,38,305,75,63,6,60,27,27,17,9,21,317,37,98,47,27,14,56,20,1,17
S01006874,447,72,99,49,64,32,56,34,7,34,227,52,42,9,40,26,20,19,1,18,220,20,57,40,24,6,36,15,6,16
S01006875,487,50,91,49,64,47,75,65,16,30,233,33,34,6,44,35,25,36,6,14,254,17,57,43,20,12,50,29,10,16
S01006876,702,87,138,84,111,62,89,72,11,48,359,56,61,16,84,40,27,48,3,24,343,31,77,68,27,22,62,24,8,24
S01006877,703,111,163,90,125,47,72,44,11,40,361,70,81,15,88,35,24,23,5,20,342,41,82,75,37,12,48,21,6,20
S01006878,520,40,113,46,127,35,80,51,9,19,267,24,44,17,86,24,30,30,3,9,253,16,69,29,41,11,50,21,6,10
S01006879,574,84,108,49,115,49,65,49,13,42,300,56,42,7,79,42,21,30,3,20,274,28,66,42,36,7,44,19,10,22
S01006880,443,77,135,56,47,39,40,22,1,26,219,55,62,11,26,32,12,12,1,8,224,22,73,45,21,7,28,10,0,18
S01006881,430,69,101,53,75,32,46,34,3,17,223,50,39,4,53,24,18,23,1,11,207,19,62,49,22,8,28,11,2,6
S01006882,258,12,51,31,19,32,57,39,5,12,122,8,18,4,11,24,25,24,2,6,136,4,33,27,8,8,32,15,3,6
S01006883,329,36,86,39,31,22,49,41,6,19,168,22,39,10,23,19,15,27,2,11,161,14,47,29,8,3,34,14,4,8
S01006884,627,52,135,89,52,64,115,67,7,46,317,36,72,18,35,48,33,48,5,22,310,16,63,71,17,16,82,19,2,24
S01006885,386,64,89,44,49,34,46,30,5,25,195,47,36,4,31,25,13,22,3,14,191,17,53,40,18,9,33,8,2,11
S01006886,575,102,158,62,75,41,53,45,10,29,282,75,54,10,47,33,19,24,3,17,293,27,104,52,28,8,34,21,7,12
S01006887,418,70,111,39,49,36,42,43,6,22,210,49,45,3,35,25,13,27,1,12,208,21,66,36,14,11,29,16,5,10
S01006888,596,86,136,76,93,48,70,35,15,37,296,52,51,16,69,38,23,23,7,17,300,34,85,60,24,10,47,12,8,20
S01006889,624,30,107,66,31,76,119,135,26,34,291,23,51,18,15,54,29,77,12,12,333,7,56,48,16,22,90,58,14,22
S01006890,487,74,127,68,37,53,57,42,8,21,246,54,60,13,21,39,18,27,4,10,241,20,67,55,16,14,39,15,4,11
S01006891,693,95,177,80,40,76,93,77,10,45,351,66,76,16,27,63,34,45,5,19,342,29,101,64,13,13,59,32,5,26
S01006892,458,24,92,56,28,72,78,77,11,20,218,17,38,8,23,56,24,41,4,7,240,7,54,48,5,16,54,36,7,13
S01006893,390,22,78,53,24,45,64,67,8,29,185,15,35,12,15,35,18,39,2,14,205,7,43,41,9,10,46,28,6,15
S01006894,718,64,176,103,42,76,105,97,21,34,352,55,79,15,27,53,27,70,9,17,366,9,97,88,15,23,78,27,12,17
S01006895,411,25,75,52,23,56,83,75,9,13,216,20,35,14,14,41,37,48,2,5,195,5,40,38,9,15,46,27,7,8
S01006896,606,58,132,91,25,75,84,93,13,35,296,42,59,17,18,58,20,60,8,14,310,16,73,74,7,17,64,33,5,21
S01006897,572,62,128,79,30,78,101,54,9,31,299,45,61,20,19,60,31,43,4,16,273,17,67,59,11,18,70,11,5,15
S01006898,559,48,133,80,34,48,104,77,14,21,270,29,56,17,21,36,47,52,5,7,289,19,77,63,13,12,57,25,9,14
S01006899,462,65,127,86,19,40,53,39,5,28,226,48,57,22,9,36,11,29,2,12,236,17,70,64,10,4,42,10,3,16
S01006900,467,47,97,76,19,46,75,66,9,32,234,32,51,10,14,40,21,44,8,14,233,15,46,66,5,6,54,22,1,18
S01006901,460,24,97,57,18,55,89,87,8,25,225,18,38,19,10,33,28,66,5,8,235,6,59,38,8,22,61,21,3,17
S01006902,502,38,113,68,25,49,90,76,14,29,253,32,49,17,15,38,31,50,6,15,249,6,64,51,10,11,59,26,8,14
S01006903,587,41,104,66,31,54,116,124,20,31,279,27,36,16,22,40,36,75,11,16,308,14,68,50,9,14,80,49,9,15
S01006904,491,48,106,70,27,57,74,69,4,36,231,36,48,16,18,40,19,40,3,11,260,12,58,54,9,17,55,29,1,25
S01006905,645,72,145,68,70,67,112,72,14,25,314,54,52,16,34,53,45,41,5,14,331,18,93,52,36,14,67,31,9,11
S01006906,582,25,95,82,33,68,115,124,19,21,279,15,49,20,22,51,36,65,12,9,303,10,46,62,11,17,79,59,7,12
S01006907,480,27,105,62,38,55,64,92,20,17,235,13,41,17,24,45,26,51,9,9,245,14,64,45,14,10,38,41,11,8
S01006908,618,40,131,76,33,77,102,115,18,26,297,25,61,15,22,57,27,73,7,10,321,15,70,61,11,20,75,42,11,16
S01006909,552,103,151,97,46,48,52,28,4,23,283,71,68,22,27,39,22,19,0,15,269,32,83,75,19,9,30,9,4,8
S01006910,665,118,183,75,85,38,56,54,14,42,348,81,67,21,54,34,20,39,8,24,317,37,116,54,31,4,36,15,6,18
S01006911,450,95,139,54,26,41,35,32,5,23,220,60,58,16,14,34,11,16,0,11,230,35,81,38,12,7,24,16,5,12
S01006912,364,49,99,27,50,23,58,33,4,21,190,34,48,4,33,17,22,23,1,8,174,15,51,23,17,6,36,10,3,13
S01006913,380,62,110,62,30,24,43,23,3,23,200,44,56,15,19,21,17,14,1,13,180,18,54,47,11,3,26,9,2,10
S01006914,557,100,124,63,65,55,51,57,2,40,287,72,45,13,43,40,21,35,1,17,270,28,79,50,22,15,30,22,1,23
S01006915,609,92,147,78,70,60,64,56,10,32,313,56,65,16,51,47,25,34,2,17,296,36,82,62,19,13,39,22,8,15
S01006916,391,52,94,61,19,42,61,32,6,24,187,37,39,8,14,35,18,21,2,13,204,15,55,53,5,7,43,11,4,11
S01006917,637,138,179,114,55,51,44,29,4,23,314,97,77,21,35,38,17,19,1,9,323,41,102,93,20,13,27,10,3,14
S01006918,349,60,82,58,29,27,37,35,6,15,170,47,35,12,15,22,10,21,1,7,179,13,47,46,14,5,27,14,5,8
S01006919,380,46,101,55,33,35,46,34,7,23,189,36,38,18,21,28,14,22,4,8,191,10,63,37,12,7,32,12,3,15
S01006920,355,41,95,55,26,32,63,28,3,12,176,35,47,7,15,24,23,16,2,7,179,6,48,48,11,8,40,12,1,5
S01006921,551,89,180,79,24,51,62,30,4,32,272,58,84,19,16,42,17,22,1,13,279,31,96,60,8,9,45,8,3,19
S01006922,385,67,80,37,54,20,71,32,4,20,197,44,41,7,32,17,23,18,2,13,188,23,39,30,22,3,48,14,2,7
S01006923,554,88,132,77,64,49,75,38,12,19,266,65,48,14,45,37,23,22,5,7,288,23,84,63,19,12,52,16,7,12
S01006924,426,71,122,36,73,31,43,21,3,26,215,49,51,8,46,25,12,14,1,9,211,22,71,28,27,6,31,7,2,17
S01006925,375,55,95,65,23,28,48,34,5,22,192,37,50,14,15,22,14,25,2,13,183,18,45,51,8,6,34,9,3,9
S01006926,528,97,143,98,31,48,66,23,6,16,264,68,72,13,24,39,21,18,2,7,264,29,71,85,7,9,45,5,4,9
S01006927,703,148,208,134,40,55,56,30,14,18,351,92,96,41,26,43,25,15,5,8,352,56,112,93,14,12,31,15,9,10
S01006928,776,98,186,115,60,94,94,80,8,41,387,59,90,21,37,76,36,47,1,20,389,39,96,94,23,18,58,33,7,21
S01006929,623,166,170,98,38,23,41,18,13,56,316,121,80,20,21,16,14,13,4,27,307,45,90,78,17,7,27,5,9,29
S01006930,719,137,217,108,44,48,57,29,14,65,350,96,101,23,29,36,13,19,4,29,369,41,116,85,15,12,44,10,10,36
S01006931,289,56,75,40,34,15,23,20,4,22,142,36,34,10,21,13,4,12,2,10,147,20,41,30,13,2,19,8,2,12
S01006932,433,64,123,71,34,23,36,27,5,50,203,49,51,12,20,21,10,15,3,22,230,15,72,59,14,2,26,12,2,28
S01006933,474,79,122,79,24,30,62,28,6,44,236,57,54,23,16,22,20,20,3,21,238,22,68,56,8,8,42,8,3,23
S01006934,448,69,94,56,50,39,55,42,18,25,219,48,34,13,31,35,15,29,6,8,229,21,60,43,19,4,40,13,12,17
S01006935,535,82,151,87,35,37,62,35,8,38,257,64,65,13,24,30,19,21,2,19,278,18,86,74,11,7,43,14,6,19
S01006936,480,60,148,81,25,35,64,32,7,28,226,43,65,19,17,30,20,18,2,12,254,17,83,62,8,5,44,14,5,16
S01006937,565,66,166,97,34,47,71,34,9,41,265,49,73,22,21,39,20,17,4,20,300,17,93,75,13,8,51,17,5,21
S01006938,382,50,90,65,21,40,62,27,2,25,186,35,35,17,14,31,18,19,1,16,196,15,55,48,7,9,44,8,1,9
S01006939,481,86,129,91,22,25,57,32,1,38,241,70,57,27,11,20,18,22,0,16,240,16,72,64,11,5,39,10,1,22
S01006940,743,118,212,118,45,55,75,41,11,68,369,85,100,27,30,42,30,21,3,31,374,33,112,91,15,13,45,20,8,37
S01006941,458,54,115,75,25,37,61,43,9,39,218,33,50,17,14,31,25,28,2,18,240,21,65,58,11,6,36,15,7,21
S01006942,793,120,205,132,57,60,100,33,7,79,375,88,102,22,39,52,27,17,2,26,418,32,103,110,18,8,73,16,5,53
S01006943,441,109,142,56,25,20,38,15,7,29,216,72,63,13,15,16,11,7,1,18,225,37,79,43,10,4,27,8,6,11
S01006944,616,105,177,119,31,49,55,30,8,42,302,72,69,29,24,44,22,21,2,19,314,33,108,90,7,5,33,9,6,23
S01006945,409,72,115,60,30,30,47,22,6,27,205,47,58,13,20,25,16,13,3,10,204,25,57,47,10,5,31,9,3,17
S01006946,621,102,186,84,45,47,63,45,8,41,306,69,86,16,26,40,22,25,3,19,315,33,100,68,19,7,41,20,5,22
S01006947,609,91,161,107,33,61,60,51,8,37,306,65,69,33,19,50,19,31,5,15,303,26,92,74,14,11,41,20,3,22
S01006948,657,91,172,99,69,52,84,49,6,35,315,65,75,24,42,42,26,30,1,10,342,26,97,75,27,10,58,19,5,25
S01006949,489,103,133,65,52,34,42,22,8,30,244,70,58,12,36,25,14,14,1,14,245,33,75,53,16,9,28,8,7,16
S01006950,379,72,107,47,21,49,42,28,1,12,182,44,42,11,12,33,18,16,0,6,197,28,65,36,9,16,24,12,1,6
S01006951,361,31,91,60,22,50,50,34,6,17,178,28,38,13,13,39,16,22,1,8,183,3,53,47,9,11,34,12,5,9
S01006952,667,89,132,98,82,60,91,72,3,40,343,71,56,18,58,48,30,45,2,15,324,18,76,80,24,12,61,27,1,25
S01006953,608,111,158,85,57,50,69,32,7,39,309,83,75,17,38,40,17,19,4,16,299,28,83,68,19,10,52,13,3,23
S01006954,621,76,180,90,50,64,68,46,5,42,318,55,77,21,29,53,24,34,2,23,303,21,103,69,21,11,44,12,3,19
S01006955,455,40,112,75,32,54,61,48,7,26,223,27,46,24,18,43,22,28,4,11,232,13,66,51,14,11,39,20,3,15
S01006956,804,113,250,104,46,93,83,47,13,55,404,80,110,27,30,77,23,24,8,25,400,33,140,77,16,16,60,23,5,30
S01006957,779,115,203,119,89,73,78,37,10,55,386,77,84,21,61,61,27,28,3,24,393,38,119,98,28,12,51,9,7,31
S01006958,665,77,192,88,52,54,96,59,12,35,324,56,91,25,29,46,20,39,4,14,341,21,101,63,23,8,76,20,8,21
S01006959,484,47,107,52,33,45,74,77,19,30,231,38,36,15,18,37,23,44,10,10,253,9,71,37,15,8,51,33,9,20
S01006960,674,127,174,96,51,61,69,31,16,49,327,91,79,17,30,43,18,24,5,20,347,36,95,79,21,18,51,7,11,29
S01006961,665,95,218,103,38,52,69,38,6,46,325,63,107,23,22,40,22,23,2,23,340,32,111,80,16,12,47,15,4,23
S01006962,675,68,168,89,45,74,117,69,13,32,330,50,82,14,26,63,36,42,6,11,345,18,86,75,19,11,81,27,7,21
S01006963,543,51,152,70,31,53,75,48,15,48,271,41,75,16,20,44,17,31,6,21,272,10,77,54,11,9,58,17,9,27
S01006964,621,50,151,85,33,76,93,92,7,34,331,41,62,26,24,57,36,66,4,15,290,9,89,59,9,19,57,26,3,19
S01006965,395,48,104,46,32,41,51,38,7,28,199,32,49,11,18,35,17,23,3,11,196,16,55,35,14,6,34,15,4,17
S01006966,444,25,88,58,20,47,80,75,16,35,205,12,38,17,13,31,26,45,8,15,239,13,50,41,7,16,54,30,8,20
S01006967,489,48,121,70,32,52,71,51,9,35,245,36,64,13,13,37,21,36,6,19,244,12,57,57,19,15,50,15,3,16
S01006968,402,19,83,57,23,50,80,64,3,23,192,13,33,13,18,33,26,40,2,14,210,6,50,44,5,17,54,24,1,9
S01006969,692,62,157,107,51,73,95,97,11,39,346,46,77,25,31,62,29,58,2,16,346,16,80,82,20,11,66,39,9,23
S01006970,529,67,143,104,19,52,68,28,7,41,255,51,74,26,10,42,17,16,3,16,274,16,69,78,9,10,51,12,4,25
S01006971,385,26,68,41,23,44,82,62,11,28,177,19,26,5,16,38,27,32,4,10,208,7,42,36,7,6,55,30,7,18
S01006972,406,58,88,65,56,33,48,23,5,30,215,36,45,8,43,27,19,15,3,19,191,22,43,57,13,6,29,8,2,11
S01006973,438,68,124,64,45,31,47,32,5,22,225,43,57,15,32,22,21,23,2,10,213,25,67,49,13,9,26,9,3,12
S01006974,775,123,219,105,56,75,83,56,15,43,379,88,94,21,31,57,27,40,4,17,396,35,125,84,25,18,56,16,11,26
S01006975,740,98,165,87,109,72,103,64,10,32,383,64,62,15,82,59,43,38,4,16,357,34,103,72,27,13,60,26,6,16
S01006976,354,46,93,37,55,30,48,21,4,20,185,32,46,8,35,24,14,14,1,11,169,14,47,29,20,6,34,7,3,9
S01006977,621,78,140,66,103,55,85,52,6,36,312,64,54,11,68,42,31,26,0,16,309,14,86,55,35,13,54,26,6,20
S01006978,656,107,141,71,67,64,98,59,14,35,345,72,64,13,48,51,38,36,6,17,311,35,77,58,19,13,60,23,8,18
S01006979,614,93,139,69,76,49,75,65,13,35,307,62,47,17,51,41,28,38,6,17,307,31,92,52,25,8,47,27,7,18
S01006980,652,92,157,82,63,61,84,48,17,48,330,65,73,15,43,45,31,32,9,17,322,27,84,67,20,16,53,16,8,31
S01006981,621,76,155,74,74,40,81,74,10,37,312,51,57,23,56,28,30,45,7,15,309,25,98,51,18,12,51,29,3,22
S01006982,640,76,137,90,60,72,101,58,8,38,310,51,54,19,41,52,37,36,2,18,330,25,83,71,19,20,64,22,6,20
S01006983,560,69,153,71,64,48,61,47,8,39,290,51,70,15,43,39,19,27,2,24,270,18,83,56,21,9,42,20,6,15
S01006984,543,105,131,65,72,50,52,27,6,35,279,68,49,20,45,37,19,20,4,17,264,37,82,45,27,13,33,7,2,18
S01006985,755,71,160,96,70,84,103,115,12,44,390,51,75,19,44,66,34,70,3,28,365,20,85,77,26,18,69,45,9,16
S01006986,468,66,99,68,27,49,61,53,15,30,232,46,46,10,21,39,16,32,5,17,236,20,53,58,6,10,45,21,10,13
S01006987,482,63,135,64,24,43,64,51,16,22,233,42,60,9,17,31,21,28,9,16,249,21,75,55,7,12,43,23,7,6
S01006988,442,63,112,55,49,35,50,33,12,33,218,42,40,14,33,27,18,20,3,21,224,21,72,41,16,8,32,13,9,12
S01006989,768,141,184,109,100,52,74,55,5,48,384,101,77,20,62,40,22,38,2,22,384,40,107,89,38,12,52,17,3,26
S01006990,642,115,182,101,64,45,55,29,8,43,320,80,74,20,46,35,23,16,4,22,322,35,108,81,18,10,32,13,4,21
S01006991,307,29,56,25,32,32,68,47,7,11,146,20,21,4,22,26,23,24,1,5,161,9,35,21,10,6,45,23,6,6
S01006992,487,58,123,52,74,38,61,38,9,34,258,39,64,6,48,33,25,23,3,17,229,19,59,46,26,5,36,15,6,17
S01006993,414,39,86,38,78,42,59,38,5,29,205,22,39,10,50,32,19,24,0,9,209,17,47,28,28,10,40,14,5,20
S01006994,471,57,113,54,57,49,53,55,7,26,259,42,50,9,44,42,20,34,6,12,212,15,63,45,13,7,33,21,1,14
S01006995,638,76,142,76,96,62,82,63,11,30,319,50,70,14,58,49,28,36,5,9,319,26,72,62,38,13,54,27,6,21
S01006996,554,51,103,66,64,62,94,75,7,32,270,34,50,11,39,43,31,46,3,13,284,17,53,55,25,19,63,29,4,19
S01006997,575,91,151,67,73,54,50,41,5,43,288,70,68,10,44,40,16,23,1,16,287,21,83,57,29,14,34,18,4,27
S01006998,829,107,206,99,110,88,96,70,8,45,420,63,96,16,81,62,27,45,4,26,409,44,110,83,29,26,69,25,4,19
S01006999,659,50,123,69,134,81,92,75,7,28,354,33,44,10,101,67,38,42,1,18,305,17,79,59,33,14,54,33,6,10
S01007000,692,68,157,94,65,78,87,101,10,32,343,47,63,21,53,61,20,61,3,14,349,21,94,73,12,17,67,40,7,18
S01007001,668,80,162,83,72,66,86,66,12,41,316,58,65,13,43,47,25,40,6,19,352,22,97,70,29,19,61,26,6,22
S01007002,422,36,81,52,57,32,64,59,20,21,212,25,30,10,39,25,24,39,11,9,210,11,51,42,18,7,40,20,9,12
S01007003,391,34,72,38,85,29,65,43,9,16,208,25,27,9,67,19,20,29,4,8,183,9,45,29,18,10,45,14,5,8
S01007004,550,54,111,73,99,41,71,60,8,33,288,39,39,17,77,32,25,38,4,17,262,15,72,56,22,9,46,22,4,16
S01007005,682,97,169,68,96,63,82,58,6,43,355,61,64,17,70,47,30,40,4,22,327,36,105,51,26,16,52,18,2,21
S01007006,675,63,114,56,95,73,136,97,12,29,349,41,47,5,64,55,56,68,2,11,326,22,67,51,31,18,80,29,10,18
S01007007,632,51,110,65,135,68,85,68,23,27,330,30,43,11,92,57,32,42,9,14,302,21,67,54,43,11,53,26,14,13
S01007008,728,53,106,70,56,99,141,130,30,43,358,41,34,14,39,74,33,83,14,26,370,12,72,56,17,25,108,47,16,17
S01007009,766,40,149,92,67,91,145,125,19,38,378,25,69,27,45,62,46,78,8,18,388,15,80,65,22,29,99,47,11,20
S01007010,535,51,120,69,52,40,98,66,13,26,249,29,47,13,34,33,26,48,6,13,286,22,73,56,18,7,72,18,7,13
S01007011,599,22,78,65,56,74,148,105,26,25,302,16,35,17,37,56,47,71,14,9,297,6,43,48,19,18,101,34,12,16
S01007012,504,15,50,51,18,56,120,131,36,27,234,14,15,13,13,39,30,79,18,13,270,1,35,38,5,17,90,52,18,14
S01007013,433,44,80,48,94,43,52,40,7,25,223,27,34,5,68,32,20,27,1,9,210,17,46,43,26,11,32,13,6,16
S01007014,743,57,162,87,116,86,118,58,17,42,385,43,71,21,78,64,41,36,8,23,358,14,91,66,38,22,77,22,9,19
S01007015,478,32,86,49,106,49,73,49,12,22,241,22,34,6,73,37,22,29,8,10,237,10,52,43,33,12,51,20,4,12
S01007016,465,44,90,51,76,50,68,44,11,31,243,26,44,9,55,43,19,28,5,14,222,18,46,42,21,7,49,16,6,17
S01007017,705,30,85,70,53,90,154,170,23,30,344,20,38,14,34,74,41,106,9,8,361,10,47,56,19,16,113,64,14,22
S01007018,690,37,133,81,64,85,142,106,15,27,340,24,68,20,42,69,44,58,4,11,350,13,65,61,22,16,98,48,11,16
S01007019,500,21,74,52,36,61,109,105,19,23,250,12,29,17,22,48,37,66,9,10,250,9,45,35,14,13,72,39,10,13
S01007020,556,40,95,61,46,76,103,85,22,28,275,29,42,6,26,61,38,55,6,12,281,11,53,55,20,15,65,30,16,16
S01007021,650,29,103,80,44,75,140,138,22,19,316,23,43,17,27,54,49,83,9,11,334,6,60,63,17,21,91,55,13,8
S01007022,350,17,64,30,38,36,66,64,15,20,165,11,26,4,22,23,24,36,11,8,185,6,38,26,16,13,42,28,4,12
S01007023,355,13,63,31,77,40,61,42,14,14,173,5,25,6,47,27,21,28,6,8,182,8,38,25,30,13,40,14,8,6
S01007024,766,38,146,70,164,64,124,97,16,47,380,22,61,10,107,49,43,63,6,19,386,16,85,60,57,15,81,34,10,28
S01007025,625,24,93,46,59,78,127,160,20,18,302,17,41,4,34,57,31,101,11,6,323,7,52,42,25,21,96,59,9,12
S01007026,637,33,121,61,88,74,106,109,17,28,325,19,52,10,55,59,42,63,9,16,312,14,69,51,33,15,64,46,8,12
S01007027,766,40,141,65,105,87,139,127,25,37,376,29,60,14,74,67,34,72,12,14,390,11,81,51,31,20,105,55,13,23
S01007028,563,35,107,57,119,49,91,57,17,31,294,22,49,12,75,39,31,40,11,15,269,13,58,45,44,10,60,17,6,16
S01007029,427,25,72,41,112,34,61,49,14,19,218,17,28,8,79,21,22,34,3,6,209,8,44,33,33,13,39,15,11,13
S01007030,609,20,97,50,74,61,135,137,11,24,302,15,44,7,48,45,39,90,7,7,307,5,53,43,26,16,96,47,4,17
S01007031,459,25,88,26,55,49,108,68,16,24,241,17,36,9,40,33,45,42,8,11,218,8,52,17,15,16,63,26,8,13
S01007032,720,38,136,62,58,65,138,124,48,51,379,25,50,16,35,48,61,91,26,27,341,13,86,46,23,17,77,33,22,24
S01007033,548,19,87,56,19,61,124,125,30,27,261,17,41,11,12,49,32,78,11,10,287,2,46,45,7,12,92,47,19,17
S01007034,443,24,85,42,29,43,93,68,17,42,215,12,44,8,18,36,29,41,8,19,228,12,41,34,11,7,64,27,9,23
S01007035,569,18,54,36,41,49,168,154,18,31,253,12,18,9,25,32,50,82,11,14,316,6,36,27,16,17,118,72,7,17
S01007036,658,49,140,67,78,65,114,73,27,45,327,35,63,11,54,51,34,41,12,26,331,14,77,56,24,14,80,32,15,19
S01007037,747,23,93,82,60,85,168,158,29,49,347,11,33,20,44,67,47,95,11,19,400,12,60,62,16,18,121,63,18,30
S01007038,570,21,90,61,60,55,120,102,27,34,283,10,39,18,37,45,40,72,12,10,287,11,51,43,23,10,80,30,15,24
S01007039,632,19,99,60,59,70,124,132,34,35,313,11,46,10,40,55,33,88,13,17,319,8,53,50,19,15,91,44,21,18
S01007040,466,18,62,43,32,55,112,100,13,31,220,15,24,4,22,44,32,61,6,12,246,3,38,39,10,11,80,39,7,19
S01007041,555,23,95,51,54,63,110,89,38,32,286,16,48,8,37,56,35,56,18,12,269,7,47,43,17,7,75,33,20,20
S01007042,514,31,78,53,63,53,96,86,23,31,260,22,38,15,39,41,29,54,11,11,254,9,40,38,24,12,67,32,12,20
S01007043,766,69,155,79,146,74,108,91,20,24,406,48,66,10,103,58,42,57,8,14,360,21,89,69,43,16,66,34,12,10
S01007044,504,32,80,52,92,52,85,67,9,35,246,15,33,10,75,43,16,39,1,14,258,17,47,42,17,9,69,28,8,21
S01007045,632,44,115,55,150,54,94,70,23,27,315,27,48,8,102,42,28,39,10,11,317,17,67,47,48,12,66,31,13,16
S01007046,472,20,93,43,72,43,94,74,11,22,242,12,43,6,54,37,36,45,2,7,230,8,50,37,18,6,58,29,9,15
S01007047,519,29,110,61,91,50,72,69,11,26,254,18,53,17,66,40,14,36,2,8,265,11,57,44,25,10,58,33,9,18
S01007048,726,42,104,81,136,77,120,101,20,45,393,32,54,14,98,60,39,64,9,23,333,10,50,67,38,17,81,37,11,22
S01007049,701,21,115,56,57,88,154,162,21,27,349,15,48,14,40,67,42,110,8,5,352,6,67,42,17,21,112,52,13,22
S01007050,477,36,77,39,70,49,88,72,23,23,246,24,31,5,47,35,28,52,15,9,231,12,46,34,23,14,60,20,8,14
S01007051,570,43,102,74,46,69,97,95,22,22,282,27,36,22,38,52,33,55,7,12,288,16,66,52,8,17,64,40,15,10
S01007052,442,30,68,53,52,53,81,70,11,24,218,22,26,13,37,41,23,41,4,11,224,8,42,40,15,12,58,29,7,13
S01007053,383,39,72,41,65,44,49,40,9,24,196,24,27,8,43,39,18,30,1,6,187,15,45,33,22,5,31,10,8,18
S01007054,691,39,107,76,55,102,127,128,29,28,348,26,39,21,39,76,45,81,10,11,343,13,68,55,16,26,82,47,19,17
S01007055,404,30,79,39,87,34,60,45,6,24,211,20,31,10,63,25,21,33,0,8,193,10,48,29,24,9,39,12,6,16
S01007056,478,42,95,53,95,35,66,47,11,34,254,29,48,17,62,24,18,30,5,21,224,13,47,36,33,11,48,17,6,13
S01007057,383,18,91,59,30,39,62,57,10,17,181,11,45,12,19,30,17,35,4,8,202,7,46,47,11,9,45,22,6,9
S01007058,401,15,65,47,35,57,81,77,6,18,194,13,29,12,26,44,22,38,4,6,207,2,36,35,9,13,59,39,2,12
S01007059,723,56,134,90,56,72,130,115,26,44,352,43,61,22,31,58,35,72,9,21,371,13,73,68,25,14,95,43,17,23
S01007060,463,20,48,43,26,59,107,94,29,37,212,12,21,9,18,42,29,51,15,15,251,8,27,34,8,17,78,43,14,22
S01007061,711,98,176,91,100,62,94,44,13,33,363,64,80,19,65,47,41,27,6,14,348,34,96,72,35,15,53,17,7,19
S01007062,539,72,115,59,107,44,51,49,7,35,287,48,42,13,69,36,20,31,6,22,252,24,73,46,38,8,31,18,1,13
S01007063,496,28,95,63,56,54,70,82,13,35,234,18,44,12,40,39,21,49,4,7,262,10,51,51,16,15,49,33,9,28
S01007064,502,48,100,58,92,38,62,72,5,27,257,32,47,13,63,32,19,37,3,11,245,16,53,45,29,6,43,35,2,16
S01007065,445,67,121,51,46,37,52,38,6,27,224,44,59,17,27,32,13,17,3,12,221,23,62,34,19,5,39,21,3,15
S01007066,511,42,108,47,75,66,69,60,11,33,273,29,47,5,54,49,28,37,7,17,238,13,61,42,21,17,41,23,4,16
S01007067,451,37,99,71,31,61,73,53,8,18,239,27,45,25,18,59,20,38,2,5,212,10,54,46,13,2,53,15,6,13
S01007068,545,60,115,64,68,61,76,61,21,19,252,33,52,17,42,43,21,32,6,6,293,27,63,47,26,18,55,29,15,13
S01007069,600,28,103,89,48,60,126,91,18,37,305,20,53,28,32,49,46,53,9,15,295,8,50,61,16,11,80,38,9,22
S01007070,395,10,67,47,33,50,77,83,15,13,201,9,27,14,26,36,32,45,7,5,194,1,40,33,7,14,45,38,8,8
S01007071,642,55,138,68,41,70,109,107,15,39,321,36,63,20,28,52,30,65,8,19,321,19,75,48,13,18,79,42,7,20
S01007072,493,35,94,71,45,66,96,50,6,30,244,23,52,18,31,49,25,30,3,13,249,12,42,53,14,17,71,20,3,17
S01007073,838,43,165,112,75,99,155,119,31,39,494,34,86,42,57,82,69,87,22,15,344,9,79,70,18,17,86,32,9,24
S01007074,517,22,81,50,31,63,120,113,20,17,243,16,31,12,22,46,35,64,10,7,274,6,50,38,9,17,85,49,10,10
S01007075,537,15,70,52,12,67,129,143,17,32,244,13,29,17,8,48,38,73,5,13,293,2,41,35,4,19,91,70,12,19
S01007076,580,22,87,61,38,76,128,128,18,22,288,17,36,25,26,54,35,75,8,12,292,5,51,36,12,22,93,53,10,10
S01007077,522,20,87,61,23,83,115,95,22,16,246,15,33,11,17,64,44,48,8,6,276,5,54,50,6,19,71,47,14,10
S01007078,642,31,83,85,50,70,121,136,34,32,304,27,34,21,34,53,34,71,17,13,338,4,49,64,16,17,87,65,17,19
S01007079,726,25,128,66,48,99,161,139,35,25,363,19,58,14,32,74,51,92,14,9,363,6,70,52,16,25,110,47,21,16
S01007080,557,13,92,56,28,67,123,112,22,44,268,11,39,20,22,53,29,59,15,20,289,2,53,36,6,14,94,53,7,24
S01007081,690,22,88,48,54,74,149,190,29,36,339,15,36,16,41,58,57,94,11,11,351,7,52,32,13,16,92,96,18,25
S01007082,410,10,64,24,29,53,87,102,19,22,193,5,29,4,19,45,27,42,10,12,217,5,35,20,10,8,60,60,9,10
S01007083,697,18,62,46,37,83,154,208,54,35,353,12,30,12,23,64,60,114,25,13,344,6,32,34,14,19,94,94,29,22
S01007084,435,28,80,59,38,48,84,66,6,26,206,22,38,11,25,40,32,29,0,9,229,6,42,48,13,8,52,37,6,17
S01007085,637,38,100,54,50,86,122,121,30,36,331,30,49,11,33,67,49,68,15,9,306,8,51,43,17,19,73,53,15,27
S01007086,871,18,88,52,42,106,182,241,83,59,450,15,43,21,30,80,69,130,36,26,421,3,45,31,12,26,113,111,47,33
S01007087,660,22,57,35,40,84,154,188,44,36,340,16,25,13,33,60,54,101,20,18,320,6,32,22,7,24,100,87,24,18
S01007088,408,8,31,23,25,55,86,123,37,20,197,6,14,8,19,33,29,61,16,11,211,2,17,15,6,22,57,62,21,9
S01007089,404,32,95,62,36,49,59,48,8,15,203,25,47,11,27,40,18,27,3,5,201,7,48,51,9,9,41,21,5,10
S01007090,414,15,84,63,33,49,90,57,8,15,226,11,50,15,25,43,34,38,4,6,188,4,34,48,8,6,56,19,4,9
S01007091,576,34,84,58,31,71,114,102,23,59,265,19,37,9,20,60,33,58,9,20,311,15,47,49,11,11,81,44,14,39
S01007092,449,13,65,44,25,58,102,106,17,19,202,7,30,8,19,46,25,56,6,5,247,6,35,36,6,12,77,50,11,14
S01007093,749,53,148,133,53,102,121,92,8,39,378,43,70,28,37,86,39,54,4,17,371,10,78,105,16,16,82,38,4,22
S01007094,679,34,142,78,76,75,107,120,11,36,341,26,67,14,57,61,39,63,3,11,338,8,75,64,19,14,68,57,8,25
S01007095,419,44,88,46,68,38,52,45,14,24,213,30,32,8,45,34,20,27,5,12,206,14,56,38,23,4,32,18,9,12
S01007096,602,57,153,70,74,68,90,58,7,25,309,39,66,16,49,57,29,36,5,12,293,18,87,54,25,11,61,22,2,13
S01007097,372,34,60,55,52,42,61,41,8,19,184,22,24,8,39,34,19,29,3,6,188,12,36,47,13,8,42,12,5,13
S01007098,617,51,154,80,94,58,75,58,16,31,302,33,65,13,58,54,28,30,4,17,315,18,89,67,36,4,47,28,12,14
S01007099,649,30,141,74,110,79,85,85,12,33,336,22,68,15,68,58,32,58,1,14,313,8,73,59,42,21,53,27,11,19
S01007100,561,31,132,59,52,69,85,85,17,31,289,22,59,8,37,56,33,52,7,15,272,9,73,51,15,13,52,33,10,16
S01007101,611,17,84,50,36,63,147,155,25,34,289,13,42,11,22,45,46,89,10,11,322,4,42,39,14,18,101,66,15,23
S01007102,553,30,104,48,73,77,80,89,13,39,284,23,43,7,48,55,28,60,6,14,269,7,61,41,25,22,52,29,7,25
S01007103,607,35,86,75,79,86,101,89,7,49,309,25,44,10,64,68,27,50,3,18,298,10,42,65,15,18,74,39,4,31
S01007104,377,27,58,47,76,29,68,48,7,17,190,20,21,11,55,21,29,24,1,8,187,7,37,36,21,8,39,24,6,9
S01007105,384,23,75,49,37,49,54,64,8,25,183,15,37,9,32,41,11,29,2,7,201,8,38,40,5,8,43,35,6,18
S01007106,550,24,89,56,59,75,98,91,19,39,276,17,40,16,48,54,33,41,7,20,274,7,49,40,11,21,65,50,12,19
S01007107,505,30,104,62,92,53,63,61,9,31,254,24,48,11,59,42,15,38,2,15,251,6,56,51,33,11,48,23,7,16
S01007108,433,20,84,49,100,40,67,42,12,19,224,12,41,11,68,31,25,24,3,9,209,8,43,38,32,9,42,18,9,10
S01007109,614,11,70,43,62,70,130,181,22,25,301,10,36,8,39,50,42,98,10,8,313,1,34,35,23,20,88,83,12,17
S01007110,558,33,93,65,48,66,101,100,18,34,265,22,44,16,35,55,24,53,5,11,293,11,49,49,13,11,77,47,13,23
S01007111,398,12,58,42,31,61,86,67,12,29,201,11,25,8,24,45,29,43,3,13,197,1,33,34,7,16,57,24,9,16
S01007112,434,24,77,47,65,51,66,63,17,24,221,17,37,9,44,41,19,35,8,11,213,7,40,38,21,10,47,28,9,13
S01007113,402,43,91,32,51,45,56,49,16,19,212,31,38,7,31,36,24,28,6,11,190,12,53,25,20,9,32,21,10,8
S01007114,659,30,101,80,44,94,132,120,6,52,331,22,53,20,35,71,41,59,3,27,328,8,48,60,9,23,91,61,3,25
S01007115,496,24,89,66,33,61,101,67,14,41,252,22,49,13,27,53,30,34,5,19,244,2,40,53,6,8,71,33,9,22
S01007116,718,54,132,91,95,88,125,66,8,59,365,42,73,14,69,75,28,31,3,30,353,12,59,77,26,13,97,35,5,29
S01007117,364,34,76,37,44,39,67,34,7,26,180,24,41,5,33,35,14,16,2,10,184,10,35,32,11,4,53,18,5,16
S01007118,516,13,53,48,25,61,126,128,30,32,240,9,25,13,18,44,39,65,16,11,276,4,28,35,7,17,87,63,14,21
S01007119,625,19,70,37,39,100,120,170,22,48,304,14,32,10,31,76,33,83,4,21,321,5,38,27,8,24,87,87,18,27
S01007120,862,23,98,45,44,121,219,218,43,51,418,13,49,8,31,89,88,109,16,15,444,10,49,37,13,32,131,109,27,36
S01007121,355,9,33,23,30,42,77,98,14,29,192,6,18,5,25,31,30,53,8,16,163,3,15,18,5,11,47,45,6,13
S01007122,453,29,94,48,40,46,81,72,12,31,220,19,47,13,29,36,25,35,4,12,233,10,47,35,11,10,56,37,8,19
S01007123,468,13,64,42,20,59,98,126,15,31,241,8,36,12,15,47,39,62,8,14,227,5,28,30,5,12,59,64,7,17
S01007124,666,26,96,72,47,98,147,126,18,36,325,16,42,15,39,77,42,73,5,16,341,10,54,57,8,21,105,53,13,20
S01007125,622,25,67,46,36,72,133,169,27,47,306,15,28,16,24,59,42,90,11,21,316,10,39,30,12,13,91,79,16,26
S01007126,681,8,50,24,36,81,148,216,64,54,327,6,26,5,29,62,50,101,22,26,354,2,24,19,7,19,98,115,42,28
S01007127,782,24,59,32,53,85,186,265,37,41,413,18,33,11,42,63,77,138,21,10,369,6,26,21,11,22,109,127,16,31
S01007128,618,12,72,33,29,94,150,161,32,35,291,9,36,12,23,71,50,71,13,6,327,3,36,21,6,23,100,90,19,29
S01007129,698,164,223,93,59,28,37,31,14,49,337,105,90,23,38,21,16,17,6,21,361,59,133,70,21,7,21,14,8,28
S01007130,456,50,125,71,33,40,69,39,6,23,220,30,55,20,25,29,25,20,4,12,236,20,70,51,8,11,44,19,2,11
S01007131,576,64,194,88,36,49,61,43,4,37,271,37,75,29,28,39,25,22,2,14,305,27,119,59,8,10,36,21,2,23
S01007132,517,68,139,88,39,33,59,38,5,48,243,39,62,20,26,24,18,31,3,20,274,29,77,68,13,9,41,7,2,28
S01007133,515,66,115,64,83,38,47,51,10,41,252,38,42,12,57,27,17,34,6,19,263,28,73,52,26,11,30,17,4,22
S01007134,542,70,111,63,74,43,68,76,12,25,271,39,43,13,56,38,19,42,7,14,271,31,68,50,18,5,49,34,5,11
S01007135,395,74,115,42,55,16,30,28,6,29,197,43,46,11,35,12,12,18,4,16,198,31,69,31,20,4,18,10,2,13
S01007136,384,83,97,49,63,20,19,15,8,30,190,46,43,12,41,14,6,5,3,20,194,37,54,37,22,6,13,10,5,10
S01007137,514,82,177,67,56,34,34,19,7,38,268,59,79,15,37,28,11,13,4,22,246,23,98,52,19,6,23,6,3,16
S01007138,443,58,127,58,53,33,39,43,8,24,219,31,53,11,39,25,15,33,4,8,224,27,74,47,14,8,24,10,4,16
S01007139,568,47,125,81,69,65,87,54,12,28,279,32,42,17,50,46,36,37,6,13,289,15,83,64,19,19,51,17,6,15
S01007140,783,92,225,106,98,48,98,47,19,50,387,53,104,27,71,36,38,28,10,20,396,39,121,79,27,12,60,19,9,30
S01007141,506,60,128,71,58,33,61,53,7,35,259,35,48,16,44,26,30,37,6,17,247,25,80,55,14,7,31,16,1,18
S01007142,403,61,129,55,24,17,30,18,20,49,209,44,57,20,14,16,10,9,10,29,194,17,72,35,10,1,20,9,10,20
S01007143,431,57,145,65,30,40,44,23,5,22,209,37,60,19,18,34,15,15,1,10,222,20,85,46,12,6,29,8,4,12
S01007144,572,49,123,63,91,45,76,73,22,30,285,30,58,13,57,29,32,47,11,8,287,19,65,50,34,16,44,26,11,22
S01007145,635,62,182,104,50,39,82,57,20,39,302,42,70,23,39,28,34,37,9,20,333,20,112,81,11,11,48,20,11,19
S01007146,517,54,158,73,33,31,70,52,7,39,253,36,66,21,24,19,30,32,2,23,264,18,92,52,9,12,40,20,5,16
S01007147,538,47,170,85,34,42,64,43,13,40,258,33,80,19,21,30,24,25,6,20,280,14,90,66,13,12,40,18,7,20
S01007148,414,55,109,65,29,32,53,21,9,41,208,41,44,14,21,25,19,15,7,22,206,14,65,51,8,7,34,6,2,19
S01007149,426,30,114,91,26,48,49,39,5,24,203,20,53,28,20,34,19,18,2,9,223,10,61,63,6,14,30,21,3,15
S01007150,500,63,149,84,43,32,63,22,4,40,250,48,71,19,32,26,16,12,1,25,250,15,78,65,11,6,47,10,3,15
S01007151,640,85,171,108,47,44,66,40,18,61,313,58,80,30,31,32,16,26,8,32,327,27,91,78,16,12,50,14,10,29
S01007152,410,49,130,64,30,27,49,23,6,32,198,32,54,18,21,25,14,14,3,17,212,17,76,46,9,2,35,9,3,15
S01007153,456,35,149,82,30,39,52,40,4,25,225,29,68,25,22,26,20,22,2,11,231,6,81,57,8,13,32,18,2,14
S01007154,513,42,157,83,27,38,82,46,12,26,243,27,62,24,18,30,34,29,7,12,270,15,95,59,9,8,48,17,5,14
S01007155,445,36,128,77,37,38,51,40,9,29,210,22,56,26,23,27,12,20,3,21,235,14,72,51,14,11,39,20,6,8
S01007156,549,32,119,79,37,54,96,79,18,35,266,15,51,21,22,42,42,51,10,12,283,17,68,58,15,12,54,28,8,23
S01007157,468,15,105,71,40,55,80,65,14,23,224,9,36,23,25,41,36,38,7,9,244,6,69,48,15,14,44,27,7,14
S01007158,698,41,176,117,40,81,104,70,26,43,353,28,80,39,27,66,38,43,9,23,345,13,96,78,13,15,66,27,17,20
S01007159,621,21,128,81,49,52,117,110,22,41,290,12,49,31,33,41,39,58,11,16,331,9,79,50,16,11,78,52,11,25
S01007160,617,19,129,74,45,73,117,93,20,47,282,13,40,22,33,59,35,45,9,26,335,6,89,52,12,14,82,48,11,21
S01007161,519,36,132,84,36,50,73,55,24,29,240,26,51,25,23,36,30,27,9,13,279,10,81,59,13,14,43,28,15,16
S01007162,365,23,107,48,28,31,49,43,12,24,169,15,45,16,14,27,16,24,5,7,196,8,62,32,14,4,33,19,7,17
S01007163,642,49,166,107,42,50,101,78,15,34,295,38,64,36,26,40,26,44,6,15,347,11,102,71,16,10,75,34,9,19
S01007164,419,32,113,55,35,33,55,48,10,38,195,22,49,14,20,23,16,30,5,16,224,10,64,41,15,10,39,18,5,22
S01007165,578,65,177,81,56,40,68,39,14,38,282,40,74,18,42,31,28,22,8,19,296,25,103,63,14,9,40,17,6,19
S01007166,487,55,132,69,38,51,55,52,12,23,237,38,61,15,27,35,10,30,9,12,250,17,71,54,11,16,45,22,3,11
S01007167,615,71,179,107,53,37,64,46,10,48,291,51,80,26,36,25,21,27,7,18,324,20,99,81,17,12,43,19,3,30
S01007168,746,94,200,141,52,46,102,51,6,54,359,66,88,47,37,31,38,29,3,20,387,28,112,94,15,15,64,22,3,34
S01007169,551,53,147,90,36,42,71,51,16,45,263,35,64,25,23,33,25,29,7,22,288,18,83,65,13,9,46,22,9,23
S01007170,514,50,125,54,96,43,58,43,16,29,267,26,43,17,73,35,22,30,7,14,247,24,82,37,23,8,36,13,9,15
S01007171,677,52,118,102,97,61,114,84,15,34,385,32,54,53,63,47,55,56,9,16,292,20,64,49,34,14,59,28,6,18
S01007172,621,80,149,73,84,53,82,49,24,27,309,59,60,11,56,39,37,24,10,13,312,21,89,62,28,14,45,25,14,14
S01007173,647,32,172,109,46,71,91,61,12,53,315,26,76,33,34,46,29,39,7,25,332,6,96,76,12,25,62,22,5,28
S01007174,609,40,137,77,43,63,86,75,26,62,301,27,61,25,28,44,29,47,9,31,308,13,76,52,15,19,57,28,17,31
S01007175,438,28,96,57,29,33,88,72,9,26,207,18,49,15,15,24,36,39,2,9,231,10,47,42,14,9,52,33,7,17
S01007176,501,26,110,62,33,50,104,63,21,32,250,22,54,26,22,39,33,34,9,11,251,4,56,36,11,11,71,29,12,21
S01007177,458,17,72,54,17,50,103,79,36,30,218,14,29,13,12,36,39,42,22,11,240,3,43,41,5,14,64,37,14,19
S01007178,769,19,108,85,58,86,165,144,54,50,368,15,45,18,37,57,62,78,26,30,401,4,63,67,21,29,103,66,28,20
S01007179,754,71,202,110,49,60,110,89,16,47,357,57,84,31,31,44,33,47,9,21,397,14,118,79,18,16,77,42,7,26
S01007180,521,49,154,89,49,35,67,40,15,23,246,40,66,15,34,28,21,19,10,13,275,9,88,74,15,7,46,21,5,10
S01007181,607,61,155,87,76,37,47,44,37,63,300,48,67,25,44,29,14,25,17,31,307,13,88,62,32,8,33,19,20,32
S01007182,785,71,185,100,56,72,125,105,25,46,361,50,77,23,34,50,47,57,11,12,424,21,108,77,22,22,78,48,14,34
S01007183,788,42,145,109,72,77,149,120,24,50,374,35,52,23,48,58,55,67,11,25,414,7,93,86,24,19,94,53,13,25
S01007184,810,26,162,75,50,96,167,135,44,55,391,19,62,21,29,65,66,80,24,25,419,7,100,54,21,31,101,55,20,30
S01007185,600,20,85,62,37,63,100,129,67,37,284,15,36,24,25,39,32,70,29,14,316,5,49,38,12,24,68,59,38,23
S01007186,463,12,51,44,34,43,93,92,55,39,224,9,17,9,22,31,35,48,32,21,239,3,34,35,12,12,58,44,23,18
S01007187,614,22,109,66,50,70,113,115,31,38,315,13,54,19,33,47,50,61,16,22,299,9,55,47,17,23,63,54,15,16
S01007188,473,21,85,43,54,57,84,69,29,31,246,10,33,13,36,41,37,45,16,15,227,11,52,30,18,16,47,24,13,16
S01007189,530,17,90,59,39,53,107,90,39,36,260,8,40,18,28,41,34,56,18,17,270,9,50,41,11,12,73,34,21,19
S01007190,595,21,109,80,61,61,116,90,19,38,296,14,49,27,43,46,41,47,8,21,299,7,60,53,18,15,75,43,11,17
S01007191,456,13,63,44,37,59,103,85,30,22,227,11,21,16,24,37,38,50,18,12,229,2,42,28,13,22,65,35,12,10
S01007192,451,18,53,39,26,52,112,88,33,30,214,9,20,7,18,40,42,43,16,19,237,9,33,32,8,12,70,45,17,11
S01007193,558,14,67,54,43,57,125,124,23,51,273,8,23,12,31,44,45,71,14,25,285,6,44,42,12,13,80,53,9,26
S01007194,432,6,47,36,22,43,115,78,50,35,201,3,19,16,16,29,38,43,21,16,231,3,28,20,6,14,77,35,29,19
S01007195,400,11,60,22,23,38,96,87,27,36,190,9,27,6,14,27,37,39,11,20,210,2,33,16,9,11,59,48,16,16
S01007196,522,13,83,50,25,55,129,86,27,54,241,8,33,14,16,45,39,51,11,24,281,5,50,36,9,10,90,35,16,30
S01007197,443,9,53,26,19,57,87,102,58,32,205,5,14,6,15,41,31,55,26,12,238,4,39,20,4,16,56,47,32,20
S01007198,369,9,52,31,32,42,62,71,48,22,165,3,23,10,18,29,25,28,18,11,204,6,29,21,14,13,37,43,30,11
S01007199,573,11,50,51,22,73,134,106,64,62,272,6,15,19,16,55,46,48,34,33,301,5,35,32,6,18,88,58,30,29
S01007200,667,19,115,71,38,69,162,125,29,39,330,14,45,16,26,54,55,78,16,26,337,5,70,55,12,15,107,47,13,13
S01007201,557,27,105,69,32,58,100,106,29,31,277,22,46,16,24,41,38,60,15,15,280,5,59,53,8,17,62,46,14,16
S01007202,571,17,87,53,37,63,140,105,42,27,278,11,39,12,22,43,49,67,24,11,293,6,48,41,15,20,91,38,18,16
S01007203,485,14,86,57,37,62,84,95,12,38,231,13,33,13,26,43,37,46,3,17,254,1,53,44,11,19,47,49,9,21
S01007204,778,58,206,70,103,66,100,92,38,45,377,30,87,19,64,54,34,57,14,18,401,28,119,51,39,12,66,35,24,27
S01007205,543,48,129,48,70,45,75,65,12,51,270,34,53,14,43,33,29,33,5,26,273,14,76,34,27,12,46,32,7,25
S01007206,282,14,68,23,20,31,54,51,8,13,137,9,37,4,11,21,20,28,2,5,145,5,31,19,9,10,34,23,6,8
S01007207,685,39,150,86,65,87,110,80,27,41,339,29,71,15,43,72,35,47,10,17,346,10,79,71,22,15,75,33,17,24
S01007208,729,38,111,92,31,101,127,129,56,44,363,27,51,24,18,74,54,69,26,20,366,11,60,68,13,27,73,60,30,24
S01007209,560,29,118,65,49,55,95,76,40,33,277,22,62,14,31,42,34,44,15,13,283,7,56,51,18,13,61,32,25,20
S01007210,565,13,95,54,31,82,107,117,36,30,269,7,41,14,21,54,48,64,11,9,296,6,54,40,10,28,59,53,25,21
S01007211,724,19,135,67,55,78,154,120,45,51,375,15,69,18,36,54,59,69,27,28,349,4,66,49,19,24,95,51,18,23
S01007212,421,18,102,47,41,54,62,58,20,19,208,11,53,11,27,35,20,32,11,8,213,7,49,36,14,19,42,26,9,11
S01007213,643,44,155,63,57,80,107,76,22,39,318,29,67,17,37,55,34,47,10,22,325,15,88,46,20,25,73,29,12,17
S01007214,544,31,91,61,35,47,109,113,32,25,265,21,33,14,27,33,45,62,18,12,279,10,58,47,8,14,64,51,14,13
S01007215,569,36,106,70,37,65,84,103,29,39,293,26,50,13,22,55,31,62,13,21,276,10,56,57,15,10,53,41,16,18
S01007216,524,50,116,76,39,55,77,59,21,31,256,33,57,24,21,44,24,32,7,14,268,17,59,52,18,11,53,27,14,17
S01007217,707,31,110,73,43,83,159,124,34,50,335,21,45,15,32,64,57,66,14,21,372,10,65,58,11,19,102,58,20,29
S01007218,652,72,175,86,48,60,89,70,12,40,329,56,74,15,34,49,35,43,2,21,323,16,101,71,14,11,54,27,10,19
S01007219,617,21,108,71,45,70,116,120,28,38,306,16,46,17,30,57,42,67,12,19,311,5,62,54,15,13,74,53,16,19
S01007220,511,16,78,52,40,58,113,99,34,21,258,11,30,15,30,46,40,60,19,7,253,5,48,37,10,12,73,39,15,14
S01007221,466,50,123,62,42,40,70,37,17,25,224,38,54,17,25,31,18,24,9,8,242,12,69,45,17,9,52,13,8,17
S01007222,604,37,112,59,50,71,122,88,29,36,296,28,54,13,34,49,48,49,8,13,308,9,58,46,16,22,74,39,21,23
S01007223,366,43,102,47,27,37,50,30,10,20,188,28,46,12,14,29,23,17,6,13,178,15,56,35,13,8,27,13,4,7
S01007224,420,40,101,58,49,42,59,49,8,14,198,27,41,7,29,34,20,29,4,7,222,13,60,51,20,8,39,20,4,7
S01007225,677,73,172,70,92,63,93,62,15,37,338,47,76,18,64,52,34,33,4,10,339,26,96,52,28,11,59,29,11,27
S01007226,612,59,148,58,111,50,75,49,21,41,308,39,58,12,81,37,27,23,9,22,304,20,90,46,30,13,48,26,12,19
S01007227,701,59,154,88,64,64,118,95,23,36,352,41,59,22,41,48,51,65,10,15,349,18,95,66,23,16,67,30,13,21
S01007228,480,35,108,52,83,49,67,39,16,31,246,19,53,9,62,33,32,17,7,14,234,16,55,43,21,16,35,22,9,17
S01007229,840,68,194,93,141,69,123,81,23,48,430,42,84,26,99,54,44,49,8,24,410,26,110,67,42,15,79,32,15,24
S01007230,536,12,62,53,30,63,126,104,50,36,269,8,24,14,20,45,51,69,23,15,267,4,38,39,10,18,75,35,27,21
S01007231,491,18,51,43,24,53,117,108,42,35,236,11,25,6,19,37,51,62,12,13,255,7,26,37,5,16,66,46,30,22
S01007232,530,17,50,52,25,60,117,116,54,39,265,8,27,16,16,42,46,65,26,19,265,9,23,36,9,18,71,51,28,20
S01007233,596,34,114,63,50,64,99,111,37,24,289,25,36,18,32,55,38,65,12,8,307,9,78,45,18,9,61,46,25,16
S01007234,431,16,81,34,30,35,85,92,19,39,205,13,30,8,23,22,31,52,11,15,226,3,51,26,7,13,54,40,8,24
S01007235,572,25,116,59,45,60,106,107,25,29,283,19,47,18,27,46,33,64,16,13,289,6,69,41,18,14,73,43,9,16
S01007236,452,26,89,74,37,60,73,51,17,25,225,22,36,18,27,40,33,27,9,13,227,4,53,56,10,20,40,24,8,12
S01007237,526,29,113,81,43,63,88,63,14,32,246,21,50,17,31,44,31,35,4,13,280,8,63,64,12,19,57,28,10,19
S01007238,696,32,157,88,42,79,124,111,15,48,334,19,59,24,27,59,54,64,6,22,362,13,98,64,15,20,70,47,9,26
S01007239,600,74,157,87,58,60,65,49,15,35,291,55,62,13,40,49,24,28,3,17,309,19,95,74,18,11,41,21,12,18
S01007240,440,35,98,54,75,37,66,45,9,21,224,25,42,12,49,27,29,24,2,14,216,10,56,42,26,10,37,21,7,7
S01007241,471,51,97,55,87,40,59,43,7,32,242,35,35,18,53,29,22,28,5,17,229,16,62,37,34,11,37,15,2,15
S01007242,727,49,189,98,72,70,93,83,20,53,340,35,79,22,47,56,28,42,5,26,387,14,110,76,25,14,65,41,15,27
S01007243,459,39,133,61,44,40,50,44,16,32,229,23,58,13,29,27,25,29,10,15,230,16,75,48,15,13,25,15,6,17
S01007244,569,51,140,65,78,41,76,76,13,29,284,34,63,15,45,33,29,50,4,11,285,17,77,50,33,8,47,26,9,18
S01007245,500,20,109,63,82,52,88,54,10,22,246,14,43,18,55,41,31,35,4,5,254,6,66,45,27,11,57,19,6,17
S01007246,444,30,91,59,59,45,44,81,14,21,231,18,38,12,47,32,17,50,9,8,213,12,53,47,12,13,27,31,5,13
S01007247,485,49,112,51,60,41,76,64,13,19,240,28,40,11,39,28,36,44,6,8,245,21,72,40,21,13,40,20,7,11
S01007248,571,65,159,84,54,54,70,35,13,37,282,41,71,22,38,41,20,26,5,18,289,24,88,62,16,13,50,9,8,19
S01007249,297,29,62,48,34,20,40,37,8,19,145,23,23,13,22,15,12,25,2,10,152,6,39,35,12,5,28,12,6,9
S01007250,627,41,139,85,45,53,97,105,26,36,314,24,53,26,29,39,40,75,16,12,313,17,86,59,16,14,57,30,10,24
S01007251,342,17,69,49,34,30,56,53,7,27,160,10,28,9,21,21,20,36,3,12,182,7,41,40,13,9,36,17,4,15
S01007252,586,30,98,68,62,70,104,87,19,48,289,22,36,15,40,55,38,54,6,23,297,8,62,53,22,15,66,33,13,25
S01007253,598,48,155,78,52,63,78,78,12,34,297,34,62,13,37,50,31,48,4,18,301,14,93,65,15,13,47,30,8,16
S01007254,574,23,95,76,30,58,100,111,57,24,267,15,44,17,21,41,37,54,29,9,307,8,51,59,9,17,63,57,28,15
S01007255,562,16,73,56,23,60,112,138,63,21,272,10,31,15,20,41,36,81,25,13,290,6,42,41,3,19,76,57,38,8
S01007256,563,26,90,53,29,52,124,130,30,29,276,17,29,14,22,43,51,75,11,14,287,9,61,39,7,9,73,55,19,15
S01007257,450,15,62,39,37,48,98,79,31,41,225,9,21,8,26,36,48,46,12,19,225,6,41,31,11,12,50,33,19,22
S01007258,618,35,126,64,50,57,101,99,34,52,305,22,50,10,34,42,46,60,14,27,313,13,76,54,16,15,55,39,20,25
S01007259,600,24,85,52,45,69,115,136,31,43,287,14,34,6,31,54,42,73,14,19,313,10,51,46,14,15,73,63,17,24
S01007260,663,18,82,59,39,60,140,143,65,57,317,11,34,9,25,42,63,82,32,19,346,7,48,50,14,18,77,61,33,38
S01007261,603,52,130,84,50,55,90,88,20,34,300,37,62,18,37,43,22,55,11,15,303,15,68,66,13,12,68,33,9,19
S01007262,533,14,78,49,20,59,130,118,32,33,257,7,28,13,12,48,47,69,18,15,276,7,50,36,8,11,83,49,14,18
S01007263,580,20,98,68,30,70,111,131,16,36,271,14,37,25,21,50,39,62,10,13,309,6,61,43,9,20,72,69,6,23
S01007264,544,38,124,51,29,53,104,99,16,30,270,30,50,16,17,38,39,60,6,14,274,8,74,35,12,15,65,39,10,16
S01007265,761,33,122,86,53,82,140,168,24,53,369,16,55,18,35,54,54,101,15,21,392,17,67,68,18,28,86,67,9,32
S01007266,511,38,111,58,36,53,97,85,10,23,253,23,44,9,30,40,36,61,2,8,258,15,67,49,6,13,61,24,8,15
S01007267,402,49,86,41,70,33,50,38,12,23,213,34,36,6,51,23,26,25,3,9,189,15,50,35,19,10,24,13,9,14
S01007268,461,49,108,44,83,36,52,40,17,32,240,36,37,6,59,31,24,25,9,13,221,13,71,38,24,5,28,15,8,19
S01007269,387,45,100,43,46,26,39,40,13,35,192,29,45,7,29,21,16,18,6,21,195,16,55,36,17,5,23,22,7,14
S01007270,345,28,81,28,68,22,50,39,11,18,172,13,29,8,49,13,20,28,6,6,173,15,52,20,19,9,30,11,5,12
S01007271,733,47,164,86,86,80,111,103,21,35,370,34,62,20,67,64,37,59,12,15,363,13,102,66,19,16,74,44,9,20
S01007272,596,15,88,49,34,69,141,132,32,36,284,11,34,14,28,55,53,61,13,15,312,4,54,35,6,14,88,71,19,21
S01007273,496,35,99,49,41,53,88,78,23,30,247,24,39,14,24,33,35,50,11,17,249,11,60,35,17,20,53,28,12,13
S01007274,602,44,115,61,62,61,97,88,29,45,317,32,45,17,42,44,34,63,16,24,285,12,70,44,20,17,63,25,13,21
S01007275,398,46,105,52,29,30,47,53,9,27,196,32,43,12,19,23,16,32,6,13,202,14,62,40,10,7,31,21,3,14
S01007276,604,49,130,78,38,53,93,90,28,45,289,34,49,18,26,40,37,48,11,26,315,15,81,60,12,13,56,42,17,19
S01007277,561,58,163,67,50,45,76,52,9,41,268,43,64,17,32,32,25,29,5,21,293,15,99,50,18,13,51,23,4,20
S01007278,391,43,113,59,31,26,43,37,7,32,183,27,46,15,17,18,19,22,4,15,208,16,67,44,14,8,24,15,3,17
S01007279,421,50,98,24,102,26,51,40,14,16,214,36,37,2,67,21,22,19,5,5,207,14,61,22,35,5,29,21,9,11
S01007280,426,38,90,44,79,44,56,43,13,19,219,25,41,11,54,34,20,22,5,7,207,13,49,33,25,10,36,21,8,12
S01007281,766,60,125,94,123,81,113,100,27,43,438,39,59,28,85,63,56,69,18,21,328,21,66,66,38,18,57,31,9,22
S01007282,406,35,75,23,70,55,72,43,12,21,208,23,25,5,48,49,26,18,7,7,198,12,50,18,22,6,46,25,5,14
S01007283,687,92,174,81,78,68,73,76,17,28,316,62,70,16,53,49,25,26,6,9,371,30,104,65,25,19,48,50,11,19
S01007284,601,32,138,70,131,54,79,62,10,25,275,15,51,24,87,38,17,31,3,9,326,17,87,46,44,16,62,31,7,16
S01007285,639,45,135,60,167,51,99,50,8,24,313,23,55,15,113,32,27,30,5,13,326,22,80,45,54,19,72,20,3,11
S01007286,707,37,161,62,153,70,109,79,16,20,338,19,72,12,97,48,34,39,9,8,369,18,89,50,56,22,75,40,7,12
S01007287,477,30,98,30,143,43,78,33,11,11,208,13,25,6,89,25,31,14,3,2,269,17,73,24,54,18,47,19,8,9
S01007288,438,35,96,33,109,33,61,44,11,16,214,24,42,9,63,20,19,29,3,5,224,11,54,24,46,13,42,15,8,11
S01007289,626,49,175,84,92,41,97,50,2,36,303,32,69,22,56,31,37,38,1,17,323,17,106,62,36,10,60,12,1,19
S01007290,504,22,108,48,58,40,98,73,20,37,239,13,44,15,36,31,28,44,7,21,265,9,64,33,22,9,70,29,13,16
S01007291,479,20,99,44,46,43,93,89,20,25,217,12,41,14,31,30,28,43,7,11,262,8,58,30,15,13,65,46,13,14
S01007292,593,25,151,78,64,56,103,76,3,37,295,19,61,18,49,46,30,53,2,17,298,6,90,60,15,10,73,23,1,20
S01007293,547,16,72,34,37,69,140,127,27,25,250,7,34,10,26,49,34,73,11,6,297,9,38,24,11,20,106,54,16,19
S01007294,684,27,120,64,72,75,141,117,16,52,338,20,46,7,59,51,41,79,10,25,346,7,74,57,13,24,100,38,6,27
S01007295,370,10,51,22,23,49,91,86,26,12,187,6,27,8,15,37,25,50,15,4,183,4,24,14,8,12,66,36,11,8
S01007296,464,28,92,33,58,53,81,69,24,26,250,18,32,11,46,41,23,46,18,15,214,10,60,22,12,12,58,23,6,11
S01007297,728,81,179,68,96,67,112,79,15,31,377,52,87,20,63,47,33,54,8,13,351,29,92,48,33,20,79,25,7,18
S01007298,395,15,76,58,40,45,65,62,8,26,188,11,35,12,30,32,20,36,3,9,207,4,41,46,10,13,45,26,5,17
S01007299,650,28,112,56,77,89,116,103,21,48,324,16,56,15,46,62,31,63,12,23,326,12,56,41,31,27,85,40,9,25
S01007300,355,8,43,39,39,40,82,67,22,15,181,7,19,14,27,29,25,44,10,6,174,1,24,25,12,11,57,23,12,9
S01007301,548,60,143,59,106,37,67,46,9,21,269,39,57,7,63,26,26,32,4,15,279,21,86,52,43,11,41,14,5,6
S01007302,465,18,72,49,49,58,111,62,17,29,229,11,33,11,42,35,32,39,8,18,236,7,39,38,7,23,79,23,9,11
S01007303,658,62,151,74,126,64,93,42,17,29,326,36,70,18,79,50,31,25,6,11,332,26,81,56,47,14,62,17,11,18
S01007304,501,44,120,42,123,37,66,40,11,18,248,25,54,11,77,20,24,22,5,10,253,19,66,31,46,17,42,18,6,8
S01007305,544,67,131,61,82,49,81,44,4,25,261,39,50,8,60,40,22,28,1,13,283,28,81,53,22,9,59,16,3,12
S01007306,551,54,138,69,75,45,80,52,12,26,256,36,60,12,49,33,24,29,4,9,295,18,78,57,26,12,56,23,8,17
S01007307,611,63,136,74,139,52,73,39,13,22,315,39,56,16,92,38,33,24,6,11,296,24,80,58,47,14,40,15,7,11
S01007308,628,54,141,54,88,61,108,88,10,24,313,34,62,12,55,42,43,50,3,12,315,20,79,42,33,19,65,38,7,12
S01007309,505,53,126,34,102,39,72,52,11,16,261,36,54,10,68,24,20,33,7,9,244,17,72,24,34,15,52,19,4,7
S01007310,601,61,139,53,131,40,87,50,13,27,286,34,53,12,87,28,29,27,4,12,315,27,86,41,44,12,58,23,9,15
S01007311,592,33,91,51,99,81,119,86,12,20,305,20,40,14,64,52,40,59,8,8,287,13,51,37,35,29,79,27,4,12
S01007312,543,57,153,61,75,45,74,46,16,16,252,34,62,15,50,34,22,25,5,5,291,23,91,46,25,11,52,21,11,11
S01007313,753,89,220,74,152,41,75,59,14,29,378,60,83,11,101,32,34,38,8,11,375,29,137,63,51,9,41,21,6,18
S01007314,493,45,128,57,71,41,68,46,13,24,245,24,51,10,47,31,32,33,7,10,248,21,77,47,24,10,36,13,6,14
S01007315,700,62,192,108,43,58,96,87,21,33,344,38,75,33,33,39,33,67,11,15,356,24,117,75,10,19,63,20,10,18
S01007316,648,39,152,87,51,65,82,100,41,31,311,22,59,19,38,46,31,57,23,16,337,17,93,68,13,19,51,43,18,15
S01007317,490,40,134,65,40,43,63,55,25,25,238,26,56,13,27,35,22,37,13,9,252,14,78,52,13,8,41,18,12,16
S01007318,439,26,87,52,61,44,75,61,15,18,205,17,33,8,44,24,22,42,6,9,234,9,54,44,17,20,53,19,9,9
S01007319,546,45,127,67,76,54,64,78,15,20,284,28,59,11,54,40,27,48,9,8,262,17,68,56,22,14,37,30,6,12
S01007320,557,71,159,59,98,41,56,30,11,32,273,40,66,13,60,30,22,20,5,17,284,31,93,46,38,11,34,10,6,15
S01007321,482,46,117,34,115,34,62,46,12,16,245,35,46,2,71,23,24,32,7,5,237,11,71,32,44,11,38,14,5,11
S01007322,552,20,118,77,94,43,69,87,21,23,273,12,50,8,72,37,23,55,9,7,279,8,68,69,22,6,46,32,12,16
S01007323,342,15,64,39,55,35,50,66,3,15,169,8,20,10,42,25,18,42,1,3,173,7,44,29,13,10,32,24,2,12
S01007324,258,33,59,13,41,21,44,30,7,10,115,21,25,1,24,12,14,12,1,5,143,12,34,12,17,9,30,18,6,5
S01007325,599,39,127,63,129,51,98,61,13,18,285,19,49,20,83,31,37,31,5,10,314,20,78,43,46,20,61,30,8,8
S01007326,592,34,105,46,110,74,121,68,13,21,303,20,35,4,82,51,54,41,6,10,289,14,70,42,28,23,67,27,7,11
S01007327,563,27,94,59,70,55,115,92,23,28,274,19,36,16,44,34,44,57,12,12,289,8,58,43,26,21,71,35,11,16
S01007328,633,21,90,59,92,46,160,107,27,31,309,10,26,14,64,28,75,67,6,19,324,11,64,45,28,18,85,40,21,12
S01007329,507,26,107,37,129,38,68,54,20,28,242,13,41,8,87,24,26,26,8,9,265,13,66,29,42,14,42,28,12,19
S01007330,571,34,144,58,143,35,85,44,12,16,286,24,60,13,97,24,25,26,8,9,285,10,84,45,46,11,60,18,4,7
S01007331,732,34,136,86,145,61,120,100,23,27,382,26,53,19,99,49,47,67,10,12,350,8,83,67,46,12,73,33,13,15
S01007332,385,22,73,28,114,26,47,28,14,33,197,12,32,3,80,19,18,13,5,15,188,10,41,25,34,7,29,15,9,18
S01007333,574,45,135,75,73,49,84,69,18,26,273,28,48,16,46,37,31,45,8,14,301,17,87,59,27,12,53,24,10,12
S01007334,509,12,51,53,38,57,110,120,43,25,249,8,23,10,28,40,44,67,18,11,260,4,28,43,10,17,66,53,25,14
S01007335,586,7,77,74,40,74,127,131,35,21,269,2,33,12,31,54,44,68,13,12,317,5,44,62,9,20,83,63,22,9
S01007336,400,14,70,43,47,47,69,55,42,13,241,13,48,14,35,36,31,33,24,7,159,1,22,29,12,11,38,22,18,6
S01007337,454,15,72,69,53,44,100,70,17,14,211,9,28,15,39,32,33,43,7,5,243,6,44,54,14,12,67,27,10,9
S01007338,554,17,78,81,47,69,105,112,16,29,265,9,35,17,37,47,32,64,10,14,289,8,43,64,10,22,73,48,6,15
S01007339,437,28,114,66,60,32,60,51,10,16,213,17,41,15,42,24,27,32,4,11,224,11,73,51,18,8,33,19,6,5
S01007340,349,24,88,31,43,30,53,51,19,10,174,15,28,6,33,20,23,33,12,4,175,9,60,25,10,10,30,18,7,6
S01007341,538,37,116,74,83,40,79,62,20,27,270,25,46,23,60,25,29,43,11,8,268,12,70,51,23,15,50,19,9,19
S01007342,622,86,157,83,112,36,60,43,10,35,293,59,67,15,62,25,18,26,5,16,329,27,90,68,50,11,42,17,5,19
S01007343,483,35,83,45,136,42,73,41,7,21,244,22,31,11,92,28,27,23,3,7,239,13,52,34,44,14,46,18,4,14
S01007344,320,14,75,46,45,25,59,29,9,18,155,13,28,17,23,17,25,21,5,6,165,1,47,29,22,8,34,8,4,12
S01007345,400,5,55,45,40,38,84,75,35,23,184,3,20,13,29,27,33,37,12,10,216,2,35,32,11,11,51,38,23,13
S01007346,416,9,61,56,37,47,76,81,36,13,210,6,21,16,26,29,29,53,20,10,206,3,40,40,11,18,47,28,16,3
S01007347,475,14,59,51,45,36,94,102,39,35,234,10,23,14,30,25,36,59,23,14,241,4,36,37,15,11,58,43,16,21
S01007348,422,5,54,51,37,50,97,70,25,33,197,3,12,19,30,38,28,39,15,13,225,2,42,32,7,12,69,31,10,20
S01007349,316,13,50,46,24,32,70,51,18,12,140,6,20,14,19,20,20,32,6,3,176,7,30,32,5,12,50,19,12,9
S01007350,414,16,73,53,61,42,59,71,20,19,217,9,32,15,37,31,28,42,10,13,197,7,41,38,24,11,31,29,10,6
S01007351,467,32,110,31,124,41,71,41,9,8,241,17,52,3,79,28,25,29,4,4,226,15,58,28,45,13,46,12,5,4
S01007352,411,42,98,43,104,25,48,29,13,9,218,20,46,11,73,15,20,21,5,7,193,22,52,32,31,10,28,8,8,2
S01007353,475,43,127,59,71,37,61,46,11,20,220,31,51,21,42,22,12,27,4,10,255,12,76,38,29,15,49,19,7,10
S01007354,583,46,157,88,83,34,71,57,19,28,289,26,68,22,54,23,30,37,14,15,294,20,89,66,29,11,41,20,5,13
S01007355,734,76,197,58,134,58,99,70,22,20,385,47,91,11,97,43,35,41,9,11,349,29,106,47,37,15,64,29,13,9
S01007356,552,61,143,62,68,35,85,53,22,23,252,36,54,14,48,22,23,35,8,12,300,25,89,48,20,13,62,18,14,11
S01007357,573,52,136,48,107,42,101,60,10,17,283,39,53,14,64,28,33,43,3,6,290,13,83,34,43,14,68,17,7,11
S01007358,712,47,180,71,104,82,107,91,18,12,368,26,93,31,55,52,41,56,10,4,344,21,87,40,49,30,66,35,8,8
S01007359,584,24,110,65,61,49,124,83,28,40,276,15,49,18,45,28,43,51,7,20,308,9,61,47,16,21,81,32,21,20
S01007360,424,27,123,56,49,35,59,40,7,28,209,20,56,17,29,25,18,25,6,13,215,7,67,39,20,10,41,15,1,15
S01007361,733,60,171,101,105,59,103,66,21,47,355,40,71,30,66,40,29,47,12,20,378,20,100,71,39,19,74,19,9,27
S01007362,526,33,125,81,52,30,93,61,16,35,253,24,53,21,34,20,39,35,7,20,273,9,72,60,18,10,54,26,9,15
S01007363,497,33,115,69,50,40,84,65,23,18,237,25,43,22,36,28,22,41,12,8,260,8,72,47,14,12,62,24,11,10
S01007364,633,9,71,69,34,52,164,123,47,64,281,5,31,24,18,31,50,68,27,27,352,4,40,45,16,21,114,55,20,37
S01007365,327,18,59,34,30,32,59,57,22,16,154,11,31,13,16,20,17,32,11,3,173,7,28,21,14,12,42,25,11,13
S01007366,328,9,45,26,21,40,58,73,36,20,158,7,19,6,13,22,23,44,16,8,170,2,26,20,8,18,35,29,20,12
S01007367,420,18,71,49,56,38,84,62,25,17,197,14,33,11,36,27,26,38,9,3,223,4,38,38,20,11,58,24,16,14
S01007368,376,8,56,49,27,39,59,69,32,37,168,6,22,14,16,28,20,35,13,14,208,2,34,35,11,11,39,34,19,23
S01007369,588,17,121,89,52,51,121,89,22,26,299,10,53,30,36,36,50,54,16,14,289,7,68,59,16,15,71,35,6,12
S01007370,588,38,114,69,56,70,93,80,29,39,284,27,47,15,39,50,29,50,17,10,304,11,67,54,17,20,64,30,12,29
S01007371,508,20,112,75,53,42,93,62,21,30,242,11,48,24,39,31,21,36,14,18,266,9,64,51,14,11,72,26,7,12
S01007372,608,43,148,81,65,52,96,73,16,34,310,31,68,24,43,37,35,46,8,18,298,12,80,57,22,15,61,27,8,16
S01007373,473,50,125,63,76,43,38,35,15,28,238,37,55,15,50,32,9,20,7,13,235,13,70,48,26,11,29,15,8,15
S01007374,408,36,108,54,49,37,50,41,10,23,204,26,46,18,33,26,17,24,4,10,204,10,62,36,16,11,33,17,6,13
S01007375,354,58,85,40,48,25,40,25,12,21,175,43,35,12,28,16,14,11,5,11,179,15,50,28,20,9,26,14,7,10
S01007376,631,19,106,79,39,64,124,98,56,46,297,11,56,20,24,41,43,56,26,20,334,8,50,59,15,23,81,42,30,26
S01007377,507,63,146,75,54,37,65,29,13,25,248,42,76,22,29,27,21,15,7,9,259,21,70,53,25,10,44,14,6,16
S01007378,1330,110,334,686,46,29,53,31,13,28,1076,76,277,614,32,20,14,20,6,17,254,34,57,72,14,9,39,11,7,11
S01007379,338,8,49,34,17,46,70,73,24,17,159,6,25,11,12,28,26,33,10,8,179,2,24,23,5,18,44,40,14,9
S01007380,425,27,85,57,26,44,74,69,18,25,212,21,40,19,15,29,25,37,11,15,213,6,45,38,11,15,49,32,7,10
S01007381,343,82,94,45,32,9,31,20,9,21,170,64,33,6,18,6,14,12,3,14,173,18,61,39,14,3,17,8,6,7
S01007382,494,72,145,75,44,25,49,37,11,36,244,47,71,24,29,20,15,18,5,15,250,25,74,51,15,5,34,19,6,21
S01007383,571,89,169,69,49,42,75,40,13,25,280,62,75,18,34,22,28,23,5,13,291,27,94,51,15,20,47,17,8,12
S01007384,557,79,152,91,27,31,79,47,14,37,266,58,70,31,17,18,27,18,6,21,291,21,82,60,10,13,52,29,8,16
S01007385,611,63,163,93,55,38,76,61,11,51,281,44,72,23,41,27,20,29,6,19,330,19,91,70,14,11,56,32,5,32
S01007386,599,131,190,67,53,28,59,12,12,47,286,96,73,15,32,22,17,5,3,23,313,35,117,52,21,6,42,7,9,24
S01007387,600,131,195,65,52,29,49,24,9,46,296,88,84,18,27,21,19,14,4,21,304,43,111,47,25,8,30,10,5,25
S01007388,530,71,164,102,36,17,52,24,18,46,264,54,75,33,21,13,19,16,9,24,266,17,89,69,15,4,33,8,9,22
S01007389,383,12,109,55,14,35,78,30,17,33,190,7,79,27,5,17,24,7,8,16,193,5,30,28,9,18,54,23,9,17
S01007390,362,13,87,78,25,24,57,41,12,25,155,10,52,33,11,11,13,10,3,12,207,3,35,45,14,13,44,31,9,13
S01007391,444,51,147,73,33,30,46,24,9,31,215,42,70,20,17,18,15,13,5,15,229,9,77,53,16,12,31,11,4,16
S01007392,345,63,101,50,31,21,30,22,9,18,163,43,41,16,20,14,8,12,2,7,182,20,60,34,11,7,22,10,7,11
S01007393,485,94,131,64,40,19,40,26,8,63,229,68,56,16,21,11,8,10,6,33,256,26,75,48,19,8,32,16,2,30
S01007394,429,70,140,62,33,23,43,18,17,23,207,51,60,14,21,16,10,12,8,15,222,19,80,48,12,7,33,6,9,8
S01007395,610,33,129,89,59,63,115,70,28,24,334,20,70,35,42,45,55,43,15,9,276,13,59,54,17,18,60,27,13,15
S01007396,614,44,137,76,48,58,108,82,30,31,287,29,68,18,27,35,35,41,15,19,327,15,69,58,21,23,73,41,15,12
S01007397,698,98,207,96,53,49,73,49,18,55,344,67,98,26,33,34,22,32,6,26,354,31,109,70,20,15,51,17,12,29
S01007398,492,9,50,42,30,56,108,125,41,31,222,4,25,8,22,36,25,64,26,12,270,5,25,34,8,20,83,61,15,19
S01007399,485,24,73,34,33,44,81,100,70,26,246,19,31,11,24,32,24,55,35,15,239,5,42,23,9,12,57,45,35,11
S01007400,522,50,129,75,40,29,90,49,19,41,254,37,61,19,28,22,26,28,12,21,268,13,68,56,12,7,64,21,7,20
S01007401,514,35,148,86,34,39,78,32,20,42,246,24,73,31,22,30,24,16,8,18,268,11,75,55,12,9,54,16,12,24
S01007402,458,41,125,78,36,38,65,28,7,40,219,26,57,20,23,29,26,14,2,22,239,15,68,58,13,9,39,14,5,18
S01007403,534,27,212,77,25,28,74,36,15,40,265,18,145,30,10,18,10,12,5,17,269,9,67,47,15,10,64,24,10,23
S01007404,326,38,71,29,72,35,28,28,8,17,177,23,34,13,44,21,11,17,4,10,149,15,37,16,28,14,17,11,4,7
S01007405,505,92,170,63,64,17,39,21,11,28,250,61,69,15,44,15,18,12,8,8,255,31,101,48,20,2,21,9,3,20
S01007406,458,79,146,70,45,19,36,22,13,28,226,50,73,20,24,13,17,12,6,11,232,29,73,50,21,6,19,10,7,17
S01007407,516,76,143,89,49,29,40,37,11,42,263,53,69,21,37,23,12,21,7,20,253,23,74,68,12,6,28,16,4,22
S01007408,443,34,92,68,40,47,63,50,24,25,211,21,34,18,33,37,18,28,12,10,232,13,58,50,7,10,45,22,12,15
S01007409,534,32,107,85,37,63,88,75,16,31,258,23,41,17,26,49,34,47,7,14,276,9,66,68,11,14,54,28,9,17
S01007410,502,7,37,46,18,63,110,140,45,36,229,2,16,11,17,49,31,68,21,14,273,5,21,35,1,14,79,72,24,22
S01007411,639,18,78,74,38,64,122,146,60,39,305,16,30,18,31,45,45,71,30,19,334,2,48,56,7,19,77,75,30,20
S01007412,348,11,49,44,16,38,71,79,21,19,173,7,13,11,11,27,31,50,14,9,175,4,36,33,5,11,40,29,7,10
S01007413,704,53,165,111,47,79,107,71,20,51,343,35,60,29,32,66,41,45,14,21,361,18,105,82,15,13,66,26,6,30
S01007414,512,77,151,70,33,42,56,34,13,36,250,53,73,17,15,31,21,21,6,13,262,24,78,53,18,11,35,13,7,23
S01007415,634,16,82,61,31,67,128,175,38,36,300,12,24,20,23,47,39,98,17,20,334,4,58,41,8,20,89,77,21,16
S01007416,411,7,36,31,16,34,90,113,49,35,184,6,12,12,13,21,28,52,26,14,227,1,24,19,3,13,62,61,23,21
S01007417,767,93,222,140,43,66,84,53,24,42,364,51,102,39,30,51,24,34,14,19,403,42,120,101,13,15,60,19,10,23
S01007418,500,14,62,51,20,47,114,122,36,34,235,8,30,11,10,31,53,64,17,11,265,6,32,40,10,16,61,58,19,23
S01007419,632,11,61,74,30,49,132,153,70,52,303,6,31,22,20,30,49,89,33,23,329,5,30,52,10,19,83,64,37,29
S01007420,1259,69,198,121,111,139,147,240,180,54,963,52,111,56,95,124,100,223,173,29,296,17,87,65,16,15,47,17,7,25
S01007421,498,69,117,57,42,30,71,64,23,25,246,42,61,12,22,21,30,35,9,14,252,27,56,45,20,9,41,29,14,11
S01007422,429,37,104,62,36,45,56,48,21,20,204,16,40,19,25,30,22,28,13,11,225,21,64,43,11,15,34,20,8,9
S01007423,553,60,162,79,27,46,82,63,17,17,274,40,63,26,17,37,34,41,5,11,279,20,99,53,10,9,48,22,12,6
S01007424,602,63,178,107,28,52,86,48,11,29,281,43,77,31,17,36,32,28,5,12,321,20,101,76,11,16,54,20,6,17
S01007425,670,67,161,84,36,57,107,91,24,43,327,42,78,16,25,46,38,50,12,20,343,25,83,68,11,11,69,41,12,23
S01007426,480,31,87,51,33,48,91,72,22,45,236,23,28,16,22,33,41,39,11,23,244,8,59,35,11,15,50,33,11,22
S01007427,496,16,78,64,22,54,106,97,31,28,233,11,22,15,18,41,37,58,16,15,263,5,56,49,4,13,69,39,15,13
S01007428,660,19,139,93,40,74,105,125,26,39,319,10,60,27,29,57,36,75,7,18,341,9,79,66,11,17,69,50,19,21
S01007429,563,36,136,61,35,55,92,76,26,46,277,19,55,16,22,40,44,43,14,24,286,17,81,45,13,15,48,33,12,22
S01007430,355,27,84,43,33,43,43,42,8,32,169,20,27,13,24,30,20,20,4,11,186,7,57,30,9,13,23,22,4,21
S01007431,448,39,117,77,27,31,70,37,11,39,219,24,54,20,17,22,36,21,3,22,229,15,63,57,10,9,34,16,8,17
S01007432,661,34,122,89,47,68,115,109,41,36,301,24,44,23,35,46,41,61,15,12,360,10,78,66,12,22,74,48,26,24
S01007433,605,60,124,63,55,43,118,86,22,34,296,38,53,14,39,32,31,62,6,21,309,22,71,49,16,11,87,24,16,13
S01007434,384,11,43,38,38,39,80,84,31,20,196,3,23,12,31,21,28,50,20,8,188,8,20,26,7,18,52,34,11,12
S01007435,532,31,113,75,34,50,88,87,25,29,264,19,46,20,21,39,31,62,13,13,268,12,67,55,13,11,57,25,12,16
S01007436,504,32,77,47,18,47,89,128,33,33,231,19,30,14,13,26,38,70,10,11,273,13,47,33,5,21,51,58,23,22
S01007437,338,19,72,45,26,25,64,41,26,20,173,13,32,16,19,14,27,24,14,14,165,6,40,29,7,11,37,17,12,6
S01007438,520,29,87,57,24,69,106,98,34,16,262,18,42,12,17,55,41,55,17,5,258,11,45,45,7,14,65,43,17,11
S01007439,547,42,102,70,29,67,104,84,20,29,273,32,44,17,17,50,42,44,14,13,274,10,58,53,12,17,62,40,6,16
S01007440,481,23,87,57,29,55,100,76,23,31,239,16,32,13,19,49,42,39,12,17,242,7,55,44,10,6,58,37,11,14
S01007441,439,48,117,70,27,41,67,31,8,30,206,31,47,11,14,34,27,24,4,14,233,17,70,59,13,7,40,7,4,16
S01007442,382,55,115,70,29,27,43,14,7,22,188,38,60,19,17,21,16,7,3,7,194,17,55,51,12,6,27,7,4,15
S01007443,649,104,164,63,50,42,65,46,24,91,318,70,74,7,32,29,22,26,14,44,331,34,90,56,18,13,43,20,10,47
S01007444,657,123,215,72,66,32,48,35,17,49,312,88,86,11,47,19,13,15,5,28,345,35,129,61,19,13,35,20,12,21
S01007445,472,107,157,55,34,31,36,18,5,29,232,74,78,7,18,17,11,11,1,15,240,33,79,48,16,14,25,7,4,14
S01007446,382,90,126,29,37,14,26,20,8,32,173,65,41,8,22,9,3,7,4,14,209,25,85,21,15,5,23,13,4,18
S01007447,384,74,113,44,51,25,30,15,8,24,194,51,54,7,30,19,8,9,2,14,190,23,59,37,21,6,22,6,6,10
S01007448,674,53,159,88,80,61,97,83,22,31,339,40,66,16,58,45,32,55,13,14,335,13,93,72,22,16,65,28,9,17
S01007449,757,47,119,95,42,70,151,126,64,43,364,27,54,20,28,56,61,70,31,17,393,20,65,75,14,14,90,56,33,26
S01007450,549,23,74,64,30,45,111,105,63,34,259,19,33,16,22,32,42,56,28,11,290,4,41,48,8,13,69,49,35,23
S01007451,477,23,84,73,23,40,109,76,20,29,225,18,33,21,14,32,42,45,13,7,252,5,51,52,9,8,67,31,7,22
S01007452,382,23,53,37,37,38,66,69,32,27,190,16,24,9,26,24,26,36,19,10,192,7,29,28,11,14,40,33,13,17
S01007453,450,56,150,51,33,42,51,19,15,33,221,32,69,13,20,33,24,10,6,14,229,24,81,38,13,9,27,9,9,19
S01007454,399,13,55,50,29,28,86,91,27,20,200,7,28,16,16,17,41,55,11,9,199,6,27,34,13,11,45,36,16,11
S01007455,639,15,95,78,25,70,130,124,58,44,288,10,40,20,19,39,45,74,22,19,351,5,55,58,6,31,85,50,36,25
S01007456,624,9,69,52,30,55,167,151,47,44,276,6,22,17,20,34,57,84,16,20,348,3,47,35,10,21,110,67,31,24
S01007457,796,33,139,94,47,82,128,150,82,41,397,20,60,22,35,61,43,87,45,24,399,13,79,72,12,21,85,63,37,17
S01007458,385,25,86,72,21,51,54,38,14,24,182,16,34,18,13,41,16,26,7,11,203,9,52,54,8,10,38,12,7,13
S01007459,474,20,106,70,29,59,75,79,16,20,220,14,49,15,15,38,23,49,8,9,254,6,57,55,14,21,52,30,8,11
S01007460,568,23,82,56,44,74,117,108,46,18,278,13,31,6,33,56,42,66,25,6,290,10,51,50,11,18,75,42,21,12
S01007461,529,12,51,39,35,51,118,111,75,37,250,5,18,17,26,30,44,57,40,13,279,7,33,22,9,21,74,54,35,24
S01007462,626,34,117,79,44,56,130,91,44,31,305,25,48,20,31,46,51,50,22,12,321,9,69,59,13,10,79,41,22,19
S01007463,698,12,51,54,41,38,155,184,104,59,327,10,21,18,27,27,63,94,46,21,371,2,30,36,14,11,92,90,58,38
S01007464,497,10,35,43,14,44,128,146,49,28,230,5,13,16,8,31,47,73,25,12,267,5,22,27,6,13,81,73,24,16
S01007465,567,13,47,42,20,37,135,150,102,21,281,9,21,13,15,23,59,84,50,7,286,4,26,29,5,14,76,66,52,14
S01007466,802,37,87,74,36,74,169,171,107,47,425,24,40,27,25,56,67,101,64,21,377,13,47,47,11,18,102,70,43,26
S01007467,720,32,140,95,34,81,134,122,39,43,346,19,52,24,22,60,57,73,23,16,374,13,88,71,12,21,77,49,16,27
S01007468,578,46,107,84,38,70,108,77,9,39,284,31,38,20,32,56,37,53,4,13,294,15,69,64,6,14,71,24,5,26
S01007469,434,19,64,51,19,40,97,87,31,26,211,10,34,15,8,32,42,47,11,12,223,9,30,36,11,8,55,40,20,14
S01007470,492,21,73,58,26,38,115,80,49,32,242,16,34,15,19,34,43,55,17,9,250,5,39,43,7,4,72,25,32,23
S01007471,353,19,60,57,13,30,64,64,17,29,169,12,25,12,10,22,26,42,6,14,184,7,35,45,3,8,38,22,11,15
S01007472,406,7,45,48,19,41,90,113,23,20,178,6,18,6,12,28,33,60,7,8,228,1,27,42,7,13,57,53,16,12
S01007473,339,13,46,45,16,38,74,69,20,18,160,8,17,11,10,27,23,47,10,7,179,5,29,34,6,11,51,22,10,11
S01007474,419,37,93,76,38,36,74,36,6,23,203,30,41,21,22,26,27,21,5,10,216,7,52,55,16,10,47,15,1,13
S01007475,463,47,125,74,25,41,55,54,18,24,224,29,63,14,14,33,20,31,10,10,239,18,62,60,11,8,35,23,8,14
S01007476,475,51,104,72,29,51,76,52,14,26,220,31,46,13,21,38,27,27,7,10,255,20,58,59,8,13,49,25,7,16
S01007477,403,50,96,62,33,39,45,44,7,27,196,38,35,20,20,24,15,28,5,11,207,12,61,42,13,15,30,16,2,16
S01007478,649,74,179,76,46,47,88,72,24,43,319,47,72,26,28,34,32,43,10,27,330,27,107,50,18,13,56,29,14,16
S01007479,427,28,93,76,25,49,62,57,15,22,205,15,38,22,14,36,26,39,10,5,222,13,55,54,11,13,36,18,5,17
S01007480,587,39,133,87,31,65,102,79,19,32,294,23,58,22,21,49,47,54,9,11,293,16,75,65,10,16,55,25,10,21
S01007481,610,53,161,85,79,55,90,51,10,26,282,39,65,23,41,42,25,35,3,9,328,14,96,62,38,13,65,16,7,17
S01007482,325,11,50,37,27,31,72,66,21,10,150,5,19,10,16,24,24,38,10,4,175,6,31,27,11,7,48,28,11,6
S01007483,574,12,76,57,64,58,122,120,35,30,281,5,29,16,48,42,38,71,21,11,293,7,47,41,16,16,84,49,14,19
S01007484,416,12,62,28,40,47,86,76,41,24,217,5,29,6,26,36,36,46,22,11,199,7,33,22,14,11,50,30,19,13
S01007485,336,5,23,17,18,30,103,84,44,12,147,3,9,2,12,21,28,49,17,6,189,2,14,15,6,9,75,35,27,6
S01007486,353,1,25,28,16,30,84,93,59,17,145,0,8,8,13,18,18,51,24,5,208,1,17,20,3,12,66,42,35,12
S01007487,692,13,78,56,63,75,161,150,67,29,361,8,38,12,42,49,74,91,30,17,331,5,40,44,21,26,87,59,37,12
S01007488,756,20,148,95,78,64,147,116,44,44,365,16,58,30,54,48,52,72,17,18,391,4,90,65,24,16,95,44,27,26
S01007489,618,18,90,90,64,59,119,110,27,41,287,15,31,22,49,39,38,61,14,18,331,3,59,68,15,20,81,49,13,23
S01007490,650,14,77,70,53,77,130,147,41,41,320,11,32,21,39,51,43,90,17,16,330,3,45,49,14,26,87,57,24,25
S01007491,796,16,111,96,51,86,191,150,54,41,366,8,41,26,38,58,59,91,26,19,430,8,70,70,13,28,132,59,28,22
S01007492,536,16,80,61,38,51,132,101,32,25,255,6,35,16,23,39,48,64,16,8,281,10,45,45,15,12,84,37,16,17
S01007493,623,16,92,73,36,88,136,120,34,28,299,8,37,25,21,62,41,74,18,13,324,8,55,48,15,26,95,46,16,15
S01007494,404,21,69,36,92,27,82,39,16,22,204,11,33,7,66,21,30,24,3,9,200,10,36,29,26,6,52,15,13,13
S01007495,626,35,112,80,143,54,103,64,8,27,319,22,47,21,99,39,40,39,0,12,307,13,65,59,44,15,63,25,8,15
S01007496,776,46,171,74,165,62,130,73,24,31,374,29,70,14,109,46,48,34,10,14,402,17,101,60,56,16,82,39,14,17
S01007497,439,15,44,40,73,37,104,76,29,21,227,7,19,9,54,30,40,44,16,8,212,8,25,31,19,7,64,32,13,13
S01007498,628,19,88,75,92,65,140,90,23,36,300,13,37,19,59,43,44,58,10,17,328,6,51,56,33,22,96,32,13,19
S01007499,635,21,86,48,120,50,135,110,34,31,323,9,34,11,84,32,60,71,7,15,312,12,52,37,36,18,75,39,27,16
S01007500,448,25,57,36,81,52,104,59,17,17,225,15,17,6,54,39,41,35,10,8,223,10,40,30,27,13,63,24,7,9
S01007501,528,25,106,54,136,35,87,47,23,15,255,14,38,11,92,26,38,19,11,6,273,11,68,43,44,9,49,28,12,9
S01007502,412,18,74,35,90,40,71,52,11,21,212,9,30,2,64,29,27,35,3,13,200,9,44,33,26,11,44,17,8,8
S01007503,758,27,131,58,163,58,144,104,40,33,369,16,48,10,115,35,47,69,17,12,389,11,83,48,48,23,97,35,23,21
S01007504,523,27,93,45,129,38,84,65,18,24,261,15,45,5,88,24,30,34,11,9,262,12,48,40,41,14,54,31,7,15
S01007505,321,21,57,32,80,20,52,35,13,11,152,10,22,7,55,15,19,18,2,4,169,11,35,25,25,5,33,17,11,7
S01007506,369,27,81,36,105,25,51,28,7,9,186,14,27,5,73,20,24,17,2,4,183,13,54,31,32,5,27,11,5,5
S01007507,669,34,104,59,127,44,147,95,32,27,331,25,34,8,96,32,43,61,19,13,338,9,70,51,31,12,104,34,13,14
S01007508,545,28,86,56,114,47,107,71,20,16,280,18,35,12,81,33,45,37,8,11,265,10,51,44,33,14,62,34,12,5
S01007509,479,34,89,42,121,34,83,36,21,19,245,22,29,7,86,22,37,22,9,11,234,12,60,35,35,12,46,14,12,8
S01007510,723,32,125,60,155,60,157,69,28,37,358,19,53,10,103,47,62,39,11,14,365,13,72,50,52,13,95,30,17,23
S01007511,612,14,68,43,93,40,161,111,55,27,295,11,28,8,57,22,74,60,24,11,317,3,40,35,36,18,87,51,31,16
S01007512,394,23,89,28,96,25,71,29,17,16,200,16,34,6,64,15,34,16,9,6,194,7,55,22,32,10,37,13,8,10
S01007513,761,33,101,64,73,79,189,135,60,27,358,27,39,15,52,55,63,75,23,9,403,6,62,49,21,24,126,60,37,18
S01007514,399,10,70,34,51,55,81,61,20,17,202,7,28,10,36,36,32,40,6,7,197,3,42,24,15,19,49,21,14,10
S01007515,422,34,127,56,52,33,53,37,14,16,197,26,58,12,27,24,17,22,7,4,225,8,69,44,25,9,36,15,7,12
S01007516,424,15,45,36,43,49,118,77,28,13,203,10,15,6,28,32,47,44,14,7,221,5,30,30,15,17,71,33,14,6
S01007517,315,19,61,43,38,26,72,34,14,8,148,11,21,10,30,17,32,18,7,2,167,8,40,33,8,9,40,16,7,6
S01007518,611,11,87,47,67,65,137,132,39,26,311,8,32,13,45,42,56,79,27,9,300,3,55,34,22,23,81,53,12,17
S01007519,338,33,76,38,76,20,51,23,10,11,169,24,29,11,47,14,21,16,4,3,169,9,47,27,29,6,30,7,6,8
S01007520,706,40,109,65,121,45,152,104,32,38,367,26,52,17,84,30,50,66,14,28,339,14,57,48,37,15,102,38,18,10
S01007521,344,35,64,31,71,34,66,22,4,17,171,23,25,9,47,22,24,13,0,8,173,12,39,22,24,12,42,9,4,9
S01007522,676,50,138,57,99,60,141,78,28,25,321,34,58,15,60,42,40,47,14,11,355,16,80,42,39,18,101,31,14,14
S01007523,404,36,85,35,76,24,67,42,19,20,194,25,26,8,52,17,26,23,11,6,210,11,59,27,24,7,41,19,8,14
S01007524,721,45,135,68,157,63,126,78,23,26,348,32,54,15,99,36,53,45,5,9,373,13,81,53,58,27,73,33,18,17
S01007525,375,21,62,36,51,40,90,58,11,6,185,15,28,8,40,27,32,28,4,3,190,6,34,28,11,13,58,30,7,3
S01007526,521,30,95,54,71,42,93,83,29,24,255,22,42,14,49,24,38,42,13,11,266,8,53,40,22,18,55,41,16,13
S01007527,582,38,107,58,86,63,107,88,18,17,299,29,43,14,51,46,41,53,12,10,283,9,64,44,35,17,66,35,6,7
S01007528,544,25,88,36,67,58,115,97,33,25,284,14,37,15,50,35,48,53,20,12,260,11,51,21,17,23,67,44,13,13
S01007529,476,46,117,51,72,28,84,42,11,25,224,32,44,11,47,22,27,19,6,16,252,14,73,40,25,6,57,23,5,9
S01007530,392,33,77,47,88,25,64,31,6,21,187,25,28,11,59,14,23,18,2,7,205,8,49,36,29,11,41,13,4,14
S01007531,518,21,124,51,108,29,92,43,17,33,241,14,44,10,65,20,41,22,8,17,277,7,80,41,43,9,51,21,9,16
S01007532,438,30,80,37,96,36,72,48,15,24,219,16,32,7,64,26,21,31,6,16,219,14,48,30,32,10,51,17,9,8
S01007533,407,18,76,44,107,22,77,26,15,22,194,13,28,13,72,13,21,15,6,13,213,5,48,31,35,9,56,11,9,9
S01007534,681,35,104,61,83,54,150,126,30,38,320,25,38,17,54,33,49,78,9,17,361,10,66,44,29,21,101,48,21,21
S01007535,735,39,118,90,85,58,157,88,56,44,340,24,46,17,58,46,52,50,25,22,395,15,72,73,27,12,105,38,31,22
S01007536,675,31,97,78,81,71,155,105,26,31,330,15,40,9,60,54,55,72,12,13,345,16,57,69,21,17,100,33,14,18
S01007537,718,54,124,79,86,65,126,125,30,29,339,39,43,16,62,39,35,81,11,13,379,15,81,63,24,26,91,44,19,16
S01007538,661,37,138,72,131,45,122,65,21,30,317,19,56,11,99,30,37,40,9,16,344,18,82,61,32,15,85,25,12,14
S01007539,454,41,120,67,67,29,66,37,9,18,227,30,46,14,47,22,25,25,5,13,227,11,74,53,20,7,41,12,4,5
S01007540,604,25,90,75,65,54,136,115,22,22,286,17,42,16,48,32,42,74,10,5,318,8,48,59,17,22,94,41,12,17
S01007541,530,27,121,65,56,52,97,79,12,21,261,18,52,16,40,39,32,46,5,13,269,9,69,49,16,13,65,33,7,8
S01007542,632,23,103,61,74,52,134,113,39,33,310,13,34,11,55,35,58,67,21,16,322,10,69,50,19,17,76,46,18,17
S01007543,811,22,104,73,77,78,216,165,34,42,388,15,31,17,60,49,75,108,15,18,423,7,73,56,17,29,141,57,19,24
S01007544,728,94,174,78,173,35,79,46,16,33,351,65,71,18,102,24,27,23,6,15,377,29,103,60,71,11,52,23,10,18
S01007545,596,51,118,69,131,42,88,54,11,32,284,29,36,12,84,33,31,38,7,14,312,22,82,57,47,9,57,16,4,18
S01007546,416,31,91,54,89,33,46,39,9,24,210,19,37,11,64,25,18,22,4,10,206,12,54,43,25,8,28,17,5,14
S01007547,425,40,87,38,101,23,70,35,11,20,218,20,32,11,72,17,30,22,4,10,207,20,55,27,29,6,40,13,7,10
S01007548,528,23,112,58,79,53,93,66,22,22,255,12,49,10,52,40,30,42,8,12,273,11,63,48,27,13,63,24,14,10
S01007549,442,36,93,51,80,35,65,45,13,24,202,22,39,9,53,19,25,21,3,11,240,14,54,42,27,16,40,24,10,13
S01007550,650,68,136,66,110,50,111,69,15,25,322,42,59,21,68,34,50,34,4,10,328,26,77,45,42,16,61,35,11,15
S01007551,688,72,141,64,185,35,79,56,26,30,342,42,47,14,125,23,31,36,12,12,346,30,94,50,60,12,48,20,14,18
S01007552,689,17,71,49,61,83,166,138,53,51,346,12,33,11,45,60,51,85,27,22,343,5,38,38,16,23,115,53,26,29
S01007553,653,14,66,47,33,84,162,155,63,29,312,12,24,9,24,60,54,89,29,11,341,2,42,38,9,24,108,66,34,18
S01007554,334,4,21,17,14,31,102,98,27,20,156,2,6,2,11,24,34,62,9,6,178,2,15,15,3,7,68,36,18,14
S01007555,379,21,73,38,42,40,73,66,13,13,202,17,28,11,32,33,25,40,9,7,177,4,45,27,10,7,48,26,4,6
S01007556,345,11,30,29,35,38,87,68,29,18,172,9,13,5,28,28,24,40,17,8,173,2,17,24,7,10,63,28,12,10
S01007557,810,16,75,69,46,82,214,196,55,57,373,13,31,16,31,55,68,111,27,21,437,3,44,53,15,27,146,85,28,36
S01007558,339,16,74,26,65,34,55,37,16,16,172,9,32,6,40,26,20,23,9,7,167,7,42,20,25,8,35,14,7,9
S01007559,529,55,117,57,94,46,77,40,16,27,268,34,46,6,65,35,34,27,11,10,261,21,71,51,29,11,43,13,5,17
S01007560,648,45,109,87,77,61,127,101,19,22,316,30,50,21,53,42,49,60,6,5,332,15,59,66,24,19,78,41,13,17
S01007561,497,20,85,65,47,40,121,73,23,23,229,10,38,15,33,25,44,43,11,10,268,10,47,50,14,15,77,30,12,13
S01007562,631,49,135,70,101,38,124,62,15,37,306,29,53,13,69,29,52,35,8,18,325,20,82,57,32,9,72,27,7,19
S01007563,636,49,164,69,119,35,102,45,14,39,310,30,63,15,83,28,40,26,5,20,326,19,101,54,36,7,62,19,9,19
S01007564,580,50,133,61,124,31,86,43,16,36,282,33,53,14,88,20,31,20,7,16,298,17,80,47,36,11,55,23,9,20
S01007565,723,58,137,79,95,51,152,82,29,40,349,31,55,21,67,37,61,49,14,14,374,27,82,58,28,14,91,33,15,26
S01007566,565,32,104,53,99,40,105,69,18,45,285,27,44,9,73,24,39,41,10,18,280,5,60,44,26,16,66,28,8,27
S01007567,457,28,118,45,89,36,61,37,10,33,243,18,51,6,65,29,23,25,7,19,214,10,67,39,24,7,38,12,3,14
S01007568,508,47,125,65,73,51,67,49,11,20,252,28,52,13,51,36,27,30,6,9,256,19,73,52,22,15,40,19,5,11
S01007569,597,27,120,66,82,47,127,82,12,34,313,18,45,16,59,34,61,53,8,19,284,9,75,50,23,13,66,29,4,15
S01007570,526,65,120,66,57,42,87,51,18,20,248,35,50,15,43,29,31,29,7,9,278,30,70,51,14,13,56,22,11,11
S01007571,413,44,112,39,71,22,60,30,7,28,208,28,45,10,48,18,26,15,3,15,205,16,67,29,23,4,34,15,4,13
S01007572,648,37,117,98,72,55,111,90,37,31,308,27,45,20,49,40,42,58,13,14,340,10,72,78,23,15,69,32,24,17
S01007573,633,56,193,101,40,59,95,54,8,27,303,35,80,34,26,43,42,34,3,6,330,21,113,67,14,16,53,20,5,21
S01007574,750,11,96,94,37,64,195,166,37,50,349,6,41,26,27,42,72,95,15,25,401,5,55,68,10,22,123,71,22,25
S01007575,616,9,70,60,39,60,141,159,54,24,314,6,26,13,28,41,63,96,34,7,302,3,44,47,11,19,78,63,20,17
S01007576,498,11,33,35,20,44,122,115,97,21,234,6,12,6,18,27,54,59,42,10,264,5,21,29,2,17,68,56,55,11
S01007577,492,9,44,43,16,41,127,129,45,38,222,5,16,10,14,31,50,65,18,13,270,4,28,33,2,10,77,64,27,25
S01007578,494,8,28,44,25,55,144,121,42,27,248,8,11,12,20,38,57,64,23,15,246,0,17,32,5,17,87,57,19,12
S01007579,456,9,58,51,13,35,120,99,35,36,195,6,18,15,9,23,36,57,15,16,261,3,40,36,4,12,84,42,20,20
S01007580,586,8,52,41,22,62,146,137,55,63,281,5,25,13,12,36,58,78,26,28,305,3,27,28,10,26,88,59,29,35
S01007581,368,6,33,32,24,50,85,85,34,19,181,3,12,4,19,32,32,53,14,12,187,3,21,28,5,18,53,32,20,7
S01007582,486,9,52,50,33,54,113,105,39,31,239,5,20,12,26,37,40,62,21,16,247,4,32,38,7,17,73,43,18,15
S01007583,755,16,68,62,41,71,206,182,70,39,344,9,26,17,31,42,77,96,29,17,411,7,42,45,10,29,129,86,41,22
S01007584,435,19,54,43,31,40,95,95,31,27,224,12,26,18,26,25,37,56,10,14,211,7,28,25,5,15,58,39,21,13
S01007585,640,42,122,97,50,56,115,109,12,37,306,26,44,20,36,41,42,70,5,22,334,16,78,77,14,15,73,39,7,15
S01007586,611,17,92,65,33,49,166,118,35,36,281,11,35,14,22,36,61,71,15,16,330,6,57,51,11,13,105,47,20,20
S01007587,618,44,129,72,62,57,85,98,52,19,372,25,51,27,51,46,43,76,41,12,246,19,78,45,11,11,42,22,11,7
S01007588,609,81,177,76,55,34,65,53,13,55,287,55,81,16,34,19,19,34,3,26,322,26,96,60,21,15,46,19,10,29
S01007589,610,45,151,90,42,36,92,63,35,56,297,30,68,30,29,24,41,41,15,19,313,15,83,60,13,12,51,22,20,37
S01007590,449,71,127,66,42,28,49,32,5,29,208,42,54,15,25,21,16,22,1,12,241,29,73,51,17,7,33,10,4,17
S01007591,452,33,100,64,31,40,76,73,15,20,227,22,39,18,24,31,31,51,6,5,225,11,61,46,7,9,45,22,9,15
S01007592,524,21,78,62,20,44,129,110,31,29,254,12,25,28,17,23,53,65,15,16,270,9,53,34,3,21,76,45,16,13
S01007593,783,70,170,95,67,88,140,96,18,39,369,43,66,24,47,66,47,53,7,16,414,27,104,71,20,22,93,43,11,23
S01007594,615,43,136,91,77,48,101,69,12,38,298,26,51,24,46,39,41,47,5,19,317,17,85,67,31,9,60,22,7,19
S01007595,811,67,177,73,153,59,122,80,44,36,394,37,60,18,105,35,54,51,24,10,417,30,117,55,48,24,68,29,20,26
S01007596,416,31,78,42,81,35,68,49,13,19,200,15,35,10,49,25,28,26,5,7,216,16,43,32,32,10,40,23,8,12
S01007597,487,44,121,55,72,36,72,42,8,37,250,32,47,15,52,24,24,32,6,18,237,12,74,40,20,12,48,10,2,19
S01007598,501,43,122,56,65,46,64,49,16,40,244,23,45,11,45,32,23,31,14,20,257,20,77,45,20,14,41,18,2,20
S01007599,641,54,155,71,40,37,115,79,26,64,311,32,64,23,33,26,50,46,11,26,330,22,91,48,7,11,65,33,15,38
S01007600,811,130,195,98,66,63,94,82,31,52,397,80,77,15,46,46,36,55,16,26,414,50,118,83,20,17,58,27,15,26
S01007601,503,34,139,64,28,46,87,71,11,23,246,21,53,16,15,41,40,47,5,8,257,13,86,48,13,5,47,24,6,15
S01007602,501,33,128,92,29,46,73,56,12,32,246,22,51,24,18,34,37,38,7,15,255,11,77,68,11,12,36,18,5,17
S01007603,616,56,208,99,32,48,81,48,12,32,308,41,87,26,23,38,38,40,4,11,308,15,121,73,9,10,43,8,8,21
S01007604,666,61,183,119,41,59,97,57,13,36,317,43,70,34,29,44,37,35,5,20,349,18,113,85,12,15,60,22,8,16
S01007605,640,49,174,112,37,53,101,75,5,34,302,35,66,26,26,40,39,50,4,16,338,14,108,86,11,13,62,25,1,18
S01007606,471,30,131,71,36,40,80,39,13,31,234,24,55,17,25,30,41,23,5,14,237,6,76,54,11,10,39,16,8,17
S01007607,536,44,137,96,33,45,91,57,8,25,259,31,55,23,16,33,39,39,5,18,277,13,82,73,17,12,52,18,3,7
S01007608,566,33,167,85,37,42,96,62,10,34,283,23,61,29,28,35,38,46,5,18,283,10,106,56,9,7,58,16,5,16
S01007609,683,25,112,102,32,56,143,130,39,44,318,17,36,26,20,40,57,86,15,21,365,8,76,76,12,16,86,44,24,23
S01007610,356,18,77,43,20,35,77,56,19,11,161,12,28,10,16,26,30,33,4,2,195,6,49,33,4,9,47,23,15,9
S01007611,683,38,98,85,38,76,155,115,44,34,340,17,27,27,29,55,71,79,19,16,343,21,71,58,9,21,84,36,25,18
S01007612,861,26,146,92,63,88,159,133,83,71,457,18,74,34,49,62,78,78,40,24,404,8,72,58,14,26,81,55,43,47
S01007613,597,66,148,68,78,34,85,44,37,37,313,43,61,28,57,25,32,31,21,15,284,23,87,40,21,9,53,13,16,22
S01007614,619,96,214,95,47,18,79,29,5,36,293,66,94,30,27,14,23,20,2,17,326,30,120,65,20,4,56,9,3,19
S01007615,785,69,200,110,63,62,129,97,24,31,374,46,75,26,44,45,53,54,15,16,411,23,125,84,19,17,76,43,9,15
S01007616,542,16,108,73,38,58,109,81,29,30,250,10,39,19,25,39,41,56,16,5,292,6,69,54,13,19,68,25,13,25
S01007617,401,9,51,55,27,34,108,76,23,18,195,8,17,11,24,27,44,43,14,7,206,1,34,44,3,7,64,33,9,11
S01007618,418,3,56,45,18,43,106,96,18,33,202,3,17,15,17,27,38,63,9,13,216,0,39,30,1,16,68,33,9,20
S01007619,456,6,49,46,22,38,135,114,27,19,211,5,21,9,17,28,46,62,12,11,245,1,28,37,5,10,89,52,15,8
S01007620,459,19,101,86,48,41,88,57,2,17,216,12,34,28,33,27,38,36,1,7,243,7,67,58,15,14,50,21,1,10
S01007621,473,13,100,84,38,59,94,63,6,16,227,12,37,20,31,42,36,39,4,6,246,1,63,64,7,17,58,24,2,10
S01007622,413,13,85,58,36,43,90,62,13,13,213,11,40,12,24,30,37,43,10,6,200,2,45,46,12,13,53,19,3,7
S01007623,463,43,116,70,38,36,66,51,12,31,218,28,54,20,25,27,21,26,3,14,245,15,62,50,13,9,45,25,9,17
S01007624,506,27,92,89,35,50,108,72,6,27,254,19,34,26,21,44,42,50,3,15,252,8,58,63,14,6,66,22,3,12
S01007625,384,22,76,60,25,41,68,55,9,28,177,13,31,14,19,35,18,35,3,9,207,9,45,46,6,6,50,20,6,19
S01007626,476,29,98,77,37,57,94,48,8,28,233,18,37,20,26,46,41,31,4,10,243,11,61,57,11,11,53,17,4,18
S01007627,393,39,104,67,35,40,60,19,6,23,193,22,50,17,18,32,24,15,1,14,200,17,54,50,17,8,36,4,5,9
S01007628,503,29,131,81,49,53,80,45,12,23,244,18,57,18,36,40,33,27,6,9,259,11,74,63,13,13,47,18,6,14
S01007629,527,31,128,67,73,41,82,71,10,24,251,18,52,15,51,25,28,48,4,10,276,13,76,52,22,16,54,23,6,14
S01007630,652,48,153,84,120,43,98,52,12,42,320,24,68,19,85,31,41,31,5,16,332,24,85,65,35,12,57,21,7,26
S01007631,449,48,98,51,99,31,67,31,12,12,223,28,35,8,71,23,26,22,6,4,226,20,63,43,28,8,41,9,6,8
S01007632,707,44,123,86,68,63,143,117,29,34,331,32,45,18,46,42,40,80,12,16,376,12,78,68,22,21,103,37,17,18
S01007633,717,39,129,86,62,74,155,111,28,33,357,30,54,15,44,54,53,72,13,22,360,9,75,71,18,20,102,39,15,11
S01007634,433,32,87,48,63,30,81,58,14,20,220,20,36,13,44,18,33,37,9,10,213,12,51,35,19,12,48,21,5,10
S01007635,489,39,128,53,72,40,77,38,15,27,227,28,49,8,43,25,25,27,12,10,262,11,79,45,29,15,52,11,3,17
S01007636,590,33,112,76,50,41,123,95,31,29,281,21,45,21,36,30,49,57,11,11,309,12,67,55,14,11,74,38,20,18
S01007637,611,21,69,69,58,64,158,125,25,22,301,14,28,19,43,47,55,73,8,14,310,7,41,50,15,17,103,52,17,8
S01007638,565,26,114,61,44,69,109,90,24,28,283,14,49,24,32,45,39,57,10,13,282,12,65,37,12,24,70,33,14,15
S01007639,782,33,113,81,53,66,205,163,30,38,369,24,53,13,40,50,69,93,12,15,413,9,60,68,13,16,136,70,18,23
S01007640,555,30,95,59,116,55,100,61,13,26,290,24,32,7,87,37,41,45,7,10,265,6,63,52,29,18,59,16,6,16
S01007641,607,60,111,70,92,50,106,72,19,27,303,38,52,18,61,27,31,49,8,19,304,22,59,52,31,23,75,23,11,8
S01007642,577,51,138,54,111,59,71,51,15,27,293,36,63,9,66,46,26,27,6,14,284,15,75,45,45,13,45,24,9,13
S01007643,663,51,148,51,94,74,113,72,22,38,314,33,57,10,57,49,40,43,7,18,349,18,91,41,37,25,73,29,15,20
S01007644,612,64,128,56,62,61,116,73,19,33,294,48,53,10,39,35,38,42,9,20,318,16,75,46,23,26,78,31,10,13
S01007645,418,31,94,39,102,27,57,37,14,17,218,23,35,11,72,15,20,28,8,6,200,8,59,28,30,12,37,9,6,11
S01007646,481,47,92,45,91,48,78,44,13,23,250,23,45,6,57,35,39,28,6,11,231,24,47,39,34,13,39,16,7,12
S01007647,536,34,118,76,72,39,83,71,16,27,264,17,52,17,51,30,27,43,9,18,272,17,66,59,21,9,56,28,7,9
S01007648,640,33,114,104,72,63,91,118,14,31,316,22,48,21,54,41,35,74,7,14,324,11,66,83,18,22,56,44,7,17
S01007649,558,18,75,61,69,56,103,128,26,22,283,14,32,17,55,40,37,71,9,8,275,4,43,44,14,16,66,57,17,14
S01007650,713,38,147,84,139,46,100,100,18,41,366,29,58,24,101,37,30,57,9,21,347,9,89,60,38,9,70,43,9,20
S01007651,428,31,74,45,114,22,64,41,17,20,211,18,27,3,85,14,20,23,9,12,217,13,47,42,29,8,44,18,8,8
S01007652,426,18,77,47,66,42,75,65,15,21,189,11,31,10,45,22,20,36,7,7,237,7,46,37,21,20,55,29,8,14
S01007653,690,39,109,70,124,75,134,85,14,40,326,20,40,13,83,52,42,52,9,15,364,19,69,57,41,23,92,33,5,25
S01007654,804,29,116,65,115,74,198,137,29,41,403,20,45,18,83,47,75,86,13,16,401,9,71,47,32,27,123,51,16,25
S01007655,613,45,114,55,181,36,95,54,13,20,307,30,41,9,122,20,33,37,6,9,306,15,73,46,59,16,62,17,7,11
S01007656,663,38,118,66,134,53,131,65,24,34,324,25,36,13,98,38,50,42,9,13,339,13,82,53,36,15,81,23,15,21
S01007657,336,16,70,32,63,29,68,38,7,13,168,12,24,5,48,21,31,21,3,3,168,4,46,27,15,8,37,17,4,10
S01007658,382,21,89,43,66,40,62,39,6,16,179,12,36,8,43,32,22,18,3,5,203,9,53,35,23,8,40,21,3,11
S01007659,585,44,99,58,88,63,115,81,20,17,305,26,44,13,67,42,44,48,12,9,280,18,55,45,21,21,71,33,8,8
S01007660,634,10,63,47,45,83,198,126,38,24,301,5,23,15,32,56,69,71,23,7,333,5,40,32,13,27,129,55,15,17
S01007661,492,17,89,53,54,49,105,85,14,26,247,11,40,12,37,37,40,53,5,12,245,6,49,41,17,12,65,32,9,14
S01007662,630,24,109,63,54,71,143,116,26,24,305,17,49,12,41,49,51,71,9,6,325,7,60,51,13,22,92,45,17,18
S01007663,624,40,123,73,57,62,125,98,10,36,310,26,46,17,41,47,47,68,7,11,314,14,77,56,16,15,78,30,3,25
S01007664,430,13,59,32,29,53,116,93,17,18,200,11,21,4,23,38,39,46,9,9,230,2,38,28,6,15,77,47,8,9
S01007665,457,15,74,48,26,60,120,83,15,16,225,9,34,8,20,45,46,45,9,9,232,6,40,40,6,15,74,38,6,7
S01007666,374,29,79,59,19,41,62,56,12,17,181,20,38,16,12,28,14,38,7,8,193,9,41,43,7,13,48,18,5,9
S01007667,516,37,123,86,52,58,82,52,6,20,256,29,59,17,31,41,30,38,2,9,260,8,64,69,21,17,52,14,4,11
S01007668,757,16,85,79,37,79,200,189,37,35,355,9,28,17,26,55,70,116,14,20,402,7,57,62,11,24,130,73,23,15
S01007669,456,9,36,28,25,35,140,118,41,24,202,4,8,8,18,24,46,73,15,6,254,5,28,20,7,11,94,45,26,18
S01007670,503,13,58,47,25,55,130,88,55,32,252,10,21,12,20,42,57,48,31,11,251,3,37,35,5,13,73,40,24,21
S01007671,553,60,134,52,88,49,87,46,5,32,282,33,57,13,62,38,33,32,1,13,271,27,77,39,26,11,54,14,4,19
S01007672,654,70,171,93,66,52,106,54,18,24,315,49,75,22,39,44,36,33,10,7,339,21,96,71,27,8,70,21,8,17
S01007673,540,18,111,62,55,69,109,79,11,26,268,11,46,17,37,48,42,56,4,7,272,7,65,45,18,21,67,23,7,19
S01007674,590,10,62,57,36,76,162,125,37,25,292,7,24,9,24,52,60,81,21,14,298,3,38,48,12,24,102,44,16,11
S01007675,478,31,101,64,62,45,96,55,7,17,237,25,43,10,43,31,38,38,2,7,241,6,58,54,19,14,58,17,5,10
S01007676,513,37,90,57,116,45,88,47,10,23,258,21,34,10,89,28,26,36,5,9,255,16,56,47,27,17,62,11,5,14
S01007677,348,21,63,46,36,41,58,52,6,25,166,15,24,10,18,34,15,35,2,13,182,6,39,36,18,7,43,17,4,12
S01007678,575,10,71,53,40,70,139,134,28,30,280,5,30,8,32,48,53,80,13,11,295,5,41,45,8,22,86,54,15,19
S01007679,602,16,71,62,42,63,172,127,29,20,286,15,24,13,27,38,63,83,10,13,316,1,47,49,15,25,109,44,19,7
S01007680,710,28,138,87,77,78,145,107,5,45,342,14,55,27,48,62,40,76,1,19,368,14,83,60,29,16,105,31,4,26
S01007681,316,9,35,33,42,41,80,61,4,11,161,6,10,12,29,29,30,38,3,4,155,3,25,21,13,12,50,23,1,7
S01007682,680,144,181,79,60,37,54,28,20,77,340,84,79,25,41,27,19,15,5,45,340,60,102,54,19,10,35,13,15,32
S01007683,522,143,114,56,25,16,35,18,18,97,262,82,39,16,15,12,17,14,7,60,260,61,75,40,10,4,18,4,11,37
S01007684,573,121,185,66,30,25,40,25,13,68,271,81,76,18,15,19,9,15,8,30,302,40,109,48,15,6,31,10,5,38
S01007685,746,153,128,49,40,13,24,18,12,309,344,95,50,9,23,9,3,14,7,134,402,58,78,40,17,4,21,4,5,175
S01007686,507,94,140,54,27,21,37,21,16,97,246,55,52,20,17,16,15,14,4,53,261,39,88,34,10,5,22,7,12,44
S01007687,717,126,160,67,34,19,43,32,18,218,334,64,72,24,23,14,15,22,6,94,383,62,88,43,11,5,28,10,12,124
S01007688,908,109,136,90,36,30,71,38,24,374,471,68,61,40,28,19,34,27,11,183,437,41,75,50,8,11,37,11,13,191
S01007689,498,72,87,24,16,14,33,25,21,206,215,35,34,13,12,11,15,14,6,75,283,37,53,11,4,3,18,11,15,131
S01007690,792,63,108,35,16,28,42,30,52,418,335,38,45,11,13,16,16,9,28,159,457,25,63,24,3,12,26,21,24,259
S01007691,2798,64,115,58,27,28,78,56,66,2306,1345,34,52,21,20,25,40,33,46,1074,1453,30,63,37,7,3,38,23,20,1232
S01007692,835,62,93,38,25,28,44,33,16,496,376,31,39,16,16,16,20,23,8,207,459,31,54,22,9,12,24,10,8,289
S01007693,922,31,35,25,11,26,48,32,40,674,440,19,18,7,5,20,21,21,24,305,482,12,17,18,6,6,27,11,16,369
S01007694,959,50,68,59,24,36,97,50,59,516,447,24,33,18,16,19,40,33,28,236,512,26,35,41,8,17,57,17,31,280
S01007695,757,96,128,70,33,45,99,64,34,188,380,57,62,21,26,26,42,37,20,89,377,39,66,49,7,19,57,27,14,99
S01007696,693,33,59,28,19,25,68,46,51,364,351,19,25,14,16,20,35,22,17,183,342,14,34,14,3,5,33,24,34,181
S01007697,767,92,151,74,35,42,80,83,30,180,407,57,71,23,24,29,34,45,17,107,360,35,80,51,11,13,46,38,13,73
S01007698,949,57,140,83,37,46,112,77,49,348,527,38,64,36,29,32,42,47,31,208,422,19,76,47,8,14,70,30,18,140
S01007699,672,50,92,52,24,26,87,64,41,236,335,31,33,16,16,18,42,36,24,119,337,19,59,36,8,8,45,28,17,117
S01007700,777,161,213,74,48,34,56,61,32,98,397,103,81,25,36,27,17,41,14,53,380,58,132,49,12,7,39,20,18,45
S01007701,458,21,55,27,6,22,51,68,61,147,257,12,31,9,5,18,24,40,40,78,201,9,24,18,1,4,27,28,21,69
S01007702,957,69,74,25,16,17,40,16,11,689,501,39,39,9,10,12,11,8,5,368,456,30,35,16,6,5,29,8,6,321
S01007703,624,68,120,80,27,38,89,65,22,115,311,43,60,22,13,23,38,38,11,63,313,25,60,58,14,15,51,27,11,52
S01007704,765,23,74,42,29,48,118,122,126,183,406,15,38,16,21,37,56,68,72,83,359,8,36,26,8,11,62,54,54,100
S01007705,735,20,38,26,9,27,41,38,25,511,438,14,28,16,8,23,19,25,19,286,297,6,10,10,1,4,22,13,6,225
S01007706,753,17,52,35,5,28,31,16,23,546,378,12,22,19,3,18,19,13,15,257,375,5,30,16,2,10,12,3,8,289
S01007707,759,138,144,46,30,44,35,27,24,271,413,80,69,25,19,27,13,20,10,150,346,58,75,21,11,17,22,7,14,121
S01007708,505,27,86,80,22,46,78,64,37,65,263,18,46,30,17,34,35,35,17,31,242,9,40,50,5,12,43,29,20,34
S01007709,487,30,62,38,18,42,70,81,56,90,260,20,33,10,14,26,30,49,32,46,227,10,29,28,4,16,40,32,24,44
S01007710,730,40,107,58,27,38,93,65,38,264,408,31,56,18,21,22,47,33,24,156,322,9,51,40,6,16,46,32,14,108
S01007711,904,27,91,66,20,51,124,113,32,380,460,16,39,29,14,32,59,66,19,186,444,11,52,37,6,19,65,47,13,194
S01007712,590,49,104,63,21,35,54,42,23,199,324,37,48,25,14,25,25,25,12,113,266,12,56,38,7,10,29,17,11,86
S01007713,396,25,49,40,26,28,60,46,46,76,191,16,18,13,21,19,25,21,26,32,205,9,31,27,5,9,35,25,20,44
S01007714,523,19,84,71,22,52,95,87,27,66,272,12,34,16,19,37,46,59,15,34,251,7,50,55,3,15,49,28,12,32
S01007715,397,14,53,29,13,25,75,66,47,75,189,6,17,10,10,21,33,36,24,32,208,8,36,19,3,4,42,30,23,43
S01007716,811,30,93,73,41,59,117,133,105,160,463,17,45,33,30,43,56,84,66,89,348,13,48,40,11,16,61,49,39,71
S01007717,789,17,92,85,43,49,151,135,81,136,436,7,44,32,36,42,72,81,45,77,353,10,48,53,7,7,79,54,36,59
S01007718,566,20,73,49,35,61,108,105,41,74,312,15,22,17,33,49,50,51,26,49,254,5,51,32,2,12,58,54,15,25
S01007719,774,24,118,95,37,77,151,155,51,66,387,9,48,35,27,54,62,98,22,32,387,15,70,60,10,23,89,57,29,34
S01007720,521,19,76,82,28,54,104,93,32,33,238,8,32,18,21,37,41,51,17,13,283,11,44,64,7,17,63,42,15,20
S01007721,578,18,110,69,38,70,79,108,37,49,268,8,42,15,29,46,33,54,22,19,310,10,68,54,9,24,46,54,15,30
S01007722,667,19,82,83,30,63,122,146,77,45,344,10,29,18,24,51,61,86,38,27,323,9,53,65,6,12,61,60,39,18
S01007723,726,16,91,71,22,75,145,177,70,59,379,10,40,24,19,50,71,96,29,40,347,6,51,47,3,25,74,81,41,19
S01007724,519,11,40,57,15,47,103,84,61,101,292,10,18,19,12,33,63,49,34,54,227,1,22,38,3,14,40,35,27,47
S01007725,631,22,79,80,21,53,95,142,72,67,317,12,34,24,18,44,39,81,38,27,314,10,45,56,3,9,56,61,34,40
S01007726,647,21,90,66,28,54,108,107,69,104,329,14,39,27,23,37,44,61,37,47,318,7,51,39,5,17,64,46,32,57
S01007727,845,23,108,86,40,54,129,147,85,173,416,14,49,33,33,31,45,74,40,97,429,9,59,53,7,23,84,73,45,76
S01007728,674,20,79,62,28,55,103,85,64,178,382,11,33,18,23,36,53,57,37,114,292,9,46,44,5,19,50,28,27,64
S01007729,654,25,91,65,24,50,106,104,62,127,341,16,38,23,19,31,54,62,34,64,313,9,53,42,5,19,52,42,28,63
S01007730,661,43,121,86,29,45,122,70,43,102,348,27,62,37,19,31,54,48,21,49,313,16,59,49,10,14,68,22,22,53
S01007731,589,35,130,71,23,47,100,68,36,79,290,22,52,26,15,35,42,38,21,39,299,13,78,45,8,12,58,30,15,40
S01007732,564,40,91,63,24,41,91,65,36,113,288,23,47,31,14,32,37,36,18,50,276,17,44,32,10,9,54,29,18,63
S01007733,642,74,189,93,56,42,62,38,35,53,319,52,71,31,42,33,25,25,14,26,323,22,118,62,14,9,37,13,21,27
S01007734,616,68,164,104,58,44,63,55,18,42,309,42,69,31,37,36,26,35,9,24,307,26,95,73,21,8,37,20,9,18
S01007735,637,63,165,102,47,53,76,52,19,60,307,40,65,33,32,41,27,32,9,28,330,23,100,69,15,12,49,20,10,32
S01007736,543,46,113,74,55,52,86,45,20,52,255,24,42,18,41,43,32,30,6,19,288,22,71,56,14,9,54,15,14,33
S01007737,757,59,167,117,56,53,126,83,34,62,349,38,74,35,40,33,49,42,13,25,408,21,93,82,16,20,77,41,21,37
S01007738,495,48,103,81,30,43,72,68,22,28,239,27,43,19,24,27,29,39,16,15,256,21,60,62,6,16,43,29,6,13
S01007739,390,22,75,54,28,35,69,70,14,23,179,14,25,15,21,26,13,45,8,12,211,8,50,39,7,9,56,25,6,11
S01007740,422,32,98,83,27,38,64,35,16,29,206,23,50,22,20,28,22,18,12,11,216,9,48,61,7,10,42,17,4,18
S01007741,508,31,83,87,28,27,88,95,29,40,229,21,37,21,20,17,31,53,14,15,279,10,46,66,8,10,57,42,15,25
S01007742,453,26,102,74,29,34,68,72,15,33,200,20,38,18,25,18,21,37,7,16,253,6,64,56,4,16,47,35,8,17
S01007743,666,31,101,89,35,69,122,124,42,53,335,23,45,26,31,54,45,68,24,19,331,8,56,63,4,15,77,56,18,34
S01007744,534,12,59,57,18,43,115,133,62,35,235,8,18,7,14,30,37,79,24,18,299,4,41,50,4,13,78,54,38,17
S01007745,496,8,59,67,31,57,114,104,31,25,246,4,17,14,28,43,46,65,19,10,250,4,42,53,3,14,68,39,12,15
S01007746,672,8,83,62,25,71,138,174,75,36,324,5,33,12,19,50,47,101,38,19,348,3,50,50,6,21,91,73,37,17
S01007747,388,7,43,38,23,42,93,75,43,24,173,5,16,6,19,30,33,38,17,9,215,2,27,32,4,12,60,37,26,15
S01007748,496,5,63,47,23,41,106,105,78,28,227,2,29,10,17,30,33,55,37,14,269,3,34,37,6,11,73,50,41,14
S01007749,537,46,120,105,35,48,80,41,23,39,264,33,50,29,26,43,23,29,14,17,273,13,70,76,9,5,57,12,9,22
S01007750,595,103,152,107,57,34,61,33,11,37,268,66,49,28,39,23,14,23,2,24,327,37,103,79,18,11,47,10,9,13
S01007751,491,88,144,63,47,22,39,28,27,33,237,56,56,13,33,12,17,18,12,20,254,32,88,50,14,10,22,10,15,13
S01007752,449,92,139,57,24,23,49,28,10,27,222,57,56,12,20,14,21,21,8,13,227,35,83,45,4,9,28,7,2,14
S01007753,382,4,50,42,19,40,82,98,25,22,176,3,19,11,17,27,33,48,11,7,206,1,31,31,2,13,49,50,14,15
S01007754,614,10,60,64,33,42,140,158,73,34,290,6,24,15,24,29,46,91,36,19,324,4,36,49,9,13,94,67,37,15
S01007755,570,7,73,63,20,48,121,132,74,32,252,4,29,20,14,35,36,69,31,14,318,3,44,43,6,13,85,63,43,18
S01007756,411,6,49,45,19,29,113,92,38,20,182,4,21,6,14,20,45,42,18,12,229,2,28,39,5,9,68,50,20,8
S01007757,589,57,186,121,41,41,62,29,5,47,282,29,84,33,29,35,21,20,3,28,307,28,102,88,12,6,41,9,2,19
S01007758,628,110,209,76,60,35,60,30,13,35,291,70,83,22,34,21,21,22,4,14,337,40,126,54,26,14,39,8,9,21
S01007759,733,64,177,101,54,58,118,77,34,50,333,38,69,29,36,38,32,52,22,17,400,26,108,72,18,20,86,25,12,33
S01007760,405,84,135,60,37,12,28,13,7,29,184,57,45,12,23,9,14,7,3,14,221,27,90,48,14,3,14,6,4,15
S01007761,639,116,205,75,50,34,55,31,17,56,311,70,85,25,32,26,22,18,5,28,328,46,120,50,18,8,33,13,12,28
S01007762,566,77,163,79,42,47,68,48,9,33,255,44,71,27,21,29,24,25,6,8,311,33,92,52,21,18,44,23,3,25
S01007763,335,21,68,53,27,40,48,49,16,13,163,11,33,18,14,29,19,28,8,3,172,10,35,35,13,11,29,21,8,10
S01007764,588,70,161,105,53,42,59,35,8,55,279,45,73,22,33,37,15,27,3,24,309,25,88,83,20,5,44,8,5,31
S01007765,496,56,142,106,33,36,66,24,7,26,238,38,56,39,22,29,23,11,4,16,258,18,86,67,11,7,43,13,3,10
S01007766,653,86,208,108,32,42,69,41,7,60,317,56,89,28,20,34,23,29,5,33,336,30,119,80,12,8,46,12,2,27
S01007767,658,79,188,114,49,47,69,45,18,49,315,59,74,25,36,34,20,31,11,25,343,20,114,89,13,13,49,14,7,24
S01007768,470,66,168,55,30,22,50,23,18,38,220,39,68,16,21,17,20,17,8,14,250,27,100,39,9,5,30,6,10,24
S01007769,532,73,184,81,49,19,49,29,11,37,249,57,73,21,32,13,16,17,5,15,283,16,111,60,17,6,33,12,6,22
S01007770,522,121,155,70,39,26,39,18,9,45,242,76,53,16,23,19,13,14,4,24,280,45,102,54,16,7,26,4,5,21
S01007771,376,77,115,63,25,22,22,17,12,23,169,51,48,9,15,15,6,10,6,9,207,26,67,54,10,7,16,7,6,14
S01007772,682,37,135,118,30,60,127,93,39,43,326,26,59,34,22,42,48,62,19,14,356,11,76,84,8,18,79,31,20,29
S01007773,581,53,177,110,44,43,72,32,10,40,269,40,67,33,35,35,22,18,2,17,312,13,110,77,9,8,50,14,8,23
S01007774,671,98,225,108,44,48,62,27,7,52,326,51,104,33,29,40,21,16,7,25,345,47,121,75,15,8,41,11,0,27
S01007775,628,82,187,105,37,49,73,34,13,48,293,60,77,23,25,38,26,25,4,15,335,22,110,82,12,11,47,9,9,33
S01007776,523,91,168,74,32,31,36,26,11,54,269,60,80,20,23,24,13,17,4,28,254,31,88,54,9,7,23,9,7,26
S01007777,661,102,227,99,45,39,56,25,9,59,329,66,102,23,33,31,23,19,5,27,332,36,125,76,12,8,33,6,4,32
S01007778,363,70,126,27,31,18,39,14,21,17,180,40,53,8,25,16,20,3,10,5,183,30,73,19,6,2,19,11,11,12
S01007779,577,27,113,106,42,65,108,70,17,29,292,12,45,36,30,53,48,43,10,15,285,15,68,70,12,12,60,27,7,14
S01007780,629,27,161,98,45,57,105,68,18,50,319,14,77,25,29,53,47,42,9,23,310,13,84,73,16,4,58,26,9,27
S01007781,722,40,161,110,39,80,118,114,29,31,350,25,64,29,26,58,48,67,18,15,372,15,97,81,13,22,70,47,11,16
S01007782,363,9,58,29,20,26,70,73,45,33,190,7,29,7,19,17,32,38,28,13,173,2,29,22,1,9,38,35,17,20
S01007783,588,8,41,62,15,52,122,171,89,28,278,3,21,14,13,34,48,87,44,14,310,5,20,48,2,18,74,84,45,14
S01007784,521,28,79,86,36,34,106,80,30,42,255,14,33,23,29,28,38,52,14,24,266,14,46,63,7,6,68,28,16,18
S01007785,404,6,44,36,13,29,94,76,63,43,165,3,15,7,9,21,31,33,25,21,239,3,29,29,4,8,63,43,38,22
S01007786,556,9,74,60,27,50,145,136,34,21,253,3,24,15,22,34,53,72,19,11,303,6,50,45,5,16,92,64,15,10
S01007787,489,7,55,55,28,44,121,109,43,27,217,5,17,14,23,33,33,59,21,12,272,2,38,41,5,11,88,50,22,15
S01007788,455,5,35,43,24,32,100,82,92,42,211,4,15,9,16,18,25,43,54,27,244,1,20,34,8,14,75,39,38,15
S01007789,455,6,49,44,17,34,93,106,53,53,210,5,24,7,13,22,35,57,27,20,245,1,25,37,4,12,58,49,26,33
S01007790,551,6,55,40,12,40,152,107,95,44,233,4,19,5,10,29,44,56,45,21,318,2,36,35,2,11,108,51,50,23
S01007791,356,28,88,53,37,27,59,38,5,21,180,14,34,13,27,22,32,26,4,8,176,14,54,40,10,5,27,12,1,13
S01007792,649,7,83,70,30,59,145,166,54,35,299,2,30,20,22,41,43,98,30,13,350,5,53,50,8,18,102,68,24,22
S01007793,646,14,59,59,27,60,149,143,83,52,287,9,27,13,16,30,54,76,34,28,359,5,32,46,11,30,95,67,49,24
S01007794,427,6,57,57,18,44,94,89,28,34,194,4,21,11,14,32,36,48,15,13,233,2,36,46,4,12,58,41,13,21
S01007795,435,7,54,46,18,48,100,116,16,30,191,4,19,10,11,34,35,60,6,12,244,3,35,36,7,14,65,56,10,18
S01007796,494,14,79,58,21,53,114,87,33,35,227,10,29,10,18,41,33,49,16,21,267,4,50,48,3,12,81,38,17,14
S01007797,376,7,33,42,14,31,71,102,49,27,175,2,14,8,7,22,29,55,25,13,201,5,19,34,7,9,42,47,24,14
S01007798,479,37,95,96,39,38,77,44,19,34,239,28,42,22,28,30,28,31,10,20,240,9,53,74,11,8,49,13,9,14
S01007799,427,33,106,59,36,41,56,39,17,40,199,21,41,15,24,34,18,25,6,15,228,12,65,44,12,7,38,14,11,25
S01007800,655,5,77,57,31,46,142,166,90,41,296,3,30,17,22,26,57,76,47,18,359,2,47,40,9,20,85,90,43,23
S01007801,752,6,57,41,25,56,147,156,94,170,389,3,26,11,16,37,57,83,51,105,363,3,31,30,9,19,90,73,43,65
S01007802,398,17,85,78,26,34,72,46,13,27,189,10,31,20,19,29,31,36,3,10,209,7,54,58,7,5,41,10,10,17
S01007803,728,13,49,77,23,71,156,182,97,60,315,8,18,12,18,38,49,92,48,32,413,5,31,65,5,33,107,90,49,28
S01007804,427,8,49,47,15,34,82,84,57,51,174,4,14,15,9,23,28,35,24,22,253,4,35,32,6,11,54,49,33,29
S01007805,351,5,36,45,12,24,83,66,45,35,138,2,12,13,8,15,28,27,15,18,213,3,24,32,4,9,55,39,30,17
S01007806,463,10,58,73,19,36,89,128,30,20,230,6,28,16,14,28,38,73,17,10,233,4,30,57,5,8,51,55,13,10
S01007807,515,40,121,83,31,46,70,58,24,42,241,26,40,27,21,35,27,35,15,15,274,14,81,56,10,11,43,23,9,27
S01007808,615,20,83,73,35,47,126,118,58,55,288,9,36,16,23,34,45,68,35,22,327,11,47,57,12,13,81,50,23,33
S01007809,675,59,182,118,41,59,86,71,9,50,319,37,55,36,31,46,41,46,3,24,356,22,127,82,10,13,45,25,6,26
S01007810,630,10,70,53,21,53,122,170,84,47,306,4,30,22,15,27,52,88,37,31,324,6,40,31,6,26,70,82,47,16
S01007811,606,14,63,72,21,55,136,131,64,50,271,10,16,17,12,32,51,81,28,24,335,4,47,55,9,23,85,50,36,26
S01007812,578,10,56,47,22,47,128,133,88,47,262,7,17,7,17,35,42,74,46,17,316,3,39,40,5,12,86,59,42,30
S01007813,547,10,61,68,16,48,113,125,64,42,255,7,20,21,12,36,39,72,29,19,292,3,41,47,4,12,74,53,35,23
S01007814,435,11,83,52,26,40,76,87,26,34,205,5,34,19,22,30,29,43,11,12,230,6,49,33,4,10,47,44,15,22
S01007815,687,47,159,122,41,75,87,74,22,60,330,28,64,28,29,56,37,46,9,33,357,19,95,94,12,19,50,28,13,27
S01007816,523,28,111,99,40,62,82,68,10,23,259,18,43,21,30,48,36,48,6,9,264,10,68,78,10,14,46,20,4,14
S01007817,355,10,55,48,17,34,62,94,11,24,162,6,18,9,12,26,26,46,8,11,193,4,37,39,5,8,36,48,3,13
S01007818,569,32,135,88,42,49,97,79,16,31,273,20,45,28,33,36,42,44,10,15,296,12,90,60,9,13,55,35,6,16
S01007819,594,22,132,81,47,60,98,98,24,32,286,14,52,25,41,47,31,51,9,16,308,8,80,56,6,13,67,47,15,16
S01007820,730,26,129,98,40,67,130,127,54,59,341,11,52,21,30,48,49,69,34,27,389,15,77,77,10,19,81,58,20,32
S01007821,419,16,94,61,25,36,83,64,10,30,193,11,35,13,22,26,30,39,5,12,226,5,59,48,3,10,53,25,5,18
S01007822,542,29,135,97,31,41,80,90,8,31,253,18,50,28,21,35,26,54,4,17,289,11,85,69,10,6,54,36,4,14
S01007823,538,34,147,90,34,59,70,49,13,42,260,23,60,27,25,49,28,26,5,17,278,11,87,63,9,10,42,23,8,25
S01007824,533,46,133,81,39,41,76,59,10,48,260,31,52,19,30,29,30,41,5,23,273,15,81,62,9,12,46,18,5,25
S01007825,735,60,165,113,68,59,121,67,21,61,361,37,72,32,51,39,42,46,9,33,374,23,93,81,17,20,79,21,12,28
S01007826,389,6,61,32,17,39,81,98,38,17,176,4,26,7,14,25,20,55,18,7,213,2,35,25,3,14,61,43,20,10
S01007827,477,44,106,67,23,42,79,46,27,43,217,28,43,16,14,33,25,26,15,17,260,16,63,51,9,9,54,20,12,26
S01007828,720,34,127,107,39,73,118,105,59,58,348,14,49,31,33,51,50,56,37,27,372,20,78,76,6,22,68,49,22,31
S01007829,421,26,76,64,27,36,60,83,22,27,198,16,32,15,21,26,21,43,12,12,223,10,44,49,6,10,39,40,10,15
S01007830,697,26,105,92,21,64,144,128,46,71,363,16,50,34,17,50,60,70,23,43,334,10,55,58,4,14,84,58,23,28
S01007831,633,26,100,74,29,50,115,99,63,77,300,15,39,12,22,37,46,58,35,36,333,11,61,62,7,13,69,41,28,41
S01007832,489,14,82,62,19,35,91,103,36,47,235,9,30,16,15,30,36,60,17,22,254,5,52,46,4,5,55,43,19,25
S01007833,519,12,99,66,31,52,115,84,26,34,235,8,46,16,22,35,46,33,13,16,284,4,53,50,9,17,69,51,13,18
S01007834,568,46,75,87,17,45,96,98,45,59,273,32,21,21,14,27,47,59,24,28,295,14,54,66,3,18,49,39,21,31
S01007835,499,52,115,66,26,43,73,60,30,34,233,28,40,19,18,32,30,33,15,18,266,24,75,47,8,11,43,27,15,16
S01007836,380,44,100,72,19,27,39,29,28,22,183,24,35,18,17,21,20,19,16,13,197,20,65,54,2,6,19,10,12,9
S01007837,594,39,162,117,55,50,65,50,9,47,276,26,60,38,37,36,18,35,3,23,318,13,102,79,18,14,47,15,6,24
S01007838,602,51,159,118,39,41,71,55,11,57,274,32,55,32,27,29,34,34,4,27,328,19,104,86,12,12,37,21,7,30
S01007839,487,49,63,54,26,30,51,62,30,122,220,29,26,9,20,26,21,30,14,45,267,20,37,45,6,4,30,32,16,77
S01007840,564,23,93,91,21,59,97,102,30,48,282,15,42,24,15,40,44,55,15,32,282,8,51,67,6,19,53,47,15,16
S01007841,504,13,74,82,28,34,87,95,41,50,234,10,27,23,20,26,37,58,17,16,270,3,47,59,8,8,50,37,24,34
S01007842,552,20,58,82,26,41,95,105,74,51,261,12,19,33,18,27,36,61,31,24,291,8,39,49,8,14,59,44,43,27
S01007843,522,19,69,85,18,44,96,83,43,65,248,11,26,31,11,31,45,40,21,32,274,8,43,54,7,13,51,43,22,33
S01007844,713,38,108,90,37,60,119,114,65,82,346,23,37,21,30,40,58,61,37,39,367,15,71,69,7,20,61,53,28,43
S01007845,606,16,76,81,26,42,116,131,83,35,258,10,22,19,20,26,54,55,36,16,348,6,54,62,6,16,62,76,47,19
S01007846,514,11,75,72,17,53,128,91,41,26,236,6,30,20,12,39,51,47,19,12,278,5,45,52,5,14,77,44,22,14
S01007847,658,24,83,88,22,74,134,141,54,38,303,15,33,24,17,48,55,71,23,17,355,9,50,64,5,26,79,70,31,21
S01007848,586,14,90,61,16,52,118,128,56,51,293,8,39,16,13,37,56,73,30,21,293,6,51,45,3,15,62,55,26,30
S01007849,629,10,82,87,26,62,125,132,54,51,277,8,27,16,19,43,48,75,17,24,352,2,55,71,7,19,77,57,37,27
S01007850,542,10,53,74,33,57,112,107,52,44,259,7,22,16,26,37,49,50,28,24,283,3,31,58,7,20,63,57,24,20
S01007851,628,25,109,92,42,58,116,131,18,37,300,17,43,25,31,38,49,69,11,17,328,8,66,67,11,20,67,62,7,20
S01007852,499,12,68,61,26,30,97,90,78,37,248,8,25,19,22,16,39,59,40,20,251,4,43,42,4,14,58,31,38,17
S01007853,465,9,55,49,21,39,100,88,67,37,232,5,23,16,15,28,44,49,41,11,233,4,32,33,6,11,56,39,26,26
S01007854,780,25,108,79,36,62,157,135,119,59,366,10,46,22,26,40,72,70,58,22,414,15,62,57,10,22,85,65,61,37
S01007855,390,15,54,46,23,35,79,64,47,27,210,9,24,22,18,28,32,33,36,8,180,6,30,24,5,7,47,31,11,19
S01007856,634,22,116,86,32,56,111,114,42,55,296,11,42,23,28,43,45,63,21,20,338,11,74,63,4,13,66,51,21,35
S01007857,352,5,48,47,17,16,77,76,31,35,142,1,16,10,12,10,26,41,10,16,210,4,32,37,5,6,51,35,21,19
S01007858,745,19,112,101,42,54,159,136,70,52,332,12,40,26,31,32,59,73,41,18,413,7,72,75,11,22,100,63,29,34
S01007859,358,6,41,41,21,31,69,86,34,29,169,5,17,11,15,22,23,43,18,15,189,1,24,30,6,9,46,43,16,14
S01007860,441,35,80,51,31,32,80,67,33,32,217,22,36,12,21,20,29,43,18,16,224,13,44,39,10,12,51,24,15,16
S01007861,495,7,59,60,20,41,128,116,37,27,249,5,20,14,18,31,57,72,16,16,246,2,39,46,2,10,71,44,21,11
S01007862,538,8,74,53,30,49,119,129,36,40,247,6,18,14,27,36,44,60,20,22,291,2,56,39,3,13,75,69,16,18
S01007863,641,9,75,76,21,68,107,165,79,41,290,7,32,17,17,42,30,86,43,16,351,2,43,59,4,26,77,79,36,25
S01007864,683,21,99,95,22,67,148,135,56,40,313,14,36,16,20,54,50,73,30,20,370,7,63,79,2,13,98,62,26,20
S01007865,483,58,147,68,27,46,52,27,18,40,232,37,55,17,21,43,18,18,12,11,251,21,92,51,6,3,34,9,6,29
S01007866,441,31,130,79,37,36,48,32,6,42,227,18,54,28,32,31,22,22,4,16,214,13,76,51,5,5,26,10,2,26
S01007867,348,56,105,46,31,24,29,27,7,23,168,33,47,8,22,15,14,18,3,8,180,23,58,38,9,9,15,9,4,15
S01007868,704,73,208,118,43,58,69,53,20,62,343,45,75,35,37,49,23,41,9,29,361,28,133,83,6,9,46,12,11,33
S01007869,696,144,188,87,34,51,61,34,23,74,323,78,73,22,20,35,28,26,7,34,373,66,115,65,14,16,33,8,16,40
S01007870,412,23,62,41,54,58,84,50,14,26,213,12,30,11,42,41,29,32,7,9,199,11,32,30,12,17,55,18,7,17
S01007871,485,6,32,30,31,54,125,122,62,23,229,6,12,7,23,35,50,61,26,9,256,0,20,23,8,19,75,61,36,14
S01007872,529,6,49,36,25,46,124,138,78,27,241,4,20,10,19,35,34,73,37,9,288,2,29,26,6,11,90,65,41,18
S01007873,506,11,65,59,43,62,103,102,38,23,255,8,30,15,30,49,42,52,18,11,251,3,35,44,13,13,61,50,20,12
S01007874,550,11,63,65,40,63,125,123,31,29,276,6,25,21,34,43,45,71,18,13,274,5,38,44,6,20,80,52,13,16
S01007875,396,12,79,37,19,42,81,82,21,23,190,9,29,10,12,28,28,51,12,11,206,3,50,27,7,14,53,31,9,12
S01007876,732,27,143,103,67,78,140,106,28,40,351,19,60,29,45,52,44,72,10,20,381,8,83,74,22,26,96,34,18,20
S01007877,588,15,66,71,46,62,122,135,41,30,303,11,29,18,31,47,39,92,18,18,285,4,37,53,15,15,83,43,23,12
S01007878,471,10,63,40,24,59,105,104,36,30,225,7,24,14,17,40,29,64,16,14,246,3,39,26,7,19,76,40,20,16
S01007879,558,4,54,49,23,61,143,140,49,35,261,0,22,8,20,43,44,84,28,12,297,4,32,41,3,18,99,56,21,23
S01007880,311,28,81,26,50,23,41,32,16,14,155,19,36,4,30,20,15,19,9,3,156,9,45,22,20,3,26,13,7,11
S01007881,410,8,64,37,38,43,81,81,35,23,204,5,29,11,27,29,25,48,19,11,206,3,35,26,11,14,56,33,16,12
S01007882,586,60,144,66,106,38,65,45,11,51,286,37,55,13,70,28,24,31,7,21,300,23,89,53,36,10,41,14,4,30
S01007883,793,40,167,115,77,77,125,118,27,47,381,18,66,32,55,60,41,78,16,15,412,22,101,83,22,17,84,40,11,32
S01007884,483,13,66,68,35,46,104,90,30,31,236,10,30,21,27,31,40,50,13,14,247,3,36,47,8,15,64,40,17,17
S01007885,567,12,53,43,34,62,122,123,85,33,270,3,23,9,21,41,55,67,37,14,297,9,30,34,13,21,67,56,48,19
S01007886,677,31,125,84,57,90,110,106,35,39,350,25,51,24,46,64,40,70,14,16,327,6,74,60,11,26,70,36,21,23
S01007887,429,31,97,50,84,28,53,37,15,34,226,20,38,16,62,21,18,24,11,16,203,11,59,34,22,7,35,13,4,18
S01007888,794,8,63,76,31,90,185,207,83,51,369,7,24,18,22,62,63,117,39,17,425,1,39,58,9,28,122,90,44,34
S01007889,390,7,43,43,16,56,97,92,21,15,177,7,19,11,12,38,28,49,9,4,213,0,24,32,4,18,69,43,12,11
S01007890,552,20,82,58,51,63,110,112,32,24,257,9,23,21,36,43,31,67,15,12,295,11,59,37,15,20,79,45,17,12
S01007891,639,22,119,87,41,78,125,113,16,38,314,13,47,24,32,64,36,76,10,12,325,9,72,63,9,14,89,37,6,26
S01007892,567,40,136,79,53,50,97,59,23,30,284,29,58,27,31,36,40,33,16,14,283,11,78,52,22,14,57,26,7,16
S01007893,764,63,200,79,80,67,110,79,26,60,373,44,81,17,55,47,40,50,8,31,391,19,119,62,25,20,70,29,18,29
S01007894,685,33,88,79,53,70,133,144,34,51,336,19,36,25,39,51,43,86,17,20,349,14,52,54,14,19,90,58,17,31
S01007895,402,28,94,54,41,32,60,50,14,29,187,20,36,14,27,25,14,31,6,14,215,8,58,40,14,7,46,19,8,15
S01007896,635,8,77,56,38,69,133,148,58,48,298,4,31,17,21,52,39,89,26,19,337,4,46,39,17,17,94,59,32,29
S01007897,332,24,84,27,73,28,49,22,8,17,178,12,38,6,54,20,18,19,5,6,154,12,46,21,19,8,31,3,3,11
S01007898,347,19,64,42,69,23,50,44,7,29,179,10,20,11,49,20,24,29,2,14,168,9,44,31,20,3,26,15,5,15
S01007899,289,14,54,36,81,15,29,36,5,19,158,5,26,9,59,12,9,23,2,13,131,9,28,27,22,3,20,13,3,6
S01007900,408,9,42,31,22,39,95,99,41,30,191,5,13,5,17,33,33,55,15,15,217,4,29,26,5,6,62,44,26,15
S01007901,521,8,59,62,31,58,98,129,38,38,253,5,24,13,23,44,35,81,18,10,268,3,35,49,8,14,63,48,20,28
S01007902,690,7,49,75,41,88,139,187,74,30,343,7,21,18,29,64,45,115,30,14,347,0,28,57,12,24,94,72,44,16
S01007903,479,10,70,56,43,60,91,95,30,24,233,8,28,12,25,46,28,60,16,10,246,2,42,44,18,14,63,35,14,14
S01007904,656,57,138,61,106,56,67,74,14,83,339,38,44,16,72,41,26,44,5,53,317,19,94,45,34,15,41,30,9,30
S01007905,509,7,34,34,14,52,130,126,78,34,243,5,13,7,13,38,45,68,34,20,266,2,21,27,1,14,85,58,44,14
S01007906,526,8,46,39,25,70,107,162,44,25,233,4,16,5,17,47,44,79,16,5,293,4,30,34,8,23,63,83,28,20
S01007907,428,13,42,35,22,49,87,118,37,25,210,10,15,10,16,31,26,76,20,6,218,3,27,25,6,18,61,42,17,19
S01007908,694,19,110,73,57,76,136,151,35,37,345,11,40,18,43,61,45,94,15,18,349,8,70,55,14,15,91,57,20,19
S01007909,398,9,44,41,20,52,81,103,21,27,197,7,14,8,17,39,28,61,10,13,201,2,30,33,3,13,53,42,11,14
S01007910,652,12,83,47,31,63,128,156,67,65,303,9,29,5,18,47,52,85,35,23,349,3,54,42,13,16,76,71,32,42
S01007911,576,15,97,76,39,61,114,104,28,42,281,12,35,20,28,49,37,66,15,19,295,3,62,56,11,12,77,38,13,23
S01007912,605,15,90,65,29,62,132,144,37,31,293,11,28,14,22,42,51,94,18,13,312,4,62,51,7,20,81,50,19,18
S01007913,449,1,59,34,34,47,96,107,50,21,232,1,19,13,28,36,39,61,26,9,217,0,40,21,6,11,57,46,24,12
S01007914,476,6,58,44,26,37,116,100,43,46,221,2,21,13,21,23,48,55,20,18,255,4,37,31,5,14,68,45,23,28
S01007915,631,19,77,86,45,80,136,106,35,47,312,13,34,19,39,54,54,60,17,22,319,6,43,67,6,26,82,46,18,25
S01007916,584,16,75,78,46,51,104,132,43,39,280,9,26,19,33,39,38,73,23,20,304,7,49,59,13,12,66,59,20,19
S01007917,648,9,90,73,40,82,117,160,41,36,320,6,35,13,33,56,45,101,17,14,328,3,55,60,7,26,72,59,24,22
S01007918,692,34,107,85,44,72,105,144,51,50,364,23,34,21,35,55,40,100,30,26,328,11,73,64,9,17,65,44,21,24
S01007919,587,66,172,86,38,57,65,48,10,45,293,49,70,21,25,50,23,33,4,18,294,17,102,65,13,7,42,15,6,27
S01007920,463,36,111,73,40,57,58,52,11,25,229,23,49,14,26,45,23,31,6,12,234,13,62,59,14,12,35,21,5,13
S01007921,690,12,63,63,45,76,144,188,65,34,341,6,23,17,36,54,58,103,27,17,349,6,40,46,9,22,86,85,38,17
S01007922,658,9,69,53,53,61,149,159,67,38,305,8,25,9,39,42,54,81,28,19,353,1,44,44,14,19,95,78,39,19
S01007923,734,27,144,95,65,88,125,121,21,48,357,13,55,26,51,68,40,75,14,15,377,14,89,69,14,20,85,46,7,33
S01007924,735,14,99,57,46,67,156,179,69,48,357,12,34,15,36,45,54,105,36,20,378,2,65,42,10,22,102,74,33,28
S01007925,367,44,90,36,95,25,29,20,8,20,190,26,38,9,61,19,13,12,4,8,177,18,52,27,34,6,16,8,4,12
S01007926,365,44,82,47,76,21,36,27,8,24,189,27,35,9,55,16,13,18,3,13,176,17,47,38,21,5,23,9,5,11
S01007927,494,55,118,58,115,27,45,33,10,33,253,36,47,12,75,20,20,21,4,18,241,19,71,46,40,7,25,12,6,15
S01007928,739,89,191,101,87,47,90,63,25,46,347,51,80,20,53,36,37,41,7,22,392,38,111,81,34,11,53,22,18,24
S01007929,568,75,142,53,116,38,48,38,12,46,293,44,64,15,82,21,14,27,7,19,275,31,78,38,34,17,34,11,5,27
S01007930,454,66,112,37,99,36,35,27,8,34,225,35,43,5,67,30,14,14,2,15,229,31,69,32,32,6,21,13,6,19
S01007931,821,131,216,107,57,46,93,87,29,55,383,82,90,20,33,36,37,45,13,27,438,49,126,87,24,10,56,42,16,28
S01007932,650,80,208,91,59,38,63,37,20,54,311,56,92,23,41,27,21,21,11,19,339,24,116,68,18,11,42,16,9,35
S01007933,616,56,146,66,48,41,107,68,25,59,279,34,62,15,30,27,41,37,10,23,337,22,84,51,18,14,66,31,15,36
S01007934,500,31,103,76,39,27,70,75,28,51,232,23,45,20,25,19,29,38,12,21,268,8,58,56,14,8,41,37,16,30
S01007935,593,56,118,90,52,53,81,74,36,33,285,33,46,24,37,40,25,47,17,16,308,23,72,66,15,13,56,27,19,17
S01007936,741,122,224,118,50,64,60,28,19,56,361,76,105,30,31,49,20,17,9,24,380,46,119,88,19,15,40,11,10,32
S01007937,813,99,214,131,60,71,95,69,23,51,388,57,81,43,43,58,29,38,13,26,425,42,133,88,17,13,66,31,10,25
S01007938,585,27,94,90,43,56,115,93,28,39,264,17,37,21,26,43,40,50,11,19,321,10,57,69,17,13,75,43,17,20
S01007939,620,10,75,77,36,54,152,117,58,41,286,3,24,16,29,39,55,72,28,20,334,7,51,61,7,15,97,45,30,21
S01007940,760,60,130,92,69,73,125,141,30,40,393,41,56,27,43,58,54,80,13,21,367,19,74,65,26,15,71,61,17,19
S01007941,513,40,111,101,42,53,67,57,10,32,247,33,44,24,27,46,24,31,4,14,266,7,67,77,15,7,43,26,6,18
S01007942,347,23,59,59,26,32,40,69,26,13,176,17,29,17,15,22,14,42,13,7,171,6,30,42,11,10,26,27,13,6
S01007943,482,31,104,66,46,43,78,78,18,18,232,20,45,18,29,30,23,46,11,10,250,11,59,48,17,13,55,32,7,8
S01007944,694,39,117,76,61,75,121,130,40,35,339,24,53,16,41,50,48,73,19,15,355,15,64,60,20,25,73,57,21,20
S01007945,631,44,114,71,65,57,85,101,48,46,320,30,49,18,43,37,31,70,27,15,311,14,65,53,22,20,54,31,21,31
S01007946,608,31,110,67,48,56,102,97,47,50,312,21,55,17,33,41,41,59,28,17,296,10,55,50,15,15,61,38,19,33
S01007947,572,55,113,74,47,45,83,81,29,45,282,40,41,22,34,33,26,47,16,23,290,15,72,52,13,12,57,34,13,22
S01007948,484,15,56,34,31,44,92,120,62,30,231,9,21,6,21,34,33,59,30,18,253,6,35,28,10,10,59,61,32,12
S01007949,605,43,142,99,39,69,101,66,19,27,278,35,54,13,28,56,40,31,8,13,327,8,88,86,11,13,61,35,11,14
S01007950,691,57,174,120,69,68,72,60,16,55,322,39,69,28,47,55,20,38,7,19,369,18,105,92,22,13,52,22,9,36
S01007951,561,32,109,85,42,56,80,84,24,49,265,24,38,22,28,50,27,44,9,23,296,8,71,63,14,6,53,40,15,26
S01007952,467,17,58,57,47,43,94,85,40,26,221,12,27,16,26,25,33,48,19,15,246,5,31,41,21,18,61,37,21,11
S01007953,710,20,101,85,58,65,157,134,30,60,325,13,43,23,42,43,57,72,12,20,385,7,58,62,16,22,100,62,18,40
S01007954,553,9,58,44,22,62,129,126,62,41,272,5,26,18,11,43,48,73,35,13,281,4,32,26,11,19,81,53,27,28
S01007955,606,8,59,77,29,60,151,126,62,34,280,6,17,30,18,43,54,76,22,14,326,2,42,47,11,17,97,50,40,20
S01007956,533,13,59,65,28,54,112,114,35,53,238,9,19,15,19,34,44,58,14,26,295,4,40,50,9,20,68,56,21,27
S01007957,702,20,94,88,37,83,152,138,48,42,335,17,40,26,25,66,52,66,27,16,367,3,54,62,12,17,100,72,21,26
S01007958,629,22,72,74,34,70,130,110,80,37,295,15,23,22,18,49,52,58,41,17,334,7,49,52,16,21,78,52,39,20
S01007959,597,25,124,89,51,75,105,85,18,25,298,15,51,18,38,63,35,53,12,13,299,10,73,71,13,12,70,32,6,12
S01007960,535,14,70,63,28,52,125,123,26,34,242,12,29,13,19,36,39,72,11,11,293,2,41,50,9,16,86,51,15,23
S01007961,1061,57,139,76,178,100,155,168,148,40,772,35,65,21,145,91,111,152,129,23,289,22,74,55,33,9,44,16,19,17
S01007962,418,18,40,56,29,44,80,85,29,37,189,11,17,18,21,34,30,37,8,13,229,7,23,38,8,10,50,48,21,24
S01007963,668,10,37,60,44,62,138,150,133,34,303,6,18,17,32,36,50,69,60,15,365,4,19,43,12,26,88,81,73,19
S01007964,569,14,57,55,26,69,122,129,49,48,272,10,25,17,22,49,44,60,23,22,297,4,32,38,4,20,78,69,26,26
S01007965,414,8,45,52,18,40,96,80,42,33,197,7,21,16,13,24,38,46,20,12,217,1,24,36,5,16,58,34,22,21
S01007966,661,21,71,66,24,53,147,139,86,54,275,10,24,15,19,38,50,61,39,19,386,11,47,51,5,15,97,78,47,35
S01007967,444,2,44,45,21,22,118,92,65,35,200,0,17,14,18,13,37,52,27,22,244,2,27,31,3,9,81,40,38,13
S01007968,614,14,83,102,32,64,123,116,34,46,291,12,35,25,25,47,50,60,21,16,323,2,48,77,7,17,73,56,13,30
S01007969,590,11,96,95,29,51,146,93,33,36,285,10,41,26,20,43,56,50,18,21,305,1,55,69,9,8,90,43,15,15
S01007970,625,17,106,85,33,63,134,113,41,33,290,9,38,21,23,48,56,63,18,14,335,8,68,64,10,15,78,50,23,19
S01007971,659,15,85,86,30,74,130,131,57,51,314,10,26,27,22,55,48,74,31,21,345,5,59,59,8,19,82,57,26,30
S01007972,600,13,86,70,28,72,127,133,31,40,292,9,34,17,23,56,39,75,18,21,308,4,52,53,5,16,88,58,13,19
S01007973,678,44,175,131,39,64,102,78,9,36,335,33,75,34,28,54,42,45,3,21,343,11,100,97,11,10,60,33,6,15
S01007974,610,21,74,76,31,59,128,130,55,36,281,16,24,18,22,46,52,69,22,12,329,5,50,58,9,13,76,61,33,24
S01007975,470,7,72,65,33,49,98,81,30,35,242,4,36,15,28,38,40,44,16,21,228,3,36,50,5,11,58,37,14,14
S01007976,536,24,81,72,23,48,109,113,42,24,259,17,33,18,17,34,39,70,22,9,277,7,48,54,6,14,70,43,20,15
S01007977,518,40,126,66,30,64,96,43,11,42,246,22,50,16,26,46,41,20,6,19,272,18,76,50,4,18,55,23,5,23
S01007978,456,22,93,65,25,52,81,68,22,28,245,18,39,25,18,44,35,43,9,14,211,4,54,40,7,8,46,25,13,14
S01007979,639,73,200,91,40,42,71,45,21,56,328,52,79,31,33,32,32,29,10,30,311,21,121,60,7,10,39,16,11,26
S01007980,528,38,111,78,37,48,82,74,20,40,262,27,41,23,26,35,33,42,11,24,266,11,70,55,11,13,49,32,9,16
S01007981,426,21,109,92,40,33,65,36,13,17,199,14,48,17,32,26,27,20,5,10,227,7,61,75,8,7,38,16,8,7
S01007982,400,30,100,66,29,36,66,34,6,33,185,20,46,14,20,28,22,19,4,12,215,10,54,52,9,8,44,15,2,21
S01007983,556,15,66,64,29,55,118,119,42,48,258,11,32,15,22,44,32,51,22,29,298,4,34,49,7,11,86,68,20,19
S01007984,615,38,122,81,31,51,122,98,32,40,290,29,52,21,18,42,49,50,14,15,325,9,70,60,13,9,73,48,18,25
S01007985,698,19,61,81,36,71,169,142,66,53,327,16,18,24,23,52,64,74,32,24,371,3,43,57,13,19,105,68,34,29
S01007986,437,22,71,67,21,41,90,72,16,37,210,16,30,14,14,30,33,42,11,20,227,6,41,53,7,11,57,30,5,17
S01007987,586,41,114,92,33,52,93,86,26,49,289,28,52,30,24,38,34,47,14,22,297,13,62,62,9,14,59,39,12,27
S01007988,632,16,86,84,30,59,164,115,44,34,299,13,37,16,26,45,67,56,21,18,333,3,49,68,4,14,97,59,23,16
S01007989,532,10,81,52,38,47,123,93,38,50,251,4,39,11,23,37,45,51,16,25,281,6,42,41,15,10,78,42,22,25
S01007990,665,28,106,94,32,79,127,102,37,60,308,21,49,21,23,56,46,52,15,25,357,7,57,73,9,23,81,50,22,35
S01007991,699,92,232,122,48,40,65,31,18,51,346,64,106,34,33,31,24,22,10,22,353,28,126,88,15,9,41,9,8,29
S01007992,484,50,129,73,44,52,36,30,6,64,235,29,62,12,30,40,13,20,2,27,249,21,67,61,14,12,23,10,4,37
S01007993,676,54,174,106,53,64,115,54,13,43,326,40,71,26,31,47,49,36,8,18,350,14,103,80,22,17,66,18,5,25
S01007994,596,91,195,99,43,33,53,30,9,43,287,63,90,30,28,23,14,21,2,16,309,28,105,69,15,10,39,9,7,27
S01007995,674,75,183,114,32,65,84,48,15,58,333,42,77,45,23,54,28,29,8,27,341,33,106,69,9,11,56,19,7,31
S01007996,361,42,106,43,44,27,34,26,12,27,181,24,50,13,31,18,10,15,4,16,180,18,56,30,13,9,24,11,8,11
S01007997,515,65,175,71,45,37,48,27,17,30,249,45,72,25,30,23,11,17,9,17,266,20,103,46,15,14,37,10,8,13
S01007998,399,53,116,54,44,26,43,22,11,30,197,38,56,16,25,15,17,12,5,13,202,15,60,38,19,11,26,10,6,17
S01007999,496,7,52,46,33,43,139,103,34,39,230,4,19,14,24,32,48,57,15,17,266,3,33,32,9,11,91,46,19,22
S01008000,627,14,66,70,31,57,141,140,60,48,275,10,25,17,21,40,43,77,25,17,352,4,41,53,10,17,98,63,35,31
S01008001,610,11,46,50,22,55,141,150,89,46,285,7,24,15,17,40,54,73,38,17,325,4,22,35,5,15,87,77,51,29
S01008002,584,9,47,48,45,56,128,103,107,41,285,4,22,13,31,36,54,60,49,16,299,5,25,35,14,20,74,43,58,25
S01008003,447,17,78,46,33,41,96,70,26,40,212,13,33,13,25,33,38,32,10,15,235,4,45,33,8,8,58,38,16,25
S01008004,454,36,101,65,22,45,68,59,16,42,209,22,30,18,16,38,26,33,6,20,245,14,71,47,6,7,42,26,10,22
S01008005,396,37,87,60,29,34,61,34,26,28,168,24,31,17,19,23,17,18,12,7,228,13,56,43,10,11,44,16,14,21
S01008006,413,10,30,27,19,42,92,95,69,29,183,7,9,10,12,26,37,40,32,10,230,3,21,17,7,16,55,55,37,19
S01008007,327,6,34,33,9,35,62,72,53,23,165,3,13,11,9,25,28,45,26,5,162,3,21,22,0,10,34,27,27,18
S01008008,439,14,60,37,27,41,78,91,63,28,203,7,22,9,18,32,31,43,29,12,236,7,38,28,9,9,47,48,34,16
S01008009,568,27,86,74,37,48,97,97,65,37,265,18,33,25,23,28,33,57,29,19,303,9,53,49,14,20,64,40,36,18
S01008010,722,29,116,87,52,72,132,90,100,44,374,20,48,26,41,52,65,48,60,14,348,9,68,61,11,20,67,42,40,30
S01008011,477,15,87,51,22,33,95,97,60,17,252,14,40,23,16,22,45,51,35,6,225,1,47,28,6,11,50,46,25,11
S01008012,646,40,138,90,46,57,97,83,42,53,336,23,64,33,31,38,42,52,29,24,310,17,74,57,15,19,55,31,13,29
S01008013,470,40,90,83,39,34,70,71,19,24,238,25,44,30,28,25,30,37,10,9,232,15,46,53,11,9,40,34,9,15
S01008014,487,40,123,62,36,46,70,60,16,34,241,27,50,17,19,38,33,35,11,11,246,13,73,45,17,8,37,25,5,23
S01008015,585,25,102,82,26,70,113,99,39,29,281,15,38,22,21,49,58,41,21,16,304,10,64,60,5,21,55,58,18,13
S01008016,587,23,101,84,52,59,114,88,40,26,282,13,37,30,39,38,43,55,16,11,305,10,64,54,13,21,71,33,24,15
S01008017,638,76,204,100,43,41,68,34,14,58,305,58,87,20,32,32,21,23,7,25,333,18,117,80,11,9,47,11,7,33
S01008018,489,59,141,78,39,33,64,35,3,37,235,37,66,26,29,27,23,16,2,9,254,22,75,52,10,6,41,19,1,28
S01008019,537,79,168,59,39,32,68,37,10,45,277,58,73,14,27,27,23,26,5,24,260,21,95,45,12,5,45,11,5,21
S01008020,475,39,108,88,40,47,56,50,8,39,235,25,46,29,29,38,20,32,1,15,240,14,62,59,11,9,36,18,7,24
S01008021,426,53,132,68,39,26,51,16,9,32,199,36,53,20,28,21,16,10,5,10,227,17,79,48,11,5,35,6,4,22
S01008022,550,54,180,78,49,40,61,30,8,50,272,36,85,16,35,32,26,12,5,25,278,18,95,62,14,8,35,18,3,25
S01008023,529,72,142,77,43,46,66,18,8,57,262,43,65,19,31,38,21,14,4,27,267,29,77,58,12,8,45,4,4,30
S01008024,477,90,174,63,36,31,32,17,5,29,225,56,77,14,22,26,9,6,3,12,252,34,97,49,14,5,23,11,2,17
S01008025,565,36,120,109,40,60,79,69,17,35,275,21,53,27,29,49,30,44,5,17,290,15,67,82,11,11,49,25,12,18
S01008026,761,38,134,101,53,76,141,137,42,39,378,33,53,22,42,57,58,73,22,18,383,5,81,79,11,19,83,64,20,21
S01008027,433,21,78,75,10,50,59,88,22,30,199,13,34,14,7,38,26,50,9,8,234,8,44,61,3,12,33,38,13,22
S01008028,439,23,91,66,39,46,72,61,13,28,221,14,42,16,31,35,23,37,7,16,218,9,49,50,8,11,49,24,6,12
S01008029,675,65,145,78,103,44,101,56,39,44,351,38,59,20,72,33,45,33,21,30,324,27,86,58,31,11,56,23,18,14
S01008030,811,70,234,111,83,59,88,92,16,58,376,38,95,31,53,48,24,50,11,26,435,32,139,80,30,11,64,42,5,32
S01008031,662,43,107,93,46,59,123,107,39,45,309,22,46,26,32,40,42,65,17,19,353,21,61,67,14,19,81,42,22,26
S01008032,691,34,126,104,49,67,112,127,18,54,330,23,52,30,30,52,38,64,12,29,361,11,74,74,19,15,74,63,6,25
S01008033,600,121,179,70,53,28,37,23,7,82,305,81,74,16,39,21,14,16,5,39,295,40,105,54,14,7,23,7,2,43
S01008034,578,122,177,72,57,20,35,14,9,72,273,79,67,19,41,15,6,10,3,33,305,43,110,53,16,5,29,4,6,39
S01008035,485,65,133,109,29,33,39,21,15,41,233,42,58,24,20,24,12,16,11,26,252,23,75,85,9,9,27,5,4,15
S01008036,515,70,161,74,35,31,57,25,13,49,262,47,76,18,29,27,21,13,8,23,253,23,85,56,6,4,36,12,5,26
S01008037,752,46,141,100,56,76,169,85,19,60,351,31,51,32,46,52,50,50,11,28,401,15,90,68,10,24,119,35,8,32
S01008038,530,33,95,73,42,52,103,72,21,39,240,22,35,15,36,40,26,36,15,15,290,11,60,58,6,12,77,36,6,24
S01008039,656,49,146,77,46,61,121,64,17,75,314,32,68,15,37,42,35,36,10,39,342,17,78,62,9,19,86,28,7,36
S01008040,568,100,154,85,48,29,61,31,10,50,267,64,75,17,34,16,17,16,6,22,301,36,79,68,14,13,44,15,4,28
S01008041,485,85,140,70,34,26,56,31,9,34,237,53,61,21,21,19,17,19,6,20,248,32,79,49,13,7,39,12,3,14
S01008042,397,102,127,46,32,8,33,11,7,31,187,60,52,9,22,6,10,7,3,18,210,42,75,37,10,2,23,4,4,13
S01008043,640,163,200,74,79,16,37,17,9,45,307,109,71,16,52,12,7,11,4,25,333,54,129,58,27,4,30,6,5,20
S01008044,686,139,238,78,52,30,58,15,9,67,324,88,104,17,31,24,16,9,3,32,362,51,134,61,21,6,42,6,6,35
S01008045,698,146,197,82,79,34,48,34,30,48,339,97,82,18,47,24,11,16,17,27,359,49,115,64,32,10,37,18,13,21
S01008046,549,64,124,88,22,37,81,60,45,28,239,32,48,21,19,23,29,35,20,12,310,32,76,67,3,14,52,25,25,16
S01008047,489,94,142,71,46,20,38,18,8,52,241,65,50,15,34,17,15,12,6,27,248,29,92,56,12,3,23,6,2,25
S01008048,425,77,135,68,25,19,35,13,11,42,210,52,66,18,15,15,9,10,4,21,215,25,69,50,10,4,26,3,7,21
S01008049,596,112,203,110,51,19,34,14,7,46,285,83,75,29,39,16,9,11,3,20,311,29,128,81,12,3,25,3,4,26
S01008050,437,108,130,69,36,6,15,15,14,44,200,73,43,20,25,3,4,8,5,19,237,35,87,49,11,3,11,7,9,25
S01008051,619,148,196,92,30,29,38,21,13,52,300,86,87,30,19,21,10,14,7,26,319,62,109,62,11,8,28,7,6,26
S01008052,602,161,219,73,38,11,34,13,9,44,301,94,109,16,23,7,13,8,1,30,301,67,110,57,15,4,21,5,8,14
S01008053,419,97,152,54,30,10,22,19,1,34,199,58,63,12,21,6,10,10,0,19,220,39,89,42,9,4,12,9,1,15
S01008054,528,129,164,63,50,17,24,20,10,51,270,82,71,13,36,13,9,11,5,30,258,47,93,50,14,4,15,9,5,21
S01008055,748,208,250,82,47,17,38,10,13,83,369,141,101,19,30,12,11,6,5,44,379,67,149,63,17,5,27,4,8,39
S01008056,494,130,141,55,35,21,36,14,6,56,242,78,58,10,26,15,9,9,3,34,252,52,83,45,9,6,27,5,3,22
S01008057,637,145,215,88,54,17,41,11,6,60,318,98,84,27,36,16,15,7,2,33,319,47,131,61,18,1,26,4,4,27
S01008058,695,170,191,65,82,18,59,14,15,81,327,108,80,8,63,10,14,8,4,32,368,62,111,57,19,8,45,6,11,49
S01008059,527,78,159,91,47,24,40,21,9,58,252,53,77,16,30,18,17,10,3,28,275,25,82,75,17,6,23,11,6,30
S01008060,696,116,196,132,50,31,54,26,14,77,323,72,89,39,26,24,19,16,5,33,373,44,107,93,24,7,35,10,9,44
S01008061,495,80,149,81,40,24,46,19,12,44,235,55,62,18,25,15,18,8,7,27,260,25,87,63,15,9,28,11,5,17
S01008062,638,69,189,140,44,51,67,33,8,37,298,43,75,47,28,39,25,19,4,18,340,26,114,93,16,12,42,14,4,19
S01008063,655,128,195,104,47,29,60,7,14,71,310,82,77,31,32,23,22,5,4,34,345,46,118,73,15,6,38,2,10,37
S01008064,522,41,106,79,32,40,79,51,39,55,237,26,42,20,24,27,25,24,23,26,285,15,64,59,8,13,54,27,16,29
S01008065,720,173,232,87,45,22,45,22,12,82,355,107,96,23,31,14,15,16,9,44,365,66,136,64,14,8,30,6,3,38
S01008066,659,225,191,43,54,9,31,10,15,81,325,134,74,13,38,2,6,8,7,43,334,91,117,30,16,7,25,2,8,38
S01008067,466,131,140,44,32,16,34,14,5,50,225,80,56,9,23,11,10,10,1,25,241,51,84,35,9,5,24,4,4,25
S01008068,701,122,209,101,56,42,64,41,9,57,333,80,83,21,37,33,25,26,1,27,368,42,126,80,19,9,39,15,8,30
S01008069,699,62,187,141,46,47,90,54,17,55,327,39,81,41,33,39,28,35,8,23,372,23,106,100,13,8,62,19,9,32
S01008070,686,49,170,147,40,55,102,47,15,61,324,28,65,48,30,47,32,33,9,32,362,21,105,99,10,8,70,14,6,29
S01008071,518,65,171,84,35,39,41,25,9,49,244,35,74,21,25,30,16,16,5,22,274,30,97,63,10,9,25,9,4,27
S01008072,603,150,202,69,44,20,31,16,14,57,292,93,88,14,32,11,6,9,8,31,311,57,114,55,12,9,25,7,6,26
S01008073,345,109,100,31,34,8,16,10,6,31,173,63,41,8,20,8,5,8,4,16,172,46,59,23,14,0,11,2,2,15
S01008074,719,154,228,102,60,27,48,14,13,73,343,96,93,32,42,16,13,9,9,33,376,58,135,70,18,11,35,5,4,40
S01008075,401,94,123,60,37,7,19,9,8,44,197,57,58,14,25,2,5,5,5,26,204,37,65,46,12,5,14,4,3,18
S01008076,418,107,127,67,33,15,25,5,11,28,195,63,57,17,22,10,4,4,4,14,223,44,70,50,11,5,21,1,7,14
S01008077,570,162,177,66,51,16,26,12,16,44,284,103,66,15,39,10,11,9,7,24,286,59,111,51,12,6,15,3,9,20
S01008078,595,128,172,76,55,23,47,15,15,64,299,85,73,20,41,14,20,7,4,35,296,43,99,56,14,9,27,8,11,29
S01008079,648,135,237,77,64,21,45,10,20,39,319,81,105,18,46,12,19,3,6,29,329,54,132,59,18,9,26,7,14,10
S01008080,497,94,147,76,52,26,40,19,9,34,239,62,53,18,38,22,11,11,6,18,258,32,94,58,14,4,29,8,3,16
S01008081,441,93,130,57,35,17,42,11,11,45,218,58,55,19,22,14,15,5,6,24,223,35,75,38,13,3,27,6,5,21
S01008082,607,107,202,84,51,26,44,23,15,55,290,61,86,22,44,16,18,12,4,27,317,46,116,62,7,10,26,11,11,28
S01008083,540,101,167,80,44,22,48,15,10,53,265,69,66,23,31,16,17,11,5,27,275,32,101,57,13,6,31,4,5,26
S01008084,654,88,170,103,68,41,68,31,16,69,306,59,64,29,47,28,25,16,7,31,348,29,106,74,21,13,43,15,9,38
S01008085,744,102,240,93,84,34,66,27,12,86,362,64,113,22,59,26,23,17,7,31,382,38,127,71,25,8,43,10,5,55
S01008086,812,116,206,121,80,55,87,63,16,68,397,73,81,33,52,46,26,35,10,41,415,43,125,88,28,9,61,28,6,27
S01008087,582,88,160,114,33,29,58,34,13,53,269,56,68,29,24,26,17,20,8,21,313,32,92,85,9,3,41,14,5,32
S01008088,682,84,185,127,38,53,74,41,19,61,326,61,84,25,28,42,20,28,8,30,356,23,101,102,10,11,54,13,11,31
S01008089,494,52,144,82,37,32,58,21,15,53,242,31,64,19,28,29,24,16,9,22,252,21,80,63,9,3,34,5,6,31
S01008090,541,78,122,98,33,30,52,56,15,57,262,49,58,24,22,23,12,36,8,30,279,29,64,74,11,7,40,20,7,27
S01008091,289,35,82,40,19,13,38,26,7,29,136,22,38,8,16,6,10,18,4,14,153,13,44,32,3,7,28,8,3,15
S01008092,630,98,188,107,47,28,57,23,8,74,320,72,89,27,34,22,24,16,2,34,310,26,99,80,13,6,33,7,6,40
S01008093,558,73,154,115,42,35,51,21,8,59,260,45,65,30,30,28,19,13,2,28,298,28,89,85,12,7,32,8,6,31
S01008094,488,73,148,67,50,27,39,19,13,52,238,47,63,12,31,22,16,13,9,25,250,26,85,55,19,5,23,6,4,27
S01008095,557,49,138,114,36,41,60,48,14,57,256,28,58,23,28,29,20,29,8,33,301,21,80,91,8,12,40,19,6,24
S01008096,554,74,162,93,37,31,62,36,7,52,273,47,66,28,25,27,19,27,4,30,281,27,96,65,12,4,43,9,3,22
S01008097,433,45,123,76,41,23,46,23,6,50,206,33,52,22,31,14,14,12,4,24,227,12,71,54,10,9,32,11,2,26
S01008098,539,68,152,95,34,35,47,41,14,53,255,41,59,23,26,28,21,27,9,21,284,27,93,72,8,7,26,14,5,32
S01008099,408,37,92,73,29,38,50,32,10,47,214,23,38,16,26,31,19,23,7,31,194,14,54,57,3,7,31,9,3,16
S01008100,671,120,199,88,63,33,50,37,16,65,320,67,85,23,48,22,14,20,5,36,351,53,114,65,15,11,36,17,11,29
S01008101,599,77,171,83,43,45,66,46,19,49,277,47,65,26,38,34,17,25,9,16,322,30,106,57,5,11,49,21,10,33
S01008102,607,42,142,103,47,42,81,72,31,47,303,30,60,24,35,35,28,52,21,18,304,12,82,79,12,7,53,20,10,29
S01008103,452,36,100,58,38,24,76,63,30,27,205,23,34,14,27,17,26,36,15,13,247,13,66,44,11,7,50,27,15,14
S01008104,659,33,103,124,41,59,105,93,51,50,308,21,47,32,34,41,32,49,28,24,351,12,56,92,7,18,73,44,23,26
S01008105,780,38,140,127,52,64,126,122,58,53,357,23,48,27,39,48,46,73,29,24,423,15,92,100,13,16,80,49,29,29
S01008106,575,20,94,83,31,42,113,104,51,37,259,11,32,23,20,30,40,63,23,17,316,9,62,60,11,12,73,41,28,20
S01008107,614,85,152,82,81,44,65,29,15,61,308,51,67,21,56,31,27,17,5,33,306,34,85,61,25,13,38,12,10,28
S01008108,531,68,130,92,43,33,67,41,11,46,246,45,49,22,31,29,22,24,5,19,285,23,81,70,12,4,45,17,6,27
S01008109,726,59,167,150,57,56,102,53,17,65,346,40,77,33,44,51,38,28,7,28,380,19,90,117,13,5,64,25,10,37
S01008110,652,42,194,118,50,53,72,44,14,65,317,28,82,30,40,43,25,33,7,29,335,14,112,88,10,10,47,11,7,36
S01008111,638,89,177,123,41,38,67,32,4,67,316,64,69,38,37,29,19,20,2,38,322,25,108,85,4,9,48,12,2,29
S01008112,614,52,163,128,36,54,88,29,11,53,287,43,66,35,29,45,20,19,5,25,327,9,97,93,7,9,68,10,6,28
S01008113,683,82,184,142,38,49,75,40,7,66,326,52,77,47,29,36,23,25,5,32,357,30,107,95,9,13,52,15,2,34
S01008114,510,54,126,92,37,42,63,41,13,42,254,29,59,27,27,35,23,25,7,22,256,25,67,65,10,7,40,16,6,20
S01008115,734,47,165,154,57,73,84,53,20,81,367,32,76,45,42,58,31,33,10,40,367,15,89,109,15,15,53,20,10,41
S01008116,703,99,204,130,39,30,69,42,15,75,324,61,90,34,27,23,23,27,4,35,379,38,114,96,12,7,46,15,11,40
S01008117,582,100,189,82,42,23,51,19,18,58,283,69,87,16,32,14,25,12,5,23,299,31,102,66,10,9,26,7,13,35
S01008118,587,59,154,99,45,50,82,41,17,40,265,41,55,31,30,39,24,25,10,10,322,18,99,68,15,11,58,16,7,30
S01008119,496,19,82,62,25,50,101,78,32,47,233,8,28,15,19,33,43,51,11,25,263,11,54,47,6,17,58,27,21,22
S01008120,431,66,131,77,27,17,52,21,12,28,200,42,48,22,21,16,18,11,7,15,231,24,83,55,6,1,34,10,5,13
S01008121,475,112,148,74,30,23,36,12,5,35,238,82,52,22,22,17,13,6,2,22,237,30,96,52,8,6,23,6,3,13
S01008122,529,133,165,60,43,14,23,16,14,61,276,82,77,11,32,12,11,9,10,32,253,51,88,49,11,2,12,7,4,29
S01008123,675,167,222,85,48,17,41,14,11,70,331,109,81,21,38,13,17,9,5,38,344,58,141,64,10,4,24,5,6,32
S01008124,635,82,196,121,41,30,53,32,7,73,307,60,78,37,31,25,24,18,3,31,328,22,118,84,10,5,29,14,4,42
S01008125,659,94,200,117,42,30,69,39,7,61,320,72,87,28,31,22,23,26,2,29,339,22,113,89,11,8,46,13,5,32
S01008126,644,114,191,112,41,39,49,19,11,68,317,78,84,26,30,30,15,17,5,32,327,36,107,86,11,9,34,2,6,36
S01008127,367,69,131,56,16,16,28,16,9,26,185,45,58,15,12,15,6,13,5,16,182,24,73,41,4,1,22,3,4,10
S01008128,695,89,199,124,43,39,60,44,17,80,342,59,80,40,33,29,20,27,7,47,353,30,119,84,10,10,40,17,10,33
S01008129,684,35,161,104,46,58,116,82,45,37,330,22,58,26,38,45,48,48,27,18,354,13,103,78,8,13,68,34,18,19
S01008130,748,46,169,118,40,49,122,84,61,59,390,32,72,42,31,35,62,45,43,28,358,14,97,76,9,14,60,39,18,31
S01008131,596,36,127,95,38,43,101,72,38,46,290,24,54,22,29,27,41,49,26,18,306,12,73,73,9,16,60,23,12,28
S01008132,716,110,223,127,53,45,62,31,14,51,346,76,79,37,43,32,23,21,6,29,370,34,144,90,10,13,39,10,8,22
S01008133,450,55,115,52,30,27,69,46,27,29,215,36,51,9,21,20,22,29,15,12,235,19,64,43,9,7,47,17,12,17
S01008134,470,63,126,73,31,41,58,31,21,26,235,42,56,23,23,29,17,24,13,8,235,21,70,50,8,12,41,7,8,18
S01008135,861,75,223,121,61,70,127,62,60,62,425,53,89,36,44,50,50,34,39,30,436,22,134,85,17,20,77,28,21,32
S01008136,681,48,133,106,36,58,129,100,42,29,336,31,50,25,29,38,52,73,21,17,345,17,83,81,7,20,77,27,21,12
S01008137,634,21,60,66,24,59,150,122,84,48,281,14,22,26,18,34,44,57,45,21,353,7,38,40,6,25,106,65,39,27
S01008138,613,18,81,58,30,57,143,118,65,43,293,13,36,12,22,37,46,71,33,23,320,5,45,46,8,20,97,47,32,20
S01008139,647,25,117,102,42,60,95,102,47,57,311,16,48,27,32,40,23,67,28,30,336,9,69,75,10,20,72,35,19,27
S01008140,344,27,50,52,18,22,66,65,26,18,167,15,27,13,15,20,24,28,13,12,177,12,23,39,3,2,42,37,13,6
S01008141,643,52,166,110,52,62,86,41,13,61,313,38,66,32,36,54,24,30,4,29,330,14,100,78,16,8,62,11,9,32
S01008142,636,51,178,111,34,51,76,53,18,64,307,36,80,23,26,43,23,37,8,31,329,15,98,88,8,8,53,16,10,33
S01008143,674,35,155,100,33,48,120,96,43,44,294,25,57,21,21,34,36,56,24,20,380,10,98,79,12,14,84,40,19,24
S01008144,468,45,127,83,55,24,50,25,5,54,233,29,56,26,41,17,17,18,0,29,235,16,71,57,14,7,33,7,5,25
S01008145,600,24,93,57,41,71,110,128,36,40,309,17,33,13,31,55,44,86,14,16,291,7,60,44,10,16,66,42,22,24
S01008146,376,21,56,44,28,32,63,78,21,33,182,15,23,4,22,17,19,50,11,21,194,6,33,40,6,15,44,28,10,12
S01008147,621,32,121,97,41,58,133,77,23,39,301,23,45,30,35,42,42,56,11,17,320,9,76,67,6,16,91,21,12,22
S01008148,620,41,147,114,40,53,93,67,17,48,318,26,61,38,34,38,35,50,9,27,302,15,86,76,6,15,58,17,8,21
S01008149,528,20,109,95,34,41,99,69,21,40,238,11,36,26,28,30,42,39,14,12,290,9,73,69,6,11,57,30,7,28
S01008150,686,33,117,114,35,61,125,123,34,44,322,22,40,36,25,49,37,72,20,21,364,11,77,78,10,12,88,51,14,23
S01008151,509,25,85,67,33,61,105,57,26,50,256,12,37,24,25,44,37,36,16,25,253,13,48,43,8,17,68,21,10,25
S01008152,755,41,149,116,48,68,150,93,39,51,326,20,57,21,38,50,52,51,20,17,429,21,92,95,10,18,98,42,19,34
S01008153,667,72,187,117,46,46,68,47,16,68,335,50,82,34,35,40,26,31,12,25,332,22,105,83,11,6,42,16,4,43
S01008154,635,89,174,109,46,33,72,54,11,47,303,57,68,36,30,24,18,37,4,29,332,32,106,73,16,9,54,17,7,18
S01008155,537,58,147,95,32,37,63,33,23,49,251,35,61,35,27,21,18,27,11,16,286,23,86,60,5,16,45,6,12,33
S01008156,704,54,156,94,76,55,106,71,32,60,336,31,55,21,59,39,36,46,20,29,368,23,101,73,17,16,70,25,12,31
S01008157,564,73,148,85,41,45,71,30,14,57,264,39,60,22,30,34,30,19,6,24,300,34,88,63,11,11,41,11,8,33
S01008158,602,48,174,111,43,55,65,38,13,55,287,30,71,26,31,46,22,27,9,25,315,18,103,85,12,9,43,11,4,30
S01008159,713,39,113,86,42,67,151,101,63,51,346,23,35,28,33,46,60,62,32,27,367,16,78,58,9,21,91,39,31,24
S01008160,663,40,113,75,38,62,130,92,60,53,316,22,47,25,26,47,39,55,33,22,347,18,66,50,12,15,91,37,27,31
S01008161,778,80,256,98,82,62,87,43,18,52,382,50,97,27,57,50,38,27,13,23,396,30,159,71,25,12,49,16,5,29
S01008162,756,89,203,87,56,63,116,93,11,38,377,52,83,23,42,52,43,60,7,15,379,37,120,64,14,11,73,33,4,23
S01008163,544,25,73,69,43,59,110,105,31,29,257,18,36,15,27,42,33,62,14,10,287,7,37,54,16,17,77,43,17,19
S01008164,1292,22,84,70,43,46,101,91,23,812,450,10,39,18,40,31,33,57,15,207,842,12,45,52,3,15,68,34,8,605
S01008165,545,58,149,96,67,38,52,33,16,36,281,37,68,28,47,31,15,25,9,21,264,21,81,68,20,7,37,8,7,15
S01008166,402,9,60,37,28,36,98,83,20,31,203,6,28,9,21,24,31,57,10,17,199,3,32,28,7,12,67,26,10,14
S01008167,521,12,57,65,32,56,111,118,37,33,243,10,22,14,23,34,34,78,18,10,278,2,35,51,9,22,77,40,19,23
S01008168,596,27,86,81,30,58,141,103,38,32,272,13,39,16,20,49,47,66,12,10,324,14,47,65,10,9,94,37,26,22
S01008169,531,20,88,71,35,49,122,96,19,31,249,17,35,18,28,33,43,55,11,9,282,3,53,53,7,16,79,41,8,22
S01008170,439,69,108,63,41,23,57,31,7,40,214,43,46,18,31,19,15,17,2,23,225,26,62,45,10,4,42,14,5,17
S01008171,527,38,94,97,27,53,89,69,15,45,240,22,26,33,21,35,31,48,7,17,287,16,68,64,6,18,58,21,8,28
S01008172,414,18,84,87,30,34,69,54,8,30,185,11,33,18,26,26,22,31,5,13,229,7,51,69,4,8,47,23,3,17
S01008173,491,43,110,97,28,35,84,45,14,35,224,25,45,26,23,29,29,24,9,14,267,18,65,71,5,6,55,21,5,21
S01008174,412,29,78,102,31,33,62,44,2,31,202,16,34,33,23,28,27,27,2,12,210,13,44,69,8,5,35,17,0,19
S01008175,579,47,113,96,42,50,90,88,23,30,268,21,56,26,32,42,27,41,13,10,311,26,57,70,10,8,63,47,10,20
S01008176,563,104,159,63,58,37,53,32,14,43,271,55,72,14,37,28,24,20,5,16,292,49,87,49,21,9,29,12,9,27
S01008177,552,41,106,90,40,44,106,80,20,25,268,32,42,15,30,31,41,50,13,14,284,9,64,75,10,13,65,30,7,11
S01008178,512,36,123,121,32,36,69,44,15,36,243,26,60,26,25,32,21,25,8,20,269,10,63,95,7,4,48,19,7,16
S01008179,387,42,95,72,35,22,48,22,1,50,184,30,43,16,25,12,14,17,1,26,203,12,52,56,10,10,34,5,0,24
S01008180,374,37,107,68,35,24,51,9,7,36,183,28,49,12,24,21,19,5,6,19,191,9,58,56,11,3,32,4,1,17
S01008181,515,58,125,103,49,32,58,31,13,46,254,39,61,23,35,23,26,22,4,21,261,19,64,80,14,9,32,9,9,25
S01008182,754,61,157,134,42,62,111,93,35,59,348,33,58,40,30,44,48,54,23,18,406,28,99,94,12,18,63,39,12,41
S01008183,476,49,97,86,34,44,58,37,18,53,229,30,41,24,26,28,17,23,8,32,247,19,56,62,8,16,41,14,10,21
S01008184,606,49,126,111,43,39,82,83,26,47,303,25,58,44,28,31,36,56,12,13,303,24,68,67,15,8,46,27,14,34
S01008185,762,43,170,131,46,60,119,103,35,55,351,25,72,36,30,42,40,64,22,20,411,18,98,95,16,18,79,39,13,35
S01008186,618,31,142,74,30,51,63,47,30,150,303,22,52,19,21,42,19,30,20,78,315,9,90,55,9,9,44,17,10,72
S01008187,454,45,72,53,37,32,89,64,28,34,216,27,28,14,30,22,24,45,10,16,238,18,44,39,7,10,65,19,18,18
S01008188,643,29,98,85,36,56,123,111,35,70,288,21,46,21,19,36,43,68,12,22,355,8,52,64,17,20,80,43,23,48
S01008189,431,40,86,81,40,29,51,51,12,41,197,21,41,22,30,19,14,27,5,18,234,19,45,59,10,10,37,24,7,23
S01008190,642,19,94,81,38,34,150,138,40,48,293,15,34,19,32,22,53,83,17,18,349,4,60,62,6,12,97,55,23,30
S01008191,357,19,68,57,23,30,61,51,23,25,153,14,32,12,16,19,18,26,7,9,204,5,36,45,7,11,43,25,16,16
S01008192,637,54,131,93,44,49,100,92,34,40,286,35,59,22,29,34,35,53,8,11,351,19,72,71,15,15,65,39,26,29
S01008193,560,59,122,78,34,37,110,66,15,39,266,46,54,13,19,25,35,46,6,22,294,13,68,65,15,12,75,20,9,17
S01008194,440,45,100,54,28,40,65,58,25,25,212,27,41,15,19,28,22,34,11,15,228,18,59,39,9,12,43,24,14,10
S01008195,590,19,88,90,40,45,131,93,29,55,281,12,43,23,29,25,51,54,17,27,309,7,45,67,11,20,80,39,12,28
S01008196,555,15,69,82,40,58,107,104,42,38,259,8,24,21,28,47,37,65,16,13,296,7,45,61,12,11,70,39,26,25
S01008197,731,72,206,124,39,80,82,68,31,29,367,44,85,40,28,63,34,43,15,15,364,28,121,84,11,17,48,25,16,14
S01008198,514,14,77,72,34,66,116,90,19,26,247,6,33,18,26,43,41,54,13,13,267,8,44,54,8,23,75,36,6,13
S01008199,581,7,55,54,28,67,153,137,52,28,284,2,25,17,23,40,58,79,24,16,297,5,30,37,5,27,95,58,28,12
S01008200,441,17,58,61,29,39,101,98,21,17,183,8,15,13,24,29,26,53,7,8,258,9,43,48,5,10,75,45,14,9
S01008201,582,18,74,77,21,60,128,122,47,35,298,12,26,28,15,48,40,79,30,20,284,6,48,49,6,12,88,43,17,15
S01008202,425,18,71,84,24,29,86,70,9,34,203,11,31,28,20,21,30,43,3,16,222,7,40,56,4,8,56,27,6,18
S01008203,424,8,64,48,31,32,80,98,42,21,204,2,28,14,19,17,26,62,26,10,220,6,36,34,12,15,54,36,16,11
S01008204,640,40,121,86,53,60,112,112,33,23,322,24,54,20,39,52,39,68,15,11,318,16,67,66,14,8,73,44,18,12
S01008205,512,22,69,67,38,64,116,87,20,29,252,16,26,15,28,50,43,53,10,11,260,6,43,52,10,14,73,34,10,18
S01008206,464,15,61,67,32,58,91,100,26,14,232,10,21,15,28,47,26,64,12,9,232,5,40,52,4,11,65,36,14,5
S01008207,434,8,39,55,35,47,106,95,24,25,214,4,18,18,25,39,29,57,10,14,220,4,21,37,10,8,77,38,14,11
S01008208,607,48,141,105,47,65,87,68,18,28,289,28,54,28,37,44,35,44,9,10,318,20,87,77,10,21,52,24,9,18
S01008209,408,29,92,87,47,33,55,28,4,33,193,14,39,28,34,24,17,19,2,16,215,15,53,59,13,9,38,9,2,17
S01008210,685,41,141,115,71,57,119,85,23,33,333,21,62,33,45,50,43,54,11,14,352,20,79,82,26,7,76,31,12,19
S01008211,665,59,140,114,70,47,90,76,31,38,323,32,59,35,50,33,30,46,17,21,342,27,81,79,20,14,60,30,14,17
S01008212,433,36,116,82,35,44,59,25,10,26,210,26,52,13,30,35,20,17,3,14,223,10,64,69,5,9,39,8,7,12
S01008213,745,84,177,119,57,60,108,60,21,59,370,48,82,29,37,50,43,40,11,30,375,36,95,90,20,10,65,20,10,29
S01008214,506,34,105,81,43,48,85,73,27,10,250,19,48,27,35,34,23,40,17,7,256,15,57,54,8,14,62,33,10,3
S01008215,553,29,125,98,40,50,101,55,21,34,262,18,59,25,28,39,42,34,11,6,291,11,66,73,12,11,59,21,10,28
S01008216,396,33,94,76,38,24,54,29,10,38,197,17,40,23,28,22,20,19,6,22,199,16,54,53,10,2,34,10,4,16
S01008217,438,66,143,70,41,35,36,20,5,22,220,43,74,13,23,33,10,14,2,8,218,23,69,57,18,2,26,6,3,14
S01008218,790,97,218,135,84,45,82,60,13,56,402,64,108,31,56,34,33,38,9,29,388,33,110,104,28,11,49,22,4,27
S01008219,752,55,146,116,78,51,134,93,38,41,363,37,59,30,55,36,46,65,17,18,389,18,87,86,23,15,88,28,21,23
S01008220,440,14,54,37,24,56,108,82,33,32,205,8,20,4,17,37,37,51,19,12,235,6,34,33,7,19,71,31,14,20
S01008221,500,18,63,35,37,47,120,94,61,25,241,10,25,6,18,37,37,67,32,9,259,8,38,29,19,10,83,27,29,16
S01008222,428,12,63,57,28,41,101,81,24,21,205,8,24,15,20,32,33,55,12,6,223,4,39,42,8,9,68,26,12,15
S01008223,434,14,74,68,20,30,106,71,27,24,209,10,32,16,14,23,39,48,14,13,225,4,42,52,6,7,67,23,13,11
S01008224,731,44,143,171,52,71,138,66,15,31,358,29,70,50,43,55,49,44,5,13,373,15,73,121,9,16,89,22,10,18
S01008225,558,20,122,93,32,49,106,83,8,45,272,14,59,22,27,39,34,52,3,22,286,6,63,71,5,10,72,31,5,23
S01008226,521,12,66,70,37,41,125,109,37,24,256,5,28,18,29,33,47,62,23,11,265,7,38,52,8,8,78,47,14,13
S01008227,621,15,85,76,34,59,148,157,23,24,306,6,34,24,26,37,55,101,11,12,315,9,51,52,8,22,93,56,12,12
S01008228,479,32,120,77,62,33,70,46,11,28,232,19,50,24,45,20,24,33,2,15,247,13,70,53,17,13,46,13,9,13
S01008229,516,18,80,75,28,55,112,111,17,20,238,11,27,20,19,37,37,71,6,10,278,7,53,55,9,18,75,40,11,10
S01008230,604,49,147,100,61,51,90,52,14,40,299,29,58,24,47,45,29,42,7,18,305,20,89,76,14,6,61,10,7,22
S01008231,521,50,133,101,58,43,55,38,6,37,251,33,66,14,47,33,15,25,1,17,270,17,67,87,11,10,40,13,5,20
S01008232,480,57,113,80,35,41,62,46,23,23,239,30,43,19,33,29,28,32,11,14,241,27,70,61,2,12,34,14,12,9
S01008233,344,34,83,58,34,23,36,46,12,18,178,22,39,16,24,16,16,28,6,11,166,12,44,42,10,7,20,18,6,7
S01008234,298,7,41,38,24,34,70,58,12,14,143,5,21,10,17,24,20,35,6,5,155,2,20,28,7,10,50,23,6,9
S01008235,597,34,116,92,49,58,104,96,16,32,296,23,37,18,39,51,36,67,10,15,301,11,79,74,10,7,68,29,6,17
S01008236,627,53,149,91,66,58,94,63,24,29,308,34,59,23,54,42,27,44,12,13,319,19,90,68,12,16,67,19,12,16
S01008237,647,54,119,87,76,48,118,86,24,35,325,29,46,24,54,34,54,55,13,16,322,25,73,63,22,14,64,31,11,19
S01008238,551,20,89,76,38,68,90,113,34,23,269,12,37,17,29,49,28,79,12,6,282,8,52,59,9,19,62,34,22,17
S01008239,570,37,110,81,70,53,102,83,13,21,277,25,47,11,51,41,32,52,7,11,293,12,63,70,19,12,70,31,6,10
S01008240,666,106,209,113,73,32,61,35,5,32,323,84,80,26,45,24,18,24,3,19,343,22,129,87,28,8,43,11,2,13
S01008241,501,82,168,82,55,24,39,16,8,27,252,55,83,23,31,18,10,8,4,20,249,27,85,59,24,6,29,8,4,7
S01008242,645,78,162,83,73,54,84,63,22,26,330,58,64,21,51,37,34,40,14,11,315,20,98,62,22,17,50,23,8,15
S01008243,647,105,190,71,78,36,77,43,10,37,321,75,79,11,46,30,28,26,6,20,326,30,111,60,32,6,49,17,4,17
S01008244,410,58,127,41,50,26,43,31,12,22,184,38,48,7,26,20,11,17,6,11,226,20,79,34,24,6,32,14,6,11
S01008245,715,92,235,86,79,40,93,52,7,31,357,73,95,21,49,30,39,30,4,16,358,19,140,65,30,10,54,22,3,15
S01008246,714,125,208,94,74,40,71,42,10,50,352,86,83,18,49,32,31,26,4,23,362,39,125,76,25,8,40,16,6,27
S01008247,612,87,157,62,100,35,77,45,11,38,306,52,66,14,68,29,27,29,5,16,306,35,91,48,32,6,50,16,6,22
S01008248,665,85,153,60,96,54,91,65,21,40,334,52,64,10,64,38,36,39,10,21,331,33,89,50,32,16,55,26,11,19
S01008249,674,107,191,68,111,39,71,41,13,33,339,69,89,12,69,30,26,24,7,13,335,38,102,56,42,9,45,17,6,20
S01008250,773,142,232,91,101,26,78,33,21,49,371,96,77,27,69,15,33,19,8,27,402,46,155,64,32,11,45,14,13,22
S01008251,518,112,158,75,38,21,41,22,6,45,248,74,71,14,25,15,15,12,4,18,270,38,87,61,13,6,26,10,2,27
S01008252,612,74,201,99,46,37,66,39,10,40,307,57,91,27,32,33,13,26,6,22,305,17,110,72,14,4,53,13,4,18
S01008253,550,29,114,67,38,55,101,101,26,19,273,20,49,15,30,36,35,64,12,12,277,9,65,52,8,19,66,37,14,7
S01008254,710,40,137,81,47,83,130,115,38,39,343,26,66,21,28,53,42,70,24,13,367,14,71,60,19,30,88,45,14,26
S01008255,527,39,125,78,42,38,98,52,20,35,241,27,51,21,31,27,25,31,11,17,286,12,74,57,11,11,73,21,9,18
S01008256,615,33,89,62,55,55,128,112,37,44,308,19,36,15,41,38,49,68,21,21,307,14,53,47,14,17,79,44,16,23
S01008257,401,42,98,42,41,27,59,58,17,17,185,28,42,12,24,11,19,38,5,6,216,14,56,30,17,16,40,20,12,11
S01008258,646,71,162,101,50,48,102,64,11,37,330,49,78,30,28,31,44,49,6,15,316,22,84,71,22,17,58,15,5,22
S01008259,558,70,150,56,72,37,76,54,17,26,290,49,70,12,44,20,38,34,10,13,268,21,80,44,28,17,38,20,7,13
S01008260,611,34,119,65,35,60,148,92,29,29,286,22,44,16,23,39,56,57,14,15,325,12,75,49,12,21,92,35,15,14
S01008261,659,29,105,62,55,64,135,131,38,40,320,20,41,16,36,51,44,81,14,17,339,9,64,46,19,13,91,50,24,23
S01008262,467,72,108,38,67,39,72,36,8,27,225,40,44,7,43,34,27,15,4,11,242,32,64,31,24,5,45,21,4,16
S01008263,426,90,116,54,46,26,45,22,8,19,219,65,43,12,29,20,16,16,3,15,207,25,73,42,17,6,29,6,5,4
S01008264,506,50,109,62,42,51,89,61,20,22,241,33,50,15,27,37,26,35,6,12,265,17,59,47,15,14,63,26,14,10
S01008265,453,87,136,71,45,24,37,26,7,20,214,59,65,13,25,15,12,14,3,8,239,28,71,58,20,9,25,12,4,12
S01008266,473,119,145,55,50,18,35,18,9,24,225,83,60,9,28,13,9,5,3,15,248,36,85,46,22,5,26,13,6,9
S01008267,606,97,157,68,80,46,75,46,10,27,300,62,59,21,55,30,34,23,4,12,306,35,98,47,25,16,41,23,6,15
S01008268,595,145,190,65,66,34,39,20,4,32,304,100,89,23,30,22,12,10,1,17,291,45,101,42,36,12,27,10,3,15
S01008269,507,97,161,62,45,21,55,21,13,32,241,75,67,12,21,12,19,13,7,15,266,22,94,50,24,9,36,8,6,17
S01008270,516,95,186,57,54,17,32,29,16,30,240,61,80,12,33,10,7,11,11,15,276,34,106,45,21,7,25,18,5,15
S01008271,507,46,136,52,65,42,65,34,32,35,254,22,65,17,44,31,25,18,16,16,253,24,71,35,21,11,40,16,16,19
S01008272,737,110,200,76,82,49,106,49,10,55,357,69,88,23,47,37,34,27,4,28,380,41,112,53,35,12,72,22,6,27
S01008273,593,101,175,70,44,33,82,32,13,43,279,71,76,15,28,24,16,22,5,22,314,30,99,55,16,9,66,10,8,21
S01008274,516,41,89,48,49,61,118,63,19,28,250,29,38,8,33,46,40,35,8,13,266,12,51,40,16,15,78,28,11,15
S01008275,392,79,109,37,36,23,37,38,9,24,191,52,40,8,21,18,11,24,5,12,201,27,69,29,15,5,26,14,4,12
S01008276,402,74,107,50,45,26,43,25,10,22,203,50,47,12,24,20,17,16,7,10,199,24,60,38,21,6,26,9,3,12
S01008277,371,56,111,30,75,19,32,16,12,20,176,36,47,5,44,13,12,9,0,10,195,20,64,25,31,6,20,7,12,10
S01008278,569,123,174,55,74,21,53,30,11,28,270,86,69,12,38,15,14,16,4,16,299,37,105,43,36,6,39,14,7,12
S01008279,522,46,123,67,51,35,90,71,13,26,248,27,51,17,34,26,29,48,6,10,274,19,72,50,17,9,61,23,7,16
S01008280,689,98,177,64,102,53,88,56,18,33,355,62,77,16,62,36,33,40,13,16,334,36,100,48,40,17,55,16,5,17
S01008281,547,72,145,57,78,35,74,44,19,23,269,46,56,10,48,27,37,28,10,7,278,26,89,47,30,8,37,16,9,16
S01008282,536,56,122,64,93,38,75,56,12,20,261,34,55,10,64,23,33,26,5,11,275,22,67,54,29,15,42,30,7,9
S01008283,369,69,90,51,42,19,40,17,12,29,188,49,35,12,29,10,19,11,8,15,181,20,55,39,13,9,21,6,4,14
S01008284,618,71,152,78,62,47,80,82,18,28,297,52,64,12,39,36,27,40,10,17,321,19,88,66,23,11,53,42,8,11
S01008285,552,20,68,59,45,66,132,116,23,23,251,12,26,15,31,50,41,58,10,8,301,8,42,44,14,16,91,58,13,15
S01008286,537,31,93,55,42,55,97,112,14,38,255,22,28,10,34,43,36,66,8,8,282,9,65,45,8,12,61,46,6,30
S01008287,567,49,120,63,40,47,87,88,29,44,272,32,50,17,25,34,28,52,15,19,295,17,70,46,15,13,59,36,14,25
S01008288,630,76,150,64,65,48,92,76,26,33,322,54,66,16,44,32,34,44,16,16,308,22,84,48,21,16,58,32,10,17
S01008289,495,27,105,67,48,56,85,80,13,14,237,18,51,21,32,36,29,37,6,7,258,9,54,46,16,20,56,43,7,7
S01008290,644,83,157,67,75,48,87,57,32,38,314,47,68,17,48,33,34,32,16,19,330,36,89,50,27,15,53,25,16,19
S01008291,509,44,98,93,33,62,95,59,11,14,244,31,38,22,21,51,32,38,5,6,265,13,60,71,12,11,63,21,6,8
S01008292,569,43,98,61,42,40,113,104,35,33,265,30,39,12,21,29,36,66,18,14,304,13,59,49,21,11,77,38,17,19
S01008293,415,84,123,69,36,19,36,13,6,29,205,62,53,20,23,13,9,5,5,15,210,22,70,49,13,6,27,8,1,14
S01008294,643,94,161,91,51,55,78,62,18,33,323,70,73,19,32,45,24,36,11,13,320,24,88,72,19,10,54,26,7,20
S01008295,765,52,174,138,42,85,121,66,17,70,375,33,72,41,32,62,44,49,12,30,390,19,102,97,10,23,77,17,5,40
S01008296,477,31,79,57,38,46,86,58,35,47,238,23,36,19,26,33,26,33,24,18,239,8,43,38,12,13,60,25,11,29
S01008297,551,50,145,92,40,40,67,50,22,45,268,32,54,23,30,32,28,31,12,26,283,18,91,69,10,8,39,19,10,19
S01008298,567,38,133,88,49,55,86,44,25,49,290,28,47,25,35,42,37,35,14,27,277,10,86,63,14,13,49,9,11,22
S01008299,551,27,105,62,34,40,106,85,53,39,276,14,49,20,25,31,40,48,27,22,275,13,56,42,9,9,66,37,26,17
S01008300,644,25,125,81,46,50,134,70,50,63,293,17,44,19,36,38,48,36,30,25,351,8,81,62,10,12,86,34,20,38
S01008301,666,65,151,131,51,52,84,54,19,59,330,48,65,43,36,39,24,35,16,24,336,17,86,88,15,13,60,19,3,35
S01008302,559,99,151,73,76,26,45,32,8,49,275,69,56,18,46,21,13,17,3,32,284,30,95,55,30,5,32,15,5,17
S01008303,422,40,76,82,31,33,66,45,15,34,209,27,33,18,23,29,25,27,10,17,213,13,43,64,8,4,41,18,5,17
S01008304,369,55,99,54,26,35,37,20,10,33,198,39,38,11,18,31,19,12,4,26,171,16,61,43,8,4,18,8,6,7
S01008305,619,58,158,121,37,54,85,45,11,50,292,43,63,34,23,44,36,22,7,20,327,15,95,87,14,10,49,23,4,30
S01008306,510,38,132,92,34,37,70,49,8,50,249,20,63,22,28,31,21,36,7,21,261,18,69,70,6,6,49,13,1,29
S01008307,420,42,106,94,28,23,52,37,9,29,206,27,49,32,19,23,15,23,5,13,214,15,57,62,9,0,37,14,4,16
S01008308,448,63,135,83,21,33,47,19,10,37,218,45,55,23,18,29,12,12,6,18,230,18,80,60,3,4,35,7,4,19
S01008309,522,32,76,71,25,45,102,76,45,50,242,25,27,18,18,32,38,40,20,24,280,7,49,53,7,13,64,36,25,26
S01008310,693,35,143,110,36,74,103,90,41,61,324,22,55,20,28,54,36,52,22,35,369,13,88,90,8,20,67,38,19,26
S01008311,284,20,45,44,14,27,52,41,15,26,152,12,20,16,11,22,24,25,10,12,132,8,25,28,3,5,28,16,5,14
S01008312,309,26,73,54,10,17,56,25,22,26,146,19,35,14,6,12,27,13,9,11,163,7,38,40,4,5,29,12,13,15
S01008313,675,31,101,69,34,66,163,118,63,30,310,21,40,12,26,49,63,57,35,7,365,10,61,57,8,17,100,61,28,23
S01008314,454,18,70,54,25,52,104,59,30,42,226,15,25,18,23,37,36,35,14,23,228,3,45,36,2,15,68,24,16,19
S01008315,567,28,82,75,37,53,112,90,51,39,257,17,34,20,31,41,33,47,20,14,310,11,48,55,6,12,79,43,31,25
S01008316,410,16,54,33,17,24,74,92,70,30,185,9,18,13,13,17,22,52,29,12,225,7,36,20,4,7,52,40,41,18
S01008317,551,41,117,72,37,40,88,76,35,45,273,26,51,21,28,30,31,45,19,22,278,15,66,51,9,10,57,31,16,23
S01008318,696,84,190,115,56,42,83,48,24,54,333,59,75,31,41,33,32,36,6,20,363,25,115,84,15,9,51,12,18,34
S01008319,529,24,91,95,36,42,105,74,24,38,241,16,34,20,26,29,41,46,12,17,288,8,57,75,10,13,64,28,12,21
S01008320,495,41,113,67,30,50,94,52,22,26,237,26,40,18,23,36,32,32,12,18,258,15,73,49,7,14,62,20,10,8
S01008321,420,37,106,75,33,33,47,29,14,46,203,23,45,19,24,27,15,20,10,20,217,14,61,56,9,6,32,9,4,26
S01008322,768,53,156,140,39,70,132,93,35,50,360,32,61,35,30,56,50,53,23,20,408,21,95,105,9,14,82,40,12,30
S01008323,576,14,75,70,36,46,130,103,54,48,257,8,26,20,31,27,48,53,25,19,319,6,49,50,5,19,82,50,29,29
S01008324,469,28,74,60,30,35,95,70,32,45,234,15,29,14,20,24,42,45,22,23,235,13,45,46,10,11,53,25,10,22
S01008325,530,13,74,70,17,56,103,98,56,43,240,8,25,16,8,36,42,57,27,21,290,5,49,54,9,20,61,41,29,22
S01008326,710,15,106,95,35,61,171,118,57,52,323,9,40,20,30,43,63,73,29,16,387,6,66,75,5,18,108,45,28,36
S01008327,623,27,81,96,28,63,133,101,47,47,292,14,32,29,20,42,57,57,23,18,331,13,49,67,8,21,76,44,24,29
S01008328,479,81,137,71,53,20,37,17,16,47,229,55,61,23,29,11,10,9,9,22,250,26,76,48,24,9,27,8,7,25
S01008329,657,101,196,100,57,30,58,26,22,67,320,65,95,25,39,21,17,16,8,34,337,36,101,75,18,9,41,10,14,33
S01008330,660,72,175,109,47,33,91,31,28,74,303,47,84,34,32,21,29,20,10,26,357,25,91,75,15,12,62,11,18,48
S01008331,453,57,122,59,46,24,58,25,18,44,215,33,54,13,33,14,21,17,6,24,238,24,68,46,13,10,37,8,12,20
S01008332,650,112,184,81,62,12,76,22,26,75,299,75,85,14,41,11,21,12,7,33,351,37,99,67,21,1,55,10,19,42
S01008333,651,143,204,77,70,13,56,14,16,58,317,98,87,14,49,6,17,8,4,34,334,45,117,63,21,7,39,6,12,24
S01008334,511,90,157,58,42,27,50,16,25,46,251,59,69,21,30,18,15,13,5,21,260,31,88,37,12,9,35,3,20,25
S01008335,511,51,125,72,32,32,86,46,15,52,233,31,59,20,20,27,25,24,8,19,278,20,66,52,12,5,61,22,7,33
S01008336,455,50,102,65,51,27,60,41,25,34,207,24,53,15,30,18,18,23,9,17,248,26,49,50,21,9,42,18,16,17
S01008337,620,124,190,82,21,42,62,28,20,51,290,71,86,20,16,33,16,15,12,21,330,53,104,62,5,9,46,13,8,30
S01008338,576,122,174,72,45,16,48,12,16,71,276,74,78,13,32,12,14,8,4,41,300,48,96,59,13,4,34,4,12,30
S01008339,486,81,130,86,37,22,53,18,16,43,240,53,57,31,29,12,22,11,6,19,246,28,73,55,8,10,31,7,10,24
S01008340,622,92,183,78,54,33,69,24,21,68,283,56,78,21,36,16,19,12,8,37,339,36,105,57,18,17,50,12,13,31
S01008341,481,101,144,59,50,16,29,12,12,58,236,69,63,16,35,8,10,5,6,24,245,32,81,43,15,8,19,7,6,34
S01008342,656,111,171,77,46,34,70,51,25,71,324,68,76,21,32,27,31,27,10,32,332,43,95,56,14,7,39,24,15,39
S01008343,611,153,186,61,58,11,37,15,14,76,309,102,86,10,39,9,9,10,7,37,302,51,100,51,19,2,28,5,7,39
S01008344,631,175,172,66,75,19,36,11,17,60,308,112,76,12,47,12,10,3,3,33,323,63,96,54,28,7,26,8,14,27
S01008345,674,161,203,73,85,18,28,13,16,77,330,108,82,8,54,8,11,6,7,46,344,53,121,65,31,10,17,7,9,31
S01008346,682,175,204,77,69,14,35,18,15,75,321,106,87,15,44,11,8,6,8,36,361,69,117,62,25,3,27,12,7,39
S01008347,636,106,188,86,73,16,55,26,22,64,299,67,86,14,52,9,10,13,11,37,337,39,102,72,21,7,45,13,11,27
S01008348,520,97,153,83,46,18,44,12,19,48,241,64,63,19,36,14,6,7,7,25,279,33,90,64,10,4,38,5,12,23
S01008349,603,155,187,72,62,11,20,0,21,75,288,100,81,11,36,8,7,0,4,41,315,55,106,61,26,3,13,0,17,34
S01008350,416,79,135,63,47,10,29,7,10,36,199,49,65,15,33,5,4,6,6,16,217,30,70,48,14,5,25,1,4,20
S01008351,626,125,210,82,46,23,48,13,13,66,296,87,88,18,27,13,13,7,7,36,330,38,122,64,19,10,35,6,6,30
S01008352,463,117,146,56,39,13,25,7,12,48,223,74,58,10,29,10,7,3,3,29,240,43,88,46,10,3,18,4,9,19
S01008353,351,81,85,45,39,10,28,5,9,49,168,48,41,7,29,6,5,4,1,27,183,33,44,38,10,4,23,1,8,22
S01008354,482,95,116,57,77,27,37,26,17,30,239,58,59,9,48,22,7,14,6,16,243,37,57,48,29,5,30,12,11,14
S01008355,457,44,108,70,48,31,53,42,25,36,216,30,42,13,34,25,14,28,9,21,241,14,66,57,14,6,39,14,16,15
S01008356,431,66,125,68,40,24,48,17,7,36,196,38,54,15,26,19,12,12,5,15,235,28,71,53,14,5,36,5,2,21
S01008357,502,83,136,87,37,30,52,25,5,47,236,64,51,29,23,22,16,10,4,17,266,19,85,58,14,8,36,15,1,30
S01008358,493,57,117,72,46,39,68,45,15,34,228,33,42,13,34,29,24,26,9,18,265,24,75,59,12,10,44,19,6,16
S01008359,446,62,121,75,71,33,28,15,10,31,212,37,51,24,42,22,6,10,4,16,234,25,70,51,29,11,22,5,6,15
S01008360,637,126,186,102,57,23,43,25,8,67,301,85,72,25,41,15,8,16,5,34,336,41,114,77,16,8,35,9,3,33
S01008361,389,45,117,67,34,21,39,17,8,41,189,34,47,21,22,17,15,11,3,19,200,11,70,46,12,4,24,6,5,22
S01008362,672,102,233,107,44,26,59,23,19,59,302,59,100,28,32,20,14,16,2,31,370,43,133,79,12,6,45,7,17,28
S01008363,552,108,150,92,36,30,52,14,9,61,267,70,66,26,26,17,18,11,4,29,285,38,84,66,10,13,34,3,5,32
S01008364,564,110,153,74,57,25,52,13,13,67,261,63,66,13,39,15,19,8,4,34,303,47,87,61,18,10,33,5,9,33
S01008365,510,99,152,63,69,19,35,9,13,51,245,67,65,15,46,11,9,4,5,23,265,32,87,48,23,8,26,5,8,28
S01008366,578,59,143,92,33,28,88,43,28,64,267,42,62,27,25,17,28,24,15,27,311,17,81,65,8,11,60,19,13,37
S01008367,549,44,120,73,42,34,78,60,28,70,254,31,49,16,33,24,20,35,19,27,295,13,71,57,9,10,58,25,9,43
S01008368,492,64,148,90,36,20,52,33,10,39,224,41,70,23,26,14,13,20,4,13,268,23,78,67,10,6,39,13,6,26
S01008369,383,53,104,48,21,18,46,46,13,34,175,32,44,10,14,12,15,26,7,15,208,21,60,38,7,6,31,20,6,19
S01008370,499,82,136,63,43,26,49,23,13,64,231,39,64,17,31,14,16,12,6,32,268,43,72,46,12,12,33,11,7,32
S01008371,567,95,177,91,34,35,41,17,8,69,269,64,64,31,19,29,15,12,3,32,298,31,113,60,15,6,26,5,5,37
S01008372,583,74,157,100,32,51,60,24,18,67,294,51,67,29,23,38,21,15,9,41,289,23,90,71,9,13,39,9,9,26
S01008373,579,99,215,83,32,25,39,9,13,64,278,67,89,21,23,17,17,7,5,32,301,32,126,62,9,8,22,2,8,32
S01008374,503,66,159,93,30,28,47,22,5,53,245,49,69,31,17,22,11,14,2,30,258,17,90,62,13,6,36,8,3,23
S01008375,570,93,178,88,38,26,58,12,9,68,290,62,79,26,31,20,22,10,4,36,280,31,99,62,7,6,36,2,5,32
S01008376,380,74,115,53,31,20,27,18,10,32,192,54,49,14,17,14,6,13,7,18,188,20,66,39,14,6,21,5,3,14
S01008377,528,88,156,87,43,29,44,17,14,50,265,55,69,30,32,19,15,11,8,26,263,33,87,57,11,10,29,6,6,24
S01008378,680,123,212,96,53,26,63,19,13,75,332,86,86,27,31,22,20,12,6,42,348,37,126,69,22,4,43,7,7,33
S01008379,375,48,133,56,19,30,29,7,16,37,179,29,64,10,15,25,6,6,5,19,196,19,69,46,4,5,23,1,11,18
S01008380,484,82,150,81,31,27,37,17,6,53,250,55,71,24,23,20,12,12,5,28,234,27,79,57,8,7,25,5,1,25
S01008381,465,69,155,76,44,19,33,12,4,53,226,48,59,26,33,13,6,9,3,29,239,21,96,50,11,6,27,3,1,24
S01008382,452,81,137,79,43,20,26,18,4,44,232,51,66,22,30,15,10,14,1,23,220,30,71,57,13,5,16,4,3,21
S01008383,342,66,109,43,24,16,32,16,7,29,169,43,46,12,17,13,9,11,3,15,173,23,63,31,7,3,23,5,4,14
S01008384,714,91,175,134,46,53,94,41,8,72,350,52,80,40,32,36,33,27,7,43,364,39,95,94,14,17,61,14,1,29
S01008385,475,93,150,69,42,20,30,17,11,43,239,66,62,15,29,13,15,11,8,20,236,27,88,54,13,7,15,6,3,23
S01008386,609,58,154,122,36,52,66,42,14,65,301,29,76,36,26,38,23,27,9,37,308,29,78,86,10,14,43,15,5,28
S01008387,441,51,127,91,27,20,55,22,9,39,209,30,56,30,23,12,18,13,5,22,232,21,71,61,4,8,37,9,4,17
S01008388,475,53,125,87,36,29,63,32,6,44,219,22,59,26,24,22,20,23,4,19,256,31,66,61,12,7,43,9,2,25
S01008389,372,66,118,59,34,19,28,11,4,33,160,38,52,7,24,11,7,7,1,13,212,28,66,52,10,8,21,4,3,20
S01008390,457,96,145,64,35,16,35,16,6,44,225,56,60,9,29,15,16,10,4,26,232,40,85,55,6,1,19,6,2,18
S01008391,492,102,151,60,29,23,45,20,15,47,246,59,73,11,20,18,18,12,4,31,246,43,78,49,9,5,27,8,11,16
S01008392,663,153,223,65,45,26,37,13,22,79,322,94,87,23,28,19,15,9,9,38,341,59,136,42,17,7,22,4,13,41
S01008393,534,124,179,63,31,20,29,21,11,56,256,86,67,14,22,16,9,10,5,27,278,38,112,49,9,4,20,11,6,29
S01008394,566,166,174,59,40,14,19,20,11,63,287,97,76,14,24,10,7,15,1,43,279,69,98,45,16,4,12,5,10,20
S01008395,395,53,119,69,22,18,42,16,9,47,195,37,58,19,17,14,14,9,4,23,200,16,61,50,5,4,28,7,5,24
S01008396,421,55,123,74,41,14,45,23,13,33,201,34,51,18,32,11,12,17,7,19,220,21,72,56,9,3,33,6,6,14
S01008397,713,159,211,98,45,38,49,23,15,75,339,97,84,25,32,28,18,13,8,34,374,62,127,73,13,10,31,10,7,41
S01008398,408,90,123,65,26,13,36,11,7,37,197,56,55,16,19,11,14,6,2,18,211,34,68,49,7,2,22,5,5,19
S01008399,368,51,119,58,36,14,32,14,17,27,165,30,46,18,26,10,11,4,3,17,203,21,73,40,10,4,21,10,14,10
S01008400,476,84,126,80,34,19,39,12,26,56,227,58,51,29,24,13,12,8,7,25,249,26,75,51,10,6,27,4,19,31
S01008401,672,85,218,123,47,26,73,20,17,63,317,51,93,36,40,20,30,14,4,29,355,34,125,87,7,6,43,6,13,34
S01008402,774,180,231,91,108,15,39,14,13,83,378,127,85,19,71,14,11,9,3,39,396,53,146,72,37,1,28,5,10,44
S01008403,431,102,115,61,33,16,24,14,12,54,200,65,42,13,26,11,5,10,5,23,231,37,73,48,7,5,19,4,7,31
S01008404,617,122,198,90,52,13,48,22,13,59,302,89,83,21,35,9,16,15,7,27,315,33,115,69,17,4,32,7,6,32
S01008405,545,159,153,54,47,12,29,13,18,60,272,100,63,13,30,10,11,9,9,27,273,59,90,41,17,2,18,4,9,33
S01008406,599,135,169,72,51,12,51,19,31,59,282,79,73,17,35,8,18,11,14,27,317,56,96,55,16,4,33,8,17,32
S01008407,355,52,106,51,27,16,30,15,29,29,169,32,46,14,16,13,9,12,14,13,186,20,60,37,11,3,21,3,15,16
S01008408,467,60,132,69,36,17,44,35,21,53,217,42,54,14,26,13,9,21,7,31,250,18,78,55,10,4,35,14,14,22
S01008409,603,51,130,109,38,45,99,57,32,42,285,31,48,39,28,40,35,30,14,20,318,20,82,70,10,5,64,27,18,22
S01008410,399,71,99,57,34,13,39,23,28,35,185,38,40,15,27,8,18,13,9,17,214,33,59,42,7,5,21,10,19,18
S01008411,455,52,99,82,40,26,64,32,15,45,212,24,39,25,32,20,17,23,9,23,243,28,60,57,8,6,47,9,6,22
S01008412,509,69,123,64,35,32,63,17,28,78,245,41,51,15,28,27,14,12,12,45,264,28,72,49,7,5,49,5,16,33
S01008413,407,55,89,63,33,25,53,26,25,38,207,35,36,18,22,17,19,21,14,25,200,20,53,45,11,8,34,5,11,13
S01008414,327,50,100,46,32,10,27,7,7,48,164,39,47,15,18,8,8,5,1,23,163,11,53,31,14,2,19,2,6,25
S01008415,621,57,139,91,51,42,105,57,22,57,301,31,58,25,38,32,36,38,10,33,320,26,81,66,13,10,69,19,12,24
S01008416,724,45,130,117,47,62,111,92,57,63,353,29,56,31,36,46,44,57,27,27,371,16,74,86,11,16,67,35,30,36
S01008417,548,101,171,82,51,23,44,19,12,45,270,67,85,13,37,16,9,13,9,21,278,34,86,69,14,7,35,6,3,24
S01008418,536,107,158,85,48,24,52,27,4,31,258,72,70,17,35,14,15,19,2,14,278,35,88,68,13,10,37,8,2,17
S01008419,349,83,117,37,24,11,25,14,9,29,178,52,54,6,14,8,10,9,6,19,171,31,63,31,10,3,15,5,3,10
S01008420,356,74,93,63,20,17,32,22,5,30,166,48,33,15,12,14,6,16,3,19,190,26,60,48,8,3,26,6,2,11
S01008421,620,81,149,97,34,38,96,49,28,48,290,54,64,29,25,28,26,27,15,22,330,27,85,68,9,10,70,22,13,26
S01008422,417,96,150,62,25,9,23,19,4,29,211,72,69,7,15,8,11,11,0,18,206,24,81,55,10,1,12,8,4,11
S01008423,750,194,231,89,62,15,44,31,19,65,369,122,99,16,42,11,11,16,7,45,381,72,132,73,20,4,33,15,12,20
S01008424,583,140,185,87,38,19,43,8,8,55,284,105,85,15,22,14,9,6,3,25,299,35,100,72,16,5,34,2,5,30
S01008425,2209,118,190,142,59,36,69,37,18,1540,1319,81,80,43,47,26,19,22,13,988,890,37,110,99,12,10,50,15,5,552
S01008426,407,23,74,62,21,41,81,59,12,34,186,12,30,10,9,35,33,33,5,19,221,11,44,52,12,6,48,26,7,15
S01008427,851,141,199,151,68,50,105,45,11,81,432,91,87,52,44,40,33,32,7,46,419,50,112,99,24,10,72,13,4,35
S01008428,457,35,89,75,34,32,69,72,13,38,220,23,35,19,26,27,20,47,3,20,237,12,54,56,8,5,49,25,10,18
S01008429,601,94,164,120,38,29,56,38,15,47,295,67,74,35,28,21,15,22,8,25,306,27,90,85,10,8,41,16,7,22
S01008430,469,72,125,65,36,19,60,31,17,44,220,44,58,16,20,14,22,17,8,21,249,28,67,49,16,5,38,14,9,23
S01008431,602,96,151,123,33,24,68,39,18,50,303,60,75,34,24,18,21,34,12,25,299,36,76,89,9,6,47,5,6,25
S01008432,497,76,140,113,35,25,44,13,11,40,243,51,68,34,24,20,12,7,5,22,254,25,72,79,11,5,32,6,6,18
S01008433,645,58,159,149,49,54,81,53,8,34,310,39,72,40,38,42,30,36,3,10,335,19,87,109,11,12,51,17,5,24
S01008434,630,74,173,133,52,42,63,32,15,46,313,42,83,32,41,37,26,18,8,26,317,32,90,101,11,5,37,14,7,20
S01008435,606,83,147,142,37,49,60,31,7,50,288,63,70,34,29,34,25,18,2,13,318,20,77,108,8,15,35,13,5,37
S01008436,619,128,161,93,49,33,59,25,16,55,293,68,66,27,33,27,21,14,6,31,326,60,95,66,16,6,38,11,10,24
S01008437,506,95,136,74,48,24,53,24,12,40,234,55,48,25,33,15,18,13,6,21,272,40,88,49,15,9,35,11,6,19
S01008438,335,72,111,38,36,5,23,13,10,27,166,42,54,8,31,0,9,5,8,9,169,30,57,30,5,5,14,8,2,18
S01008439,783,240,267,89,40,23,40,15,9,60,382,156,107,20,27,17,12,7,6,30,401,84,160,69,13,6,28,8,3,30
S01008440,688,202,243,75,52,14,32,9,10,51,323,143,91,14,29,9,11,5,3,18,365,59,152,61,23,5,21,4,7,33
S01008441,333,93,90,54,28,7,22,11,5,23,165,53,40,15,21,6,6,8,3,13,168,40,50,39,7,1,16,3,2,10
S01008442,519,144,175,53,54,12,32,12,14,23,251,91,69,13,32,11,7,9,3,16,268,53,106,40,22,1,25,3,11,7
S01008443,422,100,125,50,38,14,29,18,9,39,211,64,56,10,25,11,9,10,2,24,211,36,69,40,13,3,20,8,7,15
S01008444,479,95,128,70,33,20,47,30,15,41,243,62,54,28,23,15,14,18,8,21,236,33,74,42,10,5,33,12,7,20
S01008445,535,73,168,98,29,17,67,34,17,32,261,46,100,38,21,12,16,10,3,15,274,27,68,60,8,5,51,24,14,17
S01008446,726,153,222,64,45,14,29,10,5,184,429,95,98,11,24,10,8,8,3,172,297,58,124,53,21,4,21,2,2,12
S01008447,503,129,177,56,52,19,27,19,3,21,235,74,72,12,36,15,9,9,2,6,268,55,105,44,16,4,18,10,1,15
S01008448,578,88,136,111,64,30,49,36,12,52,296,55,57,34,50,22,19,20,6,33,282,33,79,77,14,8,30,16,6,19
S01008449,573,26,63,40,33,43,129,106,75,58,274,15,25,8,24,28,52,50,43,29,299,11,38,32,9,15,77,56,32,29
S01008450,384,9,37,36,23,35,96,77,31,40,159,4,14,5,15,23,26,34,18,20,225,5,23,31,8,12,70,43,13,20
S01008451,497,13,25,49,19,31,103,111,89,57,255,8,14,17,17,20,41,62,48,28,242,5,11,32,2,11,62,49,41,29
S01008452,433,8,37,37,22,30,101,99,36,63,215,6,15,15,13,22,47,50,18,29,218,2,22,22,9,8,54,49,18,34
S01008453,374,27,59,47,25,29,69,42,32,44,184,19,23,14,17,24,28,18,19,22,190,8,36,33,8,5,41,24,13,22
S01008454,674,11,77,82,30,46,156,119,73,80,303,5,33,25,23,27,63,58,24,45,371,6,44,57,7,19,93,61,49,35
S01008455,770,22,71,75,25,74,156,153,79,115,434,18,35,33,17,48,73,94,35,81,336,4,36,42,8,26,83,59,44,34
S01008456,747,12,79,72,35,71,154,153,115,56,417,10,43,28,33,52,66,93,57,35,330,2,36,44,2,19,88,60,58,21
S01008457,477,9,51,57,12,35,122,117,42,32,221,3,21,20,7,27,45,57,21,20,256,6,30,37,5,8,77,60,21,12
S01008458,747,29,117,116,41,79,143,113,47,62,368,17,51,29,33,56,66,65,22,29,379,12,66,87,8,23,77,48,25,33
S01008459,590,12,49,60,18,56,137,127,84,47,300,9,25,22,15,38,55,70,43,23,290,3,24,38,3,18,82,57,41,24
S01008460,552,8,38,51,17,47,125,131,89,46,276,3,19,15,10,34,55,65,43,32,276,5,19,36,7,13,70,66,46,14
S01008461,686,10,66,72,28,58,133,169,89,61,339,7,31,19,21,44,62,88,39,28,347,3,35,53,7,14,71,81,50,33
S01008462,457,5,35,57,16,33,108,116,63,24,259,3,19,20,15,22,53,73,37,17,198,2,16,37,1,11,55,43,26,7
S01008463,538,17,46,68,25,48,114,120,60,40,286,11,24,14,16,38,57,67,34,25,252,6,22,54,9,10,57,53,26,15
S01008464,637,29,105,143,28,70,103,91,27,41,283,16,49,33,20,44,44,49,15,13,354,13,56,110,8,26,59,42,12,28
S01008465,559,32,81,106,29,42,115,80,26,48,264,17,30,34,21,31,48,47,7,29,295,15,51,72,8,11,67,33,19,19
S01008466,564,21,64,85,23,58,119,103,28,63,286,16,28,26,14,43,48,64,15,32,278,5,36,59,9,15,71,39,13,31
S01008467,602,14,74,112,45,64,133,90,33,37,273,9,27,24,34,44,52,54,14,15,329,5,47,88,11,20,81,36,19,22
S01008468,454,9,43,71,22,46,98,69,33,63,216,5,17,20,19,35,43,33,10,34,238,4,26,51,3,11,55,36,23,29
S01008469,455,26,77,48,30,34,66,74,26,74,239,17,35,15,25,20,30,37,11,49,216,9,42,33,5,14,36,37,15,25
S01008470,549,18,49,45,24,51,104,144,61,53,280,11,24,6,18,33,47,80,29,32,269,7,25,39,6,18,57,64,32,21
S01008471,607,17,56,67,24,44,150,126,61,62,294,7,27,25,18,32,56,70,26,33,313,10,29,42,6,12,94,56,35,29
S01008472,508,16,63,65,37,47,88,84,45,63,240,5,28,19,28,34,38,43,16,29,268,11,35,46,9,13,50,41,29,34
S01008473,520,20,65,70,24,37,100,106,45,53,258,13,26,21,18,25,42,57,24,32,262,7,39,49,6,12,58,49,21,21
S01008474,584,20,63,83,18,62,119,132,39,48,286,11,30,25,15,35,59,69,20,22,298,9,33,58,3,27,60,63,19,26
S01008475,437,17,71,69,15,27,109,67,18,44,196,7,31,25,14,24,40,29,6,20,241,10,40,44,1,3,69,38,12,24
S01008476,524,33,78,78,26,47,89,106,41,26,250,18,35,21,16,29,35,63,23,10,274,15,43,57,10,18,54,43,18,16
S01008477,599,28,90,98,30,70,115,117,29,22,293,12,36,28,23,48,46,72,15,13,306,16,54,70,7,22,69,45,14,9
S01008478,568,27,99,97,25,45,104,70,48,53,261,18,40,30,19,30,33,43,24,24,307,9,59,67,6,15,71,27,24,29
S01008479,570,22,98,79,23,48,123,94,41,42,271,10,46,27,20,37,44,48,22,17,299,12,52,52,3,11,79,46,19,25
S01008480,480,33,88,65,14,33,74,65,33,75,233,24,41,27,10,21,32,32,8,38,247,9,47,38,4,12,42,33,25,37
S01008481,1351,46,144,133,125,158,238,261,173,73,969,35,84,47,113,137,148,206,154,45,382,11,60,86,12,21,90,55,19,28
S01008482,446,26,65,75,25,41,86,64,25,39,208,14,33,20,19,26,26,37,16,17,238,12,32,55,6,15,60,27,9,22
S01008483,463,19,64,73,34,35,92,71,19,56,235,13,32,18,29,25,37,38,7,36,228,6,32,55,5,10,55,33,12,20
S01008484,556,42,93,108,47,54,84,58,33,37,274,24,46,22,36,42,40,36,17,11,282,18,47,86,11,12,44,22,16,26
S01008485,753,45,173,147,53,60,105,60,21,89,371,31,88,40,41,39,38,35,7,52,382,14,85,107,12,21,67,25,14,37
S01008486,656,42,147,115,50,51,97,73,19,62,311,25,69,28,34,37,38,43,7,30,345,17,78,87,16,14,59,30,12,32
S01008487,642,127,168,89,41,43,54,34,12,74,337,82,73,31,34,33,24,19,5,36,305,45,95,58,7,10,30,15,7,38
S01008488,611,63,118,97,32,44,75,65,26,91,296,32,58,21,26,34,36,38,11,40,315,31,60,76,6,10,39,27,15,51
S01008489,494,36,73,98,28,31,71,64,32,61,230,18,36,30,21,24,23,36,16,26,264,18,37,68,7,7,48,28,16,35
S01008490,734,96,161,124,29,56,98,64,24,82,370,61,73,38,22,40,47,36,12,41,364,35,88,86,7,16,51,28,12,41
S01008491,777,98,137,107,32,33,94,59,28,189,385,60,64,42,23,21,43,31,14,87,392,38,73,65,9,12,51,28,14,102
S01008492,806,93,199,114,30,42,89,66,61,112,386,53,92,36,19,27,43,35,29,52,420,40,107,78,11,15,46,31,32,60
S01008493,608,47,121,102,26,28,90,68,23,103,285,29,48,32,20,21,37,45,8,45,323,18,73,70,6,7,53,23,15,58
S01008494,558,52,121,86,30,32,64,63,34,76,289,33,56,37,21,21,27,35,15,44,269,19,65,49,9,11,37,28,19,32
S01008495,841,96,174,122,22,55,90,62,45,175,452,54,86,49,16,37,47,40,26,97,389,42,88,73,6,18,43,22,19,78
S01008496,910,137,207,126,31,56,77,62,37,177,528,89,91,57,26,37,42,42,25,119,382,48,116,69,5,19,35,20,12,58
S01008497,738,110,167,103,23,42,95,60,28,110,399,61,84,40,17,32,54,38,16,57,339,49,83,63,6,10,41,22,12,53
S01008498,709,91,149,86,32,70,87,50,31,113,385,53,72,37,25,54,37,33,19,55,324,38,77,49,7,16,50,17,12,58
S01008499,919,127,177,112,36,54,79,70,38,226,523,69,85,50,24,39,42,47,20,147,396,58,92,62,12,15,37,23,18,79
S01008500,347,37,46,42,11,19,43,40,33,76,201,21,24,22,4,16,19,27,23,45,146,16,22,20,7,3,24,13,10,31
S01008501,553,131,135,45,9,23,28,27,26,129,286,81,60,21,5,16,14,14,7,68,267,50,75,24,4,7,14,13,19,61
S01008502,597,102,145,84,13,24,44,12,17,156,316,55,56,43,8,16,17,8,11,102,281,47,89,41,5,8,27,4,6,54
S01008503,728,141,233,76,27,32,55,25,11,128,373,82,103,34,20,22,27,18,6,61,355,59,130,42,7,10,28,7,5,67
S01008504,916,227,279,103,33,37,57,27,23,130,442,127,119,27,19,27,16,18,11,78,474,100,160,76,14,10,41,9,12,52
S01008505,571,136,182,54,29,24,41,22,9,74,269,76,80,17,19,11,14,17,4,31,302,60,102,37,10,13,27,5,5,43
S01008506,591,155,189,56,31,18,43,20,7,72,277,89,77,20,16,8,16,14,3,34,314,66,112,36,15,10,27,6,4,38
S01008507,780,145,215,70,28,24,43,20,12,223,349,69,91,26,23,14,19,12,5,90,431,76,124,44,5,10,24,8,7,133
S01008508,627,168,200,71,52,17,40,19,10,50,301,97,89,16,41,10,11,10,5,22,326,71,111,55,11,7,29,9,5,28
S01008509,730,196,240,85,47,26,43,22,11,60,332,110,105,27,22,15,8,12,10,23,398,86,135,58,25,11,35,10,1,37
S01008510,671,124,207,88,57,28,55,20,11,81,333,71,92,17,42,27,15,11,4,54,338,53,115,71,15,1,40,9,7,27
S01008511,626,166,177,69,58,22,37,25,13,59,304,99,73,12,40,15,12,17,6,30,322,67,104,57,18,7,25,8,7,29
S01008512,356,95,106,49,29,9,19,10,9,30,172,63,51,7,16,6,5,5,4,15,184,32,55,42,13,3,14,5,5,15
S01008513,465,140,147,48,32,8,39,8,6,37,224,93,60,13,22,5,9,4,2,16,241,47,87,35,10,3,30,4,4,21
S01008514,588,187,193,44,35,13,28,18,18,52,272,108,88,9,21,7,5,10,4,20,316,79,105,35,14,6,23,8,14,32
S01008515,522,159,159,54,34,16,38,9,9,44,255,95,60,14,27,10,11,7,4,27,267,64,99,40,7,6,27,2,5,17
S01008516,775,154,204,86,30,30,63,36,18,154,395,81,96,30,19,18,34,21,9,87,380,73,108,56,11,12,29,15,9,67
S01008517,681,139,192,72,24,19,32,13,10,180,331,72,90,23,13,13,11,11,6,92,350,67,102,49,11,6,21,2,4,88
S01008518,672,208,215,57,25,16,37,12,3,99,313,126,83,16,15,9,14,8,1,41,359,82,132,41,10,7,23,4,2,58
S01008519,564,185,184,49,34,6,35,10,11,50,259,114,68,8,17,5,15,5,5,22,305,71,116,41,17,1,20,5,6,28
S01008520,751,222,246,78,65,19,42,10,10,59,363,136,105,20,39,13,15,4,3,28,388,86,141,58,26,6,27,6,7,31
S01008521,640,212,205,69,43,14,29,11,9,48,322,141,80,15,31,9,9,5,6,26,318,71,125,54,12,5,20,6,3,22
S01008522,398,127,134,41,31,5,14,3,4,39,189,73,56,8,20,3,6,3,2,18,209,54,78,33,11,2,8,0,2,21
S01008523,701,231,239,77,43,13,32,10,8,48,340,140,111,14,20,9,11,3,5,27,361,91,128,63,23,4,21,7,3,21
S01008524,647,29,87,90,38,58,130,93,49,73,314,9,36,26,33,42,48,54,25,41,333,20,51,64,5,16,82,39,24,32
S01008525,500,20,78,75,20,45,105,79,32,46,226,13,30,29,16,28,30,45,16,19,274,7,48,46,4,17,75,34,16,27
S01008526,629,46,126,105,43,48,99,85,28,49,319,23,61,26,33,36,45,58,15,22,310,23,65,79,10,12,54,27,13,27
S01008527,545,41,126,103,23,45,85,58,16,48,240,17,53,31,16,35,34,30,7,17,305,24,73,72,7,10,51,28,9,31
S01008528,505,35,128,89,40,30,93,35,23,32,231,25,51,25,29,20,34,20,11,16,274,10,77,64,11,10,59,15,12,16
S01008529,532,32,111,97,35,43,92,57,24,41,256,22,47,33,27,34,22,35,15,21,276,10,64,64,8,9,70,22,9,20
S01008530,516,17,75,71,27,45,112,102,39,28,240,8,31,21,21,33,36,51,20,19,276,9,44,50,6,12,76,51,19,9
S01008531,547,25,75,88,31,45,114,104,40,25,247,18,25,23,22,33,40,53,21,12,300,7,50,65,9,12,74,51,19,13
S01008532,317,19,48,57,25,19,55,48,24,22,148,10,20,13,19,15,23,26,10,12,169,9,28,44,6,4,32,22,14,10
S01008533,360,18,116,77,15,21,48,25,24,16,185,9,81,47,11,9,4,6,11,7,175,9,35,30,4,12,44,19,13,9
S01008534,549,59,148,120,34,21,62,28,16,61,280,44,78,49,26,15,14,13,3,38,269,15,70,71,8,6,48,15,13,23
S01008535,543,96,157,97,49,15,33,26,11,59,263,68,54,22,35,12,17,20,5,30,280,28,103,75,14,3,16,6,6,29
S01008536,391,88,125,62,30,16,29,14,2,25,182,56,46,15,24,9,10,8,1,13,209,32,79,47,6,7,19,6,1,12
S01008537,508,121,169,76,30,15,42,9,7,39,240,79,64,20,22,9,10,6,5,25,268,42,105,56,8,6,32,3,2,14
S01008538,373,80,145,46,29,10,13,6,7,37,179,57,57,9,18,5,4,5,5,19,194,23,88,37,11,5,9,1,2,18
S01008539,613,157,196,84,42,18,40,20,9,47,294,100,81,19,24,13,18,11,4,24,319,57,115,65,18,5,22,9,5,23
S01008540,598,141,198,84,60,20,33,14,3,45,284,85,78,24,39,14,8,10,2,24,314,56,120,60,21,6,25,4,1,21
S01008541,618,119,200,116,38,12,44,24,11,54,285,73,93,35,24,6,15,13,5,21,333,46,107,81,14,6,29,11,6,33
S01008542,670,136,211,126,39,18,46,23,10,61,332,93,102,32,28,11,17,13,4,32,338,43,109,94,11,7,29,10,6,29
S01008543,542,88,174,86,43,34,39,25,11,42,270,63,71,26,34,26,11,14,1,24,272,25,103,60,9,8,28,11,10,18
S01008544,467,125,144,49,33,18,18,12,7,61,232,82,55,11,22,14,9,6,3,30,235,43,89,38,11,4,9,6,4,31
S01008545,626,175,195,73,58,14,30,10,11,60,303,109,86,17,37,7,12,6,2,27,323,66,109,56,21,7,18,4,9,33
S01008546,621,164,211,83,49,15,34,12,9,44,316,118,96,21,32,5,11,8,2,23,305,46,115,62,17,10,23,4,7,21
S01008547,786,100,211,129,68,56,87,56,31,48,374,54,93,30,51,42,36,31,8,29,412,46,118,99,17,14,51,25,23,19
S01008548,641,71,161,93,55,55,74,64,29,39,295,37,65,25,38,42,28,34,11,15,346,34,96,68,17,13,46,30,18,24
S01008549,736,63,167,116,77,69,99,68,31,46,352,38,68,35,58,54,31,41,12,15,384,25,99,81,19,15,68,27,19,31
S01008550,630,113,186,94,45,33,68,26,17,48,300,68,83,16,35,25,24,17,4,28,330,45,103,78,10,8,44,9,13,20
S01008551,771,96,190,145,80,44,90,54,22,50,372,55,79,42,66,28,32,37,8,25,399,41,111,103,14,16,58,17,14,25
S01008552,676,91,173,104,64,39,87,38,19,61,324,55,81,22,44,28,34,26,7,27,352,36,92,82,20,11,53,12,12,34
S01008553,411,39,77,74,37,28,53,56,17,30,205,26,32,22,31,20,16,34,10,14,206,13,45,52,6,8,37,22,7,16
S01008554,738,34,71,64,52,56,148,155,101,57,352,24,25,15,35,43,57,80,40,33,386,10,46,49,17,13,91,75,61,24
S01008555,755,33,101,85,38,48,148,142,94,66,334,17,46,23,29,29,49,77,32,32,421,16,55,62,9,19,99,65,62,34
S01008556,522,16,75,60,30,48,90,101,59,43,244,7,27,15,26,33,34,53,21,28,278,9,48,45,4,15,56,48,38,15
S01008557,584,17,74,60,28,60,124,122,61,38,266,10,34,12,19,44,36,70,21,20,318,7,40,48,9,16,88,52,40,18
S01008558,618,27,88,86,38,58,119,108,51,43,292,20,33,31,29,32,51,52,20,24,326,7,55,55,9,26,68,56,31,19
S01008559,495,18,63,64,30,52,93,101,36,38,226,12,30,9,21,34,32,52,19,17,269,6,33,55,9,18,61,49,17,21
S01008560,492,19,76,64,26,53,98,85,39,32,246,12,26,17,22,42,36,50,24,17,246,7,50,47,4,11,62,35,15,15
S01008561,472,26,75,71,32,33,98,75,18,44,238,17,36,20,25,25,37,47,7,24,234,9,39,51,7,8,61,28,11,20
S01008562,430,17,52,62,24,35,93,84,40,23,184,7,26,15,18,24,30,42,14,8,246,10,26,47,6,11,63,42,26,15
S01008563,612,32,88,66,30,53,129,113,51,50,282,19,35,10,23,37,41,75,22,20,330,13,53,56,7,16,88,38,29,30
S01008564,467,22,77,67,30,56,84,83,25,23,214,12,28,14,23,41,28,45,12,11,253,10,49,53,7,15,56,38,13,12
S01008565,653,19,91,102,41,57,113,127,55,48,289,11,30,24,32,39,35,66,31,21,364,8,61,78,9,18,78,61,24,27
S01008566,774,29,98,102,57,88,154,138,68,40,371,21,37,25,46,64,50,77,32,19,403,8,61,77,11,24,104,61,36,21
S01008567,541,28,87,65,38,50,101,88,42,42,273,15,32,17,29,34,48,56,22,20,268,13,55,48,9,16,53,32,20,22
S01008568,593,47,138,98,43,38,106,49,34,40,282,24,54,27,36,27,45,29,17,23,311,23,84,71,7,11,61,20,17,17
S01008569,492,33,38,29,27,35,88,104,94,44,292,24,15,14,21,25,41,72,53,27,200,9,23,15,6,10,47,32,41,17
S01008570,665,20,79,69,53,66,130,116,81,51,305,13,30,18,36,48,46,52,35,27,360,7,49,51,17,18,84,64,46,24
S01008571,492,27,71,73,36,32,113,81,24,35,237,18,28,19,30,22,56,40,7,17,255,9,43,54,6,10,57,41,17,18
S01008572,629,39,112,80,48,50,123,96,31,50,300,22,40,27,38,32,48,54,15,24,329,17,72,53,10,18,75,42,16,26
S01008573,606,93,129,99,67,50,61,37,21,49,302,60,62,24,44,34,24,26,6,22,304,33,67,75,23,16,37,11,15,27
S01008574,576,97,137,90,44,39,58,37,15,59,281,60,59,28,36,25,19,22,4,28,295,37,78,62,8,14,39,15,11,31
S01008575,594,124,158,90,59,29,50,14,17,53,279,78,60,26,41,18,14,8,3,31,315,46,98,64,18,11,36,6,14,22
S01008576,648,82,159,96,60,36,85,46,13,71,300,43,67,23,45,28,28,23,5,38,348,39,92,73,15,8,57,23,8,33
S01008577,575,94,172,82,55,26,56,30,19,41,276,64,61,17,41,18,19,21,12,23,299,30,111,65,14,8,37,9,7,18
S01008578,527,158,173,50,50,8,22,9,8,49,255,104,65,12,29,5,8,5,1,26,272,54,108,38,21,3,14,4,7,23
S01008579,506,111,154,58,63,20,28,17,16,39,244,68,56,10,43,12,14,14,3,24,262,43,98,48,20,8,14,3,13,15
S01008580,417,66,90,67,25,24,50,34,11,50,211,43,38,19,17,17,23,18,6,30,206,23,52,48,8,7,27,16,5,20
S01008581,672,37,108,92,34,57,138,106,38,62,316,26,44,22,23,42,52,54,24,29,356,11,64,70,11,15,86,52,14,33
S01008582,749,67,119,113,53,57,111,115,48,66,378,43,51,31,43,44,42,64,24,36,371,24,68,82,10,13,69,51,24,30
S01008583,519,47,83,62,35,41,75,73,28,75,257,31,24,17,28,27,31,48,10,41,262,16,59,45,7,14,44,25,18,34
S01008584,607,60,95,86,37,36,89,84,34,86,295,41,34,27,25,20,35,47,18,48,312,19,61,59,12,16,54,37,16,38
S01008585,433,26,75,53,23,38,81,64,29,44,216,20,36,21,15,30,31,27,11,25,217,6,39,32,8,8,50,37,18,19
S01008586,582,37,83,73,35,62,102,100,41,49,290,22,39,18,24,42,45,57,18,25,292,15,44,55,11,20,57,43,23,24
S01008587,718,155,152,70,45,23,32,11,29,201,372,101,57,15,32,16,13,8,15,115,346,54,95,55,13,7,19,3,14,86
S01008588,539,129,161,46,28,17,32,17,14,95,269,76,65,16,19,10,11,8,8,56,270,53,96,30,9,7,21,9,6,39
S01008589,255,54,66,47,14,10,27,8,7,22,123,32,26,16,13,6,11,4,3,12,132,22,40,31,1,4,16,4,4,10
S01008590,511,116,140,66,23,12,39,11,8,96,234,62,57,12,16,9,15,9,3,51,277,54,83,54,7,3,24,2,5,45
S01008591,627,130,157,52,41,29,40,17,24,137,332,87,64,15,24,20,17,9,8,88,295,43,93,37,17,9,23,8,16,49
S01008592,534,67,113,61,34,30,62,42,17,108,270,42,49,14,25,26,21,17,7,69,264,25,64,47,9,4,41,25,10,39
S01008593,544,193,160,39,51,13,18,7,12,51,264,116,55,8,32,7,8,5,3,30,280,77,105,31,19,6,10,2,9,21
S01008594,808,255,186,64,58,8,36,18,17,166,382,148,73,14,35,5,14,11,5,77,426,107,113,50,23,3,22,7,12,89
S01008595,661,64,115,88,28,49,95,97,49,76,338,40,53,32,21,36,33,58,21,44,323,24,62,56,7,13,62,39,28,32
S01008596,674,55,90,79,31,49,79,95,56,140,331,32,36,24,21,34,39,48,24,73,343,23,54,55,10,15,40,47,32,67
S01008597,638,110,175,108,53,28,64,41,9,50,311,61,67,39,36,21,27,29,5,26,327,49,108,69,17,7,37,12,4,24
S01008598,706,82,114,55,28,23,54,27,20,303,358,41,53,13,16,17,21,19,5,173,348,41,61,42,12,6,33,8,15,130
S01008599,754,181,166,53,40,18,41,14,12,229,409,113,86,14,19,9,16,11,5,136,345,68,80,39,21,9,25,3,7,93
S01008600,597,144,116,39,60,18,28,13,30,149,296,72,49,9,32,12,16,8,12,86,301,72,67,30,28,6,12,5,18,63
S01008601,2442,85,91,36,19,18,48,18,20,2107,1077,55,42,12,14,12,23,9,10,900,1365,30,49,24,5,6,25,9,10,1207
S01008602,586,79,88,35,25,14,35,22,20,268,282,50,36,14,16,12,15,11,8,120,304,29,52,21,9,2,20,11,12,148
S01008603,1041,134,150,61,31,24,59,37,35,510,512,75,67,26,24,17,23,16,19,245,529,59,83,35,7,7,36,21,16,265
S01008604,798,160,145,43,55,24,37,23,17,294,377,102,64,14,32,18,17,12,4,114,421,58,81,29,23,6,20,11,13,180
S01008605,609,139,128,48,16,17,30,14,10,207,327,89,50,18,11,12,18,6,9,114,282,50,78,30,5,5,12,8,1,93
S01008606,573,168,159,44,37,16,31,15,6,97,286,104,68,13,23,12,10,5,3,48,287,64,91,31,14,4,21,10,3,49
S01008607,428,168,125,30,29,6,18,10,12,30,208,103,42,8,15,3,6,6,7,18,220,65,83,22,14,3,12,4,5,12
S01008608,514,164,163,47,32,14,16,7,5,66,241,92,63,13,20,10,3,5,2,33,273,72,100,34,12,4,13,2,3,33
S01008609,609,171,178,62,59,14,33,13,11,68,288,92,80,15,34,12,9,6,4,36,321,79,98,47,25,2,24,7,7,32
S01008610,570,143,137,48,26,12,24,10,7,163,269,81,60,11,19,8,8,8,2,72,301,62,77,37,7,4,16,2,5,91
S01008611,1286,173,179,84,30,21,39,24,25,711,592,107,89,32,15,11,22,11,12,293,694,66,90,52,15,10,17,13,13,418
S01008612,713,110,108,45,26,18,43,18,22,323,358,64,58,17,16,12,16,11,10,154,355,46,50,28,10,6,27,7,12,169
S01008613,627,134,129,47,16,10,31,20,15,225,306,85,48,20,9,7,12,10,8,107,321,49,81,27,7,3,19,10,7,118
S01008614,624,102,75,21,17,15,19,21,16,338,313,68,26,10,11,9,8,11,9,161,311,34,49,11,6,6,11,10,7,177
S01008615,739,122,110,25,21,9,31,13,14,394,335,71,49,9,11,6,14,8,5,162,404,51,61,16,10,3,17,5,9,232
S01008616,671,83,91,22,22,7,18,9,9,410,268,49,43,11,9,6,7,5,3,135,403,34,48,11,13,1,11,4,6,275
S01008617,735,79,95,25,23,13,11,4,5,480,360,41,46,10,10,8,4,3,2,236,375,38,49,15,13,5,7,1,3,244
S01008618,669,84,69,26,11,8,32,6,5,428,324,48,28,10,6,7,12,2,2,209,345,36,41,16,5,1,20,4,3,219
S01008619,474,64,82,17,17,12,26,8,8,240,209,31,42,4,10,5,14,5,4,94,265,33,40,13,7,7,12,3,4,146
S01008620,756,105,99,37,23,16,24,14,9,429,324,52,46,18,13,13,10,9,2,161,432,53,53,19,10,3,14,5,7,268
S01008621,699,80,83,30,30,13,22,9,10,422,316,44,33,9,16,8,11,3,3,189,383,36,50,21,14,5,11,6,7,233
S01008622,456,84,85,31,16,14,24,14,3,185,223,54,34,15,8,11,5,8,1,87,233,30,51,16,8,3,19,6,2,98
S01008623,800,157,132,30,44,5,29,15,15,373,365,97,54,9,21,1,12,7,5,159,435,60,78,21,23,4,17,8,10,214
S01008624,486,144,139,47,61,20,19,19,9,28,239,93,57,10,31,15,4,13,3,13,247,51,82,37,30,5,15,6,6,15
S01008625,417,161,131,28,28,3,14,9,10,33,195,99,46,5,12,2,5,4,5,17,222,62,85,23,16,1,9,5,5,16
S01008626,684,224,189,63,39,19,29,19,11,91,336,133,83,17,22,10,9,11,5,46,348,91,106,46,17,9,20,8,6,45
S01008627,475,147,161,35,36,7,21,8,11,49,224,79,72,10,17,4,6,5,6,25,251,68,89,25,19,3,15,3,5,24
S01008628,491,115,151,35,28,9,21,13,15,104,242,67,66,14,16,5,11,7,5,51,249,48,85,21,12,4,10,6,10,53
S01008629,438,102,124,48,12,9,34,16,6,87,211,59,49,18,8,4,14,10,5,44,227,43,75,30,4,5,20,6,1,43
S01008630,460,76,115,39,24,6,24,10,8,158,245,48,40,13,16,5,11,6,5,101,215,28,75,26,8,1,13,4,3,57
S01008631,695,171,191,68,36,19,42,23,15,130,368,98,91,28,26,11,20,11,8,75,327,73,100,40,10,8,22,12,7,55
S01008632,780,146,201,63,34,20,65,45,114,92,415,83,79,28,19,16,28,33,88,41,365,63,122,35,15,4,37,12,26,51
S01008633,642,188,192,62,40,9,26,11,22,92,315,112,80,18,24,9,9,6,8,49,327,76,112,44,16,0,17,5,14,43
S01008634,571,153,141,34,43,7,24,6,12,151,309,95,63,10,27,6,8,5,2,93,262,58,78,24,16,1,16,1,10,58
S01008635,681,178,159,41,55,11,30,10,20,177,322,102,60,15,33,6,12,7,5,82,359,76,99,26,22,5,18,3,15,95
S01008636,683,161,173,56,30,12,28,19,7,197,314,92,76,21,15,8,10,9,3,80,369,69,97,35,15,4,18,10,4,117
S01008637,527,136,148,45,40,11,25,13,8,101,239,86,57,8,23,8,11,8,2,36,288,50,91,37,17,3,14,5,6,65
S01008638,649,102,122,53,34,35,51,32,12,208,338,58,60,18,22,24,30,11,7,108,311,44,62,35,12,11,21,21,5,100
S01008639,765,183,185,76,44,26,43,21,21,166,392,106,83,31,28,18,22,15,10,79,373,77,102,45,16,8,21,6,11,87
S01008640,687,155,145,47,27,19,43,16,6,229,336,86,63,15,20,14,14,9,5,110,351,69,82,32,7,5,29,7,1,119
S01008641,765,133,143,49,21,19,55,14,12,319,343,69,62,18,12,12,22,6,7,135,422,64,81,31,9,7,33,8,5,184
S01008642,806,206,217,63,26,16,34,18,2,224,400,106,99,23,19,15,14,8,0,116,406,100,118,40,7,1,20,10,2,108
S01008643,590,152,169,50,33,20,34,10,12,110,276,75,79,14,18,17,15,4,6,48,314,77,90,36,15,3,19,6,6,62
S01008644,644,95,164,48,28,23,36,24,20,206,333,51,70,17,17,12,19,15,11,121,311,44,94,31,11,11,17,9,9,85
S01008645,690,116,139,61,23,22,41,34,19,235,338,73,60,22,16,15,20,19,5,108,352,43,79,39,7,7,21,15,14,127
S01008646,707,136,180,69,27,33,70,31,12,149,376,77,80,24,19,24,36,16,6,94,331,59,100,45,8,9,34,15,6,55
S01008647,537,117,135,49,20,21,41,30,8,116,297,77,63,21,12,14,20,17,6,67,240,40,72,28,8,7,21,13,2,49
S01008648,548,106,111,58,14,32,53,44,9,121,275,51,46,20,8,28,22,21,3,76,273,55,65,38,6,4,31,23,6,45
S01008649,792,123,201,103,14,53,81,66,21,130,414,84,93,47,10,37,44,35,7,57,378,39,108,56,4,16,37,31,14,73
S01008650,693,133,143,95,19,36,76,39,8,144,346,74,65,43,11,24,40,20,3,66,347,59,78,52,8,12,36,19,5,78
S01008651,930,119,133,71,30,33,52,48,38,406,524,70,79,36,22,29,24,35,23,206,406,49,54,35,8,4,28,13,15,200
S01008652,538,69,105,58,21,35,85,49,27,89,291,45,55,28,18,26,39,27,16,37,247,24,50,30,3,9,46,22,11,52
S01008653,614,82,108,52,15,43,71,53,39,151,373,54,58,28,12,27,41,33,22,98,241,28,50,24,3,16,30,20,17,53
S01008654,871,132,187,95,26,45,89,52,37,208,504,90,84,41,20,28,54,34,24,129,367,42,103,54,6,17,35,18,13,79
S01008655,732,151,142,83,29,39,44,40,18,186,403,94,79,37,22,26,10,23,10,102,329,57,63,46,7,13,34,17,8,84
S01008656,591,66,112,69,22,30,86,49,35,122,348,37,66,37,16,23,47,29,17,76,243,29,46,32,6,7,39,20,18,46
S01008657,670,81,130,72,26,35,40,48,34,204,335,48,61,35,14,24,12,26,16,99,335,33,69,37,12,11,28,22,18,105
S01008658,1022,103,156,90,33,54,84,70,57,375,538,66,76,47,19,37,42,39,31,181,484,37,80,43,14,17,42,31,26,194
S01008659,773,73,122,49,34,43,66,40,29,317,416,52,57,16,24,32,29,27,12,167,357,21,65,33,10,11,37,13,17,150
S01008660,866,152,149,53,24,38,51,25,34,340,493,102,87,30,18,28,24,8,15,181,373,50,62,23,6,10,27,17,19,159
S01008661,916,68,112,76,29,47,72,58,32,422,419,47,57,39,20,26,33,33,19,145,497,21,55,37,9,21,39,25,13,277
S01008662,726,55,68,26,15,29,41,21,22,449,378,36,32,17,9,17,17,14,12,224,348,19,36,9,6,12,24,7,10,225
S01008663,774,74,122,70,35,24,40,54,28,327,398,42,75,28,22,19,20,35,12,145,376,32,47,42,13,5,20,19,16,182
S01008664,653,111,138,50,24,25,44,37,21,203,341,65,71,27,15,16,21,21,11,94,312,46,67,23,9,9,23,16,10,109
S01008665,1099,117,195,66,49,52,65,66,50,439,566,70,88,29,33,39,27,37,38,205,533,47,107,37,16,13,38,29,12,234
S01008666,925,91,125,45,19,22,37,17,11,558,448,57,56,18,11,17,16,9,5,259,477,34,69,27,8,5,21,8,6,299
S01008667,893,99,111,42,20,20,43,34,18,506,391,55,41,15,14,14,14,17,7,214,502,44,70,27,6,6,29,17,11,292
S01008668,578,80,78,40,19,15,24,11,5,306,275,48,23,16,15,9,13,8,3,140,303,32,55,24,4,6,11,3,2,166
S01008669,541,20,38,19,9,8,23,10,11,403,243,11,14,9,7,3,13,4,6,176,298,9,24,10,2,5,10,6,5,227
S01008670,822,44,59,34,18,16,26,12,15,598,382,31,28,12,13,8,13,7,4,266,440,13,31,22,5,8,13,5,11,332
S01008671,717,52,65,28,13,17,25,21,17,479,370,29,32,14,11,14,8,9,8,245,347,23,33,14,2,3,17,12,9,234
S01008672,620,74,66,44,12,13,40,26,10,335,285,46,29,17,7,10,18,13,3,142,335,28,37,27,5,3,22,13,7,193
S01008673,967,106,137,61,39,18,59,32,30,485,475,57,62,24,26,10,31,17,11,237,492,49,75,37,13,8,28,15,19,248
S01008674,911,63,106,41,27,24,42,44,25,539,472,42,60,21,15,14,14,23,16,267,439,21,46,20,12,10,28,21,9,272
S01008675,665,93,133,63,37,23,58,47,36,175,365,58,72,34,27,17,28,33,20,76,300,35,61,29,10,6,30,14,16,99
S01008676,722,100,168,45,39,23,37,33,19,258,354,57,77,18,26,12,14,22,10,118,368,43,91,27,13,11,23,11,9,140
S01008677,768,85,145,50,30,33,69,46,20,290,420,58,71,21,25,24,29,23,11,158,348,27,74,29,5,9,40,23,9,132
S01008678,1154,67,89,28,30,23,51,39,33,794,517,39,54,14,22,19,31,25,16,297,637,28,35,14,8,4,20,14,17,497
S01008679,1078,59,102,52,34,37,86,68,42,598,552,42,58,22,25,29,50,41,24,261,526,17,44,30,9,8,36,27,18,337
S01008680,590,53,52,44,17,20,39,32,32,301,307,33,28,21,9,14,20,20,14,148,283,20,24,23,8,6,19,12,18,153
S01008681,870,66,91,50,24,35,55,49,42,458,440,44,47,25,13,21,30,29,20,211,430,22,44,25,11,14,25,20,22,247
S01008682,690,80,107,47,28,32,61,50,35,250,362,51,47,17,22,24,26,30,17,128,328,29,60,30,6,8,35,20,18,122
S01008683,1327,41,111,67,35,63,118,115,99,678,574,26,59,22,24,49,57,52,49,236,753,15,52,45,11,14,61,63,50,442
S01008684,830,76,113,65,39,37,104,96,81,219,420,47,59,21,30,23,43,53,41,103,410,29,54,44,9,14,61,43,40,116
S01008685,920,77,136,74,31,48,99,64,44,347,471,49,66,25,22,30,56,45,26,152,449,28,70,49,9,18,43,19,18,195
S01008686,786,64,148,92,44,62,106,99,59,112,382,42,64,34,33,46,49,46,23,45,404,22,84,58,11,16,57,53,36,67
S01008687,601,88,154,66,19,26,61,50,22,115,322,60,69,33,17,23,30,28,9,53,279,28,85,33,2,3,31,22,13,62
S01008688,737,116,194,91,41,43,65,54,37,96,383,73,93,36,29,28,27,32,19,46,354,43,101,55,12,15,38,22,18,50
S01008689,743,89,199,79,32,64,101,67,23,89,369,42,94,37,22,43,48,33,12,38,374,47,105,42,10,21,53,34,11,51
S01008690,870,142,230,123,48,54,86,50,27,110,402,79,85,41,35,32,38,29,13,50,468,63,145,82,13,22,48,21,14,60
S01008691,957,107,289,149,50,76,94,61,32,99,503,65,136,55,39,57,61,30,24,36,454,42,153,94,11,19,33,31,8,63
S01008692,590,59,152,89,22,41,76,53,26,72,306,37,69,34,17,27,35,30,20,37,284,22,83,55,5,14,41,23,6,35
S01008693,353,24,67,66,36,33,61,35,10,21,163,12,26,13,30,27,21,20,4,10,190,12,41,53,6,6,40,15,6,11
S01008694,855,121,239,123,37,52,99,60,23,101,432,70,107,60,24,34,52,33,7,45,423,51,132,63,13,18,47,27,16,56
S01008695,545,90,182,73,25,16,52,25,21,61,254,50,70,35,17,10,21,15,11,25,291,40,112,38,8,6,31,10,10,36
S01008696,515,88,172,80,40,26,37,22,12,38,252,51,69,30,27,18,14,16,5,22,263,37,103,50,13,8,23,6,7,16
S01008697,804,137,238,129,68,38,67,46,13,68,410,96,103,33,47,29,29,28,9,36,394,41,135,96,21,9,38,18,4,32
S01008698,382,53,95,60,34,25,56,19,7,33,181,28,41,19,23,20,20,11,2,17,201,25,54,41,11,5,36,8,5,16
S01008699,639,50,124,104,40,52,108,75,43,43,296,32,51,36,31,36,31,44,15,20,343,18,73,68,9,16,77,31,28,23
S01008700,407,73,119,63,37,10,27,17,18,43,199,50,51,10,26,6,13,9,9,25,208,23,68,53,11,4,14,8,9,18
S01008701,296,10,25,30,13,16,68,59,54,21,143,8,9,11,7,8,33,30,26,11,153,2,16,19,6,8,35,29,28,10
S01008702,489,47,80,62,26,25,69,49,38,93,243,30,36,23,17,19,32,24,15,47,246,17,44,39,9,6,37,25,23,46
S01008703,728,32,64,45,43,48,126,163,122,85,352,17,23,13,30,33,53,98,55,30,376,15,41,32,13,15,73,65,67,55
S01008704,505,27,78,57,37,34,101,83,54,34,243,14,33,20,26,21,37,47,32,13,262,13,45,37,11,13,64,36,22,21
S01008705,360,10,36,28,22,35,74,85,36,34,170,6,12,10,14,22,25,51,15,15,190,4,24,18,8,13,49,34,21,19
S01008706,387,12,38,36,20,19,95,80,51,36,175,8,15,12,15,10,27,44,28,16,212,4,23,24,5,9,68,36,23,20
S01008707,588,10,48,53,27,45,136,120,98,51,274,8,20,15,20,29,52,51,58,21,314,2,28,38,7,16,84,69,40,30
S01008708,679,15,55,62,26,61,166,141,100,53,371,11,30,28,22,44,84,70,56,26,308,4,25,34,4,17,82,71,44,27
S01008709,525,10,55,51,27,50,115,120,63,34,233,7,21,11,21,33,35,66,20,19,292,3,34,40,6,17,80,54,43,15
S01008710,354,10,41,35,18,35,68,55,49,43,162,7,18,13,11,20,28,27,26,12,192,3,23,22,7,15,40,28,23,31
S01008711,514,10,60,45,18,47,114,142,43,35,238,5,30,15,15,33,36,73,14,17,276,5,30,30,3,14,78,69,29,18
S01008712,775,29,54,75,44,85,163,177,99,49,396,22,17,26,31,61,62,101,52,24,379,7,37,49,13,24,101,76,47,25
S01008713,438,7,32,49,28,32,118,90,55,27,203,4,12,15,19,20,43,56,23,11,235,3,20,34,9,12,75,34,32,16
S01008714,417,22,61,58,28,30,79,79,41,19,192,15,23,13,21,21,27,41,24,7,225,7,38,45,7,9,52,38,17,12
S01008715,548,17,72,77,33,43,109,123,36,38,263,10,30,19,23,33,41,70,14,23,285,7,42,58,10,10,68,53,22,15
S01008716,364,7,60,56,34,22,77,66,22,20,172,6,28,12,29,15,24,37,10,11,192,1,32,44,5,7,53,29,12,9
S01008717,327,17,48,59,26,26,74,32,21,24,157,8,20,16,18,19,33,18,10,15,170,9,28,43,8,7,41,14,11,9
S01008718,391,27,58,77,48,29,66,48,15,23,196,16,24,21,33,21,24,34,6,17,195,11,34,56,15,8,42,14,9,6
S01008719,757,31,118,107,91,77,139,96,47,51,349,21,55,23,66,50,44,54,11,25,408,10,63,84,25,27,95,42,36,26
S01008720,408,25,60,65,37,33,70,56,24,38,196,13,26,24,25,23,27,32,9,17,212,12,34,41,12,10,43,24,15,21
S01008721,621,66,167,119,58,49,64,42,10,46,310,44,83,25,46,36,24,26,4,22,311,22,84,94,12,13,40,16,6,24
S01008722,749,101,192,129,92,39,68,57,16,55,366,60,93,32,61,29,19,33,8,31,383,41,99,97,31,10,49,24,8,24
S01008723,530,67,119,100,47,29,46,25,10,87,269,34,57,28,30,25,20,14,7,54,261,33,62,72,17,4,26,11,3,33
S01008724,646,107,211,85,71,31,54,24,18,45,302,61,98,17,42,24,18,12,8,22,344,46,113,68,29,7,36,12,10,23
S01008725,559,90,166,69,51,20,52,50,20,41,268,50,64,17,36,15,18,36,12,20,291,40,102,52,15,5,34,14,8,21
S01008726,414,104,151,39,33,12,24,14,4,33,194,58,66,9,19,12,4,8,3,15,220,46,85,30,14,0,20,6,1,18
S01008727,777,150,249,84,56,49,64,38,21,66,355,88,88,25,36,32,24,28,9,25,422,62,161,59,20,17,40,10,12,41
S01008728,361,34,85,49,25,17,65,40,23,23,163,15,31,14,18,14,24,21,12,14,198,19,54,35,7,3,41,19,11,9
S01008729,514,99,177,53,43,17,44,24,14,43,244,61,77,16,31,10,11,15,4,19,270,38,100,37,12,7,33,9,10,24
S01008730,626,91,194,67,50,36,54,41,44,49,299,47,72,32,34,28,16,25,24,21,327,44,122,35,16,8,38,16,20,28
S01008731,323,25,68,46,28,22,57,35,25,17,155,14,24,11,19,15,28,20,13,11,168,11,44,35,9,7,29,15,12,6
S01008732,467,31,106,66,38,37,69,57,33,30,230,12,46,21,27,32,27,38,16,11,237,19,60,45,11,5,42,19,17,19
S01008733,666,78,164,120,33,43,101,84,12,31,323,44,64,46,28,34,47,43,6,11,343,34,100,74,5,9,54,41,6,20
S01008734,410,58,130,53,35,15,47,22,21,29,199,42,53,14,28,11,12,16,11,12,211,16,77,39,7,4,35,6,10,17
S01008735,710,119,207,110,80,33,61,23,15,62,340,71,98,30,51,24,20,11,4,31,370,48,109,80,29,9,41,12,11,31
S01008736,505,60,129,68,47,41,59,29,19,53,251,38,59,21,30,35,23,15,7,23,254,22,70,47,17,6,36,14,12,30
S01008737,561,61,148,108,52,28,67,34,16,47,271,48,63,30,30,21,25,23,7,24,290,13,85,78,22,7,42,11,9,23
S01008738,540,92,134,102,57,33,43,22,18,39,259,61,56,32,42,20,9,13,7,19,281,31,78,70,15,13,34,9,11,20
S01008739,428,31,73,88,44,39,71,34,6,42,210,16,36,24,34,30,21,24,4,21,218,15,37,64,10,9,50,10,2,21
S01008740,424,28,96,101,39,33,54,27,12,34,201,19,38,32,28,27,18,15,3,21,223,9,58,69,11,6,36,12,9,13
S01008741,676,44,141,159,63,52,97,53,13,54,331,33,63,35,51,45,34,33,6,31,345,11,78,124,12,7,63,20,7,23
S01008742,337,29,86,61,26,16,44,42,12,21,167,21,39,16,16,12,20,26,4,13,170,8,47,45,10,4,24,16,8,8
S01008743,697,48,143,96,38,51,126,109,40,46,332,30,57,43,29,35,41,55,21,21,365,18,86,53,9,16,85,54,19,25
S01008744,751,66,141,135,47,51,130,90,32,59,363,46,46,43,34,39,59,51,11,34,388,20,95,92,13,12,71,39,21,25
S01008745,346,65,85,59,18,16,43,22,9,29,161,35,40,16,13,14,20,9,2,12,185,30,45,43,5,2,23,13,7,17
S01008746,819,53,128,114,41,60,142,132,61,88,406,34,66,30,30,41,58,81,23,43,413,19,62,84,11,19,84,51,38,45
S01008747,361,48,87,66,40,20,39,24,7,30,168,26,41,11,28,15,16,13,2,16,193,22,46,55,12,5,23,11,5,14
S01008748,480,58,126,103,44,28,55,31,10,25,226,43,49,24,31,22,24,15,6,12,254,15,77,79,13,6,31,16,4,13
S01008749,728,65,190,124,83,47,78,60,32,49,359,38,87,34,58,29,28,40,19,26,369,27,103,90,25,18,50,20,13,23
S01008750,515,56,115,117,48,32,68,36,9,34,240,37,55,29,36,27,26,15,4,11,275,19,60,88,12,5,42,21,5,23
S01008751,431,26,90,74,40,31,57,58,24,31,211,20,30,21,33,24,21,35,16,11,220,6,60,53,7,7,36,23,8,20
S01008752,582,9,83,97,33,47,113,96,70,34,271,3,35,34,30,29,43,54,36,7,311,6,48,63,3,18,70,42,34,27
S01008753,402,15,68,55,26,32,76,88,24,18,184,9,23,16,20,23,31,43,12,7,218,6,45,39,6,9,45,45,12,11
S01008754,515,36,101,83,30,42,88,81,20,34,256,22,42,30,27,36,35,42,15,7,259,14,59,53,3,6,53,39,5,27
S01008755,750,36,106,105,46,77,121,148,59,52,370,25,47,31,34,50,57,70,29,27,380,11,59,74,12,27,64,78,30,25
S01008756,567,22,73,75,26,52,125,108,44,42,288,13,30,22,18,41,61,47,25,31,279,9,43,53,8,11,64,61,19,11
S01008757,491,12,40,47,32,51,100,137,58,14,249,8,16,13,27,32,39,75,31,8,242,4,24,34,5,19,61,62,27,6
S01008758,611,21,73,92,47,49,121,111,53,44,286,12,29,21,34,36,46,61,26,21,325,9,44,71,13,13,75,50,27,23
S01008759,414,14,56,57,28,34,92,74,36,23,173,9,19,10,22,20,33,38,16,6,241,5,37,47,6,14,59,36,20,17
S01008760,723,27,74,81,41,63,153,156,82,46,350,17,26,18,32,47,54,90,40,26,373,10,48,63,9,16,99,66,42,20
S01008761,562,40,115,67,43,46,72,75,46,58,282,24,55,21,34,29,31,41,25,22,280,16,60,46,9,17,41,34,21,36
S01008762,462,41,104,83,33,31,69,56,13,32,210,22,46,21,26,21,26,28,4,16,252,19,58,62,7,10,43,28,9,16
S01008763,719,112,202,132,46,37,87,66,14,23,336,57,92,40,32,24,37,38,8,8,383,55,110,92,14,13,50,28,6,15
S01008764,547,86,170,60,41,35,63,34,16,42,265,50,69,20,30,26,25,17,8,20,282,36,101,40,11,9,38,17,8,22
S01008765,653,99,197,83,53,42,73,44,19,43,306,46,81,31,37,23,32,28,10,18,347,53,116,52,16,19,41,16,9,25
S01008766,750,92,179,121,86,56,78,60,25,53,350,55,72,35,62,40,28,30,12,16,400,37,107,86,24,16,50,30,13,37
S01008767,420,34,95,85,32,32,43,50,8,41,210,21,39,21,25,22,15,36,7,24,210,13,56,64,7,10,28,14,1,17
S01008768,390,42,97,55,29,32,49,41,18,27,198,26,37,25,23,22,22,21,9,13,192,16,60,30,6,10,27,20,9,14
S01008769,613,152,202,89,37,26,33,16,14,44,328,89,100,39,21,17,17,9,3,33,285,63,102,50,16,9,16,7,11,11
S01008770,722,166,195,79,58,34,48,38,26,78,379,105,109,25,39,21,16,22,6,36,343,61,86,54,19,13,32,16,20,42
S01008771,620,137,165,70,46,28,64,30,29,51,329,87,88,20,29,21,20,16,17,31,291,50,77,50,17,7,44,14,12,20
S01008772,593,104,164,80,42,36,49,55,23,40,307,66,71,30,29,26,21,31,13,20,286,38,93,50,13,10,28,24,10,20
S01008773,856,95,226,127,47,66,127,84,34,50,435,58,96,48,35,52,61,52,13,20,421,37,130,79,12,14,66,32,21,30
S01008774,769,64,155,103,51,74,112,97,54,59,402,37,75,41,39,50,48,56,26,30,367,27,80,62,12,24,64,41,28,29
S01008775,391,54,111,45,27,36,30,42,18,28,195,31,49,11,18,25,11,29,9,12,196,23,62,34,9,11,19,13,9,16
S01008776,701,56,140,89,34,54,116,93,58,61,342,28,51,38,21,31,58,53,33,29,359,28,89,51,13,23,58,40,25,32
S01008777,901,65,161,94,56,87,155,161,70,52,542,46,87,45,46,60,83,99,45,31,359,19,74,49,10,27,72,62,25,21
S01008778,995,178,289,99,69,45,116,67,47,85,515,107,155,39,50,31,41,37,27,28,480,71,134,60,19,14,75,30,20,57
S01008779,655,145,220,70,38,32,51,30,14,55,342,88,108,26,24,20,25,14,7,30,313,57,112,44,14,12,26,16,7,25
S01008780,525,79,168,52,34,27,48,52,11,54,274,54,85,21,17,21,19,27,5,25,251,25,83,31,17,6,29,25,6,29
S01008781,776,114,197,83,31,77,93,87,40,54,401,73,93,35,22,58,33,45,17,25,375,41,104,48,9,19,60,42,23,29
S01008782,651,125,183,71,40,51,66,38,27,50,351,75,90,28,28,37,25,24,16,28,300,50,93,43,12,14,41,14,11,22
S01008783,364,66,126,38,20,20,39,30,11,14,168,37,50,13,14,15,16,17,1,5,196,29,76,25,6,5,23,13,10,9
S01008784,394,66,120,40,21,29,56,25,15,22,196,35,55,14,18,19,18,17,9,11,198,31,65,26,3,10,38,8,6,11
S01008785,685,58,110,64,34,70,108,112,69,60,343,36,42,26,23,48,52,57,30,29,342,22,68,38,11,22,56,55,39,31
S01008786,836,123,249,87,42,72,82,74,48,59,462,73,123,45,31,53,35,46,26,30,374,50,126,42,11,19,47,28,22,29
S01008787,268,9,24,21,9,20,59,64,36,26,142,2,18,8,4,16,23,38,20,13,126,7,6,13,5,4,36,26,16,13
S01008788,604,104,184,73,29,50,67,46,13,38,305,70,84,25,15,36,23,23,8,21,299,34,100,48,14,14,44,23,5,17
S01008789,486,37,86,66,26,49,74,90,24,34,233,14,38,16,18,32,38,56,11,10,253,23,48,50,8,17,36,34,13,24
S01008790,553,50,107,61,35,40,74,59,46,81,290,32,56,18,29,26,29,38,30,32,263,18,51,43,6,14,45,21,16,49
S01008791,767,90,154,86,53,76,77,93,40,98,389,50,76,31,34,48,39,49,14,48,378,40,78,55,19,28,38,44,26,50
S01008792,651,74,167,83,41,45,88,66,37,50,326,43,79,32,22,30,45,39,20,16,325,31,88,51,19,15,43,27,17,34
S01008793,345,21,58,41,17,36,47,44,38,43,184,10,27,15,13,25,25,23,23,23,161,11,31,26,4,11,22,21,15,20
S01008794,637,59,124,92,27,50,116,92,36,41,308,38,53,29,21,34,51,46,16,20,329,21,71,63,6,16,65,46,20,21
S01008795,963,110,238,117,51,78,122,91,42,114,505,62,114,46,37,59,49,51,26,61,458,48,124,71,14,19,73,40,16,53
S01008796,892,65,186,109,45,68,140,131,56,92,438,45,84,25,29,47,74,72,23,39,454,20,102,84,16,21,66,59,33,53
S01008797,834,89,209,105,38,60,121,76,29,107,439,52,93,53,26,46,57,41,15,56,395,37,116,52,12,14,64,35,14,51
S01008798,678,70,150,94,32,66,104,61,32,69,351,40,75,40,22,44,35,32,22,41,327,30,75,54,10,22,69,29,10,28
S01008799,555,41,100,58,26,58,75,71,39,87,298,24,53,24,18,43,33,42,13,48,257,17,47,34,8,15,42,29,26,39
S01008800,952,95,261,120,55,74,126,96,30,95,516,66,121,52,39,51,61,62,18,46,436,29,140,68,16,23,65,34,12,49
S01008801,855,93,203,112,36,91,91,86,32,111,455,60,96,44,28,68,40,49,16,54,400,33,107,68,8,23,51,37,16,57
S01008802,861,81,195,90,45,78,120,87,42,123,453,52,86,40,33,53,59,54,17,59,408,29,109,50,12,25,61,33,25,64
S01008803,831,91,178,92,44,62,118,99,57,90,421,63,79,36,31,45,56,47,32,32,410,28,99,56,13,17,62,52,25,58
S01008804,489,44,98,59,26,40,59,56,27,80,259,30,50,21,20,29,29,33,9,38,230,14,48,38,6,11,30,23,18,42
S01008805,570,74,96,73,19,36,62,35,21,154,309,46,54,28,11,25,28,15,10,92,261,28,42,45,8,11,34,20,11,62
S01008806,897,138,235,104,46,66,84,49,34,141,453,88,102,37,31,46,40,28,16,65,444,50,133,67,15,20,44,21,18,76
S01008807,712,87,201,92,32,56,82,57,29,76,353,50,90,38,21,35,40,31,14,34,359,37,111,54,11,21,42,26,15,42
S01008808,568,117,139,50,51,30,54,42,23,62,277,61,63,21,32,21,25,19,11,24,291,56,76,29,19,9,29,23,12,38
S01008809,541,115,128,40,61,23,42,16,17,99,289,69,65,10,36,21,25,9,10,44,252,46,63,30,25,2,17,7,7,55
S01008810,632,127,192,65,30,28,36,41,12,101,292,71,87,21,17,18,13,26,4,35,340,56,105,44,13,10,23,15,8,66
S01008811,765,134,182,64,49,42,54,50,24,166,391,77,95,21,29,33,24,35,12,65,374,57,87,43,20,9,30,15,12,101
S01008812,424,85,117,32,23,12,38,24,5,88,208,50,55,7,15,8,18,16,2,37,216,35,62,25,8,4,20,8,3,51
S01008813,793,65,162,85,54,68,135,74,63,87,406,36,80,23,36,54,61,47,26,43,387,29,82,62,18,14,74,27,37,44
S01008814,696,88,166,81,48,67,69,47,29,101,349,43,64,24,35,48,30,26,18,61,347,45,102,57,13,19,39,21,11,40
S01008815,776,85,205,87,40,49,70,100,42,98,419,44,95,40,32,39,40,61,22,46,357,41,110,47,8,10,30,39,20,52
S01008816,424,70,110,64,15,28,43,29,35,30,229,38,58,25,12,18,21,19,23,15,195,32,52,39,3,10,22,10,12,15
S01008817,642,87,135,91,32,64,84,77,33,39,310,49,60,35,24,42,27,44,13,16,332,38,75,56,8,22,57,33,20,23
S01008818,619,86,186,95,40,46,66,44,12,44,275,51,75,24,19,34,31,25,1,15,344,35,111,71,21,12,35,19,11,29
S01008819,571,114,194,73,31,27,50,36,14,32,283,69,83,30,20,20,14,25,6,16,288,45,111,43,11,7,36,11,8,16
S01008820,910,87,238,106,53,57,131,100,76,62,486,53,128,56,36,36,51,56,42,28,424,34,110,50,17,21,80,44,34,34
S01008821,524,122,170,47,33,21,37,26,20,48,248,67,74,13,20,13,13,14,7,27,276,55,96,34,13,8,24,12,13,21
S01008822,536,127,180,52,44,18,40,14,17,44,264,74,85,14,27,12,18,8,7,19,272,53,95,38,17,6,22,6,10,25
S01008823,453,114,141,46,49,12,35,15,11,30,226,72,59,12,35,5,10,12,5,16,227,42,82,34,14,7,25,3,6,14
S01008824,749,167,268,91,49,29,69,22,17,37,348,95,107,24,31,20,32,16,8,15,401,72,161,67,18,9,37,6,9,22
S01008825,451,126,136,62,30,22,38,14,5,18,220,73,50,28,19,15,15,8,4,8,231,53,86,34,11,7,23,6,1,10
S01008826,536,96,147,72,42,36,50,40,22,31,264,61,54,21,30,19,27,28,12,12,272,35,93,51,12,17,23,12,10,19
S01008827,491,168,153,50,35,14,22,5,9,35,242,101,72,12,13,7,10,4,5,18,249,67,81,38,22,7,12,1,4,17
S01008828,666,127,221,90,57,31,56,18,16,50,313,75,91,21,40,21,21,12,9,23,353,52,130,69,17,10,35,6,7,27
S01008829,493,80,137,52,33,21,49,45,17,59,222,50,49,16,22,16,18,21,6,24,271,30,88,36,11,5,31,24,11,35
S01008830,476,119,161,62,32,12,28,14,7,41,236,68,74,18,18,7,13,10,6,22,240,51,87,44,14,5,15,4,1,19
S01008831,552,143,161,76,48,20,26,18,11,49,273,82,63,24,35,15,11,8,6,29,279,61,98,52,13,5,15,10,5,20
S01008832,535,129,141,62,53,13,44,18,28,47,284,78,63,17,33,10,18,10,18,37,251,51,78,45,20,3,26,8,10,10
S01008833,732,215,212,71,36,30,44,33,10,81,384,138,100,17,13,24,18,19,8,47,348,77,112,54,23,6,26,14,2,34
S01008834,837,192,256,124,76,25,51,24,24,65,385,115,100,32,44,17,16,16,8,37,452,77,156,92,32,8,35,8,16,28
S01008835,608,103,166,102,32,34,69,49,13,40,283,53,80,23,20,29,25,29,6,18,325,50,86,79,12,5,44,20,7,22
S01008836,562,77,132,71,26,47,65,72,22,50,290,48,63,21,19,37,24,44,8,26,272,29,69,50,7,10,41,28,14,24
S01008837,918,222,264,118,43,43,70,55,37,66,501,137,132,48,30,34,29,40,19,32,417,85,132,70,13,9,41,15,18,34
S01008838,881,159,267,135,40,59,72,45,22,82,442,92,127,51,27,40,34,24,10,37,439,67,140,84,13,19,38,21,12,45
S01008839,876,191,230,121,64,41,71,52,14,92,444,116,114,43,44,29,26,28,8,36,432,75,116,78,20,12,45,24,6,56
S01008840,871,173,254,113,49,31,64,37,16,134,402,104,112,35,30,19,26,21,8,47,469,69,142,78,19,12,38,16,8,87
S01008841,475,84,130,63,39,24,52,29,8,46,236,47,64,24,27,16,20,13,3,22,239,37,66,39,12,8,32,16,5,24
S01008842,771,135,184,71,45,35,95,48,31,127,401,75,79,31,28,27,48,29,12,72,370,60,105,40,17,8,47,19,19,55
S01008843,886,177,201,90,46,36,73,34,32,197,413,107,91,31,33,18,31,20,7,75,473,70,110,59,13,18,42,14,25,122
S01008844,607,138,168,57,27,15,48,34,27,93,277,75,79,17,16,10,17,21,9,33,330,63,89,40,11,5,31,13,18,60
S01008845,778,177,173,53,31,31,32,20,14,247,374,95,91,17,16,16,10,9,6,114,404,82,82,36,15,15,22,11,8,133
S01008846,719,144,163,68,63,23,39,30,15,174,346,70,76,31,39,14,16,11,7,82,373,74,87,37,24,9,23,19,8,92
S01008847,523,124,122,33,38,16,30,10,5,145,275,74,63,14,23,6,18,8,3,66,248,50,59,19,15,10,12,2,2,79
S01008848,683,175,164,58,37,11,25,19,27,167,367,103,94,20,28,8,9,8,17,80,316,72,70,38,9,3,16,11,10,87
S01008849,630,174,165,40,51,20,27,20,5,128,316,101,77,15,34,13,12,8,3,53,314,73,88,25,17,7,15,12,2,75
S01008850,699,204,172,48,47,20,11,8,12,177,344,121,82,7,22,9,4,4,7,88,355,83,90,41,25,11,7,4,5,89
S01008851,869,214,266,62,50,38,59,45,20,115,429,117,115,20,29,27,21,26,8,66,440,97,151,42,21,11,38,19,12,49
S01008852,816,256,228,58,67,13,28,19,14,133,404,160,97,16,32,8,12,12,3,64,412,96,131,42,35,5,16,7,11,69
S01008853,599,170,157,43,36,22,31,12,12,116,273,105,73,13,17,16,11,6,4,28,326,65,84,30,19,6,20,6,8,88
S01008854,821,221,220,57,58,15,21,14,22,193,442,130,120,17,34,11,10,12,12,96,379,91,100,40,24,4,11,2,10,97
S01008855,949,295,309,68,58,23,46,15,17,118,475,171,145,26,35,17,12,7,9,53,474,124,164,42,23,6,34,8,8,65
S01008856,494,120,151,52,26,19,31,20,10,65,240,60,78,19,18,13,11,16,4,21,254,60,73,33,8,6,20,4,6,44
S01008857,655,186,197,62,38,27,49,24,13,59,312,112,74,18,22,14,18,15,10,29,343,74,123,44,16,13,31,9,3,30
S01008858,467,136,167,43,33,12,22,13,4,37,214,72,68,16,15,9,10,6,2,16,253,64,99,27,18,3,12,7,2,21
S01008859,902,256,284,102,63,38,38,28,17,76,472,154,140,40,48,26,11,17,7,29,430,102,144,62,15,12,27,11,10,47
S01008860,756,180,231,83,42,26,60,30,17,87,344,92,94,32,26,16,27,18,11,28,412,88,137,51,16,10,33,12,6,59
S01008861,583,193,183,39,60,7,24,11,7,59,285,108,84,6,36,5,9,6,1,30,298,85,99,33,24,2,15,5,6,29
S01008862,794,253,229,83,52,34,33,30,11,69,383,124,98,28,36,24,15,18,8,32,411,129,131,55,16,10,18,12,3,37
S01008863,592,186,198,64,32,15,32,21,6,38,278,96,82,26,18,8,16,12,2,18,314,90,116,38,14,7,16,9,4,20
S01008864,778,157,186,58,28,16,20,13,8,292,404,88,89,14,18,8,11,7,5,164,374,69,97,44,10,8,9,6,3,128
S01008865,666,173,213,73,26,26,64,20,9,62,320,94,94,25,12,18,25,13,3,36,346,79,119,48,14,8,39,7,6,26
S01008866,670,236,209,71,47,13,30,17,10,37,318,118,102,16,32,9,7,9,4,21,352,118,107,55,15,4,23,8,6,16
S01008867,640,215,232,52,60,13,22,10,9,27,313,127,105,16,33,7,5,5,1,14,327,88,127,36,27,6,17,5,8,13
S01008868,716,161,190,45,38,43,39,37,10,153,382,104,90,12,20,29,17,23,4,83,334,57,100,33,18,14,22,14,6,70
S01008869,860,257,269,79,54,30,42,28,14,87,459,158,129,38,33,22,16,17,6,40,401,99,140,41,21,8,26,11,8,47
S01008870,638,212,203,48,54,23,34,13,15,36,316,127,86,15,36,18,14,5,3,12,322,85,117,33,18,5,20,8,12,24
S01008871,933,247,247,75,55,19,42,23,15,210,504,136,148,18,28,16,17,11,9,121,429,111,99,57,27,3,25,12,6,89
S01008872,743,183,198,52,43,19,25,23,14,186,409,111,80,15,31,11,12,16,7,126,334,72,118,37,12,8,13,7,7,60
S01008873,533,149,189,50,50,7,22,12,10,44,269,91,81,14,32,3,13,8,5,22,264,58,108,36,18,4,9,4,5,22
S01008874,702,176,216,72,43,24,48,32,16,75,349,112,99,20,22,12,18,16,6,44,353,64,117,52,21,12,30,16,10,31
S01008875,662,126,191,79,38,44,74,26,6,78,342,79,92,24,29,30,28,16,0,44,320,47,99,55,9,14,46,10,6,34
S01008876,392,76,116,65,33,10,32,13,11,36,186,48,55,22,16,9,14,3,5,14,206,28,61,43,17,1,18,10,6,22
S01008877,402,103,120,67,25,15,23,11,4,34,195,61,49,19,20,9,6,10,1,20,207,42,71,48,5,6,17,1,3,14
S01008878,639,80,135,120,58,29,90,64,23,40,300,46,61,35,47,19,27,33,12,20,339,34,74,85,11,10,63,31,11,20
S01008879,611,98,156,107,46,32,72,55,15,30,285,55,63,27,31,22,22,38,10,17,326,43,93,80,15,10,50,17,5,13
S01008880,445,88,132,83,24,21,28,20,13,36,208,55,55,23,18,17,13,10,6,11,237,33,77,60,6,4,15,10,7,25
S01008881,395,118,112,46,37,11,14,19,15,23,195,83,47,12,22,7,4,8,1,11,200,35,65,34,15,4,10,11,14,12
S01008882,764,262,220,82,44,13,24,16,7,96,367,155,104,17,28,9,8,11,4,31,397,107,116,65,16,4,16,5,3,65
S01008883,589,198,182,57,53,6,23,9,12,49,271,122,70,10,29,4,5,4,4,23,318,76,112,47,24,2,18,5,8,26
S01008884,462,134,164,46,34,7,15,5,12,45,216,83,77,6,15,5,5,4,5,16,246,51,87,40,19,2,10,1,7,29
S01008885,596,173,182,68,54,10,37,6,14,52,290,110,80,15,32,9,15,2,3,24,306,63,102,53,22,1,22,4,11,28
S01008886,637,154,192,82,39,24,40,14,13,79,309,92,88,17,26,16,16,9,2,43,328,62,104,65,13,8,24,5,11,36
S01008887,546,111,171,69,33,26,43,33,9,51,263,70,66,16,26,15,18,18,2,32,283,41,105,53,7,11,25,15,7,19
S01008888,511,143,169,71,27,11,25,10,11,44,238,79,68,28,15,6,7,7,4,24,273,64,101,43,12,5,18,3,7,20
S01008889,417,82,119,57,39,24,32,27,13,24,203,40,62,14,33,15,15,15,1,8,214,42,57,43,6,9,17,12,12,16
S01008890,497,78,149,89,43,33,31,25,7,42,245,47,64,28,31,23,10,18,4,20,252,31,85,61,12,10,21,7,3,22
S01008891,532,123,165,83,44,22,41,11,7,36,253,76,67,20,29,16,10,8,3,24,279,47,98,63,15,6,31,3,4,12
S01008892,684,152,198,103,44,24,68,29,20,46,309,94,75,29,29,15,26,12,9,20,375,58,123,74,15,9,42,17,11,26
S01008893,623,162,204,71,65,19,30,13,13,46,312,96,94,15,37,16,11,9,8,26,311,66,110,56,28,3,19,4,5,20
S01008894,620,157,226,63,56,12,36,14,7,49,307,102,110,10,32,11,12,6,3,21,313,55,116,53,24,1,24,8,4,28
S01008895,483,141,154,75,40,12,18,9,3,31,221,84,62,16,27,6,6,5,1,14,262,57,92,59,13,6,12,4,2,17
S01008896,374,110,131,46,17,11,21,3,8,27,184,68,57,13,14,6,6,3,3,14,190,42,74,33,3,5,15,0,5,13
S01008897,462,119,139,66,38,17,33,9,18,23,208,76,54,18,25,13,10,3,2,7,254,43,85,48,13,4,23,6,16,16
S01008898,598,152,160,83,67,22,35,14,12,53,282,87,71,20,40,11,13,6,6,28,316,65,89,63,27,11,22,8,6,25
S01008899,590,18,53,69,39,52,132,139,40,48,276,11,24,18,25,35,46,71,19,27,314,7,29,51,14,17,86,68,21,21
S01008900,713,44,105,96,41,78,132,131,36,50,330,22,45,23,27,48,59,70,18,18,383,22,60,73,14,30,73,61,18,32
S01008901,601,37,93,84,47,42,99,113,46,40,286,21,44,17,37,25,33,62,26,21,315,16,49,67,10,17,66,51,20,19
S01008902,753,47,132,92,39,54,131,127,75,56,364,26,67,27,28,37,44,75,35,25,389,21,65,65,11,17,87,52,40,31
S01008903,697,22,117,109,39,72,142,130,33,33,324,12,48,25,32,49,54,67,19,18,373,10,69,84,7,23,88,63,14,15
S01008904,780,24,83,65,41,70,142,157,71,127,378,14,36,21,22,46,63,80,29,67,402,10,47,44,19,24,79,77,42,60
S01008905,815,15,90,75,33,50,183,186,89,94,410,10,40,21,22,36,85,98,44,54,405,5,50,54,11,14,98,88,45,40
S01008906,608,19,65,63,32,56,138,110,55,70,309,12,28,17,24,42,66,62,29,29,299,7,37,46,8,14,72,48,26,41
S01008907,410,8,28,23,17,35,86,105,58,50,170,2,15,6,6,25,31,42,26,17,240,6,13,17,11,10,55,63,32,33
S01008908,681,45,93,94,51,64,85,117,74,58,319,27,39,24,37,44,28,65,31,24,362,18,54,70,14,20,57,52,43,34
S01008909,610,27,89,91,32,64,118,120,30,39,286,17,46,20,25,36,42,67,14,19,324,10,43,71,7,28,76,53,16,20
S01008910,349,29,68,52,26,28,50,54,12,30,158,16,29,11,13,19,20,31,4,15,191,13,39,41,13,9,30,23,8,15
S01008911,728,158,204,89,55,34,65,47,17,59,370,89,92,39,42,27,19,26,8,28,358,69,112,50,13,7,46,21,9,31
S01008912,592,93,164,97,47,42,64,40,13,32,283,56,66,27,32,34,25,28,6,9,309,37,98,70,15,8,39,12,7,23
S01008913,494,86,105,70,35,34,62,44,16,42,248,45,52,19,22,25,26,30,5,24,246,41,53,51,13,9,36,14,11,18
S01008914,630,44,119,110,46,48,100,102,17,44,293,31,49,27,32,35,31,60,9,19,337,13,70,83,14,13,69,42,8,25
S01008915,411,52,113,57,35,19,56,24,10,45,204,36,55,15,30,13,16,10,7,22,207,16,58,42,5,6,40,14,3,23
S01008916,778,26,104,105,43,61,180,153,64,42,376,14,55,29,28,43,80,74,25,28,402,12,49,76,15,18,100,79,39,14
S01008917,532,19,54,70,29,52,100,117,60,31,266,12,28,22,21,38,35,62,30,18,266,7,26,48,8,14,65,55,30,13
S01008918,415,6,32,28,27,38,83,103,63,35,198,2,21,9,22,27,25,54,27,11,217,4,11,19,5,11,58,49,36,24
S01008919,393,12,39,39,15,40,70,76,66,36,201,7,21,12,12,28,32,39,30,20,192,5,18,27,3,12,38,37,36,16
S01008920,936,157,261,130,68,50,83,58,39,90,478,102,137,45,46,34,28,39,13,34,458,55,124,85,22,16,55,19,26,56
S01008921,543,14,45,57,28,51,115,121,76,36,259,9,17,18,20,39,53,57,31,15,284,5,28,39,8,12,62,64,45,21
S01008922,587,22,75,86,42,50,123,98,54,37,282,10,38,27,26,35,50,57,24,15,305,12,37,59,16,15,73,41,30,22
S01008923,544,19,64,80,40,43,109,116,40,33,248,11,20,17,33,30,46,56,18,17,296,8,44,63,7,13,63,60,22,16
S01008924,675,17,52,70,36,57,150,141,81,71,285,9,21,12,27,34,50,65,31,36,390,8,31,58,9,23,100,76,50,35
S01008925,496,11,75,75,34,52,84,90,32,43,230,7,30,19,20,32,36,54,11,21,266,4,45,56,14,20,48,36,21,22
S01008926,462,27,68,92,33,35,83,76,25,23,226,16,35,27,24,22,33,47,12,10,236,11,33,65,9,13,50,29,13,13
S01008927,651,54,139,120,30,45,90,97,22,54,306,34,68,45,26,27,30,50,7,19,345,20,71,75,4,18,60,47,15,35
S01008928,545,45,90,50,29,48,81,87,24,91,276,26,39,15,25,31,29,48,16,47,269,19,51,35,4,17,52,39,8,44
S01008929,611,10,45,36,20,46,130,152,125,47,369,5,31,18,10,34,71,93,75,32,242,5,14,18,10,12,59,59,50,15
S01008930,634,13,48,52,27,54,134,174,85,47,290,4,24,14,20,36,52,78,34,28,344,9,24,38,7,18,82,96,51,19
S01008931,547,1,62,53,20,39,123,141,63,45,248,1,22,14,14,24,43,73,30,27,299,0,40,39,6,15,80,68,33,18
S01008932,662,61,123,96,40,59,109,73,36,65,308,33,58,33,30,35,38,32,13,36,354,28,65,63,10,24,71,41,23,29
S01008933,491,16,48,51,18,41,88,111,75,43,225,12,18,15,16,25,36,54,30,19,266,4,30,36,2,16,52,57,45,24
S01008934,567,37,83,58,36,36,110,107,53,47,273,24,36,17,25,24,47,50,26,24,294,13,47,41,11,12,63,57,27,23
S01008935,613,76,158,128,35,41,65,47,17,46,296,54,70,38,28,33,17,25,8,23,317,22,88,90,7,8,48,22,9,23
S01008936,269,64,87,38,29,14,15,3,2,17,131,42,36,5,20,9,6,2,1,10,138,22,51,33,9,5,9,1,1,7
S01008937,599,80,165,112,44,40,59,43,16,40,285,53,60,34,30,31,20,28,9,20,314,27,105,78,14,9,39,15,7,20
S01008938,478,77,136,76,45,28,45,19,6,46,240,48,63,19,33,18,15,12,5,27,238,29,73,57,12,10,30,7,1,19
S01008939,548,63,138,112,52,34,54,23,12,60,263,45,64,21,39,22,21,11,9,31,285,18,74,91,13,12,33,12,3,29
S01008940,417,116,143,56,29,8,17,9,10,29,201,70,66,10,21,7,8,3,4,12,216,46,77,46,8,1,9,6,6,17
S01008941,564,166,191,64,51,12,32,13,4,31,260,104,80,18,24,5,5,5,2,17,304,62,111,46,27,7,27,8,2,14
S01008942,508,112,151,88,42,16,34,13,12,40,237,72,60,27,25,14,11,7,2,19,271,40,91,61,17,2,23,6,10,21
S01008943,592,154,187,79,54,10,34,9,17,48,278,103,86,14,30,8,4,3,6,24,314,51,101,65,24,2,30,6,11,24
S01008944,686,177,217,94,70,19,32,15,11,51,326,115,94,17,44,8,14,8,3,23,360,62,123,77,26,11,18,7,8,28
S01008945,558,141,191,70,57,14,27,13,10,35,273,83,85,20,37,10,7,8,8,15,285,58,106,50,20,4,20,5,2,20
S01008946,636,156,204,75,62,22,44,16,14,43,316,98,101,17,31,17,21,8,4,19,320,58,103,58,31,5,23,8,10,24
S01008947,681,172,204,89,53,27,46,14,18,58,324,117,76,19,36,12,15,9,10,30,357,55,128,70,17,15,31,5,8,28
S01008948,524,107,144,78,55,28,33,25,12,42,256,58,65,23,32,22,13,17,2,24,268,49,79,55,23,6,20,8,10,18
S01008949,653,38,131,122,44,48,109,91,21,49,309,22,54,33,31,38,44,52,8,27,344,16,77,89,13,10,65,39,13,22
S01008950,651,48,128,99,51,37,127,75,27,59,320,29,57,29,42,32,43,37,16,35,331,19,71,70,9,5,84,38,11,24
S01008951,623,34,103,100,27,64,116,101,42,36,281,16,40,27,22,44,42,59,18,13,342,18,63,73,5,20,74,42,24,23
S01008952,609,29,77,93,37,42,147,108,48,28,291,20,29,38,26,30,52,58,21,17,318,9,48,55,11,12,95,50,27,11
S01008953,624,39,111,91,46,45,114,99,41,38,288,20,54,28,25,32,41,51,18,19,336,19,57,63,21,13,73,48,23,19
S01008954,577,42,105,79,42,47,104,83,38,37,288,24,43,26,35,36,44,48,13,19,289,18,62,53,7,11,60,35,25,18
S01008955,476,78,125,76,44,23,50,29,11,40,227,48,56,20,30,16,16,16,5,20,249,30,69,56,14,7,34,13,6,20
S01008956,692,90,170,137,41,44,95,53,16,46,324,54,68,44,24,34,33,36,8,23,368,36,102,93,17,10,62,17,8,23
S01008957,738,87,183,128,49,46,102,57,35,51,358,57,77,36,35,33,37,36,17,30,380,30,106,92,14,13,65,21,18,21
S01008958,516,46,123,98,31,30,69,54,33,32,262,28,63,29,22,23,29,33,17,18,254,18,60,69,9,7,40,21,16,14
S01008959,652,54,145,145,42,47,94,66,19,40,299,30,66,34,27,35,40,43,5,19,353,24,79,111,15,12,54,23,14,21
S01008960,661,174,211,77,47,23,47,14,11,57,336,104,100,18,38,16,19,8,5,28,325,70,111,59,9,7,28,6,6,29
S01008961,570,81,151,106,43,25,63,34,18,49,272,51,65,34,27,18,27,12,9,29,298,30,86,72,16,7,36,22,9,20
S01008962,481,74,143,100,34,22,47,28,8,25,220,47,66,20,29,16,10,14,3,15,261,27,77,80,5,6,37,14,5,10
S01008963,571,83,187,109,41,34,48,21,10,38,280,51,84,25,31,27,18,13,7,24,291,32,103,84,10,7,30,8,3,14
S01008964,353,78,85,65,24,18,30,9,5,39,185,50,38,20,14,13,13,9,2,26,168,28,47,45,10,5,17,0,3,13
S01008965,516,106,158,85,46,25,33,24,8,31,251,70,75,14,31,18,13,11,2,17,265,36,83,71,15,7,20,13,6,14
S01008966,411,60,109,97,29,23,34,18,7,34,194,38,49,21,23,20,13,13,3,14,217,22,60,76,6,3,21,5,4,20
S01008967,711,138,226,118,52,33,62,31,17,34,326,82,93,38,37,24,14,18,6,14,385,56,133,80,15,9,48,13,11,20
S01008968,707,146,196,133,61,28,51,20,14,58,343,93,85,35,39,22,19,14,10,26,364,53,111,98,22,6,32,6,4,32
S01008969,766,132,202,142,47,53,75,57,15,43,369,84,87,42,33,42,20,35,7,19,397,48,115,100,14,11,55,22,8,24
S01008970,752,173,257,106,51,21,57,23,16,48,377,114,118,25,30,17,22,14,13,24,375,59,139,81,21,4,35,9,3,24
S01008971,522,143,180,68,35,16,30,9,6,35,266,86,88,18,16,12,16,5,4,21,256,57,92,50,19,4,14,4,2,14
S01008972,530,163,171,76,29,11,20,10,9,41,255,106,64,21,19,7,6,4,7,21,275,57,107,55,10,4,14,6,2,20
S01008973,585,111,184,97,53,18,36,30,29,27,286,73,82,28,32,13,12,16,14,16,299,38,102,69,21,5,24,14,15,11
S01008974,546,85,166,95,28,32,57,34,17,32,252,47,79,27,18,22,21,17,5,16,294,38,87,68,10,10,36,17,12,16
S01008975,453,60,105,77,28,29,62,42,13,37,206,37,45,19,18,20,25,18,7,17,247,23,60,58,10,9,37,24,6,20
S01008976,383,80,121,57,26,12,31,21,10,25,190,49,49,14,20,10,14,13,5,16,193,31,72,43,6,2,17,8,5,9
S01008977,446,90,123,102,29,18,28,18,9,29,215,49,64,26,24,15,10,9,7,11,231,41,59,76,5,3,18,9,2,18
S01008978,439,33,97,93,28,28,73,41,4,42,210,19,44,29,20,23,25,27,1,22,229,14,53,64,8,5,48,14,3,20
S01008979,551,63,123,105,39,40,60,37,22,62,242,38,44,25,25,31,23,21,10,25,309,25,79,80,14,9,37,16,12,37
S01008980,592,45,125,110,38,49,84,62,23,56,272,26,55,24,26,38,34,33,7,29,320,19,70,86,12,11,50,29,16,27
S01008981,479,73,112,99,43,22,71,31,9,19,220,49,47,24,30,16,26,14,5,9,259,24,65,75,13,6,45,17,4,10
S01008982,596,40,102,135,32,45,90,65,27,60,270,22,47,37,26,34,31,36,10,27,326,18,55,98,6,11,59,29,17,33
S01008983,522,31,102,109,26,60,77,67,15,35,265,21,48,41,20,40,26,44,5,20,257,10,54,68,6,20,51,23,10,15
S01008984,366,31,74,78,19,36,49,44,13,22,156,20,30,25,15,25,13,19,1,8,210,11,44,53,4,11,36,25,12,14
S01008985,525,41,88,124,36,41,88,59,12,36,274,26,43,46,24,30,33,46,2,24,251,15,45,78,12,11,55,13,10,12
S01008986,534,40,137,108,49,44,77,34,13,32,268,22,69,26,37,40,31,20,7,16,266,18,68,82,12,4,46,14,6,16
S01008987,611,43,131,165,52,37,84,47,11,41,309,26,58,63,45,30,31,25,7,24,302,17,73,102,7,7,53,22,4,17
S01008988,725,92,152,145,43,53,94,60,33,53,353,57,63,45,36,38,29,34,19,32,372,35,89,100,7,15,65,26,14,21
S01008989,540,69,137,118,33,40,50,44,18,31,278,50,68,42,23,26,22,29,4,14,262,19,69,76,10,14,28,15,14,17
S01008990,625,74,155,152,37,48,60,56,18,25,319,46,78,59,32,33,18,35,2,16,306,28,77,93,5,15,42,21,16,9
S01008991,736,102,215,124,51,54,73,28,13,76,356,65,98,32,36,41,26,17,4,37,380,37,117,92,15,13,47,11,9,39
S01008992,431,37,93,87,29,33,58,38,17,39,224,25,44,29,18,27,25,26,5,25,207,12,49,58,11,6,33,12,12,14
S01008993,799,129,205,133,89,51,88,41,18,45,380,87,92,39,59,27,23,26,8,19,419,42,113,94,30,24,65,15,10,26
S01008994,577,42,87,77,48,53,95,105,30,40,276,20,36,14,37,38,34,65,13,19,301,22,51,63,11,15,61,40,17,21
S01008995,657,129,205,92,39,35,67,24,15,51,325,75,94,28,29,25,23,13,9,29,332,54,111,64,10,10,44,11,6,22
S01008996,424,27,72,59,25,40,86,72,16,27,200,17,30,15,20,24,34,40,7,13,224,10,42,44,5,16,52,32,9,14
S01008997,734,103,160,113,65,60,96,75,22,40,363,67,64,25,48,42,41,45,9,22,371,36,96,88,17,18,55,30,13,18
S01008998,454,22,65,57,21,48,97,77,28,39,215,11,29,14,12,35,41,45,10,18,239,11,36,43,9,13,56,32,18,21
S01008999,610,55,122,99,38,43,108,95,21,29,292,34,57,25,25,32,40,55,11,13,318,21,65,74,13,11,68,40,10,16
S01009000,691,107,184,119,69,44,81,45,11,31,335,72,75,34,46,30,28,32,5,13,356,35,109,85,23,14,53,13,6,18
S01009001,604,93,160,111,47,41,65,32,16,39,285,66,68,30,32,30,13,22,8,16,319,27,92,81,15,11,52,10,8,23
S01009002,593,114,183,78,44,27,67,35,17,28,304,74,86,22,22,24,25,27,8,16,289,40,97,56,22,3,42,8,9,12
S01009003,705,155,220,90,54,28,62,37,7,52,336,90,114,20,30,17,24,20,3,18,369,65,106,70,24,11,38,17,4,34
S01009004,508,41,105,117,44,44,72,56,4,25,236,29,45,26,27,37,30,28,1,13,272,12,60,91,17,7,42,28,3,12
S01009005,554,52,126,100,38,58,85,46,11,38,265,34,59,30,28,38,27,23,5,21,289,18,67,70,10,20,58,23,6,17
S01009006,546,54,114,92,31,38,77,69,25,46,254,36,45,29,17,32,31,38,10,16,292,18,69,63,14,6,46,31,15,30
S01009007,491,26,91,94,28,48,79,72,16,37,244,16,47,23,17,35,28,45,12,21,247,10,44,71,11,13,51,27,4,16
S01009008,681,127,192,118,41,32,82,46,18,25,340,89,90,30,23,23,30,26,12,17,341,38,102,88,18,9,52,20,6,8
S01009009,327,13,59,55,24,32,63,51,17,13,153,9,24,16,17,22,25,27,7,6,174,4,35,39,7,10,38,24,10,7
S01009010,798,103,217,143,40,58,93,67,9,68,378,68,106,41,27,38,23,38,4,33,420,35,111,102,13,20,70,29,5,35
S01009011,675,98,187,140,42,33,75,40,12,48,335,65,97,36,25,29,28,23,6,26,340,33,90,104,17,4,47,17,6,22
S01009012,581,76,176,106,47,33,60,34,8,41,294,51,78,32,39,24,24,19,7,20,287,25,98,74,8,9,36,15,1,21
S01009013,700,94,194,114,46,39,78,47,22,66,325,57,90,32,28,26,26,24,12,30,375,37,104,82,18,13,52,23,10,36
S01009014,446,13,77,39,66,48,108,64,13,18,224,6,32,10,47,34,44,31,7,13,222,7,45,29,19,14,64,33,6,5
S01009015,459,20,110,46,60,44,80,67,13,19,222,12,43,10,49,35,30,33,4,6,237,8,67,36,11,9,50,34,9,13
S01009016,367,17,92,33,46,41,58,56,12,12,189,10,37,8,35,30,21,32,9,7,178,7,55,25,11,11,37,24,3,5
S01009017,447,20,83,48,51,53,85,70,28,9,228,15,37,19,38,35,22,42,15,5,219,5,46,29,13,18,63,28,13,4
S01009018,559,26,108,49,74,62,90,95,14,41,298,15,45,8,60,51,27,65,7,20,261,11,63,41,14,11,63,30,7,21
S01009019,391,17,96,49,36,47,50,70,16,10,204,13,49,21,25,29,14,43,8,2,187,4,47,28,11,18,36,27,8,8
S01009020,598,41,131,80,50,55,107,90,26,18,306,30,66,29,42,37,31,48,11,12,292,11,65,51,8,18,76,42,15,6
S01009021,560,34,139,44,93,44,91,76,13,26,275,18,54,14,73,32,19,47,8,10,285,16,85,30,20,12,72,29,5,16
S01009022,675,34,164,67,95,57,115,91,18,34,346,24,73,16,73,42,33,62,8,15,329,10,91,51,22,15,82,29,10,19
S01009023,700,40,133,65,131,57,109,106,21,38,370,31,62,16,95,40,27,74,13,12,330,9,71,49,36,17,82,32,8,26
S01009024,710,34,150,67,111,65,134,117,15,17,383,23,72,24,89,43,40,75,10,7,327,11,78,43,22,22,94,42,5,10
S01009025,669,44,162,60,89,62,115,80,30,27,348,27,60,17,72,48,38,56,17,13,321,17,102,43,17,14,77,24,13,14
S01009026,679,50,137,83,78,49,110,106,29,37,345,37,50,16,64,44,30,74,19,11,334,13,87,67,14,5,80,32,10,26
S01009027,565,41,132,58,88,52,83,65,21,25,281,26,58,14,61,34,20,44,13,11,284,15,74,44,27,18,63,21,8,14
S01009028,374,22,86,39,58,40,45,61,6,17,191,12,27,10,46,27,16,43,3,7,183,10,59,29,12,13,29,18,3,10
S01009029,457,33,109,37,67,45,62,65,21,18,234,22,31,13,60,32,18,41,11,6,223,11,78,24,7,13,44,24,10,12
S01009030,540,19,108,67,63,46,89,95,21,32,277,13,33,17,50,35,28,70,14,17,263,6,75,50,13,11,61,25,7,15
S01009031,566,16,117,69,59,62,122,83,14,24,292,9,53,23,43,46,38,65,7,8,274,7,64,46,16,16,84,18,7,16
S01009032,484,29,100,60,53,42,86,84,12,18,251,19,43,13,40,33,32,60,4,7,233,10,57,47,13,9,54,24,8,11
S01009033,565,25,115,58,68,50,110,96,13,30,302,12,49,16,57,38,39,71,8,12,263,13,66,42,11,12,71,25,5,18
S01009034,496,33,112,61,42,57,78,82,10,21,260,20,53,11,32,44,28,55,8,9,236,13,59,50,10,13,50,27,2,12
S01009035,669,42,161,100,68,57,99,88,25,29,331,24,66,23,54,44,33,60,15,12,338,18,95,77,14,13,66,28,10,17
S01009036,752,45,171,102,69,75,115,105,26,44,384,28,71,25,51,55,35,83,11,25,368,17,100,77,18,20,80,22,15,19
S01009037,660,36,151,102,65,61,97,91,16,41,325,26,65,26,43,47,32,59,10,17,335,10,86,76,22,14,65,32,6,24
S01009038,793,49,170,98,62,69,131,120,37,57,391,37,76,22,45,52,35,76,20,28,402,12,94,76,17,17,96,44,17,29
S01009039,500,20,83,50,44,55,94,97,25,32,254,11,31,17,31,42,30,62,14,16,246,9,52,33,13,13,64,35,11,16
S01009040,467,22,90,59,40,30,87,73,19,47,219,12,37,18,21,23,27,46,8,27,248,10,53,41,19,7,60,27,11,20
S01009041,638,70,145,77,71,69,71,78,26,31,335,42,62,20,53,54,26,50,20,8,303,28,83,57,18,15,45,28,6,23
S01009042,620,34,114,84,43,64,108,109,27,37,298,29,53,21,30,43,37,55,13,17,322,5,61,63,13,21,71,54,14,20
S01009043,478,40,82,57,33,38,96,89,26,17,231,30,20,15,23,28,37,58,14,6,247,10,62,42,10,10,59,31,12,11
S01009044,563,38,117,70,47,54,109,96,13,19,260,28,47,18,31,38,28,60,6,4,303,10,70,52,16,16,81,36,7,15
S01009045,490,33,94,75,47,41,72,92,9,27,243,19,39,22,37,29,22,58,3,14,247,14,55,53,10,12,50,34,6,13
S01009046,641,30,168,68,64,53,112,83,10,53,313,19,77,19,42,41,36,51,7,21,328,11,91,49,22,12,76,32,3,32
S01009047,586,36,148,83,40,65,101,80,6,27,300,22,67,19,29,52,35,61,5,10,286,14,81,64,11,13,66,19,1,17
S01009048,618,45,165,80,46,52,111,75,7,37,318,28,64,28,29,43,39,61,5,21,300,17,101,52,17,9,72,14,2,16
S01009049,452,31,116,56,44,37,70,73,6,19,218,17,54,14,32,26,17,47,3,8,234,14,62,42,12,11,53,26,3,11
S01009050,585,45,126,112,42,56,61,84,31,28,298,25,54,34,32,41,24,56,17,15,287,20,72,78,10,15,37,28,14,13
S01009051,516,19,85,79,44,54,88,97,21,29,244,12,28,21,24,40,32,69,8,10,272,7,57,58,20,14,56,28,13,19
S01009052,488,25,93,87,46,44,77,79,9,28,242,12,40,25,34,40,22,53,4,12,246,13,53,62,12,4,55,26,5,16
S01009053,402,6,34,49,17,27,93,99,50,27,201,5,17,9,14,19,38,58,32,9,201,1,17,40,3,8,55,41,18,18
S01009054,444,13,74,63,24,47,78,96,27,22,211,7,34,13,17,33,21,57,17,12,233,6,40,50,7,14,57,39,10,10
S01009055,643,61,134,88,78,59,85,85,27,26,320,40,53,18,53,40,28,59,15,14,323,21,81,70,25,19,57,26,12,12
S01009056,415,12,42,47,36,25,87,107,31,28,203,10,20,9,30,19,21,71,16,7,212,2,22,38,6,6,66,36,15,21
S01009057,403,14,57,42,26,25,83,99,37,20,195,9,23,13,21,15,32,57,16,9,208,5,34,29,5,10,51,42,21,11
S01009058,594,25,108,88,27,55,107,123,27,34,293,12,44,22,16,43,35,84,20,17,301,13,64,66,11,12,72,39,7,17
S01009059,657,57,159,82,53,56,71,79,46,54,327,42,54,27,37,44,27,51,28,17,330,15,105,55,16,12,44,28,18,37
S01009060,405,46,124,59,45,26,30,35,7,33,200,29,50,12,33,25,7,28,3,13,205,17,74,47,12,1,23,7,4,20
S01009061,632,28,101,93,28,63,135,125,24,35,289,14,35,28,16,58,34,81,10,13,343,14,66,65,12,5,101,44,14,22
S01009062,485,9,56,88,30,49,96,102,31,24,236,8,30,33,18,39,28,53,15,12,249,1,26,55,12,10,68,49,16,12
S01009063,569,49,130,84,36,50,82,87,12,39,276,35,55,18,29,37,25,52,9,16,293,14,75,66,7,13,57,35,3,23
S01009064,433,15,69,70,13,38,87,97,21,23,204,11,27,15,13,31,24,62,14,7,229,4,42,55,0,7,63,35,7,16
S01009065,476,15,55,63,30,48,95,91,45,34,219,9,26,14,25,34,34,41,23,13,257,6,29,49,5,14,61,50,22,21
S01009066,539,15,84,75,36,56,112,106,36,19,265,14,35,17,23,40,44,70,15,7,274,1,49,58,13,16,68,36,21,12
S01009067,637,62,159,120,57,61,80,46,16,36,315,41,67,34,45,42,27,33,10,16,322,21,92,86,12,19,53,13,6,20
S01009068,670,35,121,124,42,78,96,106,27,41,326,23,41,21,35,60,38,72,17,19,344,12,80,103,7,18,58,34,10,22
S01009069,510,51,159,77,37,45,59,45,6,31,244,34,58,21,27,40,15,33,2,14,266,17,101,56,10,5,44,12,4,17
S01009070,494,28,102,97,53,41,73,55,13,32,241,22,43,31,37,32,22,38,4,12,253,6,59,66,16,9,51,17,9,20
S01009071,379,28,85,50,41,30,50,54,23,18,185,17,36,14,31,22,11,34,11,9,194,11,49,36,10,8,39,20,12,9
S01009072,394,34,84,55,44,30,53,50,21,23,193,16,38,14,29,24,17,35,10,10,201,18,46,41,15,6,36,15,11,13
S01009073,447,12,54,49,29,51,101,99,27,25,203,9,24,16,21,33,29,49,10,12,244,3,30,33,8,18,72,50,17,13
S01009074,538,21,58,50,28,56,100,138,51,36,246,12,23,10,25,37,22,79,25,13,292,9,35,40,3,19,78,59,26,23
S01009075,418,15,60,55,35,50,71,95,22,15,202,12,25,9,25,27,25,59,12,8,216,3,35,46,10,23,46,36,10,7
S01009076,752,49,176,129,58,73,99,98,17,53,377,33,84,39,43,49,34,71,6,18,375,16,92,90,15,24,65,27,11,35
S01009077,491,35,119,72,32,49,70,58,24,32,253,26,53,17,25,39,27,38,12,16,238,9,66,55,7,10,43,20,12,16
S01009078,567,86,179,104,35,36,50,36,13,28,282,56,87,24,17,29,24,25,5,15,285,30,92,80,18,7,26,11,8,13
S01009079,630,21,83,75,40,70,134,142,41,24,301,15,38,17,27,55,37,85,17,10,329,6,45,58,13,15,97,57,24,14
S01009080,688,21,111,90,48,79,129,143,39,28,311,12,50,19,32,59,33,81,14,11,377,9,61,71,16,20,96,62,25,17
S01009081,501,24,118,82,46,43,76,81,11,20,253,17,48,22,34,32,30,53,4,13,248,7,70,60,12,11,46,28,7,7
S01009082,734,29,102,110,66,75,131,128,44,49,362,22,44,30,52,60,44,68,20,22,372,7,58,80,14,15,87,60,24,27
S01009083,585,24,111,90,36,61,106,94,33,30,281,16,47,25,25,48,32,57,16,15,304,8,64,65,11,13,74,37,17,15
S01009084,347,26,78,48,53,23,48,39,14,18,172,17,27,14,39,18,17,27,6,7,175,9,51,34,14,5,31,12,8,11
S01009085,572,54,163,109,35,46,56,58,10,41,285,33,59,40,28,37,20,50,4,14,287,21,104,69,7,9,36,8,6,27
S01009086,524,23,98,77,39,61,91,85,27,23,255,15,44,22,25,44,31,49,16,9,269,8,54,55,14,17,60,36,11,14
S01009087,455,19,62,55,24,49,111,86,21,28,209,9,19,14,21,31,41,47,13,14,246,10,43,41,3,18,70,39,8,14
S01009088,782,76,200,123,80,61,91,83,22,46,393,50,86,37,56,48,31,47,12,26,389,26,114,86,24,13,60,36,10,20
S01009089,672,116,202,99,49,45,59,30,11,61,325,75,97,24,30,38,16,20,2,23,347,41,105,75,19,7,43,10,9,38
S01009090,634,114,215,102,44,31,55,40,20,13,339,70,97,40,29,26,33,27,10,7,295,44,118,62,15,5,22,13,10,6
S01009091,474,102,173,53,30,28,28,13,10,37,233,64,81,12,18,24,10,9,2,13,241,38,92,41,12,4,18,4,8,24
S01009092,780,77,173,121,47,82,113,94,22,51,371,57,67,27,31,58,41,59,13,18,409,20,106,94,16,24,72,35,9,33
S01009093,570,17,102,81,40,45,113,101,32,39,259,8,44,24,28,34,39,54,9,19,311,9,58,57,12,11,74,47,23,20
S01009094,489,66,183,68,23,36,52,30,8,23,229,44,75,20,14,32,9,17,5,13,260,22,108,48,9,4,43,13,3,10
S01009095,593,61,151,66,56,41,84,59,39,36,304,38,73,16,41,31,29,35,21,20,289,23,78,50,15,10,55,24,18,16
S01009096,675,109,206,107,44,38,76,49,17,29,331,62,100,29,34,29,27,30,5,15,344,47,106,78,10,9,49,19,12,14
S01009097,661,84,219,101,32,52,65,40,13,55,324,58,93,29,23,46,17,23,6,29,337,26,126,72,9,6,48,17,7,26
S01009098,386,50,129,47,29,27,40,18,12,34,188,37,61,10,15,19,9,11,6,20,198,13,68,37,14,8,31,7,6,14
S01009099,564,33,120,82,33,51,89,88,30,38,280,17,44,23,24,44,29,62,15,22,284,16,76,59,9,7,60,26,15,16
S01009100,539,22,88,62,40,55,100,91,56,25,267,15,37,16,29,39,34,55,31,11,272,7,51,46,11,16,66,36,25,14
S01009101,706,22,97,79,39,73,169,141,41,45,344,17,40,25,27,53,54,85,22,21,362,5,57,54,12,20,115,56,19,24
S01009102,572,11,58,70,22,54,129,124,62,42,267,3,25,22,19,41,49,58,33,17,305,8,33,48,3,13,80,66,29,25
S01009103,437,29,113,79,16,45,68,38,9,40,211,22,53,18,10,40,24,22,4,18,226,7,60,61,6,5,44,16,5,22
S01009104,603,24,120,91,30,67,117,93,18,43,282,16,44,17,21,56,39,62,11,16,321,8,76,74,9,11,78,31,7,27
S01009105,592,38,152,101,40,51,88,69,17,36,282,22,72,33,31,38,31,35,11,9,310,16,80,68,9,13,57,34,6,27
S01009106,403,14,84,69,22,44,68,76,15,11,190,7,29,16,18,31,23,53,8,5,213,7,55,53,4,13,45,23,7,6
S01009107,625,63,160,103,22,63,88,67,21,38,302,46,69,26,15,47,27,44,15,13,323,17,91,77,7,16,61,23,6,25
S01009108,561,53,148,101,31,58,75,56,9,30,269,34,64,27,24,53,21,34,2,10,292,19,84,74,7,5,54,22,7,20
S01009109,546,54,148,88,29,55,77,39,5,51,262,26,79,22,17,41,27,26,1,23,284,28,69,66,12,14,50,13,4,28
S01009110,453,21,90,84,32,46,75,71,10,24,211,13,34,22,23,36,21,45,6,11,242,8,56,62,9,10,54,26,4,13
S01009111,668,56,179,117,47,64,80,59,18,48,315,35,71,31,34,54,23,41,5,21,353,21,108,86,13,10,57,18,13,27
S01009112,421,54,129,58,33,39,52,31,3,22,213,36,64,17,21,32,9,20,2,12,208,18,65,41,12,7,43,11,1,10
S01009113,681,52,185,114,57,70,87,65,15,36,356,36,99,26,37,57,26,49,6,20,325,16,86,88,20,13,61,16,9,16
S01009114,597,40,126,85,40,62,83,97,18,46,305,23,55,23,27,51,24,72,8,22,292,17,71,62,13,11,59,25,10,24
S01009115,455,32,118,68,27,41,69,56,5,39,220,21,53,22,21,25,19,35,2,22,235,11,65,46,6,16,50,21,3,17
S01009116,387,34,99,76,18,41,59,23,7,30,186,25,48,11,14,35,22,16,4,11,201,9,51,65,4,6,37,7,3,19
S01009117,639,33,113,122,41,68,99,96,34,33,301,21,43,32,26,60,25,62,16,16,338,12,70,90,15,8,74,34,18,17
S01009118,459,41,114,81,28,54,48,41,7,45,232,27,52,16,22,47,18,26,3,21,227,14,62,65,6,7,30,15,4,24
S01009119,560,13,53,65,33,78,116,131,41,30,281,9,22,19,22,57,40,74,22,16,279,4,31,46,11,21,76,57,19,14
S01009120,408,15,67,39,23,42,85,88,24,25,206,11,29,10,16,33,34,50,13,10,202,4,38,29,7,9,51,38,11,15
S01009121,627,24,84,88,35,72,124,150,22,28,314,19,38,16,23,51,58,83,13,13,313,5,46,72,12,21,66,67,9,15
S01009122,719,58,161,81,68,73,109,99,29,41,341,40,66,13,44,51,29,65,16,17,378,18,95,68,24,22,80,34,13,24
S01009123,427,63,114,45,33,32,47,51,13,29,202,37,54,12,20,18,13,32,3,13,225,26,60,33,13,14,34,19,10,16
S01009124,391,29,95,58,39,33,64,58,5,10,179,21,34,10,21,22,21,43,1,6,212,8,61,48,18,11,43,15,4,4
S01009125,490,25,93,53,27,55,90,103,30,14,239,19,37,14,20,37,31,64,13,4,251,6,56,39,7,18,59,39,17,10
S01009126,428,8,37,37,18,39,95,99,68,27,211,4,20,6,11,27,37,59,39,8,217,4,17,31,7,12,58,40,29,19
S01009127,444,7,57,46,21,50,105,78,42,38,203,4,26,12,14,28,40,42,26,11,241,3,31,34,7,22,65,36,16,27
S01009128,587,15,55,60,35,63,117,147,79,16,293,8,26,18,29,45,40,80,37,10,294,7,29,42,6,18,77,67,42,6
S01009129,367,8,40,41,11,32,99,84,32,20,171,4,17,12,6,26,37,42,18,9,196,4,23,29,5,6,62,42,14,11
S01009130,474,20,95,53,30,43,88,78,37,30,242,14,44,18,24,32,27,45,23,15,232,6,51,35,6,11,61,33,14,15
S01009131,370,17,43,51,21,40,75,83,25,15,182,11,15,16,15,33,24,48,13,7,188,6,28,35,6,7,51,35,12,8
S01009132,615,56,165,111,30,46,85,56,23,43,303,43,71,37,20,38,28,34,13,19,312,13,94,74,10,8,57,22,10,24
S01009133,450,8,57,59,25,54,87,112,31,17,245,6,34,12,21,42,36,70,18,6,205,2,23,47,4,12,51,42,13,11
S01009134,689,54,148,104,34,62,120,103,23,41,333,32,70,36,24,49,35,56,15,16,356,22,78,68,10,13,85,47,8,25
S01009135,441,38,111,73,26,49,50,43,21,30,221,22,45,22,17,39,22,32,9,13,220,16,66,51,9,10,28,11,12,17
S01009136,515,49,148,78,43,29,55,48,19,46,244,28,75,22,28,25,15,27,6,18,271,21,73,56,15,4,40,21,13,28
S01009137,435,59,152,75,29,26,41,20,4,29,207,37,73,24,19,22,11,11,0,10,228,22,79,51,10,4,30,9,4,19
S01009138,679,74,175,102,63,60,74,66,24,41,344,44,78,28,43,52,25,45,10,19,335,30,97,74,20,8,49,21,14,22
S01009139,336,16,53,45,15,20,64,58,43,22,170,11,23,20,11,14,26,31,26,8,166,5,30,25,4,6,38,27,17,14
S01009140,569,39,102,70,30,62,100,102,34,30,285,25,44,17,19,47,36,62,17,18,284,14,58,53,11,15,64,40,17,12
S01009141,640,33,96,82,46,73,122,108,56,24,329,23,46,22,34,55,45,65,30,9,311,10,50,60,12,18,77,43,26,15
S01009142,487,17,92,61,24,49,86,104,31,23,277,11,49,24,18,38,43,65,21,8,210,6,43,37,6,11,43,39,10,15
S01009143,435,5,56,50,26,38,93,103,32,32,211,4,22,10,22,27,40,57,14,15,224,1,34,40,4,11,53,46,18,17
S01009144,538,60,134,96,32,52,59,56,17,32,284,37,69,25,25,42,17,41,8,20,254,23,65,71,7,10,42,15,9,12
S01009145,808,22,111,108,43,101,182,167,38,36,418,13,48,26,34,81,66,105,18,27,390,9,63,82,9,20,116,62,20,9
S01009146,700,20,108,87,37,62,137,138,61,50,344,11,55,22,29,38,54,79,26,30,356,9,53,65,8,24,83,59,35,20
S01009147,578,17,66,63,31,64,121,137,52,27,268,13,27,18,24,43,41,73,17,12,310,4,39,45,7,21,80,64,35,15
S01009148,517,14,53,43,19,66,111,141,30,40,235,8,26,13,13,46,35,71,11,12,282,6,27,30,6,20,76,70,19,28
S01009149,610,49,156,93,52,59,86,52,17,46,304,27,70,28,31,53,37,33,6,19,306,22,86,65,21,6,49,19,11,27
S01009150,455,14,45,65,27,51,112,122,19,0,207,12,15,10,20,37,42,63,8,0,248,2,30,55,7,14,70,59,11,0
S01009151,587,52,137,88,50,48,78,85,17,32,292,37,59,26,33,38,28,46,8,17,295,15,78,62,17,10,50,39,9,15
S01009152,505,31,84,87,35,52,80,94,26,16,282,21,40,27,33,41,32,65,17,6,223,10,44,60,2,11,48,29,9,10
S01009153,373,34,96,55,34,29,49,38,16,22,211,20,50,27,24,24,22,21,12,11,162,14,46,28,10,5,27,17,4,11
S01009154,684,100,198,93,69,42,61,46,29,46,337,68,81,26,52,35,20,29,7,19,347,32,117,67,17,7,41,17,22,27
S01009155,400,72,126,43,25,18,49,23,15,29,199,48,58,8,15,16,19,11,6,18,201,24,68,35,10,2,30,12,9,11
S01009156,388,71,108,53,42,25,27,21,9,32,202,50,48,18,28,17,9,11,5,16,186,21,60,35,14,8,18,10,4,16
S01009157,607,30,106,83,43,71,112,102,23,37,294,24,40,16,30,54,34,67,10,19,313,6,66,67,13,17,78,35,13,18
S01009158,395,14,87,70,21,36,77,58,17,15,184,9,38,25,13,25,26,32,6,10,211,5,49,45,8,11,51,26,11,5
S01009159,379,6,30,44,23,37,97,88,35,19,182,5,12,12,19,23,34,51,16,10,197,1,18,32,4,14,63,37,19,9
S01009160,510,14,57,62,34,65,111,111,36,20,260,14,21,18,24,55,41,62,18,7,250,0,36,44,10,10,70,49,18,13
S01009161,468,10,43,52,17,53,121,103,47,22,225,7,13,17,12,38,41,65,25,7,243,3,30,35,5,15,80,38,22,15
S01009162,579,13,99,79,17,61,100,133,58,19,298,9,51,20,12,48,44,75,29,10,281,4,48,59,5,13,56,58,29,9
S01009163,369,27,89,47,17,37,70,40,25,17,174,20,35,9,11,28,25,28,11,7,195,7,54,38,6,9,45,12,14,10
S01009164,557,12,67,66,27,81,112,129,26,37,283,8,30,22,19,57,32,79,15,21,274,4,37,44,8,24,80,50,11,16
S01009165,543,15,68,71,26,52,108,113,48,42,265,10,28,17,19,38,45,70,22,16,278,5,40,54,7,14,63,43,26,26
S01009166,627,12,61,61,31,55,143,165,64,35,300,7,17,21,28,45,45,87,35,15,327,5,44,40,3,10,98,78,29,20
S01009167,389,7,38,43,26,40,80,97,38,20,193,6,15,15,18,29,28,51,20,11,196,1,23,28,8,11,52,46,18,9
S01009168,508,58,147,77,30,49,72,43,5,27,261,42,69,26,15,35,24,29,3,18,247,16,78,51,15,14,48,14,2,9
S01009169,528,20,81,65,30,80,105,97,24,26,254,14,25,18,26,63,38,46,12,12,274,6,56,47,4,17,67,51,12,14
S01009170,518,16,65,68,37,48,101,114,39,30,249,9,32,19,24,32,38,58,22,15,269,7,33,49,13,16,63,56,17,15
S01009171,517,22,81,66,38,50,92,100,40,28,257,13,36,12,29,43,37,57,17,13,260,9,45,54,9,7,55,43,23,15
S01009172,504,109,168,60,35,25,26,27,9,45,261,68,79,18,19,17,15,14,5,26,243,41,89,42,16,8,11,13,4,19
S01009173,584,94,160,99,36,55,65,35,7,33,278,58,77,21,23,44,16,23,3,13,306,36,83,78,13,11,49,12,4,20
S01009174,343,62,112,48,31,20,27,12,11,20,177,34,58,17,17,14,12,9,5,11,166,28,54,31,14,6,15,3,6,9
S01009175,629,117,203,103,39,47,46,23,10,41,310,78,93,23,23,37,15,16,5,20,319,39,110,80,16,10,31,7,5,21
S01009176,679,131,199,108,47,59,61,25,17,32,328,79,84,30,32,47,15,17,12,12,351,52,115,78,15,12,46,8,5,20
S01009177,629,21,95,86,50,80,110,105,44,38,284,14,38,19,36,53,31,59,21,13,345,7,57,67,14,27,79,46,23,25
S01009178,549,13,70,63,35,64,106,108,51,39,255,6,30,13,29,41,29,70,26,11,294,7,40,50,6,23,77,38,25,28
S01009179,522,14,94,79,29,46,107,91,30,32,254,12,39,20,26,36,38,50,16,17,268,2,55,59,3,10,69,41,14,15
S01009180,742,24,101,96,49,82,164,155,35,36,360,19,43,28,34,72,52,76,18,18,382,5,58,68,15,10,112,79,17,18
S01009181,634,22,78,72,54,74,120,140,34,40,305,14,36,18,33,56,38,78,17,15,329,8,42,54,21,18,82,62,17,25
S01009182,754,47,180,105,72,73,112,103,25,37,377,32,75,27,47,61,37,62,15,21,377,15,105,78,25,12,75,41,10,16
S01009183,585,51,167,95,35,57,66,48,11,55,298,30,80,25,23,50,23,30,8,29,287,21,87,70,12,7,43,18,3,26
S01009184,628,38,88,67,75,54,110,110,56,30,304,26,33,16,54,36,39,68,23,9,324,12,55,51,21,18,71,42,33,21
S01009185,652,34,94,75,67,58,144,107,36,37,314,22,45,21,46,43,43,63,18,13,338,12,49,54,21,15,101,44,18,24
S01009186,609,36,99,80,49,62,112,99,35,37,307,25,38,22,40,53,29,67,17,16,302,11,61,58,9,9,83,32,18,21
S01009187,387,52,100,47,61,30,43,26,5,23,190,35,45,6,33,23,18,19,3,8,197,17,55,41,28,7,25,7,2,15
S01009188,661,39,113,70,75,65,116,105,36,42,309,23,43,15,54,49,30,69,10,16,352,16,70,55,21,16,86,36,26,26
S01009189,551,21,58,52,37,61,140,121,43,18,276,13,26,6,26,44,54,77,20,10,275,8,32,46,11,17,86,44,23,8
S01009190,604,72,157,106,60,54,60,38,21,36,308,48,75,28,40,45,21,22,11,18,296,24,82,78,20,9,39,16,10,18
S01009191,495,78,169,82,33,29,35,20,5,44,237,53,75,26,20,25,11,13,1,13,258,25,94,56,13,4,24,7,4,31
S01009192,951,37,125,75,60,79,135,182,216,42,705,24,64,25,51,67,87,156,207,24,246,13,61,50,9,12,48,26,9,18
S01009193,239,26,85,37,11,25,25,16,3,11,118,17,38,10,5,21,8,9,2,8,121,9,47,27,6,4,17,7,1,3
S01009194,619,78,187,98,44,58,60,37,9,48,309,47,99,15,34,50,15,21,4,24,310,31,88,83,10,8,45,16,5,24
S01009195,621,101,206,96,31,51,56,38,7,35,308,60,97,34,20,36,16,25,4,16,313,41,109,62,11,15,40,13,3,19
S01009196,528,39,102,77,50,54,82,58,19,47,262,21,47,17,34,38,27,39,14,25,266,18,55,60,16,16,55,19,5,22
S01009197,745,111,242,112,60,42,64,59,18,37,362,71,116,21,37,30,23,42,7,15,383,40,126,91,23,12,41,17,11,22
S01009198,557,53,168,95,46,48,55,41,14,37,277,34,80,25,31,41,21,25,5,15,280,19,88,70,15,7,34,16,9,22
S01009199,452,40,131,76,37,42,47,36,13,30,216,26,56,18,24,34,13,27,6,12,236,14,75,58,13,8,34,9,7,18
S01009200,817,136,207,124,47,69,90,75,26,43,398,90,87,31,29,57,28,51,12,13,419,46,120,93,18,12,62,24,14,30
S01009201,502,15,90,61,38,48,98,80,32,40,239,8,32,20,24,35,41,50,15,14,263,7,58,41,14,13,57,30,17,26
S01009202,373,41,118,61,27,23,45,24,10,24,185,28,58,16,18,20,14,14,6,11,188,13,60,45,9,3,31,10,4,13
S01009203,442,14,57,41,33,48,102,98,32,17,208,7,30,11,22,40,26,53,15,4,234,7,27,30,11,8,76,45,17,13
S01009204,657,42,121,91,48,48,103,111,33,60,303,30,55,19,33,41,29,54,17,25,354,12,66,72,15,7,74,57,16,35
S01009205,587,67,162,104,40,44,61,56,13,40,302,48,76,35,23,38,10,44,8,20,285,19,86,69,17,6,51,12,5,20
S01009206,663,75,202,127,25,65,73,39,17,40,323,42,91,40,17,53,31,26,8,15,340,33,111,87,8,12,42,13,9,25
S01009207,629,75,195,123,34,71,69,40,4,18,314,51,88,30,22,59,28,24,4,8,315,24,107,93,12,12,41,16,0,10
S01009208,478,55,124,73,24,48,64,40,12,38,218,35,56,19,16,34,13,22,6,17,260,20,68,54,8,14,51,18,6,21
S01009209,458,57,140,77,28,36,50,42,7,21,228,38,70,20,15,24,19,28,5,9,230,19,70,57,13,12,31,14,2,12
S01009210,429,54,125,73,39,30,57,28,9,14,217,29,63,19,25,26,22,18,7,8,212,25,62,54,14,4,35,10,2,6
S01009211,468,35,79,83,35,47,66,64,21,38,229,22,36,19,25,39,22,39,9,18,239,13,43,64,10,8,44,25,12,20
S01009212,618,19,82,85,40,66,130,139,27,30,293,12,34,20,26,53,51,75,9,13,325,7,48,65,14,13,79,64,18,17
S01009213,637,17,99,72,46,76,119,137,31,40,314,11,44,19,34,52,43,78,14,19,323,6,55,53,12,24,76,59,17,21
S01009214,741,72,196,136,42,61,99,74,17,44,357,46,92,39,26,52,31,42,9,20,384,26,104,97,16,9,68,32,8,24
S01009215,685,29,113,88,38,68,135,126,45,43,345,17,55,16,27,49,43,87,25,26,340,12,58,72,11,19,92,39,20,17
S01009216,692,19,97,91,41,95,141,140,25,43,324,13,40,16,28,66,48,84,9,20,368,6,57,75,13,29,93,56,16,23
S01009217,460,12,52,46,33,41,103,104,43,26,205,8,21,11,25,25,27,54,23,11,255,4,31,35,8,16,76,50,20,15
S01009218,607,39,128,101,39,61,97,88,17,37,303,29,62,21,32,47,22,63,8,19,304,10,66,80,7,14,75,25,9,18
S01009219,475,9,67,59,24,50,113,97,32,24,237,7,33,10,20,35,38,63,20,11,238,2,34,49,4,15,75,34,12,13
S01009220,385,18,47,60,21,39,80,78,24,18,164,13,18,11,14,30,25,41,6,6,221,5,29,49,7,9,55,37,18,12
S01009221,399,11,44,57,20,49,70,108,21,19,201,8,21,15,11,38,22,69,6,11,198,3,23,42,9,11,48,39,15,8
S01009222,377,7,33,39,21,44,82,106,19,26,175,5,15,5,16,38,25,53,10,8,202,2,18,34,5,6,57,53,9,18
S01009223,410,14,54,58,19,44,89,92,14,26,197,9,26,15,15,31,32,48,4,17,213,5,28,43,4,13,57,44,10,9
S01009224,478,14,54,65,23,58,79,130,31,24,229,9,26,10,19,40,28,72,13,12,249,5,28,55,4,18,51,58,18,12
S01009225,390,8,52,47,19,58,82,89,15,20,193,4,20,9,11,50,27,54,9,9,197,4,32,38,8,8,55,35,6,11
S01009226,690,19,120,87,29,68,130,169,49,19,321,12,54,21,23,46,46,92,20,7,369,7,66,66,6,22,84,77,29,12
S01009227,425,11,70,75,19,62,83,76,13,16,193,7,28,17,8,48,30,41,6,8,232,4,42,58,11,14,53,35,7,8
S01009228,437,10,52,48,25,38,91,112,38,23,218,6,25,10,13,32,33,68,17,14,219,4,27,38,12,6,58,44,21,9
S01009229,430,17,97,73,28,46,67,63,14,25,215,12,46,13,18,37,28,44,5,12,215,5,51,60,10,9,39,19,9,13
S01009230,469,20,106,85,29,52,71,71,17,18,244,15,48,19,23,37,25,57,10,10,225,5,58,66,6,15,46,14,7,8
S01009231,734,42,146,134,57,90,94,104,23,44,353,28,64,25,36,75,28,64,10,23,381,14,82,109,21,15,66,40,13,21
S01009232,430,10,45,49,11,47,95,86,59,28,209,5,22,12,9,32,42,53,21,13,221,5,23,37,2,15,53,33,38,15
S01009233,408,13,61,46,18,47,89,97,17,20,206,7,28,15,14,37,22,62,13,8,202,6,33,31,4,10,67,35,4,12
S01009234,735,13,60,80,27,89,162,165,78,61,362,12,33,23,17,61,62,92,39,23,373,1,27,57,10,28,100,73,39,38
S01009235,690,21,105,98,29,75,113,157,52,40,356,15,53,25,17,62,43,99,23,19,334,6,52,73,12,13,70,58,29,21
S01009236,351,23,74,66,19,39,61,41,13,15,163,18,30,15,12,32,20,22,7,7,188,5,44,51,7,7,41,19,6,8
S01009237,640,48,172,106,41,86,81,46,14,46,325,35,79,24,22,73,27,33,8,24,315,13,93,82,19,13,54,13,6,22
S01009238,581,14,81,93,12,77,110,133,32,29,269,9,38,16,8,56,34,79,16,13,312,5,43,77,4,21,76,54,16,16
S01009239,643,13,100,95,20,86,144,118,27,40,299,6,50,21,9,72,45,68,13,15,344,7,50,74,11,14,99,50,14,25
S01009240,495,8,41,53,20,54,110,119,59,31,251,7,19,7,11,39,50,72,38,8,244,1,22,46,9,15,60,47,21,23
S01009241,663,10,77,82,34,65,143,164,55,33,316,6,34,17,22,40,57,99,29,12,347,4,43,65,12,25,86,65,26,21
S01009242,570,28,127,81,30,79,110,64,20,31,274,24,61,16,18,67,37,33,8,10,296,4,66,65,12,12,73,31,12,21
S01009243,742,28,126,106,39,96,159,124,26,38,357,21,54,31,24,77,53,68,11,18,385,7,72,75,15,19,106,56,15,20
S01009244,641,59,163,120,42,70,88,58,10,31,312,40,93,18,30,57,31,27,4,12,329,19,70,102,12,13,57,31,6,19
S01009245,670,51,164,113,44,63,110,74,13,38,340,38,74,33,33,54,41,42,6,19,330,13,90,80,11,9,69,32,7,19
S01009246,606,19,83,73,36,84,146,118,21,26,297,12,39,13,27,62,56,65,10,13,309,7,44,60,9,22,90,53,11,13
S01009247,749,30,107,95,26,99,168,152,30,42,362,18,51,26,19,73,52,86,16,21,387,12,56,69,7,26,116,66,14,21
S01009248,532,25,121,78,38,68,99,49,13,41,256,16,51,17,25,55,35,27,6,24,276,9,70,61,13,13,64,22,7,17
S01009249,610,25,73,68,45,62,124,152,36,25,311,18,35,20,37,43,50,81,13,14,299,7,38,48,8,19,74,71,23,11
S01009250,484,25,65,53,30,59,116,99,17,20,215,17,26,13,23,39,31,50,7,9,269,8,39,40,7,20,85,49,10,11
S01009251,435,29,79,58,29,43,89,60,18,30,214,22,50,12,18,31,26,30,8,17,221,7,29,46,11,12,63,30,10,13
S01009252,348,45,101,59,18,32,34,24,6,29,164,28,53,10,11,27,9,12,2,12,184,17,48,49,7,5,25,12,4,17
S01009253,345,8,35,39,23,52,80,76,9,23,148,5,18,4,17,36,14,35,5,14,197,3,17,35,6,16,66,41,4,9
S01009254,595,20,64,60,26,67,133,145,53,27,283,15,34,14,15,46,51,82,18,8,312,5,30,46,11,21,82,63,35,19
S01009255,516,39,91,50,34,55,112,92,32,11,292,24,42,26,24,41,48,66,17,4,224,15,49,24,10,14,64,26,15,7
S01009256,354,28,93,46,22,38,60,47,9,11,174,19,42,11,15,35,14,27,5,6,180,9,51,35,7,3,46,20,4,5
S01009257,531,43,104,80,43,46,106,70,21,18,273,30,47,32,23,26,53,45,10,7,258,13,57,48,20,20,53,25,11,11
S01009258,481,69,125,54,61,36,68,42,11,15,248,46,52,12,43,29,26,28,4,8,233,23,73,42,18,7,42,14,7,7
S01009259,693,94,178,95,52,58,101,67,12,36,343,60,94,16,36,42,33,42,4,16,350,34,84,79,16,16,68,25,8,20
S01009260,890,60,162,132,60,81,194,131,31,39,438,34,74,40,41,66,72,78,21,12,452,26,88,92,19,15,122,53,10,27
S01009261,553,32,79,58,32,66,109,119,30,28,268,23,32,14,26,41,43,68,8,13,285,9,47,44,6,25,66,51,22,15
S01009262,397,7,43,40,16,40,102,103,19,27,185,6,17,9,12,26,42,54,8,11,212,1,26,31,4,14,60,49,11,16
S01009263,632,95,210,85,41,41,82,43,14,21,305,55,90,24,27,32,31,31,4,11,327,40,120,61,14,9,51,12,10,10
S01009264,408,28,100,61,41,36,54,48,14,26,197,21,46,12,26,30,17,31,6,8,211,7,54,49,15,6,37,17,8,18
S01009265,593,34,117,68,27,70,114,84,34,45,276,22,49,17,13,51,38,53,20,13,317,12,68,51,14,19,76,31,14,32
S01009266,634,33,98,78,41,82,125,121,31,25,315,23,45,16,29,68,50,59,17,8,319,10,53,62,12,14,75,62,14,17
S01009267,612,51,126,71,39,69,118,76,33,29,309,33,50,19,26,47,48,48,21,17,303,18,76,52,13,22,70,28,12,12
S01009268,723,45,141,77,46,69,130,136,32,47,351,27,60,24,29,50,45,76,19,21,372,18,81,53,17,19,85,60,13,26
S01009269,624,13,61,80,28,63,121,157,57,44,308,9,28,24,14,51,37,94,31,20,316,4,33,56,14,12,84,63,26,24
S01009270,430,11,40,48,30,35,97,98,41,30,211,8,16,14,24,23,34,59,17,16,219,3,24,34,6,12,63,39,24,14
S01009271,718,52,187,109,57,68,96,79,17,53,357,37,83,33,35,52,26,57,8,26,361,15,104,76,22,16,70,22,9,27
S01009272,526,7,56,58,29,50,128,111,47,40,250,6,20,16,22,35,47,68,15,21,276,1,36,42,7,15,81,43,32,19
S01009273,373,60,100,53,35,32,43,21,8,21,189,42,43,16,17,25,11,17,5,13,184,18,57,37,18,7,32,4,3,8
S01009274,471,44,100,55,30,50,82,54,18,38,227,31,42,11,17,42,22,33,7,22,244,13,58,44,13,8,60,21,11,16
S01009275,504,48,110,66,63,43,65,57,31,21,261,31,50,19,42,32,29,33,16,9,243,17,60,47,21,11,36,24,15,12
S01009276,692,80,176,103,63,61,98,59,20,32,342,53,82,22,40,47,32,36,11,19,350,27,94,81,23,14,66,23,9,13
S01009277,418,57,121,62,72,23,35,14,7,27,220,44,56,15,49,18,8,8,6,16,198,13,65,47,23,5,27,6,1,11
S01009278,405,66,129,59,27,25,40,40,7,12,192,36,57,21,16,19,10,22,4,7,213,30,72,38,11,6,30,18,3,5
S01009279,464,47,103,61,46,42,58,69,14,24,228,33,44,11,30,32,18,44,7,9,236,14,59,50,16,10,40,25,7,15
S01009280,629,6,54,58,17,79,138,186,68,23,311,4,28,12,11,58,49,104,30,15,318,2,26,46,6,21,89,82,38,8
S01009281,615,23,70,69,22,64,127,160,44,36,287,19,24,19,18,43,41,90,20,13,328,4,46,50,4,21,86,70,24,23
S01009282,572,70,155,77,62,50,65,42,20,31,273,42,73,19,41,30,22,23,9,14,299,28,82,58,21,20,43,19,11,17
S01009283,337,43,84,47,26,28,39,40,9,21,173,25,34,15,17,19,14,29,6,14,164,18,50,32,9,9,25,11,3,7
S01009284,614,70,192,98,46,38,71,41,6,52,302,52,84,20,33,24,27,29,3,30,312,18,108,78,13,14,44,12,3,22
S01009285,675,49,138,137,44,61,106,68,14,58,322,33,66,43,22,49,34,44,9,22,353,16,72,94,22,12,72,24,5,36
S01009286,590,57,174,84,53,50,83,43,11,35,293,41,80,24,33,35,26,30,7,17,297,16,94,60,20,15,57,13,4,18
S01009287,543,102,183,87,52,16,44,28,6,25,265,74,78,20,27,11,26,14,2,13,278,28,105,67,25,5,18,14,4,12
S01009288,587,92,183,82,64,31,49,35,20,31,273,60,85,16,37,24,12,22,7,10,314,32,98,66,27,7,37,13,13,21
S01009289,673,90,182,126,63,47,76,48,13,28,332,67,78,30,43,39,22,35,5,13,341,23,104,96,20,8,54,13,8,15
S01009290,471,78,144,99,41,26,39,14,7,23,227,60,57,22,32,21,9,12,1,13,244,18,87,77,9,5,30,2,6,10
S01009291,766,70,189,157,56,67,98,75,8,46,381,53,94,41,34,52,32,48,6,21,385,17,95,116,22,15,66,27,2,25
S01009292,385,8,54,44,18,43,73,92,22,31,193,6,25,10,15,34,18,55,14,16,192,2,29,34,3,9,55,37,8,15
S01009293,522,55,116,84,44,34,77,64,17,31,259,39,64,19,25,20,26,45,6,15,263,16,52,65,19,14,51,19,11,16
S01009294,388,51,114,56,34,34,48,17,7,27,189,34,49,14,22,28,13,9,4,16,199,17,65,42,12,6,35,8,3,11
S01009295,511,64,115,102,34,49,65,50,3,29,246,43,44,24,24,40,14,39,2,16,265,21,71,78,10,9,51,11,1,13
S01009296,414,35,96,62,37,43,56,40,8,37,208,24,41,19,21,34,20,28,3,18,206,11,55,43,16,9,36,12,5,19
S01009297,652,111,203,106,30,37,62,42,15,46,324,73,97,30,21,29,19,24,12,19,328,38,106,76,9,8,43,18,3,27
S01009298,740,40,112,93,39,73,154,138,53,38,355,29,50,30,30,53,50,70,25,18,385,11,62,63,9,20,104,68,28,20
S01009299,713,88,185,112,58,52,85,57,32,44,361,60,83,42,34,35,31,34,17,25,352,28,102,70,24,17,54,23,15,19
S01009300,413,43,93,55,25,39,58,47,28,25,210,25,40,18,16,31,21,26,18,15,203,18,53,37,9,8,37,21,10,10
S01009301,730,43,136,111,45,65,103,101,86,40,367,31,51,37,32,50,47,69,37,13,363,12,85,74,13,15,56,32,49,27
S01009302,650,21,86,68,22,43,160,144,65,41,291,8,32,26,13,31,56,83,30,12,359,13,54,42,9,12,104,61,35,29
S01009303,564,65,195,80,30,34,62,47,22,29,280,52,85,27,15,24,18,33,14,12,284,13,110,53,15,10,44,14,8,17
S01009304,712,51,153,126,48,60,133,89,27,25,347,38,72,33,29,39,45,64,14,13,365,13,81,93,19,21,88,25,13,12
S01009305,573,54,150,95,25,41,87,69,25,27,280,38,71,22,18,33,35,39,16,8,293,16,79,73,7,8,52,30,9,19
S01009306,828,71,184,139,49,76,114,91,54,50,403,50,76,49,33,53,36,54,26,26,425,21,108,90,16,23,78,37,28,24
S01009307,817,75,225,121,50,62,94,85,46,59,431,48,105,49,32,42,37,63,25,30,386,27,120,72,18,20,57,22,21,29
S01009308,385,53,91,59,34,28,32,39,21,28,208,33,42,23,23,16,14,25,17,15,177,20,49,36,11,12,18,14,4,13
S01009309,580,86,161,86,43,46,64,39,23,32,294,63,66,34,28,34,17,26,14,12,286,23,95,52,15,12,47,13,9,20
S01009310,720,115,201,111,49,51,79,46,18,50,349,83,90,35,23,36,25,27,7,23,371,32,111,76,26,15,54,19,11,27
S01009311,531,13,81,59,27,54,116,99,43,39,252,9,36,19,20,34,39,56,21,18,279,4,45,40,7,20,77,43,22,21
S01009312,535,55,148,91,25,32,68,54,32,30,258,38,59,38,18,22,25,33,15,10,277,17,89,53,7,10,43,21,17,20
S01009313,411,12,71,57,27,43,75,75,31,20,195,7,34,16,17,30,27,44,14,6,216,5,37,41,10,13,48,31,17,14
S01009314,510,66,109,96,27,36,81,42,22,31,256,55,50,23,19,23,30,29,12,15,254,11,59,73,8,13,51,13,10,16
S01009315,477,19,78,66,31,47,79,87,36,34,232,17,35,22,22,31,23,51,18,13,245,2,43,44,9,16,56,36,18,21
S01009316,570,113,176,83,23,32,58,26,18,41,289,80,80,20,12,26,21,18,11,21,281,33,96,63,11,6,37,8,7,20
S01009317,650,87,187,136,45,43,67,26,11,48,318,55,84,31,36,36,28,16,7,25,332,32,103,105,9,7,39,10,4,23
S01009318,467,80,159,72,23,21,58,15,1,38,216,52,74,19,10,13,22,13,1,12,251,28,85,53,13,8,36,2,0,26
S01009319,636,85,204,131,36,41,64,39,12,24,310,66,90,35,23,32,23,23,8,10,326,19,114,96,13,9,41,16,4,14
S01009320,485,53,107,85,32,39,85,52,9,23,220,38,50,19,19,24,25,30,5,10,265,15,57,66,13,15,60,22,4,13
S01009321,519,68,151,103,30,36,67,28,4,32,242,56,69,20,19,24,20,17,1,16,277,12,82,83,11,12,47,11,3,16
S01009322,610,48,141,129,40,44,83,76,16,33,295,38,63,35,33,31,27,47,10,11,315,10,78,94,7,13,56,29,6,22
S01009323,491,18,122,70,37,33,100,72,20,19,238,12,55,22,27,25,38,37,10,12,253,6,67,48,10,8,62,35,10,7
S01009324,407,19,74,63,29,33,70,79,19,21,198,10,31,14,21,23,29,50,9,11,209,9,43,49,8,10,41,29,10,10
S01009325,529,68,155,91,44,45,62,31,8,25,249,45,69,19,24,37,17,23,5,10,280,23,86,72,20,8,45,8,3,15
S01009326,420,43,116,60,11,21,55,43,32,39,205,30,62,16,6,16,14,24,18,19,215,13,54,44,5,5,41,19,14,20
S01009327,414,48,115,79,18,23,54,39,14,24,193,37,52,17,12,19,14,23,9,10,221,11,63,62,6,4,40,16,5,14
S01009328,474,79,181,79,22,29,35,22,7,20,246,54,85,23,16,26,9,18,4,11,228,25,96,56,6,3,26,4,3,9
S01009329,331,45,107,72,12,28,30,18,7,12,158,25,54,26,9,14,10,10,3,7,173,20,53,46,3,14,20,8,4,5
S01009330,349,30,91,55,21,23,61,32,12,24,161,16,45,18,10,19,20,19,4,10,188,14,46,37,11,4,41,13,8,14
S01009331,395,77,120,61,20,21,34,19,4,39,189,50,53,17,15,15,10,11,2,16,206,27,67,44,5,6,24,8,2,23
S01009332,678,96,203,117,43,37,60,47,29,46,343,61,99,40,28,24,18,34,19,20,335,35,104,77,15,13,42,13,10,26
S01009333,535,24,87,91,32,45,98,99,27,32,282,16,40,37,23,36,39,55,20,16,253,8,47,54,9,9,59,44,7,16
S01009334,473,19,61,65,24,43,85,88,51,37,233,14,29,16,11,25,36,52,30,20,240,5,32,49,13,18,49,36,21,17
S01009335,592,15,88,75,22,51,118,136,46,41,291,10,42,23,17,39,39,74,25,22,301,5,46,52,5,12,79,62,21,19
S01009336,485,12,67,52,21,50,92,82,76,33,233,7,30,20,15,36,28,44,38,15,252,5,37,32,6,14,64,38,38,18
S01009337,526,12,74,68,24,47,107,93,56,45,248,8,31,20,15,34,40,57,24,19,278,4,43,48,9,13,67,36,32,26
S01009338,547,18,69,59,20,39,113,130,68,31,264,12,30,18,16,26,45,69,36,12,283,6,39,41,4,13,68,61,32,19
S01009339,590,10,70,58,27,74,123,122,76,30,299,7,31,19,18,49,49,72,38,16,291,3,39,39,9,25,74,50,38,14
S01009340,434,6,42,49,18,40,117,112,24,26,202,6,17,16,10,29,42,55,16,11,232,0,25,33,8,11,75,57,8,15
S01009341,447,15,43,70,32,46,93,85,38,25,222,11,21,25,26,32,31,47,17,12,225,4,22,45,6,14,62,38,21,13
S01009342,547,23,73,98,31,54,92,105,39,32,269,15,32,30,20,41,25,68,18,20,278,8,41,68,11,13,67,37,21,12
S01009343,433,18,86,78,15,40,98,60,12,26,199,12,35,20,9,25,43,40,4,11,234,6,51,58,6,15,55,20,8,15
S01009344,470,9,59,69,22,50,111,99,36,15,218,8,23,20,17,33,37,54,18,8,252,1,36,49,5,17,74,45,18,7
S01009345,697,25,131,117,32,70,137,106,28,51,340,15,68,31,24,47,50,69,16,20,357,10,63,86,8,23,87,37,12,31
S01009346,474,85,177,63,43,21,40,13,11,21,241,55,85,17,29,15,17,8,3,12,233,30,92,46,14,6,23,5,8,9
S01009347,457,108,152,61,35,22,29,15,5,30,232,76,73,16,21,15,7,9,3,12,225,32,79,45,14,7,22,6,2,18
S01009348,348,56,110,56,21,20,39,14,4,28,171,39,51,16,12,16,14,14,1,8,177,17,59,40,9,4,25,0,3,20
S01009349,557,100,187,93,35,31,32,33,11,35,287,59,87,31,20,27,13,27,6,17,270,41,100,62,15,4,19,6,5,18
S01009350,440,41,133,73,22,31,56,39,14,31,216,29,64,23,15,22,17,28,5,13,224,12,69,50,7,9,39,11,9,18
S01009351,388,57,129,66,24,28,36,24,9,15,200,44,66,21,13,16,12,15,4,9,188,13,63,45,11,12,24,9,5,6
S01009352,562,101,212,79,25,29,47,21,13,35,282,59,106,23,12,23,19,16,4,20,280,42,106,56,13,6,28,5,9,15
S01009353,285,42,95,53,24,20,20,9,10,12,143,26,49,17,16,12,7,7,2,7,142,16,46,36,8,8,13,2,8,5
S01009354,628,96,214,99,46,31,56,29,13,44,313,59,101,32,32,24,22,21,5,17,315,37,113,67,14,7,34,8,8,27
S01009355,694,71,158,146,45,65,116,52,12,29,348,51,76,46,28,51,42,37,5,12,346,20,82,100,17,14,74,15,7,17
S01009356,760,64,208,156,52,71,91,67,7,44,374,47,102,43,34,54,26,44,1,23,386,17,106,113,18,17,65,23,6,21
S01009357,359,72,99,68,24,22,29,22,8,15,181,42,57,16,13,16,10,16,4,7,178,30,42,52,11,6,19,6,4,8
S01009358,528,128,173,67,35,24,39,16,6,40,265,91,81,18,19,17,10,7,3,19,263,37,92,49,16,7,29,9,3,21
S01009359,565,86,181,90,35,27,59,33,8,46,282,53,84,35,26,22,18,21,3,20,283,33,97,55,9,5,41,12,5,26
S01009360,646,95,164,111,37,50,74,61,8,46,313,71,67,34,24,37,18,36,4,22,333,24,97,77,13,13,56,25,4,24
S01009361,592,56,136,102,33,41,114,64,16,30,292,36,67,28,21,28,50,40,10,12,300,20,69,74,12,13,64,24,6,18
S01009362,802,85,192,169,33,75,113,65,17,53,400,58,95,51,23,59,35,39,8,32,402,27,97,118,10,16,78,26,9,21
S01009363,633,28,97,120,28,71,126,106,29,28,312,18,49,27,17,52,52,69,14,14,321,10,48,93,11,19,74,37,15,14
S01009364,672,35,120,125,44,83,118,73,27,47,340,19,60,40,26,57,50,54,14,20,332,16,60,85,18,26,68,19,13,27
S01009365,445,20,81,79,24,46,73,77,25,20,211,13,39,19,14,34,24,48,12,8,234,7,42,60,10,12,49,29,13,12
S01009366,549,27,72,93,45,56,112,93,27,24,273,19,27,26,24,42,50,61,11,13,276,8,45,67,21,14,62,32,16,11
S01009367,473,19,88,74,21,59,88,75,19,30,233,15,36,22,15,45,26,49,11,14,240,4,52,52,6,14,62,26,8,16
S01009368,428,12,50,75,23,41,100,79,22,26,212,10,27,19,16,31,40,52,8,9,216,2,23,56,7,10,60,27,14,17
S01009369,431,13,75,71,23,44,78,71,25,31,210,11,29,22,14,31,32,42,13,16,221,2,46,49,9,13,46,29,12,15
S01009370,668,40,111,122,32,60,134,97,35,37,329,29,52,32,25,50,43,63,16,19,339,11,59,90,7,10,91,34,19,18
S01009371,397,17,74,62,12,32,79,77,16,28,186,14,30,18,11,21,24,46,6,16,211,3,44,44,1,11,55,31,10,12
S01009372,407,18,60,53,29,50,87,63,18,29,196,12,22,17,20,32,34,38,8,13,211,6,38,36,9,18,53,25,10,16
S01009373,597,19,98,82,27,61,121,110,55,24,296,12,44,22,17,49,51,64,26,11,301,7,54,60,10,12,70,46,29,13
S01009374,653,39,101,100,33,77,127,109,36,31,325,25,39,34,21,54,45,69,24,14,328,14,62,66,12,23,82,40,12,17
S01009375,606,22,92,66,22,76,146,115,31,36,297,15,42,15,14,59,45,78,13,16,309,7,50,51,8,17,101,37,18,20
S01009376,446,16,50,79,19,49,91,95,26,21,222,10,29,22,11,36,37,58,13,6,224,6,21,57,8,13,54,37,13,15
S01009377,978,52,219,339,37,71,118,76,28,38,587,40,130,223,25,51,41,55,9,13,391,12,89,116,12,20,77,21,19,25
S01009378,717,33,125,126,43,58,136,95,27,74,342,22,60,33,33,43,49,54,15,33,375,11,65,93,10,15,87,41,12,41
S01009379,678,71,148,134,34,59,84,58,33,57,317,43,75,32,27,41,27,37,13,22,361,28,73,102,7,18,57,21,20,35
S01009380,467,27,93,79,21,47,79,62,23,36,236,15,51,24,15,31,35,39,10,16,231,12,42,55,6,16,44,23,13,20
S01009381,517,66,115,90,39,36,69,49,14,39,260,44,53,27,26,29,29,30,4,18,257,22,62,63,13,7,40,19,10,21
S01009382,605,31,96,89,43,45,120,113,23,45,300,24,40,28,31,31,57,55,12,22,305,7,56,61,12,14,63,58,11,23
S01009383,638,29,127,99,40,62,122,89,41,29,334,26,54,36,26,48,48,57,27,12,304,3,73,63,14,14,74,32,14,17
S01009384,434,81,157,59,43,19,32,11,13,19,216,57,71,16,26,18,8,5,5,10,218,24,86,43,17,1,24,6,8,9
S01009385,381,66,88,55,30,34,49,32,8,19,180,43,35,17,18,20,18,18,1,10,201,23,53,38,12,14,31,14,7,9
S01009386,497,11,89,67,24,52,119,78,24,33,226,7,39,11,16,36,46,48,11,12,271,4,50,56,8,16,73,30,13,21
S01009387,441,30,67,69,21,34,85,85,23,27,204,17,26,22,12,27,28,50,10,12,237,13,41,47,9,7,57,35,13,15
S01009388,644,26,79,77,28,61,127,120,68,58,323,18,40,24,24,42,47,70,33,25,321,8,39,53,4,19,80,50,35,33
S01009389,726,85,170,113,55,57,102,77,25,42,374,61,80,38,42,39,33,49,13,19,352,24,90,75,13,18,69,28,12,23
S01009390,543,116,175,95,26,16,47,15,4,49,272,76,93,21,17,15,11,11,3,25,271,40,82,74,9,1,36,4,1,24
S01009391,509,70,169,92,33,32,51,26,3,33,249,44,78,37,17,23,19,15,2,14,260,26,91,55,16,9,32,11,1,19
S01009392,370,65,112,71,29,19,40,12,2,20,186,46,49,24,19,17,10,10,1,10,184,19,63,47,10,2,30,2,1,10
S01009393,528,57,143,90,50,41,61,35,16,35,258,45,73,23,32,25,16,23,10,11,270,12,70,67,18,16,45,12,6,24
S01009394,695,123,196,124,46,45,53,44,20,44,349,86,98,27,32,34,16,30,6,20,346,37,98,97,14,11,37,14,14,24
S01009395,498,97,165,83,35,25,46,23,3,21,227,74,64,18,20,17,9,15,0,10,271,23,101,65,15,8,37,8,3,11
S01009396,562,117,187,81,44,19,55,15,10,34,285,84,95,19,25,14,21,11,1,15,277,33,92,62,19,5,34,4,9,19
S01009397,534,91,143,83,36,35,71,29,13,33,263,65,67,22,23,20,28,15,6,17,271,26,76,61,13,15,43,14,7,16
S01009398,533,41,133,112,42,51,79,34,11,30,260,31,65,31,26,39,24,23,8,13,273,10,68,81,16,12,55,11,3,17
S01009399,534,62,142,97,33,37,81,43,11,28,261,47,66,27,20,26,30,27,4,14,273,15,76,70,13,11,51,16,7,14
S01009400,390,23,77,84,24,39,72,39,10,22,189,15,36,31,14,30,22,23,7,11,201,8,41,53,10,9,50,16,3,11
S01009401,504,81,136,91,30,43,50,27,12,34,246,62,60,26,19,29,13,18,3,16,258,19,76,65,11,14,37,9,9,18
S01009402,693,84,215,110,63,45,74,44,13,45,339,59,106,34,37,35,19,22,3,24,354,25,109,76,26,10,55,22,10,21
S01009403,400,39,109,69,23,30,63,28,7,32,196,34,57,20,17,24,14,12,4,14,204,5,52,49,6,6,49,16,3,18
S01009404,410,15,54,42,28,51,69,87,35,29,196,5,23,9,21,35,28,48,12,15,214,10,31,33,7,16,41,39,23,14
S01009405,315,17,72,52,41,32,44,27,12,18,164,12,33,11,28,27,18,17,7,11,151,5,39,41,13,5,26,10,5,7
S01009406,695,36,133,106,60,57,111,127,31,34,335,22,53,24,47,40,45,70,15,19,360,14,80,82,13,17,66,57,16,15
S01009407,393,23,86,52,33,33,63,67,17,19,190,13,38,14,24,23,21,40,6,11,203,10,48,38,9,10,42,27,11,8
S01009408,581,62,138,95,52,62,71,56,13,32,288,37,61,35,37,44,24,34,6,10,293,25,77,60,15,18,47,22,7,22
S01009409,492,17,64,50,21,64,103,112,27,34,236,13,27,10,16,45,36,66,11,12,256,4,37,40,5,19,67,46,16,22
S01009410,667,16,76,69,45,60,164,148,49,40,326,11,37,14,28,42,60,85,28,21,341,5,39,55,17,18,104,63,21,19
S01009411,641,11,78,73,38,60,150,154,42,35,301,6,33,17,28,41,54,91,18,13,340,5,45,56,10,19,96,63,24,22
S01009412,644,11,73,84,33,76,145,164,38,20,322,5,31,25,27,57,52,97,19,9,322,6,42,59,6,19,93,67,19,11
S01009413,774,31,132,104,55,80,141,152,34,45,399,21,57,26,40,63,52,89,23,28,375,10,75,78,15,17,89,63,11,17
S01009414,503,17,85,74,30,49,99,95,22,32,239,14,38,11,21,37,34,58,11,15,264,3,47,63,9,12,65,37,11,17
S01009415,600,28,91,79,42,53,107,105,62,33,295,17,45,20,32,41,42,57,28,13,305,11,46,59,10,12,65,48,34,20
S01009416,419,28,81,76,32,52,73,36,10,31,213,25,38,23,20,33,25,25,5,19,206,3,43,53,12,19,48,11,5,12
S01009417,222,17,58,35,35,15,31,18,6,7,110,13,23,8,23,11,11,14,4,3,112,4,35,27,12,4,20,4,2,4
S01009418,834,29,105,109,53,83,171,200,44,40,430,22,41,26,41,62,79,118,25,16,404,7,64,83,12,21,92,82,19,24
S01009419,428,12,56,64,15,50,85,89,30,27,203,8,23,16,13,31,32,54,14,12,225,4,33,48,2,19,53,35,16,15
S01009420,459,7,45,32,13,33,100,148,38,43,214,4,22,12,8,22,31,79,16,20,245,3,23,20,5,11,69,69,22,23
S01009421,522,11,59,47,28,59,107,129,51,31,248,7,31,12,20,43,31,81,15,8,274,4,28,35,8,16,76,48,36,23
S01009422,584,29,87,78,23,62,118,115,33,39,279,17,32,24,19,43,39,72,18,15,305,12,55,54,4,19,79,43,15,24
S01009423,691,61,199,130,52,58,71,56,21,43,338,43,92,36,30,43,28,43,12,11,353,18,107,94,22,15,43,13,9,32
S01009424,441,44,93,74,25,40,66,58,21,20,228,31,36,25,15,33,23,41,15,9,213,13,57,49,10,7,43,17,6,11
S01009425,558,28,109,77,32,53,107,90,33,29,288,16,52,23,21,35,40,60,23,18,270,12,57,54,11,18,67,30,10,11
S01009426,566,15,68,73,28,52,131,127,45,27,256,13,22,21,19,36,39,76,18,12,310,2,46,52,9,16,92,51,27,15
S01009427,433,18,44,55,25,36,84,105,51,15,202,8,13,17,20,27,24,69,19,5,231,10,31,38,5,9,60,36,32,10
S01009428,430,13,59,52,25,48,81,94,32,26,206,8,20,13,16,32,30,57,18,12,224,5,39,39,9,16,51,37,14,14
S01009429,514,18,51,53,12,51,107,140,47,35,258,14,27,15,10,32,32,87,25,16,256,4,24,38,2,19,75,53,22,19
S01009430,547,19,69,74,33,40,128,115,36,33,254,13,28,15,28,29,43,63,22,13,293,6,41,59,5,11,85,52,14,20
S01009431,477,18,84,48,34,57,68,96,42,30,224,7,34,9,23,39,20,56,20,16,253,11,50,39,11,18,48,40,22,14
S01009432,584,7,43,59,17,60,156,144,53,45,264,4,21,12,12,40,52,84,25,14,320,3,22,47,5,20,104,60,28,31
S01009433,590,9,52,60,26,56,138,128,71,50,278,8,20,10,18,39,49,76,34,24,312,1,32,50,8,17,89,52,37,26
S01009434,398,3,50,51,26,41,69,92,38,28,204,2,20,19,20,27,23,56,24,13,194,1,30,32,6,14,46,36,14,15
S01009435,544,7,55,38,30,59,127,122,75,31,269,5,26,16,19,39,43,67,38,16,275,2,29,22,11,20,84,55,37,15
S01009436,508,17,76,66,21,56,133,87,26,26,252,12,36,17,15,45,45,58,15,9,256,5,40,49,6,11,88,29,11,17
S01009437,514,15,70,62,44,53,107,116,20,27,259,12,24,15,31,40,32,78,15,12,255,3,46,47,13,13,75,38,5,15
S01009438,635,19,74,68,47,64,126,141,43,53,300,14,30,16,31,45,37,89,16,22,335,5,44,52,16,19,89,52,27,31
S01009439,690,8,82,62,25,93,147,163,58,52,333,7,38,16,16,63,35,108,28,22,357,1,44,46,9,30,112,55,30,30
S01009440,464,17,50,58,29,46,117,104,33,10,224,12,18,14,21,33,39,70,12,5,240,5,32,44,8,13,78,34,21,5
S01009441,582,7,61,58,29,64,137,136,48,42,260,4,27,12,22,43,39,79,18,16,322,3,34,46,7,21,98,57,30,26
S01009442,415,27,93,58,55,44,57,38,16,27,207,15,38,15,39,39,19,23,7,12,208,12,55,43,16,5,38,15,9,15
S01009443,499,30,100,65,62,54,78,64,20,26,247,22,41,10,52,36,28,39,9,10,252,8,59,55,10,18,50,25,11,16
S01009444,637,53,131,106,46,68,116,55,23,39,325,41,58,40,33,49,37,41,7,19,312,12,73,66,13,19,79,14,16,20
S01009445,591,7,75,61,36,65,134,145,35,33,286,6,34,14,23,51,34,90,16,18,305,1,41,47,13,14,100,55,19,15
S01009446,632,13,67,67,34,55,144,139,71,42,314,8,22,21,22,42,53,88,38,20,318,5,45,46,12,13,91,51,33,22
S01009447,391,14,48,49,25,32,77,88,33,25,186,6,20,12,14,23,31,54,14,12,205,8,28,37,11,9,46,34,19,13
S01009448,622,38,134,84,40,63,108,101,28,26,298,28,51,22,30,45,33,66,13,10,324,10,83,62,10,18,75,35,15,16
S01009449,375,12,51,51,28,35,84,74,19,21,175,8,18,18,19,23,29,45,9,6,200,4,33,33,9,12,55,29,10,15
S01009450,444,5,39,47,23,38,91,138,50,13,213,2,13,9,17,32,21,89,24,6,231,3,26,38,6,6,70,49,26,7
S01009451,716,10,70,76,49,82,141,176,73,39,361,5,36,22,40,64,46,96,35,17,355,5,34,54,9,18,95,80,38,22
S01009452,375,7,39,44,20,27,99,89,32,18,188,7,20,9,15,26,40,55,11,5,187,0,19,35,5,1,59,34,21,13
S01009453,738,19,93,102,38,97,144,150,48,47,368,12,39,23,30,74,49,100,24,17,370,7,54,79,8,23,95,50,24,30
S01009454,658,127,210,76,48,37,70,36,15,39,323,86,79,22,30,31,24,23,8,20,335,41,131,54,18,6,46,13,7,19
S01009455,615,129,201,69,75,24,39,31,9,38,306,83,78,22,47,16,18,17,1,24,309,46,123,47,28,8,21,14,8,14
S01009456,518,22,90,56,49,49,98,103,32,19,256,10,43,16,31,32,36,61,17,10,262,12,47,40,18,17,62,42,15,9
S01009457,445,41,114,51,73,33,69,42,5,17,218,29,51,14,49,23,21,23,2,6,227,12,63,37,24,10,48,19,3,11
S01009458,481,45,114,70,42,43,72,57,17,21,230,23,48,20,24,32,23,38,7,15,251,22,66,50,18,11,49,19,10,6
S01009459,649,43,132,72,67,68,102,85,38,42,321,27,60,15,45,49,39,45,24,17,328,16,72,57,22,19,63,40,14,25
S01009460,606,17,79,52,27,66,128,134,77,26,292,12,27,20,16,40,46,84,38,9,314,5,52,32,11,26,82,50,39,17
S01009461,405,84,145,56,23,15,29,29,8,16,204,52,68,24,12,9,8,23,3,5,201,32,77,32,11,6,21,6,5,11
S01009462,502,47,92,67,29,49,84,92,16,26,260,32,45,13,18,39,30,58,8,17,242,15,47,54,11,10,54,34,8,9
S01009463,483,42,100,75,38,48,76,63,17,24,231,26,48,22,24,36,13,38,10,14,252,16,52,53,14,12,63,25,7,10
S01009464,625,53,153,112,56,59,80,61,20,31,313,33,70,45,29,43,27,42,13,11,312,20,83,67,27,16,53,19,7,20
S01009465,440,17,95,56,31,47,83,66,14,31,200,12,37,12,19,39,24,38,7,12,240,5,58,44,12,8,59,28,7,19
S01009466,428,73,122,67,39,31,45,22,8,21,203,52,50,10,21,24,21,13,3,9,225,21,72,57,18,7,24,9,5,12
S01009467,570,85,187,73,43,26,64,36,18,38,278,58,71,21,26,20,20,29,11,22,292,27,116,52,17,6,44,7,7,16
S01009468,565,28,105,77,30,59,118,92,29,27,284,22,41,21,22,40,46,60,18,14,281,6,64,56,8,19,72,32,11,13
S01009469,619,64,165,86,41,39,86,66,27,45,283,47,68,16,19,32,29,43,15,14,336,17,97,70,22,7,57,23,12,31
S01009470,348,22,85,52,25,33,62,35,14,20,166,15,40,11,13,24,22,24,7,10,182,7,45,41,12,9,40,11,7,10
S01009471,469,22,78,32,30,45,89,104,43,26,239,13,43,10,16,34,29,69,13,12,230,9,35,22,14,11,60,35,30,14
S01009472,673,58,148,50,47,43,124,82,79,42,320,35,67,16,34,30,40,42,37,19,353,23,81,34,13,13,84,40,42,23
S01009473,684,23,78,57,40,78,139,133,82,54,359,17,37,19,28,48,59,80,47,24,325,6,41,38,12,30,80,53,35,30
S01009474,649,32,112,67,48,58,126,83,74,49,342,25,53,27,30,48,51,49,37,22,307,7,59,40,18,10,75,34,37,27
S01009475,431,68,120,68,43,29,44,24,9,26,204,39,49,20,25,22,14,18,2,15,227,29,71,48,18,7,30,6,7,11
S01009476,345,56,117,33,30,17,34,22,10,26,170,39,52,6,19,10,11,18,2,13,175,17,65,27,11,7,23,4,8,13
S01009477,513,60,160,64,43,35,58,45,12,36,255,43,64,18,27,26,19,29,5,24,258,17,96,46,16,9,39,16,7,12
S01009478,691,35,169,89,46,50,114,79,48,61,366,22,73,37,34,35,52,58,26,29,325,13,96,52,12,15,62,21,22,32
S01009479,614,68,144,56,42,49,88,69,50,48,323,50,63,20,28,39,37,45,21,20,291,18,81,36,14,10,51,24,29,28
S01009480,591,81,177,75,55,34,68,47,16,38,279,53,80,16,34,29,21,28,4,14,312,28,97,59,21,5,47,19,12,24
S01009481,693,47,154,106,39,57,128,99,20,43,351,29,71,31,27,34,62,64,11,22,342,18,83,75,12,23,66,35,9,21
S01009482,477,38,98,53,30,55,87,58,15,43,241,26,44,17,19,40,38,38,7,12,236,12,54,36,11,15,49,20,8,31
S01009483,576,49,156,79,48,45,81,52,28,38,302,31,72,28,31,34,28,41,16,21,274,18,84,51,17,11,53,11,12,17
S01009484,579,49,116,90,29,40,103,60,33,59,262,31,53,24,14,32,36,39,17,16,317,18,63,66,15,8,67,21,16,43
S01009485,565,26,90,69,46,49,109,90,44,42,258,21,39,16,30,35,35,50,20,12,307,5,51,53,16,14,74,40,24,30
S01009486,445,47,116,60,31,30,65,57,15,24,211,37,48,11,21,23,23,32,5,11,234,10,68,49,10,7,42,25,10,13
S01009487,561,22,84,80,19,62,114,105,35,40,275,17,40,23,17,43,37,60,20,18,286,5,44,57,2,19,77,45,15,22
S01009488,486,23,83,68,30,49,95,73,23,42,235,16,40,24,23,33,29,41,9,20,251,7,43,44,7,16,66,32,14,22
S01009489,586,28,72,65,32,61,121,114,62,31,289,18,26,16,24,46,43,79,25,12,297,10,46,49,8,15,78,35,37,19
S01009490,623,11,54,72,20,65,131,148,78,44,293,7,23,20,15,46,41,86,40,15,330,4,31,52,5,19,90,62,38,29
S01009491,491,19,66,76,32,39,97,104,37,21,225,12,30,22,19,28,37,56,18,3,266,7,36,54,13,11,60,48,19,18
S01009492,572,8,76,74,30,59,118,145,22,40,277,5,37,19,21,46,35,87,11,16,295,3,39,55,9,13,83,58,11,24
S01009493,597,120,198,82,49,26,43,32,8,39,300,84,94,12,37,19,12,17,2,23,297,36,104,70,12,7,31,15,6,16
S01009494,714,77,209,117,61,62,80,49,17,42,354,51,87,33,42,48,27,37,8,21,360,26,122,84,19,14,53,12,9,21
S01009495,696,65,192,129,56,61,77,54,10,52,335,46,81,33,39,45,30,35,4,22,361,19,111,96,17,16,47,19,6,30
S01009496,585,17,81,83,36,67,133,114,20,34,266,13,35,18,30,46,43,66,6,9,319,4,46,65,6,21,90,48,14,25
S01009497,736,32,138,102,38,87,149,118,35,37,346,17,53,28,29,59,45,75,18,22,390,15,85,74,9,28,104,43,17,15
S01009498,507,50,153,92,31,42,56,46,10,27,256,36,69,26,24,31,19,29,6,16,251,14,84,66,7,11,37,17,4,11
S01009499,597,48,123,78,45,49,104,85,26,39,276,36,45,23,26,35,35,48,10,18,321,12,78,55,19,14,69,37,16,21
S01009500,552,10,74,65,30,47,123,110,56,37,260,9,23,20,20,35,57,56,20,20,292,1,51,45,10,12,66,54,36,17
S01009501,474,11,57,43,25,51,105,106,41,35,229,7,24,14,20,33,34,64,21,12,245,4,33,29,5,18,71,42,20,23
S01009502,615,11,76,62,35,66,149,139,41,36,283,6,34,12,26,41,54,79,16,15,332,5,42,50,9,25,95,60,25,21
S01009503,537,15,102,62,43,47,113,102,22,31,243,13,36,20,30,35,27,60,13,9,294,2,66,42,13,12,86,42,9,22
S01009504,498,8,48,50,30,54,111,116,44,37,243,6,20,13,22,36,38,64,22,22,255,2,28,37,8,18,73,52,22,15
S01009505,555,9,53,54,13,51,134,117,89,35,242,8,26,16,11,30,36,61,39,15,313,1,27,38,2,21,98,56,50,20
S01009506,527,10,71,49,27,53,138,106,44,29,248,7,30,11,24,42,50,55,19,10,279,3,41,38,3,11,88,51,25,19
S01009507,614,30,111,105,38,64,96,96,36,38,295,17,60,24,25,46,34,58,18,13,319,13,51,81,13,18,62,38,18,25
S01009508,632,8,61,62,30,70,151,131,74,45,295,5,31,12,25,53,49,65,34,21,337,3,30,50,5,17,102,66,40,24
S01009509,715,22,81,74,44,59,157,149,68,61,356,12,35,21,28,45,63,94,33,25,359,10,46,53,16,14,94,55,35,36
S01009510,538,40,139,94,35,54,83,42,17,34,249,23,53,32,25,40,33,28,3,12,289,17,86,62,10,14,50,14,14,22
S01009511,440,38,112,85,32,34,63,36,9,31,212,24,48,28,25,25,20,20,5,17,228,14,64,57,7,9,43,16,4,14
S01009512,583,45,145,120,40,46,91,57,10,29,285,33,64,40,24,36,31,38,5,14,298,12,81,80,16,10,60,19,5,15
S01009513,443,44,140,70,20,30,72,31,8,28,211,38,54,23,15,21,22,24,3,11,232,6,86,47,5,9,50,7,5,17
S01009514,553,44,158,102,35,47,86,43,8,30,268,27,80,28,25,36,27,32,3,10,285,17,78,74,10,11,59,11,5,20
S01009515,515,17,57,71,29,61,109,103,35,33,235,13,22,17,24,38,33,60,16,12,280,4,35,54,5,23,76,43,19,21
S01009516,623,21,99,89,42,65,132,113,30,32,290,12,44,21,27,42,41,69,16,18,333,9,55,68,15,23,91,44,14,14
S01009517,697,82,230,118,46,49,80,33,12,47,344,54,103,35,33,38,31,25,3,22,353,28,127,83,13,11,49,8,9,25
S01009518,658,77,206,119,51,44,78,33,11,39,317,46,90,38,35,34,27,28,4,15,341,31,116,81,16,10,51,5,7,24
S01009519,390,26,70,53,30,43,70,56,17,25,195,14,30,12,25,30,25,41,6,12,195,12,40,41,5,13,45,15,11,13
S01009520,639,59,142,89,43,52,96,86,22,50,307,43,62,19,31,34,34,50,10,24,332,16,80,70,12,18,62,36,12,26
S01009521,617,11,68,57,40,53,135,156,64,33,287,6,28,13,34,33,39,88,34,12,330,5,40,44,6,20,96,68,30,21
S01009522,713,24,87,78,55,68,137,146,63,55,333,13,33,31,36,39,51,77,26,27,380,11,54,47,19,29,86,69,37,28
S01009523,434,12,52,53,12,31,91,101,36,46,193,6,19,19,9,20,25,55,20,20,241,6,33,34,3,11,66,46,16,26
S01009524,492,24,91,55,23,39,112,69,43,36,242,14,45,18,17,31,42,35,23,17,250,10,46,37,6,8,70,34,20,19
S01009525,398,16,69,40,18,37,63,85,38,32,197,13,30,8,14,23,18,54,18,19,201,3,39,32,4,14,45,31,20,13
S01009526,541,54,145,75,39,56,83,42,19,28,274,31,71,28,26,41,35,25,10,7,267,23,74,47,13,15,48,17,9,21
S01009527,506,38,92,69,27,44,102,71,33,30,258,24,35,23,20,34,41,45,21,15,248,14,57,46,7,10,61,26,12,15
S01009528,349,32,70,43,20,38,69,53,8,16,171,22,34,8,17,25,22,33,4,6,178,10,36,35,3,13,47,20,4,10
S01009529,412,47,100,51,37,37,64,35,13,28,208,35,38,10,27,24,30,23,8,13,204,12,62,41,10,13,34,12,5,15
S01009530,429,53,132,76,30,32,50,20,7,29,214,36,54,23,20,22,22,13,4,20,215,17,78,53,10,10,28,7,3,9
S01009531,607,9,53,74,35,70,128,153,47,38,298,6,22,19,21,50,44,94,21,21,309,3,31,55,14,20,84,59,26,17
S01009532,591,12,73,67,23,67,135,144,49,21,284,8,32,24,18,48,45,77,26,6,307,4,41,43,5,19,90,67,23,15
S01009533,588,15,79,74,29,56,134,135,39,27,280,7,28,23,21,41,51,73,27,9,308,8,51,51,8,15,83,62,12,18
S01009534,587,11,63,47,39,63,125,104,87,48,284,6,29,17,31,46,43,52,42,18,303,5,34,30,8,17,82,52,45,30
S01009535,457,6,58,39,25,46,94,102,61,26,228,4,28,16,21,30,29,49,35,16,229,2,30,23,4,16,65,53,26,10
S01009536,378,13,62,43,23,44,64,77,27,25,185,9,24,12,19,30,21,44,18,8,193,4,38,31,4,14,43,33,9,17
S01009537,399,24,75,48,25,44,72,66,18,27,202,14,29,12,20,36,24,43,11,13,197,10,46,36,5,8,48,23,7,14
S01009538,579,39,106,61,41,52,108,89,59,24,287,19,47,19,25,38,46,48,39,6,292,20,59,42,16,14,62,41,20,18
S01009539,650,23,108,97,42,73,132,112,15,48,319,16,45,24,28,59,50,67,5,25,331,7,63,73,14,14,82,45,10,23
S01009540,636,18,90,65,33,67,148,118,66,31,333,13,38,18,26,47,57,80,40,14,303,5,52,47,7,20,91,38,26,17
S01009541,581,33,121,78,45,63,91,89,27,34,282,19,46,24,34,48,30,58,10,13,299,14,75,54,11,15,61,31,17,21
S01009542,539,12,58,53,41,39,120,114,71,31,255,5,21,14,28,30,39,67,41,10,284,7,37,39,13,9,81,47,30,21
S01009543,402,25,73,46,36,47,73,66,17,19,188,14,31,11,28,33,18,39,7,7,214,11,42,35,8,14,55,27,10,12
S01009544,639,33,133,89,55,55,124,94,30,26,307,25,55,20,29,40,43,63,20,12,332,8,78,69,26,15,81,31,10,14
S01009545,582,20,95,59,52,52,118,110,29,47,275,15,43,19,31,31,42,57,17,20,307,5,52,40,21,21,76,53,12,27
S01009546,752,26,127,86,52,92,148,134,49,38,376,18,54,24,34,72,49,84,25,16,376,8,73,62,18,20,99,50,24,22
S01009547,557,35,79,51,42,66,119,85,36,44,264,24,35,13,28,40,37,50,17,20,293,11,44,38,14,26,82,35,19,24
S01009548,512,24,89,66,31,49,114,88,20,31,250,20,38,13,19,33,46,52,10,19,262,4,51,53,12,16,68,36,10,12
S01009549,581,29,89,79,44,58,130,90,18,44,299,19,39,22,32,43,51,58,12,23,282,10,50,57,12,15,79,32,6,21
S01009550,374,29,85,62,19,38,61,39,10,31,175,20,34,18,16,28,24,17,5,13,199,9,51,44,3,10,37,22,5,18
S01009551,391,15,79,63,16,41,79,56,24,18,189,7,33,16,13,28,42,34,10,6,202,8,46,47,3,13,37,22,14,12
S01009552,669,40,134,78,59,65,126,109,22,36,323,28,53,18,45,49,43,61,13,13,346,12,81,60,14,16,83,48,9,23
S01009553,626,21,67,46,30,81,157,126,58,40,308,15,27,13,24,60,52,75,19,23,318,6,40,33,6,21,105,51,39,17
S01009554,504,23,76,43,55,47,116,78,36,30,257,13,27,17,38,34,43,48,21,16,247,10,49,26,17,13,73,30,15,14
S01009555,571,30,102,78,62,53,103,72,38,33,276,17,44,19,43,40,40,47,13,13,295,13,58,59,19,13,63,25,25,20
S01009556,574,14,74,68,30,57,141,103,46,41,281,11,26,22,19,38,55,62,27,21,293,3,48,46,11,19,86,41,19,20
S01009557,493,15,55,44,24,47,133,97,54,24,226,7,23,14,19,28,39,56,27,13,267,8,32,30,5,19,94,41,27,11
S01009558,486,8,44,39,19,40,138,104,50,44,221,5,12,10,13,32,53,55,17,24,265,3,32,29,6,8,85,49,33,20
S01009559,654,13,69,59,29,67,166,150,65,36,312,8,30,18,21,45,64,82,32,12,342,5,39,41,8,22,102,68,33,24
S01009560,557,16,80,53,23,45,142,107,59,32,246,12,28,18,14,33,47,57,24,13,311,4,52,35,9,12,95,50,35,19
S01009561,383,9,57,40,16,41,99,69,30,22,194,7,32,10,11,35,38,32,17,12,189,2,25,30,5,6,61,37,13,10
S01009562,547,26,98,68,22,63,112,87,28,43,274,17,43,22,12,48,53,44,14,21,273,9,55,46,10,15,59,43,14,22
S01009563,551,17,89,71,22,56,127,102,27,40,260,12,30,18,17,40,53,59,9,22,291,5,59,53,5,16,74,43,18,18
S01009564,465,24,97,70,22,43,96,69,11,33,209,16,43,23,14,25,24,43,5,16,256,8,54,47,8,18,72,26,6,17
S01009565,426,9,68,56,14,53,77,77,36,36,198,7,29,13,9,38,30,43,15,14,228,2,39,43,5,15,47,34,21,22
S01009566,780,34,154,99,41,89,175,105,28,55,372,20,73,29,29,63,67,62,7,22,408,14,81,70,12,26,108,43,21,33
S01009567,663,26,120,95,34,69,133,113,38,35,327,13,49,25,24,49,61,66,22,18,336,13,71,70,10,20,72,47,16,17
S01009568,522,16,90,65,31,57,114,81,27,41,243,11,39,21,23,31,47,43,12,16,279,5,51,44,8,26,67,38,15,25
S01009569,601,17,83,74,19,58,161,132,25,32,275,12,29,14,14,41,71,74,8,12,326,5,54,60,5,17,90,58,17,20
S01009570,400,7,60,46,20,37,90,81,22,37,185,6,21,9,14,26,35,45,9,20,215,1,39,37,6,11,55,36,13,17
S01009571,511,5,59,52,24,50,130,84,60,47,253,5,30,15,13,37,50,51,28,24,258,0,29,37,11,13,80,33,32,23
S01009572,761,14,89,79,37,64,183,156,73,66,380,9,52,24,25,36,71,96,37,30,381,5,37,55,12,28,112,60,36,36
S01009573,537,10,45,47,16,54,136,117,67,45,253,6,19,16,10,38,54,67,28,15,284,4,26,31,6,16,82,50,39,30
S01009574,719,21,96,76,39,73,160,165,38,51,335,16,34,21,27,49,66,88,16,18,384,5,62,55,12,24,94,77,22,33
S01009575,381,12,80,57,21,50,68,48,17,28,182,10,34,20,15,31,21,30,8,13,199,2,46,37,6,19,47,18,9,15
S01009576,428,37,104,82,38,41,69,31,7,19,213,30,46,24,27,38,22,14,4,8,215,7,58,58,11,3,47,17,3,11
S01009577,556,49,155,64,47,45,76,60,24,36,269,35,63,15,28,38,27,38,9,16,287,14,92,49,19,7,49,22,15,20
S01009578,574,23,120,80,33,38,113,87,35,45,277,14,52,27,25,30,45,51,14,19,297,9,68,53,8,8,68,36,21,26
S01009579,806,53,179,110,56,89,132,96,43,48,401,40,78,26,41,68,44,58,19,27,405,13,101,84,15,21,88,38,24,21
S01009580,722,50,183,118,51,67,106,66,14,67,366,36,87,39,33,53,42,39,4,33,356,14,96,79,18,14,64,27,10,34
S01009581,439,11,85,68,22,48,86,72,19,28,215,9,37,21,16,32,32,39,10,19,224,2,48,47,6,16,54,33,9,9
S01009582,380,13,70,64,23,40,80,59,14,17,167,12,24,17,13,31,37,23,5,5,213,1,46,47,10,9,43,36,9,12
S01009583,582,17,77,91,34,57,138,89,36,43,261,10,34,26,25,36,42,56,10,22,321,7,43,65,9,21,96,33,26,21
S01009584,372,33,87,54,41,30,65,31,12,19,190,25,44,13,28,20,27,19,7,7,182,8,43,41,13,10,38,12,5,12
S01009585,730,16,106,99,45,90,179,122,27,46,358,13,48,28,29,63,73,72,10,22,372,3,58,71,16,27,106,50,17,24
S01009586,494,21,91,68,25,68,95,68,36,22,243,18,39,13,19,49,35,44,12,14,251,3,52,55,6,19,60,24,24,8
S01009587,497,30,87,60,24,58,112,80,24,22,257,22,39,18,15,43,45,47,13,15,240,8,48,42,9,15,67,33,11,7
S01009588,725,20,113,82,34,94,177,118,34,53,358,12,43,29,22,60,75,75,12,30,367,8,70,53,12,34,102,43,22,23
S01009589,677,14,105,80,33,90,150,109,44,52,329,11,45,28,21,67,48,66,20,23,348,3,60,52,12,23,102,43,24,29
S01009590,543,53,172,69,39,42,68,40,13,47,270,34,73,25,27,30,28,24,7,22,273,19,99,44,12,12,40,16,6,25
S01009591,533,59,130,80,37,48,87,50,13,29,269,43,63,17,25,36,32,31,10,12,264,16,67,63,12,12,55,19,3,17
S01009592,441,60,124,55,42,37,68,30,5,20,209,38,55,13,29,24,23,18,3,6,232,22,69,42,13,13,45,12,2,14
S01009593,454,61,122,76,43,32,47,24,19,30,226,41,57,20,27,26,17,16,11,11,228,20,65,56,16,6,30,8,8,19
S01009594,525,61,132,102,32,60,64,36,12,26,260,44,54,29,21,41,26,25,7,13,265,17,78,73,11,19,38,11,5,13
S01009595,392,53,106,60,37,22,51,20,12,31,199,32,59,17,24,18,20,12,7,10,193,21,47,43,13,4,31,8,5,21
S01009596,607,21,88,81,37,61,152,97,36,34,290,14,41,22,28,46,51,57,16,15,317,7,47,59,9,15,101,40,20,19
S01009597,619,13,65,69,38,74,141,97,68,54,283,9,27,11,25,48,53,57,27,26,336,4,38,58,13,26,88,40,41,28
S01009598,483,12,57,48,32,43,108,87,51,45,229,4,24,14,21,30,37,47,29,23,254,8,33,34,11,13,71,40,22,22
S01009599,687,30,108,105,34,74,142,108,50,36,334,21,51,25,20,56,54,67,23,17,353,9,57,80,14,18,88,41,27,19
S01009600,453,13,65,54,24,43,95,91,36,32,209,10,26,9,16,26,34,53,22,13,244,3,39,45,8,17,61,38,14,19
S01009601,505,14,76,66,21,63,94,85,54,32,250,8,30,18,15,46,41,48,31,13,255,6,46,48,6,17,53,37,23,19
S01009602,592,73,177,93,38,43,77,42,16,33,290,54,82,27,24,30,26,27,7,13,302,19,95,66,14,13,51,15,9,20
S01009603,442,52,114,67,32,34,62,28,22,31,215,36,53,16,22,22,27,13,12,14,227,16,61,51,10,12,35,15,10,17
S01009604,648,30,153,78,33,79,122,93,22,38,312,20,74,18,23,54,46,57,7,13,336,10,79,60,10,25,76,36,15,25
S01009605,580,27,83,75,40,70,119,75,46,45,275,23,34,20,25,49,40,42,23,19,305,4,49,55,15,21,79,33,23,26
S01009606,413,57,140,50,26,29,55,22,12,22,194,37,62,15,14,19,22,10,7,8,219,20,78,35,12,10,33,12,5,14
S01009607,404,51,122,62,31,31,43,34,6,24,195,35,51,12,24,22,13,23,3,12,209,16,71,50,7,9,30,11,3,12
S01009608,427,21,83,57,25,43,83,74,20,21,212,15,33,16,15,28,35,44,14,12,215,6,50,41,10,15,48,30,6,9
S01009609,606,43,148,87,50,55,91,68,24,40,307,30,56,25,35,42,43,47,9,20,299,13,92,62,15,13,48,21,15,20
S01009610,732,37,167,97,40,83,141,101,23,43,356,23,76,24,28,55,55,64,12,19,376,14,91,73,12,28,86,37,11,24
S01009611,408,52,82,63,54,40,61,29,3,24,194,37,34,11,33,30,20,18,2,9,214,15,48,52,21,10,41,11,1,15
S01009612,449,21,72,72,39,40,82,83,13,27,224,13,30,19,29,27,33,53,3,17,225,8,42,53,10,13,49,30,10,10
S01009613,355,24,131,41,46,25,48,16,6,18,181,16,58,12,38,19,19,11,2,6,174,8,73,29,8,6,29,5,4,12
S01009614,388,32,83,45,47,44,55,47,10,25,191,20,42,8,29,33,18,28,4,9,197,12,41,37,18,11,37,19,6,16
S01009615,303,20,55,50,27,34,43,47,9,18,155,16,23,15,21,24,15,26,5,10,148,4,32,35,6,10,28,21,4,8
S01009616,564,29,87,76,43,68,116,75,31,39,273,15,35,21,33,54,37,50,15,13,291,14,52,55,10,14,79,25,16,26
S01009617,568,41,120,68,46,77,102,65,10,39,279,29,44,22,28,54,43,41,5,13,289,12,76,46,18,23,59,24,5,26
S01009618,528,11,63,70,33,56,128,109,38,20,255,9,26,15,26,44,46,68,15,6,273,2,37,55,7,12,82,41,23,14
S01009619,464,14,74,53,24,54,105,78,33,29,226,10,29,13,17,43,38,44,17,15,238,4,45,40,7,11,67,34,16,14
S01009620,570,10,70,44,28,68,148,123,48,31,262,9,22,13,17,47,53,67,20,14,308,1,48,31,11,21,95,56,28,17
S01009621,591,18,86,75,39,74,125,101,53,20,296,11,39,16,30,61,44,63,25,7,295,7,47,59,9,13,81,38,28,13
S01009622,536,8,52,63,31,49,123,114,74,22,266,6,20,19,25,36,52,65,34,9,270,2,32,44,6,13,71,49,40,13
S01009623,355,8,33,42,19,39,92,73,24,25,154,5,13,13,10,29,29,42,7,6,201,3,20,29,9,10,63,31,17,19
S01009624,668,19,74,58,26,79,171,155,42,44,327,14,34,16,16,63,51,89,23,21,341,5,40,42,10,16,120,66,19,23
S01009625,602,5,53,55,24,67,157,144,57,40,280,2,22,11,18,49,59,77,26,16,322,3,31,44,6,18,98,67,31,24
S01009626,424,10,30,34,22,27,108,107,57,29,189,5,13,11,16,20,36,60,16,12,235,5,17,23,6,7,72,47,41,17
S01009627,587,13,70,56,29,55,144,135,43,42,283,9,27,17,24,43,55,65,18,25,304,4,43,39,5,12,89,70,25,17
S01009628,354,7,31,34,14,35,95,92,25,21,170,5,13,7,9,23,46,42,13,12,184,2,18,27,5,12,49,50,12,9
S01009629,769,12,82,75,38,83,179,158,83,59,365,9,30,14,26,64,76,80,34,32,404,3,52,61,12,19,103,78,49,27
S01009630,582,11,55,56,20,46,131,135,76,52,260,8,22,18,15,30,44,75,29,19,322,3,33,38,5,16,87,60,47,33
S01009631,544,7,48,37,23,60,153,134,60,22,298,4,22,10,21,41,69,86,36,9,246,3,26,27,2,19,84,48,24,13
S01009632,394,6,29,26,19,43,108,95,53,15,191,5,8,9,13,33,31,58,24,10,203,1,21,17,6,10,77,37,29,5
S01009633,512,4,33,41,14,52,130,115,80,43,244,4,12,12,10,32,48,70,34,22,268,0,21,29,4,20,82,45,46,21
S01009634,362,5,33,39,6,46,89,87,42,15,177,4,16,9,6,34,32,45,25,6,185,1,17,30,0,12,57,42,17,9
S01009635,654,17,87,58,38,68,172,133,39,42,320,14,33,22,24,50,69,76,16,16,334,3,54,36,14,18,103,57,23,26
S01009636,693,12,52,56,42,76,168,136,118,33,337,8,23,17,33,51,55,85,53,12,356,4,29,39,9,25,113,51,65,21
S01009637,548,19,78,59,35,64,133,97,32,31,260,14,33,8,25,40,44,70,14,12,288,5,45,51,10,24,89,27,18,19
S01009638,514,12,54,27,26,48,114,112,75,46,248,9,26,8,22,33,44,60,28,18,266,3,28,19,4,15,70,52,47,28
S01009639,560,57,159,73,47,43,64,46,29,42,277,41,68,20,33,33,21,27,13,21,283,16,91,53,14,10,43,19,16,21
S01009640,420,13,65,48,14,44,100,79,28,29,212,9,25,7,13,31,47,53,12,15,208,4,40,41,1,13,53,26,16,14
S01009641,563,19,99,82,42,56,107,95,42,21,265,13,41,24,25,39,36,58,19,10,298,6,58,58,17,17,71,37,23,11
S01009642,706,29,140,99,44,79,126,104,40,45,345,17,63,20,23,58,51,73,23,17,361,12,77,79,21,21,75,31,17,28
S01009643,419,28,107,63,21,43,89,35,10,23,214,21,54,15,17,32,37,24,7,7,205,7,53,48,4,11,52,11,3,16
S01009644,604,28,78,67,29,65,128,128,39,42,283,18,34,19,21,50,36,63,18,24,321,10,44,48,8,15,92,65,21,18
S01009645,474,10,65,59,35,55,103,100,23,24,214,7,28,12,19,45,38,49,8,8,260,3,37,47,16,10,65,51,15,16
S01009646,430,8,58,35,33,44,109,82,30,31,204,5,20,4,21,30,49,49,12,14,226,3,38,31,12,14,60,33,18,17
S01009647,424,8,58,40,28,33,105,83,38,31,207,6,20,12,22,26,38,47,20,16,217,2,38,28,6,7,67,36,18,15
S01009648,627,12,90,70,43,83,142,109,37,41,296,7,29,17,33,61,45,71,20,13,331,5,61,53,10,22,97,38,17,28
S01009649,793,29,154,100,40,79,177,116,50,48,376,21,60,30,29,56,67,71,24,18,417,8,94,70,11,23,110,45,26,30
S01009650,565,42,173,93,50,49,79,45,6,28,278,28,79,32,32,37,29,27,1,13,287,14,94,61,18,12,50,18,5,15
S01009651,682,74,188,68,98,48,92,61,16,37,323,53,79,13,63,32,26,34,9,14,359,21,109,55,35,16,66,27,7,23
S01009652,538,90,156,67,70,28,57,33,5,32,263,71,57,18,42,19,14,23,3,16,275,19,99,49,28,9,43,10,2,16
S01009653,389,51,117,46,40,33,48,29,6,19,185,33,46,10,25,26,16,22,1,6,204,18,71,36,15,7,32,7,5,13
S01009654,408,31,104,50,41,33,60,50,10,29,193,19,40,11,24,23,24,33,6,13,215,12,64,39,17,10,36,17,4,16
S01009655,641,14,70,46,31,69,172,153,43,43,302,9,20,12,21,51,60,87,20,22,339,5,50,34,10,18,112,66,23,21
S01009656,529,14,45,29,30,59,128,136,65,23,262,7,16,7,21,49,46,74,31,11,267,7,29,22,9,10,82,62,34,12
S01009657,599,30,111,74,48,71,111,74,36,44,306,22,50,15,34,55,43,49,18,20,293,8,61,59,14,16,68,25,18,24
S01009658,535,11,74,54,26,50,142,113,39,26,256,8,27,9,20,37,55,65,19,16,279,3,47,45,6,13,87,48,20,10
S01009659,384,15,58,40,28,35,81,73,31,23,202,13,28,10,20,29,29,46,19,8,182,2,30,30,8,6,52,27,12,15
S01009660,795,27,140,96,39,72,197,131,38,55,372,20,64,27,29,49,67,75,15,26,423,7,76,69,10,23,130,56,23,29
S01009661,640,78,172,65,111,43,65,49,14,43,332,42,63,15,88,38,22,28,7,29,308,36,109,50,23,5,43,21,7,14
S01009662,552,49,126,71,68,51,77,58,16,36,284,33,53,17,45,43,27,40,7,19,268,16,73,54,23,8,50,18,9,17
S01009663,492,59,136,51,35,48,67,38,17,41,245,35,58,14,22,37,24,25,9,21,247,24,78,37,13,11,43,13,8,20
S01009664,688,104,149,91,86,45,91,61,25,36,345,69,64,19,54,33,33,43,10,20,343,35,85,72,32,12,58,18,15,16
S01009665,475,42,100,52,45,39,75,76,20,26,234,26,46,9,30,30,25,44,10,14,241,16,54,43,15,9,50,32,10,12
S01009666,561,43,136,67,66,45,75,72,22,35,287,30,58,18,43,37,21,48,15,17,274,13,78,49,23,8,54,24,7,18
S01009667,384,50,114,52,47,29,47,24,1,20,181,30,45,7,31,24,20,16,1,7,203,20,69,45,16,5,27,8,0,13
S01009668,421,48,126,55,33,40,46,33,11,29,197,33,52,14,21,26,13,24,3,11,224,15,74,41,12,14,33,9,8,18
S01009669,361,40,87,46,42,40,50,37,5,14,176,25,29,12,31,29,16,25,3,6,185,15,58,34,11,11,34,12,2,8
S01009670,586,79,150,54,52,39,81,59,23,49,285,55,51,14,32,27,38,32,11,25,301,24,99,40,20,12,43,27,12,24
S01009671,485,54,132,56,57,33,69,33,6,45,235,32,61,14,36,21,29,19,2,21,250,22,71,42,21,12,40,14,4,24
S01009672,581,37,95,76,51,60,119,100,23,20,290,26,42,17,32,47,45,59,15,7,291,11,53,59,19,13,74,41,8,13
S01009673,590,59,135,68,70,43,82,74,23,36,296,42,64,15,48,31,25,47,10,14,294,17,71,53,22,12,57,27,13,22
S01009674,651,90,172,74,76,47,71,69,17,35,327,53,75,14,57,29,25,44,10,20,324,37,97,60,19,18,46,25,7,15
S01009675,682,82,178,98,68,48,76,64,17,51,333,54,75,23,48,32,29,39,7,26,349,28,103,75,20,16,47,25,10,25
S01009676,585,53,143,65,69,56,88,71,14,26,287,31,59,19,50,38,28,40,8,14,298,22,84,46,19,18,60,31,6,12
S01009677,446,65,105,44,79,29,63,20,11,30,217,37,42,5,55,23,23,14,4,14,229,28,63,39,24,6,40,6,7,16
S01009678,442,34,69,54,42,58,79,76,6,24,215,16,28,16,30,46,25,40,4,10,227,18,41,38,12,12,54,36,2,14
S01009679,676,30,149,79,57,60,116,113,38,34,341,20,65,19,40,48,35,78,19,17,335,10,84,60,17,12,81,35,19,17
S01009680,606,40,118,64,53,69,126,79,30,27,306,30,54,16,36,51,40,47,17,15,300,10,64,48,17,18,86,32,13,12
S01009681,530,33,109,54,37,52,78,91,43,33,280,17,47,16,28,41,32,57,28,14,250,16,62,38,9,11,46,34,15,19
S01009682,458,45,151,67,28,35,67,36,11,18,220,30,72,23,16,29,21,18,4,7,238,15,79,44,12,6,46,18,7,11
S01009683,608,81,177,63,33,40,56,43,18,97,300,55,73,17,19,26,22,24,12,52,308,26,104,46,14,14,34,19,6,45
S01009684,793,114,227,100,98,41,82,48,23,60,398,78,99,27,58,37,31,31,10,27,395,36,128,73,40,4,51,17,13,33
S01009685,458,28,100,52,37,52,73,66,18,32,226,20,37,5,28,46,29,38,11,12,232,8,63,47,9,6,44,28,7,20
S01009686,816,69,164,72,42,72,150,111,34,102,385,43,74,16,29,49,53,59,16,46,431,26,90,56,13,23,97,52,18,56
S01009687,523,33,131,77,34,43,72,74,25,34,263,17,75,27,25,25,26,42,12,14,260,16,56,50,9,18,46,32,13,20
S01009688,636,20,82,59,29,70,143,130,55,48,291,13,25,18,24,45,61,63,25,17,345,7,57,41,5,25,82,67,30,31
S01009689,452,47,86,41,32,42,72,57,23,52,215,34,34,8,19,29,23,31,12,25,237,13,52,33,13,13,49,26,11,27
S01009690,531,58,128,58,31,43,86,62,29,36,257,39,49,14,23,33,26,40,15,18,274,19,79,44,8,10,60,22,14,18
S01009691,424,48,126,61,31,24,56,31,10,37,202,39,53,17,19,21,11,17,4,21,222,9,73,44,12,3,45,14,6,16
S01009692,750,80,197,108,59,56,119,78,15,38,361,53,78,27,40,43,45,48,8,19,389,27,119,81,19,13,74,30,7,19
S01009693,461,53,131,71,32,42,60,26,9,37,231,32,65,18,22,31,22,15,7,19,230,21,66,53,10,11,38,11,2,18
S01009694,694,109,185,106,42,38,104,54,10,46,321,74,73,29,26,24,39,30,4,22,373,35,112,77,16,14,65,24,6,24
S01009695,463,64,122,54,71,26,44,51,10,21,216,37,59,11,37,16,10,28,6,12,247,27,63,43,34,10,34,23,4,9
S01009696,698,122,192,71,83,43,88,38,27,34,325,81,71,8,53,31,35,22,14,10,373,41,121,63,30,12,53,16,13,24
S01009697,525,94,139,52,65,40,53,46,9,27,268,60,58,16,46,28,20,21,4,15,257,34,81,36,19,12,33,25,5,12
S01009698,458,58,123,36,86,34,48,28,6,39,229,36,51,9,54,21,21,17,1,19,229,22,72,27,32,13,27,11,5,20
S01009699,330,46,70,38,49,26,46,30,10,15,173,33,33,4,30,21,20,20,3,9,157,13,37,34,19,5,26,10,7,6
S01009700,488,37,96,44,69,47,78,66,13,38,230,22,36,12,44,31,27,33,5,20,258,15,60,32,25,16,51,33,8,18
S01009701,286,42,86,29,34,20,32,17,7,19,138,30,34,7,17,16,13,9,4,8,148,12,52,22,17,4,19,8,3,11
S01009702,472,67,101,41,84,39,58,39,7,36,253,42,47,10,66,23,21,24,3,17,219,25,54,31,18,16,37,15,4,19
S01009703,414,30,78,48,55,50,69,58,9,17,192,15,37,4,44,35,11,34,4,8,222,15,41,44,11,15,58,24,5,9
S01009704,706,59,170,69,120,59,103,72,17,37,339,40,76,14,86,41,22,38,4,18,367,19,94,55,34,18,81,34,13,19
S01009705,549,19,98,40,77,62,109,96,20,28,286,14,44,7,55,52,30,58,13,13,263,5,54,33,22,10,79,38,7,15
S01009706,440,44,83,50,69,39,66,42,16,31,230,28,34,16,48,30,26,22,9,17,210,16,49,34,21,9,40,20,7,14
S01009707,359,42,92,41,41,34,42,32,13,22,177,23,43,13,29,21,13,20,7,8,182,19,49,28,12,13,29,12,6,14
S01009708,442,50,87,55,70,34,69,45,7,25,208,33,37,9,46,27,19,23,2,12,234,17,50,46,24,7,50,22,5,13
S01009709,618,56,113,78,78,65,97,89,20,22,305,35,39,17,58,49,28,52,13,14,313,21,74,61,20,16,69,37,7,8
S01009710,406,30,83,42,66,46,53,39,14,33,205,18,40,9,45,33,18,21,9,12,201,12,43,33,21,13,35,18,5,21
S01009711,549,38,82,50,87,42,111,74,26,39,276,28,41,13,60,27,39,39,15,14,273,10,41,37,27,15,72,35,11,25
S01009712,456,39,100,40,78,49,70,37,20,23,230,30,42,11,54,35,22,15,9,12,226,9,58,29,24,14,48,22,11,11
S01009713,653,71,147,55,98,59,93,61,24,45,306,48,52,6,71,38,25,33,15,18,347,23,95,49,27,21,68,28,9,27
S01009714,662,100,161,75,92,52,81,50,12,39,321,73,69,19,54,29,26,29,6,16,341,27,92,56,38,23,55,21,6,23
S01009715,500,88,107,48,83,34,65,33,12,30,260,50,52,7,58,24,27,18,9,15,240,38,55,41,25,10,38,15,3,15
S01009716,532,91,107,46,42,29,53,40,4,120,247,53,46,10,25,20,18,20,3,52,285,38,61,36,17,9,35,20,1,68
S01009717,858,33,66,35,27,33,83,65,20,496,382,21,31,8,23,21,31,29,8,210,476,12,35,27,4,12,52,36,12,286
S01009718,563,40,73,28,31,56,82,98,18,137,277,23,41,3,21,39,28,46,13,63,286,17,32,25,10,17,54,52,5,74
S01009719,571,41,70,48,38,59,116,85,16,98,267,19,26,13,25,38,39,42,8,57,304,22,44,35,13,21,77,43,8,41
S01009720,611,44,79,47,25,69,101,108,12,126,283,27,34,9,19,51,39,48,7,49,328,17,45,38,6,18,62,60,5,77
S01009721,551,23,17,7,7,8,13,7,3,466,248,17,8,3,6,4,4,4,2,200,303,6,9,4,1,4,9,3,1,266
S01009722,1012,54,63,20,27,11,30,20,4,783,448,36,22,5,15,9,11,12,3,335,564,18,41,15,12,2,19,8,1,448
S01009723,703,44,35,18,12,12,15,13,9,545,317,27,17,4,7,5,5,6,5,241,386,17,18,14,5,7,10,7,4,304
S01009724,813,56,60,31,39,56,90,87,45,349,399,30,29,7,29,34,35,47,16,172,414,26,31,24,10,22,55,40,29,177
S01009725,627,33,38,11,16,17,22,19,16,455,279,22,20,5,10,14,6,6,8,188,348,11,18,6,6,3,16,13,8,267
S01009726,988,29,36,12,38,10,7,4,5,847,403,18,19,5,19,9,3,2,3,325,585,11,17,7,19,1,4,2,2,522
S01009727,635,112,149,53,50,36,69,40,10,116,322,75,60,6,32,26,26,21,5,71,313,37,89,47,18,10,43,19,5,45
S01009728,562,98,182,72,42,28,41,27,10,62,280,73,76,18,28,19,13,13,7,33,282,25,106,54,14,9,28,14,3,29
S01009729,454,97,146,53,32,27,31,19,9,40,224,63,57,14,22,20,11,13,2,22,230,34,89,39,10,7,20,6,7,18
S01009730,423,52,55,62,28,32,46,45,8,95,215,39,22,23,22,22,18,24,4,41,208,13,33,39,6,10,28,21,4,54
S01009731,410,76,107,48,37,13,29,16,4,80,176,58,38,14,18,9,8,7,3,21,234,18,69,34,19,4,21,9,1,59
S01009732,661,72,79,21,43,21,34,20,13,358,306,44,24,8,29,15,10,10,9,157,355,28,55,13,14,6,24,10,4,201
S01009733,397,62,90,37,46,24,61,49,4,24,195,42,35,5,33,13,22,28,1,16,202,20,55,32,13,11,39,21,3,8
S01009734,653,130,153,66,71,49,57,34,9,84,328,82,58,15,48,33,18,23,3,48,325,48,95,51,23,16,39,11,6,36
S01009735,975,151,149,57,54,10,17,5,6,526,449,104,64,10,27,5,4,4,2,229,526,47,85,47,27,5,13,1,4,297
S01009736,2500,51,46,22,26,15,17,5,12,2306,1113,35,14,6,17,10,8,4,4,1015,1387,16,32,16,9,5,9,1,8,1291
S01009737,590,17,179,108,34,45,97,76,10,24,284,10,106,44,22,24,27,35,6,10,306,7,73,64,12,21,70,41,4,14
S01009738,343,21,76,41,31,44,55,42,9,24,168,13,32,9,23,32,24,22,3,10,175,8,44,32,8,12,31,20,6,14
S01009739,566,76,180,77,37,33,55,37,16,55,290,54,100,24,22,19,19,16,9,27,276,22,80,53,15,14,36,21,7,28
S01009740,402,17,79,49,32,51,66,56,17,35,204,10,42,14,22,32,26,28,8,22,198,7,37,35,10,19,40,28,9,13
S01009741,681,42,227,273,9,18,46,35,8,23,459,34,173,212,1,7,7,13,2,10,222,8,54,61,8,11,39,22,6,13
S01009742,391,75,131,49,36,24,33,16,8,19,199,50,61,14,21,17,12,7,5,12,192,25,70,35,15,7,21,9,3,7
S01009743,694,123,182,86,78,57,65,53,15,35,341,78,68,18,54,44,22,33,8,16,353,45,114,68,24,13,43,20,7,19
S01009744,536,76,142,88,52,39,56,37,8,38,251,46,70,14,38,28,12,22,4,17,285,30,72,74,14,11,44,15,4,21
S01009745,803,104,233,120,61,56,120,45,13,51,381,69,109,29,39,44,39,26,6,20,422,35,124,91,22,12,81,19,7,31
S01009746,431,66,118,37,74,24,48,28,10,26,215,40,52,8,54,15,20,14,3,9,216,26,66,29,20,9,28,14,7,17
S01009747,506,51,121,79,40,45,64,58,19,29,244,29,51,28,26,31,25,32,8,14,262,22,70,51,14,14,39,26,11,15
S01009748,550,85,143,83,37,41,73,44,10,34,261,58,57,19,23,32,29,22,7,14,289,27,86,64,14,9,44,22,3,20
S01009749,721,109,191,97,41,57,78,73,21,54,345,66,79,30,21,38,28,55,8,20,376,43,112,67,20,19,50,18,13,34
S01009750,488,38,118,50,36,50,76,70,17,33,233,21,54,12,25,33,25,42,7,14,255,17,64,38,11,17,51,28,10,19
S01009751,627,42,129,80,27,66,115,90,26,52,296,29,46,29,20,41,48,51,15,17,331,13,83,51,7,25,67,39,11,35
S01009752,438,131,140,46,28,12,29,17,6,29,210,87,52,13,15,10,6,9,3,15,228,44,88,33,13,2,23,8,3,14
S01009753,461,87,139,52,47,19,49,31,9,28,228,50,59,20,31,14,17,17,5,15,233,37,80,32,16,5,32,14,4,13
S01009754,603,122,147,61,44,38,66,45,23,57,292,70,57,19,31,23,24,31,8,29,311,52,90,42,13,15,42,14,15,28
S01009755,495,96,155,58,32,39,36,22,19,38,245,64,60,15,22,28,10,15,8,23,250,32,95,43,10,11,26,7,11,15
S01009756,566,132,170,58,32,31,51,37,14,41,263,81,55,17,22,24,16,21,4,23,303,51,115,41,10,7,35,16,10,18
S01009757,495,135,157,45,44,18,34,10,8,44,237,85,62,7,31,14,10,4,3,21,258,50,95,38,13,4,24,6,5,23
S01009758,447,37,101,73,25,36,68,53,13,41,214,20,41,19,23,26,24,32,5,24,233,17,60,54,2,10,44,21,8,17
S01009759,661,7,37,46,30,45,159,154,105,78,270,6,11,10,25,29,48,73,35,33,391,1,26,36,5,16,111,81,70,45
S01009760,615,13,53,83,31,48,127,143,67,50,270,8,24,25,27,32,38,69,28,19,345,5,29,58,4,16,89,74,39,31
S01009761,699,47,119,121,44,69,124,81,35,59,322,31,46,27,36,50,37,54,14,27,377,16,73,94,8,19,87,27,21,32
S01009762,711,7,59,52,13,65,176,179,86,74,331,6,26,18,12,48,55,94,41,31,380,1,33,34,1,17,121,85,45,43
S01009763,572,94,147,64,69,23,52,24,28,71,282,59,66,16,49,16,14,16,4,42,290,35,81,48,20,7,38,8,24,29
S01009764,483,13,63,55,24,43,111,85,61,28,223,7,25,17,18,33,31,51,32,9,260,6,38,38,6,10,80,34,29,19
S01009765,668,30,95,111,47,72,131,75,50,57,318,13,45,33,39,50,48,47,19,24,350,17,50,78,8,22,83,28,31,33
S01009766,445,19,100,71,21,48,82,47,10,47,218,14,35,18,18,40,31,29,4,29,227,5,65,53,3,8,51,18,6,18
S01009767,413,9,42,51,19,34,91,78,59,30,200,5,15,12,11,26,35,51,26,19,213,4,27,39,8,8,56,27,33,11
S01009768,456,27,71,52,35,26,98,64,53,30,212,14,28,11,26,20,31,44,23,15,244,13,43,41,9,6,67,20,30,15
S01009769,491,41,113,77,36,36,81,51,17,39,220,21,51,24,22,26,30,28,7,11,271,20,62,53,14,10,51,23,10,28
S01009770,545,31,105,82,37,56,96,40,40,58,274,21,46,27,28,42,38,24,13,35,271,10,59,55,9,14,58,16,27,23
S01009771,652,36,129,113,60,54,94,45,51,70,307,20,59,28,49,43,35,32,11,30,345,16,70,85,11,11,59,13,40,40
S01009772,488,33,105,89,32,35,80,61,17,36,228,21,38,25,25,26,22,45,6,20,260,12,67,64,7,9,58,16,11,16
S01009773,415,50,84,46,51,29,37,17,29,72,213,31,37,13,37,26,15,11,7,36,202,19,47,33,14,3,22,6,22,36
S01009774,353,43,85,42,33,23,35,23,25,44,169,28,38,12,24,18,10,17,6,16,184,15,47,30,9,5,25,6,19,28
S01009775,631,18,42,46,14,58,153,143,86,71,285,11,20,11,12,43,47,71,39,31,346,7,22,35,2,15,106,72,47,40
S01009776,470,7,37,31,8,46,107,110,95,29,192,5,15,4,7,26,27,49,46,13,278,2,22,27,1,20,80,61,49,16
S01009777,366,8,36,50,16,31,93,68,29,35,194,4,9,23,16,20,45,43,14,20,172,4,27,27,0,11,48,25,15,15
S01009778,623,16,45,58,23,58,159,158,57,49,301,7,15,15,19,41,61,89,29,25,322,9,30,43,4,17,98,69,28,24
S01009779,375,3,22,39,12,37,88,90,44,40,168,2,7,9,10,18,27,52,22,21,207,1,15,30,2,19,61,38,22,19
S01009780,435,4,27,34,10,20,104,98,92,46,183,2,8,8,9,14,34,44,41,23,252,2,19,26,1,6,70,54,51,23
S01009781,392,2,36,42,6,33,95,94,57,27,175,1,9,17,5,23,37,41,30,12,217,1,27,25,1,10,58,53,27,15
S01009782,392,24,60,47,28,31,71,54,45,32,187,16,27,15,23,21,28,29,13,15,205,8,33,32,5,10,43,25,32,17
S01009783,544,7,64,53,21,45,137,112,75,30,231,5,20,13,17,25,49,54,33,15,313,2,44,40,4,20,88,58,42,15
S01009784,559,12,54,55,14,48,141,116,66,53,255,6,16,21,11,32,50,58,28,33,304,6,38,34,3,16,91,58,38,20
S01009785,588,9,53,63,25,40,145,130,80,43,257,4,13,16,20,26,50,78,29,21,331,5,40,47,5,14,95,52,51,22
S01009786,684,13,56,81,23,39,179,148,90,55,318,5,27,19,21,28,56,87,45,30,366,8,29,62,2,11,123,61,45,25
S01009787,642,10,57,76,27,51,154,131,92,44,296,5,25,25,19,36,56,71,44,15,346,5,32,51,8,15,98,60,48,29
S01009788,600,21,72,90,33,40,137,128,37,42,281,11,28,24,25,31,42,83,17,20,319,10,44,66,8,9,95,45,20,22
S01009789,648,23,77,78,27,60,144,138,46,55,290,10,26,17,22,38,47,86,18,26,358,13,51,61,5,22,97,52,28,29
S01009790,468,14,60,65,13,48,108,90,38,32,220,6,21,15,10,36,49,50,16,17,248,8,39,50,3,12,59,40,22,15
S01009791,478,11,47,41,26,39,118,85,73,38,215,6,14,4,21,27,46,53,33,11,263,5,33,37,5,12,72,32,40,27
S01009792,706,98,172,83,53,42,77,46,42,93,353,52,88,27,44,28,25,27,14,48,353,46,84,56,9,14,52,19,28,45
S01009793,684,47,149,126,50,61,104,74,25,48,329,27,56,34,38,53,44,44,10,23,355,20,93,92,12,8,60,30,15,25
S01009794,387,42,109,83,20,29,47,27,7,23,180,28,44,26,11,28,15,19,4,5,207,14,65,57,9,1,32,8,3,18
S01009795,632,76,154,132,47,45,56,38,15,69,295,46,58,40,36,34,21,24,4,32,337,30,96,92,11,11,35,14,11,37
S01009796,565,49,146,88,49,44,95,37,19,38,274,33,58,24,40,35,37,22,7,18,291,16,88,64,9,9,58,15,12,20
S01009797,590,54,150,106,45,49,62,46,26,52,293,35,58,29,36,36,32,31,13,23,297,19,92,77,9,13,30,15,13,29
S01009798,538,49,149,91,46,35,65,32,12,59,254,32,66,26,31,25,18,23,6,27,284,17,83,65,15,10,47,9,6,32
S01009799,600,7,48,74,16,42,149,135,87,42,271,5,25,16,12,29,56,59,49,20,329,2,23,58,4,13,93,76,38,22
S01009800,807,19,89,112,44,65,173,148,79,78,370,13,35,35,36,43,62,81,37,28,437,6,54,77,8,22,111,67,42,50
S01009801,640,8,59,87,21,50,139,153,68,55,292,5,28,22,17,34,54,79,31,22,348,3,31,65,4,16,85,74,37,33
S01009802,735,21,104,110,29,69,149,106,75,72,324,11,43,32,25,48,53,61,33,18,411,10,61,78,4,21,96,45,42,54
S01009803,576,13,79,60,28,33,124,104,65,70,262,9,24,12,16,23,36,63,39,40,314,4,55,48,12,10,88,41,26,30
S01009804,427,57,103,41,16,31,61,40,60,18,245,31,45,18,14,23,28,28,49,9,182,26,58,23,2,8,33,12,11,9
S01009805,696,29,68,90,19,44,162,133,74,77,319,18,28,29,11,25,55,77,36,40,377,11,40,61,8,19,107,56,38,37
S01009806,605,25,107,98,28,45,133,93,30,46,284,12,45,19,25,31,56,53,16,27,321,13,62,79,3,14,77,40,14,19
S01009807,727,20,98,113,28,82,164,85,84,53,341,12,32,34,23,58,64,47,43,28,386,8,66,79,5,24,100,38,41,25
S01009808,637,7,69,58,34,50,144,98,109,68,309,2,35,16,28,35,53,54,50,36,328,5,34,42,6,15,91,44,59,32
S01009809,509,23,93,82,23,40,117,72,27,32,242,15,42,22,19,28,46,40,13,17,267,8,51,60,4,12,71,32,14,15
S01009810,596,11,83,86,20,57,130,105,68,36,276,6,35,23,14,44,42,61,30,21,320,5,48,63,6,13,88,44,38,15
S01009811,793,23,103,103,34,53,190,149,88,50,374,12,34,28,30,40,76,91,39,24,419,11,69,75,4,13,114,58,49,26
S01009812,538,19,78,96,28,48,104,86,48,31,256,11,30,26,22,30,45,49,28,15,282,8,48,70,6,18,59,37,20,16
S01009813,494,5,33,46,22,31,111,81,97,68,212,2,17,16,18,20,34,35,33,37,282,3,16,30,4,11,77,46,64,31
S01009814,614,40,134,85,34,52,80,91,37,61,304,25,50,14,29,39,39,60,13,35,310,15,84,71,5,13,41,31,24,26
S01009815,547,28,118,91,25,36,90,84,25,50,259,18,48,29,17,26,28,58,13,22,288,10,70,62,8,10,62,26,12,28
S01009816,545,29,110,85,30,56,107,62,16,50,248,15,36,23,26,41,36,44,7,20,297,14,74,62,4,15,71,18,9,30
S01009817,486,23,95,78,15,49,97,60,35,34,231,10,52,15,10,36,33,39,19,17,255,13,43,63,5,13,64,21,16,17
S01009818,716,65,198,139,49,54,84,45,25,57,340,44,84,30,33,42,32,29,15,31,376,21,114,109,16,12,52,16,10,26
S01009819,456,40,104,80,32,31,67,50,20,32,222,15,46,17,27,23,33,35,12,14,234,25,58,63,5,8,34,15,8,18
S01009820,686,38,150,132,37,59,122,69,36,43,320,24,55,41,33,42,50,37,20,18,366,14,95,91,4,17,72,32,16,25
S01009821,490,50,120,68,31,28,66,49,20,58,231,34,42,22,23,23,29,31,9,18,259,16,78,46,8,5,37,18,11,40
S01009822,334,16,64,48,12,28,64,55,25,22,155,12,21,20,10,19,22,31,9,11,179,4,43,28,2,9,42,24,16,11
S01009823,501,13,61,60,13,46,103,97,61,47,219,7,18,14,12,31,34,56,31,16,282,6,43,46,1,15,69,41,30,31
S01009824,594,19,90,78,21,68,113,119,48,38,282,11,32,18,14,49,39,71,28,20,312,8,58,60,7,19,74,48,20,18
S01009825,723,24,107,98,34,52,145,148,62,53,331,15,44,26,25,37,54,73,29,28,392,9,63,72,9,15,91,75,33,25
S01009826,402,8,45,43,17,38,97,74,45,35,180,5,15,8,8,26,33,49,19,17,222,3,30,35,9,12,64,25,26,18
S01009827,624,9,67,82,19,45,141,156,47,58,275,5,25,15,15,32,49,94,24,16,349,4,42,67,4,13,92,62,23,42
S01009828,551,17,73,65,19,56,112,110,72,27,248,10,29,14,17,37,37,64,34,6,303,7,44,51,2,19,75,46,38,21
S01009829,712,33,123,132,29,75,122,93,60,45,345,25,46,33,24,51,52,63,29,22,367,8,77,99,5,24,70,30,31,23
S01009830,576,12,84,112,23,45,115,104,39,42,273,9,35,35,22,29,42,64,15,22,303,3,49,77,1,16,73,40,24,20
S01009831,560,22,107,116,15,39,110,70,31,50,263,11,48,35,13,34,45,42,14,21,297,11,59,81,2,5,65,28,17,29
S01009832,717,44,146,120,33,64,136,91,35,48,307,29,51,25,25,43,52,49,14,19,410,15,95,95,8,21,84,42,21,29
S01009833,441,18,115,58,26,34,65,65,28,32,208,11,44,14,17,26,30,37,10,19,233,7,71,44,9,8,35,28,18,13
S01009834,606,19,91,97,27,40,113,111,58,50,254,9,42,20,21,26,36,58,26,16,352,10,49,77,6,14,77,53,32,34
S01009835,376,10,24,44,13,25,97,98,33,32,159,7,12,10,11,13,28,51,15,12,217,3,12,34,2,12,69,47,18,20
S01009836,723,31,121,102,36,64,132,133,56,48,349,20,49,19,27,49,62,73,28,22,374,11,72,83,9,15,70,60,28,26
S01009837,481,10,58,71,16,40,101,118,44,23,227,6,22,17,15,26,46,63,25,7,254,4,36,54,1,14,55,55,19,16
S01009838,563,20,91,71,22,51,96,107,69,36,253,9,37,24,17,31,36,53,33,13,310,11,54,47,5,20,60,54,36,23
S01009839,795,23,95,115,21,61,171,150,98,61,372,19,32,33,18,37,68,91,55,19,423,4,63,82,3,24,103,59,43,42
S01009840,731,27,88,110,32,61,150,154,70,39,346,17,38,26,23,46,59,82,35,20,385,10,50,84,9,15,91,72,35,19
S01009841,651,18,87,67,16,60,125,128,91,59,345,16,34,25,11,38,56,77,58,30,306,2,53,42,5,22,69,51,33,29
S01009842,511,15,52,42,19,43,94,89,88,69,248,8,26,13,16,29,37,44,40,35,263,7,26,29,3,14,57,45,48,34
S01009843,467,8,39,52,9,37,83,111,94,34,240,7,13,17,7,29,44,55,52,16,227,1,26,35,2,8,39,56,42,18
S01009844,426,10,35,36,27,37,74,84,92,31,231,6,18,12,20,27,41,47,44,16,195,4,17,24,7,10,33,37,48,15
S01009845,603,14,52,53,24,55,114,113,128,50,323,9,19,30,20,44,54,61,66,20,280,5,33,23,4,11,60,52,62,30
S01009846,691,20,86,77,35,53,136,147,85,52,340,9,27,23,23,43,60,87,35,33,351,11,59,54,12,10,76,60,50,19
S01009847,452,7,55,67,10,35,98,101,42,37,201,5,18,18,8,21,36,65,18,12,251,2,37,49,2,14,62,36,24,25
S01009848,666,17,65,77,23,57,148,130,93,56,310,12,27,14,21,36,54,71,48,27,356,5,38,63,2,21,94,59,45,29
S01009849,518,26,95,66,18,44,106,96,36,31,243,14,39,25,14,30,31,57,19,14,275,12,56,41,4,14,75,39,17,17
S01009850,654,36,106,97,29,56,130,117,42,41,339,22,44,39,20,39,58,75,22,20,315,14,62,58,9,17,72,42,20,21
S01009851,595,26,75,76,33,55,136,120,41,33,285,16,27,22,25,43,51,64,18,19,310,10,48,54,8,12,85,56,23,14
S01009852,416,23,77,73,13,29,77,49,33,42,189,11,36,17,9,22,34,28,13,19,227,12,41,56,4,7,43,21,20,23
S01009853,592,27,88,113,31,34,114,95,41,49,267,15,38,25,21,21,45,58,20,24,325,12,50,88,10,13,69,37,21,25
S01009854,657,21,102,91,26,54,137,120,64,42,299,13,36,26,19,30,52,67,38,18,358,8,66,65,7,24,85,53,26,24
S01009855,426,33,95,58,21,36,71,52,15,45,208,23,42,12,15,29,33,28,7,19,218,10,53,46,6,7,38,24,8,26
S01009856,460,33,92,68,22,31,72,53,32,57,185,12,27,19,18,22,22,36,10,19,275,21,65,49,4,9,50,17,22,38
S01009857,629,41,141,106,29,46,109,73,35,49,296,23,58,36,26,28,41,49,16,19,333,18,83,70,3,18,68,24,19,30
S01009858,550,22,96,92,26,50,116,66,28,54,246,12,43,28,20,37,36,38,8,24,304,10,53,64,6,13,80,28,20,30
S01009859,806,27,77,90,22,52,166,184,131,57,392,14,29,25,13,37,69,115,65,25,414,13,48,65,9,15,97,69,66,32
S01009860,715,12,64,88,11,65,139,172,111,53,347,8,26,26,9,45,68,85,54,26,368,4,38,62,2,20,71,87,57,27
S01009861,802,21,108,70,32,64,130,157,145,75,416,15,55,28,23,46,51,83,72,43,386,6,53,42,9,18,79,74,73,32
S01009862,866,30,96,114,42,84,143,168,113,76,454,14,45,31,35,56,77,96,60,40,412,16,51,83,7,28,66,72,53,36
S01009863,662,32,85,80,38,54,139,87,78,69,374,21,45,29,33,41,73,60,38,34,288,11,40,51,5,13,66,27,40,35
S01009864,494,40,75,53,21,31,55,75,73,71,266,24,35,16,20,18,28,51,35,39,228,16,40,37,1,13,27,24,38,32
S01009865,375,23,51,54,27,32,67,45,44,32,193,13,29,20,18,23,30,27,18,15,182,10,22,34,9,9,37,18,26,17
S01009866,723,37,116,110,35,74,112,113,58,68,350,21,50,25,29,58,43,58,28,38,373,16,66,85,6,16,69,55,30,30
S01009867,877,137,207,143,54,40,87,79,36,94,500,87,108,69,41,36,40,40,18,61,377,50,99,74,13,4,47,39,18,33
S01009868,558,61,97,70,27,41,73,76,43,70,309,33,52,31,21,27,43,54,12,36,249,28,45,39,6,14,30,22,31,34
S01009869,455,32,77,55,27,38,61,34,36,95,279,23,39,22,24,32,40,22,11,66,176,9,38,33,3,6,21,12,25,29
S01009870,481,25,74,52,27,36,59,66,71,71,272,18,41,26,20,27,41,38,25,36,209,7,33,26,7,9,18,28,46,35
S01009871,719,60,120,91,53,44,105,95,68,83,371,37,41,29,39,33,47,61,29,55,348,23,79,62,14,11,58,34,39,28
S01009872,580,44,108,71,40,45,69,56,61,86,328,30,56,28,35,28,44,32,20,55,252,14,52,43,5,17,25,24,41,31
S01009873,684,96,150,76,74,29,58,65,74,62,370,53,74,31,52,19,30,48,35,28,314,43,76,45,22,10,28,17,39,34
S01009874,782,89,150,98,55,46,125,92,54,73,393,53,58,21,42,36,53,57,30,43,389,36,92,77,13,10,72,35,24,30
S01009875,504,31,61,51,34,27,58,48,102,92,251,16,35,20,24,20,27,27,28,54,253,15,26,31,10,7,31,21,74,38
S01009876,506,8,52,46,18,32,92,64,110,84,255,7,25,14,15,23,34,32,52,53,251,1,27,32,3,9,58,32,58,31
S01009877,684,145,190,52,73,17,42,25,69,71,324,89,83,12,46,15,18,13,19,29,360,56,107,40,27,2,24,12,50,42
S01009878,517,38,66,42,52,34,55,46,100,84,287,22,43,14,44,30,29,28,24,53,230,16,23,28,8,4,26,18,76,31
S01009879,661,199,170,46,71,18,39,15,38,65,326,117,66,12,48,16,11,8,12,36,335,82,104,34,23,2,28,7,26,29
S01009880,568,106,94,48,56,18,56,12,97,81,283,63,49,13,47,15,21,8,20,47,285,43,45,35,9,3,35,4,77,34
S01009881,391,23,54,39,33,24,28,41,80,69,214,14,32,16,30,21,18,21,21,41,177,9,22,23,3,3,10,20,59,28
S01009882,925,147,227,99,68,50,90,49,77,118,512,86,112,43,56,39,46,32,33,65,413,61,115,56,12,11,44,17,44,53
S01009883,590,41,101,42,47,34,76,42,112,95,315,27,48,16,37,30,44,32,18,63,275,14,53,26,10,4,32,10,94,32
S01009884,615,59,144,57,48,30,71,42,90,74,312,29,66,28,41,25,39,26,24,34,303,30,78,29,7,5,32,16,66,40
S01009885,621,64,113,59,63,29,68,23,102,100,306,35,52,26,45,21,34,18,21,54,315,29,61,33,18,8,34,5,81,46
S01009886,571,51,103,40,39,26,60,41,98,113,303,28,51,15,33,19,41,30,27,59,268,23,52,25,6,7,19,11,71,54
S01009887,749,30,120,70,51,56,102,83,104,133,441,19,57,31,34,39,64,57,41,99,308,11,63,39,17,17,38,26,63,34
S01009888,506,29,73,42,42,38,73,50,82,77,269,21,33,21,34,28,37,29,17,49,237,8,40,21,8,10,36,21,65,28
S01009889,601,37,105,51,44,52,90,56,87,79,333,21,56,23,26,42,49,32,32,52,268,16,49,28,18,10,41,24,55,27
S01009890,419,13,47,36,22,38,76,74,71,42,231,8,24,17,18,29,42,38,28,27,188,5,23,19,4,9,34,36,43,15
S01009891,577,28,113,78,38,47,74,83,64,52,311,16,54,33,32,35,38,52,21,30,266,12,59,45,6,12,36,31,43,22
S01009892,675,26,93,71,21,60,118,127,102,57,361,17,43,25,17,44,53,80,49,33,314,9,50,46,4,16,65,47,53,24
S01009893,650,44,113,78,45,55,86,66,83,80,373,27,58,42,35,42,49,42,26,52,277,17,55,36,10,13,37,24,57,28
S01009894,623,23,89,64,32,50,118,95,78,74,313,11,41,24,27,39,50,49,33,39,310,12,48,40,5,11,68,46,45,35
S01009895,595,24,70,63,24,38,119,111,81,65,330,18,28,24,17,29,60,70,39,45,265,6,42,39,7,9,59,41,42,20
S01009896,727,21,83,68,56,51,131,128,116,73,388,8,40,21,45,42,64,77,47,44,339,13,43,47,11,9,67,51,69,29
S01009897,715,41,146,91,44,60,117,101,57,58,368,26,62,31,30,42,55,56,33,33,347,15,84,60,14,18,62,45,24,25
S01009898,432,16,35,47,41,30,91,62,68,42,203,11,16,14,32,21,26,32,20,31,229,5,19,33,9,9,65,30,48,11
S01009899,632,71,188,97,36,42,72,44,33,49,321,38,81,39,25,34,39,29,16,20,311,33,107,58,11,8,33,15,17,29
S01009900,715,123,269,102,26,27,79,33,25,31,318,57,116,41,16,21,21,22,11,13,397,66,153,61,10,6,58,11,14,18
S01009901,717,123,256,97,41,39,60,30,32,39,355,63,109,37,31,30,29,20,12,24,362,60,147,60,10,9,31,10,20,15
S01009902,680,41,114,88,47,52,96,108,73,61,349,26,42,29,34,43,48,64,30,33,331,15,72,59,13,9,48,44,43,28
S01009903,639,101,173,54,53,29,66,38,63,62,327,58,85,21,42,25,28,22,15,31,312,43,88,33,11,4,38,16,48,31
S01009904,614,99,205,79,36,27,42,42,25,59,306,51,93,30,31,16,18,26,11,30,308,48,112,49,5,11,24,16,14,29
S01009905,605,56,136,58,26,34,73,43,71,108,367,38,70,30,20,30,47,25,27,80,238,18,66,28,6,4,26,18,44,28
S01009906,543,59,134,67,31,42,57,49,42,62,290,38,63,24,23,31,29,31,15,36,253,21,71,43,8,11,28,18,27,26
S01009907,711,41,142,85,39,34,87,64,72,147,395,24,54,36,28,28,46,44,36,99,316,17,88,49,11,6,41,20,36,48
S01009908,827,142,264,69,58,48,89,36,40,81,429,85,123,31,37,31,40,19,15,48,398,57,141,38,21,17,49,17,25,33
S01009909,743,112,195,106,50,35,82,45,55,63,412,63,98,52,33,24,54,27,25,36,331,49,97,54,17,11,28,18,30,27
S01009910,444,64,142,58,21,16,49,29,22,43,234,32,71,34,11,10,25,22,8,21,210,32,71,24,10,6,24,7,14,22
S01009911,747,137,238,77,46,34,63,49,45,58,359,67,107,21,32,28,27,27,21,29,388,70,131,56,14,6,36,22,24,29
S01009912,660,160,172,55,67,27,38,23,50,68,328,96,70,13,52,18,20,15,9,35,332,64,102,42,15,9,18,8,41,33
S01009913,568,96,118,53,87,19,38,22,68,67,274,60,50,17,62,11,11,19,16,28,294,36,68,36,25,8,27,3,52,39
S01009914,733,168,197,78,90,19,48,21,37,75,360,84,89,21,66,15,21,14,9,41,373,84,108,57,24,4,27,7,28,34
S01009915,686,166,203,63,65,21,42,21,37,68,351,94,92,25,51,13,11,15,13,37,335,72,111,38,14,8,31,6,24,31
S01009916,703,83,137,76,109,31,62,16,105,84,340,48,59,23,93,23,23,5,20,46,363,35,78,53,16,8,39,11,85,38
S01009917,536,122,178,67,34,18,38,20,26,33,270,73,79,22,25,16,16,12,11,16,266,49,99,45,9,2,22,8,15,17
S01009918,546,115,177,55,43,15,39,25,32,45,261,61,76,17,32,11,14,13,12,25,285,54,101,38,11,4,25,12,20,20
S01009919,851,85,196,126,46,44,128,81,52,93,399,46,83,48,36,31,58,39,19,39,452,39,113,78,10,13,70,42,33,54
S01009920,741,159,236,105,34,38,59,42,21,47,352,76,108,37,24,27,26,21,8,25,389,83,128,68,10,11,33,21,13,22
S01009921,576,96,183,95,21,36,52,16,26,51,302,52,93,49,15,25,20,9,12,27,274,44,90,46,6,11,32,7,14,24
S01009922,893,191,283,135,40,50,65,33,29,67,458,106,136,53,27,35,33,23,15,30,435,85,147,82,13,15,32,10,14,37
S01009923,728,74,218,119,40,49,81,62,34,51,386,48,105,48,34,34,29,42,21,25,342,26,113,71,6,15,52,20,13,26
S01009924,850,139,230,134,43,43,84,55,43,79,425,64,111,60,33,30,42,30,11,44,425,75,119,74,10,13,42,25,32,35
S01009925,584,111,177,103,17,22,58,26,24,46,280,57,72,46,14,16,26,12,12,25,304,54,105,57,3,6,32,14,12,21
S01009926,606,81,205,66,33,30,61,42,40,48,300,50,99,31,23,19,23,22,12,21,306,31,106,35,10,11,38,20,28,27
S01009927,399,68,94,51,26,21,55,33,22,29,206,32,49,21,20,19,18,18,13,16,193,36,45,30,6,2,37,15,9,13
S01009928,701,192,254,66,51,16,46,18,20,38,358,108,111,28,39,12,19,10,9,22,343,84,143,38,12,4,27,8,11,16
S01009929,378,83,114,52,31,19,22,22,12,23,179,47,43,20,18,14,5,13,7,12,199,36,71,32,13,5,17,9,5,11
S01009930,726,116,222,105,49,41,80,27,30,56,371,67,84,40,39,33,43,19,17,29,355,49,138,65,10,8,37,8,13,27
S01009931,671,143,243,99,37,30,40,18,12,49,342,78,113,39,30,19,15,13,6,29,329,65,130,60,7,11,25,5,6,20
S01009932,539,88,179,80,35,25,45,34,16,37,266,53,73,32,24,19,22,23,8,12,273,35,106,48,11,6,23,11,8,25
S01009933,721,48,139,82,29,62,98,122,84,57,382,26,65,28,23,45,48,72,44,31,339,22,74,54,6,17,50,50,40,26
S01009934,696,126,204,94,43,38,77,36,30,48,330,71,90,29,29,29,33,15,10,24,366,55,114,65,14,9,44,21,20,24
S01009935,399,16,50,45,14,39,96,78,49,12,210,12,25,15,11,25,49,44,25,4,189,4,25,30,3,14,47,34,24,8
S01009936,518,50,103,63,27,32,77,80,48,38,296,27,54,29,22,24,39,63,21,17,222,23,49,34,5,8,38,17,27,21
S01009937,336,9,38,35,13,24,48,57,66,46,162,8,19,11,12,21,19,30,22,20,174,1,19,24,1,3,29,27,44,26
S01009938,681,33,106,71,38,61,141,125,62,44,348,26,40,20,29,48,62,72,29,22,333,7,66,51,9,13,79,53,33,22
S01009939,664,8,44,51,21,40,118,116,217,49,357,7,21,17,19,32,52,60,116,33,307,1,23,34,2,8,66,56,101,16
S01009940,636,9,49,65,28,57,160,151,85,32,315,4,21,21,23,40,57,83,49,17,321,5,28,44,5,17,103,68,36,15
S01009941,739,39,129,99,70,48,114,60,68,112,337,21,58,22,59,35,36,44,17,45,402,18,71,77,11,13,78,16,51,67
S01009942,763,8,66,80,29,53,158,191,115,63,379,5,29,24,26,33,60,110,69,23,384,3,37,56,3,20,98,81,46,40
S01009943,631,9,46,63,24,50,147,168,81,43,299,5,16,18,17,36,54,93,35,25,332,4,30,45,7,14,93,75,46,18
S01009944,590,31,83,93,38,49,112,80,35,69,289,20,40,26,30,36,43,43,17,34,301,11,43,67,8,13,69,37,18,35
S01009945,683,26,96,109,31,48,154,96,64,59,306,14,40,31,24,32,56,45,31,33,377,12,56,78,7,16,98,51,33,26
S01009946,619,26,112,85,29,42,113,113,45,54,299,18,41,27,20,24,56,67,15,31,320,8,71,58,9,18,57,46,30,23
S01009947,416,31,73,48,21,31,82,57,45,28,192,18,23,14,15,24,26,36,23,13,224,13,50,34,6,7,56,21,22,15
S01009948,595,23,73,68,38,42,123,110,61,57,309,10,26,24,31,32,54,68,35,29,286,13,47,44,7,10,69,42,26,28
S01009949,590,42,103,93,27,56,101,67,49,52,300,24,58,23,20,43,38,42,27,25,290,18,45,70,7,13,63,25,22,27
S01009950,547,132,165,49,42,15,36,23,21,64,270,82,63,22,30,12,13,12,5,31,277,50,102,27,12,3,23,11,16,33
S01009951,576,180,142,32,67,7,33,15,32,68,287,107,51,4,47,6,14,11,11,36,289,73,91,28,20,1,19,4,21,32
S01009952,525,110,155,75,32,22,44,21,20,46,255,68,67,19,24,16,18,12,7,24,270,42,88,56,8,6,26,9,13,22
S01009953,669,118,183,87,46,39,69,53,26,48,314,56,79,21,34,28,30,32,8,26,355,62,104,66,12,11,39,21,18,22
S01009954,493,68,103,61,55,15,56,25,48,62,254,46,45,22,44,10,20,17,19,31,239,22,58,39,11,5,36,8,29,31
S01009955,716,108,151,102,41,38,101,62,48,65,354,59,65,40,32,32,44,37,20,25,362,49,86,62,9,6,57,25,28,40
S01009956,539,47,114,82,38,39,68,50,45,56,252,29,49,23,30,26,26,32,11,26,287,18,65,59,8,13,42,18,34,30
S01009957,558,150,161,66,50,25,36,19,8,43,276,86,55,19,39,22,18,10,5,22,282,64,106,47,11,3,18,9,3,21
S01009958,694,136,223,107,47,34,64,27,14,42,339,87,87,28,35,28,23,16,7,28,355,49,136,79,12,6,41,11,7,14
S01009959,468,102,137,55,43,15,37,16,19,44,216,61,49,13,33,10,10,11,6,23,252,41,88,42,10,5,27,5,13,21
S01009960,611,131,175,85,45,17,44,18,29,67,296,78,72,23,31,13,15,12,13,39,315,53,103,62,14,4,29,6,16,28
S01009961,508,35,127,82,41,38,67,48,25,45,247,21,58,19,33,31,24,28,13,20,261,14,69,63,8,7,43,20,12,25
S01009962,810,93,206,145,50,70,113,62,32,39,402,56,90,45,38,49,58,39,14,13,408,37,116,100,12,21,55,23,18,26
S01009963,605,56,159,103,58,54,61,45,12,57,304,37,63,34,42,46,20,29,3,30,301,19,96,69,16,8,41,16,9,27
S01009964,701,109,219,94,56,39,59,32,32,61,354,65,101,28,43,28,18,24,14,33,347,44,118,66,13,11,41,8,18,28
S01009965,546,44,142,99,37,40,75,49,18,42,273,29,56,28,35,36,28,34,7,20,273,15,86,71,2,4,47,15,11,22
S01009966,597,47,129,113,31,55,89,60,18,55,293,28,56,32,27,43,22,44,10,31,304,19,73,81,4,12,67,16,8,24
S01009967,626,116,222,90,42,25,49,19,12,51,302,76,87,30,27,21,18,15,4,24,324,40,135,60,15,4,31,4,8,27
S01009968,468,17,103,106,34,34,75,45,15,39,230,10,40,35,33,28,25,34,7,18,238,7,63,71,1,6,50,11,8,21
S01009969,626,117,164,90,54,34,58,29,24,56,306,71,72,23,41,23,19,19,11,27,320,46,92,67,13,11,39,10,13,29
S01009970,655,10,52,89,23,53,142,135,95,56,281,4,16,29,19,36,45,61,45,26,374,6,36,60,4,17,97,74,50,30
S01009971,834,28,109,84,52,67,160,189,92,53,385,16,38,21,40,45,64,93,48,20,449,12,71,63,12,22,96,96,44,33
S01009972,578,36,133,81,46,54,73,68,41,46,271,16,59,15,34,37,33,33,16,28,307,20,74,66,12,17,40,35,25,18
S01009973,553,20,86,73,26,47,109,116,37,39,249,10,32,16,22,36,33,67,16,17,304,10,54,57,4,11,76,49,21,22
S01009974,434,8,24,49,18,31,105,114,68,17,182,4,7,12,16,24,34,48,32,5,252,4,17,37,2,7,71,66,36,12
S01009975,580,5,35,47,23,40,149,137,113,31,260,1,14,16,19,30,58,65,42,15,320,4,21,31,4,10,91,72,71,16
S01009976,372,4,36,43,14,27,82,99,49,18,163,3,12,11,10,17,33,50,20,7,209,1,24,32,4,10,49,49,29,11
S01009977,738,13,67,60,17,54,141,206,135,45,390,9,30,17,15,31,66,120,76,26,348,4,37,43,2,23,75,86,59,19
S01009978,747,16,77,64,27,59,177,158,103,66,331,11,29,11,20,43,69,72,53,23,416,5,48,53,7,16,108,86,50,43
S01009979,408,4,31,39,16,31,96,122,54,15,180,3,7,13,13,21,33,63,24,3,228,1,24,26,3,10,63,59,30,12
S01009980,481,6,33,47,10,30,98,124,94,39,214,6,13,13,7,17,39,59,46,14,267,0,20,34,3,13,59,65,48,25
S01009981,496,17,52,47,12,35,100,121,83,29,223,11,26,12,8,16,27,62,48,13,273,6,26,35,4,19,73,59,35,16
S01009982,748,27,99,78,43,43,132,164,93,69,335,12,40,20,28,32,44,89,38,32,413,15,59,58,15,11,88,75,55,37
S01009983,418,10,25,29,7,21,88,82,117,39,180,8,11,5,6,11,28,35,55,21,238,2,14,24,1,10,60,47,62,18
S01009984,567,16,63,74,39,57,97,114,63,44,264,9,22,22,26,36,44,60,30,15,303,7,41,52,13,21,53,54,33,29
S01009985,456,5,30,35,16,42,115,90,96,27,222,2,13,7,14,30,38,55,50,13,234,3,17,28,2,12,77,35,46,14
S01009986,409,10,34,55,7,28,80,110,68,17,182,8,13,13,7,20,24,63,24,10,227,2,21,42,0,8,56,47,44,7
S01009987,618,12,55,87,31,61,151,132,62,27,305,10,18,13,24,41,63,80,40,16,313,2,37,74,7,20,88,52,22,11
S01009988,388,5,31,45,8,30,88,93,59,29,178,1,16,8,7,20,31,50,33,12,210,4,15,37,1,10,57,43,26,17
S01009989,612,23,95,105,33,38,128,97,42,51,293,14,44,25,31,28,42,59,20,30,319,9,51,80,2,10,86,38,22,21
S01009990,524,28,81,105,22,44,100,81,19,44,232,17,30,28,17,28,34,50,6,22,292,11,51,77,5,16,66,31,13,22
S01009991,601,30,103,121,31,59,107,63,30,57,271,15,30,38,24,46,34,42,20,22,330,15,73,83,7,13,73,21,10,35
S01009992,512,6,47,65,19,42,134,104,71,24,222,3,16,21,14,25,45,57,31,10,290,3,31,44,5,17,89,47,40,14
S01009993,626,44,126,102,42,50,105,92,16,49,296,28,41,22,33,39,47,54,11,21,330,16,85,80,9,11,58,38,5,28
S01009994,512,21,99,100,26,53,97,60,21,35,234,13,37,24,21,42,43,32,7,15,278,8,62,76,5,11,54,28,14,20
S01009995,517,26,90,111,25,50,89,57,19,50,232,14,35,26,16,36,36,35,10,24,285,12,55,85,9,14,53,22,9,26
S01009996,542,26,90,82,29,54,100,83,27,51,235,16,32,20,21,38,27,47,13,21,307,10,58,62,8,16,73,36,14,30
S01009997,441,23,88,85,20,33,82,42,26,42,215,14,43,24,18,27,29,25,15,20,226,9,45,61,2,6,53,17,11,22
S01009998,458,51,102,62,49,26,41,42,35,50,222,27,53,17,36,19,11,26,14,19,236,24,49,45,13,7,30,16,21,31
S01009999,540,42,121,102,25,49,85,44,25,47,265,25,51,29,18,43,37,27,14,21,275,17,70,73,7,6,48,17,11,26
S01010000,476,16,99,84,22,36,102,55,27,35,225,13,42,23,16,32,37,29,12,21,251,3,57,61,6,4,65,26,15,14
S01010001,567,42,108,96,28,44,96,69,31,53,255,23,46,22,21,32,34,42,10,25,312,19,62,74,7,12,62,27,21,28
S01010002,608,30,120,104,34,51,106,69,35,59,275,15,40,36,27,36,40,43,10,28,333,15,80,68,7,15,66,26,25,31
S01010003,546,48,122,98,29,48,94,48,18,41,263,34,46,28,18,35,39,33,10,20,283,14,76,70,11,13,55,15,8,21
S01010004,546,60,153,84,44,19,57,41,23,65,263,31,64,28,32,17,21,27,11,32,283,29,89,56,12,2,36,14,12,33
S01010005,620,51,135,119,30,48,89,56,53,39,311,21,55,45,22,36,39,38,35,20,309,30,80,74,8,12,50,18,18,19
S01010006,727,80,204,115,22,48,87,85,37,49,351,42,90,31,16,39,34,56,19,24,376,38,114,84,6,9,53,29,18,25
S01010007,719,94,213,117,48,36,70,55,18,68,367,49,107,42,39,26,29,36,3,36,352,45,106,75,9,10,41,19,15,32
S01010008,537,80,164,88,28,32,62,36,21,26,254,41,71,26,21,23,29,21,15,7,283,39,93,62,7,9,33,15,6,19
S01010009,505,46,132,76,24,38,73,51,33,32,289,25,67,33,22,32,38,31,26,15,216,21,65,43,2,6,35,20,7,17
S01010010,773,110,238,98,57,33,99,44,25,69,380,69,101,28,45,25,36,35,9,32,393,41,137,70,12,8,63,9,16,37
S01010011,601,64,177,99,26,44,71,65,34,21,301,29,83,30,22,36,31,42,19,9,300,35,94,69,4,8,40,23,15,12
S01010012,624,39,133,121,44,45,84,62,40,56,266,22,48,26,35,33,24,42,13,23,358,17,85,95,9,12,60,20,27,33
S01010013,659,76,190,95,33,46,83,50,34,52,324,39,86,25,29,38,31,32,22,22,335,37,104,70,4,8,52,18,12,30
S01010014,830,112,223,127,50,49,94,66,51,58,450,66,96,44,44,34,50,51,29,36,380,46,127,83,6,15,44,15,22,22
S01010015,696,115,195,102,41,39,57,33,32,82,354,63,86,42,29,31,25,22,13,43,342,52,109,60,12,8,32,11,19,39
S01010016,513,11,77,70,31,43,108,96,38,39,255,7,34,16,25,34,39,62,20,18,258,4,43,54,6,9,69,34,18,21
S01010017,555,11,49,72,19,33,117,122,76,56,230,9,14,13,16,25,38,51,42,22,325,2,35,59,3,8,79,71,34,34
S01010018,695,24,111,103,31,57,136,145,44,44,325,13,47,37,26,40,51,77,13,21,370,11,64,66,5,17,85,68,31,23
S01010019,522,3,53,56,18,42,121,107,91,31,228,3,20,18,15,28,38,50,43,13,294,0,33,38,3,14,83,57,48,18
S01010020,547,15,62,90,24,48,115,114,38,41,256,9,21,27,18,38,37,69,13,24,291,6,41,63,6,10,78,45,25,17
S01010021,597,15,43,43,26,46,115,116,120,73,296,6,14,20,23,29,58,61,56,29,301,9,29,23,3,17,57,55,64,44
S01010022,735,32,103,90,27,61,133,146,90,53,369,25,62,27,20,41,55,71,40,28,366,7,41,63,7,20,78,75,50,25
S01010023,455,6,43,38,14,50,100,115,67,22,219,3,17,9,9,35,44,67,27,8,236,3,26,29,5,15,56,48,40,14
S01010024,586,35,86,58,17,38,116,117,52,67,306,27,35,21,16,32,45,62,35,33,280,8,51,37,1,6,71,55,17,34
S01010025,438,17,54,39,25,37,72,87,70,37,235,14,25,11,20,31,38,43,32,21,203,3,29,28,5,6,34,44,38,16
S01010026,725,55,135,59,29,43,115,130,77,82,370,31,71,26,19,29,53,71,35,35,355,24,64,33,10,14,62,59,42,47
S01010027,719,59,160,77,29,42,83,91,59,119,376,36,75,28,22,27,33,46,22,87,343,23,85,49,7,15,50,45,37,32
S01010028,471,34,77,46,11,44,71,85,55,48,236,20,34,20,9,28,33,41,25,26,235,14,43,26,2,16,38,44,30,22
S01010029,485,12,57,50,16,49,89,126,55,31,251,9,23,19,13,37,39,67,32,12,234,3,34,31,3,12,50,59,23,19
S01010030,676,116,140,74,15,50,82,79,29,91,345,67,69,30,13,30,32,35,13,56,331,49,71,44,2,20,50,44,16,35
S01010031,725,132,163,68,21,46,40,31,49,175,462,88,96,35,13,38,27,22,37,106,263,44,67,33,8,8,13,9,12,69
S01010032,802,76,111,62,21,32,51,42,90,317,598,49,70,29,16,27,35,33,73,266,204,27,41,33,5,5,16,9,17,51
S01010033,728,48,107,82,36,47,118,93,100,97,390,31,45,30,33,30,53,59,49,60,338,17,62,52,3,17,65,34,51,37
S01010034,799,40,89,54,18,57,109,166,77,189,460,26,38,22,15,36,58,72,36,157,339,14,51,32,3,21,51,94,41,32
S01010035,545,15,41,39,14,61,95,83,112,85,328,8,22,19,14,44,56,54,51,60,217,7,19,20,0,17,39,29,61,25
S01010036,767,67,117,58,24,32,52,29,30,358,469,53,61,40,19,20,32,17,13,214,298,14,56,18,5,12,20,12,17,144
S01010037,476,15,41,54,14,38,92,124,63,35,221,8,14,18,13,26,34,63,30,15,255,7,27,36,1,12,58,61,33,20
S01010038,782,28,101,64,31,58,143,161,79,117,399,9,51,21,23,45,58,89,36,67,383,19,50,43,8,13,85,72,43,50
S01010039,921,143,186,73,37,44,49,39,35,315,527,83,115,45,28,30,32,27,17,150,394,60,71,28,9,14,17,12,18,165
S01010040,651,74,158,81,34,33,83,72,43,73,360,47,78,36,24,24,45,43,25,38,291,27,80,45,10,9,38,29,18,35
S01010041,608,88,116,49,27,42,49,45,55,137,374,63,60,25,19,31,29,28,36,83,234,25,56,24,8,11,20,17,19,54
S01010042,955,77,196,122,40,66,100,102,62,190,508,49,103,43,34,44,45,59,25,106,447,28,93,79,6,22,55,43,37,84
S01010043,615,31,81,61,19,45,111,121,93,53,314,18,38,23,14,36,48,61,44,32,301,13,43,38,5,9,63,60,49,21
S01010044,890,51,143,114,32,83,135,167,93,72,428,29,54,34,27,57,59,98,41,29,462,22,89,80,5,26,76,69,52,43
S01010045,381,4,15,30,10,28,89,114,65,26,166,2,8,8,5,19,33,48,28,15,215,2,7,22,5,9,56,66,37,11
S01010046,606,15,78,75,33,51,115,128,77,34,285,9,28,22,25,35,50,64,39,13,321,6,50,53,8,16,65,64,38,21
S01010047,615,11,47,61,29,47,127,161,97,35,305,6,20,15,21,37,49,87,54,16,310,5,27,46,8,10,78,74,43,19
S01010048,727,11,66,75,19,66,152,203,81,54,344,7,33,24,11,43,54,104,41,27,383,4,33,51,8,23,98,99,40,27
S01010049,561,8,32,35,19,41,144,147,95,40,234,5,7,11,12,26,47,69,41,16,327,3,25,24,7,15,97,78,54,24
S01010050,733,19,45,63,22,58,147,187,134,58,398,13,19,24,15,40,64,109,80,34,335,6,26,39,7,18,83,78,54,24
S01010051,528,7,40,48,21,33,107,149,82,41,261,3,21,12,15,21,42,85,33,29,267,4,19,36,6,12,65,64,49,12
S01010052,515,15,54,61,20,32,116,107,72,38,285,11,23,30,15,25,61,66,37,17,230,4,31,31,5,7,55,41,35,21
S01010053,666,21,59,55,19,58,145,138,86,85,303,16,30,21,16,36,49,63,29,43,363,5,29,34,3,22,96,75,57,42
S01010054,398,4,23,30,9,16,90,101,96,29,165,0,8,8,9,13,32,39,42,14,233,4,15,22,0,3,58,62,54,15
S01010055,874,21,94,98,37,63,173,167,133,88,491,16,48,29,30,49,95,98,83,43,383,5,46,69,7,14,78,69,50,45
S01010056,351,5,22,32,8,32,93,87,45,27,162,2,13,5,8,22,36,45,20,11,189,3,9,27,0,10,57,42,25,16
S01010057,293,12,37,29,10,29,58,55,36,27,129,6,18,13,9,16,22,21,17,7,164,6,19,16,1,13,36,34,19,20
S01010058,590,19,59,57,17,46,121,157,69,45,281,10,23,9,14,28,44,90,33,30,309,9,36,48,3,18,77,67,36,15
S01010059,506,26,86,73,29,43,79,92,32,46,238,11,28,27,26,24,22,61,21,18,268,15,58,46,3,19,57,31,11,28
S01010060,713,21,89,81,33,55,140,160,83,51,361,8,47,26,26,37,55,98,39,25,352,13,42,55,7,18,85,62,44,26
S01010061,395,13,76,70,25,27,65,54,23,42,195,7,25,17,22,22,29,32,13,28,200,6,51,53,3,5,36,22,10,14
S01010062,525,14,68,62,25,42,119,112,50,33,245,7,24,20,23,29,44,64,21,13,280,7,44,42,2,13,75,48,29,20
S01010063,778,26,74,80,27,77,167,168,105,54,404,15,35,23,25,57,67,102,55,25,374,11,39,57,2,20,100,66,50,29
S01010064,398,11,64,47,17,34,78,75,41,31,179,7,26,14,14,23,26,37,22,10,219,4,38,33,3,11,52,38,19,21
S01010065,635,11,66,53,31,57,162,152,65,38,287,8,29,10,26,42,52,78,28,14,348,3,37,43,5,15,110,74,37,24
S01010066,570,5,43,44,24,47,131,151,68,57,244,3,11,11,15,34,41,75,25,29,326,2,32,33,9,13,90,76,43,28
S01010067,438,4,31,37,15,30,109,105,74,33,197,2,12,11,10,19,36,59,34,14,241,2,19,26,5,11,73,46,40,19
S01010068,474,27,63,49,26,46,111,77,32,43,256,15,37,21,19,34,46,47,10,27,218,12,26,28,7,12,65,30,22,16
S01010069,656,27,129,106,55,50,128,96,18,47,322,18,64,27,41,36,52,58,10,16,334,9,65,79,14,14,76,38,8,31
S01010070,546,35,101,81,49,50,92,63,15,60,258,19,41,13,39,40,29,48,2,27,288,16,60,68,10,10,63,15,13,33
S01010071,593,27,93,85,57,62,96,90,41,42,295,16,34,21,46,48,33,59,13,25,298,11,59,64,11,14,63,31,28,17
S01010072,610,33,89,75,34,58,141,114,29,37,296,22,33,16,26,42,54,79,16,8,314,11,56,59,8,16,87,35,13,29
S01010073,555,28,116,98,34,56,85,85,13,40,277,18,55,30,28,43,27,47,9,20,278,10,61,68,6,13,58,38,4,20
S01010074,573,43,137,97,41,46,81,55,31,42,287,21,60,28,34,40,33,37,12,22,286,22,77,69,7,6,48,18,19,20
S01010075,444,8,50,54,21,37,112,99,36,27,212,4,22,10,16,23,37,65,21,14,232,4,28,44,5,14,75,34,15,13
S01010076,507,17,62,65,34,43,103,116,30,37,244,9,24,15,22,30,42,67,14,21,263,8,38,50,12,13,61,49,16,16
S01010077,472,7,59,58,37,37,108,97,32,37,213,4,19,18,33,26,39,48,11,15,259,3,40,40,4,11,69,49,21,22
S01010078,490,35,114,83,31,39,74,49,17,48,250,25,54,30,28,31,24,31,8,19,240,10,60,53,3,8,50,18,9,29
S01010079,710,86,176,114,80,42,65,58,17,72,348,49,80,30,64,31,13,35,9,37,362,37,96,84,16,11,52,23,8,35
S01010080,499,54,108,102,40,43,62,42,8,40,251,32,49,23,36,32,28,28,2,21,248,22,59,79,4,11,34,14,6,19
S01010081,546,56,122,96,75,25,57,43,15,57,267,34,55,20,56,19,16,31,5,31,279,22,67,76,19,6,41,12,10,26
S01010082,656,66,170,101,64,41,77,56,27,54,308,37,67,21,52,27,21,37,15,31,348,29,103,80,12,14,56,19,12,23
S01010083,541,15,55,83,28,48,105,111,50,46,266,8,25,22,25,32,43,64,27,20,275,7,30,61,3,16,62,47,23,26
S01010084,654,6,64,96,26,66,156,155,57,28,314,4,23,19,24,50,56,96,32,10,340,2,41,77,2,16,100,59,25,18
S01010085,599,39,123,119,31,65,94,70,18,40,296,29,57,31,26,46,28,45,15,19,303,10,66,88,5,19,66,25,3,21
S01010086,702,8,89,69,28,67,170,160,54,57,326,5,27,14,23,47,59,89,30,32,376,3,62,55,5,20,111,71,24,25
S01010087,449,44,96,76,56,33,70,34,13,27,218,30,41,19,43,23,21,19,9,13,231,14,55,57,13,10,49,15,4,14
S01010088,604,92,176,73,63,37,64,28,19,52,302,51,76,16,52,27,22,20,7,31,302,41,100,57,11,10,42,8,12,21
S01010089,546,22,69,86,37,49,98,85,31,69,266,10,34,22,35,36,39,50,13,27,280,12,35,64,2,13,59,35,18,42
S01010090,810,50,183,133,54,73,115,82,34,86,389,26,77,31,43,61,41,51,14,45,421,24,106,102,11,12,74,31,20,41
S01010091,654,49,151,89,56,47,106,68,28,60,322,25,78,21,47,31,26,44,14,36,332,24,73,68,9,16,80,24,14,24
S01010092,715,30,83,92,34,54,149,136,79,58,329,23,26,26,26,38,51,76,37,26,386,7,57,66,8,16,98,60,42,32
S01010093,676,42,123,114,47,69,103,83,28,67,307,24,50,26,38,54,28,46,12,29,369,18,73,88,9,15,75,37,16,38
S01010094,497,27,119,102,28,40,66,62,19,34,235,17,45,24,24,32,24,43,9,17,262,10,74,78,4,8,42,19,10,17
S01010095,534,36,116,102,37,55,77,63,14,34,261,24,45,33,30,43,22,42,3,19,273,12,71,69,7,12,55,21,11,15
S01010096,567,32,147,94,39,35,90,53,17,60,259,18,59,29,32,28,29,34,7,23,308,14,88,65,7,7,61,19,10,37
S01010097,543,24,111,87,47,42,96,65,27,44,258,19,48,25,33,30,31,40,13,19,285,5,63,62,14,12,65,25,14,25
S01010098,534,38,120,84,46,41,72,62,16,55,269,27,46,19,38,35,25,38,9,32,265,11,74,65,8,6,47,24,7,23
S01010099,511,36,129,93,41,39,60,49,13,51,241,23,59,18,28,32,17,32,5,27,270,13,70,75,13,7,43,17,8,24
S01010100,675,41,142,94,49,69,111,95,20,54,316,26,52,18,38,52,38,63,5,24,359,15,90,76,11,17,73,32,15,30
S01010101,566,26,123,101,40,49,98,75,15,39,273,14,53,23,36,37,31,53,7,19,293,12,70,78,4,12,67,22,8,20
S01010102,738,60,200,128,39,69,73,52,17,100,345,39,89,33,34,53,19,30,5,43,393,21,111,95,5,16,54,22,12,57
S01010103,758,41,160,129,72,87,96,72,12,89,354,24,51,37,56,67,34,44,4,37,404,17,109,92,16,20,62,28,8,52
S01010104,548,37,142,85,42,46,67,57,11,61,267,25,56,28,34,30,19,40,4,31,281,12,86,57,8,16,48,17,7,30
S01010105,311,8,36,30,6,16,71,70,47,27,139,6,16,10,6,9,26,36,17,13,172,2,20,20,0,7,45,34,30,14
S01010106,316,3,35,18,14,22,72,88,41,23,139,1,14,2,11,12,28,41,21,9,177,2,21,16,3,10,44,47,20,14
S01010107,604,8,55,57,29,58,122,138,62,75,289,2,21,16,24,33,51,71,28,43,315,6,34,41,5,25,71,67,34,32
S01010108,571,16,55,65,39,65,126,133,44,28,278,9,22,20,32,39,46,74,22,14,293,7,33,45,7,26,80,59,22,14
S01010109,590,31,61,63,33,51,112,109,66,64,289,17,24,15,23,39,43,64,35,29,301,14,37,48,10,12,69,45,31,35
S01010110,595,8,42,58,21,45,119,172,85,45,268,6,13,11,19,22,47,84,45,21,327,2,29,47,2,23,72,88,40,24
S01010111,722,8,60,50,27,56,142,190,132,57,326,5,24,14,21,38,54,83,66,21,396,3,36,36,6,18,88,107,66,36
S01010112,711,6,59,48,22,50,159,170,126,71,316,2,21,10,19,30,48,94,62,30,395,4,38,38,3,20,111,76,64,41
S01010113,374,8,27,40,12,20,80,93,69,25,167,5,11,10,10,15,28,47,34,7,207,3,16,30,2,5,52,46,35,18
S01010114,569,9,33,48,15,44,139,152,94,35,263,6,14,16,12,31,52,61,53,18,306,3,19,32,3,13,87,91,41,17
S01010115,473,11,74,56,35,49,88,77,35,48,221,7,25,16,27,36,27,49,15,19,252,4,49,40,8,13,61,28,20,29
S01010116,779,39,149,113,45,72,128,108,34,91,368,24,60,33,39,48,42,62,14,46,411,15,89,80,6,24,86,46,20,45
S01010117,488,50,123,63,39,38,61,62,20,32,230,21,43,16,27,26,30,36,9,22,258,29,80,47,12,12,31,26,11,10
S01010118,456,4,34,37,12,31,108,93,104,33,193,4,12,7,9,18,39,43,45,16,263,0,22,30,3,13,69,50,59,17
S01010119,380,12,40,25,12,35,83,92,47,34,157,4,19,1,12,24,23,40,18,16,223,8,21,24,0,11,60,52,29,18
S01010120,744,7,53,62,20,44,168,177,155,58,324,5,18,11,14,25,75,77,73,26,420,2,35,51,6,19,93,100,82,32
S01010121,497,3,35,43,19,41,148,95,86,27,220,2,10,12,16,24,54,48,45,9,277,1,25,31,3,17,94,47,41,18
S01010122,345,5,23,24,10,28,71,97,63,24,187,4,9,8,9,22,32,57,32,14,158,1,14,16,1,6,39,40,31,10
S01010123,513,11,46,50,18,28,127,130,71,32,223,5,23,11,13,21,45,59,29,17,290,6,23,39,5,7,82,71,42,15
S01010124,495,14,80,65,33,60,101,75,27,40,224,10,31,18,26,35,34,43,10,17,271,4,49,47,7,25,67,32,17,23
S01010125,395,9,44,49,19,33,79,84,54,24,170,7,13,6,17,16,25,46,30,10,225,2,31,43,2,17,54,38,24,14
S01010126,563,21,77,57,46,52,109,118,45,38,265,11,26,12,36,34,35,64,26,21,298,10,51,45,10,18,74,54,19,17
S01010127,462,14,58,60,25,35,94,103,48,25,226,10,20,20,21,20,35,67,25,8,236,4,38,40,4,15,59,36,23,17
S01010128,336,4,25,28,13,17,83,80,55,31,144,2,7,10,9,12,30,37,19,18,192,2,18,18,4,5,53,43,36,13
S01010129,530,6,41,40,16,48,113,127,97,42,237,4,8,13,11,33,43,65,49,11,293,2,33,27,5,15,70,62,48,31
S01010130,299,5,28,29,16,30,79,70,25,17,122,3,13,5,14,19,20,26,14,8,177,2,15,24,2,11,59,44,11,9
S01010131,733,49,142,117,75,75,94,102,23,56,347,31,57,33,58,51,28,59,9,21,386,18,85,84,17,24,66,43,14,35
S01010132,713,11,56,84,29,47,152,182,88,64,317,7,18,16,18,36,51,100,42,29,396,4,38,68,11,11,101,82,46,35
S01010133,530,6,57,68,19,43,119,135,47,36,243,3,27,17,14,26,45,67,25,19,287,3,30,51,5,17,74,68,22,17
S01010134,743,26,82,86,39,69,142,197,66,36,363,17,29,23,30,49,44,112,40,19,380,9,53,63,9,20,98,85,26,17
S01010135,544,8,58,63,19,45,134,138,49,30,253,4,25,19,15,27,50,74,27,12,291,4,33,44,4,18,84,64,22,18
S01010136,608,23,96,89,36,48,117,103,43,53,282,15,44,22,29,30,37,57,27,21,326,8,52,67,7,18,80,46,16,32
S01010137,666,29,106,96,38,63,129,110,47,48,292,19,32,27,31,38,36,65,24,20,374,10,74,69,7,25,93,45,23,28
S01010138,760,16,68,79,50,77,160,158,124,28,450,11,33,36,45,57,77,95,81,15,310,5,35,43,5,20,83,63,43,13
S01010139,780,21,96,111,38,77,158,155,77,47,382,11,38,26,33,55,62,88,48,21,398,10,58,85,5,22,96,67,29,26
S01010140,582,30,100,106,29,51,104,87,36,39,284,16,46,30,24,30,42,60,16,20,298,14,54,76,5,21,62,27,20,19
S01010141,613,12,58,45,25,62,123,158,91,39,291,7,18,12,22,43,46,85,39,19,322,5,40,33,3,19,77,73,52,20
S01010142,458,13,54,47,30,32,102,85,51,44,208,7,18,9,26,17,34,51,26,20,250,6,36,38,4,15,68,34,25,24
S01010143,517,17,61,62,28,52,121,116,35,25,251,13,22,19,23,34,44,65,18,13,266,4,39,43,5,18,77,51,17,12
S01010144,557,15,79,67,25,44,112,123,57,35,268,9,32,21,15,36,43,76,23,13,289,6,47,46,10,8,69,47,34,22
S01010145,586,16,96,71,31,46,119,115,52,40,283,11,35,18,27,35,51,67,25,14,303,5,61,53,4,11,68,48,27,26
S01010146,614,9,60,57,25,52,136,131,92,52,312,4,28,15,22,31,62,74,49,27,302,5,32,42,3,21,74,57,43,25
S01010147,718,10,59,68,31,58,173,156,119,44,307,4,21,15,21,31,61,87,52,15,411,6,38,53,10,27,112,69,67,29
S01010148,565,9,50,47,19,53,114,134,99,40,263,7,18,16,13,30,49,59,54,17,302,2,32,31,6,23,65,75,45,23
S01010149,408,16,87,53,33,31,57,70,36,25,192,10,33,14,21,19,23,41,21,10,216,6,54,39,12,12,34,29,15,15
S01010150,464,11,41,53,26,40,111,107,57,18,220,7,16,13,21,27,37,64,27,8,244,4,25,40,5,13,74,43,30,10
S01010151,431,8,41,57,13,39,89,102,49,33,200,3,18,8,11,23,36,51,29,21,231,5,23,49,2,16,53,51,20,12
S01010152,620,18,67,101,20,59,109,144,52,50,296,11,23,30,18,45,40,76,29,24,324,7,44,71,2,14,69,68,23,26
S01010153,688,25,87,81,36,62,134,146,71,46,324,17,43,22,27,40,58,73,29,15,364,8,44,59,9,22,76,73,42,31
S01010154,629,17,87,86,18,43,138,146,54,40,284,12,30,26,14,33,50,72,30,17,345,5,57,60,4,10,88,74,24,23
S01010155,511,16,58,68,21,44,111,117,46,30,222,4,22,16,17,34,34,59,23,13,289,12,36,52,4,10,77,58,23,17
S01010156,396,15,27,50,33,26,79,98,46,22,196,9,9,14,24,20,37,52,22,9,200,6,18,36,9,6,42,46,24,13
S01010157,423,6,26,50,19,27,90,117,64,24,175,5,6,11,15,17,35,53,24,9,248,1,20,39,4,10,55,64,40,15
S01010158,667,12,82,95,36,58,137,140,61,46,297,7,20,25,32,34,48,80,32,19,370,5,62,70,4,24,89,60,29,27
S01010159,513,11,71,56,27,53,111,118,44,22,233,8,31,13,20,35,30,63,19,14,280,3,40,43,7,18,81,55,25,8
S01010160,465,4,18,28,30,46,96,112,88,43,266,3,9,6,24,31,56,69,38,30,199,1,9,22,6,15,40,43,50,13
S01010161,469,16,51,48,25,44,112,94,46,33,221,7,23,5,21,28,42,56,20,19,248,9,28,43,4,16,70,38,26,14
S01010162,542,7,32,52,16,32,117,122,117,47,208,3,10,10,13,15,38,52,47,20,334,4,22,42,3,17,79,70,70,27
S01010163,442,7,37,51,13,28,96,100,70,40,202,4,14,12,10,20,35,60,28,19,240,3,23,39,3,8,61,40,42,21
S01010164,550,11,55,51,29,53,108,124,68,51,252,3,25,9,25,33,41,62,32,22,298,8,30,42,4,20,67,62,36,29
S01010165,459,2,37,42,8,31,101,118,82,38,214,2,14,11,8,19,40,64,35,21,245,0,23,31,0,12,61,54,47,17
S01010166,551,7,51,53,23,50,140,126,67,34,249,3,16,14,20,38,52,63,27,16,302,4,35,39,3,12,88,63,40,18
S01010167,612,6,36,65,25,47,142,194,72,25,289,2,11,13,20,31,63,97,41,11,323,4,25,52,5,16,79,97,31,14
S01010168,375,7,44,54,22,27,83,66,46,26,159,3,12,15,20,17,27,30,24,11,216,4,32,39,2,10,56,36,22,15
S01010169,611,5,92,57,24,44,152,113,84,40,277,3,38,15,19,28,61,53,42,18,334,2,54,42,5,16,91,60,42,22
S01010170,416,4,42,37,21,36,96,112,45,23,189,2,11,11,21,26,31,61,15,11,227,2,31,26,0,10,65,51,30,12
S01010171,726,10,36,51,24,57,163,171,166,48,320,3,14,10,22,34,49,95,69,24,406,7,22,41,2,23,114,76,97,24
S01010172,501,14,84,73,22,46,80,114,55,13,243,11,30,19,18,36,35,62,25,7,258,3,54,54,4,10,45,52,30,6
S01010173,529,12,69,75,33,50,125,85,42,38,243,6,28,21,27,32,45,53,15,16,286,6,41,54,6,18,80,32,27,22
S01010174,1251,30,97,86,79,131,210,282,296,40,1038,23,56,43,76,120,162,251,282,25,213,7,41,43,3,11,48,31,14,15
S01010175,344,9,45,53,18,20,63,85,31,20,168,6,23,12,15,12,23,51,17,9,176,3,22,41,3,8,40,34,14,11
S01010176,495,18,67,57,26,39,119,92,46,31,239,4,27,18,19,28,44,62,20,17,256,14,40,39,7,11,75,30,26,14
S01010177,541,5,44,54,21,47,109,114,99,48,237,3,16,16,17,27,32,55,50,21,304,2,28,38,4,20,77,59,49,27
S01010178,708,7,51,70,23,54,168,147,130,58,315,6,21,18,20,33,69,56,60,32,393,1,30,52,3,21,99,91,70,26
S01010179,640,8,41,58,14,49,155,174,102,39,292,4,16,17,13,31,63,88,44,16,348,4,25,41,1,18,92,86,58,23
S01010180,386,17,58,50,27,35,76,59,45,19,176,11,22,16,21,28,27,27,16,8,210,6,36,34,6,7,49,32,29,11
S01010181,450,7,41,46,23,25,91,107,89,21,194,3,12,8,19,14,40,47,43,8,256,4,29,38,4,11,51,60,46,13
S01010182,552,40,112,86,44,45,91,73,22,39,261,28,43,24,36,33,33,46,7,11,291,12,69,62,8,12,58,27,15,28
S01010183,320,4,41,38,9,32,72,64,43,17,134,3,13,12,4,18,23,33,20,8,186,1,28,26,5,14,49,31,23,9
S01010184,462,8,35,48,18,39,108,113,54,39,209,1,15,15,10,32,35,52,30,19,253,7,20,33,8,7,73,61,24,20
S01010185,445,4,38,33,20,37,116,115,52,30,195,1,15,5,16,25,44,50,29,10,250,3,23,28,4,12,72,65,23,20
S01010186,501,23,100,81,39,42,77,71,17,51,231,10,47,14,27,28,28,47,8,22,270,13,53,67,12,14,49,24,9,29
S01010187,528,26,105,100,27,53,88,67,21,41,252,17,34,27,21,38,35,53,8,19,276,9,71,73,6,15,53,14,13,22
S01010188,561,55,144,92,50,40,67,50,25,38,269,37,51,34,38,31,18,30,13,17,292,18,93,58,12,9,49,20,12,21
S01010189,730,65,177,128,58,59,76,67,24,76,367,42,65,42,42,45,30,48,12,41,363,23,112,86,16,14,46,19,12,35
S01010190,573,102,140,61,71,39,47,23,26,64,288,60,66,14,54,29,16,9,9,31,285,42,74,47,17,10,31,14,17,33
S01010191,521,48,137,81,46,41,58,46,21,43,257,30,60,19,34,32,21,26,12,23,264,18,77,62,12,9,37,20,9,20
S01010192,627,77,136,102,49,58,73,53,32,47,315,42,69,29,37,40,29,32,10,27,312,35,67,73,12,18,44,21,22,20
S01010193,575,48,135,85,53,51,84,52,24,43,281,26,61,17,46,43,22,28,14,24,294,22,74,68,7,8,62,24,10,19
S01010194,472,13,59,68,18,38,98,93,47,38,213,9,21,11,17,30,38,46,29,12,259,4,38,57,1,8,60,47,18,26
S01010195,390,13,39,57,22,33,76,81,32,37,185,6,21,11,18,29,25,45,19,11,205,7,18,46,4,4,51,36,13,26
S01010196,561,13,48,79,13,49,107,149,71,32,268,9,13,20,9,32,52,73,42,18,293,4,35,59,4,17,55,76,29,14
S01010197,500,4,48,51,12,39,116,124,59,47,214,3,18,11,11,27,36,63,29,16,286,1,30,40,1,12,80,61,30,31
S01010198,748,15,70,72,29,63,171,181,94,53,369,9,22,17,22,39,75,97,62,26,379,6,48,55,7,24,96,84,32,27
S01010199,375,10,34,41,11,25,75,91,62,26,152,8,8,9,7,21,24,40,26,9,223,2,26,32,4,4,51,51,36,17
S01010200,487,10,52,67,24,39,116,119,39,21,228,7,19,13,19,28,53,51,25,13,259,3,33,54,5,11,63,68,14,8
S01010201,453,12,43,74,26,48,88,111,29,22,219,7,14,14,20,39,33,72,12,8,234,5,29,60,6,9,55,39,17,14
S01010202,520,9,43,46,18,36,113,104,111,40,224,5,14,8,12,20,41,53,48,23,296,4,29,38,6,16,72,51,63,17
S01010203,504,31,91,80,29,49,81,72,25,46,235,23,38,22,22,36,30,42,11,11,269,8,53,58,7,13,51,30,14,35
S01010204,589,8,41,48,13,50,129,146,104,50,253,6,12,7,9,35,45,69,51,19,336,2,29,41,4,15,84,77,53,31
S01010205,534,16,84,52,23,38,108,110,69,34,228,10,24,14,17,28,38,50,27,20,306,6,60,38,6,10,70,60,42,14
S01010206,338,9,8,14,11,14,32,26,184,40,153,6,3,5,7,11,8,11,79,23,185,3,5,9,4,3,24,15,105,17
S01010207,459,9,34,25,20,33,63,72,125,78,222,5,14,5,14,26,25,32,54,47,237,4,20,20,6,7,38,40,71,31
S01010208,745,33,133,126,38,68,112,115,62,58,371,19,51,41,32,50,46,75,25,32,374,14,82,85,6,18,66,40,37,26
S01010209,677,36,100,75,24,65,121,127,86,43,318,19,34,17,20,55,51,61,43,18,359,17,66,58,4,10,70,66,43,25
S01010210,641,26,119,77,29,46,125,125,51,43,288,12,39,15,26,35,48,69,25,19,353,14,80,62,3,11,77,56,26,24
S01010211,634,12,67,72,17,47,134,145,84,56,284,9,28,15,11,33,48,75,38,27,350,3,39,57,6,14,86,70,46,29
S01010212,779,14,61,77,15,75,174,162,120,81,376,12,20,19,10,55,74,76,68,42,403,2,41,58,5,20,100,86,52,39
S01010213,657,13,81,96,15,69,163,140,46,34,289,8,29,20,11,49,63,74,20,15,368,5,52,76,4,20,100,66,26,19
S01010214,717,44,113,112,43,80,109,118,41,57,330,27,39,27,29,50,43,65,21,29,387,17,74,85,14,30,66,53,20,28
S01010215,608,9,46,76,20,58,136,142,78,43,258,5,15,15,14,36,46,72,40,15,350,4,31,61,6,22,90,70,38,28
S01010216,464,10,45,48,22,24,107,93,78,37,233,3,17,15,18,17,47,47,41,28,231,7,28,33,4,7,60,46,37,9
S01010217,598,20,63,58,12,51,109,100,108,77,275,10,24,23,10,39,42,58,40,29,323,10,39,35,2,12,67,42,68,48
S01010218,790,27,118,99,40,59,164,119,115,49,388,14,45,35,28,46,78,64,58,20,402,13,73,64,12,13,86,55,57,29
S01010219,382,11,29,26,12,25,79,49,64,87,203,6,13,11,9,20,31,28,30,55,179,5,16,15,3,5,48,21,34,32
S01010220,433,87,92,49,23,19,37,20,11,95,247,51,54,27,19,11,16,13,5,51,186,36,38,22,4,8,21,7,6,44
S01010221,394,12,36,34,7,37,95,78,65,30,198,7,13,7,6,24,43,40,37,21,196,5,23,27,1,13,52,38,28,9
S01010222,414,21,35,56,15,53,76,76,40,42,204,15,19,18,13,30,28,44,19,18,210,6,16,38,2,23,48,32,21,24
S01010223,462,18,58,51,19,48,83,80,52,53,244,11,26,13,17,34,45,47,21,30,218,7,32,38,2,14,38,33,31,23
S01010224,727,21,62,49,21,47,152,161,144,70,327,10,26,13,18,26,60,71,72,31,400,11,36,36,3,21,92,90,72,39
S01010225,636,19,101,71,14,47,125,111,82,66,320,11,52,15,14,34,57,62,33,42,316,8,49,56,0,13,68,49,49,24
S01010226,565,18,42,30,30,39,103,74,131,98,283,10,12,16,26,33,50,35,56,45,282,8,30,14,4,6,53,39,75,53
S01010227,454,13,27,22,15,20,74,74,134,75,227,10,13,10,12,18,33,44,52,35,227,3,14,12,3,2,41,30,82,40
S01010228,499,7,36,51,17,34,113,146,71,24,234,4,16,9,11,29,45,73,38,9,265,3,20,42,6,5,68,73,33,15
S01010229,787,25,82,86,30,70,174,170,93,57,373,14,32,22,22,49,67,88,55,24,414,11,50,64,8,21,107,82,38,33
S01010230,772,22,56,50,19,38,156,143,153,135,440,16,34,17,10,26,101,78,72,86,332,6,22,33,9,12,55,65,81,49
S01010231,712,15,58,79,27,44,189,146,86,68,315,9,21,26,24,27,67,81,31,29,397,6,37,53,3,17,122,65,55,39
S01010232,792,20,62,74,31,37,151,183,130,104,378,13,24,23,24,22,57,98,60,57,414,7,38,51,7,15,94,85,70,47
S01010233,705,12,64,54,27,43,138,133,170,64,346,6,28,18,20,31,66,76,68,33,359,6,36,36,7,12,72,57,102,31
S01010234,793,91,167,94,38,45,102,81,37,138,412,47,72,38,29,31,51,44,20,80,381,44,95,56,9,14,51,37,17,58
S01010235,742,140,168,65,13,43,44,27,23,219,372,74,71,24,11,33,16,17,5,121,370,66,97,41,2,10,28,10,18,98
S01010236,618,66,156,69,27,48,71,46,34,101,310,37,75,25,20,35,28,23,18,49,308,29,81,44,7,13,43,23,16,52
S01010237,543,74,124,74,23,43,57,46,23,79,286,30,69,26,18,34,27,25,16,41,257,44,55,48,5,9,30,21,7,38
S01010238,704,57,147,80,37,42,106,66,34,135,359,30,74,33,28,28,48,31,17,70,345,27,73,47,9,14,58,35,17,65
S01010239,612,20,64,77,17,43,120,137,68,66,303,12,28,28,12,29,50,75,33,36,309,8,36,49,5,14,70,62,35,30
S01010240,580,41,122,76,17,41,85,87,37,74,265,17,48,20,12,26,37,53,19,33,315,24,74,56,5,15,48,34,18,41
S01010241,830,63,158,118,34,60,117,120,61,99,412,24,71,42,24,45,45,69,37,55,418,39,87,76,10,15,72,51,24,44
S01010242,644,33,87,101,25,37,102,93,81,85,318,16,37,41,20,24,49,48,37,46,326,17,50,60,5,13,53,45,44,39
S01010243,833,25,103,119,27,61,134,141,136,87,418,13,42,53,20,40,67,72,67,44,415,12,61,66,7,21,67,69,69,43
S01010244,591,22,58,51,20,43,110,105,106,76,309,7,29,19,18,27,59,62,53,35,282,15,29,32,2,16,51,43,53,41
S01010245,741,6,46,33,29,42,145,235,143,62,338,4,19,7,23,21,56,114,71,23,403,2,27,26,6,21,89,121,72,39
S01010246,649,11,56,53,20,71,148,134,81,75,306,8,22,22,15,48,59,58,35,39,343,3,34,31,5,23,89,76,46,36
S01010247,581,17,90,90,27,73,108,98,33,45,282,9,33,29,22,55,39,59,18,18,299,8,57,61,5,18,69,39,15,27
S01010248,738,108,189,69,30,48,75,54,21,144,384,59,90,29,22,32,29,33,14,76,354,49,99,40,8,16,46,21,7,68
S01010249,617,52,135,69,16,39,73,67,28,138,319,28,66,25,10,28,41,43,11,67,298,24,69,44,6,11,32,24,17,71
S01010250,676,79,166,64,22,36,63,43,19,184,342,48,65,24,20,22,24,23,6,110,334,31,101,40,2,14,39,20,13,74
S01010251,558,63,127,64,26,32,43,33,17,153,290,40,58,30,16,25,18,17,10,76,268,23,69,34,10,7,25,16,7,77
S01010252,521,55,130,81,22,24,62,47,29,71,277,37,71,24,13,18,34,28,13,39,244,18,59,57,9,6,28,19,16,32
S01010253,481,16,52,51,15,43,85,82,69,68,243,9,26,20,8,33,36,36,33,42,238,7,26,31,7,10,49,46,36,26
S01010254,841,42,119,102,33,51,169,154,66,105,405,28,46,43,29,34,71,78,27,49,436,14,73,59,4,17,98,76,39,56
S01010255,523,12,56,52,28,42,82,109,80,62,266,10,33,18,16,34,33,51,40,31,257,2,23,34,12,8,49,58,40,31
S01010256,676,18,68,77,38,41,147,137,78,72,322,9,29,25,31,24,54,75,43,32,354,9,39,52,7,17,93,62,35,40
S01010257,770,63,92,44,23,20,60,52,63,353,439,32,44,25,20,13,32,28,41,204,331,31,48,19,3,7,28,24,22,149
S01010258,1461,99,99,40,11,13,24,19,21,1135,721,59,51,23,10,8,10,13,9,538,740,40,48,17,1,5,14,6,12,597
S01010259,1089,21,43,43,17,37,106,114,84,624,601,17,19,17,16,25,49,59,46,353,488,4,24,26,1,12,57,55,38,271
S01010260,1780,141,144,92,34,47,79,57,47,1139,921,87,87,36,27,40,29,35,25,555,859,54,57,56,7,7,50,22,22,584
S01010261,2373,19,52,67,16,43,94,121,75,1886,1124,12,24,24,16,28,53,65,47,855,1249,7,28,43,0,15,41,56,28,1031
S01010262,676,18,53,47,19,57,112,140,66,164,362,12,23,18,15,45,70,72,43,64,314,6,30,29,4,12,42,68,23,100
S01010263,713,109,150,51,20,18,29,29,19,288,428,75,86,23,14,13,16,17,11,173,285,34,64,28,6,5,13,12,8,115
S01010264,788,137,138,63,23,30,71,69,55,202,465,73,82,27,14,23,41,58,42,105,323,64,56,36,9,7,30,11,13,97
S01010265,1014,175,180,60,29,28,28,11,14,489,505,103,96,25,18,19,15,8,4,217,509,72,84,35,11,9,13,3,10,272
S01010266,474,52,76,25,25,17,21,15,32,211,225,32,42,13,17,13,6,9,10,83,249,20,34,12,8,4,15,6,22,128
S01010267,582,63,78,26,13,32,24,23,13,310,306,44,43,16,7,26,11,11,6,142,276,19,35,10,6,6,13,12,7,168
S01010268,753,62,127,52,30,26,60,41,49,306,366,43,55,21,23,20,29,19,21,135,387,19,72,31,7,6,31,22,28,171
S01010269,498,50,63,38,19,31,35,21,38,203,285,31,41,23,16,22,19,15,19,99,213,19,22,15,3,9,16,6,19,104
S01010270,972,62,148,82,50,74,115,158,79,204,581,30,91,29,45,51,79,91,55,110,391,32,57,53,5,23,36,67,24,94
S01010271,695,48,82,38,23,40,43,31,51,339,335,23,38,19,18,28,22,15,31,141,360,25,44,19,5,12,21,16,20,198
S01010272,891,94,135,69,33,48,118,88,128,178,553,67,87,30,29,41,79,60,76,84,338,27,48,39,4,7,39,28,52,94
S01010273,641,106,137,58,20,24,26,13,25,232,383,74,87,36,16,17,13,6,9,125,258,32,50,22,4,7,13,7,16,107
S01010274,548,108,105,39,20,17,36,23,15,185,347,72,69,19,18,13,23,14,13,106,201,36,36,20,2,4,13,9,2,79
S01010275,575,88,108,37,24,23,23,11,12,249,315,57,61,17,17,16,10,6,8,123,260,31,47,20,7,7,13,5,4,126
S01010276,920,223,260,82,48,33,42,20,26,186,557,146,155,29,36,26,22,13,16,114,363,77,105,53,12,7,20,7,10,72
S01010277,464,19,56,55,16,35,80,92,41,70,222,12,31,15,11,25,29,43,13,43,242,7,25,40,5,10,51,49,28,27
S01010278,472,27,76,34,20,44,90,60,58,63,216,14,38,11,16,33,30,26,20,28,256,13,38,23,4,11,60,34,38,35
S01010279,526,35,75,47,29,40,64,42,31,163,283,24,46,18,19,30,27,20,15,84,243,11,29,29,10,10,37,22,16,79
S01010280,719,100,146,87,20,30,55,49,27,205,410,66,84,50,12,25,24,30,12,107,309,34,62,37,8,5,31,19,15,98
S01010281,719,98,149,61,30,29,52,38,31,231,405,65,87,26,18,22,30,22,10,125,314,33,62,35,12,7,22,16,21,106
S01010282,841,104,173,67,25,51,86,98,51,186,445,57,81,31,18,39,43,63,28,85,396,47,92,36,7,12,43,35,23,101
S01010283,489,83,113,39,19,21,39,20,33,122,289,58,74,24,17,11,12,12,14,67,200,25,39,15,2,10,27,8,19,55
S01010284,1339,178,231,98,36,33,45,41,33,644,614,96,105,37,25,26,28,26,22,249,725,82,126,61,11,7,17,15,11,395
S01010285,719,69,131,61,33,32,50,46,45,252,368,33,64,21,22,28,21,19,20,140,351,36,67,40,11,4,29,27,25,112
S01010286,1443,114,107,48,19,21,42,45,49,998,661,68,53,23,14,12,22,28,14,427,782,46,54,25,5,9,20,17,35,571
S01010287,810,93,147,34,34,30,37,30,23,382,401,57,65,13,23,23,16,13,12,179,409,36,82,21,11,7,21,17,11,203
S01010288,745,131,141,54,41,19,36,15,18,290,382,76,77,23,27,13,13,10,9,134,363,55,64,31,14,6,23,5,9,156
S01010289,687,204,191,38,55,26,21,10,20,122,391,112,110,17,34,24,10,3,12,69,296,92,81,21,21,2,11,7,8,53
S01010290,485,63,95,40,17,25,25,21,32,167,253,34,54,19,13,16,14,14,9,80,232,29,41,21,4,9,11,7,23,87
S01010291,975,72,136,65,24,37,74,49,46,472,503,48,63,27,18,34,33,28,14,238,472,24,73,38,6,3,41,21,32,234
S01010292,831,121,166,53,31,29,44,28,30,329,412,72,72,25,25,23,20,17,16,142,419,49,94,28,6,6,24,11,14,187
S01010293,723,59,98,48,25,38,51,25,53,326,365,36,41,20,19,33,25,18,19,154,358,23,57,28,6,5,26,7,34,172
S01010294,631,56,71,33,15,23,29,23,36,345,281,29,44,18,9,17,9,17,5,133,350,27,27,15,6,6,20,6,31,212
S01010295,870,87,117,41,38,36,65,30,45,411,445,43,61,19,30,27,33,16,13,203,425,44,56,22,8,9,32,14,32,208
S01010296,560,50,76,49,21,22,52,40,47,203,269,26,38,23,16,19,23,20,17,87,291,24,38,26,5,3,29,20,30,116
S01010297,894,63,126,84,34,68,119,124,94,182,525,42,54,34,30,56,66,80,52,111,369,21,72,50,4,12,53,44,42,71
S01010298,677,60,122,70,28,42,95,59,44,157,323,36,51,28,20,26,44,27,19,72,354,24,71,42,8,16,51,32,25,85
S01010299,404,23,43,42,24,29,74,50,65,54,190,19,20,16,17,18,35,25,22,18,214,4,23,26,7,11,39,25,43,36
S01010300,764,63,123,76,22,33,100,66,71,210,415,41,64,29,13,22,44,38,40,124,349,22,59,47,9,11,56,28,31,86
S01010301,457,39,73,35,20,23,40,24,36,167,238,25,35,17,16,18,13,10,17,87,219,14,38,18,4,5,27,14,19,80
S01010302,495,17,41,36,24,52,79,72,114,60,280,10,22,17,20,37,41,39,62,32,215,7,19,19,4,15,38,33,52,28
S01010303,387,7,35,21,22,23,57,53,113,56,180,3,17,7,11,19,24,24,49,26,207,4,18,14,11,4,33,29,64,30
S01010304,456,27,58,38,8,34,74,56,59,102,237,16,29,19,6,22,36,37,28,44,219,11,29,19,2,12,38,19,31,58
S01010305,694,64,107,68,33,54,80,89,65,134,330,24,45,25,24,39,34,43,34,62,364,40,62,43,9,15,46,46,31,72
S01010306,675,90,148,57,12,27,58,31,49,203,343,54,62,22,10,17,32,18,30,98,332,36,86,35,2,10,26,13,19,105
S01010307,732,145,184,71,36,21,46,26,17,186,355,74,89,33,22,12,20,17,6,82,377,71,95,38,14,9,26,9,11,104
S01010308,858,160,215,63,31,27,51,25,36,250,411,87,85,25,22,23,23,18,20,108,447,73,130,38,9,4,28,7,16,142
S01010309,356,10,26,36,10,29,63,100,56,26,194,8,12,6,8,21,32,60,35,12,162,2,14,30,2,8,31,40,21,14
S01010310,540,12,41,53,15,57,97,104,88,73,279,5,19,25,12,42,35,61,44,36,261,7,22,28,3,15,62,43,44,37
S01010311,556,5,37,42,17,45,104,134,118,54,252,3,14,9,11,30,44,60,46,35,304,2,23,33,6,15,60,74,72,19
S01010312,647,5,46,48,18,42,154,157,128,49,297,2,20,16,16,21,58,90,53,21,350,3,26,32,2,21,96,67,75,28
S01010313,529,18,33,30,23,38,128,131,86,42,271,13,13,11,18,27,54,70,44,21,258,5,20,19,5,11,74,61,42,21
S01010314,1034,38,123,96,34,45,158,128,133,279,552,27,58,26,26,27,64,82,77,165,482,11,65,70,8,18,94,46,56,114
S01010315,678,44,111,81,26,50,116,111,75,64,296,23,43,18,18,33,53,57,32,19,382,21,68,63,8,17,63,54,43,45
S01010316,414,24,47,39,12,23,103,67,49,50,188,14,19,11,9,14,41,35,23,22,226,10,28,28,3,9,62,32,26,28
S01010317,660,112,154,55,29,23,38,28,10,211,324,58,66,21,21,16,21,11,3,107,336,54,88,34,8,7,17,17,7,104
S01010318,1497,23,57,37,26,37,81,44,47,1145,697,17,29,8,21,18,36,22,19,527,800,6,28,29,5,19,45,22,28,618
S01010319,624,92,127,68,26,41,73,53,23,121,312,53,57,22,21,28,28,30,11,62,312,39,70,46,5,13,45,23,12,59
S01010320,594,69,103,55,21,30,70,72,48,126,311,38,49,18,15,24,30,48,23,66,283,31,54,37,6,6,40,24,25,60
S01010321,634,52,127,70,21,39,89,77,46,113,313,21,59,32,16,28,40,44,22,51,321,31,68,38,5,11,49,33,24,62
S01010322,914,224,243,73,40,37,52,28,21,196,453,119,103,25,26,25,26,18,12,99,461,105,140,48,14,12,26,10,9,97
S01010323,466,14,31,24,3,27,113,113,94,47,211,6,8,5,3,18,49,58,36,28,255,8,23,19,0,9,64,55,58,19
S01010324,566,4,54,51,28,45,130,167,51,36,270,3,14,13,21,25,57,99,19,19,296,1,40,38,7,20,73,68,32,17
S01010325,666,7,62,76,24,49,161,182,74,31,314,2,27,15,20,32,66,101,38,13,352,5,35,61,4,17,95,81,36,18
S01010326,707,10,51,54,25,48,160,152,152,55,310,5,21,15,17,34,61,69,71,17,397,5,30,39,8,14,99,83,81,38
S01010327,660,33,86,65,34,57,121,122,75,67,284,20,22,11,24,36,42,61,38,30,376,13,64,54,10,21,79,61,37,37
S01010328,706,28,100,89,44,62,113,143,66,61,340,14,36,17,38,42,46,81,37,29,366,14,64,72,6,20,67,62,29,32
S01010329,435,17,59,58,23,44,77,101,33,23,212,8,26,19,18,37,32,40,19,13,223,9,33,39,5,7,45,61,14,10
S01010330,474,7,28,46,18,31,112,113,89,30,214,3,15,16,16,23,30,56,39,16,260,4,13,30,2,8,82,57,50,14
S01010331,643,18,65,75,20,63,146,159,68,29,300,9,29,18,14,34,70,83,29,14,343,9,36,57,6,29,76,76,39,15
S01010332,549,1,50,53,22,54,137,99,90,43,238,0,14,13,15,42,43,48,43,20,311,1,36,40,7,12,94,51,47,23
S01010333,712,16,74,76,42,59,169,145,64,67,327,12,22,17,29,37,67,78,32,33,385,4,52,59,13,22,102,67,32,34
S01010334,674,16,97,99,34,61,150,134,46,37,290,5,29,27,28,39,51,72,23,16,384,11,68,72,6,22,99,62,23,21
S01010335,573,11,52,67,26,45,116,124,70,62,275,6,17,22,23,29,52,65,35,26,298,5,35,45,3,16,64,59,35,36
S01010336,471,11,27,46,20,27,117,98,94,31,226,8,15,9,14,20,46,47,53,14,245,3,12,37,6,7,71,51,41,17
S01010337,485,6,38,61,15,40,119,124,45,37,211,5,14,14,11,29,38,66,19,15,274,1,24,47,4,11,81,58,26,22
S01010338,537,9,48,48,20,52,112,127,86,35,230,3,20,12,15,35,38,55,34,18,307,6,28,36,5,17,74,72,52,17
S01010339,489,11,52,52,19,35,104,123,62,31,210,5,19,12,16,24,25,71,30,8,279,6,33,40,3,11,79,52,32,23
S01010340,551,15,62,72,25,56,112,101,56,52,249,8,21,14,20,40,50,47,27,22,302,7,41,58,5,16,62,54,29,30
S01010341,441,11,68,67,25,34,85,88,21,42,197,5,27,15,23,26,26,49,7,19,244,6,41,52,2,8,59,39,14,23
S01010342,506,24,100,68,31,63,97,70,9,44,237,14,31,22,26,49,33,44,2,16,269,10,69,46,5,14,64,26,7,28
S01010343,745,37,161,133,47,83,126,72,20,66,347,15,66,39,37,67,52,39,7,25,398,22,95,94,10,16,74,33,13,41
S01010344,540,10,41,58,24,54,116,132,74,31,277,6,10,14,22,40,53,67,51,14,263,4,31,44,2,14,63,65,23,17
S01010345,339,45,97,39,31,20,23,25,16,43,165,26,37,9,24,13,11,15,9,21,174,19,60,30,7,7,12,10,7,22
S01010346,783,87,174,119,48,54,123,85,31,62,363,52,62,36,38,39,53,53,7,23,420,35,112,83,10,15,70,32,24,39
S01010347,885,31,96,88,36,67,120,99,93,255,375,20,41,27,28,42,30,38,35,114,510,11,55,61,8,25,90,61,58,141
S01010348,707,28,93,113,25,80,162,130,38,38,322,13,42,28,19,60,61,62,19,18,385,15,51,85,6,20,101,68,19,20
S01010349,666,14,82,90,31,74,158,138,43,36,311,7,34,22,24,56,58,69,25,16,355,7,48,68,7,18,100,69,18,20
S01010350,668,14,75,73,22,62,150,142,86,44,280,8,28,15,16,38,51,72,37,15,388,6,47,58,6,24,99,70,49,29
S01010351,636,35,104,77,30,58,108,102,39,83,291,16,39,24,23,38,39,53,20,39,345,19,65,53,7,20,69,49,19,44
S01010352,395,14,55,42,14,32,75,85,47,31,185,5,18,14,10,22,31,46,26,13,210,9,37,28,4,10,44,39,21,18
S01010353,706,19,62,52,28,63,151,153,131,47,360,12,24,14,18,41,71,103,59,18,346,7,38,38,10,22,80,50,72,29
S01010354,562,21,73,63,22,47,125,88,51,72,249,15,33,21,16,29,48,40,19,28,313,6,40,42,6,18,77,48,32,44
S01010355,582,26,69,61,29,48,115,105,81,48,294,21,25,15,22,37,53,67,37,17,288,5,44,46,7,11,62,38,44,31
S01010356,539,33,102,72,22,56,83,73,41,57,241,18,43,13,20,39,36,31,17,24,298,15,59,59,2,17,47,42,24,33
S01010357,468,16,57,53,18,41,96,89,62,36,231,8,24,15,15,29,39,52,38,11,237,8,33,38,3,12,57,37,24,25
S01010358,621,19,52,58,22,51,143,141,88,47,321,9,26,15,18,39,53,76,55,30,300,10,26,43,4,12,90,65,33,17
S01010359,553,15,45,46,23,39,136,116,84,49,240,10,18,8,20,31,47,45,37,24,313,5,27,38,3,8,89,71,47,25
S01010360,430,16,58,45,14,27,72,93,57,48,202,7,25,17,11,23,30,45,23,21,228,9,33,28,3,4,42,48,34,27
S01010361,485,16,41,38,15,52,94,86,94,49,276,15,22,7,11,34,45,53,59,30,209,1,19,31,4,18,49,33,35,19
S01010362,672,24,50,58,11,61,119,164,127,58,438,14,20,31,11,45,75,116,92,34,234,10,30,27,0,16,44,48,35,24
S01010363,607,94,197,71,31,27,47,35,26,79,313,52,86,29,22,16,25,24,15,44,294,42,111,42,9,11,22,11,11,35
S01010364,700,118,213,95,60,35,40,34,25,80,355,69,98,35,37,30,11,19,10,46,345,49,115,60,23,5,29,15,15,34
S01010365,782,201,257,67,63,25,43,17,23,86,369,120,97,19,43,18,13,14,6,39,413,81,160,48,20,7,30,3,17,47
S01010366,850,167,263,76,51,36,69,34,31,123,407,102,105,22,31,29,25,23,15,55,443,65,158,54,20,7,44,11,16,68
S01010367,1413,217,258,71,48,23,47,22,15,712,646,123,105,18,34,15,20,17,9,305,767,94,153,53,14,8,27,5,6,407
S01010368,543,177,160,58,34,15,21,12,11,55,270,100,71,17,21,8,3,7,5,38,273,77,89,41,13,7,18,5,6,17
S01010369,654,116,182,60,35,21,58,38,40,104,319,65,68,25,25,15,25,19,25,52,335,51,114,35,10,6,33,19,15,52
S01010370,618,157,177,40,44,18,21,20,18,123,308,96,74,17,31,15,4,9,10,52,310,61,103,23,13,3,17,11,8,71
S01010371,872,182,244,59,40,23,26,20,27,251,417,102,100,25,20,14,12,9,16,119,455,80,144,34,20,9,14,11,11,132
S01010372,431,99,125,41,19,19,25,17,11,75,209,53,55,20,13,12,8,11,6,31,222,46,70,21,6,7,17,6,5,44
S01010373,654,140,186,53,27,21,36,35,16,140,325,73,74,18,18,15,24,22,9,72,329,67,112,35,9,6,12,13,7,68
S01010374,792,210,199,48,41,24,26,18,20,206,355,112,83,19,26,15,10,9,7,74,437,98,116,29,15,9,16,9,13,132
S01010375,492,58,58,18,16,4,21,12,9,296,229,30,25,9,13,3,11,8,5,125,263,28,33,9,3,1,10,4,4,171
S01010376,659,83,125,39,23,20,32,15,16,306,331,41,62,22,14,15,16,10,8,143,328,42,63,17,9,5,16,5,8,163
S01010377,851,95,101,52,33,16,48,28,45,433,379,45,49,25,19,14,17,13,15,182,472,50,52,27,14,2,31,15,30,251
S01010378,678,100,69,26,13,9,15,13,20,413,281,42,34,12,8,5,8,7,9,156,397,58,35,14,5,4,7,6,11,257
S01010379,1044,99,150,48,24,24,42,29,19,609,491,47,81,28,16,19,21,18,11,250,553,52,69,20,8,5,21,11,8,359
S01010380,847,161,226,82,35,17,45,39,24,218,380,74,91,33,24,12,19,21,12,94,467,87,135,49,11,5,26,18,12,124
S01010381,561,100,84,44,15,16,32,22,17,231,283,57,39,23,9,11,17,13,8,106,278,43,45,21,6,5,15,9,9,125
S01010382,763,116,164,64,25,34,59,44,30,227,376,65,73,29,19,26,28,28,22,86,387,51,91,35,6,8,31,16,8,141
S01010383,575,40,84,65,26,23,75,60,42,160,279,22,38,22,22,16,47,32,18,62,296,18,46,43,4,7,28,28,24,98
S01010384,736,147,172,59,25,30,41,37,19,206,353,82,83,15,15,23,8,23,8,96,383,65,89,44,10,7,33,14,11,110
S01010385,749,95,162,76,34,39,69,56,29,189,339,49,67,23,23,27,33,27,13,77,410,46,95,53,11,12,36,29,16,112
S01010386,768,65,138,74,35,38,102,100,52,164,376,34,60,27,22,26,48,57,25,77,392,31,78,47,13,12,54,43,27,87
S01010387,940,146,203,73,27,50,76,69,36,260,489,89,106,32,22,38,34,33,20,115,451,57,97,41,5,12,42,36,16,145
S01010388,867,72,149,112,37,57,128,112,58,142,423,46,65,35,22,42,59,54,37,63,444,26,84,77,15,15,69,58,21,79
S01010389,967,246,266,68,40,26,46,33,20,222,522,146,143,27,31,17,22,25,9,102,445,100,123,41,9,9,24,8,11,120
S01010390,981,157,272,129,36,45,90,60,46,146,494,83,121,49,30,32,48,33,23,75,487,74,151,80,6,13,42,27,23,71
S01010391,707,81,192,89,31,48,86,51,27,102,345,39,83,33,27,35,43,38,12,35,362,42,109,56,4,13,43,13,15,67
S01010392,630,180,190,56,34,18,18,10,14,110,352,107,119,24,23,12,8,7,6,46,278,73,71,32,11,6,10,3,8,64
S01010393,880,136,265,102,32,55,75,45,30,140,426,80,111,42,24,34,25,28,12,70,454,56,154,60,8,21,50,17,18,70
S01010394,640,57,115,71,39,35,90,89,76,68,333,31,49,22,32,26,46,59,47,21,307,26,66,49,7,9,44,30,29,47
S01010395,840,115,204,99,36,53,91,59,35,148,431,67,83,35,27,36,46,36,20,81,409,48,121,64,9,17,45,23,15,67
S01010396,863,148,184,89,31,45,84,78,42,162,415,90,75,30,17,35,36,44,27,61,448,58,109,59,14,10,48,34,15,101
S01010397,475,122,117,33,20,6,27,18,17,115,225,60,45,9,16,2,12,12,8,61,250,62,72,24,4,4,15,6,9,54
S01010398,909,220,249,85,49,35,58,26,19,168,427,119,100,29,32,23,30,14,9,71,482,101,149,56,17,12,28,12,10,97
S01010399,946,316,292,64,25,21,34,13,20,161,475,181,124,27,16,11,15,8,8,85,471,135,168,37,9,10,19,5,12,76
S01010400,891,236,281,58,53,27,36,31,23,146,438,129,119,21,37,20,17,23,7,65,453,107,162,37,16,7,19,8,16,81
S01010401,592,152,164,53,30,17,24,20,9,123,287,98,63,22,18,12,15,12,6,41,305,54,101,31,12,5,9,8,3,82
S01010402,855,292,235,76,38,11,41,17,18,127,425,155,105,23,22,8,27,12,9,64,430,137,130,53,16,3,14,5,9,63
S01010403,836,284,247,61,46,17,22,12,9,138,417,175,96,22,29,14,9,6,6,60,419,109,151,39,17,3,13,6,3,78
S01010404,622,161,214,43,59,17,20,23,14,71,306,91,97,12,38,7,9,13,5,34,316,70,117,31,21,10,11,10,9,37
S01010405,660,220,207,49,43,19,20,15,16,71,341,122,100,21,26,12,9,10,7,34,319,98,107,28,17,7,11,5,9,37
S01010406,735,175,172,49,42,20,36,25,25,191,365,98,77,28,27,16,18,16,13,72,370,77,95,21,15,4,18,9,12,119
S01010407,819,114,145,45,23,16,32,20,14,410,346,62,62,24,10,9,15,7,8,149,473,52,83,21,13,7,17,13,6,261
S01010408,369,78,89,56,29,15,30,28,16,28,205,43,38,23,22,13,17,23,12,14,164,35,51,33,7,2,13,5,4,14
S01010409,491,100,135,54,42,18,36,18,18,70,246,60,60,18,32,12,12,13,7,32,245,40,75,36,10,6,24,5,11,38
S01010410,424,129,113,50,25,16,19,12,15,45,204,73,44,17,20,10,7,8,5,20,220,56,69,33,5,6,12,4,10,25
S01010411,738,209,246,70,37,27,22,17,23,87,353,126,102,19,28,18,8,12,5,35,385,83,144,51,9,9,14,5,18,52
S01010412,694,198,187,56,40,24,35,37,34,83,361,114,98,22,25,19,10,23,20,30,333,84,89,34,15,5,25,14,14,53
S01010413,503,133,157,50,36,19,23,15,19,51,244,81,61,12,25,13,12,8,5,27,259,52,96,38,11,6,11,7,14,24
S01010414,771,179,247,89,38,39,46,32,18,83,388,103,111,26,23,31,18,19,7,50,383,76,136,63,15,8,28,13,11,33
S01010415,776,80,149,91,55,59,91,98,58,95,402,44,65,34,48,43,33,57,26,52,374,36,84,57,7,16,58,41,32,43
S01010416,523,117,166,61,33,28,38,22,9,49,257,65,69,21,26,21,19,11,3,22,266,52,97,40,7,7,19,11,6,27
S01010417,428,108,144,47,24,10,30,12,12,41,185,55,56,10,19,5,13,10,0,17,243,53,88,37,5,5,17,2,12,24
S01010418,894,249,297,82,46,25,44,24,40,87,424,131,113,25,31,18,9,16,26,55,470,118,184,57,15,7,35,8,14,32
S01010419,772,251,258,78,33,20,34,25,11,62,349,130,101,22,22,16,13,15,5,25,423,121,157,56,11,4,21,10,6,37
S01010420,476,88,138,46,28,27,40,33,13,63,230,58,56,10,20,19,16,15,3,33,246,30,82,36,8,8,24,18,10,30
S01010421,637,177,199,72,35,20,36,16,15,67,317,100,84,20,26,13,17,10,5,42,320,77,115,52,9,7,19,6,10,25
S01010422,778,139,248,81,42,30,71,49,31,87,371,71,97,24,28,21,42,28,16,44,407,68,151,57,14,9,29,21,15,43
S01010423,661,45,100,85,24,44,117,94,85,67,317,23,39,28,15,27,56,54,44,31,344,22,61,57,9,17,61,40,41,36
S01010424,635,35,117,75,30,47,109,96,63,63,309,23,53,25,16,33,44,58,25,32,326,12,64,50,14,14,65,38,38,31
S01010425,819,38,146,87,32,66,169,116,83,82,391,19,49,30,26,51,65,65,44,42,428,19,97,57,6,15,104,51,39,40
S01010426,582,41,134,71,35,53,95,61,56,36,288,21,55,25,27,32,47,35,27,19,294,20,79,46,8,21,48,26,29,17
S01010427,703,34,111,63,37,42,114,99,141,62,378,25,42,19,32,27,60,59,80,34,325,9,69,44,5,15,54,40,61,28
S01010428,507,90,158,78,22,21,45,24,23,46,239,53,64,24,15,14,21,11,12,25,268,37,94,54,7,7,24,13,11,21
S01010429,725,151,258,75,34,27,58,33,26,63,351,83,117,27,24,16,28,17,14,25,374,68,141,48,10,11,30,16,12,38
S01010430,645,13,64,86,36,40,128,119,71,88,325,5,18,30,30,31,61,63,38,49,320,8,46,56,6,9,67,56,33,39
S01010431,514,107,188,51,29,21,26,25,9,58,253,69,79,17,17,14,11,17,3,26,261,38,109,34,12,7,15,8,6,32
S01010432,698,24,88,91,31,57,143,113,65,86,331,14,30,30,26,36,60,69,31,35,367,10,58,61,5,21,83,44,34,51
S01010433,537,9,27,25,33,40,90,70,161,82,299,6,11,10,27,29,51,44,77,44,238,3,16,15,6,11,39,26,84,38
S01010434,473,19,67,43,14,45,72,85,74,54,217,9,27,8,10,33,27,46,33,24,256,10,40,35,4,12,45,39,41,30
S01010435,443,16,66,76,15,39,91,79,25,36,218,13,25,23,8,29,34,49,14,23,225,3,41,53,7,10,57,30,11,13
S01010436,634,29,100,74,37,35,106,105,79,69,306,17,34,28,27,28,44,58,42,28,328,12,66,46,10,7,62,47,37,41
S01010437,406,10,60,60,12,29,83,77,37,38,193,8,30,14,8,22,39,42,19,11,213,2,30,46,4,7,44,35,18,27
S01010438,592,18,94,53,20,55,119,97,77,59,259,7,33,16,14,32,41,54,34,28,333,11,61,37,6,23,78,43,43,31
S01010439,772,34,137,94,25,60,127,140,64,91,340,20,55,23,19,43,48,68,31,33,432,14,82,71,6,17,79,72,33,58
S01010440,490,28,62,64,18,37,81,83,74,43,235,19,18,22,13,22,39,46,38,18,255,9,44,42,5,15,42,37,36,25
S01010441,686,64,175,125,27,56,89,74,32,44,314,39,69,37,21,39,34,46,18,11,372,25,106,88,6,17,55,28,14,33
S01010442,587,23,109,81,25,43,101,92,69,44,271,12,38,22,18,30,38,62,37,14,316,11,71,59,7,13,63,30,32,30
S01010443,378,17,67,57,29,37,70,57,22,22,163,5,27,15,19,27,21,30,12,7,215,12,40,42,10,10,49,27,10,15
S01010444,496,18,62,65,26,33,105,104,49,34,236,9,20,23,18,22,48,58,24,14,260,9,42,42,8,11,57,46,25,20
S01010445,581,22,65,72,31,58,120,104,62,47,270,11,22,22,25,37,43,58,30,22,311,11,43,50,6,21,77,46,32,25
S01010446,649,27,126,88,55,70,99,95,34,55,322,18,60,16,46,47,27,58,22,28,327,9,66,72,9,23,72,37,12,27
S01010447,747,22,87,96,38,81,163,115,82,63,372,13,35,23,26,56,70,71,44,34,375,9,52,73,12,25,93,44,38,29
S01010448,644,40,129,112,36,42,102,81,41,61,308,26,47,30,31,32,42,41,23,36,336,14,82,82,5,10,60,40,18,25
S01010449,571,17,95,88,21,49,108,116,51,26,263,11,34,16,15,32,39,70,30,16,308,6,61,72,6,17,69,46,21,10
S01010450,605,21,112,82,26,67,109,98,47,43,285,12,42,24,21,50,43,55,25,13,320,9,70,58,5,17,66,43,22,30
S01010451,600,32,75,62,38,44,111,99,92,47,322,23,33,14,29,35,50,58,55,25,278,9,42,48,9,9,61,41,37,22
S01010452,569,26,105,102,23,56,103,89,28,37,257,13,44,21,15,40,42,50,14,18,312,13,61,81,8,16,61,39,14,19
S01010453,513,24,60,62,31,49,59,83,109,36,267,17,28,24,23,39,20,38,63,15,246,7,32,38,8,10,39,45,46,21
S01010454,572,23,87,98,27,58,110,97,38,34,272,12,36,23,22,47,46,49,21,16,300,11,51,75,5,11,64,48,17,18
S01010455,697,23,81,96,43,49,135,143,84,43,339,11,35,20,31,40,60,86,38,18,358,12,46,76,12,9,75,57,46,25
S01010456,386,19,71,63,21,39,72,53,24,24,180,7,28,16,17,28,30,32,13,9,206,12,43,47,4,11,42,21,11,15
S01010457,466,27,70,52,34,30,82,81,60,30,227,18,32,11,23,19,36,45,29,14,239,9,38,41,11,11,46,36,31,16
S01010458,557,11,80,94,25,43,119,87,49,49,266,9,39,25,23,29,41,43,27,30,291,2,41,69,2,14,78,44,22,19
S01010459,409,24,66,62,22,23,74,58,37,43,190,12,25,17,20,16,27,35,21,17,219,12,41,45,2,7,47,23,16,26
S01010460,532,130,157,52,47,24,36,25,18,43,246,69,60,15,35,16,13,15,6,17,286,61,97,37,12,8,23,10,12,26
S01010461,519,25,95,70,17,32,102,81,59,38,259,18,49,17,15,21,46,43,35,15,260,7,46,53,2,11,56,38,24,23
S01010462,614,5,31,29,19,30,97,103,212,88,363,5,12,9,16,25,58,60,126,52,251,0,19,20,3,5,39,43,86,36
S01010463,567,55,131,74,47,26,96,50,38,50,271,29,51,25,36,22,42,31,20,15,296,26,80,49,11,4,54,19,18,35
S01010464,369,22,76,64,30,35,48,46,25,23,180,14,24,18,22,26,14,31,18,13,189,8,52,46,8,9,34,15,7,10
S01010465,769,94,241,125,29,49,84,58,21,68,343,47,88,46,20,40,31,34,11,26,426,47,153,79,9,9,53,24,10,42
S01010466,753,126,213,94,37,37,60,36,26,124,357,67,90,36,28,26,25,21,11,53,396,59,123,58,9,11,35,15,15,71
S01010467,596,105,188,83,38,26,53,20,25,58,270,63,81,21,28,15,18,11,10,23,326,42,107,62,10,11,35,9,15,35
S01010468,726,127,193,89,47,21,67,38,27,117,330,87,67,31,33,13,22,21,8,48,396,40,126,58,14,8,45,17,19,69
S01010469,473,50,123,72,19,34,51,34,37,53,245,30,52,22,16,22,24,27,24,28,228,20,71,50,3,12,27,7,13,25
S01010470,536,28,113,95,40,44,77,74,35,30,250,14,43,30,28,34,24,43,22,12,286,14,70,65,12,10,53,31,13,18
S01010471,472,26,76,65,16,45,74,82,47,41,207,12,29,16,10,29,25,46,15,25,265,14,47,49,6,16,49,36,32,16
S01010472,449,86,121,46,19,23,40,30,25,59,203,48,48,16,13,15,19,14,16,14,246,38,73,30,6,8,21,16,9,45
S01010473,630,60,163,95,24,35,87,67,36,63,290,38,59,34,17,26,37,37,12,30,340,22,104,61,7,9,50,30,24,33
S01010474,672,73,144,77,24,35,78,69,53,119,327,45,60,30,18,29,34,42,21,48,345,28,84,47,6,6,44,27,32,71
S01010475,560,101,188,92,22,30,36,24,10,57,259,52,81,25,14,22,17,21,4,23,301,49,107,67,8,8,19,3,6,34
S01010476,747,87,165,118,40,48,82,69,39,99,338,47,64,34,30,32,35,34,19,43,409,40,101,84,10,16,47,35,20,56
S01010477,559,23,104,93,23,56,108,87,24,41,260,15,38,24,15,41,45,47,12,23,299,8,66,69,8,15,63,40,12,18
S01010478,776,21,126,108,46,61,155,143,65,51,405,13,54,36,36,42,64,104,39,17,371,8,72,72,10,19,91,39,26,34
S01010479,735,34,128,106,31,69,143,113,47,64,343,19,48,35,26,48,45,69,25,28,392,15,80,71,5,21,98,44,22,36
S01010480,417,31,81,68,28,32,75,52,27,23,200,19,30,24,26,24,27,27,14,9,217,12,51,44,2,8,48,25,13,14
S01010481,459,6,47,46,21,41,102,86,70,40,209,3,17,14,19,25,42,42,28,19,250,3,30,32,2,16,60,44,42,21
S01010482,547,28,96,78,35,41,92,90,44,43,260,15,39,20,24,34,29,45,28,26,287,13,57,58,11,7,63,45,16,17
S01010483,758,46,148,103,44,57,140,131,49,40,359,27,55,26,35,40,54,73,28,21,399,19,93,77,9,17,86,58,21,19
S01010484,428,21,60,71,22,41,77,73,35,28,197,9,27,16,17,32,25,37,18,16,231,12,33,55,5,9,52,36,17,12
S01010485,684,37,154,113,38,61,95,77,52,57,332,25,69,27,25,43,34,52,30,27,352,12,85,86,13,18,61,25,22,30
S01010486,709,53,180,134,63,61,84,58,23,53,335,33,67,39,53,49,23,42,11,18,374,20,113,95,10,12,61,16,12,35
S01010487,683,36,119,116,34,71,126,101,36,44,328,20,50,27,24,52,53,61,18,23,355,16,69,89,10,19,73,40,18,21
S01010488,559,15,40,62,17,45,142,109,88,41,244,10,16,20,12,32,45,58,37,14,315,5,24,42,5,13,97,51,51,27
S01010489,719,24,83,91,26,68,153,132,83,59,348,13,36,25,22,44,55,74,47,32,371,11,47,66,4,24,98,58,36,27
S01010490,508,12,37,61,17,43,111,91,85,51,217,8,15,16,13,35,34,42,31,23,291,4,22,45,4,8,77,49,54,28
S01010491,610,8,41,63,24,28,168,111,120,47,248,3,14,13,20,18,54,53,51,22,362,5,27,50,4,10,114,58,69,25
S01010492,395,6,26,35,14,27,90,96,68,33,169,5,11,9,8,18,31,50,25,12,226,1,15,26,6,9,59,46,43,21
S01010493,473,6,17,49,19,31,110,102,102,37,201,4,8,12,15,23,46,44,36,13,272,2,9,37,4,8,64,58,66,24
S01010494,464,12,56,49,23,47,96,84,67,30,221,7,18,9,21,33,31,52,36,14,243,5,38,40,2,14,65,32,31,16
S01010495,626,9,48,60,16,53,133,142,117,48,273,6,19,13,10,35,51,70,51,18,353,3,29,47,6,18,82,72,66,30
S01010496,598,6,50,67,14,44,104,152,121,40,267,4,17,17,12,28,45,78,54,12,331,2,33,50,2,16,59,74,67,28
S01010497,547,8,60,55,29,36,116,100,95,48,252,4,20,18,21,26,46,54,43,20,295,4,40,37,8,10,70,46,52,28
S01010498,624,10,35,66,16,43,131,165,110,48,267,5,7,17,13,28,48,77,48,24,357,5,28,49,3,15,83,88,62,24
S01010499,586,5,27,40,16,34,126,125,158,55,301,2,14,15,12,26,45,76,85,26,285,3,13,25,4,8,81,49,73,29
S01010500,732,24,69,68,24,42,152,153,136,64,317,16,26,16,19,32,54,59,62,33,415,8,43,52,5,10,98,94,74,31
S01010501,673,12,84,82,29,61,149,145,76,35,291,5,27,22,24,38,53,75,33,14,382,7,57,60,5,23,96,70,43,21
S01010502,599,11,75,84,34,56,125,112,58,44,270,5,25,21,28,41,58,49,26,17,329,6,50,63,6,15,67,63,32,27
S01010503,503,3,42,49,16,35,125,128,73,32,221,1,15,11,14,15,48,73,33,11,282,2,27,38,2,20,77,55,40,21
S01010504,389,32,81,35,124,14,49,34,9,11,194,15,39,10,76,12,15,20,4,3,195,17,42,25,48,2,34,14,5,8
S01010505,423,33,86,19,114,25,77,39,13,17,199,15,37,1,67,20,26,27,1,5,224,18,49,18,47,5,51,12,12,12
S01010506,629,37,166,46,136,50,88,68,14,24,302,17,68,9,84,41,29,37,4,13,327,20,98,37,52,9,59,31,10,11
S01010507,588,21,105,44,85,64,129,83,27,30,290,13,48,11,58,40,44,48,15,13,298,8,57,33,27,24,85,35,12,17
S01010508,736,52,168,63,122,64,129,85,16,37,371,35,69,16,77,45,55,46,6,22,365,17,99,47,45,19,74,39,10,15
S01010509,735,53,190,61,118,75,126,69,12,31,374,34,85,15,77,56,46,41,5,15,361,19,105,46,41,19,80,28,7,16
S01010510,571,29,124,74,51,59,125,71,18,20,272,17,45,15,37,41,43,51,14,9,299,12,79,59,14,18,82,20,4,11
S01010511,620,18,85,46,36,89,165,128,18,35,298,11,29,8,26,70,55,74,9,16,322,7,56,38,10,19,110,54,9,19
S01010512,420,15,90,44,37,51,92,70,10,11,199,10,35,9,28,39,30,40,4,4,221,5,55,35,9,12,62,30,6,7
S01010513,576,55,138,69,70,69,86,53,10,26,292,36,56,17,45,55,29,40,4,10,284,19,82,52,25,14,57,13,6,16
S01010514,504,12,71,56,40,64,115,107,14,25,239,8,25,16,28,43,37,64,6,12,265,4,46,40,12,21,78,43,8,13
S01010515,600,12,86,48,28,99,141,146,18,22,278,8,32,10,18,68,44,82,8,8,322,4,54,38,10,31,97,64,10,14
S01010516,477,38,117,40,98,42,62,53,12,15,237,24,54,10,53,29,24,32,5,6,240,14,63,30,45,13,38,21,7,9
S01010517,642,31,152,53,54,73,124,83,34,38,322,25,70,12,39,44,54,48,10,20,320,6,82,41,15,29,70,35,24,18
S01010518,510,26,109,57,38,61,97,76,13,33,267,18,48,15,30,45,36,48,8,19,243,8,61,42,8,16,61,28,5,14
S01010519,542,22,113,62,32,60,119,85,22,27,255,17,49,14,21,38,44,55,8,9,287,5,64,48,11,22,75,30,14,18
S01010520,667,36,132,89,41,97,129,105,9,29,323,25,61,13,31,66,42,66,5,14,344,11,71,76,10,31,87,39,4,15
S01010521,563,17,110,52,62,74,126,93,12,17,273,10,49,9,41,53,48,53,5,5,290,7,61,43,21,21,78,40,7,12
S01010522,441,24,66,37,46,55,92,75,25,21,227,15,30,8,24,34,44,47,15,10,214,9,36,29,22,21,48,28,10,11
S01010523,433,6,63,26,28,40,132,106,15,17,196,4,27,6,22,25,51,44,7,10,237,2,36,20,6,15,81,62,8,7
S01010524,415,36,101,36,82,44,58,46,5,7,206,18,39,11,54,28,20,29,2,5,209,18,62,25,28,16,38,17,3,2
S01010525,486,40,119,38,91,54,62,49,9,24,243,31,45,7,56,37,26,31,2,8,243,9,74,31,35,17,36,18,7,16
S01010526,581,41,119,67,102,60,104,67,5,16,296,22,52,21,65,41,44,40,2,9,285,19,67,46,37,19,60,27,3,7
S01010527,658,22,138,61,51,92,131,118,27,18,319,19,51,17,34,57,58,61,11,11,339,3,87,44,17,35,73,57,16,7
S01010528,445,39,126,30,71,40,60,36,12,31,236,28,51,9,51,28,29,20,2,18,209,11,75,21,20,12,31,16,10,13
S01010529,528,40,115,46,81,54,89,66,10,27,263,25,46,5,63,35,22,47,4,16,265,15,69,41,18,19,67,19,6,11
S01010530,501,43,100,44,114,44,78,55,5,18,252,28,42,10,70,29,24,37,2,10,249,15,58,34,44,15,54,18,3,8
S01010531,803,68,167,77,134,88,126,100,15,28,382,43,61,21,86,53,39,68,3,8,421,25,106,56,48,35,87,32,12,20
S01010532,411,41,66,39,81,57,66,36,8,17,208,30,24,6,51,44,19,24,3,7,203,11,42,33,30,13,47,12,5,10
S01010533,419,38,102,33,63,45,76,41,7,14,214,29,39,6,38,34,38,20,1,9,205,9,63,27,25,11,38,21,6,5
S01010534,654,44,138,69,81,67,129,72,16,38,314,26,52,15,56,46,46,48,6,19,340,18,86,54,25,21,83,24,10,19
S01010535,524,48,151,51,83,43,76,41,8,23,253,29,67,14,51,35,22,23,4,8,271,19,84,37,32,8,54,18,4,15
S01010536,631,31,116,78,53,96,115,107,17,18,313,19,54,22,37,58,43,57,14,9,318,12,62,56,16,38,72,50,3,9
S01010537,630,29,114,58,54,110,113,107,16,29,326,18,60,14,33,72,43,63,9,14,304,11,54,44,21,38,70,44,7,15
S01010538,585,51,124,74,63,67,91,71,13,31,277,31,53,18,38,41,29,48,3,16,308,20,71,56,25,26,62,23,10,15
S01010539,913,58,236,109,99,120,147,107,11,26,462,35,116,33,65,81,54,60,7,11,451,23,120,76,34,39,93,47,4,15
S01010540,475,58,116,42,66,44,65,48,8,28,229,33,46,4,43,37,17,31,3,15,246,25,70,38,23,7,48,17,5,13
S01010541,649,47,173,76,96,73,94,63,5,22,303,26,71,22,54,49,28,36,4,13,346,21,102,54,42,24,66,27,1,9
S01010542,673,59,181,62,99,72,94,63,13,30,345,36,85,18,62,51,33,38,6,16,328,23,96,44,37,21,61,25,7,14
S01010543,470,41,100,51,119,26,77,38,5,13,236,21,45,14,77,19,26,28,1,5,234,20,55,37,42,7,51,10,4,8
S01010544,625,30,109,49,78,65,130,112,31,21,295,22,43,9,48,44,41,64,17,7,330,8,66,40,30,21,89,48,14,14
S01010545,509,38,113,57,77,35,84,72,15,18,256,29,49,16,43,26,27,52,3,11,253,9,64,41,34,9,57,20,12,7
S01010546,544,40,99,54,74,53,99,88,15,22,265,26,33,12,53,34,32,56,7,12,279,14,66,42,21,19,67,32,8,10
S01010547,567,35,130,53,99,70,77,62,11,30,289,24,60,13,66,49,30,32,5,10,278,11,70,40,33,21,47,30,6,20
S01010548,487,55,108,66,80,41,81,32,4,20,249,32,44,23,53,29,32,22,3,11,238,23,64,43,27,12,49,10,1,9
S01010549,660,62,201,94,45,66,96,61,6,29,316,41,96,23,24,50,28,39,1,14,344,21,105,71,21,16,68,22,5,15
S01010550,397,38,77,41,34,59,55,51,9,33,200,24,33,12,21,40,19,31,4,16,197,14,44,29,13,19,36,20,5,17
S01010551,485,59,107,55,88,36,59,47,11,23,239,34,44,13,56,26,17,33,4,12,246,25,63,42,32,10,42,14,7,11
S01010552,582,83,125,56,80,46,87,64,9,32,284,51,49,15,48,36,30,39,3,13,298,32,76,41,32,10,57,25,6,19
S01010553,486,56,106,58,100,41,68,23,10,24,253,35,53,14,71,33,20,12,2,13,233,21,53,44,29,8,48,11,8,11
S01010554,563,32,133,66,63,56,101,75,16,21,270,16,58,17,42,37,31,51,8,10,293,16,75,49,21,19,70,24,8,11
S01010555,711,50,151,90,67,68,125,94,25,41,360,29,74,31,38,48,43,62,11,24,351,21,77,59,29,20,82,32,14,17
S01010556,670,31,106,64,39,86,145,118,44,37,322,23,40,17,27,56,53,69,14,23,348,8,66,47,12,30,92,49,30,14
S01010557,440,31,88,52,18,41,91,75,24,20,203,24,42,11,12,25,28,47,6,8,237,7,46,41,6,16,63,28,18,12
S01010558,586,42,130,69,57,52,99,83,32,22,281,26,60,13,35,36,32,50,18,11,305,16,70,56,22,16,67,33,14,11
S01010559,491,77,156,58,42,39,52,32,14,21,239,54,70,12,23,25,14,21,8,12,252,23,86,46,19,14,38,11,6,9
S01010560,487,53,130,63,47,47,77,36,10,24,220,32,60,17,30,30,17,24,3,7,267,21,70,46,17,17,60,12,7,17
S01010561,495,68,131,69,49,31,58,51,11,27,233,42,57,15,32,24,16,28,6,13,262,26,74,54,17,7,42,23,5,14
S01010562,553,29,118,78,42,74,112,67,10,23,267,17,47,19,31,59,38,42,4,10,286,12,71,59,11,15,74,25,6,13
S01010563,390,17,63,40,24,44,87,79,20,16,193,11,28,11,14,32,26,53,9,9,197,6,35,29,10,12,61,26,11,7
S01010564,386,11,49,29,36,50,88,83,28,12,212,5,19,9,24,36,36,59,17,7,174,6,30,20,12,14,52,24,11,5
S01010565,492,29,97,60,26,59,99,79,13,30,239,24,36,15,18,53,30,44,8,11,253,5,61,45,8,6,69,35,5,19
S01010566,798,88,186,91,110,88,109,55,20,51,416,47,85,19,72,82,35,37,9,30,382,41,101,72,38,6,74,18,11,21
S01010567,795,95,210,83,113,57,94,47,41,55,409,62,86,19,70,48,36,37,27,24,386,33,124,64,43,9,58,10,14,31
S01010568,742,87,164,86,95,69,103,71,12,55,375,54,70,19,72,51,33,41,9,26,367,33,94,67,23,18,70,30,3,29
S01010569,675,57,151,136,99,50,75,58,17,32,388,35,81,88,63,39,25,40,7,10,287,22,70,48,36,11,50,18,10,22
S01010570,777,44,131,71,57,89,187,120,33,45,376,24,42,16,41,59,74,81,17,22,401,20,89,55,16,30,113,39,16,23
S01010571,626,49,156,89,46,79,100,78,7,22,332,32,62,34,35,55,45,53,5,11,294,17,94,55,11,24,55,25,2,11
S01010572,590,33,97,79,34,81,122,100,24,20,276,16,41,21,21,55,35,63,13,11,314,17,56,58,13,26,87,37,11,9
S01010573,406,17,69,43,24,59,91,81,12,10,196,12,19,10,15,43,34,52,10,1,210,5,50,33,9,16,57,29,2,9
S01010574,416,52,117,67,29,32,51,33,8,27,209,34,59,12,16,23,18,25,5,17,207,18,58,55,13,9,33,8,3,10
S01010575,511,49,142,96,35,30,78,36,14,31,242,34,66,18,24,24,30,27,3,16,269,15,76,78,11,6,48,9,11,15
S01010576,613,72,175,114,51,43,79,37,12,30,288,51,78,21,34,33,26,28,5,12,325,21,97,93,17,10,53,9,7,18
S01010577,659,13,96,64,41,75,152,128,34,56,308,9,42,17,27,52,47,72,13,29,351,4,54,47,14,23,105,56,21,27
S01010578,436,12,86,50,33,58,89,71,13,24,200,6,40,12,23,36,28,43,5,7,236,6,46,38,10,22,61,28,8,17
S01010579,580,28,151,79,47,71,105,51,9,39,281,15,61,24,34,53,33,40,6,15,299,13,90,55,13,18,72,11,3,24
S01010580,444,35,89,61,25,50,78,64,22,20,229,21,41,20,19,32,36,39,13,8,215,14,48,41,6,18,42,25,9,12
S01010581,402,37,109,59,22,39,61,43,16,16,192,24,45,18,15,23,22,28,11,6,210,13,64,41,7,16,39,15,5,10
S01010582,346,43,84,53,35,33,42,23,12,21,168,30,35,15,20,29,11,16,3,9,178,13,49,38,15,4,31,7,9,12
S01010583,742,56,216,146,45,66,109,54,7,43,338,33,101,33,21,47,34,44,6,19,404,23,115,113,24,19,75,10,1,24
S01010584,580,66,145,85,60,44,74,43,20,43,266,45,49,21,48,33,20,25,9,16,314,21,96,64,12,11,54,18,11,27
S01010585,595,72,161,88,52,63,80,36,10,33,275,43,69,23,32,50,18,24,2,14,320,29,92,65,20,13,62,12,8,19
S01010586,591,84,183,93,48,46,76,30,6,25,275,59,83,18,29,34,17,22,4,9,316,25,100,75,19,12,59,8,2,16
S01010587,527,50,163,72,39,47,68,44,14,30,253,35,66,16,29,34,22,33,6,12,274,15,97,56,10,13,46,11,8,18
S01010588,460,53,118,74,34,33,75,38,13,22,222,34,57,15,21,25,28,23,5,14,238,19,61,59,13,8,47,15,8,8
S01010589,482,27,92,69,27,52,109,69,17,20,233,21,36,25,17,33,40,46,8,7,249,6,56,44,10,19,69,23,9,13
S01010590,600,97,209,83,53,35,53,29,7,34,295,66,98,15,35,32,17,17,0,15,305,31,111,68,18,3,36,12,7,19
S01010591,531,50,155,82,26,58,79,41,19,21,253,29,67,23,21,43,27,29,6,8,278,21,88,59,5,15,52,12,13,13
S01010592,402,32,94,68,20,38,75,50,14,11,190,21,35,23,14,28,26,32,6,5,212,11,59,45,6,10,49,18,8,6
S01010593,465,56,142,72,44,30,54,34,8,25,215,36,60,14,30,23,15,24,1,12,250,20,82,58,14,7,39,10,7,13
S01010594,488,45,133,78,34,68,67,34,10,19,226,24,63,18,21,42,23,24,4,7,262,21,70,60,13,26,44,10,6,12
S01010595,555,78,164,76,32,48,68,47,9,33,266,48,72,21,20,39,16,30,4,16,289,30,92,55,12,9,52,17,5,17
S01010596,609,79,164,83,74,48,75,48,12,26,306,50,61,20,53,34,34,34,6,14,303,29,103,63,21,14,41,14,6,12
S01010597,481,42,146,77,42,47,57,32,13,25,231,28,66,17,31,33,15,25,5,11,250,14,80,60,11,14,42,7,8,14
S01010598,728,87,224,112,48,58,91,58,13,37,351,53,115,30,30,43,28,39,5,8,377,34,109,82,18,15,63,19,8,29
S01010599,447,57,130,75,27,34,53,38,5,28,201,37,52,12,18,25,19,29,1,8,246,20,78,63,9,9,34,9,4,20
S01010600,698,74,190,104,64,65,98,50,15,38,348,55,95,23,39,47,32,28,7,22,350,19,95,81,25,18,66,22,8,16
S01010601,450,43,134,67,38,47,52,36,7,26,211,30,53,13,24,34,17,26,3,11,239,13,81,54,14,13,35,10,4,15
S01010602,422,33,117,53,30,56,62,48,6,17,209,22,45,5,22,40,26,35,4,10,213,11,72,48,8,16,36,13,2,7
S01010603,600,58,174,99,37,57,83,55,8,29,290,40,79,25,28,40,22,39,3,14,310,18,95,74,9,17,61,16,5,15
S01010604,344,45,110,44,29,28,40,18,3,27,173,30,49,13,23,18,11,12,2,15,171,15,61,31,6,10,29,6,1,12
S01010605,668,78,172,98,65,70,90,43,8,44,333,52,73,23,47,53,26,30,5,24,335,26,99,75,18,17,64,13,3,20
S01010606,581,19,98,69,49,64,117,109,20,36,272,11,33,21,37,43,32,67,10,18,309,8,65,48,12,21,85,42,10,18
S01010607,603,70,204,80,60,28,73,51,9,28,306,50,92,22,40,21,24,35,7,15,297,20,112,58,20,7,49,16,2,13
S01010608,477,26,62,53,20,50,123,77,32,34,215,17,25,9,13,29,43,50,14,15,262,9,37,44,7,21,80,27,18,19
S01010609,429,15,63,47,21,49,93,100,13,28,211,11,32,6,15,33,41,56,4,13,218,4,31,41,6,16,52,44,9,15
S01010610,525,76,135,74,41,45,70,43,23,18,252,48,59,10,27,30,23,32,16,7,273,28,76,64,14,15,47,11,7,11
S01010611,717,20,143,84,37,99,159,121,27,27,347,13,56,21,20,70,70,73,13,11,370,7,87,63,17,29,89,48,14,16
S01010612,567,28,118,82,32,61,116,86,13,31,274,14,49,24,23,43,36,63,10,12,293,14,69,58,9,18,80,23,3,19
S01010613,522,41,134,69,21,54,92,77,5,29,235,27,55,20,15,29,29,45,4,11,287,14,79,49,6,25,63,32,1,18
S01010614,411,3,54,42,15,46,96,106,22,27,197,2,29,10,11,29,34,60,13,9,214,1,25,32,4,17,62,46,9,18
S01010615,639,55,169,101,25,67,96,78,11,37,311,34,81,34,20,46,28,52,7,9,328,21,88,67,5,21,68,26,4,28
S01010616,640,50,180,111,36,61,98,54,5,45,304,32,82,30,25,47,35,35,2,16,336,18,98,81,11,14,63,19,3,29
S01010617,688,49,200,117,41,56,120,66,6,33,322,29,91,31,27,39,50,43,2,10,366,20,109,86,14,17,70,23,4,23
S01010618,600,42,141,98,46,55,104,71,10,33,292,23,63,30,34,40,34,50,6,12,308,19,78,68,12,15,70,21,4,21
S01010619,499,27,77,51,33,60,85,107,25,34,269,21,35,16,24,35,34,70,15,19,230,6,42,35,9,25,51,37,10,15
S01010620,545,35,98,53,18,52,120,93,47,29,301,20,52,26,13,39,54,56,25,16,244,15,46,27,5,13,66,37,22,13
S01010621,741,108,178,69,56,56,108,72,51,43,395,72,81,20,37,40,41,54,28,22,346,36,97,49,19,16,67,18,23,21
S01010622,469,12,75,56,22,51,109,90,28,26,213,6,34,17,14,32,30,50,17,13,256,6,41,39,8,19,79,40,11,13
S01010623,548,34,167,94,28,38,93,49,17,28,257,25,107,45,17,19,16,18,2,8,291,9,60,49,11,19,77,31,15,20
S01010624,519,61,94,56,15,52,82,76,18,65,244,34,45,20,11,35,35,39,10,15,275,27,49,36,4,17,47,37,8,50
S01010625,578,93,176,84,64,31,65,20,10,35,289,64,78,24,39,20,26,15,4,19,289,29,98,60,25,11,39,5,6,16
S01010626,619,98,180,86,63,37,64,42,24,25,290,64,67,29,39,22,20,27,10,12,329,34,113,57,24,15,44,15,14,13
S01010627,637,85,147,61,63,53,100,69,24,35,342,55,64,21,41,36,43,44,14,24,295,30,83,40,22,17,57,25,10,11
S01010628,792,80,174,100,65,71,114,114,27,47,433,46,70,43,40,56,53,85,21,19,359,34,104,57,25,15,61,29,6,28
S01010629,654,109,181,61,62,43,83,62,21,32,319,78,66,15,38,32,27,37,12,14,335,31,115,46,24,11,56,25,9,18
S01010630,441,24,87,54,44,37,77,60,32,26,191,15,33,12,23,28,31,25,17,7,250,9,54,42,21,9,46,35,15,19
S01010631,462,46,110,70,32,42,79,55,12,16,236,23,51,33,26,22,35,30,9,7,226,23,59,37,6,20,44,25,3,9
S01010632,681,28,108,95,57,78,138,115,31,31,325,18,43,24,42,47,39,77,18,17,356,10,65,71,15,31,99,38,13,14
S01010633,704,17,82,73,34,87,171,160,40,40,345,14,35,23,22,60,55,102,18,16,359,3,47,50,12,27,116,58,22,24
S01010634,476,15,68,48,37,58,97,117,13,23,238,10,32,14,26,38,32,67,8,11,238,5,36,34,11,20,65,50,5,12
S01010635,577,14,83,73,36,59,131,112,29,40,289,11,37,23,31,42,49,65,10,21,288,3,46,50,5,17,82,47,19,19
S01010636,625,61,148,82,67,48,95,79,16,29,306,27,68,27,40,36,32,56,8,12,319,34,80,55,27,12,63,23,8,17
S01010637,445,31,64,43,37,49,99,77,26,19,234,21,28,19,24,34,43,43,17,5,211,10,36,24,13,15,56,34,9,14
S01010638,585,31,97,58,57,55,119,118,22,28,281,15,41,11,35,34,46,73,10,16,304,16,56,47,22,21,73,45,12,12
S01010639,871,43,129,88,51,109,181,172,48,50,429,17,56,27,35,70,71,102,29,22,442,26,73,61,16,39,110,70,19,28
S01010640,693,56,135,55,69,69,126,100,53,30,355,27,67,16,43,43,52,69,23,15,338,29,68,39,26,26,74,31,30,15
S01010641,726,36,87,80,40,57,185,146,70,25,364,22,41,20,29,34,77,97,37,7,362,14,46,60,11,23,108,49,33,18
S01010642,686,10,61,66,45,81,151,163,73,36,316,7,23,13,36,57,44,96,28,12,370,3,38,53,9,24,107,67,45,24
S01010643,511,3,53,43,26,52,118,132,53,31,233,2,21,13,20,35,40,63,22,17,278,1,32,30,6,17,78,69,31,14
S01010644,492,5,35,32,26,51,133,138,55,17,240,2,15,9,22,33,44,79,27,9,252,3,20,23,4,18,89,59,28,8
S01010645,445,38,93,68,35,42,80,62,7,20,226,24,34,19,26,37,33,42,4,7,219,14,59,49,9,5,47,20,3,13
S01010646,520,39,129,89,29,54,81,51,9,39,255,28,57,22,22,40,22,36,4,24,265,11,72,67,7,14,59,15,5,15
S01010647,522,41,119,73,35,59,83,64,10,38,263,26,50,21,27,45,24,47,3,20,259,15,69,52,8,14,59,17,7,18
S01010648,522,37,101,86,37,48,91,75,20,27,263,28,42,28,29,34,30,54,9,9,259,9,59,58,8,14,61,21,11,18
S01010649,415,31,109,71,32,44,57,51,7,13,210,21,46,22,22,31,24,32,4,8,205,10,63,49,10,13,33,19,3,5
S01010650,392,15,89,49,43,25,68,42,39,22,199,10,33,15,29,17,31,34,22,8,193,5,56,34,14,8,37,8,17,14
S01010651,533,13,82,76,48,58,117,86,27,26,254,7,24,21,35,40,43,54,17,13,279,6,58,55,13,18,74,32,10,13
S01010652,590,38,149,86,34,49,87,68,45,34,277,25,61,25,26,35,26,43,24,12,313,13,88,61,8,14,61,25,21,22
S01010653,482,26,109,88,33,60,73,63,8,22,233,11,50,24,22,42,24,45,2,13,249,15,59,64,11,18,49,18,6,9
S01010654,603,10,105,91,46,56,146,97,20,32,286,6,36,22,39,42,55,63,10,13,317,4,69,69,7,14,91,34,10,19
S01010655,657,60,161,77,135,52,78,58,8,28,327,32,80,15,85,34,35,35,2,9,330,28,81,62,50,18,43,23,6,19
S01010656,335,20,70,42,40,29,66,45,9,14,163,16,30,8,30,22,20,27,5,5,172,4,40,34,10,7,46,18,4,9
S01010657,498,63,122,65,79,45,50,38,11,25,255,38,50,16,58,36,17,23,3,14,243,25,72,49,21,9,33,15,8,11
S01010658,562,72,149,69,69,45,69,50,9,30,275,49,53,18,46,35,21,34,6,13,287,23,96,51,23,10,48,16,3,17
S01010659,501,60,132,61,66,32,63,42,17,28,257,38,49,10,50,24,29,29,7,21,244,22,83,51,16,8,34,13,10,7
S01010660,437,24,99,53,47,52,72,62,7,21,215,17,42,12,33,34,23,38,5,11,222,7,57,41,14,18,49,24,2,10
S01010661,449,22,113,49,44,57,72,65,19,8,213,14,45,15,32,43,20,34,8,2,236,8,68,34,12,14,52,31,11,6
S01010662,554,60,120,87,88,47,57,47,9,39,263,39,48,17,51,35,17,31,7,18,291,21,72,70,37,12,40,16,2,21
S01010663,709,62,177,86,115,57,92,75,16,29,354,43,70,19,86,39,30,51,7,9,355,19,107,67,29,18,62,24,9,20
S01010664,619,74,150,63,128,40,76,47,12,29,300,44,63,18,75,31,24,27,6,12,319,30,87,45,53,9,52,20,6,17
S01010665,686,71,156,75,108,73,90,77,11,25,343,44,62,23,75,51,26,46,6,10,343,27,94,52,33,22,64,31,5,15
S01010666,680,47,155,74,91,90,116,55,14,38,320,34,57,17,55,59,41,34,8,15,360,13,98,57,36,31,75,21,6,23
S01010667,523,62,123,51,90,44,64,50,14,25,260,43,49,13,54,25,29,32,5,10,263,19,74,38,36,19,35,18,9,15
S01010668,834,51,172,68,163,113,111,99,22,35,416,32,80,18,103,73,31,57,8,14,418,19,92,50,60,40,80,42,14,21
S01010669,417,41,87,38,76,43,57,52,10,13,224,29,42,6,46,33,20,36,6,6,193,12,45,32,30,10,37,16,4,7
S01010670,522,43,105,56,85,53,78,58,13,31,262,26,47,18,61,29,30,30,7,14,260,17,58,38,24,24,48,28,6,17
S01010671,576,50,127,53,93,40,94,63,17,39,276,31,51,8,59,26,40,34,8,19,300,19,76,45,34,14,54,29,9,20
S01010672,468,16,64,52,65,59,96,73,18,25,240,12,25,22,46,39,25,43,10,18,228,4,39,30,19,20,71,30,8,7
S01010673,696,53,160,61,135,54,110,87,21,15,365,31,71,24,87,39,36,54,16,7,331,22,89,37,48,15,74,33,5,8
S01010674,715,62,159,46,162,48,114,81,16,27,364,41,63,12,112,34,33,45,7,17,351,21,96,34,50,14,81,36,9,10
S01010675,480,37,104,34,105,36,74,63,11,16,238,21,36,7,69,28,28,36,6,7,242,16,68,27,36,8,46,27,5,9
S01010676,713,64,172,62,119,59,89,65,12,71,340,46,67,18,76,38,30,38,3,24,373,18,105,44,43,21,59,27,9,47
S01010677,363,32,96,36,63,27,47,42,3,17,173,20,38,7,44,17,10,27,2,8,190,12,58,29,19,10,37,15,1,9
S01010678,472,24,101,46,76,44,79,73,14,15,242,15,46,11,55,35,19,46,6,9,230,9,55,35,21,9,60,27,8,6
S01010679,421,23,95,42,61,46,67,51,14,22,214,14,43,17,40,33,23,26,6,12,207,9,52,25,21,13,44,25,8,10
S01010680,472,20,89,44,74,36,93,84,15,17,230,13,51,13,45,23,21,49,5,10,242,7,38,31,29,13,72,35,10,7
S01010681,759,23,159,82,87,75,151,102,43,37,360,16,59,20,58,49,60,58,21,19,399,7,100,62,29,26,91,44,22,18
S01010682,731,50,168,82,141,52,100,97,17,24,363,34,74,23,87,38,26,59,9,13,368,16,94,59,54,14,74,38,8,11
S01010683,738,37,166,71,139,49,116,102,27,31,364,17,72,19,101,33,31,64,13,14,374,20,94,52,38,16,85,38,14,17
S01010684,612,35,147,56,142,56,85,63,14,14,303,20,71,14,97,38,24,28,7,4,309,15,76,42,45,18,61,35,7,10
S01010685,472,45,104,48,104,35,68,41,12,15,237,33,41,12,71,22,21,26,6,5,235,12,63,36,33,13,47,15,6,10
S01010686,523,34,101,41,115,63,80,53,12,24,267,22,41,8,72,36,35,36,5,12,256,12,60,33,43,27,45,17,7,12
S01010687,607,42,142,67,101,60,99,65,10,21,299,30,56,25,62,40,27,42,7,10,308,12,86,42,39,20,72,23,3,11
S01010688,560,48,143,49,140,48,57,52,3,20,292,33,66,16,94,27,18,29,1,8,268,15,77,33,46,21,39,23,2,12
S01010689,557,53,141,44,113,46,87,48,8,17,276,39,68,14,71,25,24,27,2,6,281,14,73,30,42,21,63,21,6,11
S01010690,466,21,84,41,96,56,89,55,11,13,238,15,37,15,61,43,22,33,4,8,228,6,47,26,35,13,67,22,7,5
S01010691,563,58,119,67,141,58,54,37,11,18,277,38,55,15,87,39,8,26,3,6,286,20,64,52,54,19,46,11,8,12
S01010692,538,28,95,44,88,77,107,64,7,28,259,16,47,13,60,48,32,33,1,9,279,12,48,31,28,29,75,31,6,19
S01010693,363,39,94,36,82,25,38,26,6,17,189,26,44,7,57,17,14,13,2,9,174,13,50,29,25,8,24,13,4,8
S01010694,425,34,89,30,81,37,78,51,6,19,213,29,32,10,47,27,25,30,2,11,212,5,57,20,34,10,53,21,4,8
S01010695,545,51,130,68,92,47,79,41,14,23,273,38,52,11,66,33,24,33,5,11,272,13,78,57,26,14,55,8,9,12
S01010696,721,65,140,83,93,74,97,117,21,31,371,44,55,21,56,53,35,80,10,17,350,21,85,62,37,21,62,37,11,14
S01010697,845,79,189,83,121,91,100,89,53,40,409,55,67,16,83,64,34,54,25,11,436,24,122,67,38,27,66,35,28,29
S01010698,560,49,103,51,92,59,90,76,14,26,279,29,41,9,62,43,29,46,9,11,281,20,62,42,30,16,61,30,5,15
S01010699,463,41,98,36,72,63,74,42,11,26,237,25,42,9,46,50,21,27,5,12,226,16,56,27,26,13,53,15,6,14
S01010700,457,53,107,55,57,37,78,44,3,23,225,43,43,15,42,24,22,24,1,11,232,10,64,40,15,13,56,20,2,12
S01010701,774,59,181,97,71,68,127,107,19,45,393,36,84,21,52,51,52,69,7,21,381,23,97,76,19,17,75,38,12,24
S01010702,747,54,195,101,104,67,111,63,18,34,380,36,77,16,71,55,46,45,14,20,367,18,118,85,33,12,65,18,4,14
S01010703,642,48,166,81,105,54,77,63,12,36,324,34,70,17,76,41,21,43,4,18,318,14,96,64,29,13,56,20,8,18
S01010704,471,27,80,57,31,54,99,88,14,21,230,18,37,16,19,42,25,62,4,7,241,9,43,41,12,12,74,26,10,14
S01010705,819,62,171,109,79,93,124,104,33,44,403,41,55,26,59,74,41,69,17,21,416,21,116,83,20,19,83,35,16,23
S01010706,490,17,95,64,44,49,98,72,28,23,247,12,42,15,35,43,31,49,11,9,243,5,53,49,9,6,67,23,17,14
S01010707,540,54,121,76,96,45,60,41,18,29,272,40,47,17,62,33,23,31,5,14,268,14,74,59,34,12,37,10,13,15
S01010708,412,24,88,72,48,44,65,42,13,16,202,18,36,12,37,38,23,26,5,7,210,6,52,60,11,6,42,16,8,9
S01010709,534,44,121,88,46,46,81,60,14,34,263,33,50,18,33,33,27,46,5,18,271,11,71,70,13,13,54,14,9,16
S01010710,553,16,92,70,37,52,111,112,30,33,255,12,34,16,27,39,30,72,12,13,298,4,58,54,10,13,81,40,18,20
S01010711,544,71,167,87,49,30,75,39,7,19,261,53,72,25,30,27,19,23,4,8,283,18,95,62,19,3,56,16,3,11
S01010712,525,20,75,69,28,64,104,106,21,38,257,12,39,17,17,45,29,68,11,19,268,8,36,52,11,19,75,38,10,19
S01010713,585,25,93,64,40,70,137,112,17,27,268,16,37,17,25,50,41,63,8,11,317,9,56,47,15,20,96,49,9,16
S01010714,531,21,66,58,37,61,112,120,27,29,239,11,28,15,19,46,32,72,12,4,292,10,38,43,18,15,80,48,15,25
S01010715,511,24,81,65,41,58,124,85,17,16,229,16,23,24,27,40,37,50,8,4,282,8,58,41,14,18,87,35,9,12
S01010716,649,46,127,81,46,55,130,113,27,24,322,33,61,16,35,38,47,70,8,14,327,13,66,65,11,17,83,43,19,10
S01010717,472,49,129,84,33,39,76,34,7,21,235,40,55,20,22,31,26,26,2,13,237,9,74,64,11,8,50,8,5,8
S01010718,702,45,175,103,66,68,108,75,25,37,342,33,84,21,45,48,35,48,11,17,360,12,91,82,21,20,73,27,14,20
S01010719,460,54,103,49,44,48,70,53,11,28,220,37,40,2,34,40,19,31,4,13,240,17,63,47,10,8,51,22,7,15
S01010720,520,80,131,46,62,38,74,48,10,31,244,53,58,11,36,28,13,25,4,16,276,27,73,35,26,10,61,23,6,15
S01010721,477,57,137,60,62,32,62,36,12,19,225,41,56,14,35,25,20,24,4,6,252,16,81,46,27,7,42,12,8,13
S01010722,605,57,155,61,67,60,100,49,14,42,282,34,63,14,46,43,28,34,4,16,323,23,92,47,21,17,72,15,10,26
S01010723,671,93,166,73,108,49,79,46,10,47,329,51,71,15,77,39,21,28,1,26,342,42,95,58,31,10,58,18,9,21
S01010724,635,79,149,77,88,51,88,60,12,31,311,43,68,12,68,35,28,37,7,13,324,36,81,65,20,16,60,23,5,18
S01010725,554,79,142,65,106,29,61,32,7,33,270,53,52,13,74,21,19,24,2,12,284,26,90,52,32,8,42,8,5,21
S01010726,697,70,189,97,81,53,95,60,13,39,329,40,77,28,62,33,25,40,4,20,368,30,112,69,19,20,70,20,9,19
S01010727,491,72,123,73,66,28,57,34,7,31,251,52,46,20,52,19,20,25,3,14,240,20,77,53,14,9,37,9,4,17
S01010728,388,48,124,45,46,27,44,20,9,25,180,30,48,17,30,21,13,13,2,6,208,18,76,28,16,6,31,7,7,19
S01010729,558,67,132,80,79,49,57,57,7,30,291,46,50,16,57,42,14,46,5,15,267,21,82,64,22,7,43,11,2,15
S01010730,651,64,189,80,113,47,51,54,11,42,322,40,75,17,81,37,15,35,5,17,329,24,114,63,32,10,36,19,6,25
S01010731,679,62,154,64,89,58,106,83,19,44,320,40,56,18,57,36,32,56,7,18,359,22,98,46,32,22,74,27,12,26
S01010732,621,20,60,67,43,71,152,129,43,36,268,12,24,14,30,46,41,69,16,16,353,8,36,53,13,25,111,60,27,20
S01010733,414,6,44,49,22,44,108,85,36,20,196,3,16,14,14,31,42,49,15,12,218,3,28,35,8,13,66,36,21,8
S01010734,665,25,80,55,42,62,153,150,52,46,326,19,36,20,30,49,49,84,22,17,339,6,44,35,12,13,104,66,30,29
S01010735,447,13,62,31,24,42,96,106,50,23,217,8,23,13,14,26,39,65,15,14,230,5,39,18,10,16,57,41,35,9
S01010736,391,26,102,50,33,44,74,43,5,14,200,22,48,10,24,36,27,26,2,5,191,4,54,40,9,8,47,17,3,9
S01010737,804,41,150,80,63,81,152,153,40,44,379,26,62,13,43,62,47,93,11,22,425,15,88,67,20,19,105,60,29,22
S01010738,411,11,55,44,26,52,92,96,17,18,196,7,18,9,16,37,40,55,4,10,215,4,37,35,10,15,52,41,13,8
S01010739,643,30,111,61,46,82,122,129,36,26,316,24,52,14,28,55,49,65,17,12,327,6,59,47,18,27,73,64,19,14
S01010740,361,8,45,40,12,33,90,89,35,9,171,6,20,11,5,19,33,56,14,7,190,2,25,29,7,14,57,33,21,2
S01010741,439,23,83,54,48,48,75,66,18,24,223,17,32,17,34,36,26,41,5,15,216,6,51,37,14,12,49,25,13,9
S01010742,516,24,70,53,17,69,132,94,33,24,251,17,29,4,13,53,50,55,19,11,265,7,41,49,4,16,82,39,14,13
S01010743,499,12,63,45,19,67,123,94,47,29,252,10,27,10,14,50,50,50,19,22,247,2,36,35,5,17,73,44,28,7
S01010744,796,36,179,74,63,102,139,127,29,47,388,30,78,17,34,73,45,76,14,21,408,6,101,57,29,29,94,51,15,26
S01010745,465,26,79,52,39,59,85,84,23,18,227,17,35,9,23,39,33,53,12,6,238,9,44,43,16,20,52,31,11,12
S01010746,777,49,161,95,108,73,132,92,26,41,383,35,55,21,82,57,51,56,9,17,394,14,106,74,26,16,81,36,17,24
S01010747,622,32,100,70,46,70,125,108,40,31,310,24,37,10,35,55,43,64,23,19,312,8,63,60,11,15,82,44,17,12
S01010748,479,29,95,61,75,43,82,56,17,21,233,20,36,12,57,30,25,36,6,11,246,9,59,49,18,13,57,20,11,10
S01010749,467,37,93,54,65,43,63,72,15,25,235,24,38,14,44,35,15,47,6,12,232,13,55,40,21,8,48,25,9,13
S01010750,481,33,108,48,84,40,83,56,20,9,235,18,48,12,59,28,23,36,7,4,246,15,60,36,25,12,60,20,13,5
S01010751,534,17,60,57,48,65,110,111,50,16,258,12,28,12,26,44,30,71,27,8,276,5,32,45,22,21,80,40,23,8
S01010752,544,23,96,62,40,63,105,104,27,24,244,12,39,15,26,40,27,67,11,7,300,11,57,47,14,23,78,37,16,17
S01010753,765,35,136,75,79,82,147,105,57,49,368,20,65,14,54,52,47,66,27,23,397,15,71,61,25,30,100,39,30,26
S01010754,473,30,85,47,45,53,98,74,21,20,229,22,36,11,29,34,31,50,7,9,244,8,49,36,16,19,67,24,14,11
S01010755,456,20,72,54,39,60,110,75,11,15,219,13,33,11,27,39,32,54,3,7,237,7,39,43,12,21,78,21,8,8
S01010756,477,36,107,76,61,38,79,46,11,23,232,22,46,21,43,31,25,29,3,12,245,14,61,55,18,7,54,17,8,11
S01010757,569,39,106,71,101,65,87,66,17,17,285,26,54,14,66,43,26,42,7,7,284,13,52,57,35,22,61,24,10,10
S01010758,506,37,104,56,76,58,74,57,11,33,262,25,47,13,55,39,26,38,5,14,244,12,57,43,21,19,48,19,6,19
S01010759,439,22,76,48,45,50,84,69,12,33,213,16,32,9,27,29,33,44,4,19,226,6,44,39,18,21,51,25,8,14
S01010760,397,44,91,44,42,40,56,50,15,15,183,35,37,10,24,26,16,23,9,3,214,9,54,34,18,14,40,27,6,12
S01010761,402,38,80,30,65,54,70,31,15,19,201,27,33,2,49,34,23,22,3,8,201,11,47,28,16,20,47,9,12,11
S01010762,435,26,95,55,81,35,70,43,8,22,215,21,35,12,59,28,30,21,2,7,220,5,60,43,22,7,40,22,6,15
S01010763,475,30,89,52,81,41,67,68,23,24,236,22,35,11,54,30,28,39,8,9,239,8,54,41,27,11,39,29,15,15
S01010764,429,35,98,43,80,40,64,43,6,20,211,23,39,8,55,36,16,22,2,10,218,12,59,35,25,4,48,21,4,10
S01010765,746,52,133,74,120,72,135,104,20,36,381,40,53,20,80,53,52,58,9,16,365,12,80,54,40,19,83,46,11,20
S01010766,560,28,122,55,77,59,99,74,21,25,270,15,46,16,55,36,25,53,14,10,290,13,76,39,22,23,74,21,7,15
S01010767,506,22,80,48,48,65,99,101,26,17,242,12,35,8,33,41,34,55,14,10,264,10,45,40,15,24,65,46,12,7
S01010768,410,11,65,52,44,49,73,74,23,19,196,7,22,8,30,38,30,42,12,7,214,4,43,44,14,11,43,32,11,12
S01010769,381,32,91,41,78,33,48,34,6,18,187,17,33,9,54,27,11,23,3,10,194,15,58,32,24,6,37,11,3,8
S01010770,646,28,98,70,86,81,122,96,34,31,318,23,44,15,61,47,36,58,20,14,328,5,54,55,25,34,86,38,14,17
S01010771,621,25,112,54,108,80,112,84,24,22,314,17,52,12,72,57,38,49,10,7,307,8,60,42,36,23,74,35,14,15
S01010772,617,31,110,59,99,56,101,94,46,21,300,16,42,14,63,44,37,54,24,6,317,15,68,45,36,12,64,40,22,15
S01010773,604,39,108,88,96,63,100,75,17,18,307,26,55,15,70,49,29,48,7,8,297,13,53,73,26,14,71,27,10,10
S01010774,529,37,89,53,79,50,106,60,34,21,260,24,37,17,54,33,33,35,18,9,269,13,52,36,25,17,73,25,16,12
S01010775,494,27,102,65,81,47,79,64,10,19,247,19,41,12,63,37,19,44,4,8,247,8,61,53,18,10,60,20,6,11
S01010776,402,14,83,41,38,38,86,66,24,12,202,11,37,11,30,29,26,42,14,2,200,3,46,30,8,9,60,24,10,10
S01010777,380,13,59,36,28,38,86,69,28,23,184,9,29,10,20,28,27,37,12,12,196,4,30,26,8,10,59,32,16,11
S01010778,356,7,40,28,18,40,79,71,52,21,172,4,14,10,14,29,22,50,21,8,184,3,26,18,4,11,57,21,31,13
S01010779,564,22,78,51,37,58,123,100,67,28,277,18,33,15,24,38,47,55,34,13,287,4,45,36,13,20,76,45,33,15
S01010780,406,21,76,53,23,39,83,75,24,12,188,15,28,8,12,31,26,52,12,4,218,6,48,45,11,8,57,23,12,8
S01010781,600,55,128,80,64,63,82,73,17,38,302,33,65,19,39,51,23,43,12,17,298,22,63,61,25,12,59,30,5,21
S01010782,439,25,69,48,59,46,78,57,41,16,221,18,35,15,37,37,23,32,14,10,218,7,34,33,22,9,55,25,27,6
S01010783,419,12,48,46,21,62,96,82,32,20,208,8,22,14,17,53,33,42,18,1,211,4,26,32,4,9,63,40,14,19
S01010784,529,13,58,49,23,61,130,115,58,22,252,10,20,12,19,41,44,67,30,9,277,3,38,37,4,20,86,48,28,13
S01010785,532,43,123,74,46,52,86,76,12,20,272,33,51,27,25,41,24,54,3,14,260,10,72,47,21,11,62,22,9,6
S01010786,485,24,102,78,36,46,91,59,17,32,244,20,48,20,28,41,28,38,8,13,241,4,54,58,8,5,63,21,9,19
S01010787,655,47,119,82,120,64,102,76,20,25,340,27,54,24,78,52,33,53,7,12,315,20,65,58,42,12,69,23,13,13
S01010788,461,30,83,57,66,51,87,60,12,15,235,23,38,10,43,41,23,41,5,11,226,7,45,47,23,10,64,19,7,4
S01010789,551,28,97,48,96,55,99,77,18,33,275,19,37,9,71,44,30,44,10,11,276,9,60,39,25,11,69,33,8,22
S01010790,512,30,89,47,98,58,78,73,18,21,275,21,43,10,67,48,18,50,7,11,237,9,46,37,31,10,60,23,11,10
S01010791,642,55,145,62,113,63,95,58,20,31,319,41,64,15,75,43,29,35,7,10,323,14,81,47,38,20,66,23,13,21
S01010792,461,33,58,45,27,63,99,93,22,21,242,24,24,12,20,55,33,58,9,7,219,9,34,33,7,8,66,35,13,14
S01010793,485,44,110,46,71,40,79,61,13,21,246,25,51,8,55,32,28,34,4,9,239,19,59,38,16,8,51,27,9,12
S01010794,412,48,85,53,49,57,54,36,10,20,196,31,42,9,33,43,10,16,4,8,216,17,43,44,16,14,44,20,6,12
S01010795,727,62,135,96,64,81,112,111,31,35,362,45,64,24,40,57,30,72,16,14,365,17,71,72,24,24,82,39,15,21
S01010796,630,59,137,65,120,71,78,55,8,37,327,39,63,11,77,57,30,31,6,13,303,20,74,54,43,14,48,24,2,24
S01010797,581,58,141,67,77,73,82,48,13,22,288,38,62,12,49,60,22,31,7,7,293,20,79,55,28,13,60,17,6,15
S01010798,494,56,100,52,74,50,77,49,9,27,255,41,43,9,54,37,20,32,4,15,239,15,57,43,20,13,57,17,5,12
S01010799,681,65,157,71,66,69,109,83,30,31,334,43,77,20,35,47,37,46,17,12,347,22,80,51,31,22,72,37,13,19
S01010800,537,16,76,59,32,71,134,104,27,18,259,8,32,15,18,53,44,65,15,9,278,8,44,44,14,18,90,39,12,9
S01010801,525,24,96,51,34,56,132,86,26,20,261,17,53,11,27,40,43,46,14,10,264,7,43,40,7,16,89,40,12,10
S01010802,419,38,91,43,32,51,68,58,17,21,209,26,41,10,16,35,28,32,11,10,210,12,50,33,16,16,40,26,6,11
S01010803,428,30,79,41,30,53,80,51,28,36,211,19,35,18,19,35,21,31,16,17,217,11,44,23,11,18,59,20,12,19
S01010804,431,47,97,63,32,48,59,48,9,28,221,37,55,12,17,35,16,29,3,17,210,10,42,51,15,13,43,19,6,11
S01010805,637,59,152,81,43,75,101,62,21,43,323,42,70,25,23,67,25,36,11,24,314,17,82,56,20,8,76,26,10,19
S01010806,678,39,120,73,34,75,134,107,64,32,325,25,51,25,21,56,46,55,28,18,353,14,69,48,13,19,88,52,36,14
S01010807,408,32,81,45,27,55,82,53,12,21,202,26,37,10,14,43,22,33,7,10,206,6,44,35,13,12,60,20,5,11
S01010808,388,52,97,53,19,40,59,38,10,20,186,38,43,16,9,32,17,17,4,10,202,14,54,37,10,8,42,21,6,10
S01010809,584,75,149,66,47,57,81,65,19,25,295,52,61,20,32,43,28,37,11,11,289,23,88,46,15,14,53,28,8,14
S01010810,370,26,85,30,53,50,53,43,12,18,181,19,31,3,36,40,17,23,6,6,189,7,54,27,17,10,36,20,6,12
S01010811,659,60,139,61,119,68,102,58,20,32,348,40,63,17,76,50,34,39,12,17,311,20,76,44,43,18,68,19,8,15
S01010812,373,12,65,25,76,36,74,56,15,14,198,8,28,13,56,26,19,31,8,9,175,4,37,12,20,10,55,25,7,5
S01010813,424,14,77,32,88,48,76,64,7,18,226,12,37,8,54,29,25,43,7,11,198,2,40,24,34,19,51,21,0,7
S01010814,484,43,90,37,128,37,73,48,12,16,247,26,44,7,76,28,21,30,6,9,237,17,46,30,52,9,52,18,6,7
S01010815,341,12,88,38,47,37,60,38,6,15,185,10,48,9,38,28,17,25,3,7,156,2,40,29,9,9,43,13,3,8
S01010816,419,113,113,51,40,17,28,13,12,32,197,78,39,8,27,10,7,4,8,16,222,35,74,43,13,7,21,9,4,16
S01010817,656,161,182,88,69,18,48,22,20,48,311,102,66,24,47,15,11,13,10,23,345,59,116,64,22,3,37,9,10,25
S01010818,698,156,192,85,63,36,69,32,20,45,334,103,83,23,38,20,15,19,11,22,364,53,109,62,25,16,54,13,9,23
S01010819,581,73,134,80,48,51,103,52,16,24,278,49,51,23,30,36,43,26,8,12,303,24,83,57,18,15,60,26,8,12
S01010820,396,77,106,53,50,19,37,22,6,26,198,52,41,16,30,16,13,13,6,11,198,25,65,37,20,3,24,9,0,15
S01010821,436,96,127,52,51,24,31,20,5,30,205,67,52,6,32,14,9,13,1,11,231,29,75,46,19,10,22,7,4,19
S01010822,567,117,156,45,57,18,48,21,61,44,276,77,64,10,39,10,11,10,32,23,291,40,92,35,18,8,37,11,29,21
S01010823,346,15,65,59,33,23,50,55,17,29,170,9,28,18,22,18,18,34,8,15,176,6,37,41,11,5,32,21,9,14
S01010824,524,61,169,88,38,28,53,34,7,46,259,43,79,25,23,23,19,25,3,19,265,18,90,63,15,5,34,9,4,27
S01010825,245,29,78,44,17,23,24,16,2,12,115,19,32,11,13,15,11,8,1,5,130,10,46,33,4,8,13,8,1,7
S01010826,581,91,161,88,50,26,69,31,16,49,277,59,76,19,38,20,20,14,7,24,304,32,85,69,12,6,49,17,9,25
S01010827,476,43,125,96,24,46,53,29,8,52,227,31,56,29,18,36,20,13,3,21,249,12,69,67,6,10,33,16,5,31
S01010828,928,117,279,152,58,59,99,52,18,94,442,81,129,46,35,48,31,27,7,38,486,36,150,106,23,11,68,25,11,56
S01010829,731,116,199,125,68,36,93,46,13,35,362,89,90,29,50,27,27,28,9,13,369,27,109,96,18,9,66,18,4,22
S01010830,442,30,107,68,26,30,56,63,13,49,222,23,54,22,21,23,20,34,6,19,220,7,53,46,5,7,36,29,7,30
S01010831,432,58,117,69,25,30,48,20,11,54,206,37,65,18,19,24,12,8,3,20,226,21,52,51,6,6,36,12,8,34
S01010832,593,28,134,105,32,47,107,66,24,50,294,12,55,39,23,37,46,46,16,20,299,16,79,66,9,10,61,20,8,30
S01010833,701,124,202,99,53,55,56,35,6,71,362,94,86,23,32,48,11,22,3,43,339,30,116,76,21,7,45,13,3,28
S01010834,702,104,225,141,45,29,62,32,7,57,343,68,107,46,27,20,21,25,3,26,359,36,118,95,18,9,41,7,4,31
S01010835,510,65,167,91,30,24,48,25,7,53,242,49,76,18,19,21,16,18,3,22,268,16,91,73,11,3,32,7,4,31
S01010836,616,94,177,86,45,42,65,48,22,37,305,59,75,24,35,26,26,28,13,19,311,35,102,62,10,16,39,20,9,18
S01010837,501,24,96,92,29,41,102,61,12,44,228,16,41,32,25,31,34,26,5,18,273,8,55,60,4,10,68,35,7,26
S01010838,610,33,116,115,26,57,114,94,12,43,290,22,49,33,20,41,38,65,5,17,320,11,67,82,6,16,76,29,7,26
S01010839,504,38,107,92,35,41,84,47,14,46,239,31,48,22,24,29,22,33,10,20,265,7,59,70,11,12,62,14,4,26
S01010840,376,32,101,65,20,25,58,38,15,22,194,19,50,26,17,17,22,27,6,10,182,13,51,39,3,8,36,11,9,12
S01010841,603,60,167,104,26,53,83,54,20,36,297,40,73,43,19,42,29,28,9,14,306,20,94,61,7,11,54,26,11,22
S01010842,659,37,115,115,33,51,104,108,49,47,313,26,49,38,28,33,37,63,23,16,346,11,66,77,5,18,67,45,26,31
S01010843,480,31,98,90,28,40,84,68,18,23,245,16,42,27,23,30,37,46,13,11,235,15,56,63,5,10,47,22,5,12
S01010844,512,59,141,99,20,41,50,34,6,62,250,38,69,25,13,32,13,26,3,31,262,21,72,74,7,9,37,8,3,31
S01010845,477,30,111,79,26,44,74,57,16,40,237,21,47,32,18,33,25,33,11,17,240,9,64,47,8,11,49,24,5,23
S01010846,596,17,86,89,30,58,123,98,36,59,289,10,38,33,21,42,45,53,18,29,307,7,48,56,9,16,78,45,18,30
S01010847,509,43,149,92,17,48,61,46,13,40,241,27,58,29,12,37,25,29,5,19,268,16,91,63,5,11,36,17,8,21
S01010848,503,9,49,53,15,44,123,127,35,48,230,5,21,18,13,30,42,67,17,17,273,4,28,35,2,14,81,60,18,31
S01010849,687,11,80,70,35,53,137,175,44,82,316,6,36,23,30,37,38,92,13,41,371,5,44,47,5,16,99,83,31,41
S01010850,609,6,62,56,21,57,135,159,63,50,282,1,28,14,18,36,48,87,25,25,327,5,34,42,3,21,87,72,38,25
S01010851,574,12,74,79,14,38,121,148,51,37,243,6,34,26,10,25,41,67,22,12,331,6,40,53,4,13,80,81,29,25
S01010852,565,18,57,75,36,52,129,136,23,39,268,12,23,31,33,34,40,73,5,17,297,6,34,44,3,18,89,63,18,22
S01010853,663,28,94,92,38,64,131,135,26,55,320,18,36,27,29,43,51,80,13,23,343,10,58,65,9,21,80,55,13,32
S01010854,660,20,76,86,27,43,155,130,61,62,287,12,35,29,15,33,41,69,24,29,373,8,41,57,12,10,114,61,37,33
S01010855,412,5,41,57,20,31,104,90,22,42,189,1,14,22,15,19,46,53,9,10,223,4,27,35,5,12,58,37,13,32
S01010856,633,16,88,97,31,68,121,120,47,45,316,9,40,24,26,55,51,62,29,20,317,7,48,73,5,13,70,58,18,25
S01010857,629,33,119,110,23,62,112,77,26,67,273,26,43,29,20,43,31,42,11,28,356,7,76,81,3,19,81,35,15,39
S01010858,522,11,75,64,15,43,120,120,31,43,253,7,33,14,12,36,42,77,14,18,269,4,42,50,3,7,78,43,17,25
S01010859,538,13,52,61,21,39,140,135,37,40,254,7,21,25,17,27,55,72,14,16,284,6,31,36,4,12,85,63,23,24
S01010860,487,17,73,77,14,53,108,93,24,28,215,11,23,21,13,38,36,52,9,12,272,6,50,56,1,15,72,41,15,16
S01010861,477,19,59,57,17,27,116,113,35,34,217,14,27,15,8,18,42,65,15,13,260,5,32,42,9,9,74,48,20,21
S01010862,420,11,38,33,9,37,98,103,46,45,207,6,17,13,5,18,46,54,19,29,213,5,21,20,4,19,52,49,27,16
S01010863,566,62,166,88,25,32,72,55,12,54,275,41,68,32,21,21,29,32,7,24,291,21,98,56,4,11,43,23,5,30
S01010864,431,61,147,77,18,28,38,18,6,38,215,45,55,26,13,25,17,11,3,20,216,16,92,51,5,3,21,7,3,18
S01010865,536,78,177,87,32,21,44,35,11,51,259,57,76,24,18,14,13,18,6,33,277,21,101,63,14,7,31,17,5,18
S01010866,482,64,134,71,34,31,55,50,13,30,247,44,64,22,25,26,21,34,5,6,235,20,70,49,9,5,34,16,8,24
S01010867,472,70,131,68,49,27,47,29,8,43,232,49,52,19,32,22,17,21,4,16,240,21,79,49,17,5,30,8,4,27
S01010868,580,66,161,96,29,32,64,50,37,45,275,44,60,33,24,21,25,26,18,24,305,22,101,63,5,11,39,24,19,21
S01010869,565,73,164,104,40,30,48,30,20,56,276,53,69,27,24,22,22,23,9,27,289,20,95,77,16,8,26,7,11,29
S01010870,565,56,170,90,34,32,85,49,14,35,263,30,79,29,21,25,31,27,8,13,302,26,91,61,13,7,54,22,6,22
S01010871,626,62,160,96,51,41,78,57,19,62,297,41,61,36,33,30,27,36,7,26,329,21,99,60,18,11,51,21,12,36
S01010872,571,35,112,104,32,49,95,72,20,52,276,23,46,26,24,36,40,48,8,25,295,12,66,78,8,13,55,24,12,27
S01010873,364,11,50,42,13,35,81,82,30,20,190,5,25,11,11,28,35,46,18,11,174,6,25,31,2,7,46,36,12,9
S01010874,589,61,154,109,37,31,65,44,17,71,296,41,66,45,27,25,24,28,8,32,293,20,88,64,10,6,41,16,9,39
S01010875,395,31,95,65,20,21,58,54,15,36,190,19,41,17,15,17,14,38,8,21,205,12,54,48,5,4,44,16,7,15
S01010876,552,21,102,99,11,48,96,83,30,62,250,14,40,42,10,35,26,42,15,26,302,7,62,57,1,13,70,41,15,36
S01010877,733,56,151,148,35,51,105,93,42,52,361,44,64,47,29,34,39,57,24,23,372,12,87,101,6,17,66,36,18,29
S01010878,892,28,127,143,40,80,162,181,87,44,503,19,69,50,34,60,62,129,59,21,389,9,58,93,6,20,100,52,28,23
S01010879,655,31,129,116,46,53,118,94,26,42,315,15,55,34,40,39,42,53,13,24,340,16,74,82,6,14,76,41,13,18
S01010880,403,10,57,52,11,47,85,81,31,29,179,5,19,12,6,33,39,41,12,12,224,5,38,40,5,14,46,40,19,17
S01010881,455,17,84,81,21,42,79,71,18,42,221,10,37,26,15,30,25,41,11,26,234,7,47,55,6,12,54,30,7,16
S01010882,441,18,94,68,10,46,83,58,18,46,229,13,40,28,8,34,33,38,10,25,212,5,54,40,2,12,50,20,8,21
S01010883,664,37,136,97,28,57,110,86,31,82,333,28,68,35,18,45,33,52,14,40,331,9,68,62,10,12,77,34,17,42
S01010884,534,9,60,61,23,47,123,123,57,31,250,5,21,21,20,29,50,68,23,13,284,4,39,40,3,18,73,55,34,18
S01010885,709,20,108,81,19,53,157,135,84,52,345,13,43,32,16,31,63,85,41,21,364,7,65,49,3,22,94,50,43,31
S01010886,383,11,54,53,18,29,77,61,42,38,183,8,21,18,14,21,33,36,25,7,200,3,33,35,4,8,44,25,17,31
S01010887,604,6,62,60,31,38,142,145,67,53,288,2,28,19,23,23,54,83,34,22,316,4,34,41,8,15,88,62,33,31
S01010888,630,28,93,74,26,55,134,130,45,45,320,20,32,18,21,37,55,83,28,26,310,8,61,56,5,18,79,47,17,19
S01010889,438,15,51,54,20,30,99,111,44,14,228,8,21,19,17,22,38,72,27,4,210,7,30,35,3,8,61,39,17,10
S01010890,515,10,58,69,17,50,126,133,31,21,244,5,24,30,11,30,50,70,14,10,271,5,34,39,6,20,76,63,17,11
S01010891,308,7,20,27,12,27,61,77,43,34,172,4,12,13,8,19,30,46,23,17,136,3,8,14,4,8,31,31,20,17
S01010892,646,20,83,90,20,56,140,150,55,32,327,15,25,36,16,42,52,94,30,17,319,5,58,54,4,14,88,56,25,15
S01010893,386,9,28,51,13,34,95,93,33,30,203,5,9,20,11,24,47,58,21,8,183,4,19,31,2,10,48,35,12,22
S01010894,464,26,86,66,17,41,77,89,31,31,227,16,45,21,14,30,23,50,16,12,237,10,41,45,3,11,54,39,15,19
S01010895,324,8,48,44,12,16,59,78,40,19,155,4,24,15,9,11,21,42,19,10,169,4,24,29,3,5,38,36,21,9
S01010896,525,10,66,60,20,46,111,125,44,43,251,7,31,20,19,28,43,61,23,19,274,3,35,40,1,18,68,64,21,24
S01010897,622,14,60,61,27,52,137,166,64,41,296,10,24,22,22,28,47,93,29,21,326,4,36,39,5,24,90,73,35,20
S01010898,473,7,44,48,33,45,93,116,53,34,235,5,18,16,27,28,32,71,18,20,238,2,26,32,6,17,61,45,35,14
S01010899,455,16,79,59,17,39,89,84,22,50,226,8,28,22,14,27,40,51,14,22,229,8,51,37,3,12,49,33,8,28
S01010900,493,14,59,50,17,48,115,120,41,29,217,10,28,14,13,27,38,60,18,9,276,4,31,36,4,21,77,60,23,20
S01010901,325,5,21,25,9,28,87,107,26,17,151,2,7,12,6,15,31,57,13,8,174,3,14,13,3,13,56,50,13,9
S01010902,742,35,109,92,28,75,154,149,52,48,343,19,46,31,22,53,58,79,18,17,399,16,63,61,6,22,96,70,34,31
S01010903,603,9,54,52,21,60,157,149,69,32,282,3,24,11,16,42,52,85,36,13,321,6,30,41,5,18,105,64,33,19
S01010904,430,12,32,45,15,33,106,96,54,37,207,6,17,14,13,26,33,51,30,17,223,6,15,31,2,7,73,45,24,20
S01010905,486,28,94,76,18,28,85,69,43,45,211,20,42,21,12,23,25,39,15,14,275,8,52,55,6,5,60,30,28,31
S01010906,724,29,95,74,25,54,147,185,59,56,343,13,39,22,16,44,48,108,30,23,381,16,56,52,9,10,99,77,29,33
S01010907,391,41,105,72,23,24,57,36,13,20,187,23,42,23,21,21,21,22,4,10,204,18,63,49,2,3,36,14,9,10
S01010908,455,27,78,71,17,32,90,86,23,31,226,18,40,35,12,18,25,48,14,16,229,9,38,36,5,14,65,38,9,15
S01010909,551,33,127,95,33,43,91,62,17,50,274,21,50,29,25,29,35,42,6,37,277,12,77,66,8,14,56,20,11,13
S01010910,376,10,48,51,9,26,84,75,48,25,178,7,18,19,6,18,33,42,24,11,198,3,30,32,3,8,51,33,24,14
S01010911,399,10,59,42,11,33,97,111,18,18,216,8,26,12,7,21,45,75,13,9,183,2,33,30,4,12,52,36,5,9
S01010912,483,19,49,46,29,34,103,118,42,43,248,13,19,13,24,28,41,60,19,31,235,6,30,33,5,6,62,58,23,12
S01010913,504,27,109,87,33,33,75,78,17,45,260,17,52,28,27,26,24,53,10,23,244,10,57,59,6,7,51,25,7,22
S01010914,528,16,87,106,30,47,102,82,16,42,249,10,36,24,24,32,39,59,10,15,279,6,51,82,6,15,63,23,6,27
S01010915,575,26,85,72,26,53,141,99,18,55,275,19,35,17,19,44,43,60,11,27,300,7,50,55,7,9,98,39,7,28
S01010916,433,5,32,57,18,27,87,121,37,49,251,3,13,23,18,17,44,85,19,29,182,2,19,34,0,10,43,36,18,20
S01010917,537,22,83,83,19,57,118,92,34,29,276,17,27,28,15,45,57,52,18,17,261,5,56,55,4,12,61,40,16,12
S01010918,532,7,66,50,19,51,136,128,34,41,245,6,29,15,13,34,42,72,13,21,287,1,37,35,6,17,94,56,21,20
S01010919,613,12,74,63,21,56,145,155,40,47,282,7,34,12,11,33,57,88,17,23,331,5,40,51,10,23,88,67,23,24
S01010920,439,20,36,43,22,34,86,111,50,37,200,11,12,10,16,24,32,55,23,17,239,9,24,33,6,10,54,56,27,20
S01010921,486,7,43,58,15,49,107,139,34,34,246,4,18,15,10,32,48,85,17,17,240,3,25,43,5,17,59,54,17,17
S01010922,630,15,70,53,21,57,145,156,48,65,289,10,31,20,14,30,55,85,16,28,341,5,39,33,7,27,90,71,32,37
S01010923,687,14,80,99,30,53,157,172,42,40,325,6,32,28,26,35,58,100,23,17,362,8,48,71,4,18,99,72,19,23
S01010924,472,4,54,51,16,52,116,128,24,27,230,3,18,17,15,33,46,78,10,10,242,1,36,34,1,19,70,50,14,17
S01010925,619,6,70,75,26,45,147,175,37,38,293,3,34,26,15,32,53,98,15,17,326,3,36,49,11,13,94,77,22,21
S01010926,614,7,56,77,26,57,133,182,32,44,298,4,24,23,21,38,46,104,16,22,316,3,32,54,5,19,87,78,16,22
S01010927,418,9,53,41,17,38,112,92,35,21,188,8,20,9,14,28,39,48,8,14,230,1,33,32,3,10,73,44,27,7
S01010928,526,10,50,49,27,39,123,147,41,40,242,6,25,13,19,26,34,81,14,24,284,4,25,36,8,13,89,66,27,16
S01010929,483,5,38,42,16,53,116,145,27,41,220,2,13,16,12,29,44,70,13,21,263,3,25,26,4,24,72,75,14,20
S01010930,666,132,200,72,95,26,49,36,15,41,332,85,79,19,64,18,14,25,8,20,334,47,121,53,31,8,35,11,7,21
S01010931,331,44,73,44,56,18,51,23,5,17,165,26,29,9,37,15,24,17,2,6,166,18,44,35,19,3,27,6,3,11
S01010932,413,21,79,51,37,36,78,71,25,15,196,14,34,14,29,24,20,42,13,6,217,7,45,37,8,12,58,29,12,9
S01010933,560,102,155,81,63,28,53,33,16,29,287,62,69,20,47,24,19,20,8,18,273,40,86,61,16,4,34,13,8,11
S01010934,779,125,227,133,57,43,88,44,20,42,390,81,105,36,44,30,31,24,13,26,389,44,122,97,13,13,57,20,7,16
S01010935,473,70,125,86,41,25,58,37,8,23,223,45,55,20,25,18,29,15,4,12,250,25,70,66,16,7,29,22,4,11
S01010936,526,39,110,110,46,45,66,65,15,30,246,28,42,27,29,32,30,35,9,14,280,11,68,83,17,13,36,30,6,16
S01010937,573,49,140,116,42,48,81,54,10,33,275,28,66,34,35,36,20,38,5,13,298,21,74,82,7,12,61,16,5,20
S01010938,572,16,79,79,34,60,111,118,46,29,289,9,36,24,29,41,36,69,28,17,283,7,43,55,5,19,75,49,18,12
S01010939,402,27,78,76,29,43,68,38,10,33,204,21,32,28,22,34,23,22,5,17,198,6,46,48,7,9,45,16,5,16
S01010940,520,76,148,103,28,27,60,30,6,42,255,52,59,33,22,22,19,21,4,23,265,24,89,70,6,5,41,9,2,19
S01010941,668,73,189,131,54,42,77,29,12,61,338,56,88,44,36,35,26,20,6,27,330,17,101,87,18,7,51,9,6,34
S01010942,523,68,151,109,30,29,65,28,6,37,261,46,69,33,22,24,26,14,2,25,262,22,82,76,8,5,39,14,4,12
S01010943,469,22,88,63,21,54,95,67,29,30,217,14,32,18,18,38,30,38,13,16,252,8,56,45,3,16,65,29,16,14
S01010944,431,13,71,65,20,38,94,87,21,22,193,7,28,16,11,25,39,48,9,10,238,6,43,49,9,13,55,39,12,12
S01010945,415,15,66,75,31,43,76,74,15,20,185,10,27,18,19,29,32,38,8,4,230,5,39,57,12,14,44,36,7,16
S01010946,600,19,92,87,46,61,112,111,39,33,290,11,38,19,37,44,43,69,18,11,310,8,54,68,9,17,69,42,21,22
S01010947,404,15,66,64,26,36,108,57,17,15,188,7,31,11,21,27,40,34,9,8,216,8,35,53,5,9,68,23,8,7
S01010948,510,23,71,90,36,41,110,95,16,28,250,15,31,24,28,29,44,56,6,17,260,8,40,66,8,12,66,39,10,11
S01010949,732,77,180,149,54,61,100,43,11,57,348,51,82,38,35,42,35,27,7,31,384,26,98,111,19,19,65,16,4,26
S01010950,616,49,139,101,35,56,113,81,16,26,292,33,65,22,25,44,36,51,8,8,324,16,74,79,10,12,77,30,8,18
S01010951,469,25,87,91,22,48,82,67,13,34,223,14,43,22,16,35,28,44,6,15,246,11,44,69,6,13,54,23,7,19
S01010952,392,38,69,70,27,41,66,39,14,28,198,23,33,24,21,30,22,23,5,17,194,15,36,46,6,11,44,16,9,11
S01010953,438,23,82,93,25,33,84,59,8,31,210,16,37,28,19,28,31,33,5,13,228,7,45,65,6,5,53,26,3,18
S01010954,517,39,113,149,32,31,66,41,5,41,293,29,59,85,22,24,19,31,3,21,224,10,54,64,10,7,47,10,2,20
S01010955,691,91,199,116,53,32,93,34,23,50,350,66,112,46,35,21,22,15,8,25,341,25,87,70,18,11,71,19,15,25
S01010956,545,88,134,54,84,32,61,51,15,26,267,49,55,14,56,24,22,30,8,9,278,39,79,40,28,8,39,21,7,17
S01010957,443,65,111,91,30,35,62,23,6,20,211,45,55,21,24,24,21,12,3,6,232,20,56,70,6,11,41,11,3,14
S01010958,364,51,88,48,31,20,58,43,9,16,185,24,34,15,26,16,32,24,6,8,179,27,54,33,5,4,26,19,3,8
S01010959,442,51,119,60,31,29,63,40,13,36,205,29,48,13,20,20,24,23,8,20,237,22,71,47,11,9,39,17,5,16
S01010960,812,57,135,95,65,65,134,151,54,56,402,35,53,26,45,47,48,96,30,22,410,22,82,69,20,18,86,55,24,34
S01010961,411,21,65,63,29,38,85,75,15,20,207,12,28,21,23,28,40,42,7,6,204,9,37,42,6,10,45,33,8,14
S01010962,462,18,75,61,43,43,92,106,9,15,235,10,36,16,29,32,29,68,7,8,227,8,39,45,14,11,63,38,2,7
S01010963,699,65,151,109,63,50,114,79,23,45,334,45,55,22,45,39,43,46,13,26,365,20,96,87,18,11,71,33,10,19
S01010964,406,25,75,67,29,36,66,83,5,20,194,17,31,14,26,20,24,51,3,8,212,8,44,53,3,16,42,32,2,12
S01010965,393,17,56,46,18,39,61,94,36,26,189,11,25,8,15,22,28,50,17,13,204,6,31,38,3,17,33,44,19,13
S01010966,536,20,88,70,44,61,102,98,15,38,267,13,31,13,33,45,35,61,10,26,269,7,57,57,11,16,67,37,5,12
S01010967,487,25,65,75,29,52,92,90,22,37,224,12,33,16,19,36,31,51,10,16,263,13,32,59,10,16,61,39,12,21
S01010968,535,32,106,112,43,46,78,75,15,28,253,18,46,23,33,26,30,53,8,16,282,14,60,89,10,20,48,22,7,12
S01010969,444,36,99,92,44,33,53,43,21,23,214,25,47,23,32,27,16,26,11,7,230,11,52,69,12,6,37,17,10,16
S01010970,704,61,133,110,60,76,97,104,24,39,354,34,61,36,43,57,32,64,11,16,350,27,72,74,17,19,65,40,13,23
S01010971,772,62,183,150,64,73,97,73,20,50,371,39,83,33,48,53,29,48,8,30,401,23,100,117,16,20,68,25,12,20
S01010972,613,20,61,86,30,57,144,124,46,45,283,13,24,28,24,50,43,68,14,19,330,7,37,58,6,7,101,56,32,26
S01010973,389,15,59,86,28,41,64,56,11,29,192,12,29,18,21,32,20,41,6,13,197,3,30,68,7,9,44,15,5,16
S01010974,522,9,56,71,40,46,124,125,25,26,261,7,27,22,33,34,37,74,17,10,261,2,29,49,7,12,87,51,8,16
S01010975,350,8,37,43,26,36,80,75,25,20,169,5,17,11,14,25,37,39,10,11,181,3,20,32,12,11,43,36,15,9
S01010976,399,20,64,63,22,33,92,59,23,23,200,12,29,16,17,30,32,44,11,9,199,8,35,47,5,3,60,15,12,14
S01010977,535,30,93,91,32,47,108,80,17,37,248,22,40,25,22,35,35,47,6,16,287,8,53,66,10,12,73,33,11,21
S01010978,518,19,77,81,34,51,114,81,33,28,249,12,30,24,22,33,43,52,18,15,269,7,47,57,12,18,71,29,15,13
S01010979,592,23,82,82,35,58,133,92,41,46,270,17,33,23,24,39,41,52,20,21,322,6,49,59,11,19,92,40,21,25
S01010980,538,39,86,89,42,34,115,74,23,36,250,28,33,16,30,27,48,40,13,15,288,11,53,73,12,7,67,34,10,21
S01010981,535,26,88,81,40,53,95,93,30,29,246,18,34,19,27,38,30,55,17,8,289,8,54,62,13,15,65,38,13,21
S01010982,884,143,237,124,95,64,92,63,34,32,449,98,106,41,58,53,24,38,15,16,435,45,131,83,37,11,68,25,19,16
S01010983,578,49,111,111,50,53,91,71,18,24,269,28,52,20,33,40,33,46,5,12,309,21,59,91,17,13,58,25,13,12
S01010984,506,48,117,107,40,36,62,54,20,22,241,36,62,19,29,30,19,29,9,8,265,12,55,88,11,6,43,25,11,14
S01010985,444,25,74,81,28,45,80,68,16,27,216,14,30,18,20,40,28,45,7,14,228,11,44,63,8,5,52,23,9,13
S01010986,386,47,100,85,34,27,41,18,6,28,195,34,47,20,29,21,14,12,3,15,191,13,53,65,5,6,27,6,3,13
S01010987,433,61,143,80,42,24,37,12,4,30,212,35,70,26,33,18,8,6,1,15,221,26,73,54,9,6,29,6,3,15
S01010988,442,57,132,81,29,17,54,22,7,43,215,44,62,17,22,13,22,13,1,21,227,13,70,64,7,4,32,9,6,22
S01010989,689,95,220,142,49,52,69,28,6,28,335,50,108,48,38,39,23,15,3,11,354,45,112,94,11,13,46,13,3,17
S01010990,596,28,84,119,43,64,124,95,15,24,284,14,41,32,36,47,40,58,6,10,312,14,43,87,7,17,84,37,9,14
S01010991,413,45,87,73,33,35,64,39,9,28,201,31,38,12,22,25,27,27,6,13,212,14,49,61,11,10,37,12,3,15
S01010992,394,82,124,49,37,23,32,12,7,28,195,50,50,15,23,22,8,10,3,14,199,32,74,34,14,1,24,2,4,14
S01010993,471,35,128,85,30,36,69,54,8,26,227,22,64,23,22,28,17,37,3,11,244,13,64,62,8,8,52,17,5,15
S01010994,781,158,243,109,53,32,72,34,16,64,387,99,111,25,35,25,22,20,12,38,394,59,132,84,18,7,50,14,4,26
S01010995,575,51,155,111,47,42,79,38,9,43,273,36,66,28,32,32,29,28,4,18,302,15,89,83,15,10,50,10,5,25
S01010996,432,72,116,71,50,26,42,21,4,30,211,40,59,18,31,19,11,14,2,17,221,32,57,53,19,7,31,7,2,13
S01010997,482,84,142,93,48,21,44,15,4,31,232,61,67,17,34,18,10,10,3,12,250,23,75,76,14,3,34,5,1,19
S01010998,419,97,132,50,49,13,28,10,8,32,197,55,51,9,33,10,12,7,5,15,222,42,81,41,16,3,16,3,3,17
S01010999,650,110,183,100,48,37,64,55,24,29,316,72,73,27,33,24,23,35,12,17,334,38,110,73,15,13,41,20,12,12
S01011000,645,70,139,90,89,52,76,82,11,36,322,44,64,21,63,40,27,44,4,15,323,26,75,69,26,12,49,38,7,21
S01011001,482,10,75,74,33,46,98,98,18,30,241,6,38,15,26,27,37,65,6,21,241,4,37,59,7,19,61,33,12,9
S01011002,521,14,71,90,34,59,99,109,17,28,250,5,32,15,29,46,41,60,8,14,271,9,39,75,5,13,58,49,9,14
S01011003,485,11,63,75,36,60,106,76,18,40,234,3,30,16,24,49,39,46,9,18,251,8,33,59,12,11,67,30,9,22
S01011004,452,42,98,77,39,31,71,53,14,27,209,31,44,13,32,20,21,31,4,13,243,11,54,64,7,11,50,22,10,14
S01011005,500,17,80,84,28,56,99,87,18,31,239,11,33,27,23,41,35,46,12,11,261,6,47,57,5,15,64,41,6,20
S01011006,746,55,175,126,61,62,116,85,34,32,361,33,72,34,44,49,41,56,20,12,385,22,103,92,17,13,75,29,14,20
S01011007,480,13,47,61,34,62,93,116,18,36,236,10,18,14,23,41,36,68,13,13,244,3,29,47,11,21,57,48,5,23
S01011008,600,22,86,74,36,75,139,106,31,31,295,17,35,17,25,65,49,54,20,13,305,5,51,57,11,10,90,52,11,18
S01011009,395,10,51,60,24,50,83,81,21,15,185,3,23,13,19,35,33,46,12,1,210,7,28,47,5,15,50,35,9,14
S01011010,450,25,76,56,19,29,86,80,56,23,221,17,25,13,16,23,29,62,26,10,229,8,51,43,3,6,57,18,30,13
S01011011,586,21,63,95,27,52,132,105,61,30,284,14,23,28,22,40,53,63,23,18,302,7,40,67,5,12,79,42,38,12
S01011012,506,17,48,47,20,53,111,126,52,32,235,11,13,9,15,39,34,71,27,16,271,6,35,38,5,14,77,55,25,16
S01011013,583,21,83,102,34,54,121,129,15,24,276,14,32,30,26,42,34,78,5,15,307,7,51,72,8,12,87,51,10,9
S01011014,657,38,111,141,36,66,135,74,18,38,321,23,54,35,29,52,53,56,7,12,336,15,57,106,7,14,82,18,11,26
S01011015,350,20,72,51,32,22,71,46,22,14,162,13,29,16,24,19,26,26,6,3,188,7,43,35,8,3,45,20,16,11
S01011016,626,70,181,95,64,49,61,45,19,42,315,45,83,31,42,37,21,31,8,17,311,25,98,64,22,12,40,14,11,25
S01011017,630,103,161,94,93,37,58,37,10,37,294,59,63,22,62,32,16,21,4,15,336,44,98,72,31,5,42,16,6,22
S01011018,625,37,130,82,57,50,118,96,18,37,317,22,58,20,42,36,42,67,9,21,308,15,72,62,15,14,76,29,9,16
S01011019,736,102,157,82,95,62,97,71,32,38,367,60,61,28,66,42,34,48,14,14,369,42,96,54,29,20,63,23,18,24
S01011020,351,59,91,55,36,31,28,33,7,11,181,34,47,12,23,22,12,19,5,7,170,25,44,43,13,9,16,14,2,4
S01011021,646,14,93,85,47,65,133,116,52,41,307,7,35,24,36,46,58,58,27,16,339,7,58,61,11,19,75,58,25,25
S01011022,414,7,38,47,29,53,84,104,24,28,197,5,15,15,24,36,26,53,10,13,217,2,23,32,5,17,58,51,14,15
S01011023,614,32,90,84,60,58,109,102,41,38,287,20,34,19,44,43,42,55,18,12,327,12,56,65,16,15,67,47,23,26
S01011024,547,12,67,67,30,52,113,116,51,39,250,7,37,20,22,33,32,54,26,19,297,5,30,47,8,19,81,62,25,20
S01011025,536,10,57,75,22,60,119,122,40,31,272,4,21,18,18,44,50,77,25,15,264,6,36,57,4,16,69,45,15,16
S01011026,449,5,45,69,28,54,96,103,27,22,219,3,23,17,21,39,37,55,18,6,230,2,22,52,7,15,59,48,9,16
S01011027,626,13,54,78,31,54,147,158,55,36,288,8,24,20,20,38,58,85,21,14,338,5,30,58,11,16,89,73,34,22
S01011028,689,14,74,83,37,70,171,153,52,35,304,9,25,16,29,47,60,87,20,11,385,5,49,67,8,23,111,66,32,24
S01011029,473,18,67,72,27,39,110,88,25,27,226,13,34,21,15,28,35,56,10,14,247,5,33,51,12,11,75,32,15,13
S01011030,766,43,153,150,54,69,124,101,12,60,375,29,78,39,33,51,49,66,5,25,391,14,75,111,21,18,75,35,7,35
S01011031,515,21,55,76,21,49,120,113,42,18,242,13,25,11,17,38,46,58,24,10,273,8,30,65,4,11,74,55,18,8
S01011032,594,21,84,80,37,43,124,125,42,38,292,12,45,18,25,31,45,83,18,15,302,9,39,62,12,12,79,42,24,23
S01011033,480,37,101,87,27,46,76,74,11,21,240,23,43,20,25,34,20,52,10,13,240,14,58,67,2,12,56,22,1,8
S01011034,477,30,74,65,36,44,114,74,26,14,222,14,33,14,27,33,36,43,17,5,255,16,41,51,9,11,78,31,9,9
S01011035,486,27,67,50,34,47,110,93,32,26,227,14,24,12,22,32,45,52,18,8,259,13,43,38,12,15,65,41,14,18
S01011036,495,38,108,78,34,40,78,66,15,38,240,23,47,22,24,29,32,43,5,15,255,15,61,56,10,11,46,23,10,23
S01011037,685,24,94,91,49,72,137,122,56,40,332,12,40,29,37,48,50,72,25,19,353,12,54,62,12,24,87,50,31,21
S01011038,622,10,55,70,38,75,115,151,64,44,286,7,24,10,20,51,43,82,33,16,336,3,31,60,18,24,72,69,31,28
S01011039,598,30,107,108,51,61,81,102,27,31,307,18,53,32,37,44,37,65,11,10,291,12,54,76,14,17,44,37,16,21
S01011040,523,18,64,72,25,55,115,102,30,42,243,9,28,25,18,38,37,60,11,17,280,9,36,47,7,17,78,42,19,25
S01011041,523,17,67,61,27,33,122,97,51,48,236,11,24,18,22,24,40,55,21,21,287,6,43,43,5,9,82,42,30,27
S01011042,603,53,131,102,47,58,88,68,22,34,294,37,57,21,37,45,28,44,12,13,309,16,74,81,10,13,60,24,10,21
S01011043,503,22,84,67,32,53,88,104,27,26,247,15,30,19,18,43,35,62,14,11,256,7,54,48,14,10,53,42,13,15
S01011044,530,26,72,72,43,48,112,94,31,32,248,12,29,17,29,33,48,52,15,13,282,14,43,55,14,15,64,42,16,19
S01011045,582,39,95,64,112,59,112,52,23,26,287,25,40,16,74,43,42,25,10,12,295,14,55,48,38,16,70,27,13,14
S01011046,680,40,115,77,131,77,108,83,22,27,364,27,56,17,89,58,44,54,10,9,316,13,59,60,42,19,64,29,12,18
S01011047,724,49,150,67,97,94,120,105,12,30,347,37,59,14,57,71,49,49,3,8,377,12,91,53,40,23,71,56,9,22
S01011048,709,27,106,73,83,85,145,133,21,36,342,18,43,19,49,60,59,72,11,11,367,9,63,54,34,25,86,61,10,25
S01011049,512,24,64,50,38,64,144,104,9,15,255,12,23,10,28,44,72,57,4,5,257,12,41,40,10,20,72,47,5,10
S01011050,595,35,119,49,81,69,129,70,16,27,305,24,57,8,57,46,51,42,7,13,290,11,62,41,24,23,78,28,9,14
S01011051,687,48,120,76,88,88,112,118,14,23,342,30,55,12,59,61,45,67,6,7,345,18,65,64,29,27,67,51,8,16
S01011052,572,44,107,54,57,72,107,95,13,23,281,34,40,11,35,50,45,47,6,13,291,10,67,43,22,22,62,48,7,10
S01011053,478,15,68,49,28,68,108,89,23,30,231,9,20,6,19,48,53,56,11,9,247,6,48,43,9,20,55,33,12,21
S01011054,400,38,69,40,43,51,86,47,8,18,203,24,28,9,30,37,36,24,5,10,197,14,41,31,13,14,50,23,3,8
S01011055,428,30,90,43,54,49,81,53,11,17,220,20,31,7,45,38,36,32,3,8,208,10,59,36,9,11,45,21,8,9
S01011056,501,45,81,35,114,37,97,59,7,26,246,33,27,2,78,26,30,39,1,10,255,12,54,33,36,11,67,20,6,16
S01011057,439,16,61,43,71,44,89,94,7,14,229,9,27,8,56,34,28,56,3,8,210,7,34,35,15,10,61,38,4,6
S01011058,487,24,103,55,111,31,79,42,8,34,238,11,39,10,80,24,31,28,4,11,249,13,64,45,31,7,48,14,4,23
S01011059,476,31,96,56,83,36,75,67,15,17,239,23,41,11,61,27,28,41,5,2,237,8,55,45,22,9,47,26,10,15
S01011060,594,39,107,75,54,55,113,106,16,29,293,27,50,10,34,33,51,70,7,11,301,12,57,65,20,22,62,36,9,18
S01011061,619,13,61,52,38,91,151,157,27,29,313,5,26,15,27,68,51,95,13,13,306,8,35,37,11,23,100,62,14,16
S01011062,660,26,84,64,69,77,146,146,15,33,343,18,41,12,45,59,49,102,7,10,317,8,43,52,24,18,97,44,8,23
S01011063,736,28,90,74,49,90,185,152,32,36,341,19,36,15,35,67,60,81,12,16,395,9,54,59,14,23,125,71,20,20
S01011064,750,39,114,89,72,88,158,144,21,25,368,28,39,11,51,69,55,95,10,10,382,11,75,78,21,19,103,49,11,15
S01011065,524,38,88,59,75,54,95,68,16,31,263,26,42,12,53,43,29,40,6,12,261,12,46,47,22,11,66,28,10,19
S01011066,374,26,79,51,64,34,49,44,14,13,184,21,36,9,40,26,12,25,7,8,190,5,43,42,24,8,37,19,7,5
S01011067,394,30,62,47,55,50,70,54,14,12,196,21,25,12,36,40,22,33,4,3,198,9,37,35,19,10,48,21,10,9
S01011068,389,14,63,34,45,43,91,71,9,19,188,9,35,7,29,33,26,37,6,6,201,5,28,27,16,10,65,34,3,13
S01011069,418,20,84,34,40,47,93,69,12,19,209,13,44,10,24,39,35,32,5,7,209,7,40,24,16,8,58,37,7,12
S01011070,455,23,93,52,43,55,88,80,3,18,226,15,46,12,33,46,21,46,1,6,229,8,47,40,10,9,67,34,2,12
S01011071,637,35,147,75,82,67,106,75,17,33,324,27,78,12,58,50,33,40,6,20,313,8,69,63,24,17,73,35,11,13
S01011072,740,33,156,91,88,92,135,92,22,31,358,21,70,16,60,73,43,56,11,8,382,12,86,75,28,19,92,36,11,23
S01011073,528,26,83,60,54,65,113,92,7,28,265,17,40,20,35,53,33,50,4,13,263,9,43,40,19,12,80,42,3,15
S01011074,456,18,78,45,45,58,113,63,14,22,229,12,42,15,34,45,35,33,4,9,227,6,36,30,11,13,78,30,10,13
S01011075,507,8,40,33,36,62,147,127,38,16,232,5,22,6,26,48,42,56,20,7,275,3,18,27,10,14,105,71,18,9
S01011076,517,13,62,43,40,84,126,96,34,19,262,11,30,7,26,63,47,54,13,11,255,2,32,36,14,21,79,42,21,8
S01011077,537,4,57,34,25,57,148,150,40,22,240,3,27,9,15,40,47,71,17,11,297,1,30,25,10,17,101,79,23,11
S01011078,795,43,141,96,86,103,153,97,28,48,397,30,65,19,56,79,44,66,17,21,398,13,76,77,30,24,109,31,11,27
S01011079,775,26,135,61,73,127,145,150,28,30,406,17,66,11,39,99,56,89,16,13,369,9,69,50,34,28,89,61,12,17
S01011080,733,26,98,84,59,115,151,119,43,38,364,20,40,16,36,95,53,72,19,13,369,6,58,68,23,20,98,47,24,25
S01011081,598,15,64,54,38,95,161,111,23,37,295,12,32,11,26,74,50,60,15,15,303,3,32,43,12,21,111,51,8,22
S01011082,336,9,36,27,17,53,77,89,16,12,150,5,17,3,15,38,17,46,6,3,186,4,19,24,2,15,60,43,10,9
S01011083,570,29,118,55,47,80,124,82,19,16,295,24,52,18,31,55,50,53,6,6,275,5,66,37,16,25,74,29,13,10
S01011084,591,43,150,82,85,54,81,52,16,28,295,24,70,14,51,41,32,37,9,17,296,19,80,68,34,13,49,15,7,11
S01011085,675,61,185,96,63,54,98,61,16,41,330,43,80,28,37,41,40,36,6,19,345,18,105,68,26,13,58,25,10,22
S01011086,475,43,105,59,41,58,85,53,10,21,246,30,49,13,25,46,33,37,3,10,229,13,56,46,16,12,52,16,7,11
S01011087,429,15,74,43,33,66,90,81,13,14,205,10,28,11,21,43,27,53,4,8,224,5,46,32,12,23,63,28,9,6
S01011088,697,47,173,92,62,54,110,98,25,36,325,27,72,31,33,39,43,58,9,13,372,20,101,61,29,15,67,40,16,23
S01011089,462,15,82,42,33,44,105,81,31,29,214,11,29,8,20,38,36,45,19,8,248,4,53,34,13,6,69,36,12,21
S01011090,548,46,118,61,83,55,93,56,8,28,273,29,47,14,59,45,35,35,2,7,275,17,71,47,24,10,58,21,6,21
S01011091,491,44,104,61,69,57,77,53,11,15,253,29,47,20,48,45,26,28,4,6,238,15,57,41,21,12,51,25,7,9
S01011092,316,11,49,38,20,27,52,64,27,28,144,8,22,7,15,19,18,35,10,10,172,3,27,31,5,8,34,29,17,18
S01011093,475,46,121,53,69,55,55,41,9,26,236,29,54,9,47,42,24,19,3,9,239,17,67,44,22,13,31,22,6,17
S01011094,370,40,103,39,54,33,48,26,7,20,188,23,44,11,36,27,19,15,4,9,182,17,59,28,18,6,29,11,3,11
S01011095,598,57,147,71,92,59,78,43,13,38,309,35,68,17,60,44,30,29,8,18,289,22,79,54,32,15,48,14,5,20
S01011096,433,38,105,50,48,47,56,48,8,33,223,26,46,15,33,33,22,31,4,13,210,12,59,35,15,14,34,17,4,20
S01011097,518,50,129,59,72,51,76,46,9,26,260,36,55,13,44,37,26,32,2,15,258,14,74,46,28,14,50,14,7,11
S01011098,577,27,138,78,42,55,117,83,9,28,290,18,65,19,27,46,45,53,6,11,287,9,73,59,15,9,72,30,3,17
S01011099,627,12,87,66,36,75,136,149,28,38,304,8,43,16,25,57,52,80,10,13,323,4,44,50,11,18,84,69,18,25
S01011100,321,12,55,45,24,35,71,52,9,18,157,9,19,16,15,27,24,36,4,7,164,3,36,29,9,8,47,16,5,11
S01011101,459,10,36,43,18,68,111,123,24,26,219,4,16,12,14,47,41,63,14,8,240,6,20,31,4,21,70,60,10,18
S01011102,503,10,70,30,13,60,145,126,33,16,234,7,31,6,7,47,57,54,17,8,269,3,39,24,6,13,88,72,16,8
S01011103,441,16,75,27,23,49,101,91,34,25,228,9,34,9,16,37,39,57,20,7,213,7,41,18,7,12,62,34,14,18
S01011104,456,39,118,42,38,42,69,48,33,27,221,23,52,9,21,31,28,23,23,11,235,16,66,33,17,11,41,25,10,16
S01011105,613,27,106,53,43,69,128,139,22,26,297,19,44,17,29,47,40,79,13,9,316,8,62,36,14,22,88,60,9,17
S01011106,637,17,174,92,26,54,130,85,32,27,293,8,117,32,13,31,32,45,9,6,344,9,57,60,13,23,98,40,23,21
S01011107,633,28,150,61,30,66,136,98,17,47,295,18,89,15,19,43,42,50,3,16,338,10,61,46,11,23,94,48,14,31
S01011108,418,15,74,40,25,52,83,69,19,41,212,13,36,10,13,36,28,45,12,19,206,2,38,30,12,16,55,24,7,22
S01011109,619,32,109,89,44,76,124,112,16,17,303,23,47,23,31,54,48,65,5,7,316,9,62,66,13,22,76,47,11,10
S01011110,539,13,77,69,22,70,122,105,26,35,257,9,42,17,14,49,43,60,12,11,282,4,35,52,8,21,79,45,14,24
S01011111,648,11,77,54,32,70,172,152,48,32,294,9,38,17,21,49,55,81,14,10,354,2,39,37,11,21,117,71,34,22
S01011112,624,34,148,91,37,86,107,71,15,35,294,24,71,27,20,63,32,43,4,10,330,10,77,64,17,23,75,28,11,25
S01011113,696,28,123,79,39,87,171,122,18,29,346,16,51,18,25,65,64,83,11,13,350,12,72,61,14,22,107,39,7,16
S01011114,575,21,122,85,42,78,110,68,14,35,290,13,59,26,28,62,36,47,5,14,285,8,63,59,14,16,74,21,9,21
S01011115,691,12,84,68,45,100,151,159,31,41,333,8,31,22,31,79,50,88,13,11,358,4,53,46,14,21,101,71,18,30
S01011116,501,19,89,70,28,64,99,84,12,36,245,13,46,22,22,44,31,46,3,18,256,6,43,48,6,20,68,38,9,18
S01011117,546,68,137,55,59,44,77,49,16,41,284,48,63,16,32,35,29,35,7,19,262,20,74,39,27,9,48,14,9,22
S01011118,597,88,169,71,45,43,80,50,11,40,280,59,66,24,26,31,27,22,4,21,317,29,103,47,19,12,53,28,7,19
S01011119,666,83,196,102,52,43,75,66,11,38,320,55,85,25,33,36,27,37,2,20,346,28,111,77,19,7,48,29,9,18
S01011120,510,68,165,78,42,32,62,26,13,24,247,52,73,18,23,26,21,15,6,13,263,16,92,60,19,6,41,11,7,11
S01011121,408,25,65,47,25,48,95,72,12,19,206,13,30,20,14,35,36,44,10,4,202,12,35,27,11,13,59,28,2,15
S01011122,480,25,113,55,33,54,92,73,9,26,229,14,48,16,24,38,43,38,0,8,251,11,65,39,9,16,49,35,9,18
S01011123,811,21,118,88,45,112,183,184,24,36,398,15,55,25,34,82,57,105,12,13,413,6,63,63,11,30,126,79,12,23
S01011124,449,20,97,57,27,46,68,92,9,33,211,15,47,13,19,37,16,51,2,11,238,5,50,44,8,9,52,41,7,22
S01011125,374,9,50,34,18,50,95,74,21,23,179,6,21,8,13,34,30,42,9,16,195,3,29,26,5,16,65,32,12,7
S01011126,337,10,69,53,25,36,72,48,10,14,167,7,39,21,16,27,16,29,5,7,170,3,30,32,9,9,56,19,5,7
S01011127,324,4,119,82,11,12,59,15,5,17,160,2,92,44,4,2,8,3,0,5,164,2,27,38,7,10,51,12,5,12
S01011128,562,29,111,68,28,59,106,102,23,36,270,16,57,23,20,45,28,60,7,14,292,13,54,45,8,14,78,42,16,22
S01011129,679,128,190,88,49,47,83,49,13,32,326,96,85,15,24,34,26,30,2,14,353,32,105,73,25,13,57,19,11,18
S01011130,444,15,94,59,20,33,97,82,26,18,219,9,52,14,13,19,46,51,8,7,225,6,42,45,7,14,51,31,18,11
S01011131,508,32,134,65,35,46,91,58,14,33,264,25,74,17,21,37,33,36,10,11,244,7,60,48,14,9,58,22,4,22
S01011132,683,61,175,105,54,73,105,50,16,44,354,42,91,36,42,54,32,30,9,18,329,19,84,69,12,19,73,20,7,26
S01011133,338,17,53,38,23,43,74,70,7,13,169,14,26,17,14,30,23,36,2,7,169,3,27,21,9,13,51,34,5,6
S01011134,589,21,158,71,70,49,116,76,11,17,313,18,84,26,46,35,51,39,5,9,276,3,74,45,24,14,65,37,6,8
S01011135,567,14,89,58,40,77,117,109,27,36,272,8,42,25,25,58,29,59,9,17,295,6,47,33,15,19,88,50,18,19
S01011136,487,29,102,68,30,72,79,65,14,28,246,23,57,19,16,50,29,33,6,13,241,6,45,49,14,22,50,32,8,15
S01011137,343,24,82,35,30,39,52,41,13,27,156,15,35,11,23,31,10,17,5,9,187,9,47,24,7,8,42,24,8,18
S01011138,450,6,84,52,30,55,104,77,22,20,224,4,52,26,18,33,33,39,12,7,226,2,32,26,12,22,71,38,10,13
S01011139,1102,78,308,466,24,59,76,47,13,31,767,57,222,371,17,37,22,19,4,18,335,21,86,95,7,22,54,28,9,13
S01011140,407,11,74,48,29,43,80,79,14,29,203,8,39,18,20,30,25,45,6,12,204,3,35,30,9,13,55,34,8,17
S01011141,414,6,81,51,19,47,94,82,15,19,194,3,51,9,11,30,29,44,7,10,220,3,30,42,8,17,65,38,8,9
S01011142,870,51,204,74,64,57,80,45,14,281,454,33,101,20,36,40,27,29,5,163,416,18,103,54,28,17,53,16,9,118
S01011143,694,50,169,82,60,69,137,66,13,48,324,37,84,16,29,51,53,34,4,16,370,13,85,66,31,18,84,32,9,32
S01011144,534,41,131,80,48,51,85,57,7,34,273,27,76,22,26,41,27,28,3,23,261,14,55,58,22,10,58,29,4,11
S01011145,482,54,150,47,35,43,78,48,11,16,240,36,70,7,29,35,20,29,6,8,242,18,80,40,6,8,58,19,5,8
S01011146,553,31,118,68,43,50,114,77,20,32,270,23,53,23,27,44,36,39,10,15,283,8,65,45,16,6,78,38,10,17
S01011147,770,45,183,96,58,86,159,96,17,30,397,28,101,22,39,64,68,48,10,17,373,17,82,74,19,22,91,48,7,13
S01011148,607,74,140,47,95,62,75,72,20,22,317,56,64,9,60,41,28,40,7,12,290,18,76,38,35,21,47,32,13,10
S01011149,690,71,216,186,68,35,35,35,13,31,393,43,131,119,41,21,10,16,2,10,297,28,85,67,27,14,25,19,11,21
S01011150,318,35,107,31,11,36,43,34,11,10,155,26,52,9,3,23,14,20,3,5,163,9,55,22,8,13,29,14,8,5
S01011151,412,24,134,68,22,19,56,44,19,26,216,20,71,34,14,13,13,22,13,16,196,4,63,34,8,6,43,22,6,10
S01011152,509,67,147,62,63,44,60,34,14,18,239,44,67,15,30,33,18,16,8,8,270,23,80,47,33,11,42,18,6,10
S01011153,642,40,148,68,66,67,117,76,30,30,320,30,65,17,44,55,39,46,16,8,322,10,83,51,22,12,78,30,14,22
S01011154,418,17,75,48,38,32,89,79,24,16,221,14,40,11,23,28,30,49,17,9,197,3,35,37,15,4,59,30,7,7
S01011155,457,32,93,51,45,39,89,53,37,18,235,26,42,14,24,27,39,31,23,9,222,6,51,37,21,12,50,22,14,9
S01011156,451,21,116,67,37,51,75,48,7,29,218,12,61,17,26,39,15,34,1,13,233,9,55,50,11,12,60,14,6,16
S01011157,461,23,130,76,35,64,77,35,7,14,234,17,73,22,20,47,20,21,6,8,227,6,57,54,15,17,57,14,1,6
S01011158,374,64,109,48,34,25,54,26,6,8,186,49,47,9,18,17,21,17,3,5,188,15,62,39,16,8,33,9,3,3
S01011159,389,14,62,61,16,47,82,85,13,9,184,7,29,18,11,38,25,47,8,1,205,7,33,43,5,9,57,38,5,8
S01011160,680,31,122,108,40,64,160,88,32,35,343,24,59,39,27,51,53,55,16,19,337,7,63,69,13,13,107,33,16,16
S01011161,469,10,62,45,30,57,123,98,21,23,222,7,31,7,22,40,40,58,10,7,247,3,31,38,8,17,83,40,11,16
S01011162,343,13,65,48,16,39,69,50,17,26,165,9,27,18,10,26,30,25,9,11,178,4,38,30,6,13,39,25,8,15
S01011163,619,8,73,72,29,85,159,124,30,39,303,5,33,21,19,62,60,71,15,17,316,3,40,51,10,23,99,53,15,22
S01011164,515,26,140,73,33,46,97,50,14,36,239,18,70,21,20,33,29,33,5,10,276,8,70,52,13,13,68,17,9,26
S01011165,541,12,86,59,43,58,120,100,32,31,260,9,35,19,30,37,42,65,14,9,281,3,51,40,13,21,78,35,18,22
S01011166,373,41,83,64,32,32,56,28,10,27,174,31,36,14,19,24,23,14,2,11,199,10,47,50,13,8,33,14,8,16
S01011167,566,86,160,72,77,39,61,33,12,26,279,63,63,9,49,30,25,23,4,13,287,23,97,63,28,9,36,10,8,13
S01011168,656,56,142,68,125,65,89,60,14,37,333,32,67,17,83,45,33,34,9,13,323,24,75,51,42,20,56,26,5,24
S01011169,682,53,206,95,47,62,100,55,16,48,342,38,100,26,22,51,43,30,6,26,340,15,106,69,25,11,57,25,10,22
S01011170,692,72,194,79,79,62,92,57,22,35,338,48,82,21,49,47,34,33,9,15,354,24,112,58,30,15,58,24,13,20
S01011171,677,52,169,61,133,57,105,65,14,21,335,37,65,9,87,37,38,42,8,12,342,15,104,52,46,20,67,23,6,9
S01011172,570,39,128,46,124,62,82,57,14,18,289,26,47,12,80,38,29,39,9,9,281,13,81,34,44,24,53,18,5,9
S01011173,407,47,86,41,86,30,57,26,8,26,182,26,29,6,46,20,22,22,2,9,225,21,57,35,40,10,35,4,6,17
S01011174,319,31,63,34,73,30,44,28,6,10,165,26,24,10,47,21,9,19,2,7,154,5,39,24,26,9,35,9,4,3
S01011175,366,22,54,42,44,46,65,61,16,16,167,15,18,5,28,32,16,33,10,10,199,7,36,37,16,14,49,28,6,6
S01011176,401,34,106,35,76,34,35,48,9,24,192,18,41,5,47,19,12,33,6,11,209,16,65,30,29,15,23,15,3,13
S01011177,628,40,130,60,110,64,109,78,14,23,307,28,53,19,63,44,38,50,1,11,321,12,77,41,47,20,71,28,13,12
S01011178,359,21,79,48,30,33,67,42,17,22,169,13,37,12,24,26,19,20,10,8,190,8,42,36,6,7,48,22,7,14
S01011179,476,13,50,54,31,57,82,124,31,34,227,9,18,10,26,41,25,62,19,17,249,4,32,44,5,16,57,62,12,17
S01011180,502,10,52,34,20,50,104,144,56,32,234,9,19,6,14,33,42,73,28,10,268,1,33,28,6,17,62,71,28,22
S01011181,382,31,88,50,84,19,42,44,7,17,198,21,31,12,61,15,20,25,3,10,184,10,57,38,23,4,22,19,4,7
S01011182,330,25,77,36,49,31,52,30,14,16,170,15,32,10,35,27,17,18,8,8,160,10,45,26,14,4,35,12,6,8
S01011183,430,29,83,46,46,48,64,44,38,32,210,20,28,14,33,36,22,24,20,13,220,9,55,32,13,12,42,20,18,19
S01011184,605,62,188,94,47,59,67,27,16,45,299,45,84,23,32,44,23,21,7,20,306,17,104,71,15,15,44,6,9,25
S01011185,518,34,120,82,28,60,82,61,21,30,252,22,50,18,20,48,29,44,7,14,266,12,70,64,8,12,53,17,14,16
S01011186,686,45,123,101,39,65,120,114,36,43,326,33,54,26,26,49,35,64,14,25,360,12,69,75,13,16,85,50,22,18
S01011187,573,40,147,97,26,77,86,45,11,44,284,30,62,21,19,67,22,31,8,24,289,10,85,76,7,10,64,14,3,20
S01011188,714,28,107,101,42,80,152,113,39,52,356,20,47,32,31,52,58,69,21,26,358,8,60,69,11,28,94,44,18,26
S01011189,616,36,123,100,51,79,89,70,29,39,291,21,55,30,32,64,24,37,17,11,325,15,68,70,19,15,65,33,12,28
S01011190,466,6,67,66,44,44,96,83,28,32,225,5,30,17,32,31,38,45,11,16,241,1,37,49,12,13,58,38,17,16
S01011191,398,17,58,45,20,49,79,92,23,15,181,10,17,11,15,31,28,53,11,5,217,7,41,34,5,18,51,39,12,10
S01011192,537,11,85,64,17,58,121,101,37,43,257,3,37,13,12,39,48,70,19,16,280,8,48,51,5,19,73,31,18,27
S01011193,531,16,64,56,23,49,117,114,44,48,254,10,29,14,14,31,40,74,16,26,277,6,35,42,9,18,77,40,28,22
S01011194,533,15,63,51,27,54,107,103,51,62,243,7,16,12,23,40,40,55,22,28,290,8,47,39,4,14,67,48,29,34
S01011195,570,12,75,74,17,70,136,97,44,45,261,8,27,26,13,43,57,49,21,17,309,4,48,48,4,27,79,48,23,28
S01011196,657,16,88,72,33,62,141,142,56,47,307,8,34,22,20,45,54,78,26,20,350,8,54,50,13,17,87,64,30,27
S01011197,630,17,71,70,40,54,138,124,54,62,287,12,31,14,31,34,46,73,18,28,343,5,40,56,9,20,92,51,36,34
S01011198,463,13,61,49,34,54,90,90,33,39,207,6,20,13,20,38,27,60,7,16,256,7,41,36,14,16,63,30,26,23
S01011199,595,18,98,84,41,50,130,90,34,50,282,11,43,15,27,34,52,56,20,24,313,7,55,69,14,16,78,34,14,26
S01011200,582,31,101,83,32,58,108,96,31,42,284,21,38,23,25,44,42,65,14,12,298,10,63,60,7,14,66,31,17,30
S01011201,472,19,84,72,27,60,90,62,20,38,229,13,39,17,17,48,35,38,9,13,243,6,45,55,10,12,55,24,11,25
S01011202,630,19,100,82,38,95,111,114,32,39,288,8,34,22,24,74,33,57,16,20,342,11,66,60,14,21,78,57,16,19
S01011203,596,33,106,83,31,67,130,69,25,52,266,22,38,19,24,44,41,47,15,16,330,11,68,64,7,23,89,22,10,36
S01011204,436,50,119,69,29,39,60,28,7,35,210,38,45,17,23,25,21,19,5,17,226,12,74,52,6,14,39,9,2,18
S01011205,495,57,129,77,28,50,63,34,14,43,240,34,54,19,24,41,19,19,8,22,255,23,75,58,4,9,44,15,6,21
S01011206,548,40,150,69,39,58,77,46,20,49,266,25,64,18,29,48,26,28,11,17,282,15,86,51,10,10,51,18,9,32
S01011207,570,44,114,80,34,59,96,61,39,43,278,30,44,19,24,43,40,40,17,21,292,14,70,61,10,16,56,21,22,22
S01011208,691,67,169,117,47,56,92,58,19,66,335,50,73,26,31,46,28,40,10,31,356,17,96,91,16,10,64,18,9,35
S01011209,477,22,67,73,24,60,94,82,25,30,216,13,28,22,17,37,38,42,8,11,261,9,39,51,7,23,56,40,17,19
S01011210,583,76,146,77,64,45,63,30,19,63,306,51,69,25,39,36,25,14,11,36,277,25,77,52,25,9,38,16,8,27
S01011211,527,49,128,77,34,49,72,40,25,53,253,34,54,22,23,36,31,19,12,22,274,15,74,55,11,13,41,21,13,31
S01011212,406,7,38,32,23,50,95,96,33,32,172,5,14,8,16,38,22,48,9,12,234,2,24,24,7,12,73,48,24,20
S01011213,772,26,108,74,36,89,155,148,64,72,338,14,42,15,26,64,50,75,23,29,434,12,66,59,10,25,105,73,41,43
S01011214,629,7,75,78,28,61,123,142,71,44,287,4,31,25,24,40,40,70,38,15,342,3,44,53,4,21,83,72,33,29
S01011215,432,2,44,44,26,32,102,92,58,32,209,2,23,14,18,25,37,46,32,12,223,0,21,30,8,7,65,46,26,20
S01011216,341,6,42,42,19,30,82,69,27,24,165,2,20,11,11,16,33,44,17,11,176,4,22,31,8,14,49,25,10,13
S01011217,585,12,66,67,28,50,136,101,76,49,260,8,31,15,19,34,47,54,37,15,325,4,35,52,9,16,89,47,39,34
S01011218,471,8,50,40,18,53,87,108,70,37,218,5,20,11,10,34,36,56,29,17,253,3,30,29,8,19,51,52,41,20
S01011219,600,13,61,67,30,57,139,132,57,44,286,10,26,15,23,37,50,72,29,24,314,3,35,52,7,20,89,60,28,20
S01011220,677,13,90,67,39,75,160,132,64,37,317,8,32,18,32,52,53,76,27,19,360,5,58,49,7,23,107,56,37,18
S01011221,696,15,86,87,33,80,152,147,43,53,319,9,35,22,25,56,43,84,19,26,377,6,51,65,8,24,109,63,24,27
S01011222,496,11,67,75,23,46,108,107,27,32,230,9,35,14,18,34,37,52,15,16,266,2,32,61,5,12,71,55,12,16
S01011223,570,25,100,101,39,52,96,90,25,42,272,15,39,22,26,44,37,57,14,18,298,10,61,79,13,8,59,33,11,24
S01011224,506,16,65,49,41,54,104,97,37,43,254,11,32,14,29,42,39,57,16,14,252,5,33,35,12,12,65,40,21,29
S01011225,513,22,71,55,22,40,107,102,55,39,232,16,36,14,16,21,40,57,17,15,281,6,35,41,6,19,67,45,38,24
S01011226,703,65,153,100,60,91,105,56,32,41,338,44,70,18,43,67,34,35,15,12,365,21,83,82,17,24,71,21,17,29
S01011227,545,33,130,60,38,50,87,79,36,32,277,23,55,24,28,39,32,46,16,14,268,10,75,36,10,11,55,33,20,18
S01011228,595,22,105,85,32,63,115,97,38,38,297,12,49,28,19,51,45,52,20,21,298,10,56,57,13,12,70,45,18,17
S01011229,383,15,61,45,22,40,63,61,50,26,178,7,24,14,17,29,24,30,24,9,205,8,37,31,5,11,39,31,26,17
S01011230,698,10,61,52,32,56,176,164,116,31,330,5,25,15,22,34,73,91,45,20,368,5,36,37,10,22,103,73,71,11
S01011231,440,8,48,40,21,41,125,95,43,19,198,5,21,7,18,26,44,49,18,10,242,3,27,33,3,15,81,46,25,9
S01011232,777,40,166,72,61,73,140,123,65,37,405,26,79,15,40,48,69,75,36,17,372,14,87,57,21,25,71,48,29,20
S01011233,295,12,48,36,16,28,42,47,37,29,155,6,22,12,12,15,15,30,25,18,140,6,26,24,4,13,27,17,12,11
S01011234,751,19,100,58,32,80,132,155,97,78,340,11,38,11,24,52,41,92,41,30,411,8,62,47,8,28,91,63,56,48
S01011235,297,7,32,36,16,32,59,59,29,27,138,7,11,7,9,22,26,30,17,9,159,0,21,29,7,10,33,29,12,18
S01011236,438,14,71,38,28,40,106,90,35,16,207,8,32,5,22,27,41,51,15,6,231,6,39,33,6,13,65,39,20,10
S01011237,552,12,83,57,25,59,86,110,68,52,253,9,42,13,22,40,28,48,25,26,299,3,41,44,3,19,58,62,43,26
S01011238,480,12,51,52,22,43,97,95,80,28,228,7,15,16,17,33,40,50,35,15,252,5,36,36,5,10,57,45,45,13
S01011239,546,13,68,59,41,52,109,100,69,35,291,11,32,22,31,42,36,60,39,18,255,2,36,37,10,10,73,40,30,17
S01011240,564,17,84,57,34,64,106,83,91,28,308,10,34,15,22,49,45,58,62,13,256,7,50,42,12,15,61,25,29,15
S01011241,783,43,171,77,66,93,118,108,63,44,414,32,73,20,42,79,44,73,32,19,369,11,98,57,24,14,74,35,31,25
S01011242,570,31,109,82,38,57,112,67,37,37,269,24,38,23,24,45,35,42,20,18,301,7,71,59,14,12,77,25,17,19
S01011243,675,22,86,64,43,66,140,112,113,29,331,10,34,19,26,51,53,64,63,11,344,12,52,45,17,15,87,48,50,18
S01011244,535,15,54,64,16,43,118,102,89,34,266,8,27,16,11,35,47,60,52,10,269,7,27,48,5,8,71,42,37,24
S01011245,659,20,74,75,35,62,146,122,88,37,302,12,29,21,24,45,54,56,51,10,357,8,45,54,11,17,92,66,37,27
S01011246,681,54,162,80,70,55,111,80,34,35,333,32,70,26,46,37,41,46,18,17,348,22,92,54,24,18,70,34,16,18
S01011247,587,70,152,91,43,67,66,54,12,32,275,48,58,19,24,54,26,27,7,12,312,22,94,72,19,13,40,27,5,20
S01011248,588,36,116,80,35,56,119,85,15,46,262,25,49,16,28,40,41,41,5,17,326,11,67,64,7,16,78,44,10,29
S01011249,568,44,112,112,33,70,76,56,18,47,274,31,46,29,26,55,27,31,7,22,294,13,66,83,7,15,49,25,11,25
S01011250,767,25,98,81,41,71,188,118,82,63,346,20,41,20,28,47,56,63,44,27,421,5,57,61,13,24,132,55,38,36
S01011251,659,11,99,60,36,73,144,131,46,59,286,8,36,12,27,51,41,68,15,28,373,3,63,48,9,22,103,63,31,31
S01011252,612,8,60,63,17,53,157,130,63,61,265,8,26,12,11,31,52,72,23,30,347,0,34,51,6,22,105,58,40,31
S01011253,638,8,50,56,23,80,162,130,65,64,283,7,20,16,11,46,48,70,32,33,355,1,30,40,12,34,114,60,33,31
S01011254,756,60,172,121,44,82,115,63,22,77,377,44,89,35,23,68,35,41,11,31,379,16,83,86,21,14,80,22,11,46
S01011255,567,71,175,85,32,65,64,20,12,43,285,48,76,20,22,58,25,11,6,19,282,23,99,65,10,7,39,9,6,24
S01011256,331,21,91,53,26,32,46,32,8,22,162,15,36,17,19,26,13,24,4,8,169,6,55,36,7,6,33,8,4,14
S01011257,325,33,91,48,23,35,43,18,13,21,153,18,35,9,16,27,14,15,8,11,172,15,56,39,7,8,29,3,5,10
S01011258,445,48,121,44,26,46,61,36,15,48,207,30,48,12,19,30,19,22,7,20,238,18,73,32,7,16,42,14,8,28
S01011259,564,28,121,91,48,48,99,72,28,29,285,20,60,24,32,36,37,50,13,13,279,8,61,67,16,12,62,22,15,16
S01011260,549,38,138,86,34,55,75,53,24,46,275,30,64,19,23,45,28,32,15,19,274,8,74,67,11,10,47,21,9,27
S01011261,579,9,61,49,33,72,116,116,75,48,274,5,32,13,24,45,33,59,39,24,305,4,29,36,9,27,83,57,36,24
S01011262,367,13,61,49,25,31,91,45,31,21,168,5,27,15,18,20,33,24,19,7,199,8,34,34,7,11,58,21,12,14
S01011263,796,39,144,125,40,84,149,109,53,53,368,28,54,32,26,68,51,63,18,28,428,11,90,93,14,16,98,46,35,25
S01011264,485,9,67,45,24,59,90,105,47,39,225,5,25,7,19,48,22,58,26,15,260,4,42,38,5,11,68,47,21,24
S01011265,750,13,67,71,50,52,165,150,107,75,328,7,29,18,35,39,40,78,48,34,422,6,38,53,15,13,125,72,59,41
S01011266,662,19,86,80,33,90,147,117,39,51,298,12,41,15,24,66,48,52,17,23,364,7,45,65,9,24,99,65,22,28
S01011267,445,28,116,63,27,50,60,53,22,26,210,17,48,17,22,35,20,33,8,10,235,11,68,46,5,15,40,20,14,16
S01011268,293,18,61,37,19,35,40,51,21,11,153,13,24,12,12,29,19,28,9,7,140,5,37,25,7,6,21,23,12,4
S01011269,389,12,71,46,17,47,56,83,36,21,183,10,33,11,12,25,17,46,20,9,206,2,38,35,5,22,39,37,16,12
S01011270,523,12,70,62,27,60,105,94,44,49,256,10,27,15,20,42,36,58,24,24,267,2,43,47,7,18,69,36,20,25
S01011271,598,26,71,74,29,74,116,107,49,52,296,16,31,14,19,59,40,62,30,25,302,10,40,60,10,15,76,45,19,27
S01011272,576,19,73,63,26,73,97,126,62,37,291,11,37,14,21,58,26,69,39,16,285,8,36,49,5,15,71,57,23,21
S01011273,626,10,70,69,24,69,125,120,77,62,270,6,34,19,17,52,36,57,27,22,356,4,36,50,7,17,89,63,50,40
S01011274,637,16,59,75,33,89,137,101,61,66,297,15,21,24,18,68,47,53,28,23,340,1,38,51,15,21,90,48,33,43
S01011275,496,11,52,41,24,45,119,99,62,43,233,8,24,13,16,33,32,62,22,23,263,3,28,28,8,12,87,37,40,20
S01011276,698,21,70,74,29,86,147,115,92,64,333,14,32,23,20,62,53,64,36,29,365,7,38,51,9,24,94,51,56,35
S01011277,554,30,128,101,34,67,91,49,11,43,265,19,57,28,19,46,37,36,3,20,289,11,71,73,15,21,54,13,8,23
S01011278,400,32,91,81,15,53,55,43,13,17,196,19,37,24,11,46,19,26,5,9,204,13,54,57,4,7,36,17,8,8
S01011279,504,32,127,99,21,54,81,37,22,31,239,25,53,22,17,42,32,25,4,19,265,7,74,77,4,12,49,12,18,12
S01011280,487,48,138,76,32,49,57,34,10,43,246,35,59,15,22,43,15,24,5,28,241,13,79,61,10,6,42,10,5,15
S01011281,495,48,143,70,36,50,48,41,9,50,244,28,64,20,24,40,15,24,6,23,251,20,79,50,12,10,33,17,3,27
S01011282,671,51,174,115,43,57,89,63,13,66,323,33,69,33,25,52,36,41,6,28,348,18,105,82,18,5,53,22,7,38
S01011283,543,52,151,93,38,51,60,47,9,42,286,36,61,31,23,40,32,36,5,22,257,16,90,62,15,11,28,11,4,20
S01011284,406,53,132,63,32,39,27,25,3,32,200,33,57,16,20,33,12,16,1,12,206,20,75,47,12,6,15,9,2,20
S01011285,528,8,68,63,30,52,134,101,38,34,232,5,21,22,22,36,48,46,20,12,296,3,47,41,8,16,86,55,18,22
S01011286,515,7,67,70,25,53,97,93,42,61,241,2,36,14,17,40,39,43,22,28,274,5,31,56,8,13,58,50,20,33
S01011287,601,21,82,72,31,54,136,91,50,64,271,11,31,15,25,37,48,47,27,30,330,10,51,57,6,17,88,44,23,34
S01011288,555,10,76,66,21,54,136,98,47,47,237,8,28,11,12,43,42,53,21,19,318,2,48,55,9,11,94,45,26,28
S01011289,682,13,84,74,35,80,158,129,44,65,303,7,32,20,23,61,46,67,21,26,379,6,52,54,12,19,112,62,23,39
S01011290,826,26,108,94,72,86,165,155,68,52,398,17,50,24,50,50,61,82,37,27,428,9,58,70,22,36,104,73,31,25
S01011291,619,24,87,78,31,77,115,124,38,45,294,16,35,18,23,55,39,74,14,20,325,8,52,60,8,22,76,50,24,25
S01011292,512,7,43,40,28,53,137,93,74,37,253,5,25,7,18,34,54,51,42,17,259,2,18,33,10,19,83,42,32,20
S01011293,529,12,64,43,20,68,105,136,36,45,252,6,21,7,16,46,43,74,20,19,277,6,43,36,4,22,62,62,16,26
S01011294,609,14,90,70,44,67,103,135,62,24,282,7,33,16,33,49,34,67,33,10,327,7,57,54,11,18,69,68,29,14
S01011295,741,70,203,121,49,78,71,72,21,56,355,47,82,32,31,61,23,43,9,27,386,23,121,89,18,17,48,29,12,29
S01011296,434,11,72,61,37,47,67,73,30,36,207,8,26,13,25,32,20,48,19,16,227,3,46,48,12,15,47,25,11,20
S01011297,622,15,76,70,34,62,125,130,45,65,292,7,25,22,20,36,49,73,23,37,330,8,51,48,14,26,76,57,22,28
S01011298,460,11,54,41,21,40,107,80,51,55,226,9,21,16,17,29,39,41,26,28,234,2,33,25,4,11,68,39,25,27
S01011299,388,33,91,38,92,30,41,31,6,26,196,17,35,6,62,23,21,18,4,10,192,16,56,32,30,7,20,13,2,16
S01011300,708,17,67,76,37,64,153,182,75,37,335,14,34,24,25,43,53,91,35,16,373,3,33,52,12,21,100,91,40,21
S01011301,543,51,121,91,44,45,68,59,23,41,267,34,52,31,26,36,20,38,15,15,276,17,69,60,18,9,48,21,8,26
S01011302,639,20,88,85,39,69,108,132,68,30,305,15,39,18,28,52,35,71,38,9,334,5,49,67,11,17,73,61,30,21
S01011303,754,64,180,125,57,92,101,72,15,48,370,41,68,33,44,73,39,47,3,22,384,23,112,92,13,19,62,25,12,26
S01011304,497,16,58,48,21,66,85,98,53,52,238,11,21,17,13,51,26,54,21,24,259,5,37,31,8,15,59,44,32,28
S01011305,608,33,105,65,44,69,95,89,64,44,288,23,34,16,34,51,33,47,35,15,320,10,71,49,10,18,62,42,29,29
S01011306,411,14,87,43,12,58,68,64,38,27,177,11,33,11,9,42,20,28,13,10,234,3,54,32,3,16,48,36,25,17
S01011307,350,32,77,55,68,26,44,22,5,21,184,18,37,17,48,17,23,15,1,8,166,14,40,38,20,9,21,7,4,13
S01011308,358,57,92,30,73,17,30,19,13,27,180,29,36,5,53,14,10,13,6,14,178,28,56,25,20,3,20,6,7,13
S01011309,522,96,158,77,55,31,49,19,10,27,254,68,70,10,36,23,14,10,9,14,268,28,88,67,19,8,35,9,1,13
S01011310,502,40,131,61,54,46,69,37,21,43,239,22,65,15,34,32,20,22,9,20,263,18,66,46,20,14,49,15,12,23
S01011311,527,74,178,71,57,39,54,24,6,24,242,46,70,15,40,32,16,12,4,7,285,28,108,56,17,7,38,12,2,17
S01011312,828,173,248,97,92,60,56,28,24,50,414,117,97,26,53,48,18,15,12,28,414,56,151,71,39,12,38,13,12,22
S01011313,524,54,146,74,62,45,65,37,11,30,253,33,61,23,37,33,22,24,8,12,271,21,85,51,25,12,43,13,3,18
S01011314,807,115,218,95,71,74,89,64,27,54,402,71,93,24,46,62,39,37,11,19,405,44,125,71,25,12,50,27,16,35
S01011315,289,19,48,22,26,32,55,50,17,20,128,15,17,5,18,19,17,23,5,9,161,4,31,17,8,13,38,27,12,11
S01011316,521,24,85,51,36,54,97,84,53,37,228,17,34,7,29,38,22,44,20,17,293,7,51,44,7,16,75,40,33,20
S01011317,522,67,145,89,71,22,43,32,18,35,240,52,65,21,38,14,11,18,5,16,282,15,80,68,33,8,32,14,13,19
S01011318,636,89,164,93,65,38,90,51,15,31,306,62,64,30,45,19,34,31,8,13,330,27,100,63,20,19,56,20,7,18
S01011319,566,78,162,82,45,42,66,35,11,45,271,59,69,16,28,33,19,26,2,19,295,19,93,66,17,9,47,9,9,26
S01011320,376,19,82,55,32,37,64,46,14,27,179,15,38,12,21,25,18,31,3,16,197,4,44,43,11,12,46,15,11,11
S01011321,465,38,108,67,29,37,90,57,9,30,211,26,46,20,18,28,24,28,5,16,254,12,62,47,11,9,66,29,4,14
S01011322,468,36,105,75,36,36,67,53,19,41,219,27,47,23,24,28,10,28,10,22,249,9,58,52,12,8,57,25,9,19
S01011323,674,47,112,76,51,74,138,81,41,54,315,34,47,12,33,59,37,42,23,28,359,13,65,64,18,15,101,39,18,26
S01011324,330,26,73,50,27,27,51,34,18,24,166,19,37,13,16,18,18,20,8,17,164,7,36,37,11,9,33,14,10,7
S01011325,563,24,79,66,60,74,95,98,37,30,277,17,35,17,42,50,32,55,16,13,286,7,44,49,18,24,63,43,21,17
S01011326,544,31,99,56,61,63,113,64,31,26,272,20,47,19,42,38,46,29,16,15,272,11,52,37,19,25,67,35,15,11
S01011327,516,24,92,64,64,58,83,64,51,16,254,17,46,13,38,33,34,32,34,7,262,7,46,51,26,25,49,32,17,9
S01011328,501,36,100,52,96,46,74,56,17,24,247,20,42,16,66,33,21,28,8,13,254,16,58,36,30,13,53,28,9,11
S01011329,634,55,152,85,55,60,104,51,27,45,308,36,67,22,38,45,35,31,18,16,326,19,85,63,17,15,69,20,9,29
S01011330,519,73,136,95,32,33,67,40,12,31,239,58,59,19,16,24,18,22,6,17,280,15,77,76,16,9,49,18,6,14
S01011331,527,81,168,81,36,38,58,22,14,29,248,60,68,18,24,29,19,14,3,13,279,21,100,63,12,9,39,8,11,16
S01011332,636,101,190,93,54,42,68,36,14,38,311,72,87,23,32,29,19,19,7,23,325,29,103,70,22,13,49,17,7,15
S01011333,520,82,173,84,55,23,42,28,6,27,256,59,88,12,39,18,6,20,4,10,264,23,85,72,16,5,36,8,2,17
S01011334,550,81,115,73,117,22,51,44,19,28,275,44,46,21,82,17,19,25,8,13,275,37,69,52,35,5,32,19,11,15
S01011335,703,119,209,109,65,42,57,29,13,60,332,80,100,20,43,24,17,15,8,25,371,39,109,89,22,18,40,14,5,35
S01011336,437,36,78,59,33,46,84,50,22,29,213,29,33,17,20,30,29,26,10,19,224,7,45,42,13,16,55,24,12,10
S01011337,545,106,170,75,55,27,32,33,12,35,281,81,70,14,44,21,7,19,6,19,264,25,100,61,11,6,25,14,6,16
S01011338,488,33,89,54,22,64,74,82,33,37,233,16,44,14,10,43,28,50,14,14,255,17,45,40,12,21,46,32,19,23
S01011339,421,12,63,45,22,43,93,54,47,42,205,8,22,13,14,34,36,31,29,18,216,4,41,32,8,9,57,23,18,24
S01011340,504,12,48,62,28,55,119,93,44,43,233,8,16,16,18,41,41,48,27,18,271,4,32,46,10,14,78,45,17,25
S01011341,552,28,94,65,24,67,100,86,41,47,275,21,37,14,20,51,37,52,21,22,277,7,57,51,4,16,63,34,20,25
S01011342,539,35,100,100,37,61,90,51,22,43,267,25,42,24,25,50,33,35,10,23,272,10,58,76,12,11,57,16,12,20
S01011343,626,13,86,59,34,76,140,120,67,31,314,10,35,18,28,53,56,68,32,14,312,3,51,41,6,23,84,52,35,17
S01011344,636,12,63,66,32,74,130,155,64,40,305,11,33,17,22,46,55,71,34,16,331,1,30,49,10,28,75,84,30,24
S01011345,558,8,63,37,24,57,138,123,66,42,249,4,26,8,13,38,45,63,35,17,309,4,37,29,11,19,93,60,31,25
S01011346,509,12,65,66,34,51,97,109,44,31,246,9,25,19,21,32,35,66,24,15,263,3,40,47,13,19,62,43,20,16
S01011347,780,37,126,103,56,87,163,122,50,36,391,25,53,27,31,67,75,68,30,15,389,12,73,76,25,20,88,54,20,21
S01011348,669,30,110,96,31,66,115,108,65,48,302,18,42,29,23,45,37,59,27,22,367,12,68,67,8,21,78,49,38,26
S01011349,717,62,166,125,61,65,93,80,18,47,362,38,75,31,40,54,31,56,10,27,355,24,91,94,21,11,62,24,8,20
S01011350,503,53,133,85,54,27,60,35,15,41,249,40,58,23,31,19,23,17,8,30,254,13,75,62,23,8,37,18,7,11
S01011351,526,11,63,61,26,53,111,117,51,33,250,8,25,11,21,38,42,65,27,13,276,3,38,50,5,15,69,52,24,20
S01011352,474,23,89,68,29,46,83,65,53,18,232,14,34,15,19,34,36,40,35,5,242,9,55,53,10,12,47,25,18,13
S01011353,487,22,73,64,34,50,86,96,34,28,233,16,36,13,23,35,31,54,12,13,254,6,37,51,11,15,55,42,22,15
S01011354,542,47,116,83,42,47,78,68,20,41,259,33,47,16,26,32,29,46,10,20,283,14,69,67,16,15,49,22,10,21
S01011355,698,33,126,116,47,75,126,96,26,53,348,25,53,30,31,59,39,66,17,28,350,8,73,86,16,16,87,30,9,25
S01011356,735,81,194,65,143,64,82,50,24,32,372,45,73,11,96,51,36,37,8,15,363,36,121,54,47,13,46,13,16,17
S01011357,646,39,143,103,41,71,87,98,21,43,323,29,64,19,30,55,33,61,10,22,323,10,79,84,11,16,54,37,11,21
S01011358,426,48,122,75,13,22,52,30,13,51,201,30,45,27,11,17,18,20,8,25,225,18,77,48,2,5,34,10,5,26
S01011359,564,27,93,66,37,56,109,113,40,23,291,17,37,21,31,39,36,78,23,9,273,10,56,45,6,17,73,35,17,14
S01011360,565,8,55,51,28,49,133,148,56,37,283,6,18,11,24,37,49,95,26,17,282,2,37,40,4,12,84,53,30,20
S01011361,427,7,27,31,22,34,90,122,76,18,259,4,12,15,17,27,48,84,43,9,168,3,15,16,5,7,42,38,33,9
S01011362,403,38,99,69,59,39,45,28,4,22,203,28,37,18,42,28,16,19,2,13,200,10,62,51,17,11,29,9,2,9
S01011363,660,39,135,91,48,54,112,95,54,32,314,26,53,19,38,43,38,60,24,13,346,13,82,72,10,11,74,35,30,19
S01011364,475,26,111,79,20,46,79,70,17,27,229,17,43,23,17,34,24,47,11,13,246,9,68,56,3,12,55,23,6,14
S01011365,442,34,147,76,25,34,47,45,11,23,215,21,67,22,20,26,12,34,3,10,227,13,80,54,5,8,35,11,8,13
S01011366,342,14,57,64,13,31,65,70,19,9,154,8,18,19,8,25,24,40,7,5,188,6,39,45,5,6,41,30,12,4
S01011367,628,31,99,84,31,64,153,106,26,34,286,20,30,25,22,46,49,71,10,13,342,11,69,59,9,18,104,35,16,21
S01011368,628,64,212,114,41,46,52,43,15,41,305,42,92,34,27,39,23,26,5,17,323,22,120,80,14,7,29,17,10,24
S01011369,606,16,96,90,29,63,117,104,40,51,316,11,40,26,21,51,51,68,23,25,290,5,56,64,8,12,66,36,17,26
S01011370,598,67,169,104,18,51,79,67,16,27,300,47,66,35,14,39,36,42,10,11,298,20,103,69,4,12,43,25,6,16
S01011371,680,17,106,86,30,65,140,129,67,40,344,13,50,20,22,41,51,87,41,19,336,4,56,66,8,24,89,42,26,21
S01011372,504,9,52,51,15,52,102,117,72,34,280,7,21,18,12,40,57,71,40,14,224,2,31,33,3,12,45,46,32,20
S01011373,509,14,59,51,29,41,122,85,52,56,263,10,22,17,25,26,47,51,25,40,246,4,37,34,4,15,75,34,27,16
S01011374,526,31,124,116,21,45,75,55,18,41,250,22,46,34,17,32,32,41,10,16,276,9,78,82,4,13,43,14,8,25
S01011375,493,41,89,89,29,44,75,53,23,50,261,32,43,27,22,40,28,32,16,21,232,9,46,62,7,4,47,21,7,29
S01011376,352,10,54,51,18,31,82,73,19,14,170,6,24,19,12,23,30,38,14,4,182,4,30,32,6,8,52,35,5,10
S01011377,451,77,148,79,30,16,30,20,11,40,217,54,65,23,16,15,13,9,4,18,234,23,83,56,14,1,17,11,7,22
S01011378,570,45,125,122,33,41,95,53,18,38,272,24,55,34,22,36,39,34,7,21,298,21,70,88,11,5,56,19,11,17
S01011379,703,88,214,140,43,37,54,43,11,73,357,67,101,42,23,29,25,29,7,34,346,21,113,98,20,8,29,14,4,39
S01011380,525,39,97,115,26,42,67,76,33,30,254,23,39,36,22,29,24,48,12,21,271,16,58,79,4,13,43,28,21,9
S01011381,482,34,116,99,30,33,68,48,20,34,234,19,55,32,20,20,32,27,13,16,248,15,61,67,10,13,36,21,7,18
S01011382,422,19,80,39,33,30,74,84,30,33,222,7,39,11,22,19,28,58,19,19,200,12,41,28,11,11,46,26,11,14
S01011383,523,7,55,61,12,39,128,134,59,28,247,6,23,15,9,26,49,74,32,13,276,1,32,46,3,13,79,60,27,15
S01011384,502,6,39,34,25,32,119,131,96,20,237,4,20,5,19,23,41,65,48,12,265,2,19,29,6,9,78,66,48,8
S01011385,702,15,69,68,33,72,142,188,74,41,340,6,31,20,22,53,54,100,32,22,362,9,38,48,11,19,88,88,42,19
S01011386,403,6,23,26,14,47,103,87,76,21,181,4,8,8,9,33,40,37,34,8,222,2,15,18,5,14,63,50,42,13
S01011387,608,34,65,58,21,44,133,139,89,25,292,24,26,13,14,38,45,80,43,9,316,10,39,45,7,6,88,59,46,16
S01011388,797,57,216,131,37,76,107,87,28,58,398,34,97,38,27,61,47,56,11,27,399,23,119,93,10,15,60,31,17,31
S01011389,590,20,92,84,35,46,101,109,49,54,287,10,35,26,25,30,31,65,29,36,303,10,57,58,10,16,70,44,20,18
S01011390,609,20,72,70,18,67,138,141,50,33,288,14,23,21,15,52,43,85,23,12,321,6,49,49,3,15,95,56,27,21
S01011391,484,8,57,52,22,35,133,105,33,39,228,5,23,18,18,24,47,63,11,19,256,3,34,34,4,11,86,42,22,20
S01011392,511,7,46,45,29,59,125,103,60,37,246,5,19,10,21,43,39,63,33,13,265,2,27,35,8,16,86,40,27,24
S01011393,603,19,88,90,56,62,117,104,31,36,307,14,29,21,43,43,48,72,17,20,296,5,59,69,13,19,69,32,14,16
S01011394,399,60,96,71,25,30,35,34,9,39,202,38,42,25,17,26,8,23,5,18,197,22,54,46,8,4,27,11,4,21
S01011395,567,20,101,77,34,54,121,104,39,17,264,13,36,13,24,37,46,66,19,10,303,7,65,64,10,17,75,38,20,7
S01011396,555,24,104,86,27,46,111,78,44,35,266,17,45,25,19,27,45,51,20,17,289,7,59,61,8,19,66,27,24,18
S01011397,548,23,103,65,30,60,85,91,48,43,261,15,32,23,18,41,27,55,24,26,287,8,71,42,12,19,58,36,24,17
S01011398,540,8,66,59,25,59,102,120,72,29,254,6,19,18,18,35,41,73,28,16,286,2,47,41,7,24,61,47,44,13
S01011399,391,10,39,56,16,35,92,86,37,20,181,6,14,14,14,23,40,47,19,4,210,4,25,42,2,12,52,39,18,16
S01011400,529,43,128,91,30,32,81,66,28,30,253,28,49,31,20,22,33,43,15,12,276,15,79,60,10,10,48,23,13,18
S01011401,471,32,123,78,24,33,60,63,25,33,233,22,54,16,19,30,25,39,10,18,238,10,69,62,5,3,35,24,15,15
S01011402,647,42,116,117,44,66,115,89,32,26,289,35,31,32,30,49,38,48,14,12,358,7,85,85,14,17,77,41,18,14
S01011403,400,20,79,56,17,35,64,67,30,32,195,13,36,18,12,26,29,41,9,11,205,7,43,38,5,9,35,26,21,21
S01011404,710,25,130,109,30,53,139,127,50,47,323,17,50,25,23,41,42,79,31,15,387,8,80,84,7,12,97,48,19,32
S01011405,443,41,105,69,24,33,66,46,42,17,213,23,47,17,17,26,24,29,19,11,230,18,58,52,7,7,42,17,23,6
S01011406,475,18,89,53,25,44,101,93,26,26,228,8,34,15,17,30,35,60,18,11,247,10,55,38,8,14,66,33,8,15
S01011407,807,41,183,142,52,61,110,127,40,51,386,22,78,34,39,54,39,80,20,20,421,19,105,108,13,7,71,47,20,31
S01011408,589,11,72,79,24,47,157,123,37,39,274,7,31,16,18,31,64,78,16,13,315,4,41,63,6,16,93,45,21,26
S01011409,587,17,87,74,32,51,120,114,50,42,267,9,29,20,23,44,36,65,21,20,320,8,58,54,9,7,84,49,29,22
S01011410,455,14,66,80,19,44,107,86,20,19,211,8,24,18,16,39,38,45,13,10,244,6,42,62,3,5,69,41,7,9
S01011411,470,13,72,69,25,48,98,91,27,27,234,11,24,19,23,37,38,59,17,6,236,2,48,50,2,11,60,32,10,21
S01011412,659,61,198,113,49,48,83,41,21,45,322,46,80,35,36,37,27,31,13,17,337,15,118,78,13,11,56,10,8,28
S01011413,445,28,108,87,24,31,59,47,13,48,229,17,45,30,18,29,23,32,4,31,216,11,63,57,6,2,36,15,9,17
S01011414,605,26,98,98,27,67,101,104,49,35,296,16,40,27,26,46,35,66,23,17,309,10,58,71,1,21,66,38,26,18
S01011415,667,39,148,112,36,56,109,101,29,37,340,26,51,29,30,44,44,75,19,22,327,13,97,83,6,12,65,26,10,15
S01011416,517,35,141,99,37,54,59,39,16,37,258,26,60,30,28,40,20,27,10,17,259,9,81,69,9,14,39,12,6,20
S01011417,594,20,93,99,43,64,106,109,29,31,286,15,39,28,37,47,38,56,14,12,308,5,54,71,6,17,68,53,15,19
S01011418,429,11,53,44,17,47,100,101,28,28,201,7,30,7,10,36,33,55,14,9,228,4,23,37,7,11,67,46,14,19
S01011419,425,19,60,72,16,47,74,89,29,19,212,14,26,15,13,35,30,57,12,10,213,5,34,57,3,12,44,32,17,9
S01011420,380,10,41,33,19,28,84,93,42,30,191,8,17,12,17,21,33,46,29,8,189,2,24,21,2,7,51,47,13,22
S01011421,441,32,127,77,22,41,54,41,32,15,205,22,53,20,16,30,16,30,14,4,236,10,74,57,6,11,38,11,18,11
S01011422,505,18,67,61,21,46,105,119,41,27,238,11,25,12,16,33,44,59,27,11,267,7,42,49,5,13,61,60,14,16
S01011423,381,19,54,34,12,29,78,77,60,18,187,16,20,14,7,21,29,42,31,7,194,3,34,20,5,8,49,35,29,11
S01011424,424,8,64,55,22,49,86,99,25,16,203,6,25,13,16,35,32,57,11,8,221,2,39,42,6,14,54,42,14,8
S01011425,640,30,117,64,45,57,114,102,62,49,301,15,42,17,34,40,47,58,25,23,339,15,75,47,11,17,67,44,37,26
S01011426,719,85,198,97,74,58,76,65,15,51,362,55,73,27,54,51,28,46,5,23,357,30,125,70,20,7,48,19,10,28
S01011427,524,22,99,57,39,44,94,111,25,33,267,17,42,12,30,32,38,65,13,18,257,5,57,45,9,12,56,46,12,15
S01011428,387,17,62,51,21,42,65,90,20,19,203,13,23,11,19,28,28,63,7,11,184,4,39,40,2,14,37,27,13,8
S01011429,1021,48,152,72,108,116,136,217,110,62,765,29,75,24,94,104,102,204,100,33,256,19,77,48,14,12,34,13,10,29
S01011430,680,43,137,108,51,54,116,103,28,40,328,30,54,27,38,43,40,67,13,16,352,13,83,81,13,11,76,36,15,24
S01011431,798,29,118,89,44,80,166,161,52,59,390,21,47,14,34,61,67,102,25,19,408,8,71,75,10,19,99,59,27,40
S01011432,819,21,127,120,30,88,166,183,44,40,397,14,57,23,23,66,62,112,24,16,422,7,70,97,7,22,104,71,20,24
S01011433,640,11,49,62,23,56,149,163,80,47,292,5,17,13,14,35,52,104,29,23,348,6,32,49,9,21,97,59,51,24
S01011434,423,15,85,65,24,45,81,71,19,18,203,11,34,19,15,30,30,49,9,6,220,4,51,46,9,15,51,22,10,12
S01011435,712,51,191,105,48,56,96,83,23,59,341,35,78,29,36,47,29,53,10,24,371,16,113,76,12,9,67,30,13,35
S01011436,544,9,76,66,33,47,117,118,53,25,274,5,28,15,22,35,44,82,32,11,270,4,48,51,11,12,73,36,21,14
S01011437,552,15,70,63,36,59,114,120,46,29,272,9,30,11,29,41,49,65,22,16,280,6,40,52,7,18,65,55,24,13
S01011438,406,4,32,36,20,39,111,95,52,17,197,2,17,4,19,29,37,55,25,9,209,2,15,32,1,10,74,40,27,8
S01011439,657,24,107,70,51,63,124,137,50,31,336,17,31,25,29,46,50,93,25,20,321,7,76,45,22,17,74,44,25,11
S01011440,443,10,41,58,21,47,109,124,22,11,213,7,21,18,17,36,32,69,10,3,230,3,20,40,4,11,77,55,12,8
S01011441,603,15,62,75,33,56,141,138,58,25,299,12,28,13,21,44,48,88,34,11,304,3,34,62,12,12,93,50,24,14
S01011442,492,6,50,77,35,50,94,119,27,34,237,3,20,15,24,39,31,80,13,12,255,3,30,62,11,11,63,39,14,22
S01011443,464,14,53,52,26,43,94,116,23,43,222,10,23,11,14,24,32,78,8,22,242,4,30,41,12,19,62,38,15,21
S01011444,570,8,64,65,33,59,118,147,53,23,275,5,25,16,28,43,37,86,25,10,295,3,39,49,5,16,81,61,28,13
S01011445,406,25,80,50,23,31,56,94,24,23,192,16,37,8,18,19,18,58,11,7,214,9,43,42,5,12,38,36,13,16
S01011446,387,28,66,62,53,32,51,53,17,25,185,16,26,11,37,23,22,34,7,9,202,12,40,51,16,9,29,19,10,16
S01011447,636,15,87,117,41,45,98,147,46,40,280,8,36,24,32,34,25,86,18,17,356,7,51,93,9,11,73,61,28,23
S01011448,705,36,148,95,61,68,109,97,42,49,355,21,68,27,45,47,37,67,23,20,350,15,80,68,16,21,72,30,19,29
S01011449,393,13,57,53,25,48,69,86,32,10,206,10,26,13,22,35,22,54,15,9,187,3,31,40,3,13,47,32,17,1
S01011450,471,48,119,74,40,32,46,55,24,33,224,35,49,18,31,25,17,30,5,14,247,13,70,56,9,7,29,25,19,19
S01011451,540,64,114,61,77,26,54,32,29,83,281,32,59,13,48,23,26,24,12,44,259,32,55,48,29,3,28,8,17,39
S01011452,737,52,162,117,62,70,123,83,22,46,388,32,68,42,52,54,44,63,13,20,349,20,94,75,10,16,79,20,9,26
S01011453,525,18,93,79,27,56,92,102,26,32,266,11,37,23,19,48,41,62,10,15,259,7,56,56,8,8,51,40,16,17
S01011454,571,18,94,67,29,62,121,111,32,37,264,8,34,13,21,49,36,64,20,19,307,10,60,54,8,13,85,47,12,18
S01011455,559,9,63,68,29,54,139,106,58,33,257,6,17,17,24,42,44,72,21,14,302,3,46,51,5,12,95,34,37,19
S01011456,642,15,81,75,50,68,120,143,50,40,305,9,21,18,37,54,44,77,26,19,337,6,60,57,13,14,76,66,24,21
S01011457,691,14,74,87,25,66,166,166,55,38,326,7,34,25,18,51,55,98,25,13,365,7,40,62,7,15,111,68,30,25
S01011458,855,65,191,143,57,80,115,93,32,79,415,42,69,38,43,65,45,66,11,36,440,23,122,105,14,15,70,27,21,43
S01011459,765,50,181,144,43,67,119,101,30,30,370,35,85,34,33,45,43,68,13,14,395,15,96,110,10,22,76,33,17,16
S01011460,525,25,101,59,31,42,83,108,43,33,244,21,37,13,19,31,30,63,13,17,281,4,64,46,12,11,53,45,30,16
S01011461,548,9,68,82,25,46,120,110,49,39,272,7,19,29,18,28,45,76,29,21,276,2,49,53,7,18,75,34,20,18
S01011462,701,60,120,110,42,74,120,99,24,52,361,43,49,26,33,55,45,68,14,28,340,17,71,84,9,19,75,31,10,24
S01011463,513,15,103,94,39,42,92,78,19,31,258,10,41,38,28,31,34,51,9,16,255,5,62,56,11,11,58,27,10,15
S01011464,431,56,131,57,33,35,37,36,9,37,224,30,59,18,23,31,16,26,3,18,207,26,72,39,10,4,21,10,6,19
S01011465,383,7,44,40,22,34,82,81,50,23,189,5,20,17,12,23,37,38,22,15,194,2,24,23,10,11,45,43,28,8
S01011466,448,20,63,51,19,22,92,108,40,33,213,15,23,16,17,17,36,61,18,10,235,5,40,35,2,5,56,47,22,23
S01011467,403,35,78,64,18,30,71,59,27,21,197,21,32,22,13,21,25,41,13,9,206,14,46,42,5,9,46,18,14,12
S01011468,614,73,179,112,41,49,65,37,18,40,310,44,84,32,28,42,27,26,6,21,304,29,95,80,13,7,38,11,12,19
S01011469,620,24,79,74,25,55,106,119,89,49,312,12,37,27,20,39,41,68,45,23,308,12,42,47,5,16,65,51,44,26
S01011470,840,43,148,131,56,70,145,131,44,72,398,31,58,35,42,50,47,79,17,39,442,12,90,96,14,20,98,52,27,33
S01011471,664,53,141,84,36,56,122,107,15,50,323,32,58,19,23,44,46,67,5,29,341,21,83,65,13,12,76,40,10,21
S01011472,693,20,103,93,28,75,125,131,70,48,380,15,34,39,26,55,45,88,49,29,313,5,69,54,2,20,80,43,21,19
S01011473,493,11,60,77,16,48,120,105,38,18,248,9,28,22,12,37,51,59,22,8,245,2,32,55,4,11,69,46,16,10
S01011474,582,23,92,83,15,60,119,116,52,22,285,16,41,28,12,45,47,64,24,8,297,7,51,55,3,15,72,52,28,14
S01011475,409,11,56,63,18,40,81,83,37,20,204,10,16,15,14,34,39,44,22,10,205,1,40,48,4,6,42,39,15,10
S01011476,379,50,101,89,16,30,36,22,4,31,185,34,42,27,9,23,15,16,1,18,194,16,59,62,7,7,21,6,3,13
S01011477,670,78,195,143,43,45,67,36,15,48,331,61,91,28,29,38,29,30,8,17,339,17,104,115,14,7,38,6,7,31
S01011478,784,122,257,132,53,45,62,26,11,76,389,80,123,37,38,35,17,15,4,40,395,42,134,95,15,10,45,11,7,36
S01011479,616,61,183,124,41,49,67,39,16,36,297,35,91,33,28,36,23,25,8,18,319,26,92,91,13,13,44,14,8,18
S01011480,738,129,233,117,56,32,73,35,11,52,354,84,94,36,37,25,31,22,4,21,384,45,139,81,19,7,42,13,7,31
S01011481,597,50,155,97,39,55,77,67,18,39,286,35,65,24,22,43,30,42,6,19,311,15,90,73,17,12,47,25,12,20
S01011482,666,36,124,101,25,62,119,116,42,41,320,23,59,36,18,44,41,63,20,16,346,13,65,65,7,18,78,53,22,25
S01011483,421,36,145,64,26,27,44,29,19,31,207,24,61,17,20,25,20,17,7,16,214,12,84,47,6,2,24,12,12,15
S01011484,642,13,80,88,25,53,157,134,50,42,300,10,33,20,18,41,68,69,21,20,342,3,47,68,7,12,89,65,29,22
S01011485,705,21,72,76,19,72,153,153,79,60,326,11,26,23,15,42,63,78,36,32,379,10,46,53,4,30,90,75,43,28
S01011486,389,4,40,40,17,34,82,103,34,35,173,3,15,9,9,25,30,55,12,15,216,1,25,31,8,9,52,48,22,20
S01011487,809,30,85,108,42,71,180,152,79,62,373,17,36,28,28,56,61,87,35,25,436,13,49,80,14,15,119,65,44,37
S01011488,484,10,45,44,23,54,107,114,57,30,239,6,15,13,18,40,41,70,20,16,245,4,30,31,5,14,66,44,37,14
S01011489,540,38,122,97,38,48,70,61,26,40,274,27,47,29,28,37,27,41,16,22,266,11,75,68,10,11,43,20,10,18
S01011490,747,22,145,111,42,66,133,160,42,26,346,15,54,35,31,49,47,85,21,9,401,7,91,76,11,17,86,75,21,17
S01011491,385,9,45,51,9,40,92,78,46,15,180,4,21,13,8,30,39,38,21,6,205,5,24,38,1,10,53,40,25,9
S01011492,566,13,72,55,21,51,105,138,64,47,297,9,33,22,14,38,46,79,27,29,269,4,39,33,7,13,59,59,37,18
S01011493,394,35,111,75,24,38,33,27,4,47,188,25,38,19,19,35,10,23,0,19,206,10,73,56,5,3,23,4,4,28
S01011494,544,22,85,87,24,46,103,113,32,32,262,18,35,19,15,36,46,65,18,10,282,4,50,68,9,10,57,48,14,22
S01011495,605,21,79,81,19,56,130,115,58,46,297,16,37,20,12,42,53,68,28,21,308,5,42,61,7,14,77,47,30,25
S01011496,472,10,43,30,23,47,129,119,46,25,213,6,21,5,15,32,47,56,21,10,259,4,22,25,8,15,82,63,25,15
S01011497,483,39,110,83,37,36,74,42,27,35,249,17,51,18,33,28,40,33,11,18,234,22,59,65,4,8,34,9,16,17
S01011498,533,26,134,98,33,51,74,51,10,56,276,20,65,28,27,40,27,38,3,28,257,6,69,70,6,11,47,13,7,28
S01011499,619,30,124,120,47,67,92,82,22,35,310,21,63,33,33,52,32,47,10,19,309,9,61,87,14,15,60,35,12,16
S01011500,391,15,65,59,17,38,68,83,18,28,198,11,28,17,14,30,21,54,13,10,193,4,37,42,3,8,47,29,5,18
S01011501,498,13,41,49,30,43,112,144,48,18,231,6,15,11,19,26,38,84,19,13,267,7,26,38,11,17,74,60,29,5
S01011502,566,13,63,87,25,67,128,116,37,30,269,9,26,24,17,50,45,72,15,11,297,4,37,63,8,17,83,44,22,19
S01011503,479,15,69,64,26,39,98,107,34,27,227,8,30,16,20,27,27,71,16,12,252,7,39,48,6,12,71,36,18,15
S01011504,434,19,69,67,34,42,73,77,22,31,215,12,33,17,25,32,29,43,9,15,219,7,36,50,9,10,44,34,13,16
S01011505,518,25,77,61,20,50,98,106,49,32,259,19,33,19,15,36,40,62,27,8,259,6,44,42,5,14,58,44,22,24
S01011506,358,19,69,46,21,31,66,68,17,21,162,9,28,14,16,21,16,45,7,6,196,10,41,32,5,10,50,23,10,15
S01011507,463,15,80,51,28,51,91,86,43,18,222,11,30,14,18,32,37,59,12,9,241,4,50,37,10,19,54,27,31,9
S01011508,755,53,154,108,47,80,97,138,37,41,388,40,52,33,38,60,40,93,14,18,367,13,102,75,9,20,57,45,23,23
S01011509,489,23,70,82,24,65,83,82,29,31,243,13,35,20,16,49,29,55,11,15,246,10,35,62,8,16,54,27,18,16
S01011510,779,16,109,95,41,79,189,126,65,59,355,9,51,14,27,57,76,72,20,29,424,7,58,81,14,22,113,54,45,30
S01011511,394,4,39,37,16,27,100,119,36,16,198,4,17,10,13,18,36,68,22,10,196,0,22,27,3,9,64,51,14,6
S01011512,669,11,57,91,22,68,149,158,77,36,301,7,19,22,17,45,64,82,29,16,368,4,38,69,5,23,85,76,48,20
S01011513,572,6,66,64,20,68,123,131,66,28,273,4,28,16,16,46,40,76,36,11,299,2,38,48,4,22,83,55,30,17
S01011514,685,13,65,71,39,71,147,168,54,57,329,10,26,19,27,45,48,101,21,32,356,3,39,52,12,26,99,67,33,25
S01011515,436,20,82,80,28,51,74,61,22,18,209,7,30,20,21,38,33,44,9,7,227,13,52,60,7,13,41,17,13,11
S01011516,705,50,182,134,47,66,94,52,22,58,350,34,80,39,31,57,38,36,9,26,355,16,102,95,16,9,56,16,13,32
S01011517,406,15,58,57,25,42,87,80,19,23,195,9,27,13,16,34,34,43,8,11,211,6,31,44,9,8,53,37,11,12
S01011518,487,9,49,39,29,57,109,132,42,21,243,6,21,10,24,43,40,69,23,7,244,3,28,29,5,14,69,63,19,14
S01011519,593,13,83,67,20,58,122,149,41,40,301,8,38,22,18,38,50,84,26,17,292,5,45,45,2,20,72,65,15,23
S01011520,422,7,41,42,15,41,81,109,61,25,201,6,16,10,13,27,28,63,28,10,221,1,25,32,2,14,53,46,33,15
S01011521,700,26,93,89,34,62,144,132,81,39,327,13,40,40,24,43,48,71,35,13,373,13,53,49,10,19,96,61,46,26
S01011522,681,20,107,91,31,64,163,122,48,35,319,13,41,28,27,42,57,71,24,16,362,7,66,63,4,22,106,51,24,19
S01011523,586,15,71,57,34,61,131,145,40,32,312,8,28,14,30,44,57,92,24,15,274,7,43,43,4,17,74,53,16,17
S01011524,720,49,133,118,43,71,130,108,26,42,351,32,54,31,29,55,49,69,14,18,369,17,79,87,14,16,81,39,12,24
S01011525,689,41,141,92,36,76,137,98,26,42,324,26,53,25,24,56,46,70,6,18,365,15,88,67,12,20,91,28,20,24
S01011526,781,29,124,125,35,89,153,138,45,43,370,22,64,28,25,66,53,80,18,14,411,7,60,97,10,23,100,58,27,29
S01011527,557,44,102,100,41,53,93,72,16,36,270,31,45,20,30,41,39,44,6,14,287,13,57,80,11,12,54,28,10,22
S01011528,719,28,105,89,32,73,159,134,53,46,341,20,44,25,24,51,59,73,20,25,378,8,61,64,8,22,100,61,33,21
S01011529,362,10,41,48,20,24,89,71,39,20,161,7,15,16,14,15,33,35,18,8,201,3,26,32,6,9,56,36,21,12
S01011530,728,33,88,96,34,67,144,160,68,38,355,23,26,25,24,48,51,98,40,20,373,10,62,71,10,19,93,62,28,18
S01011531,803,71,208,117,71,57,100,96,29,54,385,41,92,43,49,45,35,57,4,19,418,30,116,74,22,12,65,39,25,35
S01011532,468,54,114,65,48,40,51,44,12,40,229,28,45,18,34,32,13,32,5,22,239,26,69,47,14,8,38,12,7,18
S01011533,475,19,43,52,30,51,93,113,57,17,242,13,19,16,20,38,34,68,26,8,233,6,24,36,10,13,59,45,31,9
S01011534,553,30,89,99,37,51,98,90,32,27,280,21,41,28,26,34,38,59,18,15,273,9,48,71,11,17,60,31,14,12
S01011535,640,14,70,76,23,64,135,142,77,39,300,11,24,18,19,37,57,79,38,17,340,3,46,58,4,27,78,63,39,22
S01011536,555,61,147,99,49,37,62,48,12,40,273,38,60,35,36,27,23,31,6,17,282,23,87,64,13,10,39,17,6,23
S01011537,435,46,107,94,19,38,49,43,11,28,204,24,37,32,13,31,13,33,5,16,231,22,70,62,6,7,36,10,6,12
S01011538,532,72,142,84,33,30,70,35,8,58,258,46,60,17,27,18,27,27,2,34,274,26,82,67,6,12,43,8,6,24
S01011539,568,24,64,55,25,55,121,133,50,41,284,15,27,17,18,40,40,81,28,18,284,9,37,38,7,15,81,52,22,23
S01011540,791,28,130,104,49,80,154,163,37,46,369,13,54,20,41,49,59,99,15,19,422,15,76,84,8,31,95,64,22,27
S01011541,678,16,57,56,37,63,169,172,48,60,314,6,24,12,33,44,62,88,17,28,364,10,33,44,4,19,107,84,31,32
S01011542,699,20,67,86,34,74,173,162,48,35,338,9,21,30,27,50,56,97,28,20,361,11,46,56,7,24,117,65,20,15
S01011543,591,10,54,66,27,56,145,142,53,38,275,6,18,22,19,38,57,74,22,19,316,4,36,44,8,18,88,68,31,19
S01011544,515,11,60,49,23,38,137,135,33,29,252,7,29,13,21,27,42,79,18,16,263,4,31,36,2,11,95,56,15,13
S01011545,452,12,45,50,20,59,113,107,22,24,216,6,17,11,17,47,39,55,14,10,236,6,28,39,3,12,74,52,8,14
S01011546,547,59,152,91,53,31,57,32,9,63,266,42,69,21,37,22,21,22,1,31,281,17,83,70,16,9,36,10,8,32
S01011547,432,41,133,66,34,30,43,36,12,37,198,20,63,12,26,23,12,21,6,15,234,21,70,54,8,7,31,15,6,22
S01011548,543,31,79,95,34,50,102,100,12,40,255,19,37,18,25,33,36,64,6,17,288,12,42,77,9,17,66,36,6,23
S01011549,625,47,148,104,38,50,91,87,21,39,311,32,69,26,32,38,25,53,12,24,314,15,79,78,6,12,66,34,9,15
S01011550,564,63,157,120,45,31,58,33,10,47,274,38,79,33,30,26,19,22,5,22,290,25,78,87,15,5,39,11,5,25
S01011551,406,20,79,62,33,45,64,54,22,27,192,12,40,19,22,34,18,26,8,13,214,8,39,43,11,11,46,28,14,14
S01011552,568,32,121,101,40,54,90,50,20,60,270,16,51,27,31,38,32,27,16,32,298,16,70,74,9,16,58,23,4,28
S01011553,615,90,190,60,72,32,51,29,22,69,299,53,81,17,51,24,13,21,11,28,316,37,109,43,21,8,38,8,11,41
S01011554,657,23,84,105,43,61,127,158,30,26,305,14,33,23,34,46,39,92,10,14,352,9,51,82,9,15,88,66,20,12
S01011555,438,8,39,61,18,43,96,100,31,42,208,2,15,13,13,32,29,63,20,21,230,6,24,48,5,11,67,37,11,21
S01011556,378,8,42,56,26,32,89,64,34,27,185,6,21,10,19,22,35,44,21,7,193,2,21,46,7,10,54,20,13,20
S01011557,550,9,80,68,25,47,139,122,35,25,260,6,35,17,17,34,54,71,16,10,290,3,45,51,8,13,85,51,19,15
S01011558,428,13,44,58,27,45,88,92,32,29,209,6,26,15,20,31,26,56,17,12,219,7,18,43,7,14,62,36,15,17
S01011559,471,8,52,45,25,56,109,102,46,28,231,4,18,13,21,39,37,57,30,12,240,4,34,32,4,17,72,45,16,16
S01011560,580,15,72,64,17,47,136,157,41,31,277,9,27,12,15,27,50,103,21,13,303,6,45,52,2,20,86,54,20,18
S01011561,602,7,72,66,20,59,132,134,57,55,279,2,21,16,18,45,41,80,34,22,323,5,51,50,2,14,91,54,23,33
S01011562,466,10,47,68,24,38,84,96,58,41,202,4,17,17,18,26,27,55,25,13,264,6,30,51,6,12,57,41,33,28
S01011563,556,10,78,68,25,39,109,112,51,64,243,3,20,18,20,26,41,62,23,30,313,7,58,50,5,13,68,50,28,34
S01011564,711,28,115,114,45,79,113,141,35,41,340,13,53,21,34,63,31,85,19,21,371,15,62,93,11,16,82,56,16,20
S01011565,705,17,94,99,31,77,154,146,41,46,331,11,38,19,26,54,59,87,24,13,374,6,56,80,5,23,95,59,17,33
S01011566,673,19,59,92,32,69,136,149,63,54,299,9,21,26,22,50,46,80,26,19,374,10,38,66,10,19,90,69,37,35
S01011567,715,23,72,113,43,65,148,157,56,38,347,12,33,33,35,41,54,99,24,16,368,11,39,80,8,24,94,58,32,22
S01011568,612,35,106,97,41,53,117,92,37,34,302,21,37,28,30,39,54,57,21,15,310,14,69,69,11,14,63,35,16,19
S01011569,743,45,126,109,32,75,152,128,36,40,340,26,47,23,28,60,54,73,15,14,403,19,79,86,4,15,98,55,21,26
S01011570,537,17,63,89,24,48,129,107,29,31,254,10,27,29,21,32,44,67,15,9,283,7,36,60,3,16,85,40,14,22
S01011571,498,10,68,65,26,46,112,114,32,25,249,7,24,18,23,35,48,74,13,7,249,3,44,47,3,11,64,40,19,18
S01011572,451,25,87,65,28,36,78,71,36,25,225,16,44,15,23,27,31,44,15,10,226,9,43,50,5,9,47,27,21,15
S01011573,783,55,175,123,59,62,111,109,37,52,388,32,79,28,43,48,42,75,19,22,395,23,96,95,16,14,69,34,18,30
S01011574,570,33,101,91,43,62,94,103,18,25,273,18,45,23,37,43,30,58,8,11,297,15,56,68,6,19,64,45,10,14
S01011575,381,12,63,39,19,36,78,68,33,33,192,7,24,12,12,23,39,40,13,22,189,5,39,27,7,13,39,28,20,11
S01011576,576,6,43,66,23,48,140,156,62,32,284,5,16,24,22,31,57,82,30,17,292,1,27,42,1,17,83,74,32,15
S01011577,547,32,110,81,31,42,98,85,33,35,267,16,41,25,27,33,42,54,18,11,280,16,69,56,4,9,56,31,15,24
S01011578,642,22,99,87,24,48,131,123,50,58,303,11,43,14,21,30,50,86,25,23,339,11,56,73,3,18,81,37,25,35
S01011579,820,96,245,135,70,57,82,35,18,82,406,63,111,32,57,44,33,20,8,38,414,33,134,103,13,13,49,15,10,44
S01011580,537,31,85,81,33,48,84,87,46,42,255,18,40,23,26,36,23,51,19,19,282,13,45,58,7,12,61,36,27,23
S01011581,567,23,66,68,28,62,127,116,58,19,285,14,24,18,24,45,46,80,28,6,282,9,42,50,4,17,81,36,30,13
S01011582,848,107,250,140,61,47,114,58,8,63,415,60,108,47,47,38,42,39,4,30,433,47,142,93,14,9,72,19,4,33
S01011583,524,28,117,70,18,57,101,81,27,25,239,11,43,18,16,43,30,52,15,11,285,17,74,52,2,14,71,29,12,14
S01011584,536,12,68,95,15,52,114,124,35,21,272,7,24,34,10,40,49,83,18,7,264,5,44,61,5,12,65,41,17,14
S01011585,513,15,72,86,24,46,119,88,26,37,230,8,30,15,16,33,46,51,12,19,283,7,42,71,8,13,73,37,14,18
S01011586,425,8,59,59,14,42,81,95,34,33,216,3,23,16,11,30,35,67,15,16,209,5,36,43,3,12,46,28,19,17
S01011587,417,9,53,44,16,48,99,85,27,36,179,7,19,13,14,24,30,44,15,13,238,2,34,31,2,24,69,41,12,23
S01011588,568,21,61,82,38,52,124,99,45,46,264,9,22,20,28,43,42,65,16,19,304,12,39,62,10,9,82,34,29,27
S01011589,637,22,98,93,35,55,138,118,34,44,308,11,45,21,27,41,50,80,12,21,329,11,53,72,8,14,88,38,22,23
S01011590,511,17,64,72,29,57,107,96,42,27,247,10,27,20,24,44,29,62,21,10,264,7,37,52,5,13,78,34,21,17
S01011591,477,12,55,51,27,43,88,119,54,28,248,5,23,12,21,32,33,74,32,16,229,7,32,39,6,11,55,45,22,12
S01011592,508,14,60,60,26,49,110,111,56,22,238,11,20,16,22,28,40,62,33,6,270,3,40,44,4,21,70,49,23,16
S01011593,536,32,97,91,29,40,92,91,25,39,249,22,41,22,21,33,31,52,12,15,287,10,56,69,8,7,61,39,13,24
S01011594,344,14,50,45,33,38,66,63,6,29,177,9,19,16,27,28,27,40,1,10,167,5,31,29,6,10,39,23,5,19
S01011595,475,51,123,86,44,27,42,58,10,34,251,33,55,30,29,22,20,43,6,13,224,18,68,56,15,5,22,15,4,21
S01011596,779,65,187,122,38,42,127,93,47,58,366,42,77,32,31,33,53,57,20,21,413,23,110,90,7,9,74,36,27,37
S01011597,436,25,100,67,22,45,82,44,16,35,219,17,46,20,18,37,30,29,8,14,217,8,54,47,4,8,52,15,8,21
S01011598,646,10,43,70,31,54,144,143,114,37,390,8,22,26,25,44,79,90,81,15,256,2,21,44,6,10,65,53,33,22
S01011599,596,20,106,92,25,50,113,125,34,31,283,11,37,34,20,33,46,70,16,16,313,9,69,58,5,17,67,55,18,15
S01011600,561,21,86,84,27,64,116,108,24,31,273,15,40,23,22,46,39,63,8,17,288,6,46,61,5,18,77,45,16,14
S01011601,644,52,152,116,39,62,82,71,15,55,312,31,61,29,27,47,33,48,4,32,332,21,91,87,12,15,49,23,11,23
S01011602,442,22,66,48,28,32,97,94,37,18,222,18,23,13,17,24,41,58,18,10,220,4,43,35,11,8,56,36,19,8
S01011603,566,8,75,86,26,53,123,121,45,29,271,8,29,22,20,38,40,85,21,8,295,0,46,64,6,15,83,36,24,21
S01011604,460,5,52,59,22,43,102,105,43,29,221,4,27,11,19,31,28,71,22,8,239,1,25,48,3,12,74,34,21,21
S01011605,622,12,89,93,46,64,142,108,31,37,302,7,27,24,39,53,51,74,15,12,320,5,62,69,7,11,91,34,16,25
S01011606,725,71,208,127,39,55,83,73,12,57,358,42,83,49,34,45,29,45,6,25,367,29,125,78,5,10,54,28,6,32
S01011607,469,38,104,86,33,48,66,42,15,37,225,32,41,22,26,33,18,32,7,14,244,6,63,64,7,15,48,10,8,23
S01011608,726,59,167,144,55,64,102,77,18,40,361,30,74,36,45,58,34,56,9,19,365,29,93,108,10,6,68,21,9,21
S01011609,722,17,55,61,38,73,147,180,96,55,341,8,20,16,32,49,50,95,52,19,381,9,35,45,6,24,97,85,44,36
S01011610,598,12,64,71,22,40,144,137,72,36,282,10,22,20,18,29,58,76,32,17,316,2,42,51,4,11,86,61,40,19
S01011611,516,28,120,96,30,49,70,63,18,42,261,21,49,23,19,40,27,47,8,27,255,7,71,73,11,9,43,16,10,15
S01011612,451,67,155,72,40,24,35,27,11,20,220,37,66,23,31,18,16,16,3,10,231,30,89,49,9,6,19,11,8,10
S01011613,753,81,209,138,62,54,73,75,16,45,366,51,98,29,52,46,17,46,7,20,387,30,111,109,10,8,56,29,9,25
S01011614,339,20,79,61,21,22,44,52,16,24,163,14,34,18,16,17,14,32,9,9,176,6,45,43,5,5,30,20,7,15
S01011615,526,21,81,71,31,47,108,102,31,34,246,11,35,11,24,38,32,64,15,16,280,10,46,60,7,9,76,38,16,18
S01011616,307,11,35,39,21,30,58,68,35,10,145,9,14,10,16,20,17,39,19,1,162,2,21,29,5,10,41,29,16,9
S01011617,645,13,59,102,35,59,131,162,48,36,295,7,17,20,25,39,41,102,30,14,350,6,42,82,10,20,90,60,18,22
S01011618,437,14,65,53,19,42,99,98,27,20,201,7,28,12,15,30,29,57,13,10,236,7,37,41,4,12,70,41,14,10
S01011619,795,69,198,159,39,61,112,89,23,45,391,49,91,46,29,46,39,60,10,21,404,20,107,113,10,15,73,29,13,24
S01011620,796,82,216,139,62,72,86,73,12,54,398,51,99,43,38,53,31,52,6,25,398,31,117,96,24,19,55,21,6,29
S01011621,572,33,122,93,31,52,108,73,25,35,270,21,44,20,24,44,37,49,13,18,302,12,78,73,7,8,71,24,12,17
S01011622,468,59,134,81,46,30,44,39,8,27,243,40,63,24,33,20,19,28,2,14,225,19,71,57,13,10,25,11,6,13
S01011623,514,16,70,83,46,42,97,96,35,29,244,9,27,23,30,30,33,64,14,14,270,7,43,60,16,12,64,32,21,15
S01011624,528,35,127,93,35,40,73,68,23,34,236,20,54,22,26,26,19,47,9,13,292,15,73,71,9,14,54,21,14,21
S01011625,428,13,73,74,21,42,76,73,23,33,198,9,33,16,19,28,30,42,11,10,230,4,40,58,2,14,46,31,12,23
S01011626,617,58,157,103,45,51,62,54,14,73,311,35,67,28,32,43,26,41,5,34,306,23,90,75,13,8,36,13,9,39
S01011627,516,46,155,92,32,41,63,41,7,39,252,30,62,23,21,35,27,33,5,16,264,16,93,69,11,6,36,8,2,23
S01011628,822,70,200,150,62,61,106,91,17,65,408,41,89,42,52,48,34,63,9,30,414,29,111,108,10,13,72,28,8,35
S01011629,450,5,53,59,21,51,94,102,36,29,211,3,24,15,16,29,39,59,14,12,239,2,29,44,5,22,55,43,22,17
S01011630,469,17,52,75,28,50,82,100,37,28,226,11,15,17,25,40,27,63,16,12,243,6,37,58,3,10,55,37,21,16
S01011631,439,6,26,50,18,52,82,114,56,35,213,4,14,11,15,37,32,65,23,12,226,2,12,39,3,15,50,49,33,23
S01011632,541,10,58,62,41,41,120,132,51,26,240,8,18,17,30,26,40,67,26,8,301,2,40,45,11,15,80,65,25,18
S01011633,515,18,54,68,20,50,94,129,47,35,247,12,16,17,13,36,31,83,24,15,268,6,38,51,7,14,63,46,23,20
S01011634,417,11,45,65,12,42,79,88,44,31,189,7,19,14,10,29,25,52,23,10,228,4,26,51,2,13,54,36,21,21
S01011635,506,9,64,58,29,46,123,95,56,26,236,8,24,9,23,35,47,57,20,13,270,1,40,49,6,11,76,38,36,13
S01011636,520,12,47,70,20,55,115,122,48,31,233,10,10,23,13,36,47,66,19,9,287,2,37,47,7,19,68,56,29,22
S01011637,525,8,90,64,31,45,104,92,52,39,245,5,39,19,19,33,29,57,30,14,280,3,51,45,12,12,75,35,22,25
S01011638,382,15,64,61,25,24,77,77,21,18,174,7,29,8,21,14,21,52,12,10,208,8,35,53,4,10,56,25,9,8
S01011639,420,13,54,63,12,38,89,89,39,23,190,8,21,22,11,28,26,50,17,7,230,5,33,41,1,10,63,39,22,16
S01011640,508,16,60,63,19,55,101,108,45,41,241,10,24,15,17,40,30,64,22,19,267,6,36,48,2,15,71,44,23,22
S01011641,367,29,88,75,25,28,55,37,5,25,180,18,40,16,21,19,24,24,3,15,187,11,48,59,4,9,31,13,2,10
S01011642,622,48,126,132,37,51,96,63,31,38,297,32,56,33,23,40,31,44,18,20,325,16,70,99,14,11,65,19,13,18
S01011643,422,44,115,64,40,28,50,47,14,20,216,31,48,21,28,23,16,32,7,10,206,13,67,43,12,5,34,15,7,10
S01011644,487,36,116,85,36,38,78,56,7,35,229,23,51,20,26,30,24,34,2,19,258,13,65,65,10,8,54,22,5,16
S01011645,382,13,79,73,24,34,68,63,10,18,168,8,28,17,20,24,18,39,7,7,214,5,51,56,4,10,50,24,3,11
S01011646,550,65,141,114,33,39,59,39,11,49,273,44,60,36,24,34,21,28,3,23,277,21,81,78,9,5,38,11,8,26
S01011647,673,63,177,120,38,46,89,53,22,65,314,36,79,33,30,37,27,37,7,28,359,27,98,87,8,9,62,16,15,37
S01011648,502,53,126,68,32,36,73,57,30,27,243,29,48,23,26,29,29,40,11,8,259,24,78,45,6,7,44,17,19,19
S01011649,360,13,65,62,20,40,59,65,14,22,173,10,26,26,13,24,24,40,5,5,187,3,39,36,7,16,35,25,9,17
S01011650,528,53,137,88,40,31,68,59,27,25,249,30,59,23,27,26,25,40,11,8,279,23,78,65,13,5,43,19,16,17
S01011651,693,46,146,115,34,58,104,108,32,50,350,30,71,31,21,43,42,74,15,23,343,16,75,84,13,15,62,34,17,27
S01011652,612,52,136,107,33,48,88,69,26,53,297,37,50,38,25,36,35,41,14,21,315,15,86,69,8,12,53,28,12,32
S01011653,661,15,86,89,35,66,119,132,71,48,304,10,29,21,29,51,33,86,32,13,357,5,57,68,6,15,86,46,39,35
S01011654,723,46,128,86,52,49,125,107,87,43,350,33,46,21,42,29,43,65,51,20,373,13,82,65,10,20,82,42,36,23
S01011655,646,15,79,79,40,68,119,148,80,18,303,7,32,17,35,48,47,77,34,6,343,8,47,62,5,20,72,71,46,12
S01011656,464,8,48,51,21,44,79,113,64,36,227,5,20,13,15,28,30,62,33,21,237,3,28,38,6,16,49,51,31,15
S01011657,405,14,54,36,19,31,82,88,54,27,196,11,16,9,14,23,31,50,34,8,209,3,38,27,5,8,51,38,20,19
S01011658,498,15,48,47,40,49,113,103,49,34,257,9,19,10,33,35,47,62,23,19,241,6,29,37,7,14,66,41,26,15
S01011659,584,17,71,78,32,61,110,144,37,34,274,12,21,21,25,41,41,80,22,11,310,5,50,57,7,20,69,64,15,23
S01011660,733,45,148,108,51,62,113,106,31,69,361,33,73,24,36,46,47,64,12,26,372,12,75,84,15,16,66,42,19,43
S01011661,406,13,51,68,34,40,71,89,21,19,201,9,21,16,28,27,20,57,11,12,205,4,30,52,6,13,51,32,10,7
S01011662,473,41,126,86,40,31,67,45,9,28,240,27,58,21,35,23,25,34,6,11,233,14,68,65,5,8,42,11,3,17
S01011663,735,14,79,87,35,85,125,169,93,48,368,8,33,23,27,58,43,101,43,32,367,6,46,64,8,27,82,68,50,16
S01011664,789,11,75,85,35,73,168,210,85,47,377,7,26,20,30,48,63,121,37,25,412,4,49,65,5,25,105,89,48,22
S01011665,657,22,116,87,26,41,126,130,57,52,309,17,41,22,19,35,52,76,25,22,348,5,75,65,7,6,74,54,32,30
S01011666,655,17,85,92,31,57,122,131,76,44,311,12,38,28,19,36,38,82,37,21,344,5,47,64,12,21,84,49,39,23
S01011667,580,38,73,85,39,53,95,120,47,30,292,25,36,23,30,37,42,74,16,9,288,13,37,62,9,16,53,46,31,21
S01011668,756,13,74,80,20,77,170,191,77,54,353,9,25,26,18,51,60,102,34,28,403,4,49,54,2,26,110,89,43,26
S01011669,496,48,112,79,45,34,68,58,21,31,241,35,43,21,39,22,20,33,11,17,255,13,69,58,6,12,48,25,10,14
S01011670,379,7,50,57,20,30,82,80,30,23,186,2,19,11,18,23,28,56,18,11,193,5,31,46,2,7,54,24,12,12
S01011671,493,40,107,88,41,30,80,68,13,26,233,26,42,21,32,21,29,42,9,11,260,14,65,67,9,9,51,26,4,15
S01011672,429,29,75,47,27,32,80,69,34,36,202,17,20,7,20,23,33,51,14,17,227,12,55,40,7,9,47,18,20,19
S01011673,502,19,53,71,25,53,81,114,48,38,245,10,16,18,22,42,23,68,28,18,257,9,37,53,3,11,58,46,20,20
S01011674,761,44,155,129,28,59,137,124,42,43,366,27,64,39,20,46,48,82,22,18,395,17,91,90,8,13,89,42,20,25
S01011675,685,31,98,79,37,60,139,146,60,35,328,19,42,13,28,47,45,97,25,12,357,12,56,66,9,13,94,49,35,23
S01011676,516,10,44,55,19,61,100,142,54,31,237,6,19,13,10,42,18,91,24,14,279,4,25,42,9,19,82,51,30,17
S01011677,449,29,108,70,29,33,51,59,39,31,228,17,50,26,21,28,8,40,20,18,221,12,58,44,8,5,43,19,19,13
S01011678,352,11,34,39,26,41,61,78,43,19,168,7,11,9,20,34,21,43,17,6,184,4,23,30,6,7,40,35,26,13
S01011679,407,22,110,74,23,50,50,41,12,25,190,13,44,14,19,34,22,34,3,7,217,9,66,60,4,16,28,7,9,18
S01011680,771,27,89,93,43,61,145,187,79,47,389,16,33,32,32,46,50,122,36,22,382,11,56,61,11,15,95,65,43,25
S01011681,615,29,93,82,33,58,123,123,35,39,286,13,40,17,23,39,50,75,9,20,329,16,53,65,10,19,73,48,26,19
S01011682,404,29,76,41,65,36,42,57,40,18,246,17,30,14,51,29,20,38,33,14,158,12,46,27,14,7,22,19,7,4
S01011683,577,12,66,73,52,71,100,127,37,39,298,8,23,23,34,51,33,85,21,20,279,4,43,50,18,20,67,42,16,19
S01011684,400,18,76,58,31,37,65,73,13,29,196,14,35,10,22,27,23,47,6,12,204,4,41,48,9,10,42,26,7,17
S01011685,585,54,150,90,58,38,71,70,9,45,291,30,66,20,47,28,23,50,1,26,294,24,84,70,11,10,48,20,8,19
S01011686,657,55,162,113,66,54,67,74,9,57,319,35,66,21,52,44,22,53,4,22,338,20,96,92,14,10,45,21,5,35
S01011687,649,28,94,95,30,56,137,117,55,37,320,19,46,27,24,43,40,74,22,25,329,9,48,68,6,13,97,43,33,12
S01011688,602,58,132,83,69,39,71,74,26,50,305,39,55,19,44,34,30,52,12,20,297,19,77,64,25,5,41,22,14,30
S01011689,509,62,120,81,62,38,40,48,14,44,260,39,48,24,40,25,15,34,11,24,249,23,72,57,22,13,25,14,3,20
S01011690,715,72,151,105,72,58,103,72,44,38,353,41,68,30,52,47,28,48,25,14,362,31,83,75,20,11,75,24,19,24
S01011691,444,44,103,72,30,29,67,63,10,26,211,29,44,15,18,22,26,41,3,13,233,15,59,57,12,7,41,22,7,13
S01011692,813,19,95,118,39,77,173,183,60,49,400,15,41,33,29,52,61,123,26,20,413,4,54,85,10,25,112,60,34,29
S01011693,624,61,162,108,40,48,76,67,22,40,303,31,71,29,33,40,26,41,13,19,321,30,91,79,7,8,50,26,9,21
S01011694,376,49,110,47,24,25,45,42,14,20,181,29,43,14,17,20,11,28,7,12,195,20,67,33,7,5,34,14,7,8
S01011695,662,80,192,110,55,49,72,61,12,31,324,49,77,24,41,40,26,47,5,15,338,31,115,86,14,9,46,14,7,16
S01011696,722,151,238,90,73,34,54,30,13,39,346,84,103,24,48,25,19,20,5,18,376,67,135,66,25,9,35,10,8,21
S01011697,723,87,200,120,51,46,87,60,30,42,340,55,91,23,37,34,32,36,16,16,383,32,109,97,14,12,55,24,14,26
S01011698,505,9,95,65,40,61,92,82,24,37,243,3,37,14,29,45,25,58,13,19,262,6,58,51,11,16,67,24,11,18
S01011699,707,72,154,139,52,66,82,64,16,62,351,44,73,38,41,54,30,33,5,33,356,28,81,101,11,12,52,31,11,29
S01011700,578,47,112,108,44,52,81,67,13,54,272,23,59,22,33,37,29,35,9,25,306,24,53,86,11,15,52,32,4,29
S01011701,757,111,209,121,69,53,70,57,18,49,378,68,93,33,51,38,30,32,9,24,379,43,116,88,18,15,40,25,9,25
S01011702,548,70,123,80,45,38,77,57,21,37,251,38,50,22,33,30,21,32,11,14,297,32,73,58,12,8,56,25,10,23
S01011703,453,64,133,55,65,31,32,27,12,34,220,37,59,14,40,23,11,15,6,15,233,27,74,41,25,8,21,12,6,19
S01011704,515,68,133,86,35,37,63,32,10,51,250,46,60,21,25,29,23,18,3,25,265,22,73,65,10,8,40,14,7,26
S01011705,558,32,82,78,46,46,92,88,38,56,251,15,38,18,32,30,31,51,17,19,307,17,44,60,14,16,61,37,21,37
S01011706,752,46,148,114,51,73,129,102,35,54,370,27,55,29,43,51,58,66,16,25,382,19,93,85,8,22,71,36,19,29
S01011707,548,46,158,110,37,44,69,44,12,28,257,26,73,29,22,37,28,26,4,12,291,20,85,81,15,7,41,18,8,16
S01011708,726,33,137,119,42,56,139,113,38,49,316,15,57,35,30,37,44,60,18,20,410,18,80,84,12,19,95,53,20,29
S01011709,729,54,144,94,54,66,110,107,32,68,340,34,54,21,37,48,34,66,23,23,389,20,90,73,17,18,76,41,9,45
S01011710,459,5,53,60,22,38,111,98,42,30,203,2,16,17,19,29,40,50,18,12,256,3,37,43,3,9,71,48,24,18
S01011711,497,13,54,70,27,42,93,125,45,28,214,8,20,18,21,28,19,71,19,10,283,5,34,52,6,14,74,54,26,18
S01011712,422,25,68,69,25,48,84,59,21,23,196,16,28,17,25,34,26,33,10,7,226,9,40,52,0,14,58,26,11,16
S01011713,690,46,127,128,52,56,124,98,21,38,335,27,59,33,42,48,43,57,10,16,355,19,68,95,10,8,81,41,11,22
S01011714,390,35,94,62,36,38,52,38,9,26,196,20,37,15,27,27,21,28,6,15,194,15,57,47,9,11,31,10,3,11
S01011715,456,18,62,66,20,53,80,96,33,28,201,12,27,15,16,36,24,51,11,9,255,6,35,51,4,17,56,45,22,19
S01011716,686,48,187,140,55,42,87,57,17,53,332,25,87,33,48,35,32,43,7,22,354,23,100,107,7,7,55,14,10,31
S01011717,584,37,135,110,45,50,90,69,16,32,289,26,59,22,34,38,34,50,9,17,295,11,76,88,11,12,56,19,7,15
S01011718,567,69,176,90,50,45,49,42,19,27,284,39,75,20,41,33,18,34,11,13,283,30,101,70,9,12,31,8,8,14
S01011719,524,53,137,108,40,35,48,33,2,68,257,31,59,32,35,29,17,24,2,28,267,22,78,76,5,6,31,9,0,40
S01011720,442,46,138,88,32,23,41,34,4,36,222,32,65,17,29,15,15,25,1,23,220,14,73,71,3,8,26,9,3,13
S01011721,540,21,78,112,24,54,98,97,26,30,257,14,33,24,22,38,36,60,17,13,283,7,45,88,2,16,62,37,9,17
S01011722,525,24,93,93,33,46,98,71,29,38,244,12,37,22,26,27,37,49,13,21,281,12,56,71,7,19,61,22,16,17
S01011723,715,44,139,125,46,69,109,115,25,43,351,24,53,35,36,54,36,76,12,25,364,20,86,90,10,15,73,39,13,18
S01011724,519,45,111,91,32,43,60,55,25,57,245,24,41,29,25,29,20,35,16,26,274,21,70,62,7,14,40,20,9,31
S01011725,489,51,129,79,45,32,50,39,8,56,246,33,57,22,32,27,21,28,4,22,243,18,72,57,13,5,29,11,4,34
S01011726,418,46,106,95,27,34,35,36,9,30,206,25,52,25,22,23,10,29,7,13,212,21,54,70,5,11,25,7,2,17
S01011727,553,91,163,83,56,34,53,21,10,42,281,55,82,20,44,24,17,18,5,16,272,36,81,63,12,10,36,3,5,26
S01011728,717,26,124,133,53,68,135,104,22,52,344,16,51,27,42,52,48,71,15,22,373,10,73,106,11,16,87,33,7,30
S01011729,518,21,82,70,23,65,78,98,37,44,243,11,37,17,18,43,34,44,24,15,275,10,45,53,5,22,44,54,13,29
S01011730,713,54,166,139,54,68,101,84,6,41,355,35,66,41,39,53,42,58,5,16,358,19,100,98,15,15,59,26,1,25
S01011731,630,20,102,102,45,64,121,108,24,44,292,11,34,26,31,46,47,67,7,23,338,9,68,76,14,18,74,41,17,21
S01011732,658,55,188,140,43,50,70,51,12,49,318,41,77,42,34,36,24,32,6,26,340,14,111,98,9,14,46,19,6,23
S01011733,650,24,122,131,40,52,102,117,23,39,319,14,52,28,33,40,44,77,8,23,331,10,70,103,7,12,58,40,15,16
S01011734,585,39,127,89,44,57,102,67,14,46,301,26,53,24,29,52,38,50,6,23,284,13,74,65,15,5,64,17,8,23
S01011735,576,53,162,98,45,34,69,46,16,53,290,40,64,25,35,27,26,38,10,25,286,13,98,73,10,7,43,8,6,28
S01011736,549,19,91,106,28,44,111,86,20,44,254,10,36,27,21,31,44,52,9,24,295,9,55,79,7,13,67,34,11,20
S01011737,505,18,75,83,36,28,87,84,41,53,237,11,36,31,27,18,29,51,17,17,268,7,39,52,9,10,58,33,24,36
S01011738,779,42,139,117,55,57,142,131,43,53,392,27,64,35,41,41,54,82,19,29,387,15,75,82,14,16,88,49,24,24
S01011739,383,6,53,61,21,41,96,60,19,26,192,4,20,22,13,32,41,36,13,11,191,2,33,39,8,9,55,24,6,15
S01011740,572,15,84,61,22,54,116,100,61,59,283,9,36,18,16,37,43,62,31,31,289,6,48,43,6,17,73,38,30,28
S01011741,493,18,50,96,19,43,104,98,32,33,244,13,27,23,16,33,35,68,12,17,249,5,23,73,3,10,69,30,20,16
S01011742,561,26,100,93,28,48,117,70,29,50,261,19,39,24,21,34,45,43,13,23,300,7,61,69,7,14,72,27,16,27
S01011743,595,29,111,137,29,56,89,85,16,43,264,12,47,37,20,36,33,51,7,21,331,17,64,100,9,20,56,34,9,22
S01011744,603,32,121,99,34,45,101,98,41,32,272,20,45,18,30,33,39,58,17,12,331,12,76,81,4,12,62,40,24,20
S01011745,488,14,75,70,23,44,86,124,25,27,220,6,30,12,20,28,38,63,11,12,268,8,45,58,3,16,48,61,14,15
S01011746,388,5,42,39,21,30,115,83,28,25,193,3,19,15,16,22,37,54,15,12,195,2,23,24,5,8,78,29,13,13
S01011747,704,13,76,86,31,66,153,150,67,62,332,8,35,23,20,43,61,80,31,31,372,5,41,63,11,23,92,70,36,31
S01011748,619,13,75,80,27,57,157,107,51,52,280,8,27,24,13,36,53,67,27,25,339,5,48,56,14,21,104,40,24,27
S01011749,552,12,58,55,21,42,125,111,83,45,296,11,31,20,16,30,52,75,42,19,256,1,27,35,5,12,73,36,41,26
S01011750,642,21,98,117,40,51,112,116,32,55,301,11,42,28,29,37,41,71,15,27,341,10,56,89,11,14,71,45,17,28
S01011751,745,20,86,94,27,67,178,144,68,61,377,15,41,31,20,41,71,90,34,34,368,5,45,63,7,26,107,54,34,27
S01011752,687,24,137,109,36,79,123,119,25,35,330,9,59,29,29,54,52,68,11,19,357,15,78,80,7,25,71,51,14,16
S01011753,602,47,165,100,33,45,92,56,20,44,292,28,69,22,25,33,49,36,10,20,310,19,96,78,8,12,43,20,10,24
S01011754,543,21,86,95,29,62,107,77,19,47,246,14,30,20,19,47,38,51,6,21,297,7,56,75,10,15,69,26,13,26
S01011755,728,29,118,119,42,63,149,123,41,44,384,18,60,34,33,47,70,82,23,17,344,11,58,85,9,16,79,41,18,27
S01011756,745,24,117,128,37,67,141,125,38,68,351,14,46,33,26,43,50,80,21,38,394,10,71,95,11,24,91,45,17,30
S01011757,520,16,80,86,28,46,111,84,28,41,246,11,30,26,21,34,33,58,15,18,274,5,50,60,7,12,78,26,13,23
S01011758,479,25,65,99,22,38,96,79,25,30,230,16,25,31,18,29,32,52,14,13,249,9,40,68,4,9,64,27,11,17
S01011759,627,27,78,123,31,63,121,113,30,41,297,19,25,32,25,50,42,74,13,17,330,8,53,91,6,13,79,39,17,24
S01011760,697,19,105,134,35,62,141,124,32,45,331,11,53,39,27,42,47,80,15,17,366,8,52,95,8,20,94,44,17,28
S01011761,492,28,81,69,26,37,97,95,17,42,234,13,33,17,17,27,32,71,8,16,258,15,48,52,9,10,65,24,9,26
S01011762,503,23,72,86,25,41,107,71,29,49,240,17,33,22,19,32,34,51,12,20,263,6,39,64,6,9,73,20,17,29
S01011763,603,22,94,107,43,65,118,89,21,44,280,15,38,33,31,50,30,55,13,15,323,7,56,74,12,15,88,34,8,29
S01011764,326,13,63,50,15,38,64,40,10,33,154,7,32,12,8,26,24,28,5,12,172,6,31,38,7,12,40,12,5,21
S01011765,799,68,202,157,58,46,94,71,14,89,383,46,81,38,46,35,30,50,7,50,416,22,121,119,12,11,64,21,7,39
S01011766,395,45,97,71,40,19,41,53,6,23,190,27,45,17,31,12,15,32,1,10,205,18,52,54,9,7,26,21,5,13
S01011767,663,27,114,81,45,61,129,119,42,45,329,15,43,18,37,40,48,78,26,24,334,12,71,63,8,21,81,41,16,21
S01011768,530,15,73,84,25,48,89,114,45,37,255,10,24,26,19,31,35,63,28,19,275,5,49,58,6,17,54,51,17,18
S01011769,466,22,74,80,39,39,87,76,23,26,233,15,29,21,28,32,37,49,10,12,233,7,45,59,11,7,50,27,13,14
S01011770,606,27,83,99,30,53,131,103,46,34,312,19,24,39,19,33,62,69,26,21,294,8,59,60,11,20,69,34,20,13
S01011771,522,63,149,82,39,34,50,39,12,54,246,38,59,20,32,26,15,23,6,27,276,25,90,62,7,8,35,16,6,27
S01011772,848,131,246,120,92,40,74,35,23,87,423,84,124,30,61,33,17,22,8,44,425,47,122,90,31,7,57,13,15,43
S01011773,439,59,118,81,30,37,43,20,7,44,217,35,51,18,20,31,21,14,4,23,222,24,67,63,10,6,22,6,3,21
S01011774,678,70,170,116,54,46,77,55,20,70,325,43,80,34,35,38,23,33,10,29,353,27,90,82,19,8,54,22,10,41
S01011775,463,83,138,72,35,24,46,17,11,37,232,57,61,23,19,17,21,14,3,17,231,26,77,49,16,7,25,3,8,20
S01011776,729,121,229,118,67,34,60,32,19,49,365,80,107,31,47,28,19,21,9,23,364,41,122,87,20,6,41,11,10,26
S01011777,460,62,149,97,24,23,46,26,7,26,221,44,71,25,19,21,15,18,1,7,239,18,78,72,5,2,31,8,6,19
S01011778,465,72,139,76,38,25,41,20,8,46,225,50,53,26,28,16,14,9,4,25,240,22,86,50,10,9,27,11,4,21
S01011779,595,75,170,111,50,44,61,32,10,42,288,47,70,35,37,35,23,17,6,18,307,28,100,76,13,9,38,15,4,24
S01011780,709,116,190,105,71,38,70,39,14,66,358,73,81,36,55,27,23,27,3,33,351,43,109,69,16,11,47,12,11,33
S01011781,437,50,112,71,26,31,58,35,3,51,210,37,47,13,23,20,23,22,2,23,227,13,65,58,3,11,35,13,1,28
S01011782,556,67,151,90,43,38,68,34,11,54,281,48,67,21,32,30,24,25,4,30,275,19,84,69,11,8,44,9,7,24
S01011783,464,53,127,77,37,30,53,35,11,41,243,35,55,23,27,26,16,23,8,30,221,18,72,54,10,4,37,12,3,11
S01011784,615,24,100,119,33,49,119,84,28,59,264,10,40,30,27,33,35,52,8,29,351,14,60,89,6,16,84,32,20,30
S01011785,634,38,121,135,34,45,122,88,20,31,292,24,56,36,24,27,46,56,4,19,342,14,65,99,10,18,76,32,16,12
S01011786,293,48,84,47,23,21,13,11,10,36,143,25,39,12,19,18,2,6,3,19,150,23,45,35,4,3,11,5,7,17
S01011787,751,22,89,80,59,70,150,161,61,59,368,15,38,16,50,50,38,94,43,24,383,7,51,64,9,20,112,67,18,35
S01011788,496,105,146,56,82,11,28,15,8,45,256,65,62,16,57,8,6,8,4,30,240,40,84,40,25,3,22,7,4,15
S01011789,501,31,98,76,63,59,63,71,10,30,241,19,42,16,42,40,22,44,4,12,260,12,56,60,21,19,41,27,6,18
S01011790,749,40,125,87,82,60,129,112,53,61,350,29,48,17,65,41,39,64,22,25,399,11,77,70,17,19,90,48,31,36
S01011791,547,16,75,80,43,55,99,115,28,36,249,11,32,21,34,41,28,59,8,15,298,5,43,59,9,14,71,56,20,21
S01011792,638,36,133,88,53,53,105,117,29,24,322,22,57,28,45,34,40,71,12,13,316,14,76,60,8,19,65,46,17,11
S01011793,518,51,115,79,46,48,73,57,11,38,249,27,51,14,33,37,26,39,7,15,269,24,64,65,13,11,47,18,4,23
S01011794,669,16,104,107,56,60,115,130,36,45,310,12,37,32,46,43,24,72,20,24,359,4,67,75,10,17,91,58,16,21
S01011795,477,15,76,61,32,57,102,94,26,14,246,10,32,21,21,43,40,60,11,8,231,5,44,40,11,14,62,34,15,6
S01011796,554,18,80,69,32,55,105,108,44,43,257,7,33,15,29,45,28,63,19,18,297,11,47,54,3,10,77,45,25,25
S01011797,801,80,207,135,75,56,94,71,13,70,399,56,88,34,53,49,29,48,6,36,402,24,119,101,22,7,65,23,7,34
S01011798,411,14,67,45,36,43,83,71,29,23,190,5,29,9,31,22,28,43,13,10,221,9,38,36,5,21,55,28,16,13
S01011799,704,50,157,99,48,73,111,98,24,44,342,34,63,22,38,57,39,58,14,17,362,16,94,77,10,16,72,40,10,27
S01011800,378,11,47,57,28,47,76,84,13,15,189,5,22,11,25,34,25,56,7,4,189,6,25,46,3,13,51,28,6,11
S01011801,440,13,63,58,21,34,96,80,38,37,208,12,21,10,20,24,38,43,20,20,232,1,42,48,1,10,58,37,18,17
S01011802,494,17,73,67,39,56,102,86,26,28,240,14,32,17,30,33,32,58,12,12,254,3,41,50,9,23,70,28,14,16
S01011803,435,22,54,53,43,52,92,71,23,25,200,15,15,13,32,36,30,43,6,10,235,7,39,40,11,16,62,28,17,15
S01011804,547,30,112,46,58,57,103,105,17,19,262,17,50,10,32,43,41,53,7,9,285,13,62,36,26,14,62,52,10,10
S01011805,418,31,90,33,54,46,74,53,6,31,205,13,37,6,34,30,38,27,4,16,213,18,53,27,20,16,36,26,2,15
S01011806,560,40,125,47,75,66,100,73,13,21,276,22,56,10,52,48,35,39,4,10,284,18,69,37,23,18,65,34,9,11
S01011807,831,63,183,65,199,63,133,74,11,40,421,39,74,15,128,51,41,52,4,17,410,24,109,50,71,12,92,22,7,23
S01011808,455,28,101,39,44,43,97,61,13,29,231,17,41,7,35,30,30,51,7,13,224,11,60,32,9,13,67,10,6,16
S01011809,556,53,105,69,108,43,88,61,10,19,275,30,50,15,60,32,29,46,6,7,281,23,55,54,48,11,59,15,4,12
S01011810,709,47,138,72,134,74,114,97,15,18,352,28,46,22,76,51,44,68,11,6,357,19,92,50,58,23,70,29,4,12
S01011811,776,48,163,62,180,72,127,83,12,29,391,24,67,8,117,53,40,65,4,13,385,24,96,54,63,19,87,18,8,16
S01011812,491,52,124,40,104,37,65,35,10,24,250,33,56,9,70,24,22,21,2,13,241,19,68,31,34,13,43,14,8,11
S01011813,572,34,103,57,106,57,109,68,11,27,279,15,45,6,69,42,36,56,2,8,293,19,58,51,37,15,73,12,9,19
S01011814,517,35,117,49,106,27,90,64,6,23,250,19,51,6,71,14,38,43,2,6,267,16,66,43,35,13,52,21,4,17
S01011815,579,30,137,62,82,46,104,76,9,33,284,21,53,15,53,28,45,51,2,16,295,9,84,47,29,18,59,25,7,17
S01011816,476,44,139,66,60,39,69,34,3,22,233,30,58,17,46,31,15,23,0,13,243,14,81,49,14,8,54,11,3,9
S01011817,550,38,128,41,93,66,87,59,6,32,283,24,56,2,64,51,29,44,3,10,267,14,72,39,29,15,58,15,3,22
S01011818,800,44,170,101,72,82,158,119,14,40,385,30,75,15,42,58,62,85,5,13,415,14,95,86,30,24,96,34,9,27
S01011819,665,23,94,80,56,87,140,156,11,18,335,17,49,17,39,58,46,91,6,12,330,6,45,63,17,29,94,65,5,6
S01011820,518,35,107,62,49,54,78,70,23,40,240,20,47,14,29,40,25,47,7,11,278,15,60,48,20,14,53,23,16,29
S01011821,335,9,56,30,23,29,75,65,25,23,156,4,23,9,14,23,28,42,9,4,179,5,33,21,9,6,47,23,16,19
S01011822,544,26,89,46,58,89,113,93,15,15,278,17,38,11,31,58,51,59,7,6,266,9,51,35,27,31,62,34,8,9
S01011823,456,18,85,51,42,46,103,81,10,20,206,13,41,15,25,27,35,39,6,5,250,5,44,36,17,19,68,42,4,15
S01011824,520,11,88,57,39,61,118,113,16,17,262,7,44,17,26,45,39,73,5,6,258,4,44,40,13,16,79,40,11,11
S01011825,409,22,95,39,37,44,84,56,11,21,199,13,50,7,19,26,38,28,8,10,210,9,45,32,18,18,46,28,3,11
S01011826,495,36,94,54,47,53,100,79,8,24,244,18,42,11,31,35,34,55,4,14,251,18,52,43,16,18,66,24,4,10
S01011827,417,18,85,24,84,46,83,53,18,6,213,13,42,6,54,34,19,33,8,4,204,5,43,18,30,12,64,20,10,2
S01011828,692,45,124,69,165,57,124,70,10,28,365,27,53,19,111,42,47,46,6,14,327,18,71,50,54,15,77,24,4,14
S01011829,321,23,68,35,56,33,52,39,4,11,166,14,29,9,39,25,15,29,1,5,155,9,39,26,17,8,37,10,3,6
S01011830,439,22,76,34,140,32,70,42,14,9,225,12,34,10,96,19,24,21,5,4,214,10,42,24,44,13,46,21,9,5
S01011831,666,47,100,44,204,36,139,41,27,28,349,31,42,10,137,25,59,18,11,16,317,16,58,34,67,11,80,23,16,12
S01011832,628,24,118,38,183,54,125,56,13,17,315,18,52,12,130,30,36,28,4,5,313,6,66,26,53,24,89,28,9,12
S01011833,712,119,217,70,90,34,61,41,23,57,342,79,95,13,53,23,25,21,15,18,370,40,122,57,37,11,36,20,8,39
S01011834,347,72,102,45,33,22,28,15,7,23,171,48,44,12,22,19,4,9,4,9,176,24,58,33,11,3,24,6,3,14
S01011835,516,90,152,67,77,23,39,28,14,26,257,55,63,20,51,13,15,18,9,13,259,35,89,47,26,10,24,10,5,13
S01011836,609,109,180,74,70,34,64,25,16,37,304,72,81,19,49,23,24,13,5,18,305,37,99,55,21,11,40,12,11,19
S01011837,502,73,143,55,76,33,46,26,20,30,247,51,52,12,53,23,19,15,13,9,255,22,91,43,23,10,27,11,7,21
S01011838,641,114,190,89,58,43,69,35,4,39,321,75,87,29,30,35,20,20,2,23,320,39,103,60,28,8,49,15,2,16
S01011839,735,89,209,93,66,56,103,62,15,42,351,73,77,26,49,37,36,32,7,14,384,16,132,67,17,19,67,30,8,28
S01011840,738,77,195,102,58,63,107,79,13,44,350,55,79,30,36,47,30,43,6,24,388,22,116,72,22,16,77,36,7,20
S01011841,662,63,176,89,64,55,83,80,24,28,318,42,72,27,43,38,27,41,10,18,344,21,104,62,21,17,56,39,14,10
S01011842,700,47,141,72,46,78,118,128,27,43,347,34,53,23,32,55,33,75,19,23,353,13,88,49,14,23,85,53,8,20
S01011843,754,116,211,75,149,39,67,42,14,41,367,79,81,15,93,27,24,23,4,21,387,37,130,60,56,12,43,19,10,20
S01011844,512,121,155,47,59,18,37,29,5,41,240,82,59,12,31,8,13,17,0,18,272,39,96,35,28,10,24,12,5,23
S01011845,614,52,156,84,62,50,93,68,10,39,285,36,65,18,45,38,26,36,2,19,329,16,91,66,17,12,67,32,8,20
S01011846,648,108,177,70,74,33,66,63,11,46,303,70,63,15,49,20,21,41,3,21,345,38,114,55,25,13,45,22,8,25
S01011847,327,57,120,34,47,14,28,13,2,12,164,41,54,9,30,10,8,8,1,3,163,16,66,25,17,4,20,5,1,9
S01011848,532,77,133,61,85,27,75,38,2,34,250,50,51,13,58,16,25,24,1,12,282,27,82,48,27,11,50,14,1,22
S01011849,597,77,135,62,61,66,107,53,12,24,290,48,49,19,42,43,43,32,5,9,307,29,86,43,19,23,64,21,7,15
S01011850,524,67,143,59,94,35,60,35,6,25,257,42,60,13,62,26,28,17,1,8,267,25,83,46,32,9,32,18,5,17
S01011851,639,54,143,49,87,63,105,82,23,33,311,35,52,12,59,42,30,52,16,13,328,19,91,37,28,21,75,30,7,20
S01011852,702,52,136,82,86,80,96,109,23,38,346,34,53,16,55,56,38,66,8,20,356,18,83,66,31,24,58,43,15,18
S01011853,525,63,126,56,62,56,70,57,13,22,263,39,53,13,38,43,27,33,6,11,262,24,73,43,24,13,43,24,7,11
S01011854,564,53,134,63,62,60,86,59,10,37,269,32,63,4,42,40,29,38,4,17,295,21,71,59,20,20,57,21,6,20
S01011855,615,31,84,60,57,78,115,140,19,31,292,22,27,9,43,50,37,80,10,14,323,9,57,51,14,28,78,60,9,17
S01011856,494,85,154,49,78,23,42,20,9,34,232,59,68,10,42,18,6,8,3,18,262,26,86,39,36,5,36,12,6,16
S01011857,494,45,127,49,86,40,71,37,14,25,240,33,55,10,56,29,20,20,6,11,254,12,72,39,30,11,51,17,8,14
S01011858,564,80,154,60,75,30,72,38,16,39,254,51,59,10,49,24,18,20,5,18,310,29,95,50,26,6,54,18,11,21
S01011859,586,51,131,60,82,54,108,57,14,29,276,40,46,11,55,36,28,37,9,14,310,11,85,49,27,18,80,20,5,15
S01011860,484,39,104,38,69,61,71,59,13,30,259,29,56,7,40,46,25,35,6,15,225,10,48,31,29,15,46,24,7,15
S01011861,565,60,143,41,123,44,61,53,15,25,286,42,62,10,79,26,13,38,4,12,279,18,81,31,44,18,48,15,11,13
S01011862,699,92,222,76,62,59,98,34,11,45,347,71,101,13,35,47,29,20,2,29,352,21,121,63,27,12,69,14,9,16
S01011863,552,103,145,48,49,40,53,49,26,39,266,71,48,11,26,32,20,26,12,20,286,32,97,37,23,8,33,23,14,19
S01011864,521,65,154,63,61,34,69,38,5,32,257,43,62,14,40,23,26,28,2,19,264,22,92,49,21,11,43,10,3,13
S01011865,431,35,94,58,41,52,59,58,12,22,202,24,41,16,22,34,17,33,7,8,229,11,53,42,19,18,42,25,5,14
S01011866,563,41,119,69,69,60,87,76,16,26,272,25,57,11,48,40,30,39,7,15,291,16,62,58,21,20,57,37,9,11
S01011867,666,28,114,58,59,82,139,132,15,39,320,18,49,12,43,56,44,76,6,16,346,10,65,46,16,26,95,56,9,23
S01011868,610,49,140,62,71,62,107,61,19,39,297,31,65,15,54,34,38,35,7,18,313,18,75,47,17,28,69,26,12,21
S01011869,601,55,125,57,77,70,96,72,16,33,303,38,52,15,47,42,39,47,11,12,298,17,73,42,30,28,57,25,5,21
S01011870,508,32,87,47,40,62,105,77,19,39,246,22,43,10,31,35,37,48,6,14,262,10,44,37,9,27,68,29,13,25
S01011871,799,88,192,72,137,71,98,65,25,51,382,51,84,12,92,46,31,38,10,18,417,37,108,60,45,25,67,27,15,33
S01011872,674,102,177,87,124,37,64,33,10,40,329,66,77,10,83,28,22,22,3,18,345,36,100,77,41,9,42,11,7,22
S01011873,608,76,169,96,64,45,73,44,8,33,292,47,64,28,41,38,25,26,5,18,316,29,105,68,23,7,48,18,3,15
S01011874,496,39,127,82,60,47,69,38,8,26,240,20,52,21,44,34,29,24,3,13,256,19,75,61,16,13,40,14,5,13
S01011875,470,39,98,78,33,39,77,77,15,14,230,25,34,18,26,28,30,52,6,11,240,14,64,60,7,11,47,25,9,3
S01011876,698,99,196,79,103,43,86,48,9,35,353,60,90,16,72,33,36,28,6,12,345,39,106,63,31,10,50,20,3,23
S01011877,418,36,97,62,52,41,56,53,9,12,205,22,42,12,35,30,23,36,0,5,213,14,55,50,17,11,33,17,9,7
S01011878,917,106,221,84,88,52,79,53,14,220,467,64,89,21,58,34,31,34,8,128,450,42,132,63,30,18,48,19,6,92
S01011879,415,69,111,45,51,24,39,21,13,42,204,47,46,10,35,17,10,14,7,18,211,22,65,35,16,7,29,7,6,24
S01011880,444,77,111,37,76,21,54,33,12,23,221,49,46,9,45,19,16,21,2,14,223,28,65,28,31,2,38,12,10,9
S01011881,549,56,137,77,55,35,77,67,12,33,269,42,53,21,34,25,30,39,9,16,280,14,84,56,21,10,47,28,3,17
S01011882,679,42,139,114,55,63,113,93,27,33,333,27,61,30,43,45,40,57,19,11,346,15,78,84,12,18,73,36,8,22
S01011883,857,102,245,119,73,52,93,51,16,106,357,72,95,29,48,37,24,31,7,14,500,30,150,90,25,15,69,20,9,92
S01011884,325,42,95,42,55,14,30,29,5,13,167,26,44,12,37,13,12,16,2,5,158,16,51,30,18,1,18,13,3,8
S01011885,479,83,173,60,60,17,42,18,3,23,238,58,67,18,38,13,16,14,2,12,241,25,106,42,22,4,26,4,1,11
S01011886,637,96,145,88,59,55,74,68,8,44,304,61,63,15,42,42,20,33,2,26,333,35,82,73,17,13,54,35,6,18
S01011887,419,36,77,56,44,41,77,52,8,28,215,24,29,19,28,29,32,34,4,16,204,12,48,37,16,12,45,18,4,12
S01011888,606,24,109,77,46,60,118,97,30,45,281,15,40,19,30,45,36,55,19,22,325,9,69,58,16,15,82,42,11,23
S01011889,628,88,171,105,58,38,71,52,14,31,305,53,76,24,38,23,34,36,6,15,323,35,95,81,20,15,37,16,8,16
S01011890,514,60,131,69,31,48,62,63,15,35,251,40,51,22,24,31,19,39,9,16,263,20,80,47,7,17,43,24,6,19
S01011891,1049,32,110,82,75,139,176,237,165,33,795,24,51,40,71,121,115,204,148,21,254,8,59,42,4,18,61,33,17,12
S01011892,771,97,216,123,60,56,99,66,13,41,382,55,91,34,41,40,48,45,3,25,389,42,125,89,19,16,51,21,10,16
S01011893,708,69,163,145,39,63,105,82,18,24,355,45,76,40,28,52,42,52,11,9,353,24,87,105,11,11,63,30,7,15
S01011894,483,38,107,76,27,43,82,64,11,35,243,23,43,24,22,26,36,45,7,17,240,15,64,52,5,17,46,19,4,18
S01011895,448,84,122,61,51,26,36,19,7,42,221,59,46,18,31,19,9,15,1,23,227,25,76,43,20,7,27,4,6,19
S01011896,625,87,158,108,43,55,71,54,16,33,292,49,62,40,27,39,26,26,6,17,333,38,96,68,16,16,45,28,10,16
S01011897,710,90,207,120,49,47,80,51,19,47,318,62,85,19,33,37,29,31,5,17,392,28,122,101,16,10,51,20,14,30
S01011898,494,105,161,76,46,14,30,17,4,41,235,72,60,23,31,10,5,9,3,22,259,33,101,53,15,4,25,8,1,19
S01011899,601,59,168,128,29,43,86,48,8,32,270,39,73,36,18,32,27,30,4,11,331,20,95,92,11,11,59,18,4,21
S01011900,549,91,155,106,44,26,70,21,8,28,276,61,77,36,30,17,21,11,4,19,273,30,78,70,14,9,49,10,4,9
S01011901,651,97,178,105,70,34,86,40,11,30,308,76,66,31,44,24,25,28,4,10,343,21,112,74,26,10,61,12,7,20
S01011902,787,113,250,129,55,39,94,44,13,50,377,80,111,31,38,33,32,29,4,19,410,33,139,98,17,6,62,15,9,31
S01011903,573,63,185,115,44,33,64,33,12,24,274,42,85,30,32,24,20,24,7,10,299,21,100,85,12,9,44,9,5,14
S01011904,559,67,172,101,40,30,68,39,13,29,261,53,73,28,22,21,25,20,6,13,298,14,99,73,18,9,43,19,7,16
S01011905,559,91,148,97,52,30,50,28,10,53,271,64,63,23,35,23,16,16,6,25,288,27,85,74,17,7,34,12,4,28
S01011906,325,31,106,58,21,25,43,23,6,12,154,17,47,16,13,17,16,18,3,7,171,14,59,42,8,8,27,5,3,5
S01011907,585,48,156,107,31,72,90,49,5,27,282,32,59,33,22,59,26,33,3,15,303,16,97,74,9,13,64,16,2,12
S01011908,286,25,82,50,14,29,48,20,5,13,141,16,37,17,9,23,19,10,4,6,145,9,45,33,5,6,29,10,1,7
S01011909,775,64,235,142,46,73,111,59,10,35,370,44,87,51,34,53,44,38,4,15,405,20,148,91,12,20,67,21,6,20
S01011910,659,22,74,74,40,69,143,149,54,34,301,15,34,18,31,50,36,76,28,13,358,7,40,56,9,19,107,73,26,21
S01011911,462,17,85,67,24,51,91,85,23,19,211,9,34,19,17,39,25,50,9,9,251,8,51,48,7,12,66,35,14,10
S01011912,515,15,73,63,31,61,109,116,21,26,246,10,33,14,21,46,32,68,7,15,269,5,40,49,10,15,77,48,14,11
S01011913,534,20,83,59,26,54,124,116,33,19,247,17,33,18,19,38,34,66,14,8,287,3,50,41,7,16,90,50,19,11
S01011914,586,10,70,76,42,58,134,114,43,39,274,9,30,19,31,42,46,64,22,11,312,1,40,57,11,16,88,50,21,28
S01011915,591,23,75,76,35,62,125,124,34,37,292,15,32,15,27,48,44,77,13,21,299,8,43,61,8,14,81,47,21,16
S01011916,420,9,50,56,22,45,85,97,27,29,191,5,17,14,14,33,32,49,12,15,229,4,33,42,8,12,53,48,15,14
S01011917,372,5,55,53,20,36,87,76,16,24,158,2,23,10,10,26,22,50,5,10,214,3,32,43,10,10,65,26,11,14
S01011918,564,17,66,44,39,41,128,135,57,37,256,9,21,14,26,30,45,64,30,17,308,8,45,30,13,11,83,71,27,20
S01011919,724,36,111,81,33,71,124,105,40,123,373,27,45,19,21,51,40,67,26,77,351,9,66,62,12,20,84,38,14,46
S01011920,475,14,59,60,32,48,102,106,23,31,231,9,14,23,24,36,28,67,14,16,244,5,45,37,8,12,74,39,9,15
S01011921,419,17,53,52,22,41,93,95,22,24,187,14,11,17,15,32,32,50,7,9,232,3,42,35,7,9,61,45,15,15
S01011922,581,15,61,71,27,58,151,146,30,22,288,9,33,20,16,43,55,87,12,13,293,6,28,51,11,15,96,59,18,9
S01011923,643,13,87,84,31,68,149,125,47,39,304,9,42,21,18,42,62,75,19,16,339,4,45,63,13,26,87,50,28,23
S01011924,329,8,47,49,20,34,69,66,10,26,161,8,20,12,11,25,22,45,5,13,168,0,27,37,9,9,47,21,5,13
S01011925,544,62,144,76,47,50,70,47,17,31,275,40,69,21,26,40,27,33,5,14,269,22,75,55,21,10,43,14,12,17
S01011926,483,18,60,74,31,41,128,91,19,21,223,9,23,13,23,33,48,54,8,12,260,9,37,61,8,8,80,37,11,9
S01011927,468,11,64,76,28,43,112,86,17,31,213,7,26,22,14,30,41,48,8,17,255,4,38,54,14,13,71,38,9,14
S01011928,565,31,80,73,45,75,105,116,15,25,262,14,28,19,34,50,32,68,3,14,303,17,52,54,11,25,73,48,12,11
S01011929,531,11,76,87,15,59,119,113,23,28,252,6,27,29,11,41,46,65,12,15,279,5,49,58,4,18,73,48,11,13
S01011930,476,15,73,70,29,43,94,107,14,31,218,10,27,21,14,31,33,57,8,17,258,5,46,49,15,12,61,50,6,14
S01011931,457,12,59,40,27,40,92,113,43,31,221,8,28,17,19,30,27,64,18,10,236,4,31,23,8,10,65,49,25,21
S01011932,497,35,104,74,20,49,77,73,29,36,238,22,32,21,18,37,30,50,12,16,259,13,72,53,2,12,47,23,17,20
S01011933,516,26,79,66,27,63,89,98,25,43,271,14,33,26,20,41,40,57,17,23,245,12,46,40,7,22,49,41,8,20
S01011934,821,62,163,99,60,57,137,113,28,102,436,43,74,27,44,42,51,77,7,71,385,19,89,72,16,15,86,36,21,31
S01011935,686,40,95,72,52,61,118,145,29,74,381,29,52,26,29,44,54,90,14,43,305,11,43,46,23,17,64,55,15,31
S01011936,554,70,123,68,35,45,80,56,23,54,280,39,51,24,19,33,35,33,17,29,274,31,72,44,16,12,45,23,6,25
S01011937,542,60,103,70,34,46,82,76,24,47,303,42,46,28,22,30,36,51,13,35,239,18,57,42,12,16,46,25,11,12
S01011938,539,59,141,66,59,30,69,71,14,30,264,36,65,16,39,21,28,37,11,11,275,23,76,50,20,9,41,34,3,19
S01011939,641,39,119,73,34,61,119,92,46,58,353,24,51,25,26,46,54,59,32,36,288,15,68,48,8,15,65,33,14,22
S01011940,338,25,54,35,18,32,66,59,23,26,186,17,25,13,12,25,31,37,11,15,152,8,29,22,6,7,35,22,12,11
S01011941,627,48,111,72,32,69,124,96,27,48,372,31,57,35,26,46,66,62,20,29,255,17,54,37,6,23,58,34,7,19
S01011942,661,34,112,74,33,63,117,127,28,73,381,23,51,36,21,49,55,85,16,45,280,11,61,38,12,14,62,42,12,28
S01011943,946,47,158,98,52,87,187,159,79,79,509,27,70,36,39,58,88,99,48,44,437,20,88,62,13,29,99,60,31,35
S01011944,340,59,95,35,47,20,37,14,8,25,164,38,42,5,27,17,14,6,4,11,176,21,53,30,20,3,23,8,4,14
S01011945,605,128,192,75,54,21,50,27,30,28,305,95,80,13,36,16,14,23,20,8,300,33,112,62,18,5,36,4,10,20
S01011946,561,63,103,69,42,58,99,65,22,40,277,40,39,24,28,39,44,32,13,18,284,23,64,45,14,19,55,33,9,22
S01011947,354,27,89,63,22,36,59,34,5,19,173,21,45,22,10,31,17,18,0,9,181,6,44,41,12,5,42,16,5,10
S01011948,789,109,211,89,70,49,86,60,79,36,383,74,82,24,39,35,34,37,43,15,406,35,129,65,31,14,52,23,36,21
S01011949,545,78,171,90,55,31,68,27,4,21,246,50,77,22,37,18,12,18,0,12,299,28,94,68,18,13,56,9,4,9
S01011950,514,55,115,88,35,45,83,58,13,22,232,34,49,25,22,27,31,31,5,8,282,21,66,63,13,18,52,27,8,14
S01011951,484,35,126,87,49,37,70,44,10,26,223,25,54,25,33,26,13,30,8,9,261,10,72,62,16,11,57,14,2,17
S01011952,354,61,105,64,30,22,43,13,4,12,168,37,51,16,18,17,15,5,2,7,186,24,54,48,12,5,28,8,2,5
S01011953,524,71,155,79,50,34,55,38,6,36,252,50,55,22,35,23,20,24,2,21,272,21,100,57,15,11,35,14,4,15
S01011954,350,16,79,71,19,41,57,47,7,13,166,15,31,19,15,27,18,28,4,9,184,1,48,52,4,14,39,19,3,4
S01011955,686,44,152,103,65,61,118,89,17,37,320,26,58,25,42,45,41,59,13,11,366,18,94,78,23,16,77,30,4,26
S01011956,717,112,198,111,63,44,91,57,8,33,351,75,90,27,41,32,26,38,3,19,366,37,108,84,22,12,65,19,5,14
S01011957,721,74,156,67,89,74,131,56,29,45,401,50,63,13,61,50,78,37,14,35,320,24,93,54,28,24,53,19,15,10
S01011958,799,82,204,84,144,61,104,78,11,31,403,57,85,14,93,44,43,52,2,13,396,25,119,70,51,17,61,26,9,18
S01011959,665,66,146,85,93,57,78,58,45,37,318,41,60,14,70,34,22,35,22,20,347,25,86,71,23,23,56,23,23,17
S01011960,603,116,176,71,62,50,57,44,7,20,294,67,79,18,46,34,17,23,2,8,309,49,97,53,16,16,40,21,5,12
S01011961,531,66,139,72,38,48,72,56,8,32,248,33,53,22,27,33,30,34,5,11,283,33,86,50,11,15,42,22,3,21
S01011962,512,95,147,67,69,29,40,30,6,29,254,53,63,18,49,22,11,21,0,17,258,42,84,49,20,7,29,9,6,12
S01011963,359,47,90,48,23,24,60,42,9,16,172,29,36,14,14,17,20,28,5,9,187,18,54,34,9,7,40,14,4,7
S01011964,759,106,195,113,49,75,96,74,19,32,370,69,75,28,38,55,36,51,9,9,389,37,120,85,11,20,60,23,10,23
S01011965,549,88,142,75,32,52,54,51,10,45,267,46,52,22,18,43,22,30,9,25,282,42,90,53,14,9,32,21,1,20
S01011966,600,112,157,93,47,37,59,43,16,36,288,77,58,27,30,25,21,22,8,20,312,35,99,66,17,12,38,21,8,16
S01011967,909,146,207,101,126,57,102,92,30,48,515,81,80,30,87,51,59,78,24,25,394,65,127,71,39,6,43,14,6,23
S01011968,752,117,182,127,54,57,87,62,15,51,348,58,74,33,40,49,30,36,6,22,404,59,108,94,14,8,57,26,9,29
S01011969,762,55,147,88,52,88,146,136,20,30,379,31,63,19,33,64,54,94,7,14,383,24,84,69,19,24,92,42,13,16
S01011970,711,26,70,62,54,92,191,145,41,30,356,17,25,10,40,58,77,98,17,14,355,9,45,52,14,34,114,47,24,16
S01011971,392,47,91,45,47,35,56,41,10,20,197,33,31,11,33,29,20,27,4,9,195,14,60,34,14,6,36,14,6,11
S01011972,886,75,218,84,169,61,126,81,27,45,457,48,97,15,114,45,52,48,14,24,429,27,121,69,55,16,74,33,13,21
S01011973,463,60,106,56,62,24,73,49,10,23,230,36,44,9,40,17,34,35,3,12,233,24,62,47,22,7,39,14,7,11
S01011974,591,68,146,79,79,56,83,46,11,23,308,45,63,18,53,43,39,27,9,11,283,23,83,61,26,13,44,19,2,12
S01011975,352,40,80,26,49,37,60,39,6,15,174,24,35,2,32,28,16,28,2,7,178,16,45,24,17,9,44,11,4,8
S01011976,573,51,127,63,80,61,76,65,17,33,270,31,48,15,49,46,18,42,9,12,303,20,79,48,31,15,58,23,8,21
S01011977,880,67,191,80,113,87,135,123,40,44,438,45,73,32,73,59,41,75,17,23,442,22,118,48,40,28,94,48,23,21
S01011978,470,19,106,42,43,48,102,82,8,20,208,14,34,9,27,29,39,43,5,8,262,5,72,33,16,19,63,39,3,12
S01011979,724,74,194,74,123,45,105,62,15,32,379,48,94,15,86,27,48,37,4,20,345,26,100,59,37,18,57,25,11,12
S01011980,318,38,67,29,69,28,32,31,6,18,162,23,31,2,46,19,10,21,3,7,156,15,36,27,23,9,22,10,3,11
S01011981,716,60,148,70,139,89,106,63,12,29,366,42,59,16,76,70,45,37,7,14,350,18,89,54,63,19,61,26,5,15
S01011982,717,72,170,66,140,61,111,57,13,27,364,48,84,11,88,43,39,33,5,13,353,24,86,55,52,18,72,24,8,14
S01011983,548,47,107,52,111,71,82,53,12,13,272,32,36,10,67,54,34,27,7,5,276,15,71,42,44,17,48,26,5,8
S01011984,468,14,82,44,37,44,93,109,28,17,222,11,29,14,24,28,38,55,15,8,246,3,53,30,13,16,55,54,13,9
S01011985,526,25,118,55,74,45,95,62,26,26,249,17,49,11,49,35,26,39,12,11,277,8,69,44,25,10,69,23,14,15
S01011986,480,11,77,38,43,53,111,93,34,20,225,8,28,14,27,37,42,47,12,10,255,3,49,24,16,16,69,46,22,10
S01011987,703,36,138,88,67,61,142,98,27,46,335,24,51,24,48,37,57,60,15,19,368,12,87,64,19,24,85,38,12,27
S01011988,501,37,144,60,54,31,63,45,32,35,245,29,70,11,38,24,14,27,12,20,256,8,74,49,16,7,49,18,20,15
S01011989,616,40,126,87,68,71,101,79,14,30,294,28,51,28,40,47,31,52,6,11,322,12,75,59,28,24,70,27,8,19
S01011990,527,43,119,91,57,52,78,57,9,21,244,31,49,20,34,37,25,35,4,9,283,12,70,71,23,15,53,22,5,12
S01011991,521,22,108,58,52,41,101,86,17,36,256,14,51,14,29,29,34,53,10,22,265,8,57,44,23,12,67,33,7,14
S01011992,673,84,180,80,73,45,103,58,18,32,317,54,65,18,49,34,39,36,10,12,356,30,115,62,24,11,64,22,8,20
S01011993,625,26,98,69,36,80,133,123,31,29,301,11,46,14,19,51,56,73,16,15,324,15,52,55,17,29,77,50,15,14
S01011994,518,89,169,62,67,27,37,28,12,27,243,65,54,14,40,20,14,17,8,11,275,24,115,48,27,7,23,11,4,16
S01011995,613,77,155,68,98,50,81,53,6,25,319,47,80,7,69,41,27,34,2,12,294,30,75,61,29,9,54,19,4,13
S01011996,404,24,82,51,35,46,58,64,20,24,192,15,36,15,23,30,11,37,13,12,212,9,46,36,12,16,47,27,7,12
S01011997,668,71,146,76,63,66,98,86,17,45,320,45,52,19,51,46,38,41,5,23,348,26,94,57,12,20,60,45,12,22
S01011998,382,54,107,72,44,29,42,20,3,11,188,38,50,18,31,19,12,14,2,4,194,16,57,54,13,10,30,6,1,7
S01011999,477,45,97,54,76,56,70,46,6,27,235,28,44,10,51,39,20,29,2,12,242,17,53,44,25,17,50,17,4,15
S01012000,335,27,86,63,36,34,41,36,0,12,162,18,40,10,24,24,17,22,0,7,173,9,46,53,12,10,24,14,0,5
S01012001,459,31,86,69,61,52,64,76,9,11,224,22,34,17,38,37,19,50,5,2,235,9,52,52,23,15,45,26,4,9
S01012002,391,25,72,62,42,51,65,49,9,16,185,15,31,16,30,36,17,27,3,10,206,10,41,46,12,15,48,22,6,6
S01012003,419,16,103,55,43,34,64,67,13,24,217,12,41,19,33,24,21,46,6,15,202,4,62,36,10,10,43,21,7,9
S01012004,638,66,136,107,65,47,86,74,13,44,300,43,57,25,40,34,25,47,5,24,338,23,79,82,25,13,61,27,8,20
S01012005,644,74,162,109,53,50,88,60,15,33,315,51,68,30,39,38,29,36,6,18,329,23,94,79,14,12,59,24,9,15
S01012006,708,60,166,41,91,40,46,38,11,215,390,37,74,8,68,29,14,26,7,127,318,23,92,33,23,11,32,12,4,88
S01012007,580,59,149,59,78,57,84,51,15,28,290,36,68,16,46,41,31,25,8,19,290,23,81,43,32,16,53,26,7,9
S01012008,707,75,173,59,104,70,90,60,37,39,350,48,69,14,62,42,30,36,29,20,357,27,104,45,42,28,60,24,8,19
S01012009,557,54,144,40,81,42,86,76,11,23,266,35,63,6,51,28,28,43,3,9,291,19,81,34,30,14,58,33,8,14
S01012010,872,90,207,72,123,108,115,111,11,35,411,60,74,18,69,65,52,56,4,13,461,30,133,54,54,43,63,55,7,22
S01012011,824,59,166,58,104,103,168,97,15,54,397,37,65,13,68,61,59,56,8,30,427,22,101,45,36,42,109,41,7,24
S01012012,477,43,128,45,94,39,63,40,7,18,229,34,51,6,60,17,23,23,4,11,248,9,77,39,34,22,40,17,3,7
S01012013,580,61,117,52,131,53,72,66,11,17,281,39,41,7,80,34,34,31,2,13,299,22,76,45,51,19,38,35,9,4
S01012014,600,38,117,35,77,72,122,100,16,23,306,26,43,8,50,54,56,44,11,14,294,12,74,27,27,18,66,56,5,9
S01012015,655,41,146,67,89,67,118,73,12,42,317,31,52,12,54,53,45,46,4,20,338,10,94,55,35,14,73,27,8,22
S01012016,667,64,135,60,101,89,106,70,17,25,348,43,55,16,68,60,45,35,8,18,319,21,80,44,33,29,61,35,9,7
S01012017,400,52,100,26,98,33,36,24,11,20,206,40,39,4,59,19,15,10,7,13,194,12,61,22,39,14,21,14,4,7
S01012018,657,64,171,34,120,77,92,54,16,29,351,43,73,5,74,52,36,36,12,20,306,21,98,29,46,25,56,18,4,9
S01012019,616,85,183,96,56,45,63,40,15,33,311,48,75,32,37,33,26,31,10,19,305,37,108,64,19,12,37,9,5,14
S01012020,509,63,127,65,31,33,63,73,15,39,251,40,52,13,26,24,30,48,7,11,258,23,75,52,5,9,33,25,8,28
S01012021,437,72,103,53,28,31,51,36,16,47,206,48,38,13,17,22,19,21,10,18,231,24,65,40,11,9,32,15,6,29
S01012022,495,39,112,69,42,47,83,60,14,29,231,24,42,15,28,35,24,39,9,15,264,15,70,54,14,12,59,21,5,14
S01012023,418,78,117,45,70,25,23,22,13,25,203,45,44,8,47,15,10,13,7,14,215,33,73,37,23,10,13,9,6,11
S01012024,654,96,176,112,47,42,68,55,19,39,305,56,76,25,31,33,30,30,9,15,349,40,100,87,16,9,38,25,10,24
S01012025,524,46,121,87,37,46,92,59,10,26,262,25,58,21,28,34,34,37,8,17,262,21,63,66,9,12,58,22,2,9
S01012026,454,79,125,69,41,24,41,17,11,47,219,47,50,19,27,18,19,11,2,26,235,32,75,50,14,6,22,6,9,21
S01012027,665,92,170,94,71,43,70,55,32,38,335,52,74,26,48,32,30,32,18,23,330,40,96,68,23,11,40,23,14,15
S01012028,711,153,231,98,54,24,50,27,8,66,353,93,111,25,37,17,18,18,3,31,358,60,120,73,17,7,32,9,5,35
S01012029,810,94,175,109,84,68,108,71,26,75,413,49,86,30,66,53,36,46,17,30,397,45,89,79,18,15,72,25,9,45
S01012030,512,68,128,60,79,27,43,51,15,41,258,43,43,16,62,21,18,30,7,18,254,25,85,44,17,6,25,21,8,23
S01012031,418,100,147,53,40,19,23,12,9,15,201,55,62,13,25,15,7,9,6,9,217,45,85,40,15,4,16,3,3,6
S01012032,273,47,83,35,46,12,15,12,5,18,134,29,30,4,35,8,5,10,2,11,139,18,53,31,11,4,10,2,3,7
S01012033,622,63,147,106,29,51,87,74,27,38,313,42,62,29,23,35,30,58,17,17,309,21,85,77,6,16,57,16,10,21
S01012034,602,68,143,78,47,40,75,80,29,42,288,44,62,26,33,26,20,47,16,14,314,24,81,52,14,14,55,33,13,28
S01012035,694,90,184,102,49,48,98,57,28,38,345,58,93,23,34,40,30,41,12,14,349,32,91,79,15,8,68,16,16,24
S01012036,665,78,186,113,38,43,71,56,20,60,319,50,75,31,26,34,31,42,9,21,346,28,111,82,12,9,40,14,11,39
S01012037,697,25,98,99,24,67,135,134,56,59,322,15,34,31,17,46,45,82,28,24,375,10,64,68,7,21,90,52,28,35
S01012038,607,10,49,55,20,53,134,154,84,48,257,7,15,16,15,30,44,71,43,16,350,3,34,39,5,23,90,83,41,32
S01012039,740,21,88,101,39,81,147,159,54,50,353,11,38,31,32,62,42,77,28,32,387,10,50,70,7,19,105,82,26,18
S01012040,524,46,132,86,36,43,66,42,18,55,264,31,63,24,24,33,24,28,7,30,260,15,69,62,12,10,42,14,11,25
S01012041,646,27,121,96,33,62,122,96,29,60,314,21,46,30,26,48,42,52,16,33,332,6,75,66,7,14,80,44,13,27
S01012042,675,23,101,88,47,68,142,125,36,45,303,10,46,15,30,46,47,69,14,26,372,13,55,73,17,22,95,56,22,19
S01012043,658,22,103,68,30,65,131,137,66,36,315,15,43,16,20,44,53,70,31,23,343,7,60,52,10,21,78,67,35,13
S01012044,654,22,87,83,32,40,144,158,51,37,310,14,41,16,26,29,64,73,28,19,344,8,46,67,6,11,80,85,23,18
S01012045,828,51,141,116,41,79,137,125,77,61,431,36,72,26,32,56,60,77,39,33,397,15,69,90,9,23,77,48,38,28
S01012046,502,13,59,63,21,56,99,94,61,36,235,6,27,11,14,40,34,54,33,16,267,7,32,52,7,16,65,40,28,20
S01012047,667,16,97,82,36,64,129,140,65,38,308,8,36,22,28,45,54,65,32,18,359,8,61,60,8,19,75,75,33,20
S01012048,512,16,63,80,27,55,114,85,45,27,236,12,24,23,18,33,44,51,18,13,276,4,39,57,9,22,70,34,27,14
S01012049,527,31,104,90,34,48,91,71,25,33,242,23,45,22,26,36,28,44,8,10,285,8,59,68,8,12,63,27,17,23
S01012050,776,48,161,147,41,62,113,98,43,63,366,33,67,39,35,51,46,52,21,22,410,15,94,108,6,11,67,46,22,41
S01012051,365,30,94,65,28,24,46,35,15,28,178,20,41,18,19,18,18,24,7,13,187,10,53,47,9,6,28,11,8,15
S01012052,660,25,124,100,28,67,144,104,30,38,324,18,47,28,24,45,61,64,18,19,336,7,77,72,4,22,83,40,12,19
S01012053,662,17,97,90,28,91,147,104,45,43,318,4,39,24,22,62,58,71,24,14,344,13,58,66,6,29,89,33,21,29
S01012054,615,14,67,61,27,66,131,122,81,46,307,11,26,20,22,51,47,63,42,25,308,3,41,41,5,15,84,59,39,21
S01012055,622,22,86,84,29,73,131,130,33,34,288,15,34,20,22,51,48,71,15,12,334,7,52,64,7,22,83,59,18,22
S01012056,592,51,125,98,37,57,83,68,16,57,296,34,43,30,27,44,31,41,11,35,296,17,82,68,10,13,52,27,5,22
S01012057,576,65,177,107,33,40,53,34,17,50,277,42,73,31,26,31,15,27,7,25,299,23,104,76,7,9,38,7,10,25
S01012058,558,57,157,94,46,30,68,44,14,48,263,37,70,27,30,22,22,27,5,23,295,20,87,67,16,8,46,17,9,25
S01012059,628,21,82,84,43,57,120,130,44,47,301,15,30,23,33,39,38,82,23,18,327,6,52,61,10,18,82,48,21,29
S01012060,620,37,118,84,36,48,111,96,50,40,298,19,51,27,28,35,48,49,26,15,322,18,67,57,8,13,63,47,24,25
S01012061,760,100,221,108,45,51,80,62,41,52,362,57,106,26,31,37,29,34,17,25,398,43,115,82,14,14,51,28,24,27
S01012062,656,51,172,110,50,61,89,51,9,63,326,34,78,24,38,42,39,36,3,32,330,17,94,86,12,19,50,15,6,31
S01012063,398,24,89,56,29,41,77,44,14,24,178,14,33,12,22,32,29,23,7,6,220,10,56,44,7,9,48,21,7,18
S01012064,468,15,33,41,11,41,69,114,105,39,199,9,14,15,8,30,16,47,43,17,269,6,19,26,3,11,53,67,62,22
S01012065,409,4,21,21,5,24,89,105,99,41,179,4,9,7,4,13,34,44,46,18,230,0,12,14,1,11,55,61,53,23
S01012066,619,16,65,67,23,47,146,141,66,48,274,9,32,14,19,34,51,73,25,17,345,7,33,53,4,13,95,68,41,31
S01012067,405,3,36,30,7,25,110,96,69,29,183,2,18,7,7,14,39,49,35,12,222,1,18,23,0,11,71,47,34,17
S01012068,403,3,17,36,12,32,71,96,91,45,173,1,6,6,9,20,27,41,43,20,230,2,11,30,3,12,44,55,48,25
S01012069,387,7,63,39,14,23,80,79,57,25,189,6,24,10,11,15,40,39,32,12,198,1,39,29,3,8,40,40,25,13
S01012070,546,14,48,58,19,41,105,131,81,49,276,10,19,11,11,32,43,76,50,24,270,4,29,47,8,9,62,55,31,25
S01012071,836,28,104,98,38,85,152,177,89,65,436,18,49,34,32,55,68,106,48,26,400,10,55,64,6,30,84,71,41,39
S01012072,863,45,116,81,42,53,173,160,118,75,476,32,49,30,36,41,81,91,73,43,387,13,67,51,6,12,92,69,45,32
S01012073,538,54,142,74,29,47,74,51,24,43,255,37,59,18,17,40,28,29,9,18,283,17,83,56,12,7,46,22,15,25
S01012074,545,49,153,105,39,50,47,39,14,49,265,27,67,27,30,36,18,24,10,26,280,22,86,78,9,14,29,15,4,23
S01012075,574,65,138,108,49,47,46,42,7,72,270,34,54,25,35,39,19,28,5,31,304,31,84,83,14,8,27,14,2,41
S01012076,531,38,130,93,29,41,94,54,24,28,252,23,63,26,24,29,38,26,7,16,279,15,67,67,5,12,56,28,17,12
S01012077,561,20,84,84,22,39,119,113,36,44,271,11,39,28,16,29,47,60,22,19,290,9,45,56,6,10,72,53,14,25
S01012078,673,42,146,125,36,51,81,95,45,52,333,28,68,33,27,32,32,65,22,26,340,14,78,92,9,19,49,30,23,26
S01012079,671,30,78,104,38,68,122,140,46,45,298,16,26,24,31,44,45,65,24,23,373,14,52,80,7,24,77,75,22,22
S01012080,549,16,70,66,22,44,121,100,67,43,224,9,31,7,18,34,34,49,23,19,325,7,39,59,4,10,87,51,44,24
S01012081,542,8,64,61,25,53,125,114,61,31,263,5,22,15,19,38,55,63,35,11,279,3,42,46,6,15,70,51,26,20
S01012082,451,9,54,58,18,46,101,97,49,19,225,7,23,13,14,33,37,60,27,11,226,2,31,45,4,13,64,37,22,8
S01012083,532,12,78,70,18,52,120,116,35,31,252,5,35,22,14,39,43,64,17,13,280,7,43,48,4,13,77,52,18,18
S01012084,440,22,97,82,29,48,62,62,9,29,211,12,40,17,22,38,28,39,4,11,229,10,57,65,7,10,34,23,5,18
S01012085,539,39,106,110,22,45,94,75,13,35,266,28,54,24,20,34,39,45,6,16,273,11,52,86,2,11,55,30,7,19
S01012086,670,18,104,106,24,64,140,120,57,37,317,10,40,34,22,47,47,71,29,17,353,8,64,72,2,17,93,49,28,20
S01012087,504,19,96,80,22,41,100,85,29,32,232,11,43,21,20,31,32,44,18,12,272,8,53,59,2,10,68,41,11,20
S01012088,535,51,145,83,32,51,65,41,24,43,261,34,57,20,26,38,25,26,12,23,274,17,88,63,6,13,40,15,12,20
S01012089,648,58,212,140,38,49,59,36,16,40,295,35,88,36,27,37,23,26,11,12,353,23,124,104,11,12,36,10,5,28
S01012090,708,105,248,117,47,41,49,33,13,55,349,77,102,28,37,33,20,20,6,26,359,28,146,89,10,8,29,13,7,29
S01012091,429,27,106,78,22,41,70,36,14,35,208,20,40,19,16,28,34,24,9,18,221,7,66,59,6,13,36,12,5,17
S01012092,407,48,100,78,27,34,52,35,7,26,198,25,45,19,19,24,23,24,3,16,209,23,55,59,8,10,29,11,4,10
S01012093,435,49,110,82,32,33,54,50,10,15,215,35,51,22,18,23,21,31,8,6,220,14,59,60,14,10,33,19,2,9
S01012094,582,94,195,88,51,32,50,25,6,41,283,62,85,18,34,24,18,15,4,23,299,32,110,70,17,8,32,10,2,18
S01012095,838,53,167,127,44,74,126,116,41,90,411,31,64,34,36,57,46,73,23,47,427,22,103,93,8,17,80,43,18,43
S01012096,667,14,102,82,31,60,166,120,39,53,300,9,37,21,28,33,56,69,26,21,367,5,65,61,3,27,110,51,13,32
S01012097,489,12,69,80,24,44,105,90,35,30,227,5,24,19,20,38,39,55,12,15,262,7,45,61,4,6,66,35,23,15
S01012098,466,11,69,59,21,41,97,100,26,42,218,7,26,12,18,29,37,67,8,14,248,4,43,47,3,12,60,33,18,28
S01012099,583,16,63,75,16,50,143,126,45,49,272,8,18,17,14,32,60,70,29,24,311,8,45,58,2,18,83,56,16,25
S01012100,759,20,128,103,46,62,180,116,63,41,332,14,51,23,36,46,62,57,27,16,427,6,77,80,10,16,118,59,36,25
S01012101,604,83,167,79,28,45,93,32,22,55,296,55,64,15,20,37,36,24,13,32,308,28,103,64,8,8,57,8,9,23
S01012102,474,14,79,62,12,37,111,76,36,47,205,10,34,16,7,27,38,40,20,13,269,4,45,46,5,10,73,36,16,34
S01012103,722,41,161,136,43,51,129,85,26,50,343,32,53,42,34,39,57,54,13,19,379,9,108,94,9,12,72,31,13,31
S01012104,676,125,193,89,51,42,72,32,12,60,326,95,68,19,35,32,28,18,5,26,350,30,125,70,16,10,44,14,7,34
S01012105,841,103,234,135,56,58,99,68,20,68,401,73,89,36,45,41,39,39,11,28,440,30,145,99,11,17,60,29,9,40
S01012106,832,112,254,156,65,48,66,48,14,69,408,75,109,43,49,37,26,32,8,29,424,37,145,113,16,11,40,16,6,40
S01012107,510,80,161,73,42,31,39,25,21,38,246,58,59,25,29,20,15,16,8,16,264,22,102,48,13,11,24,9,13,22
S01012108,610,33,107,85,36,47,108,128,39,27,268,20,40,26,27,31,34,58,25,7,342,13,67,59,9,16,74,70,14,20
S01012109,714,35,124,90,32,76,134,102,70,51,341,23,46,21,25,60,54,68,32,12,373,12,78,69,7,16,80,34,38,39
S01012110,541,50,81,102,24,54,103,77,29,21,256,29,39,34,18,35,39,41,9,12,285,21,42,68,6,19,64,36,20,9
S01012111,417,20,58,61,19,37,65,66,46,45,214,14,22,18,12,27,25,46,20,30,203,6,36,43,7,10,40,20,26,15
S01012112,535,48,95,106,26,46,77,89,23,25,237,30,31,25,20,32,30,48,10,11,298,18,64,81,6,14,47,41,13,14
S01012113,738,42,154,131,46,70,119,102,15,59,352,24,57,29,39,52,45,65,11,30,386,18,97,102,7,18,74,37,4,29
S01012114,757,82,187,97,46,30,58,28,17,212,361,56,75,27,28,20,24,14,10,107,396,26,112,70,18,10,34,14,7,105
S01012115,379,16,52,70,11,43,89,66,12,20,175,7,18,16,10,33,33,40,8,10,204,9,34,54,1,10,56,26,4,10
S01012116,431,14,82,69,21,46,82,71,15,31,204,6,36,17,17,33,33,38,8,16,227,8,46,52,4,13,49,33,7,15
S01012117,559,63,189,103,40,46,53,28,4,33,271,39,76,31,27,40,23,19,1,15,288,24,113,72,13,6,30,9,3,18
S01012118,482,48,135,82,34,36,60,33,9,45,228,31,51,21,22,29,23,25,5,21,254,17,84,61,12,7,37,8,4,24
S01012119,705,74,176,139,48,47,84,64,20,53,345,52,79,25,39,38,35,44,9,24,360,22,97,114,9,9,49,20,11,29
S01012120,435,21,64,58,15,38,77,89,31,42,213,10,24,17,10,27,32,54,19,20,222,11,40,41,5,11,45,35,12,22
S01012121,665,22,89,97,22,71,142,116,57,49,307,11,40,24,16,49,57,65,23,22,358,11,49,73,6,22,85,51,34,27
S01012122,617,26,73,83,25,66,127,139,28,50,289,15,19,19,22,48,52,74,14,26,328,11,54,64,3,18,75,65,14,24
S01012123,393,30,75,56,28,32,58,50,24,40,191,15,33,18,18,23,24,29,10,21,202,15,42,38,10,9,34,21,14,19
S01012124,430,23,104,80,21,32,64,58,9,39,196,15,48,18,13,18,27,33,7,17,234,8,56,62,8,14,37,25,2,22
S01012125,618,18,114,70,25,60,108,115,58,50,318,8,52,26,21,40,45,71,31,24,300,10,62,44,4,20,63,44,27,26
S01012126,628,74,172,101,37,64,62,44,21,53,340,45,78,39,29,45,32,28,17,27,288,29,94,62,8,19,30,16,4,26
S01012127,713,46,112,110,37,51,102,88,76,91,416,29,66,43,27,34,52,59,49,57,297,17,46,67,10,17,50,29,27,34
S01012128,414,36,91,52,15,43,69,53,27,28,221,24,48,15,10,38,24,35,15,12,193,12,43,37,5,5,45,18,12,16
S01012129,558,37,104,89,27,51,86,73,53,38,290,26,46,29,20,34,45,53,22,15,268,11,58,60,7,17,41,20,31,23
S01012130,774,45,158,118,41,58,117,135,62,40,394,28,64,28,37,42,54,81,41,19,380,17,94,90,4,16,63,54,21,21
S01012131,935,34,134,108,21,74,128,134,82,220,507,24,57,31,19,55,68,87,46,120,428,10,77,77,2,19,60,47,36,100
S01012132,561,32,87,59,31,32,101,79,47,93,267,21,34,27,20,22,42,45,20,36,294,11,53,32,11,10,59,34,27,57
S01012133,778,63,137,74,31,58,88,78,38,211,427,40,64,31,22,38,41,51,22,118,351,23,73,43,9,20,47,27,16,93
S01012134,861,100,245,130,51,46,83,59,29,118,415,58,104,45,38,38,28,31,14,59,446,42,141,85,13,8,55,28,15,59
S01012135,702,23,77,86,30,67,157,124,80,58,366,16,35,26,25,43,70,74,44,33,336,7,42,60,5,24,87,50,36,25
S01012136,699,26,94,87,24,58,133,105,56,116,372,16,44,23,21,40,55,69,39,65,327,10,50,64,3,18,78,36,17,51
S01012137,514,14,109,71,20,53,85,67,39,56,272,6,48,23,16,41,43,39,25,31,242,8,61,48,4,12,42,28,14,25
S01012138,681,88,171,116,32,47,63,72,16,76,340,49,73,35,22,34,37,36,7,47,341,39,98,81,10,13,26,36,9,29
S01012139,656,55,143,119,37,43,106,87,25,41,309,36,64,23,26,34,51,44,11,20,347,19,79,96,11,9,55,43,14,21
S01012140,397,60,142,56,20,20,38,24,7,30,195,38,62,13,18,17,14,13,3,17,202,22,80,43,2,3,24,11,4,13
S01012141,755,79,225,133,50,56,84,40,23,65,372,53,90,38,41,46,31,26,13,34,383,26,135,95,9,10,53,14,10,31
S01012142,693,93,213,124,51,48,74,35,8,47,331,55,91,35,38,40,26,19,6,21,362,38,122,89,13,8,48,16,2,26
S01012143,633,102,186,107,50,35,50,19,19,65,313,61,82,30,36,30,20,10,14,30,320,41,104,77,14,5,30,9,5,35
S01012144,743,99,184,145,57,54,84,47,20,53,374,69,69,41,47,45,36,28,8,31,369,30,115,104,10,9,48,19,12,22
S01012145,732,116,234,126,45,41,58,24,18,70,351,78,87,42,29,32,16,18,12,37,381,38,147,84,16,9,42,6,6,33
S01012146,701,24,102,86,31,70,141,142,40,65,304,18,41,24,21,51,48,72,16,13,397,6,61,62,10,19,93,70,24,52
S01012147,572,18,63,81,21,52,127,113,58,39,243,9,25,16,18,33,50,54,23,15,329,9,38,65,3,19,77,59,35,24
S01012148,540,12,61,63,17,53,116,112,69,37,238,7,23,13,13,35,46,58,26,17,302,5,38,50,4,18,70,54,43,20
S01012149,620,43,124,97,48,59,94,61,36,58,315,29,63,26,40,45,34,32,15,31,305,14,61,71,8,14,60,29,21,27
S01012150,553,11,66,84,21,52,118,125,48,28,264,5,24,24,19,38,52,65,27,10,289,6,42,60,2,14,66,60,21,18
S01012151,552,25,71,64,18,52,119,129,47,27,269,17,32,15,14,36,42,71,29,13,283,8,39,49,4,16,77,58,18,14
S01012152,565,20,54,74,24,59,128,101,65,40,295,10,23,24,21,45,58,53,41,20,270,10,31,50,3,14,70,48,24,20
S01012153,433,14,66,54,19,61,83,61,39,36,233,9,34,20,15,43,32,36,28,16,200,5,32,34,4,18,51,25,11,20
S01012154,637,26,78,83,24,76,120,122,61,47,329,13,39,30,19,52,44,71,30,31,308,13,39,53,5,24,76,51,31,16
S01012155,461,9,73,53,25,46,77,96,41,41,251,4,35,23,21,38,26,57,21,26,210,5,38,30,4,8,51,39,20,15
S01012156,474,9,68,47,20,40,102,114,52,22,243,7,31,15,14,25,35,73,29,14,231,2,37,32,6,15,67,41,23,8
S01012157,742,40,146,101,29,72,127,134,39,54,349,25,67,28,21,49,46,69,21,23,393,15,79,73,8,23,81,65,18,31
S01012158,843,69,219,125,61,75,104,69,38,83,436,41,90,43,46,52,41,50,22,51,407,28,129,82,15,23,63,19,16,32
S01012159,411,30,88,73,23,56,65,38,9,29,200,17,37,15,17,44,23,31,5,11,211,13,51,58,6,12,42,7,4,18
S01012160,525,44,108,118,36,53,75,57,7,27,239,27,43,28,28,42,26,32,3,10,286,17,65,90,8,11,49,25,4,17
S01012161,322,12,50,23,11,19,96,75,20,16,124,7,22,5,8,14,28,29,7,4,198,5,28,18,3,5,68,46,13,12
S01012162,663,33,114,73,24,77,134,92,63,53,301,20,53,12,17,47,52,51,30,19,362,13,61,61,7,30,82,41,33,34
S01012163,561,34,100,78,25,56,95,90,50,33,271,19,43,21,21,39,38,48,30,12,290,15,57,57,4,17,57,42,20,21
S01012164,794,64,226,146,42,73,109,60,16,58,371,32,100,34,35,63,39,39,3,26,423,32,126,112,7,10,70,21,13,32
S01012165,670,19,66,87,25,70,156,141,66,40,298,15,22,17,22,46,56,72,30,18,372,4,44,70,3,24,100,69,36,22
S01012166,473,7,71,64,22,56,105,91,20,37,209,2,29,15,20,36,33,48,9,17,264,5,42,49,2,20,72,43,11,20
S01012167,649,29,102,113,32,79,125,113,23,33,322,19,47,28,23,56,51,70,11,17,327,10,55,85,9,23,74,43,12,16
S01012168,611,47,153,119,36,57,88,55,15,41,311,33,72,34,24,47,28,40,7,26,300,14,81,85,12,10,60,15,8,15
S01012169,639,24,115,119,28,55,143,80,23,52,315,16,46,30,24,46,70,49,7,27,324,8,69,89,4,9,73,31,16,25
S01012170,697,26,112,130,32,83,136,124,24,30,312,19,41,33,25,58,42,71,10,13,385,7,71,97,7,25,94,53,14,17
S01012171,762,25,121,103,21,72,204,151,25,40,354,16,57,16,18,48,76,94,14,15,408,9,64,87,3,24,128,57,11,25
S01012172,550,11,68,93,20,57,123,112,36,30,260,4,30,20,17,38,54,64,22,11,290,7,38,73,3,19,69,48,14,19
S01012173,482,42,134,92,30,36,59,37,12,40,231,30,50,23,25,30,26,21,4,22,251,12,84,69,5,6,33,16,8,18
S01012174,657,64,172,113,50,42,83,48,12,73,314,41,73,31,28,34,29,35,4,39,343,23,99,82,22,8,54,13,8,34
S01012175,656,61,176,126,28,51,95,63,9,47,330,41,84,37,21,44,38,39,4,22,326,20,92,89,7,7,57,24,5,25
S01012176,704,40,153,127,47,78,126,73,13,47,343,25,78,29,38,61,41,48,5,18,361,15,75,98,9,17,85,25,8,29
S01012177,502,38,101,103,37,57,66,41,12,47,250,35,51,24,27,48,12,21,5,27,252,3,50,79,10,9,54,20,7,20
S01012178,431,33,94,113,27,40,46,42,7,29,212,25,50,27,21,34,14,27,3,11,219,8,44,86,6,6,32,15,4,18
S01012179,429,31,83,66,23,43,66,54,29,34,199,20,32,16,20,32,25,30,10,14,230,11,51,50,3,11,41,24,19,20
S01012180,407,31,89,67,25,34,70,57,13,21,180,17,32,15,19,23,25,32,8,9,227,14,57,52,6,11,45,25,5,12
S01012181,553,42,116,84,37,47,89,71,31,36,271,26,48,22,25,34,35,50,15,16,282,16,68,62,12,13,54,21,16,20
S01012182,831,101,217,128,51,79,116,40,19,80,416,67,90,39,35,67,48,25,7,38,415,34,127,89,16,12,68,15,12,42
S01012183,571,36,115,85,28,58,96,76,39,38,289,25,59,21,23,46,31,51,15,18,282,11,56,64,5,12,65,25,24,20
S01012184,435,75,122,66,23,30,42,28,9,40,227,48,54,28,18,17,18,21,7,16,208,27,68,38,5,13,24,7,2,24
S01012185,613,25,98,91,33,59,80,114,88,25,359,19,46,35,27,46,43,77,58,8,254,6,52,56,6,13,37,37,30,17
S01012186,501,29,100,61,20,46,101,81,39,24,234,16,45,16,18,33,40,41,19,6,267,13,55,45,2,13,61,40,20,18
S01012187,517,11,62,81,17,57,113,97,40,39,250,10,26,17,13,44,45,54,23,18,267,1,36,64,4,13,68,43,17,21
S01012188,398,24,94,79,21,36,65,41,9,29,189,14,38,17,15,31,30,28,5,11,209,10,56,62,6,5,35,13,4,18
S01012189,421,36,107,70,19,56,58,46,10,19,212,25,40,21,12,44,24,32,7,7,209,11,67,49,7,12,34,14,3,12
S01012190,393,47,118,79,16,22,51,29,2,29,177,28,47,17,14,19,18,21,1,12,216,19,71,62,2,3,33,8,1,17
S01012191,693,85,167,131,44,62,95,38,15,56,348,57,85,33,31,47,33,24,9,29,345,28,82,98,13,15,62,14,6,27
S01012192,397,41,105,66,30,34,41,31,10,39,197,27,48,12,25,26,19,17,5,18,200,14,57,54,5,8,22,14,5,21
S01012193,422,64,114,68,30,33,49,21,2,41,216,44,59,18,21,25,13,13,2,21,206,20,55,50,9,8,36,8,0,20
S01012194,425,52,123,78,14,29,49,16,7,57,213,37,53,20,11,23,20,10,7,32,212,15,70,58,3,6,29,6,0,25
S01012195,843,71,231,178,38,80,88,54,22,81,417,47,100,44,28,69,36,39,11,43,426,24,131,134,10,11,52,15,11,38
S01012196,424,54,110,79,26,21,52,27,10,45,194,36,46,28,19,13,15,16,4,17,230,18,64,51,7,8,37,11,6,28
S01012197,529,28,95,88,23,59,106,80,19,31,244,15,35,24,18,39,46,48,6,13,285,13,60,64,5,20,60,32,13,18
S01012198,647,42,141,130,30,50,95,68,30,61,294,24,49,39,23,40,34,46,12,27,353,18,92,91,7,10,61,22,18,34
S01012199,568,28,99,107,21,60,112,83,15,43,276,19,42,31,14,46,41,50,10,23,292,9,57,76,7,14,71,33,5,20
S01012200,486,23,82,96,25,48,93,66,18,35,224,14,31,20,19,36,34,42,12,16,262,9,51,76,6,12,59,24,6,19
S01012201,556,29,112,84,28,66,104,71,18,44,262,17,55,25,16,43,42,40,8,16,294,12,57,59,12,23,62,31,10,28
S01012202,441,33,108,66,16,52,81,50,7,28,209,22,41,15,15,43,30,23,2,18,232,11,67,51,1,9,51,27,5,10
S01012203,617,61,165,123,39,48,76,41,15,49,297,39,84,24,29,36,32,24,7,22,320,22,81,99,10,12,44,17,8,27
S01012204,646,51,171,126,40,54,69,41,18,76,333,34,77,39,25,48,27,33,11,39,313,17,94,87,15,6,42,8,7,37
S01012205,548,67,144,85,51,41,75,32,6,47,267,50,63,21,32,32,24,21,3,21,281,17,81,64,19,9,51,11,3,26
S01012206,650,46,155,101,34,53,119,65,10,67,316,32,74,27,27,41,44,34,7,30,334,14,81,74,7,12,75,31,3,37
S01012207,642,24,120,131,26,56,129,88,16,52,297,15,42,28,20,41,53,63,8,27,345,9,78,103,6,15,76,25,8,25
S01012208,731,27,139,130,47,87,112,109,28,52,366,15,71,33,33,65,48,67,11,23,365,12,68,97,14,22,64,42,17,29
S01012209,537,25,106,89,37,53,96,65,24,42,263,16,54,25,26,34,36,43,15,14,274,9,52,64,11,19,60,22,9,28
S01012210,527,22,85,110,21,71,97,63,21,37,244,14,40,22,17,48,36,39,12,16,283,8,45,88,4,23,61,24,9,21
S01012211,664,60,154,104,41,57,93,78,19,58,326,32,68,30,32,44,37,49,9,25,338,28,86,74,9,13,56,29,10,33
S01012212,619,77,195,119,28,50,76,22,10,42,317,62,96,30,17,38,26,18,5,25,302,15,99,89,11,12,50,4,5,17
S01012213,669,72,206,132,32,44,94,39,3,47,335,58,103,24,22,38,36,23,1,30,334,14,103,108,10,6,58,16,2,17
S01012214,502,65,172,103,39,22,43,21,7,30,247,48,79,26,27,15,22,14,3,13,255,17,93,77,12,7,21,7,4,17
S01012215,687,81,227,132,22,52,62,35,13,63,353,60,115,37,14,37,28,22,9,31,334,21,112,95,8,15,34,13,4,32
S01012216,551,93,158,88,36,24,53,33,9,57,269,57,74,20,26,17,25,22,3,25,282,36,84,68,10,7,28,11,6,32
S01012217,410,8,48,48,10,46,82,84,47,37,184,6,16,9,8,33,25,47,27,13,226,2,32,39,2,13,57,37,20,24
S01012218,332,6,40,27,10,29,73,77,35,35,154,3,14,0,8,17,35,44,18,15,178,3,26,27,2,12,38,33,17,20
S01012219,611,19,68,81,22,64,113,142,52,50,268,12,28,14,19,45,33,76,18,23,343,7,40,67,3,19,80,66,34,27
S01012220,470,7,56,57,24,55,106,102,49,14,237,6,18,16,20,42,48,57,28,2,233,1,38,41,4,13,58,45,21,12
S01012221,468,9,60,69,20,60,90,93,39,28,206,6,17,15,15,40,28,52,19,14,262,3,43,54,5,20,62,41,20,14
S01012222,602,16,75,102,29,73,124,117,26,40,303,10,30,26,22,53,52,76,17,17,299,6,45,76,7,20,72,41,9,23
S01012223,510,17,57,82,16,56,107,107,37,31,244,9,22,16,12,36,47,66,21,15,266,8,35,66,4,20,60,41,16,16
S01012224,544,27,68,82,23,64,106,91,33,50,260,13,23,21,16,47,39,55,18,28,284,14,45,61,7,17,67,36,15,22
S01012225,750,24,109,100,35,80,157,150,44,51,353,16,48,21,25,59,50,87,24,23,397,8,61,79,10,21,107,63,20,28
S01012226,538,21,95,105,27,52,99,76,18,45,247,12,34,23,18,42,37,49,12,20,291,9,61,82,9,10,62,27,6,25
S01012227,496,14,90,91,15,61,77,82,24,42,231,9,38,20,12,50,25,51,11,15,265,5,52,71,3,11,52,31,13,27
S01012228,511,35,62,97,27,46,101,86,14,43,245,20,24,31,19,36,24,59,6,26,266,15,38,66,8,10,77,27,8,17
S01012229,542,68,153,90,31,46,58,40,16,40,252,41,57,27,22,38,16,26,9,16,290,27,96,63,9,8,42,14,7,24
S01012230,692,102,206,137,39,50,57,31,12,58,326,67,81,35,32,32,22,21,3,33,366,35,125,102,7,18,35,10,9,25
S01012231,619,105,183,88,54,34,50,24,13,68,307,68,85,25,31,30,15,18,5,30,312,37,98,63,23,4,35,6,8,38
S01012232,637,101,212,91,39,36,56,26,10,66,315,66,94,18,25,30,23,19,5,35,322,35,118,73,14,6,33,7,5,31
S01012233,714,120,231,115,44,35,57,37,13,62,359,78,117,29,27,25,17,27,7,32,355,42,114,86,17,10,40,10,6,30
S01012234,811,138,245,115,57,48,61,47,19,81,392,97,97,20,40,39,16,33,11,39,419,41,148,95,17,9,45,14,8,42
S01012235,356,67,112,71,24,19,21,11,4,27,182,53,54,17,13,16,5,8,1,15,174,14,58,54,11,3,16,3,3,12
S01012236,451,52,105,72,28,37,55,46,21,35,204,31,45,19,21,26,14,26,9,13,247,21,60,53,7,11,41,20,12,22
S01012237,580,136,185,78,43,14,32,24,14,54,294,86,86,19,26,11,10,16,9,31,286,50,99,59,17,3,22,8,5,23
S01012238,455,46,98,51,32,43,67,62,22,34,231,29,45,12,26,32,21,35,12,19,224,17,53,39,6,11,46,27,10,15
S01012239,444,28,66,59,26,38,78,81,30,38,223,13,28,26,19,27,23,49,15,23,221,15,38,33,7,11,55,32,15,15
S01012240,616,58,128,63,38,64,96,87,31,51,303,39,61,17,24,42,33,47,14,26,313,19,67,46,14,22,63,40,17,25
S01012241,418,126,126,49,38,12,21,15,10,21,198,86,41,13,28,8,6,8,3,5,220,40,85,36,10,4,15,7,7,16
S01012242,587,118,179,93,51,21,32,19,10,64,276,76,80,20,30,17,8,11,5,29,311,42,99,73,21,4,24,8,5,35
S01012243,449,73,138,68,27,27,42,29,14,31,217,52,60,12,16,21,14,18,7,17,232,21,78,56,11,6,28,11,7,14
S01012244,709,184,182,57,95,17,64,24,46,40,349,110,70,15,60,13,21,11,25,24,360,74,112,42,35,4,43,13,21,16
S01012245,503,103,155,57,46,24,51,30,12,25,237,67,63,8,32,15,13,14,8,17,266,36,92,49,14,9,38,16,4,8
S01012246,550,131,162,62,68,25,40,22,5,35,263,85,64,15,41,19,10,13,2,14,287,46,98,47,27,6,30,9,3,21
S01012247,553,111,158,47,60,45,62,25,13,32,259,62,63,8,37,35,27,13,3,11,294,49,95,39,23,10,35,12,10,21
S01012248,607,91,138,57,113,42,69,41,15,41,308,62,69,6,73,32,23,20,7,16,299,29,69,51,40,10,46,21,8,25
S01012249,641,109,135,48,125,40,80,48,19,37,327,73,58,5,81,28,30,23,9,20,314,36,77,43,44,12,50,25,10,17
S01012250,511,57,140,50,101,34,53,42,14,20,252,38,63,9,64,23,22,23,1,9,259,19,77,41,37,11,31,19,13,11
S01012251,671,35,113,66,64,78,133,115,30,37,333,22,52,16,46,56,49,60,18,14,338,13,61,50,18,22,84,55,12,23
S01012252,510,34,94,56,53,50,99,65,29,30,249,24,32,22,41,28,27,37,23,15,261,10,62,34,12,22,72,28,6,15
S01012253,665,62,142,74,63,57,112,98,25,32,316,39,50,14,45,41,36,61,16,14,349,23,92,60,18,16,76,37,9,18
S01012254,621,62,163,73,62,61,95,58,17,30,288,37,74,19,41,41,22,34,9,11,333,25,89,54,21,20,73,24,8,19
S01012255,627,99,161,62,68,49,76,66,16,30,311,59,63,17,45,32,29,37,10,19,316,40,98,45,23,17,47,29,6,11
S01012256,619,82,180,89,50,38,74,52,17,37,300,61,86,26,26,23,22,32,9,15,319,21,94,63,24,15,52,20,8,22
S01012257,698,64,165,81,53,58,111,107,25,34,331,45,66,24,32,34,34,73,12,11,367,19,99,57,21,24,77,34,13,23
S01012258,517,104,201,69,43,19,26,18,12,25,240,75,82,9,31,12,5,11,2,13,277,29,119,60,12,7,21,7,10,12
S01012259,428,76,156,40,56,11,37,19,11,22,204,56,58,7,37,7,10,11,7,11,224,20,98,33,19,4,27,8,4,11
S01012260,597,67,140,62,73,39,100,76,16,24,288,49,51,16,53,27,32,41,7,12,309,18,89,46,20,12,68,35,9,12
S01012261,596,96,199,81,50,30,65,28,9,38,283,65,88,21,26,23,20,18,5,17,313,31,111,60,24,7,45,10,4,21
S01012262,609,96,144,76,118,40,76,28,10,21,305,62,61,18,75,29,28,13,2,17,304,34,83,58,43,11,48,15,8,4
S01012263,547,27,106,47,78,55,102,90,17,25,278,18,48,18,61,31,34,53,6,9,269,9,58,29,17,24,68,37,11,16
S01012264,339,52,92,41,29,14,55,38,5,13,163,34,41,7,21,11,18,21,3,7,176,18,51,34,8,3,37,17,2,6
S01012265,564,19,81,43,51,64,115,134,24,33,283,15,32,11,37,42,49,72,11,14,281,4,49,32,14,22,66,62,13,19
S01012266,770,74,181,112,79,82,103,90,18,31,356,51,67,36,58,51,28,40,10,15,414,23,114,76,21,31,75,50,8,16
S01012267,533,74,155,61,75,35,61,49,7,16,270,53,67,20,45,28,16,26,5,10,263,21,88,41,30,7,45,23,2,6
S01012268,470,59,123,38,95,22,63,35,9,26,236,34,50,9,61,16,33,16,6,11,234,25,73,29,34,6,30,19,3,15
S01012269,711,60,163,86,89,55,104,98,22,34,350,39,66,18,63,39,35,58,13,19,361,21,97,68,26,16,69,40,9,15
S01012270,550,27,104,63,46,36,116,91,27,40,263,13,40,22,34,26,43,55,14,16,287,14,64,41,12,10,73,36,13,24
S01012271,780,93,216,88,154,49,80,32,22,46,402,49,93,20,116,37,39,17,7,24,378,44,123,68,38,12,41,15,15,22
S01012272,513,78,153,62,50,28,67,33,10,32,261,51,78,14,36,22,21,19,4,16,252,27,75,48,14,6,46,14,6,16
S01012273,543,74,143,88,62,32,72,29,10,33,263,49,61,25,46,21,27,17,5,12,280,25,82,63,16,11,45,12,5,21
S01012274,718,53,161,113,67,63,103,89,26,43,370,40,64,46,44,46,42,49,17,22,348,13,97,67,23,17,61,40,9,21
S01012275,681,33,112,65,50,60,106,96,40,119,322,26,54,21,37,38,42,62,21,21,359,7,58,44,13,22,64,34,19,98
S01012276,703,58,177,88,53,54,114,82,33,44,348,40,78,30,42,42,35,46,19,16,355,18,99,58,11,12,79,36,14,28
S01012277,774,41,174,84,72,63,136,116,34,54,384,19,74,24,52,55,45,76,21,18,390,22,100,60,20,8,91,40,13,36
S01012278,530,35,105,62,40,28,95,70,19,76,259,20,44,21,26,24,43,49,12,20,271,15,61,41,14,4,52,21,7,56
S01012279,600,33,115,74,33,69,99,84,37,56,288,20,54,30,24,50,32,48,14,16,312,13,61,44,9,19,67,36,23,40
S01012280,698,23,99,92,50,62,151,128,39,54,334,16,43,28,37,43,50,74,23,20,364,7,56,64,13,19,101,54,16,34
S01012281,527,19,107,74,38,57,120,65,19,28,262,12,49,27,23,44,41,44,12,10,265,7,58,47,15,13,79,21,7,18
S01012282,833,63,158,112,69,36,103,53,22,217,337,45,62,28,52,21,44,35,10,40,496,18,96,84,17,15,59,18,12,177
S01012283,629,68,136,89,65,44,79,70,22,56,306,48,61,24,44,25,27,46,9,22,323,20,75,65,21,19,52,24,13,34
S01012284,569,37,91,67,43,40,103,89,46,53,293,26,37,25,30,33,42,53,27,20,276,11,54,42,13,7,61,36,19,33
S01012285,416,35,133,70,29,26,52,42,8,21,203,25,60,17,21,20,18,28,3,11,213,10,73,53,8,6,34,14,5,10
S01012286,821,33,115,69,55,73,168,161,43,104,384,20,48,23,36,53,64,82,21,37,437,13,67,46,19,20,104,79,22,67
S01012287,698,15,83,52,45,48,173,164,70,48,337,10,35,22,28,34,70,85,34,19,361,5,48,30,17,14,103,79,36,29
S01012288,573,11,62,56,31,54,135,134,57,33,292,9,29,21,22,39,56,77,29,10,281,2,33,35,9,15,79,57,28,23
S01012289,621,125,178,63,76,28,56,25,34,36,295,80,61,14,49,16,17,15,23,20,326,45,117,49,27,12,39,10,11,16
S01012290,381,31,83,50,47,20,63,57,14,16,168,13,28,14,29,14,19,39,5,7,213,18,55,36,18,6,44,18,9,9
S01012291,687,99,206,87,67,31,83,51,30,33,341,61,79,27,46,24,28,34,22,20,346,38,127,60,21,7,55,17,8,13
S01012292,484,95,141,53,75,20,50,20,10,20,220,66,52,8,48,13,13,11,4,5,264,29,89,45,27,7,37,9,6,15
S01012293,344,33,92,55,34,23,50,32,9,16,163,26,41,19,18,19,11,20,4,5,181,7,51,36,16,4,39,12,5,11
S01012294,667,31,140,105,46,62,133,87,25,38,308,26,55,34,33,42,43,49,9,17,359,5,85,71,13,20,90,38,16,21
S01012295,538,40,142,89,47,31,71,54,29,35,251,25,62,29,33,21,18,30,12,21,287,15,80,60,14,10,53,24,17,14
S01012296,606,81,198,64,81,50,57,33,2,40,289,54,80,18,42,35,22,21,0,17,317,27,118,46,39,15,35,12,2,23
S01012297,439,68,111,48,124,14,31,21,10,12,217,39,41,8,84,10,11,16,3,5,222,29,70,40,40,4,20,5,7,7
S01012298,600,73,153,86,83,38,84,48,7,28,302,44,66,18,63,27,34,31,5,14,298,29,87,68,20,11,50,17,2,14
S01012299,475,69,118,47,81,41,64,31,5,19,234,40,45,8,51,25,35,18,2,10,241,29,73,39,30,16,29,13,3,9
S01012300,480,27,92,41,71,37,94,71,17,30,232,10,39,9,50,27,36,40,6,15,248,17,53,32,21,10,58,31,11,15
S01012301,718,74,164,69,114,60,105,80,23,29,363,49,74,11,76,41,50,39,8,15,355,25,90,58,38,19,55,41,15,14
S01012302,455,43,93,41,82,44,84,36,14,18,243,31,45,4,49,36,40,23,6,9,212,12,48,37,33,8,44,13,8,9
S01012303,664,87,162,64,130,39,91,37,16,38,336,47,62,12,93,32,42,18,11,19,328,40,100,52,37,7,49,19,5,19
S01012304,727,57,154,77,140,52,121,81,16,29,365,36,67,18,91,36,51,48,6,12,362,21,87,59,49,16,70,33,10,17
S01012305,506,27,123,59,59,42,81,54,25,36,258,17,60,13,39,33,21,38,17,20,248,10,63,46,20,9,60,16,8,16
S01012306,387,16,65,31,41,32,94,75,15,18,182,11,28,5,28,21,41,38,6,4,205,5,37,26,13,11,53,37,9,14
S01012307,458,35,81,59,34,43,84,81,23,18,238,24,42,8,24,22,37,59,13,9,220,11,39,51,10,21,47,22,10,9
S01012308,620,30,111,78,54,62,133,104,7,41,307,19,48,18,40,48,54,63,2,15,313,11,63,60,14,14,79,41,5,26
S01012309,398,35,81,43,50,28,68,70,10,13,191,27,41,13,32,16,21,33,4,4,207,8,40,30,18,12,47,37,6,9
S01012310,692,69,160,54,161,35,110,68,14,21,353,43,70,6,104,26,48,37,10,9,339,26,90,48,57,9,62,31,4,12
S01012311,415,35,106,41,54,44,63,34,14,24,199,23,49,12,31,27,23,21,4,9,216,12,57,29,23,17,40,13,10,15
S01012312,793,59,155,79,159,66,135,68,20,52,411,34,78,15,110,49,52,37,9,27,382,25,77,64,49,17,83,31,11,25
S01012313,598,55,119,64,90,55,97,75,12,31,299,36,55,10,52,44,37,44,7,14,299,19,64,54,38,11,60,31,5,17
S01012314,605,18,71,54,57,65,161,132,27,20,278,14,31,9,40,45,52,65,14,8,327,4,40,45,17,20,109,67,13,12
S01012315,527,17,92,46,80,53,108,77,28,26,277,12,45,11,51,42,44,46,10,16,250,5,47,35,29,11,64,31,18,10
S01012316,456,13,65,27,44,53,120,107,16,11,219,9,28,9,33,35,37,58,6,4,237,4,37,18,11,18,83,49,10,7
S01012317,366,14,97,36,43,36,59,41,11,29,177,10,44,8,28,22,20,27,7,11,189,4,53,28,15,14,39,14,4,18
S01012318,602,14,93,46,46,64,148,132,24,35,283,10,41,9,40,42,49,68,9,15,319,4,52,37,6,22,99,64,15,20
S01012319,578,55,121,56,99,50,89,68,14,26,292,29,53,10,65,32,44,38,6,15,286,26,68,46,34,18,45,30,8,11
S01012320,492,16,69,40,48,46,129,93,22,29,256,11,30,8,40,34,61,47,11,14,236,5,39,32,8,12,68,46,11,15
S01012321,546,42,89,57,62,48,130,73,14,31,267,29,43,11,37,34,52,37,11,13,279,13,46,46,25,14,78,36,3,18
S01012322,742,85,186,93,141,36,84,63,21,33,355,55,77,23,79,28,31,38,9,15,387,30,109,70,62,8,53,25,12,18
S01012323,676,75,162,80,130,45,87,53,22,22,347,51,68,16,99,35,33,28,8,9,329,24,94,64,31,10,54,25,14,13
S01012324,601,56,107,69,131,52,97,54,12,23,294,35,51,17,82,31,38,30,4,6,307,21,56,52,49,21,59,24,8,17
S01012325,422,30,73,62,32,30,97,70,14,14,197,24,30,21,21,20,26,42,5,8,225,6,43,41,11,10,71,28,9,6
S01012326,412,21,60,42,46,53,89,58,31,12,220,17,23,11,29,39,44,34,17,6,192,4,37,31,17,14,45,24,14,6
S01012327,570,30,94,57,65,57,121,101,20,25,267,18,45,14,45,39,30,58,7,11,303,12,49,43,20,18,91,43,13,14
S01012328,405,50,108,41,53,30,58,46,12,7,207,35,45,11,37,17,19,32,6,5,198,15,63,30,16,13,39,14,6,2
S01012329,613,49,122,61,132,58,101,55,15,20,296,32,43,12,92,37,42,24,6,8,317,17,79,49,40,21,59,31,9,12
S01012330,429,43,96,50,59,30,70,44,10,27,205,33,42,7,38,20,23,27,3,12,224,10,54,43,21,10,47,17,7,15
S01012331,446,47,128,55,46,33,64,49,9,15,211,29,51,16,33,28,17,27,6,4,235,18,77,39,13,5,47,22,3,11
S01012332,744,75,161,79,142,70,110,56,11,40,368,49,75,16,88,57,38,26,6,13,376,26,86,63,54,13,72,30,5,27
S01012333,720,53,166,83,135,53,119,63,23,25,355,32,69,16,90,38,54,35,8,13,365,21,97,67,45,15,65,28,15,12
S01012334,589,14,83,64,58,75,140,113,21,21,279,10,38,16,36,52,47,62,12,6,310,4,45,48,22,23,93,51,9,15
S01012335,745,42,136,100,46,71,168,124,23,35,358,25,50,28,30,55,66,74,10,20,387,17,86,72,16,16,102,50,13,15
S01012336,427,10,65,39,38,43,106,98,11,17,197,6,20,10,29,27,34,57,7,7,230,4,45,29,9,16,72,41,4,10
S01012337,596,23,83,59,49,78,143,92,45,24,284,15,34,9,32,51,58,51,26,8,312,8,49,50,17,27,85,41,19,16
S01012338,502,31,114,58,59,41,93,63,18,25,245,24,49,12,35,32,41,28,12,12,257,7,65,46,24,9,52,35,6,13
S01012339,432,37,93,48,37,42,75,54,23,23,203,19,40,7,24,34,37,29,7,6,229,18,53,41,13,8,38,25,16,17
S01012340,696,56,158,72,69,59,138,84,29,31,314,40,68,20,40,38,46,35,14,13,382,16,90,52,29,21,92,49,15,18
S01012341,740,71,148,80,187,43,89,68,19,35,380,51,58,18,127,23,36,38,12,17,360,20,90,62,60,20,53,30,7,18
S01012342,661,58,154,69,112,44,113,67,16,28,314,41,55,12,74,30,47,39,9,7,347,17,99,57,38,14,66,28,7,21
S01012343,760,74,183,79,151,54,114,56,25,24,375,48,77,15,103,37,43,34,9,9,385,26,106,64,48,17,71,22,16,15
S01012344,454,17,80,59,45,40,89,87,24,13,218,9,32,12,29,33,34,55,11,3,236,8,48,47,16,7,55,32,13,10
S01012345,520,30,111,61,60,67,64,82,8,37,265,23,43,11,46,52,22,45,5,18,255,7,68,50,14,15,42,37,3,19
S01012346,615,72,134,61,117,48,77,57,14,35,316,46,61,12,78,32,34,33,6,14,299,26,73,49,39,16,43,24,8,21
S01012347,552,58,123,75,56,46,88,76,16,14,252,38,49,19,39,33,20,41,8,5,300,20,74,56,17,13,68,35,8,9
S01012348,509,72,143,65,57,35,47,48,17,25,237,51,55,18,33,21,9,26,12,12,272,21,88,47,24,14,38,22,5,13
S01012349,679,19,90,51,57,72,152,177,22,39,312,15,32,8,37,57,43,101,6,13,367,4,58,43,20,15,109,76,16,26
S01012350,553,39,97,57,70,42,105,96,17,30,268,33,45,10,46,30,26,55,8,15,285,6,52,47,24,12,79,41,9,15
S01012351,610,23,90,57,47,77,142,120,18,36,288,17,35,9,30,51,56,66,9,15,322,6,55,48,17,26,86,54,9,21
S01012352,547,31,96,50,75,46,108,94,16,31,274,24,42,10,48,36,36,54,7,17,273,7,54,40,27,10,72,40,9,14
S01012353,561,35,102,57,71,53,103,80,27,33,279,26,33,19,43,41,37,51,14,15,282,9,69,38,28,12,66,29,13,18
S01012354,545,27,98,47,91,60,85,97,16,24,280,19,45,11,58,39,39,51,7,11,265,8,53,36,33,21,46,46,9,13
S01012355,714,68,154,68,176,38,94,71,11,34,378,53,67,11,121,33,45,34,4,10,336,15,87,57,55,5,49,37,7,24
S01012356,478,37,102,70,67,32,73,71,11,15,225,21,44,15,48,24,22,34,5,12,253,16,58,55,19,8,51,37,6,3
S01012357,654,72,171,65,156,27,78,44,13,28,324,55,74,10,107,19,23,20,4,12,330,17,97,55,49,8,55,24,9,16
S01012358,609,55,122,36,170,40,73,69,16,28,305,32,50,5,114,23,25,38,6,12,304,23,72,31,56,17,48,31,10,16
S01012359,570,8,53,47,34,49,140,173,42,24,274,8,22,12,27,32,53,93,17,10,296,0,31,35,7,17,87,80,25,14
S01012360,561,11,47,49,37,41,143,140,57,36,265,8,19,17,30,24,54,70,30,13,296,3,28,32,7,17,89,70,27,23
S01012361,447,7,47,23,33,50,104,115,39,29,204,5,17,7,23,34,38,56,11,13,243,2,30,16,10,16,66,59,28,16
S01012362,556,7,53,33,35,49,129,152,53,45,256,7,19,10,23,27,50,74,26,20,300,0,34,23,12,22,79,78,27,25
S01012363,729,25,116,67,75,62,121,153,59,51,368,18,50,19,47,50,55,84,26,19,361,7,66,48,28,12,66,69,33,32
S01012364,510,17,88,62,39,54,102,104,18,26,259,12,36,17,31,32,53,56,12,10,251,5,52,45,8,22,49,48,6,16
S01012365,696,45,140,105,69,66,95,130,16,30,350,27,63,21,53,50,35,77,11,13,346,18,77,84,16,16,60,53,5,17
S01012366,671,28,115,74,59,55,127,154,23,36,335,20,50,20,36,44,40,96,12,17,336,8,65,54,23,11,87,58,11,19
S01012367,685,41,117,88,50,57,120,151,17,44,344,27,59,23,37,39,47,83,11,18,341,14,58,65,13,18,73,68,6,26
S01012368,448,42,109,63,50,28,63,63,8,22,225,29,48,12,40,26,20,38,4,8,223,13,61,51,10,2,43,25,4,14
S01012369,658,49,134,79,79,43,103,120,17,34,316,40,66,17,58,31,33,51,5,15,342,9,68,62,21,12,70,69,12,19
S01012370,711,33,108,70,67,56,136,195,23,23,348,24,48,20,50,41,49,99,12,5,363,9,60,50,17,15,87,96,11,18
S01012371,672,28,103,64,49,60,131,174,34,29,331,23,35,14,34,47,51,95,20,12,341,5,68,50,15,13,80,79,14,17
S01012372,551,17,63,62,45,52,106,149,29,28,284,10,29,15,31,39,39,93,16,12,267,7,34,47,14,13,67,56,13,16
S01012373,746,43,134,101,53,55,117,163,42,38,359,35,53,31,33,38,38,96,19,16,387,8,81,70,20,17,79,67,23,22
S01012374,659,22,108,78,59,52,145,140,21,34,308,14,46,22,43,37,54,70,10,12,351,8,62,56,16,15,91,70,11,22
S01012375,668,20,88,68,42,64,121,196,34,35,310,15,41,21,29,35,31,104,18,16,358,5,47,47,13,29,90,92,16,19
S01012376,731,93,184,72,143,41,86,51,14,47,355,60,70,14,95,34,29,29,6,18,376,33,114,58,48,7,57,22,8,29
S01012377,543,86,134,65,93,32,53,41,13,26,271,58,57,13,59,23,21,22,5,13,272,28,77,52,34,9,32,19,8,13
S01012378,456,41,104,45,102,29,54,46,13,22,226,25,43,10,66,22,23,23,4,10,230,16,61,35,36,7,31,23,9,12
S01012379,398,33,99,40,67,29,68,27,14,21,202,22,34,18,42,25,26,15,8,12,196,11,65,22,25,4,42,12,6,9
S01012380,673,27,131,93,64,77,112,117,22,30,322,16,47,28,45,53,34,72,11,16,351,11,84,65,19,24,78,45,11,14
S01012381,573,26,107,73,53,46,119,104,20,25,280,19,44,21,35,31,39,69,13,9,293,7,63,52,18,15,80,35,7,16
S01012382,725,50,201,123,94,52,96,69,18,22,360,36,84,48,58,41,32,40,10,11,365,14,117,75,36,11,64,29,8,11
S01012383,601,34,125,89,52,55,94,111,19,22,287,24,53,14,35,40,27,69,10,15,314,10,72,75,17,15,67,42,9,7
S01012384,380,29,99,51,36,32,60,48,13,12,183,19,45,12,20,21,22,30,6,8,197,10,54,39,16,11,38,18,7,4
S01012385,554,40,146,76,66,42,81,53,20,30,280,29,60,30,43,34,28,28,14,14,274,11,86,46,23,8,53,25,6,16
S01012386,714,36,81,91,53,66,163,132,55,37,359,24,33,31,45,45,69,73,24,15,355,12,48,60,8,21,94,59,31,22
S01012387,692,47,154,85,68,104,131,68,9,26,344,34,65,29,46,79,37,41,2,11,348,13,89,56,22,25,94,27,7,15
S01012388,516,55,139,53,61,39,87,55,6,21,260,30,68,16,38,31,28,37,2,10,256,25,71,37,23,8,59,18,4,11
S01012389,630,34,149,63,58,71,122,92,8,33,327,25,64,18,39,49,45,68,2,17,303,9,85,45,19,22,77,24,6,16
S01012390,583,49,127,66,44,61,119,87,4,26,302,35,51,14,30,51,42,64,3,12,281,14,76,52,14,10,77,23,1,14
S01012391,752,65,187,104,72,80,109,83,13,39,378,37,95,32,49,55,34,57,5,14,374,28,92,72,23,25,75,26,8,25
S01012392,569,40,144,70,29,58,117,70,11,30,284,28,67,13,20,46,38,51,5,16,285,12,77,57,9,12,79,19,6,14
S01012393,684,43,163,65,70,75,129,102,12,25,346,28,81,10,42,48,46,75,4,12,338,15,82,55,28,27,83,27,8,13
S01012394,475,17,81,51,27,50,107,95,20,27,221,11,38,11,22,31,34,49,8,17,254,6,43,40,5,19,73,46,12,10
S01012395,439,22,92,51,36,38,98,77,6,19,219,11,44,14,27,28,30,52,2,11,220,11,48,37,9,10,68,25,4,8
S01012396,468,25,95,57,33,60,92,77,12,17,247,15,46,15,27,45,30,52,6,11,221,10,49,42,6,15,62,25,6,6
S01012397,636,49,159,59,56,82,114,79,14,24,325,33,71,13,36,57,43,49,10,13,311,16,88,46,20,25,71,30,4,11
S01012398,665,56,152,74,32,67,128,119,12,25,360,39,80,20,21,50,42,89,6,13,305,17,72,54,11,17,86,30,6,12
S01012399,451,17,70,55,15,59,112,98,3,22,217,11,31,13,11,44,43,54,1,9,234,6,39,42,4,15,69,44,2,13
S01012400,455,11,64,44,36,66,104,98,13,19,241,11,32,13,26,52,30,65,4,8,214,0,32,31,10,14,74,33,9,11
S01012401,619,19,101,55,38,76,134,155,27,14,343,11,44,18,32,48,48,110,26,6,276,8,57,37,6,28,86,45,1,8
S01012402,335,18,72,39,35,42,66,44,5,14,168,11,36,4,26,31,20,31,3,6,167,7,36,35,9,11,46,13,2,8
S01012403,793,59,175,89,105,70,143,111,10,31,404,39,83,25,76,48,39,77,4,13,389,20,92,64,29,22,104,34,6,18
S01012404,736,35,167,71,62,84,143,124,15,35,392,23,78,19,43,57,55,89,9,19,344,12,89,52,19,27,88,35,6,16
S01012405,529,42,138,64,61,66,73,52,5,28,274,27,68,11,42,46,18,42,4,16,255,15,70,53,19,20,55,10,1,12
S01012406,461,36,109,38,49,55,78,69,5,22,232,25,44,6,38,44,21,44,0,10,229,11,65,32,11,11,57,25,5,12
S01012407,589,43,122,64,65,62,117,82,13,21,302,28,64,10,50,45,32,55,7,11,287,15,58,54,15,17,85,27,6,10
S01012408,460,27,93,47,60,47,83,63,3,37,229,20,39,5,43,34,28,47,2,11,231,7,54,42,17,13,55,16,1,26
S01012409,497,37,104,35,68,46,93,87,10,17,266,19,48,8,48,35,33,59,7,9,231,18,56,27,20,11,60,28,3,8
S01012410,795,42,186,82,57,108,156,107,17,40,408,36,100,18,37,74,53,60,8,22,387,6,86,64,20,34,103,47,9,18
S01012411,718,36,108,80,43,105,151,134,22,39,387,22,52,17,29,81,58,90,13,25,331,14,56,63,14,24,93,44,9,14
S01012412,487,25,70,40,68,66,110,71,13,24,261,15,32,10,49,48,39,48,9,11,226,10,38,30,19,18,71,23,4,13
S01012413,696,32,170,52,66,81,144,130,9,12,357,20,92,8,51,59,46,73,3,5,339,12,78,44,15,22,98,57,6,7
S01012414,522,22,106,34,66,63,130,72,14,15,274,13,49,12,44,42,44,52,11,7,248,9,57,22,22,21,86,20,3,8
S01012415,402,11,62,32,85,36,93,59,4,20,212,5,31,7,70,25,26,34,3,11,190,6,31,25,15,11,67,25,1,9
S01012416,408,12,83,28,73,45,81,62,5,19,210,8,42,4,58,34,21,31,1,11,198,4,41,24,15,11,60,31,4,8
S01012417,469,17,76,44,79,49,103,70,14,17,229,14,26,7,54,32,43,36,7,10,240,3,50,37,25,17,60,34,7,7
S01012418,610,27,94,56,153,51,109,62,33,25,327,16,34,11,107,40,50,40,18,11,283,11,60,45,46,11,59,22,15,14
S01012419,572,40,97,50,144,52,80,47,26,36,283,26,33,11,95,36,34,21,9,18,289,14,64,39,49,16,46,26,17,18
S01012420,625,23,72,51,50,75,151,131,30,42,299,17,33,9,28,53,54,75,14,16,326,6,39,42,22,22,97,56,16,26
S01012421,555,27,114,47,87,69,88,72,14,37,270,17,46,8,58,52,32,37,5,15,285,10,68,39,29,17,56,35,9,22
S01012422,645,47,133,55,102,64,104,77,28,35,327,28,59,11,70,45,39,45,17,13,318,19,74,44,32,19,65,32,11,22
S01012423,624,41,139,59,94,67,97,75,22,30,300,29,48,13,65,45,31,42,12,15,324,12,91,46,29,22,66,33,10,15
S01012424,671,21,78,73,49,85,161,136,35,33,312,15,22,19,30,61,68,66,19,12,359,6,56,54,19,24,93,70,16,21
S01012425,433,5,38,25,25,34,113,127,38,28,189,1,13,6,18,28,37,65,11,10,244,4,25,19,7,6,76,62,27,18
S01012426,343,1,36,38,20,45,76,70,29,28,154,1,12,9,14,30,30,33,13,12,189,0,24,29,6,15,46,37,16,16
S01012427,485,7,53,27,28,49,131,119,36,35,234,5,16,8,18,37,53,65,14,18,251,2,37,19,10,12,78,54,22,17
S01012428,486,15,54,64,35,51,127,96,19,25,223,8,20,18,26,38,38,57,9,9,263,7,34,46,9,13,89,39,10,16
S01012429,407,13,73,53,29,47,79,68,24,21,187,9,23,15,19,34,27,36,14,10,220,4,50,38,10,13,52,32,10,11
S01012430,414,18,84,45,39,42,88,53,19,26,195,14,27,12,22,34,32,32,9,13,219,4,57,33,17,8,56,21,10,13
S01012431,652,46,121,60,97,55,124,76,36,37,310,32,48,6,60,39,46,49,18,12,342,14,73,54,37,16,78,27,18,25
S01012432,513,19,105,52,45,51,94,89,21,37,240,10,44,9,29,35,39,51,9,14,273,9,61,43,16,16,55,38,12,23
S01012433,391,8,55,48,33,53,82,77,19,16,197,8,21,9,23,40,36,42,10,8,194,0,34,39,10,13,46,35,9,8
S01012434,512,19,70,56,30,68,104,97,36,32,249,13,30,12,22,51,40,58,9,14,263,6,40,44,8,17,64,39,27,18
S01012435,485,17,61,52,39,52,114,87,26,37,232,11,25,16,27,34,34,52,14,19,253,6,36,36,12,18,80,35,12,18
S01012436,542,19,65,62,37,56,127,87,45,44,257,12,27,17,27,43,51,46,20,14,285,7,38,45,10,13,76,41,25,30
S01012437,565,17,87,70,43,79,103,102,31,33,277,14,34,23,28,54,31,57,18,18,288,3,53,47,15,25,72,45,13,15
S01012438,506,21,91,61,48,57,103,74,23,28,245,10,36,14,35,40,41,43,8,18,261,11,55,47,13,17,62,31,15,10
S01012439,559,26,106,71,45,64,95,75,35,42,266,16,46,14,34,52,36,36,15,17,293,10,60,57,11,12,59,39,20,25
S01012440,407,26,116,56,40,43,51,38,9,28,202,19,49,12,29,32,16,32,2,11,205,7,67,44,11,11,35,6,7,17
S01012441,688,70,160,62,129,63,87,62,20,35,343,41,65,10,82,44,37,39,11,14,345,29,95,52,47,19,50,23,9,21
S01012442,749,72,217,72,113,47,101,51,31,45,371,48,96,13,85,33,28,28,12,28,378,24,121,59,28,14,73,23,19,17
S01012443,571,41,132,76,83,54,73,51,22,39,284,28,59,20,59,39,22,25,14,18,287,13,73,56,24,15,51,26,8,21
S01012444,627,74,160,78,51,45,75,51,60,33,319,49,71,27,36,35,31,30,28,12,308,25,89,51,15,10,44,21,32,21
S01012445,387,78,107,39,37,30,33,22,16,25,194,52,46,7,26,23,12,13,5,10,193,26,61,32,11,7,21,9,11,15
S01012446,370,17,69,57,20,36,75,62,13,21,171,10,23,12,13,25,29,41,8,10,199,7,46,45,7,11,46,21,5,11
S01012447,649,57,189,103,55,57,72,46,16,54,305,39,73,21,38,43,23,31,9,28,344,18,116,82,17,14,49,15,7,26
S01012448,667,56,187,103,74,57,70,36,33,51,320,35,85,26,49,43,19,25,18,20,347,21,102,77,25,14,51,11,15,31
S01012449,444,28,88,72,36,37,79,63,13,28,215,20,36,24,24,28,24,40,8,11,229,8,52,48,12,9,55,23,5,17
S01012450,654,61,189,65,91,43,64,57,23,61,327,38,88,17,59,32,23,39,7,24,327,23,101,48,32,11,41,18,16,37
S01012451,623,113,207,98,55,24,48,22,21,35,281,86,78,19,32,17,10,12,12,15,342,27,129,79,23,7,38,10,9,20
S01012452,404,48,125,64,38,32,52,17,7,21,185,25,44,21,30,24,19,8,4,10,219,23,81,43,8,8,33,9,3,11
S01012453,599,116,219,75,69,20,40,23,9,28,303,85,107,7,46,12,14,11,5,16,296,31,112,68,23,8,26,12,4,12
S01012454,474,60,165,82,35,21,49,17,14,31,222,40,82,15,23,13,14,9,9,17,252,20,83,67,12,8,35,8,5,14
S01012455,430,86,144,62,53,14,19,15,8,29,214,62,60,13,35,7,4,9,4,20,216,24,84,49,18,7,15,6,4,9
S01012456,546,100,196,70,46,32,37,18,13,34,263,72,79,14,29,23,10,9,7,20,283,28,117,56,17,9,27,9,6,14
S01012457,658,129,235,90,60,28,57,19,11,29,314,97,101,17,33,21,13,10,3,19,344,32,134,73,27,7,44,9,8,10
S01012458,566,113,200,58,57,16,43,14,16,49,279,81,85,12,32,12,11,7,9,30,287,32,115,46,25,4,32,7,7,19
S01012459,540,53,146,98,43,36,71,41,8,44,263,35,67,31,30,29,19,30,3,19,277,18,79,67,13,7,52,11,5,25
S01012460,410,43,127,74,35,32,48,21,8,22,190,30,64,9,19,25,10,17,5,11,220,13,63,65,16,7,38,4,3,11
S01012461,376,24,83,45,23,35,71,60,14,21,175,14,35,13,19,22,21,36,9,6,201,10,48,32,4,13,50,24,5,15
S01012462,556,14,99,44,26,62,117,115,39,40,255,8,40,11,24,45,28,66,16,17,301,6,59,33,2,17,89,49,23,23
S01012463,451,15,71,56,28,41,94,81,36,29,213,13,30,17,19,26,33,43,20,12,238,2,41,39,9,15,61,38,16,17
S01012464,476,9,63,50,27,49,114,81,40,43,226,7,31,17,23,38,31,46,16,17,250,2,32,33,4,11,83,35,24,26
S01012465,542,11,88,58,30,62,109,108,33,43,255,6,34,17,23,45,33,60,17,20,287,5,54,41,7,17,76,48,16,23
S01012466,582,45,140,67,63,36,89,63,37,42,286,24,67,21,47,28,20,42,17,20,296,21,73,46,16,8,69,21,20,22
S01012467,496,19,111,61,39,42,106,65,11,42,218,13,43,23,24,29,31,34,6,15,278,6,68,38,15,13,75,31,5,27
S01012468,550,33,119,84,34,69,94,58,19,40,277,17,52,23,27,55,38,36,8,21,273,16,67,61,7,14,56,22,11,19
S01012469,556,104,189,78,58,22,46,19,10,30,255,71,80,14,38,11,10,13,1,17,301,33,109,64,20,11,36,6,9,13
S01012470,683,54,141,93,38,58,132,85,44,38,317,37,60,27,27,45,35,40,24,22,366,17,81,66,11,13,97,45,20,16
S01012471,605,104,207,76,79,23,43,26,6,41,284,78,88,14,49,14,11,10,2,18,321,26,119,62,30,9,32,16,4,23
S01012472,498,69,158,84,44,28,53,23,7,32,231,52,54,25,24,20,18,15,3,20,267,17,104,59,20,8,35,8,4,12
S01012473,414,53,130,59,23,38,48,23,12,28,203,41,59,14,14,30,13,15,5,12,211,12,71,45,9,8,35,8,7,16
S01012474,534,39,144,70,40,47,78,54,29,33,242,28,59,14,26,32,24,30,13,16,292,11,85,56,14,15,54,24,16,17
S01012475,450,46,121,83,29,48,54,34,11,24,222,36,50,24,18,40,14,21,6,13,228,10,71,59,11,8,40,13,5,11
S01012476,676,22,129,104,37,84,136,78,35,51,302,10,57,23,28,56,41,45,22,20,374,12,72,81,9,28,95,33,13,31
S01012477,524,54,140,101,31,45,68,40,6,39,252,40,62,26,22,31,20,30,3,18,272,14,78,75,9,14,48,10,3,21
S01012478,607,27,106,94,44,59,129,84,16,48,292,18,43,22,36,38,50,52,9,24,315,9,63,72,8,21,79,32,7,24
S01012479,533,57,140,80,42,52,66,45,6,45,263,39,63,28,27,39,17,31,1,18,270,18,77,52,15,13,49,14,5,27
S01012480,450,52,105,46,29,42,57,54,18,47,244,42,54,16,17,33,20,34,5,23,206,10,51,30,12,9,37,20,13,24
S01012481,671,55,147,76,42,61,101,74,55,60,343,32,75,25,26,43,45,42,31,24,328,23,72,51,16,18,56,32,24,36
S01012482,561,67,136,63,66,39,68,39,46,37,277,48,57,24,32,25,24,19,30,18,284,19,79,39,34,14,44,20,16,19
S01012483,698,42,139,52,48,68,132,99,54,64,359,23,63,18,27,48,53,65,25,37,339,19,76,34,21,20,79,34,29,27
S01012484,579,102,188,66,62,31,48,22,22,38,279,70,76,13,38,23,13,14,11,21,300,32,112,53,24,8,35,8,11,17
S01012485,588,112,211,71,62,27,45,16,16,28,280,75,84,17,42,20,15,6,10,11,308,37,127,54,20,7,30,10,6,17
S01012486,368,72,123,44,40,14,32,11,7,25,179,51,53,7,22,11,8,7,3,17,189,21,70,37,18,3,24,4,4,8
S01012487,476,24,88,55,42,46,85,88,20,28,234,13,41,20,30,28,20,58,9,15,242,11,47,35,12,18,65,30,11,13
S01012488,693,32,146,110,46,68,132,84,36,39,345,24,60,31,33,51,56,50,21,19,348,8,86,79,13,17,76,34,15,20
S01012489,801,17,109,56,44,111,172,165,84,43,384,10,57,23,32,74,57,80,38,13,417,7,52,33,12,37,115,85,46,30
S01012490,779,33,126,81,37,94,140,147,76,45,430,23,62,20,28,69,67,98,46,17,349,10,64,61,9,25,73,49,30,28
S01012491,343,7,27,28,12,34,74,88,53,20,162,5,12,10,9,20,21,49,25,11,181,2,15,18,3,14,53,39,28,9
S01012492,631,10,69,58,32,77,130,106,87,62,333,7,23,27,27,53,52,66,47,31,298,3,46,31,5,24,78,40,40,31
S01012493,463,33,104,51,33,35,73,85,19,30,243,25,49,18,19,29,27,57,6,13,220,8,55,33,14,6,46,28,13,17
S01012494,720,12,108,66,40,76,145,119,25,129,348,9,53,20,26,53,46,69,12,60,372,3,55,46,14,23,99,50,13,69
S01012495,757,12,107,100,40,69,161,152,58,58,368,8,47,32,29,49,58,87,34,24,389,4,60,68,11,20,103,65,24,34
S01012496,571,14,57,54,28,62,131,120,54,51,270,7,23,14,21,49,36,67,30,23,301,7,34,40,7,13,95,53,24,28
S01012497,378,5,32,26,17,48,87,102,35,26,188,1,16,9,11,40,22,47,22,20,190,4,16,17,6,8,65,55,13,6
S01012498,592,8,48,38,26,65,141,139,73,54,264,6,15,11,18,39,49,75,27,24,328,2,33,27,8,26,92,64,46,30
S01012499,499,21,47,62,30,52,111,88,46,42,220,10,22,11,18,39,43,37,23,17,279,11,25,51,12,13,68,51,23,25
S01012500,347,2,41,33,19,33,67,100,31,21,167,2,19,11,17,21,19,59,15,4,180,0,22,22,2,12,48,41,16,17
S01012501,428,6,38,22,5,51,109,104,62,31,199,2,17,5,3,31,40,58,30,13,229,4,21,17,2,20,69,46,32,18
S01012502,574,6,48,35,31,42,139,137,89,47,236,4,20,9,22,25,42,54,34,26,338,2,28,26,9,17,97,83,55,21
S01012503,467,10,47,38,25,60,107,109,40,31,227,4,16,14,21,39,39,58,17,19,240,6,31,24,4,21,68,51,23,12
S01012504,446,10,52,43,21,53,105,90,38,34,192,9,19,9,17,37,28,44,17,12,254,1,33,34,4,16,77,46,21,22
S01012505,783,22,110,96,50,83,170,142,67,43,366,17,39,27,35,60,53,86,30,19,417,5,71,69,15,23,117,56,37,24
S01012506,360,24,82,51,28,37,65,32,13,28,176,14,37,14,19,28,21,26,7,10,184,10,45,37,9,9,44,6,6,18
S01012507,730,31,154,97,45,79,150,95,50,29,343,23,63,32,33,56,44,54,26,12,387,8,91,65,12,23,106,41,24,17
S01012508,558,33,103,72,32,60,114,73,38,33,265,25,37,18,21,48,39,43,19,15,293,8,66,54,11,12,75,30,19,18
S01012509,401,29,97,56,39,36,67,40,11,26,187,19,48,10,27,23,21,24,5,10,214,10,49,46,12,13,46,16,6,16
S01012510,659,30,159,110,35,72,106,78,32,37,313,22,62,39,26,54,29,56,14,11,346,8,97,71,9,18,77,22,18,26
S01012511,514,29,109,88,26,49,103,55,12,43,242,19,50,28,17,39,34,38,6,11,272,10,59,60,9,10,69,17,6,32
S01012512,480,37,88,51,39,48,86,53,54,24,227,27,38,9,24,37,30,35,22,5,253,10,50,42,15,11,56,18,32,19
S01012513,423,36,119,75,24,40,71,23,10,25,205,25,50,22,15,30,25,18,4,16,218,11,69,53,9,10,46,5,6,9
S01012514,719,68,212,125,42,65,86,46,14,61,342,43,84,40,28,51,33,28,7,28,377,25,128,85,14,14,53,18,7,33
S01012515,434,18,70,65,36,40,94,65,15,31,201,14,23,20,22,28,29,44,8,13,233,4,47,45,14,12,65,21,7,18
S01012516,466,35,107,62,27,51,79,53,21,31,204,23,46,7,21,36,17,32,10,12,262,12,61,55,6,15,62,21,11,19
S01012517,640,33,144,72,40,74,122,70,41,44,306,26,62,21,29,52,35,48,15,18,334,7,82,51,11,22,87,22,26,26
S01012518,428,50,129,57,36,34,40,28,17,37,206,37,53,16,25,24,10,16,8,17,222,13,76,41,11,10,30,12,9,20
S01012519,386,22,93,56,43,50,45,40,15,22,193,14,37,23,31,38,10,22,5,13,193,8,56,33,12,12,35,18,10,9
S01012520,564,84,176,69,44,43,59,26,17,46,279,57,72,22,28,32,21,19,4,24,285,27,104,47,16,11,38,7,13,22
S01012521,371,46,95,51,33,39,52,28,11,16,189,28,48,14,22,27,15,19,7,9,182,18,47,37,11,12,37,9,4,7
S01012522,651,85,199,91,75,51,61,32,12,45,330,59,93,25,47,36,19,19,7,25,321,26,106,66,28,15,42,13,5,20
S01012523,638,64,176,102,42,54,84,45,21,50,316,45,79,34,24,43,22,29,13,27,322,19,97,68,18,11,62,16,8,23
S01012524,630,61,190,106,53,59,78,32,16,35,292,41,90,27,32,37,23,18,8,16,338,20,100,79,21,22,55,14,8,19
S01012525,564,50,175,92,41,54,65,36,16,35,272,33,90,19,30,36,24,17,6,17,292,17,85,73,11,18,41,19,10,18
S01012526,574,85,214,80,43,35,54,18,6,39,282,61,97,19,23,31,17,12,2,20,292,24,117,61,20,4,37,6,4,19
S01012527,448,43,119,71,38,37,71,43,12,14,223,33,53,21,28,30,18,25,6,9,225,10,66,50,10,7,53,18,6,5
S01012528,616,32,87,67,31,81,129,109,31,49,296,18,30,20,22,58,51,61,14,22,320,14,57,47,9,23,78,48,17,27
S01012529,539,39,136,60,25,58,89,73,17,42,246,25,52,13,20,42,30,35,10,19,293,14,84,47,5,16,59,38,7,23
S01012530,608,49,156,122,37,64,71,54,17,38,288,38,64,28,27,55,9,38,14,15,320,11,92,94,10,9,62,16,3,23
S01012531,566,79,130,76,51,49,67,55,25,34,277,54,51,23,32,33,25,37,8,14,289,25,79,53,19,16,42,18,17,20
S01012532,597,40,132,77,69,61,102,63,15,38,286,23,61,19,45,41,40,30,7,20,311,17,71,58,24,20,62,33,8,18
S01012533,420,32,105,64,29,47,63,40,13,27,210,21,49,12,20,44,22,22,7,13,210,11,56,52,9,3,41,18,6,14
S01012534,421,15,88,65,20,46,77,66,25,19,201,10,37,20,13,36,27,35,17,6,220,5,51,45,7,10,50,31,8,13
S01012535,626,13,94,71,38,79,137,131,18,45,301,6,40,17,32,63,48,71,7,17,325,7,54,54,6,16,89,60,11,28
S01012536,576,19,83,65,50,49,110,111,32,57,271,11,38,12,33,33,41,63,18,22,305,8,45,53,17,16,69,48,14,35
S01012537,620,13,70,54,35,65,114,127,37,105,305,8,30,15,22,47,37,76,19,51,315,5,40,39,13,18,77,51,18,54
S01012538,791,36,115,92,63,97,162,131,44,51,366,26,54,25,38,63,44,78,16,22,425,10,61,67,25,34,118,53,28,29
S01012539,523,29,85,55,77,50,101,75,21,30,268,22,44,14,52,38,31,44,13,10,255,7,41,41,25,12,70,31,8,20
S01012540,528,15,44,50,38,60,130,121,35,35,251,8,18,12,26,40,47,68,17,15,277,7,26,38,12,20,83,53,18,20
S01012541,808,53,139,85,137,61,153,97,30,53,404,37,51,21,103,44,45,62,20,21,404,16,88,64,34,17,108,35,10,32
S01012542,702,74,166,75,68,61,91,60,76,31,343,45,77,21,49,39,26,37,35,14,359,29,89,54,19,22,65,23,41,17
S01012543,522,66,119,73,79,43,58,45,11,28,246,43,49,12,55,28,14,30,6,9,276,23,70,61,24,15,44,15,5,19
S01012544,581,58,146,65,59,58,84,63,20,28,278,32,64,14,40,39,29,35,11,14,303,26,82,51,19,19,55,28,9,14
S01012545,335,11,65,27,28,34,68,70,21,11,154,9,29,8,16,24,23,33,10,2,181,2,36,19,12,10,45,37,11,9
S01012546,602,34,124,95,62,69,93,61,18,46,282,23,43,20,42,46,40,40,10,18,320,11,81,75,20,23,53,21,8,28
S01012547,565,70,153,79,41,36,83,46,26,31,282,51,72,22,31,27,33,22,12,12,283,19,81,57,10,9,50,24,14,19
S01012548,630,79,168,97,49,60,84,49,17,27,294,51,72,20,39,44,20,30,7,11,336,28,96,77,10,16,64,19,10,16
S01012549,399,13,82,35,19,44,95,67,25,19,183,10,28,9,11,31,33,42,11,8,216,3,54,26,8,13,62,25,14,11
S01012550,621,31,146,67,43,67,112,70,32,53,291,24,54,21,28,49,35,42,16,22,330,7,92,46,15,18,77,28,16,31
S01012551,624,53,192,116,48,55,84,32,6,38,301,35,98,25,36,43,27,18,4,15,323,18,94,91,12,12,57,14,2,23
S01012552,706,91,223,112,55,46,75,37,8,59,344,70,99,29,35,36,18,26,3,28,362,21,124,83,20,10,57,11,5,31
S01012553,623,74,183,110,41,48,79,31,15,42,304,55,82,42,22,37,19,20,7,20,319,19,101,68,19,11,60,11,8,22
S01012554,357,37,93,62,27,33,42,18,6,39,166,29,36,16,19,25,10,9,3,19,191,8,57,46,8,8,32,9,3,20
S01012555,416,46,126,76,23,36,40,21,6,42,212,30,62,21,14,29,17,11,3,25,204,16,64,55,9,7,23,10,3,17
S01012556,437,63,137,54,32,30,48,21,8,44,210,45,58,15,19,25,10,12,3,23,227,18,79,39,13,5,38,9,5,21
S01012557,447,63,137,63,32,34,45,25,14,34,222,46,59,13,21,25,13,14,8,23,225,17,78,50,11,9,32,11,6,11
S01012558,454,16,92,54,22,56,91,74,27,22,231,14,42,16,14,40,30,45,17,13,223,2,50,38,8,16,61,29,10,9
S01012559,538,31,105,65,34,70,104,74,36,19,258,18,53,23,21,53,26,37,18,9,280,13,52,42,13,17,78,37,18,10
S01012560,392,28,76,68,20,48,63,57,15,17,170,15,35,15,12,30,18,33,5,7,222,13,41,53,8,18,45,24,10,10
S01012561,549,39,130,80,29,52,86,58,29,46,250,20,52,27,18,35,29,33,14,22,299,19,78,53,11,17,57,25,15,24
S01012562,568,32,126,68,31,79,86,79,35,32,283,19,55,18,18,62,33,47,18,13,285,13,71,50,13,17,53,32,17,19
S01012563,475,90,156,70,41,18,38,9,8,45,231,64,65,19,25,13,9,7,7,22,244,26,91,51,16,5,29,2,1,23
S01012564,608,84,188,75,73,41,68,31,12,36,279,52,81,17,43,31,20,13,7,15,329,32,107,58,30,10,48,18,5,21
S01012565,538,79,155,75,50,33,64,38,6,38,247,52,59,22,34,22,16,18,3,21,291,27,96,53,16,11,48,20,3,17
S01012566,544,54,148,64,52,43,79,53,26,25,252,37,60,13,31,28,30,31,9,13,292,17,88,51,21,15,49,22,17,12
S01012567,792,73,168,100,62,79,139,71,46,54,392,43,65,23,42,66,59,44,22,28,400,30,103,77,20,13,80,27,24,26
S01012568,436,83,147,46,47,18,30,16,15,34,213,57,55,12,29,13,11,8,8,20,223,26,92,34,18,5,19,8,7,14
S01012569,559,124,167,59,77,18,36,17,11,50,267,89,59,15,44,13,12,8,3,24,292,35,108,44,33,5,24,9,8,26
S01012570,367,27,66,44,51,48,64,33,14,20,187,15,32,15,34,35,17,22,8,9,180,12,34,29,17,13,47,11,6,11
S01012571,624,35,130,58,98,56,109,84,21,33,324,19,53,15,70,46,33,62,13,13,300,16,77,43,28,10,76,22,8,20
S01012572,408,31,74,42,58,36,71,55,20,21,208,24,30,9,43,21,29,35,8,9,200,7,44,33,15,15,42,20,12,12
S01012573,633,94,168,65,104,43,80,37,19,23,318,64,70,12,75,29,23,22,9,14,315,30,98,53,29,14,57,15,10,9
S01012574,654,69,199,80,89,50,68,59,14,26,310,42,79,19,64,32,18,37,6,13,344,27,120,61,25,18,50,22,8,13
S01012575,474,64,114,55,56,32,79,35,11,28,228,38,55,10,38,20,27,23,5,12,246,26,59,45,18,12,52,12,6,16
S01012576,545,83,144,60,75,41,68,46,7,21,248,49,64,16,46,21,17,27,2,6,297,34,80,44,29,20,51,19,5,15
S01012577,569,53,130,55,81,51,94,72,10,23,284,39,49,12,62,35,31,41,5,10,285,14,81,43,19,16,63,31,5,13
S01012578,661,73,166,63,86,49,84,86,20,34,319,47,67,8,56,28,29,55,13,16,342,26,99,55,30,21,55,31,7,18
S01012579,522,60,108,52,67,47,77,61,21,29,254,38,39,14,49,30,25,38,7,14,268,22,69,38,18,17,52,23,14,15
S01012580,588,90,144,56,106,42,63,39,23,25,291,54,53,11,73,23,26,28,10,13,297,36,91,45,33,19,37,11,13,12
S01012581,521,17,84,67,36,56,102,76,51,32,257,12,35,19,21,43,38,47,28,14,264,5,49,48,15,13,64,29,23,18
S01012582,690,74,175,78,100,48,89,62,20,44,346,44,76,28,67,35,33,33,11,19,344,30,99,50,33,13,56,29,9,25
S01012583,525,32,107,63,38,59,85,91,28,22,272,17,39,18,29,45,34,64,18,8,253,15,68,45,9,14,51,27,10,14
S01012584,555,49,129,70,75,45,64,69,17,37,263,24,58,22,48,25,18,47,7,14,292,25,71,48,27,20,46,22,10,23
S01012585,610,24,115,50,46,71,114,117,44,29,308,19,50,8,29,52,38,78,17,17,302,5,65,42,17,19,76,39,27,12
S01012586,751,67,157,81,88,55,100,93,62,48,445,40,87,25,57,47,47,67,51,24,306,27,70,56,31,8,53,26,11,24
S01012587,655,61,177,69,117,47,76,58,13,37,325,35,78,9,85,34,21,39,7,17,330,26,99,60,32,13,55,19,6,20
S01012588,493,49,99,69,79,33,66,58,12,28,239,25,42,16,53,25,19,44,6,9,254,24,57,53,26,8,47,14,6,19
S01012589,510,19,71,86,22,62,89,110,23,28,240,11,34,18,17,44,25,68,9,14,270,8,37,68,5,18,64,42,14,14
S01012590,592,32,83,63,34,58,129,130,35,28,295,22,33,15,23,44,44,90,11,13,297,10,50,48,11,14,85,40,24,15
S01012591,577,15,75,59,28,59,136,136,51,18,289,10,30,14,17,45,51,94,24,4,288,5,45,45,11,14,85,42,27,14
S01012592,431,72,110,72,46,29,44,24,13,21,227,42,57,22,36,17,16,18,9,10,204,30,53,50,10,12,28,6,4,11
S01012593,647,63,189,115,39,54,62,67,8,50,322,45,74,31,25,44,25,45,5,28,325,18,115,84,14,10,37,22,3,22
S01012594,361,27,87,54,19,31,54,51,13,25,169,14,38,14,12,26,13,34,6,12,192,13,49,40,7,5,41,17,7,13
S01012595,492,23,108,79,41,50,77,73,22,19,236,12,40,27,31,36,30,47,9,4,256,11,68,52,10,14,47,26,13,15
S01012596,566,21,82,79,31,52,86,139,41,35,271,16,33,20,19,41,23,87,20,12,295,5,49,59,12,11,63,52,21,23
S01012597,334,28,95,47,23,41,37,33,17,13,160,17,32,12,16,31,15,25,8,4,174,11,63,35,7,10,22,8,9,9
S01012598,530,77,167,85,32,41,45,38,10,35,265,51,70,29,22,30,18,25,5,15,265,26,97,56,10,11,27,13,5,20
S01012599,494,57,134,73,33,29,58,51,24,35,246,42,58,20,23,21,20,32,12,18,248,15,76,53,10,8,38,19,12,17
S01012600,571,55,173,116,32,35,64,45,18,33,283,42,74,37,25,29,19,31,11,15,288,13,99,79,7,6,45,14,7,18
S01012601,691,78,209,126,41,51,68,53,15,50,339,49,100,32,27,40,24,32,8,27,352,29,109,94,14,11,44,21,7,23
S01012602,434,24,95,56,16,44,63,75,38,23,200,17,37,11,9,34,19,46,19,8,234,7,58,45,7,10,44,29,19,15
S01012603,531,19,99,87,32,41,81,105,37,30,267,11,51,22,24,28,33,66,19,13,264,8,48,65,8,13,48,39,18,17
S01012604,514,31,96,56,21,37,114,104,23,32,239,21,39,13,16,28,40,60,5,17,275,10,57,43,5,9,74,44,18,15
S01012605,386,31,80,59,18,33,64,55,15,31,173,18,27,13,11,26,24,35,3,16,213,13,53,46,7,7,40,20,12,15
S01012606,547,96,197,93,20,29,49,25,5,33,271,55,83,35,14,27,21,22,4,10,276,41,114,58,6,2,28,3,1,23
S01012607,596,47,135,79,46,49,93,70,31,46,296,32,57,24,33,37,37,42,12,22,300,15,78,55,13,12,56,28,19,24
S01012608,613,22,118,83,30,52,104,133,35,36,295,11,49,28,23,39,30,82,19,14,318,11,69,55,7,13,74,51,16,22
S01012609,614,12,74,91,29,61,126,151,50,20,275,7,25,25,22,45,40,82,22,7,339,5,49,66,7,16,86,69,28,13
S01012610,691,29,103,90,43,63,125,119,70,49,330,18,35,21,32,47,44,74,37,22,361,11,68,69,11,16,81,45,33,27
S01012611,659,60,167,82,45,47,110,81,15,52,323,45,61,25,27,36,43,55,7,24,336,15,106,57,18,11,67,26,8,28
S01012612,569,29,93,93,42,48,71,94,46,53,276,18,45,21,31,34,24,59,23,21,293,11,48,72,11,14,47,35,23,32
S01012613,521,32,102,73,29,45,86,100,30,24,256,22,41,21,22,36,30,63,15,6,265,10,61,52,7,9,56,37,15,18
S01012614,799,57,204,131,46,71,113,83,31,63,393,39,90,33,35,52,44,55,14,31,406,18,114,98,11,19,69,28,17,32
S01012615,515,77,140,62,54,22,57,47,22,34,252,56,51,15,41,16,15,29,12,17,263,21,89,47,13,6,42,18,10,17
S01012616,688,99,155,87,86,41,87,60,28,45,336,58,63,19,62,31,31,35,11,26,352,41,92,68,24,10,56,25,17,19
S01012617,305,32,87,52,43,22,21,17,8,23,148,18,33,9,33,17,10,13,5,10,157,14,54,43,10,5,11,4,3,13
S01012618,420,35,101,47,34,36,64,50,19,34,207,23,32,17,24,31,16,39,8,17,213,12,69,30,10,5,48,11,11,17
S01012619,407,27,64,57,31,35,68,70,40,15,200,17,25,15,23,23,20,47,22,8,207,10,39,42,8,12,48,23,18,7
S01012620,566,84,174,88,55,30,64,24,11,36,276,58,73,29,41,23,18,16,6,12,290,26,101,59,14,7,46,8,5,24
S01012621,437,59,122,67,35,21,46,30,32,25,216,37,53,17,22,15,12,23,24,13,221,22,69,50,13,6,34,7,8,12
S01012622,540,38,130,72,46,47,98,61,23,25,263,26,69,14,31,35,26,39,14,9,277,12,61,58,15,12,72,22,9,16
S01012623,506,26,83,65,35,56,100,93,25,23,246,17,43,17,25,38,34,47,12,13,260,9,40,48,10,18,66,46,13,10
S01012624,522,20,92,73,35,46,105,84,32,35,245,15,32,20,29,35,37,49,10,18,277,5,60,53,6,11,68,35,22,17
S01012625,401,17,76,51,28,37,73,70,25,24,188,12,26,15,22,27,16,44,17,9,213,5,50,36,6,10,57,26,8,15
S01012626,374,32,102,57,24,33,55,30,10,31,179,21,45,18,17,26,15,23,2,12,195,11,57,39,7,7,40,7,8,19
S01012627,412,36,84,49,30,33,56,59,43,22,202,27,32,16,23,26,15,31,22,10,210,9,52,33,7,7,41,28,21,12
S01012628,670,104,208,103,58,35,65,36,18,43,322,77,79,29,34,25,28,24,9,17,348,27,129,74,24,10,37,12,9,26
S01012629,351,60,117,42,28,22,28,20,11,23,172,39,50,14,15,16,7,12,5,14,179,21,67,28,13,6,21,8,6,9
S01012630,614,52,145,79,51,58,79,78,43,29,315,37,64,23,37,42,34,44,25,9,299,15,81,56,14,16,45,34,18,20
S01012631,681,31,128,71,42,66,124,115,57,47,328,15,56,26,25,44,32,77,29,24,353,16,72,45,17,22,92,38,28,23
S01012632,551,53,114,85,101,34,69,63,13,19,284,32,48,27,70,27,19,46,7,8,267,21,66,58,31,7,50,17,6,11
S01012633,527,66,130,53,90,40,71,32,19,26,262,44,56,12,57,32,22,20,7,12,265,22,74,41,33,8,49,12,12,14
S01012634,526,25,87,77,56,40,87,92,35,27,267,17,38,24,39,30,26,59,21,13,259,8,49,53,17,10,61,33,14,14
S01012635,824,94,218,104,82,60,117,78,23,48,399,62,100,26,52,45,32,52,9,21,425,32,118,78,30,15,85,26,14,27
S01012636,466,43,122,49,74,29,62,57,12,18,222,25,54,6,53,21,19,37,2,5,244,18,68,43,21,8,43,20,10,13
S01012637,612,12,67,66,30,62,125,160,61,29,291,7,24,13,21,40,46,101,32,7,321,5,43,53,9,22,79,59,29,22
S01012638,630,40,106,77,44,61,108,127,35,32,293,24,37,22,28,42,30,81,15,14,337,16,69,55,16,19,78,46,20,18
S01012639,620,21,82,74,42,45,160,138,30,28,309,17,40,15,33,37,56,86,13,12,311,4,42,59,9,8,104,52,17,16
S01012640,703,8,92,59,69,60,146,146,91,32,346,7,42,17,51,43,39,96,42,9,357,1,50,42,18,17,107,50,49,23
S01012641,678,28,124,66,55,66,146,114,45,34,324,19,44,16,42,51,47,69,21,15,354,9,80,50,13,15,99,45,24,19
S01012642,601,10,54,45,25,62,146,162,70,27,267,5,19,13,16,33,44,91,36,10,334,5,35,32,9,29,102,71,34,17
S01012643,339,2,53,31,18,34,76,84,26,15,159,2,20,9,10,26,27,50,9,6,180,0,33,22,8,8,49,34,17,9
S01012644,477,16,81,45,32,44,118,84,41,16,218,12,27,11,24,34,37,48,16,9,259,4,54,34,8,10,81,36,25,7
S01012645,576,44,134,68,68,49,73,86,29,25,291,27,60,11,51,37,21,62,11,11,285,17,74,57,17,12,52,24,18,14
S01012646,706,67,162,95,80,66,109,71,23,33,346,45,62,22,59,55,27,49,12,15,360,22,100,73,21,11,82,22,11,18
S01012647,525,52,158,90,35,37,57,54,10,32,260,29,70,23,31,29,19,42,4,13,265,23,88,67,4,8,38,12,6,19
S01012648,411,8,62,38,24,28,110,78,31,32,195,7,28,6,19,24,32,50,13,16,216,1,34,32,5,4,78,28,18,16
S01012649,505,46,83,56,42,31,96,65,51,35,241,30,43,15,24,23,29,38,22,17,264,16,40,41,18,8,67,27,29,18
S01012650,466,46,112,71,47,35,60,61,15,19,238,34,46,25,28,24,22,38,9,12,228,12,66,46,19,11,38,23,6,7
S01012651,472,10,49,49,21,46,104,140,37,16,220,4,13,8,14,36,32,89,18,6,252,6,36,41,7,10,72,51,19,10
S01012652,828,93,225,140,50,73,100,78,20,49,413,63,90,42,37,57,31,58,11,24,415,30,135,98,13,16,69,20,9,25
S01012653,671,26,110,67,59,61,121,108,74,45,333,17,41,18,45,45,34,69,42,22,338,9,69,49,14,16,87,39,32,23
S01012654,576,55,136,101,67,32,74,56,22,33,280,37,65,19,43,24,29,38,7,18,296,18,71,82,24,8,45,18,15,15
S01012655,816,36,133,111,77,71,140,144,64,40,399,25,61,27,57,45,44,90,33,17,417,11,72,84,20,26,96,54,31,23
S01012656,595,22,90,77,43,57,124,117,37,28,269,12,36,18,33,44,37,72,12,5,326,10,54,59,10,13,87,45,25,23
S01012657,395,11,71,64,24,27,71,80,21,26,182,11,27,13,20,21,22,46,14,8,213,0,44,51,4,6,49,34,7,18
S01012658,747,55,178,140,59,81,106,69,18,41,345,36,84,24,44,67,21,42,9,18,402,19,94,116,15,14,85,27,9,23
S01012659,746,82,222,128,43,55,86,56,14,60,355,50,95,35,31,43,25,40,6,30,391,32,127,93,12,12,61,16,8,30
S01012660,532,42,102,63,29,54,102,90,24,26,252,26,37,18,21,36,35,53,12,14,280,16,65,45,8,18,67,37,12,12
S01012661,582,51,122,87,59,50,79,80,16,38,276,33,45,22,42,33,23,53,10,15,306,18,77,65,17,17,56,27,6,23
S01012662,567,23,85,62,44,56,120,116,26,35,259,18,29,10,31,37,48,60,9,17,308,5,56,52,13,19,72,56,17,18
S01012663,545,39,117,88,52,49,81,71,19,29,259,28,47,20,38,35,29,38,11,13,286,11,70,68,14,14,52,33,8,16
S01012664,691,37,128,87,72,73,111,111,31,41,355,22,49,23,51,60,41,69,22,18,336,15,79,64,21,13,70,42,9,23
S01012665,521,10,59,62,35,49,107,130,45,24,234,4,23,17,25,36,32,67,19,11,287,6,36,45,10,13,75,63,26,13
S01012666,497,11,56,53,27,50,106,146,36,12,206,5,19,16,23,27,29,65,14,8,291,6,37,37,4,23,77,81,22,4
S01012667,445,12,52,50,37,51,79,86,48,30,223,9,25,9,32,31,28,53,25,11,222,3,27,41,5,20,51,33,23,19
S01012668,547,10,76,81,44,53,95,116,42,30,248,6,31,18,35,40,24,66,17,11,299,4,45,63,9,13,71,50,25,19
S01012669,569,38,161,102,20,47,88,60,8,45,266,29,69,26,15,33,31,43,6,14,303,9,92,76,5,14,57,17,2,31
S01012670,545,50,136,97,34,48,81,47,14,38,266,38,67,25,27,33,24,30,6,16,279,12,69,72,7,15,57,17,8,22
S01012671,685,14,89,82,47,73,144,158,46,32,335,11,41,16,40,51,51,86,22,17,350,3,48,66,7,22,93,72,24,15
S01012672,547,6,52,55,25,70,121,154,45,19,267,5,24,12,18,42,46,86,28,6,280,1,28,43,7,28,75,68,17,13
S01012673,456,7,31,52,16,54,109,122,38,27,197,4,12,11,12,32,32,68,18,8,259,3,19,41,4,22,77,54,20,19
S01012674,414,3,49,41,18,37,77,98,68,23,199,2,16,12,16,27,25,58,32,11,215,1,33,29,2,10,52,40,36,12
S01012675,604,12,71,64,35,54,129,159,50,30,295,6,28,15,29,39,47,90,31,10,309,6,43,49,6,15,82,69,19,20
S01012676,595,16,90,91,36,69,114,108,32,39,287,12,40,25,29,44,31,76,14,16,308,4,50,66,7,25,83,32,18,23
S01012677,439,12,62,48,29,42,79,112,37,18,209,8,29,13,22,31,17,64,18,7,230,4,33,35,7,11,62,48,19,11
S01012678,553,38,151,79,47,48,69,66,16,39,262,24,53,23,27,33,21,52,11,18,291,14,98,56,20,15,48,14,5,21
S01012679,594,39,122,79,46,56,95,114,23,20,299,25,49,16,37,45,26,74,17,10,295,14,73,63,9,11,69,40,6,10
S01012680,406,50,104,55,30,31,53,44,10,29,200,30,47,17,19,23,16,30,3,15,206,20,57,38,11,8,37,14,7,14
S01012681,518,22,109,81,69,35,60,70,27,45,240,12,47,22,45,29,13,41,13,18,278,10,62,59,24,6,47,29,14,27
S01012682,520,52,120,82,45,39,77,63,13,29,249,38,54,16,40,25,22,38,7,9,271,14,66,66,5,14,55,25,6,20
S01012683,568,35,96,72,33,51,127,74,38,42,269,22,40,18,28,43,37,44,21,16,299,13,56,54,5,8,90,30,17,26
S01012684,406,43,104,61,36,28,48,48,19,19,201,31,41,18,29,23,10,32,9,8,205,12,63,43,7,5,38,16,10,11
S01012685,579,24,100,76,37,48,115,106,34,39,281,16,47,16,27,37,40,66,15,17,298,8,53,60,10,11,75,40,19,22
S01012686,711,114,201,111,69,43,68,45,22,38,362,85,82,29,48,34,24,31,10,19,349,29,119,82,21,9,44,14,12,19
S01012687,384,73,138,65,40,12,19,10,2,25,177,57,57,9,23,9,4,5,1,12,207,16,81,56,17,3,15,5,1,13
S01012688,591,75,159,94,44,39,62,65,23,30,289,51,72,21,29,26,21,43,11,15,302,24,87,73,15,13,41,22,12,15
S01012689,358,64,104,31,37,24,37,30,4,27,170,44,37,4,25,16,13,14,2,15,188,20,67,27,12,8,24,16,2,12
S01012690,391,43,101,57,26,33,59,39,12,21,193,28,42,22,15,25,20,28,1,12,198,15,59,35,11,8,39,11,11,9
S01012691,548,106,187,63,37,34,45,16,12,48,260,68,84,11,25,23,12,14,7,16,288,38,103,52,12,11,33,2,5,32
S01012692,557,60,132,74,38,53,82,56,29,33,263,37,54,27,23,33,25,30,15,19,294,23,78,47,15,20,57,26,14,14
S01012693,662,131,201,98,56,26,56,20,9,65,323,94,90,20,37,21,15,13,4,29,339,37,111,78,19,5,41,7,5,36
S01012694,328,32,82,45,23,30,66,26,7,17,152,21,39,14,13,20,16,14,3,12,176,11,43,31,10,10,50,12,4,5
S01012695,612,58,130,75,114,33,81,66,17,38,311,37,58,15,82,28,28,42,6,15,301,21,72,60,32,5,53,24,11,23
S01012696,702,77,128,67,126,31,67,55,56,95,428,53,52,20,90,22,40,39,49,63,274,24,76,47,36,9,27,16,7,32
S01012697,380,53,94,39,72,26,38,27,9,22,187,34,38,10,45,17,10,21,3,9,193,19,56,29,27,9,28,6,6,13
S01012698,590,61,168,86,74,34,85,36,19,27,298,46,79,20,54,21,27,25,11,15,292,15,89,66,20,13,58,11,8,12
S01012699,786,99,181,99,125,50,91,65,28,48,363,64,67,22,90,35,22,39,7,17,423,35,114,77,35,15,69,26,21,31
S01012700,614,67,139,93,67,45,89,49,13,52,303,41,62,23,46,36,28,33,10,24,311,26,77,70,21,9,61,16,3,28
S01012701,431,53,107,90,28,34,53,24,8,34,212,43,42,26,21,27,16,17,3,17,219,10,65,64,7,7,37,7,5,17
S01012702,451,68,121,58,42,36,45,46,14,21,212,39,52,21,29,24,10,24,6,7,239,29,69,37,13,12,35,22,8,14
S01012703,456,43,115,61,32,37,62,45,15,46,223,33,55,16,23,28,16,27,8,17,233,10,60,45,9,9,46,18,7,29
S01012704,563,13,67,68,39,59,118,117,52,30,266,6,27,23,28,39,34,69,29,11,297,7,40,45,11,20,84,48,23,19
S01012705,574,73,154,111,44,44,55,33,9,51,266,53,68,20,35,35,14,17,4,20,308,20,86,91,9,9,41,16,5,31
S01012706,516,18,58,56,29,42,125,120,35,33,271,10,25,15,25,30,44,75,25,22,245,8,33,41,4,12,81,45,10,11
S01012707,699,93,211,132,52,42,73,31,14,51,349,66,106,32,36,35,23,22,5,24,350,27,105,100,16,7,50,9,9,27
S01012708,548,16,85,73,32,44,105,115,44,34,259,10,30,22,27,33,35,66,23,13,289,6,55,51,5,11,70,49,21,21
S01012709,379,22,74,71,21,37,66,51,16,21,170,14,27,25,17,27,26,24,6,4,209,8,47,46,4,10,40,27,10,17
S01012710,534,33,102,74,42,56,99,80,24,24,271,26,49,30,33,30,31,50,12,10,263,7,53,44,9,26,68,30,12,14
S01012711,626,30,92,70,38,61,105,143,65,22,324,18,41,23,34,37,41,76,45,9,302,12,51,47,4,24,64,67,20,13
S01012712,613,89,180,103,43,41,67,24,16,50,296,62,91,18,31,34,17,13,9,21,317,27,89,85,12,7,50,11,7,29
S01012713,526,69,149,94,35,33,63,39,10,34,248,47,58,22,26,26,25,26,6,12,278,22,91,72,9,7,38,13,4,22
S01012714,441,66,140,83,33,26,46,16,8,23,220,49,65,16,25,24,16,10,6,9,221,17,75,67,8,2,30,6,2,14
S01012715,556,49,120,93,38,46,75,77,30,28,274,31,45,35,29,39,23,43,19,10,282,18,75,58,9,7,52,34,11,18
S01012716,611,125,179,94,66,25,44,21,15,42,288,85,75,17,43,19,11,15,4,19,323,40,104,77,23,6,33,6,11,23
S01012717,725,73,163,125,49,50,104,88,44,29,359,49,78,37,34,35,31,54,27,14,366,24,85,88,15,15,73,34,17,15
S01012718,726,90,219,92,52,55,93,64,23,38,363,56,103,29,36,43,30,37,10,19,363,34,116,63,16,12,63,27,13,19
S01012719,644,66,144,94,48,48,90,70,28,56,333,50,61,35,35,39,31,47,14,21,311,16,83,59,13,9,59,23,14,35
S01012720,447,55,105,53,33,31,57,44,23,46,251,32,58,12,27,23,18,38,16,27,196,23,47,41,6,8,39,6,7,19
S01012721,472,28,98,76,28,42,82,77,15,26,225,14,44,20,25,26,31,43,10,12,247,14,54,56,3,16,51,34,5,14
S01012722,576,20,68,72,20,64,121,133,47,31,286,13,28,21,17,45,42,77,33,10,290,7,40,51,3,19,79,56,14,21
S01012723,510,14,71,64,36,49,104,103,39,30,257,9,34,16,31,34,41,62,19,11,253,5,37,48,5,15,63,41,20,19
S01012724,551,43,134,76,41,38,110,74,15,20,277,31,60,24,33,25,36,49,9,10,274,12,74,52,8,13,74,25,6,10
S01012725,698,73,159,115,44,55,82,85,36,49,358,51,69,41,35,38,31,49,21,23,340,22,90,74,9,17,51,36,15,26
S01012726,431,23,65,71,29,36,87,71,24,25,201,16,32,12,24,22,36,41,8,10,230,7,33,59,5,14,51,30,16,15
S01012727,528,8,75,49,25,58,110,117,62,24,243,4,30,19,18,38,32,60,31,11,285,4,45,30,7,20,78,57,31,13
S01012728,556,11,68,63,27,39,131,129,64,24,249,5,28,15,21,27,40,74,26,13,307,6,40,48,6,12,91,55,38,11
S01012729,638,53,147,95,46,66,98,61,25,47,297,32,44,29,34,58,27,38,10,25,341,21,103,66,12,8,71,23,15,22
S01012730,428,13,56,51,23,42,102,93,28,20,199,7,21,11,17,25,39,58,16,5,229,6,35,40,6,17,63,35,12,15
S01012731,571,21,80,82,30,63,116,124,35,20,272,12,39,24,20,44,34,76,14,9,299,9,41,58,10,19,82,48,21,11
S01012732,520,26,67,77,25,54,121,101,29,20,241,19,22,24,18,37,41,58,15,7,279,7,45,53,7,17,80,43,14,13
S01012733,755,107,237,133,78,44,60,33,6,57,369,67,108,43,54,33,21,20,1,22,386,40,129,90,24,11,39,13,5,35
S01012734,422,83,140,60,28,29,27,15,3,37,200,50,60,14,18,26,10,7,1,14,222,33,80,46,10,3,17,8,2,23
S01012735,376,17,51,58,13,44,71,79,21,22,183,8,28,20,11,34,23,44,7,8,193,9,23,38,2,10,48,35,14,14
S01012736,707,45,144,116,34,77,137,94,27,33,348,27,63,39,31,50,43,67,16,12,359,18,81,77,3,27,94,27,11,21
S01012737,608,50,139,104,42,57,97,67,20,32,302,29,57,36,28,38,36,52,7,19,306,21,82,68,14,19,61,15,13,13
S01012738,474,15,75,54,33,51,85,93,33,35,223,6,34,15,24,26,33,47,23,15,251,9,41,39,9,25,52,46,10,20
S01012739,612,111,174,102,64,34,41,27,13,46,308,68,87,28,47,23,12,18,4,21,304,43,87,74,17,11,29,9,9,25
S01012740,621,90,180,87,62,42,62,43,14,41,301,56,78,22,41,31,23,29,4,17,320,34,102,65,21,11,39,14,10,24
S01012741,471,58,133,98,29,29,53,34,5,32,231,36,58,32,22,24,18,20,2,19,240,22,75,66,7,5,35,14,3,13
S01012742,551,67,163,112,40,32,66,31,7,33,274,46,83,27,30,26,19,19,4,20,277,21,80,85,10,6,47,12,3,13
S01012743,449,43,130,92,31,35,54,21,1,42,210,27,56,21,23,26,15,17,0,25,239,16,74,71,8,9,39,4,1,17
S01012744,556,78,141,111,37,50,50,45,11,33,274,49,63,26,30,40,20,25,5,16,282,29,78,85,7,10,30,20,6,17
S01012745,532,72,129,101,41,42,60,36,16,35,246,38,54,24,30,32,23,26,5,14,286,34,75,77,11,10,37,10,11,21
S01012746,614,61,155,97,46,50,81,64,16,44,305,36,75,29,38,37,27,39,5,19,309,25,80,68,8,13,54,25,11,25
S01012747,629,34,119,87,37,49,115,96,42,50,304,21,50,30,27,36,44,55,19,22,325,13,69,57,10,13,71,41,23,28
S01012748,591,11,60,52,28,52,127,159,64,38,287,8,20,16,25,33,38,93,36,18,304,3,40,36,3,19,89,66,28,20
S01012749,645,8,74,66,44,63,126,125,87,52,305,3,31,22,33,41,39,67,44,25,340,5,43,44,11,22,87,58,43,27
S01012750,588,11,52,61,27,41,155,136,65,40,289,7,25,18,21,25,60,82,34,17,299,4,27,43,6,16,95,54,31,23
S01012751,596,19,83,84,26,66,138,115,45,20,288,13,31,25,23,49,53,58,27,9,308,6,52,59,3,17,85,57,18,11
S01012752,638,42,113,69,39,63,116,122,38,36,301,24,52,16,31,44,35,73,15,11,337,18,61,53,8,19,81,49,23,25
S01012753,371,12,41,35,18,36,84,97,32,16,150,5,12,8,17,25,22,44,11,6,221,7,29,27,1,11,62,53,21,10
S01012754,438,21,68,47,27,46,82,91,30,26,225,9,31,10,23,32,35,57,17,11,213,12,37,37,4,14,47,34,13,15
S01012755,387,13,48,50,15,33,95,71,44,18,175,7,24,13,12,22,30,37,23,7,212,6,24,37,3,11,65,34,21,11
S01012756,378,15,57,65,25,39,74,66,26,11,185,11,25,14,18,28,29,42,13,5,193,4,32,51,7,11,45,24,13,6
S01012757,359,7,49,42,26,33,75,94,18,15,168,6,17,13,19,26,24,45,11,7,191,1,32,29,7,7,51,49,7,8
S01012758,450,31,75,70,38,32,80,61,31,32,200,17,32,18,26,23,24,33,14,13,250,14,43,52,12,9,56,28,17,19
S01012759,549,12,66,67,27,52,134,110,51,30,258,8,23,15,18,39,47,63,32,13,291,4,43,52,9,13,87,47,19,17
S01012760,696,20,100,104,29,67,123,130,72,51,320,12,46,23,24,37,37,76,40,25,376,8,54,81,5,30,86,54,32,26
S01012761,599,32,90,93,40,69,101,104,39,31,301,19,35,32,30,50,37,66,22,10,298,13,55,61,10,19,64,38,17,21
S01012762,567,25,91,93,32,74,108,93,18,33,270,14,33,22,24,55,38,58,8,18,297,11,58,71,8,19,70,35,10,15
S01012763,326,11,46,33,14,38,76,67,22,19,150,8,18,8,13,23,22,39,13,6,176,3,28,25,1,15,54,28,9,13
S01012764,569,26,87,83,27,56,102,117,35,36,277,18,28,29,21,43,31,72,16,19,292,8,59,54,6,13,71,45,19,17
S01012765,553,30,113,67,32,52,111,84,29,35,256,22,51,17,22,39,26,48,18,13,297,8,62,50,10,13,85,36,11,22
S01012766,642,29,102,86,40,76,124,107,40,38,298,14,43,21,27,51,44,64,21,13,344,15,59,65,13,25,80,43,19,25
S01012767,458,34,109,78,32,45,77,50,7,26,228,19,41,21,27,38,26,37,5,14,230,15,68,57,5,7,51,13,2,12
S01012768,592,39,127,132,37,68,103,49,6,31,296,27,56,39,31,57,35,26,3,22,296,12,71,93,6,11,68,23,3,9
S01012769,342,41,88,50,31,21,42,35,10,24,179,24,39,11,23,16,19,25,8,14,163,17,49,39,8,5,23,10,2,10
S01012770,628,29,121,110,37,58,113,96,27,37,291,21,55,25,24,43,40,60,12,11,337,8,66,85,13,15,73,36,15,26
S01012771,554,46,104,72,28,48,100,78,38,40,257,28,35,16,25,33,36,55,15,14,297,18,69,56,3,15,64,23,23,26
S01012772,505,8,46,67,28,56,116,119,36,29,233,4,17,15,22,44,36,65,16,14,272,4,29,52,6,12,80,54,20,15
S01012773,674,35,110,93,45,64,135,126,39,27,336,23,43,40,34,42,44,77,20,13,338,12,67,53,11,22,91,49,19,14
S01012774,676,41,121,99,36,69,125,101,45,39,329,23,53,26,31,44,45,62,28,17,347,18,68,73,5,25,80,39,17,22
S01012775,329,18,62,47,28,28,72,36,22,16,169,12,26,16,25,19,24,25,14,8,160,6,36,31,3,9,48,11,8,8
S01012776,594,13,71,71,26,57,142,136,42,36,297,9,31,25,20,41,56,79,23,13,297,4,40,46,6,16,86,57,19,23
S01012777,699,50,167,114,51,72,104,57,30,54,332,27,75,32,34,56,34,34,16,24,367,23,92,82,17,16,70,23,14,30
S01012778,527,31,95,84,24,41,76,87,48,41,250,18,38,23,17,33,26,54,28,13,277,13,57,61,7,8,50,33,20,28
S01012779,332,15,51,36,20,27,61,67,35,20,156,7,25,9,17,21,20,30,18,9,176,8,26,27,3,6,41,37,17,11
S01012780,524,17,64,59,26,45,126,98,57,32,225,9,23,18,20,23,44,52,23,13,299,8,41,41,6,22,82,46,34,19
S01012781,514,31,133,74,48,42,78,51,17,40,257,19,61,25,30,31,29,31,7,24,257,12,72,49,18,11,49,20,10,16
S01012782,464,6,41,62,22,41,105,110,54,23,226,3,18,22,20,32,46,49,28,8,238,3,23,40,2,9,59,61,26,15
S01012783,524,12,54,59,26,54,115,116,59,29,239,5,20,12,22,37,44,56,29,14,285,7,34,47,4,17,71,60,30,15
S01012784,565,22,94,80,21,65,121,103,34,25,282,16,40,29,19,42,38,67,18,13,283,6,54,51,2,23,83,36,16,12
S01012785,543,10,61,52,30,55,131,123,67,14,265,7,25,15,20,41,56,61,34,6,278,3,36,37,10,14,75,62,33,8
S01012786,551,10,55,59,21,59,117,104,75,51,270,8,19,25,18,32,50,53,40,25,281,2,36,34,3,27,67,51,35,26
S01012787,433,32,110,63,25,33,74,46,20,30,208,18,47,25,21,24,23,30,8,12,225,14,63,38,4,9,51,16,12,18
S01012788,477,20,53,37,26,47,72,128,62,32,236,14,18,11,20,34,21,74,32,12,241,6,35,26,6,13,51,54,30,20
S01012789,586,55,114,93,46,46,92,71,29,40,292,39,44,29,33,38,36,42,13,18,294,16,70,64,13,8,56,29,16,22
S01012790,438,83,137,67,23,18,34,35,11,30,210,50,50,26,17,15,6,27,1,18,228,33,87,41,6,3,28,8,10,12
S01012791,523,76,155,90,39,21,68,28,7,39,252,57,67,22,23,16,28,13,4,22,271,19,88,68,16,5,40,15,3,17
S01012792,696,52,144,117,44,56,98,113,36,36,332,28,69,32,29,41,37,56,22,18,364,24,75,85,15,15,61,57,14,18
S01012793,624,22,81,59,33,31,116,107,55,120,349,8,48,24,29,25,51,61,34,69,275,14,33,35,4,6,65,46,21,51
S01012794,494,76,153,61,39,32,53,50,12,18,260,46,79,15,30,20,21,35,3,11,234,30,74,46,9,12,32,15,9,7
S01012795,787,19,73,83,50,64,195,176,69,58,364,12,32,29,36,39,73,92,32,19,423,7,41,54,14,25,122,84,37,39
S01012796,581,28,114,88,37,42,113,95,36,28,283,16,51,26,28,32,52,55,14,9,298,12,63,62,9,10,61,40,22,19
S01012797,528,20,91,53,28,44,108,97,51,36,232,13,40,19,22,31,30,46,19,12,296,7,51,34,6,13,78,51,32,24
S01012798,518,107,144,61,55,21,37,33,11,49,256,65,59,12,34,15,12,22,6,31,262,42,85,49,21,6,25,11,5,18
S01012799,555,122,184,69,57,23,31,25,8,36,275,77,81,16,36,15,8,19,3,20,280,45,103,53,21,8,23,6,5,16
S01012800,674,135,220,79,69,30,50,22,12,57,333,91,92,22,44,19,16,15,5,29,341,44,128,57,25,11,34,7,7,28
S01012801,297,65,93,41,22,12,21,15,6,22,137,41,38,11,14,7,4,10,3,9,160,24,55,30,8,5,17,5,3,13
S01012802,461,114,109,60,57,20,27,9,10,55,229,77,43,10,36,17,10,4,2,30,232,37,66,50,21,3,17,5,8,25
S01012803,544,72,160,111,29,31,44,25,4,68,269,47,68,33,23,22,23,11,3,39,275,25,92,78,6,9,21,14,1,29
S01012804,561,33,117,82,43,48,102,69,30,37,262,15,45,20,27,37,40,39,20,19,299,18,72,62,16,11,62,30,10,18
S01012805,664,36,109,102,35,51,137,100,37,57,297,18,41,37,26,34,48,52,16,25,367,18,68,65,9,17,89,48,21,32
S01012806,550,54,125,86,36,35,77,65,30,42,264,26,59,29,25,24,31,38,11,21,286,28,66,57,11,11,46,27,19,21
S01012807,436,96,119,58,59,18,19,16,5,46,207,54,56,16,37,10,9,6,1,18,229,42,63,42,22,8,10,10,4,28
S01012808,757,132,194,109,60,51,84,52,24,51,364,75,81,29,42,38,27,31,14,27,393,57,113,80,18,13,57,21,10,24
S01012809,494,68,139,60,35,37,60,35,19,41,257,43,59,21,25,28,18,28,8,27,237,25,80,39,10,9,42,7,11,14
S01012810,648,48,98,103,42,53,116,112,31,45,316,27,43,18,31,35,44,82,14,22,332,21,55,85,11,18,72,30,17,23
S01012811,587,57,133,80,30,50,96,76,21,44,278,36,56,19,16,37,43,41,10,20,309,21,77,61,14,13,53,35,11,24
S01012812,520,53,118,76,34,42,80,66,19,32,245,35,48,15,23,34,32,37,11,10,275,18,70,61,11,8,48,29,8,22
S01012813,693,139,217,115,52,33,58,22,12,45,331,96,95,29,31,20,20,18,7,15,362,43,122,86,21,13,38,4,5,30
S01012814,624,50,188,108,49,55,71,55,16,32,309,35,81,30,37,42,28,36,7,13,315,15,107,78,12,13,43,19,9,19
S01012815,620,84,178,101,45,52,67,37,18,38,303,51,75,24,31,42,27,24,7,22,317,33,103,77,14,10,40,13,11,16
S01012816,425,35,102,68,39,37,54,44,17,29,202,17,46,24,30,26,14,29,8,8,223,18,56,44,9,11,40,15,9,21
S01012817,382,56,95,83,33,17,36,27,11,24,189,33,36,34,24,16,12,19,4,11,193,23,59,49,9,1,24,8,7,13
S01012818,614,60,161,104,40,42,91,41,17,58,295,33,77,36,30,33,26,27,6,27,319,27,84,68,10,9,65,14,11,31
S01012819,555,16,68,66,21,60,128,110,53,33,260,12,26,25,15,39,40,62,24,17,295,4,42,41,6,21,88,48,29,16
S01012820,772,79,195,133,76,54,101,56,25,53,378,50,79,42,54,39,43,34,11,26,394,29,116,91,22,15,58,22,14,27
S01012821,549,63,116,85,59,49,57,36,42,42,275,34,56,25,43,43,15,26,13,20,274,29,60,60,16,6,42,10,29,22
S01012822,345,11,29,38,17,41,82,68,41,18,165,9,11,10,10,25,30,35,25,10,180,2,18,28,7,16,52,33,16,8
S01012823,626,46,133,101,42,61,112,51,31,49,317,24,56,28,28,56,43,38,20,24,309,22,77,73,14,5,69,13,11,25
S01012824,492,26,115,83,33,40,81,59,18,37,228,13,47,20,24,30,35,33,8,18,264,13,68,63,9,10,46,26,10,19
S01012825,380,21,67,46,19,37,61,77,27,25,205,15,29,18,16,30,19,51,16,11,175,6,38,28,3,7,42,26,11,14
S01012826,436,11,46,46,21,29,85,87,69,42,187,6,18,13,15,21,25,35,34,20,249,5,28,33,6,8,60,52,35,22
S01012827,475,46,129,74,40,39,49,51,23,24,243,31,61,19,28,31,20,36,8,9,232,15,68,55,12,8,29,15,15,15
S01012828,456,41,147,82,31,29,62,40,6,18,232,26,67,24,23,22,28,30,3,9,224,15,80,58,8,7,34,10,3,9
S01012829,607,16,63,75,39,44,137,145,65,23,268,9,27,18,29,29,39,83,30,4,339,7,36,57,10,15,98,62,35,19
S01012830,526,23,93,71,42,50,105,79,42,21,246,13,36,21,34,38,34,43,16,11,280,10,57,50,8,12,71,36,26,10
S01012831,466,18,80,54,32,48,89,105,22,18,232,12,42,11,25,35,26,59,15,7,234,6,38,43,7,13,63,46,7,11
S01012832,407,26,66,58,37,34,72,56,30,28,182,19,24,16,23,21,22,32,14,11,225,7,42,42,14,13,50,24,16,17
S01012833,529,21,60,57,21,37,132,112,56,33,236,14,17,6,16,25,49,70,27,12,293,7,43,51,5,12,83,42,29,21
S01012834,491,38,76,64,41,46,81,77,49,19,244,22,30,12,30,36,27,49,30,8,247,16,46,52,11,10,54,28,19,11
S01012835,679,52,155,99,35,63,92,110,46,27,338,32,63,26,29,43,30,74,28,13,341,20,92,73,6,20,62,36,18,14
S01012836,495,60,132,70,54,39,48,30,16,46,230,36,50,14,41,29,11,25,6,18,265,24,82,56,13,10,37,5,10,28
S01012837,565,8,48,69,28,52,128,103,87,42,293,4,25,17,22,35,52,65,52,21,272,4,23,52,6,17,76,38,35,21
S01012838,686,17,74,66,24,67,159,134,114,31,336,7,30,20,18,39,68,82,62,10,350,10,44,46,6,28,91,52,52,21
S01012839,551,45,130,100,52,53,90,46,10,25,262,27,48,27,46,41,25,32,6,10,289,18,82,73,6,12,65,14,4,15
S01012840,580,86,159,106,45,30,72,32,13,37,295,53,76,32,38,22,28,21,5,20,285,33,83,74,7,8,44,11,8,17
S01012841,461,47,129,76,39,48,53,35,7,27,232,30,48,27,30,36,22,25,4,10,229,17,81,49,9,12,31,10,3,17
S01012842,393,39,100,67,20,39,56,36,10,26,187,21,42,22,15,30,16,26,4,11,206,18,58,45,5,9,40,10,6,15
S01012843,707,118,219,107,64,31,61,29,20,58,339,79,96,33,40,18,20,20,9,24,368,39,123,74,24,13,41,9,11,34
S01012844,521,110,165,60,45,17,34,25,9,56,265,77,71,19,31,12,11,14,4,26,256,33,94,41,14,5,23,11,5,30
S01012845,511,90,139,64,50,23,45,24,31,45,241,56,61,15,25,20,11,16,16,21,270,34,78,49,25,3,34,8,15,24
S01012846,695,26,104,107,42,66,120,131,56,43,337,19,50,26,33,52,39,78,22,18,358,7,54,81,9,14,81,53,34,25
S01012847,403,21,85,65,39,40,65,40,12,36,193,14,30,11,28,37,28,27,8,10,210,7,55,54,11,3,37,13,4,26
S01012848,541,60,141,85,47,43,70,48,20,27,258,36,61,25,35,32,21,32,9,7,283,24,80,60,12,11,49,16,11,20
S01012849,528,43,96,96,27,47,83,79,34,23,243,22,40,31,21,38,24,44,15,8,285,21,56,65,6,9,59,35,19,15
S01012850,529,15,72,73,27,45,114,130,26,27,264,6,32,21,21,32,54,73,13,12,265,9,40,52,6,13,60,57,13,15
S01012851,611,41,126,90,40,47,105,84,28,50,284,32,51,19,32,36,31,45,14,24,327,9,75,71,8,11,74,39,14,26
S01012852,534,81,162,103,34,33,47,16,9,49,257,47,69,27,30,28,22,10,5,19,277,34,93,76,4,5,25,6,4,30
S01012853,593,46,174,100,45,43,86,48,16,35,282,26,77,27,38,34,33,26,7,14,311,20,97,73,7,9,53,22,9,21
S01012854,646,89,178,123,44,34,73,44,12,49,302,49,71,39,33,23,28,30,3,26,344,40,107,84,11,11,45,14,9,23
S01012855,517,69,154,78,30,35,74,31,20,26,258,43,65,29,22,29,30,18,9,13,259,26,89,49,8,6,44,13,11,13
S01012856,506,23,95,83,31,32,89,89,42,22,269,14,50,25,25,25,40,53,27,10,237,9,45,58,6,7,49,36,15,12
S01012857,578,17,97,107,26,54,118,85,53,21,270,8,38,30,21,37,40,52,32,12,308,9,59,77,5,17,78,33,21,9
S01012858,571,34,83,94,24,49,116,93,43,35,282,22,33,31,18,34,47,58,25,14,289,12,50,63,6,15,69,35,18,21
S01012859,797,34,144,131,61,60,122,120,46,79,391,21,54,40,46,46,49,82,23,30,406,13,90,91,15,14,73,38,23,49
S01012860,669,51,150,115,69,30,96,75,28,55,302,30,58,28,49,25,29,46,11,26,367,21,92,87,20,5,67,29,17,29
S01012861,539,46,141,71,52,40,71,53,17,48,245,30,46,14,41,27,22,34,10,21,294,16,95,57,11,13,49,19,7,27
S01012862,461,6,56,56,26,49,104,79,46,39,244,1,25,10,23,37,49,53,24,22,217,5,31,46,3,12,55,26,22,17
S01012863,527,17,81,67,16,46,97,110,72,21,298,12,35,28,13,30,51,69,46,14,229,5,46,39,3,16,46,41,26,7
S01012864,635,19,86,96,38,50,109,119,77,41,315,9,41,22,31,38,37,66,44,27,320,10,45,74,7,12,72,53,33,14
S01012865,557,34,87,94,42,42,106,86,24,42,258,22,34,27,38,27,36,46,11,17,299,12,53,67,4,15,70,40,13,25
S01012866,589,28,101,92,36,50,95,95,36,56,271,12,39,20,29,38,30,57,16,30,318,16,62,72,7,12,65,38,20,26
S01012867,559,6,60,56,23,68,110,161,55,20,271,3,19,14,20,46,36,96,31,6,288,3,41,42,3,22,74,65,24,14
S01012868,458,9,66,62,22,53,101,95,30,20,238,6,24,20,21,39,44,54,19,11,220,3,42,42,1,14,57,41,11,9
S01012869,405,7,28,43,18,39,82,95,68,25,188,5,10,10,15,24,25,46,41,12,217,2,18,33,3,15,57,49,27,13
S01012870,729,38,150,127,63,57,131,98,26,39,366,25,57,34,52,47,46,61,18,26,363,13,93,93,11,10,85,37,8,13
S01012871,635,37,158,131,45,43,96,65,25,35,291,16,70,36,36,34,33,42,10,14,344,21,88,95,9,9,63,23,15,21
S01012872,552,27,100,122,31,44,94,69,25,40,277,19,38,41,28,29,41,46,10,25,275,8,62,81,3,15,53,23,15,15
S01012873,621,33,123,138,36,54,91,74,24,48,285,20,41,45,30,40,32,54,8,15,336,13,82,93,6,14,59,20,16,33
S01012874,583,26,90,76,32,47,124,104,45,39,275,18,36,19,21,34,50,53,23,21,308,8,54,57,11,13,74,51,22,18
S01012875,455,18,76,60,29,34,74,87,38,39,229,12,31,16,23,24,27,53,17,26,226,6,45,44,6,10,47,34,21,13
S01012876,584,17,70,76,34,51,148,114,35,39,267,9,26,10,28,40,50,67,18,19,317,8,44,66,6,11,98,47,17,20
S01012877,552,8,67,107,31,51,113,122,23,30,248,4,29,30,24,38,41,61,8,13,304,4,38,77,7,13,72,61,15,17
S01012878,726,99,193,148,52,46,81,42,8,57,340,64,89,34,34,39,25,27,6,22,386,35,104,114,18,7,56,15,2,35
S01012879,535,76,143,82,37,33,49,44,17,54,247,42,53,25,23,27,19,30,7,21,288,34,90,57,14,6,30,14,10,33
S01012880,659,129,188,96,41,34,62,21,16,72,320,82,80,21,28,25,24,14,7,39,339,47,108,75,13,9,38,7,9,33
S01012881,604,87,162,113,43,34,65,36,18,46,280,52,61,27,31,28,23,24,8,26,324,35,101,86,12,6,42,12,10,20
S01012882,452,20,61,55,31,47,92,81,29,36,216,12,29,12,20,32,32,44,19,16,236,8,32,43,11,15,60,37,10,20
S01012883,456,17,49,48,34,31,103,100,54,20,232,12,16,18,24,22,42,59,31,8,224,5,33,30,10,9,61,41,23,12
S01012884,352,41,81,35,26,23,46,52,21,27,173,24,27,10,21,16,21,31,11,12,179,17,54,25,5,7,25,21,10,15
S01012885,347,4,28,47,20,24,86,81,42,15,170,3,11,17,16,14,34,43,26,6,177,1,17,30,4,10,52,38,16,9
S01012886,573,71,169,97,38,48,57,38,13,42,279,47,74,32,26,33,19,20,6,22,294,24,95,65,12,15,38,18,7,20
S01012887,542,83,151,94,30,38,62,34,15,35,253,49,63,30,23,27,17,21,8,15,289,34,88,64,7,11,45,13,7,20
S01012888,588,125,176,80,46,29,30,34,11,57,281,86,72,19,28,21,9,14,4,28,307,39,104,61,18,8,21,20,7,29
S01012889,651,75,173,87,55,47,85,75,19,35,305,40,79,19,41,35,30,42,6,13,346,35,94,68,14,12,55,33,13,22
S01012890,529,26,70,60,29,43,105,106,49,41,242,15,26,16,22,33,30,51,24,25,287,11,44,44,7,10,75,55,25,16
S01012891,408,14,56,51,39,32,93,85,19,19,180,8,21,11,25,21,29,45,12,8,228,6,35,40,14,11,64,40,7,11
S01012892,834,29,84,110,42,93,181,180,75,40,396,22,26,28,35,64,79,90,37,15,438,7,58,82,7,29,102,90,38,25
S01012893,529,13,48,62,23,55,144,104,44,36,242,7,14,11,19,44,50,60,15,22,287,6,34,51,4,11,94,44,29,14
S01012894,568,72,152,75,45,28,66,55,26,49,279,44,71,14,34,18,19,39,18,22,289,28,81,61,11,10,47,16,8,27
S01012895,388,50,105,46,49,26,42,28,11,31,189,28,45,14,36,16,14,21,4,11,199,22,60,32,13,10,28,7,7,20
S01012896,681,39,127,113,44,62,134,92,34,36,340,26,69,23,32,40,48,58,23,21,341,13,58,90,12,22,86,34,11,15
S01012897,451,54,112,72,35,38,71,27,12,30,211,30,57,19,23,28,21,17,5,11,240,24,55,53,12,10,50,10,7,19
S01012898,397,71,104,59,32,28,36,20,8,39,191,46,43,15,19,21,11,13,4,19,206,25,61,44,13,7,25,7,4,20
S01012899,444,13,69,70,32,48,82,87,27,16,237,11,31,21,30,33,34,55,16,6,207,2,38,49,2,15,48,32,11,10
S01012900,457,53,123,67,56,36,37,43,15,27,229,37,54,16,39,26,16,22,6,13,228,16,69,51,17,10,21,21,9,14
S01012901,523,29,102,92,39,44,87,69,22,39,247,17,37,29,27,39,29,40,13,16,276,12,65,63,12,5,58,29,9,23
S01012902,585,33,143,105,34,52,91,71,23,33,295,20,60,33,26,38,43,44,13,18,290,13,83,72,8,14,48,27,10,15
S01012903,619,28,103,112,32,62,112,86,28,56,294,17,42,34,27,39,41,51,21,22,325,11,61,78,5,23,71,35,7,34
S01012904,573,23,105,116,39,57,97,58,35,43,264,15,44,35,28,40,35,37,10,20,309,8,61,81,11,17,62,21,25,23
S01012905,465,15,68,79,24,45,95,67,24,48,216,9,26,27,15,33,32,38,14,22,249,6,42,52,9,12,63,29,10,26
S01012906,693,57,197,121,39,66,100,55,18,40,329,38,76,31,33,48,44,34,9,16,364,19,121,90,6,18,56,21,9,24
S01012907,607,23,116,116,36,60,110,86,22,38,290,15,40,43,30,37,40,54,12,19,317,8,76,73,6,23,70,32,10,19
S01012908,524,18,85,88,30,50,89,83,38,43,243,13,34,25,26,35,34,39,21,16,281,5,51,63,4,15,55,44,17,27
S01012909,411,22,95,85,16,32,68,55,22,16,200,15,42,24,13,22,26,37,13,8,211,7,53,61,3,10,42,18,9,8
S01012910,654,24,112,100,52,56,129,113,34,34,356,19,57,33,40,45,55,68,21,18,298,5,55,67,12,11,74,45,13,16
S01012911,536,40,118,78,29,56,97,52,15,51,266,31,51,18,22,43,29,31,9,32,270,9,67,60,7,13,68,21,6,19
S01012912,476,26,85,89,29,37,87,70,24,29,221,12,35,28,25,28,28,42,11,12,255,14,50,61,4,9,59,28,13,17
S01012913,623,49,111,120,29,49,106,96,21,42,293,31,46,31,21,35,37,61,11,20,330,18,65,89,8,14,69,35,10,22
S01012914,636,63,142,90,41,68,93,75,25,39,337,39,68,34,30,54,33,43,16,20,299,24,74,56,11,14,60,32,9,19
S01012915,745,74,196,125,47,72,96,70,25,40,363,50,80,40,35,55,31,45,10,17,382,24,116,85,12,17,65,25,15,23
S01012916,510,42,124,87,28,44,63,58,10,54,262,28,52,26,25,28,25,42,5,31,248,14,72,61,3,16,38,16,5,23
S01012917,537,57,139,100,41,35,68,31,5,61,263,41,62,21,35,31,21,19,3,30,274,16,77,79,6,4,47,12,2,31
S01012918,352,24,63,70,20,40,51,51,11,22,184,15,23,28,15,26,19,40,6,12,168,9,40,42,5,14,32,11,5,10
S01012919,334,15,77,64,17,38,51,42,18,12,162,8,29,17,14,25,22,29,11,7,172,7,48,47,3,13,29,13,7,5
S01012920,466,63,146,83,49,22,42,14,9,38,235,46,67,15,35,16,11,11,4,30,231,17,79,68,14,6,31,3,5,8
S01012921,511,24,91,97,24,44,95,69,24,43,232,17,38,22,16,30,32,44,12,21,279,7,53,75,8,14,63,25,12,22
S01012922,719,60,171,114,36,58,119,84,19,58,341,33,75,29,28,43,46,58,9,20,378,27,96,85,8,15,73,26,10,38
S01012923,541,41,112,97,35,48,78,61,14,55,258,27,48,24,23,36,28,40,6,26,283,14,64,73,12,12,50,21,8,29
S01012924,395,31,83,72,37,36,51,39,13,33,210,22,39,25,25,25,27,21,9,17,185,9,44,47,12,11,24,18,4,16
S01012925,378,42,108,74,22,19,36,23,7,47,189,30,62,13,14,14,11,20,3,22,189,12,46,61,8,5,25,3,4,25
S01012926,558,45,126,99,45,49,71,52,21,50,278,31,56,28,33,38,23,31,11,27,280,14,70,71,12,11,48,21,10,23
S01012927,582,41,121,91,29,52,97,79,14,58,294,27,54,25,21,42,42,48,9,26,288,14,67,66,8,10,55,31,5,32
S01012928,596,43,158,111,33,39,79,55,16,62,283,32,71,28,26,33,26,35,7,25,313,11,87,83,7,6,53,20,9,37
S01012929,541,44,117,113,27,51,74,61,9,45,261,29,45,30,23,37,24,45,3,25,280,15,72,83,4,14,50,16,6,20
S01012930,607,60,155,103,39,48,68,81,28,25,313,44,67,36,30,36,28,50,12,10,294,16,88,67,9,12,40,31,16,15
S01012931,649,48,138,127,37,62,99,77,21,40,321,33,66,34,28,45,40,46,11,18,328,15,72,93,9,17,59,31,10,22
S01012932,368,57,90,45,37,32,41,23,8,35,178,31,35,13,29,27,15,13,1,14,190,26,55,32,8,5,26,10,7,21
S01012933,597,41,111,107,39,55,97,70,35,42,293,29,47,34,26,44,29,47,21,16,304,12,64,73,13,11,68,23,14,26
S01012934,500,36,108,85,39,45,82,60,27,18,237,23,42,21,27,34,32,32,15,11,263,13,66,64,12,11,50,28,12,7
S01012935,616,51,124,109,33,41,108,68,26,56,308,36,53,31,27,30,41,45,16,29,308,15,71,78,6,11,67,23,10,27
S01012936,524,51,111,77,43,48,68,60,31,35,246,30,48,12,33,39,22,37,13,12,278,21,63,65,10,9,46,23,18,23
S01012937,526,53,118,90,19,41,73,52,30,50,268,41,52,28,15,30,25,36,17,24,258,12,66,62,4,11,48,16,13,26
S01012938,528,97,142,69,39,31,47,33,11,59,256,67,59,18,28,23,15,15,5,26,272,30,83,51,11,8,32,18,6,33
S01012939,477,71,129,82,29,29,48,17,9,63,235,46,72,19,25,22,12,8,3,28,242,25,57,63,4,7,36,9,6,35
S01012940,555,83,148,109,49,33,55,22,5,51,266,58,57,35,34,29,17,13,2,21,289,25,91,74,15,4,38,9,3,30
S01012941,592,107,177,99,44,24,39,20,11,71,306,82,80,27,31,20,9,14,5,38,286,25,97,72,13,4,30,6,6,33
S01012942,555,27,86,88,19,60,112,87,30,46,256,20,35,25,13,42,36,46,16,23,299,7,51,63,6,18,76,41,14,23
S01012943,538,64,143,84,35,46,68,40,13,45,258,42,56,29,24,33,25,23,8,18,280,22,87,55,11,13,43,17,5,27
S01012944,379,52,135,66,26,15,24,15,10,36,186,37,57,18,17,12,9,8,6,22,193,15,78,48,9,3,15,7,4,14
S01012945,538,98,159,89,45,29,33,17,10,58,262,65,71,27,31,18,8,10,6,26,276,33,88,62,14,11,25,7,4,32
S01012946,658,78,202,116,46,45,54,39,5,73,324,50,92,31,32,37,14,25,4,39,334,28,110,85,14,8,40,14,1,34
S01012947,365,68,99,52,36,13,17,19,9,52,182,44,47,12,22,9,5,15,4,24,183,24,52,40,14,4,12,4,5,28
S01012948,553,55,135,107,49,31,73,43,7,53,258,41,56,26,33,25,24,25,5,23,295,14,79,81,16,6,49,18,2,30
S01012949,562,52,147,104,50,45,56,43,15,50,283,30,67,32,39,36,20,27,6,26,279,22,80,72,11,9,36,16,9,24
S01012950,672,109,198,113,46,23,53,27,16,87,342,71,100,26,32,20,22,20,10,41,330,38,98,87,14,3,31,7,6,46
S01012951,646,137,228,80,62,20,44,19,11,45,330,84,111,20,44,17,18,11,3,22,316,53,117,60,18,3,26,8,8,23
S01012952,463,94,128,56,81,15,22,12,8,47,231,62,64,7,51,9,8,8,2,20,232,32,64,49,30,6,14,4,6,27
S01012953,541,57,139,131,38,24,58,42,13,39,273,40,58,54,28,15,22,32,5,19,268,17,81,77,10,9,36,10,8,20
S01012954,380,31,94,78,26,26,54,33,7,31,195,24,41,22,19,20,22,24,4,19,185,7,53,56,7,6,32,9,3,12
S01012955,697,123,205,117,41,43,54,34,17,63,356,89,89,32,31,37,14,21,10,33,341,34,116,85,10,6,40,13,7,30
S01012956,683,50,116,125,39,63,96,96,38,60,327,32,44,35,30,40,47,55,19,25,356,18,72,90,9,23,49,41,19,35
S01012957,483,28,89,78,28,43,82,69,28,38,244,20,41,18,26,32,33,37,19,18,239,8,48,60,2,11,49,32,9,20
S01012958,416,30,87,74,33,31,64,49,19,29,206,20,35,20,27,22,26,29,11,16,210,10,52,54,6,9,38,20,8,13
S01012959,455,39,111,86,31,28,67,39,9,45,217,24,53,28,24,19,19,24,2,24,238,15,58,58,7,9,48,15,7,21
S01012960,478,50,107,74,28,31,81,48,18,41,223,35,44,19,19,22,27,27,12,18,255,15,63,55,9,9,54,21,6,23
S01012961,400,52,106,80,32,18,39,33,4,36,187,33,51,14,24,13,10,27,1,14,213,19,55,66,8,5,29,6,3,22
S01012962,526,69,146,106,32,35,56,26,5,51,257,47,67,27,26,26,21,16,4,23,269,22,79,79,6,9,35,10,1,28
S01012963,590,88,166,98,43,41,63,32,9,50,292,58,71,27,29,32,24,21,4,26,298,30,95,71,14,9,39,11,5,24
S01012964,443,65,123,63,41,40,32,27,7,45,218,36,51,18,29,35,9,18,2,20,225,29,72,45,12,5,23,9,5,25
S01012965,458,66,107,65,23,33,66,40,12,46,225,42,46,16,18,30,19,24,7,23,233,24,61,49,5,3,47,16,5,23
S01012966,518,43,122,68,40,44,79,64,16,42,246,23,54,22,32,29,31,36,7,12,272,20,68,46,8,15,48,28,9,30
S01012967,383,16,62,60,22,40,75,64,16,28,184,13,30,18,10,27,31,35,9,11,199,3,32,42,12,13,44,29,7,17
S01012968,504,20,83,90,29,36,107,99,12,28,243,16,40,22,25,24,38,68,2,8,261,4,43,68,4,12,69,31,10,20
S01012969,512,30,81,82,26,42,97,96,13,45,243,17,39,24,16,30,35,58,10,14,269,13,42,58,10,12,62,38,3,31
S01012970,449,21,83,60,35,38,94,78,16,24,218,17,40,12,25,24,33,45,10,12,231,4,43,48,10,14,61,33,6,12
S01012971,628,27,93,78,35,53,114,120,43,65,286,22,36,17,28,38,36,66,12,31,342,5,57,61,7,15,78,54,31,34
S01012972,572,14,70,94,37,67,113,119,28,30,265,11,28,20,30,49,38,65,13,11,307,3,42,74,7,18,75,54,15,19
S01012973,587,35,97,101,29,61,126,84,25,29,289,25,47,33,22,42,46,48,17,9,298,10,50,68,7,19,80,36,8,20
S01012974,703,36,112,87,44,65,151,127,46,35,346,24,50,29,34,43,54,67,29,16,357,12,62,58,10,22,97,60,17,19
S01012975,431,18,51,71,19,45,103,78,22,24,199,13,20,16,15,36,33,45,11,10,232,5,31,55,4,9,70,33,11,14
S01012976,401,22,63,64,18,26,99,61,13,35,190,16,27,18,17,19,36,40,6,11,211,6,36,46,1,7,63,21,7,24
S01012977,541,21,80,63,34,59,116,92,26,50,266,14,27,14,24,39,49,62,13,24,275,7,53,49,10,20,67,30,13,26
S01012978,618,25,79,81,37,60,108,125,39,64,296,13,34,27,29,41,38,74,14,26,322,12,45,54,8,19,70,51,25,38
S01012979,476,24,88,57,32,46,97,72,18,42,224,14,39,18,23,35,31,39,7,18,252,10,49,39,9,11,66,33,11,24
S01012980,494,20,86,84,21,49,85,77,34,38,237,17,34,31,14,37,27,39,24,14,257,3,52,53,7,12,58,38,10,24
S01012981,585,30,107,95,24,57,100,98,18,56,287,17,44,29,21,39,39,62,12,24,298,13,63,66,3,18,61,36,6,32
S01012982,619,22,115,118,29,70,105,105,20,35,289,16,53,28,24,51,31,62,8,16,330,6,62,90,5,19,74,43,12,19
S01012983,566,50,127,118,35,35,85,51,10,55,269,36,56,40,25,23,32,33,5,19,297,14,71,78,10,12,53,18,5,36
S01012984,472,29,115,78,22,38,82,51,15,42,220,19,53,25,16,24,27,31,8,17,252,10,62,53,6,14,55,20,7,25
S01012985,574,24,107,101,42,66,89,81,15,49,284,20,46,31,27,50,29,51,6,24,290,4,61,70,15,16,60,30,9,25
S01012986,560,19,109,104,27,47,96,99,24,35,273,13,51,32,20,36,32,65,9,15,287,6,58,72,7,11,64,34,15,20
S01012987,539,24,93,87,44,43,96,86,21,45,263,19,34,26,34,29,28,50,13,30,276,5,59,61,10,14,68,36,8,15
S01012988,620,30,125,95,30,73,110,90,21,46,293,17,54,24,23,51,47,52,4,21,327,13,71,71,7,22,63,38,17,25
S01012989,663,35,135,132,34,65,100,81,33,48,318,21,62,29,25,51,42,49,18,21,345,14,73,103,9,14,58,32,15,27
S01012990,429,16,71,85,20,42,65,74,20,36,198,13,32,26,14,26,18,41,12,16,231,3,39,59,6,16,47,33,8,20
S01012991,561,28,116,97,32,59,84,87,26,32,265,19,50,25,23,45,29,46,15,13,296,9,66,72,9,14,55,41,11,19
S01012992,549,31,114,87,29,45,103,67,22,51,258,17,41,27,22,27,41,42,14,27,291,14,73,60,7,18,62,25,8,24
S01012993,494,24,89,92,27,50,86,64,26,36,221,14,34,25,18,33,26,38,14,19,273,10,55,67,9,17,60,26,12,17
S01012994,656,36,108,104,46,61,114,108,29,50,341,31,47,35,35,42,43,69,17,22,315,5,61,69,11,19,71,39,12,28
S01012995,628,55,131,118,37,67,95,83,13,29,309,36,58,35,26,49,35,48,8,14,319,19,73,83,11,18,60,35,5,15
S01012996,533,13,107,81,36,52,106,65,21,52,248,7,53,28,29,42,29,30,7,23,285,6,54,53,7,10,77,35,14,29
S01012997,364,27,73,62,11,29,70,49,14,29,179,18,38,20,8,20,23,28,7,17,185,9,35,42,3,9,47,21,7,12
S01012998,771,65,166,126,48,62,112,108,14,70,365,40,76,27,35,45,36,63,6,37,406,25,90,99,13,17,76,45,8,33
S01012999,346,17,52,49,22,36,62,67,13,28,170,14,17,13,15,26,24,41,9,11,176,3,35,36,7,10,38,26,4,17
S01013000,475,24,74,70,29,57,111,75,14,21,221,17,24,20,23,41,39,41,9,7,254,7,50,50,6,16,72,34,5,14
S01013001,282,51,85,20,51,22,24,7,3,19,137,39,33,0,31,15,9,1,1,8,145,12,52,20,20,7,15,6,2,11
S01013002,367,81,80,33,63,18,32,19,5,36,188,51,35,7,40,12,16,7,2,18,179,30,45,26,23,6,16,12,3,18
S01013003,454,131,146,47,34,14,31,10,4,37,219,91,56,9,19,11,10,1,3,19,235,40,90,38,15,3,21,9,1,18
S01013004,474,84,142,45,60,23,41,21,14,44,217,50,64,9,33,18,13,12,4,14,257,34,78,36,27,5,28,9,10,30
S01013005,517,122,157,46,70,23,33,19,10,37,247,75,61,9,47,16,8,11,5,15,270,47,96,37,23,7,25,8,5,22
S01013006,457,124,142,37,37,17,30,13,13,44,225,87,54,3,22,13,10,8,10,18,232,37,88,34,15,4,20,5,3,26
S01013007,654,123,218,78,62,33,54,30,14,42,294,80,82,15,39,26,14,14,6,18,360,43,136,63,23,7,40,16,8,24
S01013008,570,119,148,57,58,39,51,44,18,36,258,74,51,10,45,25,15,20,5,13,312,45,97,47,13,14,36,24,13,23
S01013009,439,45,126,59,49,34,64,34,8,20,188,31,51,10,31,23,17,12,4,9,251,14,75,49,18,11,47,22,4,11
S01013010,438,83,108,41,90,18,37,25,10,26,218,56,40,4,56,12,18,9,7,16,220,27,68,37,34,6,19,16,3,10
S01013011,477,68,136,48,68,26,54,22,11,44,219,40,53,11,38,18,21,12,3,23,258,28,83,37,30,8,33,10,8,21
S01013012,476,48,102,54,40,41,78,45,22,46,217,28,43,11,23,29,23,26,11,23,259,20,59,43,17,12,55,19,11,23
S01013013,510,80,126,55,78,18,67,43,12,31,240,52,54,15,44,10,19,22,7,17,270,28,72,40,34,8,48,21,5,14
S01013014,523,48,132,53,85,42,70,51,18,24,252,28,56,18,55,27,20,28,9,11,271,20,76,35,30,15,50,23,9,13
S01013015,531,76,143,55,100,42,29,36,7,43,257,46,56,10,68,29,11,21,2,14,274,30,87,45,32,13,18,15,5,29
S01013016,459,99,122,43,92,21,32,17,5,28,229,62,48,4,67,13,11,12,0,12,230,37,74,39,25,8,21,5,5,16
S01013017,596,91,150,58,64,45,86,47,16,39,283,63,57,16,36,33,23,28,7,20,313,28,93,42,28,12,63,19,9,19
S01013018,687,123,199,82,88,45,52,34,21,43,325,89,74,16,58,29,19,22,3,15,362,34,125,66,30,16,33,12,18,28
S01013019,634,137,218,76,51,23,53,23,4,49,298,87,92,21,34,16,12,14,1,21,336,50,126,55,17,7,41,9,3,28
S01013020,333,22,69,43,21,30,52,71,12,13,158,14,22,8,17,22,18,42,8,7,175,8,47,35,4,8,34,29,4,6
S01013021,342,23,59,50,28,30,61,55,14,22,164,13,28,12,17,20,21,37,8,8,178,10,31,38,11,10,40,18,6,14
S01013022,310,28,81,44,18,20,52,32,15,20,151,17,38,13,10,17,16,19,7,14,159,11,43,31,8,3,36,13,8,6
S01013023,642,123,243,76,45,21,56,28,9,41,306,85,104,17,28,11,19,14,4,24,336,38,139,59,17,10,37,14,5,17
S01013024,365,59,110,50,34,23,35,21,4,29,175,37,46,13,22,19,9,12,1,16,190,22,64,37,12,4,26,9,3,13
S01013025,413,50,94,33,101,23,26,44,13,29,205,32,37,5,64,14,9,29,6,9,208,18,57,28,37,9,17,15,7,20
S01013026,760,67,148,104,43,70,124,135,41,28,388,37,70,25,32,49,51,95,22,7,372,30,78,79,11,21,73,40,19,21
S01013027,726,19,63,70,29,72,162,189,79,43,331,11,20,12,22,52,52,109,34,19,395,8,43,58,7,20,110,80,45,24
S01013028,367,38,68,32,43,34,61,53,10,28,190,25,25,4,30,27,29,36,4,10,177,13,43,28,13,7,32,17,6,18
S01013029,435,13,44,41,14,42,110,127,22,22,209,10,19,9,10,30,36,68,14,13,226,3,25,32,4,12,74,59,8,9
S01013030,454,11,46,54,31,51,83,106,48,24,216,10,19,14,22,39,32,53,21,6,238,1,27,40,9,12,51,53,27,18
S01013031,479,5,44,46,27,55,107,141,27,27,225,3,16,13,20,38,42,77,8,8,254,2,28,33,7,17,65,64,19,19
S01013032,564,48,123,84,51,56,87,81,8,26,276,22,59,21,34,44,30,53,4,9,288,26,64,63,17,12,57,28,4,17
S01013033,496,19,98,64,35,56,92,90,18,24,240,13,33,17,25,48,29,53,11,11,256,6,65,47,10,8,63,37,7,13
S01013034,537,14,49,60,17,76,133,133,30,25,251,7,22,11,15,57,47,71,11,10,286,7,27,49,2,19,86,62,19,15
S01013035,506,8,48,41,18,62,110,154,37,28,223,4,19,9,13,40,29,84,16,9,283,4,29,32,5,22,81,70,21,19
S01013036,585,8,60,45,30,73,132,145,59,33,274,7,23,11,20,51,42,79,29,12,311,1,37,34,10,22,90,66,30,21
S01013037,567,42,142,98,41,59,76,49,16,44,277,29,68,18,30,44,23,38,7,20,290,13,74,80,11,15,53,11,9,24
S01013038,701,36,118,85,39,70,140,116,44,53,338,19,44,34,29,50,49,64,20,29,363,17,74,51,10,20,91,52,24,24
S01013039,416,45,95,78,19,34,47,28,6,64,190,30,45,22,12,26,16,19,3,17,226,15,50,56,7,8,31,9,3,47
S01013040,480,29,82,77,36,57,106,57,12,24,230,17,41,20,24,41,31,35,9,12,250,12,41,57,12,16,75,22,3,12
S01013041,445,24,91,61,31,41,81,70,18,28,232,15,41,20,25,32,27,44,14,14,213,9,50,41,6,9,54,26,4,14
S01013042,613,54,128,85,54,53,78,86,22,53,306,29,54,20,41,43,19,56,12,32,307,25,74,65,13,10,59,30,10,21
S01013043,510,16,68,53,30,49,100,118,45,31,242,13,34,14,19,31,36,64,20,11,268,3,34,39,11,18,64,54,25,20
S01013044,610,12,92,65,31,55,144,129,38,44,285,9,45,17,26,37,43,70,18,20,325,3,47,48,5,18,101,59,20,24
S01013045,490,42,95,69,34,41,83,71,20,35,224,21,39,12,26,27,35,45,10,9,266,21,56,57,8,14,48,26,10,26
S01013046,392,9,56,55,23,36,82,75,20,36,189,7,25,11,18,26,27,44,13,18,203,2,31,44,5,10,55,31,7,18
S01013047,685,81,194,111,47,53,84,53,12,50,337,50,89,28,26,38,29,41,6,30,348,31,105,83,21,15,55,12,6,20
S01013048,646,54,176,110,24,68,96,66,14,38,331,33,77,36,14,55,42,47,9,18,315,21,99,74,10,13,54,19,5,20
S01013049,639,75,178,109,41,58,88,41,11,38,317,53,80,32,28,46,26,23,9,20,322,22,98,77,13,12,62,18,2,18
S01013050,608,38,105,87,46,65,91,96,49,31,291,24,38,30,27,51,23,59,25,14,317,14,67,57,19,14,68,37,24,17
S01013051,667,28,100,106,43,69,132,117,41,31,323,21,45,26,35,50,43,67,17,19,344,7,55,80,8,19,89,50,24,12
S01013052,522,28,87,76,31,52,100,88,34,26,231,17,28,16,23,39,37,51,10,10,291,11,59,60,8,13,63,37,24,16
S01013053,465,19,58,59,38,46,89,95,44,17,219,11,19,20,28,34,21,57,21,8,246,8,39,39,10,12,68,38,23,9
S01013054,504,41,105,69,37,53,86,70,20,23,243,26,51,10,26,40,27,38,9,16,261,15,54,59,11,13,59,32,11,7
S01013055,512,17,78,58,45,50,102,100,30,32,247,11,26,13,32,36,40,60,12,17,265,6,52,45,13,14,62,40,18,15
S01013056,677,29,98,80,50,78,117,139,41,45,318,19,41,15,39,50,32,80,22,20,359,10,57,65,11,28,85,59,19,25
S01013057,602,19,71,69,39,60,122,108,70,44,265,10,22,15,21,42,33,76,27,19,337,9,49,54,18,18,89,32,43,25
S01013058,414,64,132,61,26,24,40,26,11,30,202,36,54,18,14,21,17,19,6,17,212,28,78,43,12,3,23,7,5,13
S01013059,521,111,138,72,38,25,46,40,20,31,258,80,55,19,21,14,13,28,12,16,263,31,83,53,17,11,33,12,8,15
S01013060,381,76,125,46,26,17,25,13,24,29,193,51,50,17,17,11,11,7,14,15,188,25,75,29,9,6,14,6,10,14
S01013061,563,107,206,76,39,26,45,19,6,39,270,73,95,12,24,18,14,10,5,19,293,34,111,64,15,8,31,9,1,20
S01013062,573,144,187,59,52,25,27,13,12,54,277,88,78,12,33,15,10,9,5,27,296,56,109,47,19,10,17,4,7,27
S01013063,580,181,163,53,48,9,26,20,11,69,280,114,72,13,28,7,6,9,6,25,300,67,91,40,20,2,20,11,5,44
S01013064,634,26,106,93,41,60,138,114,31,25,306,20,41,23,26,45,52,74,15,10,328,6,65,70,15,15,86,40,16,15
S01013065,661,29,108,93,35,61,111,110,39,75,328,18,46,34,24,42,44,60,21,39,333,11,62,59,11,19,67,50,18,36
S01013066,552,42,118,68,45,47,80,63,42,47,274,23,43,24,28,35,38,37,21,25,278,19,75,44,17,12,42,26,21,22
S01013067,768,52,89,39,21,41,49,47,33,397,377,36,50,17,15,32,22,27,14,164,391,16,39,22,6,9,27,20,19,233
S01013068,636,37,79,52,21,40,88,100,51,168,301,21,37,16,16,21,31,61,29,69,335,16,42,36,5,19,57,39,22,99
S01013069,648,45,69,34,23,31,59,43,42,302,314,24,33,16,9,21,20,30,21,140,334,21,36,18,14,10,39,13,21,162
S01013070,546,19,53,36,23,26,65,46,33,245,267,13,22,13,17,17,29,26,12,118,279,6,31,23,6,9,36,20,21,127
S01013071,914,25,85,31,20,39,60,59,26,569,433,15,39,15,14,29,30,39,16,236,481,10,46,16,6,10,30,20,10,333
S01013072,408,8,31,32,14,38,98,116,42,29,201,8,12,6,12,30,37,61,18,17,207,0,19,26,2,8,61,55,24,12
S01013073,585,26,100,46,24,40,103,112,68,66,251,14,43,13,14,23,41,47,28,28,334,12,57,33,10,17,62,65,40,38
S01013074,493,8,28,22,39,52,113,119,68,44,234,5,9,7,26,36,43,57,28,23,259,3,19,15,13,16,70,62,40,21
S01013075,657,21,73,50,40,54,123,162,77,57,339,17,36,15,31,40,46,90,36,28,318,4,37,35,9,14,77,72,41,29
S01013076,641,45,73,33,37,19,43,24,10,357,306,27,34,7,23,16,13,15,5,166,335,18,39,26,14,3,30,9,5,191
S01013077,504,20,53,58,15,51,105,115,55,32,226,12,23,15,12,36,35,57,22,14,278,8,30,43,3,15,70,58,33,18
S01013078,417,6,49,47,20,45,78,100,41,31,198,5,20,10,13,32,32,57,18,11,219,1,29,37,7,13,46,43,23,20
S01013079,1022,122,229,103,68,53,120,103,123,101,379,74,100,23,38,25,34,29,10,46,643,48,129,80,30,28,86,74,113,55
S01013080,645,104,156,61,51,37,47,33,16,140,331,65,65,10,31,30,19,20,6,85,314,39,91,51,20,7,28,13,10,55
S01013081,498,100,135,81,36,27,50,30,9,30,237,69,56,17,24,15,21,19,3,13,261,31,79,64,12,12,29,11,6,17
S01013082,660,75,186,127,44,43,98,36,12,39,322,52,85,33,31,34,36,25,9,17,338,23,101,94,13,9,62,11,3,22
S01013083,2163,56,111,49,27,18,38,20,7,1837,971,41,48,14,17,11,11,11,2,816,1192,15,63,35,10,7,27,9,5,1021
S01013084,530,101,167,73,40,25,51,27,10,36,261,65,78,24,23,20,12,17,2,20,269,36,89,49,17,5,39,10,8,16
S01013085,486,34,64,46,32,27,55,39,12,177,217,21,24,12,15,18,16,21,6,84,269,13,40,34,17,9,39,18,6,93
S01013086,679,134,155,71,45,34,63,37,24,116,326,77,66,20,30,23,23,22,15,50,353,57,89,51,15,11,40,15,9,66
S01013087,610,155,172,53,47,10,25,16,12,120,288,101,69,11,28,7,10,5,5,52,322,54,103,42,19,3,15,11,7,68
S01013088,687,159,242,72,77,25,35,9,12,56,349,111,106,13,46,15,13,7,7,31,338,48,136,59,31,10,22,2,5,25
S01013089,563,65,124,67,35,43,73,75,24,57,268,43,58,15,20,30,25,44,7,26,295,22,66,52,15,13,48,31,17,31
S01013090,651,84,138,50,47,35,58,26,20,193,333,52,59,14,24,28,25,17,9,105,318,32,79,36,23,7,33,9,11,88
S01013091,448,45,96,38,17,22,24,24,14,168,237,29,49,17,14,14,8,15,7,84,211,16,47,21,3,8,16,9,7,84
S01013092,676,94,163,77,37,46,66,67,32,94,318,53,59,25,28,35,20,40,19,39,358,41,104,52,9,11,46,27,13,55
S01013093,357,68,109,48,52,20,19,14,2,25,180,45,47,11,31,16,8,9,1,12,177,23,62,37,21,4,11,5,1,13
S01013094,446,104,164,60,21,11,33,15,6,32,218,78,68,10,12,9,10,7,4,20,228,26,96,50,9,2,23,8,2,12
S01013095,607,181,200,53,39,19,30,21,6,58,301,127,76,11,22,12,8,9,3,33,306,54,124,42,17,7,22,12,3,25
S01013096,420,29,83,45,20,31,62,52,10,88,194,16,35,8,13,20,27,28,5,42,226,13,48,37,7,11,35,24,5,46
S01013097,466,92,154,33,63,27,37,26,9,25,221,53,68,7,32,17,11,19,2,12,245,39,86,26,31,10,26,7,7,13
S01013098,416,131,143,33,25,9,22,13,5,35,203,82,69,5,14,5,4,5,2,17,213,49,74,28,11,4,18,8,3,18
S01013099,645,110,219,51,61,49,65,32,17,41,311,68,87,14,31,35,27,20,7,22,334,42,132,37,30,14,38,12,10,19
S01013100,416,114,149,46,31,12,19,9,16,20,201,73,65,8,18,6,5,5,11,10,215,41,84,38,13,6,14,4,5,10
S01013101,716,63,146,82,54,82,124,81,41,43,337,37,61,23,37,55,52,39,14,19,379,26,85,59,17,27,72,42,27,24
S01013102,409,79,149,42,14,18,56,20,7,24,189,58,59,9,7,16,18,8,3,11,220,21,90,33,7,2,38,12,4,13
S01013103,590,98,201,76,48,36,56,16,11,48,280,62,90,23,23,30,12,8,4,28,310,36,111,53,25,6,44,8,7,20
S01013104,718,126,243,96,66,32,70,25,17,43,343,82,108,29,43,22,18,14,10,17,375,44,135,67,23,10,52,11,7,26
S01013105,658,154,221,80,42,23,55,29,16,38,322,97,105,13,24,16,17,17,9,24,336,57,116,67,18,7,38,12,7,14
S01013106,577,56,134,58,76,50,77,67,17,42,287,36,52,23,50,36,24,42,4,20,290,20,82,35,26,14,53,25,13,22
S01013107,512,90,160,65,69,31,40,22,8,27,266,58,69,19,47,24,18,11,5,15,246,32,91,46,22,7,22,11,3,12
S01013108,436,59,94,49,52,31,70,49,11,21,204,37,38,10,27,23,21,30,6,12,232,22,56,39,25,8,49,19,5,9
S01013109,824,110,174,87,141,53,106,59,49,45,422,71,64,19,97,37,41,39,33,21,402,39,110,68,44,16,65,20,16,24
S01013110,437,50,124,33,96,26,47,25,13,23,231,35,59,4,67,17,13,17,5,14,206,15,65,29,29,9,34,8,8,9
S01013111,341,52,103,31,56,14,29,20,2,34,164,29,38,10,37,12,7,13,1,17,177,23,65,21,19,2,22,7,1,17
S01013112,457,47,97,57,49,38,75,46,17,31,222,32,40,17,30,28,26,29,10,10,235,15,57,40,19,10,49,17,7,21
S01013113,572,30,112,49,66,51,129,85,24,26,267,15,46,12,48,39,35,49,13,10,305,15,66,37,18,12,94,36,11,16
S01013114,620,68,134,67,101,51,83,61,21,34,315,51,57,19,69,37,25,32,12,13,305,17,77,48,32,14,58,29,9,21
S01013115,465,27,105,49,74,46,88,37,15,24,229,18,42,17,42,36,36,20,8,10,236,9,63,32,32,10,52,17,7,14
S01013116,559,78,187,62,80,26,62,25,9,30,263,54,80,12,45,17,22,17,4,12,296,24,107,50,35,9,40,8,5,18
S01013117,477,29,121,39,48,65,82,51,11,31,239,16,55,13,32,46,21,34,6,16,238,13,66,26,16,19,61,17,5,15
S01013118,418,55,110,26,60,41,45,60,5,16,216,31,54,8,36,26,21,29,2,9,202,24,56,18,24,15,24,31,3,7
S01013119,607,61,148,43,145,41,69,61,11,28,294,37,71,11,84,25,21,32,4,9,313,24,77,32,61,16,48,29,7,19
S01013120,736,61,141,62,140,78,125,79,9,41,375,42,57,19,92,60,41,35,6,23,361,19,84,43,48,18,84,44,3,18
S01013121,314,15,49,18,70,37,57,41,17,10,155,7,16,9,39,27,21,20,12,4,159,8,33,9,31,10,36,21,5,6
S01013122,446,12,48,50,14,33,97,94,69,29,246,7,23,17,13,26,40,62,42,16,200,5,25,33,1,7,57,32,27,13
S01013123,568,23,99,102,18,53,114,75,46,38,260,12,36,24,13,41,49,48,21,16,308,11,63,78,5,12,65,27,25,22
S01013124,537,22,94,90,18,57,109,84,27,36,253,16,31,23,15,41,46,50,13,18,284,6,63,67,3,16,63,34,14,18
S01013125,587,33,110,117,48,34,96,76,32,41,281,19,44,31,41,27,43,46,14,16,306,14,66,86,7,7,53,30,18,25
S01013126,547,14,60,71,20,39,127,97,67,52,255,12,24,15,12,26,39,63,38,26,292,2,36,56,8,13,88,34,29,26
S01013127,585,10,60,66,25,53,145,111,76,39,241,8,20,11,20,33,41,55,36,17,344,2,40,55,5,20,104,56,40,22
S01013128,517,18,91,93,10,52,96,88,47,22,253,8,34,20,7,39,48,56,33,8,264,10,57,73,3,13,48,32,14,14
S01013129,858,33,179,143,38,84,156,110,59,56,396,24,72,49,31,57,56,63,24,20,462,9,107,94,7,27,100,47,35,36
S01013130,515,18,79,63,22,40,105,62,78,48,208,11,29,19,13,30,25,30,34,17,307,7,50,44,9,10,80,32,44,31
S01013131,484,21,67,86,18,43,98,86,29,36,220,12,28,27,14,33,26,52,18,10,264,9,39,59,4,10,72,34,11,26
S01013132,429,13,54,53,25,42,97,69,42,34,196,8,12,12,20,31,32,41,24,16,233,5,42,41,5,11,65,28,18,18
S01013133,611,24,88,95,27,52,122,100,69,34,307,15,39,25,21,41,47,65,42,12,304,9,49,70,6,11,75,35,27,22
S01013134,601,44,123,94,39,50,97,81,26,47,292,29,52,27,28,32,36,53,10,25,309,15,71,67,11,18,61,28,16,22
S01013135,559,10,52,71,25,40,134,121,62,44,254,7,19,15,22,25,46,70,25,25,305,3,33,56,3,15,88,51,37,19
S01013136,699,10,101,107,23,65,159,151,43,40,352,8,46,31,19,51,63,93,18,23,347,2,55,76,4,14,96,58,25,17
S01013137,565,12,71,89,31,53,109,130,32,38,276,3,31,21,28,41,34,80,19,19,289,9,40,68,3,12,75,50,13,19
S01013138,492,6,60,71,22,42,117,81,53,40,209,2,21,14,17,30,37,44,23,21,283,4,39,57,5,12,80,37,30,19
S01013139,647,23,70,96,32,49,148,118,58,53,317,13,36,27,25,38,50,66,40,22,330,10,34,69,7,11,98,52,18,31
S01013140,598,18,73,73,31,46,127,118,58,54,271,12,23,26,24,25,42,66,30,23,327,6,50,47,7,21,85,52,28,31
S01013141,461,14,65,77,20,23,87,101,44,30,222,6,22,20,17,15,31,69,27,15,239,8,43,57,3,8,56,32,17,15
S01013142,566,11,63,78,26,54,122,113,60,39,255,5,18,23,20,35,42,64,33,15,311,6,45,55,6,19,80,49,27,24
S01013143,651,26,116,102,32,70,123,98,31,53,317,15,48,30,21,55,45,53,17,33,334,11,68,72,11,15,78,45,14,20
S01013144,666,23,105,108,32,71,139,95,42,51,313,13,45,25,25,52,48,63,20,22,353,10,60,83,7,19,91,32,22,29
S01013145,528,26,97,82,26,52,96,77,29,43,258,14,41,20,19,39,34,48,14,29,270,12,56,62,7,13,62,29,15,14
S01013146,327,15,50,47,25,23,75,57,18,17,160,8,17,11,22,14,32,36,11,9,167,7,33,36,3,9,43,21,7,8
S01013147,515,29,79,89,37,42,96,63,17,63,253,25,29,23,29,32,37,39,10,29,262,4,50,66,8,10,59,24,7,34
S01013148,565,32,129,110,33,52,96,57,32,24,263,19,48,31,27,43,35,34,20,6,302,13,81,79,6,9,61,23,12,18
S01013149,619,40,122,124,26,59,90,77,25,56,279,22,58,38,19,39,24,45,13,21,340,18,64,86,7,20,66,32,12,35
S01013150,646,34,106,128,34,53,123,92,25,51,296,20,47,31,25,42,42,58,8,23,350,14,59,97,9,11,81,34,17,28
S01013151,424,33,106,88,38,36,48,38,14,23,196,24,39,22,26,29,17,26,4,9,228,9,67,66,12,7,31,12,10,14
S01013152,659,47,114,106,38,58,106,96,43,51,313,29,49,24,33,35,38,64,17,24,346,18,65,82,5,23,68,32,26,27
S01013153,621,19,65,80,28,56,137,114,68,54,292,10,26,28,24,40,54,61,30,19,329,9,39,52,4,16,83,53,38,35
S01013154,702,22,102,105,30,66,137,126,57,57,306,12,34,23,26,48,37,75,26,25,396,10,68,82,4,18,100,51,31,32
S01013155,651,15,69,75,23,43,168,116,75,67,286,8,31,20,18,22,60,64,33,30,365,7,38,55,5,21,108,52,42,37
S01013156,619,8,75,67,16,70,138,117,68,60,275,5,26,16,11,48,43,63,30,33,344,3,49,51,5,22,95,54,38,27
S01013157,694,14,72,93,19,71,145,118,92,70,315,8,25,19,16,47,53,71,37,39,379,6,47,74,3,24,92,47,55,31
S01013158,419,28,124,80,35,28,51,26,15,32,199,19,57,26,24,24,17,15,4,13,220,9,67,54,11,4,34,11,11,19
S01013159,553,32,138,117,44,35,77,54,10,46,277,25,49,40,37,26,24,40,7,29,276,7,89,77,7,9,53,14,3,17
S01013160,558,58,127,137,48,32,72,36,12,36,258,41,58,24,41,29,22,23,8,12,300,17,69,113,7,3,50,13,4,24
S01013161,765,39,140,144,45,71,128,116,38,44,381,23,62,45,30,53,44,80,21,23,384,16,78,99,15,18,84,36,17,21
S01013162,610,23,99,107,32,59,112,102,43,33,290,13,35,29,26,42,43,64,20,18,320,10,64,78,6,17,69,38,23,15
S01013163,561,35,125,106,31,70,76,54,14,50,276,25,52,31,29,58,21,34,6,20,285,10,73,75,2,12,55,20,8,30
S01013164,783,60,145,118,63,68,119,104,45,61,412,39,72,29,54,47,42,74,25,30,371,21,73,89,9,21,77,30,20,31
S01013165,643,50,137,118,45,49,93,77,26,48,310,33,57,32,35,29,33,50,17,24,333,17,80,86,10,20,60,27,9,24
S01013166,502,11,44,71,26,42,107,104,64,33,259,9,18,20,18,32,46,65,37,14,243,2,26,51,8,10,61,39,27,19
S01013167,503,10,53,68,23,43,109,91,80,26,267,5,18,23,17,35,50,62,48,9,236,5,35,45,6,8,59,29,32,17
S01013168,658,10,71,114,28,82,133,102,70,48,304,6,33,17,19,53,54,59,38,25,354,4,38,97,9,29,79,43,32,23
S01013169,596,11,96,101,34,60,122,93,43,36,295,4,42,23,24,48,53,63,21,17,301,7,54,78,10,12,69,30,22,19
S01013170,387,7,47,61,18,35,80,63,58,18,203,4,23,14,15,28,38,43,28,10,184,3,24,47,3,7,42,20,30,8
S01013171,493,49,108,93,30,32,60,49,21,51,228,30,42,27,21,28,21,33,10,16,265,19,66,66,9,4,39,16,11,35
S01013172,574,29,100,113,26,43,115,75,30,43,252,18,41,37,19,32,36,39,13,17,322,11,59,76,7,11,79,36,17,26
S01013173,624,47,131,106,33,48,105,86,25,43,304,34,52,28,26,36,44,54,12,18,320,13,79,78,7,12,61,32,13,25
S01013174,600,62,170,105,33,58,81,38,8,45,295,47,70,29,25,44,25,30,6,19,305,15,100,76,8,14,56,8,2,26
S01013175,613,63,171,109,30,66,73,51,12,38,293,35,68,31,22,58,24,34,5,16,320,28,103,78,8,8,49,17,7,22
S01013176,584,44,135,108,35,57,86,66,21,32,284,30,56,32,23,45,19,44,17,18,300,14,79,76,12,12,67,22,4,14
S01013177,485,29,135,106,25,32,64,56,8,30,243,20,54,33,17,27,30,37,5,20,242,9,81,73,8,5,34,19,3,10
S01013178,575,42,142,92,30,54,85,73,12,45,281,26,51,33,24,37,33,49,6,22,294,16,91,59,6,17,52,24,6,23
S01013179,653,34,146,117,51,54,105,76,25,45,314,22,64,31,39,39,38,49,14,18,339,12,82,86,12,15,67,27,11,27
S01013180,354,21,95,63,21,34,41,31,12,36,176,13,41,14,15,27,18,24,9,15,178,8,54,49,6,7,23,7,3,21
S01013181,546,37,122,87,24,64,85,76,15,36,258,18,43,24,20,50,32,48,9,14,288,19,79,63,4,14,53,28,6,22
S01013182,536,22,82,74,24,47,122,103,31,31,254,11,33,29,19,32,45,54,14,17,282,11,49,45,5,15,77,49,17,14
S01013183,657,60,184,116,23,58,88,59,21,48,344,40,83,41,20,48,39,36,10,27,313,20,101,75,3,10,49,23,11,21
S01013184,416,5,37,59,18,33,106,65,68,25,194,2,19,19,10,20,41,42,37,4,222,3,18,40,8,13,65,23,31,21
S01013185,562,16,103,77,18,57,122,92,39,38,253,13,34,24,13,39,37,58,21,14,309,3,69,53,5,18,85,34,18,24
S01013186,496,5,51,67,20,52,144,81,50,26,225,2,22,18,17,36,45,47,26,12,271,3,29,49,3,16,99,34,24,14
S01013187,617,23,110,76,29,65,123,86,53,52,293,17,44,25,19,41,43,47,27,30,324,6,66,51,10,24,80,39,26,22
S01013188,675,42,152,108,33,70,110,81,23,56,340,23,58,42,22,50,53,56,9,27,335,19,94,66,11,20,57,25,14,29
S01013189,480,37,113,68,22,39,91,56,11,43,232,19,50,21,15,32,38,37,5,15,248,18,63,47,7,7,53,19,6,28
S01013190,596,38,127,91,39,63,97,76,25,40,290,20,51,34,29,45,44,37,12,18,306,18,76,57,10,18,53,39,13,22
S01013191,789,94,216,139,44,69,77,56,16,78,389,62,95,34,31,53,30,38,9,37,400,32,121,105,13,16,47,18,7,41
S01013192,706,54,174,123,40,50,117,62,28,58,320,30,70,39,29,37,43,29,14,29,386,24,104,84,11,13,74,33,14,29
S01013193,504,35,122,105,27,40,79,59,15,22,245,23,50,36,18,29,31,41,5,12,259,12,72,69,9,11,48,18,10,10
S01013194,471,32,93,76,26,54,86,56,13,35,243,23,39,28,20,44,34,34,9,12,228,9,54,48,6,10,52,22,4,23
S01013195,763,54,162,132,33,63,136,101,20,62,396,42,72,47,19,44,63,70,13,26,367,12,90,85,14,19,73,31,7,36
S01013196,504,38,139,72,34,54,78,55,10,24,273,23,63,28,25,39,40,39,5,11,231,15,76,44,9,15,38,16,5,13
S01013197,412,32,121,72,21,35,57,34,13,27,201,22,59,21,13,26,22,20,4,14,211,10,62,51,8,9,35,14,9,13
S01013198,601,29,100,87,44,53,105,95,46,42,288,19,38,19,36,38,31,56,27,24,313,10,62,68,8,15,74,39,19,18
S01013199,687,68,178,85,59,51,105,71,30,40,342,40,72,33,48,29,45,41,19,15,345,28,106,52,11,22,60,30,11,25
S01013200,529,30,111,74,28,34,90,72,54,36,240,18,49,23,15,25,37,32,18,23,289,12,62,51,13,9,53,40,36,13
S01013201,557,20,62,63,24,36,134,112,82,24,268,18,28,22,19,28,47,60,36,10,289,2,34,41,5,8,87,52,46,14
S01013202,428,18,66,44,18,31,75,78,57,41,200,12,24,17,13,22,33,43,24,12,228,6,42,27,5,9,42,35,33,29
S01013203,538,26,83,62,18,44,111,108,53,33,265,16,30,16,14,30,50,60,30,19,273,10,53,46,4,14,61,48,23,14
S01013204,610,31,146,96,17,61,102,88,24,45,292,21,67,27,11,50,37,50,13,16,318,10,79,69,6,11,65,38,11,29
S01013205,440,4,49,39,21,38,104,85,64,36,206,4,15,12,12,22,41,54,27,19,234,0,34,27,9,16,63,31,37,17
S01013206,489,14,64,60,18,46,113,102,35,37,241,11,25,15,13,32,51,55,23,16,248,3,39,45,5,14,62,47,12,21
S01013207,596,19,103,81,53,49,117,102,40,32,287,12,34,24,38,37,45,61,23,13,309,7,69,57,15,12,72,41,17,19
S01013208,717,20,102,80,37,74,149,125,86,44,341,13,48,26,25,45,53,72,42,17,376,7,54,54,12,29,96,53,44,27
S01013209,621,30,123,98,40,60,116,96,28,30,288,15,48,25,33,42,45,60,9,11,333,15,75,73,7,18,71,36,19,19
S01013210,475,51,97,95,40,33,63,43,12,41,240,32,38,28,29,29,25,30,6,23,235,19,59,67,11,4,38,13,6,18
S01013211,680,37,113,112,33,84,140,95,31,35,329,22,51,30,22,58,56,58,14,18,351,15,62,82,11,26,84,37,17,17
S01013212,468,32,109,82,31,41,72,42,7,52,247,23,51,24,24,34,29,29,2,31,221,9,58,58,7,7,43,13,5,21
S01013213,449,34,94,86,42,45,54,35,9,50,222,25,40,24,31,34,18,24,7,19,227,9,54,62,11,11,36,11,2,31
S01013214,339,16,90,63,23,40,46,25,9,27,173,9,39,15,19,30,24,19,3,15,166,7,51,48,4,10,22,6,6,12
S01013215,636,26,112,115,35,84,125,91,20,28,321,14,49,37,26,63,45,63,12,12,315,12,63,78,9,21,80,28,8,16
S01013216,441,8,50,65,19,51,101,78,36,33,207,6,27,14,16,39,31,45,11,18,234,2,23,51,3,12,70,33,25,15
S01013217,521,17,63,74,22,50,125,100,32,38,234,11,31,21,16,33,45,46,19,12,287,6,32,53,6,17,80,54,13,26
S01013218,445,3,42,39,22,46,117,102,43,31,198,1,18,8,15,27,40,61,13,15,247,2,24,31,7,19,77,41,30,16
S01013219,405,7,55,42,16,43,105,78,29,30,184,6,23,15,13,32,31,46,10,8,221,1,32,27,3,11,74,32,19,22
S01013220,491,9,52,58,21,52,130,97,46,26,234,6,21,20,14,37,46,56,25,9,257,3,31,38,7,15,84,41,21,17
S01013221,677,28,78,85,56,73,144,111,46,56,315,15,38,21,36,51,51,57,20,26,362,13,40,64,20,22,93,54,26,30
S01013222,433,13,48,55,22,31,98,104,35,27,187,10,15,11,16,19,39,47,16,14,246,3,33,44,6,12,59,57,19,13
S01013223,785,41,141,110,42,86,130,112,78,45,384,23,65,30,32,68,51,55,43,17,401,18,76,80,10,18,79,57,35,28
S01013224,638,31,108,91,39,74,128,91,37,39,317,20,44,29,29,52,47,55,22,19,321,11,64,62,10,22,81,36,15,20
S01013225,589,20,79,65,24,63,124,113,60,41,270,10,28,25,15,42,44,61,32,13,319,10,51,40,9,21,80,52,28,28
S01013226,388,30,96,59,22,35,63,43,12,28,184,22,40,12,16,26,23,25,8,12,204,8,56,47,6,9,40,18,4,16
S01013227,507,13,71,57,20,80,113,85,35,33,246,7,35,20,12,53,36,49,16,18,261,6,36,37,8,27,77,36,19,15
S01013228,575,28,99,73,38,52,129,91,45,20,288,22,38,20,32,38,57,51,23,7,287,6,61,53,6,14,72,40,22,13
S01013229,580,26,79,88,23,64,113,108,46,33,279,17,35,28,20,47,32,57,25,18,301,9,44,60,3,17,81,51,21,15
S01013230,479,17,76,95,14,56,91,93,14,23,223,8,30,22,14,43,30,56,7,13,256,9,46,73,0,13,61,37,7,10
S01013231,559,15,101,97,26,56,107,94,37,26,253,11,29,28,17,35,51,56,18,8,306,4,72,69,9,21,56,38,19,18
S01013232,527,20,78,76,36,43,116,107,26,25,250,12,26,18,27,33,52,54,16,12,277,8,52,58,9,10,64,53,10,13
S01013233,435,24,96,66,30,43,86,50,17,23,221,17,45,24,24,31,41,26,4,9,214,7,51,42,6,12,45,24,13,14
S01013234,303,30,110,49,26,21,28,11,5,23,152,21,48,16,19,17,8,5,4,14,151,9,62,33,7,4,20,6,1,9
S01013235,612,40,120,107,41,66,118,73,16,31,308,24,49,32,30,55,56,44,7,11,304,16,71,75,11,11,62,29,9,20
S01013236,675,53,166,113,71,70,85,50,23,44,321,37,65,32,40,57,33,30,10,17,354,16,101,81,31,13,52,20,13,27
S01013237,617,36,134,112,41,52,96,68,19,59,304,27,53,43,25,43,34,42,7,30,313,9,81,69,16,9,62,26,12,29
S01013238,563,12,64,58,29,60,133,110,63,34,265,7,33,11,23,44,44,56,33,14,298,5,31,47,6,16,89,54,30,20
S01013239,660,13,98,63,25,67,150,134,67,43,295,8,49,20,19,42,51,64,30,12,365,5,49,43,6,25,99,70,37,31
S01013240,403,7,42,37,16,36,95,91,53,26,190,4,11,21,15,23,30,45,28,13,213,3,31,16,1,13,65,46,25,13
S01013241,665,65,203,132,48,52,77,34,11,43,330,47,86,42,35,41,31,23,4,21,335,18,117,90,13,11,46,11,7,22
S01013242,451,53,101,53,84,33,49,30,10,38,227,29,43,14,62,19,13,20,3,24,224,24,58,39,22,14,36,10,7,14
S01013243,569,25,73,66,34,49,131,128,37,26,278,15,34,15,26,31,42,80,24,11,291,10,39,51,8,18,89,48,13,15
S01013244,544,13,75,66,43,47,107,129,33,31,257,9,32,18,25,34,36,76,13,14,287,4,43,48,18,13,71,53,20,17
S01013245,753,61,119,112,62,82,121,134,30,32,372,37,54,24,46,56,39,86,18,12,381,24,65,88,16,26,82,48,12,20
S01013246,345,29,46,52,31,40,64,62,8,13,164,19,18,11,22,30,22,33,2,7,181,10,28,41,9,10,42,29,6,6
S01013247,557,16,66,62,36,52,133,128,43,21,259,5,28,18,32,36,43,69,17,11,298,11,38,44,4,16,90,59,26,10
S01013248,471,10,54,65,28,31,110,114,35,24,228,5,25,16,24,20,42,66,21,9,243,5,29,49,4,11,68,48,14,15
S01013249,337,6,55,43,21,33,74,69,19,17,168,1,19,12,18,23,38,40,9,8,169,5,36,31,3,10,36,29,10,9
S01013250,668,61,159,60,100,48,89,87,24,40,336,34,63,20,71,35,33,53,8,19,332,27,96,40,29,13,56,34,16,21
S01013251,531,16,62,61,16,48,120,131,41,36,260,8,27,21,14,34,45,76,20,15,271,8,35,40,2,14,75,55,21,21
S01013252,521,30,87,54,42,47,87,119,24,31,261,17,38,18,29,35,29,70,13,12,260,13,49,36,13,12,58,49,11,19
S01013253,537,28,94,80,30,49,103,106,20,27,271,20,40,21,24,37,51,59,12,7,266,8,54,59,6,12,52,47,8,20
S01013254,469,20,43,48,35,51,80,130,38,24,226,13,19,10,21,33,26,77,19,8,243,7,24,38,14,18,54,53,19,16
S01013255,1158,33,114,103,106,133,170,288,166,45,821,24,48,29,95,121,91,238,153,22,337,9,66,74,11,12,79,50,13,23
S01013256,516,52,116,67,48,43,93,45,31,21,247,30,49,15,31,34,37,27,15,9,269,22,67,52,17,9,56,18,16,12
S01013257,574,37,115,79,52,47,104,84,18,38,278,24,48,21,37,37,37,54,6,14,296,13,67,58,15,10,67,30,12,24
S01013258,588,59,131,103,50,52,86,55,19,33,286,41,59,26,40,38,29,34,9,10,302,18,72,77,10,14,57,21,10,23
S01013259,622,26,108,108,36,69,115,104,21,35,295,16,50,25,26,50,44,56,12,16,327,10,58,83,10,19,71,48,9,19
S01013260,633,26,71,84,22,62,134,145,53,36,289,16,24,23,14,40,64,81,15,12,344,10,47,61,8,22,70,64,38,24
S01013261,575,18,51,77,28,73,137,127,30,34,272,14,19,15,20,50,46,76,17,15,303,4,32,62,8,23,91,51,13,19
S01013262,485,21,56,68,37,64,102,95,25,17,234,11,21,8,36,46,40,51,13,8,251,10,35,60,1,18,62,44,12,9
S01013263,388,84,111,59,37,27,24,17,6,23,197,59,51,14,23,19,6,12,1,12,191,25,60,45,14,8,18,5,5,11
S01013264,372,59,114,64,23,17,27,14,10,44,185,41,53,21,16,14,13,9,1,17,187,18,61,43,7,3,14,5,9,27
S01013265,478,99,141,70,41,15,31,14,12,55,239,66,67,21,24,11,12,11,3,24,239,33,74,49,17,4,19,3,9,31
S01013266,415,78,106,77,26,26,37,22,8,35,205,52,45,21,18,19,13,16,3,18,210,26,61,56,8,7,24,6,5,17
S01013267,408,28,78,62,27,27,75,53,28,30,190,20,35,15,20,19,22,30,16,13,218,8,43,47,7,8,53,23,12,17
S01013268,613,29,126,102,34,68,112,83,21,38,288,18,51,27,21,45,49,52,7,18,325,11,75,75,13,23,63,31,14,20
S01013269,730,103,215,119,48,42,72,59,16,56,359,75,95,30,32,35,19,41,4,28,371,28,120,89,16,7,53,18,12,28
S01013270,593,133,174,106,38,25,44,20,7,46,287,90,82,21,26,19,9,15,4,21,306,43,92,85,12,6,35,5,3,25
S01013271,469,112,153,87,24,22,27,16,7,21,234,81,67,23,15,15,12,12,2,7,235,31,86,64,9,7,15,4,5,14
S01013272,553,109,178,80,38,19,42,26,10,51,284,74,89,24,21,10,11,19,4,32,269,35,89,56,17,9,31,7,6,19
S01013273,635,127,177,112,51,41,50,27,5,45,329,77,90,36,32,33,16,15,4,26,306,50,87,76,19,8,34,12,1,19
S01013274,651,78,161,133,35,55,77,46,17,49,337,49,78,37,25,41,34,36,9,28,314,29,83,96,10,14,43,10,8,21
S01013275,508,62,122,100,61,29,53,40,5,36,245,43,51,26,38,20,21,28,1,17,263,19,71,74,23,9,32,12,4,19
S01013276,488,45,111,109,32,39,63,41,11,37,258,31,51,29,24,32,29,32,6,24,230,14,60,80,8,7,34,9,5,13
S01013277,681,26,111,87,31,79,152,114,28,53,316,20,44,21,18,62,53,65,8,25,365,6,67,66,13,17,99,49,20,28
S01013278,607,17,73,94,33,58,128,113,45,46,285,12,29,26,21,37,44,67,30,19,322,5,44,68,12,21,84,46,15,27
S01013279,527,19,65,72,21,47,119,95,40,49,240,14,26,21,16,31,35,59,15,23,287,5,39,51,5,16,84,36,25,26
S01013280,412,21,81,88,22,27,78,58,6,31,207,14,39,33,16,18,32,37,3,15,205,7,42,55,6,9,46,21,3,16
S01013281,677,27,83,93,42,61,152,142,30,47,308,18,42,22,26,45,49,75,15,16,369,9,41,71,16,16,103,67,15,31
S01013282,611,13,69,93,20,67,139,116,57,37,288,9,27,28,14,42,55,71,25,17,323,4,42,65,6,25,84,45,32,20
S01013283,524,56,83,71,29,47,99,77,27,35,285,41,45,26,22,34,43,45,13,16,239,15,38,45,7,13,56,32,14,19
S01013284,516,45,137,116,28,35,74,45,5,31,250,28,59,32,18,26,34,37,2,14,266,17,78,84,10,9,40,8,3,17
S01013285,522,48,121,110,18,50,76,53,5,41,247,26,50,31,15,38,35,29,2,21,275,22,71,79,3,12,41,24,3,20
S01013286,534,48,136,101,32,50,74,45,5,43,264,26,56,33,22,40,32,26,3,26,270,22,80,68,10,10,42,19,2,17
S01013287,618,102,184,110,37,37,50,30,2,66,313,60,88,34,24,28,24,18,1,36,305,42,96,76,13,9,26,12,1,30
S01013288,482,59,103,94,33,36,57,47,19,34,236,41,52,29,19,26,14,27,8,20,246,18,51,65,14,10,43,20,11,14
S01013289,562,93,141,83,71,28,61,41,13,31,269,51,67,14,42,23,24,27,6,15,293,42,74,69,29,5,37,14,7,16
S01013290,655,69,142,102,40,48,107,82,27,38,316,41,61,24,25,38,46,48,13,20,339,28,81,78,15,10,61,34,14,18
S01013291,522,41,107,88,43,52,80,65,11,35,260,24,47,29,27,36,26,45,5,21,262,17,60,59,16,16,54,20,6,14
S01013292,602,38,118,120,44,61,85,69,17,50,301,26,51,39,28,49,31,45,8,24,301,12,67,81,16,12,54,24,9,26
S01013293,559,62,136,110,56,35,69,35,3,53,275,42,53,32,40,26,26,26,3,27,284,20,83,78,16,9,43,9,0,26
S01013294,573,50,111,117,33,57,76,67,13,49,283,27,55,36,22,42,28,45,4,24,290,23,56,81,11,15,48,22,9,25
S01013295,609,44,123,140,45,62,85,54,13,43,293,29,53,43,29,47,29,35,7,21,316,15,70,97,16,15,56,19,6,22
S01013296,534,19,60,70,34,57,107,128,27,32,254,12,28,13,27,41,37,70,15,11,280,7,32,57,7,16,70,58,12,21
S01013297,524,37,82,96,35,57,91,64,21,41,250,23,33,17,30,35,45,40,11,16,274,14,49,79,5,22,46,24,10,25
S01013298,505,34,99,86,43,51,67,74,25,26,256,23,51,15,25,38,33,43,16,12,249,11,48,71,18,13,34,31,9,14
S01013299,763,41,153,122,38,76,134,113,29,57,348,25,63,32,20,55,41,70,13,29,415,16,90,90,18,21,93,43,16,28
S01013300,445,25,81,52,26,44,96,84,17,20,217,17,41,8,18,27,38,52,10,6,228,8,40,44,8,17,58,32,7,14
S01013301,373,15,50,50,25,46,79,73,23,12,187,11,18,6,20,36,33,45,12,6,186,4,32,44,5,10,46,28,11,6
S01013302,481,44,90,82,54,47,64,60,13,27,244,28,38,23,40,39,22,32,7,15,237,16,52,59,14,8,42,28,6,12
S01013303,679,56,141,116,34,51,103,129,14,35,331,36,56,31,24,34,42,80,9,19,348,20,85,85,10,17,61,49,5,16
S01013304,710,21,80,78,22,77,157,169,51,55,362,12,27,23,16,45,74,107,28,30,348,9,53,55,6,32,83,62,23,25
S01013305,740,24,98,115,29,61,147,185,41,40,369,16,46,37,19,37,64,112,18,20,371,8,52,78,10,24,83,73,23,20
S01013306,742,13,60,82,34,59,179,178,97,40,378,10,29,26,25,42,76,113,45,12,364,3,31,56,9,17,103,65,52,28
S01013307,792,23,77,85,26,81,169,204,81,46,394,12,26,25,19,56,72,127,36,21,398,11,51,60,7,25,97,77,45,25
S01013308,653,19,47,85,28,61,161,141,57,54,289,11,22,22,15,40,56,74,30,19,364,8,25,63,13,21,105,67,27,35
S01013309,476,68,112,79,27,28,56,50,23,33,243,46,61,27,15,17,18,31,10,18,233,22,51,52,12,11,38,19,13,15
S01013310,483,23,82,76,15,55,102,82,21,27,228,16,34,24,8,39,40,45,8,14,255,7,48,52,7,16,62,37,13,13
S01013311,605,18,75,89,36,63,134,115,31,44,280,12,33,23,25,36,41,76,15,19,325,6,42,66,11,27,93,39,16,25
S01013312,788,22,112,110,47,70,152,177,52,46,393,15,48,38,31,48,68,102,26,17,395,7,64,72,16,22,84,75,26,29
S01013313,509,17,70,76,19,40,106,105,41,35,238,9,33,16,15,28,35,63,22,17,271,8,37,60,4,12,71,42,19,18
S01013314,495,21,63,86,23,55,104,94,14,35,225,13,24,27,14,42,38,48,7,12,270,8,39,59,9,13,66,46,7,23
S01013315,379,84,117,50,26,16,35,20,5,26,190,51,58,12,18,12,13,14,0,12,189,33,59,38,8,4,22,6,5,14
S01013316,498,71,127,94,30,36,65,31,14,30,235,43,65,18,21,22,27,21,5,13,263,28,62,76,9,14,38,10,9,17
S01013317,430,28,101,91,23,35,68,50,6,28,220,19,50,29,11,27,32,35,2,15,210,9,51,62,12,8,36,15,4,13
S01013318,466,64,126,78,20,36,61,50,8,23,234,37,62,21,15,25,26,36,2,10,232,27,64,57,5,11,35,14,6,13
S01013319,422,55,102,72,27,35,54,29,20,28,211,37,48,21,15,23,24,19,8,16,211,18,54,51,12,12,30,10,12,12
S01013320,726,101,203,115,42,58,82,59,16,50,359,66,97,35,25,39,29,36,5,27,367,35,106,80,17,19,53,23,11,23
S01013321,331,10,67,59,16,41,39,63,23,13,159,5,31,19,9,26,14,44,7,4,172,5,36,40,7,15,25,19,16,9
S01013322,556,27,100,111,24,48,103,70,16,57,273,21,51,29,14,31,48,37,10,32,283,6,49,82,10,17,55,33,6,25
S01013323,738,38,111,107,34,70,141,143,40,54,357,21,49,26,19,53,68,82,17,22,381,17,62,81,15,17,73,61,23,32
S01013324,481,18,63,61,19,40,113,93,43,31,231,13,27,15,13,33,43,57,20,10,250,5,36,46,6,7,70,36,23,21
S01013325,641,32,88,73,24,56,124,122,68,54,260,24,33,15,13,35,27,63,29,21,381,8,55,58,11,21,97,59,39,33
S01013326,409,12,38,49,21,33,104,99,24,29,184,9,16,11,16,20,37,53,14,8,225,3,22,38,5,13,67,46,10,21
S01013327,529,13,48,67,27,58,121,119,35,41,247,10,19,16,18,33,45,69,18,19,282,3,29,51,9,25,76,50,17,22
S01013328,465,11,45,56,19,58,112,111,28,25,229,8,20,19,13,32,48,60,15,14,236,3,25,37,6,26,64,51,13,11
S01013329,402,10,72,47,16,34,100,72,17,34,194,8,33,15,12,19,44,36,9,18,208,2,39,32,4,15,56,36,8,16
S01013330,807,94,201,147,38,64,106,88,17,52,415,69,103,46,23,47,46,59,6,16,392,25,98,101,15,17,60,29,11,36
S01013331,475,52,98,95,30,37,62,56,18,27,250,36,54,31,19,26,24,38,6,16,225,16,44,64,11,11,38,18,12,11
S01013332,499,18,80,79,31,42,101,97,17,34,229,11,35,23,22,30,32,56,8,12,270,7,45,56,9,12,69,41,9,22
S01013333,622,49,141,112,35,60,92,82,14,37,313,36,61,30,27,48,31,59,5,16,309,13,80,82,8,12,61,23,9,21
S01013334,555,21,75,75,26,55,116,118,36,33,264,15,35,25,19,30,43,64,16,17,291,6,40,50,7,25,73,54,20,16
S01013335,560,10,50,76,31,44,133,127,47,42,259,5,19,26,26,34,39,72,19,19,301,5,31,50,5,10,94,55,28,23
S01013336,648,14,79,67,35,48,136,155,69,45,312,11,40,17,23,29,53,85,36,18,336,3,39,50,12,19,83,70,33,27
S01013337,732,59,160,125,50,61,94,115,27,41,374,37,67,32,38,44,44,77,14,21,358,22,93,93,12,17,50,38,13,20
S01013338,381,59,119,60,26,19,28,20,12,38,192,41,55,17,21,15,8,13,5,17,189,18,64,43,5,4,20,7,7,21
S01013339,456,64,116,91,25,38,52,27,11,32,217,45,49,24,21,25,15,17,3,18,239,19,67,67,4,13,37,10,8,14
S01013340,656,87,155,133,48,57,70,45,12,49,322,59,84,31,33,42,17,26,6,24,334,28,71,102,15,15,53,19,6,25
S01013341,701,134,217,103,60,33,65,40,18,31,373,84,123,27,35,24,23,31,8,18,328,50,94,76,25,9,42,9,10,13
S01013342,475,11,57,65,14,49,111,109,37,22,254,8,34,14,11,39,44,75,21,8,221,3,23,51,3,10,67,34,16,14
S01013343,504,21,94,90,25,37,88,103,16,30,249,13,44,32,17,23,29,71,6,14,255,8,50,58,8,14,59,32,10,16
S01013344,593,13,79,80,30,69,108,134,39,41,278,9,32,18,20,44,36,82,19,18,315,4,47,62,10,25,72,52,20,23
S01013345,548,13,73,74,17,57,107,138,31,38,267,8,32,22,15,39,38,84,11,18,281,5,41,52,2,18,69,54,20,20
S01013346,616,85,147,104,30,43,86,41,17,63,312,57,81,18,17,39,28,27,8,37,304,28,66,86,13,4,58,14,9,26
S01013347,560,42,140,117,37,46,71,69,15,23,286,31,72,40,26,34,24,41,7,11,274,11,68,77,11,12,47,28,8,12
S01013348,338,45,97,68,29,21,29,19,2,28,167,32,42,17,20,16,11,14,1,14,171,13,55,51,9,5,18,5,1,14
S01013349,611,75,133,88,26,48,80,97,28,36,310,54,72,32,17,27,35,55,6,12,301,21,61,56,9,21,45,42,22,24
S01013350,506,19,84,77,27,53,104,92,23,27,247,13,40,20,17,40,42,54,11,10,259,6,44,57,10,13,62,38,12,17
S01013351,596,40,103,117,22,66,106,87,20,35,288,20,45,30,18,54,37,54,11,19,308,20,58,87,4,12,69,33,9,16
S01013352,674,25,113,130,34,55,131,111,26,49,311,10,47,41,21,41,43,78,9,21,363,15,66,89,13,14,88,33,17,28
S01013353,488,14,72,73,30,47,92,96,36,28,222,6,28,22,22,32,30,52,18,12,266,8,44,51,8,15,62,44,18,16
S01013354,555,43,123,90,40,60,89,77,12,21,271,22,50,20,30,50,35,48,6,10,284,21,73,70,10,10,54,29,6,11
S01013355,482,34,83,64,35,48,80,91,17,30,226,19,38,13,21,35,32,54,6,8,256,15,45,51,14,13,48,37,11,22
S01013356,563,17,78,55,41,48,113,138,48,25,280,11,32,11,32,36,39,83,22,14,283,6,46,44,9,12,74,55,26,11
S01013357,613,41,137,110,40,63,95,81,17,29,295,26,61,22,30,48,32,57,7,12,318,15,76,88,10,15,63,24,10,17
S01013358,607,37,92,78,48,68,128,97,28,31,297,23,40,25,32,44,48,52,15,18,310,14,52,53,16,24,80,45,13,13
S01013359,453,14,60,43,26,38,90,118,34,30,210,6,24,12,21,24,25,69,15,14,243,8,36,31,5,14,65,49,19,16
S01013360,521,14,65,59,23,54,129,122,29,26,250,10,26,11,17,36,51,75,12,12,271,4,39,48,6,18,78,47,17,14
S01013361,448,13,44,69,12,46,109,103,27,25,207,6,18,20,12,26,39,62,19,5,241,7,26,49,0,20,70,41,8,20
S01013362,341,10,41,35,15,37,81,77,19,26,144,8,14,6,9,25,26,40,8,8,197,2,27,29,6,12,55,37,11,18
S01013363,568,11,50,77,23,45,129,146,54,33,289,8,26,22,16,29,56,91,24,17,279,3,24,55,7,16,73,55,30,16
S01013364,690,63,128,87,40,76,111,128,23,34,345,39,58,29,25,52,40,79,11,12,345,24,70,58,15,24,71,49,12,22
S01013365,641,41,140,122,58,66,89,89,10,26,318,24,63,28,39,50,36,59,7,12,323,17,77,94,19,16,53,30,3,14
S01013366,687,46,154,125,38,77,83,82,21,61,332,37,76,30,29,55,25,41,12,27,355,9,78,95,9,22,58,41,9,34
S01013367,452,47,100,69,45,33,53,61,10,34,220,37,46,18,26,24,21,31,4,13,232,10,54,51,19,9,32,30,6,21
S01013368,554,37,79,68,57,45,95,106,29,38,273,22,32,17,39,39,37,61,13,13,281,15,47,51,18,6,58,45,16,25
S01013369,636,27,73,90,24,53,159,142,39,29,282,19,36,20,17,33,51,85,12,9,354,8,37,70,7,20,108,57,27,20
S01013370,435,15,67,51,19,35,83,113,30,22,213,10,29,20,10,25,33,63,15,8,222,5,38,31,9,10,50,50,15,14
S01013371,467,23,68,68,21,53,94,101,18,21,210,18,36,14,14,36,25,52,8,7,257,5,32,54,7,17,69,49,10,14
S01013372,791,14,69,87,32,58,205,195,72,59,367,9,30,26,27,42,75,101,25,32,424,5,39,61,5,16,130,94,47,27
S01013373,667,25,91,88,30,68,145,139,47,34,327,12,35,21,18,49,63,96,17,16,340,13,56,67,12,19,82,43,30,18
S01013374,667,14,59,75,34,50,129,198,80,28,310,12,25,15,27,35,41,108,38,9,357,2,34,60,7,15,88,90,42,19
S01013375,429,12,41,69,20,46,101,99,20,21,204,9,12,15,19,26,42,58,13,10,225,3,29,54,1,20,59,41,7,11
S01013376,435,15,49,63,26,49,83,111,30,9,209,10,18,16,18,34,29,65,15,4,226,5,31,47,8,15,54,46,15,5
S01013377,558,16,74,75,21,54,120,146,31,21,277,8,36,13,15,40,47,91,17,10,281,8,38,62,6,14,73,55,14,11
S01013378,750,42,139,111,38,63,112,133,52,60,364,26,64,31,29,45,33,88,25,23,386,16,75,80,9,18,79,45,27,37
S01013379,664,23,127,101,44,68,130,109,28,34,318,14,61,25,27,49,43,71,13,15,346,9,66,76,17,19,87,38,15,19
S01013380,90,6,21,13,14,9,8,4,9,6,44,3,11,3,11,7,5,0,0,4,46,3,10,10,3,2,3,4,9,2
S01013381,380,16,53,39,29,41,75,93,15,19,185,12,28,8,20,35,16,52,7,7,195,4,25,31,9,6,59,41,8,12
S01013382,421,22,59,55,29,50,82,87,10,27,215,17,31,11,19,33,26,61,3,14,206,5,28,44,10,17,56,26,7,13
S01013383,505,15,77,65,19,56,108,104,31,30,244,9,36,18,15,42,44,56,14,10,261,6,41,47,4,14,64,48,17,20
S01013384,547,31,80,77,39,55,97,124,26,18,259,19,30,20,27,45,34,71,8,5,288,12,50,57,12,10,63,53,18,13
S01013385,372,17,95,66,23,32,48,64,13,14,185,9,47,16,17,25,14,46,6,5,187,8,48,50,6,7,34,18,7,9
S01013386,659,56,183,108,41,45,88,80,13,45,323,38,79,32,27,33,24,55,9,26,336,18,104,76,14,12,64,25,4,19
S01013387,407,23,51,56,20,34,82,88,32,21,193,15,25,15,18,22,26,52,13,7,214,8,26,41,2,12,56,36,19,14
S01013388,534,29,85,78,38,41,88,130,28,17,260,17,45,23,28,27,28,73,12,7,274,12,40,55,10,14,60,57,16,10
S01013389,588,25,103,93,24,74,98,110,18,43,287,17,45,22,18,52,27,76,10,20,301,8,58,71,6,22,71,34,8,23
S01013390,353,9,49,52,21,33,76,89,16,8,179,8,20,12,20,24,27,56,8,4,174,1,29,40,1,9,49,33,8,4
S01013391,318,26,66,47,27,19,56,44,17,16,152,12,27,14,23,15,17,31,7,6,166,14,39,33,4,4,39,13,10,10
S01013392,549,59,135,116,45,55,56,48,6,29,275,36,59,35,30,44,17,38,2,14,274,23,76,81,15,11,39,10,4,15
S01013393,521,34,73,57,29,61,102,110,34,21,261,23,28,16,21,42,35,68,17,11,260,11,45,41,8,19,67,42,17,10
S01013394,500,18,64,66,26,54,89,113,45,25,242,9,27,16,15,38,32,74,21,10,258,9,37,50,11,16,57,39,24,15
S01013395,493,11,46,45,16,39,105,133,74,24,236,7,22,13,14,25,40,77,26,12,257,4,24,32,2,14,65,56,48,12
S01013396,496,56,132,99,47,35,56,43,9,19,247,36,61,33,30,25,21,31,2,8,249,20,71,66,17,10,35,12,7,11
S01013397,649,33,108,99,48,61,111,124,36,29,316,20,40,23,40,51,51,65,11,15,333,13,68,76,8,10,60,59,25,14
S01013398,438,64,89,88,22,41,49,40,12,33,224,41,43,27,12,31,18,31,7,14,214,23,46,61,10,10,31,9,5,19
S01013399,766,69,199,125,43,73,116,90,19,32,372,39,93,39,30,54,46,57,5,9,394,30,106,86,13,19,70,33,14,23
S01013400,504,24,88,75,29,50,109,82,27,20,255,13,42,21,24,37,39,55,14,10,249,11,46,54,5,13,70,27,13,10
S01013401,611,80,197,104,36,37,57,54,23,23,297,48,99,32,25,28,17,27,9,12,314,32,98,72,11,9,40,27,14,11
S01013402,763,139,236,136,29,52,65,58,11,37,377,92,106,38,20,37,24,39,5,16,386,47,130,98,9,15,41,19,6,21
S01013403,622,89,196,114,36,36,67,49,6,29,305,56,86,43,21,27,29,31,2,10,317,33,110,71,15,9,38,18,4,19
S01013404,416,58,108,56,18,22,60,46,14,34,201,39,56,16,8,12,13,31,9,17,215,19,52,40,10,10,47,15,5,17
S01013405,498,36,85,87,27,52,85,82,24,20,234,24,37,19,18,36,30,49,16,5,264,12,48,68,9,16,55,33,8,15
S01013406,456,8,56,60,16,47,107,105,41,16,212,3,24,12,12,32,47,58,15,9,244,5,32,48,4,15,60,47,26,7
S01013407,386,11,50,50,15,36,90,94,19,21,187,7,20,8,12,25,37,63,9,6,199,4,30,42,3,11,53,31,10,15
S01013408,454,13,52,73,23,40,89,101,40,23,207,10,18,12,17,29,28,68,15,10,247,3,34,61,6,11,61,33,25,13
S01013409,805,58,163,126,62,54,126,133,28,55,387,41,68,36,39,33,43,89,12,26,418,17,95,90,23,21,83,44,16,29
S01013410,471,9,34,70,21,40,109,104,47,37,209,4,11,21,17,23,43,58,16,16,262,5,23,49,4,17,66,46,31,21
S01013411,550,51,122,87,32,30,84,93,27,24,278,29,61,33,20,22,30,61,11,11,272,22,61,54,12,8,54,32,16,13
S01013412,623,44,125,106,26,57,85,101,31,48,310,29,49,37,21,39,38,69,13,15,313,15,76,69,5,18,47,32,18,33
S01013413,552,92,172,72,34,38,56,49,11,28,276,56,77,20,24,28,19,33,8,11,276,36,95,52,10,10,37,16,3,17
S01013414,605,38,134,74,29,53,104,112,42,19,288,21,64,11,21,31,46,73,13,8,317,17,70,63,8,22,58,39,29,11
S01013415,489,11,70,85,35,44,95,102,35,12,241,8,25,26,23,22,43,62,24,8,248,3,45,59,12,22,52,40,11,4
S01013416,452,17,60,52,24,30,100,98,42,29,227,11,18,14,17,19,43,74,21,10,225,6,42,38,7,11,57,24,21,19
S01013417,673,39,136,98,33,69,126,114,25,33,346,24,56,33,23,45,60,79,13,13,327,15,80,65,10,24,66,35,12,20
S01013418,476,42,84,65,35,42,77,75,21,35,242,23,45,19,23,30,35,45,7,15,234,19,39,46,12,12,42,30,14,20
S01013419,363,40,106,73,25,20,37,24,11,27,174,27,51,16,17,15,10,18,5,15,189,13,55,57,8,5,27,6,6,12
S01013420,425,26,93,90,16,35,68,60,16,21,201,16,50,23,9,26,21,42,5,9,224,10,43,67,7,9,47,18,11,12
S01013421,556,66,152,103,32,47,64,48,9,35,270,45,72,22,23,33,23,30,4,18,286,21,80,81,9,14,41,18,5,17
S01013422,540,15,88,101,28,51,109,80,18,50,252,10,39,25,19,39,32,51,13,24,288,5,49,76,9,12,77,29,5,26
S01013423,628,46,134,107,35,46,86,97,28,49,304,30,61,27,27,31,26,69,15,18,324,16,73,80,8,15,60,28,13,31
S01013424,370,37,100,65,26,31,47,28,4,32,183,26,39,9,21,30,19,17,2,20,187,11,61,56,5,1,28,11,2,12
S01013425,332,32,80,52,26,24,49,46,9,14,165,20,34,13,19,19,19,30,4,7,167,12,46,39,7,5,30,16,5,7
S01013426,615,22,72,100,30,50,120,153,39,29,292,14,29,15,22,38,52,88,21,13,323,8,43,85,8,12,68,65,18,16
S01013427,332,50,120,38,36,14,26,21,6,21,171,32,53,13,23,9,8,18,3,12,161,18,67,25,13,5,18,3,3,9
S01013428,719,28,114,89,42,64,127,171,43,41,367,19,57,31,31,40,44,107,17,21,352,9,57,58,11,24,83,64,26,20
S01013429,525,30,93,81,38,63,102,78,19,21,256,17,42,19,28,43,38,51,10,8,269,13,51,62,10,20,64,27,9,13
S01013430,521,36,98,78,45,55,84,81,29,15,256,19,48,11,32,40,39,50,12,5,265,17,50,67,13,15,45,31,17,10
S01013431,510,27,85,62,43,40,98,101,31,23,248,16,47,19,25,28,31,56,15,11,262,11,38,43,18,12,67,45,16,12
S01013432,545,45,119,69,65,42,78,85,19,23,262,24,43,20,49,34,27,50,8,7,283,21,76,49,16,8,51,35,11,16
S01013433,549,90,139,71,48,40,71,57,7,26,264,58,56,20,32,28,16,37,4,13,285,32,83,51,16,12,55,20,3,13
S01013434,398,68,123,40,68,20,30,12,7,30,200,39,57,10,45,11,9,9,4,16,198,29,66,30,23,9,21,3,3,14
S01013435,480,118,161,65,26,14,29,16,6,45,242,82,67,17,15,11,11,8,4,27,238,36,94,48,11,3,18,8,2,18
S01013436,615,70,109,83,34,51,103,97,21,47,286,49,44,15,22,38,27,58,13,20,329,21,65,68,12,13,76,39,8,27
S01013437,523,48,117,76,29,44,79,71,12,47,256,32,48,22,20,32,36,41,3,22,267,16,69,54,9,12,43,30,9,25
S01013438,430,38,89,64,31,38,72,55,17,26,208,20,40,16,25,26,26,36,8,11,222,18,49,48,6,12,46,19,9,15
S01013439,694,146,248,101,43,34,46,22,10,44,331,99,112,22,22,25,8,14,5,24,363,47,136,79,21,9,38,8,5,20
S01013440,773,196,262,111,38,31,44,24,4,63,379,129,121,20,21,24,17,13,2,32,394,67,141,91,17,7,27,11,2,31
S01013441,558,131,194,68,38,30,32,19,13,33,289,83,83,22,23,23,12,15,6,22,269,48,111,46,15,7,20,4,7,11
S01013442,607,91,161,94,38,42,81,56,14,30,282,52,68,25,25,33,25,34,6,14,325,39,93,69,13,9,56,22,8,16
S01013443,457,80,146,43,30,31,61,31,13,22,236,49,74,11,19,24,25,17,5,12,221,31,72,32,11,7,36,14,8,10
S01013444,703,106,166,74,58,55,108,69,38,29,340,67,72,20,33,30,33,41,24,20,363,39,94,54,25,25,75,28,14,9
S01013445,410,116,117,57,27,24,30,9,10,20,206,76,50,13,16,21,10,6,4,10,204,40,67,44,11,3,20,3,6,10
S01013446,508,41,82,94,33,44,90,81,16,27,251,27,41,24,23,31,32,51,8,14,257,14,41,70,10,13,58,30,8,13
S01013447,419,110,134,61,22,15,25,6,5,41,209,67,66,17,16,8,9,3,3,20,210,43,68,44,6,7,16,3,2,21
S01013448,577,132,186,90,35,29,46,21,11,27,284,91,88,27,20,18,10,9,4,17,293,41,98,63,15,11,36,12,7,10
S01013449,499,86,147,101,32,22,55,22,2,32,242,54,75,27,23,15,17,9,2,20,257,32,72,74,9,7,38,13,0,12
S01013450,451,77,138,84,20,27,41,28,6,30,223,51,55,34,10,16,17,20,4,16,228,26,83,50,10,11,24,8,2,14
S01013451,656,136,208,89,37,24,53,18,15,76,318,88,99,20,24,17,21,11,7,31,338,48,109,69,13,7,32,7,8,45
S01013452,576,117,183,80,37,26,48,23,8,54,293,73,103,16,18,25,16,14,5,23,283,44,80,64,19,1,32,9,3,31
S01013453,547,29,73,60,22,57,111,133,36,26,271,17,29,19,15,44,36,80,22,9,276,12,44,41,7,13,75,53,14,17
S01013454,572,84,151,78,53,52,66,59,11,18,286,54,63,12,35,42,22,45,5,8,286,30,88,66,18,10,44,14,6,10
S01013455,427,49,105,56,50,31,54,53,17,12,225,31,45,17,30,27,22,38,11,4,202,18,60,39,20,4,32,15,6,8
S01013456,591,45,105,73,37,62,102,106,24,37,285,22,46,20,26,46,28,64,14,19,306,23,59,53,11,16,74,42,10,18
S01013457,655,11,74,89,33,67,142,157,38,44,303,5,31,18,22,51,62,85,13,16,352,6,43,71,11,16,80,72,25,28
S01013458,564,43,109,87,37,51,96,96,16,29,291,25,53,17,28,39,41,64,8,16,273,18,56,70,9,12,55,32,8,13
S01013459,610,37,101,88,39,54,111,128,22,30,302,23,37,23,29,37,48,83,11,11,308,14,64,65,10,17,63,45,11,19
S01013460,597,25,94,96,33,49,112,138,28,22,282,18,39,19,24,40,40,75,17,10,315,7,55,77,9,9,72,63,11,12
S01013461,781,64,156,120,38,69,121,126,39,48,385,45,67,36,32,42,48,75,18,22,396,19,89,84,6,27,73,51,21,26
S01013462,657,63,159,103,38,61,92,95,11,35,321,40,63,32,28,44,25,67,6,16,336,23,96,71,10,17,67,28,5,19
S01013463,397,30,63,69,19,28,88,54,22,24,185,19,29,22,13,20,34,28,8,12,212,11,34,47,6,8,54,26,14,12
S01013464,536,39,131,85,34,51,80,67,13,36,248,22,56,19,22,35,34,39,7,14,288,17,75,66,12,16,46,28,6,22
S01013465,514,34,88,124,34,47,85,68,12,22,252,22,43,37,23,39,38,41,4,5,262,12,45,87,11,8,47,27,8,17
S01013466,376,31,58,18,32,13,31,21,11,161,159,16,25,7,23,12,11,10,6,49,217,15,33,11,9,1,20,11,5,112
S01013467,671,103,170,105,44,48,81,67,13,40,329,52,79,28,30,42,30,47,2,19,342,51,91,77,14,6,51,20,11,21
S01013468,481,41,101,79,42,29,82,56,25,26,232,26,48,24,31,21,24,31,15,12,249,15,53,55,11,8,58,25,10,14
S01013469,585,58,122,102,46,53,92,72,15,25,281,36,58,25,32,41,27,41,8,13,304,22,64,77,14,12,65,31,7,12
S01013470,550,16,69,60,31,58,134,124,29,29,273,10,24,10,18,40,54,79,21,17,277,6,45,50,13,18,80,45,8,12
S01013471,702,31,87,103,37,79,155,130,35,45,336,21,33,29,26,55,57,79,19,17,366,10,54,74,11,24,98,51,16,28
S01013472,445,68,110,78,40,33,42,31,13,30,224,39,54,26,24,26,14,21,7,13,221,29,56,52,16,7,28,10,6,17
S01013473,466,81,130,82,36,28,35,30,6,38,228,44,63,29,27,18,11,19,1,16,238,37,67,53,9,10,24,11,5,22
S01013474,443,50,120,86,32,21,52,45,12,25,211,31,60,22,22,19,20,26,3,8,232,19,60,64,10,2,32,19,9,17
S01013475,492,29,109,78,34,40,97,53,13,39,253,19,56,24,24,30,39,35,5,21,239,10,53,54,10,10,58,18,8,18
S01013476,496,38,86,100,31,43,90,63,16,29,245,30,35,23,26,32,37,34,10,18,251,8,51,77,5,11,53,29,6,11
S01013477,459,24,64,56,37,49,76,114,21,18,243,13,25,14,26,37,32,74,12,10,216,11,39,42,11,12,44,40,9,8
S01013478,643,46,139,97,39,52,100,87,38,45,331,31,64,30,33,41,29,56,25,22,312,15,75,67,6,11,71,31,13,23
S01013479,599,22,69,92,32,61,126,135,39,23,290,14,28,26,20,46,35,82,25,14,309,8,41,66,12,15,91,53,14,9
S01013480,494,16,50,66,26,61,120,111,20,24,231,6,21,10,23,45,40,68,10,8,263,10,29,56,3,16,80,43,10,16
S01013481,353,22,77,53,34,31,51,51,10,24,174,13,34,15,25,22,15,33,6,11,179,9,43,38,9,9,36,18,4,13
