,,All people aged 16 and over,Born in the UK,Born outside the UK
S92000003,All people aged 16 and over,4379072,4044246,334826
S92000003,Economically active: Total,2750136,2529567,220569
S92000003,Economically active: Employee: Total,2222098,2048093,174005
S92000003,Economically active: Employee: Part-time (1),628024,579609,48415
S92000003,Economically active: Employee: Full-time (1),1594074,1468484,125590
S92000003,Economically active: Self-employed: Total,305722,279015,26707
S92000003,Economically active: Self-employed: Part-time (1),81708,73356,8352
S92000003,Economically active: Self-employed: Full-time (1),224014,205659,18355
S92000003,Economically active: Unemployed (1),222316,202459,19857
S92000003,Economically inactive,1628936,1514679,114257
S01006506,All people aged 16 and over,749,675,74
S01006506,Economically active: Total,527,465,62
S01006506,Economically active: Employee: Total,427,384,43
S01006506,Economically active: Employee: Part-time (1),97,84,13
S01006506,Economically active: Employee: Full-time (1),330,300,30
S01006506,Economically active: Self-employed: Total,82,68,14
S01006506,Economically active: Self-employed: Part-time (1),24,19,5
S01006506,Economically active: Self-employed: Full-time (1),58,49,9
S01006506,Economically active: Unemployed (1),18,13,5
S01006506,Economically inactive,222,210,12
S01006507,All people aged 16 and over,696,637,59
S01006507,Economically active: Total,471,430,41
S01006507,Economically active: Employee: Total,406,372,34
S01006507,Economically active: Employee: Part-time (1),136,127,9
S01006507,Economically active: Employee: Full-time (1),270,245,25
S01006507,Economically active: Self-employed: Total,57,51,6
S01006507,Economically active: Self-employed: Part-time (1),17,14,3
S01006507,Economically active: Self-employed: Full-time (1),40,37,3
S01006507,Economically active: Unemployed (1),8,7,1
S01006507,Economically inactive,225,207,18
S01006508,All people aged 16 and over,552,501,51
S01006508,Economically active: Total,435,390,45
S01006508,Economically active: Employee: Total,377,340,37
S01006508,Economically active: Employee: Part-time (1),67,56,11
S01006508,Economically active: Employee: Full-time (1),310,284,26
S01006508,Economically active: Self-employed: Total,48,43,5
S01006508,Economically active: Self-employed: Part-time (1),11,9,2
S01006508,Economically active: Self-employed: Full-time (1),37,34,3
S01006508,Economically active: Unemployed (1),10,7,3
S01006508,Economically inactive,117,111,6
S01006509,All people aged 16 and over,479,448,31
S01006509,Economically active: Total,320,298,22
S01006509,Economically active: Employee: Total,270,253,17
S01006509,Economically active: Employee: Part-time (1),71,67,4
S01006509,Economically active: Employee: Full-time (1),199,186,13
S01006509,Economically active: Self-employed: Total,35,32,3
S01006509,Economically active: Self-employed: Part-time (1),12,10,2
S01006509,Economically active: Self-employed: Full-time (1),23,22,1
S01006509,Economically active: Unemployed (1),15,13,2
S01006509,Economically inactive,159,150,9
S01006510,All people aged 16 and over,549,520,29
S01006510,Economically active: Total,305,283,22
S01006510,Economically active: Employee: Total,258,242,16
S01006510,Economically active: Employee: Part-time (1),71,68,3
S01006510,Economically active: Employee: Full-time (1),187,174,13
S01006510,Economically active: Self-employed: Total,33,29,4
S01006510,Economically active: Self-employed: Part-time (1),13,10,3
S01006510,Economically active: Self-employed: Full-time (1),20,19,1
S01006510,Economically active: Unemployed (1),14,12,2
S01006510,Economically inactive,244,237,7
S01006511,All people aged 16 and over,633,587,46
S01006511,Economically active: Total,371,336,35
S01006511,Economically active: Employee: Total,308,281,27
S01006511,Economically active: Employee: Part-time (1),94,87,7
S01006511,Economically active: Employee: Full-time (1),214,194,20
S01006511,Economically active: Self-employed: Total,46,39,7
S01006511,Economically active: Self-employed: Part-time (1),11,9,2
S01006511,Economically active: Self-employed: Full-time (1),35,30,5
S01006511,Economically active: Unemployed (1),17,16,1
S01006511,Economically inactive,262,251,11
S01006512,All people aged 16 and over,360,313,47
S01006512,Economically active: Total,256,228,28
S01006512,Economically active: Employee: Total,198,177,21
S01006512,Economically active: Employee: Part-time (1),60,54,6
S01006512,Economically active: Employee: Full-time (1),138,123,15
S01006512,Economically active: Self-employed: Total,54,47,7
S01006512,Economically active: Self-employed: Part-time (1),15,13,2
S01006512,Economically active: Self-employed: Full-time (1),39,34,5
S01006512,Economically active: Unemployed (1),4,4,0
S01006512,Economically inactive,104,85,19
S01006513,All people aged 16 and over,529,477,52
S01006513,Economically active: Total,280,250,30
S01006513,Economically active: Employee: Total,241,214,27
S01006513,Economically active: Employee: Part-time (1),76,73,3
S01006513,Economically active: Employee: Full-time (1),165,141,24
S01006513,Economically active: Self-employed: Total,36,34,2
S01006513,Economically active: Self-employed: Part-time (1),15,14,1
S01006513,Economically active: Self-employed: Full-time (1),21,20,1
S01006513,Economically active: Unemployed (1),3,2,1
S01006513,Economically inactive,249,227,22
S01006514,All people aged 16 and over,809,644,165
S01006514,Economically active: Total,490,380,110
S01006514,Economically active: Employee: Total,395,302,93
S01006514,Economically active: Employee: Part-time (1),115,94,21
S01006514,Economically active: Employee: Full-time (1),280,208,72
S01006514,Economically active: Self-employed: Total,85,71,14
S01006514,Economically active: Self-employed: Part-time (1),18,16,2
S01006514,Economically active: Self-employed: Full-time (1),67,55,12
S01006514,Economically active: Unemployed (1),10,7,3
S01006514,Economically inactive,319,264,55
S01006515,All people aged 16 and over,569,484,85
S01006515,Economically active: Total,378,324,54
S01006515,Economically active: Employee: Total,306,259,47
S01006515,Economically active: Employee: Part-time (1),95,85,10
S01006515,Economically active: Employee: Full-time (1),211,174,37
S01006515,Economically active: Self-employed: Total,66,59,7
S01006515,Economically active: Self-employed: Part-time (1),24,22,2
S01006515,Economically active: Self-employed: Full-time (1),42,37,5
S01006515,Economically active: Unemployed (1),6,6,0
S01006515,Economically inactive,191,160,31
S01006516,All people aged 16 and over,452,346,106
S01006516,Economically active: Total,280,206,74
S01006516,Economically active: Employee: Total,187,149,38
S01006516,Economically active: Employee: Part-time (1),41,35,6
S01006516,Economically active: Employee: Full-time (1),146,114,32
S01006516,Economically active: Self-employed: Total,90,54,36
S01006516,Economically active: Self-employed: Part-time (1),20,13,7
S01006516,Economically active: Self-employed: Full-time (1),70,41,29
S01006516,Economically active: Unemployed (1),3,3,0
S01006516,Economically inactive,172,140,32
S01006517,All people aged 16 and over,808,716,92
S01006517,Economically active: Total,532,470,62
S01006517,Economically active: Employee: Total,433,380,53
S01006517,Economically active: Employee: Part-time (1),139,127,12
S01006517,Economically active: Employee: Full-time (1),294,253,41
S01006517,Economically active: Self-employed: Total,85,77,8
S01006517,Economically active: Self-employed: Part-time (1),25,23,2
S01006517,Economically active: Self-employed: Full-time (1),60,54,6
S01006517,Economically active: Unemployed (1),14,13,1
S01006517,Economically inactive,276,246,30
S01006518,All people aged 16 and over,514,447,67
S01006518,Economically active: Total,317,270,47
S01006518,Economically active: Employee: Total,249,216,33
S01006518,Economically active: Employee: Part-time (1),78,68,10
S01006518,Economically active: Employee: Full-time (1),171,148,23
S01006518,Economically active: Self-employed: Total,58,45,13
S01006518,Economically active: Self-employed: Part-time (1),15,11,4
S01006518,Economically active: Self-employed: Full-time (1),43,34,9
S01006518,Economically active: Unemployed (1),10,9,1
S01006518,Economically inactive,197,177,20
S01006519,All people aged 16 and over,675,556,119
S01006519,Economically active: Total,438,351,87
S01006519,Economically active: Employee: Total,348,277,71
S01006519,Economically active: Employee: Part-time (1),123,104,19
S01006519,Economically active: Employee: Full-time (1),225,173,52
S01006519,Economically active: Self-employed: Total,82,68,14
S01006519,Economically active: Self-employed: Part-time (1),20,17,3
S01006519,Economically active: Self-employed: Full-time (1),62,51,11
S01006519,Economically active: Unemployed (1),8,6,2
S01006519,Economically inactive,237,205,32
S01006520,All people aged 16 and over,505,379,126
S01006520,Economically active: Total,351,274,77
S01006520,Economically active: Employee: Total,294,220,74
S01006520,Economically active: Employee: Part-time (1),92,70,22
S01006520,Economically active: Employee: Full-time (1),202,150,52
S01006520,Economically active: Self-employed: Total,50,47,3
S01006520,Economically active: Self-employed: Part-time (1),16,15,1
S01006520,Economically active: Self-employed: Full-time (1),34,32,2
S01006520,Economically active: Unemployed (1),7,7,0
S01006520,Economically inactive,154,105,49
S01006521,All people aged 16 and over,513,423,90
S01006521,Economically active: Total,349,290,59
S01006521,Economically active: Employee: Total,265,219,46
S01006521,Economically active: Employee: Part-time (1),57,51,6
S01006521,Economically active: Employee: Full-time (1),208,168,40
S01006521,Economically active: Self-employed: Total,73,62,11
S01006521,Economically active: Self-employed: Part-time (1),23,19,4
S01006521,Economically active: Self-employed: Full-time (1),50,43,7
S01006521,Economically active: Unemployed (1),11,9,2
S01006521,Economically inactive,164,133,31
S01006522,All people aged 16 and over,438,385,53
S01006522,Economically active: Total,304,266,38
S01006522,Economically active: Employee: Total,250,216,34
S01006522,Economically active: Employee: Part-time (1),75,64,11
S01006522,Economically active: Employee: Full-time (1),175,152,23
S01006522,Economically active: Self-employed: Total,45,42,3
S01006522,Economically active: Self-employed: Part-time (1),16,14,2
S01006522,Economically active: Self-employed: Full-time (1),29,28,1
S01006522,Economically active: Unemployed (1),9,8,1
S01006522,Economically inactive,134,119,15
S01006523,All people aged 16 and over,766,663,103
S01006523,Economically active: Total,471,407,64
S01006523,Economically active: Employee: Total,404,343,61
S01006523,Economically active: Employee: Part-time (1),96,84,12
S01006523,Economically active: Employee: Full-time (1),308,259,49
S01006523,Economically active: Self-employed: Total,53,51,2
S01006523,Economically active: Self-employed: Part-time (1),17,16,1
S01006523,Economically active: Self-employed: Full-time (1),36,35,1
S01006523,Economically active: Unemployed (1),14,13,1
S01006523,Economically inactive,295,256,39
S01006524,All people aged 16 and over,772,621,151
S01006524,Economically active: Total,400,283,117
S01006524,Economically active: Employee: Total,292,216,76
S01006524,Economically active: Employee: Part-time (1),76,62,14
S01006524,Economically active: Employee: Full-time (1),216,154,62
S01006524,Economically active: Self-employed: Total,90,56,34
S01006524,Economically active: Self-employed: Part-time (1),22,16,6
S01006524,Economically active: Self-employed: Full-time (1),68,40,28
S01006524,Economically active: Unemployed (1),18,11,7
S01006524,Economically inactive,372,338,34
S01006525,All people aged 16 and over,650,539,111
S01006525,Economically active: Total,389,311,78
S01006525,Economically active: Employee: Total,314,251,63
S01006525,Economically active: Employee: Part-time (1),84,70,14
S01006525,Economically active: Employee: Full-time (1),230,181,49
S01006525,Economically active: Self-employed: Total,62,50,12
S01006525,Economically active: Self-employed: Part-time (1),20,16,4
S01006525,Economically active: Self-employed: Full-time (1),42,34,8
S01006525,Economically active: Unemployed (1),13,10,3
S01006525,Economically inactive,261,228,33
S01006526,All people aged 16 and over,784,680,104
S01006526,Economically active: Total,488,400,88
S01006526,Economically active: Employee: Total,416,343,73
S01006526,Economically active: Employee: Part-time (1),138,111,27
S01006526,Economically active: Employee: Full-time (1),278,232,46
S01006526,Economically active: Self-employed: Total,26,20,6
S01006526,Economically active: Self-employed: Part-time (1),6,3,3
S01006526,Economically active: Self-employed: Full-time (1),20,17,3
S01006526,Economically active: Unemployed (1),46,37,9
S01006526,Economically inactive,296,280,16
S01006527,All people aged 16 and over,559,496,63
S01006527,Economically active: Total,346,308,38
S01006527,Economically active: Employee: Total,295,267,28
S01006527,Economically active: Employee: Part-time (1),93,85,8
S01006527,Economically active: Employee: Full-time (1),202,182,20
S01006527,Economically active: Self-employed: Total,24,22,2
S01006527,Economically active: Self-employed: Part-time (1),6,6,0
S01006527,Economically active: Self-employed: Full-time (1),18,16,2
S01006527,Economically active: Unemployed (1),27,19,8
S01006527,Economically inactive,213,188,25
S01006528,All people aged 16 and over,876,675,201
S01006528,Economically active: Total,535,413,122
S01006528,Economically active: Employee: Total,470,368,102
S01006528,Economically active: Employee: Part-time (1),184,144,40
S01006528,Economically active: Employee: Full-time (1),286,224,62
S01006528,Economically active: Self-employed: Total,20,16,4
S01006528,Economically active: Self-employed: Part-time (1),8,6,2
S01006528,Economically active: Self-employed: Full-time (1),12,10,2
S01006528,Economically active: Unemployed (1),45,29,16
S01006528,Economically inactive,341,262,79
S01006529,All people aged 16 and over,790,630,160
S01006529,Economically active: Total,511,402,109
S01006529,Economically active: Employee: Total,438,346,92
S01006529,Economically active: Employee: Part-time (1),106,84,22
S01006529,Economically active: Employee: Full-time (1),332,262,70
S01006529,Economically active: Self-employed: Total,34,30,4
S01006529,Economically active: Self-employed: Part-time (1),6,6,0
S01006529,Economically active: Self-employed: Full-time (1),28,24,4
S01006529,Economically active: Unemployed (1),39,26,13
S01006529,Economically inactive,279,228,51
S01006530,All people aged 16 and over,671,596,75
S01006530,Economically active: Total,433,381,52
S01006530,Economically active: Employee: Total,366,329,37
S01006530,Economically active: Employee: Part-time (1),115,106,9
S01006530,Economically active: Employee: Full-time (1),251,223,28
S01006530,Economically active: Self-employed: Total,31,26,5
S01006530,Economically active: Self-employed: Part-time (1),11,9,2
S01006530,Economically active: Self-employed: Full-time (1),20,17,3
S01006530,Economically active: Unemployed (1),36,26,10
S01006530,Economically inactive,238,215,23
S01006531,All people aged 16 and over,811,688,123
S01006531,Economically active: Total,484,401,83
S01006531,Economically active: Employee: Total,416,342,74
S01006531,Economically active: Employee: Part-time (1),145,120,25
S01006531,Economically active: Employee: Full-time (1),271,222,49
S01006531,Economically active: Self-employed: Total,21,16,5
S01006531,Economically active: Self-employed: Part-time (1),6,6,0
S01006531,Economically active: Self-employed: Full-time (1),15,10,5
S01006531,Economically active: Unemployed (1),47,43,4
S01006531,Economically inactive,327,287,40
S01006532,All people aged 16 and over,644,579,65
S01006532,Economically active: Total,374,325,49
S01006532,Economically active: Employee: Total,316,275,41
S01006532,Economically active: Employee: Part-time (1),82,76,6
S01006532,Economically active: Employee: Full-time (1),234,199,35
S01006532,Economically active: Self-employed: Total,42,38,4
S01006532,Economically active: Self-employed: Part-time (1),7,7,0
S01006532,Economically active: Self-employed: Full-time (1),35,31,4
S01006532,Economically active: Unemployed (1),16,12,4
S01006532,Economically inactive,270,254,16
S01006533,All people aged 16 and over,594,524,70
S01006533,Economically active: Total,411,358,53
S01006533,Economically active: Employee: Total,344,299,45
S01006533,Economically active: Employee: Part-time (1),86,73,13
S01006533,Economically active: Employee: Full-time (1),258,226,32
S01006533,Economically active: Self-employed: Total,59,54,5
S01006533,Economically active: Self-employed: Part-time (1),12,12,0
S01006533,Economically active: Self-employed: Full-time (1),47,42,5
S01006533,Economically active: Unemployed (1),8,5,3
S01006533,Economically inactive,183,166,17
S01006534,All people aged 16 and over,729,639,90
S01006534,Economically active: Total,504,440,64
S01006534,Economically active: Employee: Total,434,378,56
S01006534,Economically active: Employee: Part-time (1),86,78,8
S01006534,Economically active: Employee: Full-time (1),348,300,48
S01006534,Economically active: Self-employed: Total,62,55,7
S01006534,Economically active: Self-employed: Part-time (1),19,18,1
S01006534,Economically active: Self-employed: Full-time (1),43,37,6
S01006534,Economically active: Unemployed (1),8,7,1
S01006534,Economically inactive,225,199,26
S01006535,All people aged 16 and over,912,754,158
S01006535,Economically active: Total,718,599,119
S01006535,Economically active: Employee: Total,612,516,96
S01006535,Economically active: Employee: Part-time (1),111,86,25
S01006535,Economically active: Employee: Full-time (1),501,430,71
S01006535,Economically active: Self-employed: Total,67,57,10
S01006535,Economically active: Self-employed: Part-time (1),13,10,3
S01006535,Economically active: Self-employed: Full-time (1),54,47,7
S01006535,Economically active: Unemployed (1),39,26,13
S01006535,Economically inactive,194,155,39
S01006536,All people aged 16 and over,920,735,185
S01006536,Economically active: Total,760,598,162
S01006536,Economically active: Employee: Total,678,536,142
S01006536,Economically active: Employee: Part-time (1),121,100,21
S01006536,Economically active: Employee: Full-time (1),557,436,121
S01006536,Economically active: Self-employed: Total,55,47,8
S01006536,Economically active: Self-employed: Part-time (1),6,5,1
S01006536,Economically active: Self-employed: Full-time (1),49,42,7
S01006536,Economically active: Unemployed (1),27,15,12
S01006536,Economically inactive,160,137,23
S01006537,All people aged 16 and over,638,593,45
S01006537,Economically active: Total,369,342,27
S01006537,Economically active: Employee: Total,314,290,24
S01006537,Economically active: Employee: Part-time (1),99,93,6
S01006537,Economically active: Employee: Full-time (1),215,197,18
S01006537,Economically active: Self-employed: Total,48,46,2
S01006537,Economically active: Self-employed: Part-time (1),13,12,1
S01006537,Economically active: Self-employed: Full-time (1),35,34,1
S01006537,Economically active: Unemployed (1),7,6,1
S01006537,Economically inactive,269,251,18
S01006538,All people aged 16 and over,480,448,32
S01006538,Economically active: Total,304,280,24
S01006538,Economically active: Employee: Total,252,238,14
S01006538,Economically active: Employee: Part-time (1),69,65,4
S01006538,Economically active: Employee: Full-time (1),183,173,10
S01006538,Economically active: Self-employed: Total,42,33,9
S01006538,Economically active: Self-employed: Part-time (1),12,12,0
S01006538,Economically active: Self-employed: Full-time (1),30,21,9
S01006538,Economically active: Unemployed (1),10,9,1
S01006538,Economically inactive,176,168,8
S01006539,All people aged 16 and over,626,574,52
S01006539,Economically active: Total,378,341,37
S01006539,Economically active: Employee: Total,333,300,33
S01006539,Economically active: Employee: Part-time (1),101,89,12
S01006539,Economically active: Employee: Full-time (1),232,211,21
S01006539,Economically active: Self-employed: Total,39,36,3
S01006539,Economically active: Self-employed: Part-time (1),11,10,1
S01006539,Economically active: Self-employed: Full-time (1),28,26,2
S01006539,Economically active: Unemployed (1),6,5,1
S01006539,Economically inactive,248,233,15
S01006540,All people aged 16 and over,825,717,108
S01006540,Economically active: Total,555,471,84
S01006540,Economically active: Employee: Total,494,420,74
S01006540,Economically active: Employee: Part-time (1),114,95,19
S01006540,Economically active: Employee: Full-time (1),380,325,55
S01006540,Economically active: Self-employed: Total,46,42,4
S01006540,Economically active: Self-employed: Part-time (1),13,11,2
S01006540,Economically active: Self-employed: Full-time (1),33,31,2
S01006540,Economically active: Unemployed (1),15,9,6
S01006540,Economically inactive,270,246,24
S01006541,All people aged 16 and over,680,630,50
S01006541,Economically active: Total,377,344,33
S01006541,Economically active: Employee: Total,326,296,30
S01006541,Economically active: Employee: Part-time (1),80,74,6
S01006541,Economically active: Employee: Full-time (1),246,222,24
S01006541,Economically active: Self-employed: Total,42,41,1
S01006541,Economically active: Self-employed: Part-time (1),17,17,0
S01006541,Economically active: Self-employed: Full-time (1),25,24,1
S01006541,Economically active: Unemployed (1),9,7,2
S01006541,Economically inactive,303,286,17
S01006542,All people aged 16 and over,874,751,123
S01006542,Economically active: Total,481,402,79
S01006542,Economically active: Employee: Total,420,348,72
S01006542,Economically active: Employee: Part-time (1),94,85,9
S01006542,Economically active: Employee: Full-time (1),326,263,63
S01006542,Economically active: Self-employed: Total,53,47,6
S01006542,Economically active: Self-employed: Part-time (1),16,16,0
S01006542,Economically active: Self-employed: Full-time (1),37,31,6
S01006542,Economically active: Unemployed (1),8,7,1
S01006542,Economically inactive,393,349,44
S01006543,All people aged 16 and over,678,635,43
S01006543,Economically active: Total,386,352,34
S01006543,Economically active: Employee: Total,329,301,28
S01006543,Economically active: Employee: Part-time (1),84,76,8
S01006543,Economically active: Employee: Full-time (1),245,225,20
S01006543,Economically active: Self-employed: Total,45,41,4
S01006543,Economically active: Self-employed: Part-time (1),10,9,1
S01006543,Economically active: Self-employed: Full-time (1),35,32,3
S01006543,Economically active: Unemployed (1),12,10,2
S01006543,Economically inactive,292,283,9
S01006544,All people aged 16 and over,930,741,189
S01006544,Economically active: Total,663,523,140
S01006544,Economically active: Employee: Total,543,425,118
S01006544,Economically active: Employee: Part-time (1),97,85,12
S01006544,Economically active: Employee: Full-time (1),446,340,106
S01006544,Economically active: Self-employed: Total,102,87,15
S01006544,Economically active: Self-employed: Part-time (1),16,13,3
S01006544,Economically active: Self-employed: Full-time (1),86,74,12
S01006544,Economically active: Unemployed (1),18,11,7
S01006544,Economically inactive,267,218,49
S01006545,All people aged 16 and over,935,797,138
S01006545,Economically active: Total,582,480,102
S01006545,Economically active: Employee: Total,478,393,85
S01006545,Economically active: Employee: Part-time (1),97,82,15
S01006545,Economically active: Employee: Full-time (1),381,311,70
S01006545,Economically active: Self-employed: Total,85,75,10
S01006545,Economically active: Self-employed: Part-time (1),21,17,4
S01006545,Economically active: Self-employed: Full-time (1),64,58,6
S01006545,Economically active: Unemployed (1),19,12,7
S01006545,Economically inactive,353,317,36
S01006546,All people aged 16 and over,526,501,25
S01006546,Economically active: Total,325,306,19
S01006546,Economically active: Employee: Total,277,261,16
S01006546,Economically active: Employee: Part-time (1),75,70,5
S01006546,Economically active: Employee: Full-time (1),202,191,11
S01006546,Economically active: Self-employed: Total,41,38,3
S01006546,Economically active: Self-employed: Part-time (1),10,9,1
S01006546,Economically active: Self-employed: Full-time (1),31,29,2
S01006546,Economically active: Unemployed (1),7,7,0
S01006546,Economically inactive,201,195,6
S01006547,All people aged 16 and over,769,683,86
S01006547,Economically active: Total,443,380,63
S01006547,Economically active: Employee: Total,374,317,57
S01006547,Economically active: Employee: Part-time (1),97,87,10
S01006547,Economically active: Employee: Full-time (1),277,230,47
S01006547,Economically active: Self-employed: Total,44,41,3
S01006547,Economically active: Self-employed: Part-time (1),14,13,1
S01006547,Economically active: Self-employed: Full-time (1),30,28,2
S01006547,Economically active: Unemployed (1),25,22,3
S01006547,Economically inactive,326,303,23
S01006548,All people aged 16 and over,618,582,36
S01006548,Economically active: Total,349,323,26
S01006548,Economically active: Employee: Total,300,278,22
S01006548,Economically active: Employee: Part-time (1),92,87,5
S01006548,Economically active: Employee: Full-time (1),208,191,17
S01006548,Economically active: Self-employed: Total,42,38,4
S01006548,Economically active: Self-employed: Part-time (1),9,9,0
S01006548,Economically active: Self-employed: Full-time (1),33,29,4
S01006548,Economically active: Unemployed (1),7,7,0
S01006548,Economically inactive,269,259,10
S01006549,All people aged 16 and over,699,624,75
S01006549,Economically active: Total,417,368,49
S01006549,Economically active: Employee: Total,337,302,35
S01006549,Economically active: Employee: Part-time (1),95,87,8
S01006549,Economically active: Employee: Full-time (1),242,215,27
S01006549,Economically active: Self-employed: Total,62,54,8
S01006549,Economically active: Self-employed: Part-time (1),12,8,4
S01006549,Economically active: Self-employed: Full-time (1),50,46,4
S01006549,Economically active: Unemployed (1),18,12,6
S01006549,Economically inactive,282,256,26
S01006550,All people aged 16 and over,821,757,64
S01006550,Economically active: Total,445,408,37
S01006550,Economically active: Employee: Total,382,350,32
S01006550,Economically active: Employee: Part-time (1),112,103,9
S01006550,Economically active: Employee: Full-time (1),270,247,23
S01006550,Economically active: Self-employed: Total,52,48,4
S01006550,Economically active: Self-employed: Part-time (1),16,15,1
S01006550,Economically active: Self-employed: Full-time (1),36,33,3
S01006550,Economically active: Unemployed (1),11,10,1
S01006550,Economically inactive,376,349,27
S01006551,All people aged 16 and over,591,511,80
S01006551,Economically active: Total,337,280,57
S01006551,Economically active: Employee: Total,273,226,47
S01006551,Economically active: Employee: Part-time (1),74,70,4
S01006551,Economically active: Employee: Full-time (1),199,156,43
S01006551,Economically active: Self-employed: Total,46,39,7
S01006551,Economically active: Self-employed: Part-time (1),11,11,0
S01006551,Economically active: Self-employed: Full-time (1),35,28,7
S01006551,Economically active: Unemployed (1),18,15,3
S01006551,Economically inactive,254,231,23
S01006552,All people aged 16 and over,753,668,85
S01006552,Economically active: Total,540,474,66
S01006552,Economically active: Employee: Total,458,402,56
S01006552,Economically active: Employee: Part-time (1),114,105,9
S01006552,Economically active: Employee: Full-time (1),344,297,47
S01006552,Economically active: Self-employed: Total,66,60,6
S01006552,Economically active: Self-employed: Part-time (1),8,7,1
S01006552,Economically active: Self-employed: Full-time (1),58,53,5
S01006552,Economically active: Unemployed (1),16,12,4
S01006552,Economically inactive,213,194,19
S01006553,All people aged 16 and over,726,673,53
S01006553,Economically active: Total,369,334,35
S01006553,Economically active: Employee: Total,304,273,31
S01006553,Economically active: Employee: Part-time (1),83,82,1
S01006553,Economically active: Employee: Full-time (1),221,191,30
S01006553,Economically active: Self-employed: Total,46,44,2
S01006553,Economically active: Self-employed: Part-time (1),8,7,1
S01006553,Economically active: Self-employed: Full-time (1),38,37,1
S01006553,Economically active: Unemployed (1),19,17,2
S01006553,Economically inactive,357,339,18
S01006554,All people aged 16 and over,615,550,65
S01006554,Economically active: Total,403,347,56
S01006554,Economically active: Employee: Total,344,291,53
S01006554,Economically active: Employee: Part-time (1),66,57,9
S01006554,Economically active: Employee: Full-time (1),278,234,44
S01006554,Economically active: Self-employed: Total,33,32,1
S01006554,Economically active: Self-employed: Part-time (1),8,7,1
S01006554,Economically active: Self-employed: Full-time (1),25,25,0
S01006554,Economically active: Unemployed (1),26,24,2
S01006554,Economically inactive,212,203,9
S01006555,All people aged 16 and over,656,513,143
S01006555,Economically active: Total,475,351,124
S01006555,Economically active: Employee: Total,429,311,118
S01006555,Economically active: Employee: Part-time (1),96,79,17
S01006555,Economically active: Employee: Full-time (1),333,232,101
S01006555,Economically active: Self-employed: Total,27,23,4
S01006555,Economically active: Self-employed: Part-time (1),5,3,2
S01006555,Economically active: Self-employed: Full-time (1),22,20,2
S01006555,Economically active: Unemployed (1),19,17,2
S01006555,Economically inactive,181,162,19
S01006556,All people aged 16 and over,707,643,64
S01006556,Economically active: Total,413,360,53
S01006556,Economically active: Employee: Total,351,303,48
S01006556,Economically active: Employee: Part-time (1),88,76,12
S01006556,Economically active: Employee: Full-time (1),263,227,36
S01006556,Economically active: Self-employed: Total,37,33,4
S01006556,Economically active: Self-employed: Part-time (1),11,10,1
S01006556,Economically active: Self-employed: Full-time (1),26,23,3
S01006556,Economically active: Unemployed (1),25,24,1
S01006556,Economically inactive,294,283,11
S01006557,All people aged 16 and over,581,522,59
S01006557,Economically active: Total,385,343,42
S01006557,Economically active: Employee: Total,337,298,39
S01006557,Economically active: Employee: Part-time (1),104,90,14
S01006557,Economically active: Employee: Full-time (1),233,208,25
S01006557,Economically active: Self-employed: Total,23,21,2
S01006557,Economically active: Self-employed: Part-time (1),8,6,2
S01006557,Economically active: Self-employed: Full-time (1),15,15,0
S01006557,Economically active: Unemployed (1),25,24,1
S01006557,Economically inactive,196,179,17
S01006558,All people aged 16 and over,563,474,89
S01006558,Economically active: Total,414,336,78
S01006558,Economically active: Employee: Total,377,308,69
S01006558,Economically active: Employee: Part-time (1),55,44,11
S01006558,Economically active: Employee: Full-time (1),322,264,58
S01006558,Economically active: Self-employed: Total,34,27,7
S01006558,Economically active: Self-employed: Part-time (1),8,6,2
S01006558,Economically active: Self-employed: Full-time (1),26,21,5
S01006558,Economically active: Unemployed (1),3,1,2
S01006558,Economically inactive,149,138,11
S01006559,All people aged 16 and over,513,401,112
S01006559,Economically active: Total,337,276,61
S01006559,Economically active: Employee: Total,278,224,54
S01006559,Economically active: Employee: Part-time (1),55,46,9
S01006559,Economically active: Employee: Full-time (1),223,178,45
S01006559,Economically active: Self-employed: Total,48,44,4
S01006559,Economically active: Self-employed: Part-time (1),16,15,1
S01006559,Economically active: Self-employed: Full-time (1),32,29,3
S01006559,Economically active: Unemployed (1),11,8,3
S01006559,Economically inactive,176,125,51
S01006560,All people aged 16 and over,847,736,111
S01006560,Economically active: Total,534,444,90
S01006560,Economically active: Employee: Total,442,373,69
S01006560,Economically active: Employee: Part-time (1),110,97,13
S01006560,Economically active: Employee: Full-time (1),332,276,56
S01006560,Economically active: Self-employed: Total,76,59,17
S01006560,Economically active: Self-employed: Part-time (1),17,11,6
S01006560,Economically active: Self-employed: Full-time (1),59,48,11
S01006560,Economically active: Unemployed (1),16,12,4
S01006560,Economically inactive,313,292,21
S01006561,All people aged 16 and over,615,551,64
S01006561,Economically active: Total,413,370,43
S01006561,Economically active: Employee: Total,346,308,38
S01006561,Economically active: Employee: Part-time (1),96,84,12
S01006561,Economically active: Employee: Full-time (1),250,224,26
S01006561,Economically active: Self-employed: Total,54,51,3
S01006561,Economically active: Self-employed: Part-time (1),11,9,2
S01006561,Economically active: Self-employed: Full-time (1),43,42,1
S01006561,Economically active: Unemployed (1),13,11,2
S01006561,Economically inactive,202,181,21
S01006562,All people aged 16 and over,608,549,59
S01006562,Economically active: Total,367,326,41
S01006562,Economically active: Employee: Total,305,270,35
S01006562,Economically active: Employee: Part-time (1),96,89,7
S01006562,Economically active: Employee: Full-time (1),209,181,28
S01006562,Economically active: Self-employed: Total,50,45,5
S01006562,Economically active: Self-employed: Part-time (1),15,14,1
S01006562,Economically active: Self-employed: Full-time (1),35,31,4
S01006562,Economically active: Unemployed (1),12,11,1
S01006562,Economically inactive,241,223,18
S01006563,All people aged 16 and over,671,550,121
S01006563,Economically active: Total,432,340,92
S01006563,Economically active: Employee: Total,372,289,83
S01006563,Economically active: Employee: Part-time (1),91,73,18
S01006563,Economically active: Employee: Full-time (1),281,216,65
S01006563,Economically active: Self-employed: Total,40,34,6
S01006563,Economically active: Self-employed: Part-time (1),8,8,0
S01006563,Economically active: Self-employed: Full-time (1),32,26,6
S01006563,Economically active: Unemployed (1),20,17,3
S01006563,Economically inactive,239,210,29
S01006564,All people aged 16 and over,891,689,202
S01006564,Economically active: Total,623,472,151
S01006564,Economically active: Employee: Total,547,423,124
S01006564,Economically active: Employee: Part-time (1),126,86,40
S01006564,Economically active: Employee: Full-time (1),421,337,84
S01006564,Economically active: Self-employed: Total,39,26,13
S01006564,Economically active: Self-employed: Part-time (1),5,3,2
S01006564,Economically active: Self-employed: Full-time (1),34,23,11
S01006564,Economically active: Unemployed (1),37,23,14
S01006564,Economically inactive,268,217,51
S01006565,All people aged 16 and over,953,652,301
S01006565,Economically active: Total,659,476,183
S01006565,Economically active: Employee: Total,577,414,163
S01006565,Economically active: Employee: Part-time (1),132,91,41
S01006565,Economically active: Employee: Full-time (1),445,323,122
S01006565,Economically active: Self-employed: Total,34,27,7
S01006565,Economically active: Self-employed: Part-time (1),4,3,1
S01006565,Economically active: Self-employed: Full-time (1),30,24,6
S01006565,Economically active: Unemployed (1),48,35,13
S01006565,Economically inactive,294,176,118
S01006566,All people aged 16 and over,684,529,155
S01006566,Economically active: Total,505,390,115
S01006566,Economically active: Employee: Total,452,344,108
S01006566,Economically active: Employee: Part-time (1),75,61,14
S01006566,Economically active: Employee: Full-time (1),377,283,94
S01006566,Economically active: Self-employed: Total,33,31,2
S01006566,Economically active: Self-employed: Part-time (1),12,12,0
S01006566,Economically active: Self-employed: Full-time (1),21,19,2
S01006566,Economically active: Unemployed (1),20,15,5
S01006566,Economically inactive,179,139,40
S01006567,All people aged 16 and over,789,612,177
S01006567,Economically active: Total,548,421,127
S01006567,Economically active: Employee: Total,478,366,112
S01006567,Economically active: Employee: Part-time (1),117,84,33
S01006567,Economically active: Employee: Full-time (1),361,282,79
S01006567,Economically active: Self-employed: Total,22,17,5
S01006567,Economically active: Self-employed: Part-time (1),11,8,3
S01006567,Economically active: Self-employed: Full-time (1),11,9,2
S01006567,Economically active: Unemployed (1),48,38,10
S01006567,Economically inactive,241,191,50
S01006568,All people aged 16 and over,876,634,242
S01006568,Economically active: Total,739,544,195
S01006568,Economically active: Employee: Total,665,492,173
S01006568,Economically active: Employee: Part-time (1),108,64,44
S01006568,Economically active: Employee: Full-time (1),557,428,129
S01006568,Economically active: Self-employed: Total,41,32,9
S01006568,Economically active: Self-employed: Part-time (1),15,14,1
S01006568,Economically active: Self-employed: Full-time (1),26,18,8
S01006568,Economically active: Unemployed (1),33,20,13
S01006568,Economically inactive,137,90,47
S01006569,All people aged 16 and over,495,348,147
S01006569,Economically active: Total,367,254,113
S01006569,Economically active: Employee: Total,322,219,103
S01006569,Economically active: Employee: Part-time (1),61,48,13
S01006569,Economically active: Employee: Full-time (1),261,171,90
S01006569,Economically active: Self-employed: Total,29,24,5
S01006569,Economically active: Self-employed: Part-time (1),8,7,1
S01006569,Economically active: Self-employed: Full-time (1),21,17,4
S01006569,Economically active: Unemployed (1),16,11,5
S01006569,Economically inactive,128,94,34
S01006570,All people aged 16 and over,657,518,139
S01006570,Economically active: Total,464,358,106
S01006570,Economically active: Employee: Total,389,293,96
S01006570,Economically active: Employee: Part-time (1),69,50,19
S01006570,Economically active: Employee: Full-time (1),320,243,77
S01006570,Economically active: Self-employed: Total,56,52,4
S01006570,Economically active: Self-employed: Part-time (1),15,13,2
S01006570,Economically active: Self-employed: Full-time (1),41,39,2
S01006570,Economically active: Unemployed (1),19,13,6
S01006570,Economically inactive,193,160,33
S01006571,All people aged 16 and over,748,632,116
S01006571,Economically active: Total,554,472,82
S01006571,Economically active: Employee: Total,472,398,74
S01006571,Economically active: Employee: Part-time (1),106,91,15
S01006571,Economically active: Employee: Full-time (1),366,307,59
S01006571,Economically active: Self-employed: Total,62,59,3
S01006571,Economically active: Self-employed: Part-time (1),12,12,0
S01006571,Economically active: Self-employed: Full-time (1),50,47,3
S01006571,Economically active: Unemployed (1),20,15,5
S01006571,Economically inactive,194,160,34
S01006572,All people aged 16 and over,718,600,118
S01006572,Economically active: Total,470,389,81
S01006572,Economically active: Employee: Total,379,306,73
S01006572,Economically active: Employee: Part-time (1),106,88,18
S01006572,Economically active: Employee: Full-time (1),273,218,55
S01006572,Economically active: Self-employed: Total,80,73,7
S01006572,Economically active: Self-employed: Part-time (1),24,21,3
S01006572,Economically active: Self-employed: Full-time (1),56,52,4
S01006572,Economically active: Unemployed (1),11,10,1
S01006572,Economically inactive,248,211,37
S01006573,All people aged 16 and over,566,474,92
S01006573,Economically active: Total,406,335,71
S01006573,Economically active: Employee: Total,335,273,62
S01006573,Economically active: Employee: Part-time (1),88,74,14
S01006573,Economically active: Employee: Full-time (1),247,199,48
S01006573,Economically active: Self-employed: Total,58,53,5
S01006573,Economically active: Self-employed: Part-time (1),12,10,2
S01006573,Economically active: Self-employed: Full-time (1),46,43,3
S01006573,Economically active: Unemployed (1),13,9,4
S01006573,Economically inactive,160,139,21
S01006574,All people aged 16 and over,809,658,151
S01006574,Economically active: Total,537,433,104
S01006574,Economically active: Employee: Total,435,342,93
S01006574,Economically active: Employee: Part-time (1),81,73,8
S01006574,Economically active: Employee: Full-time (1),354,269,85
S01006574,Economically active: Self-employed: Total,80,72,8
S01006574,Economically active: Self-employed: Part-time (1),24,21,3
S01006574,Economically active: Self-employed: Full-time (1),56,51,5
S01006574,Economically active: Unemployed (1),22,19,3
S01006574,Economically inactive,272,225,47
S01006575,All people aged 16 and over,768,647,121
S01006575,Economically active: Total,564,468,96
S01006575,Economically active: Employee: Total,453,379,74
S01006575,Economically active: Employee: Part-time (1),82,63,19
S01006575,Economically active: Employee: Full-time (1),371,316,55
S01006575,Economically active: Self-employed: Total,80,66,14
S01006575,Economically active: Self-employed: Part-time (1),16,13,3
S01006575,Economically active: Self-employed: Full-time (1),64,53,11
S01006575,Economically active: Unemployed (1),31,23,8
S01006575,Economically inactive,204,179,25
S01006576,All people aged 16 and over,577,455,122
S01006576,Economically active: Total,451,350,101
S01006576,Economically active: Employee: Total,377,293,84
S01006576,Economically active: Employee: Part-time (1),84,67,17
S01006576,Economically active: Employee: Full-time (1),293,226,67
S01006576,Economically active: Self-employed: Total,58,44,14
S01006576,Economically active: Self-employed: Part-time (1),11,9,2
S01006576,Economically active: Self-employed: Full-time (1),47,35,12
S01006576,Economically active: Unemployed (1),16,13,3
S01006576,Economically inactive,126,105,21
S01006577,All people aged 16 and over,682,527,155
S01006577,Economically active: Total,540,415,125
S01006577,Economically active: Employee: Total,456,359,97
S01006577,Economically active: Employee: Part-time (1),66,53,13
S01006577,Economically active: Employee: Full-time (1),390,306,84
S01006577,Economically active: Self-employed: Total,58,49,9
S01006577,Economically active: Self-employed: Part-time (1),15,11,4
S01006577,Economically active: Self-employed: Full-time (1),43,38,5
S01006577,Economically active: Unemployed (1),26,7,19
S01006577,Economically inactive,142,112,30
S01006578,All people aged 16 and over,1025,784,241
S01006578,Economically active: Total,782,586,196
S01006578,Economically active: Employee: Total,707,535,172
S01006578,Economically active: Employee: Part-time (1),125,94,31
S01006578,Economically active: Employee: Full-time (1),582,441,141
S01006578,Economically active: Self-employed: Total,37,28,9
S01006578,Economically active: Self-employed: Part-time (1),7,5,2
S01006578,Economically active: Self-employed: Full-time (1),30,23,7
S01006578,Economically active: Unemployed (1),38,23,15
S01006578,Economically inactive,243,198,45
S01006579,All people aged 16 and over,914,637,277
S01006579,Economically active: Total,741,523,218
S01006579,Economically active: Employee: Total,672,476,196
S01006579,Economically active: Employee: Part-time (1),120,70,50
S01006579,Economically active: Employee: Full-time (1),552,406,146
S01006579,Economically active: Self-employed: Total,39,30,9
S01006579,Economically active: Self-employed: Part-time (1),4,3,1
S01006579,Economically active: Self-employed: Full-time (1),35,27,8
S01006579,Economically active: Unemployed (1),30,17,13
S01006579,Economically inactive,173,114,59
S01006580,All people aged 16 and over,643,506,137
S01006580,Economically active: Total,512,401,111
S01006580,Economically active: Employee: Total,455,357,98
S01006580,Economically active: Employee: Part-time (1),80,66,14
S01006580,Economically active: Employee: Full-time (1),375,291,84
S01006580,Economically active: Self-employed: Total,37,32,5
S01006580,Economically active: Self-employed: Part-time (1),7,6,1
S01006580,Economically active: Self-employed: Full-time (1),30,26,4
S01006580,Economically active: Unemployed (1),20,12,8
S01006580,Economically inactive,131,105,26
S01006581,All people aged 16 and over,745,663,82
S01006581,Economically active: Total,493,439,54
S01006581,Economically active: Employee: Total,401,355,46
S01006581,Economically active: Employee: Part-time (1),98,92,6
S01006581,Economically active: Employee: Full-time (1),303,263,40
S01006581,Economically active: Self-employed: Total,78,70,8
S01006581,Economically active: Self-employed: Part-time (1),14,13,1
S01006581,Economically active: Self-employed: Full-time (1),64,57,7
S01006581,Economically active: Unemployed (1),14,14,0
S01006581,Economically inactive,252,224,28
S01006582,All people aged 16 and over,817,545,272
S01006582,Economically active: Total,660,441,219
S01006582,Economically active: Employee: Total,547,358,189
S01006582,Economically active: Employee: Part-time (1),111,44,67
S01006582,Economically active: Employee: Full-time (1),436,314,122
S01006582,Economically active: Self-employed: Total,64,48,16
S01006582,Economically active: Self-employed: Part-time (1),12,10,2
S01006582,Economically active: Self-employed: Full-time (1),52,38,14
S01006582,Economically active: Unemployed (1),49,35,14
S01006582,Economically inactive,157,104,53
S01006583,All people aged 16 and over,678,498,180
S01006583,Economically active: Total,548,401,147
S01006583,Economically active: Employee: Total,486,354,132
S01006583,Economically active: Employee: Part-time (1),111,74,37
S01006583,Economically active: Employee: Full-time (1),375,280,95
S01006583,Economically active: Self-employed: Total,22,16,6
S01006583,Economically active: Self-employed: Part-time (1),5,4,1
S01006583,Economically active: Self-employed: Full-time (1),17,12,5
S01006583,Economically active: Unemployed (1),40,31,9
S01006583,Economically inactive,130,97,33
S01006584,All people aged 16 and over,573,424,149
S01006584,Economically active: Total,466,343,123
S01006584,Economically active: Employee: Total,408,303,105
S01006584,Economically active: Employee: Part-time (1),89,59,30
S01006584,Economically active: Employee: Full-time (1),319,244,75
S01006584,Economically active: Self-employed: Total,33,28,5
S01006584,Economically active: Self-employed: Part-time (1),6,5,1
S01006584,Economically active: Self-employed: Full-time (1),27,23,4
S01006584,Economically active: Unemployed (1),25,12,13
S01006584,Economically inactive,107,81,26
S01006585,All people aged 16 and over,734,564,170
S01006585,Economically active: Total,515,382,133
S01006585,Economically active: Employee: Total,431,318,113
S01006585,Economically active: Employee: Part-time (1),116,82,34
S01006585,Economically active: Employee: Full-time (1),315,236,79
S01006585,Economically active: Self-employed: Total,42,34,8
S01006585,Economically active: Self-employed: Part-time (1),9,7,2
S01006585,Economically active: Self-employed: Full-time (1),33,27,6
S01006585,Economically active: Unemployed (1),42,30,12
S01006585,Economically inactive,219,182,37
S01006586,All people aged 16 and over,991,742,249
S01006586,Economically active: Total,683,508,175
S01006586,Economically active: Employee: Total,613,464,149
S01006586,Economically active: Employee: Part-time (1),157,111,46
S01006586,Economically active: Employee: Full-time (1),456,353,103
S01006586,Economically active: Self-employed: Total,37,27,10
S01006586,Economically active: Self-employed: Part-time (1),4,2,2
S01006586,Economically active: Self-employed: Full-time (1),33,25,8
S01006586,Economically active: Unemployed (1),33,17,16
S01006586,Economically inactive,308,234,74
S01006587,All people aged 16 and over,504,322,182
S01006587,Economically active: Total,406,263,143
S01006587,Economically active: Employee: Total,347,221,126
S01006587,Economically active: Employee: Part-time (1),72,38,34
S01006587,Economically active: Employee: Full-time (1),275,183,92
S01006587,Economically active: Self-employed: Total,24,17,7
S01006587,Economically active: Self-employed: Part-time (1),4,2,2
S01006587,Economically active: Self-employed: Full-time (1),20,15,5
S01006587,Economically active: Unemployed (1),35,25,10
S01006587,Economically inactive,98,59,39
S01006588,All people aged 16 and over,551,342,209
S01006588,Economically active: Total,458,299,159
S01006588,Economically active: Employee: Total,405,268,137
S01006588,Economically active: Employee: Part-time (1),114,62,52
S01006588,Economically active: Employee: Full-time (1),291,206,85
S01006588,Economically active: Self-employed: Total,19,12,7
S01006588,Economically active: Self-employed: Part-time (1),3,1,2
S01006588,Economically active: Self-employed: Full-time (1),16,11,5
S01006588,Economically active: Unemployed (1),34,19,15
S01006588,Economically inactive,93,43,50
S01006589,All people aged 16 and over,630,415,215
S01006589,Economically active: Total,484,312,172
S01006589,Economically active: Employee: Total,405,261,144
S01006589,Economically active: Employee: Part-time (1),134,68,66
S01006589,Economically active: Employee: Full-time (1),271,193,78
S01006589,Economically active: Self-employed: Total,33,23,10
S01006589,Economically active: Self-employed: Part-time (1),5,3,2
S01006589,Economically active: Self-employed: Full-time (1),28,20,8
S01006589,Economically active: Unemployed (1),46,28,18
S01006589,Economically inactive,146,103,43
S01006590,All people aged 16 and over,656,458,198
S01006590,Economically active: Total,521,365,156
S01006590,Economically active: Employee: Total,432,306,126
S01006590,Economically active: Employee: Part-time (1),79,54,25
S01006590,Economically active: Employee: Full-time (1),353,252,101
S01006590,Economically active: Self-employed: Total,50,36,14
S01006590,Economically active: Self-employed: Part-time (1),11,5,6
S01006590,Economically active: Self-employed: Full-time (1),39,31,8
S01006590,Economically active: Unemployed (1),39,23,16
S01006590,Economically inactive,135,93,42
S01006591,All people aged 16 and over,654,474,180
S01006591,Economically active: Total,555,401,154
S01006591,Economically active: Employee: Total,489,347,142
S01006591,Economically active: Employee: Part-time (1),104,73,31
S01006591,Economically active: Employee: Full-time (1),385,274,111
S01006591,Economically active: Self-employed: Total,42,34,8
S01006591,Economically active: Self-employed: Part-time (1),6,6,0
S01006591,Economically active: Self-employed: Full-time (1),36,28,8
S01006591,Economically active: Unemployed (1),24,20,4
S01006591,Economically inactive,99,73,26
S01006592,All people aged 16 and over,607,476,131
S01006592,Economically active: Total,521,423,98
S01006592,Economically active: Employee: Total,462,385,77
S01006592,Economically active: Employee: Part-time (1),66,55,11
S01006592,Economically active: Employee: Full-time (1),396,330,66
S01006592,Economically active: Self-employed: Total,50,34,16
S01006592,Economically active: Self-employed: Part-time (1),9,5,4
S01006592,Economically active: Self-employed: Full-time (1),41,29,12
S01006592,Economically active: Unemployed (1),9,4,5
S01006592,Economically inactive,86,53,33
S01006593,All people aged 16 and over,707,542,165
S01006593,Economically active: Total,572,436,136
S01006593,Economically active: Employee: Total,508,387,121
S01006593,Economically active: Employee: Part-time (1),82,68,14
S01006593,Economically active: Employee: Full-time (1),426,319,107
S01006593,Economically active: Self-employed: Total,42,37,5
S01006593,Economically active: Self-employed: Part-time (1),7,6,1
S01006593,Economically active: Self-employed: Full-time (1),35,31,4
S01006593,Economically active: Unemployed (1),22,12,10
S01006593,Economically inactive,135,106,29
S01006594,All people aged 16 and over,508,430,78
S01006594,Economically active: Total,349,292,57
S01006594,Economically active: Employee: Total,313,260,53
S01006594,Economically active: Employee: Part-time (1),71,56,15
S01006594,Economically active: Employee: Full-time (1),242,204,38
S01006594,Economically active: Self-employed: Total,26,22,4
S01006594,Economically active: Self-employed: Part-time (1),7,6,1
S01006594,Economically active: Self-employed: Full-time (1),19,16,3
S01006594,Economically active: Unemployed (1),10,10,0
S01006594,Economically inactive,159,138,21
S01006595,All people aged 16 and over,852,676,176
S01006595,Economically active: Total,710,567,143
S01006595,Economically active: Employee: Total,629,505,124
S01006595,Economically active: Employee: Part-time (1),88,72,16
S01006595,Economically active: Employee: Full-time (1),541,433,108
S01006595,Economically active: Self-employed: Total,58,46,12
S01006595,Economically active: Self-employed: Part-time (1),9,5,4
S01006595,Economically active: Self-employed: Full-time (1),49,41,8
S01006595,Economically active: Unemployed (1),23,16,7
S01006595,Economically inactive,142,109,33
S01006596,All people aged 16 and over,639,484,155
S01006596,Economically active: Total,524,390,134
S01006596,Economically active: Employee: Total,442,330,112
S01006596,Economically active: Employee: Part-time (1),63,46,17
S01006596,Economically active: Employee: Full-time (1),379,284,95
S01006596,Economically active: Self-employed: Total,66,49,17
S01006596,Economically active: Self-employed: Part-time (1),12,7,5
S01006596,Economically active: Self-employed: Full-time (1),54,42,12
S01006596,Economically active: Unemployed (1),16,11,5
S01006596,Economically inactive,115,94,21
S01006597,All people aged 16 and over,498,395,103
S01006597,Economically active: Total,420,328,92
S01006597,Economically active: Employee: Total,382,294,88
S01006597,Economically active: Employee: Part-time (1),61,37,24
S01006597,Economically active: Employee: Full-time (1),321,257,64
S01006597,Economically active: Self-employed: Total,26,24,2
S01006597,Economically active: Self-employed: Part-time (1),7,7,0
S01006597,Economically active: Self-employed: Full-time (1),19,17,2
S01006597,Economically active: Unemployed (1),12,10,2
S01006597,Economically inactive,78,67,11
S01006598,All people aged 16 and over,805,669,136
S01006598,Economically active: Total,589,486,103
S01006598,Economically active: Employee: Total,509,417,92
S01006598,Economically active: Employee: Part-time (1),101,93,8
S01006598,Economically active: Employee: Full-time (1),408,324,84
S01006598,Economically active: Self-employed: Total,66,59,7
S01006598,Economically active: Self-employed: Part-time (1),13,11,2
S01006598,Economically active: Self-employed: Full-time (1),53,48,5
S01006598,Economically active: Unemployed (1),14,10,4
S01006598,Economically inactive,216,183,33
S01006599,All people aged 16 and over,751,628,123
S01006599,Economically active: Total,477,393,84
S01006599,Economically active: Employee: Total,415,348,67
S01006599,Economically active: Employee: Part-time (1),92,78,14
S01006599,Economically active: Employee: Full-time (1),323,270,53
S01006599,Economically active: Self-employed: Total,37,30,7
S01006599,Economically active: Self-employed: Part-time (1),7,6,1
S01006599,Economically active: Self-employed: Full-time (1),30,24,6
S01006599,Economically active: Unemployed (1),25,15,10
S01006599,Economically inactive,274,235,39
S01006600,All people aged 16 and over,978,842,136
S01006600,Economically active: Total,624,513,111
S01006600,Economically active: Employee: Total,539,447,92
S01006600,Economically active: Employee: Part-time (1),110,94,16
S01006600,Economically active: Employee: Full-time (1),429,353,76
S01006600,Economically active: Self-employed: Total,66,58,8
S01006600,Economically active: Self-employed: Part-time (1),18,16,2
S01006600,Economically active: Self-employed: Full-time (1),48,42,6
S01006600,Economically active: Unemployed (1),19,8,11
S01006600,Economically inactive,354,329,25
S01006601,All people aged 16 and over,899,757,142
S01006601,Economically active: Total,681,563,118
S01006601,Economically active: Employee: Total,591,494,97
S01006601,Economically active: Employee: Part-time (1),116,98,18
S01006601,Economically active: Employee: Full-time (1),475,396,79
S01006601,Economically active: Self-employed: Total,53,44,9
S01006601,Economically active: Self-employed: Part-time (1),13,9,4
S01006601,Economically active: Self-employed: Full-time (1),40,35,5
S01006601,Economically active: Unemployed (1),37,25,12
S01006601,Economically inactive,218,194,24
S01006602,All people aged 16 and over,737,609,128
S01006602,Economically active: Total,448,359,89
S01006602,Economically active: Employee: Total,364,291,73
S01006602,Economically active: Employee: Part-time (1),95,74,21
S01006602,Economically active: Employee: Full-time (1),269,217,52
S01006602,Economically active: Self-employed: Total,70,56,14
S01006602,Economically active: Self-employed: Part-time (1),17,15,2
S01006602,Economically active: Self-employed: Full-time (1),53,41,12
S01006602,Economically active: Unemployed (1),14,12,2
S01006602,Economically inactive,289,250,39
S01006603,All people aged 16 and over,704,644,60
S01006603,Economically active: Total,428,380,48
S01006603,Economically active: Employee: Total,371,326,45
S01006603,Economically active: Employee: Part-time (1),102,92,10
S01006603,Economically active: Employee: Full-time (1),269,234,35
S01006603,Economically active: Self-employed: Total,23,21,2
S01006603,Economically active: Self-employed: Part-time (1),9,9,0
S01006603,Economically active: Self-employed: Full-time (1),14,12,2
S01006603,Economically active: Unemployed (1),34,33,1
S01006603,Economically inactive,276,264,12
S01006604,All people aged 16 and over,587,546,41
S01006604,Economically active: Total,379,345,34
S01006604,Economically active: Employee: Total,323,294,29
S01006604,Economically active: Employee: Part-time (1),104,96,8
S01006604,Economically active: Employee: Full-time (1),219,198,21
S01006604,Economically active: Self-employed: Total,32,29,3
S01006604,Economically active: Self-employed: Part-time (1),8,8,0
S01006604,Economically active: Self-employed: Full-time (1),24,21,3
S01006604,Economically active: Unemployed (1),24,22,2
S01006604,Economically inactive,208,201,7
S01006605,All people aged 16 and over,658,604,54
S01006605,Economically active: Total,399,359,40
S01006605,Economically active: Employee: Total,341,306,35
S01006605,Economically active: Employee: Part-time (1),84,80,4
S01006605,Economically active: Employee: Full-time (1),257,226,31
S01006605,Economically active: Self-employed: Total,23,20,3
S01006605,Economically active: Self-employed: Part-time (1),5,4,1
S01006605,Economically active: Self-employed: Full-time (1),18,16,2
S01006605,Economically active: Unemployed (1),35,33,2
S01006605,Economically inactive,259,245,14
S01006606,All people aged 16 and over,732,673,59
S01006606,Economically active: Total,425,386,39
S01006606,Economically active: Employee: Total,356,323,33
S01006606,Economically active: Employee: Part-time (1),89,80,9
S01006606,Economically active: Employee: Full-time (1),267,243,24
S01006606,Economically active: Self-employed: Total,50,45,5
S01006606,Economically active: Self-employed: Part-time (1),9,9,0
S01006606,Economically active: Self-employed: Full-time (1),41,36,5
S01006606,Economically active: Unemployed (1),19,18,1
S01006606,Economically inactive,307,287,20
S01006607,All people aged 16 and over,769,728,41
S01006607,Economically active: Total,518,483,35
S01006607,Economically active: Employee: Total,456,424,32
S01006607,Economically active: Employee: Part-time (1),125,119,6
S01006607,Economically active: Employee: Full-time (1),331,305,26
S01006607,Economically active: Self-employed: Total,40,38,2
S01006607,Economically active: Self-employed: Part-time (1),10,9,1
S01006607,Economically active: Self-employed: Full-time (1),30,29,1
S01006607,Economically active: Unemployed (1),22,21,1
S01006607,Economically inactive,251,245,6
S01006608,All people aged 16 and over,598,529,69
S01006608,Economically active: Total,409,360,49
S01006608,Economically active: Employee: Total,332,290,42
S01006608,Economically active: Employee: Part-time (1),91,80,11
S01006608,Economically active: Employee: Full-time (1),241,210,31
S01006608,Economically active: Self-employed: Total,61,57,4
S01006608,Economically active: Self-employed: Part-time (1),8,7,1
S01006608,Economically active: Self-employed: Full-time (1),53,50,3
S01006608,Economically active: Unemployed (1),16,13,3
S01006608,Economically inactive,189,169,20
S01006609,All people aged 16 and over,886,838,48
S01006609,Economically active: Total,556,523,33
S01006609,Economically active: Employee: Total,489,462,27
S01006609,Economically active: Employee: Part-time (1),124,117,7
S01006609,Economically active: Employee: Full-time (1),365,345,20
S01006609,Economically active: Self-employed: Total,46,42,4
S01006609,Economically active: Self-employed: Part-time (1),15,12,3
S01006609,Economically active: Self-employed: Full-time (1),31,30,1
S01006609,Economically active: Unemployed (1),21,19,2
S01006609,Economically inactive,330,315,15
S01006610,All people aged 16 and over,386,365,21
S01006610,Economically active: Total,242,222,20
S01006610,Economically active: Employee: Total,219,200,19
S01006610,Economically active: Employee: Part-time (1),55,50,5
S01006610,Economically active: Employee: Full-time (1),164,150,14
S01006610,Economically active: Self-employed: Total,12,11,1
S01006610,Economically active: Self-employed: Part-time (1),7,6,1
S01006610,Economically active: Self-employed: Full-time (1),5,5,0
S01006610,Economically active: Unemployed (1),11,11,0
S01006610,Economically inactive,144,143,1
S01006611,All people aged 16 and over,772,712,60
S01006611,Economically active: Total,476,426,50
S01006611,Economically active: Employee: Total,406,363,43
S01006611,Economically active: Employee: Part-time (1),111,98,13
S01006611,Economically active: Employee: Full-time (1),295,265,30
S01006611,Economically active: Self-employed: Total,32,26,6
S01006611,Economically active: Self-employed: Part-time (1),9,7,2
S01006611,Economically active: Self-employed: Full-time (1),23,19,4
S01006611,Economically active: Unemployed (1),38,37,1
S01006611,Economically inactive,296,286,10
S01006612,All people aged 16 and over,741,700,41
S01006612,Economically active: Total,521,487,34
S01006612,Economically active: Employee: Total,457,427,30
S01006612,Economically active: Employee: Part-time (1),126,120,6
S01006612,Economically active: Employee: Full-time (1),331,307,24
S01006612,Economically active: Self-employed: Total,35,33,2
S01006612,Economically active: Self-employed: Part-time (1),11,9,2
S01006612,Economically active: Self-employed: Full-time (1),24,24,0
S01006612,Economically active: Unemployed (1),29,27,2
S01006612,Economically inactive,220,213,7
S01006613,All people aged 16 and over,493,469,24
S01006613,Economically active: Total,412,390,22
S01006613,Economically active: Employee: Total,366,347,19
S01006613,Economically active: Employee: Part-time (1),75,72,3
S01006613,Economically active: Employee: Full-time (1),291,275,16
S01006613,Economically active: Self-employed: Total,36,34,2
S01006613,Economically active: Self-employed: Part-time (1),9,9,0
S01006613,Economically active: Self-employed: Full-time (1),27,25,2
S01006613,Economically active: Unemployed (1),10,9,1
S01006613,Economically inactive,81,79,2
S01006614,All people aged 16 and over,491,441,50
S01006614,Economically active: Total,425,382,43
S01006614,Economically active: Employee: Total,378,339,39
S01006614,Economically active: Employee: Part-time (1),78,70,8
S01006614,Economically active: Employee: Full-time (1),300,269,31
S01006614,Economically active: Self-employed: Total,32,30,2
S01006614,Economically active: Self-employed: Part-time (1),3,3,0
S01006614,Economically active: Self-employed: Full-time (1),29,27,2
S01006614,Economically active: Unemployed (1),15,13,2
S01006614,Economically inactive,66,59,7
S01006615,All people aged 16 and over,563,498,65
S01006615,Economically active: Total,464,407,57
S01006615,Economically active: Employee: Total,407,357,50
S01006615,Economically active: Employee: Part-time (1),108,94,14
S01006615,Economically active: Employee: Full-time (1),299,263,36
S01006615,Economically active: Self-employed: Total,46,43,3
S01006615,Economically active: Self-employed: Part-time (1),3,3,0
S01006615,Economically active: Self-employed: Full-time (1),43,40,3
S01006615,Economically active: Unemployed (1),11,7,4
S01006615,Economically inactive,99,91,8
S01006616,All people aged 16 and over,665,624,41
S01006616,Economically active: Total,587,554,33
S01006616,Economically active: Employee: Total,526,498,28
S01006616,Economically active: Employee: Part-time (1),116,110,6
S01006616,Economically active: Employee: Full-time (1),410,388,22
S01006616,Economically active: Self-employed: Total,47,43,4
S01006616,Economically active: Self-employed: Part-time (1),15,14,1
S01006616,Economically active: Self-employed: Full-time (1),32,29,3
S01006616,Economically active: Unemployed (1),14,13,1
S01006616,Economically inactive,78,70,8
S01006617,All people aged 16 and over,574,549,25
S01006617,Economically active: Total,418,396,22
S01006617,Economically active: Employee: Total,361,341,20
S01006617,Economically active: Employee: Part-time (1),94,88,6
S01006617,Economically active: Employee: Full-time (1),267,253,14
S01006617,Economically active: Self-employed: Total,39,38,1
S01006617,Economically active: Self-employed: Part-time (1),4,3,1
S01006617,Economically active: Self-employed: Full-time (1),35,35,0
S01006617,Economically active: Unemployed (1),18,17,1
S01006617,Economically inactive,156,153,3
S01006618,All people aged 16 and over,469,444,25
S01006618,Economically active: Total,342,324,18
S01006618,Economically active: Employee: Total,302,287,15
S01006618,Economically active: Employee: Part-time (1),74,71,3
S01006618,Economically active: Employee: Full-time (1),228,216,12
S01006618,Economically active: Self-employed: Total,32,31,1
S01006618,Economically active: Self-employed: Part-time (1),5,5,0
S01006618,Economically active: Self-employed: Full-time (1),27,26,1
S01006618,Economically active: Unemployed (1),8,6,2
S01006618,Economically inactive,127,120,7
S01006619,All people aged 16 and over,744,705,39
S01006619,Economically active: Total,549,516,33
S01006619,Economically active: Employee: Total,470,441,29
S01006619,Economically active: Employee: Part-time (1),120,116,4
S01006619,Economically active: Employee: Full-time (1),350,325,25
S01006619,Economically active: Self-employed: Total,64,60,4
S01006619,Economically active: Self-employed: Part-time (1),21,18,3
S01006619,Economically active: Self-employed: Full-time (1),43,42,1
S01006619,Economically active: Unemployed (1),15,15,0
S01006619,Economically inactive,195,189,6
S01006620,All people aged 16 and over,738,702,36
S01006620,Economically active: Total,563,528,35
S01006620,Economically active: Employee: Total,512,482,30
S01006620,Economically active: Employee: Part-time (1),120,115,5
S01006620,Economically active: Employee: Full-time (1),392,367,25
S01006620,Economically active: Self-employed: Total,35,32,3
S01006620,Economically active: Self-employed: Part-time (1),9,7,2
S01006620,Economically active: Self-employed: Full-time (1),26,25,1
S01006620,Economically active: Unemployed (1),16,14,2
S01006620,Economically inactive,175,174,1
S01006621,All people aged 16 and over,428,407,21
S01006621,Economically active: Total,327,310,17
S01006621,Economically active: Employee: Total,291,276,15
S01006621,Economically active: Employee: Part-time (1),75,72,3
S01006621,Economically active: Employee: Full-time (1),216,204,12
S01006621,Economically active: Self-employed: Total,24,23,1
S01006621,Economically active: Self-employed: Part-time (1),4,4,0
S01006621,Economically active: Self-employed: Full-time (1),20,19,1
S01006621,Economically active: Unemployed (1),12,11,1
S01006621,Economically inactive,101,97,4
S01006622,All people aged 16 and over,549,509,40
S01006622,Economically active: Total,472,439,33
S01006622,Economically active: Employee: Total,424,398,26
S01006622,Economically active: Employee: Part-time (1),83,78,5
S01006622,Economically active: Employee: Full-time (1),341,320,21
S01006622,Economically active: Self-employed: Total,39,33,6
S01006622,Economically active: Self-employed: Part-time (1),5,4,1
S01006622,Economically active: Self-employed: Full-time (1),34,29,5
S01006622,Economically active: Unemployed (1),9,8,1
S01006622,Economically inactive,77,70,7
S01006623,All people aged 16 and over,670,594,76
S01006623,Economically active: Total,441,380,61
S01006623,Economically active: Employee: Total,391,339,52
S01006623,Economically active: Employee: Part-time (1),75,60,15
S01006623,Economically active: Employee: Full-time (1),316,279,37
S01006623,Economically active: Self-employed: Total,28,22,6
S01006623,Economically active: Self-employed: Part-time (1),3,3,0
S01006623,Economically active: Self-employed: Full-time (1),25,19,6
S01006623,Economically active: Unemployed (1),22,19,3
S01006623,Economically inactive,229,214,15
S01006624,All people aged 16 and over,891,685,206
S01006624,Economically active: Total,582,405,177
S01006624,Economically active: Employee: Total,509,345,164
S01006624,Economically active: Employee: Part-time (1),116,76,40
S01006624,Economically active: Employee: Full-time (1),393,269,124
S01006624,Economically active: Self-employed: Total,32,26,6
S01006624,Economically active: Self-employed: Part-time (1),7,6,1
S01006624,Economically active: Self-employed: Full-time (1),25,20,5
S01006624,Economically active: Unemployed (1),41,34,7
S01006624,Economically inactive,309,280,29
S01006625,All people aged 16 and over,547,454,93
S01006625,Economically active: Total,392,309,83
S01006625,Economically active: Employee: Total,337,261,76
S01006625,Economically active: Employee: Part-time (1),93,76,17
S01006625,Economically active: Employee: Full-time (1),244,185,59
S01006625,Economically active: Self-employed: Total,32,29,3
S01006625,Economically active: Self-employed: Part-time (1),6,5,1
S01006625,Economically active: Self-employed: Full-time (1),26,24,2
S01006625,Economically active: Unemployed (1),23,19,4
S01006625,Economically inactive,155,145,10
S01006626,All people aged 16 and over,614,526,88
S01006626,Economically active: Total,417,333,84
S01006626,Economically active: Employee: Total,364,292,72
S01006626,Economically active: Employee: Part-time (1),100,82,18
S01006626,Economically active: Employee: Full-time (1),264,210,54
S01006626,Economically active: Self-employed: Total,22,16,6
S01006626,Economically active: Self-employed: Part-time (1),11,9,2
S01006626,Economically active: Self-employed: Full-time (1),11,7,4
S01006626,Economically active: Unemployed (1),31,25,6
S01006626,Economically inactive,197,193,4
S01006627,All people aged 16 and over,773,527,246
S01006627,Economically active: Total,615,396,219
S01006627,Economically active: Employee: Total,532,337,195
S01006627,Economically active: Employee: Part-time (1),93,43,50
S01006627,Economically active: Employee: Full-time (1),439,294,145
S01006627,Economically active: Self-employed: Total,32,22,10
S01006627,Economically active: Self-employed: Part-time (1),11,6,5
S01006627,Economically active: Self-employed: Full-time (1),21,16,5
S01006627,Economically active: Unemployed (1),51,37,14
S01006627,Economically inactive,158,131,27
S01006628,All people aged 16 and over,978,585,393
S01006628,Economically active: Total,808,460,348
S01006628,Economically active: Employee: Total,699,399,300
S01006628,Economically active: Employee: Part-time (1),132,54,78
S01006628,Economically active: Employee: Full-time (1),567,345,222
S01006628,Economically active: Self-employed: Total,32,17,15
S01006628,Economically active: Self-employed: Part-time (1),17,9,8
S01006628,Economically active: Self-employed: Full-time (1),15,8,7
S01006628,Economically active: Unemployed (1),77,44,33
S01006628,Economically inactive,170,125,45
S01006629,All people aged 16 and over,650,521,129
S01006629,Economically active: Total,409,300,109
S01006629,Economically active: Employee: Total,342,250,92
S01006629,Economically active: Employee: Part-time (1),97,66,31
S01006629,Economically active: Employee: Full-time (1),245,184,61
S01006629,Economically active: Self-employed: Total,19,16,3
S01006629,Economically active: Self-employed: Part-time (1),7,6,1
S01006629,Economically active: Self-employed: Full-time (1),12,10,2
S01006629,Economically active: Unemployed (1),48,34,14
S01006629,Economically inactive,241,221,20
S01006630,All people aged 16 and over,489,462,27
S01006630,Economically active: Total,309,283,26
S01006630,Economically active: Employee: Total,263,240,23
S01006630,Economically active: Employee: Part-time (1),86,79,7
S01006630,Economically active: Employee: Full-time (1),177,161,16
S01006630,Economically active: Self-employed: Total,20,20,0
S01006630,Economically active: Self-employed: Part-time (1),7,7,0
S01006630,Economically active: Self-employed: Full-time (1),13,13,0
S01006630,Economically active: Unemployed (1),26,23,3
S01006630,Economically inactive,180,179,1
S01006631,All people aged 16 and over,805,705,100
S01006631,Economically active: Total,533,445,88
S01006631,Economically active: Employee: Total,468,390,78
S01006631,Economically active: Employee: Part-time (1),115,101,14
S01006631,Economically active: Employee: Full-time (1),353,289,64
S01006631,Economically active: Self-employed: Total,27,26,1
S01006631,Economically active: Self-employed: Part-time (1),8,8,0
S01006631,Economically active: Self-employed: Full-time (1),19,18,1
S01006631,Economically active: Unemployed (1),38,29,9
S01006631,Economically inactive,272,260,12
S01006632,All people aged 16 and over,658,509,149
S01006632,Economically active: Total,452,328,124
S01006632,Economically active: Employee: Total,385,274,111
S01006632,Economically active: Employee: Part-time (1),92,68,24
S01006632,Economically active: Employee: Full-time (1),293,206,87
S01006632,Economically active: Self-employed: Total,23,16,7
S01006632,Economically active: Self-employed: Part-time (1),11,6,5
S01006632,Economically active: Self-employed: Full-time (1),12,10,2
S01006632,Economically active: Unemployed (1),44,38,6
S01006632,Economically inactive,206,181,25
S01006633,All people aged 16 and over,529,455,74
S01006633,Economically active: Total,339,286,53
S01006633,Economically active: Employee: Total,298,250,48
S01006633,Economically active: Employee: Part-time (1),94,80,14
S01006633,Economically active: Employee: Full-time (1),204,170,34
S01006633,Economically active: Self-employed: Total,11,9,2
S01006633,Economically active: Self-employed: Part-time (1),1,1,0
S01006633,Economically active: Self-employed: Full-time (1),10,8,2
S01006633,Economically active: Unemployed (1),30,27,3
S01006633,Economically inactive,190,169,21
S01006634,All people aged 16 and over,465,363,102
S01006634,Economically active: Total,304,222,82
S01006634,Economically active: Employee: Total,262,189,73
S01006634,Economically active: Employee: Part-time (1),80,56,24
S01006634,Economically active: Employee: Full-time (1),182,133,49
S01006634,Economically active: Self-employed: Total,9,4,5
S01006634,Economically active: Self-employed: Part-time (1),2,1,1
S01006634,Economically active: Self-employed: Full-time (1),7,3,4
S01006634,Economically active: Unemployed (1),33,29,4
S01006634,Economically inactive,161,141,20
S01006635,All people aged 16 and over,522,432,90
S01006635,Economically active: Total,360,283,77
S01006635,Economically active: Employee: Total,304,231,73
S01006635,Economically active: Employee: Part-time (1),85,64,21
S01006635,Economically active: Employee: Full-time (1),219,167,52
S01006635,Economically active: Self-employed: Total,25,23,2
S01006635,Economically active: Self-employed: Part-time (1),10,9,1
S01006635,Economically active: Self-employed: Full-time (1),15,14,1
S01006635,Economically active: Unemployed (1),31,29,2
S01006635,Economically inactive,162,149,13
S01006636,All people aged 16 and over,641,524,117
S01006636,Economically active: Total,429,323,106
S01006636,Economically active: Employee: Total,352,265,87
S01006636,Economically active: Employee: Part-time (1),102,82,20
S01006636,Economically active: Employee: Full-time (1),250,183,67
S01006636,Economically active: Self-employed: Total,22,13,9
S01006636,Economically active: Self-employed: Part-time (1),10,8,2
S01006636,Economically active: Self-employed: Full-time (1),12,5,7
S01006636,Economically active: Unemployed (1),55,45,10
S01006636,Economically inactive,212,201,11
S01006637,All people aged 16 and over,699,536,163
S01006637,Economically active: Total,457,331,126
S01006637,Economically active: Employee: Total,387,277,110
S01006637,Economically active: Employee: Part-time (1),88,53,35
S01006637,Economically active: Employee: Full-time (1),299,224,75
S01006637,Economically active: Self-employed: Total,40,33,7
S01006637,Economically active: Self-employed: Part-time (1),9,8,1
S01006637,Economically active: Self-employed: Full-time (1),31,25,6
S01006637,Economically active: Unemployed (1),30,21,9
S01006637,Economically inactive,242,205,37
S01006638,All people aged 16 and over,795,608,187
S01006638,Economically active: Total,560,415,145
S01006638,Economically active: Employee: Total,506,372,134
S01006638,Economically active: Employee: Part-time (1),125,84,41
S01006638,Economically active: Employee: Full-time (1),381,288,93
S01006638,Economically active: Self-employed: Total,16,10,6
S01006638,Economically active: Self-employed: Part-time (1),4,4,0
S01006638,Economically active: Self-employed: Full-time (1),12,6,6
S01006638,Economically active: Unemployed (1),38,33,5
S01006638,Economically inactive,235,193,42
S01006639,All people aged 16 and over,900,693,207
S01006639,Economically active: Total,578,417,161
S01006639,Economically active: Employee: Total,498,365,133
S01006639,Economically active: Employee: Part-time (1),149,107,42
S01006639,Economically active: Employee: Full-time (1),349,258,91
S01006639,Economically active: Self-employed: Total,30,19,11
S01006639,Economically active: Self-employed: Part-time (1),9,4,5
S01006639,Economically active: Self-employed: Full-time (1),21,15,6
S01006639,Economically active: Unemployed (1),50,33,17
S01006639,Economically inactive,322,276,46
S01006640,All people aged 16 and over,684,485,199
S01006640,Economically active: Total,506,354,152
S01006640,Economically active: Employee: Total,449,317,132
S01006640,Economically active: Employee: Part-time (1),103,76,27
S01006640,Economically active: Employee: Full-time (1),346,241,105
S01006640,Economically active: Self-employed: Total,27,20,7
S01006640,Economically active: Self-employed: Part-time (1),7,6,1
S01006640,Economically active: Self-employed: Full-time (1),20,14,6
S01006640,Economically active: Unemployed (1),30,17,13
S01006640,Economically inactive,178,131,47
S01006641,All people aged 16 and over,980,735,245
S01006641,Economically active: Total,723,550,173
S01006641,Economically active: Employee: Total,636,488,148
S01006641,Economically active: Employee: Part-time (1),155,103,52
S01006641,Economically active: Employee: Full-time (1),481,385,96
S01006641,Economically active: Self-employed: Total,39,29,10
S01006641,Economically active: Self-employed: Part-time (1),6,5,1
S01006641,Economically active: Self-employed: Full-time (1),33,24,9
S01006641,Economically active: Unemployed (1),48,33,15
S01006641,Economically inactive,257,185,72
S01006642,All people aged 16 and over,1332,935,397
S01006642,Economically active: Total,773,599,174
S01006642,Economically active: Employee: Total,613,495,118
S01006642,Economically active: Employee: Part-time (1),273,221,52
S01006642,Economically active: Employee: Full-time (1),340,274,66
S01006642,Economically active: Self-employed: Total,25,18,7
S01006642,Economically active: Self-employed: Part-time (1),6,4,2
S01006642,Economically active: Self-employed: Full-time (1),19,14,5
S01006642,Economically active: Unemployed (1),135,86,49
S01006642,Economically inactive,559,336,223
S01006643,All people aged 16 and over,709,544,165
S01006643,Economically active: Total,529,426,103
S01006643,Economically active: Employee: Total,467,380,87
S01006643,Economically active: Employee: Part-time (1),181,149,32
S01006643,Economically active: Employee: Full-time (1),286,231,55
S01006643,Economically active: Self-employed: Total,31,27,4
S01006643,Economically active: Self-employed: Part-time (1),11,9,2
S01006643,Economically active: Self-employed: Full-time (1),20,18,2
S01006643,Economically active: Unemployed (1),31,19,12
S01006643,Economically inactive,180,118,62
S01006644,All people aged 16 and over,915,705,210
S01006644,Economically active: Total,642,507,135
S01006644,Economically active: Employee: Total,564,448,116
S01006644,Economically active: Employee: Part-time (1),166,125,41
S01006644,Economically active: Employee: Full-time (1),398,323,75
S01006644,Economically active: Self-employed: Total,33,25,8
S01006644,Economically active: Self-employed: Part-time (1),7,7,0
S01006644,Economically active: Self-employed: Full-time (1),26,18,8
S01006644,Economically active: Unemployed (1),45,34,11
S01006644,Economically inactive,273,198,75
S01006645,All people aged 16 and over,577,439,138
S01006645,Economically active: Total,390,282,108
S01006645,Economically active: Employee: Total,333,243,90
S01006645,Economically active: Employee: Part-time (1),100,74,26
S01006645,Economically active: Employee: Full-time (1),233,169,64
S01006645,Economically active: Self-employed: Total,17,9,8
S01006645,Economically active: Self-employed: Part-time (1),3,1,2
S01006645,Economically active: Self-employed: Full-time (1),14,8,6
S01006645,Economically active: Unemployed (1),40,30,10
S01006645,Economically inactive,187,157,30
S01006646,All people aged 16 and over,979,646,333
S01006646,Economically active: Total,568,391,177
S01006646,Economically active: Employee: Total,424,309,115
S01006646,Economically active: Employee: Part-time (1),170,126,44
S01006646,Economically active: Employee: Full-time (1),254,183,71
S01006646,Economically active: Self-employed: Total,9,8,1
S01006646,Economically active: Self-employed: Part-time (1),2,1,1
S01006646,Economically active: Self-employed: Full-time (1),7,7,0
S01006646,Economically active: Unemployed (1),135,74,61
S01006646,Economically inactive,411,255,156
S01006647,All people aged 16 and over,550,445,105
S01006647,Economically active: Total,384,304,80
S01006647,Economically active: Employee: Total,326,254,72
S01006647,Economically active: Employee: Part-time (1),96,75,21
S01006647,Economically active: Employee: Full-time (1),230,179,51
S01006647,Economically active: Self-employed: Total,19,17,2
S01006647,Economically active: Self-employed: Part-time (1),7,6,1
S01006647,Economically active: Self-employed: Full-time (1),12,11,1
S01006647,Economically active: Unemployed (1),39,33,6
S01006647,Economically inactive,166,141,25
S01006648,All people aged 16 and over,1730,1152,578
S01006648,Economically active: Total,1096,749,347
S01006648,Economically active: Employee: Total,891,607,284
S01006648,Economically active: Employee: Part-time (1),370,253,117
S01006648,Economically active: Employee: Full-time (1),521,354,167
S01006648,Economically active: Self-employed: Total,39,23,16
S01006648,Economically active: Self-employed: Part-time (1),16,7,9
S01006648,Economically active: Self-employed: Full-time (1),23,16,7
S01006648,Economically active: Unemployed (1),166,119,47
S01006648,Economically inactive,634,403,231
S01006649,All people aged 16 and over,892,673,219
S01006649,Economically active: Total,673,503,170
S01006649,Economically active: Employee: Total,591,439,152
S01006649,Economically active: Employee: Part-time (1),152,109,43
S01006649,Economically active: Employee: Full-time (1),439,330,109
S01006649,Economically active: Self-employed: Total,33,24,9
S01006649,Economically active: Self-employed: Part-time (1),6,4,2
S01006649,Economically active: Self-employed: Full-time (1),27,20,7
S01006649,Economically active: Unemployed (1),49,40,9
S01006649,Economically inactive,219,170,49
S01006650,All people aged 16 and over,813,553,260
S01006650,Economically active: Total,580,392,188
S01006650,Economically active: Employee: Total,495,338,157
S01006650,Economically active: Employee: Part-time (1),145,90,55
S01006650,Economically active: Employee: Full-time (1),350,248,102
S01006650,Economically active: Self-employed: Total,38,23,15
S01006650,Economically active: Self-employed: Part-time (1),6,4,2
S01006650,Economically active: Self-employed: Full-time (1),32,19,13
S01006650,Economically active: Unemployed (1),47,31,16
S01006650,Economically inactive,233,161,72
S01006651,All people aged 16 and over,612,435,177
S01006651,Economically active: Total,383,280,103
S01006651,Economically active: Employee: Total,326,238,88
S01006651,Economically active: Employee: Part-time (1),85,53,32
S01006651,Economically active: Employee: Full-time (1),241,185,56
S01006651,Economically active: Self-employed: Total,13,10,3
S01006651,Economically active: Self-employed: Part-time (1),7,6,1
S01006651,Economically active: Self-employed: Full-time (1),6,4,2
S01006651,Economically active: Unemployed (1),44,32,12
S01006651,Economically inactive,229,155,74
S01006652,All people aged 16 and over,516,385,131
S01006652,Economically active: Total,391,293,98
S01006652,Economically active: Employee: Total,337,255,82
S01006652,Economically active: Employee: Part-time (1),92,67,25
S01006652,Economically active: Employee: Full-time (1),245,188,57
S01006652,Economically active: Self-employed: Total,29,20,9
S01006652,Economically active: Self-employed: Part-time (1),6,5,1
S01006652,Economically active: Self-employed: Full-time (1),23,15,8
S01006652,Economically active: Unemployed (1),25,18,7
S01006652,Economically inactive,125,92,33
S01006653,All people aged 16 and over,513,373,140
S01006653,Economically active: Total,375,276,99
S01006653,Economically active: Employee: Total,335,248,87
S01006653,Economically active: Employee: Part-time (1),68,46,22
S01006653,Economically active: Employee: Full-time (1),267,202,65
S01006653,Economically active: Self-employed: Total,22,17,5
S01006653,Economically active: Self-employed: Part-time (1),4,4,0
S01006653,Economically active: Self-employed: Full-time (1),18,13,5
S01006653,Economically active: Unemployed (1),18,11,7
S01006653,Economically inactive,138,97,41
S01006654,All people aged 16 and over,798,664,134
S01006654,Economically active: Total,510,401,109
S01006654,Economically active: Employee: Total,438,343,95
S01006654,Economically active: Employee: Part-time (1),116,90,26
S01006654,Economically active: Employee: Full-time (1),322,253,69
S01006654,Economically active: Self-employed: Total,28,19,9
S01006654,Economically active: Self-employed: Part-time (1),4,3,1
S01006654,Economically active: Self-employed: Full-time (1),24,16,8
S01006654,Economically active: Unemployed (1),44,39,5
S01006654,Economically inactive,288,263,25
S01006655,All people aged 16 and over,650,512,138
S01006655,Economically active: Total,396,304,92
S01006655,Economically active: Employee: Total,348,269,79
S01006655,Economically active: Employee: Part-time (1),70,58,12
S01006655,Economically active: Employee: Full-time (1),278,211,67
S01006655,Economically active: Self-employed: Total,30,22,8
S01006655,Economically active: Self-employed: Part-time (1),3,2,1
S01006655,Economically active: Self-employed: Full-time (1),27,20,7
S01006655,Economically active: Unemployed (1),18,13,5
S01006655,Economically inactive,254,208,46
S01006656,All people aged 16 and over,858,639,219
S01006656,Economically active: Total,650,490,160
S01006656,Economically active: Employee: Total,575,430,145
S01006656,Economically active: Employee: Part-time (1),121,84,37
S01006656,Economically active: Employee: Full-time (1),454,346,108
S01006656,Economically active: Self-employed: Total,35,27,8
S01006656,Economically active: Self-employed: Part-time (1),9,8,1
S01006656,Economically active: Self-employed: Full-time (1),26,19,7
S01006656,Economically active: Unemployed (1),40,33,7
S01006656,Economically inactive,208,149,59
S01006657,All people aged 16 and over,482,355,127
S01006657,Economically active: Total,350,261,89
S01006657,Economically active: Employee: Total,309,233,76
S01006657,Economically active: Employee: Part-time (1),94,64,30
S01006657,Economically active: Employee: Full-time (1),215,169,46
S01006657,Economically active: Self-employed: Total,18,12,6
S01006657,Economically active: Self-employed: Part-time (1),6,3,3
S01006657,Economically active: Self-employed: Full-time (1),12,9,3
S01006657,Economically active: Unemployed (1),23,16,7
S01006657,Economically inactive,132,94,38
S01006658,All people aged 16 and over,878,561,317
S01006658,Economically active: Total,615,380,235
S01006658,Economically active: Employee: Total,523,324,199
S01006658,Economically active: Employee: Part-time (1),194,119,75
S01006658,Economically active: Employee: Full-time (1),329,205,124
S01006658,Economically active: Self-employed: Total,28,12,16
S01006658,Economically active: Self-employed: Part-time (1),10,6,4
S01006658,Economically active: Self-employed: Full-time (1),18,6,12
S01006658,Economically active: Unemployed (1),64,44,20
S01006658,Economically inactive,263,181,82
S01006659,All people aged 16 and over,594,472,122
S01006659,Economically active: Total,357,288,69
S01006659,Economically active: Employee: Total,308,250,58
S01006659,Economically active: Employee: Part-time (1),112,82,30
S01006659,Economically active: Employee: Full-time (1),196,168,28
S01006659,Economically active: Self-employed: Total,25,20,5
S01006659,Economically active: Self-employed: Part-time (1),14,11,3
S01006659,Economically active: Self-employed: Full-time (1),11,9,2
S01006659,Economically active: Unemployed (1),24,18,6
S01006659,Economically inactive,237,184,53
S01006660,All people aged 16 and over,425,252,173
S01006660,Economically active: Total,286,175,111
S01006660,Economically active: Employee: Total,240,148,92
S01006660,Economically active: Employee: Part-time (1),78,42,36
S01006660,Economically active: Employee: Full-time (1),162,106,56
S01006660,Economically active: Self-employed: Total,16,6,10
S01006660,Economically active: Self-employed: Part-time (1),6,1,5
S01006660,Economically active: Self-employed: Full-time (1),10,5,5
S01006660,Economically active: Unemployed (1),30,21,9
S01006660,Economically inactive,139,77,62
S01006661,All people aged 16 and over,590,431,159
S01006661,Economically active: Total,363,259,104
S01006661,Economically active: Employee: Total,318,231,87
S01006661,Economically active: Employee: Part-time (1),109,84,25
S01006661,Economically active: Employee: Full-time (1),209,147,62
S01006661,Economically active: Self-employed: Total,16,10,6
S01006661,Economically active: Self-employed: Part-time (1),6,3,3
S01006661,Economically active: Self-employed: Full-time (1),10,7,3
S01006661,Economically active: Unemployed (1),29,18,11
S01006661,Economically inactive,227,172,55
S01006662,All people aged 16 and over,738,472,266
S01006662,Economically active: Total,403,262,141
S01006662,Economically active: Employee: Total,309,204,105
S01006662,Economically active: Employee: Part-time (1),124,79,45
S01006662,Economically active: Employee: Full-time (1),185,125,60
S01006662,Economically active: Self-employed: Total,24,12,12
S01006662,Economically active: Self-employed: Part-time (1),15,8,7
S01006662,Economically active: Self-employed: Full-time (1),9,4,5
S01006662,Economically active: Unemployed (1),70,46,24
S01006662,Economically inactive,335,210,125
S01006663,All people aged 16 and over,522,373,149
S01006663,Economically active: Total,315,238,77
S01006663,Economically active: Employee: Total,264,205,59
S01006663,Economically active: Employee: Part-time (1),104,79,25
S01006663,Economically active: Employee: Full-time (1),160,126,34
S01006663,Economically active: Self-employed: Total,22,15,7
S01006663,Economically active: Self-employed: Part-time (1),4,4,0
S01006663,Economically active: Self-employed: Full-time (1),18,11,7
S01006663,Economically active: Unemployed (1),29,18,11
S01006663,Economically inactive,207,135,72
S01006664,All people aged 16 and over,471,333,138
S01006664,Economically active: Total,311,209,102
S01006664,Economically active: Employee: Total,278,188,90
S01006664,Economically active: Employee: Part-time (1),113,73,40
S01006664,Economically active: Employee: Full-time (1),165,115,50
S01006664,Economically active: Self-employed: Total,12,10,2
S01006664,Economically active: Self-employed: Part-time (1),5,5,0
S01006664,Economically active: Self-employed: Full-time (1),7,5,2
S01006664,Economically active: Unemployed (1),21,11,10
S01006664,Economically inactive,160,124,36
S01006665,All people aged 16 and over,681,480,201
S01006665,Economically active: Total,407,293,114
S01006665,Economically active: Employee: Total,346,252,94
S01006665,Economically active: Employee: Part-time (1),155,115,40
S01006665,Economically active: Employee: Full-time (1),191,137,54
S01006665,Economically active: Self-employed: Total,22,16,6
S01006665,Economically active: Self-employed: Part-time (1),7,5,2
S01006665,Economically active: Self-employed: Full-time (1),15,11,4
S01006665,Economically active: Unemployed (1),39,25,14
S01006665,Economically inactive,274,187,87
S01006666,All people aged 16 and over,742,543,199
S01006666,Economically active: Total,424,254,170
S01006666,Economically active: Employee: Total,340,199,141
S01006666,Economically active: Employee: Part-time (1),100,50,50
S01006666,Economically active: Employee: Full-time (1),240,149,91
S01006666,Economically active: Self-employed: Total,28,14,14
S01006666,Economically active: Self-employed: Part-time (1),7,3,4
S01006666,Economically active: Self-employed: Full-time (1),21,11,10
S01006666,Economically active: Unemployed (1),56,41,15
S01006666,Economically inactive,318,289,29
S01006667,All people aged 16 and over,653,474,179
S01006667,Economically active: Total,405,269,136
S01006667,Economically active: Employee: Total,321,206,115
S01006667,Economically active: Employee: Part-time (1),86,47,39
S01006667,Economically active: Employee: Full-time (1),235,159,76
S01006667,Economically active: Self-employed: Total,21,14,7
S01006667,Economically active: Self-employed: Part-time (1),6,5,1
S01006667,Economically active: Self-employed: Full-time (1),15,9,6
S01006667,Economically active: Unemployed (1),63,49,14
S01006667,Economically inactive,248,205,43
S01006668,All people aged 16 and over,858,634,224
S01006668,Economically active: Total,550,426,124
S01006668,Economically active: Employee: Total,468,370,98
S01006668,Economically active: Employee: Part-time (1),183,143,40
S01006668,Economically active: Employee: Full-time (1),285,227,58
S01006668,Economically active: Self-employed: Total,19,16,3
S01006668,Economically active: Self-employed: Part-time (1),5,5,0
S01006668,Economically active: Self-employed: Full-time (1),14,11,3
S01006668,Economically active: Unemployed (1),63,40,23
S01006668,Economically inactive,308,208,100
S01006669,All people aged 16 and over,1161,734,427
S01006669,Economically active: Total,522,334,188
S01006669,Economically active: Employee: Total,394,252,142
S01006669,Economically active: Employee: Part-time (1),144,98,46
S01006669,Economically active: Employee: Full-time (1),250,154,96
S01006669,Economically active: Self-employed: Total,28,22,6
S01006669,Economically active: Self-employed: Part-time (1),8,5,3
S01006669,Economically active: Self-employed: Full-time (1),20,17,3
S01006669,Economically active: Unemployed (1),100,60,40
S01006669,Economically inactive,639,400,239
S01006670,All people aged 16 and over,901,711,190
S01006670,Economically active: Total,549,443,106
S01006670,Economically active: Employee: Total,450,376,74
S01006670,Economically active: Employee: Part-time (1),208,172,36
S01006670,Economically active: Employee: Full-time (1),242,204,38
S01006670,Economically active: Self-employed: Total,20,18,2
S01006670,Economically active: Self-employed: Part-time (1),9,8,1
S01006670,Economically active: Self-employed: Full-time (1),11,10,1
S01006670,Economically active: Unemployed (1),79,49,30
S01006670,Economically inactive,352,268,84
S01006671,All people aged 16 and over,2355,1344,1011
S01006671,Economically active: Total,988,666,322
S01006671,Economically active: Employee: Total,580,417,163
S01006671,Economically active: Employee: Part-time (1),415,298,117
S01006671,Economically active: Employee: Full-time (1),165,119,46
S01006671,Economically active: Self-employed: Total,26,21,5
S01006671,Economically active: Self-employed: Part-time (1),13,11,2
S01006671,Economically active: Self-employed: Full-time (1),13,10,3
S01006671,Economically active: Unemployed (1),382,228,154
S01006671,Economically inactive,1367,678,689
S01006672,All people aged 16 and over,685,514,171
S01006672,Economically active: Total,422,300,122
S01006672,Economically active: Employee: Total,358,254,104
S01006672,Economically active: Employee: Part-time (1),138,84,54
S01006672,Economically active: Employee: Full-time (1),220,170,50
S01006672,Economically active: Self-employed: Total,19,13,6
S01006672,Economically active: Self-employed: Part-time (1),8,6,2
S01006672,Economically active: Self-employed: Full-time (1),11,7,4
S01006672,Economically active: Unemployed (1),45,33,12
S01006672,Economically inactive,263,214,49
S01006673,All people aged 16 and over,760,502,258
S01006673,Economically active: Total,499,332,167
S01006673,Economically active: Employee: Total,392,272,120
S01006673,Economically active: Employee: Part-time (1),141,92,49
S01006673,Economically active: Employee: Full-time (1),251,180,71
S01006673,Economically active: Self-employed: Total,43,21,22
S01006673,Economically active: Self-employed: Part-time (1),11,5,6
S01006673,Economically active: Self-employed: Full-time (1),32,16,16
S01006673,Economically active: Unemployed (1),64,39,25
S01006673,Economically inactive,261,170,91
S01006674,All people aged 16 and over,779,588,191
S01006674,Economically active: Total,453,301,152
S01006674,Economically active: Employee: Total,368,248,120
S01006674,Economically active: Employee: Part-time (1),111,62,49
S01006674,Economically active: Employee: Full-time (1),257,186,71
S01006674,Economically active: Self-employed: Total,33,18,15
S01006674,Economically active: Self-employed: Part-time (1),14,9,5
S01006674,Economically active: Self-employed: Full-time (1),19,9,10
S01006674,Economically active: Unemployed (1),52,35,17
S01006674,Economically inactive,326,287,39
S01006675,All people aged 16 and over,530,274,256
S01006675,Economically active: Total,387,165,222
S01006675,Economically active: Employee: Total,317,130,187
S01006675,Economically active: Employee: Part-time (1),110,38,72
S01006675,Economically active: Employee: Full-time (1),207,92,115
S01006675,Economically active: Self-employed: Total,16,6,10
S01006675,Economically active: Self-employed: Part-time (1),6,2,4
S01006675,Economically active: Self-employed: Full-time (1),10,4,6
S01006675,Economically active: Unemployed (1),54,29,25
S01006675,Economically inactive,143,109,34
S01006676,All people aged 16 and over,606,430,176
S01006676,Economically active: Total,386,243,143
S01006676,Economically active: Employee: Total,322,194,128
S01006676,Economically active: Employee: Part-time (1),109,64,45
S01006676,Economically active: Employee: Full-time (1),213,130,83
S01006676,Economically active: Self-employed: Total,21,12,9
S01006676,Economically active: Self-employed: Part-time (1),4,3,1
S01006676,Economically active: Self-employed: Full-time (1),17,9,8
S01006676,Economically active: Unemployed (1),43,37,6
S01006676,Economically inactive,220,187,33
S01006677,All people aged 16 and over,621,466,155
S01006677,Economically active: Total,417,297,120
S01006677,Economically active: Employee: Total,339,237,102
S01006677,Economically active: Employee: Part-time (1),114,73,41
S01006677,Economically active: Employee: Full-time (1),225,164,61
S01006677,Economically active: Self-employed: Total,26,17,9
S01006677,Economically active: Self-employed: Part-time (1),13,8,5
S01006677,Economically active: Self-employed: Full-time (1),13,9,4
S01006677,Economically active: Unemployed (1),52,43,9
S01006677,Economically inactive,204,169,35
S01006678,All people aged 16 and over,935,660,275
S01006678,Economically active: Total,627,413,214
S01006678,Economically active: Employee: Total,523,332,191
S01006678,Economically active: Employee: Part-time (1),150,78,72
S01006678,Economically active: Employee: Full-time (1),373,254,119
S01006678,Economically active: Self-employed: Total,25,12,13
S01006678,Economically active: Self-employed: Part-time (1),5,3,2
S01006678,Economically active: Self-employed: Full-time (1),20,9,11
S01006678,Economically active: Unemployed (1),79,69,10
S01006678,Economically inactive,308,247,61
S01006679,All people aged 16 and over,581,518,63
S01006679,Economically active: Total,398,346,52
S01006679,Economically active: Employee: Total,361,317,44
S01006679,Economically active: Employee: Part-time (1),90,78,12
S01006679,Economically active: Employee: Full-time (1),271,239,32
S01006679,Economically active: Self-employed: Total,21,17,4
S01006679,Economically active: Self-employed: Part-time (1),6,4,2
S01006679,Economically active: Self-employed: Full-time (1),15,13,2
S01006679,Economically active: Unemployed (1),16,12,4
S01006679,Economically inactive,183,172,11
S01006680,All people aged 16 and over,668,395,273
S01006680,Economically active: Total,471,246,225
S01006680,Economically active: Employee: Total,391,193,198
S01006680,Economically active: Employee: Part-time (1),114,52,62
S01006680,Economically active: Employee: Full-time (1),277,141,136
S01006680,Economically active: Self-employed: Total,26,15,11
S01006680,Economically active: Self-employed: Part-time (1),5,3,2
S01006680,Economically active: Self-employed: Full-time (1),21,12,9
S01006680,Economically active: Unemployed (1),54,38,16
S01006680,Economically inactive,197,149,48
S01006681,All people aged 16 and over,765,696,69
S01006681,Economically active: Total,497,442,55
S01006681,Economically active: Employee: Total,444,398,46
S01006681,Economically active: Employee: Part-time (1),101,87,14
S01006681,Economically active: Employee: Full-time (1),343,311,32
S01006681,Economically active: Self-employed: Total,24,19,5
S01006681,Economically active: Self-employed: Part-time (1),5,4,1
S01006681,Economically active: Self-employed: Full-time (1),19,15,4
S01006681,Economically active: Unemployed (1),29,25,4
S01006681,Economically inactive,268,254,14
S01006682,All people aged 16 and over,662,414,248
S01006682,Economically active: Total,459,251,208
S01006682,Economically active: Employee: Total,374,189,185
S01006682,Economically active: Employee: Part-time (1),111,54,57
S01006682,Economically active: Employee: Full-time (1),263,135,128
S01006682,Economically active: Self-employed: Total,28,19,9
S01006682,Economically active: Self-employed: Part-time (1),11,10,1
S01006682,Economically active: Self-employed: Full-time (1),17,9,8
S01006682,Economically active: Unemployed (1),57,43,14
S01006682,Economically inactive,203,163,40
S01006683,All people aged 16 and over,697,466,231
S01006683,Economically active: Total,509,329,180
S01006683,Economically active: Employee: Total,431,271,160
S01006683,Economically active: Employee: Part-time (1),141,87,54
S01006683,Economically active: Employee: Full-time (1),290,184,106
S01006683,Economically active: Self-employed: Total,24,14,10
S01006683,Economically active: Self-employed: Part-time (1),5,2,3
S01006683,Economically active: Self-employed: Full-time (1),19,12,7
S01006683,Economically active: Unemployed (1),54,44,10
S01006683,Economically inactive,188,137,51
S01006684,All people aged 16 and over,605,432,173
S01006684,Economically active: Total,429,283,146
S01006684,Economically active: Employee: Total,366,239,127
S01006684,Economically active: Employee: Part-time (1),95,53,42
S01006684,Economically active: Employee: Full-time (1),271,186,85
S01006684,Economically active: Self-employed: Total,17,11,6
S01006684,Economically active: Self-employed: Part-time (1),2,1,1
S01006684,Economically active: Self-employed: Full-time (1),15,10,5
S01006684,Economically active: Unemployed (1),46,33,13
S01006684,Economically inactive,176,149,27
S01006685,All people aged 16 and over,638,536,102
S01006685,Economically active: Total,457,374,83
S01006685,Economically active: Employee: Total,388,315,73
S01006685,Economically active: Employee: Part-time (1),92,72,20
S01006685,Economically active: Employee: Full-time (1),296,243,53
S01006685,Economically active: Self-employed: Total,21,15,6
S01006685,Economically active: Self-employed: Part-time (1),9,4,5
S01006685,Economically active: Self-employed: Full-time (1),12,11,1
S01006685,Economically active: Unemployed (1),48,44,4
S01006685,Economically inactive,181,162,19
S01006686,All people aged 16 and over,521,447,74
S01006686,Economically active: Total,348,286,62
S01006686,Economically active: Employee: Total,305,248,57
S01006686,Economically active: Employee: Part-time (1),81,69,12
S01006686,Economically active: Employee: Full-time (1),224,179,45
S01006686,Economically active: Self-employed: Total,22,20,2
S01006686,Economically active: Self-employed: Part-time (1),8,6,2
S01006686,Economically active: Self-employed: Full-time (1),14,14,0
S01006686,Economically active: Unemployed (1),21,18,3
S01006686,Economically inactive,173,161,12
S01006687,All people aged 16 and over,719,625,94
S01006687,Economically active: Total,475,400,75
S01006687,Economically active: Employee: Total,422,360,62
S01006687,Economically active: Employee: Part-time (1),119,103,16
S01006687,Economically active: Employee: Full-time (1),303,257,46
S01006687,Economically active: Self-employed: Total,18,14,4
S01006687,Economically active: Self-employed: Part-time (1),5,3,2
S01006687,Economically active: Self-employed: Full-time (1),13,11,2
S01006687,Economically active: Unemployed (1),35,26,9
S01006687,Economically inactive,244,225,19
S01006688,All people aged 16 and over,851,802,49
S01006688,Economically active: Total,430,395,35
S01006688,Economically active: Employee: Total,366,338,28
S01006688,Economically active: Employee: Part-time (1),90,85,5
S01006688,Economically active: Employee: Full-time (1),276,253,23
S01006688,Economically active: Self-employed: Total,46,42,4
S01006688,Economically active: Self-employed: Part-time (1),8,7,1
S01006688,Economically active: Self-employed: Full-time (1),38,35,3
S01006688,Economically active: Unemployed (1),18,15,3
S01006688,Economically inactive,421,407,14
S01006689,All people aged 16 and over,546,438,108
S01006689,Economically active: Total,405,324,81
S01006689,Economically active: Employee: Total,341,273,68
S01006689,Economically active: Employee: Part-time (1),76,65,11
S01006689,Economically active: Employee: Full-time (1),265,208,57
S01006689,Economically active: Self-employed: Total,47,40,7
S01006689,Economically active: Self-employed: Part-time (1),8,8,0
S01006689,Economically active: Self-employed: Full-time (1),39,32,7
S01006689,Economically active: Unemployed (1),17,11,6
S01006689,Economically inactive,141,114,27
S01006690,All people aged 16 and over,533,436,97
S01006690,Economically active: Total,348,279,69
S01006690,Economically active: Employee: Total,305,245,60
S01006690,Economically active: Employee: Part-time (1),88,76,12
S01006690,Economically active: Employee: Full-time (1),217,169,48
S01006690,Economically active: Self-employed: Total,18,16,2
S01006690,Economically active: Self-employed: Part-time (1),3,3,0
S01006690,Economically active: Self-employed: Full-time (1),15,13,2
S01006690,Economically active: Unemployed (1),25,18,7
S01006690,Economically inactive,185,157,28
S01006691,All people aged 16 and over,497,389,108
S01006691,Economically active: Total,350,273,77
S01006691,Economically active: Employee: Total,311,241,70
S01006691,Economically active: Employee: Part-time (1),84,61,23
S01006691,Economically active: Employee: Full-time (1),227,180,47
S01006691,Economically active: Self-employed: Total,26,23,3
S01006691,Economically active: Self-employed: Part-time (1),7,6,1
S01006691,Economically active: Self-employed: Full-time (1),19,17,2
S01006691,Economically active: Unemployed (1),13,9,4
S01006691,Economically inactive,147,116,31
S01006692,All people aged 16 and over,669,590,79
S01006692,Economically active: Total,396,348,48
S01006692,Economically active: Employee: Total,350,308,42
S01006692,Economically active: Employee: Part-time (1),77,68,9
S01006692,Economically active: Employee: Full-time (1),273,240,33
S01006692,Economically active: Self-employed: Total,32,28,4
S01006692,Economically active: Self-employed: Part-time (1),10,8,2
S01006692,Economically active: Self-employed: Full-time (1),22,20,2
S01006692,Economically active: Unemployed (1),14,12,2
S01006692,Economically inactive,273,242,31
S01006693,All people aged 16 and over,834,646,188
S01006693,Economically active: Total,609,460,149
S01006693,Economically active: Employee: Total,531,403,128
S01006693,Economically active: Employee: Part-time (1),128,94,34
S01006693,Economically active: Employee: Full-time (1),403,309,94
S01006693,Economically active: Self-employed: Total,35,31,4
S01006693,Economically active: Self-employed: Part-time (1),15,14,1
S01006693,Economically active: Self-employed: Full-time (1),20,17,3
S01006693,Economically active: Unemployed (1),43,26,17
S01006693,Economically inactive,225,186,39
S01006694,All people aged 16 and over,735,688,47
S01006694,Economically active: Total,354,313,41
S01006694,Economically active: Employee: Total,304,266,38
S01006694,Economically active: Employee: Part-time (1),84,73,11
S01006694,Economically active: Employee: Full-time (1),220,193,27
S01006694,Economically active: Self-employed: Total,26,24,2
S01006694,Economically active: Self-employed: Part-time (1),8,7,1
S01006694,Economically active: Self-employed: Full-time (1),18,17,1
S01006694,Economically active: Unemployed (1),24,23,1
S01006694,Economically inactive,381,375,6
S01006695,All people aged 16 and over,608,540,68
S01006695,Economically active: Total,376,323,53
S01006695,Economically active: Employee: Total,335,290,45
S01006695,Economically active: Employee: Part-time (1),88,80,8
S01006695,Economically active: Employee: Full-time (1),247,210,37
S01006695,Economically active: Self-employed: Total,29,26,3
S01006695,Economically active: Self-employed: Part-time (1),7,7,0
S01006695,Economically active: Self-employed: Full-time (1),22,19,3
S01006695,Economically active: Unemployed (1),12,7,5
S01006695,Economically inactive,232,217,15
S01006696,All people aged 16 and over,695,576,119
S01006696,Economically active: Total,437,341,96
S01006696,Economically active: Employee: Total,377,295,82
S01006696,Economically active: Employee: Part-time (1),124,104,20
S01006696,Economically active: Employee: Full-time (1),253,191,62
S01006696,Economically active: Self-employed: Total,20,14,6
S01006696,Economically active: Self-employed: Part-time (1),7,5,2
S01006696,Economically active: Self-employed: Full-time (1),13,9,4
S01006696,Economically active: Unemployed (1),40,32,8
S01006696,Economically inactive,258,235,23
S01006697,All people aged 16 and over,772,646,126
S01006697,Economically active: Total,499,398,101
S01006697,Economically active: Employee: Total,441,353,88
S01006697,Economically active: Employee: Part-time (1),138,111,27
S01006697,Economically active: Employee: Full-time (1),303,242,61
S01006697,Economically active: Self-employed: Total,36,29,7
S01006697,Economically active: Self-employed: Part-time (1),9,7,2
S01006697,Economically active: Self-employed: Full-time (1),27,22,5
S01006697,Economically active: Unemployed (1),22,16,6
S01006697,Economically inactive,273,248,25
S01006698,All people aged 16 and over,608,511,97
S01006698,Economically active: Total,339,262,77
S01006698,Economically active: Employee: Total,313,245,68
S01006698,Economically active: Employee: Part-time (1),81,66,15
S01006698,Economically active: Employee: Full-time (1),232,179,53
S01006698,Economically active: Self-employed: Total,8,6,2
S01006698,Economically active: Self-employed: Part-time (1),3,2,1
S01006698,Economically active: Self-employed: Full-time (1),5,4,1
S01006698,Economically active: Unemployed (1),18,11,7
S01006698,Economically inactive,269,249,20
S01006699,All people aged 16 and over,410,341,69
S01006699,Economically active: Total,288,231,57
S01006699,Economically active: Employee: Total,252,201,51
S01006699,Economically active: Employee: Part-time (1),73,54,19
S01006699,Economically active: Employee: Full-time (1),179,147,32
S01006699,Economically active: Self-employed: Total,17,17,0
S01006699,Economically active: Self-employed: Part-time (1),0,0,0
S01006699,Economically active: Self-employed: Full-time (1),17,17,0
S01006699,Economically active: Unemployed (1),19,13,6
S01006699,Economically inactive,122,110,12
S01006700,All people aged 16 and over,754,630,124
S01006700,Economically active: Total,450,347,103
S01006700,Economically active: Employee: Total,386,296,90
S01006700,Economically active: Employee: Part-time (1),90,73,17
S01006700,Economically active: Employee: Full-time (1),296,223,73
S01006700,Economically active: Self-employed: Total,34,26,8
S01006700,Economically active: Self-employed: Part-time (1),10,8,2
S01006700,Economically active: Self-employed: Full-time (1),24,18,6
S01006700,Economically active: Unemployed (1),30,25,5
S01006700,Economically inactive,304,283,21
S01006701,All people aged 16 and over,554,520,34
S01006701,Economically active: Total,376,346,30
S01006701,Economically active: Employee: Total,319,292,27
S01006701,Economically active: Employee: Part-time (1),101,96,5
S01006701,Economically active: Employee: Full-time (1),218,196,22
S01006701,Economically active: Self-employed: Total,15,15,0
S01006701,Economically active: Self-employed: Part-time (1),7,7,0
S01006701,Economically active: Self-employed: Full-time (1),8,8,0
S01006701,Economically active: Unemployed (1),42,39,3
S01006701,Economically inactive,178,174,4
S01006702,All people aged 16 and over,635,604,31
S01006702,Economically active: Total,433,404,29
S01006702,Economically active: Employee: Total,370,346,24
S01006702,Economically active: Employee: Part-time (1),110,104,6
S01006702,Economically active: Employee: Full-time (1),260,242,18
S01006702,Economically active: Self-employed: Total,34,33,1
S01006702,Economically active: Self-employed: Part-time (1),12,11,1
S01006702,Economically active: Self-employed: Full-time (1),22,22,0
S01006702,Economically active: Unemployed (1),29,25,4
S01006702,Economically inactive,202,200,2
S01006703,All people aged 16 and over,522,461,61
S01006703,Economically active: Total,356,308,48
S01006703,Economically active: Employee: Total,303,263,40
S01006703,Economically active: Employee: Part-time (1),80,69,11
S01006703,Economically active: Employee: Full-time (1),223,194,29
S01006703,Economically active: Self-employed: Total,19,18,1
S01006703,Economically active: Self-employed: Part-time (1),2,2,0
S01006703,Economically active: Self-employed: Full-time (1),17,16,1
S01006703,Economically active: Unemployed (1),34,27,7
S01006703,Economically inactive,166,153,13
S01006704,All people aged 16 and over,481,448,33
S01006704,Economically active: Total,297,273,24
S01006704,Economically active: Employee: Total,261,240,21
S01006704,Economically active: Employee: Part-time (1),68,63,5
S01006704,Economically active: Employee: Full-time (1),193,177,16
S01006704,Economically active: Self-employed: Total,11,9,2
S01006704,Economically active: Self-employed: Part-time (1),4,4,0
S01006704,Economically active: Self-employed: Full-time (1),7,5,2
S01006704,Economically active: Unemployed (1),25,24,1
S01006704,Economically inactive,184,175,9
S01006705,All people aged 16 and over,627,589,38
S01006705,Economically active: Total,373,347,26
S01006705,Economically active: Employee: Total,328,308,20
S01006705,Economically active: Employee: Part-time (1),95,91,4
S01006705,Economically active: Employee: Full-time (1),233,217,16
S01006705,Economically active: Self-employed: Total,27,25,2
S01006705,Economically active: Self-employed: Part-time (1),7,6,1
S01006705,Economically active: Self-employed: Full-time (1),20,19,1
S01006705,Economically active: Unemployed (1),18,14,4
S01006705,Economically inactive,254,242,12
S01006706,All people aged 16 and over,495,452,43
S01006706,Economically active: Total,343,303,40
S01006706,Economically active: Employee: Total,296,259,37
S01006706,Economically active: Employee: Part-time (1),78,72,6
S01006706,Economically active: Employee: Full-time (1),218,187,31
S01006706,Economically active: Self-employed: Total,27,25,2
S01006706,Economically active: Self-employed: Part-time (1),6,6,0
S01006706,Economically active: Self-employed: Full-time (1),21,19,2
S01006706,Economically active: Unemployed (1),20,19,1
S01006706,Economically inactive,152,149,3
S01006707,All people aged 16 and over,543,485,58
S01006707,Economically active: Total,363,314,49
S01006707,Economically active: Employee: Total,310,264,46
S01006707,Economically active: Employee: Part-time (1),86,74,12
S01006707,Economically active: Employee: Full-time (1),224,190,34
S01006707,Economically active: Self-employed: Total,23,21,2
S01006707,Economically active: Self-employed: Part-time (1),4,4,0
S01006707,Economically active: Self-employed: Full-time (1),19,17,2
S01006707,Economically active: Unemployed (1),30,29,1
S01006707,Economically inactive,180,171,9
S01006708,All people aged 16 and over,668,594,74
S01006708,Economically active: Total,405,347,58
S01006708,Economically active: Employee: Total,359,304,55
S01006708,Economically active: Employee: Part-time (1),93,82,11
S01006708,Economically active: Employee: Full-time (1),266,222,44
S01006708,Economically active: Self-employed: Total,27,26,1
S01006708,Economically active: Self-employed: Part-time (1),7,7,0
S01006708,Economically active: Self-employed: Full-time (1),20,19,1
S01006708,Economically active: Unemployed (1),19,17,2
S01006708,Economically inactive,263,247,16
S01006709,All people aged 16 and over,678,628,50
S01006709,Economically active: Total,443,401,42
S01006709,Economically active: Employee: Total,379,341,38
S01006709,Economically active: Employee: Part-time (1),123,111,12
S01006709,Economically active: Employee: Full-time (1),256,230,26
S01006709,Economically active: Self-employed: Total,33,30,3
S01006709,Economically active: Self-employed: Part-time (1),8,6,2
S01006709,Economically active: Self-employed: Full-time (1),25,24,1
S01006709,Economically active: Unemployed (1),31,30,1
S01006709,Economically inactive,235,227,8
S01006710,All people aged 16 and over,753,722,31
S01006710,Economically active: Total,464,439,25
S01006710,Economically active: Employee: Total,418,396,22
S01006710,Economically active: Employee: Part-time (1),113,105,8
S01006710,Economically active: Employee: Full-time (1),305,291,14
S01006710,Economically active: Self-employed: Total,31,28,3
S01006710,Economically active: Self-employed: Part-time (1),3,3,0
S01006710,Economically active: Self-employed: Full-time (1),28,25,3
S01006710,Economically active: Unemployed (1),15,15,0
S01006710,Economically inactive,289,283,6
S01006711,All people aged 16 and over,807,778,29
S01006711,Economically active: Total,508,482,26
S01006711,Economically active: Employee: Total,424,405,19
S01006711,Economically active: Employee: Part-time (1),113,107,6
S01006711,Economically active: Employee: Full-time (1),311,298,13
S01006711,Economically active: Self-employed: Total,53,49,4
S01006711,Economically active: Self-employed: Part-time (1),16,14,2
S01006711,Economically active: Self-employed: Full-time (1),37,35,2
S01006711,Economically active: Unemployed (1),31,28,3
S01006711,Economically inactive,299,296,3
S01006712,All people aged 16 and over,454,434,20
S01006712,Economically active: Total,266,249,17
S01006712,Economically active: Employee: Total,240,226,14
S01006712,Economically active: Employee: Part-time (1),59,56,3
S01006712,Economically active: Employee: Full-time (1),181,170,11
S01006712,Economically active: Self-employed: Total,13,10,3
S01006712,Economically active: Self-employed: Part-time (1),3,2,1
S01006712,Economically active: Self-employed: Full-time (1),10,8,2
S01006712,Economically active: Unemployed (1),13,13,0
S01006712,Economically inactive,188,185,3
S01006713,All people aged 16 and over,788,736,52
S01006713,Economically active: Total,488,448,40
S01006713,Economically active: Employee: Total,437,401,36
S01006713,Economically active: Employee: Part-time (1),106,96,10
S01006713,Economically active: Employee: Full-time (1),331,305,26
S01006713,Economically active: Self-employed: Total,30,27,3
S01006713,Economically active: Self-employed: Part-time (1),10,10,0
S01006713,Economically active: Self-employed: Full-time (1),20,17,3
S01006713,Economically active: Unemployed (1),21,20,1
S01006713,Economically inactive,300,288,12
S01006714,All people aged 16 and over,589,559,30
S01006714,Economically active: Total,367,342,25
S01006714,Economically active: Employee: Total,328,306,22
S01006714,Economically active: Employee: Part-time (1),91,86,5
S01006714,Economically active: Employee: Full-time (1),237,220,17
S01006714,Economically active: Self-employed: Total,16,15,1
S01006714,Economically active: Self-employed: Part-time (1),4,3,1
S01006714,Economically active: Self-employed: Full-time (1),12,12,0
S01006714,Economically active: Unemployed (1),23,21,2
S01006714,Economically inactive,222,217,5
S01006715,All people aged 16 and over,439,397,42
S01006715,Economically active: Total,295,262,33
S01006715,Economically active: Employee: Total,252,222,30
S01006715,Economically active: Employee: Part-time (1),87,75,12
S01006715,Economically active: Employee: Full-time (1),165,147,18
S01006715,Economically active: Self-employed: Total,15,12,3
S01006715,Economically active: Self-employed: Part-time (1),3,3,0
S01006715,Economically active: Self-employed: Full-time (1),12,9,3
S01006715,Economically active: Unemployed (1),28,28,0
S01006715,Economically inactive,144,135,9
S01006716,All people aged 16 and over,496,457,39
S01006716,Economically active: Total,344,308,36
S01006716,Economically active: Employee: Total,289,260,29
S01006716,Economically active: Employee: Part-time (1),96,88,8
S01006716,Economically active: Employee: Full-time (1),193,172,21
S01006716,Economically active: Self-employed: Total,30,24,6
S01006716,Economically active: Self-employed: Part-time (1),11,9,2
S01006716,Economically active: Self-employed: Full-time (1),19,15,4
S01006716,Economically active: Unemployed (1),25,24,1
S01006716,Economically inactive,152,149,3
S01006717,All people aged 16 and over,819,770,49
S01006717,Economically active: Total,516,477,39
S01006717,Economically active: Employee: Total,453,416,37
S01006717,Economically active: Employee: Part-time (1),133,119,14
S01006717,Economically active: Employee: Full-time (1),320,297,23
S01006717,Economically active: Self-employed: Total,27,26,1
S01006717,Economically active: Self-employed: Part-time (1),7,6,1
S01006717,Economically active: Self-employed: Full-time (1),20,20,0
S01006717,Economically active: Unemployed (1),36,35,1
S01006717,Economically inactive,303,293,10
S01006718,All people aged 16 and over,519,460,59
S01006718,Economically active: Total,345,297,48
S01006718,Economically active: Employee: Total,284,249,35
S01006718,Economically active: Employee: Part-time (1),85,71,14
S01006718,Economically active: Employee: Full-time (1),199,178,21
S01006718,Economically active: Self-employed: Total,27,20,7
S01006718,Economically active: Self-employed: Part-time (1),5,3,2
S01006718,Economically active: Self-employed: Full-time (1),22,17,5
S01006718,Economically active: Unemployed (1),34,28,6
S01006718,Economically inactive,174,163,11
S01006719,All people aged 16 and over,724,685,39
S01006719,Economically active: Total,491,457,34
S01006719,Economically active: Employee: Total,419,389,30
S01006719,Economically active: Employee: Part-time (1),111,107,4
S01006719,Economically active: Employee: Full-time (1),308,282,26
S01006719,Economically active: Self-employed: Total,40,37,3
S01006719,Economically active: Self-employed: Part-time (1),18,16,2
S01006719,Economically active: Self-employed: Full-time (1),22,21,1
S01006719,Economically active: Unemployed (1),32,31,1
S01006719,Economically inactive,233,228,5
S01006720,All people aged 16 and over,477,431,46
S01006720,Economically active: Total,339,300,39
S01006720,Economically active: Employee: Total,291,259,32
S01006720,Economically active: Employee: Part-time (1),79,69,10
S01006720,Economically active: Employee: Full-time (1),212,190,22
S01006720,Economically active: Self-employed: Total,20,17,3
S01006720,Economically active: Self-employed: Part-time (1),3,3,0
S01006720,Economically active: Self-employed: Full-time (1),17,14,3
S01006720,Economically active: Unemployed (1),28,24,4
S01006720,Economically inactive,138,131,7
S01006721,All people aged 16 and over,735,685,50
S01006721,Economically active: Total,489,442,47
S01006721,Economically active: Employee: Total,424,385,39
S01006721,Economically active: Employee: Part-time (1),104,95,9
S01006721,Economically active: Employee: Full-time (1),320,290,30
S01006721,Economically active: Self-employed: Total,27,21,6
S01006721,Economically active: Self-employed: Part-time (1),7,5,2
S01006721,Economically active: Self-employed: Full-time (1),20,16,4
S01006721,Economically active: Unemployed (1),38,36,2
S01006721,Economically inactive,246,243,3
S01006722,All people aged 16 and over,619,555,64
S01006722,Economically active: Total,406,352,54
S01006722,Economically active: Employee: Total,353,307,46
S01006722,Economically active: Employee: Part-time (1),94,85,9
S01006722,Economically active: Employee: Full-time (1),259,222,37
S01006722,Economically active: Self-employed: Total,19,17,2
S01006722,Economically active: Self-employed: Part-time (1),6,6,0
S01006722,Economically active: Self-employed: Full-time (1),13,11,2
S01006722,Economically active: Unemployed (1),34,28,6
S01006722,Economically inactive,213,203,10
S01006723,All people aged 16 and over,553,517,36
S01006723,Economically active: Total,354,325,29
S01006723,Economically active: Employee: Total,303,281,22
S01006723,Economically active: Employee: Part-time (1),70,66,4
S01006723,Economically active: Employee: Full-time (1),233,215,18
S01006723,Economically active: Self-employed: Total,26,23,3
S01006723,Economically active: Self-employed: Part-time (1),7,6,1
S01006723,Economically active: Self-employed: Full-time (1),19,17,2
S01006723,Economically active: Unemployed (1),25,21,4
S01006723,Economically inactive,199,192,7
S01006724,All people aged 16 and over,687,601,86
S01006724,Economically active: Total,470,402,68
S01006724,Economically active: Employee: Total,375,322,53
S01006724,Economically active: Employee: Part-time (1),139,122,17
S01006724,Economically active: Employee: Full-time (1),236,200,36
S01006724,Economically active: Self-employed: Total,28,17,11
S01006724,Economically active: Self-employed: Part-time (1),7,3,4
S01006724,Economically active: Self-employed: Full-time (1),21,14,7
S01006724,Economically active: Unemployed (1),67,63,4
S01006724,Economically inactive,217,199,18
S01006725,All people aged 16 and over,532,491,41
S01006725,Economically active: Total,352,318,34
S01006725,Economically active: Employee: Total,315,286,29
S01006725,Economically active: Employee: Part-time (1),91,85,6
S01006725,Economically active: Employee: Full-time (1),224,201,23
S01006725,Economically active: Self-employed: Total,19,14,5
S01006725,Economically active: Self-employed: Part-time (1),7,5,2
S01006725,Economically active: Self-employed: Full-time (1),12,9,3
S01006725,Economically active: Unemployed (1),18,18,0
S01006725,Economically inactive,180,173,7
S01006726,All people aged 16 and over,985,680,305
S01006726,Economically active: Total,717,467,250
S01006726,Economically active: Employee: Total,584,360,224
S01006726,Economically active: Employee: Part-time (1),193,122,71
S01006726,Economically active: Employee: Full-time (1),391,238,153
S01006726,Economically active: Self-employed: Total,33,17,16
S01006726,Economically active: Self-employed: Part-time (1),11,5,6
S01006726,Economically active: Self-employed: Full-time (1),22,12,10
S01006726,Economically active: Unemployed (1),100,90,10
S01006726,Economically inactive,268,213,55
S01006727,All people aged 16 and over,784,603,181
S01006727,Economically active: Total,483,327,156
S01006727,Economically active: Employee: Total,392,263,129
S01006727,Economically active: Employee: Part-time (1),138,88,50
S01006727,Economically active: Employee: Full-time (1),254,175,79
S01006727,Economically active: Self-employed: Total,23,13,10
S01006727,Economically active: Self-employed: Part-time (1),6,4,2
S01006727,Economically active: Self-employed: Full-time (1),17,9,8
S01006727,Economically active: Unemployed (1),68,51,17
S01006727,Economically inactive,301,276,25
S01006728,All people aged 16 and over,588,509,79
S01006728,Economically active: Total,399,334,65
S01006728,Economically active: Employee: Total,351,299,52
S01006728,Economically active: Employee: Part-time (1),101,93,8
S01006728,Economically active: Employee: Full-time (1),250,206,44
S01006728,Economically active: Self-employed: Total,16,12,4
S01006728,Economically active: Self-employed: Part-time (1),3,2,1
S01006728,Economically active: Self-employed: Full-time (1),13,10,3
S01006728,Economically active: Unemployed (1),32,23,9
S01006728,Economically inactive,189,175,14
S01006729,All people aged 16 and over,639,538,101
S01006729,Economically active: Total,410,321,89
S01006729,Economically active: Employee: Total,347,270,77
S01006729,Economically active: Employee: Part-time (1),103,91,12
S01006729,Economically active: Employee: Full-time (1),244,179,65
S01006729,Economically active: Self-employed: Total,14,12,2
S01006729,Economically active: Self-employed: Part-time (1),5,4,1
S01006729,Economically active: Self-employed: Full-time (1),9,8,1
S01006729,Economically active: Unemployed (1),49,39,10
S01006729,Economically inactive,229,217,12
S01006730,All people aged 16 and over,579,517,62
S01006730,Economically active: Total,417,363,54
S01006730,Economically active: Employee: Total,374,328,46
S01006730,Economically active: Employee: Part-time (1),105,84,21
S01006730,Economically active: Employee: Full-time (1),269,244,25
S01006730,Economically active: Self-employed: Total,16,16,0
S01006730,Economically active: Self-employed: Part-time (1),2,2,0
S01006730,Economically active: Self-employed: Full-time (1),14,14,0
S01006730,Economically active: Unemployed (1),27,19,8
S01006730,Economically inactive,162,154,8
S01006731,All people aged 16 and over,482,457,25
S01006731,Economically active: Total,313,293,20
S01006731,Economically active: Employee: Total,273,254,19
S01006731,Economically active: Employee: Part-time (1),70,65,5
S01006731,Economically active: Employee: Full-time (1),203,189,14
S01006731,Economically active: Self-employed: Total,18,17,1
S01006731,Economically active: Self-employed: Part-time (1),1,1,0
S01006731,Economically active: Self-employed: Full-time (1),17,16,1
S01006731,Economically active: Unemployed (1),22,22,0
S01006731,Economically inactive,169,164,5
S01006732,All people aged 16 and over,858,756,102
S01006732,Economically active: Total,573,501,72
S01006732,Economically active: Employee: Total,463,403,60
S01006732,Economically active: Employee: Part-time (1),145,133,12
S01006732,Economically active: Employee: Full-time (1),318,270,48
S01006732,Economically active: Self-employed: Total,84,74,10
S01006732,Economically active: Self-employed: Part-time (1),14,11,3
S01006732,Economically active: Self-employed: Full-time (1),70,63,7
S01006732,Economically active: Unemployed (1),26,24,2
S01006732,Economically inactive,285,255,30
S01006733,All people aged 16 and over,646,558,88
S01006733,Economically active: Total,482,417,65
S01006733,Economically active: Employee: Total,402,347,55
S01006733,Economically active: Employee: Part-time (1),109,100,9
S01006733,Economically active: Employee: Full-time (1),293,247,46
S01006733,Economically active: Self-employed: Total,63,55,8
S01006733,Economically active: Self-employed: Part-time (1),11,10,1
S01006733,Economically active: Self-employed: Full-time (1),52,45,7
S01006733,Economically active: Unemployed (1),17,15,2
S01006733,Economically inactive,164,141,23
S01006734,All people aged 16 and over,756,643,113
S01006734,Economically active: Total,545,462,83
S01006734,Economically active: Employee: Total,449,381,68
S01006734,Economically active: Employee: Part-time (1),103,97,6
S01006734,Economically active: Employee: Full-time (1),346,284,62
S01006734,Economically active: Self-employed: Total,79,65,14
S01006734,Economically active: Self-employed: Part-time (1),21,18,3
S01006734,Economically active: Self-employed: Full-time (1),58,47,11
S01006734,Economically active: Unemployed (1),17,16,1
S01006734,Economically inactive,211,181,30
S01006735,All people aged 16 and over,501,440,61
S01006735,Economically active: Total,297,251,46
S01006735,Economically active: Employee: Total,260,221,39
S01006735,Economically active: Employee: Part-time (1),67,57,10
S01006735,Economically active: Employee: Full-time (1),193,164,29
S01006735,Economically active: Self-employed: Total,29,23,6
S01006735,Economically active: Self-employed: Part-time (1),11,7,4
S01006735,Economically active: Self-employed: Full-time (1),18,16,2
S01006735,Economically active: Unemployed (1),8,7,1
S01006735,Economically inactive,204,189,15
S01006736,All people aged 16 and over,772,667,105
S01006736,Economically active: Total,675,585,90
S01006736,Economically active: Employee: Total,578,503,75
S01006736,Economically active: Employee: Part-time (1),144,125,19
S01006736,Economically active: Employee: Full-time (1),434,378,56
S01006736,Economically active: Self-employed: Total,76,66,10
S01006736,Economically active: Self-employed: Part-time (1),22,19,3
S01006736,Economically active: Self-employed: Full-time (1),54,47,7
S01006736,Economically active: Unemployed (1),21,16,5
S01006736,Economically inactive,97,82,15
S01006737,All people aged 16 and over,544,472,72
S01006737,Economically active: Total,352,308,44
S01006737,Economically active: Employee: Total,293,258,35
S01006737,Economically active: Employee: Part-time (1),75,68,7
S01006737,Economically active: Employee: Full-time (1),218,190,28
S01006737,Economically active: Self-employed: Total,45,38,7
S01006737,Economically active: Self-employed: Part-time (1),14,12,2
S01006737,Economically active: Self-employed: Full-time (1),31,26,5
S01006737,Economically active: Unemployed (1),14,12,2
S01006737,Economically inactive,192,164,28
S01006738,All people aged 16 and over,714,639,75
S01006738,Economically active: Total,608,537,71
S01006738,Economically active: Employee: Total,542,475,67
S01006738,Economically active: Employee: Part-time (1),74,64,10
S01006738,Economically active: Employee: Full-time (1),468,411,57
S01006738,Economically active: Self-employed: Total,41,41,0
S01006738,Economically active: Self-employed: Part-time (1),11,11,0
S01006738,Economically active: Self-employed: Full-time (1),30,30,0
S01006738,Economically active: Unemployed (1),25,21,4
S01006738,Economically inactive,106,102,4
S01006739,All people aged 16 and over,529,464,65
S01006739,Economically active: Total,427,370,57
S01006739,Economically active: Employee: Total,375,325,50
S01006739,Economically active: Employee: Part-time (1),67,58,9
S01006739,Economically active: Employee: Full-time (1),308,267,41
S01006739,Economically active: Self-employed: Total,35,29,6
S01006739,Economically active: Self-employed: Part-time (1),9,8,1
S01006739,Economically active: Self-employed: Full-time (1),26,21,5
S01006739,Economically active: Unemployed (1),17,16,1
S01006739,Economically inactive,102,94,8
S01006740,All people aged 16 and over,637,605,32
S01006740,Economically active: Total,420,393,27
S01006740,Economically active: Employee: Total,373,350,23
S01006740,Economically active: Employee: Part-time (1),89,82,7
S01006740,Economically active: Employee: Full-time (1),284,268,16
S01006740,Economically active: Self-employed: Total,22,20,2
S01006740,Economically active: Self-employed: Part-time (1),5,5,0
S01006740,Economically active: Self-employed: Full-time (1),17,15,2
S01006740,Economically active: Unemployed (1),25,23,2
S01006740,Economically inactive,217,212,5
S01006741,All people aged 16 and over,596,570,26
S01006741,Economically active: Total,325,305,20
S01006741,Economically active: Employee: Total,294,275,19
S01006741,Economically active: Employee: Part-time (1),96,89,7
S01006741,Economically active: Employee: Full-time (1),198,186,12
S01006741,Economically active: Self-employed: Total,26,26,0
S01006741,Economically active: Self-employed: Part-time (1),7,7,0
S01006741,Economically active: Self-employed: Full-time (1),19,19,0
S01006741,Economically active: Unemployed (1),5,4,1
S01006741,Economically inactive,271,265,6
S01006742,All people aged 16 and over,388,366,22
S01006742,Economically active: Total,218,197,21
S01006742,Economically active: Employee: Total,191,172,19
S01006742,Economically active: Employee: Part-time (1),56,48,8
S01006742,Economically active: Employee: Full-time (1),135,124,11
S01006742,Economically active: Self-employed: Total,18,16,2
S01006742,Economically active: Self-employed: Part-time (1),3,3,0
S01006742,Economically active: Self-employed: Full-time (1),15,13,2
S01006742,Economically active: Unemployed (1),9,9,0
S01006742,Economically inactive,170,169,1
S01006743,All people aged 16 and over,481,459,22
S01006743,Economically active: Total,326,308,18
S01006743,Economically active: Employee: Total,297,280,17
S01006743,Economically active: Employee: Part-time (1),55,54,1
S01006743,Economically active: Employee: Full-time (1),242,226,16
S01006743,Economically active: Self-employed: Total,25,24,1
S01006743,Economically active: Self-employed: Part-time (1),4,4,0
S01006743,Economically active: Self-employed: Full-time (1),21,20,1
S01006743,Economically active: Unemployed (1),4,4,0
S01006743,Economically inactive,155,151,4
S01006744,All people aged 16 and over,524,489,35
S01006744,Economically active: Total,401,373,28
S01006744,Economically active: Employee: Total,350,330,20
S01006744,Economically active: Employee: Part-time (1),85,79,6
S01006744,Economically active: Employee: Full-time (1),265,251,14
S01006744,Economically active: Self-employed: Total,34,27,7
S01006744,Economically active: Self-employed: Part-time (1),6,6,0
S01006744,Economically active: Self-employed: Full-time (1),28,21,7
S01006744,Economically active: Unemployed (1),17,16,1
S01006744,Economically inactive,123,116,7
S01006745,All people aged 16 and over,707,660,47
S01006745,Economically active: Total,429,399,30
S01006745,Economically active: Employee: Total,374,350,24
S01006745,Economically active: Employee: Part-time (1),93,88,5
S01006745,Economically active: Employee: Full-time (1),281,262,19
S01006745,Economically active: Self-employed: Total,35,32,3
S01006745,Economically active: Self-employed: Part-time (1),10,9,1
S01006745,Economically active: Self-employed: Full-time (1),25,23,2
S01006745,Economically active: Unemployed (1),20,17,3
S01006745,Economically inactive,278,261,17
S01006746,All people aged 16 and over,712,684,28
S01006746,Economically active: Total,455,430,25
S01006746,Economically active: Employee: Total,401,382,19
S01006746,Economically active: Employee: Part-time (1),112,110,2
S01006746,Economically active: Employee: Full-time (1),289,272,17
S01006746,Economically active: Self-employed: Total,29,25,4
S01006746,Economically active: Self-employed: Part-time (1),11,7,4
S01006746,Economically active: Self-employed: Full-time (1),18,18,0
S01006746,Economically active: Unemployed (1),25,23,2
S01006746,Economically inactive,257,254,3
S01006747,All people aged 16 and over,728,691,37
S01006747,Economically active: Total,425,398,27
S01006747,Economically active: Employee: Total,380,357,23
S01006747,Economically active: Employee: Part-time (1),115,113,2
S01006747,Economically active: Employee: Full-time (1),265,244,21
S01006747,Economically active: Self-employed: Total,30,29,1
S01006747,Economically active: Self-employed: Part-time (1),8,7,1
S01006747,Economically active: Self-employed: Full-time (1),22,22,0
S01006747,Economically active: Unemployed (1),15,12,3
S01006747,Economically inactive,303,293,10
S01006748,All people aged 16 and over,772,707,65
S01006748,Economically active: Total,500,443,57
S01006748,Economically active: Employee: Total,431,379,52
S01006748,Economically active: Employee: Part-time (1),105,97,8
S01006748,Economically active: Employee: Full-time (1),326,282,44
S01006748,Economically active: Self-employed: Total,52,48,4
S01006748,Economically active: Self-employed: Part-time (1),10,8,2
S01006748,Economically active: Self-employed: Full-time (1),42,40,2
S01006748,Economically active: Unemployed (1),17,16,1
S01006748,Economically inactive,272,264,8
S01006749,All people aged 16 and over,773,704,69
S01006749,Economically active: Total,536,482,54
S01006749,Economically active: Employee: Total,483,437,46
S01006749,Economically active: Employee: Part-time (1),106,102,4
S01006749,Economically active: Employee: Full-time (1),377,335,42
S01006749,Economically active: Self-employed: Total,31,26,5
S01006749,Economically active: Self-employed: Part-time (1),9,6,3
S01006749,Economically active: Self-employed: Full-time (1),22,20,2
S01006749,Economically active: Unemployed (1),22,19,3
S01006749,Economically inactive,237,222,15
S01006750,All people aged 16 and over,627,596,31
S01006750,Economically active: Total,374,356,18
S01006750,Economically active: Employee: Total,329,312,17
S01006750,Economically active: Employee: Part-time (1),87,80,7
S01006750,Economically active: Employee: Full-time (1),242,232,10
S01006750,Economically active: Self-employed: Total,26,25,1
S01006750,Economically active: Self-employed: Part-time (1),5,5,0
S01006750,Economically active: Self-employed: Full-time (1),21,20,1
S01006750,Economically active: Unemployed (1),19,19,0
S01006750,Economically inactive,253,240,13
S01006751,All people aged 16 and over,436,413,23
S01006751,Economically active: Total,258,239,19
S01006751,Economically active: Employee: Total,234,218,16
S01006751,Economically active: Employee: Part-time (1),73,68,5
S01006751,Economically active: Employee: Full-time (1),161,150,11
S01006751,Economically active: Self-employed: Total,19,17,2
S01006751,Economically active: Self-employed: Part-time (1),8,8,0
S01006751,Economically active: Self-employed: Full-time (1),11,9,2
S01006751,Economically active: Unemployed (1),5,4,1
S01006751,Economically inactive,178,174,4
S01006752,All people aged 16 and over,596,555,41
S01006752,Economically active: Total,366,334,32
S01006752,Economically active: Employee: Total,338,310,28
S01006752,Economically active: Employee: Part-time (1),93,83,10
S01006752,Economically active: Employee: Full-time (1),245,227,18
S01006752,Economically active: Self-employed: Total,13,12,1
S01006752,Economically active: Self-employed: Part-time (1),5,4,1
S01006752,Economically active: Self-employed: Full-time (1),8,8,0
S01006752,Economically active: Unemployed (1),15,12,3
S01006752,Economically inactive,230,221,9
S01006753,All people aged 16 and over,779,742,37
S01006753,Economically active: Total,507,475,32
S01006753,Economically active: Employee: Total,447,419,28
S01006753,Economically active: Employee: Part-time (1),118,112,6
S01006753,Economically active: Employee: Full-time (1),329,307,22
S01006753,Economically active: Self-employed: Total,52,49,3
S01006753,Economically active: Self-employed: Part-time (1),11,9,2
S01006753,Economically active: Self-employed: Full-time (1),41,40,1
S01006753,Economically active: Unemployed (1),8,7,1
S01006753,Economically inactive,272,267,5
S01006754,All people aged 16 and over,808,773,35
S01006754,Economically active: Total,511,483,28
S01006754,Economically active: Employee: Total,462,434,28
S01006754,Economically active: Employee: Part-time (1),120,116,4
S01006754,Economically active: Employee: Full-time (1),342,318,24
S01006754,Economically active: Self-employed: Total,34,34,0
S01006754,Economically active: Self-employed: Part-time (1),6,6,0
S01006754,Economically active: Self-employed: Full-time (1),28,28,0
S01006754,Economically active: Unemployed (1),15,15,0
S01006754,Economically inactive,297,290,7
S01006755,All people aged 16 and over,574,519,55
S01006755,Economically active: Total,451,408,43
S01006755,Economically active: Employee: Total,377,339,38
S01006755,Economically active: Employee: Part-time (1),94,89,5
S01006755,Economically active: Employee: Full-time (1),283,250,33
S01006755,Economically active: Self-employed: Total,66,62,4
S01006755,Economically active: Self-employed: Part-time (1),16,15,1
S01006755,Economically active: Self-employed: Full-time (1),50,47,3
S01006755,Economically active: Unemployed (1),8,7,1
S01006755,Economically inactive,123,111,12
S01006756,All people aged 16 and over,616,526,90
S01006756,Economically active: Total,444,385,59
S01006756,Economically active: Employee: Total,390,342,48
S01006756,Economically active: Employee: Part-time (1),46,41,5
S01006756,Economically active: Employee: Full-time (1),344,301,43
S01006756,Economically active: Self-employed: Total,41,34,7
S01006756,Economically active: Self-employed: Part-time (1),8,6,2
S01006756,Economically active: Self-employed: Full-time (1),33,28,5
S01006756,Economically active: Unemployed (1),13,9,4
S01006756,Economically inactive,172,141,31
S01006757,All people aged 16 and over,749,708,41
S01006757,Economically active: Total,521,488,33
S01006757,Economically active: Employee: Total,468,437,31
S01006757,Economically active: Employee: Part-time (1),117,112,5
S01006757,Economically active: Employee: Full-time (1),351,325,26
S01006757,Economically active: Self-employed: Total,34,33,1
S01006757,Economically active: Self-employed: Part-time (1),6,5,1
S01006757,Economically active: Self-employed: Full-time (1),28,28,0
S01006757,Economically active: Unemployed (1),19,18,1
S01006757,Economically inactive,228,220,8
S01006758,All people aged 16 and over,599,576,23
S01006758,Economically active: Total,470,453,17
S01006758,Economically active: Employee: Total,427,413,14
S01006758,Economically active: Employee: Part-time (1),105,100,5
S01006758,Economically active: Employee: Full-time (1),322,313,9
S01006758,Economically active: Self-employed: Total,33,31,2
S01006758,Economically active: Self-employed: Part-time (1),6,6,0
S01006758,Economically active: Self-employed: Full-time (1),27,25,2
S01006758,Economically active: Unemployed (1),10,9,1
S01006758,Economically inactive,129,123,6
S01006759,All people aged 16 and over,492,464,28
S01006759,Economically active: Total,363,342,21
S01006759,Economically active: Employee: Total,322,305,17
S01006759,Economically active: Employee: Part-time (1),93,86,7
S01006759,Economically active: Employee: Full-time (1),229,219,10
S01006759,Economically active: Self-employed: Total,30,27,3
S01006759,Economically active: Self-employed: Part-time (1),7,7,0
S01006759,Economically active: Self-employed: Full-time (1),23,20,3
S01006759,Economically active: Unemployed (1),11,10,1
S01006759,Economically inactive,129,122,7
S01006760,All people aged 16 and over,421,394,27
S01006760,Economically active: Total,340,317,23
S01006760,Economically active: Employee: Total,306,286,20
S01006760,Economically active: Employee: Part-time (1),64,62,2
S01006760,Economically active: Employee: Full-time (1),242,224,18
S01006760,Economically active: Self-employed: Total,22,20,2
S01006760,Economically active: Self-employed: Part-time (1),7,7,0
S01006760,Economically active: Self-employed: Full-time (1),15,13,2
S01006760,Economically active: Unemployed (1),12,11,1
S01006760,Economically inactive,81,77,4
S01006761,All people aged 16 and over,629,606,23
S01006761,Economically active: Total,458,439,19
S01006761,Economically active: Employee: Total,397,383,14
S01006761,Economically active: Employee: Part-time (1),112,111,1
S01006761,Economically active: Employee: Full-time (1),285,272,13
S01006761,Economically active: Self-employed: Total,44,41,3
S01006761,Economically active: Self-employed: Part-time (1),8,7,1
S01006761,Economically active: Self-employed: Full-time (1),36,34,2
S01006761,Economically active: Unemployed (1),17,15,2
S01006761,Economically inactive,171,167,4
S01006762,All people aged 16 and over,718,672,46
S01006762,Economically active: Total,397,363,34
S01006762,Economically active: Employee: Total,340,311,29
S01006762,Economically active: Employee: Part-time (1),91,86,5
S01006762,Economically active: Employee: Full-time (1),249,225,24
S01006762,Economically active: Self-employed: Total,45,41,4
S01006762,Economically active: Self-employed: Part-time (1),12,10,2
S01006762,Economically active: Self-employed: Full-time (1),33,31,2
S01006762,Economically active: Unemployed (1),12,11,1
S01006762,Economically inactive,321,309,12
S01006763,All people aged 16 and over,667,588,79
S01006763,Economically active: Total,590,531,59
S01006763,Economically active: Employee: Total,529,477,52
S01006763,Economically active: Employee: Part-time (1),140,130,10
S01006763,Economically active: Employee: Full-time (1),389,347,42
S01006763,Economically active: Self-employed: Total,41,37,4
S01006763,Economically active: Self-employed: Part-time (1),7,6,1
S01006763,Economically active: Self-employed: Full-time (1),34,31,3
S01006763,Economically active: Unemployed (1),20,17,3
S01006763,Economically inactive,77,57,20
S01006764,All people aged 16 and over,665,605,60
S01006764,Economically active: Total,560,515,45
S01006764,Economically active: Employee: Total,521,482,39
S01006764,Economically active: Employee: Part-time (1),128,121,7
S01006764,Economically active: Employee: Full-time (1),393,361,32
S01006764,Economically active: Self-employed: Total,23,21,2
S01006764,Economically active: Self-employed: Part-time (1),4,3,1
S01006764,Economically active: Self-employed: Full-time (1),19,18,1
S01006764,Economically active: Unemployed (1),16,12,4
S01006764,Economically inactive,105,90,15
S01006765,All people aged 16 and over,500,472,28
S01006765,Economically active: Total,414,391,23
S01006765,Economically active: Employee: Total,381,360,21
S01006765,Economically active: Employee: Part-time (1),78,75,3
S01006765,Economically active: Employee: Full-time (1),303,285,18
S01006765,Economically active: Self-employed: Total,23,23,0
S01006765,Economically active: Self-employed: Part-time (1),6,6,0
S01006765,Economically active: Self-employed: Full-time (1),17,17,0
S01006765,Economically active: Unemployed (1),10,8,2
S01006765,Economically inactive,86,81,5
S01006766,All people aged 16 and over,505,475,30
S01006766,Economically active: Total,397,377,20
S01006766,Economically active: Employee: Total,353,337,16
S01006766,Economically active: Employee: Part-time (1),97,92,5
S01006766,Economically active: Employee: Full-time (1),256,245,11
S01006766,Economically active: Self-employed: Total,34,30,4
S01006766,Economically active: Self-employed: Part-time (1),9,8,1
S01006766,Economically active: Self-employed: Full-time (1),25,22,3
S01006766,Economically active: Unemployed (1),10,10,0
S01006766,Economically inactive,108,98,10
S01006767,All people aged 16 and over,591,556,35
S01006767,Economically active: Total,438,407,31
S01006767,Economically active: Employee: Total,393,367,26
S01006767,Economically active: Employee: Part-time (1),117,108,9
S01006767,Economically active: Employee: Full-time (1),276,259,17
S01006767,Economically active: Self-employed: Total,32,28,4
S01006767,Economically active: Self-employed: Part-time (1),10,9,1
S01006767,Economically active: Self-employed: Full-time (1),22,19,3
S01006767,Economically active: Unemployed (1),13,12,1
S01006767,Economically inactive,153,149,4
S01006768,All people aged 16 and over,507,475,32
S01006768,Economically active: Total,388,362,26
S01006768,Economically active: Employee: Total,342,324,18
S01006768,Economically active: Employee: Part-time (1),111,106,5
S01006768,Economically active: Employee: Full-time (1),231,218,13
S01006768,Economically active: Self-employed: Total,41,34,7
S01006768,Economically active: Self-employed: Part-time (1),8,7,1
S01006768,Economically active: Self-employed: Full-time (1),33,27,6
S01006768,Economically active: Unemployed (1),5,4,1
S01006768,Economically inactive,119,113,6
S01006769,All people aged 16 and over,793,753,40
S01006769,Economically active: Total,580,553,27
S01006769,Economically active: Employee: Total,522,499,23
S01006769,Economically active: Employee: Part-time (1),147,143,4
S01006769,Economically active: Employee: Full-time (1),375,356,19
S01006769,Economically active: Self-employed: Total,47,43,4
S01006769,Economically active: Self-employed: Part-time (1),10,9,1
S01006769,Economically active: Self-employed: Full-time (1),37,34,3
S01006769,Economically active: Unemployed (1),11,11,0
S01006769,Economically inactive,213,200,13
S01006770,All people aged 16 and over,567,545,22
S01006770,Economically active: Total,406,389,17
S01006770,Economically active: Employee: Total,367,353,14
S01006770,Economically active: Employee: Part-time (1),112,111,1
S01006770,Economically active: Employee: Full-time (1),255,242,13
S01006770,Economically active: Self-employed: Total,33,32,1
S01006770,Economically active: Self-employed: Part-time (1),11,11,0
S01006770,Economically active: Self-employed: Full-time (1),22,21,1
S01006770,Economically active: Unemployed (1),6,4,2
S01006770,Economically inactive,161,156,5
S01006771,All people aged 16 and over,378,331,47
S01006771,Economically active: Total,297,261,36
S01006771,Economically active: Employee: Total,260,232,28
S01006771,Economically active: Employee: Part-time (1),76,69,7
S01006771,Economically active: Employee: Full-time (1),184,163,21
S01006771,Economically active: Self-employed: Total,29,22,7
S01006771,Economically active: Self-employed: Part-time (1),9,6,3
S01006771,Economically active: Self-employed: Full-time (1),20,16,4
S01006771,Economically active: Unemployed (1),8,7,1
S01006771,Economically inactive,81,70,11
S01006772,All people aged 16 and over,728,675,53
S01006772,Economically active: Total,561,523,38
S01006772,Economically active: Employee: Total,489,461,28
S01006772,Economically active: Employee: Part-time (1),115,111,4
S01006772,Economically active: Employee: Full-time (1),374,350,24
S01006772,Economically active: Self-employed: Total,57,50,7
S01006772,Economically active: Self-employed: Part-time (1),16,13,3
S01006772,Economically active: Self-employed: Full-time (1),41,37,4
S01006772,Economically active: Unemployed (1),15,12,3
S01006772,Economically inactive,167,152,15
S01006773,All people aged 16 and over,604,555,49
S01006773,Economically active: Total,408,369,39
S01006773,Economically active: Employee: Total,356,324,32
S01006773,Economically active: Employee: Part-time (1),111,102,9
S01006773,Economically active: Employee: Full-time (1),245,222,23
S01006773,Economically active: Self-employed: Total,43,39,4
S01006773,Economically active: Self-employed: Part-time (1),10,9,1
S01006773,Economically active: Self-employed: Full-time (1),33,30,3
S01006773,Economically active: Unemployed (1),9,6,3
S01006773,Economically inactive,196,186,10
S01006774,All people aged 16 and over,540,491,49
S01006774,Economically active: Total,432,394,38
S01006774,Economically active: Employee: Total,382,354,28
S01006774,Economically active: Employee: Part-time (1),124,120,4
S01006774,Economically active: Employee: Full-time (1),258,234,24
S01006774,Economically active: Self-employed: Total,38,30,8
S01006774,Economically active: Self-employed: Part-time (1),14,11,3
S01006774,Economically active: Self-employed: Full-time (1),24,19,5
S01006774,Economically active: Unemployed (1),12,10,2
S01006774,Economically inactive,108,97,11
S01006775,All people aged 16 and over,549,506,43
S01006775,Economically active: Total,392,350,42
S01006775,Economically active: Employee: Total,348,312,36
S01006775,Economically active: Employee: Part-time (1),83,75,8
S01006775,Economically active: Employee: Full-time (1),265,237,28
S01006775,Economically active: Self-employed: Total,29,25,4
S01006775,Economically active: Self-employed: Part-time (1),5,4,1
S01006775,Economically active: Self-employed: Full-time (1),24,21,3
S01006775,Economically active: Unemployed (1),15,13,2
S01006775,Economically inactive,157,156,1
S01006776,All people aged 16 and over,447,410,37
S01006776,Economically active: Total,264,233,31
S01006776,Economically active: Employee: Total,231,206,25
S01006776,Economically active: Employee: Part-time (1),59,53,6
S01006776,Economically active: Employee: Full-time (1),172,153,19
S01006776,Economically active: Self-employed: Total,21,17,4
S01006776,Economically active: Self-employed: Part-time (1),9,7,2
S01006776,Economically active: Self-employed: Full-time (1),12,10,2
S01006776,Economically active: Unemployed (1),12,10,2
S01006776,Economically inactive,183,177,6
S01006777,All people aged 16 and over,553,533,20
S01006777,Economically active: Total,391,374,17
S01006777,Economically active: Employee: Total,354,340,14
S01006777,Economically active: Employee: Part-time (1),114,110,4
S01006777,Economically active: Employee: Full-time (1),240,230,10
S01006777,Economically active: Self-employed: Total,35,32,3
S01006777,Economically active: Self-employed: Part-time (1),13,10,3
S01006777,Economically active: Self-employed: Full-time (1),22,22,0
S01006777,Economically active: Unemployed (1),2,2,0
S01006777,Economically inactive,162,159,3
S01006778,All people aged 16 and over,566,548,18
S01006778,Economically active: Total,385,369,16
S01006778,Economically active: Employee: Total,350,334,16
S01006778,Economically active: Employee: Part-time (1),99,95,4
S01006778,Economically active: Employee: Full-time (1),251,239,12
S01006778,Economically active: Self-employed: Total,20,20,0
S01006778,Economically active: Self-employed: Part-time (1),2,2,0
S01006778,Economically active: Self-employed: Full-time (1),18,18,0
S01006778,Economically active: Unemployed (1),15,15,0
S01006778,Economically inactive,181,179,2
S01006779,All people aged 16 and over,527,490,37
S01006779,Economically active: Total,335,308,27
S01006779,Economically active: Employee: Total,296,273,23
S01006779,Economically active: Employee: Part-time (1),98,89,9
S01006779,Economically active: Employee: Full-time (1),198,184,14
S01006779,Economically active: Self-employed: Total,19,18,1
S01006779,Economically active: Self-employed: Part-time (1),3,3,0
S01006779,Economically active: Self-employed: Full-time (1),16,15,1
S01006779,Economically active: Unemployed (1),20,17,3
S01006779,Economically inactive,192,182,10
S01006780,All people aged 16 and over,498,470,28
S01006780,Economically active: Total,335,313,22
S01006780,Economically active: Employee: Total,274,254,20
S01006780,Economically active: Employee: Part-time (1),74,71,3
S01006780,Economically active: Employee: Full-time (1),200,183,17
S01006780,Economically active: Self-employed: Total,42,41,1
S01006780,Economically active: Self-employed: Part-time (1),14,14,0
S01006780,Economically active: Self-employed: Full-time (1),28,27,1
S01006780,Economically active: Unemployed (1),19,18,1
S01006780,Economically inactive,163,157,6
S01006781,All people aged 16 and over,607,567,40
S01006781,Economically active: Total,379,352,27
S01006781,Economically active: Employee: Total,320,297,23
S01006781,Economically active: Employee: Part-time (1),116,109,7
S01006781,Economically active: Employee: Full-time (1),204,188,16
S01006781,Economically active: Self-employed: Total,44,40,4
S01006781,Economically active: Self-employed: Part-time (1),13,12,1
S01006781,Economically active: Self-employed: Full-time (1),31,28,3
S01006781,Economically active: Unemployed (1),15,15,0
S01006781,Economically inactive,228,215,13
S01006782,All people aged 16 and over,624,557,67
S01006782,Economically active: Total,463,416,47
S01006782,Economically active: Employee: Total,406,368,38
S01006782,Economically active: Employee: Part-time (1),88,79,9
S01006782,Economically active: Employee: Full-time (1),318,289,29
S01006782,Economically active: Self-employed: Total,47,41,6
S01006782,Economically active: Self-employed: Part-time (1),8,8,0
S01006782,Economically active: Self-employed: Full-time (1),39,33,6
S01006782,Economically active: Unemployed (1),10,7,3
S01006782,Economically inactive,161,141,20
S01006783,All people aged 16 and over,585,544,41
S01006783,Economically active: Total,340,305,35
S01006783,Economically active: Employee: Total,296,268,28
S01006783,Economically active: Employee: Part-time (1),98,91,7
S01006783,Economically active: Employee: Full-time (1),198,177,21
S01006783,Economically active: Self-employed: Total,26,21,5
S01006783,Economically active: Self-employed: Part-time (1),7,6,1
S01006783,Economically active: Self-employed: Full-time (1),19,15,4
S01006783,Economically active: Unemployed (1),18,16,2
S01006783,Economically inactive,245,239,6
S01006784,All people aged 16 and over,548,484,64
S01006784,Economically active: Total,399,344,55
S01006784,Economically active: Employee: Total,338,291,47
S01006784,Economically active: Employee: Part-time (1),74,58,16
S01006784,Economically active: Employee: Full-time (1),264,233,31
S01006784,Economically active: Self-employed: Total,38,32,6
S01006784,Economically active: Self-employed: Part-time (1),6,4,2
S01006784,Economically active: Self-employed: Full-time (1),32,28,4
S01006784,Economically active: Unemployed (1),23,21,2
S01006784,Economically inactive,149,140,9
S01006785,All people aged 16 and over,495,455,40
S01006785,Economically active: Total,390,356,34
S01006785,Economically active: Employee: Total,354,324,30
S01006785,Economically active: Employee: Part-time (1),106,96,10
S01006785,Economically active: Employee: Full-time (1),248,228,20
S01006785,Economically active: Self-employed: Total,27,25,2
S01006785,Economically active: Self-employed: Part-time (1),8,6,2
S01006785,Economically active: Self-employed: Full-time (1),19,19,0
S01006785,Economically active: Unemployed (1),9,7,2
S01006785,Economically inactive,105,99,6
S01006786,All people aged 16 and over,672,603,69
S01006786,Economically active: Total,497,448,49
S01006786,Economically active: Employee: Total,428,390,38
S01006786,Economically active: Employee: Part-time (1),120,108,12
S01006786,Economically active: Employee: Full-time (1),308,282,26
S01006786,Economically active: Self-employed: Total,54,44,10
S01006786,Economically active: Self-employed: Part-time (1),18,13,5
S01006786,Economically active: Self-employed: Full-time (1),36,31,5
S01006786,Economically active: Unemployed (1),15,14,1
S01006786,Economically inactive,175,155,20
S01006787,All people aged 16 and over,569,530,39
S01006787,Economically active: Total,376,348,28
S01006787,Economically active: Employee: Total,312,289,23
S01006787,Economically active: Employee: Part-time (1),72,69,3
S01006787,Economically active: Employee: Full-time (1),240,220,20
S01006787,Economically active: Self-employed: Total,49,44,5
S01006787,Economically active: Self-employed: Part-time (1),17,14,3
S01006787,Economically active: Self-employed: Full-time (1),32,30,2
S01006787,Economically active: Unemployed (1),15,15,0
S01006787,Economically inactive,193,182,11
S01006788,All people aged 16 and over,662,598,64
S01006788,Economically active: Total,491,448,43
S01006788,Economically active: Employee: Total,424,391,33
S01006788,Economically active: Employee: Part-time (1),100,93,7
S01006788,Economically active: Employee: Full-time (1),324,298,26
S01006788,Economically active: Self-employed: Total,54,47,7
S01006788,Economically active: Self-employed: Part-time (1),15,14,1
S01006788,Economically active: Self-employed: Full-time (1),39,33,6
S01006788,Economically active: Unemployed (1),13,10,3
S01006788,Economically inactive,171,150,21
S01006789,All people aged 16 and over,552,500,52
S01006789,Economically active: Total,325,282,43
S01006789,Economically active: Employee: Total,259,222,37
S01006789,Economically active: Employee: Part-time (1),71,66,5
S01006789,Economically active: Employee: Full-time (1),188,156,32
S01006789,Economically active: Self-employed: Total,56,52,4
S01006789,Economically active: Self-employed: Part-time (1),8,8,0
S01006789,Economically active: Self-employed: Full-time (1),48,44,4
S01006789,Economically active: Unemployed (1),10,8,2
S01006789,Economically inactive,227,218,9
S01006790,All people aged 16 and over,766,726,40
S01006790,Economically active: Total,426,400,26
S01006790,Economically active: Employee: Total,341,318,23
S01006790,Economically active: Employee: Part-time (1),110,104,6
S01006790,Economically active: Employee: Full-time (1),231,214,17
S01006790,Economically active: Self-employed: Total,68,66,2
S01006790,Economically active: Self-employed: Part-time (1),24,23,1
S01006790,Economically active: Self-employed: Full-time (1),44,43,1
S01006790,Economically active: Unemployed (1),17,16,1
S01006790,Economically inactive,340,326,14
S01006791,All people aged 16 and over,446,427,19
S01006791,Economically active: Total,293,279,14
S01006791,Economically active: Employee: Total,189,179,10
S01006791,Economically active: Employee: Part-time (1),63,58,5
S01006791,Economically active: Employee: Full-time (1),126,121,5
S01006791,Economically active: Self-employed: Total,89,85,4
S01006791,Economically active: Self-employed: Part-time (1),20,19,1
S01006791,Economically active: Self-employed: Full-time (1),69,66,3
S01006791,Economically active: Unemployed (1),15,15,0
S01006791,Economically inactive,153,148,5
S01006792,All people aged 16 and over,416,387,29
S01006792,Economically active: Total,279,258,21
S01006792,Economically active: Employee: Total,202,185,17
S01006792,Economically active: Employee: Part-time (1),61,55,6
S01006792,Economically active: Employee: Full-time (1),141,130,11
S01006792,Economically active: Self-employed: Total,68,64,4
S01006792,Economically active: Self-employed: Part-time (1),19,17,2
S01006792,Economically active: Self-employed: Full-time (1),49,47,2
S01006792,Economically active: Unemployed (1),9,9,0
S01006792,Economically inactive,137,129,8
S01006793,All people aged 16 and over,478,417,61
S01006793,Economically active: Total,322,270,52
S01006793,Economically active: Employee: Total,247,199,48
S01006793,Economically active: Employee: Part-time (1),54,45,9
S01006793,Economically active: Employee: Full-time (1),193,154,39
S01006793,Economically active: Self-employed: Total,71,67,4
S01006793,Economically active: Self-employed: Part-time (1),7,7,0
S01006793,Economically active: Self-employed: Full-time (1),64,60,4
S01006793,Economically active: Unemployed (1),4,4,0
S01006793,Economically inactive,156,147,9
S01006794,All people aged 16 and over,499,467,32
S01006794,Economically active: Total,287,268,19
S01006794,Economically active: Employee: Total,233,215,18
S01006794,Economically active: Employee: Part-time (1),64,62,2
S01006794,Economically active: Employee: Full-time (1),169,153,16
S01006794,Economically active: Self-employed: Total,43,42,1
S01006794,Economically active: Self-employed: Part-time (1),9,8,1
S01006794,Economically active: Self-employed: Full-time (1),34,34,0
S01006794,Economically active: Unemployed (1),11,11,0
S01006794,Economically inactive,212,199,13
S01006795,All people aged 16 and over,587,529,58
S01006795,Economically active: Total,349,308,41
S01006795,Economically active: Employee: Total,273,242,31
S01006795,Economically active: Employee: Part-time (1),95,85,10
S01006795,Economically active: Employee: Full-time (1),178,157,21
S01006795,Economically active: Self-employed: Total,67,57,10
S01006795,Economically active: Self-employed: Part-time (1),26,23,3
S01006795,Economically active: Self-employed: Full-time (1),41,34,7
S01006795,Economically active: Unemployed (1),9,9,0
S01006795,Economically inactive,238,221,17
S01006796,All people aged 16 and over,436,394,42
S01006796,Economically active: Total,291,264,27
S01006796,Economically active: Employee: Total,232,207,25
S01006796,Economically active: Employee: Part-time (1),66,57,9
S01006796,Economically active: Employee: Full-time (1),166,150,16
S01006796,Economically active: Self-employed: Total,51,49,2
S01006796,Economically active: Self-employed: Part-time (1),16,14,2
S01006796,Economically active: Self-employed: Full-time (1),35,35,0
S01006796,Economically active: Unemployed (1),8,8,0
S01006796,Economically inactive,145,130,15
S01006797,All people aged 16 and over,500,460,40
S01006797,Economically active: Total,360,327,33
S01006797,Economically active: Employee: Total,258,234,24
S01006797,Economically active: Employee: Part-time (1),63,57,6
S01006797,Economically active: Employee: Full-time (1),195,177,18
S01006797,Economically active: Self-employed: Total,92,84,8
S01006797,Economically active: Self-employed: Part-time (1),31,27,4
S01006797,Economically active: Self-employed: Full-time (1),61,57,4
S01006797,Economically active: Unemployed (1),10,9,1
S01006797,Economically inactive,140,133,7
S01006798,All people aged 16 and over,493,459,34
S01006798,Economically active: Total,369,343,26
S01006798,Economically active: Employee: Total,265,246,19
S01006798,Economically active: Employee: Part-time (1),82,79,3
S01006798,Economically active: Employee: Full-time (1),183,167,16
S01006798,Economically active: Self-employed: Total,97,90,7
S01006798,Economically active: Self-employed: Part-time (1),21,19,2
S01006798,Economically active: Self-employed: Full-time (1),76,71,5
S01006798,Economically active: Unemployed (1),7,7,0
S01006798,Economically inactive,124,116,8
S01006799,All people aged 16 and over,745,710,35
S01006799,Economically active: Total,466,446,20
S01006799,Economically active: Employee: Total,389,372,17
S01006799,Economically active: Employee: Part-time (1),118,111,7
S01006799,Economically active: Employee: Full-time (1),271,261,10
S01006799,Economically active: Self-employed: Total,62,59,3
S01006799,Economically active: Self-employed: Part-time (1),23,22,1
S01006799,Economically active: Self-employed: Full-time (1),39,37,2
S01006799,Economically active: Unemployed (1),15,15,0
S01006799,Economically inactive,279,264,15
S01006800,All people aged 16 and over,687,633,54
S01006800,Economically active: Total,450,409,41
S01006800,Economically active: Employee: Total,358,327,31
S01006800,Economically active: Employee: Part-time (1),115,105,10
S01006800,Economically active: Employee: Full-time (1),243,222,21
S01006800,Economically active: Self-employed: Total,80,73,7
S01006800,Economically active: Self-employed: Part-time (1),23,22,1
S01006800,Economically active: Self-employed: Full-time (1),57,51,6
S01006800,Economically active: Unemployed (1),12,9,3
S01006800,Economically inactive,237,224,13
S01006801,All people aged 16 and over,796,756,40
S01006801,Economically active: Total,495,462,33
S01006801,Economically active: Employee: Total,384,355,29
S01006801,Economically active: Employee: Part-time (1),97,90,7
S01006801,Economically active: Employee: Full-time (1),287,265,22
S01006801,Economically active: Self-employed: Total,96,92,4
S01006801,Economically active: Self-employed: Part-time (1),27,26,1
S01006801,Economically active: Self-employed: Full-time (1),69,66,3
S01006801,Economically active: Unemployed (1),15,15,0
S01006801,Economically inactive,301,294,7
S01006802,All people aged 16 and over,556,515,41
S01006802,Economically active: Total,376,342,34
S01006802,Economically active: Employee: Total,280,261,19
S01006802,Economically active: Employee: Part-time (1),82,80,2
S01006802,Economically active: Employee: Full-time (1),198,181,17
S01006802,Economically active: Self-employed: Total,75,67,8
S01006802,Economically active: Self-employed: Part-time (1),19,16,3
S01006802,Economically active: Self-employed: Full-time (1),56,51,5
S01006802,Economically active: Unemployed (1),21,14,7
S01006802,Economically inactive,180,173,7
S01006803,All people aged 16 and over,571,550,21
S01006803,Economically active: Total,360,347,13
S01006803,Economically active: Employee: Total,308,296,12
S01006803,Economically active: Employee: Part-time (1),71,67,4
S01006803,Economically active: Employee: Full-time (1),237,229,8
S01006803,Economically active: Self-employed: Total,37,36,1
S01006803,Economically active: Self-employed: Part-time (1),15,15,0
S01006803,Economically active: Self-employed: Full-time (1),22,21,1
S01006803,Economically active: Unemployed (1),15,15,0
S01006803,Economically inactive,211,203,8
S01006804,All people aged 16 and over,578,550,28
S01006804,Economically active: Total,422,397,25
S01006804,Economically active: Employee: Total,367,342,25
S01006804,Economically active: Employee: Part-time (1),77,73,4
S01006804,Economically active: Employee: Full-time (1),290,269,21
S01006804,Economically active: Self-employed: Total,42,42,0
S01006804,Economically active: Self-employed: Part-time (1),13,13,0
S01006804,Economically active: Self-employed: Full-time (1),29,29,0
S01006804,Economically active: Unemployed (1),13,13,0
S01006804,Economically inactive,156,153,3
S01006805,All people aged 16 and over,894,798,96
S01006805,Economically active: Total,644,560,84
S01006805,Economically active: Employee: Total,521,446,75
S01006805,Economically active: Employee: Part-time (1),147,141,6
S01006805,Economically active: Employee: Full-time (1),374,305,69
S01006805,Economically active: Self-employed: Total,100,94,6
S01006805,Economically active: Self-employed: Part-time (1),24,22,2
S01006805,Economically active: Self-employed: Full-time (1),76,72,4
S01006805,Economically active: Unemployed (1),23,20,3
S01006805,Economically inactive,250,238,12
S01006806,All people aged 16 and over,849,811,38
S01006806,Economically active: Total,603,579,24
S01006806,Economically active: Employee: Total,464,445,19
S01006806,Economically active: Employee: Part-time (1),97,91,6
S01006806,Economically active: Employee: Full-time (1),367,354,13
S01006806,Economically active: Self-employed: Total,123,118,5
S01006806,Economically active: Self-employed: Part-time (1),25,23,2
S01006806,Economically active: Self-employed: Full-time (1),98,95,3
S01006806,Economically active: Unemployed (1),16,16,0
S01006806,Economically inactive,246,232,14
S01006807,All people aged 16 and over,484,441,43
S01006807,Economically active: Total,369,340,29
S01006807,Economically active: Employee: Total,276,258,18
S01006807,Economically active: Employee: Part-time (1),65,58,7
S01006807,Economically active: Employee: Full-time (1),211,200,11
S01006807,Economically active: Self-employed: Total,70,64,6
S01006807,Economically active: Self-employed: Part-time (1),18,17,1
S01006807,Economically active: Self-employed: Full-time (1),52,47,5
S01006807,Economically active: Unemployed (1),23,18,5
S01006807,Economically inactive,115,101,14
S01006808,All people aged 16 and over,507,476,31
S01006808,Economically active: Total,339,312,27
S01006808,Economically active: Employee: Total,260,237,23
S01006808,Economically active: Employee: Part-time (1),80,68,12
S01006808,Economically active: Employee: Full-time (1),180,169,11
S01006808,Economically active: Self-employed: Total,70,66,4
S01006808,Economically active: Self-employed: Part-time (1),10,9,1
S01006808,Economically active: Self-employed: Full-time (1),60,57,3
S01006808,Economically active: Unemployed (1),9,9,0
S01006808,Economically inactive,168,164,4
S01006809,All people aged 16 and over,656,623,33
S01006809,Economically active: Total,397,371,26
S01006809,Economically active: Employee: Total,318,297,21
S01006809,Economically active: Employee: Part-time (1),91,87,4
S01006809,Economically active: Employee: Full-time (1),227,210,17
S01006809,Economically active: Self-employed: Total,57,54,3
S01006809,Economically active: Self-employed: Part-time (1),19,17,2
S01006809,Economically active: Self-employed: Full-time (1),38,37,1
S01006809,Economically active: Unemployed (1),22,20,2
S01006809,Economically inactive,259,252,7
S01006810,All people aged 16 and over,704,667,37
S01006810,Economically active: Total,468,436,32
S01006810,Economically active: Employee: Total,341,319,22
S01006810,Economically active: Employee: Part-time (1),89,85,4
S01006810,Economically active: Employee: Full-time (1),252,234,18
S01006810,Economically active: Self-employed: Total,101,92,9
S01006810,Economically active: Self-employed: Part-time (1),32,30,2
S01006810,Economically active: Self-employed: Full-time (1),69,62,7
S01006810,Economically active: Unemployed (1),26,25,1
S01006810,Economically inactive,236,231,5
S01006811,All people aged 16 and over,841,790,51
S01006811,Economically active: Total,608,566,42
S01006811,Economically active: Employee: Total,485,452,33
S01006811,Economically active: Employee: Part-time (1),123,116,7
S01006811,Economically active: Employee: Full-time (1),362,336,26
S01006811,Economically active: Self-employed: Total,102,96,6
S01006811,Economically active: Self-employed: Part-time (1),29,28,1
S01006811,Economically active: Self-employed: Full-time (1),73,68,5
S01006811,Economically active: Unemployed (1),21,18,3
S01006811,Economically inactive,233,224,9
S01006812,All people aged 16 and over,601,562,39
S01006812,Economically active: Total,452,421,31
S01006812,Economically active: Employee: Total,367,346,21
S01006812,Economically active: Employee: Part-time (1),82,78,4
S01006812,Economically active: Employee: Full-time (1),285,268,17
S01006812,Economically active: Self-employed: Total,74,64,10
S01006812,Economically active: Self-employed: Part-time (1),16,12,4
S01006812,Economically active: Self-employed: Full-time (1),58,52,6
S01006812,Economically active: Unemployed (1),11,11,0
S01006812,Economically inactive,149,141,8
S01006813,All people aged 16 and over,626,595,31
S01006813,Economically active: Total,436,413,23
S01006813,Economically active: Employee: Total,353,333,20
S01006813,Economically active: Employee: Part-time (1),91,87,4
S01006813,Economically active: Employee: Full-time (1),262,246,16
S01006813,Economically active: Self-employed: Total,67,64,3
S01006813,Economically active: Self-employed: Part-time (1),16,15,1
S01006813,Economically active: Self-employed: Full-time (1),51,49,2
S01006813,Economically active: Unemployed (1),16,16,0
S01006813,Economically inactive,190,182,8
S01006814,All people aged 16 and over,624,594,30
S01006814,Economically active: Total,425,403,22
S01006814,Economically active: Employee: Total,375,356,19
S01006814,Economically active: Employee: Part-time (1),103,96,7
S01006814,Economically active: Employee: Full-time (1),272,260,12
S01006814,Economically active: Self-employed: Total,44,41,3
S01006814,Economically active: Self-employed: Part-time (1),11,11,0
S01006814,Economically active: Self-employed: Full-time (1),33,30,3
S01006814,Economically active: Unemployed (1),6,6,0
S01006814,Economically inactive,199,191,8
S01006815,All people aged 16 and over,485,464,21
S01006815,Economically active: Total,308,290,18
S01006815,Economically active: Employee: Total,272,256,16
S01006815,Economically active: Employee: Part-time (1),76,71,5
S01006815,Economically active: Employee: Full-time (1),196,185,11
S01006815,Economically active: Self-employed: Total,19,17,2
S01006815,Economically active: Self-employed: Part-time (1),5,4,1
S01006815,Economically active: Self-employed: Full-time (1),14,13,1
S01006815,Economically active: Unemployed (1),17,17,0
S01006815,Economically inactive,177,174,3
S01006816,All people aged 16 and over,586,566,20
S01006816,Economically active: Total,380,367,13
S01006816,Economically active: Employee: Total,325,315,10
S01006816,Economically active: Employee: Part-time (1),90,83,7
S01006816,Economically active: Employee: Full-time (1),235,232,3
S01006816,Economically active: Self-employed: Total,48,46,2
S01006816,Economically active: Self-employed: Part-time (1),7,7,0
S01006816,Economically active: Self-employed: Full-time (1),41,39,2
S01006816,Economically active: Unemployed (1),7,6,1
S01006816,Economically inactive,206,199,7
S01006817,All people aged 16 and over,517,473,44
S01006817,Economically active: Total,377,343,34
S01006817,Economically active: Employee: Total,307,278,29
S01006817,Economically active: Employee: Part-time (1),78,74,4
S01006817,Economically active: Employee: Full-time (1),229,204,25
S01006817,Economically active: Self-employed: Total,58,54,4
S01006817,Economically active: Self-employed: Part-time (1),11,10,1
S01006817,Economically active: Self-employed: Full-time (1),47,44,3
S01006817,Economically active: Unemployed (1),12,11,1
S01006817,Economically inactive,140,130,10
S01006818,All people aged 16 and over,580,560,20
S01006818,Economically active: Total,429,414,15
S01006818,Economically active: Employee: Total,343,330,13
S01006818,Economically active: Employee: Part-time (1),80,75,5
S01006818,Economically active: Employee: Full-time (1),263,255,8
S01006818,Economically active: Self-employed: Total,74,74,0
S01006818,Economically active: Self-employed: Part-time (1),10,10,0
S01006818,Economically active: Self-employed: Full-time (1),64,64,0
S01006818,Economically active: Unemployed (1),12,10,2
S01006818,Economically inactive,151,146,5
S01006819,All people aged 16 and over,655,614,41
S01006819,Economically active: Total,509,478,31
S01006819,Economically active: Employee: Total,378,352,26
S01006819,Economically active: Employee: Part-time (1),118,108,10
S01006819,Economically active: Employee: Full-time (1),260,244,16
S01006819,Economically active: Self-employed: Total,123,118,5
S01006819,Economically active: Self-employed: Part-time (1),33,30,3
S01006819,Economically active: Self-employed: Full-time (1),90,88,2
S01006819,Economically active: Unemployed (1),8,8,0
S01006819,Economically inactive,146,136,10
S01006820,All people aged 16 and over,383,356,27
S01006820,Economically active: Total,269,245,24
S01006820,Economically active: Employee: Total,234,213,21
S01006820,Economically active: Employee: Part-time (1),53,48,5
S01006820,Economically active: Employee: Full-time (1),181,165,16
S01006820,Economically active: Self-employed: Total,25,22,3
S01006820,Economically active: Self-employed: Part-time (1),5,4,1
S01006820,Economically active: Self-employed: Full-time (1),20,18,2
S01006820,Economically active: Unemployed (1),10,10,0
S01006820,Economically inactive,114,111,3
S01006821,All people aged 16 and over,484,438,46
S01006821,Economically active: Total,375,345,30
S01006821,Economically active: Employee: Total,282,260,22
S01006821,Economically active: Employee: Part-time (1),82,78,4
S01006821,Economically active: Employee: Full-time (1),200,182,18
S01006821,Economically active: Self-employed: Total,80,73,7
S01006821,Economically active: Self-employed: Part-time (1),18,17,1
S01006821,Economically active: Self-employed: Full-time (1),62,56,6
S01006821,Economically active: Unemployed (1),13,12,1
S01006821,Economically inactive,109,93,16
S01006822,All people aged 16 and over,609,574,35
S01006822,Economically active: Total,469,447,22
S01006822,Economically active: Employee: Total,339,319,20
S01006822,Economically active: Employee: Part-time (1),111,105,6
S01006822,Economically active: Employee: Full-time (1),228,214,14
S01006822,Economically active: Self-employed: Total,115,113,2
S01006822,Economically active: Self-employed: Part-time (1),22,21,1
S01006822,Economically active: Self-employed: Full-time (1),93,92,1
S01006822,Economically active: Unemployed (1),15,15,0
S01006822,Economically inactive,140,127,13
S01006823,All people aged 16 and over,613,576,37
S01006823,Economically active: Total,382,358,24
S01006823,Economically active: Employee: Total,319,299,20
S01006823,Economically active: Employee: Part-time (1),90,85,5
S01006823,Economically active: Employee: Full-time (1),229,214,15
S01006823,Economically active: Self-employed: Total,51,48,3
S01006823,Economically active: Self-employed: Part-time (1),6,6,0
S01006823,Economically active: Self-employed: Full-time (1),45,42,3
S01006823,Economically active: Unemployed (1),12,11,1
S01006823,Economically inactive,231,218,13
S01006824,All people aged 16 and over,652,622,30
S01006824,Economically active: Total,444,424,20
S01006824,Economically active: Employee: Total,388,369,19
S01006824,Economically active: Employee: Part-time (1),108,103,5
S01006824,Economically active: Employee: Full-time (1),280,266,14
S01006824,Economically active: Self-employed: Total,29,28,1
S01006824,Economically active: Self-employed: Part-time (1),9,9,0
S01006824,Economically active: Self-employed: Full-time (1),20,19,1
S01006824,Economically active: Unemployed (1),27,27,0
S01006824,Economically inactive,208,198,10
S01006825,All people aged 16 and over,678,644,34
S01006825,Economically active: Total,493,467,26
S01006825,Economically active: Employee: Total,441,418,23
S01006825,Economically active: Employee: Part-time (1),120,115,5
S01006825,Economically active: Employee: Full-time (1),321,303,18
S01006825,Economically active: Self-employed: Total,35,32,3
S01006825,Economically active: Self-employed: Part-time (1),12,10,2
S01006825,Economically active: Self-employed: Full-time (1),23,22,1
S01006825,Economically active: Unemployed (1),17,17,0
S01006825,Economically inactive,185,177,8
S01006826,All people aged 16 and over,785,759,26
S01006826,Economically active: Total,503,482,21
S01006826,Economically active: Employee: Total,429,411,18
S01006826,Economically active: Employee: Part-time (1),140,135,5
S01006826,Economically active: Employee: Full-time (1),289,276,13
S01006826,Economically active: Self-employed: Total,65,63,2
S01006826,Economically active: Self-employed: Part-time (1),18,17,1
S01006826,Economically active: Self-employed: Full-time (1),47,46,1
S01006826,Economically active: Unemployed (1),9,8,1
S01006826,Economically inactive,282,277,5
S01006827,All people aged 16 and over,735,699,36
S01006827,Economically active: Total,482,458,24
S01006827,Economically active: Employee: Total,425,403,22
S01006827,Economically active: Employee: Part-time (1),113,103,10
S01006827,Economically active: Employee: Full-time (1),312,300,12
S01006827,Economically active: Self-employed: Total,35,33,2
S01006827,Economically active: Self-employed: Part-time (1),9,9,0
S01006827,Economically active: Self-employed: Full-time (1),26,24,2
S01006827,Economically active: Unemployed (1),22,22,0
S01006827,Economically inactive,253,241,12
S01006828,All people aged 16 and over,799,744,55
S01006828,Economically active: Total,534,495,39
S01006828,Economically active: Employee: Total,449,416,33
S01006828,Economically active: Employee: Part-time (1),98,94,4
S01006828,Economically active: Employee: Full-time (1),351,322,29
S01006828,Economically active: Self-employed: Total,59,55,4
S01006828,Economically active: Self-employed: Part-time (1),15,15,0
S01006828,Economically active: Self-employed: Full-time (1),44,40,4
S01006828,Economically active: Unemployed (1),26,24,2
S01006828,Economically inactive,265,249,16
S01006829,All people aged 16 and over,291,268,23
S01006829,Economically active: Total,244,225,19
S01006829,Economically active: Employee: Total,213,198,15
S01006829,Economically active: Employee: Part-time (1),56,53,3
S01006829,Economically active: Employee: Full-time (1),157,145,12
S01006829,Economically active: Self-employed: Total,25,22,3
S01006829,Economically active: Self-employed: Part-time (1),5,3,2
S01006829,Economically active: Self-employed: Full-time (1),20,19,1
S01006829,Economically active: Unemployed (1),6,5,1
S01006829,Economically inactive,47,43,4
S01006830,All people aged 16 and over,627,608,19
S01006830,Economically active: Total,416,402,14
S01006830,Economically active: Employee: Total,352,341,11
S01006830,Economically active: Employee: Part-time (1),116,111,5
S01006830,Economically active: Employee: Full-time (1),236,230,6
S01006830,Economically active: Self-employed: Total,51,49,2
S01006830,Economically active: Self-employed: Part-time (1),9,9,0
S01006830,Economically active: Self-employed: Full-time (1),42,40,2
S01006830,Economically active: Unemployed (1),13,12,1
S01006830,Economically inactive,211,206,5
S01006831,All people aged 16 and over,452,433,19
S01006831,Economically active: Total,278,266,12
S01006831,Economically active: Employee: Total,244,236,8
S01006831,Economically active: Employee: Part-time (1),64,62,2
S01006831,Economically active: Employee: Full-time (1),180,174,6
S01006831,Economically active: Self-employed: Total,23,22,1
S01006831,Economically active: Self-employed: Part-time (1),9,9,0
S01006831,Economically active: Self-employed: Full-time (1),14,13,1
S01006831,Economically active: Unemployed (1),11,8,3
S01006831,Economically inactive,174,167,7
S01006832,All people aged 16 and over,862,824,38
S01006832,Economically active: Total,548,517,31
S01006832,Economically active: Employee: Total,462,435,27
S01006832,Economically active: Employee: Part-time (1),137,131,6
S01006832,Economically active: Employee: Full-time (1),325,304,21
S01006832,Economically active: Self-employed: Total,67,64,3
S01006832,Economically active: Self-employed: Part-time (1),19,16,3
S01006832,Economically active: Self-employed: Full-time (1),48,48,0
S01006832,Economically active: Unemployed (1),19,18,1
S01006832,Economically inactive,314,307,7
S01006833,All people aged 16 and over,373,335,38
S01006833,Economically active: Total,225,198,27
S01006833,Economically active: Employee: Total,179,157,22
S01006833,Economically active: Employee: Part-time (1),57,53,4
S01006833,Economically active: Employee: Full-time (1),122,104,18
S01006833,Economically active: Self-employed: Total,41,36,5
S01006833,Economically active: Self-employed: Part-time (1),17,17,0
S01006833,Economically active: Self-employed: Full-time (1),24,19,5
S01006833,Economically active: Unemployed (1),5,5,0
S01006833,Economically inactive,148,137,11
S01006834,All people aged 16 and over,375,341,34
S01006834,Economically active: Total,315,286,29
S01006834,Economically active: Employee: Total,277,250,27
S01006834,Economically active: Employee: Part-time (1),86,75,11
S01006834,Economically active: Employee: Full-time (1),191,175,16
S01006834,Economically active: Self-employed: Total,28,26,2
S01006834,Economically active: Self-employed: Part-time (1),2,1,1
S01006834,Economically active: Self-employed: Full-time (1),26,25,1
S01006834,Economically active: Unemployed (1),10,10,0
S01006834,Economically inactive,60,55,5
S01006835,All people aged 16 and over,745,687,58
S01006835,Economically active: Total,422,374,48
S01006835,Economically active: Employee: Total,345,310,35
S01006835,Economically active: Employee: Part-time (1),83,74,9
S01006835,Economically active: Employee: Full-time (1),262,236,26
S01006835,Economically active: Self-employed: Total,62,53,9
S01006835,Economically active: Self-employed: Part-time (1),10,9,1
S01006835,Economically active: Self-employed: Full-time (1),52,44,8
S01006835,Economically active: Unemployed (1),15,11,4
S01006835,Economically inactive,323,313,10
S01006836,All people aged 16 and over,372,355,17
S01006836,Economically active: Total,308,296,12
S01006836,Economically active: Employee: Total,257,247,10
S01006836,Economically active: Employee: Part-time (1),69,67,2
S01006836,Economically active: Employee: Full-time (1),188,180,8
S01006836,Economically active: Self-employed: Total,38,37,1
S01006836,Economically active: Self-employed: Part-time (1),14,14,0
S01006836,Economically active: Self-employed: Full-time (1),24,23,1
S01006836,Economically active: Unemployed (1),13,12,1
S01006836,Economically inactive,64,59,5
S01006837,All people aged 16 and over,466,433,33
S01006837,Economically active: Total,317,291,26
S01006837,Economically active: Employee: Total,268,246,22
S01006837,Economically active: Employee: Part-time (1),87,81,6
S01006837,Economically active: Employee: Full-time (1),181,165,16
S01006837,Economically active: Self-employed: Total,46,44,2
S01006837,Economically active: Self-employed: Part-time (1),15,15,0
S01006837,Economically active: Self-employed: Full-time (1),31,29,2
S01006837,Economically active: Unemployed (1),3,1,2
S01006837,Economically inactive,149,142,7
S01006838,All people aged 16 and over,510,486,24
S01006838,Economically active: Total,376,358,18
S01006838,Economically active: Employee: Total,331,316,15
S01006838,Economically active: Employee: Part-time (1),94,93,1
S01006838,Economically active: Employee: Full-time (1),237,223,14
S01006838,Economically active: Self-employed: Total,39,36,3
S01006838,Economically active: Self-employed: Part-time (1),5,5,0
S01006838,Economically active: Self-employed: Full-time (1),34,31,3
S01006838,Economically active: Unemployed (1),6,6,0
S01006838,Economically inactive,134,128,6
S01006839,All people aged 16 and over,864,826,38
S01006839,Economically active: Total,613,586,27
S01006839,Economically active: Employee: Total,534,510,24
S01006839,Economically active: Employee: Part-time (1),152,147,5
S01006839,Economically active: Employee: Full-time (1),382,363,19
S01006839,Economically active: Self-employed: Total,57,55,2
S01006839,Economically active: Self-employed: Part-time (1),20,18,2
S01006839,Economically active: Self-employed: Full-time (1),37,37,0
S01006839,Economically active: Unemployed (1),22,21,1
S01006839,Economically inactive,251,240,11
S01006840,All people aged 16 and over,793,768,25
S01006840,Economically active: Total,575,554,21
S01006840,Economically active: Employee: Total,502,482,20
S01006840,Economically active: Employee: Part-time (1),168,164,4
S01006840,Economically active: Employee: Full-time (1),334,318,16
S01006840,Economically active: Self-employed: Total,57,56,1
S01006840,Economically active: Self-employed: Part-time (1),12,11,1
S01006840,Economically active: Self-employed: Full-time (1),45,45,0
S01006840,Economically active: Unemployed (1),16,16,0
S01006840,Economically inactive,218,214,4
S01006841,All people aged 16 and over,729,682,47
S01006841,Economically active: Total,580,542,38
S01006841,Economically active: Employee: Total,498,470,28
S01006841,Economically active: Employee: Part-time (1),142,135,7
S01006841,Economically active: Employee: Full-time (1),356,335,21
S01006841,Economically active: Self-employed: Total,59,51,8
S01006841,Economically active: Self-employed: Part-time (1),21,18,3
S01006841,Economically active: Self-employed: Full-time (1),38,33,5
S01006841,Economically active: Unemployed (1),23,21,2
S01006841,Economically inactive,149,140,9
S01006842,All people aged 16 and over,680,650,30
S01006842,Economically active: Total,508,489,19
S01006842,Economically active: Employee: Total,453,435,18
S01006842,Economically active: Employee: Part-time (1),135,132,3
S01006842,Economically active: Employee: Full-time (1),318,303,15
S01006842,Economically active: Self-employed: Total,45,44,1
S01006842,Economically active: Self-employed: Part-time (1),8,7,1
S01006842,Economically active: Self-employed: Full-time (1),37,37,0
S01006842,Economically active: Unemployed (1),10,10,0
S01006842,Economically inactive,172,161,11
S01006843,All people aged 16 and over,669,640,29
S01006843,Economically active: Total,527,500,27
S01006843,Economically active: Employee: Total,463,437,26
S01006843,Economically active: Employee: Part-time (1),119,112,7
S01006843,Economically active: Employee: Full-time (1),344,325,19
S01006843,Economically active: Self-employed: Total,51,50,1
S01006843,Economically active: Self-employed: Part-time (1),12,11,1
S01006843,Economically active: Self-employed: Full-time (1),39,39,0
S01006843,Economically active: Unemployed (1),13,13,0
S01006843,Economically inactive,142,140,2
S01006844,All people aged 16 and over,587,556,31
S01006844,Economically active: Total,467,441,26
S01006844,Economically active: Employee: Total,416,390,26
S01006844,Economically active: Employee: Part-time (1),96,92,4
S01006844,Economically active: Employee: Full-time (1),320,298,22
S01006844,Economically active: Self-employed: Total,42,42,0
S01006844,Economically active: Self-employed: Part-time (1),5,5,0
S01006844,Economically active: Self-employed: Full-time (1),37,37,0
S01006844,Economically active: Unemployed (1),9,9,0
S01006844,Economically inactive,120,115,5
S01006845,All people aged 16 and over,778,745,33
S01006845,Economically active: Total,622,592,30
S01006845,Economically active: Employee: Total,564,538,26
S01006845,Economically active: Employee: Part-time (1),174,168,6
S01006845,Economically active: Employee: Full-time (1),390,370,20
S01006845,Economically active: Self-employed: Total,43,41,2
S01006845,Economically active: Self-employed: Part-time (1),8,8,0
S01006845,Economically active: Self-employed: Full-time (1),35,33,2
S01006845,Economically active: Unemployed (1),15,13,2
S01006845,Economically inactive,156,153,3
S01006846,All people aged 16 and over,474,448,26
S01006846,Economically active: Total,357,334,23
S01006846,Economically active: Employee: Total,319,297,22
S01006846,Economically active: Employee: Part-time (1),86,83,3
S01006846,Economically active: Employee: Full-time (1),233,214,19
S01006846,Economically active: Self-employed: Total,28,27,1
S01006846,Economically active: Self-employed: Part-time (1),8,8,0
S01006846,Economically active: Self-employed: Full-time (1),20,19,1
S01006846,Economically active: Unemployed (1),10,10,0
S01006846,Economically inactive,117,114,3
S01006847,All people aged 16 and over,583,557,26
S01006847,Economically active: Total,421,403,18
S01006847,Economically active: Employee: Total,380,363,17
S01006847,Economically active: Employee: Part-time (1),106,104,2
S01006847,Economically active: Employee: Full-time (1),274,259,15
S01006847,Economically active: Self-employed: Total,33,33,0
S01006847,Economically active: Self-employed: Part-time (1),7,7,0
S01006847,Economically active: Self-employed: Full-time (1),26,26,0
S01006847,Economically active: Unemployed (1),8,7,1
S01006847,Economically inactive,162,154,8
S01006848,All people aged 16 and over,787,678,109
S01006848,Economically active: Total,513,437,76
S01006848,Economically active: Employee: Total,394,333,61
S01006848,Economically active: Employee: Part-time (1),99,84,15
S01006848,Economically active: Employee: Full-time (1),295,249,46
S01006848,Economically active: Self-employed: Total,97,85,12
S01006848,Economically active: Self-employed: Part-time (1),28,25,3
S01006848,Economically active: Self-employed: Full-time (1),69,60,9
S01006848,Economically active: Unemployed (1),22,19,3
S01006848,Economically inactive,274,241,33
S01006849,All people aged 16 and over,700,651,49
S01006849,Economically active: Total,610,569,41
S01006849,Economically active: Employee: Total,543,505,38
S01006849,Economically active: Employee: Part-time (1),117,110,7
S01006849,Economically active: Employee: Full-time (1),426,395,31
S01006849,Economically active: Self-employed: Total,41,40,1
S01006849,Economically active: Self-employed: Part-time (1),6,5,1
S01006849,Economically active: Self-employed: Full-time (1),35,35,0
S01006849,Economically active: Unemployed (1),26,24,2
S01006849,Economically inactive,90,82,8
S01006850,All people aged 16 and over,767,716,51
S01006850,Economically active: Total,628,585,43
S01006850,Economically active: Employee: Total,561,525,36
S01006850,Economically active: Employee: Part-time (1),149,140,9
S01006850,Economically active: Employee: Full-time (1),412,385,27
S01006850,Economically active: Self-employed: Total,41,36,5
S01006850,Economically active: Self-employed: Part-time (1),10,10,0
S01006850,Economically active: Self-employed: Full-time (1),31,26,5
S01006850,Economically active: Unemployed (1),26,24,2
S01006850,Economically inactive,139,131,8
S01006851,All people aged 16 and over,651,621,30
S01006851,Economically active: Total,447,426,21
S01006851,Economically active: Employee: Total,388,371,17
S01006851,Economically active: Employee: Part-time (1),118,111,7
S01006851,Economically active: Employee: Full-time (1),270,260,10
S01006851,Economically active: Self-employed: Total,37,34,3
S01006851,Economically active: Self-employed: Part-time (1),12,11,1
S01006851,Economically active: Self-employed: Full-time (1),25,23,2
S01006851,Economically active: Unemployed (1),22,21,1
S01006851,Economically inactive,204,195,9
S01006852,All people aged 16 and over,492,468,24
S01006852,Economically active: Total,355,337,18
S01006852,Economically active: Employee: Total,284,270,14
S01006852,Economically active: Employee: Part-time (1),79,74,5
S01006852,Economically active: Employee: Full-time (1),205,196,9
S01006852,Economically active: Self-employed: Total,55,51,4
S01006852,Economically active: Self-employed: Part-time (1),15,14,1
S01006852,Economically active: Self-employed: Full-time (1),40,37,3
S01006852,Economically active: Unemployed (1),16,16,0
S01006852,Economically inactive,137,131,6
S01006853,All people aged 16 and over,666,575,91
S01006853,Economically active: Total,487,417,70
S01006853,Economically active: Employee: Total,363,306,57
S01006853,Economically active: Employee: Part-time (1),96,82,14
S01006853,Economically active: Employee: Full-time (1),267,224,43
S01006853,Economically active: Self-employed: Total,114,103,11
S01006853,Economically active: Self-employed: Part-time (1),29,23,6
S01006853,Economically active: Self-employed: Full-time (1),85,80,5
S01006853,Economically active: Unemployed (1),10,8,2
S01006853,Economically inactive,179,158,21
S01006854,All people aged 16 and over,707,665,42
S01006854,Economically active: Total,456,429,27
S01006854,Economically active: Employee: Total,371,348,23
S01006854,Economically active: Employee: Part-time (1),108,104,4
S01006854,Economically active: Employee: Full-time (1),263,244,19
S01006854,Economically active: Self-employed: Total,65,62,3
S01006854,Economically active: Self-employed: Part-time (1),16,16,0
S01006854,Economically active: Self-employed: Full-time (1),49,46,3
S01006854,Economically active: Unemployed (1),20,19,1
S01006854,Economically inactive,251,236,15
S01006855,All people aged 16 and over,622,576,46
S01006855,Economically active: Total,443,412,31
S01006855,Economically active: Employee: Total,328,305,23
S01006855,Economically active: Employee: Part-time (1),94,90,4
S01006855,Economically active: Employee: Full-time (1),234,215,19
S01006855,Economically active: Self-employed: Total,108,101,7
S01006855,Economically active: Self-employed: Part-time (1),20,16,4
S01006855,Economically active: Self-employed: Full-time (1),88,85,3
S01006855,Economically active: Unemployed (1),7,6,1
S01006855,Economically inactive,179,164,15
S01006856,All people aged 16 and over,518,486,32
S01006856,Economically active: Total,387,363,24
S01006856,Economically active: Employee: Total,301,280,21
S01006856,Economically active: Employee: Part-time (1),79,72,7
S01006856,Economically active: Employee: Full-time (1),222,208,14
S01006856,Economically active: Self-employed: Total,75,72,3
S01006856,Economically active: Self-employed: Part-time (1),15,13,2
S01006856,Economically active: Self-employed: Full-time (1),60,59,1
S01006856,Economically active: Unemployed (1),11,11,0
S01006856,Economically inactive,131,123,8
S01006857,All people aged 16 and over,809,743,66
S01006857,Economically active: Total,601,552,49
S01006857,Economically active: Employee: Total,430,394,36
S01006857,Economically active: Employee: Part-time (1),115,106,9
S01006857,Economically active: Employee: Full-time (1),315,288,27
S01006857,Economically active: Self-employed: Total,157,147,10
S01006857,Economically active: Self-employed: Part-time (1),47,43,4
S01006857,Economically active: Self-employed: Full-time (1),110,104,6
S01006857,Economically active: Unemployed (1),14,11,3
S01006857,Economically inactive,208,191,17
S01006858,All people aged 16 and over,518,466,52
S01006858,Economically active: Total,362,331,31
S01006858,Economically active: Employee: Total,251,226,25
S01006858,Economically active: Employee: Part-time (1),68,62,6
S01006858,Economically active: Employee: Full-time (1),183,164,19
S01006858,Economically active: Self-employed: Total,104,99,5
S01006858,Economically active: Self-employed: Part-time (1),21,20,1
S01006858,Economically active: Self-employed: Full-time (1),83,79,4
S01006858,Economically active: Unemployed (1),7,6,1
S01006858,Economically inactive,156,135,21
S01006859,All people aged 16 and over,861,788,73
S01006859,Economically active: Total,587,530,57
S01006859,Economically active: Employee: Total,497,450,47
S01006859,Economically active: Employee: Part-time (1),147,138,9
S01006859,Economically active: Employee: Full-time (1),350,312,38
S01006859,Economically active: Self-employed: Total,74,69,5
S01006859,Economically active: Self-employed: Part-time (1),20,20,0
S01006859,Economically active: Self-employed: Full-time (1),54,49,5
S01006859,Economically active: Unemployed (1),16,11,5
S01006859,Economically inactive,274,258,16
S01006860,All people aged 16 and over,465,435,30
S01006860,Economically active: Total,306,280,26
S01006860,Economically active: Employee: Total,267,243,24
S01006860,Economically active: Employee: Part-time (1),79,76,3
S01006860,Economically active: Employee: Full-time (1),188,167,21
S01006860,Economically active: Self-employed: Total,28,26,2
S01006860,Economically active: Self-employed: Part-time (1),9,9,0
S01006860,Economically active: Self-employed: Full-time (1),19,17,2
S01006860,Economically active: Unemployed (1),11,11,0
S01006860,Economically inactive,159,155,4
S01006861,All people aged 16 and over,413,365,48
S01006861,Economically active: Total,331,292,39
S01006861,Economically active: Employee: Total,278,245,33
S01006861,Economically active: Employee: Part-time (1),71,67,4
S01006861,Economically active: Employee: Full-time (1),207,178,29
S01006861,Economically active: Self-employed: Total,42,37,5
S01006861,Economically active: Self-employed: Part-time (1),13,11,2
S01006861,Economically active: Self-employed: Full-time (1),29,26,3
S01006861,Economically active: Unemployed (1),11,10,1
S01006861,Economically inactive,82,73,9
S01006862,All people aged 16 and over,575,529,46
S01006862,Economically active: Total,378,345,33
S01006862,Economically active: Employee: Total,313,285,28
S01006862,Economically active: Employee: Part-time (1),106,96,10
S01006862,Economically active: Employee: Full-time (1),207,189,18
S01006862,Economically active: Self-employed: Total,53,50,3
S01006862,Economically active: Self-employed: Part-time (1),16,15,1
S01006862,Economically active: Self-employed: Full-time (1),37,35,2
S01006862,Economically active: Unemployed (1),12,10,2
S01006862,Economically inactive,197,184,13
S01006863,All people aged 16 and over,560,529,31
S01006863,Economically active: Total,360,338,22
S01006863,Economically active: Employee: Total,306,284,22
S01006863,Economically active: Employee: Part-time (1),62,56,6
S01006863,Economically active: Employee: Full-time (1),244,228,16
S01006863,Economically active: Self-employed: Total,42,42,0
S01006863,Economically active: Self-employed: Part-time (1),10,10,0
S01006863,Economically active: Self-employed: Full-time (1),32,32,0
S01006863,Economically active: Unemployed (1),12,12,0
S01006863,Economically inactive,200,191,9
S01006864,All people aged 16 and over,311,287,24
S01006864,Economically active: Total,241,221,20
S01006864,Economically active: Employee: Total,210,192,18
S01006864,Economically active: Employee: Part-time (1),50,49,1
S01006864,Economically active: Employee: Full-time (1),160,143,17
S01006864,Economically active: Self-employed: Total,20,18,2
S01006864,Economically active: Self-employed: Part-time (1),3,3,0
S01006864,Economically active: Self-employed: Full-time (1),17,15,2
S01006864,Economically active: Unemployed (1),11,11,0
S01006864,Economically inactive,70,66,4
S01006865,All people aged 16 and over,802,700,102
S01006865,Economically active: Total,516,436,80
S01006865,Economically active: Employee: Total,422,353,69
S01006865,Economically active: Employee: Part-time (1),99,83,16
S01006865,Economically active: Employee: Full-time (1),323,270,53
S01006865,Economically active: Self-employed: Total,84,76,8
S01006865,Economically active: Self-employed: Part-time (1),23,20,3
S01006865,Economically active: Self-employed: Full-time (1),61,56,5
S01006865,Economically active: Unemployed (1),10,7,3
S01006865,Economically inactive,286,264,22
S01006866,All people aged 16 and over,455,422,33
S01006866,Economically active: Total,259,232,27
S01006866,Economically active: Employee: Total,222,198,24
S01006866,Economically active: Employee: Part-time (1),88,83,5
S01006866,Economically active: Employee: Full-time (1),134,115,19
S01006866,Economically active: Self-employed: Total,33,30,3
S01006866,Economically active: Self-employed: Part-time (1),16,16,0
S01006866,Economically active: Self-employed: Full-time (1),17,14,3
S01006866,Economically active: Unemployed (1),4,4,0
S01006866,Economically inactive,196,190,6
S01006867,All people aged 16 and over,614,564,50
S01006867,Economically active: Total,352,320,32
S01006867,Economically active: Employee: Total,265,239,26
S01006867,Economically active: Employee: Part-time (1),91,83,8
S01006867,Economically active: Employee: Full-time (1),174,156,18
S01006867,Economically active: Self-employed: Total,69,65,4
S01006867,Economically active: Self-employed: Part-time (1),29,28,1
S01006867,Economically active: Self-employed: Full-time (1),40,37,3
S01006867,Economically active: Unemployed (1),18,16,2
S01006867,Economically inactive,262,244,18
S01006868,All people aged 16 and over,709,680,29
S01006868,Economically active: Total,455,432,23
S01006868,Economically active: Employee: Total,395,374,21
S01006868,Economically active: Employee: Part-time (1),118,106,12
S01006868,Economically active: Employee: Full-time (1),277,268,9
S01006868,Economically active: Self-employed: Total,52,51,1
S01006868,Economically active: Self-employed: Part-time (1),13,12,1
S01006868,Economically active: Self-employed: Full-time (1),39,39,0
S01006868,Economically active: Unemployed (1),8,7,1
S01006868,Economically inactive,254,248,6
S01006869,All people aged 16 and over,405,372,33
S01006869,Economically active: Total,282,256,26
S01006869,Economically active: Employee: Total,212,192,20
S01006869,Economically active: Employee: Part-time (1),70,63,7
S01006869,Economically active: Employee: Full-time (1),142,129,13
S01006869,Economically active: Self-employed: Total,52,46,6
S01006869,Economically active: Self-employed: Part-time (1),15,12,3
S01006869,Economically active: Self-employed: Full-time (1),37,34,3
S01006869,Economically active: Unemployed (1),18,18,0
S01006869,Economically inactive,123,116,7
S01006870,All people aged 16 and over,397,370,27
S01006870,Economically active: Total,258,237,21
S01006870,Economically active: Employee: Total,194,176,18
S01006870,Economically active: Employee: Part-time (1),79,72,7
S01006870,Economically active: Employee: Full-time (1),115,104,11
S01006870,Economically active: Self-employed: Total,51,48,3
S01006870,Economically active: Self-employed: Part-time (1),16,14,2
S01006870,Economically active: Self-employed: Full-time (1),35,34,1
S01006870,Economically active: Unemployed (1),13,13,0
S01006870,Economically inactive,139,133,6
S01006871,All people aged 16 and over,571,542,29
S01006871,Economically active: Total,354,333,21
S01006871,Economically active: Employee: Total,302,282,20
S01006871,Economically active: Employee: Part-time (1),98,93,5
S01006871,Economically active: Employee: Full-time (1),204,189,15
S01006871,Economically active: Self-employed: Total,39,38,1
S01006871,Economically active: Self-employed: Part-time (1),8,8,0
S01006871,Economically active: Self-employed: Full-time (1),31,30,1
S01006871,Economically active: Unemployed (1),13,13,0
S01006871,Economically inactive,217,209,8
S01006872,All people aged 16 and over,537,508,29
S01006872,Economically active: Total,381,359,22
S01006872,Economically active: Employee: Total,288,269,19
S01006872,Economically active: Employee: Part-time (1),86,79,7
S01006872,Economically active: Employee: Full-time (1),202,190,12
S01006872,Economically active: Self-employed: Total,88,86,2
S01006872,Economically active: Self-employed: Part-time (1),29,29,0
S01006872,Economically active: Self-employed: Full-time (1),59,57,2
S01006872,Economically active: Unemployed (1),5,4,1
S01006872,Economically inactive,156,149,7
S01006873,All people aged 16 and over,833,771,62
S01006873,Economically active: Total,417,389,28
S01006873,Economically active: Employee: Total,303,279,24
S01006873,Economically active: Employee: Part-time (1),100,93,7
S01006873,Economically active: Employee: Full-time (1),203,186,17
S01006873,Economically active: Self-employed: Total,103,99,4
S01006873,Economically active: Self-employed: Part-time (1),34,33,1
S01006873,Economically active: Self-employed: Full-time (1),69,66,3
S01006873,Economically active: Unemployed (1),11,11,0
S01006873,Economically inactive,416,382,34
S01006874,All people aged 16 and over,490,450,40
S01006874,Economically active: Total,343,314,29
S01006874,Economically active: Employee: Total,264,237,27
S01006874,Economically active: Employee: Part-time (1),76,69,7
S01006874,Economically active: Employee: Full-time (1),188,168,20
S01006874,Economically active: Self-employed: Total,73,71,2
S01006874,Economically active: Self-employed: Part-time (1),18,17,1
S01006874,Economically active: Self-employed: Full-time (1),55,54,1
S01006874,Economically active: Unemployed (1),6,6,0
S01006874,Economically inactive,147,136,11
S01006875,All people aged 16 and over,569,531,38
S01006875,Economically active: Total,351,322,29
S01006875,Economically active: Employee: Total,253,236,17
S01006875,Economically active: Employee: Part-time (1),76,71,5
S01006875,Economically active: Employee: Full-time (1),177,165,12
S01006875,Economically active: Self-employed: Total,70,63,7
S01006875,Economically active: Self-employed: Part-time (1),17,15,2
S01006875,Economically active: Self-employed: Full-time (1),53,48,5
S01006875,Economically active: Unemployed (1),28,23,5
S01006875,Economically inactive,218,209,9
S01006876,All people aged 16 and over,795,765,30
S01006876,Economically active: Total,562,536,26
S01006876,Economically active: Employee: Total,424,408,16
S01006876,Economically active: Employee: Part-time (1),128,125,3
S01006876,Economically active: Employee: Full-time (1),296,283,13
S01006876,Economically active: Self-employed: Total,123,115,8
S01006876,Economically active: Self-employed: Part-time (1),24,21,3
S01006876,Economically active: Self-employed: Full-time (1),99,94,5
S01006876,Economically active: Unemployed (1),15,13,2
S01006876,Economically inactive,233,229,4
S01006877,All people aged 16 and over,780,733,47
S01006877,Economically active: Total,561,528,33
S01006877,Economically active: Employee: Total,402,381,21
S01006877,Economically active: Employee: Part-time (1),104,99,5
S01006877,Economically active: Employee: Full-time (1),298,282,16
S01006877,Economically active: Self-employed: Total,141,132,9
S01006877,Economically active: Self-employed: Part-time (1),29,27,2
S01006877,Economically active: Self-employed: Full-time (1),112,105,7
S01006877,Economically active: Unemployed (1),18,15,3
S01006877,Economically inactive,219,205,14
S01006878,All people aged 16 and over,587,557,30
S01006878,Economically active: Total,402,380,22
S01006878,Economically active: Employee: Total,253,236,17
S01006878,Economically active: Employee: Part-time (1),70,65,5
S01006878,Economically active: Employee: Full-time (1),183,171,12
S01006878,Economically active: Self-employed: Total,133,128,5
S01006878,Economically active: Self-employed: Part-time (1),26,24,2
S01006878,Economically active: Self-employed: Full-time (1),107,104,3
S01006878,Economically active: Unemployed (1),16,16,0
S01006878,Economically inactive,185,177,8
S01006879,All people aged 16 and over,659,622,37
S01006879,Economically active: Total,444,413,31
S01006879,Economically active: Employee: Total,303,281,22
S01006879,Economically active: Employee: Part-time (1),86,81,5
S01006879,Economically active: Employee: Full-time (1),217,200,17
S01006879,Economically active: Self-employed: Total,127,119,8
S01006879,Economically active: Self-employed: Part-time (1),30,26,4
S01006879,Economically active: Self-employed: Full-time (1),97,93,4
S01006879,Economically active: Unemployed (1),14,13,1
S01006879,Economically inactive,215,209,6
S01006880,All people aged 16 and over,470,443,27
S01006880,Economically active: Total,361,340,21
S01006880,Economically active: Employee: Total,298,285,13
S01006880,Economically active: Employee: Part-time (1),85,81,4
S01006880,Economically active: Employee: Full-time (1),213,204,9
S01006880,Economically active: Self-employed: Total,57,50,7
S01006880,Economically active: Self-employed: Part-time (1),17,13,4
S01006880,Economically active: Self-employed: Full-time (1),40,37,3
S01006880,Economically active: Unemployed (1),6,5,1
S01006880,Economically inactive,109,103,6
S01006881,All people aged 16 and over,461,437,24
S01006881,Economically active: Total,334,317,17
S01006881,Economically active: Employee: Total,252,241,11
S01006881,Economically active: Employee: Part-time (1),73,67,6
S01006881,Economically active: Employee: Full-time (1),179,174,5
S01006881,Economically active: Self-employed: Total,76,70,6
S01006881,Economically active: Self-employed: Part-time (1),18,16,2
S01006881,Economically active: Self-employed: Full-time (1),58,54,4
S01006881,Economically active: Unemployed (1),6,6,0
S01006881,Economically inactive,127,120,7
S01006882,All people aged 16 and over,336,331,5
S01006882,Economically active: Total,189,187,2
S01006882,Economically active: Employee: Total,164,162,2
S01006882,Economically active: Employee: Part-time (1),48,47,1
S01006882,Economically active: Employee: Full-time (1),116,115,1
S01006882,Economically active: Self-employed: Total,16,16,0
S01006882,Economically active: Self-employed: Part-time (1),4,4,0
S01006882,Economically active: Self-employed: Full-time (1),12,12,0
S01006882,Economically active: Unemployed (1),9,9,0
S01006882,Economically inactive,147,144,3
S01006883,All people aged 16 and over,381,370,11
S01006883,Economically active: Total,251,242,9
S01006883,Economically active: Employee: Total,210,201,9
S01006883,Economically active: Employee: Part-time (1),61,59,2
S01006883,Economically active: Employee: Full-time (1),149,142,7
S01006883,Economically active: Self-employed: Total,31,31,0
S01006883,Economically active: Self-employed: Part-time (1),3,3,0
S01006883,Economically active: Self-employed: Full-time (1),28,28,0
S01006883,Economically active: Unemployed (1),10,10,0
S01006883,Economically inactive,130,128,2
S01006884,All people aged 16 and over,727,702,25
S01006884,Economically active: Total,471,449,22
S01006884,Economically active: Employee: Total,406,388,18
S01006884,Economically active: Employee: Part-time (1),125,118,7
S01006884,Economically active: Employee: Full-time (1),281,270,11
S01006884,Economically active: Self-employed: Total,55,51,4
S01006884,Economically active: Self-employed: Part-time (1),13,13,0
S01006884,Economically active: Self-employed: Full-time (1),42,38,4
S01006884,Economically active: Unemployed (1),10,10,0
S01006884,Economically inactive,256,253,3
S01006885,All people aged 16 and over,448,434,14
S01006885,Economically active: Total,275,266,9
S01006885,Economically active: Employee: Total,211,204,7
S01006885,Economically active: Employee: Part-time (1),64,61,3
S01006885,Economically active: Employee: Full-time (1),147,143,4
S01006885,Economically active: Self-employed: Total,63,61,2
S01006885,Economically active: Self-employed: Part-time (1),19,18,1
S01006885,Economically active: Self-employed: Full-time (1),44,43,1
S01006885,Economically active: Unemployed (1),1,1,0
S01006885,Economically inactive,173,168,5
S01006886,All people aged 16 and over,617,581,36
S01006886,Economically active: Total,430,400,30
S01006886,Economically active: Employee: Total,322,300,22
S01006886,Economically active: Employee: Part-time (1),92,89,3
S01006886,Economically active: Employee: Full-time (1),230,211,19
S01006886,Economically active: Self-employed: Total,89,82,7
S01006886,Economically active: Self-employed: Part-time (1),26,23,3
S01006886,Economically active: Self-employed: Full-time (1),63,59,4
S01006886,Economically active: Unemployed (1),19,18,1
S01006886,Economically inactive,187,181,6
S01006887,All people aged 16 and over,434,411,23
S01006887,Economically active: Total,328,312,16
S01006887,Economically active: Employee: Total,259,247,12
S01006887,Economically active: Employee: Part-time (1),78,73,5
S01006887,Economically active: Employee: Full-time (1),181,174,7
S01006887,Economically active: Self-employed: Total,57,54,3
S01006887,Economically active: Self-employed: Part-time (1),15,14,1
S01006887,Economically active: Self-employed: Full-time (1),42,40,2
S01006887,Economically active: Unemployed (1),12,11,1
S01006887,Economically inactive,106,99,7
S01006888,All people aged 16 and over,624,603,21
S01006888,Economically active: Total,456,439,17
S01006888,Economically active: Employee: Total,336,324,12
S01006888,Economically active: Employee: Part-time (1),97,91,6
S01006888,Economically active: Employee: Full-time (1),239,233,6
S01006888,Economically active: Self-employed: Total,104,100,4
S01006888,Economically active: Self-employed: Part-time (1),24,24,0
S01006888,Economically active: Self-employed: Full-time (1),80,76,4
S01006888,Economically active: Unemployed (1),16,15,1
S01006888,Economically inactive,168,164,4
S01006889,All people aged 16 and over,659,620,39
S01006889,Economically active: Total,443,417,26
S01006889,Economically active: Employee: Total,383,360,23
S01006889,Economically active: Employee: Part-time (1),111,106,5
S01006889,Economically active: Employee: Full-time (1),272,254,18
S01006889,Economically active: Self-employed: Total,31,29,2
S01006889,Economically active: Self-employed: Part-time (1),13,11,2
S01006889,Economically active: Self-employed: Full-time (1),18,18,0
S01006889,Economically active: Unemployed (1),29,28,1
S01006889,Economically inactive,216,203,13
S01006890,All people aged 16 and over,521,491,30
S01006890,Economically active: Total,380,356,24
S01006890,Economically active: Employee: Total,319,296,23
S01006890,Economically active: Employee: Part-time (1),93,89,4
S01006890,Economically active: Employee: Full-time (1),226,207,19
S01006890,Economically active: Self-employed: Total,42,41,1
S01006890,Economically active: Self-employed: Part-time (1),9,8,1
S01006890,Economically active: Self-employed: Full-time (1),33,33,0
S01006890,Economically active: Unemployed (1),19,19,0
S01006890,Economically inactive,141,135,6
S01006891,All people aged 16 and over,797,755,42
S01006891,Economically active: Total,532,504,28
S01006891,Economically active: Employee: Total,469,444,25
S01006891,Economically active: Employee: Part-time (1),134,127,7
S01006891,Economically active: Employee: Full-time (1),335,317,18
S01006891,Economically active: Self-employed: Total,51,48,3
S01006891,Economically active: Self-employed: Part-time (1),17,16,1
S01006891,Economically active: Self-employed: Full-time (1),34,32,2
S01006891,Economically active: Unemployed (1),12,12,0
S01006891,Economically inactive,265,251,14
S01006892,All people aged 16 and over,493,476,17
S01006892,Economically active: Total,341,328,13
S01006892,Economically active: Employee: Total,304,293,11
S01006892,Economically active: Employee: Part-time (1),76,73,3
S01006892,Economically active: Employee: Full-time (1),228,220,8
S01006892,Economically active: Self-employed: Total,25,24,1
S01006892,Economically active: Self-employed: Part-time (1),8,8,0
S01006892,Economically active: Self-employed: Full-time (1),17,16,1
S01006892,Economically active: Unemployed (1),12,11,1
S01006892,Economically inactive,152,148,4
S01006893,All people aged 16 and over,417,412,5
S01006893,Economically active: Total,286,282,4
S01006893,Economically active: Employee: Total,245,241,4
S01006893,Economically active: Employee: Part-time (1),81,79,2
S01006893,Economically active: Employee: Full-time (1),164,162,2
S01006893,Economically active: Self-employed: Total,28,28,0
S01006893,Economically active: Self-employed: Part-time (1),4,4,0
S01006893,Economically active: Self-employed: Full-time (1),24,24,0
S01006893,Economically active: Unemployed (1),13,13,0
S01006893,Economically inactive,131,130,1
S01006894,All people aged 16 and over,820,789,31
S01006894,Economically active: Total,492,465,27
S01006894,Economically active: Employee: Total,438,414,24
S01006894,Economically active: Employee: Part-time (1),122,113,9
S01006894,Economically active: Employee: Full-time (1),316,301,15
S01006894,Economically active: Self-employed: Total,40,38,2
S01006894,Economically active: Self-employed: Part-time (1),11,10,1
S01006894,Economically active: Self-employed: Full-time (1),29,28,1
S01006894,Economically active: Unemployed (1),14,13,1
S01006894,Economically inactive,328,324,4
S01006895,All people aged 16 and over,450,422,28
S01006895,Economically active: Total,326,302,24
S01006895,Economically active: Employee: Total,290,269,21
S01006895,Economically active: Employee: Part-time (1),61,57,4
S01006895,Economically active: Employee: Full-time (1),229,212,17
S01006895,Economically active: Self-employed: Total,23,22,1
S01006895,Economically active: Self-employed: Part-time (1),3,3,0
S01006895,Economically active: Self-employed: Full-time (1),20,19,1
S01006895,Economically active: Unemployed (1),13,11,2
S01006895,Economically inactive,124,120,4
S01006896,All people aged 16 and over,681,625,56
S01006896,Economically active: Total,460,414,46
S01006896,Economically active: Employee: Total,417,374,43
S01006896,Economically active: Employee: Part-time (1),113,102,11
S01006896,Economically active: Employee: Full-time (1),304,272,32
S01006896,Economically active: Self-employed: Total,31,29,2
S01006896,Economically active: Self-employed: Part-time (1),10,10,0
S01006896,Economically active: Self-employed: Full-time (1),21,19,2
S01006896,Economically active: Unemployed (1),12,11,1
S01006896,Economically inactive,221,211,10
S01006897,All people aged 16 and over,604,578,26
S01006897,Economically active: Total,444,424,20
S01006897,Economically active: Employee: Total,394,376,18
S01006897,Economically active: Employee: Part-time (1),105,100,5
S01006897,Economically active: Employee: Full-time (1),289,276,13
S01006897,Economically active: Self-employed: Total,36,35,1
S01006897,Economically active: Self-employed: Part-time (1),10,10,0
S01006897,Economically active: Self-employed: Full-time (1),26,25,1
S01006897,Economically active: Unemployed (1),14,13,1
S01006897,Economically inactive,160,154,6
S01006898,All people aged 16 and over,613,583,30
S01006898,Economically active: Total,443,419,24
S01006898,Economically active: Employee: Total,396,376,20
S01006898,Economically active: Employee: Part-time (1),106,102,4
S01006898,Economically active: Employee: Full-time (1),290,274,16
S01006898,Economically active: Self-employed: Total,34,32,2
S01006898,Economically active: Self-employed: Part-time (1),12,12,0
S01006898,Economically active: Self-employed: Full-time (1),22,20,2
S01006898,Economically active: Unemployed (1),13,11,2
S01006898,Economically inactive,170,164,6
S01006899,All people aged 16 and over,490,468,22
S01006899,Economically active: Total,397,379,18
S01006899,Economically active: Employee: Total,358,342,16
S01006899,Economically active: Employee: Part-time (1),97,93,4
S01006899,Economically active: Employee: Full-time (1),261,249,12
S01006899,Economically active: Self-employed: Total,30,28,2
S01006899,Economically active: Self-employed: Part-time (1),14,13,1
S01006899,Economically active: Self-employed: Full-time (1),16,15,1
S01006899,Economically active: Unemployed (1),9,9,0
S01006899,Economically inactive,93,89,4
S01006900,All people aged 16 and over,504,478,26
S01006900,Economically active: Total,379,358,21
S01006900,Economically active: Employee: Total,353,333,20
S01006900,Economically active: Employee: Part-time (1),91,87,4
S01006900,Economically active: Employee: Full-time (1),262,246,16
S01006900,Economically active: Self-employed: Total,20,20,0
S01006900,Economically active: Self-employed: Part-time (1),3,3,0
S01006900,Economically active: Self-employed: Full-time (1),17,17,0
S01006900,Economically active: Unemployed (1),6,5,1
S01006900,Economically inactive,125,120,5
S01006901,All people aged 16 and over,517,494,23
S01006901,Economically active: Total,364,342,22
S01006901,Economically active: Employee: Total,331,311,20
S01006901,Economically active: Employee: Part-time (1),87,81,6
S01006901,Economically active: Employee: Full-time (1),244,230,14
S01006901,Economically active: Self-employed: Total,17,16,1
S01006901,Economically active: Self-employed: Part-time (1),3,3,0
S01006901,Economically active: Self-employed: Full-time (1),14,13,1
S01006901,Economically active: Unemployed (1),16,15,1
S01006901,Economically inactive,153,152,1
S01006902,All people aged 16 and over,540,508,32
S01006902,Economically active: Total,388,359,29
S01006902,Economically active: Employee: Total,348,324,24
S01006902,Economically active: Employee: Part-time (1),105,101,4
S01006902,Economically active: Employee: Full-time (1),243,223,20
S01006902,Economically active: Self-employed: Total,27,22,5
S01006902,Economically active: Self-employed: Part-time (1),7,4,3
S01006902,Economically active: Self-employed: Full-time (1),20,18,2
S01006902,Economically active: Unemployed (1),13,13,0
S01006902,Economically inactive,152,149,3
S01006903,All people aged 16 and over,672,643,29
S01006903,Economically active: Total,448,425,23
S01006903,Economically active: Employee: Total,393,373,20
S01006903,Economically active: Employee: Part-time (1),109,102,7
S01006903,Economically active: Employee: Full-time (1),284,271,13
S01006903,Economically active: Self-employed: Total,36,35,1
S01006903,Economically active: Self-employed: Part-time (1),11,11,0
S01006903,Economically active: Self-employed: Full-time (1),25,24,1
S01006903,Economically active: Unemployed (1),19,17,2
S01006903,Economically inactive,224,218,6
S01006904,All people aged 16 and over,604,554,50
S01006904,Economically active: Total,379,340,39
S01006904,Economically active: Employee: Total,330,300,30
S01006904,Economically active: Employee: Part-time (1),92,91,1
S01006904,Economically active: Employee: Full-time (1),238,209,29
S01006904,Economically active: Self-employed: Total,34,28,6
S01006904,Economically active: Self-employed: Part-time (1),7,5,2
S01006904,Economically active: Self-employed: Full-time (1),27,23,4
S01006904,Economically active: Unemployed (1),15,12,3
S01006904,Economically inactive,225,214,11
S01006905,All people aged 16 and over,763,731,32
S01006905,Economically active: Total,451,427,24
S01006905,Economically active: Employee: Total,386,366,20
S01006905,Economically active: Employee: Part-time (1),98,96,2
S01006905,Economically active: Employee: Full-time (1),288,270,18
S01006905,Economically active: Self-employed: Total,55,52,3
S01006905,Economically active: Self-employed: Part-time (1),15,14,1
S01006905,Economically active: Self-employed: Full-time (1),40,38,2
S01006905,Economically active: Unemployed (1),10,9,1
S01006905,Economically inactive,312,304,8
S01006906,All people aged 16 and over,732,714,18
S01006906,Economically active: Total,412,399,13
S01006906,Economically active: Employee: Total,355,342,13
S01006906,Economically active: Employee: Part-time (1),106,101,5
S01006906,Economically active: Employee: Full-time (1),249,241,8
S01006906,Economically active: Self-employed: Total,35,35,0
S01006906,Economically active: Self-employed: Part-time (1),11,11,0
S01006906,Economically active: Self-employed: Full-time (1),24,24,0
S01006906,Economically active: Unemployed (1),22,22,0
S01006906,Economically inactive,320,315,5
S01006907,All people aged 16 and over,534,453,81
S01006907,Economically active: Total,386,311,75
S01006907,Economically active: Employee: Total,334,263,71
S01006907,Economically active: Employee: Part-time (1),68,59,9
S01006907,Economically active: Employee: Full-time (1),266,204,62
S01006907,Economically active: Self-employed: Total,41,37,4
S01006907,Economically active: Self-employed: Part-time (1),10,9,1
S01006907,Economically active: Self-employed: Full-time (1),31,28,3
S01006907,Economically active: Unemployed (1),11,11,0
S01006907,Economically inactive,148,142,6
S01006908,All people aged 16 and over,713,649,64
S01006908,Economically active: Total,471,417,54
S01006908,Economically active: Employee: Total,417,366,51
S01006908,Economically active: Employee: Part-time (1),100,98,2
S01006908,Economically active: Employee: Full-time (1),317,268,49
S01006908,Economically active: Self-employed: Total,32,30,2
S01006908,Economically active: Self-employed: Part-time (1),4,3,1
S01006908,Economically active: Self-employed: Full-time (1),28,27,1
S01006908,Economically active: Unemployed (1),22,21,1
S01006908,Economically inactive,242,232,10
S01006909,All people aged 16 and over,578,528,50
S01006909,Economically active: Total,452,416,36
S01006909,Economically active: Employee: Total,389,359,30
S01006909,Economically active: Employee: Part-time (1),98,88,10
S01006909,Economically active: Employee: Full-time (1),291,271,20
S01006909,Economically active: Self-employed: Total,54,49,5
S01006909,Economically active: Self-employed: Part-time (1),15,14,1
S01006909,Economically active: Self-employed: Full-time (1),39,35,4
S01006909,Economically active: Unemployed (1),9,8,1
S01006909,Economically inactive,126,112,14
S01006910,All people aged 16 and over,701,644,57
S01006910,Economically active: Total,541,496,45
S01006910,Economically active: Employee: Total,430,389,41
S01006910,Economically active: Employee: Part-time (1),110,98,12
S01006910,Economically active: Employee: Full-time (1),320,291,29
S01006910,Economically active: Self-employed: Total,99,95,4
S01006910,Economically active: Self-employed: Part-time (1),27,25,2
S01006910,Economically active: Self-employed: Full-time (1),72,70,2
S01006910,Economically active: Unemployed (1),12,12,0
S01006910,Economically inactive,160,148,12
S01006911,All people aged 16 and over,451,417,34
S01006911,Economically active: Total,397,366,31
S01006911,Economically active: Employee: Total,353,325,28
S01006911,Economically active: Employee: Part-time (1),80,74,6
S01006911,Economically active: Employee: Full-time (1),273,251,22
S01006911,Economically active: Self-employed: Total,35,34,1
S01006911,Economically active: Self-employed: Part-time (1),10,10,0
S01006911,Economically active: Self-employed: Full-time (1),25,24,1
S01006911,Economically active: Unemployed (1),9,7,2
S01006911,Economically inactive,54,51,3
S01006912,All people aged 16 and over,378,352,26
S01006912,Economically active: Total,285,265,20
S01006912,Economically active: Employee: Total,214,195,19
S01006912,Economically active: Employee: Part-time (1),51,44,7
S01006912,Economically active: Employee: Full-time (1),163,151,12
S01006912,Economically active: Self-employed: Total,59,59,0
S01006912,Economically active: Self-employed: Part-time (1),9,9,0
S01006912,Economically active: Self-employed: Full-time (1),50,50,0
S01006912,Economically active: Unemployed (1),12,11,1
S01006912,Economically inactive,93,87,6
S01006913,All people aged 16 and over,385,353,32
S01006913,Economically active: Total,328,299,29
S01006913,Economically active: Employee: Total,277,252,25
S01006913,Economically active: Employee: Part-time (1),73,66,7
S01006913,Economically active: Employee: Full-time (1),204,186,18
S01006913,Economically active: Self-employed: Total,45,43,2
S01006913,Economically active: Self-employed: Part-time (1),9,8,1
S01006913,Economically active: Self-employed: Full-time (1),36,35,1
S01006913,Economically active: Unemployed (1),6,4,2
S01006913,Economically inactive,57,54,3
S01006914,All people aged 16 and over,590,527,63
S01006914,Economically active: Total,466,412,54
S01006914,Economically active: Employee: Total,370,320,50
S01006914,Economically active: Employee: Part-time (1),120,106,14
S01006914,Economically active: Employee: Full-time (1),250,214,36
S01006914,Economically active: Self-employed: Total,88,84,4
S01006914,Economically active: Self-employed: Part-time (1),23,21,2
S01006914,Economically active: Self-employed: Full-time (1),65,63,2
S01006914,Economically active: Unemployed (1),8,8,0
S01006914,Economically inactive,124,115,9
S01006915,All people aged 16 and over,640,615,25
S01006915,Economically active: Total,484,463,21
S01006915,Economically active: Employee: Total,395,379,16
S01006915,Economically active: Employee: Part-time (1),107,104,3
S01006915,Economically active: Employee: Full-time (1),288,275,13
S01006915,Economically active: Self-employed: Total,81,79,2
S01006915,Economically active: Self-employed: Part-time (1),20,20,0
S01006915,Economically active: Self-employed: Full-time (1),61,59,2
S01006915,Economically active: Unemployed (1),8,5,3
S01006915,Economically inactive,156,152,4
S01006916,All people aged 16 and over,397,365,32
S01006916,Economically active: Total,307,283,24
S01006916,Economically active: Employee: Total,272,251,21
S01006916,Economically active: Employee: Part-time (1),74,71,3
S01006916,Economically active: Employee: Full-time (1),198,180,18
S01006916,Economically active: Self-employed: Total,25,23,2
S01006916,Economically active: Self-employed: Part-time (1),5,4,1
S01006916,Economically active: Self-employed: Full-time (1),20,19,1
S01006916,Economically active: Unemployed (1),10,9,1
S01006916,Economically inactive,90,82,8
S01006917,All people aged 16 and over,643,610,33
S01006917,Economically active: Total,564,539,25
S01006917,Economically active: Employee: Total,487,467,20
S01006917,Economically active: Employee: Part-time (1),133,131,2
S01006917,Economically active: Employee: Full-time (1),354,336,18
S01006917,Economically active: Self-employed: Total,65,62,3
S01006917,Economically active: Self-employed: Part-time (1),17,17,0
S01006917,Economically active: Self-employed: Full-time (1),48,45,3
S01006917,Economically active: Unemployed (1),12,10,2
S01006917,Economically inactive,79,71,8
S01006918,All people aged 16 and over,376,351,25
S01006918,Economically active: Total,269,250,19
S01006918,Economically active: Employee: Total,231,216,15
S01006918,Economically active: Employee: Part-time (1),66,64,2
S01006918,Economically active: Employee: Full-time (1),165,152,13
S01006918,Economically active: Self-employed: Total,30,29,1
S01006918,Economically active: Self-employed: Part-time (1),10,10,0
S01006918,Economically active: Self-employed: Full-time (1),20,19,1
S01006918,Economically active: Unemployed (1),8,5,3
S01006918,Economically inactive,107,101,6
S01006919,All people aged 16 and over,418,391,27
S01006919,Economically active: Total,265,250,15
S01006919,Economically active: Employee: Total,229,215,14
S01006919,Economically active: Employee: Part-time (1),67,62,5
S01006919,Economically active: Employee: Full-time (1),162,153,9
S01006919,Economically active: Self-employed: Total,32,31,1
S01006919,Economically active: Self-employed: Part-time (1),10,10,0
S01006919,Economically active: Self-employed: Full-time (1),22,21,1
S01006919,Economically active: Unemployed (1),4,4,0
S01006919,Economically inactive,153,141,12
S01006920,All people aged 16 and over,409,387,22
S01006920,Economically active: Total,272,252,20
S01006920,Economically active: Employee: Total,240,221,19
S01006920,Economically active: Employee: Part-time (1),57,54,3
S01006920,Economically active: Employee: Full-time (1),183,167,16
S01006920,Economically active: Self-employed: Total,26,25,1
S01006920,Economically active: Self-employed: Part-time (1),6,6,0
S01006920,Economically active: Self-employed: Full-time (1),20,19,1
S01006920,Economically active: Unemployed (1),6,6,0
S01006920,Economically inactive,137,135,2
S01006921,All people aged 16 and over,560,519,41
S01006921,Economically active: Total,474,439,35
S01006921,Economically active: Employee: Total,431,400,31
S01006921,Economically active: Employee: Part-time (1),129,126,3
S01006921,Economically active: Employee: Full-time (1),302,274,28
S01006921,Economically active: Self-employed: Total,37,33,4
S01006921,Economically active: Self-employed: Part-time (1),12,10,2
S01006921,Economically active: Self-employed: Full-time (1),25,23,2
S01006921,Economically active: Unemployed (1),6,6,0
S01006921,Economically inactive,86,80,6
S01006922,All people aged 16 and over,407,390,17
S01006922,Economically active: Total,278,265,13
S01006922,Economically active: Employee: Total,225,216,9
S01006922,Economically active: Employee: Part-time (1),69,68,1
S01006922,Economically active: Employee: Full-time (1),156,148,8
S01006922,Economically active: Self-employed: Total,46,44,2
S01006922,Economically active: Self-employed: Part-time (1),9,9,0
S01006922,Economically active: Self-employed: Full-time (1),37,35,2
S01006922,Economically active: Unemployed (1),7,5,2
S01006922,Economically inactive,129,125,4
S01006923,All people aged 16 and over,667,634,33
S01006923,Economically active: Total,414,391,23
S01006923,Economically active: Employee: Total,326,306,20
S01006923,Economically active: Employee: Part-time (1),97,92,5
S01006923,Economically active: Employee: Full-time (1),229,214,15
S01006923,Economically active: Self-employed: Total,74,72,2
S01006923,Economically active: Self-employed: Part-time (1),22,21,1
S01006923,Economically active: Self-employed: Full-time (1),52,51,1
S01006923,Economically active: Unemployed (1),14,13,1
S01006923,Economically inactive,253,243,10
S01006924,All people aged 16 and over,439,410,29
S01006924,Economically active: Total,348,323,25
S01006924,Economically active: Employee: Total,257,239,18
S01006924,Economically active: Employee: Part-time (1),59,53,6
S01006924,Economically active: Employee: Full-time (1),198,186,12
S01006924,Economically active: Self-employed: Total,83,77,6
S01006924,Economically active: Self-employed: Part-time (1),25,23,2
S01006924,Economically active: Self-employed: Full-time (1),58,54,4
S01006924,Economically active: Unemployed (1),8,7,1
S01006924,Economically inactive,91,87,4
S01006925,All people aged 16 and over,410,389,21
S01006925,Economically active: Total,283,265,18
S01006925,Economically active: Employee: Total,253,240,13
S01006925,Economically active: Employee: Part-time (1),75,71,4
S01006925,Economically active: Employee: Full-time (1),178,169,9
S01006925,Economically active: Self-employed: Total,24,19,5
S01006925,Economically active: Self-employed: Part-time (1),3,2,1
S01006925,Economically active: Self-employed: Full-time (1),21,17,4
S01006925,Economically active: Unemployed (1),6,6,0
S01006925,Economically inactive,127,124,3
S01006926,All people aged 16 and over,538,490,48
S01006926,Economically active: Total,444,403,41
S01006926,Economically active: Employee: Total,387,351,36
S01006926,Economically active: Employee: Part-time (1),110,99,11
S01006926,Economically active: Employee: Full-time (1),277,252,25
S01006926,Economically active: Self-employed: Total,40,38,2
S01006926,Economically active: Self-employed: Part-time (1),6,6,0
S01006926,Economically active: Self-employed: Full-time (1),34,32,2
S01006926,Economically active: Unemployed (1),17,14,3
S01006926,Economically inactive,94,87,7
S01006927,All people aged 16 and over,707,621,86
S01006927,Economically active: Total,633,564,69
S01006927,Economically active: Employee: Total,563,505,58
S01006927,Economically active: Employee: Part-time (1),95,83,12
S01006927,Economically active: Employee: Full-time (1),468,422,46
S01006927,Economically active: Self-employed: Total,51,43,8
S01006927,Economically active: Self-employed: Part-time (1),14,13,1
S01006927,Economically active: Self-employed: Full-time (1),37,30,7
S01006927,Economically active: Unemployed (1),19,16,3
S01006927,Economically inactive,74,57,17
S01006928,All people aged 16 and over,825,752,73
S01006928,Economically active: Total,637,577,60
S01006928,Economically active: Employee: Total,553,497,56
S01006928,Economically active: Employee: Part-time (1),147,145,2
S01006928,Economically active: Employee: Full-time (1),406,352,54
S01006928,Economically active: Self-employed: Total,71,69,2
S01006928,Economically active: Self-employed: Part-time (1),18,17,1
S01006928,Economically active: Self-employed: Full-time (1),53,52,1
S01006928,Economically active: Unemployed (1),13,11,2
S01006928,Economically inactive,188,175,13
S01006929,All people aged 16 and over,647,583,64
S01006929,Economically active: Total,480,437,43
S01006929,Economically active: Employee: Total,410,373,37
S01006929,Economically active: Employee: Part-time (1),122,116,6
S01006929,Economically active: Employee: Full-time (1),288,257,31
S01006929,Economically active: Self-employed: Total,58,52,6
S01006929,Economically active: Self-employed: Part-time (1),18,16,2
S01006929,Economically active: Self-employed: Full-time (1),40,36,4
S01006929,Economically active: Unemployed (1),12,12,0
S01006929,Economically inactive,167,146,21
S01006930,All people aged 16 and over,762,727,35
S01006930,Economically active: Total,546,522,24
S01006930,Economically active: Employee: Total,462,445,17
S01006930,Economically active: Employee: Part-time (1),134,131,3
S01006930,Economically active: Employee: Full-time (1),328,314,14
S01006930,Economically active: Self-employed: Total,67,62,5
S01006930,Economically active: Self-employed: Part-time (1),15,13,2
S01006930,Economically active: Self-employed: Full-time (1),52,49,3
S01006930,Economically active: Unemployed (1),17,15,2
S01006930,Economically inactive,216,205,11
S01006931,All people aged 16 and over,318,297,21
S01006931,Economically active: Total,229,213,16
S01006931,Economically active: Employee: Total,177,164,13
S01006931,Economically active: Employee: Part-time (1),48,42,6
S01006931,Economically active: Employee: Full-time (1),129,122,7
S01006931,Economically active: Self-employed: Total,46,43,3
S01006931,Economically active: Self-employed: Part-time (1),12,10,2
S01006931,Economically active: Self-employed: Full-time (1),34,33,1
S01006931,Economically active: Unemployed (1),6,6,0
S01006931,Economically inactive,89,84,5
S01006932,All people aged 16 and over,433,403,30
S01006932,Economically active: Total,354,330,24
S01006932,Economically active: Employee: Total,297,276,21
S01006932,Economically active: Employee: Part-time (1),89,81,8
S01006932,Economically active: Employee: Full-time (1),208,195,13
S01006932,Economically active: Self-employed: Total,42,39,3
S01006932,Economically active: Self-employed: Part-time (1),13,12,1
S01006932,Economically active: Self-employed: Full-time (1),29,27,2
S01006932,Economically active: Unemployed (1),15,15,0
S01006932,Economically inactive,79,73,6
S01006933,All people aged 16 and over,481,455,26
S01006933,Economically active: Total,394,374,20
S01006933,Economically active: Employee: Total,360,342,18
S01006933,Economically active: Employee: Part-time (1),108,104,4
S01006933,Economically active: Employee: Full-time (1),252,238,14
S01006933,Economically active: Self-employed: Total,28,27,1
S01006933,Economically active: Self-employed: Part-time (1),13,13,0
S01006933,Economically active: Self-employed: Full-time (1),15,14,1
S01006933,Economically active: Unemployed (1),6,5,1
S01006933,Economically inactive,87,81,6
S01006934,All people aged 16 and over,527,491,36
S01006934,Economically active: Total,324,303,21
S01006934,Economically active: Employee: Total,252,236,16
S01006934,Economically active: Employee: Part-time (1),56,51,5
S01006934,Economically active: Employee: Full-time (1),196,185,11
S01006934,Economically active: Self-employed: Total,64,60,4
S01006934,Economically active: Self-employed: Part-time (1),10,10,0
S01006934,Economically active: Self-employed: Full-time (1),54,50,4
S01006934,Economically active: Unemployed (1),8,7,1
S01006934,Economically inactive,203,188,15
S01006935,All people aged 16 and over,598,568,30
S01006935,Economically active: Total,402,381,21
S01006935,Economically active: Employee: Total,352,335,17
S01006935,Economically active: Employee: Part-time (1),99,97,2
S01006935,Economically active: Employee: Full-time (1),253,238,15
S01006935,Economically active: Self-employed: Total,42,39,3
S01006935,Economically active: Self-employed: Part-time (1),13,12,1
S01006935,Economically active: Self-employed: Full-time (1),29,27,2
S01006935,Economically active: Unemployed (1),8,7,1
S01006935,Economically inactive,196,187,9
S01006936,All people aged 16 and over,521,499,22
S01006936,Economically active: Total,358,342,16
S01006936,Economically active: Employee: Total,311,296,15
S01006936,Economically active: Employee: Part-time (1),91,88,3
S01006936,Economically active: Employee: Full-time (1),220,208,12
S01006936,Economically active: Self-employed: Total,32,31,1
S01006936,Economically active: Self-employed: Part-time (1),8,7,1
S01006936,Economically active: Self-employed: Full-time (1),24,24,0
S01006936,Economically active: Unemployed (1),15,15,0
S01006936,Economically inactive,163,157,6
S01006937,All people aged 16 and over,613,552,61
S01006937,Economically active: Total,459,410,49
S01006937,Economically active: Employee: Total,400,359,41
S01006937,Economically active: Employee: Part-time (1),101,92,9
S01006937,Economically active: Employee: Full-time (1),299,267,32
S01006937,Economically active: Self-employed: Total,42,37,5
S01006937,Economically active: Self-employed: Part-time (1),8,7,1
S01006937,Economically active: Self-employed: Full-time (1),34,30,4
S01006937,Economically active: Unemployed (1),17,14,3
S01006937,Economically inactive,154,142,12
S01006938,All people aged 16 and over,456,410,46
S01006938,Economically active: Total,311,283,28
S01006938,Economically active: Employee: Total,276,249,27
S01006938,Economically active: Employee: Part-time (1),84,78,6
S01006938,Economically active: Employee: Full-time (1),192,171,21
S01006938,Economically active: Self-employed: Total,26,26,0
S01006938,Economically active: Self-employed: Part-time (1),9,9,0
S01006938,Economically active: Self-employed: Full-time (1),17,17,0
S01006938,Economically active: Unemployed (1),9,8,1
S01006938,Economically inactive,145,127,18
S01006939,All people aged 16 and over,512,482,30
S01006939,Economically active: Total,372,348,24
S01006939,Economically active: Employee: Total,335,315,20
S01006939,Economically active: Employee: Part-time (1),97,90,7
S01006939,Economically active: Employee: Full-time (1),238,225,13
S01006939,Economically active: Self-employed: Total,30,27,3
S01006939,Economically active: Self-employed: Part-time (1),10,10,0
S01006939,Economically active: Self-employed: Full-time (1),20,17,3
S01006939,Economically active: Unemployed (1),7,6,1
S01006939,Economically inactive,140,134,6
S01006940,All people aged 16 and over,787,716,71
S01006940,Economically active: Total,568,510,58
S01006940,Economically active: Employee: Total,494,442,52
S01006940,Economically active: Employee: Part-time (1),144,132,12
S01006940,Economically active: Employee: Full-time (1),350,310,40
S01006940,Economically active: Self-employed: Total,61,57,4
S01006940,Economically active: Self-employed: Part-time (1),13,12,1
S01006940,Economically active: Self-employed: Full-time (1),48,45,3
S01006940,Economically active: Unemployed (1),13,11,2
S01006940,Economically inactive,219,206,13
S01006941,All people aged 16 and over,490,448,42
S01006941,Economically active: Total,348,311,37
S01006941,Economically active: Employee: Total,305,272,33
S01006941,Economically active: Employee: Part-time (1),81,76,5
S01006941,Economically active: Employee: Full-time (1),224,196,28
S01006941,Economically active: Self-employed: Total,32,28,4
S01006941,Economically active: Self-employed: Part-time (1),9,8,1
S01006941,Economically active: Self-employed: Full-time (1),23,20,3
S01006941,Economically active: Unemployed (1),11,11,0
S01006941,Economically inactive,142,137,5
S01006942,All people aged 16 and over,842,779,63
S01006942,Economically active: Total,618,566,52
S01006942,Economically active: Employee: Total,531,486,45
S01006942,Economically active: Employee: Part-time (1),171,157,14
S01006942,Economically active: Employee: Full-time (1),360,329,31
S01006942,Economically active: Self-employed: Total,77,71,6
S01006942,Economically active: Self-employed: Part-time (1),14,13,1
S01006942,Economically active: Self-employed: Full-time (1),63,58,5
S01006942,Economically active: Unemployed (1),10,9,1
S01006942,Economically inactive,224,213,11
S01006943,All people aged 16 and over,442,398,44
S01006943,Economically active: Total,374,338,36
S01006943,Economically active: Employee: Total,326,294,32
S01006943,Economically active: Employee: Part-time (1),80,76,4
S01006943,Economically active: Employee: Full-time (1),246,218,28
S01006943,Economically active: Self-employed: Total,34,33,1
S01006943,Economically active: Self-employed: Part-time (1),7,7,0
S01006943,Economically active: Self-employed: Full-time (1),27,26,1
S01006943,Economically active: Unemployed (1),14,11,3
S01006943,Economically inactive,68,60,8
S01006944,All people aged 16 and over,621,539,82
S01006944,Economically active: Total,546,484,62
S01006944,Economically active: Employee: Total,488,432,56
S01006944,Economically active: Employee: Part-time (1),108,101,7
S01006944,Economically active: Employee: Full-time (1),380,331,49
S01006944,Economically active: Self-employed: Total,49,44,5
S01006944,Economically active: Self-employed: Part-time (1),8,7,1
S01006944,Economically active: Self-employed: Full-time (1),41,37,4
S01006944,Economically active: Unemployed (1),9,8,1
S01006944,Economically inactive,75,55,20
S01006945,All people aged 16 and over,427,402,25
S01006945,Economically active: Total,307,288,19
S01006945,Economically active: Employee: Total,261,244,17
S01006945,Economically active: Employee: Part-time (1),56,54,2
S01006945,Economically active: Employee: Full-time (1),205,190,15
S01006945,Economically active: Self-employed: Total,38,38,0
S01006945,Economically active: Self-employed: Part-time (1),15,15,0
S01006945,Economically active: Self-employed: Full-time (1),23,23,0
S01006945,Economically active: Unemployed (1),8,6,2
S01006945,Economically inactive,120,114,6
S01006946,All people aged 16 and over,650,610,40
S01006946,Economically active: Total,505,473,32
S01006946,Economically active: Employee: Total,437,408,29
S01006946,Economically active: Employee: Part-time (1),92,88,4
S01006946,Economically active: Employee: Full-time (1),345,320,25
S01006946,Economically active: Self-employed: Total,56,55,1
S01006946,Economically active: Self-employed: Part-time (1),14,14,0
S01006946,Economically active: Self-employed: Full-time (1),42,41,1
S01006946,Economically active: Unemployed (1),12,10,2
S01006946,Economically inactive,145,137,8
S01006947,All people aged 16 and over,621,580,41
S01006947,Economically active: Total,544,505,39
S01006947,Economically active: Employee: Total,491,455,36
S01006947,Economically active: Employee: Part-time (1),131,121,10
S01006947,Economically active: Employee: Full-time (1),360,334,26
S01006947,Economically active: Self-employed: Total,39,36,3
S01006947,Economically active: Self-employed: Part-time (1),10,9,1
S01006947,Economically active: Self-employed: Full-time (1),29,27,2
S01006947,Economically active: Unemployed (1),14,14,0
S01006947,Economically inactive,77,75,2
S01006948,All people aged 16 and over,732,698,34
S01006948,Economically active: Total,490,469,21
S01006948,Economically active: Employee: Total,403,387,16
S01006948,Economically active: Employee: Part-time (1),95,93,2
S01006948,Economically active: Employee: Full-time (1),308,294,14
S01006948,Economically active: Self-employed: Total,79,75,4
S01006948,Economically active: Self-employed: Part-time (1),22,19,3
S01006948,Economically active: Self-employed: Full-time (1),57,56,1
S01006948,Economically active: Unemployed (1),8,7,1
S01006948,Economically inactive,242,229,13
S01006949,All people aged 16 and over,505,480,25
S01006949,Economically active: Total,386,367,19
S01006949,Economically active: Employee: Total,310,293,17
S01006949,Economically active: Employee: Part-time (1),92,88,4
S01006949,Economically active: Employee: Full-time (1),218,205,13
S01006949,Economically active: Self-employed: Total,68,66,2
S01006949,Economically active: Self-employed: Part-time (1),18,17,1
S01006949,Economically active: Self-employed: Full-time (1),50,49,1
S01006949,Economically active: Unemployed (1),8,8,0
S01006949,Economically inactive,119,113,6
S01006950,All people aged 16 and over,382,357,25
S01006950,Economically active: Total,336,313,23
S01006950,Economically active: Employee: Total,307,287,20
S01006950,Economically active: Employee: Part-time (1),67,64,3
S01006950,Economically active: Employee: Full-time (1),240,223,17
S01006950,Economically active: Self-employed: Total,24,21,3
S01006950,Economically active: Self-employed: Part-time (1),2,1,1
S01006950,Economically active: Self-employed: Full-time (1),22,20,2
S01006950,Economically active: Unemployed (1),5,5,0
S01006950,Economically inactive,46,44,2
S01006951,All people aged 16 and over,384,362,22
S01006951,Economically active: Total,303,285,18
S01006951,Economically active: Employee: Total,272,256,16
S01006951,Economically active: Employee: Part-time (1),67,64,3
S01006951,Economically active: Employee: Full-time (1),205,192,13
S01006951,Economically active: Self-employed: Total,20,19,1
S01006951,Economically active: Self-employed: Part-time (1),7,7,0
S01006951,Economically active: Self-employed: Full-time (1),13,12,1
S01006951,Economically active: Unemployed (1),11,10,1
S01006951,Economically inactive,81,77,4
S01006952,All people aged 16 and over,712,680,32
S01006952,Economically active: Total,489,464,25
S01006952,Economically active: Employee: Total,397,375,22
S01006952,Economically active: Employee: Part-time (1),114,109,5
S01006952,Economically active: Employee: Full-time (1),283,266,17
S01006952,Economically active: Self-employed: Total,78,75,3
S01006952,Economically active: Self-employed: Part-time (1),19,17,2
S01006952,Economically active: Self-employed: Full-time (1),59,58,1
S01006952,Economically active: Unemployed (1),14,14,0
S01006952,Economically inactive,223,216,7
S01006953,All people aged 16 and over,629,591,38
S01006953,Economically active: Total,495,464,31
S01006953,Economically active: Employee: Total,418,391,27
S01006953,Economically active: Employee: Part-time (1),122,118,4
S01006953,Economically active: Employee: Full-time (1),296,273,23
S01006953,Economically active: Self-employed: Total,65,63,2
S01006953,Economically active: Self-employed: Part-time (1),13,13,0
S01006953,Economically active: Self-employed: Full-time (1),52,50,2
S01006953,Economically active: Unemployed (1),12,10,2
S01006953,Economically inactive,134,127,7
S01006954,All people aged 16 and over,665,632,33
S01006954,Economically active: Total,506,480,26
S01006954,Economically active: Employee: Total,431,414,17
S01006954,Economically active: Employee: Part-time (1),127,125,2
S01006954,Economically active: Employee: Full-time (1),304,289,15
S01006954,Economically active: Self-employed: Total,63,58,5
S01006954,Economically active: Self-employed: Part-time (1),19,17,2
S01006954,Economically active: Self-employed: Full-time (1),44,41,3
S01006954,Economically active: Unemployed (1),12,8,4
S01006954,Economically inactive,159,152,7
S01006955,All people aged 16 and over,484,463,21
S01006955,Economically active: Total,360,343,17
S01006955,Economically active: Employee: Total,324,310,14
S01006955,Economically active: Employee: Part-time (1),72,72,0
S01006955,Economically active: Employee: Full-time (1),252,238,14
S01006955,Economically active: Self-employed: Total,27,25,2
S01006955,Economically active: Self-employed: Part-time (1),3,3,0
S01006955,Economically active: Self-employed: Full-time (1),24,22,2
S01006955,Economically active: Unemployed (1),9,8,1
S01006955,Economically inactive,124,120,4
S01006956,All people aged 16 and over,815,726,89
S01006956,Economically active: Total,675,603,72
S01006956,Economically active: Employee: Total,596,535,61
S01006956,Economically active: Employee: Part-time (1),156,142,14
S01006956,Economically active: Employee: Full-time (1),440,393,47
S01006956,Economically active: Self-employed: Total,58,49,9
S01006956,Economically active: Self-employed: Part-time (1),12,9,3
S01006956,Economically active: Self-employed: Full-time (1),46,40,6
S01006956,Economically active: Unemployed (1),21,19,2
S01006956,Economically inactive,140,123,17
S01006957,All people aged 16 and over,847,791,56
S01006957,Economically active: Total,649,604,45
S01006957,Economically active: Employee: Total,515,477,38
S01006957,Economically active: Employee: Part-time (1),143,135,8
S01006957,Economically active: Employee: Full-time (1),372,342,30
S01006957,Economically active: Self-employed: Total,112,105,7
S01006957,Economically active: Self-employed: Part-time (1),22,20,2
S01006957,Economically active: Self-employed: Full-time (1),90,85,5
S01006957,Economically active: Unemployed (1),22,22,0
S01006957,Economically inactive,198,187,11
S01006958,All people aged 16 and over,790,759,31
S01006958,Economically active: Total,458,438,20
S01006958,Economically active: Employee: Total,395,377,18
S01006958,Economically active: Employee: Part-time (1),108,103,5
S01006958,Economically active: Employee: Full-time (1),287,274,13
S01006958,Economically active: Self-employed: Total,52,51,1
S01006958,Economically active: Self-employed: Part-time (1),11,10,1
S01006958,Economically active: Self-employed: Full-time (1),41,41,0
S01006958,Economically active: Unemployed (1),11,10,1
S01006958,Economically inactive,332,321,11
S01006959,All people aged 16 and over,625,602,23
S01006959,Economically active: Total,339,326,13
S01006959,Economically active: Employee: Total,289,279,10
S01006959,Economically active: Employee: Part-time (1),84,82,2
S01006959,Economically active: Employee: Full-time (1),205,197,8
S01006959,Economically active: Self-employed: Total,33,30,3
S01006959,Economically active: Self-employed: Part-time (1),9,8,1
S01006959,Economically active: Self-employed: Full-time (1),24,22,2
S01006959,Economically active: Unemployed (1),17,17,0
S01006959,Economically inactive,286,276,10
S01006960,All people aged 16 and over,677,644,33
S01006960,Economically active: Total,571,547,24
S01006960,Economically active: Employee: Total,492,472,20
S01006960,Economically active: Employee: Part-time (1),141,137,4
S01006960,Economically active: Employee: Full-time (1),351,335,16
S01006960,Economically active: Self-employed: Total,64,61,3
S01006960,Economically active: Self-employed: Part-time (1),18,17,1
S01006960,Economically active: Self-employed: Full-time (1),46,44,2
S01006960,Economically active: Unemployed (1),15,14,1
S01006960,Economically inactive,106,97,9
S01006961,All people aged 16 and over,673,631,42
S01006961,Economically active: Total,575,541,34
S01006961,Economically active: Employee: Total,511,480,31
S01006961,Economically active: Employee: Part-time (1),120,113,7
S01006961,Economically active: Employee: Full-time (1),391,367,24
S01006961,Economically active: Self-employed: Total,53,51,2
S01006961,Economically active: Self-employed: Part-time (1),9,9,0
S01006961,Economically active: Self-employed: Full-time (1),44,42,2
S01006961,Economically active: Unemployed (1),11,10,1
S01006961,Economically inactive,98,90,8
S01006962,All people aged 16 and over,778,742,36
S01006962,Economically active: Total,502,474,28
S01006962,Economically active: Employee: Total,450,426,24
S01006962,Economically active: Employee: Part-time (1),104,99,5
S01006962,Economically active: Employee: Full-time (1),346,327,19
S01006962,Economically active: Self-employed: Total,35,32,3
S01006962,Economically active: Self-employed: Part-time (1),11,10,1
S01006962,Economically active: Self-employed: Full-time (1),24,22,2
S01006962,Economically active: Unemployed (1),17,16,1
S01006962,Economically inactive,276,268,8
S01006963,All people aged 16 and over,572,560,12
S01006963,Economically active: Total,402,391,11
S01006963,Economically active: Employee: Total,347,338,9
S01006963,Economically active: Employee: Part-time (1),99,98,1
S01006963,Economically active: Employee: Full-time (1),248,240,8
S01006963,Economically active: Self-employed: Total,32,32,0
S01006963,Economically active: Self-employed: Part-time (1),5,5,0
S01006963,Economically active: Self-employed: Full-time (1),27,27,0
S01006963,Economically active: Unemployed (1),23,21,2
S01006963,Economically inactive,170,169,1
S01006964,All people aged 16 and over,638,598,40
S01006964,Economically active: Total,499,462,37
S01006964,Economically active: Employee: Total,448,417,31
S01006964,Economically active: Employee: Part-time (1),99,94,5
S01006964,Economically active: Employee: Full-time (1),349,323,26
S01006964,Economically active: Self-employed: Total,37,34,3
S01006964,Economically active: Self-employed: Part-time (1),4,4,0
S01006964,Economically active: Self-employed: Full-time (1),33,30,3
S01006964,Economically active: Unemployed (1),14,11,3
S01006964,Economically inactive,139,136,3
S01006965,All people aged 16 and over,434,414,20
S01006965,Economically active: Total,271,254,17
S01006965,Economically active: Employee: Total,235,221,14
S01006965,Economically active: Employee: Part-time (1),68,64,4
S01006965,Economically active: Employee: Full-time (1),167,157,10
S01006965,Economically active: Self-employed: Total,27,25,2
S01006965,Economically active: Self-employed: Part-time (1),6,6,0
S01006965,Economically active: Self-employed: Full-time (1),21,19,2
S01006965,Economically active: Unemployed (1),9,8,1
S01006965,Economically inactive,163,160,3
S01006966,All people aged 16 and over,489,473,16
S01006966,Economically active: Total,347,335,12
S01006966,Economically active: Employee: Total,302,292,10
S01006966,Economically active: Employee: Part-time (1),104,100,4
S01006966,Economically active: Employee: Full-time (1),198,192,6
S01006966,Economically active: Self-employed: Total,22,22,0
S01006966,Economically active: Self-employed: Part-time (1),7,7,0
S01006966,Economically active: Self-employed: Full-time (1),15,15,0
S01006966,Economically active: Unemployed (1),23,21,2
S01006966,Economically inactive,142,138,4
S01006967,All people aged 16 and over,507,493,14
S01006967,Economically active: Total,395,383,12
S01006967,Economically active: Employee: Total,352,340,12
S01006967,Economically active: Employee: Part-time (1),109,108,1
S01006967,Economically active: Employee: Full-time (1),243,232,11
S01006967,Economically active: Self-employed: Total,34,34,0
S01006967,Economically active: Self-employed: Part-time (1),8,8,0
S01006967,Economically active: Self-employed: Full-time (1),26,26,0
S01006967,Economically active: Unemployed (1),9,9,0
S01006967,Economically inactive,112,110,2
S01006968,All people aged 16 and over,434,424,10
S01006968,Economically active: Total,312,305,7
S01006968,Economically active: Employee: Total,283,278,5
S01006968,Economically active: Employee: Part-time (1),93,90,3
S01006968,Economically active: Employee: Full-time (1),190,188,2
S01006968,Economically active: Self-employed: Total,25,24,1
S01006968,Economically active: Self-employed: Part-time (1),4,4,0
S01006968,Economically active: Self-employed: Full-time (1),21,20,1
S01006968,Economically active: Unemployed (1),4,3,1
S01006968,Economically inactive,122,119,3
S01006969,All people aged 16 and over,826,784,42
S01006969,Economically active: Total,532,504,28
S01006969,Economically active: Employee: Total,464,441,23
S01006969,Economically active: Employee: Part-time (1),105,101,4
S01006969,Economically active: Employee: Full-time (1),359,340,19
S01006969,Economically active: Self-employed: Total,44,41,3
S01006969,Economically active: Self-employed: Part-time (1),12,11,1
S01006969,Economically active: Self-employed: Full-time (1),32,30,2
S01006969,Economically active: Unemployed (1),24,22,2
S01006969,Economically inactive,294,280,14
S01006970,All people aged 16 and over,568,536,32
S01006970,Economically active: Total,422,399,23
S01006970,Economically active: Employee: Total,387,369,18
S01006970,Economically active: Employee: Part-time (1),105,97,8
S01006970,Economically active: Employee: Full-time (1),282,272,10
S01006970,Economically active: Self-employed: Total,28,23,5
S01006970,Economically active: Self-employed: Part-time (1),7,4,3
S01006970,Economically active: Self-employed: Full-time (1),21,19,2
S01006970,Economically active: Unemployed (1),7,7,0
S01006970,Economically inactive,146,137,9
S01006971,All people aged 16 and over,453,442,11
S01006971,Economically active: Total,269,261,8
S01006971,Economically active: Employee: Total,236,231,5
S01006971,Economically active: Employee: Part-time (1),76,72,4
S01006971,Economically active: Employee: Full-time (1),160,159,1
S01006971,Economically active: Self-employed: Total,20,18,2
S01006971,Economically active: Self-employed: Part-time (1),4,4,0
S01006971,Economically active: Self-employed: Full-time (1),16,14,2
S01006971,Economically active: Unemployed (1),13,12,1
S01006971,Economically inactive,184,181,3
S01006972,All people aged 16 and over,422,414,8
S01006972,Economically active: Total,322,316,6
S01006972,Economically active: Employee: Total,245,242,3
S01006972,Economically active: Employee: Part-time (1),76,76,0
S01006972,Economically active: Employee: Full-time (1),169,166,3
S01006972,Economically active: Self-employed: Total,65,63,2
S01006972,Economically active: Self-employed: Part-time (1),18,17,1
S01006972,Economically active: Self-employed: Full-time (1),47,46,1
S01006972,Economically active: Unemployed (1),12,11,1
S01006972,Economically inactive,100,98,2
S01006973,All people aged 16 and over,461,445,16
S01006973,Economically active: Total,318,304,14
S01006973,Economically active: Employee: Total,271,260,11
S01006973,Economically active: Employee: Part-time (1),75,72,3
S01006973,Economically active: Employee: Full-time (1),196,188,8
S01006973,Economically active: Self-employed: Total,37,35,2
S01006973,Economically active: Self-employed: Part-time (1),8,8,0
S01006973,Economically active: Self-employed: Full-time (1),29,27,2
S01006973,Economically active: Unemployed (1),10,9,1
S01006973,Economically inactive,143,141,2
S01006974,All people aged 16 and over,814,750,64
S01006974,Economically active: Total,621,569,52
S01006974,Economically active: Employee: Total,514,474,40
S01006974,Economically active: Employee: Part-time (1),135,120,15
S01006974,Economically active: Employee: Full-time (1),379,354,25
S01006974,Economically active: Self-employed: Total,84,74,10
S01006974,Economically active: Self-employed: Part-time (1),32,28,4
S01006974,Economically active: Self-employed: Full-time (1),52,46,6
S01006974,Economically active: Unemployed (1),23,21,2
S01006974,Economically inactive,193,181,12
S01006975,All people aged 16 and over,777,738,39
S01006975,Economically active: Total,607,574,33
S01006975,Economically active: Employee: Total,475,446,29
S01006975,Economically active: Employee: Part-time (1),139,132,7
S01006975,Economically active: Employee: Full-time (1),336,314,22
S01006975,Economically active: Self-employed: Total,115,112,3
S01006975,Economically active: Self-employed: Part-time (1),22,21,1
S01006975,Economically active: Self-employed: Full-time (1),93,91,2
S01006975,Economically active: Unemployed (1),17,16,1
S01006975,Economically inactive,170,164,6
S01006976,All people aged 16 and over,375,356,19
S01006976,Economically active: Total,285,271,14
S01006976,Economically active: Employee: Total,216,206,10
S01006976,Economically active: Employee: Part-time (1),60,57,3
S01006976,Economically active: Employee: Full-time (1),156,149,7
S01006976,Economically active: Self-employed: Total,63,59,4
S01006976,Economically active: Self-employed: Part-time (1),13,13,0
S01006976,Economically active: Self-employed: Full-time (1),50,46,4
S01006976,Economically active: Unemployed (1),6,6,0
S01006976,Economically inactive,90,85,5
S01006977,All people aged 16 and over,652,629,23
S01006977,Economically active: Total,504,485,19
S01006977,Economically active: Employee: Total,381,367,14
S01006977,Economically active: Employee: Part-time (1),105,99,6
S01006977,Economically active: Employee: Full-time (1),276,268,8
S01006977,Economically active: Self-employed: Total,108,106,2
S01006977,Economically active: Self-employed: Part-time (1),22,21,1
S01006977,Economically active: Self-employed: Full-time (1),86,85,1
S01006977,Economically active: Unemployed (1),15,12,3
S01006977,Economically inactive,148,144,4
S01006978,All people aged 16 and over,718,691,27
S01006978,Economically active: Total,492,474,18
S01006978,Economically active: Employee: Total,399,384,15
S01006978,Economically active: Employee: Part-time (1),90,85,5
S01006978,Economically active: Employee: Full-time (1),309,299,10
S01006978,Economically active: Self-employed: Total,77,76,1
S01006978,Economically active: Self-employed: Part-time (1),11,11,0
S01006978,Economically active: Self-employed: Full-time (1),66,65,1
S01006978,Economically active: Unemployed (1),16,14,2
S01006978,Economically inactive,226,217,9
S01006979,All people aged 16 and over,699,677,22
S01006979,Economically active: Total,465,453,12
S01006979,Economically active: Employee: Total,361,352,9
S01006979,Economically active: Employee: Part-time (1),97,94,3
S01006979,Economically active: Employee: Full-time (1),264,258,6
S01006979,Economically active: Self-employed: Total,84,82,2
S01006979,Economically active: Self-employed: Part-time (1),26,24,2
S01006979,Economically active: Self-employed: Full-time (1),58,58,0
S01006979,Economically active: Unemployed (1),20,19,1
S01006979,Economically inactive,234,224,10
S01006980,All people aged 16 and over,687,643,44
S01006980,Economically active: Total,503,466,37
S01006980,Economically active: Employee: Total,409,382,27
S01006980,Economically active: Employee: Part-time (1),103,97,6
S01006980,Economically active: Employee: Full-time (1),306,285,21
S01006980,Economically active: Self-employed: Total,76,68,8
S01006980,Economically active: Self-employed: Part-time (1),16,15,1
S01006980,Economically active: Self-employed: Full-time (1),60,53,7
S01006980,Economically active: Unemployed (1),18,16,2
S01006980,Economically inactive,184,177,7
S01006981,All people aged 16 and over,649,619,30
S01006981,Economically active: Total,501,478,23
S01006981,Economically active: Employee: Total,412,392,20
S01006981,Economically active: Employee: Part-time (1),111,104,7
S01006981,Economically active: Employee: Full-time (1),301,288,13
S01006981,Economically active: Self-employed: Total,76,74,2
S01006981,Economically active: Self-employed: Part-time (1),12,12,0
S01006981,Economically active: Self-employed: Full-time (1),64,62,2
S01006981,Economically active: Unemployed (1),13,12,1
S01006981,Economically inactive,148,141,7
S01006982,All people aged 16 and over,683,646,37
S01006982,Economically active: Total,527,500,27
S01006982,Economically active: Employee: Total,449,428,21
S01006982,Economically active: Employee: Part-time (1),122,114,8
S01006982,Economically active: Employee: Full-time (1),327,314,13
S01006982,Economically active: Self-employed: Total,61,56,5
S01006982,Economically active: Self-employed: Part-time (1),12,12,0
S01006982,Economically active: Self-employed: Full-time (1),49,44,5
S01006982,Economically active: Unemployed (1),17,16,1
S01006982,Economically inactive,156,146,10
S01006983,All people aged 16 and over,581,556,25
S01006983,Economically active: Total,442,421,21
S01006983,Economically active: Employee: Total,362,347,15
S01006983,Economically active: Employee: Part-time (1),91,86,5
S01006983,Economically active: Employee: Full-time (1),271,261,10
S01006983,Economically active: Self-employed: Total,65,61,4
S01006983,Economically active: Self-employed: Part-time (1),19,19,0
S01006983,Economically active: Self-employed: Full-time (1),46,42,4
S01006983,Economically active: Unemployed (1),15,13,2
S01006983,Economically inactive,139,135,4
S01006984,All people aged 16 and over,566,520,46
S01006984,Economically active: Total,436,400,36
S01006984,Economically active: Employee: Total,338,309,29
S01006984,Economically active: Employee: Part-time (1),83,78,5
S01006984,Economically active: Employee: Full-time (1),255,231,24
S01006984,Economically active: Self-employed: Total,89,85,4
S01006984,Economically active: Self-employed: Part-time (1),21,20,1
S01006984,Economically active: Self-employed: Full-time (1),68,65,3
S01006984,Economically active: Unemployed (1),9,6,3
S01006984,Economically inactive,130,120,10
S01006985,All people aged 16 and over,839,811,28
S01006985,Economically active: Total,574,552,22
S01006985,Economically active: Employee: Total,477,461,16
S01006985,Economically active: Employee: Part-time (1),142,134,8
S01006985,Economically active: Employee: Full-time (1),335,327,8
S01006985,Economically active: Self-employed: Total,79,73,6
S01006985,Economically active: Self-employed: Part-time (1),24,21,3
S01006985,Economically active: Self-employed: Full-time (1),55,52,3
S01006985,Economically active: Unemployed (1),18,18,0
S01006985,Economically inactive,265,259,6
S01006986,All people aged 16 and over,514,482,32
S01006986,Economically active: Total,379,355,24
S01006986,Economically active: Employee: Total,332,312,20
S01006986,Economically active: Employee: Part-time (1),86,79,7
S01006986,Economically active: Employee: Full-time (1),246,233,13
S01006986,Economically active: Self-employed: Total,32,29,3
S01006986,Economically active: Self-employed: Part-time (1),3,3,0
S01006986,Economically active: Self-employed: Full-time (1),29,26,3
S01006986,Economically active: Unemployed (1),15,14,1
S01006986,Economically inactive,135,127,8
S01006987,All people aged 16 and over,546,513,33
S01006987,Economically active: Total,355,335,20
S01006987,Economically active: Employee: Total,309,294,15
S01006987,Economically active: Employee: Part-time (1),78,76,2
S01006987,Economically active: Employee: Full-time (1),231,218,13
S01006987,Economically active: Self-employed: Total,29,28,1
S01006987,Economically active: Self-employed: Part-time (1),7,7,0
S01006987,Economically active: Self-employed: Full-time (1),22,21,1
S01006987,Economically active: Unemployed (1),17,13,4
S01006987,Economically inactive,191,178,13
S01006988,All people aged 16 and over,455,428,27
S01006988,Economically active: Total,362,341,21
S01006988,Economically active: Employee: Total,284,268,16
S01006988,Economically active: Employee: Part-time (1),76,73,3
S01006988,Economically active: Employee: Full-time (1),208,195,13
S01006988,Economically active: Self-employed: Total,63,58,5
S01006988,Economically active: Self-employed: Part-time (1),15,12,3
S01006988,Economically active: Self-employed: Full-time (1),48,46,2
S01006988,Economically active: Unemployed (1),15,15,0
S01006988,Economically inactive,93,87,6
S01006989,All people aged 16 and over,794,755,39
S01006989,Economically active: Total,605,583,22
S01006989,Economically active: Employee: Total,478,461,17
S01006989,Economically active: Employee: Part-time (1),129,124,5
S01006989,Economically active: Employee: Full-time (1),349,337,12
S01006989,Economically active: Self-employed: Total,113,109,4
S01006989,Economically active: Self-employed: Part-time (1),31,30,1
S01006989,Economically active: Self-employed: Full-time (1),82,79,3
S01006989,Economically active: Unemployed (1),14,13,1
S01006989,Economically inactive,189,172,17
S01006990,All people aged 16 and over,657,594,63
S01006990,Economically active: Total,540,491,49
S01006990,Economically active: Employee: Total,439,397,42
S01006990,Economically active: Employee: Part-time (1),93,85,8
S01006990,Economically active: Employee: Full-time (1),346,312,34
S01006990,Economically active: Self-employed: Total,83,80,3
S01006990,Economically active: Self-employed: Part-time (1),14,14,0
S01006990,Economically active: Self-employed: Full-time (1),69,66,3
S01006990,Economically active: Unemployed (1),18,14,4
S01006990,Economically inactive,117,103,14
S01006991,All people aged 16 and over,371,355,16
S01006991,Economically active: Total,212,198,14
S01006991,Economically active: Employee: Total,174,164,10
S01006991,Economically active: Employee: Part-time (1),49,48,1
S01006991,Economically active: Employee: Full-time (1),125,116,9
S01006991,Economically active: Self-employed: Total,32,30,2
S01006991,Economically active: Self-employed: Part-time (1),6,5,1
S01006991,Economically active: Self-employed: Full-time (1),26,25,1
S01006991,Economically active: Unemployed (1),6,4,2
S01006991,Economically inactive,159,157,2
S01006992,All people aged 16 and over,501,473,28
S01006992,Economically active: Total,368,346,22
S01006992,Economically active: Employee: Total,276,257,19
S01006992,Economically active: Employee: Part-time (1),66,64,2
S01006992,Economically active: Employee: Full-time (1),210,193,17
S01006992,Economically active: Self-employed: Total,83,80,3
S01006992,Economically active: Self-employed: Part-time (1),17,17,0
S01006992,Economically active: Self-employed: Full-time (1),66,63,3
S01006992,Economically active: Unemployed (1),9,9,0
S01006992,Economically inactive,133,127,6
S01006993,All people aged 16 and over,433,411,22
S01006993,Economically active: Total,319,303,16
S01006993,Economically active: Employee: Total,240,226,14
S01006993,Economically active: Employee: Part-time (1),61,56,5
S01006993,Economically active: Employee: Full-time (1),179,170,9
S01006993,Economically active: Self-employed: Total,75,73,2
S01006993,Economically active: Self-employed: Part-time (1),16,15,1
S01006993,Economically active: Self-employed: Full-time (1),59,58,1
S01006993,Economically active: Unemployed (1),4,4,0
S01006993,Economically inactive,114,108,6
S01006994,All people aged 16 and over,495,475,20
S01006994,Economically active: Total,361,344,17
S01006994,Economically active: Employee: Total,293,280,13
S01006994,Economically active: Employee: Part-time (1),84,83,1
S01006994,Economically active: Employee: Full-time (1),209,197,12
S01006994,Economically active: Self-employed: Total,58,56,2
S01006994,Economically active: Self-employed: Part-time (1),8,8,0
S01006994,Economically active: Self-employed: Full-time (1),50,48,2
S01006994,Economically active: Unemployed (1),10,8,2
S01006994,Economically inactive,134,131,3
S01006995,All people aged 16 and over,673,642,31
S01006995,Economically active: Total,526,499,27
S01006995,Economically active: Employee: Total,392,372,20
S01006995,Economically active: Employee: Part-time (1),96,89,7
S01006995,Economically active: Employee: Full-time (1),296,283,13
S01006995,Economically active: Self-employed: Total,121,114,7
S01006995,Economically active: Self-employed: Part-time (1),31,30,1
S01006995,Economically active: Self-employed: Full-time (1),90,84,6
S01006995,Economically active: Unemployed (1),13,13,0
S01006995,Economically inactive,147,143,4
S01006996,All people aged 16 and over,604,582,22
S01006996,Economically active: Total,442,425,17
S01006996,Economically active: Employee: Total,364,350,14
S01006996,Economically active: Employee: Part-time (1),103,99,4
S01006996,Economically active: Employee: Full-time (1),261,251,10
S01006996,Economically active: Self-employed: Total,64,62,2
S01006996,Economically active: Self-employed: Part-time (1),19,17,2
S01006996,Economically active: Self-employed: Full-time (1),45,45,0
S01006996,Economically active: Unemployed (1),14,13,1
S01006996,Economically inactive,162,157,5
S01006997,All people aged 16 and over,603,557,46
S01006997,Economically active: Total,477,433,44
S01006997,Economically active: Employee: Total,377,343,34
S01006997,Economically active: Employee: Part-time (1),113,107,6
S01006997,Economically active: Employee: Full-time (1),264,236,28
S01006997,Economically active: Self-employed: Total,89,79,10
S01006997,Economically active: Self-employed: Part-time (1),25,23,2
S01006997,Economically active: Self-employed: Full-time (1),64,56,8
S01006997,Economically active: Unemployed (1),11,11,0
S01006997,Economically inactive,126,124,2
S01006998,All people aged 16 and over,899,847,52
S01006998,Economically active: Total,670,629,41
S01006998,Economically active: Employee: Total,528,491,37
S01006998,Economically active: Employee: Part-time (1),139,130,9
S01006998,Economically active: Employee: Full-time (1),389,361,28
S01006998,Economically active: Self-employed: Total,126,124,2
S01006998,Economically active: Self-employed: Part-time (1),28,28,0
S01006998,Economically active: Self-employed: Full-time (1),98,96,2
S01006998,Economically active: Unemployed (1),16,14,2
S01006998,Economically inactive,229,218,11
S01006999,All people aged 16 and over,724,694,30
S01006999,Economically active: Total,522,501,21
S01006999,Economically active: Employee: Total,370,354,16
S01006999,Economically active: Employee: Part-time (1),114,107,7
S01006999,Economically active: Employee: Full-time (1),256,247,9
S01006999,Economically active: Self-employed: Total,143,138,5
S01006999,Economically active: Self-employed: Part-time (1),25,25,0
S01006999,Economically active: Self-employed: Full-time (1),118,113,5
S01006999,Economically active: Unemployed (1),9,9,0
S01006999,Economically inactive,202,193,9
S01007000,All people aged 16 and over,766,735,31
S01007000,Economically active: Total,526,502,24
S01007000,Economically active: Employee: Total,443,422,21
S01007000,Economically active: Employee: Part-time (1),125,122,3
S01007000,Economically active: Employee: Full-time (1),318,300,18
S01007000,Economically active: Self-employed: Total,62,59,3
S01007000,Economically active: Self-employed: Part-time (1),14,12,2
S01007000,Economically active: Self-employed: Full-time (1),48,47,1
S01007000,Economically active: Unemployed (1),21,21,0
S01007000,Economically inactive,240,233,7
S01007001,All people aged 16 and over,775,746,29
S01007001,Economically active: Total,485,462,23
S01007001,Economically active: Employee: Total,394,378,16
S01007001,Economically active: Employee: Part-time (1),103,102,1
S01007001,Economically active: Employee: Full-time (1),291,276,15
S01007001,Economically active: Self-employed: Total,72,66,6
S01007001,Economically active: Self-employed: Part-time (1),16,15,1
S01007001,Economically active: Self-employed: Full-time (1),56,51,5
S01007001,Economically active: Unemployed (1),19,18,1
S01007001,Economically inactive,290,284,6
S01007002,All people aged 16 and over,450,428,22
S01007002,Economically active: Total,315,301,14
S01007002,Economically active: Employee: Total,248,234,14
S01007002,Economically active: Employee: Part-time (1),74,72,2
S01007002,Economically active: Employee: Full-time (1),174,162,12
S01007002,Economically active: Self-employed: Total,55,55,0
S01007002,Economically active: Self-employed: Part-time (1),7,7,0
S01007002,Economically active: Self-employed: Full-time (1),48,48,0
S01007002,Economically active: Unemployed (1),12,12,0
S01007002,Economically inactive,135,127,8
S01007003,All people aged 16 and over,425,413,12
S01007003,Economically active: Total,317,307,10
S01007003,Economically active: Employee: Total,217,207,10
S01007003,Economically active: Employee: Part-time (1),72,67,5
S01007003,Economically active: Employee: Full-time (1),145,140,5
S01007003,Economically active: Self-employed: Total,91,91,0
S01007003,Economically active: Self-employed: Part-time (1),19,19,0
S01007003,Economically active: Self-employed: Full-time (1),72,72,0
S01007003,Economically active: Unemployed (1),9,9,0
S01007003,Economically inactive,108,106,2
S01007004,All people aged 16 and over,588,555,33
S01007004,Economically active: Total,419,395,24
S01007004,Economically active: Employee: Total,320,300,20
S01007004,Economically active: Employee: Part-time (1),83,81,2
S01007004,Economically active: Employee: Full-time (1),237,219,18
S01007004,Economically active: Self-employed: Total,96,92,4
S01007004,Economically active: Self-employed: Part-time (1),18,17,1
S01007004,Economically active: Self-employed: Full-time (1),78,75,3
S01007004,Economically active: Unemployed (1),3,3,0
S01007004,Economically inactive,169,160,9
S01007005,All people aged 16 and over,729,704,25
S01007005,Economically active: Total,537,518,19
S01007005,Economically active: Employee: Total,404,387,17
S01007005,Economically active: Employee: Part-time (1),113,106,7
S01007005,Economically active: Employee: Full-time (1),291,281,10
S01007005,Economically active: Self-employed: Total,114,113,1
S01007005,Economically active: Self-employed: Part-time (1),22,22,0
S01007005,Economically active: Self-employed: Full-time (1),92,91,1
S01007005,Economically active: Unemployed (1),19,18,1
S01007005,Economically inactive,192,186,6
S01007006,All people aged 16 and over,735,689,46
S01007006,Economically active: Total,483,450,33
S01007006,Economically active: Employee: Total,363,343,20
S01007006,Economically active: Employee: Part-time (1),103,91,12
S01007006,Economically active: Employee: Full-time (1),260,252,8
S01007006,Economically active: Self-employed: Total,93,84,9
S01007006,Economically active: Self-employed: Part-time (1),27,24,3
S01007006,Economically active: Self-employed: Full-time (1),66,60,6
S01007006,Economically active: Unemployed (1),27,23,4
S01007006,Economically inactive,252,239,13
S01007007,All people aged 16 and over,672,633,39
S01007007,Economically active: Total,478,447,31
S01007007,Economically active: Employee: Total,312,289,23
S01007007,Economically active: Employee: Part-time (1),83,77,6
S01007007,Economically active: Employee: Full-time (1),229,212,17
S01007007,Economically active: Self-employed: Total,142,136,6
S01007007,Economically active: Self-employed: Part-time (1),41,37,4
S01007007,Economically active: Self-employed: Full-time (1),101,99,2
S01007007,Economically active: Unemployed (1),24,22,2
S01007007,Economically inactive,194,186,8
S01007008,All people aged 16 and over,870,836,34
S01007008,Economically active: Total,529,502,27
S01007008,Economically active: Employee: Total,455,431,24
S01007008,Economically active: Employee: Part-time (1),135,127,8
S01007008,Economically active: Employee: Full-time (1),320,304,16
S01007008,Economically active: Self-employed: Total,56,54,2
S01007008,Economically active: Self-employed: Part-time (1),11,10,1
S01007008,Economically active: Self-employed: Full-time (1),45,44,1
S01007008,Economically active: Unemployed (1),18,17,1
S01007008,Economically inactive,341,334,7
S01007009,All people aged 16 and over,874,833,41
S01007009,Economically active: Total,547,514,33
S01007009,Economically active: Employee: Total,456,430,26
S01007009,Economically active: Employee: Part-time (1),130,126,4
S01007009,Economically active: Employee: Full-time (1),326,304,22
S01007009,Economically active: Self-employed: Total,63,57,6
S01007009,Economically active: Self-employed: Part-time (1),16,13,3
S01007009,Economically active: Self-employed: Full-time (1),47,44,3
S01007009,Economically active: Unemployed (1),28,27,1
S01007009,Economically inactive,327,319,8
S01007010,All people aged 16 and over,720,690,30
S01007010,Economically active: Total,381,364,17
S01007010,Economically active: Employee: Total,306,292,14
S01007010,Economically active: Employee: Part-time (1),82,78,4
S01007010,Economically active: Employee: Full-time (1),224,214,10
S01007010,Economically active: Self-employed: Total,51,48,3
S01007010,Economically active: Self-employed: Part-time (1),9,8,1
S01007010,Economically active: Self-employed: Full-time (1),42,40,2
S01007010,Economically active: Unemployed (1),24,24,0
S01007010,Economically inactive,339,326,13
S01007011,All people aged 16 and over,730,693,37
S01007011,Economically active: Total,447,420,27
S01007011,Economically active: Employee: Total,363,340,23
S01007011,Economically active: Employee: Part-time (1),102,95,7
S01007011,Economically active: Employee: Full-time (1),261,245,16
S01007011,Economically active: Self-employed: Total,45,42,3
S01007011,Economically active: Self-employed: Part-time (1),12,11,1
S01007011,Economically active: Self-employed: Full-time (1),33,31,2
S01007011,Economically active: Unemployed (1),39,38,1
S01007011,Economically inactive,283,273,10
S01007012,All people aged 16 and over,571,553,18
S01007012,Economically active: Total,341,330,11
S01007012,Economically active: Employee: Total,292,286,6
S01007012,Economically active: Employee: Part-time (1),105,101,4
S01007012,Economically active: Employee: Full-time (1),187,185,2
S01007012,Economically active: Self-employed: Total,14,13,1
S01007012,Economically active: Self-employed: Part-time (1),5,4,1
S01007012,Economically active: Self-employed: Full-time (1),9,9,0
S01007012,Economically active: Unemployed (1),35,31,4
S01007012,Economically inactive,230,223,7
S01007013,All people aged 16 and over,458,434,24
S01007013,Economically active: Total,327,308,19
S01007013,Economically active: Employee: Total,222,207,15
S01007013,Economically active: Employee: Part-time (1),67,63,4
S01007013,Economically active: Employee: Full-time (1),155,144,11
S01007013,Economically active: Self-employed: Total,98,94,4
S01007013,Economically active: Self-employed: Part-time (1),22,22,0
S01007013,Economically active: Self-employed: Full-time (1),76,72,4
S01007013,Economically active: Unemployed (1),7,7,0
S01007013,Economically inactive,131,126,5
S01007014,All people aged 16 and over,806,757,49
S01007014,Economically active: Total,604,566,38
S01007014,Economically active: Employee: Total,466,436,30
S01007014,Economically active: Employee: Part-time (1),131,122,9
S01007014,Economically active: Employee: Full-time (1),335,314,21
S01007014,Economically active: Self-employed: Total,118,110,8
S01007014,Economically active: Self-employed: Part-time (1),26,23,3
S01007014,Economically active: Self-employed: Full-time (1),92,87,5
S01007014,Economically active: Unemployed (1),20,20,0
S01007014,Economically inactive,202,191,11
S01007015,All people aged 16 and over,505,475,30
S01007015,Economically active: Total,369,346,23
S01007015,Economically active: Employee: Total,255,239,16
S01007015,Economically active: Employee: Part-time (1),73,70,3
S01007015,Economically active: Employee: Full-time (1),182,169,13
S01007015,Economically active: Self-employed: Total,106,100,6
S01007015,Economically active: Self-employed: Part-time (1),22,21,1
S01007015,Economically active: Self-employed: Full-time (1),84,79,5
S01007015,Economically active: Unemployed (1),8,7,1
S01007015,Economically inactive,136,129,7
S01007016,All people aged 16 and over,478,446,32
S01007016,Economically active: Total,368,341,27
S01007016,Economically active: Employee: Total,275,254,21
S01007016,Economically active: Employee: Part-time (1),71,69,2
S01007016,Economically active: Employee: Full-time (1),204,185,19
S01007016,Economically active: Self-employed: Total,79,74,5
S01007016,Economically active: Self-employed: Part-time (1),15,13,2
S01007016,Economically active: Self-employed: Full-time (1),64,61,3
S01007016,Economically active: Unemployed (1),14,13,1
S01007016,Economically inactive,110,105,5
S01007017,All people aged 16 and over,829,783,46
S01007017,Economically active: Total,525,487,38
S01007017,Economically active: Employee: Total,449,416,33
S01007017,Economically active: Employee: Part-time (1),119,114,5
S01007017,Economically active: Employee: Full-time (1),330,302,28
S01007017,Economically active: Self-employed: Total,49,46,3
S01007017,Economically active: Self-employed: Part-time (1),14,11,3
S01007017,Economically active: Self-employed: Full-time (1),35,35,0
S01007017,Economically active: Unemployed (1),27,25,2
S01007017,Economically inactive,304,296,8
S01007018,All people aged 16 and over,793,752,41
S01007018,Economically active: Total,503,470,33
S01007018,Economically active: Employee: Total,431,402,29
S01007018,Economically active: Employee: Part-time (1),127,118,9
S01007018,Economically active: Employee: Full-time (1),304,284,20
S01007018,Economically active: Self-employed: Total,54,51,3
S01007018,Economically active: Self-employed: Part-time (1),16,16,0
S01007018,Economically active: Self-employed: Full-time (1),38,35,3
S01007018,Economically active: Unemployed (1),18,17,1
S01007018,Economically inactive,290,282,8
S01007019,All people aged 16 and over,574,509,65
S01007019,Economically active: Total,352,298,54
S01007019,Economically active: Employee: Total,300,249,51
S01007019,Economically active: Employee: Part-time (1),76,70,6
S01007019,Economically active: Employee: Full-time (1),224,179,45
S01007019,Economically active: Self-employed: Total,33,31,2
S01007019,Economically active: Self-employed: Part-time (1),8,8,0
S01007019,Economically active: Self-employed: Full-time (1),25,23,2
S01007019,Economically active: Unemployed (1),19,18,1
S01007019,Economically inactive,222,211,11
S01007020,All people aged 16 and over,675,606,69
S01007020,Economically active: Total,409,348,61
S01007020,Economically active: Employee: Total,340,285,55
S01007020,Economically active: Employee: Part-time (1),72,63,9
S01007020,Economically active: Employee: Full-time (1),268,222,46
S01007020,Economically active: Self-employed: Total,48,44,4
S01007020,Economically active: Self-employed: Part-time (1),8,8,0
S01007020,Economically active: Self-employed: Full-time (1),40,36,4
S01007020,Economically active: Unemployed (1),21,19,2
S01007020,Economically inactive,266,258,8
S01007021,All people aged 16 and over,774,718,56
S01007021,Economically active: Total,456,410,46
S01007021,Economically active: Employee: Total,400,359,41
S01007021,Economically active: Employee: Part-time (1),111,106,5
S01007021,Economically active: Employee: Full-time (1),289,253,36
S01007021,Economically active: Self-employed: Total,40,36,4
S01007021,Economically active: Self-employed: Part-time (1),12,11,1
S01007021,Economically active: Self-employed: Full-time (1),28,25,3
S01007021,Economically active: Unemployed (1),16,15,1
S01007021,Economically inactive,318,308,10
S01007022,All people aged 16 and over,391,373,18
S01007022,Economically active: Total,231,218,13
S01007022,Economically active: Employee: Total,186,173,13
S01007022,Economically active: Employee: Part-time (1),70,67,3
S01007022,Economically active: Employee: Full-time (1),116,106,10
S01007022,Economically active: Self-employed: Total,32,32,0
S01007022,Economically active: Self-employed: Part-time (1),12,12,0
S01007022,Economically active: Self-employed: Full-time (1),20,20,0
S01007022,Economically active: Unemployed (1),13,13,0
S01007022,Economically inactive,160,155,5
S01007023,All people aged 16 and over,394,380,14
S01007023,Economically active: Total,246,235,11
S01007023,Economically active: Employee: Total,161,153,8
S01007023,Economically active: Employee: Part-time (1),53,50,3
S01007023,Economically active: Employee: Full-time (1),108,103,5
S01007023,Economically active: Self-employed: Total,71,70,1
S01007023,Economically active: Self-employed: Part-time (1),20,20,0
S01007023,Economically active: Self-employed: Full-time (1),51,50,1
S01007023,Economically active: Unemployed (1),14,12,2
S01007023,Economically inactive,148,145,3
S01007024,All people aged 16 and over,877,853,24
S01007024,Economically active: Total,540,523,17
S01007024,Economically active: Employee: Total,376,365,11
S01007024,Economically active: Employee: Part-time (1),122,118,4
S01007024,Economically active: Employee: Full-time (1),254,247,7
S01007024,Economically active: Self-employed: Total,145,140,5
S01007024,Economically active: Self-employed: Part-time (1),39,38,1
S01007024,Economically active: Self-employed: Full-time (1),106,102,4
S01007024,Economically active: Unemployed (1),19,18,1
S01007024,Economically inactive,337,330,7
S01007025,All people aged 16 and over,708,682,26
S01007025,Economically active: Total,425,411,14
S01007025,Economically active: Employee: Total,350,339,11
S01007025,Economically active: Employee: Part-time (1),103,99,4
S01007025,Economically active: Employee: Full-time (1),247,240,7
S01007025,Economically active: Self-employed: Total,52,50,2
S01007025,Economically active: Self-employed: Part-time (1),22,20,2
S01007025,Economically active: Self-employed: Full-time (1),30,30,0
S01007025,Economically active: Unemployed (1),23,22,1
S01007025,Economically inactive,283,271,12
S01007026,All people aged 16 and over,774,746,28
S01007026,Economically active: Total,407,388,19
S01007026,Economically active: Employee: Total,327,315,12
S01007026,Economically active: Employee: Part-time (1),97,91,6
S01007026,Economically active: Employee: Full-time (1),230,224,6
S01007026,Economically active: Self-employed: Total,61,59,2
S01007026,Economically active: Self-employed: Part-time (1),10,10,0
S01007026,Economically active: Self-employed: Full-time (1),51,49,2
S01007026,Economically active: Unemployed (1),19,14,5
S01007026,Economically inactive,367,358,9
S01007027,All people aged 16 and over,880,846,34
S01007027,Economically active: Total,528,507,21
S01007027,Economically active: Employee: Total,418,404,14
S01007027,Economically active: Employee: Part-time (1),135,130,5
S01007027,Economically active: Employee: Full-time (1),283,274,9
S01007027,Economically active: Self-employed: Total,84,80,4
S01007027,Economically active: Self-employed: Part-time (1),16,16,0
S01007027,Economically active: Self-employed: Full-time (1),68,64,4
S01007027,Economically active: Unemployed (1),26,23,3
S01007027,Economically inactive,352,339,13
S01007028,All people aged 16 and over,614,577,37
S01007028,Economically active: Total,404,379,25
S01007028,Economically active: Employee: Total,282,258,24
S01007028,Economically active: Employee: Part-time (1),106,95,11
S01007028,Economically active: Employee: Full-time (1),176,163,13
S01007028,Economically active: Self-employed: Total,108,107,1
S01007028,Economically active: Self-employed: Part-time (1),23,22,1
S01007028,Economically active: Self-employed: Full-time (1),85,85,0
S01007028,Economically active: Unemployed (1),14,14,0
S01007028,Economically inactive,210,198,12
S01007029,All people aged 16 and over,458,443,15
S01007029,Economically active: Total,310,302,8
S01007029,Economically active: Employee: Total,192,188,4
S01007029,Economically active: Employee: Part-time (1),62,61,1
S01007029,Economically active: Employee: Full-time (1),130,127,3
S01007029,Economically active: Self-employed: Total,104,101,3
S01007029,Economically active: Self-employed: Part-time (1),15,15,0
S01007029,Economically active: Self-employed: Full-time (1),89,86,3
S01007029,Economically active: Unemployed (1),14,13,1
S01007029,Economically inactive,148,141,7
S01007030,All people aged 16 and over,663,631,32
S01007030,Economically active: Total,417,391,26
S01007030,Economically active: Employee: Total,340,319,21
S01007030,Economically active: Employee: Part-time (1),117,114,3
S01007030,Economically active: Employee: Full-time (1),223,205,18
S01007030,Economically active: Self-employed: Total,58,55,3
S01007030,Economically active: Self-employed: Part-time (1),15,14,1
S01007030,Economically active: Self-employed: Full-time (1),43,41,2
S01007030,Economically active: Unemployed (1),19,17,2
S01007030,Economically inactive,246,240,6
S01007031,All people aged 16 and over,517,484,33
S01007031,Economically active: Total,317,296,21
S01007031,Economically active: Employee: Total,243,227,16
S01007031,Economically active: Employee: Part-time (1),75,70,5
S01007031,Economically active: Employee: Full-time (1),168,157,11
S01007031,Economically active: Self-employed: Total,53,50,3
S01007031,Economically active: Self-employed: Part-time (1),11,10,1
S01007031,Economically active: Self-employed: Full-time (1),42,40,2
S01007031,Economically active: Unemployed (1),21,19,2
S01007031,Economically inactive,200,188,12
S01007032,All people aged 16 and over,833,751,82
S01007032,Economically active: Total,488,427,61
S01007032,Economically active: Employee: Total,383,326,57
S01007032,Economically active: Employee: Part-time (1),101,90,11
S01007032,Economically active: Employee: Full-time (1),282,236,46
S01007032,Economically active: Self-employed: Total,57,55,2
S01007032,Economically active: Self-employed: Part-time (1),14,14,0
S01007032,Economically active: Self-employed: Full-time (1),43,41,2
S01007032,Economically active: Unemployed (1),48,46,2
S01007032,Economically inactive,345,324,21
S01007033,All people aged 16 and over,603,581,22
S01007033,Economically active: Total,381,366,15
S01007033,Economically active: Employee: Total,342,328,14
S01007033,Economically active: Employee: Part-time (1),113,110,3
S01007033,Economically active: Employee: Full-time (1),229,218,11
S01007033,Economically active: Self-employed: Total,15,15,0
S01007033,Economically active: Self-employed: Part-time (1),6,6,0
S01007033,Economically active: Self-employed: Full-time (1),9,9,0
S01007033,Economically active: Unemployed (1),24,23,1
S01007033,Economically inactive,222,215,7
S01007034,All people aged 16 and over,494,451,43
S01007034,Economically active: Total,324,291,33
S01007034,Economically active: Employee: Total,271,245,26
S01007034,Economically active: Employee: Part-time (1),96,89,7
S01007034,Economically active: Employee: Full-time (1),175,156,19
S01007034,Economically active: Self-employed: Total,32,29,3
S01007034,Economically active: Self-employed: Part-time (1),12,11,1
S01007034,Economically active: Self-employed: Full-time (1),20,18,2
S01007034,Economically active: Unemployed (1),21,17,4
S01007034,Economically inactive,170,160,10
S01007035,All people aged 16 and over,643,586,57
S01007035,Economically active: Total,374,325,49
S01007035,Economically active: Employee: Total,317,273,44
S01007035,Economically active: Employee: Part-time (1),120,113,7
S01007035,Economically active: Employee: Full-time (1),197,160,37
S01007035,Economically active: Self-employed: Total,33,30,3
S01007035,Economically active: Self-employed: Part-time (1),10,9,1
S01007035,Economically active: Self-employed: Full-time (1),23,21,2
S01007035,Economically active: Unemployed (1),24,22,2
S01007035,Economically inactive,269,261,8
S01007036,All people aged 16 and over,800,750,50
S01007036,Economically active: Total,452,415,37
S01007036,Economically active: Employee: Total,364,330,34
S01007036,Economically active: Employee: Part-time (1),111,103,8
S01007036,Economically active: Employee: Full-time (1),253,227,26
S01007036,Economically active: Self-employed: Total,74,71,3
S01007036,Economically active: Self-employed: Part-time (1),10,10,0
S01007036,Economically active: Self-employed: Full-time (1),64,61,3
S01007036,Economically active: Unemployed (1),14,14,0
S01007036,Economically inactive,348,335,13
S01007037,All people aged 16 and over,830,797,33
S01007037,Economically active: Total,528,501,27
S01007037,Economically active: Employee: Total,455,431,24
S01007037,Economically active: Employee: Part-time (1),167,162,5
S01007037,Economically active: Employee: Full-time (1),288,269,19
S01007037,Economically active: Self-employed: Total,49,48,1
S01007037,Economically active: Self-employed: Part-time (1),11,11,0
S01007037,Economically active: Self-employed: Full-time (1),38,37,1
S01007037,Economically active: Unemployed (1),24,22,2
S01007037,Economically inactive,302,296,6
S01007038,All people aged 16 and over,613,532,81
S01007038,Economically active: Total,418,350,68
S01007038,Economically active: Employee: Total,340,277,63
S01007038,Economically active: Employee: Part-time (1),89,79,10
S01007038,Economically active: Employee: Full-time (1),251,198,53
S01007038,Economically active: Self-employed: Total,54,50,4
S01007038,Economically active: Self-employed: Part-time (1),10,10,0
S01007038,Economically active: Self-employed: Full-time (1),44,40,4
S01007038,Economically active: Unemployed (1),24,23,1
S01007038,Economically inactive,195,182,13
S01007039,All people aged 16 and over,685,663,22
S01007039,Economically active: Total,435,418,17
S01007039,Economically active: Employee: Total,360,345,15
S01007039,Economically active: Employee: Part-time (1),108,105,3
S01007039,Economically active: Employee: Full-time (1),252,240,12
S01007039,Economically active: Self-employed: Total,42,41,1
S01007039,Economically active: Self-employed: Part-time (1),7,7,0
S01007039,Economically active: Self-employed: Full-time (1),35,34,1
S01007039,Economically active: Unemployed (1),33,32,1
S01007039,Economically inactive,250,245,5
S01007040,All people aged 16 and over,537,518,19
S01007040,Economically active: Total,324,308,16
S01007040,Economically active: Employee: Total,269,254,15
S01007040,Economically active: Employee: Part-time (1),83,81,2
S01007040,Economically active: Employee: Full-time (1),186,173,13
S01007040,Economically active: Self-employed: Total,31,31,0
S01007040,Economically active: Self-employed: Part-time (1),10,10,0
S01007040,Economically active: Self-employed: Full-time (1),21,21,0
S01007040,Economically active: Unemployed (1),24,23,1
S01007040,Economically inactive,213,210,3
S01007041,All people aged 16 and over,628,606,22
S01007041,Economically active: Total,406,389,17
S01007041,Economically active: Employee: Total,324,310,14
S01007041,Economically active: Employee: Part-time (1),99,98,1
S01007041,Economically active: Employee: Full-time (1),225,212,13
S01007041,Economically active: Self-employed: Total,50,47,3
S01007041,Economically active: Self-employed: Part-time (1),11,11,0
S01007041,Economically active: Self-employed: Full-time (1),39,36,3
S01007041,Economically active: Unemployed (1),32,32,0
S01007041,Economically inactive,222,217,5
S01007042,All people aged 16 and over,598,580,18
S01007042,Economically active: Total,374,362,12
S01007042,Economically active: Employee: Total,287,278,9
S01007042,Economically active: Employee: Part-time (1),89,85,4
S01007042,Economically active: Employee: Full-time (1),198,193,5
S01007042,Economically active: Self-employed: Total,60,59,1
S01007042,Economically active: Self-employed: Part-time (1),11,11,0
S01007042,Economically active: Self-employed: Full-time (1),49,48,1
S01007042,Economically active: Unemployed (1),27,25,2
S01007042,Economically inactive,224,218,6
S01007043,All people aged 16 and over,835,792,43
S01007043,Economically active: Total,600,568,32
S01007043,Economically active: Employee: Total,425,401,24
S01007043,Economically active: Employee: Part-time (1),111,107,4
S01007043,Economically active: Employee: Full-time (1),314,294,20
S01007043,Economically active: Self-employed: Total,160,153,7
S01007043,Economically active: Self-employed: Part-time (1),29,26,3
S01007043,Economically active: Self-employed: Full-time (1),131,127,4
S01007043,Economically active: Unemployed (1),15,14,1
S01007043,Economically inactive,235,224,11
S01007044,All people aged 16 and over,581,557,24
S01007044,Economically active: Total,321,303,18
S01007044,Economically active: Employee: Total,229,214,15
S01007044,Economically active: Employee: Part-time (1),79,76,3
S01007044,Economically active: Employee: Full-time (1),150,138,12
S01007044,Economically active: Self-employed: Total,82,81,1
S01007044,Economically active: Self-employed: Part-time (1),21,20,1
S01007044,Economically active: Self-employed: Full-time (1),61,61,0
S01007044,Economically active: Unemployed (1),10,8,2
S01007044,Economically inactive,260,254,6
S01007045,All people aged 16 and over,683,653,30
S01007045,Economically active: Total,454,431,23
S01007045,Economically active: Employee: Total,284,268,16
S01007045,Economically active: Employee: Part-time (1),91,85,6
S01007045,Economically active: Employee: Full-time (1),193,183,10
S01007045,Economically active: Self-employed: Total,144,140,4
S01007045,Economically active: Self-employed: Part-time (1),37,37,0
S01007045,Economically active: Self-employed: Full-time (1),107,103,4
S01007045,Economically active: Unemployed (1),26,23,3
S01007045,Economically inactive,229,222,7
S01007046,All people aged 16 and over,509,491,18
S01007046,Economically active: Total,328,314,14
S01007046,Economically active: Employee: Total,267,253,14
S01007046,Economically active: Employee: Part-time (1),70,67,3
S01007046,Economically active: Employee: Full-time (1),197,186,11
S01007046,Economically active: Self-employed: Total,58,58,0
S01007046,Economically active: Self-employed: Part-time (1),14,14,0
S01007046,Economically active: Self-employed: Full-time (1),44,44,0
S01007046,Economically active: Unemployed (1),3,3,0
S01007046,Economically inactive,181,177,4
S01007047,All people aged 16 and over,550,535,15
S01007047,Economically active: Total,377,365,12
S01007047,Economically active: Employee: Total,265,256,9
S01007047,Economically active: Employee: Part-time (1),75,72,3
S01007047,Economically active: Employee: Full-time (1),190,184,6
S01007047,Economically active: Self-employed: Total,97,96,1
S01007047,Economically active: Self-employed: Part-time (1),16,16,0
S01007047,Economically active: Self-employed: Full-time (1),81,80,1
S01007047,Economically active: Unemployed (1),15,13,2
S01007047,Economically inactive,173,170,3
S01007048,All people aged 16 and over,775,748,27
S01007048,Economically active: Total,532,517,15
S01007048,Economically active: Employee: Total,380,369,11
S01007048,Economically active: Employee: Part-time (1),102,100,2
S01007048,Economically active: Employee: Full-time (1),278,269,9
S01007048,Economically active: Self-employed: Total,128,124,4
S01007048,Economically active: Self-employed: Part-time (1),23,23,0
S01007048,Economically active: Self-employed: Full-time (1),105,101,4
S01007048,Economically active: Unemployed (1),24,24,0
S01007048,Economically inactive,243,231,12
S01007049,All people aged 16 and over,767,734,33
S01007049,Economically active: Total,493,467,26
S01007049,Economically active: Employee: Total,413,396,17
S01007049,Economically active: Employee: Part-time (1),124,121,3
S01007049,Economically active: Employee: Full-time (1),289,275,14
S01007049,Economically active: Self-employed: Total,52,45,7
S01007049,Economically active: Self-employed: Part-time (1),14,14,0
S01007049,Economically active: Self-employed: Full-time (1),38,31,7
S01007049,Economically active: Unemployed (1),28,26,2
S01007049,Economically inactive,274,267,7
S01007050,All people aged 16 and over,547,516,31
S01007050,Economically active: Total,334,312,22
S01007050,Economically active: Employee: Total,258,238,20
S01007050,Economically active: Employee: Part-time (1),74,71,3
S01007050,Economically active: Employee: Full-time (1),184,167,17
S01007050,Economically active: Self-employed: Total,61,61,0
S01007050,Economically active: Self-employed: Part-time (1),10,10,0
S01007050,Economically active: Self-employed: Full-time (1),51,51,0
S01007050,Economically active: Unemployed (1),15,13,2
S01007050,Economically inactive,213,204,9
S01007051,All people aged 16 and over,614,596,18
S01007051,Economically active: Total,435,425,10
S01007051,Economically active: Employee: Total,376,368,8
S01007051,Economically active: Employee: Part-time (1),115,110,5
S01007051,Economically active: Employee: Full-time (1),261,258,3
S01007051,Economically active: Self-employed: Total,47,46,1
S01007051,Economically active: Self-employed: Part-time (1),6,6,0
S01007051,Economically active: Self-employed: Full-time (1),41,40,1
S01007051,Economically active: Unemployed (1),12,11,1
S01007051,Economically inactive,179,171,8
S01007052,All people aged 16 and over,473,464,9
S01007052,Economically active: Total,320,313,7
S01007052,Economically active: Employee: Total,255,250,5
S01007052,Economically active: Employee: Part-time (1),72,71,1
S01007052,Economically active: Employee: Full-time (1),183,179,4
S01007052,Economically active: Self-employed: Total,50,50,0
S01007052,Economically active: Self-employed: Part-time (1),12,12,0
S01007052,Economically active: Self-employed: Full-time (1),38,38,0
S01007052,Economically active: Unemployed (1),15,13,2
S01007052,Economically inactive,153,151,2
S01007053,All people aged 16 and over,402,396,6
S01007053,Economically active: Total,278,273,5
S01007053,Economically active: Employee: Total,202,197,5
S01007053,Economically active: Employee: Part-time (1),51,51,0
S01007053,Economically active: Employee: Full-time (1),151,146,5
S01007053,Economically active: Self-employed: Total,63,63,0
S01007053,Economically active: Self-employed: Part-time (1),22,22,0
S01007053,Economically active: Self-employed: Full-time (1),41,41,0
S01007053,Economically active: Unemployed (1),13,13,0
S01007053,Economically inactive,124,123,1
S01007054,All people aged 16 and over,803,777,26
S01007054,Economically active: Total,506,486,20
S01007054,Economically active: Employee: Total,430,413,17
S01007054,Economically active: Employee: Part-time (1),137,135,2
S01007054,Economically active: Employee: Full-time (1),293,278,15
S01007054,Economically active: Self-employed: Total,49,49,0
S01007054,Economically active: Self-employed: Part-time (1),9,9,0
S01007054,Economically active: Self-employed: Full-time (1),40,40,0
S01007054,Economically active: Unemployed (1),27,24,3
S01007054,Economically inactive,297,291,6
S01007055,All people aged 16 and over,422,405,17
S01007055,Economically active: Total,321,306,15
S01007055,Economically active: Employee: Total,219,208,11
S01007055,Economically active: Employee: Part-time (1),68,66,2
S01007055,Economically active: Employee: Full-time (1),151,142,9
S01007055,Economically active: Self-employed: Total,91,87,4
S01007055,Economically active: Self-employed: Part-time (1),17,15,2
S01007055,Economically active: Self-employed: Full-time (1),74,72,2
S01007055,Economically active: Unemployed (1),11,11,0
S01007055,Economically inactive,101,99,2
S01007056,All people aged 16 and over,528,501,27
S01007056,Economically active: Total,378,356,22
S01007056,Economically active: Employee: Total,251,236,15
S01007056,Economically active: Employee: Part-time (1),60,55,5
S01007056,Economically active: Employee: Full-time (1),191,181,10
S01007056,Economically active: Self-employed: Total,107,102,5
S01007056,Economically active: Self-employed: Part-time (1),25,23,2
S01007056,Economically active: Self-employed: Full-time (1),82,79,3
S01007056,Economically active: Unemployed (1),20,18,2
S01007056,Economically inactive,150,145,5
S01007057,All people aged 16 and over,459,442,17
S01007057,Economically active: Total,249,237,12
S01007057,Economically active: Employee: Total,212,201,11
S01007057,Economically active: Employee: Part-time (1),54,53,1
S01007057,Economically active: Employee: Full-time (1),158,148,10
S01007057,Economically active: Self-employed: Total,25,24,1
S01007057,Economically active: Self-employed: Part-time (1),6,5,1
S01007057,Economically active: Self-employed: Full-time (1),19,19,0
S01007057,Economically active: Unemployed (1),12,12,0
S01007057,Economically inactive,210,205,5
S01007058,All people aged 16 and over,502,495,7
S01007058,Economically active: Total,269,265,4
S01007058,Economically active: Employee: Total,235,231,4
S01007058,Economically active: Employee: Part-time (1),70,69,1
S01007058,Economically active: Employee: Full-time (1),165,162,3
S01007058,Economically active: Self-employed: Total,23,23,0
S01007058,Economically active: Self-employed: Part-time (1),5,5,0
S01007058,Economically active: Self-employed: Full-time (1),18,18,0
S01007058,Economically active: Unemployed (1),11,11,0
S01007058,Economically inactive,233,230,3
S01007059,All people aged 16 and over,813,783,30
S01007059,Economically active: Total,510,495,15
S01007059,Economically active: Employee: Total,432,422,10
S01007059,Economically active: Employee: Part-time (1),111,110,1
S01007059,Economically active: Employee: Full-time (1),321,312,9
S01007059,Economically active: Self-employed: Total,56,52,4
S01007059,Economically active: Self-employed: Part-time (1),14,14,0
S01007059,Economically active: Self-employed: Full-time (1),42,38,4
S01007059,Economically active: Unemployed (1),22,21,1
S01007059,Economically inactive,303,288,15
S01007060,All people aged 16 and over,485,470,15
S01007060,Economically active: Total,316,305,11
S01007060,Economically active: Employee: Total,257,248,9
S01007060,Economically active: Employee: Part-time (1),103,99,4
S01007060,Economically active: Employee: Full-time (1),154,149,5
S01007060,Economically active: Self-employed: Total,24,23,1
S01007060,Economically active: Self-employed: Part-time (1),1,1,0
S01007060,Economically active: Self-employed: Full-time (1),23,22,1
S01007060,Economically active: Unemployed (1),35,34,1
S01007060,Economically inactive,169,165,4
S01007061,All people aged 16 and over,739,706,33
S01007061,Economically active: Total,576,547,29
S01007061,Economically active: Employee: Total,449,423,26
S01007061,Economically active: Employee: Part-time (1),101,95,6
S01007061,Economically active: Employee: Full-time (1),348,328,20
S01007061,Economically active: Self-employed: Total,109,107,2
S01007061,Economically active: Self-employed: Part-time (1),31,31,0
S01007061,Economically active: Self-employed: Full-time (1),78,76,2
S01007061,Economically active: Unemployed (1),18,17,1
S01007061,Economically inactive,163,159,4
S01007062,All people aged 16 and over,565,530,35
S01007062,Economically active: Total,423,397,26
S01007062,Economically active: Employee: Total,305,282,23
S01007062,Economically active: Employee: Part-time (1),88,81,7
S01007062,Economically active: Employee: Full-time (1),217,201,16
S01007062,Economically active: Self-employed: Total,104,101,3
S01007062,Economically active: Self-employed: Part-time (1),27,26,1
S01007062,Economically active: Self-employed: Full-time (1),77,75,2
S01007062,Economically active: Unemployed (1),14,14,0
S01007062,Economically inactive,142,133,9
S01007063,All people aged 16 and over,549,530,19
S01007063,Economically active: Total,361,346,15
S01007063,Economically active: Employee: Total,305,292,13
S01007063,Economically active: Employee: Part-time (1),99,94,5
S01007063,Economically active: Employee: Full-time (1),206,198,8
S01007063,Economically active: Self-employed: Total,46,46,0
S01007063,Economically active: Self-employed: Part-time (1),7,7,0
S01007063,Economically active: Self-employed: Full-time (1),39,39,0
S01007063,Economically active: Unemployed (1),10,8,2
S01007063,Economically inactive,188,184,4
S01007064,All people aged 16 and over,528,491,37
S01007064,Economically active: Total,392,363,29
S01007064,Economically active: Employee: Total,279,256,23
S01007064,Economically active: Employee: Part-time (1),77,75,2
S01007064,Economically active: Employee: Full-time (1),202,181,21
S01007064,Economically active: Self-employed: Total,101,96,5
S01007064,Economically active: Self-employed: Part-time (1),23,22,1
S01007064,Economically active: Self-employed: Full-time (1),78,74,4
S01007064,Economically active: Unemployed (1),12,11,1
S01007064,Economically inactive,136,128,8
S01007065,All people aged 16 and over,474,447,27
S01007065,Economically active: Total,325,303,22
S01007065,Economically active: Employee: Total,269,252,17
S01007065,Economically active: Employee: Part-time (1),73,68,5
S01007065,Economically active: Employee: Full-time (1),196,184,12
S01007065,Economically active: Self-employed: Total,50,46,4
S01007065,Economically active: Self-employed: Part-time (1),15,13,2
S01007065,Economically active: Self-employed: Full-time (1),35,33,2
S01007065,Economically active: Unemployed (1),6,5,1
S01007065,Economically inactive,149,144,5
S01007066,All people aged 16 and over,537,514,23
S01007066,Economically active: Total,386,370,16
S01007066,Economically active: Employee: Total,291,276,15
S01007066,Economically active: Employee: Part-time (1),86,78,8
S01007066,Economically active: Employee: Full-time (1),205,198,7
S01007066,Economically active: Self-employed: Total,82,81,1
S01007066,Economically active: Self-employed: Part-time (1),21,21,0
S01007066,Economically active: Self-employed: Full-time (1),61,60,1
S01007066,Economically active: Unemployed (1),13,13,0
S01007066,Economically inactive,151,144,7
S01007067,All people aged 16 and over,489,475,14
S01007067,Economically active: Total,339,329,10
S01007067,Economically active: Employee: Total,294,284,10
S01007067,Economically active: Employee: Part-time (1),62,61,1
S01007067,Economically active: Employee: Full-time (1),232,223,9
S01007067,Economically active: Self-employed: Total,30,30,0
S01007067,Economically active: Self-employed: Part-time (1),12,12,0
S01007067,Economically active: Self-employed: Full-time (1),18,18,0
S01007067,Economically active: Unemployed (1),15,15,0
S01007067,Economically inactive,150,146,4
S01007068,All people aged 16 and over,625,604,21
S01007068,Economically active: Total,378,364,14
S01007068,Economically active: Employee: Total,301,292,9
S01007068,Economically active: Employee: Part-time (1),76,73,3
S01007068,Economically active: Employee: Full-time (1),225,219,6
S01007068,Economically active: Self-employed: Total,59,55,4
S01007068,Economically active: Self-employed: Part-time (1),13,11,2
S01007068,Economically active: Self-employed: Full-time (1),46,44,2
S01007068,Economically active: Unemployed (1),18,17,1
S01007068,Economically inactive,247,240,7
S01007069,All people aged 16 and over,644,598,46
S01007069,Economically active: Total,435,398,37
S01007069,Economically active: Employee: Total,364,331,33
S01007069,Economically active: Employee: Part-time (1),97,86,11
S01007069,Economically active: Employee: Full-time (1),267,245,22
S01007069,Economically active: Self-employed: Total,47,46,1
S01007069,Economically active: Self-employed: Part-time (1),10,10,0
S01007069,Economically active: Self-employed: Full-time (1),37,36,1
S01007069,Economically active: Unemployed (1),24,21,3
S01007069,Economically inactive,209,200,9
S01007070,All people aged 16 and over,429,416,13
S01007070,Economically active: Total,288,278,10
S01007070,Economically active: Employee: Total,239,229,10
S01007070,Economically active: Employee: Part-time (1),57,55,2
S01007070,Economically active: Employee: Full-time (1),182,174,8
S01007070,Economically active: Self-employed: Total,26,26,0
S01007070,Economically active: Self-employed: Part-time (1),3,3,0
S01007070,Economically active: Self-employed: Full-time (1),23,23,0
S01007070,Economically active: Unemployed (1),23,23,0
S01007070,Economically inactive,141,138,3
S01007071,All people aged 16 and over,688,662,26
S01007071,Economically active: Total,497,477,20
S01007071,Economically active: Employee: Total,438,422,16
S01007071,Economically active: Employee: Part-time (1),104,99,5
S01007071,Economically active: Employee: Full-time (1),334,323,11
S01007071,Economically active: Self-employed: Total,44,41,3
S01007071,Economically active: Self-employed: Part-time (1),9,9,0
S01007071,Economically active: Self-employed: Full-time (1),35,32,3
S01007071,Economically active: Unemployed (1),15,14,1
S01007071,Economically inactive,191,185,6
S01007072,All people aged 16 and over,513,504,9
S01007072,Economically active: Total,399,391,8
S01007072,Economically active: Employee: Total,338,333,5
S01007072,Economically active: Employee: Part-time (1),98,97,1
S01007072,Economically active: Employee: Full-time (1),240,236,4
S01007072,Economically active: Self-employed: Total,44,43,1
S01007072,Economically active: Self-employed: Part-time (1),7,7,0
S01007072,Economically active: Self-employed: Full-time (1),37,36,1
S01007072,Economically active: Unemployed (1),17,15,2
S01007072,Economically inactive,114,113,1
S01007073,All people aged 16 and over,903,882,21
S01007073,Economically active: Total,524,510,14
S01007073,Economically active: Employee: Total,447,435,12
S01007073,Economically active: Employee: Part-time (1),133,132,1
S01007073,Economically active: Employee: Full-time (1),314,303,11
S01007073,Economically active: Self-employed: Total,57,55,2
S01007073,Economically active: Self-employed: Part-time (1),16,15,1
S01007073,Economically active: Self-employed: Full-time (1),41,40,1
S01007073,Economically active: Unemployed (1),20,20,0
S01007073,Economically inactive,379,372,7
S01007074,All people aged 16 and over,549,519,30
S01007074,Economically active: Total,393,371,22
S01007074,Economically active: Employee: Total,333,314,19
S01007074,Economically active: Employee: Part-time (1),110,105,5
S01007074,Economically active: Employee: Full-time (1),223,209,14
S01007074,Economically active: Self-employed: Total,30,29,1
S01007074,Economically active: Self-employed: Part-time (1),8,7,1
S01007074,Economically active: Self-employed: Full-time (1),22,22,0
S01007074,Economically active: Unemployed (1),30,28,2
S01007074,Economically inactive,156,148,8
S01007075,All people aged 16 and over,585,547,38
S01007075,Economically active: Total,398,367,31
S01007075,Economically active: Employee: Total,371,340,31
S01007075,Economically active: Employee: Part-time (1),106,103,3
S01007075,Economically active: Employee: Full-time (1),265,237,28
S01007075,Economically active: Self-employed: Total,8,8,0
S01007075,Economically active: Self-employed: Part-time (1),3,3,0
S01007075,Economically active: Self-employed: Full-time (1),5,5,0
S01007075,Economically active: Unemployed (1),19,19,0
S01007075,Economically inactive,187,180,7
S01007076,All people aged 16 and over,599,560,39
S01007076,Economically active: Total,441,413,28
S01007076,Economically active: Employee: Total,385,362,23
S01007076,Economically active: Employee: Part-time (1),122,119,3
S01007076,Economically active: Employee: Full-time (1),263,243,20
S01007076,Economically active: Self-employed: Total,31,28,3
S01007076,Economically active: Self-employed: Part-time (1),16,13,3
S01007076,Economically active: Self-employed: Full-time (1),15,15,0
S01007076,Economically active: Unemployed (1),25,23,2
S01007076,Economically inactive,158,147,11
S01007077,All people aged 16 and over,594,575,19
S01007077,Economically active: Total,379,363,16
S01007077,Economically active: Employee: Total,337,323,14
S01007077,Economically active: Employee: Part-time (1),110,104,6
S01007077,Economically active: Employee: Full-time (1),227,219,8
S01007077,Economically active: Self-employed: Total,21,19,2
S01007077,Economically active: Self-employed: Part-time (1),6,6,0
S01007077,Economically active: Self-employed: Full-time (1),15,13,2
S01007077,Economically active: Unemployed (1),21,21,0
S01007077,Economically inactive,215,212,3
S01007078,All people aged 16 and over,717,677,40
S01007078,Economically active: Total,436,402,34
S01007078,Economically active: Employee: Total,361,333,28
S01007078,Economically active: Employee: Part-time (1),131,125,6
S01007078,Economically active: Employee: Full-time (1),230,208,22
S01007078,Economically active: Self-employed: Total,34,33,1
S01007078,Economically active: Self-employed: Part-time (1),7,7,0
S01007078,Economically active: Self-employed: Full-time (1),27,26,1
S01007078,Economically active: Unemployed (1),41,36,5
S01007078,Economically inactive,281,275,6
S01007079,All people aged 16 and over,858,793,65
S01007079,Economically active: Total,488,432,56
S01007079,Economically active: Employee: Total,413,363,50
S01007079,Economically active: Employee: Part-time (1),102,97,5
S01007079,Economically active: Employee: Full-time (1),311,266,45
S01007079,Economically active: Self-employed: Total,38,35,3
S01007079,Economically active: Self-employed: Part-time (1),11,9,2
S01007079,Economically active: Self-employed: Full-time (1),27,26,1
S01007079,Economically active: Unemployed (1),37,34,3
S01007079,Economically inactive,370,361,9
S01007080,All people aged 16 and over,669,629,40
S01007080,Economically active: Total,388,355,33
S01007080,Economically active: Employee: Total,330,298,32
S01007080,Economically active: Employee: Part-time (1),101,95,6
S01007080,Economically active: Employee: Full-time (1),229,203,26
S01007080,Economically active: Self-employed: Total,22,21,1
S01007080,Economically active: Self-employed: Part-time (1),0,0,0
S01007080,Economically active: Self-employed: Full-time (1),22,21,1
S01007080,Economically active: Unemployed (1),36,36,0
S01007080,Economically inactive,281,274,7
S01007081,All people aged 16 and over,734,627,107
S01007081,Economically active: Total,500,424,76
S01007081,Economically active: Employee: Total,425,360,65
S01007081,Economically active: Employee: Part-time (1),105,98,7
S01007081,Economically active: Employee: Full-time (1),320,262,58
S01007081,Economically active: Self-employed: Total,40,34,6
S01007081,Economically active: Self-employed: Part-time (1),4,3,1
S01007081,Economically active: Self-employed: Full-time (1),36,31,5
S01007081,Economically active: Unemployed (1),35,30,5
S01007081,Economically inactive,234,203,31
S01007082,All people aged 16 and over,439,368,71
S01007082,Economically active: Total,300,241,59
S01007082,Economically active: Employee: Total,251,199,52
S01007082,Economically active: Employee: Part-time (1),73,58,15
S01007082,Economically active: Employee: Full-time (1),178,141,37
S01007082,Economically active: Self-employed: Total,26,25,1
S01007082,Economically active: Self-employed: Part-time (1),5,5,0
S01007082,Economically active: Self-employed: Full-time (1),21,20,1
S01007082,Economically active: Unemployed (1),23,17,6
S01007082,Economically inactive,139,127,12
S01007083,All people aged 16 and over,794,685,109
S01007083,Economically active: Total,429,334,95
S01007083,Economically active: Employee: Total,367,278,89
S01007083,Economically active: Employee: Part-time (1),97,88,9
S01007083,Economically active: Employee: Full-time (1),270,190,80
S01007083,Economically active: Self-employed: Total,27,22,5
S01007083,Economically active: Self-employed: Part-time (1),9,4,5
S01007083,Economically active: Self-employed: Full-time (1),18,18,0
S01007083,Economically active: Unemployed (1),35,34,1
S01007083,Economically inactive,365,351,14
S01007084,All people aged 16 and over,557,511,46
S01007084,Economically active: Total,302,265,37
S01007084,Economically active: Employee: Total,260,226,34
S01007084,Economically active: Employee: Part-time (1),81,72,9
S01007084,Economically active: Employee: Full-time (1),179,154,25
S01007084,Economically active: Self-employed: Total,33,31,2
S01007084,Economically active: Self-employed: Part-time (1),7,7,0
S01007084,Economically active: Self-employed: Full-time (1),26,24,2
S01007084,Economically active: Unemployed (1),9,8,1
S01007084,Economically inactive,255,246,9
S01007085,All people aged 16 and over,684,565,119
S01007085,Economically active: Total,490,388,102
S01007085,Economically active: Employee: Total,390,297,93
S01007085,Economically active: Employee: Part-time (1),91,71,20
S01007085,Economically active: Employee: Full-time (1),299,226,73
S01007085,Economically active: Self-employed: Total,54,47,7
S01007085,Economically active: Self-employed: Part-time (1),17,13,4
S01007085,Economically active: Self-employed: Full-time (1),37,34,3
S01007085,Economically active: Unemployed (1),46,44,2
S01007085,Economically inactive,194,177,17
S01007086,All people aged 16 and over,917,679,238
S01007086,Economically active: Total,665,457,208
S01007086,Economically active: Employee: Total,540,357,183
S01007086,Economically active: Employee: Part-time (1),141,108,33
S01007086,Economically active: Employee: Full-time (1),399,249,150
S01007086,Economically active: Self-employed: Total,32,25,7
S01007086,Economically active: Self-employed: Part-time (1),12,9,3
S01007086,Economically active: Self-employed: Full-time (1),20,16,4
S01007086,Economically active: Unemployed (1),93,75,18
S01007086,Economically inactive,252,222,30
S01007087,All people aged 16 and over,753,579,174
S01007087,Economically active: Total,497,341,156
S01007087,Economically active: Employee: Total,416,282,134
S01007087,Economically active: Employee: Part-time (1),111,90,21
S01007087,Economically active: Employee: Full-time (1),305,192,113
S01007087,Economically active: Self-employed: Total,34,21,13
S01007087,Economically active: Self-employed: Part-time (1),6,4,2
S01007087,Economically active: Self-employed: Full-time (1),28,17,11
S01007087,Economically active: Unemployed (1),47,38,9
S01007087,Economically inactive,256,238,18
S01007088,All people aged 16 and over,437,365,72
S01007088,Economically active: Total,263,208,55
S01007088,Economically active: Employee: Total,209,161,48
S01007088,Economically active: Employee: Part-time (1),50,46,4
S01007088,Economically active: Employee: Full-time (1),159,115,44
S01007088,Economically active: Self-employed: Total,19,15,4
S01007088,Economically active: Self-employed: Part-time (1),9,6,3
S01007088,Economically active: Self-employed: Full-time (1),10,9,1
S01007088,Economically active: Unemployed (1),35,32,3
S01007088,Economically inactive,174,157,17
S01007089,All people aged 16 and over,423,402,21
S01007089,Economically active: Total,284,268,16
S01007089,Economically active: Employee: Total,238,230,8
S01007089,Economically active: Employee: Part-time (1),68,67,1
S01007089,Economically active: Employee: Full-time (1),170,163,7
S01007089,Economically active: Self-employed: Total,37,31,6
S01007089,Economically active: Self-employed: Part-time (1),5,5,0
S01007089,Economically active: Self-employed: Full-time (1),32,26,6
S01007089,Economically active: Unemployed (1),9,7,2
S01007089,Economically inactive,139,134,5
S01007090,All people aged 16 and over,451,421,30
S01007090,Economically active: Total,346,323,23
S01007090,Economically active: Employee: Total,298,277,21
S01007090,Economically active: Employee: Part-time (1),67,62,5
S01007090,Economically active: Employee: Full-time (1),231,215,16
S01007090,Economically active: Self-employed: Total,35,33,2
S01007090,Economically active: Self-employed: Part-time (1),5,5,0
S01007090,Economically active: Self-employed: Full-time (1),30,28,2
S01007090,Economically active: Unemployed (1),13,13,0
S01007090,Economically inactive,105,98,7
S01007091,All people aged 16 and over,587,538,49
S01007091,Economically active: Total,446,414,32
S01007091,Economically active: Employee: Total,390,361,29
S01007091,Economically active: Employee: Part-time (1),130,122,8
S01007091,Economically active: Employee: Full-time (1),260,239,21
S01007091,Economically active: Self-employed: Total,27,24,3
S01007091,Economically active: Self-employed: Part-time (1),6,6,0
S01007091,Economically active: Self-employed: Full-time (1),21,18,3
S01007091,Economically active: Unemployed (1),29,29,0
S01007091,Economically inactive,141,124,17
S01007092,All people aged 16 and over,537,524,13
S01007092,Economically active: Total,311,300,11
S01007092,Economically active: Employee: Total,274,264,10
S01007092,Economically active: Employee: Part-time (1),94,93,1
S01007092,Economically active: Employee: Full-time (1),180,171,9
S01007092,Economically active: Self-employed: Total,18,18,0
S01007092,Economically active: Self-employed: Part-time (1),6,6,0
S01007092,Economically active: Self-employed: Full-time (1),12,12,0
S01007092,Economically active: Unemployed (1),19,18,1
S01007092,Economically inactive,226,224,2
S01007093,All people aged 16 and over,853,808,45
S01007093,Economically active: Total,549,520,29
S01007093,Economically active: Employee: Total,489,462,27
S01007093,Economically active: Employee: Part-time (1),140,136,4
S01007093,Economically active: Employee: Full-time (1),349,326,23
S01007093,Economically active: Self-employed: Total,48,47,1
S01007093,Economically active: Self-employed: Part-time (1),9,9,0
S01007093,Economically active: Self-employed: Full-time (1),39,38,1
S01007093,Economically active: Unemployed (1),12,11,1
S01007093,Economically inactive,304,288,16
S01007094,All people aged 16 and over,759,724,35
S01007094,Economically active: Total,498,472,26
S01007094,Economically active: Employee: Total,419,398,21
S01007094,Economically active: Employee: Part-time (1),147,145,2
S01007094,Economically active: Employee: Full-time (1),272,253,19
S01007094,Economically active: Self-employed: Total,69,65,4
S01007094,Economically active: Self-employed: Part-time (1),20,18,2
S01007094,Economically active: Self-employed: Full-time (1),49,47,2
S01007094,Economically active: Unemployed (1),10,9,1
S01007094,Economically inactive,261,252,9
S01007095,All people aged 16 and over,447,433,14
S01007095,Economically active: Total,301,293,8
S01007095,Economically active: Employee: Total,220,213,7
S01007095,Economically active: Employee: Part-time (1),63,63,0
S01007095,Economically active: Employee: Full-time (1),157,150,7
S01007095,Economically active: Self-employed: Total,74,74,0
S01007095,Economically active: Self-employed: Part-time (1),15,15,0
S01007095,Economically active: Self-employed: Full-time (1),59,59,0
S01007095,Economically active: Unemployed (1),7,6,1
S01007095,Economically inactive,146,140,6
S01007096,All people aged 16 and over,645,621,24
S01007096,Economically active: Total,475,459,16
S01007096,Economically active: Employee: Total,392,376,16
S01007096,Economically active: Employee: Part-time (1),102,99,3
S01007096,Economically active: Employee: Full-time (1),290,277,13
S01007096,Economically active: Self-employed: Total,73,73,0
S01007096,Economically active: Self-employed: Part-time (1),19,19,0
S01007096,Economically active: Self-employed: Full-time (1),54,54,0
S01007096,Economically active: Unemployed (1),10,10,0
S01007096,Economically inactive,170,162,8
S01007097,All people aged 16 and over,396,382,14
S01007097,Economically active: Total,293,280,13
S01007097,Economically active: Employee: Total,235,224,11
S01007097,Economically active: Employee: Part-time (1),63,60,3
S01007097,Economically active: Employee: Full-time (1),172,164,8
S01007097,Economically active: Self-employed: Total,50,49,1
S01007097,Economically active: Self-employed: Part-time (1),10,10,0
S01007097,Economically active: Self-employed: Full-time (1),40,39,1
S01007097,Economically active: Unemployed (1),8,7,1
S01007097,Economically inactive,103,102,1
S01007098,All people aged 16 and over,640,618,22
S01007098,Economically active: Total,455,440,15
S01007098,Economically active: Employee: Total,350,341,9
S01007098,Economically active: Employee: Part-time (1),95,94,1
S01007098,Economically active: Employee: Full-time (1),255,247,8
S01007098,Economically active: Self-employed: Total,97,91,6
S01007098,Economically active: Self-employed: Part-time (1),18,16,2
S01007098,Economically active: Self-employed: Full-time (1),79,75,4
S01007098,Economically active: Unemployed (1),8,8,0
S01007098,Economically inactive,185,178,7
S01007099,All people aged 16 and over,694,675,19
S01007099,Economically active: Total,504,487,17
S01007099,Economically active: Employee: Total,383,373,10
S01007099,Economically active: Employee: Part-time (1),110,104,6
S01007099,Economically active: Employee: Full-time (1),273,269,4
S01007099,Economically active: Self-employed: Total,105,100,5
S01007099,Economically active: Self-employed: Part-time (1),24,23,1
S01007099,Economically active: Self-employed: Full-time (1),81,77,4
S01007099,Economically active: Unemployed (1),16,14,2
S01007099,Economically inactive,190,188,2
S01007100,All people aged 16 and over,601,583,18
S01007100,Economically active: Total,406,393,13
S01007100,Economically active: Employee: Total,332,321,11
S01007100,Economically active: Employee: Part-time (1),88,87,1
S01007100,Economically active: Employee: Full-time (1),244,234,10
S01007100,Economically active: Self-employed: Total,60,58,2
S01007100,Economically active: Self-employed: Part-time (1),9,8,1
S01007100,Economically active: Self-employed: Full-time (1),51,50,1
S01007100,Economically active: Unemployed (1),14,14,0
S01007100,Economically inactive,195,190,5
S01007101,All people aged 16 and over,706,684,22
S01007101,Economically active: Total,438,423,15
S01007101,Economically active: Employee: Total,359,347,12
S01007101,Economically active: Employee: Part-time (1),101,97,4
S01007101,Economically active: Employee: Full-time (1),258,250,8
S01007101,Economically active: Self-employed: Total,40,38,2
S01007101,Economically active: Self-employed: Part-time (1),11,10,1
S01007101,Economically active: Self-employed: Full-time (1),29,28,1
S01007101,Economically active: Unemployed (1),39,38,1
S01007101,Economically inactive,268,261,7
S01007102,All people aged 16 and over,590,575,15
S01007102,Economically active: Total,386,375,11
S01007102,Economically active: Employee: Total,303,299,4
S01007102,Economically active: Employee: Part-time (1),85,85,0
S01007102,Economically active: Employee: Full-time (1),218,214,4
S01007102,Economically active: Self-employed: Total,66,61,5
S01007102,Economically active: Self-employed: Part-time (1),8,7,1
S01007102,Economically active: Self-employed: Full-time (1),58,54,4
S01007102,Economically active: Unemployed (1),17,15,2
S01007102,Economically inactive,204,200,4
S01007103,All people aged 16 and over,678,672,6
S01007103,Economically active: Total,435,430,5
S01007103,Economically active: Employee: Total,350,346,4
S01007103,Economically active: Employee: Part-time (1),120,120,0
S01007103,Economically active: Employee: Full-time (1),230,226,4
S01007103,Economically active: Self-employed: Total,69,68,1
S01007103,Economically active: Self-employed: Part-time (1),14,14,0
S01007103,Economically active: Self-employed: Full-time (1),55,54,1
S01007103,Economically active: Unemployed (1),16,16,0
S01007103,Economically inactive,243,242,1
S01007104,All people aged 16 and over,398,381,17
S01007104,Economically active: Total,250,238,12
S01007104,Economically active: Employee: Total,178,169,9
S01007104,Economically active: Employee: Part-time (1),56,54,2
S01007104,Economically active: Employee: Full-time (1),122,115,7
S01007104,Economically active: Self-employed: Total,66,64,2
S01007104,Economically active: Self-employed: Part-time (1),13,12,1
S01007104,Economically active: Self-employed: Full-time (1),53,52,1
S01007104,Economically active: Unemployed (1),6,5,1
S01007104,Economically inactive,148,143,5
S01007105,All people aged 16 and over,447,433,14
S01007105,Economically active: Total,257,252,5
S01007105,Economically active: Employee: Total,218,214,4
S01007105,Economically active: Employee: Part-time (1),80,80,0
S01007105,Economically active: Employee: Full-time (1),138,134,4
S01007105,Economically active: Self-employed: Total,30,29,1
S01007105,Economically active: Self-employed: Part-time (1),7,6,1
S01007105,Economically active: Self-employed: Full-time (1),23,23,0
S01007105,Economically active: Unemployed (1),9,9,0
S01007105,Economically inactive,190,181,9
S01007106,All people aged 16 and over,615,596,19
S01007106,Economically active: Total,357,346,11
S01007106,Economically active: Employee: Total,289,282,7
S01007106,Economically active: Employee: Part-time (1),89,88,1
S01007106,Economically active: Employee: Full-time (1),200,194,6
S01007106,Economically active: Self-employed: Total,46,45,1
S01007106,Economically active: Self-employed: Part-time (1),7,7,0
S01007106,Economically active: Self-employed: Full-time (1),39,38,1
S01007106,Economically active: Unemployed (1),22,19,3
S01007106,Economically inactive,258,250,8
S01007107,All people aged 16 and over,543,519,24
S01007107,Economically active: Total,374,354,20
S01007107,Economically active: Employee: Total,280,261,19
S01007107,Economically active: Employee: Part-time (1),79,70,9
S01007107,Economically active: Employee: Full-time (1),201,191,10
S01007107,Economically active: Self-employed: Total,84,83,1
S01007107,Economically active: Self-employed: Part-time (1),23,23,0
S01007107,Economically active: Self-employed: Full-time (1),61,60,1
S01007107,Economically active: Unemployed (1),10,10,0
S01007107,Economically inactive,169,165,4
S01007108,All people aged 16 and over,468,457,11
S01007108,Economically active: Total,315,306,9
S01007108,Economically active: Employee: Total,211,206,5
S01007108,Economically active: Employee: Part-time (1),62,61,1
S01007108,Economically active: Employee: Full-time (1),149,145,4
S01007108,Economically active: Self-employed: Total,92,90,2
S01007108,Economically active: Self-employed: Part-time (1),13,12,1
S01007108,Economically active: Self-employed: Full-time (1),79,78,1
S01007108,Economically active: Unemployed (1),12,10,2
S01007108,Economically inactive,153,151,2
S01007109,All people aged 16 and over,668,614,54
S01007109,Economically active: Total,404,366,38
S01007109,Economically active: Employee: Total,329,302,27
S01007109,Economically active: Employee: Part-time (1),102,95,7
S01007109,Economically active: Employee: Full-time (1),227,207,20
S01007109,Economically active: Self-employed: Total,47,38,9
S01007109,Economically active: Self-employed: Part-time (1),17,12,5
S01007109,Economically active: Self-employed: Full-time (1),30,26,4
S01007109,Economically active: Unemployed (1),28,26,2
S01007109,Economically inactive,264,248,16
S01007110,All people aged 16 and over,608,568,40
S01007110,Economically active: Total,396,366,30
S01007110,Economically active: Employee: Total,326,302,24
S01007110,Economically active: Employee: Part-time (1),101,92,9
S01007110,Economically active: Employee: Full-time (1),225,210,15
S01007110,Economically active: Self-employed: Total,45,41,4
S01007110,Economically active: Self-employed: Part-time (1),12,12,0
S01007110,Economically active: Self-employed: Full-time (1),33,29,4
S01007110,Economically active: Unemployed (1),25,23,2
S01007110,Economically inactive,212,202,10
S01007111,All people aged 16 and over,435,418,17
S01007111,Economically active: Total,268,254,14
S01007111,Economically active: Employee: Total,231,220,11
S01007111,Economically active: Employee: Part-time (1),69,66,3
S01007111,Economically active: Employee: Full-time (1),162,154,8
S01007111,Economically active: Self-employed: Total,23,21,2
S01007111,Economically active: Self-employed: Part-time (1),7,7,0
S01007111,Economically active: Self-employed: Full-time (1),16,14,2
S01007111,Economically active: Unemployed (1),14,13,1
S01007111,Economically inactive,167,164,3
S01007112,All people aged 16 and over,475,456,19
S01007112,Economically active: Total,300,284,16
S01007112,Economically active: Employee: Total,228,215,13
S01007112,Economically active: Employee: Part-time (1),76,75,1
S01007112,Economically active: Employee: Full-time (1),152,140,12
S01007112,Economically active: Self-employed: Total,58,56,2
S01007112,Economically active: Self-employed: Part-time (1),15,13,2
S01007112,Economically active: Self-employed: Full-time (1),43,43,0
S01007112,Economically active: Unemployed (1),14,13,1
S01007112,Economically inactive,175,172,3
S01007113,All people aged 16 and over,488,442,46
S01007113,Economically active: Total,268,237,31
S01007113,Economically active: Employee: Total,209,184,25
S01007113,Economically active: Employee: Part-time (1),55,51,4
S01007113,Economically active: Employee: Full-time (1),154,133,21
S01007113,Economically active: Self-employed: Total,48,46,2
S01007113,Economically active: Self-employed: Part-time (1),12,12,0
S01007113,Economically active: Self-employed: Full-time (1),36,34,2
S01007113,Economically active: Unemployed (1),11,7,4
S01007113,Economically inactive,220,205,15
S01007114,All people aged 16 and over,745,716,29
S01007114,Economically active: Total,464,438,26
S01007114,Economically active: Employee: Total,420,398,22
S01007114,Economically active: Employee: Part-time (1),141,137,4
S01007114,Economically active: Employee: Full-time (1),279,261,18
S01007114,Economically active: Self-employed: Total,35,32,3
S01007114,Economically active: Self-employed: Part-time (1),3,3,0
S01007114,Economically active: Self-employed: Full-time (1),32,29,3
S01007114,Economically active: Unemployed (1),9,8,1
S01007114,Economically inactive,281,278,3
S01007115,All people aged 16 and over,584,566,18
S01007115,Economically active: Total,347,334,13
S01007115,Economically active: Employee: Total,303,294,9
S01007115,Economically active: Employee: Part-time (1),97,95,2
S01007115,Economically active: Employee: Full-time (1),206,199,7
S01007115,Economically active: Self-employed: Total,31,29,2
S01007115,Economically active: Self-employed: Part-time (1),8,7,1
S01007115,Economically active: Self-employed: Full-time (1),23,22,1
S01007115,Economically active: Unemployed (1),13,11,2
S01007115,Economically inactive,237,232,5
S01007116,All people aged 16 and over,732,713,19
S01007116,Economically active: Total,557,539,18
S01007116,Economically active: Employee: Total,441,427,14
S01007116,Economically active: Employee: Part-time (1),155,150,5
S01007116,Economically active: Employee: Full-time (1),286,277,9
S01007116,Economically active: Self-employed: Total,92,90,2
S01007116,Economically active: Self-employed: Part-time (1),15,13,2
S01007116,Economically active: Self-employed: Full-time (1),77,77,0
S01007116,Economically active: Unemployed (1),24,22,2
S01007116,Economically inactive,175,174,1
S01007117,All people aged 16 and over,398,389,9
S01007117,Economically active: Total,252,244,8
S01007117,Economically active: Employee: Total,203,197,6
S01007117,Economically active: Employee: Part-time (1),69,69,0
S01007117,Economically active: Employee: Full-time (1),134,128,6
S01007117,Economically active: Self-employed: Total,43,42,1
S01007117,Economically active: Self-employed: Part-time (1),9,8,1
S01007117,Economically active: Self-employed: Full-time (1),34,34,0
S01007117,Economically active: Unemployed (1),6,5,1
S01007117,Economically inactive,146,145,1
S01007118,All people aged 16 and over,531,468,63
S01007118,Economically active: Total,365,312,53
S01007118,Economically active: Employee: Total,315,270,45
S01007118,Economically active: Employee: Part-time (1),100,91,9
S01007118,Economically active: Employee: Full-time (1),215,179,36
S01007118,Economically active: Self-employed: Total,20,18,2
S01007118,Economically active: Self-employed: Part-time (1),3,3,0
S01007118,Economically active: Self-employed: Full-time (1),17,15,2
S01007118,Economically active: Unemployed (1),30,24,6
S01007118,Economically inactive,166,156,10
S01007119,All people aged 16 and over,658,630,28
S01007119,Economically active: Total,422,401,21
S01007119,Economically active: Employee: Total,365,345,20
S01007119,Economically active: Employee: Part-time (1),120,118,2
S01007119,Economically active: Employee: Full-time (1),245,227,18
S01007119,Economically active: Self-employed: Total,29,28,1
S01007119,Economically active: Self-employed: Part-time (1),6,6,0
S01007119,Economically active: Self-employed: Full-time (1),23,22,1
S01007119,Economically active: Unemployed (1),28,28,0
S01007119,Economically inactive,236,229,7
S01007120,All people aged 16 and over,907,780,127
S01007120,Economically active: Total,591,481,110
S01007120,Economically active: Employee: Total,513,410,103
S01007120,Economically active: Employee: Part-time (1),127,119,8
S01007120,Economically active: Employee: Full-time (1),386,291,95
S01007120,Economically active: Self-employed: Total,27,27,0
S01007120,Economically active: Self-employed: Part-time (1),3,3,0
S01007120,Economically active: Self-employed: Full-time (1),24,24,0
S01007120,Economically active: Unemployed (1),51,44,7
S01007120,Economically inactive,316,299,17
S01007121,All people aged 16 and over,466,378,88
S01007121,Economically active: Total,226,152,74
S01007121,Economically active: Employee: Total,194,126,68
S01007121,Economically active: Employee: Part-time (1),49,41,8
S01007121,Economically active: Employee: Full-time (1),145,85,60
S01007121,Economically active: Self-employed: Total,16,15,1
S01007121,Economically active: Self-employed: Part-time (1),2,2,0
S01007121,Economically active: Self-employed: Full-time (1),14,13,1
S01007121,Economically active: Unemployed (1),16,11,5
S01007121,Economically inactive,240,226,14
S01007122,All people aged 16 and over,506,461,45
S01007122,Economically active: Total,311,271,40
S01007122,Economically active: Employee: Total,265,227,38
S01007122,Economically active: Employee: Part-time (1),72,61,11
S01007122,Economically active: Employee: Full-time (1),193,166,27
S01007122,Economically active: Self-employed: Total,35,33,2
S01007122,Economically active: Self-employed: Part-time (1),6,6,0
S01007122,Economically active: Self-employed: Full-time (1),29,27,2
S01007122,Economically active: Unemployed (1),11,11,0
S01007122,Economically inactive,195,190,5
S01007123,All people aged 16 and over,566,523,43
S01007123,Economically active: Total,328,294,34
S01007123,Economically active: Employee: Total,291,260,31
S01007123,Economically active: Employee: Part-time (1),96,89,7
S01007123,Economically active: Employee: Full-time (1),195,171,24
S01007123,Economically active: Self-employed: Total,21,20,1
S01007123,Economically active: Self-employed: Part-time (1),3,3,0
S01007123,Economically active: Self-employed: Full-time (1),18,17,1
S01007123,Economically active: Unemployed (1),16,14,2
S01007123,Economically inactive,238,229,9
S01007124,All people aged 16 and over,749,694,55
S01007124,Economically active: Total,500,459,41
S01007124,Economically active: Employee: Total,433,396,37
S01007124,Economically active: Employee: Part-time (1),117,110,7
S01007124,Economically active: Employee: Full-time (1),316,286,30
S01007124,Economically active: Self-employed: Total,41,39,2
S01007124,Economically active: Self-employed: Part-time (1),7,7,0
S01007124,Economically active: Self-employed: Full-time (1),34,32,2
S01007124,Economically active: Unemployed (1),26,24,2
S01007124,Economically inactive,249,235,14
S01007125,All people aged 16 and over,676,552,124
S01007125,Economically active: Total,418,316,102
S01007125,Economically active: Employee: Total,351,268,83
S01007125,Economically active: Employee: Part-time (1),111,93,18
S01007125,Economically active: Employee: Full-time (1),240,175,65
S01007125,Economically active: Self-employed: Total,33,25,8
S01007125,Economically active: Self-employed: Part-time (1),13,9,4
S01007125,Economically active: Self-employed: Full-time (1),20,16,4
S01007125,Economically active: Unemployed (1),34,23,11
S01007125,Economically inactive,258,236,22
S01007126,All people aged 16 and over,723,511,212
S01007126,Economically active: Total,454,273,181
S01007126,Economically active: Employee: Total,383,218,165
S01007126,Economically active: Employee: Part-time (1),88,64,24
S01007126,Economically active: Employee: Full-time (1),295,154,141
S01007126,Economically active: Self-employed: Total,25,19,6
S01007126,Economically active: Self-employed: Part-time (1),4,2,2
S01007126,Economically active: Self-employed: Full-time (1),21,17,4
S01007126,Economically active: Unemployed (1),46,36,10
S01007126,Economically inactive,269,238,31
S01007127,All people aged 16 and over,833,522,311
S01007127,Economically active: Total,599,327,272
S01007127,Economically active: Employee: Total,503,247,256
S01007127,Economically active: Employee: Part-time (1),84,65,19
S01007127,Economically active: Employee: Full-time (1),419,182,237
S01007127,Economically active: Self-employed: Total,41,36,5
S01007127,Economically active: Self-employed: Part-time (1),8,8,0
S01007127,Economically active: Self-employed: Full-time (1),33,28,5
S01007127,Economically active: Unemployed (1),55,44,11
S01007127,Economically inactive,234,195,39
S01007128,All people aged 16 and over,696,637,59
S01007128,Economically active: Total,392,351,41
S01007128,Economically active: Employee: Total,329,294,35
S01007128,Economically active: Employee: Part-time (1),112,105,7
S01007128,Economically active: Employee: Full-time (1),217,189,28
S01007128,Economically active: Self-employed: Total,27,23,4
S01007128,Economically active: Self-employed: Part-time (1),7,6,1
S01007128,Economically active: Self-employed: Full-time (1),20,17,3
S01007128,Economically active: Unemployed (1),36,34,2
S01007128,Economically inactive,304,286,18
S01007129,All people aged 16 and over,739,685,54
S01007129,Economically active: Total,517,480,37
S01007129,Economically active: Employee: Total,431,400,31
S01007129,Economically active: Employee: Part-time (1),113,105,8
S01007129,Economically active: Employee: Full-time (1),318,295,23
S01007129,Economically active: Self-employed: Total,75,70,5
S01007129,Economically active: Self-employed: Part-time (1),21,19,2
S01007129,Economically active: Self-employed: Full-time (1),54,51,3
S01007129,Economically active: Unemployed (1),11,10,1
S01007129,Economically inactive,222,205,17
S01007130,All people aged 16 and over,530,509,21
S01007130,Economically active: Total,327,317,10
S01007130,Economically active: Employee: Total,272,263,9
S01007130,Economically active: Employee: Part-time (1),75,73,2
S01007130,Economically active: Employee: Full-time (1),197,190,7
S01007130,Economically active: Self-employed: Total,41,41,0
S01007130,Economically active: Self-employed: Part-time (1),13,13,0
S01007130,Economically active: Self-employed: Full-time (1),28,28,0
S01007130,Economically active: Unemployed (1),14,13,1
S01007130,Economically inactive,203,192,11
S01007131,All people aged 16 and over,655,633,22
S01007131,Economically active: Total,417,398,19
S01007131,Economically active: Employee: Total,368,352,16
S01007131,Economically active: Employee: Part-time (1),97,89,8
S01007131,Economically active: Employee: Full-time (1),271,263,8
S01007131,Economically active: Self-employed: Total,34,33,1
S01007131,Economically active: Self-employed: Part-time (1),10,9,1
S01007131,Economically active: Self-employed: Full-time (1),24,24,0
S01007131,Economically active: Unemployed (1),15,13,2
S01007131,Economically inactive,238,235,3
S01007132,All people aged 16 and over,590,566,24
S01007132,Economically active: Total,370,356,14
S01007132,Economically active: Employee: Total,320,308,12
S01007132,Economically active: Employee: Part-time (1),100,95,5
S01007132,Economically active: Employee: Full-time (1),220,213,7
S01007132,Economically active: Self-employed: Total,42,41,1
S01007132,Economically active: Self-employed: Part-time (1),16,15,1
S01007132,Economically active: Self-employed: Full-time (1),26,26,0
S01007132,Economically active: Unemployed (1),8,7,1
S01007132,Economically inactive,220,210,10
S01007133,All people aged 16 and over,554,535,19
S01007133,Economically active: Total,379,367,12
S01007133,Economically active: Employee: Total,287,277,10
S01007133,Economically active: Employee: Part-time (1),78,76,2
S01007133,Economically active: Employee: Full-time (1),209,201,8
S01007133,Economically active: Self-employed: Total,84,82,2
S01007133,Economically active: Self-employed: Part-time (1),28,27,1
S01007133,Economically active: Self-employed: Full-time (1),56,55,1
S01007133,Economically active: Unemployed (1),8,8,0
S01007133,Economically inactive,175,168,7
S01007134,All people aged 16 and over,611,589,22
S01007134,Economically active: Total,409,392,17
S01007134,Economically active: Employee: Total,305,290,15
S01007134,Economically active: Employee: Part-time (1),85,83,2
S01007134,Economically active: Employee: Full-time (1),220,207,13
S01007134,Economically active: Self-employed: Total,88,86,2
S01007134,Economically active: Self-employed: Part-time (1),17,16,1
S01007134,Economically active: Self-employed: Full-time (1),71,70,1
S01007134,Economically active: Unemployed (1),16,16,0
S01007134,Economically inactive,202,197,5
S01007135,All people aged 16 and over,437,409,28
S01007135,Economically active: Total,291,271,20
S01007135,Economically active: Employee: Total,218,201,17
S01007135,Economically active: Employee: Part-time (1),57,53,4
S01007135,Economically active: Employee: Full-time (1),161,148,13
S01007135,Economically active: Self-employed: Total,63,60,3
S01007135,Economically active: Self-employed: Part-time (1),16,16,0
S01007135,Economically active: Self-employed: Full-time (1),47,44,3
S01007135,Economically active: Unemployed (1),10,10,0
S01007135,Economically inactive,146,138,8
S01007136,All people aged 16 and over,403,370,33
S01007136,Economically active: Total,294,272,22
S01007136,Economically active: Employee: Total,210,196,14
S01007136,Economically active: Employee: Part-time (1),57,55,2
S01007136,Economically active: Employee: Full-time (1),153,141,12
S01007136,Economically active: Self-employed: Total,72,64,8
S01007136,Economically active: Self-employed: Part-time (1),14,12,2
S01007136,Economically active: Self-employed: Full-time (1),58,52,6
S01007136,Economically active: Unemployed (1),12,12,0
S01007136,Economically inactive,109,98,11
S01007137,All people aged 16 and over,519,486,33
S01007137,Economically active: Total,439,419,20
S01007137,Economically active: Employee: Total,360,346,14
S01007137,Economically active: Employee: Part-time (1),91,87,4
S01007137,Economically active: Employee: Full-time (1),269,259,10
S01007137,Economically active: Self-employed: Total,58,54,4
S01007137,Economically active: Self-employed: Part-time (1),16,15,1
S01007137,Economically active: Self-employed: Full-time (1),42,39,3
S01007137,Economically active: Unemployed (1),21,19,2
S01007137,Economically inactive,80,67,13
S01007138,All people aged 16 and over,477,460,17
S01007138,Economically active: Total,333,320,13
S01007138,Economically active: Employee: Total,261,250,11
S01007138,Economically active: Employee: Part-time (1),77,73,4
S01007138,Economically active: Employee: Full-time (1),184,177,7
S01007138,Economically active: Self-employed: Total,59,57,2
S01007138,Economically active: Self-employed: Part-time (1),10,9,1
S01007138,Economically active: Self-employed: Full-time (1),49,48,1
S01007138,Economically active: Unemployed (1),13,13,0
S01007138,Economically inactive,144,140,4
S01007139,All people aged 16 and over,627,609,18
S01007139,Economically active: Total,414,399,15
S01007139,Economically active: Employee: Total,316,305,11
S01007139,Economically active: Employee: Part-time (1),87,87,0
S01007139,Economically active: Employee: Full-time (1),229,218,11
S01007139,Economically active: Self-employed: Total,70,67,3
S01007139,Economically active: Self-employed: Part-time (1),12,12,0
S01007139,Economically active: Self-employed: Full-time (1),58,55,3
S01007139,Economically active: Unemployed (1),28,27,1
S01007139,Economically inactive,213,210,3
S01007140,All people aged 16 and over,826,792,34
S01007140,Economically active: Total,523,500,23
S01007140,Economically active: Employee: Total,404,387,17
S01007140,Economically active: Employee: Part-time (1),119,119,0
S01007140,Economically active: Employee: Full-time (1),285,268,17
S01007140,Economically active: Self-employed: Total,93,88,5
S01007140,Economically active: Self-employed: Part-time (1),34,32,2
S01007140,Economically active: Self-employed: Full-time (1),59,56,3
S01007140,Economically active: Unemployed (1),26,25,1
S01007140,Economically inactive,303,292,11
S01007141,All people aged 16 and over,541,513,28
S01007141,Economically active: Total,368,345,23
S01007141,Economically active: Employee: Total,295,280,15
S01007141,Economically active: Employee: Part-time (1),87,84,3
S01007141,Economically active: Employee: Full-time (1),208,196,12
S01007141,Economically active: Self-employed: Total,63,59,4
S01007141,Economically active: Self-employed: Part-time (1),16,15,1
S01007141,Economically active: Self-employed: Full-time (1),47,44,3
S01007141,Economically active: Unemployed (1),10,6,4
S01007141,Economically inactive,173,168,5
S01007142,All people aged 16 and over,453,428,25
S01007142,Economically active: Total,315,298,17
S01007142,Economically active: Employee: Total,275,259,16
S01007142,Economically active: Employee: Part-time (1),77,75,2
S01007142,Economically active: Employee: Full-time (1),198,184,14
S01007142,Economically active: Self-employed: Total,33,32,1
S01007142,Economically active: Self-employed: Part-time (1),14,13,1
S01007142,Economically active: Self-employed: Full-time (1),19,19,0
S01007142,Economically active: Unemployed (1),7,7,0
S01007142,Economically inactive,138,130,8
S01007143,All people aged 16 and over,435,410,25
S01007143,Economically active: Total,374,354,20
S01007143,Economically active: Employee: Total,331,314,17
S01007143,Economically active: Employee: Part-time (1),89,84,5
S01007143,Economically active: Employee: Full-time (1),242,230,12
S01007143,Economically active: Self-employed: Total,37,35,2
S01007143,Economically active: Self-employed: Part-time (1),10,10,0
S01007143,Economically active: Self-employed: Full-time (1),27,25,2
S01007143,Economically active: Unemployed (1),6,5,1
S01007143,Economically inactive,61,56,5
S01007144,All people aged 16 and over,614,556,58
S01007144,Economically active: Total,398,364,34
S01007144,Economically active: Employee: Total,283,255,28
S01007144,Economically active: Employee: Part-time (1),80,68,12
S01007144,Economically active: Employee: Full-time (1),203,187,16
S01007144,Economically active: Self-employed: Total,92,86,6
S01007144,Economically active: Self-employed: Part-time (1),24,22,2
S01007144,Economically active: Self-employed: Full-time (1),68,64,4
S01007144,Economically active: Unemployed (1),23,23,0
S01007144,Economically inactive,216,192,24
S01007145,All people aged 16 and over,773,737,36
S01007145,Economically active: Total,414,394,20
S01007145,Economically active: Employee: Total,351,340,11
S01007145,Economically active: Employee: Part-time (1),111,106,5
S01007145,Economically active: Employee: Full-time (1),240,234,6
S01007145,Economically active: Self-employed: Total,43,37,6
S01007145,Economically active: Self-employed: Part-time (1),9,9,0
S01007145,Economically active: Self-employed: Full-time (1),34,28,6
S01007145,Economically active: Unemployed (1),20,17,3
S01007145,Economically inactive,359,343,16
S01007146,All people aged 16 and over,606,590,16
S01007146,Economically active: Total,346,338,8
S01007146,Economically active: Employee: Total,301,295,6
S01007146,Economically active: Employee: Part-time (1),100,99,1
S01007146,Economically active: Employee: Full-time (1),201,196,5
S01007146,Economically active: Self-employed: Total,29,27,2
S01007146,Economically active: Self-employed: Part-time (1),7,7,0
S01007146,Economically active: Self-employed: Full-time (1),22,20,2
S01007146,Economically active: Unemployed (1),16,16,0
S01007146,Economically inactive,260,252,8
S01007147,All people aged 16 and over,607,579,28
S01007147,Economically active: Total,364,345,19
S01007147,Economically active: Employee: Total,317,300,17
S01007147,Economically active: Employee: Part-time (1),94,86,8
S01007147,Economically active: Employee: Full-time (1),223,214,9
S01007147,Economically active: Self-employed: Total,33,32,1
S01007147,Economically active: Self-employed: Part-time (1),9,9,0
S01007147,Economically active: Self-employed: Full-time (1),24,23,1
S01007147,Economically active: Unemployed (1),14,13,1
S01007147,Economically inactive,243,234,9
S01007148,All people aged 16 and over,444,415,29
S01007148,Economically active: Total,289,268,21
S01007148,Economically active: Employee: Total,239,223,16
S01007148,Economically active: Employee: Part-time (1),76,68,8
S01007148,Economically active: Employee: Full-time (1),163,155,8
S01007148,Economically active: Self-employed: Total,33,31,2
S01007148,Economically active: Self-employed: Part-time (1),10,9,1
S01007148,Economically active: Self-employed: Full-time (1),23,22,1
S01007148,Economically active: Unemployed (1),17,14,3
S01007148,Economically inactive,155,147,8
S01007149,All people aged 16 and over,472,450,22
S01007149,Economically active: Total,264,244,20
S01007149,Economically active: Employee: Total,236,219,17
S01007149,Economically active: Employee: Part-time (1),73,69,4
S01007149,Economically active: Employee: Full-time (1),163,150,13
S01007149,Economically active: Self-employed: Total,21,19,2
S01007149,Economically active: Self-employed: Part-time (1),9,9,0
S01007149,Economically active: Self-employed: Full-time (1),12,10,2
S01007149,Economically active: Unemployed (1),7,6,1
S01007149,Economically inactive,208,206,2
S01007150,All people aged 16 and over,697,661,36
S01007150,Economically active: Total,292,269,23
S01007150,Economically active: Employee: Total,233,216,17
S01007150,Economically active: Employee: Part-time (1),79,71,8
S01007150,Economically active: Employee: Full-time (1),154,145,9
S01007150,Economically active: Self-employed: Total,50,47,3
S01007150,Economically active: Self-employed: Part-time (1),15,14,1
S01007150,Economically active: Self-employed: Full-time (1),35,33,2
S01007150,Economically active: Unemployed (1),9,6,3
S01007150,Economically inactive,405,392,13
S01007151,All people aged 16 and over,714,689,25
S01007151,Economically active: Total,464,449,15
S01007151,Economically active: Employee: Total,395,383,12
S01007151,Economically active: Employee: Part-time (1),119,117,2
S01007151,Economically active: Employee: Full-time (1),276,266,10
S01007151,Economically active: Self-employed: Total,48,45,3
S01007151,Economically active: Self-employed: Part-time (1),10,10,0
S01007151,Economically active: Self-employed: Full-time (1),38,35,3
S01007151,Economically active: Unemployed (1),21,21,0
S01007151,Economically inactive,250,240,10
S01007152,All people aged 16 and over,476,462,14
S01007152,Economically active: Total,279,270,9
S01007152,Economically active: Employee: Total,241,235,6
S01007152,Economically active: Employee: Part-time (1),68,65,3
S01007152,Economically active: Employee: Full-time (1),173,170,3
S01007152,Economically active: Self-employed: Total,25,23,2
S01007152,Economically active: Self-employed: Part-time (1),3,2,1
S01007152,Economically active: Self-employed: Full-time (1),22,21,1
S01007152,Economically active: Unemployed (1),13,12,1
S01007152,Economically inactive,197,192,5
S01007153,All people aged 16 and over,526,506,20
S01007153,Economically active: Total,304,293,11
S01007153,Economically active: Employee: Total,259,249,10
S01007153,Economically active: Employee: Part-time (1),69,67,2
S01007153,Economically active: Employee: Full-time (1),190,182,8
S01007153,Economically active: Self-employed: Total,35,34,1
S01007153,Economically active: Self-employed: Part-time (1),11,11,0
S01007153,Economically active: Self-employed: Full-time (1),24,23,1
S01007153,Economically active: Unemployed (1),10,10,0
S01007153,Economically inactive,222,213,9
S01007154,All people aged 16 and over,712,680,32
S01007154,Economically active: Total,349,332,17
S01007154,Economically active: Employee: Total,295,282,13
S01007154,Economically active: Employee: Part-time (1),73,71,2
S01007154,Economically active: Employee: Full-time (1),222,211,11
S01007154,Economically active: Self-employed: Total,33,31,2
S01007154,Economically active: Self-employed: Part-time (1),12,11,1
S01007154,Economically active: Self-employed: Full-time (1),21,20,1
S01007154,Economically active: Unemployed (1),21,19,2
S01007154,Economically inactive,363,348,15
S01007155,All people aged 16 and over,541,513,28
S01007155,Economically active: Total,301,285,16
S01007155,Economically active: Employee: Total,255,244,11
S01007155,Economically active: Employee: Part-time (1),81,75,6
S01007155,Economically active: Employee: Full-time (1),174,169,5
S01007155,Economically active: Self-employed: Total,34,32,2
S01007155,Economically active: Self-employed: Part-time (1),9,8,1
S01007155,Economically active: Self-employed: Full-time (1),25,24,1
S01007155,Economically active: Unemployed (1),12,9,3
S01007155,Economically inactive,240,228,12
S01007156,All people aged 16 and over,608,591,17
S01007156,Economically active: Total,383,369,14
S01007156,Economically active: Employee: Total,325,313,12
S01007156,Economically active: Employee: Part-time (1),84,82,2
S01007156,Economically active: Employee: Full-time (1),241,231,10
S01007156,Economically active: Self-employed: Total,35,34,1
S01007156,Economically active: Self-employed: Part-time (1),12,12,0
S01007156,Economically active: Self-employed: Full-time (1),23,22,1
S01007156,Economically active: Unemployed (1),23,22,1
S01007156,Economically inactive,225,222,3
S01007157,All people aged 16 and over,503,482,21
S01007157,Economically active: Total,365,349,16
S01007157,Economically active: Employee: Total,304,289,15
S01007157,Economically active: Employee: Part-time (1),76,70,6
S01007157,Economically active: Employee: Full-time (1),228,219,9
S01007157,Economically active: Self-employed: Total,35,35,0
S01007157,Economically active: Self-employed: Part-time (1),7,7,0
S01007157,Economically active: Self-employed: Full-time (1),28,28,0
S01007157,Economically active: Unemployed (1),26,25,1
S01007157,Economically inactive,138,133,5
S01007158,All people aged 16 and over,740,710,30
S01007158,Economically active: Total,535,515,20
S01007158,Economically active: Employee: Total,463,448,15
S01007158,Economically active: Employee: Part-time (1),122,117,5
S01007158,Economically active: Employee: Full-time (1),341,331,10
S01007158,Economically active: Self-employed: Total,40,38,2
S01007158,Economically active: Self-employed: Part-time (1),15,14,1
S01007158,Economically active: Self-employed: Full-time (1),25,24,1
S01007158,Economically active: Unemployed (1),32,29,3
S01007158,Economically inactive,205,195,10
S01007159,All people aged 16 and over,687,656,31
S01007159,Economically active: Total,430,410,20
S01007159,Economically active: Employee: Total,350,335,15
S01007159,Economically active: Employee: Part-time (1),98,98,0
S01007159,Economically active: Employee: Full-time (1),252,237,15
S01007159,Economically active: Self-employed: Total,46,43,3
S01007159,Economically active: Self-employed: Part-time (1),10,10,0
S01007159,Economically active: Self-employed: Full-time (1),36,33,3
S01007159,Economically active: Unemployed (1),34,32,2
S01007159,Economically inactive,257,246,11
S01007160,All people aged 16 and over,676,657,19
S01007160,Economically active: Total,399,383,16
S01007160,Economically active: Employee: Total,319,306,13
S01007160,Economically active: Employee: Part-time (1),102,94,8
S01007160,Economically active: Employee: Full-time (1),217,212,5
S01007160,Economically active: Self-employed: Total,40,38,2
S01007160,Economically active: Self-employed: Part-time (1),17,15,2
S01007160,Economically active: Self-employed: Full-time (1),23,23,0
S01007160,Economically active: Unemployed (1),40,39,1
S01007160,Economically inactive,277,274,3
S01007161,All people aged 16 and over,576,552,24
S01007161,Economically active: Total,351,332,19
S01007161,Economically active: Employee: Total,287,272,15
S01007161,Economically active: Employee: Part-time (1),70,68,2
S01007161,Economically active: Employee: Full-time (1),217,204,13
S01007161,Economically active: Self-employed: Total,39,37,2
S01007161,Economically active: Self-employed: Part-time (1),10,9,1
S01007161,Economically active: Self-employed: Full-time (1),29,28,1
S01007161,Economically active: Unemployed (1),25,23,2
S01007161,Economically inactive,225,220,5
S01007162,All people aged 16 and over,422,402,20
S01007162,Economically active: Total,255,240,15
S01007162,Economically active: Employee: Total,218,203,15
S01007162,Economically active: Employee: Part-time (1),59,57,2
S01007162,Economically active: Employee: Full-time (1),159,146,13
S01007162,Economically active: Self-employed: Total,19,19,0
S01007162,Economically active: Self-employed: Part-time (1),6,6,0
S01007162,Economically active: Self-employed: Full-time (1),13,13,0
S01007162,Economically active: Unemployed (1),18,18,0
S01007162,Economically inactive,167,162,5
S01007163,All people aged 16 and over,745,723,22
S01007163,Economically active: Total,413,398,15
S01007163,Economically active: Employee: Total,346,333,13
S01007163,Economically active: Employee: Part-time (1),93,90,3
S01007163,Economically active: Employee: Full-time (1),253,243,10
S01007163,Economically active: Self-employed: Total,44,42,2
S01007163,Economically active: Self-employed: Part-time (1),14,13,1
S01007163,Economically active: Self-employed: Full-time (1),30,29,1
S01007163,Economically active: Unemployed (1),23,23,0
S01007163,Economically inactive,332,325,7
S01007164,All people aged 16 and over,503,486,17
S01007164,Economically active: Total,278,268,10
S01007164,Economically active: Employee: Total,232,222,10
S01007164,Economically active: Employee: Part-time (1),75,74,1
S01007164,Economically active: Employee: Full-time (1),157,148,9
S01007164,Economically active: Self-employed: Total,29,29,0
S01007164,Economically active: Self-employed: Part-time (1),7,7,0
S01007164,Economically active: Self-employed: Full-time (1),22,22,0
S01007164,Economically active: Unemployed (1),17,17,0
S01007164,Economically inactive,225,218,7
S01007165,All people aged 16 and over,707,676,31
S01007165,Economically active: Total,407,387,20
S01007165,Economically active: Employee: Total,323,308,15
S01007165,Economically active: Employee: Part-time (1),102,99,3
S01007165,Economically active: Employee: Full-time (1),221,209,12
S01007165,Economically active: Self-employed: Total,63,59,4
S01007165,Economically active: Self-employed: Part-time (1),16,15,1
S01007165,Economically active: Self-employed: Full-time (1),47,44,3
S01007165,Economically active: Unemployed (1),21,20,1
S01007165,Economically inactive,300,289,11
S01007166,All people aged 16 and over,562,529,33
S01007166,Economically active: Total,316,297,19
S01007166,Economically active: Employee: Total,266,248,18
S01007166,Economically active: Employee: Part-time (1),73,70,3
S01007166,Economically active: Employee: Full-time (1),193,178,15
S01007166,Economically active: Self-employed: Total,37,36,1
S01007166,Economically active: Self-employed: Part-time (1),14,14,0
S01007166,Economically active: Self-employed: Full-time (1),23,22,1
S01007166,Economically active: Unemployed (1),13,13,0
S01007166,Economically inactive,246,232,14
S01007167,All people aged 16 and over,679,659,20
S01007167,Economically active: Total,415,401,14
S01007167,Economically active: Employee: Total,345,333,12
S01007167,Economically active: Employee: Part-time (1),106,103,3
S01007167,Economically active: Employee: Full-time (1),239,230,9
S01007167,Economically active: Self-employed: Total,57,55,2
S01007167,Economically active: Self-employed: Part-time (1),18,18,0
S01007167,Economically active: Self-employed: Full-time (1),39,37,2
S01007167,Economically active: Unemployed (1),13,13,0
S01007167,Economically inactive,264,258,6
S01007168,All people aged 16 and over,842,815,27
S01007168,Economically active: Total,516,493,23
S01007168,Economically active: Employee: Total,448,431,17
S01007168,Economically active: Employee: Part-time (1),143,141,2
S01007168,Economically active: Employee: Full-time (1),305,290,15
S01007168,Economically active: Self-employed: Total,52,47,5
S01007168,Economically active: Self-employed: Part-time (1),19,17,2
S01007168,Economically active: Self-employed: Full-time (1),33,30,3
S01007168,Economically active: Unemployed (1),16,15,1
S01007168,Economically inactive,326,322,4
S01007169,All people aged 16 and over,636,611,25
S01007169,Economically active: Total,393,379,14
S01007169,Economically active: Employee: Total,335,324,11
S01007169,Economically active: Employee: Part-time (1),111,106,5
S01007169,Economically active: Employee: Full-time (1),224,218,6
S01007169,Economically active: Self-employed: Total,35,34,1
S01007169,Economically active: Self-employed: Part-time (1),9,9,0
S01007169,Economically active: Self-employed: Full-time (1),26,25,1
S01007169,Economically active: Unemployed (1),23,21,2
S01007169,Economically inactive,243,232,11
S01007170,All people aged 16 and over,542,519,23
S01007170,Economically active: Total,385,368,17
S01007170,Economically active: Employee: Total,258,248,10
S01007170,Economically active: Employee: Part-time (1),76,75,1
S01007170,Economically active: Employee: Full-time (1),182,173,9
S01007170,Economically active: Self-employed: Total,96,91,5
S01007170,Economically active: Self-employed: Part-time (1),31,29,2
S01007170,Economically active: Self-employed: Full-time (1),65,62,3
S01007170,Economically active: Unemployed (1),31,29,2
S01007170,Economically inactive,157,151,6
S01007171,All people aged 16 and over,742,621,121
S01007171,Economically active: Total,526,428,98
S01007171,Economically active: Employee: Total,413,326,87
S01007171,Economically active: Employee: Part-time (1),86,79,7
S01007171,Economically active: Employee: Full-time (1),327,247,80
S01007171,Economically active: Self-employed: Total,96,86,10
S01007171,Economically active: Self-employed: Part-time (1),29,25,4
S01007171,Economically active: Self-employed: Full-time (1),67,61,6
S01007171,Economically active: Unemployed (1),17,16,1
S01007171,Economically inactive,216,193,23
S01007172,All people aged 16 and over,701,670,31
S01007172,Economically active: Total,385,367,18
S01007172,Economically active: Employee: Total,289,276,13
S01007172,Economically active: Employee: Part-time (1),74,71,3
S01007172,Economically active: Employee: Full-time (1),215,205,10
S01007172,Economically active: Self-employed: Total,74,70,4
S01007172,Economically active: Self-employed: Part-time (1),12,11,1
S01007172,Economically active: Self-employed: Full-time (1),62,59,3
S01007172,Economically active: Unemployed (1),22,21,1
S01007172,Economically inactive,316,303,13
S01007173,All people aged 16 and over,670,649,21
S01007173,Economically active: Total,511,496,15
S01007173,Economically active: Employee: Total,438,425,13
S01007173,Economically active: Employee: Part-time (1),120,116,4
S01007173,Economically active: Employee: Full-time (1),318,309,9
S01007173,Economically active: Self-employed: Total,50,49,1
S01007173,Economically active: Self-employed: Part-time (1),12,11,1
S01007173,Economically active: Self-employed: Full-time (1),38,38,0
S01007173,Economically active: Unemployed (1),23,22,1
S01007173,Economically inactive,159,153,6
S01007174,All people aged 16 and over,681,658,23
S01007174,Economically active: Total,456,441,15
S01007174,Economically active: Employee: Total,376,366,10
S01007174,Economically active: Employee: Part-time (1),120,116,4
S01007174,Economically active: Employee: Full-time (1),256,250,6
S01007174,Economically active: Self-employed: Total,48,47,1
S01007174,Economically active: Self-employed: Part-time (1),12,12,0
S01007174,Economically active: Self-employed: Full-time (1),36,35,1
S01007174,Economically active: Unemployed (1),32,28,4
S01007174,Economically inactive,225,217,8
S01007175,All people aged 16 and over,548,537,11
S01007175,Economically active: Total,281,272,9
S01007175,Economically active: Employee: Total,251,242,9
S01007175,Economically active: Employee: Part-time (1),74,72,2
S01007175,Economically active: Employee: Full-time (1),177,170,7
S01007175,Economically active: Self-employed: Total,19,19,0
S01007175,Economically active: Self-employed: Part-time (1),6,6,0
S01007175,Economically active: Self-employed: Full-time (1),13,13,0
S01007175,Economically active: Unemployed (1),11,11,0
S01007175,Economically inactive,267,265,2
S01007176,All people aged 16 and over,557,537,20
S01007176,Economically active: Total,340,325,15
S01007176,Economically active: Employee: Total,295,283,12
S01007176,Economically active: Employee: Part-time (1),96,89,7
S01007176,Economically active: Employee: Full-time (1),199,194,5
S01007176,Economically active: Self-employed: Total,25,22,3
S01007176,Economically active: Self-employed: Part-time (1),7,6,1
S01007176,Economically active: Self-employed: Full-time (1),18,16,2
S01007176,Economically active: Unemployed (1),20,20,0
S01007176,Economically inactive,217,212,5
S01007177,All people aged 16 and over,508,477,31
S01007177,Economically active: Total,300,277,23
S01007177,Economically active: Employee: Total,236,219,17
S01007177,Economically active: Employee: Part-time (1),79,72,7
S01007177,Economically active: Employee: Full-time (1),157,147,10
S01007177,Economically active: Self-employed: Total,18,13,5
S01007177,Economically active: Self-employed: Part-time (1),4,3,1
S01007177,Economically active: Self-employed: Full-time (1),14,10,4
S01007177,Economically active: Unemployed (1),46,45,1
S01007177,Economically inactive,208,200,8
S01007178,All people aged 16 and over,837,803,34
S01007178,Economically active: Total,518,496,22
S01007178,Economically active: Employee: Total,406,387,19
S01007178,Economically active: Employee: Part-time (1),120,119,1
S01007178,Economically active: Employee: Full-time (1),286,268,18
S01007178,Economically active: Self-employed: Total,49,48,1
S01007178,Economically active: Self-employed: Part-time (1),14,14,0
S01007178,Economically active: Self-employed: Full-time (1),35,34,1
S01007178,Economically active: Unemployed (1),63,61,2
S01007178,Economically inactive,319,307,12
S01007179,All people aged 16 and over,870,836,34
S01007179,Economically active: Total,510,487,23
S01007179,Economically active: Employee: Total,446,428,18
S01007179,Economically active: Employee: Part-time (1),153,142,11
S01007179,Economically active: Employee: Full-time (1),293,286,7
S01007179,Economically active: Self-employed: Total,42,38,4
S01007179,Economically active: Self-employed: Part-time (1),15,11,4
S01007179,Economically active: Self-employed: Full-time (1),27,27,0
S01007179,Economically active: Unemployed (1),22,21,1
S01007179,Economically inactive,360,349,11
S01007180,All people aged 16 and over,634,613,21
S01007180,Economically active: Total,337,321,16
S01007180,Economically active: Employee: Total,269,258,11
S01007180,Economically active: Employee: Part-time (1),89,86,3
S01007180,Economically active: Employee: Full-time (1),180,172,8
S01007180,Economically active: Self-employed: Total,47,42,5
S01007180,Economically active: Self-employed: Part-time (1),17,14,3
S01007180,Economically active: Self-employed: Full-time (1),30,28,2
S01007180,Economically active: Unemployed (1),21,21,0
S01007180,Economically inactive,297,292,5
S01007181,All people aged 16 and over,704,684,20
S01007181,Economically active: Total,372,356,16
S01007181,Economically active: Employee: Total,282,269,13
S01007181,Economically active: Employee: Part-time (1),91,86,5
S01007181,Economically active: Employee: Full-time (1),191,183,8
S01007181,Economically active: Self-employed: Total,68,66,2
S01007181,Economically active: Self-employed: Part-time (1),23,21,2
S01007181,Economically active: Self-employed: Full-time (1),45,45,0
S01007181,Economically active: Unemployed (1),22,21,1
S01007181,Economically inactive,332,328,4
S01007182,All people aged 16 and over,907,863,44
S01007182,Economically active: Total,532,498,34
S01007182,Economically active: Employee: Total,437,410,27
S01007182,Economically active: Employee: Part-time (1),113,106,7
S01007182,Economically active: Employee: Full-time (1),324,304,20
S01007182,Economically active: Self-employed: Total,66,61,5
S01007182,Economically active: Self-employed: Part-time (1),15,14,1
S01007182,Economically active: Self-employed: Full-time (1),51,47,4
S01007182,Economically active: Unemployed (1),29,27,2
S01007182,Economically inactive,375,365,10
S01007183,All people aged 16 and over,939,899,40
S01007183,Economically active: Total,529,506,23
S01007183,Economically active: Employee: Total,434,411,23
S01007183,Economically active: Employee: Part-time (1),112,105,7
S01007183,Economically active: Employee: Full-time (1),322,306,16
S01007183,Economically active: Self-employed: Total,56,56,0
S01007183,Economically active: Self-employed: Part-time (1),21,21,0
S01007183,Economically active: Self-employed: Full-time (1),35,35,0
S01007183,Economically active: Unemployed (1),39,39,0
S01007183,Economically inactive,410,393,17
S01007184,All people aged 16 and over,916,858,58
S01007184,Economically active: Total,553,511,42
S01007184,Economically active: Employee: Total,450,410,40
S01007184,Economically active: Employee: Part-time (1),103,96,7
S01007184,Economically active: Employee: Full-time (1),347,314,33
S01007184,Economically active: Self-employed: Total,37,36,1
S01007184,Economically active: Self-employed: Part-time (1),11,10,1
S01007184,Economically active: Self-employed: Full-time (1),26,26,0
S01007184,Economically active: Unemployed (1),66,65,1
S01007184,Economically inactive,363,347,16
S01007185,All people aged 16 and over,692,657,35
S01007185,Economically active: Total,389,361,28
S01007185,Economically active: Employee: Total,304,281,23
S01007185,Economically active: Employee: Part-time (1),101,97,4
S01007185,Economically active: Employee: Full-time (1),203,184,19
S01007185,Economically active: Self-employed: Total,38,37,1
S01007185,Economically active: Self-employed: Part-time (1),12,11,1
S01007185,Economically active: Self-employed: Full-time (1),26,26,0
S01007185,Economically active: Unemployed (1),47,43,4
S01007185,Economically inactive,303,296,7
S01007186,All people aged 16 and over,494,450,44
S01007186,Economically active: Total,308,273,35
S01007186,Economically active: Employee: Total,232,206,26
S01007186,Economically active: Employee: Part-time (1),85,82,3
S01007186,Economically active: Employee: Full-time (1),147,124,23
S01007186,Economically active: Self-employed: Total,24,20,4
S01007186,Economically active: Self-employed: Part-time (1),5,3,2
S01007186,Economically active: Self-employed: Full-time (1),19,17,2
S01007186,Economically active: Unemployed (1),52,47,5
S01007186,Economically inactive,186,177,9
S01007187,All people aged 16 and over,707,632,75
S01007187,Economically active: Total,422,359,63
S01007187,Economically active: Employee: Total,327,277,50
S01007187,Economically active: Employee: Part-time (1),96,88,8
S01007187,Economically active: Employee: Full-time (1),231,189,42
S01007187,Economically active: Self-employed: Total,43,41,2
S01007187,Economically active: Self-employed: Part-time (1),9,9,0
S01007187,Economically active: Self-employed: Full-time (1),34,32,2
S01007187,Economically active: Unemployed (1),52,41,11
S01007187,Economically inactive,285,273,12
S01007188,All people aged 16 and over,515,464,51
S01007188,Economically active: Total,350,307,43
S01007188,Economically active: Employee: Total,281,247,34
S01007188,Economically active: Employee: Part-time (1),68,62,6
S01007188,Economically active: Employee: Full-time (1),213,185,28
S01007188,Economically active: Self-employed: Total,42,34,8
S01007188,Economically active: Self-employed: Part-time (1),15,14,1
S01007188,Economically active: Self-employed: Full-time (1),27,20,7
S01007188,Economically active: Unemployed (1),27,26,1
S01007188,Economically inactive,165,157,8
S01007189,All people aged 16 and over,710,674,36
S01007189,Economically active: Total,348,323,25
S01007189,Economically active: Employee: Total,264,251,13
S01007189,Economically active: Employee: Part-time (1),75,72,3
S01007189,Economically active: Employee: Full-time (1),189,179,10
S01007189,Economically active: Self-employed: Total,38,37,1
S01007189,Economically active: Self-employed: Part-time (1),9,9,0
S01007189,Economically active: Self-employed: Full-time (1),29,28,1
S01007189,Economically active: Unemployed (1),46,35,11
S01007189,Economically inactive,362,351,11
S01007190,All people aged 16 and over,711,693,18
S01007190,Economically active: Total,364,351,13
S01007190,Economically active: Employee: Total,299,288,11
S01007190,Economically active: Employee: Part-time (1),103,101,2
S01007190,Economically active: Employee: Full-time (1),196,187,9
S01007190,Economically active: Self-employed: Total,51,49,2
S01007190,Economically active: Self-employed: Part-time (1),11,9,2
S01007190,Economically active: Self-employed: Full-time (1),40,40,0
S01007190,Economically active: Unemployed (1),14,14,0
S01007190,Economically inactive,347,342,5
S01007191,All people aged 16 and over,511,465,46
S01007191,Economically active: Total,335,295,40
S01007191,Economically active: Employee: Total,268,236,32
S01007191,Economically active: Employee: Part-time (1),94,90,4
S01007191,Economically active: Employee: Full-time (1),174,146,28
S01007191,Economically active: Self-employed: Total,33,27,6
S01007191,Economically active: Self-employed: Part-time (1),9,9,0
S01007191,Economically active: Self-employed: Full-time (1),24,18,6
S01007191,Economically active: Unemployed (1),34,32,2
S01007191,Economically inactive,176,170,6
S01007192,All people aged 16 and over,501,485,16
S01007192,Economically active: Total,307,300,7
S01007192,Economically active: Employee: Total,251,244,7
S01007192,Economically active: Employee: Part-time (1),94,90,4
S01007192,Economically active: Employee: Full-time (1),157,154,3
S01007192,Economically active: Self-employed: Total,20,20,0
S01007192,Economically active: Self-employed: Part-time (1),7,7,0
S01007192,Economically active: Self-employed: Full-time (1),13,13,0
S01007192,Economically active: Unemployed (1),36,36,0
S01007192,Economically inactive,194,185,9
S01007193,All people aged 16 and over,608,579,29
S01007193,Economically active: Total,376,359,17
S01007193,Economically active: Employee: Total,303,287,16
S01007193,Economically active: Employee: Part-time (1),87,83,4
S01007193,Economically active: Employee: Full-time (1),216,204,12
S01007193,Economically active: Self-employed: Total,35,35,0
S01007193,Economically active: Self-employed: Part-time (1),7,7,0
S01007193,Economically active: Self-employed: Full-time (1),28,28,0
S01007193,Economically active: Unemployed (1),38,37,1
S01007193,Economically inactive,232,220,12
S01007194,All people aged 16 and over,463,429,34
S01007194,Economically active: Total,277,249,28
S01007194,Economically active: Employee: Total,206,182,24
S01007194,Economically active: Employee: Part-time (1),85,78,7
S01007194,Economically active: Employee: Full-time (1),121,104,17
S01007194,Economically active: Self-employed: Total,17,16,1
S01007194,Economically active: Self-employed: Part-time (1),4,3,1
S01007194,Economically active: Self-employed: Full-time (1),13,13,0
S01007194,Economically active: Unemployed (1),54,51,3
S01007194,Economically inactive,186,180,6
S01007195,All people aged 16 and over,436,412,24
S01007195,Economically active: Total,259,240,19
S01007195,Economically active: Employee: Total,197,186,11
S01007195,Economically active: Employee: Part-time (1),63,60,3
S01007195,Economically active: Employee: Full-time (1),134,126,8
S01007195,Economically active: Self-employed: Total,24,19,5
S01007195,Economically active: Self-employed: Part-time (1),5,3,2
S01007195,Economically active: Self-employed: Full-time (1),19,16,3
S01007195,Economically active: Unemployed (1),38,35,3
S01007195,Economically inactive,177,172,5
S01007196,All people aged 16 and over,540,521,19
S01007196,Economically active: Total,369,353,16
S01007196,Economically active: Employee: Total,297,283,14
S01007196,Economically active: Employee: Part-time (1),84,79,5
S01007196,Economically active: Employee: Full-time (1),213,204,9
S01007196,Economically active: Self-employed: Total,19,19,0
S01007196,Economically active: Self-employed: Part-time (1),7,7,0
S01007196,Economically active: Self-employed: Full-time (1),12,12,0
S01007196,Economically active: Unemployed (1),53,51,2
S01007196,Economically inactive,171,168,3
S01007197,All people aged 16 and over,457,424,33
S01007197,Economically active: Total,308,283,25
S01007197,Economically active: Employee: Total,223,201,22
S01007197,Economically active: Employee: Part-time (1),86,74,12
S01007197,Economically active: Employee: Full-time (1),137,127,10
S01007197,Economically active: Self-employed: Total,18,18,0
S01007197,Economically active: Self-employed: Part-time (1),7,7,0
S01007197,Economically active: Self-employed: Full-time (1),11,11,0
S01007197,Economically active: Unemployed (1),67,64,3
S01007197,Economically inactive,149,141,8
S01007198,All people aged 16 and over,402,383,19
S01007198,Economically active: Total,258,244,14
S01007198,Economically active: Employee: Total,190,179,11
S01007198,Economically active: Employee: Part-time (1),63,58,5
S01007198,Economically active: Employee: Full-time (1),127,121,6
S01007198,Economically active: Self-employed: Total,22,20,2
S01007198,Economically active: Self-employed: Part-time (1),8,7,1
S01007198,Economically active: Self-employed: Full-time (1),14,13,1
S01007198,Economically active: Unemployed (1),46,45,1
S01007198,Economically inactive,144,139,5
S01007199,All people aged 16 and over,601,573,28
S01007199,Economically active: Total,366,350,16
S01007199,Economically active: Employee: Total,282,268,14
S01007199,Economically active: Employee: Part-time (1),111,107,4
S01007199,Economically active: Employee: Full-time (1),171,161,10
S01007199,Economically active: Self-employed: Total,17,17,0
S01007199,Economically active: Self-employed: Part-time (1),2,2,0
S01007199,Economically active: Self-employed: Full-time (1),15,15,0
S01007199,Economically active: Unemployed (1),67,65,2
S01007199,Economically inactive,235,223,12
S01007200,All people aged 16 and over,715,700,15
S01007200,Economically active: Total,477,466,11
S01007200,Economically active: Employee: Total,408,398,10
S01007200,Economically active: Employee: Part-time (1),119,117,2
S01007200,Economically active: Employee: Full-time (1),289,281,8
S01007200,Economically active: Self-employed: Total,35,34,1
S01007200,Economically active: Self-employed: Part-time (1),9,8,1
S01007200,Economically active: Self-employed: Full-time (1),26,26,0
S01007200,Economically active: Unemployed (1),34,34,0
S01007200,Economically inactive,238,234,4
S01007201,All people aged 16 and over,625,605,20
S01007201,Economically active: Total,352,336,16
S01007201,Economically active: Employee: Total,297,284,13
S01007201,Economically active: Employee: Part-time (1),79,75,4
S01007201,Economically active: Employee: Full-time (1),218,209,9
S01007201,Economically active: Self-employed: Total,24,23,1
S01007201,Economically active: Self-employed: Part-time (1),7,6,1
S01007201,Economically active: Self-employed: Full-time (1),17,17,0
S01007201,Economically active: Unemployed (1),31,29,2
S01007201,Economically inactive,273,269,4
S01007202,All people aged 16 and over,619,603,16
S01007202,Economically active: Total,384,370,14
S01007202,Economically active: Employee: Total,302,292,10
S01007202,Economically active: Employee: Part-time (1),81,78,3
S01007202,Economically active: Employee: Full-time (1),221,214,7
S01007202,Economically active: Self-employed: Total,31,28,3
S01007202,Economically active: Self-employed: Part-time (1),10,10,0
S01007202,Economically active: Self-employed: Full-time (1),21,18,3
S01007202,Economically active: Unemployed (1),51,50,1
S01007202,Economically inactive,235,233,2
S01007203,All people aged 16 and over,518,507,11
S01007203,Economically active: Total,344,335,9
S01007203,Economically active: Employee: Total,288,281,7
S01007203,Economically active: Employee: Part-time (1),102,99,3
S01007203,Economically active: Employee: Full-time (1),186,182,4
S01007203,Economically active: Self-employed: Total,32,31,1
S01007203,Economically active: Self-employed: Part-time (1),7,6,1
S01007203,Economically active: Self-employed: Full-time (1),25,25,0
S01007203,Economically active: Unemployed (1),24,23,1
S01007203,Economically inactive,174,172,2
S01007204,All people aged 16 and over,825,781,44
S01007204,Economically active: Total,538,501,37
S01007204,Economically active: Employee: Total,406,381,25
S01007204,Economically active: Employee: Part-time (1),126,118,8
S01007204,Economically active: Employee: Full-time (1),280,263,17
S01007204,Economically active: Self-employed: Total,111,101,10
S01007204,Economically active: Self-employed: Part-time (1),31,29,2
S01007204,Economically active: Self-employed: Full-time (1),80,72,8
S01007204,Economically active: Unemployed (1),21,19,2
S01007204,Economically inactive,287,280,7
S01007205,All people aged 16 and over,583,549,34
S01007205,Economically active: Total,356,331,25
S01007205,Economically active: Employee: Total,261,240,21
S01007205,Economically active: Employee: Part-time (1),78,73,5
S01007205,Economically active: Employee: Full-time (1),183,167,16
S01007205,Economically active: Self-employed: Total,75,71,4
S01007205,Economically active: Self-employed: Part-time (1),20,17,3
S01007205,Economically active: Self-employed: Full-time (1),55,54,1
S01007205,Economically active: Unemployed (1),20,20,0
S01007205,Economically inactive,227,218,9
S01007206,All people aged 16 and over,331,320,11
S01007206,Economically active: Total,193,183,10
S01007206,Economically active: Employee: Total,164,155,9
S01007206,Economically active: Employee: Part-time (1),43,40,3
S01007206,Economically active: Employee: Full-time (1),121,115,6
S01007206,Economically active: Self-employed: Total,17,16,1
S01007206,Economically active: Self-employed: Part-time (1),9,8,1
S01007206,Economically active: Self-employed: Full-time (1),8,8,0
S01007206,Economically active: Unemployed (1),12,12,0
S01007206,Economically inactive,138,137,1
S01007207,All people aged 16 and over,754,729,25
S01007207,Economically active: Total,478,460,18
S01007207,Economically active: Employee: Total,400,386,14
S01007207,Economically active: Employee: Part-time (1),133,130,3
S01007207,Economically active: Employee: Full-time (1),267,256,11
S01007207,Economically active: Self-employed: Total,53,51,2
S01007207,Economically active: Self-employed: Part-time (1),19,19,0
S01007207,Economically active: Self-employed: Full-time (1),34,32,2
S01007207,Economically active: Unemployed (1),25,23,2
S01007207,Economically inactive,276,269,7
S01007208,All people aged 16 and over,808,743,65
S01007208,Economically active: Total,517,475,42
S01007208,Economically active: Employee: Total,419,381,38
S01007208,Economically active: Employee: Part-time (1),115,103,12
S01007208,Economically active: Employee: Full-time (1),304,278,26
S01007208,Economically active: Self-employed: Total,24,21,3
S01007208,Economically active: Self-employed: Part-time (1),2,1,1
S01007208,Economically active: Self-employed: Full-time (1),22,20,2
S01007208,Economically active: Unemployed (1),74,73,1
S01007208,Economically inactive,291,268,23
S01007209,All people aged 16 and over,671,626,45
S01007209,Economically active: Total,391,357,34
S01007209,Economically active: Employee: Total,313,289,24
S01007209,Economically active: Employee: Part-time (1),89,78,11
S01007209,Economically active: Employee: Full-time (1),224,211,13
S01007209,Economically active: Self-employed: Total,46,38,8
S01007209,Economically active: Self-employed: Part-time (1),9,8,1
S01007209,Economically active: Self-employed: Full-time (1),37,30,7
S01007209,Economically active: Unemployed (1),32,30,2
S01007209,Economically inactive,280,269,11
S01007210,All people aged 16 and over,628,601,27
S01007210,Economically active: Total,416,397,19
S01007210,Economically active: Employee: Total,343,326,17
S01007210,Economically active: Employee: Part-time (1),107,99,8
S01007210,Economically active: Employee: Full-time (1),236,227,9
S01007210,Economically active: Self-employed: Total,30,29,1
S01007210,Economically active: Self-employed: Part-time (1),10,10,0
S01007210,Economically active: Self-employed: Full-time (1),20,19,1
S01007210,Economically active: Unemployed (1),43,42,1
S01007210,Economically inactive,212,204,8
S01007211,All people aged 16 and over,805,757,48
S01007211,Economically active: Total,457,424,33
S01007211,Economically active: Employee: Total,374,349,25
S01007211,Economically active: Employee: Part-time (1),121,116,5
S01007211,Economically active: Employee: Full-time (1),253,233,20
S01007211,Economically active: Self-employed: Total,37,33,4
S01007211,Economically active: Self-employed: Part-time (1),11,10,1
S01007211,Economically active: Self-employed: Full-time (1),26,23,3
S01007211,Economically active: Unemployed (1),46,42,4
S01007211,Economically inactive,348,333,15
S01007212,All people aged 16 and over,456,426,30
S01007212,Economically active: Total,295,272,23
S01007212,Economically active: Employee: Total,240,222,18
S01007212,Economically active: Employee: Part-time (1),69,64,5
S01007212,Economically active: Employee: Full-time (1),171,158,13
S01007212,Economically active: Self-employed: Total,35,30,5
S01007212,Economically active: Self-employed: Part-time (1),13,10,3
S01007212,Economically active: Self-employed: Full-time (1),22,20,2
S01007212,Economically active: Unemployed (1),20,20,0
S01007212,Economically inactive,161,154,7
S01007213,All people aged 16 and over,789,736,53
S01007213,Economically active: Total,422,387,35
S01007213,Economically active: Employee: Total,346,316,30
S01007213,Economically active: Employee: Part-time (1),111,106,5
S01007213,Economically active: Employee: Full-time (1),235,210,25
S01007213,Economically active: Self-employed: Total,48,45,3
S01007213,Economically active: Self-employed: Part-time (1),15,15,0
S01007213,Economically active: Self-employed: Full-time (1),33,30,3
S01007213,Economically active: Unemployed (1),28,26,2
S01007213,Economically inactive,367,349,18
S01007214,All people aged 16 and over,656,608,48
S01007214,Economically active: Total,358,323,35
S01007214,Economically active: Employee: Total,289,263,26
S01007214,Economically active: Employee: Part-time (1),71,63,8
S01007214,Economically active: Employee: Full-time (1),218,200,18
S01007214,Economically active: Self-employed: Total,35,27,8
S01007214,Economically active: Self-employed: Part-time (1),6,5,1
S01007214,Economically active: Self-employed: Full-time (1),29,22,7
S01007214,Economically active: Unemployed (1),34,33,1
S01007214,Economically inactive,298,285,13
S01007215,All people aged 16 and over,650,575,75
S01007215,Economically active: Total,403,343,60
S01007215,Economically active: Employee: Total,332,284,48
S01007215,Economically active: Employee: Part-time (1),97,85,12
S01007215,Economically active: Employee: Full-time (1),235,199,36
S01007215,Economically active: Self-employed: Total,40,34,6
S01007215,Economically active: Self-employed: Part-time (1),11,10,1
S01007215,Economically active: Self-employed: Full-time (1),29,24,5
S01007215,Economically active: Unemployed (1),31,25,6
S01007215,Economically inactive,247,232,15
S01007216,All people aged 16 and over,616,595,21
S01007216,Economically active: Total,371,356,15
S01007216,Economically active: Employee: Total,309,296,13
S01007216,Economically active: Employee: Part-time (1),93,87,6
S01007216,Economically active: Employee: Full-time (1),216,209,7
S01007216,Economically active: Self-employed: Total,41,40,1
S01007216,Economically active: Self-employed: Part-time (1),12,11,1
S01007216,Economically active: Self-employed: Full-time (1),29,29,0
S01007216,Economically active: Unemployed (1),21,20,1
S01007216,Economically inactive,245,239,6
S01007217,All people aged 16 and over,787,751,36
S01007217,Economically active: Total,481,454,27
S01007217,Economically active: Employee: Total,394,373,21
S01007217,Economically active: Employee: Part-time (1),136,131,5
S01007217,Economically active: Employee: Full-time (1),258,242,16
S01007217,Economically active: Self-employed: Total,44,42,2
S01007217,Economically active: Self-employed: Part-time (1),9,9,0
S01007217,Economically active: Self-employed: Full-time (1),35,33,2
S01007217,Economically active: Unemployed (1),43,39,4
S01007217,Economically inactive,306,297,9
S01007218,All people aged 16 and over,722,692,30
S01007218,Economically active: Total,446,427,19
S01007218,Economically active: Employee: Total,372,354,18
S01007218,Economically active: Employee: Part-time (1),123,117,6
S01007218,Economically active: Employee: Full-time (1),249,237,12
S01007218,Economically active: Self-employed: Total,59,59,0
S01007218,Economically active: Self-employed: Part-time (1),12,12,0
S01007218,Economically active: Self-employed: Full-time (1),47,47,0
S01007218,Economically active: Unemployed (1),15,14,1
S01007218,Economically inactive,276,265,11
S01007219,All people aged 16 and over,675,653,22
S01007219,Economically active: Total,406,392,14
S01007219,Economically active: Employee: Total,346,334,12
S01007219,Economically active: Employee: Part-time (1),108,104,4
S01007219,Economically active: Employee: Full-time (1),238,230,8
S01007219,Economically active: Self-employed: Total,34,32,2
S01007219,Economically active: Self-employed: Part-time (1),5,5,0
S01007219,Economically active: Self-employed: Full-time (1),29,27,2
S01007219,Economically active: Unemployed (1),26,26,0
S01007219,Economically inactive,269,261,8
S01007220,All people aged 16 and over,556,540,16
S01007220,Economically active: Total,364,352,12
S01007220,Economically active: Employee: Total,309,297,12
S01007220,Economically active: Employee: Part-time (1),108,108,0
S01007220,Economically active: Employee: Full-time (1),201,189,12
S01007220,Economically active: Self-employed: Total,29,29,0
S01007220,Economically active: Self-employed: Part-time (1),10,10,0
S01007220,Economically active: Self-employed: Full-time (1),19,19,0
S01007220,Economically active: Unemployed (1),26,26,0
S01007220,Economically inactive,192,188,4
S01007221,All people aged 16 and over,525,497,28
S01007221,Economically active: Total,323,303,20
S01007221,Economically active: Employee: Total,261,244,17
S01007221,Economically active: Employee: Part-time (1),76,72,4
S01007221,Economically active: Employee: Full-time (1),185,172,13
S01007221,Economically active: Self-employed: Total,47,44,3
S01007221,Economically active: Self-employed: Part-time (1),12,12,0
S01007221,Economically active: Self-employed: Full-time (1),35,32,3
S01007221,Economically active: Unemployed (1),15,15,0
S01007221,Economically inactive,202,194,8
S01007222,All people aged 16 and over,640,618,22
S01007222,Economically active: Total,417,403,14
S01007222,Economically active: Employee: Total,350,341,9
S01007222,Economically active: Employee: Part-time (1),101,99,2
S01007222,Economically active: Employee: Full-time (1),249,242,7
S01007222,Economically active: Self-employed: Total,39,35,4
S01007222,Economically active: Self-employed: Part-time (1),7,6,1
S01007222,Economically active: Self-employed: Full-time (1),32,29,3
S01007222,Economically active: Unemployed (1),28,27,1
S01007222,Economically inactive,223,215,8
S01007223,All people aged 16 and over,416,402,14
S01007223,Economically active: Total,280,269,11
S01007223,Economically active: Employee: Total,239,231,8
S01007223,Economically active: Employee: Part-time (1),76,73,3
S01007223,Economically active: Employee: Full-time (1),163,158,5
S01007223,Economically active: Self-employed: Total,28,27,1
S01007223,Economically active: Self-employed: Part-time (1),7,6,1
S01007223,Economically active: Self-employed: Full-time (1),21,21,0
S01007223,Economically active: Unemployed (1),13,11,2
S01007223,Economically inactive,136,133,3
S01007224,All people aged 16 and over,491,468,23
S01007224,Economically active: Total,284,272,12
S01007224,Economically active: Employee: Total,232,224,8
S01007224,Economically active: Employee: Part-time (1),75,74,1
S01007224,Economically active: Employee: Full-time (1),157,150,7
S01007224,Economically active: Self-employed: Total,42,38,4
S01007224,Economically active: Self-employed: Part-time (1),14,13,1
S01007224,Economically active: Self-employed: Full-time (1),28,25,3
S01007224,Economically active: Unemployed (1),10,10,0
S01007224,Economically inactive,207,196,11
S01007225,All people aged 16 and over,721,689,32
S01007225,Economically active: Total,491,472,19
S01007225,Economically active: Employee: Total,379,362,17
S01007225,Economically active: Employee: Part-time (1),116,109,7
S01007225,Economically active: Employee: Full-time (1),263,253,10
S01007225,Economically active: Self-employed: Total,96,94,2
S01007225,Economically active: Self-employed: Part-time (1),20,20,0
S01007225,Economically active: Self-employed: Full-time (1),76,74,2
S01007225,Economically active: Unemployed (1),16,16,0
S01007225,Economically inactive,230,217,13
S01007226,All people aged 16 and over,669,636,33
S01007226,Economically active: Total,453,427,26
S01007226,Economically active: Employee: Total,305,288,17
S01007226,Economically active: Employee: Part-time (1),88,83,5
S01007226,Economically active: Employee: Full-time (1),217,205,12
S01007226,Economically active: Self-employed: Total,123,116,7
S01007226,Economically active: Self-employed: Part-time (1),33,30,3
S01007226,Economically active: Self-employed: Full-time (1),90,86,4
S01007226,Economically active: Unemployed (1),25,23,2
S01007226,Economically inactive,216,209,7
S01007227,All people aged 16 and over,780,754,26
S01007227,Economically active: Total,484,463,21
S01007227,Economically active: Employee: Total,388,372,16
S01007227,Economically active: Employee: Part-time (1),113,109,4
S01007227,Economically active: Employee: Full-time (1),275,263,12
S01007227,Economically active: Self-employed: Total,65,60,5
S01007227,Economically active: Self-employed: Part-time (1),21,20,1
S01007227,Economically active: Self-employed: Full-time (1),44,40,4
S01007227,Economically active: Unemployed (1),31,31,0
S01007227,Economically inactive,296,291,5
S01007228,All people aged 16 and over,517,492,25
S01007228,Economically active: Total,348,338,10
S01007228,Economically active: Employee: Total,245,237,8
S01007228,Economically active: Employee: Part-time (1),69,68,1
S01007228,Economically active: Employee: Full-time (1),176,169,7
S01007228,Economically active: Self-employed: Total,84,82,2
S01007228,Economically active: Self-employed: Part-time (1),19,18,1
S01007228,Economically active: Self-employed: Full-time (1),65,64,1
S01007228,Economically active: Unemployed (1),19,19,0
S01007228,Economically inactive,169,154,15
S01007229,All people aged 16 and over,915,880,35
S01007229,Economically active: Total,632,605,27
S01007229,Economically active: Employee: Total,470,447,23
S01007229,Economically active: Employee: Part-time (1),124,118,6
S01007229,Economically active: Employee: Full-time (1),346,329,17
S01007229,Economically active: Self-employed: Total,138,134,4
S01007229,Economically active: Self-employed: Part-time (1),28,27,1
S01007229,Economically active: Self-employed: Full-time (1),110,107,3
S01007229,Economically active: Unemployed (1),24,24,0
S01007229,Economically inactive,283,275,8
S01007230,All people aged 16 and over,588,499,89
S01007230,Economically active: Total,365,296,69
S01007230,Economically active: Employee: Total,292,235,57
S01007230,Economically active: Employee: Part-time (1),71,63,8
S01007230,Economically active: Employee: Full-time (1),221,172,49
S01007230,Economically active: Self-employed: Total,23,18,5
S01007230,Economically active: Self-employed: Part-time (1),6,2,4
S01007230,Economically active: Self-employed: Full-time (1),17,16,1
S01007230,Economically active: Unemployed (1),50,43,7
S01007230,Economically inactive,223,203,20
S01007231,All people aged 16 and over,576,528,48
S01007231,Economically active: Total,312,270,42
S01007231,Economically active: Employee: Total,251,211,40
S01007231,Economically active: Employee: Part-time (1),65,60,5
S01007231,Economically active: Employee: Full-time (1),186,151,35
S01007231,Economically active: Self-employed: Total,22,21,1
S01007231,Economically active: Self-employed: Part-time (1),10,10,0
S01007231,Economically active: Self-employed: Full-time (1),12,11,1
S01007231,Economically active: Unemployed (1),39,38,1
S01007231,Economically inactive,264,258,6
S01007232,All people aged 16 and over,601,554,47
S01007232,Economically active: Total,350,316,34
S01007232,Economically active: Employee: Total,285,256,29
S01007232,Economically active: Employee: Part-time (1),91,83,8
S01007232,Economically active: Employee: Full-time (1),194,173,21
S01007232,Economically active: Self-employed: Total,15,13,2
S01007232,Economically active: Self-employed: Part-time (1),1,1,0
S01007232,Economically active: Self-employed: Full-time (1),14,12,2
S01007232,Economically active: Unemployed (1),50,47,3
S01007232,Economically inactive,251,238,13
S01007233,All people aged 16 and over,647,608,39
S01007233,Economically active: Total,428,397,31
S01007233,Economically active: Employee: Total,338,316,22
S01007233,Economically active: Employee: Part-time (1),84,82,2
S01007233,Economically active: Employee: Full-time (1),254,234,20
S01007233,Economically active: Self-employed: Total,53,48,5
S01007233,Economically active: Self-employed: Part-time (1),18,15,3
S01007233,Economically active: Self-employed: Full-time (1),35,33,2
S01007233,Economically active: Unemployed (1),37,33,4
S01007233,Economically inactive,219,211,8
S01007234,All people aged 16 and over,505,479,26
S01007234,Economically active: Total,297,275,22
S01007234,Economically active: Employee: Total,245,231,14
S01007234,Economically active: Employee: Part-time (1),81,78,3
S01007234,Economically active: Employee: Full-time (1),164,153,11
S01007234,Economically active: Self-employed: Total,25,22,3
S01007234,Economically active: Self-employed: Part-time (1),5,4,1
S01007234,Economically active: Self-employed: Full-time (1),20,18,2
S01007234,Economically active: Unemployed (1),27,22,5
S01007234,Economically inactive,208,204,4
S01007235,All people aged 16 and over,659,612,47
S01007235,Economically active: Total,395,357,38
S01007235,Economically active: Employee: Total,326,292,34
S01007235,Economically active: Employee: Part-time (1),91,84,7
S01007235,Economically active: Employee: Full-time (1),235,208,27
S01007235,Economically active: Self-employed: Total,36,35,1
S01007235,Economically active: Self-employed: Part-time (1),11,11,0
S01007235,Economically active: Self-employed: Full-time (1),25,24,1
S01007235,Economically active: Unemployed (1),33,30,3
S01007235,Economically inactive,264,255,9
S01007236,All people aged 16 and over,521,502,19
S01007236,Economically active: Total,335,323,12
S01007236,Economically active: Employee: Total,277,267,10
S01007236,Economically active: Employee: Part-time (1),74,71,3
S01007236,Economically active: Employee: Full-time (1),203,196,7
S01007236,Economically active: Self-employed: Total,37,35,2
S01007236,Economically active: Self-employed: Part-time (1),6,6,0
S01007236,Economically active: Self-employed: Full-time (1),31,29,2
S01007236,Economically active: Unemployed (1),21,21,0
S01007236,Economically inactive,186,179,7
S01007237,All people aged 16 and over,608,587,21
S01007237,Economically active: Total,371,354,17
S01007237,Economically active: Employee: Total,317,302,15
S01007237,Economically active: Employee: Part-time (1),84,81,3
S01007237,Economically active: Employee: Full-time (1),233,221,12
S01007237,Economically active: Self-employed: Total,41,39,2
S01007237,Economically active: Self-employed: Part-time (1),9,9,0
S01007237,Economically active: Self-employed: Full-time (1),32,30,2
S01007237,Economically active: Unemployed (1),13,13,0
S01007237,Economically inactive,237,233,4
S01007238,All people aged 16 and over,778,751,27
S01007238,Economically active: Total,487,469,18
S01007238,Economically active: Employee: Total,421,406,15
S01007238,Economically active: Employee: Part-time (1),113,111,2
S01007238,Economically active: Employee: Full-time (1),308,295,13
S01007238,Economically active: Self-employed: Total,38,35,3
S01007238,Economically active: Self-employed: Part-time (1),9,8,1
S01007238,Economically active: Self-employed: Full-time (1),29,27,2
S01007238,Economically active: Unemployed (1),28,28,0
S01007238,Economically inactive,291,282,9
S01007239,All people aged 16 and over,745,718,27
S01007239,Economically active: Total,373,363,10
S01007239,Economically active: Employee: Total,307,299,8
S01007239,Economically active: Employee: Part-time (1),70,67,3
S01007239,Economically active: Employee: Full-time (1),237,232,5
S01007239,Economically active: Self-employed: Total,55,53,2
S01007239,Economically active: Self-employed: Part-time (1),10,10,0
S01007239,Economically active: Self-employed: Full-time (1),45,43,2
S01007239,Economically active: Unemployed (1),11,11,0
S01007239,Economically inactive,372,355,17
S01007240,All people aged 16 and over,463,437,26
S01007240,Economically active: Total,310,291,19
S01007240,Economically active: Employee: Total,225,211,14
S01007240,Economically active: Employee: Part-time (1),57,53,4
S01007240,Economically active: Employee: Full-time (1),168,158,10
S01007240,Economically active: Self-employed: Total,71,67,4
S01007240,Economically active: Self-employed: Part-time (1),14,14,0
S01007240,Economically active: Self-employed: Full-time (1),57,53,4
S01007240,Economically active: Unemployed (1),14,13,1
S01007240,Economically inactive,153,146,7
S01007241,All people aged 16 and over,507,482,25
S01007241,Economically active: Total,352,332,20
S01007241,Economically active: Employee: Total,254,241,13
S01007241,Economically active: Employee: Part-time (1),65,60,5
S01007241,Economically active: Employee: Full-time (1),189,181,8
S01007241,Economically active: Self-employed: Total,90,84,6
S01007241,Economically active: Self-employed: Part-time (1),22,21,1
S01007241,Economically active: Self-employed: Full-time (1),68,63,5
S01007241,Economically active: Unemployed (1),8,7,1
S01007241,Economically inactive,155,150,5
S01007242,All people aged 16 and over,833,804,29
S01007242,Economically active: Total,496,475,21
S01007242,Economically active: Employee: Total,401,382,19
S01007242,Economically active: Employee: Part-time (1),124,121,3
S01007242,Economically active: Employee: Full-time (1),277,261,16
S01007242,Economically active: Self-employed: Total,69,68,1
S01007242,Economically active: Self-employed: Part-time (1),15,15,0
S01007242,Economically active: Self-employed: Full-time (1),54,53,1
S01007242,Economically active: Unemployed (1),26,25,1
S01007242,Economically inactive,337,329,8
S01007243,All people aged 16 and over,504,487,17
S01007243,Economically active: Total,312,301,11
S01007243,Economically active: Employee: Total,254,245,9
S01007243,Economically active: Employee: Part-time (1),65,63,2
S01007243,Economically active: Employee: Full-time (1),189,182,7
S01007243,Economically active: Self-employed: Total,38,38,0
S01007243,Economically active: Self-employed: Part-time (1),8,8,0
S01007243,Economically active: Self-employed: Full-time (1),30,30,0
S01007243,Economically active: Unemployed (1),20,18,2
S01007243,Economically inactive,192,186,6
S01007244,All people aged 16 and over,620,592,28
S01007244,Economically active: Total,372,351,21
S01007244,Economically active: Employee: Total,282,268,14
S01007244,Economically active: Employee: Part-time (1),75,68,7
S01007244,Economically active: Employee: Full-time (1),207,200,7
S01007244,Economically active: Self-employed: Total,74,70,4
S01007244,Economically active: Self-employed: Part-time (1),24,22,2
S01007244,Economically active: Self-employed: Full-time (1),50,48,2
S01007244,Economically active: Unemployed (1),16,13,3
S01007244,Economically inactive,248,241,7
S01007245,All people aged 16 and over,583,557,26
S01007245,Economically active: Total,368,349,19
S01007245,Economically active: Employee: Total,278,264,14
S01007245,Economically active: Employee: Part-time (1),77,71,6
S01007245,Economically active: Employee: Full-time (1),201,193,8
S01007245,Economically active: Self-employed: Total,77,73,4
S01007245,Economically active: Self-employed: Part-time (1),13,11,2
S01007245,Economically active: Self-employed: Full-time (1),64,62,2
S01007245,Economically active: Unemployed (1),13,12,1
S01007245,Economically inactive,215,208,7
S01007246,All people aged 16 and over,473,462,11
S01007246,Economically active: Total,324,316,8
S01007246,Economically active: Employee: Total,249,243,6
S01007246,Economically active: Employee: Part-time (1),54,52,2
S01007246,Economically active: Employee: Full-time (1),195,191,4
S01007246,Economically active: Self-employed: Total,58,57,1
S01007246,Economically active: Self-employed: Part-time (1),9,9,0
S01007246,Economically active: Self-employed: Full-time (1),49,48,1
S01007246,Economically active: Unemployed (1),17,16,1
S01007246,Economically inactive,149,146,3
S01007247,All people aged 16 and over,530,512,18
S01007247,Economically active: Total,350,336,14
S01007247,Economically active: Employee: Total,276,265,11
S01007247,Economically active: Employee: Part-time (1),71,71,0
S01007247,Economically active: Employee: Full-time (1),205,194,11
S01007247,Economically active: Self-employed: Total,62,59,3
S01007247,Economically active: Self-employed: Part-time (1),19,17,2
S01007247,Economically active: Self-employed: Full-time (1),43,42,1
S01007247,Economically active: Unemployed (1),12,12,0
S01007247,Economically inactive,180,176,4
S01007248,All people aged 16 and over,643,621,22
S01007248,Economically active: Total,366,351,15
S01007248,Economically active: Employee: Total,297,285,12
S01007248,Economically active: Employee: Part-time (1),92,87,5
S01007248,Economically active: Employee: Full-time (1),205,198,7
S01007248,Economically active: Self-employed: Total,57,55,2
S01007248,Economically active: Self-employed: Part-time (1),18,18,0
S01007248,Economically active: Self-employed: Full-time (1),39,37,2
S01007248,Economically active: Unemployed (1),12,11,1
S01007248,Economically inactive,277,270,7
S01007249,All people aged 16 and over,371,356,15
S01007249,Economically active: Total,186,177,9
S01007249,Economically active: Employee: Total,157,149,8
S01007249,Economically active: Employee: Part-time (1),52,48,4
S01007249,Economically active: Employee: Full-time (1),105,101,4
S01007249,Economically active: Self-employed: Total,20,20,0
S01007249,Economically active: Self-employed: Part-time (1),2,2,0
S01007249,Economically active: Self-employed: Full-time (1),18,18,0
S01007249,Economically active: Unemployed (1),9,8,1
S01007249,Economically inactive,185,179,6
S01007250,All people aged 16 and over,716,681,35
S01007250,Economically active: Total,490,459,31
S01007250,Economically active: Employee: Total,415,389,26
S01007250,Economically active: Employee: Part-time (1),101,97,4
S01007250,Economically active: Employee: Full-time (1),314,292,22
S01007250,Economically active: Self-employed: Total,44,41,3
S01007250,Economically active: Self-employed: Part-time (1),11,10,1
S01007250,Economically active: Self-employed: Full-time (1),33,31,2
S01007250,Economically active: Unemployed (1),31,29,2
S01007250,Economically inactive,226,222,4
S01007251,All people aged 16 and over,422,404,18
S01007251,Economically active: Total,247,236,11
S01007251,Economically active: Employee: Total,199,191,8
S01007251,Economically active: Employee: Part-time (1),54,51,3
S01007251,Economically active: Employee: Full-time (1),145,140,5
S01007251,Economically active: Self-employed: Total,34,34,0
S01007251,Economically active: Self-employed: Part-time (1),11,11,0
S01007251,Economically active: Self-employed: Full-time (1),23,23,0
S01007251,Economically active: Unemployed (1),14,11,3
S01007251,Economically inactive,175,168,7
S01007252,All people aged 16 and over,642,622,20
S01007252,Economically active: Total,421,408,13
S01007252,Economically active: Employee: Total,346,334,12
S01007252,Economically active: Employee: Part-time (1),103,98,5
S01007252,Economically active: Employee: Full-time (1),243,236,7
S01007252,Economically active: Self-employed: Total,54,53,1
S01007252,Economically active: Self-employed: Part-time (1),14,14,0
S01007252,Economically active: Self-employed: Full-time (1),40,39,1
S01007252,Economically active: Unemployed (1),21,21,0
S01007252,Economically inactive,221,214,7
S01007253,All people aged 16 and over,687,671,16
S01007253,Economically active: Total,405,393,12
S01007253,Economically active: Employee: Total,339,329,10
S01007253,Economically active: Employee: Part-time (1),106,104,2
S01007253,Economically active: Employee: Full-time (1),233,225,8
S01007253,Economically active: Self-employed: Total,42,40,2
S01007253,Economically active: Self-employed: Part-time (1),11,10,1
S01007253,Economically active: Self-employed: Full-time (1),31,30,1
S01007253,Economically active: Unemployed (1),24,24,0
S01007253,Economically inactive,282,278,4
S01007254,All people aged 16 and over,679,634,45
S01007254,Economically active: Total,376,345,31
S01007254,Economically active: Employee: Total,314,286,28
S01007254,Economically active: Employee: Part-time (1),89,82,7
S01007254,Economically active: Employee: Full-time (1),225,204,21
S01007254,Economically active: Self-employed: Total,29,27,2
S01007254,Economically active: Self-employed: Part-time (1),11,10,1
S01007254,Economically active: Self-employed: Full-time (1),18,17,1
S01007254,Economically active: Unemployed (1),33,32,1
S01007254,Economically inactive,303,289,14
S01007255,All people aged 16 and over,613,572,41
S01007255,Economically active: Total,414,382,32
S01007255,Economically active: Employee: Total,318,295,23
S01007255,Economically active: Employee: Part-time (1),102,96,6
S01007255,Economically active: Employee: Full-time (1),216,199,17
S01007255,Economically active: Self-employed: Total,21,19,2
S01007255,Economically active: Self-employed: Part-time (1),2,2,0
S01007255,Economically active: Self-employed: Full-time (1),19,17,2
S01007255,Economically active: Unemployed (1),75,68,7
S01007255,Economically inactive,199,190,9
S01007256,All people aged 16 and over,647,591,56
S01007256,Economically active: Total,428,384,44
S01007256,Economically active: Employee: Total,357,321,36
S01007256,Economically active: Employee: Part-time (1),87,83,4
S01007256,Economically active: Employee: Full-time (1),270,238,32
S01007256,Economically active: Self-employed: Total,35,30,5
S01007256,Economically active: Self-employed: Part-time (1),8,6,2
S01007256,Economically active: Self-employed: Full-time (1),27,24,3
S01007256,Economically active: Unemployed (1),36,33,3
S01007256,Economically inactive,219,207,12
S01007257,All people aged 16 and over,486,438,48
S01007257,Economically active: Total,317,276,41
S01007257,Economically active: Employee: Total,254,220,34
S01007257,Economically active: Employee: Part-time (1),71,66,5
S01007257,Economically active: Employee: Full-time (1),183,154,29
S01007257,Economically active: Self-employed: Total,30,25,5
S01007257,Economically active: Self-employed: Part-time (1),6,5,1
S01007257,Economically active: Self-employed: Full-time (1),24,20,4
S01007257,Economically active: Unemployed (1),33,31,2
S01007257,Economically inactive,169,162,7
S01007258,All people aged 16 and over,733,683,50
S01007258,Economically active: Total,417,384,33
S01007258,Economically active: Employee: Total,332,304,28
S01007258,Economically active: Employee: Part-time (1),99,96,3
S01007258,Economically active: Employee: Full-time (1),233,208,25
S01007258,Economically active: Self-employed: Total,52,48,4
S01007258,Economically active: Self-employed: Part-time (1),17,14,3
S01007258,Economically active: Self-employed: Full-time (1),35,34,1
S01007258,Economically active: Unemployed (1),33,32,1
S01007258,Economically inactive,316,299,17
S01007259,All people aged 16 and over,722,683,39
S01007259,Economically active: Total,418,390,28
S01007259,Economically active: Employee: Total,348,323,25
S01007259,Economically active: Employee: Part-time (1),107,96,11
S01007259,Economically active: Employee: Full-time (1),241,227,14
S01007259,Economically active: Self-employed: Total,34,33,1
S01007259,Economically active: Self-employed: Part-time (1),11,10,1
S01007259,Economically active: Self-employed: Full-time (1),23,23,0
S01007259,Economically active: Unemployed (1),36,34,2
S01007259,Economically inactive,304,293,11
S01007260,All people aged 16 and over,719,687,32
S01007260,Economically active: Total,489,464,25
S01007260,Economically active: Employee: Total,373,357,16
S01007260,Economically active: Employee: Part-time (1),117,113,4
S01007260,Economically active: Employee: Full-time (1),256,244,12
S01007260,Economically active: Self-employed: Total,37,32,5
S01007260,Economically active: Self-employed: Part-time (1),8,7,1
S01007260,Economically active: Self-employed: Full-time (1),29,25,4
S01007260,Economically active: Unemployed (1),79,75,4
S01007260,Economically inactive,230,223,7
S01007261,All people aged 16 and over,683,659,24
S01007261,Economically active: Total,399,384,15
S01007261,Economically active: Employee: Total,335,322,13
S01007261,Economically active: Employee: Part-time (1),93,92,1
S01007261,Economically active: Employee: Full-time (1),242,230,12
S01007261,Economically active: Self-employed: Total,42,41,1
S01007261,Economically active: Self-employed: Part-time (1),7,7,0
S01007261,Economically active: Self-employed: Full-time (1),35,34,1
S01007261,Economically active: Unemployed (1),22,21,1
S01007261,Economically inactive,284,275,9
S01007262,All people aged 16 and over,585,560,25
S01007262,Economically active: Total,385,365,20
S01007262,Economically active: Employee: Total,331,313,18
S01007262,Economically active: Employee: Part-time (1),100,96,4
S01007262,Economically active: Employee: Full-time (1),231,217,14
S01007262,Economically active: Self-employed: Total,12,11,1
S01007262,Economically active: Self-employed: Part-time (1),2,2,0
S01007262,Economically active: Self-employed: Full-time (1),10,9,1
S01007262,Economically active: Unemployed (1),42,41,1
S01007262,Economically inactive,200,195,5
S01007263,All people aged 16 and over,653,639,14
S01007263,Economically active: Total,393,382,11
S01007263,Economically active: Employee: Total,348,341,7
S01007263,Economically active: Employee: Part-time (1),106,105,1
S01007263,Economically active: Employee: Full-time (1),242,236,6
S01007263,Economically active: Self-employed: Total,22,22,0
S01007263,Economically active: Self-employed: Part-time (1),5,5,0
S01007263,Economically active: Self-employed: Full-time (1),17,17,0
S01007263,Economically active: Unemployed (1),23,19,4
S01007263,Economically inactive,260,257,3
S01007264,All people aged 16 and over,663,649,14
S01007264,Economically active: Total,364,356,8
S01007264,Economically active: Employee: Total,322,317,5
S01007264,Economically active: Employee: Part-time (1),84,84,0
S01007264,Economically active: Employee: Full-time (1),238,233,5
S01007264,Economically active: Self-employed: Total,29,27,2
S01007264,Economically active: Self-employed: Part-time (1),10,9,1
S01007264,Economically active: Self-employed: Full-time (1),19,18,1
S01007264,Economically active: Unemployed (1),13,12,1
S01007264,Economically inactive,299,293,6
S01007265,All people aged 16 and over,902,864,38
S01007265,Economically active: Total,553,521,32
S01007265,Economically active: Employee: Total,472,443,29
S01007265,Economically active: Employee: Part-time (1),130,124,6
S01007265,Economically active: Employee: Full-time (1),342,319,23
S01007265,Economically active: Self-employed: Total,49,47,2
S01007265,Economically active: Self-employed: Part-time (1),14,13,1
S01007265,Economically active: Self-employed: Full-time (1),35,34,1
S01007265,Economically active: Unemployed (1),32,31,1
S01007265,Economically inactive,349,343,6
S01007266,All people aged 16 and over,569,547,22
S01007266,Economically active: Total,378,363,15
S01007266,Economically active: Employee: Total,328,314,14
S01007266,Economically active: Employee: Part-time (1),92,90,2
S01007266,Economically active: Employee: Full-time (1),236,224,12
S01007266,Economically active: Self-employed: Total,39,39,0
S01007266,Economically active: Self-employed: Part-time (1),9,9,0
S01007266,Economically active: Self-employed: Full-time (1),30,30,0
S01007266,Economically active: Unemployed (1),11,10,1
S01007266,Economically inactive,191,184,7
S01007267,All people aged 16 and over,439,419,20
S01007267,Economically active: Total,313,298,15
S01007267,Economically active: Employee: Total,220,209,11
S01007267,Economically active: Employee: Part-time (1),58,54,4
S01007267,Economically active: Employee: Full-time (1),162,155,7
S01007267,Economically active: Self-employed: Total,76,73,3
S01007267,Economically active: Self-employed: Part-time (1),17,16,1
S01007267,Economically active: Self-employed: Full-time (1),59,57,2
S01007267,Economically active: Unemployed (1),17,16,1
S01007267,Economically inactive,126,121,5
S01007268,All people aged 16 and over,496,481,15
S01007268,Economically active: Total,333,323,10
S01007268,Economically active: Employee: Total,226,218,8
S01007268,Economically active: Employee: Part-time (1),69,69,0
S01007268,Economically active: Employee: Full-time (1),157,149,8
S01007268,Economically active: Self-employed: Total,88,86,2
S01007268,Economically active: Self-employed: Part-time (1),15,14,1
S01007268,Economically active: Self-employed: Full-time (1),73,72,1
S01007268,Economically active: Unemployed (1),19,19,0
S01007268,Economically inactive,163,158,5
S01007269,All people aged 16 and over,440,423,17
S01007269,Economically active: Total,251,240,11
S01007269,Economically active: Employee: Total,196,187,9
S01007269,Economically active: Employee: Part-time (1),52,52,0
S01007269,Economically active: Employee: Full-time (1),144,135,9
S01007269,Economically active: Self-employed: Total,46,45,1
S01007269,Economically active: Self-employed: Part-time (1),11,11,0
S01007269,Economically active: Self-employed: Full-time (1),35,34,1
S01007269,Economically active: Unemployed (1),9,8,1
S01007269,Economically inactive,189,183,6
S01007270,All people aged 16 and over,384,365,19
S01007270,Economically active: Total,277,262,15
S01007270,Economically active: Employee: Total,191,182,9
S01007270,Economically active: Employee: Part-time (1),42,39,3
S01007270,Economically active: Employee: Full-time (1),149,143,6
S01007270,Economically active: Self-employed: Total,76,70,6
S01007270,Economically active: Self-employed: Part-time (1),17,16,1
S01007270,Economically active: Self-employed: Full-time (1),59,54,5
S01007270,Economically active: Unemployed (1),10,10,0
S01007270,Economically inactive,107,103,4
S01007271,All people aged 16 and over,836,804,32
S01007271,Economically active: Total,518,498,20
S01007271,Economically active: Employee: Total,416,402,14
S01007271,Economically active: Employee: Part-time (1),102,100,2
S01007271,Economically active: Employee: Full-time (1),314,302,12
S01007271,Economically active: Self-employed: Total,74,69,5
S01007271,Economically active: Self-employed: Part-time (1),14,12,2
S01007271,Economically active: Self-employed: Full-time (1),60,57,3
S01007271,Economically active: Unemployed (1),28,27,1
S01007271,Economically inactive,318,306,12
S01007272,All people aged 16 and over,672,652,20
S01007272,Economically active: Total,407,390,17
S01007272,Economically active: Employee: Total,331,318,13
S01007272,Economically active: Employee: Part-time (1),84,80,4
S01007272,Economically active: Employee: Full-time (1),247,238,9
S01007272,Economically active: Self-employed: Total,32,30,2
S01007272,Economically active: Self-employed: Part-time (1),10,9,1
S01007272,Economically active: Self-employed: Full-time (1),22,21,1
S01007272,Economically active: Unemployed (1),44,42,2
S01007272,Economically inactive,265,262,3
S01007273,All people aged 16 and over,547,535,12
S01007273,Economically active: Total,338,327,11
S01007273,Economically active: Employee: Total,280,272,8
S01007273,Economically active: Employee: Part-time (1),70,68,2
S01007273,Economically active: Employee: Full-time (1),210,204,6
S01007273,Economically active: Self-employed: Total,39,38,1
S01007273,Economically active: Self-employed: Part-time (1),9,9,0
S01007273,Economically active: Self-employed: Full-time (1),30,29,1
S01007273,Economically active: Unemployed (1),19,17,2
S01007273,Economically inactive,209,208,1
S01007274,All people aged 16 and over,717,671,46
S01007274,Economically active: Total,432,404,28
S01007274,Economically active: Employee: Total,335,314,21
S01007274,Economically active: Employee: Part-time (1),86,84,2
S01007274,Economically active: Employee: Full-time (1),249,230,19
S01007274,Economically active: Self-employed: Total,55,51,4
S01007274,Economically active: Self-employed: Part-time (1),12,12,0
S01007274,Economically active: Self-employed: Full-time (1),43,39,4
S01007274,Economically active: Unemployed (1),42,39,3
S01007274,Economically inactive,285,267,18
S01007275,All people aged 16 and over,499,460,39
S01007275,Economically active: Total,262,239,23
S01007275,Economically active: Employee: Total,214,198,16
S01007275,Economically active: Employee: Part-time (1),61,58,3
S01007275,Economically active: Employee: Full-time (1),153,140,13
S01007275,Economically active: Self-employed: Total,35,31,4
S01007275,Economically active: Self-employed: Part-time (1),10,7,3
S01007275,Economically active: Self-employed: Full-time (1),25,24,1
S01007275,Economically active: Unemployed (1),13,10,3
S01007275,Economically inactive,237,221,16
S01007276,All people aged 16 and over,678,651,27
S01007276,Economically active: Total,417,400,17
S01007276,Economically active: Employee: Total,347,333,14
S01007276,Economically active: Employee: Part-time (1),96,94,2
S01007276,Economically active: Employee: Full-time (1),251,239,12
S01007276,Economically active: Self-employed: Total,42,41,1
S01007276,Economically active: Self-employed: Part-time (1),13,13,0
S01007276,Economically active: Self-employed: Full-time (1),29,28,1
S01007276,Economically active: Unemployed (1),28,26,2
S01007276,Economically inactive,261,251,10
S01007277,All people aged 16 and over,637,618,19
S01007277,Economically active: Total,373,361,12
S01007277,Economically active: Employee: Total,317,306,11
S01007277,Economically active: Employee: Part-time (1),96,95,1
S01007277,Economically active: Employee: Full-time (1),221,211,10
S01007277,Economically active: Self-employed: Total,42,41,1
S01007277,Economically active: Self-employed: Part-time (1),11,11,0
S01007277,Economically active: Self-employed: Full-time (1),31,30,1
S01007277,Economically active: Unemployed (1),14,14,0
S01007277,Economically inactive,264,257,7
S01007278,All people aged 16 and over,449,441,8
S01007278,Economically active: Total,273,270,3
S01007278,Economically active: Employee: Total,226,223,3
S01007278,Economically active: Employee: Part-time (1),72,72,0
S01007278,Economically active: Employee: Full-time (1),154,151,3
S01007278,Economically active: Self-employed: Total,39,39,0
S01007278,Economically active: Self-employed: Part-time (1),10,10,0
S01007278,Economically active: Self-employed: Full-time (1),29,29,0
S01007278,Economically active: Unemployed (1),8,8,0
S01007278,Economically inactive,176,171,5
S01007279,All people aged 16 and over,466,440,26
S01007279,Economically active: Total,318,300,18
S01007279,Economically active: Employee: Total,200,193,7
S01007279,Economically active: Employee: Part-time (1),65,64,1
S01007279,Economically active: Employee: Full-time (1),135,129,6
S01007279,Economically active: Self-employed: Total,106,95,11
S01007279,Economically active: Self-employed: Part-time (1),22,19,3
S01007279,Economically active: Self-employed: Full-time (1),84,76,8
S01007279,Economically active: Unemployed (1),12,12,0
S01007279,Economically inactive,148,140,8
S01007280,All people aged 16 and over,445,423,22
S01007280,Economically active: Total,306,290,16
S01007280,Economically active: Employee: Total,204,193,11
S01007280,Economically active: Employee: Part-time (1),58,55,3
S01007280,Economically active: Employee: Full-time (1),146,138,8
S01007280,Economically active: Self-employed: Total,79,74,5
S01007280,Economically active: Self-employed: Part-time (1),27,27,0
S01007280,Economically active: Self-employed: Full-time (1),52,47,5
S01007280,Economically active: Unemployed (1),23,23,0
S01007280,Economically inactive,139,133,6
S01007281,All people aged 16 and over,805,768,37
S01007281,Economically active: Total,522,500,22
S01007281,Economically active: Employee: Total,394,375,19
S01007281,Economically active: Employee: Part-time (1),115,111,4
S01007281,Economically active: Employee: Full-time (1),279,264,15
S01007281,Economically active: Self-employed: Total,109,107,2
S01007281,Economically active: Self-employed: Part-time (1),21,21,0
S01007281,Economically active: Self-employed: Full-time (1),88,86,2
S01007281,Economically active: Unemployed (1),19,18,1
S01007281,Economically inactive,283,268,15
S01007282,All people aged 16 and over,436,418,18
S01007282,Economically active: Total,312,301,11
S01007282,Economically active: Employee: Total,220,213,7
S01007282,Economically active: Employee: Part-time (1),58,55,3
S01007282,Economically active: Employee: Full-time (1),162,158,4
S01007282,Economically active: Self-employed: Total,78,76,2
S01007282,Economically active: Self-employed: Part-time (1),16,16,0
S01007282,Economically active: Self-employed: Full-time (1),62,60,2
S01007282,Economically active: Unemployed (1),14,12,2
S01007282,Economically inactive,124,117,7
S01007283,All people aged 16 and over,866,822,44
S01007283,Economically active: Total,406,383,23
S01007283,Economically active: Employee: Total,310,297,13
S01007283,Economically active: Employee: Part-time (1),82,77,5
S01007283,Economically active: Employee: Full-time (1),228,220,8
S01007283,Economically active: Self-employed: Total,81,74,7
S01007283,Economically active: Self-employed: Part-time (1),18,15,3
S01007283,Economically active: Self-employed: Full-time (1),63,59,4
S01007283,Economically active: Unemployed (1),15,12,3
S01007283,Economically inactive,460,439,21
S01007284,All people aged 16 and over,702,684,18
S01007284,Economically active: Total,427,415,12
S01007284,Economically active: Employee: Total,275,264,11
S01007284,Economically active: Employee: Part-time (1),103,99,4
S01007284,Economically active: Employee: Full-time (1),172,165,7
S01007284,Economically active: Self-employed: Total,141,140,1
S01007284,Economically active: Self-employed: Part-time (1),35,35,0
S01007284,Economically active: Self-employed: Full-time (1),106,105,1
S01007284,Economically active: Unemployed (1),11,11,0
S01007284,Economically inactive,275,269,6
S01007285,All people aged 16 and over,724,674,50
S01007285,Economically active: Total,456,424,32
S01007285,Economically active: Employee: Total,267,247,20
S01007285,Economically active: Employee: Part-time (1),88,83,5
S01007285,Economically active: Employee: Full-time (1),179,164,15
S01007285,Economically active: Self-employed: Total,176,165,11
S01007285,Economically active: Self-employed: Part-time (1),36,33,3
S01007285,Economically active: Self-employed: Full-time (1),140,132,8
S01007285,Economically active: Unemployed (1),13,12,1
S01007285,Economically inactive,268,250,18
S01007286,All people aged 16 and over,787,742,45
S01007286,Economically active: Total,513,476,37
S01007286,Economically active: Employee: Total,345,320,25
S01007286,Economically active: Employee: Part-time (1),96,91,5
S01007286,Economically active: Employee: Full-time (1),249,229,20
S01007286,Economically active: Self-employed: Total,146,134,12
S01007286,Economically active: Self-employed: Part-time (1),26,24,2
S01007286,Economically active: Self-employed: Full-time (1),120,110,10
S01007286,Economically active: Unemployed (1),22,22,0
S01007286,Economically inactive,274,266,8
S01007287,All people aged 16 and over,523,471,52
S01007287,Economically active: Total,360,318,42
S01007287,Economically active: Employee: Total,204,176,28
S01007287,Economically active: Employee: Part-time (1),47,40,7
S01007287,Economically active: Employee: Full-time (1),157,136,21
S01007287,Economically active: Self-employed: Total,140,130,10
S01007287,Economically active: Self-employed: Part-time (1),36,32,4
S01007287,Economically active: Self-employed: Full-time (1),104,98,6
S01007287,Economically active: Unemployed (1),16,12,4
S01007287,Economically inactive,163,153,10
S01007288,All people aged 16 and over,487,453,34
S01007288,Economically active: Total,318,294,24
S01007288,Economically active: Employee: Total,189,171,18
S01007288,Economically active: Employee: Part-time (1),54,48,6
S01007288,Economically active: Employee: Full-time (1),135,123,12
S01007288,Economically active: Self-employed: Total,117,111,6
S01007288,Economically active: Self-employed: Part-time (1),30,29,1
S01007288,Economically active: Self-employed: Full-time (1),87,82,5
S01007288,Economically active: Unemployed (1),12,12,0
S01007288,Economically inactive,169,159,10
S01007289,All people aged 16 and over,674,649,25
S01007289,Economically active: Total,455,435,20
S01007289,Economically active: Employee: Total,352,337,15
S01007289,Economically active: Employee: Part-time (1),102,100,2
S01007289,Economically active: Employee: Full-time (1),250,237,13
S01007289,Economically active: Self-employed: Total,95,90,5
S01007289,Economically active: Self-employed: Part-time (1),15,13,2
S01007289,Economically active: Self-employed: Full-time (1),80,77,3
S01007289,Economically active: Unemployed (1),8,8,0
S01007289,Economically inactive,219,214,5
S01007290,All people aged 16 and over,515,476,39
S01007290,Economically active: Total,394,363,31
S01007290,Economically active: Employee: Total,303,279,24
S01007290,Economically active: Employee: Part-time (1),99,93,6
S01007290,Economically active: Employee: Full-time (1),204,186,18
S01007290,Economically active: Self-employed: Total,56,52,4
S01007290,Economically active: Self-employed: Part-time (1),16,15,1
S01007290,Economically active: Self-employed: Full-time (1),40,37,3
S01007290,Economically active: Unemployed (1),35,32,3
S01007290,Economically inactive,121,113,8
S01007291,All people aged 16 and over,583,561,22
S01007291,Economically active: Total,336,318,18
S01007291,Economically active: Employee: Total,267,255,12
S01007291,Economically active: Employee: Part-time (1),85,81,4
S01007291,Economically active: Employee: Full-time (1),182,174,8
S01007291,Economically active: Self-employed: Total,49,44,5
S01007291,Economically active: Self-employed: Part-time (1),10,8,2
S01007291,Economically active: Self-employed: Full-time (1),39,36,3
S01007291,Economically active: Unemployed (1),20,19,1
S01007291,Economically inactive,247,243,4
S01007292,All people aged 16 and over,632,609,23
S01007292,Economically active: Total,440,422,18
S01007292,Economically active: Employee: Total,365,351,14
S01007292,Economically active: Employee: Part-time (1),114,110,4
S01007292,Economically active: Employee: Full-time (1),251,241,10
S01007292,Economically active: Self-employed: Total,61,58,3
S01007292,Economically active: Self-employed: Part-time (1),16,15,1
S01007292,Economically active: Self-employed: Full-time (1),45,43,2
S01007292,Economically active: Unemployed (1),14,13,1
S01007292,Economically inactive,192,187,5
S01007293,All people aged 16 and over,577,536,41
S01007293,Economically active: Total,449,415,34
S01007293,Economically active: Employee: Total,375,343,32
S01007293,Economically active: Employee: Part-time (1),144,140,4
S01007293,Economically active: Employee: Full-time (1),231,203,28
S01007293,Economically active: Self-employed: Total,34,34,0
S01007293,Economically active: Self-employed: Part-time (1),11,11,0
S01007293,Economically active: Self-employed: Full-time (1),23,23,0
S01007293,Economically active: Unemployed (1),40,38,2
S01007293,Economically inactive,128,121,7
S01007294,All people aged 16 and over,745,716,29
S01007294,Economically active: Total,501,480,21
S01007294,Economically active: Employee: Total,411,396,15
S01007294,Economically active: Employee: Part-time (1),137,134,3
S01007294,Economically active: Employee: Full-time (1),274,262,12
S01007294,Economically active: Self-employed: Total,69,63,6
S01007294,Economically active: Self-employed: Part-time (1),8,4,4
S01007294,Economically active: Self-employed: Full-time (1),61,59,2
S01007294,Economically active: Unemployed (1),21,21,0
S01007294,Economically inactive,244,236,8
S01007295,All people aged 16 and over,432,395,37
S01007295,Economically active: Total,257,224,33
S01007295,Economically active: Employee: Total,206,179,27
S01007295,Economically active: Employee: Part-time (1),60,54,6
S01007295,Economically active: Employee: Full-time (1),146,125,21
S01007295,Economically active: Self-employed: Total,24,21,3
S01007295,Economically active: Self-employed: Part-time (1),7,6,1
S01007295,Economically active: Self-employed: Full-time (1),17,15,2
S01007295,Economically active: Unemployed (1),27,24,3
S01007295,Economically inactive,175,171,4
S01007296,All people aged 16 and over,519,484,35
S01007296,Economically active: Total,352,324,28
S01007296,Economically active: Employee: Total,270,245,25
S01007296,Economically active: Employee: Part-time (1),56,47,9
S01007296,Economically active: Employee: Full-time (1),214,198,16
S01007296,Economically active: Self-employed: Total,52,49,3
S01007296,Economically active: Self-employed: Part-time (1),7,6,1
S01007296,Economically active: Self-employed: Full-time (1),45,43,2
S01007296,Economically active: Unemployed (1),30,30,0
S01007296,Economically inactive,167,160,7
S01007297,All people aged 16 and over,783,692,91
S01007297,Economically active: Total,567,485,82
S01007297,Economically active: Employee: Total,450,378,72
S01007297,Economically active: Employee: Part-time (1),116,104,12
S01007297,Economically active: Employee: Full-time (1),334,274,60
S01007297,Economically active: Self-employed: Total,96,86,10
S01007297,Economically active: Self-employed: Part-time (1),16,14,2
S01007297,Economically active: Self-employed: Full-time (1),80,72,8
S01007297,Economically active: Unemployed (1),21,21,0
S01007297,Economically inactive,216,207,9
S01007298,All people aged 16 and over,437,413,24
S01007298,Economically active: Total,293,275,18
S01007298,Economically active: Employee: Total,240,224,16
S01007298,Economically active: Employee: Part-time (1),92,90,2
S01007298,Economically active: Employee: Full-time (1),148,134,14
S01007298,Economically active: Self-employed: Total,39,37,2
S01007298,Economically active: Self-employed: Part-time (1),5,5,0
S01007298,Economically active: Self-employed: Full-time (1),34,32,2
S01007298,Economically active: Unemployed (1),14,14,0
S01007298,Economically inactive,144,138,6
S01007299,All people aged 16 and over,733,635,98
S01007299,Economically active: Total,521,431,90
S01007299,Economically active: Employee: Total,406,322,84
S01007299,Economically active: Employee: Part-time (1),130,100,30
S01007299,Economically active: Employee: Full-time (1),276,222,54
S01007299,Economically active: Self-employed: Total,78,74,4
S01007299,Economically active: Self-employed: Part-time (1),14,14,0
S01007299,Economically active: Self-employed: Full-time (1),64,60,4
S01007299,Economically active: Unemployed (1),37,35,2
S01007299,Economically inactive,212,204,8
S01007300,All people aged 16 and over,411,377,34
S01007300,Economically active: Total,282,254,28
S01007300,Economically active: Employee: Total,212,186,26
S01007300,Economically active: Employee: Part-time (1),83,71,12
S01007300,Economically active: Employee: Full-time (1),129,115,14
S01007300,Economically active: Self-employed: Total,38,36,2
S01007300,Economically active: Self-employed: Part-time (1),6,6,0
S01007300,Economically active: Self-employed: Full-time (1),32,30,2
S01007300,Economically active: Unemployed (1),32,32,0
S01007300,Economically inactive,129,123,6
S01007301,All people aged 16 and over,626,580,46
S01007301,Economically active: Total,399,368,31
S01007301,Economically active: Employee: Total,291,268,23
S01007301,Economically active: Employee: Part-time (1),87,81,6
S01007301,Economically active: Employee: Full-time (1),204,187,17
S01007301,Economically active: Self-employed: Total,99,92,7
S01007301,Economically active: Self-employed: Part-time (1),32,30,2
S01007301,Economically active: Self-employed: Full-time (1),67,62,5
S01007301,Economically active: Unemployed (1),9,8,1
S01007301,Economically inactive,227,212,15
S01007302,All people aged 16 and over,512,496,16
S01007302,Economically active: Total,345,334,11
S01007302,Economically active: Employee: Total,278,270,8
S01007302,Economically active: Employee: Part-time (1),97,93,4
S01007302,Economically active: Employee: Full-time (1),181,177,4
S01007302,Economically active: Self-employed: Total,42,40,2
S01007302,Economically active: Self-employed: Part-time (1),15,14,1
S01007302,Economically active: Self-employed: Full-time (1),27,26,1
S01007302,Economically active: Unemployed (1),25,24,1
S01007302,Economically inactive,167,162,5
S01007303,All people aged 16 and over,779,724,55
S01007303,Economically active: Total,476,436,40
S01007303,Economically active: Employee: Total,346,311,35
S01007303,Economically active: Employee: Part-time (1),92,87,5
S01007303,Economically active: Employee: Full-time (1),254,224,30
S01007303,Economically active: Self-employed: Total,113,108,5
S01007303,Economically active: Self-employed: Part-time (1),32,29,3
S01007303,Economically active: Self-employed: Full-time (1),81,79,2
S01007303,Economically active: Unemployed (1),17,17,0
S01007303,Economically inactive,303,288,15
S01007304,All people aged 16 and over,584,535,49
S01007304,Economically active: Total,343,307,36
S01007304,Economically active: Employee: Total,215,192,23
S01007304,Economically active: Employee: Part-time (1),73,67,6
S01007304,Economically active: Employee: Full-time (1),142,125,17
S01007304,Economically active: Self-employed: Total,118,107,11
S01007304,Economically active: Self-employed: Part-time (1),32,26,6
S01007304,Economically active: Self-employed: Full-time (1),86,81,5
S01007304,Economically active: Unemployed (1),10,8,2
S01007304,Economically inactive,241,228,13
S01007305,All people aged 16 and over,608,572,36
S01007305,Economically active: Total,407,379,28
S01007305,Economically active: Employee: Total,298,277,21
S01007305,Economically active: Employee: Part-time (1),106,102,4
S01007305,Economically active: Employee: Full-time (1),192,175,17
S01007305,Economically active: Self-employed: Total,100,93,7
S01007305,Economically active: Self-employed: Part-time (1),21,20,1
S01007305,Economically active: Self-employed: Full-time (1),79,73,6
S01007305,Economically active: Unemployed (1),9,9,0
S01007305,Economically inactive,201,193,8
S01007306,All people aged 16 and over,612,591,21
S01007306,Economically active: Total,396,378,18
S01007306,Economically active: Employee: Total,294,283,11
S01007306,Economically active: Employee: Part-time (1),98,96,2
S01007306,Economically active: Employee: Full-time (1),196,187,9
S01007306,Economically active: Self-employed: Total,81,75,6
S01007306,Economically active: Self-employed: Part-time (1),20,18,2
S01007306,Economically active: Self-employed: Full-time (1),61,57,4
S01007306,Economically active: Unemployed (1),21,20,1
S01007306,Economically inactive,216,213,3
S01007307,All people aged 16 and over,663,630,33
S01007307,Economically active: Total,439,412,27
S01007307,Economically active: Employee: Total,299,281,18
S01007307,Economically active: Employee: Part-time (1),92,85,7
S01007307,Economically active: Employee: Full-time (1),207,196,11
S01007307,Economically active: Self-employed: Total,129,120,9
S01007307,Economically active: Self-employed: Part-time (1),31,28,3
S01007307,Economically active: Self-employed: Full-time (1),98,92,6
S01007307,Economically active: Unemployed (1),11,11,0
S01007307,Economically inactive,224,218,6
S01007308,All people aged 16 and over,686,609,77
S01007308,Economically active: Total,439,379,60
S01007308,Economically active: Employee: Total,326,274,52
S01007308,Economically active: Employee: Part-time (1),68,65,3
S01007308,Economically active: Employee: Full-time (1),258,209,49
S01007308,Economically active: Self-employed: Total,91,85,6
S01007308,Economically active: Self-employed: Part-time (1),27,25,2
S01007308,Economically active: Self-employed: Full-time (1),64,60,4
S01007308,Economically active: Unemployed (1),22,20,2
S01007308,Economically inactive,247,230,17
S01007309,All people aged 16 and over,550,500,50
S01007309,Economically active: Total,365,323,42
S01007309,Economically active: Employee: Total,248,211,37
S01007309,Economically active: Employee: Part-time (1),61,52,9
S01007309,Economically active: Employee: Full-time (1),187,159,28
S01007309,Economically active: Self-employed: Total,101,96,5
S01007309,Economically active: Self-employed: Part-time (1),23,22,1
S01007309,Economically active: Self-employed: Full-time (1),78,74,4
S01007309,Economically active: Unemployed (1),16,16,0
S01007309,Economically inactive,185,177,8
S01007310,All people aged 16 and over,686,650,36
S01007310,Economically active: Total,384,365,19
S01007310,Economically active: Employee: Total,231,218,13
S01007310,Economically active: Employee: Part-time (1),77,72,5
S01007310,Economically active: Employee: Full-time (1),154,146,8
S01007310,Economically active: Self-employed: Total,125,120,5
S01007310,Economically active: Self-employed: Part-time (1),35,32,3
S01007310,Economically active: Self-employed: Full-time (1),90,88,2
S01007310,Economically active: Unemployed (1),28,27,1
S01007310,Economically inactive,302,285,17
S01007311,All people aged 16 and over,653,599,54
S01007311,Economically active: Total,474,422,52
S01007311,Economically active: Employee: Total,361,314,47
S01007311,Economically active: Employee: Part-time (1),96,87,9
S01007311,Economically active: Employee: Full-time (1),265,227,38
S01007311,Economically active: Self-employed: Total,89,85,4
S01007311,Economically active: Self-employed: Part-time (1),16,16,0
S01007311,Economically active: Self-employed: Full-time (1),73,69,4
S01007311,Economically active: Unemployed (1),24,23,1
S01007311,Economically inactive,179,177,2
S01007312,All people aged 16 and over,626,597,29
S01007312,Economically active: Total,371,349,22
S01007312,Economically active: Employee: Total,278,263,15
S01007312,Economically active: Employee: Part-time (1),83,79,4
S01007312,Economically active: Employee: Full-time (1),195,184,11
S01007312,Economically active: Self-employed: Total,71,65,6
S01007312,Economically active: Self-employed: Part-time (1),21,19,2
S01007312,Economically active: Self-employed: Full-time (1),50,46,4
S01007312,Economically active: Unemployed (1),22,21,1
S01007312,Economically inactive,255,248,7
S01007313,All people aged 16 and over,826,779,47
S01007313,Economically active: Total,533,498,35
S01007313,Economically active: Employee: Total,345,325,20
S01007313,Economically active: Employee: Part-time (1),111,104,7
S01007313,Economically active: Employee: Full-time (1),234,221,13
S01007313,Economically active: Self-employed: Total,171,157,14
S01007313,Economically active: Self-employed: Part-time (1),48,42,6
S01007313,Economically active: Self-employed: Full-time (1),123,115,8
S01007313,Economically active: Unemployed (1),17,16,1
S01007313,Economically inactive,293,281,12
S01007314,All people aged 16 and over,528,502,26
S01007314,Economically active: Total,386,364,22
S01007314,Economically active: Employee: Total,290,272,18
S01007314,Economically active: Employee: Part-time (1),76,70,6
S01007314,Economically active: Employee: Full-time (1),214,202,12
S01007314,Economically active: Self-employed: Total,84,80,4
S01007314,Economically active: Self-employed: Part-time (1),26,24,2
S01007314,Economically active: Self-employed: Full-time (1),58,56,2
S01007314,Economically active: Unemployed (1),12,12,0
S01007314,Economically inactive,142,138,4
S01007315,All people aged 16 and over,781,755,26
S01007315,Economically active: Total,532,513,19
S01007315,Economically active: Employee: Total,456,441,15
S01007315,Economically active: Employee: Part-time (1),105,102,3
S01007315,Economically active: Employee: Full-time (1),351,339,12
S01007315,Economically active: Self-employed: Total,49,46,3
S01007315,Economically active: Self-employed: Part-time (1),7,6,1
S01007315,Economically active: Self-employed: Full-time (1),42,40,2
S01007315,Economically active: Unemployed (1),27,26,1
S01007315,Economically inactive,249,242,7
S01007316,All people aged 16 and over,733,715,18
S01007316,Economically active: Total,431,416,15
S01007316,Economically active: Employee: Total,348,336,12
S01007316,Economically active: Employee: Part-time (1),77,76,1
S01007316,Economically active: Employee: Full-time (1),271,260,11
S01007316,Economically active: Self-employed: Total,48,47,1
S01007316,Economically active: Self-employed: Part-time (1),6,6,0
S01007316,Economically active: Self-employed: Full-time (1),42,41,1
S01007316,Economically active: Unemployed (1),35,33,2
S01007316,Economically inactive,302,299,3
S01007317,All people aged 16 and over,530,508,22
S01007317,Economically active: Total,376,357,19
S01007317,Economically active: Employee: Total,315,301,14
S01007317,Economically active: Employee: Part-time (1),76,73,3
S01007317,Economically active: Employee: Full-time (1),239,228,11
S01007317,Economically active: Self-employed: Total,41,37,4
S01007317,Economically active: Self-employed: Part-time (1),17,16,1
S01007317,Economically active: Self-employed: Full-time (1),24,21,3
S01007317,Economically active: Unemployed (1),20,19,1
S01007317,Economically inactive,154,151,3
S01007318,All people aged 16 and over,475,456,19
S01007318,Economically active: Total,318,302,16
S01007318,Economically active: Employee: Total,242,230,12
S01007318,Economically active: Employee: Part-time (1),68,63,5
S01007318,Economically active: Employee: Full-time (1),174,167,7
S01007318,Economically active: Self-employed: Total,56,52,4
S01007318,Economically active: Self-employed: Part-time (1),11,11,0
S01007318,Economically active: Self-employed: Full-time (1),45,41,4
S01007318,Economically active: Unemployed (1),20,20,0
S01007318,Economically inactive,157,154,3
S01007319,All people aged 16 and over,632,602,30
S01007319,Economically active: Total,396,373,23
S01007319,Economically active: Employee: Total,310,296,14
S01007319,Economically active: Employee: Part-time (1),81,77,4
S01007319,Economically active: Employee: Full-time (1),229,219,10
S01007319,Economically active: Self-employed: Total,64,57,7
S01007319,Economically active: Self-employed: Part-time (1),14,12,2
S01007319,Economically active: Self-employed: Full-time (1),50,45,5
S01007319,Economically active: Unemployed (1),22,20,2
S01007319,Economically inactive,236,229,7
S01007320,All people aged 16 and over,640,591,49
S01007320,Economically active: Total,400,365,35
S01007320,Economically active: Employee: Total,269,247,22
S01007320,Economically active: Employee: Part-time (1),79,73,6
S01007320,Economically active: Employee: Full-time (1),190,174,16
S01007320,Economically active: Self-employed: Total,108,96,12
S01007320,Economically active: Self-employed: Part-time (1),31,29,2
S01007320,Economically active: Self-employed: Full-time (1),77,67,10
S01007320,Economically active: Unemployed (1),23,22,1
S01007320,Economically inactive,240,226,14
S01007321,All people aged 16 and over,528,500,28
S01007321,Economically active: Total,330,311,19
S01007321,Economically active: Employee: Total,204,195,9
S01007321,Economically active: Employee: Part-time (1),61,58,3
S01007321,Economically active: Employee: Full-time (1),143,137,6
S01007321,Economically active: Self-employed: Total,111,103,8
S01007321,Economically active: Self-employed: Part-time (1),26,21,5
S01007321,Economically active: Self-employed: Full-time (1),85,82,3
S01007321,Economically active: Unemployed (1),15,13,2
S01007321,Economically inactive,198,189,9
S01007322,All people aged 16 and over,634,609,25
S01007322,Economically active: Total,395,376,19
S01007322,Economically active: Employee: Total,274,260,14
S01007322,Economically active: Employee: Part-time (1),66,62,4
S01007322,Economically active: Employee: Full-time (1),208,198,10
S01007322,Economically active: Self-employed: Total,95,90,5
S01007322,Economically active: Self-employed: Part-time (1),19,18,1
S01007322,Economically active: Self-employed: Full-time (1),76,72,4
S01007322,Economically active: Unemployed (1),26,26,0
S01007322,Economically inactive,239,233,6
S01007323,All people aged 16 and over,394,377,17
S01007323,Economically active: Total,266,252,14
S01007323,Economically active: Employee: Total,209,200,9
S01007323,Economically active: Employee: Part-time (1),54,51,3
S01007323,Economically active: Employee: Full-time (1),155,149,6
S01007323,Economically active: Self-employed: Total,48,43,5
S01007323,Economically active: Self-employed: Part-time (1),7,6,1
S01007323,Economically active: Self-employed: Full-time (1),41,37,4
S01007323,Economically active: Unemployed (1),9,9,0
S01007323,Economically inactive,128,125,3
S01007324,All people aged 16 and over,290,267,23
S01007324,Economically active: Total,180,163,17
S01007324,Economically active: Employee: Total,126,116,10
S01007324,Economically active: Employee: Part-time (1),51,49,2
S01007324,Economically active: Employee: Full-time (1),75,67,8
S01007324,Economically active: Self-employed: Total,43,40,3
S01007324,Economically active: Self-employed: Part-time (1),13,12,1
S01007324,Economically active: Self-employed: Full-time (1),30,28,2
S01007324,Economically active: Unemployed (1),11,7,4
S01007324,Economically inactive,110,104,6
S01007325,All people aged 16 and over,685,643,42
S01007325,Economically active: Total,411,382,29
S01007325,Economically active: Employee: Total,274,253,21
S01007325,Economically active: Employee: Part-time (1),93,89,4
S01007325,Economically active: Employee: Full-time (1),181,164,17
S01007325,Economically active: Self-employed: Total,121,114,7
S01007325,Economically active: Self-employed: Part-time (1),18,17,1
S01007325,Economically active: Self-employed: Full-time (1),103,97,6
S01007325,Economically active: Unemployed (1),16,15,1
S01007325,Economically inactive,274,261,13
S01007326,All people aged 16 and over,659,649,10
S01007326,Economically active: Total,410,404,6
S01007326,Economically active: Employee: Total,294,291,3
S01007326,Economically active: Employee: Part-time (1),82,81,1
S01007326,Economically active: Employee: Full-time (1),212,210,2
S01007326,Economically active: Self-employed: Total,97,94,3
S01007326,Economically active: Self-employed: Part-time (1),15,15,0
S01007326,Economically active: Self-employed: Full-time (1),82,79,3
S01007326,Economically active: Unemployed (1),19,19,0
S01007326,Economically inactive,249,245,4
S01007327,All people aged 16 and over,657,633,24
S01007327,Economically active: Total,396,376,20
S01007327,Economically active: Employee: Total,305,290,15
S01007327,Economically active: Employee: Part-time (1),70,67,3
S01007327,Economically active: Employee: Full-time (1),235,223,12
S01007327,Economically active: Self-employed: Total,66,63,3
S01007327,Economically active: Self-employed: Part-time (1),8,6,2
S01007327,Economically active: Self-employed: Full-time (1),58,57,1
S01007327,Economically active: Unemployed (1),25,23,2
S01007327,Economically inactive,261,257,4
S01007328,All people aged 16 and over,713,684,29
S01007328,Economically active: Total,448,423,25
S01007328,Economically active: Employee: Total,334,312,22
S01007328,Economically active: Employee: Part-time (1),105,100,5
S01007328,Economically active: Employee: Full-time (1),229,212,17
S01007328,Economically active: Self-employed: Total,87,84,3
S01007328,Economically active: Self-employed: Part-time (1),16,16,0
S01007328,Economically active: Self-employed: Full-time (1),71,68,3
S01007328,Economically active: Unemployed (1),27,27,0
S01007328,Economically inactive,265,261,4
S01007329,All people aged 16 and over,568,541,27
S01007329,Economically active: Total,364,346,18
S01007329,Economically active: Employee: Total,227,216,11
S01007329,Economically active: Employee: Part-time (1),81,80,1
S01007329,Economically active: Employee: Full-time (1),146,136,10
S01007329,Economically active: Self-employed: Total,119,116,3
S01007329,Economically active: Self-employed: Part-time (1),28,26,2
S01007329,Economically active: Self-employed: Full-time (1),91,90,1
S01007329,Economically active: Unemployed (1),18,14,4
S01007329,Economically inactive,204,195,9
S01007330,All people aged 16 and over,690,665,25
S01007330,Economically active: Total,369,356,13
S01007330,Economically active: Employee: Total,231,224,7
S01007330,Economically active: Employee: Part-time (1),88,84,4
S01007330,Economically active: Employee: Full-time (1),143,140,3
S01007330,Economically active: Self-employed: Total,114,108,6
S01007330,Economically active: Self-employed: Part-time (1),24,21,3
S01007330,Economically active: Self-employed: Full-time (1),90,87,3
S01007330,Economically active: Unemployed (1),24,24,0
S01007330,Economically inactive,321,309,12
S01007331,All people aged 16 and over,815,780,35
S01007331,Economically active: Total,545,521,24
S01007331,Economically active: Employee: Total,380,364,16
S01007331,Economically active: Employee: Part-time (1),106,104,2
S01007331,Economically active: Employee: Full-time (1),274,260,14
S01007331,Economically active: Self-employed: Total,135,131,4
S01007331,Economically active: Self-employed: Part-time (1),21,20,1
S01007331,Economically active: Self-employed: Full-time (1),114,111,3
S01007331,Economically active: Unemployed (1),30,26,4
S01007331,Economically inactive,270,259,11
S01007332,All people aged 16 and over,435,422,13
S01007332,Economically active: Total,254,246,8
S01007332,Economically active: Employee: Total,137,132,5
S01007332,Economically active: Employee: Part-time (1),51,48,3
S01007332,Economically active: Employee: Full-time (1),86,84,2
S01007332,Economically active: Self-employed: Total,104,102,2
S01007332,Economically active: Self-employed: Part-time (1),19,18,1
S01007332,Economically active: Self-employed: Full-time (1),85,84,1
S01007332,Economically active: Unemployed (1),13,12,1
S01007332,Economically inactive,181,176,5
S01007333,All people aged 16 and over,688,666,22
S01007333,Economically active: Total,385,372,13
S01007333,Economically active: Employee: Total,296,287,9
S01007333,Economically active: Employee: Part-time (1),88,86,2
S01007333,Economically active: Employee: Full-time (1),208,201,7
S01007333,Economically active: Self-employed: Total,70,67,3
S01007333,Economically active: Self-employed: Part-time (1),15,13,2
S01007333,Economically active: Self-employed: Full-time (1),55,54,1
S01007333,Economically active: Unemployed (1),19,18,1
S01007333,Economically inactive,303,294,9
S01007334,All people aged 16 and over,591,568,23
S01007334,Economically active: Total,327,310,17
S01007334,Economically active: Employee: Total,243,236,7
S01007334,Economically active: Employee: Part-time (1),90,90,0
S01007334,Economically active: Employee: Full-time (1),153,146,7
S01007334,Economically active: Self-employed: Total,33,26,7
S01007334,Economically active: Self-employed: Part-time (1),13,8,5
S01007334,Economically active: Self-employed: Full-time (1),20,18,2
S01007334,Economically active: Unemployed (1),51,48,3
S01007334,Economically inactive,264,258,6
S01007335,All people aged 16 and over,667,654,13
S01007335,Economically active: Total,379,370,9
S01007335,Economically active: Employee: Total,315,306,9
S01007335,Economically active: Employee: Part-time (1),107,103,4
S01007335,Economically active: Employee: Full-time (1),208,203,5
S01007335,Economically active: Self-employed: Total,27,27,0
S01007335,Economically active: Self-employed: Part-time (1),2,2,0
S01007335,Economically active: Self-employed: Full-time (1),25,25,0
S01007335,Economically active: Unemployed (1),37,37,0
S01007335,Economically inactive,288,284,4
S01007336,All people aged 16 and over,458,430,28
S01007336,Economically active: Total,269,246,23
S01007336,Economically active: Employee: Total,190,172,18
S01007336,Economically active: Employee: Part-time (1),57,51,6
S01007336,Economically active: Employee: Full-time (1),133,121,12
S01007336,Economically active: Self-employed: Total,37,34,3
S01007336,Economically active: Self-employed: Part-time (1),6,6,0
S01007336,Economically active: Self-employed: Full-time (1),31,28,3
S01007336,Economically active: Unemployed (1),42,40,2
S01007336,Economically inactive,189,184,5
S01007337,All people aged 16 and over,562,547,15
S01007337,Economically active: Total,285,274,11
S01007337,Economically active: Employee: Total,218,209,9
S01007337,Economically active: Employee: Part-time (1),77,71,6
S01007337,Economically active: Employee: Full-time (1),141,138,3
S01007337,Economically active: Self-employed: Total,44,43,1
S01007337,Economically active: Self-employed: Part-time (1),10,10,0
S01007337,Economically active: Self-employed: Full-time (1),34,33,1
S01007337,Economically active: Unemployed (1),23,22,1
S01007337,Economically inactive,277,273,4
S01007338,All people aged 16 and over,606,594,12
S01007338,Economically active: Total,384,376,8
S01007338,Economically active: Employee: Total,321,315,6
S01007338,Economically active: Employee: Part-time (1),113,110,3
S01007338,Economically active: Employee: Full-time (1),208,205,3
S01007338,Economically active: Self-employed: Total,42,40,2
S01007338,Economically active: Self-employed: Part-time (1),9,7,2
S01007338,Economically active: Self-employed: Full-time (1),33,33,0
S01007338,Economically active: Unemployed (1),21,21,0
S01007338,Economically inactive,222,218,4
S01007339,All people aged 16 and over,527,514,13
S01007339,Economically active: Total,289,282,7
S01007339,Economically active: Employee: Total,229,224,5
S01007339,Economically active: Employee: Part-time (1),82,79,3
S01007339,Economically active: Employee: Full-time (1),147,145,2
S01007339,Economically active: Self-employed: Total,53,52,1
S01007339,Economically active: Self-employed: Part-time (1),6,6,0
S01007339,Economically active: Self-employed: Full-time (1),47,46,1
S01007339,Economically active: Unemployed (1),7,6,1
S01007339,Economically inactive,238,232,6
S01007340,All people aged 16 and over,404,391,13
S01007340,Economically active: Total,200,192,8
S01007340,Economically active: Employee: Total,146,141,5
S01007340,Economically active: Employee: Part-time (1),45,43,2
S01007340,Economically active: Employee: Full-time (1),101,98,3
S01007340,Economically active: Self-employed: Total,38,36,2
S01007340,Economically active: Self-employed: Part-time (1),11,10,1
S01007340,Economically active: Self-employed: Full-time (1),27,26,1
S01007340,Economically active: Unemployed (1),16,15,1
S01007340,Economically inactive,204,199,5
S01007341,All people aged 16 and over,654,634,20
S01007341,Economically active: Total,295,280,15
S01007341,Economically active: Employee: Total,217,206,11
S01007341,Economically active: Employee: Part-time (1),64,61,3
S01007341,Economically active: Employee: Full-time (1),153,145,8
S01007341,Economically active: Self-employed: Total,58,55,3
S01007341,Economically active: Self-employed: Part-time (1),12,11,1
S01007341,Economically active: Self-employed: Full-time (1),46,44,2
S01007341,Economically active: Unemployed (1),20,19,1
S01007341,Economically inactive,359,354,5
S01007342,All people aged 16 and over,724,680,44
S01007342,Economically active: Total,383,351,32
S01007342,Economically active: Employee: Total,272,247,25
S01007342,Economically active: Employee: Part-time (1),116,100,16
S01007342,Economically active: Employee: Full-time (1),156,147,9
S01007342,Economically active: Self-employed: Total,99,93,6
S01007342,Economically active: Self-employed: Part-time (1),23,22,1
S01007342,Economically active: Self-employed: Full-time (1),76,71,5
S01007342,Economically active: Unemployed (1),12,11,1
S01007342,Economically inactive,341,329,12
S01007343,All people aged 16 and over,569,547,22
S01007343,Economically active: Total,337,323,14
S01007343,Economically active: Employee: Total,204,195,9
S01007343,Economically active: Employee: Part-time (1),63,61,2
S01007343,Economically active: Employee: Full-time (1),141,134,7
S01007343,Economically active: Self-employed: Total,125,121,4
S01007343,Economically active: Self-employed: Part-time (1),23,22,1
S01007343,Economically active: Self-employed: Full-time (1),102,99,3
S01007343,Economically active: Unemployed (1),8,7,1
S01007343,Economically inactive,232,224,8
S01007344,All people aged 16 and over,394,374,20
S01007344,Economically active: Total,193,181,12
S01007344,Economically active: Employee: Total,148,138,10
S01007344,Economically active: Employee: Part-time (1),42,40,2
S01007344,Economically active: Employee: Full-time (1),106,98,8
S01007344,Economically active: Self-employed: Total,38,37,1
S01007344,Economically active: Self-employed: Part-time (1),8,7,1
S01007344,Economically active: Self-employed: Full-time (1),30,30,0
S01007344,Economically active: Unemployed (1),7,6,1
S01007344,Economically inactive,201,193,8
S01007345,All people aged 16 and over,454,444,10
S01007345,Economically active: Total,272,266,6
S01007345,Economically active: Employee: Total,197,192,5
S01007345,Economically active: Employee: Part-time (1),85,83,2
S01007345,Economically active: Employee: Full-time (1),112,109,3
S01007345,Economically active: Self-employed: Total,30,30,0
S01007345,Economically active: Self-employed: Part-time (1),8,8,0
S01007345,Economically active: Self-employed: Full-time (1),22,22,0
S01007345,Economically active: Unemployed (1),45,44,1
S01007345,Economically inactive,182,178,4
S01007346,All people aged 16 and over,487,461,26
S01007346,Economically active: Total,258,237,21
S01007346,Economically active: Employee: Total,191,179,12
S01007346,Economically active: Employee: Part-time (1),61,56,5
S01007346,Economically active: Employee: Full-time (1),130,123,7
S01007346,Economically active: Self-employed: Total,25,18,7
S01007346,Economically active: Self-employed: Part-time (1),5,5,0
S01007346,Economically active: Self-employed: Full-time (1),20,13,7
S01007346,Economically active: Unemployed (1),42,40,2
S01007346,Economically inactive,229,224,5
S01007347,All people aged 16 and over,543,530,13
S01007347,Economically active: Total,265,257,8
S01007347,Economically active: Employee: Total,199,194,5
S01007347,Economically active: Employee: Part-time (1),71,68,3
S01007347,Economically active: Employee: Full-time (1),128,126,2
S01007347,Economically active: Self-employed: Total,32,30,2
S01007347,Economically active: Self-employed: Part-time (1),7,5,2
S01007347,Economically active: Self-employed: Full-time (1),25,25,0
S01007347,Economically active: Unemployed (1),34,33,1
S01007347,Economically inactive,278,273,5
S01007348,All people aged 16 and over,491,481,10
S01007348,Economically active: Total,279,274,5
S01007348,Economically active: Employee: Total,217,214,3
S01007348,Economically active: Employee: Part-time (1),86,86,0
S01007348,Economically active: Employee: Full-time (1),131,128,3
S01007348,Economically active: Self-employed: Total,32,30,2
S01007348,Economically active: Self-employed: Part-time (1),13,12,1
S01007348,Economically active: Self-employed: Full-time (1),19,18,1
S01007348,Economically active: Unemployed (1),30,30,0
S01007348,Economically inactive,212,207,5
S01007349,All people aged 16 and over,340,331,9
S01007349,Economically active: Total,207,204,3
S01007349,Economically active: Employee: Total,168,166,2
S01007349,Economically active: Employee: Part-time (1),60,59,1
S01007349,Economically active: Employee: Full-time (1),108,107,1
S01007349,Economically active: Self-employed: Total,18,18,0
S01007349,Economically active: Self-employed: Part-time (1),2,2,0
S01007349,Economically active: Self-employed: Full-time (1),16,16,0
S01007349,Economically active: Unemployed (1),21,20,1
S01007349,Economically inactive,133,127,6
S01007350,All people aged 16 and over,506,481,25
S01007350,Economically active: Total,274,253,21
S01007350,Economically active: Employee: Total,198,180,18
S01007350,Economically active: Employee: Part-time (1),67,67,0
S01007350,Economically active: Employee: Full-time (1),131,113,18
S01007350,Economically active: Self-employed: Total,50,49,1
S01007350,Economically active: Self-employed: Part-time (1),16,15,1
S01007350,Economically active: Self-employed: Full-time (1),34,34,0
S01007350,Economically active: Unemployed (1),26,24,2
S01007350,Economically inactive,232,228,4
S01007351,All people aged 16 and over,592,557,35
S01007351,Economically active: Total,281,260,21
S01007351,Economically active: Employee: Total,170,156,14
S01007351,Economically active: Employee: Part-time (1),50,44,6
S01007351,Economically active: Employee: Full-time (1),120,112,8
S01007351,Economically active: Self-employed: Total,97,92,5
S01007351,Economically active: Self-employed: Part-time (1),27,24,3
S01007351,Economically active: Self-employed: Full-time (1),70,68,2
S01007351,Economically active: Unemployed (1),14,12,2
S01007351,Economically inactive,311,297,14
S01007352,All people aged 16 and over,442,399,43
S01007352,Economically active: Total,262,230,32
S01007352,Economically active: Employee: Total,142,121,21
S01007352,Economically active: Employee: Part-time (1),37,33,4
S01007352,Economically active: Employee: Full-time (1),105,88,17
S01007352,Economically active: Self-employed: Total,102,94,8
S01007352,Economically active: Self-employed: Part-time (1),20,18,2
S01007352,Economically active: Self-employed: Full-time (1),82,76,6
S01007352,Economically active: Unemployed (1),18,15,3
S01007352,Economically inactive,180,169,11
S01007353,All people aged 16 and over,538,509,29
S01007353,Economically active: Total,286,268,18
S01007353,Economically active: Employee: Total,200,191,9
S01007353,Economically active: Employee: Part-time (1),61,60,1
S01007353,Economically active: Employee: Full-time (1),139,131,8
S01007353,Economically active: Self-employed: Total,66,58,8
S01007353,Economically active: Self-employed: Part-time (1),19,17,2
S01007353,Economically active: Self-employed: Full-time (1),47,41,6
S01007353,Economically active: Unemployed (1),20,19,1
S01007353,Economically inactive,252,241,11
S01007354,All people aged 16 and over,707,678,29
S01007354,Economically active: Total,340,321,19
S01007354,Economically active: Employee: Total,258,246,12
S01007354,Economically active: Employee: Part-time (1),76,68,8
S01007354,Economically active: Employee: Full-time (1),182,178,4
S01007354,Economically active: Self-employed: Total,62,58,4
S01007354,Economically active: Self-employed: Part-time (1),21,20,1
S01007354,Economically active: Self-employed: Full-time (1),41,38,3
S01007354,Economically active: Unemployed (1),20,17,3
S01007354,Economically inactive,367,357,10
S01007355,All people aged 16 and over,854,805,49
S01007355,Economically active: Total,459,432,27
S01007355,Economically active: Employee: Total,311,290,21
S01007355,Economically active: Employee: Part-time (1),81,76,5
S01007355,Economically active: Employee: Full-time (1),230,214,16
S01007355,Economically active: Self-employed: Total,124,119,5
S01007355,Economically active: Self-employed: Part-time (1),27,25,2
S01007355,Economically active: Self-employed: Full-time (1),97,94,3
S01007355,Economically active: Unemployed (1),24,23,1
S01007355,Economically inactive,395,373,22
S01007356,All people aged 16 and over,625,590,35
S01007356,Economically active: Total,320,300,20
S01007356,Economically active: Employee: Total,221,208,13
S01007356,Economically active: Employee: Part-time (1),78,72,6
S01007356,Economically active: Employee: Full-time (1),143,136,7
S01007356,Economically active: Self-employed: Total,70,65,5
S01007356,Economically active: Self-employed: Part-time (1),21,20,1
S01007356,Economically active: Self-employed: Full-time (1),49,45,4
S01007356,Economically active: Unemployed (1),29,27,2
S01007356,Economically inactive,305,290,15
S01007357,All people aged 16 and over,681,629,52
S01007357,Economically active: Total,386,350,36
S01007357,Economically active: Employee: Total,263,239,24
S01007357,Economically active: Employee: Part-time (1),83,78,5
S01007357,Economically active: Employee: Full-time (1),180,161,19
S01007357,Economically active: Self-employed: Total,108,97,11
S01007357,Economically active: Self-employed: Part-time (1),29,25,4
S01007357,Economically active: Self-employed: Full-time (1),79,72,7
S01007357,Economically active: Unemployed (1),15,14,1
S01007357,Economically inactive,295,279,16
S01007358,All people aged 16 and over,765,699,66
S01007358,Economically active: Total,537,482,55
S01007358,Economically active: Employee: Total,420,367,53
S01007358,Economically active: Employee: Part-time (1),105,91,14
S01007358,Economically active: Employee: Full-time (1),315,276,39
S01007358,Economically active: Self-employed: Total,91,89,2
S01007358,Economically active: Self-employed: Part-time (1),24,24,0
S01007358,Economically active: Self-employed: Full-time (1),67,65,2
S01007358,Economically active: Unemployed (1),26,26,0
S01007358,Economically inactive,228,217,11
S01007359,All people aged 16 and over,668,636,32
S01007359,Economically active: Total,364,344,20
S01007359,Economically active: Employee: Total,290,275,15
S01007359,Economically active: Employee: Part-time (1),90,83,7
S01007359,Economically active: Employee: Full-time (1),200,192,8
S01007359,Economically active: Self-employed: Total,43,39,4
S01007359,Economically active: Self-employed: Part-time (1),17,16,1
S01007359,Economically active: Self-employed: Full-time (1),26,23,3
S01007359,Economically active: Unemployed (1),31,30,1
S01007359,Economically inactive,304,292,12
S01007360,All people aged 16 and over,481,445,36
S01007360,Economically active: Total,234,209,25
S01007360,Economically active: Employee: Total,178,162,16
S01007360,Economically active: Employee: Part-time (1),50,46,4
S01007360,Economically active: Employee: Full-time (1),128,116,12
S01007360,Economically active: Self-employed: Total,42,36,6
S01007360,Economically active: Self-employed: Part-time (1),13,11,2
S01007360,Economically active: Self-employed: Full-time (1),29,25,4
S01007360,Economically active: Unemployed (1),14,11,3
S01007360,Economically inactive,247,236,11
S01007361,All people aged 16 and over,884,841,43
S01007361,Economically active: Total,475,449,26
S01007361,Economically active: Employee: Total,339,319,20
S01007361,Economically active: Employee: Part-time (1),103,96,7
S01007361,Economically active: Employee: Full-time (1),236,223,13
S01007361,Economically active: Self-employed: Total,98,92,6
S01007361,Economically active: Self-employed: Part-time (1),21,19,2
S01007361,Economically active: Self-employed: Full-time (1),77,73,4
S01007361,Economically active: Unemployed (1),38,38,0
S01007361,Economically inactive,409,392,17
S01007362,All people aged 16 and over,659,628,31
S01007362,Economically active: Total,349,333,16
S01007362,Economically active: Employee: Total,281,270,11
S01007362,Economically active: Employee: Part-time (1),76,73,3
S01007362,Economically active: Employee: Full-time (1),205,197,8
S01007362,Economically active: Self-employed: Total,48,45,3
S01007362,Economically active: Self-employed: Part-time (1),14,12,2
S01007362,Economically active: Self-employed: Full-time (1),34,33,1
S01007362,Economically active: Unemployed (1),20,18,2
S01007362,Economically inactive,310,295,15
S01007363,All people aged 16 and over,608,577,31
S01007363,Economically active: Total,283,267,16
S01007363,Economically active: Employee: Total,219,207,12
S01007363,Economically active: Employee: Part-time (1),67,62,5
S01007363,Economically active: Employee: Full-time (1),152,145,7
S01007363,Economically active: Self-employed: Total,35,32,3
S01007363,Economically active: Self-employed: Part-time (1),7,6,1
S01007363,Economically active: Self-employed: Full-time (1),28,26,2
S01007363,Economically active: Unemployed (1),29,28,1
S01007363,Economically inactive,325,310,15
S01007364,All people aged 16 and over,687,661,26
S01007364,Economically active: Total,404,386,18
S01007364,Economically active: Employee: Total,317,301,16
S01007364,Economically active: Employee: Part-time (1),110,108,2
S01007364,Economically active: Employee: Full-time (1),207,193,14
S01007364,Economically active: Self-employed: Total,27,26,1
S01007364,Economically active: Self-employed: Part-time (1),5,4,1
S01007364,Economically active: Self-employed: Full-time (1),22,22,0
S01007364,Economically active: Unemployed (1),60,59,1
S01007364,Economically inactive,283,275,8
S01007365,All people aged 16 and over,392,385,7
S01007365,Economically active: Total,230,225,5
S01007365,Economically active: Employee: Total,178,174,4
S01007365,Economically active: Employee: Part-time (1),61,59,2
S01007365,Economically active: Employee: Full-time (1),117,115,2
S01007365,Economically active: Self-employed: Total,25,25,0
S01007365,Economically active: Self-employed: Part-time (1),4,4,0
S01007365,Economically active: Self-employed: Full-time (1),21,21,0
S01007365,Economically active: Unemployed (1),27,26,1
S01007365,Economically inactive,162,160,2
S01007366,All people aged 16 and over,398,383,15
S01007366,Economically active: Total,173,167,6
S01007366,Economically active: Employee: Total,132,127,5
S01007366,Economically active: Employee: Part-time (1),47,46,1
S01007366,Economically active: Employee: Full-time (1),85,81,4
S01007366,Economically active: Self-employed: Total,17,17,0
S01007366,Economically active: Self-employed: Part-time (1),6,6,0
S01007366,Economically active: Self-employed: Full-time (1),11,11,0
S01007366,Economically active: Unemployed (1),24,23,1
S01007366,Economically inactive,225,216,9
S01007367,All people aged 16 and over,474,440,34
S01007367,Economically active: Total,273,248,25
S01007367,Economically active: Employee: Total,212,192,20
S01007367,Economically active: Employee: Part-time (1),72,65,7
S01007367,Economically active: Employee: Full-time (1),140,127,13
S01007367,Economically active: Self-employed: Total,41,38,3
S01007367,Economically active: Self-employed: Part-time (1),11,11,0
S01007367,Economically active: Self-employed: Full-time (1),30,27,3
S01007367,Economically active: Unemployed (1),20,18,2
S01007367,Economically inactive,201,192,9
S01007368,All people aged 16 and over,404,381,23
S01007368,Economically active: Total,240,228,12
S01007368,Economically active: Employee: Total,174,164,10
S01007368,Economically active: Employee: Part-time (1),62,61,1
S01007368,Economically active: Employee: Full-time (1),112,103,9
S01007368,Economically active: Self-employed: Total,26,24,2
S01007368,Economically active: Self-employed: Part-time (1),7,5,2
S01007368,Economically active: Self-employed: Full-time (1),19,19,0
S01007368,Economically active: Unemployed (1),40,40,0
S01007368,Economically inactive,164,153,11
S01007369,All people aged 16 and over,628,595,33
S01007369,Economically active: Total,394,378,16
S01007369,Economically active: Employee: Total,311,299,12
S01007369,Economically active: Employee: Part-time (1),95,92,3
S01007369,Economically active: Employee: Full-time (1),216,207,9
S01007369,Economically active: Self-employed: Total,49,48,1
S01007369,Economically active: Self-employed: Part-time (1),15,14,1
S01007369,Economically active: Self-employed: Full-time (1),34,34,0
S01007369,Economically active: Unemployed (1),34,31,3
S01007369,Economically inactive,234,217,17
S01007370,All people aged 16 and over,640,603,37
S01007370,Economically active: Total,433,401,32
S01007370,Economically active: Employee: Total,330,308,22
S01007370,Economically active: Employee: Part-time (1),99,94,5
S01007370,Economically active: Employee: Full-time (1),231,214,17
S01007370,Economically active: Self-employed: Total,50,46,4
S01007370,Economically active: Self-employed: Part-time (1),14,11,3
S01007370,Economically active: Self-employed: Full-time (1),36,35,1
S01007370,Economically active: Unemployed (1),53,47,6
S01007370,Economically inactive,207,202,5
S01007371,All people aged 16 and over,563,532,31
S01007371,Economically active: Total,370,347,23
S01007371,Economically active: Employee: Total,293,272,21
S01007371,Economically active: Employee: Part-time (1),101,95,6
S01007371,Economically active: Employee: Full-time (1),192,177,15
S01007371,Economically active: Self-employed: Total,44,43,1
S01007371,Economically active: Self-employed: Part-time (1),6,6,0
S01007371,Economically active: Self-employed: Full-time (1),38,37,1
S01007371,Economically active: Unemployed (1),33,32,1
S01007371,Economically inactive,193,185,8
S01007372,All people aged 16 and over,759,702,57
S01007372,Economically active: Total,398,356,42
S01007372,Economically active: Employee: Total,310,277,33
S01007372,Economically active: Employee: Part-time (1),100,89,11
S01007372,Economically active: Employee: Full-time (1),210,188,22
S01007372,Economically active: Self-employed: Total,61,55,6
S01007372,Economically active: Self-employed: Part-time (1),17,16,1
S01007372,Economically active: Self-employed: Full-time (1),44,39,5
S01007372,Economically active: Unemployed (1),27,24,3
S01007372,Economically inactive,361,346,15
S01007373,All people aged 16 and over,536,517,19
S01007373,Economically active: Total,278,270,8
S01007373,Economically active: Employee: Total,189,185,4
S01007373,Economically active: Employee: Part-time (1),55,55,0
S01007373,Economically active: Employee: Full-time (1),134,130,4
S01007373,Economically active: Self-employed: Total,70,66,4
S01007373,Economically active: Self-employed: Part-time (1),24,21,3
S01007373,Economically active: Self-employed: Full-time (1),46,45,1
S01007373,Economically active: Unemployed (1),19,19,0
S01007373,Economically inactive,258,247,11
S01007374,All people aged 16 and over,435,420,15
S01007374,Economically active: Total,286,277,9
S01007374,Economically active: Employee: Total,223,218,5
S01007374,Economically active: Employee: Part-time (1),56,55,1
S01007374,Economically active: Employee: Full-time (1),167,163,4
S01007374,Economically active: Self-employed: Total,47,44,3
S01007374,Economically active: Self-employed: Part-time (1),14,13,1
S01007374,Economically active: Self-employed: Full-time (1),33,31,2
S01007374,Economically active: Unemployed (1),16,15,1
S01007374,Economically inactive,149,143,6
S01007375,All people aged 16 and over,406,381,25
S01007375,Economically active: Total,223,206,17
S01007375,Economically active: Employee: Total,159,146,13
S01007375,Economically active: Employee: Part-time (1),39,35,4
S01007375,Economically active: Employee: Full-time (1),120,111,9
S01007375,Economically active: Self-employed: Total,47,45,2
S01007375,Economically active: Self-employed: Part-time (1),11,10,1
S01007375,Economically active: Self-employed: Full-time (1),36,35,1
S01007375,Economically active: Unemployed (1),17,15,2
S01007375,Economically inactive,183,175,8
S01007376,All people aged 16 and over,688,664,24
S01007376,Economically active: Total,416,400,16
S01007376,Economically active: Employee: Total,328,316,12
S01007376,Economically active: Employee: Part-time (1),96,92,4
S01007376,Economically active: Employee: Full-time (1),232,224,8
S01007376,Economically active: Self-employed: Total,33,31,2
S01007376,Economically active: Self-employed: Part-time (1),8,7,1
S01007376,Economically active: Self-employed: Full-time (1),25,24,1
S01007376,Economically active: Unemployed (1),55,53,2
S01007376,Economically inactive,272,264,8
S01007377,All people aged 16 and over,553,518,35
S01007377,Economically active: Total,356,334,22
S01007377,Economically active: Employee: Total,280,266,14
S01007377,Economically active: Employee: Part-time (1),73,67,6
S01007377,Economically active: Employee: Full-time (1),207,199,8
S01007377,Economically active: Self-employed: Total,61,57,4
S01007377,Economically active: Self-employed: Part-time (1),22,20,2
S01007377,Economically active: Self-employed: Full-time (1),39,37,2
S01007377,Economically active: Unemployed (1),15,11,4
S01007377,Economically inactive,197,184,13
S01007378,All people aged 16 and over,1367,1297,70
S01007378,Economically active: Total,1180,1126,54
S01007378,Economically active: Employee: Total,1116,1067,49
S01007378,Economically active: Employee: Part-time (1),68,61,7
S01007378,Economically active: Employee: Full-time (1),1048,1006,42
S01007378,Economically active: Self-employed: Total,49,44,5
S01007378,Economically active: Self-employed: Part-time (1),15,12,3
S01007378,Economically active: Self-employed: Full-time (1),34,32,2
S01007378,Economically active: Unemployed (1),15,15,0
S01007378,Economically inactive,187,171,16
S01007379,All people aged 16 and over,405,390,15
S01007379,Economically active: Total,235,229,6
S01007379,Economically active: Employee: Total,194,188,6
S01007379,Economically active: Employee: Part-time (1),52,49,3
S01007379,Economically active: Employee: Full-time (1),142,139,3
S01007379,Economically active: Self-employed: Total,15,15,0
S01007379,Economically active: Self-employed: Part-time (1),0,0,0
S01007379,Economically active: Self-employed: Full-time (1),15,15,0
S01007379,Economically active: Unemployed (1),26,26,0
S01007379,Economically inactive,170,161,9
S01007380,All people aged 16 and over,448,439,9
S01007380,Economically active: Total,314,308,6
S01007380,Economically active: Employee: Total,270,265,5
S01007380,Economically active: Employee: Part-time (1),63,60,3
S01007380,Economically active: Employee: Full-time (1),207,205,2
S01007380,Economically active: Self-employed: Total,20,20,0
S01007380,Economically active: Self-employed: Part-time (1),7,7,0
S01007380,Economically active: Self-employed: Full-time (1),13,13,0
S01007380,Economically active: Unemployed (1),24,23,1
S01007380,Economically inactive,134,131,3
S01007381,All people aged 16 and over,423,394,29
S01007381,Economically active: Total,208,192,16
S01007381,Economically active: Employee: Total,170,157,13
S01007381,Economically active: Employee: Part-time (1),41,38,3
S01007381,Economically active: Employee: Full-time (1),129,119,10
S01007381,Economically active: Self-employed: Total,28,26,2
S01007381,Economically active: Self-employed: Part-time (1),15,14,1
S01007381,Economically active: Self-employed: Full-time (1),13,12,1
S01007381,Economically active: Unemployed (1),10,9,1
S01007381,Economically inactive,215,202,13
S01007382,All people aged 16 and over,534,515,19
S01007382,Economically active: Total,336,326,10
S01007382,Economically active: Employee: Total,273,266,7
S01007382,Economically active: Employee: Part-time (1),75,72,3
S01007382,Economically active: Employee: Full-time (1),198,194,4
S01007382,Economically active: Self-employed: Total,53,50,3
S01007382,Economically active: Self-employed: Part-time (1),15,14,1
S01007382,Economically active: Self-employed: Full-time (1),38,36,2
S01007382,Economically active: Unemployed (1),10,10,0
S01007382,Economically inactive,198,189,9
S01007383,All people aged 16 and over,637,602,35
S01007383,Economically active: Total,369,348,21
S01007383,Economically active: Employee: Total,286,268,18
S01007383,Economically active: Employee: Part-time (1),67,64,3
S01007383,Economically active: Employee: Full-time (1),219,204,15
S01007383,Economically active: Self-employed: Total,63,61,2
S01007383,Economically active: Self-employed: Part-time (1),18,17,1
S01007383,Economically active: Self-employed: Full-time (1),45,44,1
S01007383,Economically active: Unemployed (1),20,19,1
S01007383,Economically inactive,268,254,14
S01007384,All people aged 16 and over,611,577,34
S01007384,Economically active: Total,419,401,18
S01007384,Economically active: Employee: Total,353,340,13
S01007384,Economically active: Employee: Part-time (1),100,98,2
S01007384,Economically active: Employee: Full-time (1),253,242,11
S01007384,Economically active: Self-employed: Total,33,31,2
S01007384,Economically active: Self-employed: Part-time (1),14,12,2
S01007384,Economically active: Self-employed: Full-time (1),19,19,0
S01007384,Economically active: Unemployed (1),33,30,3
S01007384,Economically inactive,192,176,16
S01007385,All people aged 16 and over,729,696,33
S01007385,Economically active: Total,388,366,22
S01007385,Economically active: Employee: Total,312,296,16
S01007385,Economically active: Employee: Part-time (1),80,78,2
S01007385,Economically active: Employee: Full-time (1),232,218,14
S01007385,Economically active: Self-employed: Total,56,50,6
S01007385,Economically active: Self-employed: Part-time (1),16,15,1
S01007385,Economically active: Self-employed: Full-time (1),40,35,5
S01007385,Economically active: Unemployed (1),20,20,0
S01007385,Economically inactive,341,330,11
S01007386,All people aged 16 and over,684,648,36
S01007386,Economically active: Total,369,352,17
S01007386,Economically active: Employee: Total,263,253,10
S01007386,Economically active: Employee: Part-time (1),79,75,4
S01007386,Economically active: Employee: Full-time (1),184,178,6
S01007386,Economically active: Self-employed: Total,94,90,4
S01007386,Economically active: Self-employed: Part-time (1),38,37,1
S01007386,Economically active: Self-employed: Full-time (1),56,53,3
S01007386,Economically active: Unemployed (1),12,9,3
S01007386,Economically inactive,315,296,19
S01007387,All people aged 16 and over,664,630,34
S01007387,Economically active: Total,376,358,18
S01007387,Economically active: Employee: Total,302,287,15
S01007387,Economically active: Employee: Part-time (1),84,78,6
S01007387,Economically active: Employee: Full-time (1),218,209,9
S01007387,Economically active: Self-employed: Total,64,61,3
S01007387,Economically active: Self-employed: Part-time (1),20,19,1
S01007387,Economically active: Self-employed: Full-time (1),44,42,2
S01007387,Economically active: Unemployed (1),10,10,0
S01007387,Economically inactive,288,272,16
S01007388,All people aged 16 and over,572,552,20
S01007388,Economically active: Total,366,352,14
S01007388,Economically active: Employee: Total,301,289,12
S01007388,Economically active: Employee: Part-time (1),86,83,3
S01007388,Economically active: Employee: Full-time (1),215,206,9
S01007388,Economically active: Self-employed: Total,41,39,2
S01007388,Economically active: Self-employed: Part-time (1),12,12,0
S01007388,Economically active: Self-employed: Full-time (1),29,27,2
S01007388,Economically active: Unemployed (1),24,24,0
S01007388,Economically inactive,206,200,6
S01007389,All people aged 16 and over,388,354,34
S01007389,Economically active: Total,292,272,20
S01007389,Economically active: Employee: Total,242,226,16
S01007389,Economically active: Employee: Part-time (1),54,49,5
S01007389,Economically active: Employee: Full-time (1),188,177,11
S01007389,Economically active: Self-employed: Total,16,16,0
S01007389,Economically active: Self-employed: Part-time (1),8,8,0
S01007389,Economically active: Self-employed: Full-time (1),8,8,0
S01007389,Economically active: Unemployed (1),34,30,4
S01007389,Economically inactive,96,82,14
S01007390,All people aged 16 and over,363,340,23
S01007390,Economically active: Total,277,259,18
S01007390,Economically active: Employee: Total,229,217,12
S01007390,Economically active: Employee: Part-time (1),82,79,3
S01007390,Economically active: Employee: Full-time (1),147,138,9
S01007390,Economically active: Self-employed: Total,29,25,4
S01007390,Economically active: Self-employed: Part-time (1),11,10,1
S01007390,Economically active: Self-employed: Full-time (1),18,15,3
S01007390,Economically active: Unemployed (1),19,17,2
S01007390,Economically inactive,86,81,5
S01007391,All people aged 16 and over,487,467,20
S01007391,Economically active: Total,303,291,12
S01007391,Economically active: Employee: Total,254,243,11
S01007391,Economically active: Employee: Part-time (1),70,66,4
S01007391,Economically active: Employee: Full-time (1),184,177,7
S01007391,Economically active: Self-employed: Total,31,31,0
S01007391,Economically active: Self-employed: Part-time (1),11,11,0
S01007391,Economically active: Self-employed: Full-time (1),20,20,0
S01007391,Economically active: Unemployed (1),18,17,1
S01007391,Economically inactive,184,176,8
S01007392,All people aged 16 and over,413,396,17
S01007392,Economically active: Total,219,209,10
S01007392,Economically active: Employee: Total,176,170,6
S01007392,Economically active: Employee: Part-time (1),38,36,2
S01007392,Economically active: Employee: Full-time (1),138,134,4
S01007392,Economically active: Self-employed: Total,32,29,3
S01007392,Economically active: Self-employed: Part-time (1),10,8,2
S01007392,Economically active: Self-employed: Full-time (1),22,21,1
S01007392,Economically active: Unemployed (1),11,10,1
S01007392,Economically inactive,194,187,7
S01007393,All people aged 16 and over,665,607,58
S01007393,Economically active: Total,271,243,28
S01007393,Economically active: Employee: Total,191,169,22
S01007393,Economically active: Employee: Part-time (1),54,49,5
S01007393,Economically active: Employee: Full-time (1),137,120,17
S01007393,Economically active: Self-employed: Total,61,57,4
S01007393,Economically active: Self-employed: Part-time (1),18,16,2
S01007393,Economically active: Self-employed: Full-time (1),43,41,2
S01007393,Economically active: Unemployed (1),19,17,2
S01007393,Economically inactive,394,364,30
S01007394,All people aged 16 and over,559,523,36
S01007394,Economically active: Total,264,247,17
S01007394,Economically active: Employee: Total,212,200,12
S01007394,Economically active: Employee: Part-time (1),67,64,3
S01007394,Economically active: Employee: Full-time (1),145,136,9
S01007394,Economically active: Self-employed: Total,34,30,4
S01007394,Economically active: Self-employed: Part-time (1),7,7,0
S01007394,Economically active: Self-employed: Full-time (1),27,23,4
S01007394,Economically active: Unemployed (1),18,17,1
S01007394,Economically inactive,295,276,19
S01007395,All people aged 16 and over,714,682,32
S01007395,Economically active: Total,433,417,16
S01007395,Economically active: Employee: Total,341,327,14
S01007395,Economically active: Employee: Part-time (1),70,67,3
S01007395,Economically active: Employee: Full-time (1),271,260,11
S01007395,Economically active: Self-employed: Total,52,51,1
S01007395,Economically active: Self-employed: Part-time (1),11,11,0
S01007395,Economically active: Self-employed: Full-time (1),41,40,1
S01007395,Economically active: Unemployed (1),40,39,1
S01007395,Economically inactive,281,265,16
S01007396,All people aged 16 and over,691,646,45
S01007396,Economically active: Total,409,383,26
S01007396,Economically active: Employee: Total,334,313,21
S01007396,Economically active: Employee: Part-time (1),82,77,5
S01007396,Economically active: Employee: Full-time (1),252,236,16
S01007396,Economically active: Self-employed: Total,44,39,5
S01007396,Economically active: Self-employed: Part-time (1),21,19,2
S01007396,Economically active: Self-employed: Full-time (1),23,20,3
S01007396,Economically active: Unemployed (1),31,31,0
S01007396,Economically inactive,282,263,19
S01007397,All people aged 16 and over,794,740,54
S01007397,Economically active: Total,455,420,35
S01007397,Economically active: Employee: Total,369,339,30
S01007397,Economically active: Employee: Part-time (1),102,93,9
S01007397,Economically active: Employee: Full-time (1),267,246,21
S01007397,Economically active: Self-employed: Total,69,65,4
S01007397,Economically active: Self-employed: Part-time (1),23,22,1
S01007397,Economically active: Self-employed: Full-time (1),46,43,3
S01007397,Economically active: Unemployed (1),17,16,1
S01007397,Economically inactive,339,320,19
S01007398,All people aged 16 and over,515,497,18
S01007398,Economically active: Total,330,319,11
S01007398,Economically active: Employee: Total,265,258,7
S01007398,Economically active: Employee: Part-time (1),98,95,3
S01007398,Economically active: Employee: Full-time (1),167,163,4
S01007398,Economically active: Self-employed: Total,23,20,3
S01007398,Economically active: Self-employed: Part-time (1),6,5,1
S01007398,Economically active: Self-employed: Full-time (1),17,15,2
S01007398,Economically active: Unemployed (1),42,41,1
S01007398,Economically inactive,185,178,7
S01007399,All people aged 16 and over,503,489,14
S01007399,Economically active: Total,312,302,10
S01007399,Economically active: Employee: Total,222,216,6
S01007399,Economically active: Employee: Part-time (1),81,79,2
S01007399,Economically active: Employee: Full-time (1),141,137,4
S01007399,Economically active: Self-employed: Total,27,25,2
S01007399,Economically active: Self-employed: Part-time (1),10,9,1
S01007399,Economically active: Self-employed: Full-time (1),17,16,1
S01007399,Economically active: Unemployed (1),63,61,2
S01007399,Economically inactive,191,187,4
S01007400,All people aged 16 and over,605,566,39
S01007400,Economically active: Total,362,334,28
S01007400,Economically active: Employee: Total,285,265,20
S01007400,Economically active: Employee: Part-time (1),91,85,6
S01007400,Economically active: Employee: Full-time (1),194,180,14
S01007400,Economically active: Self-employed: Total,47,42,5
S01007400,Economically active: Self-employed: Part-time (1),14,13,1
S01007400,Economically active: Self-employed: Full-time (1),33,29,4
S01007400,Economically active: Unemployed (1),30,27,3
S01007400,Economically inactive,243,232,11
S01007401,All people aged 16 and over,570,534,36
S01007401,Economically active: Total,373,346,27
S01007401,Economically active: Employee: Total,314,292,22
S01007401,Economically active: Employee: Part-time (1),87,79,8
S01007401,Economically active: Employee: Full-time (1),227,213,14
S01007401,Economically active: Self-employed: Total,37,33,4
S01007401,Economically active: Self-employed: Part-time (1),8,7,1
S01007401,Economically active: Self-employed: Full-time (1),29,26,3
S01007401,Economically active: Unemployed (1),22,21,1
S01007401,Economically inactive,197,188,9
S01007402,All people aged 16 and over,521,500,21
S01007402,Economically active: Total,321,310,11
S01007402,Economically active: Employee: Total,274,263,11
S01007402,Economically active: Employee: Part-time (1),83,79,4
S01007402,Economically active: Employee: Full-time (1),191,184,7
S01007402,Economically active: Self-employed: Total,39,39,0
S01007402,Economically active: Self-employed: Part-time (1),11,11,0
S01007402,Economically active: Self-employed: Full-time (1),28,28,0
S01007402,Economically active: Unemployed (1),8,8,0
S01007402,Economically inactive,200,190,10
S01007403,All people aged 16 and over,551,524,27
S01007403,Economically active: Total,434,414,20
S01007403,Economically active: Employee: Total,377,360,17
S01007403,Economically active: Employee: Part-time (1),106,101,5
S01007403,Economically active: Employee: Full-time (1),271,259,12
S01007403,Economically active: Self-employed: Total,32,31,1
S01007403,Economically active: Self-employed: Part-time (1),12,12,0
S01007403,Economically active: Self-employed: Full-time (1),20,19,1
S01007403,Economically active: Unemployed (1),25,23,2
S01007403,Economically inactive,117,110,7
S01007404,All people aged 16 and over,371,351,20
S01007404,Economically active: Total,241,231,10
S01007404,Economically active: Employee: Total,151,144,7
S01007404,Economically active: Employee: Part-time (1),38,37,1
S01007404,Economically active: Employee: Full-time (1),113,107,6
S01007404,Economically active: Self-employed: Total,75,73,2
S01007404,Economically active: Self-employed: Part-time (1),11,11,0
S01007404,Economically active: Self-employed: Full-time (1),64,62,2
S01007404,Economically active: Unemployed (1),15,14,1
S01007404,Economically inactive,130,120,10
S01007405,All people aged 16 and over,550,526,24
S01007405,Economically active: Total,376,363,13
S01007405,Economically active: Employee: Total,288,281,7
S01007405,Economically active: Employee: Part-time (1),71,68,3
S01007405,Economically active: Employee: Full-time (1),217,213,4
S01007405,Economically active: Self-employed: Total,73,69,4
S01007405,Economically active: Self-employed: Part-time (1),13,13,0
S01007405,Economically active: Self-employed: Full-time (1),60,56,4
S01007405,Economically active: Unemployed (1),15,13,2
S01007405,Economically inactive,174,163,11
S01007406,All people aged 16 and over,521,489,32
S01007406,Economically active: Total,309,290,19
S01007406,Economically active: Employee: Total,249,236,13
S01007406,Economically active: Employee: Part-time (1),78,74,4
S01007406,Economically active: Employee: Full-time (1),171,162,9
S01007406,Economically active: Self-employed: Total,47,41,6
S01007406,Economically active: Self-employed: Part-time (1),7,6,1
S01007406,Economically active: Self-employed: Full-time (1),40,35,5
S01007406,Economically active: Unemployed (1),13,13,0
S01007406,Economically inactive,212,199,13
S01007407,All people aged 16 and over,598,574,24
S01007407,Economically active: Total,358,341,17
S01007407,Economically active: Employee: Total,291,275,16
S01007407,Economically active: Employee: Part-time (1),79,79,0
S01007407,Economically active: Employee: Full-time (1),212,196,16
S01007407,Economically active: Self-employed: Total,54,53,1
S01007407,Economically active: Self-employed: Part-time (1),10,10,0
S01007407,Economically active: Self-employed: Full-time (1),44,43,1
S01007407,Economically active: Unemployed (1),13,13,0
S01007407,Economically inactive,240,233,7
S01007408,All people aged 16 and over,484,466,18
S01007408,Economically active: Total,313,301,12
S01007408,Economically active: Employee: Total,249,240,9
S01007408,Economically active: Employee: Part-time (1),75,74,1
S01007408,Economically active: Employee: Full-time (1),174,166,8
S01007408,Economically active: Self-employed: Total,34,33,1
S01007408,Economically active: Self-employed: Part-time (1),9,8,1
S01007408,Economically active: Self-employed: Full-time (1),25,25,0
S01007408,Economically active: Unemployed (1),30,28,2
S01007408,Economically inactive,171,165,6
S01007409,All people aged 16 and over,614,605,9
S01007409,Economically active: Total,390,382,8
S01007409,Economically active: Employee: Total,340,334,6
S01007409,Economically active: Employee: Part-time (1),85,84,1
S01007409,Economically active: Employee: Full-time (1),255,250,5
S01007409,Economically active: Self-employed: Total,34,32,2
S01007409,Economically active: Self-employed: Part-time (1),8,8,0
S01007409,Economically active: Self-employed: Full-time (1),26,24,2
S01007409,Economically active: Unemployed (1),16,16,0
S01007409,Economically inactive,224,223,1
S01007410,All people aged 16 and over,541,509,32
S01007410,Economically active: Total,302,281,21
S01007410,Economically active: Employee: Total,244,225,19
S01007410,Economically active: Employee: Part-time (1),72,70,2
S01007410,Economically active: Employee: Full-time (1),172,155,17
S01007410,Economically active: Self-employed: Total,17,16,1
S01007410,Economically active: Self-employed: Part-time (1),3,3,0
S01007410,Economically active: Self-employed: Full-time (1),14,13,1
S01007410,Economically active: Unemployed (1),41,40,1
S01007410,Economically inactive,239,228,11
S01007411,All people aged 16 and over,699,668,31
S01007411,Economically active: Total,411,388,23
S01007411,Economically active: Employee: Total,318,300,18
S01007411,Economically active: Employee: Part-time (1),86,82,4
S01007411,Economically active: Employee: Full-time (1),232,218,14
S01007411,Economically active: Self-employed: Total,29,26,3
S01007411,Economically active: Self-employed: Part-time (1),4,3,1
S01007411,Economically active: Self-employed: Full-time (1),25,23,2
S01007411,Economically active: Unemployed (1),64,62,2
S01007411,Economically inactive,288,280,8
S01007412,All people aged 16 and over,396,389,7
S01007412,Economically active: Total,230,224,6
S01007412,Economically active: Employee: Total,194,189,5
S01007412,Economically active: Employee: Part-time (1),40,40,0
S01007412,Economically active: Employee: Full-time (1),154,149,5
S01007412,Economically active: Self-employed: Total,12,11,1
S01007412,Economically active: Self-employed: Part-time (1),1,0,1
S01007412,Economically active: Self-employed: Full-time (1),11,11,0
S01007412,Economically active: Unemployed (1),24,24,0
S01007412,Economically inactive,166,165,1
S01007413,All people aged 16 and over,721,694,27
S01007413,Economically active: Total,564,541,23
S01007413,Economically active: Employee: Total,476,464,12
S01007413,Economically active: Employee: Part-time (1),105,98,7
S01007413,Economically active: Employee: Full-time (1),371,366,5
S01007413,Economically active: Self-employed: Total,53,46,7
S01007413,Economically active: Self-employed: Part-time (1),9,6,3
S01007413,Economically active: Self-employed: Full-time (1),44,40,4
S01007413,Economically active: Unemployed (1),35,31,4
S01007413,Economically inactive,157,153,4
S01007414,All people aged 16 and over,525,498,27
S01007414,Economically active: Total,410,389,21
S01007414,Economically active: Employee: Total,367,348,19
S01007414,Economically active: Employee: Part-time (1),95,92,3
S01007414,Economically active: Employee: Full-time (1),272,256,16
S01007414,Economically active: Self-employed: Total,32,31,1
S01007414,Economically active: Self-employed: Part-time (1),10,9,1
S01007414,Economically active: Self-employed: Full-time (1),22,22,0
S01007414,Economically active: Unemployed (1),11,10,1
S01007414,Economically inactive,115,109,6
S01007415,All people aged 16 and over,677,657,20
S01007415,Economically active: Total,414,399,15
S01007415,Economically active: Employee: Total,341,331,10
S01007415,Economically active: Employee: Part-time (1),84,81,3
S01007415,Economically active: Employee: Full-time (1),257,250,7
S01007415,Economically active: Self-employed: Total,27,24,3
S01007415,Economically active: Self-employed: Part-time (1),12,11,1
S01007415,Economically active: Self-employed: Full-time (1),15,13,2
S01007415,Economically active: Unemployed (1),46,44,2
S01007415,Economically inactive,263,258,5
S01007416,All people aged 16 and over,423,403,20
S01007416,Economically active: Total,247,232,15
S01007416,Economically active: Employee: Total,185,171,14
S01007416,Economically active: Employee: Part-time (1),61,58,3
S01007416,Economically active: Employee: Full-time (1),124,113,11
S01007416,Economically active: Self-employed: Total,14,13,1
S01007416,Economically active: Self-employed: Part-time (1),4,4,0
S01007416,Economically active: Self-employed: Full-time (1),10,9,1
S01007416,Economically active: Unemployed (1),48,48,0
S01007416,Economically inactive,176,171,5
S01007417,All people aged 16 and over,793,738,55
S01007417,Economically active: Total,579,539,40
S01007417,Economically active: Employee: Total,502,470,32
S01007417,Economically active: Employee: Part-time (1),104,96,8
S01007417,Economically active: Employee: Full-time (1),398,374,24
S01007417,Economically active: Self-employed: Total,47,42,5
S01007417,Economically active: Self-employed: Part-time (1),8,7,1
S01007417,Economically active: Self-employed: Full-time (1),39,35,4
S01007417,Economically active: Unemployed (1),30,27,3
S01007417,Economically inactive,214,199,15
S01007418,All people aged 16 and over,534,514,20
S01007418,Economically active: Total,330,315,15
S01007418,Economically active: Employee: Total,279,267,12
S01007418,Economically active: Employee: Part-time (1),85,82,3
S01007418,Economically active: Employee: Full-time (1),194,185,9
S01007418,Economically active: Self-employed: Total,18,17,1
S01007418,Economically active: Self-employed: Part-time (1),5,5,0
S01007418,Economically active: Self-employed: Full-time (1),13,12,1
S01007418,Economically active: Unemployed (1),33,31,2
S01007418,Economically inactive,204,199,5
S01007419,All people aged 16 and over,650,605,45
S01007419,Economically active: Total,437,410,27
S01007419,Economically active: Employee: Total,337,317,20
S01007419,Economically active: Employee: Part-time (1),102,94,8
S01007419,Economically active: Employee: Full-time (1),235,223,12
S01007419,Economically active: Self-employed: Total,23,19,4
S01007419,Economically active: Self-employed: Part-time (1),5,5,0
S01007419,Economically active: Self-employed: Full-time (1),18,14,4
S01007419,Economically active: Unemployed (1),77,74,3
S01007419,Economically inactive,213,195,18
S01007420,All people aged 16 and over,1283,1229,54
S01007420,Economically active: Total,607,570,37
S01007420,Economically active: Employee: Total,500,474,26
S01007420,Economically active: Employee: Part-time (1),141,136,5
S01007420,Economically active: Employee: Full-time (1),359,338,21
S01007420,Economically active: Self-employed: Total,64,57,7
S01007420,Economically active: Self-employed: Part-time (1),12,9,3
S01007420,Economically active: Self-employed: Full-time (1),52,48,4
S01007420,Economically active: Unemployed (1),43,39,4
S01007420,Economically inactive,676,659,17
S01007421,All people aged 16 and over,524,507,17
S01007421,Economically active: Total,381,367,14
S01007421,Economically active: Employee: Total,305,292,13
S01007421,Economically active: Employee: Part-time (1),66,64,2
S01007421,Economically active: Employee: Full-time (1),239,228,11
S01007421,Economically active: Self-employed: Total,49,48,1
S01007421,Economically active: Self-employed: Part-time (1),14,14,0
S01007421,Economically active: Self-employed: Full-time (1),35,34,1
S01007421,Economically active: Unemployed (1),27,27,0
S01007421,Economically inactive,143,140,3
S01007422,All people aged 16 and over,492,462,30
S01007422,Economically active: Total,299,276,23
S01007422,Economically active: Employee: Total,242,222,20
S01007422,Economically active: Employee: Part-time (1),63,59,4
S01007422,Economically active: Employee: Full-time (1),179,163,16
S01007422,Economically active: Self-employed: Total,37,35,2
S01007422,Economically active: Self-employed: Part-time (1),10,10,0
S01007422,Economically active: Self-employed: Full-time (1),27,25,2
S01007422,Economically active: Unemployed (1),20,19,1
S01007422,Economically inactive,193,186,7
S01007423,All people aged 16 and over,600,579,21
S01007423,Economically active: Total,432,413,19
S01007423,Economically active: Employee: Total,374,359,15
S01007423,Economically active: Employee: Part-time (1),82,78,4
S01007423,Economically active: Employee: Full-time (1),292,281,11
S01007423,Economically active: Self-employed: Total,37,35,2
S01007423,Economically active: Self-employed: Part-time (1),8,7,1
S01007423,Economically active: Self-employed: Full-time (1),29,28,1
S01007423,Economically active: Unemployed (1),21,19,2
S01007423,Economically inactive,168,166,2
S01007424,All people aged 16 and over,673,655,18
S01007424,Economically active: Total,413,401,12
S01007424,Economically active: Employee: Total,376,367,9
S01007424,Economically active: Employee: Part-time (1),103,102,1
S01007424,Economically active: Employee: Full-time (1),273,265,8
S01007424,Economically active: Self-employed: Total,29,26,3
S01007424,Economically active: Self-employed: Part-time (1),11,11,0
S01007424,Economically active: Self-employed: Full-time (1),18,15,3
S01007424,Economically active: Unemployed (1),8,8,0
S01007424,Economically inactive,260,254,6
S01007425,All people aged 16 and over,724,705,19
S01007425,Economically active: Total,459,445,14
S01007425,Economically active: Employee: Total,380,367,13
S01007425,Economically active: Employee: Part-time (1),120,116,4
S01007425,Economically active: Employee: Full-time (1),260,251,9
S01007425,Economically active: Self-employed: Total,41,40,1
S01007425,Economically active: Self-employed: Part-time (1),10,9,1
S01007425,Economically active: Self-employed: Full-time (1),31,31,0
S01007425,Economically active: Unemployed (1),38,38,0
S01007425,Economically inactive,265,260,5
S01007426,All people aged 16 and over,543,505,38
S01007426,Economically active: Total,317,297,20
S01007426,Economically active: Employee: Total,254,237,17
S01007426,Economically active: Employee: Part-time (1),66,62,4
S01007426,Economically active: Employee: Full-time (1),188,175,13
S01007426,Economically active: Self-employed: Total,35,32,3
S01007426,Economically active: Self-employed: Part-time (1),12,11,1
S01007426,Economically active: Self-employed: Full-time (1),23,21,2
S01007426,Economically active: Unemployed (1),28,28,0
S01007426,Economically inactive,226,208,18
S01007427,All people aged 16 and over,550,537,13
S01007427,Economically active: Total,312,307,5
S01007427,Economically active: Employee: Total,246,243,3
S01007427,Economically active: Employee: Part-time (1),73,72,1
S01007427,Economically active: Employee: Full-time (1),173,171,2
S01007427,Economically active: Self-employed: Total,19,18,1
S01007427,Economically active: Self-employed: Part-time (1),6,6,0
S01007427,Economically active: Self-employed: Full-time (1),13,12,1
S01007427,Economically active: Unemployed (1),47,46,1
S01007427,Economically inactive,238,230,8
S01007428,All people aged 16 and over,749,722,27
S01007428,Economically active: Total,456,436,20
S01007428,Economically active: Employee: Total,379,363,16
S01007428,Economically active: Employee: Part-time (1),105,99,6
S01007428,Economically active: Employee: Full-time (1),274,264,10
S01007428,Economically active: Self-employed: Total,36,36,0
S01007428,Economically active: Self-employed: Part-time (1),13,13,0
S01007428,Economically active: Self-employed: Full-time (1),23,23,0
S01007428,Economically active: Unemployed (1),41,37,4
S01007428,Economically inactive,293,286,7
S01007429,All people aged 16 and over,601,577,24
S01007429,Economically active: Total,423,405,18
S01007429,Economically active: Employee: Total,344,330,14
S01007429,Economically active: Employee: Part-time (1),89,85,4
S01007429,Economically active: Employee: Full-time (1),255,245,10
S01007429,Economically active: Self-employed: Total,40,37,3
S01007429,Economically active: Self-employed: Part-time (1),8,7,1
S01007429,Economically active: Self-employed: Full-time (1),32,30,2
S01007429,Economically active: Unemployed (1),39,38,1
S01007429,Economically inactive,178,172,6
S01007430,All people aged 16 and over,395,379,16
S01007430,Economically active: Total,238,229,9
S01007430,Economically active: Employee: Total,191,186,5
S01007430,Economically active: Employee: Part-time (1),62,61,1
S01007430,Economically active: Employee: Full-time (1),129,125,4
S01007430,Economically active: Self-employed: Total,30,26,4
S01007430,Economically active: Self-employed: Part-time (1),6,5,1
S01007430,Economically active: Self-employed: Full-time (1),24,21,3
S01007430,Economically active: Unemployed (1),17,17,0
S01007430,Economically inactive,157,150,7
S01007431,All people aged 16 and over,478,470,8
S01007431,Economically active: Total,326,321,5
S01007431,Economically active: Employee: Total,282,278,4
S01007431,Economically active: Employee: Part-time (1),78,77,1
S01007431,Economically active: Employee: Full-time (1),204,201,3
S01007431,Economically active: Self-employed: Total,21,20,1
S01007431,Economically active: Self-employed: Part-time (1),6,6,0
S01007431,Economically active: Self-employed: Full-time (1),15,14,1
S01007431,Economically active: Unemployed (1),23,23,0
S01007431,Economically inactive,152,149,3
S01007432,All people aged 16 and over,708,689,19
S01007432,Economically active: Total,415,398,17
S01007432,Economically active: Employee: Total,350,334,16
S01007432,Economically active: Employee: Part-time (1),92,87,5
S01007432,Economically active: Employee: Full-time (1),258,247,11
S01007432,Economically active: Self-employed: Total,41,40,1
S01007432,Economically active: Self-employed: Part-time (1),12,11,1
S01007432,Economically active: Self-employed: Full-time (1),29,29,0
S01007432,Economically active: Unemployed (1),24,24,0
S01007432,Economically inactive,293,291,2
S01007433,All people aged 16 and over,659,646,13
S01007433,Economically active: Total,390,380,10
S01007433,Economically active: Employee: Total,309,304,5
S01007433,Economically active: Employee: Part-time (1),89,88,1
S01007433,Economically active: Employee: Full-time (1),220,216,4
S01007433,Economically active: Self-employed: Total,57,53,4
S01007433,Economically active: Self-employed: Part-time (1),11,10,1
S01007433,Economically active: Self-employed: Full-time (1),46,43,3
S01007433,Economically active: Unemployed (1),24,23,1
S01007433,Economically inactive,269,266,3
S01007434,All people aged 16 and over,402,390,12
S01007434,Economically active: Total,262,252,10
S01007434,Economically active: Employee: Total,196,189,7
S01007434,Economically active: Employee: Part-time (1),61,60,1
S01007434,Economically active: Employee: Full-time (1),135,129,6
S01007434,Economically active: Self-employed: Total,26,25,1
S01007434,Economically active: Self-employed: Part-time (1),7,7,0
S01007434,Economically active: Self-employed: Full-time (1),19,18,1
S01007434,Economically active: Unemployed (1),40,38,2
S01007434,Economically inactive,140,138,2
S01007435,All people aged 16 and over,574,547,27
S01007435,Economically active: Total,377,357,20
S01007435,Economically active: Employee: Total,308,295,13
S01007435,Economically active: Employee: Part-time (1),70,69,1
S01007435,Economically active: Employee: Full-time (1),238,226,12
S01007435,Economically active: Self-employed: Total,34,30,4
S01007435,Economically active: Self-employed: Part-time (1),14,13,1
S01007435,Economically active: Self-employed: Full-time (1),20,17,3
S01007435,Economically active: Unemployed (1),35,32,3
S01007435,Economically inactive,197,190,7
S01007436,All people aged 16 and over,543,523,20
S01007436,Economically active: Total,336,323,13
S01007436,Economically active: Employee: Total,279,271,8
S01007436,Economically active: Employee: Part-time (1),86,85,1
S01007436,Economically active: Employee: Full-time (1),193,186,7
S01007436,Economically active: Self-employed: Total,20,18,2
S01007436,Economically active: Self-employed: Part-time (1),9,8,1
S01007436,Economically active: Self-employed: Full-time (1),11,10,1
S01007436,Economically active: Unemployed (1),37,34,3
S01007436,Economically inactive,207,200,7
S01007437,All people aged 16 and over,370,350,20
S01007437,Economically active: Total,234,221,13
S01007437,Economically active: Employee: Total,179,167,12
S01007437,Economically active: Employee: Part-time (1),57,51,6
S01007437,Economically active: Employee: Full-time (1),122,116,6
S01007437,Economically active: Self-employed: Total,24,24,0
S01007437,Economically active: Self-employed: Part-time (1),4,4,0
S01007437,Economically active: Self-employed: Full-time (1),20,20,0
S01007437,Economically active: Unemployed (1),31,30,1
S01007437,Economically inactive,136,129,7
S01007438,All people aged 16 and over,572,545,27
S01007438,Economically active: Total,348,329,19
S01007438,Economically active: Employee: Total,280,264,16
S01007438,Economically active: Employee: Part-time (1),60,57,3
S01007438,Economically active: Employee: Full-time (1),220,207,13
S01007438,Economically active: Self-employed: Total,25,24,1
S01007438,Economically active: Self-employed: Part-time (1),4,4,0
S01007438,Economically active: Self-employed: Full-time (1),21,20,1
S01007438,Economically active: Unemployed (1),43,41,2
S01007438,Economically inactive,224,216,8
S01007439,All people aged 16 and over,600,576,24
S01007439,Economically active: Total,352,332,20
S01007439,Economically active: Employee: Total,296,281,15
S01007439,Economically active: Employee: Part-time (1),70,65,5
S01007439,Economically active: Employee: Full-time (1),226,216,10
S01007439,Economically active: Self-employed: Total,29,27,2
S01007439,Economically active: Self-employed: Part-time (1),9,7,2
S01007439,Economically active: Self-employed: Full-time (1),20,20,0
S01007439,Economically active: Unemployed (1),27,24,3
S01007439,Economically inactive,248,244,4
S01007440,All people aged 16 and over,539,509,30
S01007440,Economically active: Total,335,318,17
S01007440,Economically active: Employee: Total,281,267,14
S01007440,Economically active: Employee: Part-time (1),81,77,4
S01007440,Economically active: Employee: Full-time (1),200,190,10
S01007440,Economically active: Self-employed: Total,28,26,2
S01007440,Economically active: Self-employed: Part-time (1),4,4,0
S01007440,Economically active: Self-employed: Full-time (1),24,22,2
S01007440,Economically active: Unemployed (1),26,25,1
S01007440,Economically inactive,204,191,13
S01007441,All people aged 16 and over,462,443,19
S01007441,Economically active: Total,303,292,11
S01007441,Economically active: Employee: Total,265,256,9
S01007441,Economically active: Employee: Part-time (1),62,60,2
S01007441,Economically active: Employee: Full-time (1),203,196,7
S01007441,Economically active: Self-employed: Total,25,23,2
S01007441,Economically active: Self-employed: Part-time (1),9,9,0
S01007441,Economically active: Self-employed: Full-time (1),16,14,2
S01007441,Economically active: Unemployed (1),13,13,0
S01007441,Economically inactive,159,151,8
S01007442,All people aged 16 and over,418,400,18
S01007442,Economically active: Total,258,242,16
S01007442,Economically active: Employee: Total,216,203,13
S01007442,Economically active: Employee: Part-time (1),54,52,2
S01007442,Economically active: Employee: Full-time (1),162,151,11
S01007442,Economically active: Self-employed: Total,35,34,1
S01007442,Economically active: Self-employed: Part-time (1),11,11,0
S01007442,Economically active: Self-employed: Full-time (1),24,23,1
S01007442,Economically active: Unemployed (1),7,5,2
S01007442,Economically inactive,160,158,2
S01007443,All people aged 16 and over,758,685,73
S01007443,Economically active: Total,379,346,33
S01007443,Economically active: Employee: Total,290,269,21
S01007443,Economically active: Employee: Part-time (1),88,81,7
S01007443,Economically active: Employee: Full-time (1),202,188,14
S01007443,Economically active: Self-employed: Total,62,55,7
S01007443,Economically active: Self-employed: Part-time (1),11,9,2
S01007443,Economically active: Self-employed: Full-time (1),51,46,5
S01007443,Economically active: Unemployed (1),27,22,5
S01007443,Economically inactive,379,339,40
S01007444,All people aged 16 and over,773,725,48
S01007444,Economically active: Total,424,392,32
S01007444,Economically active: Employee: Total,319,299,20
S01007444,Economically active: Employee: Part-time (1),90,84,6
S01007444,Economically active: Employee: Full-time (1),229,215,14
S01007444,Economically active: Self-employed: Total,89,78,11
S01007444,Economically active: Self-employed: Part-time (1),23,22,1
S01007444,Economically active: Self-employed: Full-time (1),66,56,10
S01007444,Economically active: Unemployed (1),16,15,1
S01007444,Economically inactive,349,333,16
S01007445,All people aged 16 and over,505,477,28
S01007445,Economically active: Total,298,281,17
S01007445,Economically active: Employee: Total,239,227,12
S01007445,Economically active: Employee: Part-time (1),66,65,1
S01007445,Economically active: Employee: Full-time (1),173,162,11
S01007445,Economically active: Self-employed: Total,50,46,4
S01007445,Economically active: Self-employed: Part-time (1),18,18,0
S01007445,Economically active: Self-employed: Full-time (1),32,28,4
S01007445,Economically active: Unemployed (1),9,8,1
S01007445,Economically inactive,207,196,11
S01007446,All people aged 16 and over,422,389,33
S01007446,Economically active: Total,268,249,19
S01007446,Economically active: Employee: Total,201,189,12
S01007446,Economically active: Employee: Part-time (1),60,56,4
S01007446,Economically active: Employee: Full-time (1),141,133,8
S01007446,Economically active: Self-employed: Total,52,46,6
S01007446,Economically active: Self-employed: Part-time (1),13,11,2
S01007446,Economically active: Self-employed: Full-time (1),39,35,4
S01007446,Economically active: Unemployed (1),15,14,1
S01007446,Economically inactive,154,140,14
S01007447,All people aged 16 and over,411,384,27
S01007447,Economically active: Total,250,233,17
S01007447,Economically active: Employee: Total,176,166,10
S01007447,Economically active: Employee: Part-time (1),56,54,2
S01007447,Economically active: Employee: Full-time (1),120,112,8
S01007447,Economically active: Self-employed: Total,64,62,2
S01007447,Economically active: Self-employed: Part-time (1),18,17,1
S01007447,Economically active: Self-employed: Full-time (1),46,45,1
S01007447,Economically active: Unemployed (1),10,5,5
S01007447,Economically inactive,161,151,10
S01007448,All people aged 16 and over,736,716,20
S01007448,Economically active: Total,454,440,14
S01007448,Economically active: Employee: Total,347,338,9
S01007448,Economically active: Employee: Part-time (1),87,84,3
S01007448,Economically active: Employee: Full-time (1),260,254,6
S01007448,Economically active: Self-employed: Total,80,76,4
S01007448,Economically active: Self-employed: Part-time (1),23,22,1
S01007448,Economically active: Self-employed: Full-time (1),57,54,3
S01007448,Economically active: Unemployed (1),27,26,1
S01007448,Economically inactive,282,276,6
S01007449,All people aged 16 and over,821,799,22
S01007449,Economically active: Total,515,499,16
S01007449,Economically active: Employee: Total,402,390,12
S01007449,Economically active: Employee: Part-time (1),110,108,2
S01007449,Economically active: Employee: Full-time (1),292,282,10
S01007449,Economically active: Self-employed: Total,38,34,4
S01007449,Economically active: Self-employed: Part-time (1),16,15,1
S01007449,Economically active: Self-employed: Full-time (1),22,19,3
S01007449,Economically active: Unemployed (1),75,75,0
S01007449,Economically inactive,306,300,6
S01007450,All people aged 16 and over,598,587,11
S01007450,Economically active: Total,357,349,8
S01007450,Economically active: Employee: Total,276,268,8
S01007450,Economically active: Employee: Part-time (1),92,87,5
S01007450,Economically active: Employee: Full-time (1),184,181,3
S01007450,Economically active: Self-employed: Total,25,25,0
S01007450,Economically active: Self-employed: Part-time (1),10,10,0
S01007450,Economically active: Self-employed: Full-time (1),15,15,0
S01007450,Economically active: Unemployed (1),56,56,0
S01007450,Economically inactive,241,238,3
S01007451,All people aged 16 and over,524,510,14
S01007451,Economically active: Total,330,322,8
S01007451,Economically active: Employee: Total,280,273,7
S01007451,Economically active: Employee: Part-time (1),84,81,3
S01007451,Economically active: Employee: Full-time (1),196,192,4
S01007451,Economically active: Self-employed: Total,25,25,0
S01007451,Economically active: Self-employed: Part-time (1),5,5,0
S01007451,Economically active: Self-employed: Full-time (1),20,20,0
S01007451,Economically active: Unemployed (1),25,24,1
S01007451,Economically inactive,194,188,6
S01007452,All people aged 16 and over,414,399,15
S01007452,Economically active: Total,257,246,11
S01007452,Economically active: Employee: Total,180,174,6
S01007452,Economically active: Employee: Part-time (1),49,48,1
S01007452,Economically active: Employee: Full-time (1),131,126,5
S01007452,Economically active: Self-employed: Total,37,33,4
S01007452,Economically active: Self-employed: Part-time (1),3,3,0
S01007452,Economically active: Self-employed: Full-time (1),34,30,4
S01007452,Economically active: Unemployed (1),40,39,1
S01007452,Economically inactive,157,153,4
S01007453,All people aged 16 and over,458,424,34
S01007453,Economically active: Total,358,335,23
S01007453,Economically active: Employee: Total,311,289,22
S01007453,Economically active: Employee: Part-time (1),61,57,4
S01007453,Economically active: Employee: Full-time (1),250,232,18
S01007453,Economically active: Self-employed: Total,34,33,1
S01007453,Economically active: Self-employed: Part-time (1),6,6,0
S01007453,Economically active: Self-employed: Full-time (1),28,27,1
S01007453,Economically active: Unemployed (1),13,13,0
S01007453,Economically inactive,100,89,11
S01007454,All people aged 16 and over,418,405,13
S01007454,Economically active: Total,279,269,10
S01007454,Economically active: Employee: Total,223,215,8
S01007454,Economically active: Employee: Part-time (1),60,56,4
S01007454,Economically active: Employee: Full-time (1),163,159,4
S01007454,Economically active: Self-employed: Total,28,26,2
S01007454,Economically active: Self-employed: Part-time (1),6,5,1
S01007454,Economically active: Self-employed: Full-time (1),22,21,1
S01007454,Economically active: Unemployed (1),28,28,0
S01007454,Economically inactive,139,136,3
S01007455,All people aged 16 and over,677,645,32
S01007455,Economically active: Total,428,401,27
S01007455,Economically active: Employee: Total,345,323,22
S01007455,Economically active: Employee: Part-time (1),91,85,6
S01007455,Economically active: Employee: Full-time (1),254,238,16
S01007455,Economically active: Self-employed: Total,21,18,3
S01007455,Economically active: Self-employed: Part-time (1),8,7,1
S01007455,Economically active: Self-employed: Full-time (1),13,11,2
S01007455,Economically active: Unemployed (1),62,60,2
S01007455,Economically inactive,249,244,5
S01007456,All people aged 16 and over,702,662,40
S01007456,Economically active: Total,430,400,30
S01007456,Economically active: Employee: Total,347,317,30
S01007456,Economically active: Employee: Part-time (1),109,104,5
S01007456,Economically active: Employee: Full-time (1),238,213,25
S01007456,Economically active: Self-employed: Total,22,22,0
S01007456,Economically active: Self-employed: Part-time (1),5,5,0
S01007456,Economically active: Self-employed: Full-time (1),17,17,0
S01007456,Economically active: Unemployed (1),61,61,0
S01007456,Economically inactive,272,262,10
S01007457,All people aged 16 and over,870,823,47
S01007457,Economically active: Total,553,516,37
S01007457,Economically active: Employee: Total,440,410,30
S01007457,Economically active: Employee: Part-time (1),91,84,7
S01007457,Economically active: Employee: Full-time (1),349,326,23
S01007457,Economically active: Self-employed: Total,41,37,4
S01007457,Economically active: Self-employed: Part-time (1),15,11,4
S01007457,Economically active: Self-employed: Full-time (1),26,26,0
S01007457,Economically active: Unemployed (1),72,69,3
S01007457,Economically inactive,317,307,10
S01007458,All people aged 16 and over,443,433,10
S01007458,Economically active: Total,288,280,8
S01007458,Economically active: Employee: Total,259,251,8
S01007458,Economically active: Employee: Part-time (1),72,71,1
S01007458,Economically active: Employee: Full-time (1),187,180,7
S01007458,Economically active: Self-employed: Total,19,19,0
S01007458,Economically active: Self-employed: Part-time (1),4,4,0
S01007458,Economically active: Self-employed: Full-time (1),15,15,0
S01007458,Economically active: Unemployed (1),10,10,0
S01007458,Economically inactive,155,153,2
S01007459,All people aged 16 and over,551,533,18
S01007459,Economically active: Total,313,301,12
S01007459,Economically active: Employee: Total,262,254,8
S01007459,Economically active: Employee: Part-time (1),69,67,2
S01007459,Economically active: Employee: Full-time (1),193,187,6
S01007459,Economically active: Self-employed: Total,31,27,4
S01007459,Economically active: Self-employed: Part-time (1),10,9,1
S01007459,Economically active: Self-employed: Full-time (1),21,18,3
S01007459,Economically active: Unemployed (1),20,20,0
S01007459,Economically inactive,238,232,6
S01007460,All people aged 16 and over,619,603,16
S01007460,Economically active: Total,364,353,11
S01007460,Economically active: Employee: Total,282,273,9
S01007460,Economically active: Employee: Part-time (1),68,62,6
S01007460,Economically active: Employee: Full-time (1),214,211,3
S01007460,Economically active: Self-employed: Total,43,41,2
S01007460,Economically active: Self-employed: Part-time (1),12,12,0
S01007460,Economically active: Self-employed: Full-time (1),31,29,2
S01007460,Economically active: Unemployed (1),39,39,0
S01007460,Economically inactive,255,250,5
S01007461,All people aged 16 and over,568,545,23
S01007461,Economically active: Total,327,308,19
S01007461,Economically active: Employee: Total,235,219,16
S01007461,Economically active: Employee: Part-time (1),77,70,7
S01007461,Economically active: Employee: Full-time (1),158,149,9
S01007461,Economically active: Self-employed: Total,21,20,1
S01007461,Economically active: Self-employed: Part-time (1),9,8,1
S01007461,Economically active: Self-employed: Full-time (1),12,12,0
S01007461,Economically active: Unemployed (1),71,69,2
S01007461,Economically inactive,241,237,4
S01007462,All people aged 16 and over,661,620,41
S01007462,Economically active: Total,462,430,32
S01007462,Economically active: Employee: Total,388,361,27
S01007462,Economically active: Employee: Part-time (1),79,72,7
S01007462,Economically active: Employee: Full-time (1),309,289,20
S01007462,Economically active: Self-employed: Total,43,40,3
S01007462,Economically active: Self-employed: Part-time (1),10,10,0
S01007462,Economically active: Self-employed: Full-time (1),33,30,3
S01007462,Economically active: Unemployed (1),31,29,2
S01007462,Economically inactive,199,190,9
S01007463,All people aged 16 and over,721,684,37
S01007463,Economically active: Total,419,390,29
S01007463,Economically active: Employee: Total,292,273,19
S01007463,Economically active: Employee: Part-time (1),103,99,4
S01007463,Economically active: Employee: Full-time (1),189,174,15
S01007463,Economically active: Self-employed: Total,35,30,5
S01007463,Economically active: Self-employed: Part-time (1),6,6,0
S01007463,Economically active: Self-employed: Full-time (1),29,24,5
S01007463,Economically active: Unemployed (1),92,87,5
S01007463,Economically inactive,302,294,8
S01007464,All people aged 16 and over,548,509,39
S01007464,Economically active: Total,286,259,27
S01007464,Economically active: Employee: Total,232,208,24
S01007464,Economically active: Employee: Part-time (1),61,56,5
S01007464,Economically active: Employee: Full-time (1),171,152,19
S01007464,Economically active: Self-employed: Total,10,7,3
S01007464,Economically active: Self-employed: Part-time (1),3,2,1
S01007464,Economically active: Self-employed: Full-time (1),7,5,2
S01007464,Economically active: Unemployed (1),44,44,0
S01007464,Economically inactive,262,250,12
S01007465,All people aged 16 and over,594,563,31
S01007465,Economically active: Total,324,298,26
S01007465,Economically active: Employee: Total,215,193,22
S01007465,Economically active: Employee: Part-time (1),77,74,3
S01007465,Economically active: Employee: Full-time (1),138,119,19
S01007465,Economically active: Self-employed: Total,18,16,2
S01007465,Economically active: Self-employed: Part-time (1),3,3,0
S01007465,Economically active: Self-employed: Full-time (1),15,13,2
S01007465,Economically active: Unemployed (1),91,89,2
S01007465,Economically inactive,270,265,5
S01007466,All people aged 16 and over,851,780,71
S01007466,Economically active: Total,490,436,54
S01007466,Economically active: Employee: Total,372,322,50
S01007466,Economically active: Employee: Part-time (1),115,102,13
S01007466,Economically active: Employee: Full-time (1),257,220,37
S01007466,Economically active: Self-employed: Total,31,29,2
S01007466,Economically active: Self-employed: Part-time (1),4,4,0
S01007466,Economically active: Self-employed: Full-time (1),27,25,2
S01007466,Economically active: Unemployed (1),87,85,2
S01007466,Economically inactive,361,344,17
S01007467,All people aged 16 and over,824,769,55
S01007467,Economically active: Total,469,429,40
S01007467,Economically active: Employee: Total,397,365,32
S01007467,Economically active: Employee: Part-time (1),106,94,12
S01007467,Economically active: Employee: Full-time (1),291,271,20
S01007467,Economically active: Self-employed: Total,32,27,5
S01007467,Economically active: Self-employed: Part-time (1),12,11,1
S01007467,Economically active: Self-employed: Full-time (1),20,16,4
S01007467,Economically active: Unemployed (1),40,37,3
S01007467,Economically inactive,355,340,15
S01007468,All people aged 16 and over,607,581,26
S01007468,Economically active: Total,429,409,20
S01007468,Economically active: Employee: Total,376,360,16
S01007468,Economically active: Employee: Part-time (1),90,87,3
S01007468,Economically active: Employee: Full-time (1),286,273,13
S01007468,Economically active: Self-employed: Total,36,33,3
S01007468,Economically active: Self-employed: Part-time (1),8,8,0
S01007468,Economically active: Self-employed: Full-time (1),28,25,3
S01007468,Economically active: Unemployed (1),17,16,1
S01007468,Economically inactive,178,172,6
S01007469,All people aged 16 and over,465,448,17
S01007469,Economically active: Total,311,301,10
S01007469,Economically active: Employee: Total,260,252,8
S01007469,Economically active: Employee: Part-time (1),71,69,2
S01007469,Economically active: Employee: Full-time (1),189,183,6
S01007469,Economically active: Self-employed: Total,18,17,1
S01007469,Economically active: Self-employed: Part-time (1),8,8,0
S01007469,Economically active: Self-employed: Full-time (1),10,9,1
S01007469,Economically active: Unemployed (1),33,32,1
S01007469,Economically inactive,154,147,7
S01007470,All people aged 16 and over,572,524,48
S01007470,Economically active: Total,320,292,28
S01007470,Economically active: Employee: Total,248,223,25
S01007470,Economically active: Employee: Part-time (1),67,64,3
S01007470,Economically active: Employee: Full-time (1),181,159,22
S01007470,Economically active: Self-employed: Total,26,25,1
S01007470,Economically active: Self-employed: Part-time (1),8,8,0
S01007470,Economically active: Self-employed: Full-time (1),18,17,1
S01007470,Economically active: Unemployed (1),46,44,2
S01007470,Economically inactive,252,232,20
S01007471,All people aged 16 and over,382,375,7
S01007471,Economically active: Total,264,259,5
S01007471,Economically active: Employee: Total,236,233,3
S01007471,Economically active: Employee: Part-time (1),66,65,1
S01007471,Economically active: Employee: Full-time (1),170,168,2
S01007471,Economically active: Self-employed: Total,14,13,1
S01007471,Economically active: Self-employed: Part-time (1),8,7,1
S01007471,Economically active: Self-employed: Full-time (1),6,6,0
S01007471,Economically active: Unemployed (1),14,13,1
S01007471,Economically inactive,118,116,2
S01007472,All people aged 16 and over,458,442,16
S01007472,Economically active: Total,256,246,10
S01007472,Economically active: Employee: Total,210,203,7
S01007472,Economically active: Employee: Part-time (1),58,57,1
S01007472,Economically active: Employee: Full-time (1),152,146,6
S01007472,Economically active: Self-employed: Total,13,11,2
S01007472,Economically active: Self-employed: Part-time (1),7,6,1
S01007472,Economically active: Self-employed: Full-time (1),6,5,1
S01007472,Economically active: Unemployed (1),33,32,1
S01007472,Economically inactive,202,196,6
S01007473,All people aged 16 and over,370,364,6
S01007473,Economically active: Total,227,222,5
S01007473,Economically active: Employee: Total,197,194,3
S01007473,Economically active: Employee: Part-time (1),53,52,1
S01007473,Economically active: Employee: Full-time (1),144,142,2
S01007473,Economically active: Self-employed: Total,11,9,2
S01007473,Economically active: Self-employed: Part-time (1),4,4,0
S01007473,Economically active: Self-employed: Full-time (1),7,5,2
S01007473,Economically active: Unemployed (1),19,19,0
S01007473,Economically inactive,143,142,1
S01007474,All people aged 16 and over,445,435,10
S01007474,Economically active: Total,313,305,8
S01007474,Economically active: Employee: Total,263,258,5
S01007474,Economically active: Employee: Part-time (1),81,81,0
S01007474,Economically active: Employee: Full-time (1),182,177,5
S01007474,Economically active: Self-employed: Total,35,32,3
S01007474,Economically active: Self-employed: Part-time (1),11,9,2
S01007474,Economically active: Self-employed: Full-time (1),24,23,1
S01007474,Economically active: Unemployed (1),15,15,0
S01007474,Economically inactive,132,130,2
S01007475,All people aged 16 and over,491,464,27
S01007475,Economically active: Total,337,316,21
S01007475,Economically active: Employee: Total,290,274,16
S01007475,Economically active: Employee: Part-time (1),75,70,5
S01007475,Economically active: Employee: Full-time (1),215,204,11
S01007475,Economically active: Self-employed: Total,24,20,4
S01007475,Economically active: Self-employed: Part-time (1),6,6,0
S01007475,Economically active: Self-employed: Full-time (1),18,14,4
S01007475,Economically active: Unemployed (1),23,22,1
S01007475,Economically inactive,154,148,6
S01007476,All people aged 16 and over,565,546,19
S01007476,Economically active: Total,313,302,11
S01007476,Economically active: Employee: Total,264,257,7
S01007476,Economically active: Employee: Part-time (1),72,72,0
S01007476,Economically active: Employee: Full-time (1),192,185,7
S01007476,Economically active: Self-employed: Total,29,26,3
S01007476,Economically active: Self-employed: Part-time (1),8,6,2
S01007476,Economically active: Self-employed: Full-time (1),21,20,1
S01007476,Economically active: Unemployed (1),20,19,1
S01007476,Economically inactive,252,244,8
S01007477,All people aged 16 and over,437,422,15
S01007477,Economically active: Total,291,282,9
S01007477,Economically active: Employee: Total,238,230,8
S01007477,Economically active: Employee: Part-time (1),43,43,0
S01007477,Economically active: Employee: Full-time (1),195,187,8
S01007477,Economically active: Self-employed: Total,37,36,1
S01007477,Economically active: Self-employed: Part-time (1),13,13,0
S01007477,Economically active: Self-employed: Full-time (1),24,23,1
S01007477,Economically active: Unemployed (1),16,16,0
S01007477,Economically inactive,146,140,6
S01007478,All people aged 16 and over,751,714,37
S01007478,Economically active: Total,474,449,25
S01007478,Economically active: Employee: Total,398,377,21
S01007478,Economically active: Employee: Part-time (1),88,78,10
S01007478,Economically active: Employee: Full-time (1),310,299,11
S01007478,Economically active: Self-employed: Total,46,42,4
S01007478,Economically active: Self-employed: Part-time (1),7,5,2
S01007478,Economically active: Self-employed: Full-time (1),39,37,2
S01007478,Economically active: Unemployed (1),30,30,0
S01007478,Economically inactive,277,265,12
S01007479,All people aged 16 and over,458,436,22
S01007479,Economically active: Total,331,317,14
S01007479,Economically active: Employee: Total,294,280,14
S01007479,Economically active: Employee: Part-time (1),66,62,4
S01007479,Economically active: Employee: Full-time (1),228,218,10
S01007479,Economically active: Self-employed: Total,14,14,0
S01007479,Economically active: Self-employed: Part-time (1),4,4,0
S01007479,Economically active: Self-employed: Full-time (1),10,10,0
S01007479,Economically active: Unemployed (1),23,23,0
S01007479,Economically inactive,127,119,8
S01007480,All people aged 16 and over,609,575,34
S01007480,Economically active: Total,476,452,24
S01007480,Economically active: Employee: Total,428,406,22
S01007480,Economically active: Employee: Part-time (1),97,91,6
S01007480,Economically active: Employee: Full-time (1),331,315,16
S01007480,Economically active: Self-employed: Total,25,24,1
S01007480,Economically active: Self-employed: Part-time (1),5,5,0
S01007480,Economically active: Self-employed: Full-time (1),20,19,1
S01007480,Economically active: Unemployed (1),23,22,1
S01007480,Economically inactive,133,123,10
S01007481,All people aged 16 and over,740,721,19
S01007481,Economically active: Total,359,351,8
S01007481,Economically active: Employee: Total,288,281,7
S01007481,Economically active: Employee: Part-time (1),91,89,2
S01007481,Economically active: Employee: Full-time (1),197,192,5
S01007481,Economically active: Self-employed: Total,59,58,1
S01007481,Economically active: Self-employed: Part-time (1),17,16,1
S01007481,Economically active: Self-employed: Full-time (1),42,42,0
S01007481,Economically active: Unemployed (1),12,12,0
S01007481,Economically inactive,381,370,11
S01007482,All people aged 16 and over,408,400,8
S01007482,Economically active: Total,197,194,3
S01007482,Economically active: Employee: Total,167,165,2
S01007482,Economically active: Employee: Part-time (1),54,54,0
S01007482,Economically active: Employee: Full-time (1),113,111,2
S01007482,Economically active: Self-employed: Total,18,18,0
S01007482,Economically active: Self-employed: Part-time (1),7,7,0
S01007482,Economically active: Self-employed: Full-time (1),11,11,0
S01007482,Economically active: Unemployed (1),12,11,1
S01007482,Economically inactive,211,206,5
S01007483,All people aged 16 and over,629,615,14
S01007483,Economically active: Total,402,394,8
S01007483,Economically active: Employee: Total,311,304,7
S01007483,Economically active: Employee: Part-time (1),104,102,2
S01007483,Economically active: Employee: Full-time (1),207,202,5
S01007483,Economically active: Self-employed: Total,57,57,0
S01007483,Economically active: Self-employed: Part-time (1),22,22,0
S01007483,Economically active: Self-employed: Full-time (1),35,35,0
S01007483,Economically active: Unemployed (1),34,33,1
S01007483,Economically inactive,227,221,6
S01007484,All people aged 16 and over,470,450,20
S01007484,Economically active: Total,277,261,16
S01007484,Economically active: Employee: Total,193,181,12
S01007484,Economically active: Employee: Part-time (1),61,59,2
S01007484,Economically active: Employee: Full-time (1),132,122,10
S01007484,Economically active: Self-employed: Total,36,33,3
S01007484,Economically active: Self-employed: Part-time (1),8,8,0
S01007484,Economically active: Self-employed: Full-time (1),28,25,3
S01007484,Economically active: Unemployed (1),48,47,1
S01007484,Economically inactive,193,189,4
S01007485,All people aged 16 and over,359,350,9
S01007485,Economically active: Total,210,202,8
S01007485,Economically active: Employee: Total,154,146,8
S01007485,Economically active: Employee: Part-time (1),72,68,4
S01007485,Economically active: Employee: Full-time (1),82,78,4
S01007485,Economically active: Self-employed: Total,13,13,0
S01007485,Economically active: Self-employed: Part-time (1),4,4,0
S01007485,Economically active: Self-employed: Full-time (1),9,9,0
S01007485,Economically active: Unemployed (1),43,43,0
S01007485,Economically inactive,149,148,1
S01007486,All people aged 16 and over,382,376,6
S01007486,Economically active: Total,193,191,2
S01007486,Economically active: Employee: Total,134,132,2
S01007486,Economically active: Employee: Part-time (1),74,73,1
S01007486,Economically active: Employee: Full-time (1),60,59,1
S01007486,Economically active: Self-employed: Total,8,8,0
S01007486,Economically active: Self-employed: Part-time (1),2,2,0
S01007486,Economically active: Self-employed: Full-time (1),6,6,0
S01007486,Economically active: Unemployed (1),51,51,0
S01007486,Economically inactive,189,185,4
S01007487,All people aged 16 and over,763,735,28
S01007487,Economically active: Total,452,428,24
S01007487,Economically active: Employee: Total,336,316,20
S01007487,Economically active: Employee: Part-time (1),108,104,4
S01007487,Economically active: Employee: Full-time (1),228,212,16
S01007487,Economically active: Self-employed: Total,50,47,3
S01007487,Economically active: Self-employed: Part-time (1),13,12,1
S01007487,Economically active: Self-employed: Full-time (1),37,35,2
S01007487,Economically active: Unemployed (1),66,65,1
S01007487,Economically inactive,311,307,4
S01007488,All people aged 16 and over,838,810,28
S01007488,Economically active: Total,535,513,22
S01007488,Economically active: Employee: Total,420,403,17
S01007488,Economically active: Employee: Part-time (1),135,129,6
S01007488,Economically active: Employee: Full-time (1),285,274,11
S01007488,Economically active: Self-employed: Total,71,67,4
S01007488,Economically active: Self-employed: Part-time (1),8,8,0
S01007488,Economically active: Self-employed: Full-time (1),63,59,4
S01007488,Economically active: Unemployed (1),44,43,1
S01007488,Economically inactive,303,297,6
S01007489,All people aged 16 and over,725,713,12
S01007489,Economically active: Total,429,421,8
S01007489,Economically active: Employee: Total,339,334,5
S01007489,Economically active: Employee: Part-time (1),136,134,2
S01007489,Economically active: Employee: Full-time (1),203,200,3
S01007489,Economically active: Self-employed: Total,58,57,1
S01007489,Economically active: Self-employed: Part-time (1),11,11,0
S01007489,Economically active: Self-employed: Full-time (1),47,46,1
S01007489,Economically active: Unemployed (1),32,30,2
S01007489,Economically inactive,296,292,4
S01007490,All people aged 16 and over,757,741,16
S01007490,Economically active: Total,397,389,8
S01007490,Economically active: Employee: Total,318,312,6
S01007490,Economically active: Employee: Part-time (1),127,125,2
S01007490,Economically active: Employee: Full-time (1),191,187,4
S01007490,Economically active: Self-employed: Total,46,45,1
S01007490,Economically active: Self-employed: Part-time (1),14,14,0
S01007490,Economically active: Self-employed: Full-time (1),32,31,1
S01007490,Economically active: Unemployed (1),33,32,1
S01007490,Economically inactive,360,352,8
S01007491,All people aged 16 and over,886,852,34
S01007491,Economically active: Total,570,547,23
S01007491,Economically active: Employee: Total,470,452,18
S01007491,Economically active: Employee: Part-time (1),169,163,6
S01007491,Economically active: Employee: Full-time (1),301,289,12
S01007491,Economically active: Self-employed: Total,42,40,2
S01007491,Economically active: Self-employed: Part-time (1),7,7,0
S01007491,Economically active: Self-employed: Full-time (1),35,33,2
S01007491,Economically active: Unemployed (1),58,55,3
S01007491,Economically inactive,316,305,11
S01007492,All people aged 16 and over,597,584,13
S01007492,Economically active: Total,358,349,9
S01007492,Economically active: Employee: Total,301,294,7
S01007492,Economically active: Employee: Part-time (1),107,104,3
S01007492,Economically active: Employee: Full-time (1),194,190,4
S01007492,Economically active: Self-employed: Total,29,28,1
S01007492,Economically active: Self-employed: Part-time (1),9,8,1
S01007492,Economically active: Self-employed: Full-time (1),20,20,0
S01007492,Economically active: Unemployed (1),28,27,1
S01007492,Economically inactive,239,235,4
S01007493,All people aged 16 and over,677,669,8
S01007493,Economically active: Total,433,428,5
S01007493,Economically active: Employee: Total,369,366,3
S01007493,Economically active: Employee: Part-time (1),127,125,2
S01007493,Economically active: Employee: Full-time (1),242,241,1
S01007493,Economically active: Self-employed: Total,31,29,2
S01007493,Economically active: Self-employed: Part-time (1),8,7,1
S01007493,Economically active: Self-employed: Full-time (1),23,22,1
S01007493,Economically active: Unemployed (1),33,33,0
S01007493,Economically inactive,244,241,3
S01007494,All people aged 16 and over,448,438,10
S01007494,Economically active: Total,258,251,7
S01007494,Economically active: Employee: Total,164,160,4
S01007494,Economically active: Employee: Part-time (1),59,57,2
S01007494,Economically active: Employee: Full-time (1),105,103,2
S01007494,Economically active: Self-employed: Total,79,77,2
S01007494,Economically active: Self-employed: Part-time (1),9,9,0
S01007494,Economically active: Self-employed: Full-time (1),70,68,2
S01007494,Economically active: Unemployed (1),15,14,1
S01007494,Economically inactive,190,187,3
S01007495,All people aged 16 and over,677,647,30
S01007495,Economically active: Total,449,428,21
S01007495,Economically active: Employee: Total,309,295,14
S01007495,Economically active: Employee: Part-time (1),116,113,3
S01007495,Economically active: Employee: Full-time (1),193,182,11
S01007495,Economically active: Self-employed: Total,129,122,7
S01007495,Economically active: Self-employed: Part-time (1),23,20,3
S01007495,Economically active: Self-employed: Full-time (1),106,102,4
S01007495,Economically active: Unemployed (1),11,11,0
S01007495,Economically inactive,228,219,9
S01007496,All people aged 16 and over,882,850,32
S01007496,Economically active: Total,481,463,18
S01007496,Economically active: Employee: Total,313,302,11
S01007496,Economically active: Employee: Part-time (1),118,115,3
S01007496,Economically active: Employee: Full-time (1),195,187,8
S01007496,Economically active: Self-employed: Total,142,136,6
S01007496,Economically active: Self-employed: Part-time (1),37,34,3
S01007496,Economically active: Self-employed: Full-time (1),105,102,3
S01007496,Economically active: Unemployed (1),26,25,1
S01007496,Economically inactive,401,387,14
S01007497,All people aged 16 and over,481,470,11
S01007497,Economically active: Total,274,266,8
S01007497,Economically active: Employee: Total,201,195,6
S01007497,Economically active: Employee: Part-time (1),62,59,3
S01007497,Economically active: Employee: Full-time (1),139,136,3
S01007497,Economically active: Self-employed: Total,60,58,2
S01007497,Economically active: Self-employed: Part-time (1),16,15,1
S01007497,Economically active: Self-employed: Full-time (1),44,43,1
S01007497,Economically active: Unemployed (1),13,13,0
S01007497,Economically inactive,207,204,3
S01007498,All people aged 16 and over,737,721,16
S01007498,Economically active: Total,393,385,8
S01007498,Economically active: Employee: Total,294,288,6
S01007498,Economically active: Employee: Part-time (1),94,93,1
S01007498,Economically active: Employee: Full-time (1),200,195,5
S01007498,Economically active: Self-employed: Total,72,70,2
S01007498,Economically active: Self-employed: Part-time (1),16,16,0
S01007498,Economically active: Self-employed: Full-time (1),56,54,2
S01007498,Economically active: Unemployed (1),27,27,0
S01007498,Economically inactive,344,336,8
S01007499,All people aged 16 and over,687,668,19
S01007499,Economically active: Total,444,431,13
S01007499,Economically active: Employee: Total,309,299,10
S01007499,Economically active: Employee: Part-time (1),101,98,3
S01007499,Economically active: Employee: Full-time (1),208,201,7
S01007499,Economically active: Self-employed: Total,103,101,2
S01007499,Economically active: Self-employed: Part-time (1),20,19,1
S01007499,Economically active: Self-employed: Full-time (1),83,82,1
S01007499,Economically active: Unemployed (1),32,31,1
S01007499,Economically inactive,243,237,6
S01007500,All people aged 16 and over,516,502,14
S01007500,Economically active: Total,260,252,8
S01007500,Economically active: Employee: Total,168,164,4
S01007500,Economically active: Employee: Part-time (1),60,59,1
S01007500,Economically active: Employee: Full-time (1),108,105,3
S01007500,Economically active: Self-employed: Total,71,69,2
S01007500,Economically active: Self-employed: Part-time (1),9,8,1
S01007500,Economically active: Self-employed: Full-time (1),62,61,1
S01007500,Economically active: Unemployed (1),21,19,2
S01007500,Economically inactive,256,250,6
S01007501,All people aged 16 and over,598,577,21
S01007501,Economically active: Total,296,291,5
S01007501,Economically active: Employee: Total,167,164,3
S01007501,Economically active: Employee: Part-time (1),67,65,2
S01007501,Economically active: Employee: Full-time (1),100,99,1
S01007501,Economically active: Self-employed: Total,102,101,1
S01007501,Economically active: Self-employed: Part-time (1),19,19,0
S01007501,Economically active: Self-employed: Full-time (1),83,82,1
S01007501,Economically active: Unemployed (1),27,26,1
S01007501,Economically inactive,302,286,16
S01007502,All people aged 16 and over,447,438,9
S01007502,Economically active: Total,261,257,4
S01007502,Economically active: Employee: Total,177,174,3
S01007502,Economically active: Employee: Part-time (1),71,71,0
S01007502,Economically active: Employee: Full-time (1),106,103,3
S01007502,Economically active: Self-employed: Total,72,71,1
S01007502,Economically active: Self-employed: Part-time (1),13,13,0
S01007502,Economically active: Self-employed: Full-time (1),59,58,1
S01007502,Economically active: Unemployed (1),12,12,0
S01007502,Economically inactive,186,181,5
S01007503,All people aged 16 and over,870,841,29
S01007503,Economically active: Total,485,465,20
S01007503,Economically active: Employee: Total,309,294,15
S01007503,Economically active: Employee: Part-time (1),102,96,6
S01007503,Economically active: Employee: Full-time (1),207,198,9
S01007503,Economically active: Self-employed: Total,136,131,5
S01007503,Economically active: Self-employed: Part-time (1),27,25,2
S01007503,Economically active: Self-employed: Full-time (1),109,106,3
S01007503,Economically active: Unemployed (1),40,40,0
S01007503,Economically inactive,385,376,9
S01007504,All people aged 16 and over,588,573,15
S01007504,Economically active: Total,351,343,8
S01007504,Economically active: Employee: Total,204,196,8
S01007504,Economically active: Employee: Part-time (1),81,80,1
S01007504,Economically active: Employee: Full-time (1),123,116,7
S01007504,Economically active: Self-employed: Total,124,124,0
S01007504,Economically active: Self-employed: Part-time (1),27,27,0
S01007504,Economically active: Self-employed: Full-time (1),97,97,0
S01007504,Economically active: Unemployed (1),23,23,0
S01007504,Economically inactive,237,230,7
S01007505,All people aged 16 and over,346,332,14
S01007505,Economically active: Total,226,217,9
S01007505,Economically active: Employee: Total,131,125,6
S01007505,Economically active: Employee: Part-time (1),46,43,3
S01007505,Economically active: Employee: Full-time (1),85,82,3
S01007505,Economically active: Self-employed: Total,78,75,3
S01007505,Economically active: Self-employed: Part-time (1),10,9,1
S01007505,Economically active: Self-employed: Full-time (1),68,66,2
S01007505,Economically active: Unemployed (1),17,17,0
S01007505,Economically inactive,120,115,5
S01007506,All people aged 16 and over,426,412,14
S01007506,Economically active: Total,240,233,7
S01007506,Economically active: Employee: Total,140,133,7
S01007506,Economically active: Employee: Part-time (1),46,46,0
S01007506,Economically active: Employee: Full-time (1),94,87,7
S01007506,Economically active: Self-employed: Total,91,91,0
S01007506,Economically active: Self-employed: Part-time (1),12,12,0
S01007506,Economically active: Self-employed: Full-time (1),79,79,0
S01007506,Economically active: Unemployed (1),9,9,0
S01007506,Economically inactive,186,179,7
S01007507,All people aged 16 and over,793,766,27
S01007507,Economically active: Total,436,421,15
S01007507,Economically active: Employee: Total,297,287,10
S01007507,Economically active: Employee: Part-time (1),107,101,6
S01007507,Economically active: Employee: Full-time (1),190,186,4
S01007507,Economically active: Self-employed: Total,107,102,5
S01007507,Economically active: Self-employed: Part-time (1),18,16,2
S01007507,Economically active: Self-employed: Full-time (1),89,86,3
S01007507,Economically active: Unemployed (1),32,32,0
S01007507,Economically inactive,357,345,12
S01007508,All people aged 16 and over,604,584,20
S01007508,Economically active: Total,348,339,9
S01007508,Economically active: Employee: Total,234,225,9
S01007508,Economically active: Employee: Part-time (1),84,83,1
S01007508,Economically active: Employee: Full-time (1),150,142,8
S01007508,Economically active: Self-employed: Total,98,98,0
S01007508,Economically active: Self-employed: Part-time (1),24,24,0
S01007508,Economically active: Self-employed: Full-time (1),74,74,0
S01007508,Economically active: Unemployed (1),16,16,0
S01007508,Economically inactive,256,245,11
S01007509,All people aged 16 and over,528,513,15
S01007509,Economically active: Total,316,308,8
S01007509,Economically active: Employee: Total,187,182,5
S01007509,Economically active: Employee: Part-time (1),70,66,4
S01007509,Economically active: Employee: Full-time (1),117,116,1
S01007509,Economically active: Self-employed: Total,108,106,2
S01007509,Economically active: Self-employed: Part-time (1),29,29,0
S01007509,Economically active: Self-employed: Full-time (1),79,77,2
S01007509,Economically active: Unemployed (1),21,20,1
S01007509,Economically inactive,212,205,7
S01007510,All people aged 16 and over,862,829,33
S01007510,Economically active: Total,416,405,11
S01007510,Economically active: Employee: Total,269,262,7
S01007510,Economically active: Employee: Part-time (1),118,115,3
S01007510,Economically active: Employee: Full-time (1),151,147,4
S01007510,Economically active: Self-employed: Total,125,123,2
S01007510,Economically active: Self-employed: Part-time (1),36,35,1
S01007510,Economically active: Self-employed: Full-time (1),89,88,1
S01007510,Economically active: Unemployed (1),22,20,2
S01007510,Economically inactive,446,424,22
S01007511,All people aged 16 and over,675,653,22
S01007511,Economically active: Total,350,332,18
S01007511,Economically active: Employee: Total,226,214,12
S01007511,Economically active: Employee: Part-time (1),88,87,1
S01007511,Economically active: Employee: Full-time (1),138,127,11
S01007511,Economically active: Self-employed: Total,81,77,4
S01007511,Economically active: Self-employed: Part-time (1),24,21,3
S01007511,Economically active: Self-employed: Full-time (1),57,56,1
S01007511,Economically active: Unemployed (1),43,41,2
S01007511,Economically inactive,325,321,4
S01007512,All people aged 16 and over,449,434,15
S01007512,Economically active: Total,247,239,8
S01007512,Economically active: Employee: Total,143,138,5
S01007512,Economically active: Employee: Part-time (1),57,54,3
S01007512,Economically active: Employee: Full-time (1),86,84,2
S01007512,Economically active: Self-employed: Total,90,90,0
S01007512,Economically active: Self-employed: Part-time (1),23,23,0
S01007512,Economically active: Self-employed: Full-time (1),67,67,0
S01007512,Economically active: Unemployed (1),14,11,3
S01007512,Economically inactive,202,195,7
S01007513,All people aged 16 and over,825,794,31
S01007513,Economically active: Total,501,476,25
S01007513,Economically active: Employee: Total,393,371,22
S01007513,Economically active: Employee: Part-time (1),139,137,2
S01007513,Economically active: Employee: Full-time (1),254,234,20
S01007513,Economically active: Self-employed: Total,61,59,2
S01007513,Economically active: Self-employed: Part-time (1),14,13,1
S01007513,Economically active: Self-employed: Full-time (1),47,46,1
S01007513,Economically active: Unemployed (1),47,46,1
S01007513,Economically inactive,324,318,6
S01007514,All people aged 16 and over,445,393,52
S01007514,Economically active: Total,274,229,45
S01007514,Economically active: Employee: Total,210,168,42
S01007514,Economically active: Employee: Part-time (1),68,66,2
S01007514,Economically active: Employee: Full-time (1),142,102,40
S01007514,Economically active: Self-employed: Total,46,43,3
S01007514,Economically active: Self-employed: Part-time (1),7,6,1
S01007514,Economically active: Self-employed: Full-time (1),39,37,2
S01007514,Economically active: Unemployed (1),18,18,0
S01007514,Economically inactive,171,164,7
S01007515,All people aged 16 and over,519,493,26
S01007515,Economically active: Total,263,253,10
S01007515,Economically active: Employee: Total,196,192,4
S01007515,Economically active: Employee: Part-time (1),63,63,0
S01007515,Economically active: Employee: Full-time (1),133,129,4
S01007515,Economically active: Self-employed: Total,44,39,5
S01007515,Economically active: Self-employed: Part-time (1),9,8,1
S01007515,Economically active: Self-employed: Full-time (1),35,31,4
S01007515,Economically active: Unemployed (1),23,22,1
S01007515,Economically inactive,256,240,16
S01007516,All people aged 16 and over,475,447,28
S01007516,Economically active: Total,305,287,18
S01007516,Economically active: Employee: Total,240,226,14
S01007516,Economically active: Employee: Part-time (1),83,77,6
S01007516,Economically active: Employee: Full-time (1),157,149,8
S01007516,Economically active: Self-employed: Total,36,32,4
S01007516,Economically active: Self-employed: Part-time (1),10,8,2
S01007516,Economically active: Self-employed: Full-time (1),26,24,2
S01007516,Economically active: Unemployed (1),29,29,0
S01007516,Economically inactive,170,160,10
S01007517,All people aged 16 and over,426,418,8
S01007517,Economically active: Total,182,180,2
S01007517,Economically active: Employee: Total,144,144,0
S01007517,Economically active: Employee: Part-time (1),51,51,0
S01007517,Economically active: Employee: Full-time (1),93,93,0
S01007517,Economically active: Self-employed: Total,30,28,2
S01007517,Economically active: Self-employed: Part-time (1),4,3,1
S01007517,Economically active: Self-employed: Full-time (1),26,25,1
S01007517,Economically active: Unemployed (1),8,8,0
S01007517,Economically inactive,244,238,6
S01007518,All people aged 16 and over,699,684,15
S01007518,Economically active: Total,393,382,11
S01007518,Economically active: Employee: Total,318,310,8
S01007518,Economically active: Employee: Part-time (1),104,102,2
S01007518,Economically active: Employee: Full-time (1),214,208,6
S01007518,Economically active: Self-employed: Total,47,45,2
S01007518,Economically active: Self-employed: Part-time (1),8,8,0
S01007518,Economically active: Self-employed: Full-time (1),39,37,2
S01007518,Economically active: Unemployed (1),28,27,1
S01007518,Economically inactive,306,302,4
S01007519,All people aged 16 and over,406,389,17
S01007519,Economically active: Total,209,201,8
S01007519,Economically active: Employee: Total,130,125,5
S01007519,Economically active: Employee: Part-time (1),39,39,0
S01007519,Economically active: Employee: Full-time (1),91,86,5
S01007519,Economically active: Self-employed: Total,70,67,3
S01007519,Economically active: Self-employed: Part-time (1),14,13,1
S01007519,Economically active: Self-employed: Full-time (1),56,54,2
S01007519,Economically active: Unemployed (1),9,9,0
S01007519,Economically inactive,197,188,9
S01007520,All people aged 16 and over,810,760,50
S01007520,Economically active: Total,433,399,34
S01007520,Economically active: Employee: Total,310,287,23
S01007520,Economically active: Employee: Part-time (1),96,91,5
S01007520,Economically active: Employee: Full-time (1),214,196,18
S01007520,Economically active: Self-employed: Total,94,83,11
S01007520,Economically active: Self-employed: Part-time (1),20,15,5
S01007520,Economically active: Self-employed: Full-time (1),74,68,6
S01007520,Economically active: Unemployed (1),29,29,0
S01007520,Economically inactive,377,361,16
S01007521,All people aged 16 and over,380,359,21
S01007521,Economically active: Total,225,216,9
S01007521,Economically active: Employee: Total,159,153,6
S01007521,Economically active: Employee: Part-time (1),53,51,2
S01007521,Economically active: Employee: Full-time (1),106,102,4
S01007521,Economically active: Self-employed: Total,61,58,3
S01007521,Economically active: Self-employed: Part-time (1),10,9,1
S01007521,Economically active: Self-employed: Full-time (1),51,49,2
S01007521,Economically active: Unemployed (1),5,5,0
S01007521,Economically inactive,155,143,12
S01007522,All people aged 16 and over,868,815,53
S01007522,Economically active: Total,436,411,25
S01007522,Economically active: Employee: Total,317,295,22
S01007522,Economically active: Employee: Part-time (1),111,100,11
S01007522,Economically active: Employee: Full-time (1),206,195,11
S01007522,Economically active: Self-employed: Total,92,89,3
S01007522,Economically active: Self-employed: Part-time (1),30,29,1
S01007522,Economically active: Self-employed: Full-time (1),62,60,2
S01007522,Economically active: Unemployed (1),27,27,0
S01007522,Economically inactive,432,404,28
S01007523,All people aged 16 and over,457,431,26
S01007523,Economically active: Total,272,260,12
S01007523,Economically active: Employee: Total,187,178,9
S01007523,Economically active: Employee: Part-time (1),70,66,4
S01007523,Economically active: Employee: Full-time (1),117,112,5
S01007523,Economically active: Self-employed: Total,67,65,2
S01007523,Economically active: Self-employed: Part-time (1),15,14,1
S01007523,Economically active: Self-employed: Full-time (1),52,51,1
S01007523,Economically active: Unemployed (1),18,17,1
S01007523,Economically inactive,185,171,14
S01007524,All people aged 16 and over,818,795,23
S01007524,Economically active: Total,496,484,12
S01007524,Economically active: Employee: Total,325,317,8
S01007524,Economically active: Employee: Part-time (1),106,105,1
S01007524,Economically active: Employee: Full-time (1),219,212,7
S01007524,Economically active: Self-employed: Total,150,146,4
S01007524,Economically active: Self-employed: Part-time (1),29,29,0
S01007524,Economically active: Self-employed: Full-time (1),121,117,4
S01007524,Economically active: Unemployed (1),21,21,0
S01007524,Economically inactive,322,311,11
S01007525,All people aged 16 and over,465,447,18
S01007525,Economically active: Total,251,243,8
S01007525,Economically active: Employee: Total,198,190,8
S01007525,Economically active: Employee: Part-time (1),65,62,3
S01007525,Economically active: Employee: Full-time (1),133,128,5
S01007525,Economically active: Self-employed: Total,38,38,0
S01007525,Economically active: Self-employed: Part-time (1),6,6,0
S01007525,Economically active: Self-employed: Full-time (1),32,32,0
S01007525,Economically active: Unemployed (1),15,15,0
S01007525,Economically inactive,214,204,10
S01007526,All people aged 16 and over,633,582,51
S01007526,Economically active: Total,311,283,28
S01007526,Economically active: Employee: Total,226,203,23
S01007526,Economically active: Employee: Part-time (1),84,77,7
S01007526,Economically active: Employee: Full-time (1),142,126,16
S01007526,Economically active: Self-employed: Total,61,57,4
S01007526,Economically active: Self-employed: Part-time (1),15,15,0
S01007526,Economically active: Self-employed: Full-time (1),46,42,4
S01007526,Economically active: Unemployed (1),24,23,1
S01007526,Economically inactive,322,299,23
S01007527,All people aged 16 and over,679,656,23
S01007527,Economically active: Total,398,385,13
S01007527,Economically active: Employee: Total,293,284,9
S01007527,Economically active: Employee: Part-time (1),106,105,1
S01007527,Economically active: Employee: Full-time (1),187,179,8
S01007527,Economically active: Self-employed: Total,76,73,3
S01007527,Economically active: Self-employed: Part-time (1),29,27,2
S01007527,Economically active: Self-employed: Full-time (1),47,46,1
S01007527,Economically active: Unemployed (1),29,28,1
S01007527,Economically inactive,281,271,10
S01007528,All people aged 16 and over,633,593,40
S01007528,Economically active: Total,393,360,33
S01007528,Economically active: Employee: Total,289,259,30
S01007528,Economically active: Employee: Part-time (1),104,89,15
S01007528,Economically active: Employee: Full-time (1),185,170,15
S01007528,Economically active: Self-employed: Total,75,72,3
S01007528,Economically active: Self-employed: Part-time (1),23,23,0
S01007528,Economically active: Self-employed: Full-time (1),52,49,3
S01007528,Economically active: Unemployed (1),29,29,0
S01007528,Economically inactive,240,233,7
S01007529,All people aged 16 and over,582,557,25
S01007529,Economically active: Total,290,272,18
S01007529,Economically active: Employee: Total,210,197,13
S01007529,Economically active: Employee: Part-time (1),72,67,5
S01007529,Economically active: Employee: Full-time (1),138,130,8
S01007529,Economically active: Self-employed: Total,70,66,4
S01007529,Economically active: Self-employed: Part-time (1),19,18,1
S01007529,Economically active: Self-employed: Full-time (1),51,48,3
S01007529,Economically active: Unemployed (1),10,9,1
S01007529,Economically inactive,292,285,7
S01007530,All people aged 16 and over,446,421,25
S01007530,Economically active: Total,278,259,19
S01007530,Economically active: Employee: Total,175,164,11
S01007530,Economically active: Employee: Part-time (1),62,59,3
S01007530,Economically active: Employee: Full-time (1),113,105,8
S01007530,Economically active: Self-employed: Total,95,87,8
S01007530,Economically active: Self-employed: Part-time (1),25,22,3
S01007530,Economically active: Self-employed: Full-time (1),70,65,5
S01007530,Economically active: Unemployed (1),8,8,0
S01007530,Economically inactive,168,162,6
S01007531,All people aged 16 and over,581,552,29
S01007531,Economically active: Total,343,322,21
S01007531,Economically active: Employee: Total,219,202,17
S01007531,Economically active: Employee: Part-time (1),73,65,8
S01007531,Economically active: Employee: Full-time (1),146,137,9
S01007531,Economically active: Self-employed: Total,113,109,4
S01007531,Economically active: Self-employed: Part-time (1),26,25,1
S01007531,Economically active: Self-employed: Full-time (1),87,84,3
S01007531,Economically active: Unemployed (1),11,11,0
S01007531,Economically inactive,238,230,8
S01007532,All people aged 16 and over,480,461,19
S01007532,Economically active: Total,302,291,11
S01007532,Economically active: Employee: Total,196,190,6
S01007532,Economically active: Employee: Part-time (1),67,66,1
S01007532,Economically active: Employee: Full-time (1),129,124,5
S01007532,Economically active: Self-employed: Total,90,85,5
S01007532,Economically active: Self-employed: Part-time (1),20,18,2
S01007532,Economically active: Self-employed: Full-time (1),70,67,3
S01007532,Economically active: Unemployed (1),16,16,0
S01007532,Economically inactive,178,170,8
S01007533,All people aged 16 and over,471,451,20
S01007533,Economically active: Total,295,282,13
S01007533,Economically active: Employee: Total,183,175,8
S01007533,Economically active: Employee: Part-time (1),58,56,2
S01007533,Economically active: Employee: Full-time (1),125,119,6
S01007533,Economically active: Self-employed: Total,99,95,4
S01007533,Economically active: Self-employed: Part-time (1),24,22,2
S01007533,Economically active: Self-employed: Full-time (1),75,73,2
S01007533,Economically active: Unemployed (1),13,12,1
S01007533,Economically inactive,176,169,7
S01007534,All people aged 16 and over,790,772,18
S01007534,Economically active: Total,440,427,13
S01007534,Economically active: Employee: Total,334,324,10
S01007534,Economically active: Employee: Part-time (1),118,114,4
S01007534,Economically active: Employee: Full-time (1),216,210,6
S01007534,Economically active: Self-employed: Total,78,76,2
S01007534,Economically active: Self-employed: Part-time (1),17,16,1
S01007534,Economically active: Self-employed: Full-time (1),61,60,1
S01007534,Economically active: Unemployed (1),28,27,1
S01007534,Economically inactive,350,345,5
S01007535,All people aged 16 and over,862,840,22
S01007535,Economically active: Total,487,475,12
S01007535,Economically active: Employee: Total,380,371,9
S01007535,Economically active: Employee: Part-time (1),150,145,5
S01007535,Economically active: Employee: Full-time (1),230,226,4
S01007535,Economically active: Self-employed: Total,72,69,3
S01007535,Economically active: Self-employed: Part-time (1),20,18,2
S01007535,Economically active: Self-employed: Full-time (1),52,51,1
S01007535,Economically active: Unemployed (1),35,35,0
S01007535,Economically inactive,375,365,10
S01007536,All people aged 16 and over,783,763,20
S01007536,Economically active: Total,482,470,12
S01007536,Economically active: Employee: Total,373,366,7
S01007536,Economically active: Employee: Part-time (1),130,129,1
S01007536,Economically active: Employee: Full-time (1),243,237,6
S01007536,Economically active: Self-employed: Total,79,75,4
S01007536,Economically active: Self-employed: Part-time (1),12,12,0
S01007536,Economically active: Self-employed: Full-time (1),67,63,4
S01007536,Economically active: Unemployed (1),30,29,1
S01007536,Economically inactive,301,293,8
S01007537,All people aged 16 and over,906,870,36
S01007537,Economically active: Total,472,445,27
S01007537,Economically active: Employee: Total,367,348,19
S01007537,Economically active: Employee: Part-time (1),115,108,7
S01007537,Economically active: Employee: Full-time (1),252,240,12
S01007537,Economically active: Self-employed: Total,79,76,3
S01007537,Economically active: Self-employed: Part-time (1),18,16,2
S01007537,Economically active: Self-employed: Full-time (1),61,60,1
S01007537,Economically active: Unemployed (1),26,21,5
S01007537,Economically inactive,434,425,9
S01007538,All people aged 16 and over,760,739,21
S01007538,Economically active: Total,476,463,13
S01007538,Economically active: Employee: Total,320,311,9
S01007538,Economically active: Employee: Part-time (1),111,109,2
S01007538,Economically active: Employee: Full-time (1),209,202,7
S01007538,Economically active: Self-employed: Total,134,130,4
S01007538,Economically active: Self-employed: Part-time (1),37,36,1
S01007538,Economically active: Self-employed: Full-time (1),97,94,3
S01007538,Economically active: Unemployed (1),22,22,0
S01007538,Economically inactive,284,276,8
S01007539,All people aged 16 and over,584,568,16
S01007539,Economically active: Total,289,283,6
S01007539,Economically active: Employee: Total,230,225,5
S01007539,Economically active: Employee: Part-time (1),69,68,1
S01007539,Economically active: Employee: Full-time (1),161,157,4
S01007539,Economically active: Self-employed: Total,48,48,0
S01007539,Economically active: Self-employed: Part-time (1),15,15,0
S01007539,Economically active: Self-employed: Full-time (1),33,33,0
S01007539,Economically active: Unemployed (1),11,10,1
S01007539,Economically inactive,295,285,10
S01007540,All people aged 16 and over,722,709,13
S01007540,Economically active: Total,384,377,7
S01007540,Economically active: Employee: Total,304,298,6
S01007540,Economically active: Employee: Part-time (1),107,105,2
S01007540,Economically active: Employee: Full-time (1),197,193,4
S01007540,Economically active: Self-employed: Total,53,52,1
S01007540,Economically active: Self-employed: Part-time (1),14,13,1
S01007540,Economically active: Self-employed: Full-time (1),39,39,0
S01007540,Economically active: Unemployed (1),27,27,0
S01007540,Economically inactive,338,332,6
S01007541,All people aged 16 and over,672,665,7
S01007541,Economically active: Total,352,348,4
S01007541,Economically active: Employee: Total,288,284,4
S01007541,Economically active: Employee: Part-time (1),95,94,1
S01007541,Economically active: Employee: Full-time (1),193,190,3
S01007541,Economically active: Self-employed: Total,44,44,0
S01007541,Economically active: Self-employed: Part-time (1),11,11,0
S01007541,Economically active: Self-employed: Full-time (1),33,33,0
S01007541,Economically active: Unemployed (1),20,20,0
S01007541,Economically inactive,320,317,3
S01007542,All people aged 16 and over,712,687,25
S01007542,Economically active: Total,464,447,17
S01007542,Economically active: Employee: Total,341,328,13
S01007542,Economically active: Employee: Part-time (1),113,108,5
S01007542,Economically active: Employee: Full-time (1),228,220,8
S01007542,Economically active: Self-employed: Total,67,65,2
S01007542,Economically active: Self-employed: Part-time (1),18,18,0
S01007542,Economically active: Self-employed: Full-time (1),49,47,2
S01007542,Economically active: Unemployed (1),56,54,2
S01007542,Economically inactive,248,240,8
S01007543,All people aged 16 and over,869,851,18
S01007543,Economically active: Total,562,549,13
S01007543,Economically active: Employee: Total,453,445,8
S01007543,Economically active: Employee: Part-time (1),178,176,2
S01007543,Economically active: Employee: Full-time (1),275,269,6
S01007543,Economically active: Self-employed: Total,64,59,5
S01007543,Economically active: Self-employed: Part-time (1),15,15,0
S01007543,Economically active: Self-employed: Full-time (1),49,44,5
S01007543,Economically active: Unemployed (1),45,45,0
S01007543,Economically inactive,307,302,5
S01007544,All people aged 16 and over,930,882,48
S01007544,Economically active: Total,437,413,24
S01007544,Economically active: Employee: Total,259,247,12
S01007544,Economically active: Employee: Part-time (1),85,80,5
S01007544,Economically active: Employee: Full-time (1),174,167,7
S01007544,Economically active: Self-employed: Total,162,150,12
S01007544,Economically active: Self-employed: Part-time (1),40,37,3
S01007544,Economically active: Self-employed: Full-time (1),122,113,9
S01007544,Economically active: Unemployed (1),16,16,0
S01007544,Economically inactive,493,469,24
S01007545,All people aged 16 and over,682,662,20
S01007545,Economically active: Total,405,392,13
S01007545,Economically active: Employee: Total,258,250,8
S01007545,Economically active: Employee: Part-time (1),91,90,1
S01007545,Economically active: Employee: Full-time (1),167,160,7
S01007545,Economically active: Self-employed: Total,130,127,3
S01007545,Economically active: Self-employed: Part-time (1),35,33,2
S01007545,Economically active: Self-employed: Full-time (1),95,94,1
S01007545,Economically active: Unemployed (1),17,15,2
S01007545,Economically inactive,277,270,7
S01007546,All people aged 16 and over,458,448,10
S01007546,Economically active: Total,302,297,5
S01007546,Economically active: Employee: Total,211,207,4
S01007546,Economically active: Employee: Part-time (1),74,71,3
S01007546,Economically active: Employee: Full-time (1),137,136,1
S01007546,Economically active: Self-employed: Total,78,77,1
S01007546,Economically active: Self-employed: Part-time (1),18,18,0
S01007546,Economically active: Self-employed: Full-time (1),60,59,1
S01007546,Economically active: Unemployed (1),13,13,0
S01007546,Economically inactive,156,151,5
S01007547,All people aged 16 and over,459,425,34
S01007547,Economically active: Total,317,293,24
S01007547,Economically active: Employee: Total,200,182,18
S01007547,Economically active: Employee: Part-time (1),53,49,4
S01007547,Economically active: Employee: Full-time (1),147,133,14
S01007547,Economically active: Self-employed: Total,105,100,5
S01007547,Economically active: Self-employed: Part-time (1),22,19,3
S01007547,Economically active: Self-employed: Full-time (1),83,81,2
S01007547,Economically active: Unemployed (1),12,11,1
S01007547,Economically inactive,142,132,10
S01007548,All people aged 16 and over,578,550,28
S01007548,Economically active: Total,361,345,16
S01007548,Economically active: Employee: Total,264,253,11
S01007548,Economically active: Employee: Part-time (1),93,89,4
S01007548,Economically active: Employee: Full-time (1),171,164,7
S01007548,Economically active: Self-employed: Total,71,66,5
S01007548,Economically active: Self-employed: Part-time (1),24,20,4
S01007548,Economically active: Self-employed: Full-time (1),47,46,1
S01007548,Economically active: Unemployed (1),26,26,0
S01007548,Economically inactive,217,205,12
S01007549,All people aged 16 and over,519,498,21
S01007549,Economically active: Total,274,261,13
S01007549,Economically active: Employee: Total,179,167,12
S01007549,Economically active: Employee: Part-time (1),66,60,6
S01007549,Economically active: Employee: Full-time (1),113,107,6
S01007549,Economically active: Self-employed: Total,70,70,0
S01007549,Economically active: Self-employed: Part-time (1),18,18,0
S01007549,Economically active: Self-employed: Full-time (1),52,52,0
S01007549,Economically active: Unemployed (1),25,24,1
S01007549,Economically inactive,245,237,8
S01007550,All people aged 16 and over,789,761,28
S01007550,Economically active: Total,381,367,14
S01007550,Economically active: Employee: Total,264,254,10
S01007550,Economically active: Employee: Part-time (1),89,86,3
S01007550,Economically active: Employee: Full-time (1),175,168,7
S01007550,Economically active: Self-employed: Total,98,95,3
S01007550,Economically active: Self-employed: Part-time (1),37,35,2
S01007550,Economically active: Self-employed: Full-time (1),61,60,1
S01007550,Economically active: Unemployed (1),19,18,1
S01007550,Economically inactive,408,394,14
S01007551,All people aged 16 and over,766,725,41
S01007551,Economically active: Total,462,437,25
S01007551,Economically active: Employee: Total,272,255,17
S01007551,Economically active: Employee: Part-time (1),94,90,4
S01007551,Economically active: Employee: Full-time (1),178,165,13
S01007551,Economically active: Self-employed: Total,171,165,6
S01007551,Economically active: Self-employed: Part-time (1),45,42,3
S01007551,Economically active: Self-employed: Full-time (1),126,123,3
S01007551,Economically active: Unemployed (1),19,17,2
S01007551,Economically inactive,304,288,16
S01007552,All people aged 16 and over,737,721,16
S01007552,Economically active: Total,439,429,10
S01007552,Economically active: Employee: Total,333,327,6
S01007552,Economically active: Employee: Part-time (1),105,103,2
S01007552,Economically active: Employee: Full-time (1),228,224,4
S01007552,Economically active: Self-employed: Total,51,47,4
S01007552,Economically active: Self-employed: Part-time (1),9,9,0
S01007552,Economically active: Self-employed: Full-time (1),42,38,4
S01007552,Economically active: Unemployed (1),55,55,0
S01007552,Economically inactive,298,292,6
S01007553,All people aged 16 and over,709,701,8
S01007553,Economically active: Total,368,365,3
S01007553,Economically active: Employee: Total,290,288,2
S01007553,Economically active: Employee: Part-time (1),91,90,1
S01007553,Economically active: Employee: Full-time (1),199,198,1
S01007553,Economically active: Self-employed: Total,26,25,1
S01007553,Economically active: Self-employed: Part-time (1),6,6,0
S01007553,Economically active: Self-employed: Full-time (1),20,19,1
S01007553,Economically active: Unemployed (1),52,52,0
S01007553,Economically inactive,341,336,5
S01007554,All people aged 16 and over,371,367,4
S01007554,Economically active: Total,159,155,4
S01007554,Economically active: Employee: Total,125,121,4
S01007554,Economically active: Employee: Part-time (1),28,26,2
S01007554,Economically active: Employee: Full-time (1),97,95,2
S01007554,Economically active: Self-employed: Total,9,9,0
S01007554,Economically active: Self-employed: Part-time (1),2,2,0
S01007554,Economically active: Self-employed: Full-time (1),7,7,0
S01007554,Economically active: Unemployed (1),25,25,0
S01007554,Economically inactive,212,212,0
S01007555,All people aged 16 and over,446,432,14
S01007555,Economically active: Total,259,250,9
S01007555,Economically active: Employee: Total,199,194,5
S01007555,Economically active: Employee: Part-time (1),52,51,1
S01007555,Economically active: Employee: Full-time (1),147,143,4
S01007555,Economically active: Self-employed: Total,40,38,2
S01007555,Economically active: Self-employed: Part-time (1),5,5,0
S01007555,Economically active: Self-employed: Full-time (1),35,33,2
S01007555,Economically active: Unemployed (1),20,18,2
S01007555,Economically inactive,187,182,5
S01007556,All people aged 16 and over,439,428,11
S01007556,Economically active: Total,230,219,11
S01007556,Economically active: Employee: Total,176,168,8
S01007556,Economically active: Employee: Part-time (1),60,59,1
S01007556,Economically active: Employee: Full-time (1),116,109,7
S01007556,Economically active: Self-employed: Total,29,28,1
S01007556,Economically active: Self-employed: Part-time (1),3,3,0
S01007556,Economically active: Self-employed: Full-time (1),26,25,1
S01007556,Economically active: Unemployed (1),25,23,2
S01007556,Economically inactive,209,209,0
S01007557,All people aged 16 and over,899,887,12
S01007557,Economically active: Total,513,506,7
S01007557,Economically active: Employee: Total,426,421,5
S01007557,Economically active: Employee: Part-time (1),147,143,4
S01007557,Economically active: Employee: Full-time (1),279,278,1
S01007557,Economically active: Self-employed: Total,32,30,2
S01007557,Economically active: Self-employed: Part-time (1),6,6,0
S01007557,Economically active: Self-employed: Full-time (1),26,24,2
S01007557,Economically active: Unemployed (1),55,55,0
S01007557,Economically inactive,386,381,5
S01007558,All people aged 16 and over,366,355,11
S01007558,Economically active: Total,202,196,6
S01007558,Economically active: Employee: Total,132,129,3
S01007558,Economically active: Employee: Part-time (1),42,42,0
S01007558,Economically active: Employee: Full-time (1),90,87,3
S01007558,Economically active: Self-employed: Total,58,55,3
S01007558,Economically active: Self-employed: Part-time (1),12,11,1
S01007558,Economically active: Self-employed: Full-time (1),46,44,2
S01007558,Economically active: Unemployed (1),12,12,0
S01007558,Economically inactive,164,159,5
S01007559,All people aged 16 and over,591,568,23
S01007559,Economically active: Total,411,395,16
S01007559,Economically active: Employee: Total,275,266,9
S01007559,Economically active: Employee: Part-time (1),86,82,4
S01007559,Economically active: Employee: Full-time (1),189,184,5
S01007559,Economically active: Self-employed: Total,111,105,6
S01007559,Economically active: Self-employed: Part-time (1),33,29,4
S01007559,Economically active: Self-employed: Full-time (1),78,76,2
S01007559,Economically active: Unemployed (1),25,24,1
S01007559,Economically inactive,180,173,7
S01007560,All people aged 16 and over,796,769,27
S01007560,Economically active: Total,432,414,18
S01007560,Economically active: Employee: Total,343,334,9
S01007560,Economically active: Employee: Part-time (1),127,123,4
S01007560,Economically active: Employee: Full-time (1),216,211,5
S01007560,Economically active: Self-employed: Total,70,61,9
S01007560,Economically active: Self-employed: Part-time (1),20,16,4
S01007560,Economically active: Self-employed: Full-time (1),50,45,5
S01007560,Economically active: Unemployed (1),19,19,0
S01007560,Economically inactive,364,355,9
S01007561,All people aged 16 and over,640,618,22
S01007561,Economically active: Total,314,301,13
S01007561,Economically active: Employee: Total,243,235,8
S01007561,Economically active: Employee: Part-time (1),94,90,4
S01007561,Economically active: Employee: Full-time (1),149,145,4
S01007561,Economically active: Self-employed: Total,41,37,4
S01007561,Economically active: Self-employed: Part-time (1),11,9,2
S01007561,Economically active: Self-employed: Full-time (1),30,28,2
S01007561,Economically active: Unemployed (1),30,29,1
S01007561,Economically inactive,326,317,9
S01007562,All people aged 16 and over,688,666,22
S01007562,Economically active: Total,420,412,8
S01007562,Economically active: Employee: Total,297,291,6
S01007562,Economically active: Employee: Part-time (1),101,100,1
S01007562,Economically active: Employee: Full-time (1),196,191,5
S01007562,Economically active: Self-employed: Total,97,95,2
S01007562,Economically active: Self-employed: Part-time (1),27,26,1
S01007562,Economically active: Self-employed: Full-time (1),70,69,1
S01007562,Economically active: Unemployed (1),26,26,0
S01007562,Economically inactive,268,254,14
S01007563,All people aged 16 and over,729,690,39
S01007563,Economically active: Total,422,395,27
S01007563,Economically active: Employee: Total,280,266,14
S01007563,Economically active: Employee: Part-time (1),107,102,5
S01007563,Economically active: Employee: Full-time (1),173,164,9
S01007563,Economically active: Self-employed: Total,116,106,10
S01007563,Economically active: Self-employed: Part-time (1),40,38,2
S01007563,Economically active: Self-employed: Full-time (1),76,68,8
S01007563,Economically active: Unemployed (1),26,23,3
S01007563,Economically inactive,307,295,12
S01007564,All people aged 16 and over,652,632,20
S01007564,Economically active: Total,410,401,9
S01007564,Economically active: Employee: Total,256,250,6
S01007564,Economically active: Employee: Part-time (1),104,102,2
S01007564,Economically active: Employee: Full-time (1),152,148,4
S01007564,Economically active: Self-employed: Total,132,130,2
S01007564,Economically active: Self-employed: Part-time (1),41,40,1
S01007564,Economically active: Self-employed: Full-time (1),91,90,1
S01007564,Economically active: Unemployed (1),22,21,1
S01007564,Economically inactive,242,231,11
S01007565,All people aged 16 and over,794,771,23
S01007565,Economically active: Total,482,470,12
S01007565,Economically active: Employee: Total,362,351,11
S01007565,Economically active: Employee: Part-time (1),111,106,5
S01007565,Economically active: Employee: Full-time (1),251,245,6
S01007565,Economically active: Self-employed: Total,87,86,1
S01007565,Economically active: Self-employed: Part-time (1),20,20,0
S01007565,Economically active: Self-employed: Full-time (1),67,66,1
S01007565,Economically active: Unemployed (1),33,33,0
S01007565,Economically inactive,312,301,11
S01007566,All people aged 16 and over,603,581,22
S01007566,Economically active: Total,376,363,13
S01007566,Economically active: Employee: Total,262,253,9
S01007566,Economically active: Employee: Part-time (1),86,83,3
S01007566,Economically active: Employee: Full-time (1),176,170,6
S01007566,Economically active: Self-employed: Total,93,89,4
S01007566,Economically active: Self-employed: Part-time (1),9,9,0
S01007566,Economically active: Self-employed: Full-time (1),84,80,4
S01007566,Economically active: Unemployed (1),21,21,0
S01007566,Economically inactive,227,218,9
S01007567,All people aged 16 and over,483,474,9
S01007567,Economically active: Total,338,329,9
S01007567,Economically active: Employee: Total,236,228,8
S01007567,Economically active: Employee: Part-time (1),90,86,4
S01007567,Economically active: Employee: Full-time (1),146,142,4
S01007567,Economically active: Self-employed: Total,86,86,0
S01007567,Economically active: Self-employed: Part-time (1),17,17,0
S01007567,Economically active: Self-employed: Full-time (1),69,69,0
S01007567,Economically active: Unemployed (1),16,15,1
S01007567,Economically inactive,145,145,0
S01007568,All people aged 16 and over,550,518,32
S01007568,Economically active: Total,355,334,21
S01007568,Economically active: Employee: Total,276,261,15
S01007568,Economically active: Employee: Part-time (1),83,74,9
S01007568,Economically active: Employee: Full-time (1),193,187,6
S01007568,Economically active: Self-employed: Total,68,63,5
S01007568,Economically active: Self-employed: Part-time (1),19,17,2
S01007568,Economically active: Self-employed: Full-time (1),49,46,3
S01007568,Economically active: Unemployed (1),11,10,1
S01007568,Economically inactive,195,184,11
S01007569,All people aged 16 and over,698,666,32
S01007569,Economically active: Total,414,389,25
S01007569,Economically active: Employee: Total,321,301,20
S01007569,Economically active: Employee: Part-time (1),98,93,5
S01007569,Economically active: Employee: Full-time (1),223,208,15
S01007569,Economically active: Self-employed: Total,80,76,4
S01007569,Economically active: Self-employed: Part-time (1),18,16,2
S01007569,Economically active: Self-employed: Full-time (1),62,60,2
S01007569,Economically active: Unemployed (1),13,12,1
S01007569,Economically inactive,284,277,7
S01007570,All people aged 16 and over,567,548,19
S01007570,Economically active: Total,365,351,14
S01007570,Economically active: Employee: Total,283,272,11
S01007570,Economically active: Employee: Part-time (1),83,78,5
S01007570,Economically active: Employee: Full-time (1),200,194,6
S01007570,Economically active: Self-employed: Total,59,57,2
S01007570,Economically active: Self-employed: Part-time (1),14,14,0
S01007570,Economically active: Self-employed: Full-time (1),45,43,2
S01007570,Economically active: Unemployed (1),23,22,1
S01007570,Economically inactive,202,197,5
S01007571,All people aged 16 and over,465,448,17
S01007571,Economically active: Total,303,292,11
S01007571,Economically active: Employee: Total,218,211,7
S01007571,Economically active: Employee: Part-time (1),78,75,3
S01007571,Economically active: Employee: Full-time (1),140,136,4
S01007571,Economically active: Self-employed: Total,73,70,3
S01007571,Economically active: Self-employed: Part-time (1),17,15,2
S01007571,Economically active: Self-employed: Full-time (1),56,55,1
S01007571,Economically active: Unemployed (1),12,11,1
S01007571,Economically inactive,162,156,6
S01007572,All people aged 16 and over,788,768,20
S01007572,Economically active: Total,459,448,11
S01007572,Economically active: Employee: Total,357,348,9
S01007572,Economically active: Employee: Part-time (1),120,117,3
S01007572,Economically active: Employee: Full-time (1),237,231,6
S01007572,Economically active: Self-employed: Total,67,67,0
S01007572,Economically active: Self-employed: Part-time (1),17,17,0
S01007572,Economically active: Self-employed: Full-time (1),50,50,0
S01007572,Economically active: Unemployed (1),35,33,2
S01007572,Economically inactive,329,320,9
S01007573,All people aged 16 and over,646,611,35
S01007573,Economically active: Total,543,517,26
S01007573,Economically active: Employee: Total,490,469,21
S01007573,Economically active: Employee: Part-time (1),122,116,6
S01007573,Economically active: Employee: Full-time (1),368,353,15
S01007573,Economically active: Self-employed: Total,45,40,5
S01007573,Economically active: Self-employed: Part-time (1),8,7,1
S01007573,Economically active: Self-employed: Full-time (1),37,33,4
S01007573,Economically active: Unemployed (1),8,8,0
S01007573,Economically inactive,103,94,9
S01007574,All people aged 16 and over,820,805,15
S01007574,Economically active: Total,514,505,9
S01007574,Economically active: Employee: Total,431,426,5
S01007574,Economically active: Employee: Part-time (1),166,164,2
S01007574,Economically active: Employee: Full-time (1),265,262,3
S01007574,Economically active: Self-employed: Total,35,32,3
S01007574,Economically active: Self-employed: Part-time (1),9,8,1
S01007574,Economically active: Self-employed: Full-time (1),26,24,2
S01007574,Economically active: Unemployed (1),48,47,1
S01007574,Economically inactive,306,300,6
S01007575,All people aged 16 and over,704,681,23
S01007575,Economically active: Total,393,375,18
S01007575,Economically active: Employee: Total,308,295,13
S01007575,Economically active: Employee: Part-time (1),115,110,5
S01007575,Economically active: Employee: Full-time (1),193,185,8
S01007575,Economically active: Self-employed: Total,30,26,4
S01007575,Economically active: Self-employed: Part-time (1),6,4,2
S01007575,Economically active: Self-employed: Full-time (1),24,22,2
S01007575,Economically active: Unemployed (1),55,54,1
S01007575,Economically inactive,311,306,5
S01007576,All people aged 16 and over,542,521,21
S01007576,Economically active: Total,319,301,18
S01007576,Economically active: Employee: Total,212,201,11
S01007576,Economically active: Employee: Part-time (1),92,88,4
S01007576,Economically active: Employee: Full-time (1),120,113,7
S01007576,Economically active: Self-employed: Total,17,14,3
S01007576,Economically active: Self-employed: Part-time (1),6,4,2
S01007576,Economically active: Self-employed: Full-time (1),11,10,1
S01007576,Economically active: Unemployed (1),90,86,4
S01007576,Economically inactive,223,220,3
S01007577,All people aged 16 and over,527,512,15
S01007577,Economically active: Total,305,300,5
S01007577,Economically active: Employee: Total,235,231,4
S01007577,Economically active: Employee: Part-time (1),87,86,1
S01007577,Economically active: Employee: Full-time (1),148,145,3
S01007577,Economically active: Self-employed: Total,16,15,1
S01007577,Economically active: Self-employed: Part-time (1),3,3,0
S01007577,Economically active: Self-employed: Full-time (1),13,12,1
S01007577,Economically active: Unemployed (1),54,54,0
S01007577,Economically inactive,222,212,10
S01007578,All people aged 16 and over,540,515,25
S01007578,Economically active: Total,325,306,19
S01007578,Economically active: Employee: Total,257,246,11
S01007578,Economically active: Employee: Part-time (1),95,92,3
S01007578,Economically active: Employee: Full-time (1),162,154,8
S01007578,Economically active: Self-employed: Total,22,21,1
S01007578,Economically active: Self-employed: Part-time (1),3,3,0
S01007578,Economically active: Self-employed: Full-time (1),19,18,1
S01007578,Economically active: Unemployed (1),46,39,7
S01007578,Economically inactive,215,209,6
S01007579,All people aged 16 and over,495,476,19
S01007579,Economically active: Total,329,319,10
S01007579,Economically active: Employee: Total,269,261,8
S01007579,Economically active: Employee: Part-time (1),103,100,3
S01007579,Economically active: Employee: Full-time (1),166,161,5
S01007579,Economically active: Self-employed: Total,13,12,1
S01007579,Economically active: Self-employed: Part-time (1),3,3,0
S01007579,Economically active: Self-employed: Full-time (1),10,9,1
S01007579,Economically active: Unemployed (1),47,46,1
S01007579,Economically inactive,166,157,9
S01007580,All people aged 16 and over,638,600,38
S01007580,Economically active: Total,389,361,28
S01007580,Economically active: Employee: Total,319,296,23
S01007580,Economically active: Employee: Part-time (1),115,106,9
S01007580,Economically active: Employee: Full-time (1),204,190,14
S01007580,Economically active: Self-employed: Total,16,14,2
S01007580,Economically active: Self-employed: Part-time (1),3,3,0
S01007580,Economically active: Self-employed: Full-time (1),13,11,2
S01007580,Economically active: Unemployed (1),54,51,3
S01007580,Economically inactive,249,239,10
S01007581,All people aged 16 and over,392,384,8
S01007581,Economically active: Total,241,235,6
S01007581,Economically active: Employee: Total,197,191,6
S01007581,Economically active: Employee: Part-time (1),79,77,2
S01007581,Economically active: Employee: Full-time (1),118,114,4
S01007581,Economically active: Self-employed: Total,21,21,0
S01007581,Economically active: Self-employed: Part-time (1),4,4,0
S01007581,Economically active: Self-employed: Full-time (1),17,17,0
S01007581,Economically active: Unemployed (1),23,23,0
S01007581,Economically inactive,151,149,2
S01007582,All people aged 16 and over,533,516,17
S01007582,Economically active: Total,339,326,13
S01007582,Economically active: Employee: Total,278,266,12
S01007582,Economically active: Employee: Part-time (1),93,89,4
S01007582,Economically active: Employee: Full-time (1),185,177,8
S01007582,Economically active: Self-employed: Total,23,22,1
S01007582,Economically active: Self-employed: Part-time (1),6,6,0
S01007582,Economically active: Self-employed: Full-time (1),17,16,1
S01007582,Economically active: Unemployed (1),38,38,0
S01007582,Economically inactive,194,190,4
S01007583,All people aged 16 and over,833,801,32
S01007583,Economically active: Total,493,468,25
S01007583,Economically active: Employee: Total,389,369,20
S01007583,Economically active: Employee: Part-time (1),157,149,8
S01007583,Economically active: Employee: Full-time (1),232,220,12
S01007583,Economically active: Self-employed: Total,30,29,1
S01007583,Economically active: Self-employed: Part-time (1),4,4,0
S01007583,Economically active: Self-employed: Full-time (1),26,25,1
S01007583,Economically active: Unemployed (1),74,70,4
S01007583,Economically inactive,340,333,7
S01007584,All people aged 16 and over,493,455,38
S01007584,Economically active: Total,330,301,29
S01007584,Economically active: Employee: Total,264,242,22
S01007584,Economically active: Employee: Part-time (1),103,94,9
S01007584,Economically active: Employee: Full-time (1),161,148,13
S01007584,Economically active: Self-employed: Total,30,27,3
S01007584,Economically active: Self-employed: Part-time (1),6,6,0
S01007584,Economically active: Self-employed: Full-time (1),24,21,3
S01007584,Economically active: Unemployed (1),36,32,4
S01007584,Economically inactive,163,154,9
S01007585,All people aged 16 and over,811,775,36
S01007585,Economically active: Total,435,417,18
S01007585,Economically active: Employee: Total,367,355,12
S01007585,Economically active: Employee: Part-time (1),116,115,1
S01007585,Economically active: Employee: Full-time (1),251,240,11
S01007585,Economically active: Self-employed: Total,44,40,4
S01007585,Economically active: Self-employed: Part-time (1),10,8,2
S01007585,Economically active: Self-employed: Full-time (1),34,32,2
S01007585,Economically active: Unemployed (1),24,22,2
S01007585,Economically inactive,376,358,18
S01007586,All people aged 16 and over,670,643,27
S01007586,Economically active: Total,422,402,20
S01007586,Economically active: Employee: Total,345,334,11
S01007586,Economically active: Employee: Part-time (1),138,135,3
S01007586,Economically active: Employee: Full-time (1),207,199,8
S01007586,Economically active: Self-employed: Total,29,24,5
S01007586,Economically active: Self-employed: Part-time (1),12,10,2
S01007586,Economically active: Self-employed: Full-time (1),17,14,3
S01007586,Economically active: Unemployed (1),48,44,4
S01007586,Economically inactive,248,241,7
S01007587,All people aged 16 and over,732,694,38
S01007587,Economically active: Total,353,336,17
S01007587,Economically active: Employee: Total,286,271,15
S01007587,Economically active: Employee: Part-time (1),87,81,6
S01007587,Economically active: Employee: Full-time (1),199,190,9
S01007587,Economically active: Self-employed: Total,39,38,1
S01007587,Economically active: Self-employed: Part-time (1),6,6,0
S01007587,Economically active: Self-employed: Full-time (1),33,32,1
S01007587,Economically active: Unemployed (1),28,27,1
S01007587,Economically inactive,379,358,21
S01007588,All people aged 16 and over,711,677,34
S01007588,Economically active: Total,410,393,17
S01007588,Economically active: Employee: Total,337,322,15
S01007588,Economically active: Employee: Part-time (1),122,117,5
S01007588,Economically active: Employee: Full-time (1),215,205,10
S01007588,Economically active: Self-employed: Total,62,60,2
S01007588,Economically active: Self-employed: Part-time (1),9,9,0
S01007588,Economically active: Self-employed: Full-time (1),53,51,2
S01007588,Economically active: Unemployed (1),11,11,0
S01007588,Economically inactive,301,284,17
S01007589,All people aged 16 and over,679,621,58
S01007589,Economically active: Total,453,405,48
S01007589,Economically active: Employee: Total,376,339,37
S01007589,Economically active: Employee: Part-time (1),106,95,11
S01007589,Economically active: Employee: Full-time (1),270,244,26
S01007589,Economically active: Self-employed: Total,49,38,11
S01007589,Economically active: Self-employed: Part-time (1),14,9,5
S01007589,Economically active: Self-employed: Full-time (1),35,29,6
S01007589,Economically active: Unemployed (1),28,28,0
S01007589,Economically inactive,226,216,10
S01007590,All people aged 16 and over,539,513,26
S01007590,Economically active: Total,295,281,14
S01007590,Economically active: Employee: Total,239,227,12
S01007590,Economically active: Employee: Part-time (1),66,63,3
S01007590,Economically active: Employee: Full-time (1),173,164,9
S01007590,Economically active: Self-employed: Total,46,44,2
S01007590,Economically active: Self-employed: Part-time (1),7,6,1
S01007590,Economically active: Self-employed: Full-time (1),39,38,1
S01007590,Economically active: Unemployed (1),10,10,0
S01007590,Economically inactive,244,232,12
S01007591,All people aged 16 and over,490,451,39
S01007591,Economically active: Total,336,302,34
S01007591,Economically active: Employee: Total,286,257,29
S01007591,Economically active: Employee: Part-time (1),84,75,9
S01007591,Economically active: Employee: Full-time (1),202,182,20
S01007591,Economically active: Self-employed: Total,32,29,3
S01007591,Economically active: Self-employed: Part-time (1),10,9,1
S01007591,Economically active: Self-employed: Full-time (1),22,20,2
S01007591,Economically active: Unemployed (1),18,16,2
S01007591,Economically inactive,154,149,5
S01007592,All people aged 16 and over,580,542,38
S01007592,Economically active: Total,366,338,28
S01007592,Economically active: Employee: Total,310,283,27
S01007592,Economically active: Employee: Part-time (1),116,104,12
S01007592,Economically active: Employee: Full-time (1),194,179,15
S01007592,Economically active: Self-employed: Total,22,21,1
S01007592,Economically active: Self-employed: Part-time (1),4,4,0
S01007592,Economically active: Self-employed: Full-time (1),18,17,1
S01007592,Economically active: Unemployed (1),34,34,0
S01007592,Economically inactive,214,204,10
S01007593,All people aged 16 and over,922,858,64
S01007593,Economically active: Total,519,472,47
S01007593,Economically active: Employee: Total,427,393,34
S01007593,Economically active: Employee: Part-time (1),146,136,10
S01007593,Economically active: Employee: Full-time (1),281,257,24
S01007593,Economically active: Self-employed: Total,72,63,9
S01007593,Economically active: Self-employed: Part-time (1),22,18,4
S01007593,Economically active: Self-employed: Full-time (1),50,45,5
S01007593,Economically active: Unemployed (1),20,16,4
S01007593,Economically inactive,403,386,17
S01007594,All people aged 16 and over,712,687,25
S01007594,Economically active: Total,454,436,18
S01007594,Economically active: Employee: Total,361,347,14
S01007594,Economically active: Employee: Part-time (1),112,110,2
S01007594,Economically active: Employee: Full-time (1),249,237,12
S01007594,Economically active: Self-employed: Total,75,71,4
S01007594,Economically active: Self-employed: Part-time (1),25,23,2
S01007594,Economically active: Self-employed: Full-time (1),50,48,2
S01007594,Economically active: Unemployed (1),18,18,0
S01007594,Economically inactive,258,251,7
S01007595,All people aged 16 and over,901,836,65
S01007595,Economically active: Total,588,541,47
S01007595,Economically active: Employee: Total,378,367,11
S01007595,Economically active: Employee: Part-time (1),110,106,4
S01007595,Economically active: Employee: Full-time (1),268,261,7
S01007595,Economically active: Self-employed: Total,191,159,32
S01007595,Economically active: Self-employed: Part-time (1),40,39,1
S01007595,Economically active: Self-employed: Full-time (1),151,120,31
S01007595,Economically active: Unemployed (1),19,15,4
S01007595,Economically inactive,313,295,18
S01007596,All people aged 16 and over,483,457,26
S01007596,Economically active: Total,253,242,11
S01007596,Economically active: Employee: Total,172,164,8
S01007596,Economically active: Employee: Part-time (1),65,65,0
S01007596,Economically active: Employee: Full-time (1),107,99,8
S01007596,Economically active: Self-employed: Total,68,66,2
S01007596,Economically active: Self-employed: Part-time (1),12,12,0
S01007596,Economically active: Self-employed: Full-time (1),56,54,2
S01007596,Economically active: Unemployed (1),13,12,1
S01007596,Economically inactive,230,215,15
S01007597,All people aged 16 and over,529,513,16
S01007597,Economically active: Total,345,332,13
S01007597,Economically active: Employee: Total,259,249,10
S01007597,Economically active: Employee: Part-time (1),74,71,3
S01007597,Economically active: Employee: Full-time (1),185,178,7
S01007597,Economically active: Self-employed: Total,70,68,2
S01007597,Economically active: Self-employed: Part-time (1),17,17,0
S01007597,Economically active: Self-employed: Full-time (1),53,51,2
S01007597,Economically active: Unemployed (1),16,15,1
S01007597,Economically inactive,184,181,3
S01007598,All people aged 16 and over,551,532,19
S01007598,Economically active: Total,355,339,16
S01007598,Economically active: Employee: Total,272,258,14
S01007598,Economically active: Employee: Part-time (1),91,81,10
S01007598,Economically active: Employee: Full-time (1),181,177,4
S01007598,Economically active: Self-employed: Total,64,62,2
S01007598,Economically active: Self-employed: Part-time (1),15,14,1
S01007598,Economically active: Self-employed: Full-time (1),49,48,1
S01007598,Economically active: Unemployed (1),19,19,0
S01007598,Economically inactive,196,193,3
S01007599,All people aged 16 and over,697,645,52
S01007599,Economically active: Total,457,423,34
S01007599,Economically active: Employee: Total,389,362,27
S01007599,Economically active: Employee: Part-time (1),150,140,10
S01007599,Economically active: Employee: Full-time (1),239,222,17
S01007599,Economically active: Self-employed: Total,42,38,4
S01007599,Economically active: Self-employed: Part-time (1),10,8,2
S01007599,Economically active: Self-employed: Full-time (1),32,30,2
S01007599,Economically active: Unemployed (1),26,23,3
S01007599,Economically inactive,240,222,18
S01007600,All people aged 16 and over,952,872,80
S01007600,Economically active: Total,542,495,47
S01007600,Economically active: Employee: Total,448,409,39
S01007600,Economically active: Employee: Part-time (1),116,110,6
S01007600,Economically active: Employee: Full-time (1),332,299,33
S01007600,Economically active: Self-employed: Total,73,65,8
S01007600,Economically active: Self-employed: Part-time (1),16,15,1
S01007600,Economically active: Self-employed: Full-time (1),57,50,7
S01007600,Economically active: Unemployed (1),21,21,0
S01007600,Economically inactive,410,377,33
S01007601,All people aged 16 and over,526,507,19
S01007601,Economically active: Total,421,405,16
S01007601,Economically active: Employee: Total,371,357,14
S01007601,Economically active: Employee: Part-time (1),104,101,3
S01007601,Economically active: Employee: Full-time (1),267,256,11
S01007601,Economically active: Self-employed: Total,30,29,1
S01007601,Economically active: Self-employed: Part-time (1),10,10,0
S01007601,Economically active: Self-employed: Full-time (1),20,19,1
S01007601,Economically active: Unemployed (1),20,19,1
S01007601,Economically inactive,105,102,3
S01007602,All people aged 16 and over,528,510,18
S01007602,Economically active: Total,385,371,14
S01007602,Economically active: Employee: Total,333,324,9
S01007602,Economically active: Employee: Part-time (1),111,107,4
S01007602,Economically active: Employee: Full-time (1),222,217,5
S01007602,Economically active: Self-employed: Total,36,33,3
S01007602,Economically active: Self-employed: Part-time (1),10,9,1
S01007602,Economically active: Self-employed: Full-time (1),26,24,2
S01007602,Economically active: Unemployed (1),16,14,2
S01007602,Economically inactive,143,139,4
S01007603,All people aged 16 and over,646,628,18
S01007603,Economically active: Total,504,493,11
S01007603,Economically active: Employee: Total,450,441,9
S01007603,Economically active: Employee: Part-time (1),139,137,2
S01007603,Economically active: Employee: Full-time (1),311,304,7
S01007603,Economically active: Self-employed: Total,36,34,2
S01007603,Economically active: Self-employed: Part-time (1),11,10,1
S01007603,Economically active: Self-employed: Full-time (1),25,24,1
S01007603,Economically active: Unemployed (1),18,18,0
S01007603,Economically inactive,142,135,7
S01007604,All people aged 16 and over,760,737,23
S01007604,Economically active: Total,469,452,17
S01007604,Economically active: Employee: Total,418,408,10
S01007604,Economically active: Employee: Part-time (1),126,120,6
S01007604,Economically active: Employee: Full-time (1),292,288,4
S01007604,Economically active: Self-employed: Total,41,35,6
S01007604,Economically active: Self-employed: Part-time (1),14,13,1
S01007604,Economically active: Self-employed: Full-time (1),27,22,5
S01007604,Economically active: Unemployed (1),10,9,1
S01007604,Economically inactive,291,285,6
S01007605,All people aged 16 and over,713,694,19
S01007605,Economically active: Total,469,453,16
S01007605,Economically active: Employee: Total,425,411,14
S01007605,Economically active: Employee: Part-time (1),127,122,5
S01007605,Economically active: Employee: Full-time (1),298,289,9
S01007605,Economically active: Self-employed: Total,36,35,1
S01007605,Economically active: Self-employed: Part-time (1),9,9,0
S01007605,Economically active: Self-employed: Full-time (1),27,26,1
S01007605,Economically active: Unemployed (1),8,7,1
S01007605,Economically inactive,244,241,3
S01007606,All people aged 16 and over,522,493,29
S01007606,Economically active: Total,331,312,19
S01007606,Economically active: Employee: Total,277,261,16
S01007606,Economically active: Employee: Part-time (1),82,78,4
S01007606,Economically active: Employee: Full-time (1),195,183,12
S01007606,Economically active: Self-employed: Total,32,31,1
S01007606,Economically active: Self-employed: Part-time (1),7,7,0
S01007606,Economically active: Self-employed: Full-time (1),25,24,1
S01007606,Economically active: Unemployed (1),22,20,2
S01007606,Economically inactive,191,181,10
S01007607,All people aged 16 and over,590,571,19
S01007607,Economically active: Total,403,390,13
S01007607,Economically active: Employee: Total,359,346,13
S01007607,Economically active: Employee: Part-time (1),106,104,2
S01007607,Economically active: Employee: Full-time (1),253,242,11
S01007607,Economically active: Self-employed: Total,30,30,0
S01007607,Economically active: Self-employed: Part-time (1),7,7,0
S01007607,Economically active: Self-employed: Full-time (1),23,23,0
S01007607,Economically active: Unemployed (1),14,14,0
S01007607,Economically inactive,187,181,6
S01007608,All people aged 16 and over,640,618,22
S01007608,Economically active: Total,414,397,17
S01007608,Economically active: Employee: Total,374,358,16
S01007608,Economically active: Employee: Part-time (1),113,109,4
S01007608,Economically active: Employee: Full-time (1),261,249,12
S01007608,Economically active: Self-employed: Total,32,31,1
S01007608,Economically active: Self-employed: Part-time (1),7,6,1
S01007608,Economically active: Self-employed: Full-time (1),25,25,0
S01007608,Economically active: Unemployed (1),8,8,0
S01007608,Economically inactive,226,221,5
S01007609,All people aged 16 and over,738,702,36
S01007609,Economically active: Total,469,450,19
S01007609,Economically active: Employee: Total,401,384,17
S01007609,Economically active: Employee: Part-time (1),146,136,10
S01007609,Economically active: Employee: Full-time (1),255,248,7
S01007609,Economically active: Self-employed: Total,25,23,2
S01007609,Economically active: Self-employed: Part-time (1),7,6,1
S01007609,Economically active: Self-employed: Full-time (1),18,17,1
S01007609,Economically active: Unemployed (1),43,43,0
S01007609,Economically inactive,269,252,17
S01007610,All people aged 16 and over,450,434,16
S01007610,Economically active: Total,246,236,10
S01007610,Economically active: Employee: Total,205,198,7
S01007610,Economically active: Employee: Part-time (1),68,67,1
S01007610,Economically active: Employee: Full-time (1),137,131,6
S01007610,Economically active: Self-employed: Total,15,13,2
S01007610,Economically active: Self-employed: Part-time (1),3,3,0
S01007610,Economically active: Self-employed: Full-time (1),12,10,2
S01007610,Economically active: Unemployed (1),26,25,1
S01007610,Economically inactive,204,198,6
S01007611,All people aged 16 and over,795,749,46
S01007611,Economically active: Total,433,398,35
S01007611,Economically active: Employee: Total,364,332,32
S01007611,Economically active: Employee: Part-time (1),109,99,10
S01007611,Economically active: Employee: Full-time (1),255,233,22
S01007611,Economically active: Self-employed: Total,24,22,2
S01007611,Economically active: Self-employed: Part-time (1),5,4,1
S01007611,Economically active: Self-employed: Full-time (1),19,18,1
S01007611,Economically active: Unemployed (1),45,44,1
S01007611,Economically inactive,362,351,11
S01007612,All people aged 16 and over,938,843,95
S01007612,Economically active: Total,619,543,76
S01007612,Economically active: Employee: Total,477,423,54
S01007612,Economically active: Employee: Part-time (1),159,151,8
S01007612,Economically active: Employee: Full-time (1),318,272,46
S01007612,Economically active: Self-employed: Total,55,44,11
S01007612,Economically active: Self-employed: Part-time (1),11,11,0
S01007612,Economically active: Self-employed: Full-time (1),44,33,11
S01007612,Economically active: Unemployed (1),87,76,11
S01007612,Economically inactive,319,300,19
S01007613,All people aged 16 and over,662,636,26
S01007613,Economically active: Total,433,414,19
S01007613,Economically active: Employee: Total,311,298,13
S01007613,Economically active: Employee: Part-time (1),91,87,4
S01007613,Economically active: Employee: Full-time (1),220,211,9
S01007613,Economically active: Self-employed: Total,81,77,4
S01007613,Economically active: Self-employed: Part-time (1),15,15,0
S01007613,Economically active: Self-employed: Full-time (1),66,62,4
S01007613,Economically active: Unemployed (1),41,39,2
S01007613,Economically inactive,229,222,7
S01007614,All people aged 16 and over,695,667,28
S01007614,Economically active: Total,440,418,22
S01007614,Economically active: Employee: Total,376,361,15
S01007614,Economically active: Employee: Part-time (1),126,119,7
S01007614,Economically active: Employee: Full-time (1),250,242,8
S01007614,Economically active: Self-employed: Total,49,44,5
S01007614,Economically active: Self-employed: Part-time (1),15,13,2
S01007614,Economically active: Self-employed: Full-time (1),34,31,3
S01007614,Economically active: Unemployed (1),15,13,2
S01007614,Economically inactive,255,249,6
S01007615,All people aged 16 and over,881,830,51
S01007615,Economically active: Total,569,528,41
S01007615,Economically active: Employee: Total,465,432,33
S01007615,Economically active: Employee: Part-time (1),145,135,10
S01007615,Economically active: Employee: Full-time (1),320,297,23
S01007615,Economically active: Self-employed: Total,67,63,4
S01007615,Economically active: Self-employed: Part-time (1),13,12,1
S01007615,Economically active: Self-employed: Full-time (1),54,51,3
S01007615,Economically active: Unemployed (1),37,33,4
S01007615,Economically inactive,312,302,10
S01007616,All people aged 16 and over,610,584,26
S01007616,Economically active: Total,402,383,19
S01007616,Economically active: Employee: Total,341,327,14
S01007616,Economically active: Employee: Part-time (1),102,97,5
S01007616,Economically active: Employee: Full-time (1),239,230,9
S01007616,Economically active: Self-employed: Total,29,27,2
S01007616,Economically active: Self-employed: Part-time (1),5,4,1
S01007616,Economically active: Self-employed: Full-time (1),24,23,1
S01007616,Economically active: Unemployed (1),32,29,3
S01007616,Economically inactive,208,201,7
S01007617,All people aged 16 and over,441,428,13
S01007617,Economically active: Total,276,267,9
S01007617,Economically active: Employee: Total,226,217,9
S01007617,Economically active: Employee: Part-time (1),91,88,3
S01007617,Economically active: Employee: Full-time (1),135,129,6
S01007617,Economically active: Self-employed: Total,23,23,0
S01007617,Economically active: Self-employed: Part-time (1),5,5,0
S01007617,Economically active: Self-employed: Full-time (1),18,18,0
S01007617,Economically active: Unemployed (1),27,27,0
S01007617,Economically inactive,165,161,4
S01007618,All people aged 16 and over,517,511,6
S01007618,Economically active: Total,291,290,1
S01007618,Economically active: Employee: Total,252,251,1
S01007618,Economically active: Employee: Part-time (1),100,99,1
S01007618,Economically active: Employee: Full-time (1),152,152,0
S01007618,Economically active: Self-employed: Total,15,15,0
S01007618,Economically active: Self-employed: Part-time (1),4,4,0
S01007618,Economically active: Self-employed: Full-time (1),11,11,0
S01007618,Economically active: Unemployed (1),24,24,0
S01007618,Economically inactive,226,221,5
S01007619,All people aged 16 and over,518,504,14
S01007619,Economically active: Total,325,315,10
S01007619,Economically active: Employee: Total,280,271,9
S01007619,Economically active: Employee: Part-time (1),104,98,6
S01007619,Economically active: Employee: Full-time (1),176,173,3
S01007619,Economically active: Self-employed: Total,18,18,0
S01007619,Economically active: Self-employed: Part-time (1),6,6,0
S01007619,Economically active: Self-employed: Full-time (1),12,12,0
S01007619,Economically active: Unemployed (1),27,26,1
S01007619,Economically inactive,193,189,4
S01007620,All people aged 16 and over,507,494,13
S01007620,Economically active: Total,324,315,9
S01007620,Economically active: Employee: Total,272,267,5
S01007620,Economically active: Employee: Part-time (1),72,69,3
S01007620,Economically active: Employee: Full-time (1),200,198,2
S01007620,Economically active: Self-employed: Total,42,39,3
S01007620,Economically active: Self-employed: Part-time (1),12,11,1
S01007620,Economically active: Self-employed: Full-time (1),30,28,2
S01007620,Economically active: Unemployed (1),10,9,1
S01007620,Economically inactive,183,179,4
S01007621,All people aged 16 and over,558,546,12
S01007621,Economically active: Total,343,335,8
S01007621,Economically active: Employee: Total,297,291,6
S01007621,Economically active: Employee: Part-time (1),94,89,5
S01007621,Economically active: Employee: Full-time (1),203,202,1
S01007621,Economically active: Self-employed: Total,33,31,2
S01007621,Economically active: Self-employed: Part-time (1),6,6,0
S01007621,Economically active: Self-employed: Full-time (1),27,25,2
S01007621,Economically active: Unemployed (1),13,13,0
S01007621,Economically inactive,215,211,4
S01007622,All people aged 16 and over,471,460,11
S01007622,Economically active: Total,290,281,9
S01007622,Economically active: Employee: Total,244,238,6
S01007622,Economically active: Employee: Part-time (1),80,79,1
S01007622,Economically active: Employee: Full-time (1),164,159,5
S01007622,Economically active: Self-employed: Total,33,30,3
S01007622,Economically active: Self-employed: Part-time (1),11,8,3
S01007622,Economically active: Self-employed: Full-time (1),22,22,0
S01007622,Economically active: Unemployed (1),13,13,0
S01007622,Economically inactive,181,179,2
S01007623,All people aged 16 and over,510,480,30
S01007623,Economically active: Total,333,314,19
S01007623,Economically active: Employee: Total,279,263,16
S01007623,Economically active: Employee: Part-time (1),81,72,9
S01007623,Economically active: Employee: Full-time (1),198,191,7
S01007623,Economically active: Self-employed: Total,40,37,3
S01007623,Economically active: Self-employed: Part-time (1),13,12,1
S01007623,Economically active: Self-employed: Full-time (1),27,25,2
S01007623,Economically active: Unemployed (1),14,14,0
S01007623,Economically inactive,177,166,11
S01007624,All people aged 16 and over,539,522,17
S01007624,Economically active: Total,400,389,11
S01007624,Economically active: Employee: Total,361,352,9
S01007624,Economically active: Employee: Part-time (1),117,112,5
S01007624,Economically active: Employee: Full-time (1),244,240,4
S01007624,Economically active: Self-employed: Total,33,31,2
S01007624,Economically active: Self-employed: Part-time (1),10,9,1
S01007624,Economically active: Self-employed: Full-time (1),23,22,1
S01007624,Economically active: Unemployed (1),6,6,0
S01007624,Economically inactive,139,133,6
S01007625,All people aged 16 and over,431,417,14
S01007625,Economically active: Total,287,277,10
S01007625,Economically active: Employee: Total,251,245,6
S01007625,Economically active: Employee: Part-time (1),68,65,3
S01007625,Economically active: Employee: Full-time (1),183,180,3
S01007625,Economically active: Self-employed: Total,27,24,3
S01007625,Economically active: Self-employed: Part-time (1),5,4,1
S01007625,Economically active: Self-employed: Full-time (1),22,20,2
S01007625,Economically active: Unemployed (1),9,8,1
S01007625,Economically inactive,144,140,4
S01007626,All people aged 16 and over,501,482,19
S01007626,Economically active: Total,407,391,16
S01007626,Economically active: Employee: Total,365,354,11
S01007626,Economically active: Employee: Part-time (1),102,97,5
S01007626,Economically active: Employee: Full-time (1),263,257,6
S01007626,Economically active: Self-employed: Total,32,27,5
S01007626,Economically active: Self-employed: Part-time (1),5,3,2
S01007626,Economically active: Self-employed: Full-time (1),27,24,3
S01007626,Economically active: Unemployed (1),10,10,0
S01007626,Economically inactive,94,91,3
S01007627,All people aged 16 and over,445,414,31
S01007627,Economically active: Total,304,283,21
S01007627,Economically active: Employee: Total,258,241,17
S01007627,Economically active: Employee: Part-time (1),68,64,4
S01007627,Economically active: Employee: Full-time (1),190,177,13
S01007627,Economically active: Self-employed: Total,38,34,4
S01007627,Economically active: Self-employed: Part-time (1),11,10,1
S01007627,Economically active: Self-employed: Full-time (1),27,24,3
S01007627,Economically active: Unemployed (1),8,8,0
S01007627,Economically inactive,141,131,10
S01007628,All people aged 16 and over,605,586,19
S01007628,Economically active: Total,346,331,15
S01007628,Economically active: Employee: Total,279,266,13
S01007628,Economically active: Employee: Part-time (1),82,81,1
S01007628,Economically active: Employee: Full-time (1),197,185,12
S01007628,Economically active: Self-employed: Total,54,53,1
S01007628,Economically active: Self-employed: Part-time (1),13,13,0
S01007628,Economically active: Self-employed: Full-time (1),41,40,1
S01007628,Economically active: Unemployed (1),13,12,1
S01007628,Economically inactive,259,255,4
S01007629,All people aged 16 and over,578,568,10
S01007629,Economically active: Total,381,375,6
S01007629,Economically active: Employee: Total,287,283,4
S01007629,Economically active: Employee: Part-time (1),87,87,0
S01007629,Economically active: Employee: Full-time (1),200,196,4
S01007629,Economically active: Self-employed: Total,74,73,1
S01007629,Economically active: Self-employed: Part-time (1),15,14,1
S01007629,Economically active: Self-employed: Full-time (1),59,59,0
S01007629,Economically active: Unemployed (1),20,19,1
S01007629,Economically inactive,197,193,4
S01007630,All people aged 16 and over,696,676,20
S01007630,Economically active: Total,483,469,14
S01007630,Economically active: Employee: Total,348,341,7
S01007630,Economically active: Employee: Part-time (1),110,108,2
S01007630,Economically active: Employee: Full-time (1),238,233,5
S01007630,Economically active: Self-employed: Total,118,113,5
S01007630,Economically active: Self-employed: Part-time (1),21,21,0
S01007630,Economically active: Self-employed: Full-time (1),97,92,5
S01007630,Economically active: Unemployed (1),17,15,2
S01007630,Economically inactive,213,207,6
S01007631,All people aged 16 and over,518,497,21
S01007631,Economically active: Total,325,306,19
S01007631,Economically active: Employee: Total,211,200,11
S01007631,Economically active: Employee: Part-time (1),74,70,4
S01007631,Economically active: Employee: Full-time (1),137,130,7
S01007631,Economically active: Self-employed: Total,103,96,7
S01007631,Economically active: Self-employed: Part-time (1),29,27,2
S01007631,Economically active: Self-employed: Full-time (1),74,69,5
S01007631,Economically active: Unemployed (1),11,10,1
S01007631,Economically inactive,193,191,2
S01007632,All people aged 16 and over,803,778,25
S01007632,Economically active: Total,500,488,12
S01007632,Economically active: Employee: Total,410,399,11
S01007632,Economically active: Employee: Part-time (1),112,108,4
S01007632,Economically active: Employee: Full-time (1),298,291,7
S01007632,Economically active: Self-employed: Total,60,60,0
S01007632,Economically active: Self-employed: Part-time (1),21,21,0
S01007632,Economically active: Self-employed: Full-time (1),39,39,0
S01007632,Economically active: Unemployed (1),30,29,1
S01007632,Economically inactive,303,290,13
S01007633,All people aged 16 and over,822,792,30
S01007633,Economically active: Total,498,475,23
S01007633,Economically active: Employee: Total,399,383,16
S01007633,Economically active: Employee: Part-time (1),126,118,8
S01007633,Economically active: Employee: Full-time (1),273,265,8
S01007633,Economically active: Self-employed: Total,61,55,6
S01007633,Economically active: Self-employed: Part-time (1),14,13,1
S01007633,Economically active: Self-employed: Full-time (1),47,42,5
S01007633,Economically active: Unemployed (1),38,37,1
S01007633,Economically inactive,324,317,7
S01007634,All people aged 16 and over,485,476,9
S01007634,Economically active: Total,314,307,7
S01007634,Economically active: Employee: Total,236,231,5
S01007634,Economically active: Employee: Part-time (1),69,68,1
S01007634,Economically active: Employee: Full-time (1),167,163,4
S01007634,Economically active: Self-employed: Total,59,57,2
S01007634,Economically active: Self-employed: Part-time (1),17,16,1
S01007634,Economically active: Self-employed: Full-time (1),42,41,1
S01007634,Economically active: Unemployed (1),19,19,0
S01007634,Economically inactive,171,169,2
S01007635,All people aged 16 and over,649,638,11
S01007635,Economically active: Total,276,272,4
S01007635,Economically active: Employee: Total,223,221,2
S01007635,Economically active: Employee: Part-time (1),71,69,2
S01007635,Economically active: Employee: Full-time (1),152,152,0
S01007635,Economically active: Self-employed: Total,45,45,0
S01007635,Economically active: Self-employed: Part-time (1),12,12,0
S01007635,Economically active: Self-employed: Full-time (1),33,33,0
S01007635,Economically active: Unemployed (1),8,6,2
S01007635,Economically inactive,373,366,7
S01007636,All people aged 16 and over,743,722,21
S01007636,Economically active: Total,398,382,16
S01007636,Economically active: Employee: Total,310,297,13
S01007636,Economically active: Employee: Part-time (1),79,75,4
S01007636,Economically active: Employee: Full-time (1),231,222,9
S01007636,Economically active: Self-employed: Total,55,53,2
S01007636,Economically active: Self-employed: Part-time (1),20,20,0
S01007636,Economically active: Self-employed: Full-time (1),35,33,2
S01007636,Economically active: Unemployed (1),33,32,1
S01007636,Economically inactive,345,340,5
S01007637,All people aged 16 and over,703,690,13
S01007637,Economically active: Total,435,424,11
S01007637,Economically active: Employee: Total,352,341,11
S01007637,Economically active: Employee: Part-time (1),99,96,3
S01007637,Economically active: Employee: Full-time (1),253,245,8
S01007637,Economically active: Self-employed: Total,52,52,0
S01007637,Economically active: Self-employed: Part-time (1),13,13,0
S01007637,Economically active: Self-employed: Full-time (1),39,39,0
S01007637,Economically active: Unemployed (1),31,31,0
S01007637,Economically inactive,268,266,2
S01007638,All people aged 16 and over,653,623,30
S01007638,Economically active: Total,395,376,19
S01007638,Economically active: Employee: Total,321,304,17
S01007638,Economically active: Employee: Part-time (1),95,84,11
S01007638,Economically active: Employee: Full-time (1),226,220,6
S01007638,Economically active: Self-employed: Total,44,44,0
S01007638,Economically active: Self-employed: Part-time (1),8,8,0
S01007638,Economically active: Self-employed: Full-time (1),36,36,0
S01007638,Economically active: Unemployed (1),30,28,2
S01007638,Economically inactive,258,247,11
S01007639,All people aged 16 and over,846,824,22
S01007639,Economically active: Total,564,551,13
S01007639,Economically active: Employee: Total,476,464,12
S01007639,Economically active: Employee: Part-time (1),150,146,4
S01007639,Economically active: Employee: Full-time (1),326,318,8
S01007639,Economically active: Self-employed: Total,39,38,1
S01007639,Economically active: Self-employed: Part-time (1),8,8,0
S01007639,Economically active: Self-employed: Full-time (1),31,30,1
S01007639,Economically active: Unemployed (1),49,49,0
S01007639,Economically inactive,282,273,9
S01007640,All people aged 16 and over,600,582,18
S01007640,Economically active: Total,390,381,9
S01007640,Economically active: Employee: Total,257,250,7
S01007640,Economically active: Employee: Part-time (1),74,74,0
S01007640,Economically active: Employee: Full-time (1),183,176,7
S01007640,Economically active: Self-employed: Total,109,108,1
S01007640,Economically active: Self-employed: Part-time (1),20,20,0
S01007640,Economically active: Self-employed: Full-time (1),89,88,1
S01007640,Economically active: Unemployed (1),24,23,1
S01007640,Economically inactive,210,201,9
S01007641,All people aged 16 and over,679,649,30
S01007641,Economically active: Total,434,411,23
S01007641,Economically active: Employee: Total,319,304,15
S01007641,Economically active: Employee: Part-time (1),122,115,7
S01007641,Economically active: Employee: Full-time (1),197,189,8
S01007641,Economically active: Self-employed: Total,90,86,4
S01007641,Economically active: Self-employed: Part-time (1),21,20,1
S01007641,Economically active: Self-employed: Full-time (1),69,66,3
S01007641,Economically active: Unemployed (1),25,21,4
S01007641,Economically inactive,245,238,7
S01007642,All people aged 16 and over,718,667,51
S01007642,Economically active: Total,381,342,39
S01007642,Economically active: Employee: Total,265,237,28
S01007642,Economically active: Employee: Part-time (1),80,71,9
S01007642,Economically active: Employee: Full-time (1),185,166,19
S01007642,Economically active: Self-employed: Total,100,91,9
S01007642,Economically active: Self-employed: Part-time (1),29,27,2
S01007642,Economically active: Self-employed: Full-time (1),71,64,7
S01007642,Economically active: Unemployed (1),16,14,2
S01007642,Economically inactive,337,325,12
S01007643,All people aged 16 and over,761,736,25
S01007643,Economically active: Total,463,447,16
S01007643,Economically active: Employee: Total,346,334,12
S01007643,Economically active: Employee: Part-time (1),121,116,5
S01007643,Economically active: Employee: Full-time (1),225,218,7
S01007643,Economically active: Self-employed: Total,85,81,4
S01007643,Economically active: Self-employed: Part-time (1),20,20,0
S01007643,Economically active: Self-employed: Full-time (1),65,61,4
S01007643,Economically active: Unemployed (1),32,32,0
S01007643,Economically inactive,298,289,9
S01007644,All people aged 16 and over,698,676,22
S01007644,Economically active: Total,371,359,12
S01007644,Economically active: Employee: Total,288,278,10
S01007644,Economically active: Employee: Part-time (1),113,107,6
S01007644,Economically active: Employee: Full-time (1),175,171,4
S01007644,Economically active: Self-employed: Total,60,59,1
S01007644,Economically active: Self-employed: Part-time (1),17,17,0
S01007644,Economically active: Self-employed: Full-time (1),43,42,1
S01007644,Economically active: Unemployed (1),23,22,1
S01007644,Economically inactive,327,317,10
S01007645,All people aged 16 and over,449,432,17
S01007645,Economically active: Total,299,291,8
S01007645,Economically active: Employee: Total,182,176,6
S01007645,Economically active: Employee: Part-time (1),55,55,0
S01007645,Economically active: Employee: Full-time (1),127,121,6
S01007645,Economically active: Self-employed: Total,91,91,0
S01007645,Economically active: Self-employed: Part-time (1),20,20,0
S01007645,Economically active: Self-employed: Full-time (1),71,71,0
S01007645,Economically active: Unemployed (1),26,24,2
S01007645,Economically inactive,150,141,9
S01007646,All people aged 16 and over,534,496,38
S01007646,Economically active: Total,323,306,17
S01007646,Economically active: Employee: Total,203,193,10
S01007646,Economically active: Employee: Part-time (1),51,45,6
S01007646,Economically active: Employee: Full-time (1),152,148,4
S01007646,Economically active: Self-employed: Total,98,94,4
S01007646,Economically active: Self-employed: Part-time (1),23,21,2
S01007646,Economically active: Self-employed: Full-time (1),75,73,2
S01007646,Economically active: Unemployed (1),22,19,3
S01007646,Economically inactive,211,190,21
S01007647,All people aged 16 and over,620,598,22
S01007647,Economically active: Total,360,350,10
S01007647,Economically active: Employee: Total,282,276,6
S01007647,Economically active: Employee: Part-time (1),71,69,2
S01007647,Economically active: Employee: Full-time (1),211,207,4
S01007647,Economically active: Self-employed: Total,56,52,4
S01007647,Economically active: Self-employed: Part-time (1),17,16,1
S01007647,Economically active: Self-employed: Full-time (1),39,36,3
S01007647,Economically active: Unemployed (1),22,22,0
S01007647,Economically inactive,260,248,12
S01007648,All people aged 16 and over,743,721,22
S01007648,Economically active: Total,459,447,12
S01007648,Economically active: Employee: Total,366,356,10
S01007648,Economically active: Employee: Part-time (1),102,99,3
S01007648,Economically active: Employee: Full-time (1),264,257,7
S01007648,Economically active: Self-employed: Total,70,68,2
S01007648,Economically active: Self-employed: Part-time (1),22,22,0
S01007648,Economically active: Self-employed: Full-time (1),48,46,2
S01007648,Economically active: Unemployed (1),23,23,0
S01007648,Economically inactive,284,274,10
S01007649,All people aged 16 and over,620,607,13
S01007649,Economically active: Total,399,389,10
S01007649,Economically active: Employee: Total,318,311,7
S01007649,Economically active: Employee: Part-time (1),102,100,2
S01007649,Economically active: Employee: Full-time (1),216,211,5
S01007649,Economically active: Self-employed: Total,64,62,2
S01007649,Economically active: Self-employed: Part-time (1),9,8,1
S01007649,Economically active: Self-employed: Full-time (1),55,54,1
S01007649,Economically active: Unemployed (1),17,16,1
S01007649,Economically inactive,221,218,3
S01007650,All people aged 16 and over,827,799,28
S01007650,Economically active: Total,518,500,18
S01007650,Economically active: Employee: Total,373,359,14
S01007650,Economically active: Employee: Part-time (1),118,115,3
S01007650,Economically active: Employee: Full-time (1),255,244,11
S01007650,Economically active: Self-employed: Total,120,119,1
S01007650,Economically active: Self-employed: Part-time (1),29,28,1
S01007650,Economically active: Self-employed: Full-time (1),91,91,0
S01007650,Economically active: Unemployed (1),25,22,3
S01007650,Economically inactive,309,299,10
S01007651,All people aged 16 and over,475,461,14
S01007651,Economically active: Total,329,320,9
S01007651,Economically active: Employee: Total,205,200,5
S01007651,Economically active: Employee: Part-time (1),66,65,1
S01007651,Economically active: Employee: Full-time (1),139,135,4
S01007651,Economically active: Self-employed: Total,108,106,2
S01007651,Economically active: Self-employed: Part-time (1),19,18,1
S01007651,Economically active: Self-employed: Full-time (1),89,88,1
S01007651,Economically active: Unemployed (1),16,14,2
S01007651,Economically inactive,146,141,5
S01007652,All people aged 16 and over,503,492,11
S01007652,Economically active: Total,268,260,8
S01007652,Economically active: Employee: Total,200,194,6
S01007652,Economically active: Employee: Part-time (1),65,63,2
S01007652,Economically active: Employee: Full-time (1),135,131,4
S01007652,Economically active: Self-employed: Total,52,50,2
S01007652,Economically active: Self-employed: Part-time (1),8,8,0
S01007652,Economically active: Self-employed: Full-time (1),44,42,2
S01007652,Economically active: Unemployed (1),16,16,0
S01007652,Economically inactive,235,232,3
S01007653,All people aged 16 and over,758,745,13
S01007653,Economically active: Total,491,481,10
S01007653,Economically active: Employee: Total,345,337,8
S01007653,Economically active: Employee: Part-time (1),110,107,3
S01007653,Economically active: Employee: Full-time (1),235,230,5
S01007653,Economically active: Self-employed: Total,120,120,0
S01007653,Economically active: Self-employed: Part-time (1),28,28,0
S01007653,Economically active: Self-employed: Full-time (1),92,92,0
S01007653,Economically active: Unemployed (1),26,24,2
S01007653,Economically inactive,267,264,3
S01007654,All people aged 16 and over,907,881,26
S01007654,Economically active: Total,533,514,19
S01007654,Economically active: Employee: Total,409,393,16
S01007654,Economically active: Employee: Part-time (1),137,131,6
S01007654,Economically active: Employee: Full-time (1),272,262,10
S01007654,Economically active: Self-employed: Total,93,90,3
S01007654,Economically active: Self-employed: Part-time (1),18,17,1
S01007654,Economically active: Self-employed: Full-time (1),75,73,2
S01007654,Economically active: Unemployed (1),31,31,0
S01007654,Economically inactive,374,367,7
S01007655,All people aged 16 and over,663,629,34
S01007655,Economically active: Total,425,401,24
S01007655,Economically active: Employee: Total,239,223,16
S01007655,Economically active: Employee: Part-time (1),74,71,3
S01007655,Economically active: Employee: Full-time (1),165,152,13
S01007655,Economically active: Self-employed: Total,166,159,7
S01007655,Economically active: Self-employed: Part-time (1),34,32,2
S01007655,Economically active: Self-employed: Full-time (1),132,127,5
S01007655,Economically active: Unemployed (1),20,19,1
S01007655,Economically inactive,238,228,10
S01007656,All people aged 16 and over,716,694,22
S01007656,Economically active: Total,436,420,16
S01007656,Economically active: Employee: Total,302,289,13
S01007656,Economically active: Employee: Part-time (1),95,92,3
S01007656,Economically active: Employee: Full-time (1),207,197,10
S01007656,Economically active: Self-employed: Total,112,109,3
S01007656,Economically active: Self-employed: Part-time (1),16,16,0
S01007656,Economically active: Self-employed: Full-time (1),96,93,3
S01007656,Economically active: Unemployed (1),22,22,0
S01007656,Economically inactive,280,274,6
S01007657,All people aged 16 and over,360,350,10
S01007657,Economically active: Total,248,240,8
S01007657,Economically active: Employee: Total,184,177,7
S01007657,Economically active: Employee: Part-time (1),62,56,6
S01007657,Economically active: Employee: Full-time (1),122,121,1
S01007657,Economically active: Self-employed: Total,55,54,1
S01007657,Economically active: Self-employed: Part-time (1),3,3,0
S01007657,Economically active: Self-employed: Full-time (1),52,51,1
S01007657,Economically active: Unemployed (1),9,9,0
S01007657,Economically inactive,112,110,2
S01007658,All people aged 16 and over,429,421,8
S01007658,Economically active: Total,264,258,6
S01007658,Economically active: Employee: Total,184,180,4
S01007658,Economically active: Employee: Part-time (1),59,59,0
S01007658,Economically active: Employee: Full-time (1),125,121,4
S01007658,Economically active: Self-employed: Total,65,64,1
S01007658,Economically active: Self-employed: Part-time (1),11,11,0
S01007658,Economically active: Self-employed: Full-time (1),54,53,1
S01007658,Economically active: Unemployed (1),15,14,1
S01007658,Economically inactive,165,163,2
S01007659,All people aged 16 and over,667,641,26
S01007659,Economically active: Total,388,369,19
S01007659,Economically active: Employee: Total,286,272,14
S01007659,Economically active: Employee: Part-time (1),99,96,3
S01007659,Economically active: Employee: Full-time (1),187,176,11
S01007659,Economically active: Self-employed: Total,79,75,4
S01007659,Economically active: Self-employed: Part-time (1),16,16,0
S01007659,Economically active: Self-employed: Full-time (1),63,59,4
S01007659,Economically active: Unemployed (1),23,22,1
S01007659,Economically inactive,279,272,7
S01007660,All people aged 16 and over,680,641,39
S01007660,Economically active: Total,429,395,34
S01007660,Economically active: Employee: Total,359,330,29
S01007660,Economically active: Employee: Part-time (1),110,107,3
S01007660,Economically active: Employee: Full-time (1),249,223,26
S01007660,Economically active: Self-employed: Total,35,31,4
S01007660,Economically active: Self-employed: Part-time (1),10,8,2
S01007660,Economically active: Self-employed: Full-time (1),25,23,2
S01007660,Economically active: Unemployed (1),35,34,1
S01007660,Economically inactive,251,246,5
S01007661,All people aged 16 and over,564,527,37
S01007661,Economically active: Total,351,323,28
S01007661,Economically active: Employee: Total,278,255,23
S01007661,Economically active: Employee: Part-time (1),98,93,5
S01007661,Economically active: Employee: Full-time (1),180,162,18
S01007661,Economically active: Self-employed: Total,50,48,2
S01007661,Economically active: Self-employed: Part-time (1),13,13,0
S01007661,Economically active: Self-employed: Full-time (1),37,35,2
S01007661,Economically active: Unemployed (1),23,20,3
S01007661,Economically inactive,213,204,9
S01007662,All people aged 16 and over,775,737,38
S01007662,Economically active: Total,422,394,28
S01007662,Economically active: Employee: Total,343,315,28
S01007662,Economically active: Employee: Part-time (1),103,100,3
S01007662,Economically active: Employee: Full-time (1),240,215,25
S01007662,Economically active: Self-employed: Total,40,40,0
S01007662,Economically active: Self-employed: Part-time (1),13,13,0
S01007662,Economically active: Self-employed: Full-time (1),27,27,0
S01007662,Economically active: Unemployed (1),39,39,0
S01007662,Economically inactive,353,343,10
S01007663,All people aged 16 and over,725,703,22
S01007663,Economically active: Total,415,404,11
S01007663,Economically active: Employee: Total,354,348,6
S01007663,Economically active: Employee: Part-time (1),119,118,1
S01007663,Economically active: Employee: Full-time (1),235,230,5
S01007663,Economically active: Self-employed: Total,43,38,5
S01007663,Economically active: Self-employed: Part-time (1),11,11,0
S01007663,Economically active: Self-employed: Full-time (1),32,27,5
S01007663,Economically active: Unemployed (1),18,18,0
S01007663,Economically inactive,310,299,11
S01007664,All people aged 16 and over,485,456,29
S01007664,Economically active: Total,292,266,26
S01007664,Economically active: Employee: Total,238,216,22
S01007664,Economically active: Employee: Part-time (1),78,75,3
S01007664,Economically active: Employee: Full-time (1),160,141,19
S01007664,Economically active: Self-employed: Total,29,27,2
S01007664,Economically active: Self-employed: Part-time (1),11,10,1
S01007664,Economically active: Self-employed: Full-time (1),18,17,1
S01007664,Economically active: Unemployed (1),25,23,2
S01007664,Economically inactive,193,190,3
S01007665,All people aged 16 and over,502,494,8
S01007665,Economically active: Total,341,335,6
S01007665,Economically active: Employee: Total,296,294,2
S01007665,Economically active: Employee: Part-time (1),85,84,1
S01007665,Economically active: Employee: Full-time (1),211,210,1
S01007665,Economically active: Self-employed: Total,22,19,3
S01007665,Economically active: Self-employed: Part-time (1),8,7,1
S01007665,Economically active: Self-employed: Full-time (1),14,12,2
S01007665,Economically active: Unemployed (1),23,22,1
S01007665,Economically inactive,161,159,2
S01007666,All people aged 16 and over,415,409,6
S01007666,Economically active: Total,247,245,2
S01007666,Economically active: Employee: Total,220,218,2
S01007666,Economically active: Employee: Part-time (1),61,61,0
S01007666,Economically active: Employee: Full-time (1),159,157,2
S01007666,Economically active: Self-employed: Total,23,23,0
S01007666,Economically active: Self-employed: Part-time (1),6,6,0
S01007666,Economically active: Self-employed: Full-time (1),17,17,0
S01007666,Economically active: Unemployed (1),4,4,0
S01007666,Economically inactive,168,164,4
S01007667,All people aged 16 and over,586,559,27
S01007667,Economically active: Total,390,372,18
S01007667,Economically active: Employee: Total,332,318,14
S01007667,Economically active: Employee: Part-time (1),94,89,5
S01007667,Economically active: Employee: Full-time (1),238,229,9
S01007667,Economically active: Self-employed: Total,46,42,4
S01007667,Economically active: Self-employed: Part-time (1),15,14,1
S01007667,Economically active: Self-employed: Full-time (1),31,28,3
S01007667,Economically active: Unemployed (1),12,12,0
S01007667,Economically inactive,196,187,9
S01007668,All people aged 16 and over,879,856,23
S01007668,Economically active: Total,516,496,20
S01007668,Economically active: Employee: Total,440,425,15
S01007668,Economically active: Employee: Part-time (1),138,136,2
S01007668,Economically active: Employee: Full-time (1),302,289,13
S01007668,Economically active: Self-employed: Total,29,26,3
S01007668,Economically active: Self-employed: Part-time (1),5,3,2
S01007668,Economically active: Self-employed: Full-time (1),24,23,1
S01007668,Economically active: Unemployed (1),47,45,2
S01007668,Economically inactive,363,360,3
S01007669,All people aged 16 and over,480,442,38
S01007669,Economically active: Total,307,275,32
S01007669,Economically active: Employee: Total,238,210,28
S01007669,Economically active: Employee: Part-time (1),72,67,5
S01007669,Economically active: Employee: Full-time (1),166,143,23
S01007669,Economically active: Self-employed: Total,22,21,1
S01007669,Economically active: Self-employed: Part-time (1),9,8,1
S01007669,Economically active: Self-employed: Full-time (1),13,13,0
S01007669,Economically active: Unemployed (1),47,44,3
S01007669,Economically inactive,173,167,6
S01007670,All people aged 16 and over,539,494,45
S01007670,Economically active: Total,355,322,33
S01007670,Economically active: Employee: Total,283,252,31
S01007670,Economically active: Employee: Part-time (1),90,81,9
S01007670,Economically active: Employee: Full-time (1),193,171,22
S01007670,Economically active: Self-employed: Total,19,18,1
S01007670,Economically active: Self-employed: Part-time (1),3,2,1
S01007670,Economically active: Self-employed: Full-time (1),16,16,0
S01007670,Economically active: Unemployed (1),53,52,1
S01007670,Economically inactive,184,172,12
S01007671,All people aged 16 and over,623,613,10
S01007671,Economically active: Total,397,390,7
S01007671,Economically active: Employee: Total,305,299,6
S01007671,Economically active: Employee: Part-time (1),81,80,1
S01007671,Economically active: Employee: Full-time (1),224,219,5
S01007671,Economically active: Self-employed: Total,88,87,1
S01007671,Economically active: Self-employed: Part-time (1),16,16,0
S01007671,Economically active: Self-employed: Full-time (1),72,71,1
S01007671,Economically active: Unemployed (1),4,4,0
S01007671,Economically inactive,226,223,3
S01007672,All people aged 16 and over,770,752,18
S01007672,Economically active: Total,398,385,13
S01007672,Economically active: Employee: Total,325,315,10
S01007672,Economically active: Employee: Part-time (1),109,108,1
S01007672,Economically active: Employee: Full-time (1),216,207,9
S01007672,Economically active: Self-employed: Total,61,60,1
S01007672,Economically active: Self-employed: Part-time (1),9,9,0
S01007672,Economically active: Self-employed: Full-time (1),52,51,1
S01007672,Economically active: Unemployed (1),12,10,2
S01007672,Economically inactive,372,367,5
S01007673,All people aged 16 and over,586,565,21
S01007673,Economically active: Total,405,390,15
S01007673,Economically active: Employee: Total,342,329,13
S01007673,Economically active: Employee: Part-time (1),97,94,3
S01007673,Economically active: Employee: Full-time (1),245,235,10
S01007673,Economically active: Self-employed: Total,54,54,0
S01007673,Economically active: Self-employed: Part-time (1),15,15,0
S01007673,Economically active: Self-employed: Full-time (1),39,39,0
S01007673,Economically active: Unemployed (1),9,7,2
S01007673,Economically inactive,181,175,6
S01007674,All people aged 16 and over,665,644,21
S01007674,Economically active: Total,399,386,13
S01007674,Economically active: Employee: Total,334,322,12
S01007674,Economically active: Employee: Part-time (1),94,93,1
S01007674,Economically active: Employee: Full-time (1),240,229,11
S01007674,Economically active: Self-employed: Total,24,24,0
S01007674,Economically active: Self-employed: Part-time (1),5,5,0
S01007674,Economically active: Self-employed: Full-time (1),19,19,0
S01007674,Economically active: Unemployed (1),41,40,1
S01007674,Economically inactive,266,258,8
S01007675,All people aged 16 and over,525,513,12
S01007675,Economically active: Total,331,324,7
S01007675,Economically active: Employee: Total,264,259,5
S01007675,Economically active: Employee: Part-time (1),78,76,2
S01007675,Economically active: Employee: Full-time (1),186,183,3
S01007675,Economically active: Self-employed: Total,49,48,1
S01007675,Economically active: Self-employed: Part-time (1),10,9,1
S01007675,Economically active: Self-employed: Full-time (1),39,39,0
S01007675,Economically active: Unemployed (1),18,17,1
S01007675,Economically inactive,194,189,5
S01007676,All people aged 16 and over,573,560,13
S01007676,Economically active: Total,401,389,12
S01007676,Economically active: Employee: Total,277,268,9
S01007676,Economically active: Employee: Part-time (1),89,86,3
S01007676,Economically active: Employee: Full-time (1),188,182,6
S01007676,Economically active: Self-employed: Total,112,110,2
S01007676,Economically active: Self-employed: Part-time (1),24,23,1
S01007676,Economically active: Self-employed: Full-time (1),88,87,1
S01007676,Economically active: Unemployed (1),12,11,1
S01007676,Economically inactive,172,171,1
S01007677,All people aged 16 and over,412,403,9
S01007677,Economically active: Total,258,252,6
S01007677,Economically active: Employee: Total,220,215,5
S01007677,Economically active: Employee: Part-time (1),67,64,3
S01007677,Economically active: Employee: Full-time (1),153,151,2
S01007677,Economically active: Self-employed: Total,32,32,0
S01007677,Economically active: Self-employed: Part-time (1),7,7,0
S01007677,Economically active: Self-employed: Full-time (1),25,25,0
S01007677,Economically active: Unemployed (1),6,5,1
S01007677,Economically inactive,154,151,3
S01007678,All people aged 16 and over,668,651,17
S01007678,Economically active: Total,373,360,13
S01007678,Economically active: Employee: Total,315,303,12
S01007678,Economically active: Employee: Part-time (1),95,95,0
S01007678,Economically active: Employee: Full-time (1),220,208,12
S01007678,Economically active: Self-employed: Total,33,33,0
S01007678,Economically active: Self-employed: Part-time (1),7,7,0
S01007678,Economically active: Self-employed: Full-time (1),26,26,0
S01007678,Economically active: Unemployed (1),25,24,1
S01007678,Economically inactive,295,291,4
S01007679,All people aged 16 and over,683,660,23
S01007679,Economically active: Total,353,334,19
S01007679,Economically active: Employee: Total,285,269,16
S01007679,Economically active: Employee: Part-time (1),92,88,4
S01007679,Economically active: Employee: Full-time (1),193,181,12
S01007679,Economically active: Self-employed: Total,29,28,1
S01007679,Economically active: Self-employed: Part-time (1),5,5,0
S01007679,Economically active: Self-employed: Full-time (1),24,23,1
S01007679,Economically active: Unemployed (1),39,37,2
S01007679,Economically inactive,330,326,4
S01007680,All people aged 16 and over,783,756,27
S01007680,Economically active: Total,522,503,19
S01007680,Economically active: Employee: Total,438,421,17
S01007680,Economically active: Employee: Part-time (1),143,136,7
S01007680,Economically active: Employee: Full-time (1),295,285,10
S01007680,Economically active: Self-employed: Total,65,63,2
S01007680,Economically active: Self-employed: Part-time (1),17,17,0
S01007680,Economically active: Self-employed: Full-time (1),48,46,2
S01007680,Economically active: Unemployed (1),19,19,0
S01007680,Economically inactive,261,253,8
S01007681,All people aged 16 and over,365,346,19
S01007681,Economically active: Total,230,212,18
S01007681,Economically active: Employee: Total,185,170,15
S01007681,Economically active: Employee: Part-time (1),44,44,0
S01007681,Economically active: Employee: Full-time (1),141,126,15
S01007681,Economically active: Self-employed: Total,33,31,2
S01007681,Economically active: Self-employed: Part-time (1),7,7,0
S01007681,Economically active: Self-employed: Full-time (1),26,24,2
S01007681,Economically active: Unemployed (1),12,11,1
S01007681,Economically inactive,135,134,1
S01007682,All people aged 16 and over,766,635,131
S01007682,Economically active: Total,478,397,81
S01007682,Economically active: Employee: Total,375,311,64
S01007682,Economically active: Employee: Part-time (1),95,82,13
S01007682,Economically active: Employee: Full-time (1),280,229,51
S01007682,Economically active: Self-employed: Total,76,63,13
S01007682,Economically active: Self-employed: Part-time (1),24,21,3
S01007682,Economically active: Self-employed: Full-time (1),52,42,10
S01007682,Economically active: Unemployed (1),27,23,4
S01007682,Economically inactive,288,238,50
S01007683,All people aged 16 and over,584,423,161
S01007683,Economically active: Total,357,264,93
S01007683,Economically active: Employee: Total,291,212,79
S01007683,Economically active: Employee: Part-time (1),76,66,10
S01007683,Economically active: Employee: Full-time (1),215,146,69
S01007683,Economically active: Self-employed: Total,41,33,8
S01007683,Economically active: Self-employed: Part-time (1),13,10,3
S01007683,Economically active: Self-employed: Full-time (1),28,23,5
S01007683,Economically active: Unemployed (1),25,19,6
S01007683,Economically inactive,227,159,68
S01007684,All people aged 16 and over,694,637,57
S01007684,Economically active: Total,369,337,32
S01007684,Economically active: Employee: Total,310,284,26
S01007684,Economically active: Employee: Part-time (1),105,97,8
S01007684,Economically active: Employee: Full-time (1),205,187,18
S01007684,Economically active: Self-employed: Total,43,38,5
S01007684,Economically active: Self-employed: Part-time (1),15,13,2
S01007684,Economically active: Self-employed: Full-time (1),28,25,3
S01007684,Economically active: Unemployed (1),16,15,1
S01007684,Economically inactive,325,300,25
S01007685,All people aged 16 and over,801,667,134
S01007685,Economically active: Total,440,378,62
S01007685,Economically active: Employee: Total,304,270,34
S01007685,Economically active: Employee: Part-time (1),100,94,6
S01007685,Economically active: Employee: Full-time (1),204,176,28
S01007685,Economically active: Self-employed: Total,69,59,10
S01007685,Economically active: Self-employed: Part-time (1),17,13,4
S01007685,Economically active: Self-employed: Full-time (1),52,46,6
S01007685,Economically active: Unemployed (1),67,49,18
S01007685,Economically inactive,361,289,72
S01007686,All people aged 16 and over,591,518,73
S01007686,Economically active: Total,344,299,45
S01007686,Economically active: Employee: Total,297,258,39
S01007686,Economically active: Employee: Part-time (1),82,74,8
S01007686,Economically active: Employee: Full-time (1),215,184,31
S01007686,Economically active: Self-employed: Total,37,33,4
S01007686,Economically active: Self-employed: Part-time (1),6,5,1
S01007686,Economically active: Self-employed: Full-time (1),31,28,3
S01007686,Economically active: Unemployed (1),10,8,2
S01007686,Economically inactive,247,219,28
S01007687,All people aged 16 and over,776,667,109
S01007687,Economically active: Total,461,388,73
S01007687,Economically active: Employee: Total,381,321,60
S01007687,Economically active: Employee: Part-time (1),120,106,14
S01007687,Economically active: Employee: Full-time (1),261,215,46
S01007687,Economically active: Self-employed: Total,45,39,6
S01007687,Economically active: Self-employed: Part-time (1),15,13,2
S01007687,Economically active: Self-employed: Full-time (1),30,26,4
S01007687,Economically active: Unemployed (1),35,28,7
S01007687,Economically inactive,315,279,36
S01007688,All people aged 16 and over,930,739,191
S01007688,Economically active: Total,557,459,98
S01007688,Economically active: Employee: Total,455,377,78
S01007688,Economically active: Employee: Part-time (1),154,133,21
S01007688,Economically active: Employee: Full-time (1),301,244,57
S01007688,Economically active: Self-employed: Total,44,40,4
S01007688,Economically active: Self-employed: Part-time (1),16,16,0
S01007688,Economically active: Self-employed: Full-time (1),28,24,4
S01007688,Economically active: Unemployed (1),58,42,16
S01007688,Economically inactive,373,280,93
S01007689,All people aged 16 and over,559,436,123
S01007689,Economically active: Total,328,264,64
S01007689,Economically active: Employee: Total,261,217,44
S01007689,Economically active: Employee: Part-time (1),88,74,14
S01007689,Economically active: Employee: Full-time (1),173,143,30
S01007689,Economically active: Self-employed: Total,34,27,7
S01007689,Economically active: Self-employed: Part-time (1),11,9,2
S01007689,Economically active: Self-employed: Full-time (1),23,18,5
S01007689,Economically active: Unemployed (1),33,20,13
S01007689,Economically inactive,231,172,59
S01007690,All people aged 16 and over,822,691,131
S01007690,Economically active: Total,399,349,50
S01007690,Economically active: Employee: Total,331,292,39
S01007690,Economically active: Employee: Part-time (1),156,145,11
S01007690,Economically active: Employee: Full-time (1),175,147,28
S01007690,Economically active: Self-employed: Total,31,25,6
S01007690,Economically active: Self-employed: Part-time (1),12,10,2
S01007690,Economically active: Self-employed: Full-time (1),19,15,4
S01007690,Economically active: Unemployed (1),37,32,5
S01007690,Economically inactive,423,342,81
S01007691,All people aged 16 and over,2819,1955,864
S01007691,Economically active: Total,1118,882,236
S01007691,Economically active: Employee: Total,701,585,116
S01007691,Economically active: Employee: Part-time (1),446,387,59
S01007691,Economically active: Employee: Full-time (1),255,198,57
S01007691,Economically active: Self-employed: Total,41,32,9
S01007691,Economically active: Self-employed: Part-time (1),18,15,3
S01007691,Economically active: Self-employed: Full-time (1),23,17,6
S01007691,Economically active: Unemployed (1),376,265,111
S01007691,Economically inactive,1701,1073,628
S01007692,All people aged 16 and over,865,714,151
S01007692,Economically active: Total,441,361,80
S01007692,Economically active: Employee: Total,346,289,57
S01007692,Economically active: Employee: Part-time (1),164,139,25
S01007692,Economically active: Employee: Full-time (1),182,150,32
S01007692,Economically active: Self-employed: Total,31,28,3
S01007692,Economically active: Self-employed: Part-time (1),12,12,0
S01007692,Economically active: Self-employed: Full-time (1),19,16,3
S01007692,Economically active: Unemployed (1),64,44,20
S01007692,Economically inactive,424,353,71
S01007693,All people aged 16 and over,931,690,241
S01007693,Economically active: Total,387,306,81
S01007693,Economically active: Employee: Total,274,213,61
S01007693,Economically active: Employee: Part-time (1),168,135,33
S01007693,Economically active: Employee: Full-time (1),106,78,28
S01007693,Economically active: Self-employed: Total,19,12,7
S01007693,Economically active: Self-employed: Part-time (1),10,7,3
S01007693,Economically active: Self-employed: Full-time (1),9,5,4
S01007693,Economically active: Unemployed (1),94,81,13
S01007693,Economically inactive,544,384,160
S01007694,All people aged 16 and over,1011,786,225
S01007694,Economically active: Total,502,406,96
S01007694,Economically active: Employee: Total,406,328,78
S01007694,Economically active: Employee: Part-time (1),203,165,38
S01007694,Economically active: Employee: Full-time (1),203,163,40
S01007694,Economically active: Self-employed: Total,28,21,7
S01007694,Economically active: Self-employed: Part-time (1),14,12,2
S01007694,Economically active: Self-employed: Full-time (1),14,9,5
S01007694,Economically active: Unemployed (1),68,57,11
S01007694,Economically inactive,509,380,129
S01007695,All people aged 16 and over,894,711,183
S01007695,Economically active: Total,461,362,99
S01007695,Economically active: Employee: Total,372,295,77
S01007695,Economically active: Employee: Part-time (1),102,84,18
S01007695,Economically active: Employee: Full-time (1),270,211,59
S01007695,Economically active: Self-employed: Total,35,31,4
S01007695,Economically active: Self-employed: Part-time (1),10,9,1
S01007695,Economically active: Self-employed: Full-time (1),25,22,3
S01007695,Economically active: Unemployed (1),54,36,18
S01007695,Economically inactive,433,349,84
S01007696,All people aged 16 and over,719,522,197
S01007696,Economically active: Total,340,266,74
S01007696,Economically active: Employee: Total,253,198,55
S01007696,Economically active: Employee: Part-time (1),119,101,18
S01007696,Economically active: Employee: Full-time (1),134,97,37
S01007696,Economically active: Self-employed: Total,18,11,7
S01007696,Economically active: Self-employed: Part-time (1),4,3,1
S01007696,Economically active: Self-employed: Full-time (1),14,8,6
S01007696,Economically active: Unemployed (1),69,57,12
S01007696,Economically inactive,379,256,123
S01007697,All people aged 16 and over,886,744,142
S01007697,Economically active: Total,461,388,73
S01007697,Economically active: Employee: Total,389,325,64
S01007697,Economically active: Employee: Part-time (1),110,95,15
S01007697,Economically active: Employee: Full-time (1),279,230,49
S01007697,Economically active: Self-employed: Total,34,28,6
S01007697,Economically active: Self-employed: Part-time (1),14,10,4
S01007697,Economically active: Self-employed: Full-time (1),20,18,2
S01007697,Economically active: Unemployed (1),38,35,3
S01007697,Economically inactive,425,356,69
S01007698,All people aged 16 and over,984,718,266
S01007698,Economically active: Total,615,460,155
S01007698,Economically active: Employee: Total,489,361,128
S01007698,Economically active: Employee: Part-time (1),194,133,61
S01007698,Economically active: Employee: Full-time (1),295,228,67
S01007698,Economically active: Self-employed: Total,40,33,7
S01007698,Economically active: Self-employed: Part-time (1),8,6,2
S01007698,Economically active: Self-employed: Full-time (1),32,27,5
S01007698,Economically active: Unemployed (1),86,66,20
S01007698,Economically inactive,369,258,111
S01007699,All people aged 16 and over,691,508,183
S01007699,Economically active: Total,427,336,91
S01007699,Economically active: Employee: Total,349,278,71
S01007699,Economically active: Employee: Part-time (1),127,105,22
S01007699,Economically active: Employee: Full-time (1),222,173,49
S01007699,Economically active: Self-employed: Total,23,13,10
S01007699,Economically active: Self-employed: Part-time (1),11,8,3
S01007699,Economically active: Self-employed: Full-time (1),12,5,7
S01007699,Economically active: Unemployed (1),55,45,10
S01007699,Economically inactive,264,172,92
S01007700,All people aged 16 and over,858,762,96
S01007700,Economically active: Total,557,490,67
S01007700,Economically active: Employee: Total,453,408,45
S01007700,Economically active: Employee: Part-time (1),109,97,12
S01007700,Economically active: Employee: Full-time (1),344,311,33
S01007700,Economically active: Self-employed: Total,62,52,10
S01007700,Economically active: Self-employed: Part-time (1),17,16,1
S01007700,Economically active: Self-employed: Full-time (1),45,36,9
S01007700,Economically active: Unemployed (1),42,30,12
S01007700,Economically inactive,301,272,29
S01007701,All people aged 16 and over,492,399,93
S01007701,Economically active: Total,258,211,47
S01007701,Economically active: Employee: Total,189,154,35
S01007701,Economically active: Employee: Part-time (1),84,66,18
S01007701,Economically active: Employee: Full-time (1),105,88,17
S01007701,Economically active: Self-employed: Total,7,5,2
S01007701,Economically active: Self-employed: Part-time (1),3,1,2
S01007701,Economically active: Self-employed: Full-time (1),4,4,0
S01007701,Economically active: Unemployed (1),62,52,10
S01007701,Economically inactive,234,188,46
S01007702,All people aged 16 and over,963,755,208
S01007702,Economically active: Total,508,435,73
S01007702,Economically active: Employee: Total,329,279,50
S01007702,Economically active: Employee: Part-time (1),167,149,18
S01007702,Economically active: Employee: Full-time (1),162,130,32
S01007702,Economically active: Self-employed: Total,32,28,4
S01007702,Economically active: Self-employed: Part-time (1),9,7,2
S01007702,Economically active: Self-employed: Full-time (1),23,21,2
S01007702,Economically active: Unemployed (1),147,128,19
S01007702,Economically inactive,455,320,135
S01007703,All people aged 16 and over,696,619,77
S01007703,Economically active: Total,405,367,38
S01007703,Economically active: Employee: Total,330,303,27
S01007703,Economically active: Employee: Part-time (1),86,76,10
S01007703,Economically active: Employee: Full-time (1),244,227,17
S01007703,Economically active: Self-employed: Total,38,31,7
S01007703,Economically active: Self-employed: Part-time (1),15,11,4
S01007703,Economically active: Self-employed: Full-time (1),23,20,3
S01007703,Economically active: Unemployed (1),37,33,4
S01007703,Economically inactive,291,252,39
S01007704,All people aged 16 and over,799,673,126
S01007704,Economically active: Total,438,364,74
S01007704,Economically active: Employee: Total,285,229,56
S01007704,Economically active: Employee: Part-time (1),125,99,26
S01007704,Economically active: Employee: Full-time (1),160,130,30
S01007704,Economically active: Self-employed: Total,23,19,4
S01007704,Economically active: Self-employed: Part-time (1),8,6,2
S01007704,Economically active: Self-employed: Full-time (1),15,13,2
S01007704,Economically active: Unemployed (1),130,116,14
S01007704,Economically inactive,361,309,52
S01007705,All people aged 16 and over,735,474,261
S01007705,Economically active: Total,389,288,101
S01007705,Economically active: Employee: Total,277,208,69
S01007705,Economically active: Employee: Part-time (1),143,113,30
S01007705,Economically active: Employee: Full-time (1),134,95,39
S01007705,Economically active: Self-employed: Total,15,9,6
S01007705,Economically active: Self-employed: Part-time (1),9,5,4
S01007705,Economically active: Self-employed: Full-time (1),6,4,2
S01007705,Economically active: Unemployed (1),97,71,26
S01007705,Economically inactive,346,186,160
S01007706,All people aged 16 and over,757,569,188
S01007706,Economically active: Total,396,323,73
S01007706,Economically active: Employee: Total,315,261,54
S01007706,Economically active: Employee: Part-time (1),197,162,35
S01007706,Economically active: Employee: Full-time (1),118,99,19
S01007706,Economically active: Self-employed: Total,13,9,4
S01007706,Economically active: Self-employed: Part-time (1),4,2,2
S01007706,Economically active: Self-employed: Full-time (1),9,7,2
S01007706,Economically active: Unemployed (1),68,53,15
S01007706,Economically inactive,361,246,115
S01007707,All people aged 16 and over,766,555,211
S01007707,Economically active: Total,506,410,96
S01007707,Economically active: Employee: Total,433,359,74
S01007707,Economically active: Employee: Part-time (1),84,73,11
S01007707,Economically active: Employee: Full-time (1),349,286,63
S01007707,Economically active: Self-employed: Total,38,25,13
S01007707,Economically active: Self-employed: Part-time (1),9,8,1
S01007707,Economically active: Self-employed: Full-time (1),29,17,12
S01007707,Economically active: Unemployed (1),35,26,9
S01007707,Economically inactive,260,145,115
S01007708,All people aged 16 and over,550,472,78
S01007708,Economically active: Total,368,315,53
S01007708,Economically active: Employee: Total,294,250,44
S01007708,Economically active: Employee: Part-time (1),88,71,17
S01007708,Economically active: Employee: Full-time (1),206,179,27
S01007708,Economically active: Self-employed: Total,27,23,4
S01007708,Economically active: Self-employed: Part-time (1),8,6,2
S01007708,Economically active: Self-employed: Full-time (1),19,17,2
S01007708,Economically active: Unemployed (1),47,42,5
S01007708,Economically inactive,182,157,25
S01007709,All people aged 16 and over,530,449,81
S01007709,Economically active: Total,292,239,53
S01007709,Economically active: Employee: Total,226,183,43
S01007709,Economically active: Employee: Part-time (1),62,50,12
S01007709,Economically active: Employee: Full-time (1),164,133,31
S01007709,Economically active: Self-employed: Total,14,11,3
S01007709,Economically active: Self-employed: Part-time (1),3,2,1
S01007709,Economically active: Self-employed: Full-time (1),11,9,2
S01007709,Economically active: Unemployed (1),52,45,7
S01007709,Economically inactive,238,210,28
S01007710,All people aged 16 and over,741,577,164
S01007710,Economically active: Total,451,388,63
S01007710,Economically active: Employee: Total,362,318,44
S01007710,Economically active: Employee: Part-time (1),139,127,12
S01007710,Economically active: Employee: Full-time (1),223,191,32
S01007710,Economically active: Self-employed: Total,24,18,6
S01007710,Economically active: Self-employed: Part-time (1),10,6,4
S01007710,Economically active: Self-employed: Full-time (1),14,12,2
S01007710,Economically active: Unemployed (1),65,52,13
S01007710,Economically inactive,290,189,101
S01007711,All people aged 16 and over,980,767,213
S01007711,Economically active: Total,535,446,89
S01007711,Economically active: Employee: Total,432,361,71
S01007711,Economically active: Employee: Part-time (1),211,178,33
S01007711,Economically active: Employee: Full-time (1),221,183,38
S01007711,Economically active: Self-employed: Total,20,15,5
S01007711,Economically active: Self-employed: Part-time (1),7,5,2
S01007711,Economically active: Self-employed: Full-time (1),13,10,3
S01007711,Economically active: Unemployed (1),83,70,13
S01007711,Economically inactive,445,321,124
S01007712,All people aged 16 and over,631,477,154
S01007712,Economically active: Total,371,283,88
S01007712,Economically active: Employee: Total,297,230,67
S01007712,Economically active: Employee: Part-time (1),97,72,25
S01007712,Economically active: Employee: Full-time (1),200,158,42
S01007712,Economically active: Self-employed: Total,23,15,8
S01007712,Economically active: Self-employed: Part-time (1),8,5,3
S01007712,Economically active: Self-employed: Full-time (1),15,10,5
S01007712,Economically active: Unemployed (1),51,38,13
S01007712,Economically inactive,260,194,66
S01007713,All people aged 16 and over,417,338,79
S01007713,Economically active: Total,249,196,53
S01007713,Economically active: Employee: Total,185,147,38
S01007713,Economically active: Employee: Part-time (1),68,58,10
S01007713,Economically active: Employee: Full-time (1),117,89,28
S01007713,Economically active: Self-employed: Total,29,20,9
S01007713,Economically active: Self-employed: Part-time (1),7,6,1
S01007713,Economically active: Self-employed: Full-time (1),22,14,8
S01007713,Economically active: Unemployed (1),35,29,6
S01007713,Economically inactive,168,142,26
S01007714,All people aged 16 and over,547,465,82
S01007714,Economically active: Total,376,319,57
S01007714,Economically active: Employee: Total,327,280,47
S01007714,Economically active: Employee: Part-time (1),96,76,20
S01007714,Economically active: Employee: Full-time (1),231,204,27
S01007714,Economically active: Self-employed: Total,15,9,6
S01007714,Economically active: Self-employed: Part-time (1),6,2,4
S01007714,Economically active: Self-employed: Full-time (1),9,7,2
S01007714,Economically active: Unemployed (1),34,30,4
S01007714,Economically inactive,171,146,25
S01007715,All people aged 16 and over,434,337,97
S01007715,Economically active: Total,250,191,59
S01007715,Economically active: Employee: Total,196,145,51
S01007715,Economically active: Employee: Part-time (1),77,55,22
S01007715,Economically active: Employee: Full-time (1),119,90,29
S01007715,Economically active: Self-employed: Total,11,7,4
S01007715,Economically active: Self-employed: Part-time (1),2,1,1
S01007715,Economically active: Self-employed: Full-time (1),9,6,3
S01007715,Economically active: Unemployed (1),43,39,4
S01007715,Economically inactive,184,146,38
S01007716,All people aged 16 and over,943,746,197
S01007716,Economically active: Total,472,344,128
S01007716,Economically active: Employee: Total,347,249,98
S01007716,Economically active: Employee: Part-time (1),122,89,33
S01007716,Economically active: Employee: Full-time (1),225,160,65
S01007716,Economically active: Self-employed: Total,39,29,10
S01007716,Economically active: Self-employed: Part-time (1),8,5,3
S01007716,Economically active: Self-employed: Full-time (1),31,24,7
S01007716,Economically active: Unemployed (1),86,66,20
S01007716,Economically inactive,471,402,69
S01007717,All people aged 16 and over,840,698,142
S01007717,Economically active: Total,470,391,79
S01007717,Economically active: Employee: Total,345,282,63
S01007717,Economically active: Employee: Part-time (1),119,94,25
S01007717,Economically active: Employee: Full-time (1),226,188,38
S01007717,Economically active: Self-employed: Total,38,28,10
S01007717,Economically active: Self-employed: Part-time (1),7,3,4
S01007717,Economically active: Self-employed: Full-time (1),31,25,6
S01007717,Economically active: Unemployed (1),87,81,6
S01007717,Economically inactive,370,307,63
S01007718,All people aged 16 and over,633,537,96
S01007718,Economically active: Total,330,271,59
S01007718,Economically active: Employee: Total,262,220,42
S01007718,Economically active: Employee: Part-time (1),78,66,12
S01007718,Economically active: Employee: Full-time (1),184,154,30
S01007718,Economically active: Self-employed: Total,22,17,5
S01007718,Economically active: Self-employed: Part-time (1),3,2,1
S01007718,Economically active: Self-employed: Full-time (1),19,15,4
S01007718,Economically active: Unemployed (1),46,34,12
S01007718,Economically inactive,303,266,37
S01007719,All people aged 16 and over,880,823,57
S01007719,Economically active: Total,491,449,42
S01007719,Economically active: Employee: Total,402,372,30
S01007719,Economically active: Employee: Part-time (1),104,90,14
S01007719,Economically active: Employee: Full-time (1),298,282,16
S01007719,Economically active: Self-employed: Total,28,25,3
S01007719,Economically active: Self-employed: Part-time (1),4,4,0
S01007719,Economically active: Self-employed: Full-time (1),24,21,3
S01007719,Economically active: Unemployed (1),61,52,9
S01007719,Economically inactive,389,374,15
S01007720,All people aged 16 and over,647,626,21
S01007720,Economically active: Total,296,283,13
S01007720,Economically active: Employee: Total,241,233,8
S01007720,Economically active: Employee: Part-time (1),68,67,1
S01007720,Economically active: Employee: Full-time (1),173,166,7
S01007720,Economically active: Self-employed: Total,24,23,1
S01007720,Economically active: Self-employed: Part-time (1),6,6,0
S01007720,Economically active: Self-employed: Full-time (1),18,17,1
S01007720,Economically active: Unemployed (1),31,27,4
S01007720,Economically inactive,351,343,8
S01007721,All people aged 16 and over,646,602,44
S01007721,Economically active: Total,389,357,32
S01007721,Economically active: Employee: Total,315,289,26
S01007721,Economically active: Employee: Part-time (1),87,79,8
S01007721,Economically active: Employee: Full-time (1),228,210,18
S01007721,Economically active: Self-employed: Total,32,29,3
S01007721,Economically active: Self-employed: Part-time (1),10,10,0
S01007721,Economically active: Self-employed: Full-time (1),22,19,3
S01007721,Economically active: Unemployed (1),42,39,3
S01007721,Economically inactive,257,245,12
S01007722,All people aged 16 and over,733,681,52
S01007722,Economically active: Total,390,353,37
S01007722,Economically active: Employee: Total,307,280,27
S01007722,Economically active: Employee: Part-time (1),89,79,10
S01007722,Economically active: Employee: Full-time (1),218,201,17
S01007722,Economically active: Self-employed: Total,25,20,5
S01007722,Economically active: Self-employed: Part-time (1),5,5,0
S01007722,Economically active: Self-employed: Full-time (1),20,15,5
S01007722,Economically active: Unemployed (1),58,53,5
S01007722,Economically inactive,343,328,15
S01007723,All people aged 16 and over,851,766,85
S01007723,Economically active: Total,396,340,56
S01007723,Economically active: Employee: Total,331,282,49
S01007723,Economically active: Employee: Part-time (1),99,81,18
S01007723,Economically active: Employee: Full-time (1),232,201,31
S01007723,Economically active: Self-employed: Total,16,12,4
S01007723,Economically active: Self-employed: Part-time (1),2,1,1
S01007723,Economically active: Self-employed: Full-time (1),14,11,3
S01007723,Economically active: Unemployed (1),49,46,3
S01007723,Economically inactive,455,426,29
S01007724,All people aged 16 and over,528,381,147
S01007724,Economically active: Total,353,245,108
S01007724,Economically active: Employee: Total,276,189,87
S01007724,Economically active: Employee: Part-time (1),108,68,40
S01007724,Economically active: Employee: Full-time (1),168,121,47
S01007724,Economically active: Self-employed: Total,15,7,8
S01007724,Economically active: Self-employed: Part-time (1),3,2,1
S01007724,Economically active: Self-employed: Full-time (1),12,5,7
S01007724,Economically active: Unemployed (1),62,49,13
S01007724,Economically inactive,175,136,39
S01007725,All people aged 16 and over,690,602,88
S01007725,Economically active: Total,416,361,55
S01007725,Economically active: Employee: Total,325,278,47
S01007725,Economically active: Employee: Part-time (1),89,77,12
S01007725,Economically active: Employee: Full-time (1),236,201,35
S01007725,Economically active: Self-employed: Total,21,20,1
S01007725,Economically active: Self-employed: Part-time (1),4,4,0
S01007725,Economically active: Self-employed: Full-time (1),17,16,1
S01007725,Economically active: Unemployed (1),70,63,7
S01007725,Economically inactive,274,241,33
S01007726,All people aged 16 and over,677,532,145
S01007726,Economically active: Total,421,325,96
S01007726,Economically active: Employee: Total,330,255,75
S01007726,Economically active: Employee: Part-time (1),126,96,30
S01007726,Economically active: Employee: Full-time (1),204,159,45
S01007726,Economically active: Self-employed: Total,22,13,9
S01007726,Economically active: Self-employed: Part-time (1),2,2,0
S01007726,Economically active: Self-employed: Full-time (1),20,11,9
S01007726,Economically active: Unemployed (1),69,57,12
S01007726,Economically inactive,256,207,49
S01007727,All people aged 16 and over,876,713,163
S01007727,Economically active: Total,507,400,107
S01007727,Economically active: Employee: Total,372,294,78
S01007727,Economically active: Employee: Part-time (1),137,106,31
S01007727,Economically active: Employee: Full-time (1),235,188,47
S01007727,Economically active: Self-employed: Total,41,23,18
S01007727,Economically active: Self-employed: Part-time (1),9,4,5
S01007727,Economically active: Self-employed: Full-time (1),32,19,13
S01007727,Economically active: Unemployed (1),94,83,11
S01007727,Economically inactive,369,313,56
S01007728,All people aged 16 and over,684,507,177
S01007728,Economically active: Total,437,339,98
S01007728,Economically active: Employee: Total,322,250,72
S01007728,Economically active: Employee: Part-time (1),100,80,20
S01007728,Economically active: Employee: Full-time (1),222,170,52
S01007728,Economically active: Self-employed: Total,27,19,8
S01007728,Economically active: Self-employed: Part-time (1),15,10,5
S01007728,Economically active: Self-employed: Full-time (1),12,9,3
S01007728,Economically active: Unemployed (1),88,70,18
S01007728,Economically inactive,247,168,79
S01007729,All people aged 16 and over,664,496,168
S01007729,Economically active: Total,470,352,118
S01007729,Economically active: Employee: Total,362,267,95
S01007729,Economically active: Employee: Part-time (1),109,77,32
S01007729,Economically active: Employee: Full-time (1),253,190,63
S01007729,Economically active: Self-employed: Total,29,18,11
S01007729,Economically active: Self-employed: Part-time (1),5,5,0
S01007729,Economically active: Self-employed: Full-time (1),24,13,11
S01007729,Economically active: Unemployed (1),79,67,12
S01007729,Economically inactive,194,144,50
S01007730,All people aged 16 and over,674,540,134
S01007730,Economically active: Total,494,387,107
S01007730,Economically active: Employee: Total,410,319,91
S01007730,Economically active: Employee: Part-time (1),101,82,19
S01007730,Economically active: Employee: Full-time (1),309,237,72
S01007730,Economically active: Self-employed: Total,33,28,5
S01007730,Economically active: Self-employed: Part-time (1),10,10,0
S01007730,Economically active: Self-employed: Full-time (1),23,18,5
S01007730,Economically active: Unemployed (1),51,40,11
S01007730,Economically inactive,180,153,27
S01007731,All people aged 16 and over,615,500,115
S01007731,Economically active: Total,472,377,95
S01007731,Economically active: Employee: Total,407,323,84
S01007731,Economically active: Employee: Part-time (1),119,92,27
S01007731,Economically active: Employee: Full-time (1),288,231,57
S01007731,Economically active: Self-employed: Total,26,18,8
S01007731,Economically active: Self-employed: Part-time (1),8,6,2
S01007731,Economically active: Self-employed: Full-time (1),18,12,6
S01007731,Economically active: Unemployed (1),39,36,3
S01007731,Economically inactive,143,123,20
S01007732,All people aged 16 and over,594,483,111
S01007732,Economically active: Total,400,317,83
S01007732,Economically active: Employee: Total,319,252,67
S01007732,Economically active: Employee: Part-time (1),88,67,21
S01007732,Economically active: Employee: Full-time (1),231,185,46
S01007732,Economically active: Self-employed: Total,21,14,7
S01007732,Economically active: Self-employed: Part-time (1),6,2,4
S01007732,Economically active: Self-employed: Full-time (1),15,12,3
S01007732,Economically active: Unemployed (1),60,51,9
S01007732,Economically inactive,194,166,28
S01007733,All people aged 16 and over,685,611,74
S01007733,Economically active: Total,479,435,44
S01007733,Economically active: Employee: Total,389,360,29
S01007733,Economically active: Employee: Part-time (1),104,95,9
S01007733,Economically active: Employee: Full-time (1),285,265,20
S01007733,Economically active: Self-employed: Total,59,45,14
S01007733,Economically active: Self-employed: Part-time (1),11,8,3
S01007733,Economically active: Self-employed: Full-time (1),48,37,11
S01007733,Economically active: Unemployed (1),31,30,1
S01007733,Economically inactive,206,176,30
S01007734,All people aged 16 and over,725,671,54
S01007734,Economically active: Total,440,407,33
S01007734,Economically active: Employee: Total,341,315,26
S01007734,Economically active: Employee: Part-time (1),89,84,5
S01007734,Economically active: Employee: Full-time (1),252,231,21
S01007734,Economically active: Self-employed: Total,70,64,6
S01007734,Economically active: Self-employed: Part-time (1),16,14,2
S01007734,Economically active: Self-employed: Full-time (1),54,50,4
S01007734,Economically active: Unemployed (1),29,28,1
S01007734,Economically inactive,285,264,21
S01007735,All people aged 16 and over,716,657,59
S01007735,Economically active: Total,452,418,34
S01007735,Economically active: Employee: Total,375,351,24
S01007735,Economically active: Employee: Part-time (1),123,113,10
S01007735,Economically active: Employee: Full-time (1),252,238,14
S01007735,Economically active: Self-employed: Total,49,42,7
S01007735,Economically active: Self-employed: Part-time (1),16,14,2
S01007735,Economically active: Self-employed: Full-time (1),33,28,5
S01007735,Economically active: Unemployed (1),28,25,3
S01007735,Economically inactive,264,239,25
S01007736,All people aged 16 and over,618,560,58
S01007736,Economically active: Total,413,377,36
S01007736,Economically active: Employee: Total,338,317,21
S01007736,Economically active: Employee: Part-time (1),113,105,8
S01007736,Economically active: Employee: Full-time (1),225,212,13
S01007736,Economically active: Self-employed: Total,59,44,15
S01007736,Economically active: Self-employed: Part-time (1),11,6,5
S01007736,Economically active: Self-employed: Full-time (1),48,38,10
S01007736,Economically active: Unemployed (1),16,16,0
S01007736,Economically inactive,205,183,22
S01007737,All people aged 16 and over,887,790,97
S01007737,Economically active: Total,525,468,57
S01007737,Economically active: Employee: Total,422,386,36
S01007737,Economically active: Employee: Part-time (1),132,114,18
S01007737,Economically active: Employee: Full-time (1),290,272,18
S01007737,Economically active: Self-employed: Total,56,44,12
S01007737,Economically active: Self-employed: Part-time (1),16,12,4
S01007737,Economically active: Self-employed: Full-time (1),40,32,8
S01007737,Economically active: Unemployed (1),47,38,9
S01007737,Economically inactive,362,322,40
S01007738,All people aged 16 and over,626,597,29
S01007738,Economically active: Total,343,324,19
S01007738,Economically active: Employee: Total,286,271,15
S01007738,Economically active: Employee: Part-time (1),83,81,2
S01007738,Economically active: Employee: Full-time (1),203,190,13
S01007738,Economically active: Self-employed: Total,22,19,3
S01007738,Economically active: Self-employed: Part-time (1),3,2,1
S01007738,Economically active: Self-employed: Full-time (1),19,17,2
S01007738,Economically active: Unemployed (1),35,34,1
S01007738,Economically inactive,283,273,10
S01007739,All people aged 16 and over,541,523,18
S01007739,Economically active: Total,237,228,9
S01007739,Economically active: Employee: Total,198,191,7
S01007739,Economically active: Employee: Part-time (1),52,48,4
S01007739,Economically active: Employee: Full-time (1),146,143,3
S01007739,Economically active: Self-employed: Total,18,17,1
S01007739,Economically active: Self-employed: Part-time (1),3,3,0
S01007739,Economically active: Self-employed: Full-time (1),15,14,1
S01007739,Economically active: Unemployed (1),21,20,1
S01007739,Economically inactive,304,295,9
S01007740,All people aged 16 and over,497,471,26
S01007740,Economically active: Total,270,250,20
S01007740,Economically active: Employee: Total,238,221,17
S01007740,Economically active: Employee: Part-time (1),62,57,5
S01007740,Economically active: Employee: Full-time (1),176,164,12
S01007740,Economically active: Self-employed: Total,20,18,2
S01007740,Economically active: Self-employed: Part-time (1),10,9,1
S01007740,Economically active: Self-employed: Full-time (1),10,9,1
S01007740,Economically active: Unemployed (1),12,11,1
S01007740,Economically inactive,227,221,6
S01007741,All people aged 16 and over,658,621,37
S01007741,Economically active: Total,308,282,26
S01007741,Economically active: Employee: Total,253,236,17
S01007741,Economically active: Employee: Part-time (1),84,74,10
S01007741,Economically active: Employee: Full-time (1),169,162,7
S01007741,Economically active: Self-employed: Total,21,17,4
S01007741,Economically active: Self-employed: Part-time (1),7,7,0
S01007741,Economically active: Self-employed: Full-time (1),14,10,4
S01007741,Economically active: Unemployed (1),34,29,5
S01007741,Economically inactive,350,339,11
S01007742,All people aged 16 and over,552,525,27
S01007742,Economically active: Total,292,274,18
S01007742,Economically active: Employee: Total,249,234,15
S01007742,Economically active: Employee: Part-time (1),79,74,5
S01007742,Economically active: Employee: Full-time (1),170,160,10
S01007742,Economically active: Self-employed: Total,24,21,3
S01007742,Economically active: Self-employed: Part-time (1),4,4,0
S01007742,Economically active: Self-employed: Full-time (1),20,17,3
S01007742,Economically active: Unemployed (1),19,19,0
S01007742,Economically inactive,260,251,9
S01007743,All people aged 16 and over,724,690,34
S01007743,Economically active: Total,463,437,26
S01007743,Economically active: Employee: Total,375,354,21
S01007743,Economically active: Employee: Part-time (1),116,109,7
S01007743,Economically active: Employee: Full-time (1),259,245,14
S01007743,Economically active: Self-employed: Total,32,30,2
S01007743,Economically active: Self-employed: Part-time (1),7,5,2
S01007743,Economically active: Self-employed: Full-time (1),25,25,0
S01007743,Economically active: Unemployed (1),56,53,3
S01007743,Economically inactive,261,253,8
S01007744,All people aged 16 and over,617,580,37
S01007744,Economically active: Total,318,294,24
S01007744,Economically active: Employee: Total,251,228,23
S01007744,Economically active: Employee: Part-time (1),79,71,8
S01007744,Economically active: Employee: Full-time (1),172,157,15
S01007744,Economically active: Self-employed: Total,14,13,1
S01007744,Economically active: Self-employed: Part-time (1),7,6,1
S01007744,Economically active: Self-employed: Full-time (1),7,7,0
S01007744,Economically active: Unemployed (1),53,53,0
S01007744,Economically inactive,299,286,13
S01007745,All people aged 16 and over,583,558,25
S01007745,Economically active: Total,349,329,20
S01007745,Economically active: Employee: Total,287,268,19
S01007745,Economically active: Employee: Part-time (1),95,89,6
S01007745,Economically active: Employee: Full-time (1),192,179,13
S01007745,Economically active: Self-employed: Total,25,25,0
S01007745,Economically active: Self-employed: Part-time (1),7,7,0
S01007745,Economically active: Self-employed: Full-time (1),18,18,0
S01007745,Economically active: Unemployed (1),37,36,1
S01007745,Economically inactive,234,229,5
S01007746,All people aged 16 and over,720,695,25
S01007746,Economically active: Total,467,449,18
S01007746,Economically active: Employee: Total,367,355,12
S01007746,Economically active: Employee: Part-time (1),134,128,6
S01007746,Economically active: Employee: Full-time (1),233,227,6
S01007746,Economically active: Self-employed: Total,28,28,0
S01007746,Economically active: Self-employed: Part-time (1),9,9,0
S01007746,Economically active: Self-employed: Full-time (1),19,19,0
S01007746,Economically active: Unemployed (1),72,66,6
S01007746,Economically inactive,253,246,7
S01007747,All people aged 16 and over,417,396,21
S01007747,Economically active: Total,254,238,16
S01007747,Economically active: Employee: Total,194,183,11
S01007747,Economically active: Employee: Part-time (1),64,58,6
S01007747,Economically active: Employee: Full-time (1),130,125,5
S01007747,Economically active: Self-employed: Total,15,13,2
S01007747,Economically active: Self-employed: Part-time (1),4,3,1
S01007747,Economically active: Self-employed: Full-time (1),11,10,1
S01007747,Economically active: Unemployed (1),45,42,3
S01007747,Economically inactive,163,158,5
S01007748,All people aged 16 and over,543,516,27
S01007748,Economically active: Total,318,303,15
S01007748,Economically active: Employee: Total,242,228,14
S01007748,Economically active: Employee: Part-time (1),95,89,6
S01007748,Economically active: Employee: Full-time (1),147,139,8
S01007748,Economically active: Self-employed: Total,17,17,0
S01007748,Economically active: Self-employed: Part-time (1),7,7,0
S01007748,Economically active: Self-employed: Full-time (1),10,10,0
S01007748,Economically active: Unemployed (1),59,58,1
S01007748,Economically inactive,225,213,12
S01007749,All people aged 16 and over,583,540,43
S01007749,Economically active: Total,355,330,25
S01007749,Economically active: Employee: Total,306,288,18
S01007749,Economically active: Employee: Part-time (1),111,103,8
S01007749,Economically active: Employee: Full-time (1),195,185,10
S01007749,Economically active: Self-employed: Total,31,27,4
S01007749,Economically active: Self-employed: Part-time (1),12,11,1
S01007749,Economically active: Self-employed: Full-time (1),19,16,3
S01007749,Economically active: Unemployed (1),18,15,3
S01007749,Economically inactive,228,210,18
S01007750,All people aged 16 and over,720,650,70
S01007750,Economically active: Total,365,317,48
S01007750,Economically active: Employee: Total,306,266,40
S01007750,Economically active: Employee: Part-time (1),84,74,10
S01007750,Economically active: Employee: Full-time (1),222,192,30
S01007750,Economically active: Self-employed: Total,46,39,7
S01007750,Economically active: Self-employed: Part-time (1),12,11,1
S01007750,Economically active: Self-employed: Full-time (1),34,28,6
S01007750,Economically active: Unemployed (1),13,12,1
S01007750,Economically inactive,355,333,22
S01007751,All people aged 16 and over,676,624,52
S01007751,Economically active: Total,294,263,31
S01007751,Economically active: Employee: Total,225,201,24
S01007751,Economically active: Employee: Part-time (1),62,57,5
S01007751,Economically active: Employee: Full-time (1),163,144,19
S01007751,Economically active: Self-employed: Total,58,52,6
S01007751,Economically active: Self-employed: Part-time (1),16,15,1
S01007751,Economically active: Self-employed: Full-time (1),42,37,5
S01007751,Economically active: Unemployed (1),11,10,1
S01007751,Economically inactive,382,361,21
S01007752,All people aged 16 and over,658,635,23
S01007752,Economically active: Total,282,266,16
S01007752,Economically active: Employee: Total,227,214,13
S01007752,Economically active: Employee: Part-time (1),73,72,1
S01007752,Economically active: Employee: Full-time (1),154,142,12
S01007752,Economically active: Self-employed: Total,42,39,3
S01007752,Economically active: Self-employed: Part-time (1),11,10,1
S01007752,Economically active: Self-employed: Full-time (1),31,29,2
S01007752,Economically active: Unemployed (1),13,13,0
S01007752,Economically inactive,376,369,7
S01007753,All people aged 16 and over,416,392,24
S01007753,Economically active: Total,251,235,16
S01007753,Economically active: Employee: Total,208,195,13
S01007753,Economically active: Employee: Part-time (1),69,64,5
S01007753,Economically active: Employee: Full-time (1),139,131,8
S01007753,Economically active: Self-employed: Total,16,13,3
S01007753,Economically active: Self-employed: Part-time (1),1,1,0
S01007753,Economically active: Self-employed: Full-time (1),15,12,3
S01007753,Economically active: Unemployed (1),27,27,0
S01007753,Economically inactive,165,157,8
S01007754,All people aged 16 and over,690,664,26
S01007754,Economically active: Total,376,357,19
S01007754,Economically active: Employee: Total,287,274,13
S01007754,Economically active: Employee: Part-time (1),109,106,3
S01007754,Economically active: Employee: Full-time (1),178,168,10
S01007754,Economically active: Self-employed: Total,20,15,5
S01007754,Economically active: Self-employed: Part-time (1),4,3,1
S01007754,Economically active: Self-employed: Full-time (1),16,12,4
S01007754,Economically active: Unemployed (1),69,68,1
S01007754,Economically inactive,314,307,7
S01007755,All people aged 16 and over,676,657,19
S01007755,Economically active: Total,345,335,10
S01007755,Economically active: Employee: Total,270,261,9
S01007755,Economically active: Employee: Part-time (1),91,87,4
S01007755,Economically active: Employee: Full-time (1),179,174,5
S01007755,Economically active: Self-employed: Total,16,15,1
S01007755,Economically active: Self-employed: Part-time (1),5,5,0
S01007755,Economically active: Self-employed: Full-time (1),11,10,1
S01007755,Economically active: Unemployed (1),59,59,0
S01007755,Economically inactive,331,322,9
S01007756,All people aged 16 and over,481,464,17
S01007756,Economically active: Total,261,247,14
S01007756,Economically active: Employee: Total,210,197,13
S01007756,Economically active: Employee: Part-time (1),85,82,3
S01007756,Economically active: Employee: Full-time (1),125,115,10
S01007756,Economically active: Self-employed: Total,18,18,0
S01007756,Economically active: Self-employed: Part-time (1),12,12,0
S01007756,Economically active: Self-employed: Full-time (1),6,6,0
S01007756,Economically active: Unemployed (1),33,32,1
S01007756,Economically inactive,220,217,3
S01007757,All people aged 16 and over,718,667,51
S01007757,Economically active: Total,361,333,28
S01007757,Economically active: Employee: Total,300,283,17
S01007757,Economically active: Employee: Part-time (1),81,73,8
S01007757,Economically active: Employee: Full-time (1),219,210,9
S01007757,Economically active: Self-employed: Total,48,38,10
S01007757,Economically active: Self-employed: Part-time (1),16,10,6
S01007757,Economically active: Self-employed: Full-time (1),32,28,4
S01007757,Economically active: Unemployed (1),13,12,1
S01007757,Economically inactive,357,334,23
S01007758,All people aged 16 and over,791,740,51
S01007758,Economically active: Total,372,342,30
S01007758,Economically active: Employee: Total,296,271,25
S01007758,Economically active: Employee: Part-time (1),78,69,9
S01007758,Economically active: Employee: Full-time (1),218,202,16
S01007758,Economically active: Self-employed: Total,64,59,5
S01007758,Economically active: Self-employed: Part-time (1),21,19,2
S01007758,Economically active: Self-employed: Full-time (1),43,40,3
S01007758,Economically active: Unemployed (1),12,12,0
S01007758,Economically inactive,419,398,21
S01007759,All people aged 16 and over,869,820,49
S01007759,Economically active: Total,494,464,30
S01007759,Economically active: Employee: Total,406,383,23
S01007759,Economically active: Employee: Part-time (1),106,100,6
S01007759,Economically active: Employee: Full-time (1),300,283,17
S01007759,Economically active: Self-employed: Total,48,47,1
S01007759,Economically active: Self-employed: Part-time (1),16,16,0
S01007759,Economically active: Self-employed: Full-time (1),32,31,1
S01007759,Economically active: Unemployed (1),40,34,6
S01007759,Economically inactive,375,356,19
S01007760,All people aged 16 and over,518,495,23
S01007760,Economically active: Total,258,243,15
S01007760,Economically active: Employee: Total,205,193,12
S01007760,Economically active: Employee: Part-time (1),55,53,2
S01007760,Economically active: Employee: Full-time (1),150,140,10
S01007760,Economically active: Self-employed: Total,48,45,3
S01007760,Economically active: Self-employed: Part-time (1),12,11,1
S01007760,Economically active: Self-employed: Full-time (1),36,34,2
S01007760,Economically active: Unemployed (1),5,5,0
S01007760,Economically inactive,260,252,8
S01007761,All people aged 16 and over,727,662,65
S01007761,Economically active: Total,464,416,48
S01007761,Economically active: Employee: Total,370,333,37
S01007761,Economically active: Employee: Part-time (1),102,90,12
S01007761,Economically active: Employee: Full-time (1),268,243,25
S01007761,Economically active: Self-employed: Total,76,69,7
S01007761,Economically active: Self-employed: Part-time (1),19,18,1
S01007761,Economically active: Self-employed: Full-time (1),57,51,6
S01007761,Economically active: Unemployed (1),18,14,4
S01007761,Economically inactive,263,246,17
S01007762,All people aged 16 and over,729,686,43
S01007762,Economically active: Total,398,365,33
S01007762,Economically active: Employee: Total,336,309,27
S01007762,Economically active: Employee: Part-time (1),76,70,6
S01007762,Economically active: Employee: Full-time (1),260,239,21
S01007762,Economically active: Self-employed: Total,36,34,2
S01007762,Economically active: Self-employed: Part-time (1),10,9,1
S01007762,Economically active: Self-employed: Full-time (1),26,25,1
S01007762,Economically active: Unemployed (1),26,22,4
S01007762,Economically inactive,331,321,10
S01007763,All people aged 16 and over,483,463,20
S01007763,Economically active: Total,193,178,15
S01007763,Economically active: Employee: Total,158,146,12
S01007763,Economically active: Employee: Part-time (1),41,37,4
S01007763,Economically active: Employee: Full-time (1),117,109,8
S01007763,Economically active: Self-employed: Total,21,18,3
S01007763,Economically active: Self-employed: Part-time (1),10,9,1
S01007763,Economically active: Self-employed: Full-time (1),11,9,2
S01007763,Economically active: Unemployed (1),14,14,0
S01007763,Economically inactive,290,285,5
S01007764,All people aged 16 and over,634,607,27
S01007764,Economically active: Total,431,411,20
S01007764,Economically active: Employee: Total,363,350,13
S01007764,Economically active: Employee: Part-time (1),109,108,1
S01007764,Economically active: Employee: Full-time (1),254,242,12
S01007764,Economically active: Self-employed: Total,53,47,6
S01007764,Economically active: Self-employed: Part-time (1),17,15,2
S01007764,Economically active: Self-employed: Full-time (1),36,32,4
S01007764,Economically active: Unemployed (1),15,14,1
S01007764,Economically inactive,203,196,7
S01007765,All people aged 16 and over,568,549,19
S01007765,Economically active: Total,308,301,7
S01007765,Economically active: Employee: Total,271,264,7
S01007765,Economically active: Employee: Part-time (1),78,76,2
S01007765,Economically active: Employee: Full-time (1),193,188,5
S01007765,Economically active: Self-employed: Total,24,24,0
S01007765,Economically active: Self-employed: Part-time (1),8,8,0
S01007765,Economically active: Self-employed: Full-time (1),16,16,0
S01007765,Economically active: Unemployed (1),13,13,0
S01007765,Economically inactive,260,248,12
S01007766,All people aged 16 and over,777,742,35
S01007766,Economically active: Total,436,414,22
S01007766,Economically active: Employee: Total,379,362,17
S01007766,Economically active: Employee: Part-time (1),117,111,6
S01007766,Economically active: Employee: Full-time (1),262,251,11
S01007766,Economically active: Self-employed: Total,36,31,5
S01007766,Economically active: Self-employed: Part-time (1),15,12,3
S01007766,Economically active: Self-employed: Full-time (1),21,19,2
S01007766,Economically active: Unemployed (1),21,21,0
S01007766,Economically inactive,341,328,13
S01007767,All people aged 16 and over,762,730,32
S01007767,Economically active: Total,446,431,15
S01007767,Economically active: Employee: Total,379,368,11
S01007767,Economically active: Employee: Part-time (1),119,117,2
S01007767,Economically active: Employee: Full-time (1),260,251,9
S01007767,Economically active: Self-employed: Total,56,53,3
S01007767,Economically active: Self-employed: Part-time (1),17,15,2
S01007767,Economically active: Self-employed: Full-time (1),39,38,1
S01007767,Economically active: Unemployed (1),11,10,1
S01007767,Economically inactive,316,299,17
S01007768,All people aged 16 and over,572,541,31
S01007768,Economically active: Total,313,294,19
S01007768,Economically active: Employee: Total,258,244,14
S01007768,Economically active: Employee: Part-time (1),63,59,4
S01007768,Economically active: Employee: Full-time (1),195,185,10
S01007768,Economically active: Self-employed: Total,36,32,4
S01007768,Economically active: Self-employed: Part-time (1),10,8,2
S01007768,Economically active: Self-employed: Full-time (1),26,24,2
S01007768,Economically active: Unemployed (1),19,18,1
S01007768,Economically inactive,259,247,12
S01007769,All people aged 16 and over,641,609,32
S01007769,Economically active: Total,335,314,21
S01007769,Economically active: Employee: Total,266,253,13
S01007769,Economically active: Employee: Part-time (1),80,76,4
S01007769,Economically active: Employee: Full-time (1),186,177,9
S01007769,Economically active: Self-employed: Total,53,46,7
S01007769,Economically active: Self-employed: Part-time (1),16,14,2
S01007769,Economically active: Self-employed: Full-time (1),37,32,5
S01007769,Economically active: Unemployed (1),16,15,1
S01007769,Economically inactive,306,295,11
S01007770,All people aged 16 and over,613,584,29
S01007770,Economically active: Total,362,341,21
S01007770,Economically active: Employee: Total,286,272,14
S01007770,Economically active: Employee: Part-time (1),87,85,2
S01007770,Economically active: Employee: Full-time (1),199,187,12
S01007770,Economically active: Self-employed: Total,58,52,6
S01007770,Economically active: Self-employed: Part-time (1),17,16,1
S01007770,Economically active: Self-employed: Full-time (1),41,36,5
S01007770,Economically active: Unemployed (1),18,17,1
S01007770,Economically inactive,251,243,8
S01007771,All people aged 16 and over,450,432,18
S01007771,Economically active: Total,220,209,11
S01007771,Economically active: Employee: Total,183,175,8
S01007771,Economically active: Employee: Part-time (1),61,61,0
S01007771,Economically active: Employee: Full-time (1),122,114,8
S01007771,Economically active: Self-employed: Total,26,25,1
S01007771,Economically active: Self-employed: Part-time (1),8,8,0
S01007771,Economically active: Self-employed: Full-time (1),18,17,1
S01007771,Economically active: Unemployed (1),11,9,2
S01007771,Economically inactive,230,223,7
S01007772,All people aged 16 and over,846,815,31
S01007772,Economically active: Total,457,441,16
S01007772,Economically active: Employee: Total,377,365,12
S01007772,Economically active: Employee: Part-time (1),109,105,4
S01007772,Economically active: Employee: Full-time (1),268,260,8
S01007772,Economically active: Self-employed: Total,37,34,3
S01007772,Economically active: Self-employed: Part-time (1),13,11,2
S01007772,Economically active: Self-employed: Full-time (1),24,23,1
S01007772,Economically active: Unemployed (1),43,42,1
S01007772,Economically inactive,389,374,15
S01007773,All people aged 16 and over,642,617,25
S01007773,Economically active: Total,399,384,15
S01007773,Economically active: Employee: Total,344,334,10
S01007773,Economically active: Employee: Part-time (1),98,97,1
S01007773,Economically active: Employee: Full-time (1),246,237,9
S01007773,Economically active: Self-employed: Total,40,37,3
S01007773,Economically active: Self-employed: Part-time (1),11,10,1
S01007773,Economically active: Self-employed: Full-time (1),29,27,2
S01007773,Economically active: Unemployed (1),15,13,2
S01007773,Economically inactive,243,233,10
S01007774,All people aged 16 and over,681,646,35
S01007774,Economically active: Total,578,551,27
S01007774,Economically active: Employee: Total,511,489,22
S01007774,Economically active: Employee: Part-time (1),119,113,6
S01007774,Economically active: Employee: Full-time (1),392,376,16
S01007774,Economically active: Self-employed: Total,51,47,4
S01007774,Economically active: Self-employed: Part-time (1),12,10,2
S01007774,Economically active: Self-employed: Full-time (1),39,37,2
S01007774,Economically active: Unemployed (1),16,15,1
S01007774,Economically inactive,103,95,8
S01007775,All people aged 16 and over,755,707,48
S01007775,Economically active: Total,484,456,28
S01007775,Economically active: Employee: Total,417,390,27
S01007775,Economically active: Employee: Part-time (1),111,102,9
S01007775,Economically active: Employee: Full-time (1),306,288,18
S01007775,Economically active: Self-employed: Total,42,41,1
S01007775,Economically active: Self-employed: Part-time (1),12,11,1
S01007775,Economically active: Self-employed: Full-time (1),30,30,0
S01007775,Economically active: Unemployed (1),25,25,0
S01007775,Economically inactive,271,251,20
S01007776,All people aged 16 and over,561,527,34
S01007776,Economically active: Total,412,390,22
S01007776,Economically active: Employee: Total,350,334,16
S01007776,Economically active: Employee: Part-time (1),102,98,4
S01007776,Economically active: Employee: Full-time (1),248,236,12
S01007776,Economically active: Self-employed: Total,42,37,5
S01007776,Economically active: Self-employed: Part-time (1),9,7,2
S01007776,Economically active: Self-employed: Full-time (1),33,30,3
S01007776,Economically active: Unemployed (1),20,19,1
S01007776,Economically inactive,149,137,12
S01007777,All people aged 16 and over,671,624,47
S01007777,Economically active: Total,571,533,38
S01007777,Economically active: Employee: Total,494,463,31
S01007777,Economically active: Employee: Part-time (1),142,131,11
S01007777,Economically active: Employee: Full-time (1),352,332,20
S01007777,Economically active: Self-employed: Total,60,53,7
S01007777,Economically active: Self-employed: Part-time (1),18,16,2
S01007777,Economically active: Self-employed: Full-time (1),42,37,5
S01007777,Economically active: Unemployed (1),17,17,0
S01007777,Economically inactive,100,91,9
S01007778,All people aged 16 and over,372,351,21
S01007778,Economically active: Total,269,254,15
S01007778,Economically active: Employee: Total,218,205,13
S01007778,Economically active: Employee: Part-time (1),52,51,1
S01007778,Economically active: Employee: Full-time (1),166,154,12
S01007778,Economically active: Self-employed: Total,44,43,1
S01007778,Economically active: Self-employed: Part-time (1),7,7,0
S01007778,Economically active: Self-employed: Full-time (1),37,36,1
S01007778,Economically active: Unemployed (1),7,6,1
S01007778,Economically inactive,103,97,6
S01007779,All people aged 16 and over,608,596,12
S01007779,Economically active: Total,428,418,10
S01007779,Economically active: Employee: Total,371,364,7
S01007779,Economically active: Employee: Part-time (1),91,91,0
S01007779,Economically active: Employee: Full-time (1),280,273,7
S01007779,Economically active: Self-employed: Total,33,32,1
S01007779,Economically active: Self-employed: Part-time (1),10,10,0
S01007779,Economically active: Self-employed: Full-time (1),23,22,1
S01007779,Economically active: Unemployed (1),24,22,2
S01007779,Economically inactive,180,178,2
S01007780,All people aged 16 and over,649,627,22
S01007780,Economically active: Total,501,484,17
S01007780,Economically active: Employee: Total,430,415,15
S01007780,Economically active: Employee: Part-time (1),83,82,1
S01007780,Economically active: Employee: Full-time (1),347,333,14
S01007780,Economically active: Self-employed: Total,43,41,2
S01007780,Economically active: Self-employed: Part-time (1),12,12,0
S01007780,Economically active: Self-employed: Full-time (1),31,29,2
S01007780,Economically active: Unemployed (1),28,28,0
S01007780,Economically inactive,148,143,5
S01007781,All people aged 16 and over,736,713,23
S01007781,Economically active: Total,580,561,19
S01007781,Economically active: Employee: Total,499,481,18
S01007781,Economically active: Employee: Part-time (1),124,120,4
S01007781,Economically active: Employee: Full-time (1),375,361,14
S01007781,Economically active: Self-employed: Total,37,36,1
S01007781,Economically active: Self-employed: Part-time (1),5,5,0
S01007781,Economically active: Self-employed: Full-time (1),32,31,1
S01007781,Economically active: Unemployed (1),44,44,0
S01007781,Economically inactive,156,152,4
S01007782,All people aged 16 and over,375,334,41
S01007782,Economically active: Total,243,215,28
S01007782,Economically active: Employee: Total,171,150,21
S01007782,Economically active: Employee: Part-time (1),53,48,5
S01007782,Economically active: Employee: Full-time (1),118,102,16
S01007782,Economically active: Self-employed: Total,19,14,5
S01007782,Economically active: Self-employed: Part-time (1),2,1,1
S01007782,Economically active: Self-employed: Full-time (1),17,13,4
S01007782,Economically active: Unemployed (1),53,51,2
S01007782,Economically inactive,132,119,13
S01007783,All people aged 16 and over,637,619,18
S01007783,Economically active: Total,288,277,11
S01007783,Economically active: Employee: Total,211,204,7
S01007783,Economically active: Employee: Part-time (1),81,80,1
S01007783,Economically active: Employee: Full-time (1),130,124,6
S01007783,Economically active: Self-employed: Total,11,8,3
S01007783,Economically active: Self-employed: Part-time (1),6,4,2
S01007783,Economically active: Self-employed: Full-time (1),5,4,1
S01007783,Economically active: Unemployed (1),66,65,1
S01007783,Economically inactive,349,342,7
S01007784,All people aged 16 and over,531,502,29
S01007784,Economically active: Total,419,393,26
S01007784,Economically active: Employee: Total,343,320,23
S01007784,Economically active: Employee: Part-time (1),94,89,5
S01007784,Economically active: Employee: Full-time (1),249,231,18
S01007784,Economically active: Self-employed: Total,29,26,3
S01007784,Economically active: Self-employed: Part-time (1),11,10,1
S01007784,Economically active: Self-employed: Full-time (1),18,16,2
S01007784,Economically active: Unemployed (1),47,47,0
S01007784,Economically inactive,112,109,3
S01007785,All people aged 16 and over,438,428,10
S01007785,Economically active: Total,252,244,8
S01007785,Economically active: Employee: Total,187,180,7
S01007785,Economically active: Employee: Part-time (1),70,66,4
S01007785,Economically active: Employee: Full-time (1),117,114,3
S01007785,Economically active: Self-employed: Total,10,10,0
S01007785,Economically active: Self-employed: Part-time (1),6,6,0
S01007785,Economically active: Self-employed: Full-time (1),4,4,0
S01007785,Economically active: Unemployed (1),55,54,1
S01007785,Economically inactive,186,184,2
S01007786,All people aged 16 and over,612,601,11
S01007786,Economically active: Total,353,346,7
S01007786,Economically active: Employee: Total,293,286,7
S01007786,Economically active: Employee: Part-time (1),115,110,5
S01007786,Economically active: Employee: Full-time (1),178,176,2
S01007786,Economically active: Self-employed: Total,24,24,0
S01007786,Economically active: Self-employed: Part-time (1),12,12,0
S01007786,Economically active: Self-employed: Full-time (1),12,12,0
S01007786,Economically active: Unemployed (1),36,36,0
S01007786,Economically inactive,259,255,4
S01007787,All people aged 16 and over,522,508,14
S01007787,Economically active: Total,317,308,9
S01007787,Economically active: Employee: Total,251,245,6
S01007787,Economically active: Employee: Part-time (1),96,93,3
S01007787,Economically active: Employee: Full-time (1),155,152,3
S01007787,Economically active: Self-employed: Total,26,24,2
S01007787,Economically active: Self-employed: Part-time (1),8,7,1
S01007787,Economically active: Self-employed: Full-time (1),18,17,1
S01007787,Economically active: Unemployed (1),40,39,1
S01007787,Economically inactive,205,200,5
S01007788,All people aged 16 and over,466,445,21
S01007788,Economically active: Total,280,261,19
S01007788,Economically active: Employee: Total,181,164,17
S01007788,Economically active: Employee: Part-time (1),79,73,6
S01007788,Economically active: Employee: Full-time (1),102,91,11
S01007788,Economically active: Self-employed: Total,17,17,0
S01007788,Economically active: Self-employed: Part-time (1),10,10,0
S01007788,Economically active: Self-employed: Full-time (1),7,7,0
S01007788,Economically active: Unemployed (1),82,80,2
S01007788,Economically inactive,186,184,2
S01007789,All people aged 16 and over,459,447,12
S01007789,Economically active: Total,288,280,8
S01007789,Economically active: Employee: Total,221,215,6
S01007789,Economically active: Employee: Part-time (1),96,95,1
S01007789,Economically active: Employee: Full-time (1),125,120,5
S01007789,Economically active: Self-employed: Total,18,18,0
S01007789,Economically active: Self-employed: Part-time (1),2,2,0
S01007789,Economically active: Self-employed: Full-time (1),16,16,0
S01007789,Economically active: Unemployed (1),49,47,2
S01007789,Economically inactive,171,167,4
S01007790,All people aged 16 and over,560,539,21
S01007790,Economically active: Total,362,346,16
S01007790,Economically active: Employee: Total,280,268,12
S01007790,Economically active: Employee: Part-time (1),110,106,4
S01007790,Economically active: Employee: Full-time (1),170,162,8
S01007790,Economically active: Self-employed: Total,12,11,1
S01007790,Economically active: Self-employed: Part-time (1),5,4,1
S01007790,Economically active: Self-employed: Full-time (1),7,7,0
S01007790,Economically active: Unemployed (1),70,67,3
S01007790,Economically inactive,198,193,5
S01007791,All people aged 16 and over,400,390,10
S01007791,Economically active: Total,300,293,7
S01007791,Economically active: Employee: Total,254,247,7
S01007791,Economically active: Employee: Part-time (1),62,57,5
S01007791,Economically active: Employee: Full-time (1),192,190,2
S01007791,Economically active: Self-employed: Total,35,35,0
S01007791,Economically active: Self-employed: Part-time (1),8,8,0
S01007791,Economically active: Self-employed: Full-time (1),27,27,0
S01007791,Economically active: Unemployed (1),11,11,0
S01007791,Economically inactive,100,97,3
S01007792,All people aged 16 and over,709,692,17
S01007792,Economically active: Total,424,410,14
S01007792,Economically active: Employee: Total,346,333,13
S01007792,Economically active: Employee: Part-time (1),108,105,3
S01007792,Economically active: Employee: Full-time (1),238,228,10
S01007792,Economically active: Self-employed: Total,21,21,0
S01007792,Economically active: Self-employed: Part-time (1),7,7,0
S01007792,Economically active: Self-employed: Full-time (1),14,14,0
S01007792,Economically active: Unemployed (1),57,56,1
S01007792,Economically inactive,285,282,3
S01007793,All people aged 16 and over,724,673,51
S01007793,Economically active: Total,369,334,35
S01007793,Economically active: Employee: Total,285,258,27
S01007793,Economically active: Employee: Part-time (1),113,101,12
S01007793,Economically active: Employee: Full-time (1),172,157,15
S01007793,Economically active: Self-employed: Total,24,20,4
S01007793,Economically active: Self-employed: Part-time (1),8,6,2
S01007793,Economically active: Self-employed: Full-time (1),16,14,2
S01007793,Economically active: Unemployed (1),60,56,4
S01007793,Economically inactive,355,339,16
S01007794,All people aged 16 and over,448,437,11
S01007794,Economically active: Total,275,267,8
S01007794,Economically active: Employee: Total,221,214,7
S01007794,Economically active: Employee: Part-time (1),81,80,1
S01007794,Economically active: Employee: Full-time (1),140,134,6
S01007794,Economically active: Self-employed: Total,16,15,1
S01007794,Economically active: Self-employed: Part-time (1),4,4,0
S01007794,Economically active: Self-employed: Full-time (1),12,11,1
S01007794,Economically active: Unemployed (1),38,38,0
S01007794,Economically inactive,173,170,3
S01007795,All people aged 16 and over,458,442,16
S01007795,Economically active: Total,303,289,14
S01007795,Economically active: Employee: Total,256,242,14
S01007795,Economically active: Employee: Part-time (1),100,97,3
S01007795,Economically active: Employee: Full-time (1),156,145,11
S01007795,Economically active: Self-employed: Total,14,14,0
S01007795,Economically active: Self-employed: Part-time (1),3,3,0
S01007795,Economically active: Self-employed: Full-time (1),11,11,0
S01007795,Economically active: Unemployed (1),33,33,0
S01007795,Economically inactive,155,153,2
S01007796,All people aged 16 and over,528,496,32
S01007796,Economically active: Total,341,325,16
S01007796,Economically active: Employee: Total,281,268,13
S01007796,Economically active: Employee: Part-time (1),111,106,5
S01007796,Economically active: Employee: Full-time (1),170,162,8
S01007796,Economically active: Self-employed: Total,17,15,2
S01007796,Economically active: Self-employed: Part-time (1),5,5,0
S01007796,Economically active: Self-employed: Full-time (1),12,10,2
S01007796,Economically active: Unemployed (1),43,42,1
S01007796,Economically inactive,187,171,16
S01007797,All people aged 16 and over,406,383,23
S01007797,Economically active: Total,225,208,17
S01007797,Economically active: Employee: Total,177,163,14
S01007797,Economically active: Employee: Part-time (1),84,77,7
S01007797,Economically active: Employee: Full-time (1),93,86,7
S01007797,Economically active: Self-employed: Total,11,10,1
S01007797,Economically active: Self-employed: Part-time (1),4,3,1
S01007797,Economically active: Self-employed: Full-time (1),7,7,0
S01007797,Economically active: Unemployed (1),37,35,2
S01007797,Economically inactive,181,175,6
S01007798,All people aged 16 and over,494,460,34
S01007798,Economically active: Total,399,374,25
S01007798,Economically active: Employee: Total,332,319,13
S01007798,Economically active: Employee: Part-time (1),103,94,9
S01007798,Economically active: Employee: Full-time (1),229,225,4
S01007798,Economically active: Self-employed: Total,48,38,10
S01007798,Economically active: Self-employed: Part-time (1),11,7,4
S01007798,Economically active: Self-employed: Full-time (1),37,31,6
S01007798,Economically active: Unemployed (1),19,17,2
S01007798,Economically inactive,95,86,9
S01007799,All people aged 16 and over,430,389,41
S01007799,Economically active: Total,365,336,29
S01007799,Economically active: Employee: Total,306,283,23
S01007799,Economically active: Employee: Part-time (1),89,80,9
S01007799,Economically active: Employee: Full-time (1),217,203,14
S01007799,Economically active: Self-employed: Total,36,34,2
S01007799,Economically active: Self-employed: Part-time (1),4,4,0
S01007799,Economically active: Self-employed: Full-time (1),32,30,2
S01007799,Economically active: Unemployed (1),23,19,4
S01007799,Economically inactive,65,53,12
S01007800,All people aged 16 and over,720,698,22
S01007800,Economically active: Total,404,388,16
S01007800,Economically active: Employee: Total,302,291,11
S01007800,Economically active: Employee: Part-time (1),121,116,5
S01007800,Economically active: Employee: Full-time (1),181,175,6
S01007800,Economically active: Self-employed: Total,26,22,4
S01007800,Economically active: Self-employed: Part-time (1),10,8,2
S01007800,Economically active: Self-employed: Full-time (1),16,14,2
S01007800,Economically active: Unemployed (1),76,75,1
S01007800,Economically inactive,316,310,6
S01007801,All people aged 16 and over,799,757,42
S01007801,Economically active: Total,398,384,14
S01007801,Economically active: Employee: Total,266,255,11
S01007801,Economically active: Employee: Part-time (1),113,110,3
S01007801,Economically active: Employee: Full-time (1),153,145,8
S01007801,Economically active: Self-employed: Total,16,16,0
S01007801,Economically active: Self-employed: Part-time (1),6,6,0
S01007801,Economically active: Self-employed: Full-time (1),10,10,0
S01007801,Economically active: Unemployed (1),116,113,3
S01007801,Economically inactive,401,373,28
S01007802,All people aged 16 and over,403,361,42
S01007802,Economically active: Total,348,314,34
S01007802,Economically active: Employee: Total,308,280,28
S01007802,Economically active: Employee: Part-time (1),80,68,12
S01007802,Economically active: Employee: Full-time (1),228,212,16
S01007802,Economically active: Self-employed: Total,27,24,3
S01007802,Economically active: Self-employed: Part-time (1),7,7,0
S01007802,Economically active: Self-employed: Full-time (1),20,17,3
S01007802,Economically active: Unemployed (1),13,10,3
S01007802,Economically inactive,55,47,8
S01007803,All people aged 16 and over,808,780,28
S01007803,Economically active: Total,408,390,18
S01007803,Economically active: Employee: Total,308,298,10
S01007803,Economically active: Employee: Part-time (1),118,115,3
S01007803,Economically active: Employee: Full-time (1),190,183,7
S01007803,Economically active: Self-employed: Total,17,15,2
S01007803,Economically active: Self-employed: Part-time (1),6,5,1
S01007803,Economically active: Self-employed: Full-time (1),11,10,1
S01007803,Economically active: Unemployed (1),83,77,6
S01007803,Economically inactive,400,390,10
S01007804,All people aged 16 and over,452,435,17
S01007804,Economically active: Total,246,237,9
S01007804,Economically active: Employee: Total,195,189,6
S01007804,Economically active: Employee: Part-time (1),76,75,1
S01007804,Economically active: Employee: Full-time (1),119,114,5
S01007804,Economically active: Self-employed: Total,13,13,0
S01007804,Economically active: Self-employed: Part-time (1),4,4,0
S01007804,Economically active: Self-employed: Full-time (1),9,9,0
S01007804,Economically active: Unemployed (1),38,35,3
S01007804,Economically inactive,206,198,8
S01007805,All people aged 16 and over,366,357,9
S01007805,Economically active: Total,244,235,9
S01007805,Economically active: Employee: Total,190,183,7
S01007805,Economically active: Employee: Part-time (1),71,70,1
S01007805,Economically active: Employee: Full-time (1),119,113,6
S01007805,Economically active: Self-employed: Total,11,11,0
S01007805,Economically active: Self-employed: Part-time (1),2,2,0
S01007805,Economically active: Self-employed: Full-time (1),9,9,0
S01007805,Economically active: Unemployed (1),43,41,2
S01007805,Economically inactive,122,122,0
S01007806,All people aged 16 and over,520,498,22
S01007806,Economically active: Total,311,293,18
S01007806,Economically active: Employee: Total,264,250,14
S01007806,Economically active: Employee: Part-time (1),84,79,5
S01007806,Economically active: Employee: Full-time (1),180,171,9
S01007806,Economically active: Self-employed: Total,17,13,4
S01007806,Economically active: Self-employed: Part-time (1),2,2,0
S01007806,Economically active: Self-employed: Full-time (1),15,11,4
S01007806,Economically active: Unemployed (1),30,30,0
S01007806,Economically inactive,209,205,4
S01007807,All people aged 16 and over,548,533,15
S01007807,Economically active: Total,392,382,10
S01007807,Economically active: Employee: Total,337,330,7
S01007807,Economically active: Employee: Part-time (1),83,81,2
S01007807,Economically active: Employee: Full-time (1),254,249,5
S01007807,Economically active: Self-employed: Total,32,31,1
S01007807,Economically active: Self-employed: Part-time (1),5,5,0
S01007807,Economically active: Self-employed: Full-time (1),27,26,1
S01007807,Economically active: Unemployed (1),23,21,2
S01007807,Economically inactive,156,151,5
S01007808,All people aged 16 and over,635,608,27
S01007808,Economically active: Total,432,409,23
S01007808,Economically active: Employee: Total,347,329,18
S01007808,Economically active: Employee: Part-time (1),108,102,6
S01007808,Economically active: Employee: Full-time (1),239,227,12
S01007808,Economically active: Self-employed: Total,32,28,4
S01007808,Economically active: Self-employed: Part-time (1),14,13,1
S01007808,Economically active: Self-employed: Full-time (1),18,15,3
S01007808,Economically active: Unemployed (1),53,52,1
S01007808,Economically inactive,203,199,4
S01007809,All people aged 16 and over,790,760,30
S01007809,Economically active: Total,489,469,20
S01007809,Economically active: Employee: Total,426,412,14
S01007809,Economically active: Employee: Part-time (1),120,113,7
S01007809,Economically active: Employee: Full-time (1),306,299,7
S01007809,Economically active: Self-employed: Total,45,41,4
S01007809,Economically active: Self-employed: Part-time (1),12,11,1
S01007809,Economically active: Self-employed: Full-time (1),33,30,3
S01007809,Economically active: Unemployed (1),18,16,2
S01007809,Economically inactive,301,291,10
S01007810,All people aged 16 and over,690,673,17
S01007810,Economically active: Total,359,345,14
S01007810,Economically active: Employee: Total,283,271,12
S01007810,Economically active: Employee: Part-time (1),95,90,5
S01007810,Economically active: Employee: Full-time (1),188,181,7
S01007810,Economically active: Self-employed: Total,19,18,1
S01007810,Economically active: Self-employed: Part-time (1),7,7,0
S01007810,Economically active: Self-employed: Full-time (1),12,11,1
S01007810,Economically active: Unemployed (1),57,56,1
S01007810,Economically inactive,331,328,3
S01007811,All people aged 16 and over,638,614,24
S01007811,Economically active: Total,417,399,18
S01007811,Economically active: Employee: Total,347,335,12
S01007811,Economically active: Employee: Part-time (1),118,115,3
S01007811,Economically active: Employee: Full-time (1),229,220,9
S01007811,Economically active: Self-employed: Total,15,11,4
S01007811,Economically active: Self-employed: Part-time (1),6,5,1
S01007811,Economically active: Self-employed: Full-time (1),9,6,3
S01007811,Economically active: Unemployed (1),55,53,2
S01007811,Economically inactive,221,215,6
S01007812,All people aged 16 and over,589,548,41
S01007812,Economically active: Total,371,340,31
S01007812,Economically active: Employee: Total,269,242,27
S01007812,Economically active: Employee: Part-time (1),113,106,7
S01007812,Economically active: Employee: Full-time (1),156,136,20
S01007812,Economically active: Self-employed: Total,22,19,3
S01007812,Economically active: Self-employed: Part-time (1),1,1,0
S01007812,Economically active: Self-employed: Full-time (1),21,18,3
S01007812,Economically active: Unemployed (1),80,79,1
S01007812,Economically inactive,218,208,10
S01007813,All people aged 16 and over,580,545,35
S01007813,Economically active: Total,347,317,30
S01007813,Economically active: Employee: Total,272,247,25
S01007813,Economically active: Employee: Part-time (1),99,92,7
S01007813,Economically active: Employee: Full-time (1),173,155,18
S01007813,Economically active: Self-employed: Total,13,11,2
S01007813,Economically active: Self-employed: Part-time (1),3,3,0
S01007813,Economically active: Self-employed: Full-time (1),10,8,2
S01007813,Economically active: Unemployed (1),62,59,3
S01007813,Economically inactive,233,228,5
S01007814,All people aged 16 and over,468,452,16
S01007814,Economically active: Total,279,268,11
S01007814,Economically active: Employee: Total,237,230,7
S01007814,Economically active: Employee: Part-time (1),81,81,0
S01007814,Economically active: Employee: Full-time (1),156,149,7
S01007814,Economically active: Self-employed: Total,21,19,2
S01007814,Economically active: Self-employed: Part-time (1),4,3,1
S01007814,Economically active: Self-employed: Full-time (1),17,16,1
S01007814,Economically active: Unemployed (1),21,19,2
S01007814,Economically inactive,189,184,5
S01007815,All people aged 16 and over,808,787,21
S01007815,Economically active: Total,501,489,12
S01007815,Economically active: Employee: Total,437,427,10
S01007815,Economically active: Employee: Part-time (1),114,110,4
S01007815,Economically active: Employee: Full-time (1),323,317,6
S01007815,Economically active: Self-employed: Total,39,37,2
S01007815,Economically active: Self-employed: Part-time (1),12,11,1
S01007815,Economically active: Self-employed: Full-time (1),27,26,1
S01007815,Economically active: Unemployed (1),25,25,0
S01007815,Economically inactive,307,298,9
S01007816,All people aged 16 and over,558,551,7
S01007816,Economically active: Total,375,369,6
S01007816,Economically active: Employee: Total,324,318,6
S01007816,Economically active: Employee: Part-time (1),91,88,3
S01007816,Economically active: Employee: Full-time (1),233,230,3
S01007816,Economically active: Self-employed: Total,35,35,0
S01007816,Economically active: Self-employed: Part-time (1),13,13,0
S01007816,Economically active: Self-employed: Full-time (1),22,22,0
S01007816,Economically active: Unemployed (1),16,16,0
S01007816,Economically inactive,183,182,1
S01007817,All people aged 16 and over,393,389,4
S01007817,Economically active: Total,209,205,4
S01007817,Economically active: Employee: Total,184,180,4
S01007817,Economically active: Employee: Part-time (1),69,66,3
S01007817,Economically active: Employee: Full-time (1),115,114,1
S01007817,Economically active: Self-employed: Total,13,13,0
S01007817,Economically active: Self-employed: Part-time (1),4,4,0
S01007817,Economically active: Self-employed: Full-time (1),9,9,0
S01007817,Economically active: Unemployed (1),12,12,0
S01007817,Economically inactive,184,184,0
S01007818,All people aged 16 and over,607,590,17
S01007818,Economically active: Total,415,406,9
S01007818,Economically active: Employee: Total,358,351,7
S01007818,Economically active: Employee: Part-time (1),89,89,0
S01007818,Economically active: Employee: Full-time (1),269,262,7
S01007818,Economically active: Self-employed: Total,38,37,1
S01007818,Economically active: Self-employed: Part-time (1),9,9,0
S01007818,Economically active: Self-employed: Full-time (1),29,28,1
S01007818,Economically active: Unemployed (1),19,18,1
S01007818,Economically inactive,192,184,8
S01007819,All people aged 16 and over,675,660,15
S01007819,Economically active: Total,418,411,7
S01007819,Economically active: Employee: Total,358,351,7
S01007819,Economically active: Employee: Part-time (1),100,98,2
S01007819,Economically active: Employee: Full-time (1),258,253,5
S01007819,Economically active: Self-employed: Total,38,38,0
S01007819,Economically active: Self-employed: Part-time (1),13,13,0
S01007819,Economically active: Self-employed: Full-time (1),25,25,0
S01007819,Economically active: Unemployed (1),22,22,0
S01007819,Economically inactive,257,249,8
S01007820,All people aged 16 and over,808,766,42
S01007820,Economically active: Total,459,434,25
S01007820,Economically active: Employee: Total,380,358,22
S01007820,Economically active: Employee: Part-time (1),123,110,13
S01007820,Economically active: Employee: Full-time (1),257,248,9
S01007820,Economically active: Self-employed: Total,40,40,0
S01007820,Economically active: Self-employed: Part-time (1),10,10,0
S01007820,Economically active: Self-employed: Full-time (1),30,30,0
S01007820,Economically active: Unemployed (1),39,36,3
S01007820,Economically inactive,349,332,17
S01007821,All people aged 16 and over,469,455,14
S01007821,Economically active: Total,299,290,9
S01007821,Economically active: Employee: Total,263,255,8
S01007821,Economically active: Employee: Part-time (1),77,75,2
S01007821,Economically active: Employee: Full-time (1),186,180,6
S01007821,Economically active: Self-employed: Total,21,21,0
S01007821,Economically active: Self-employed: Part-time (1),7,7,0
S01007821,Economically active: Self-employed: Full-time (1),14,14,0
S01007821,Economically active: Unemployed (1),15,14,1
S01007821,Economically inactive,170,165,5
S01007822,All people aged 16 and over,634,619,15
S01007822,Economically active: Total,359,350,9
S01007822,Economically active: Employee: Total,315,308,7
S01007822,Economically active: Employee: Part-time (1),84,81,3
S01007822,Economically active: Employee: Full-time (1),231,227,4
S01007822,Economically active: Self-employed: Total,29,27,2
S01007822,Economically active: Self-employed: Part-time (1),5,5,0
S01007822,Economically active: Self-employed: Full-time (1),24,22,2
S01007822,Economically active: Unemployed (1),15,15,0
S01007822,Economically inactive,275,269,6
S01007823,All people aged 16 and over,611,587,24
S01007823,Economically active: Total,400,387,13
S01007823,Economically active: Employee: Total,344,334,10
S01007823,Economically active: Employee: Part-time (1),103,101,2
S01007823,Economically active: Employee: Full-time (1),241,233,8
S01007823,Economically active: Self-employed: Total,35,33,2
S01007823,Economically active: Self-employed: Part-time (1),6,6,0
S01007823,Economically active: Self-employed: Full-time (1),29,27,2
S01007823,Economically active: Unemployed (1),21,20,1
S01007823,Economically inactive,211,200,11
S01007824,All people aged 16 and over,632,586,46
S01007824,Economically active: Total,362,332,30
S01007824,Economically active: Employee: Total,323,302,21
S01007824,Economically active: Employee: Part-time (1),102,94,8
S01007824,Economically active: Employee: Full-time (1),221,208,13
S01007824,Economically active: Self-employed: Total,34,25,9
S01007824,Economically active: Self-employed: Part-time (1),11,10,1
S01007824,Economically active: Self-employed: Full-time (1),23,15,8
S01007824,Economically active: Unemployed (1),5,5,0
S01007824,Economically inactive,270,254,16
S01007825,All people aged 16 and over,876,826,50
S01007825,Economically active: Total,511,483,28
S01007825,Economically active: Employee: Total,424,405,19
S01007825,Economically active: Employee: Part-time (1),116,109,7
S01007825,Economically active: Employee: Full-time (1),308,296,12
S01007825,Economically active: Self-employed: Total,59,53,6
S01007825,Economically active: Self-employed: Part-time (1),11,11,0
S01007825,Economically active: Self-employed: Full-time (1),48,42,6
S01007825,Economically active: Unemployed (1),28,25,3
S01007825,Economically inactive,365,343,22
S01007826,All people aged 16 and over,465,454,11
S01007826,Economically active: Total,236,227,9
S01007826,Economically active: Employee: Total,187,181,6
S01007826,Economically active: Employee: Part-time (1),61,57,4
S01007826,Economically active: Employee: Full-time (1),126,124,2
S01007826,Economically active: Self-employed: Total,17,15,2
S01007826,Economically active: Self-employed: Part-time (1),7,7,0
S01007826,Economically active: Self-employed: Full-time (1),10,8,2
S01007826,Economically active: Unemployed (1),32,31,1
S01007826,Economically inactive,229,227,2
S01007827,All people aged 16 and over,495,459,36
S01007827,Economically active: Total,368,343,25
S01007827,Economically active: Employee: Total,308,285,23
S01007827,Economically active: Employee: Part-time (1),73,70,3
S01007827,Economically active: Employee: Full-time (1),235,215,20
S01007827,Economically active: Self-employed: Total,24,23,1
S01007827,Economically active: Self-employed: Part-time (1),7,7,0
S01007827,Economically active: Self-employed: Full-time (1),17,16,1
S01007827,Economically active: Unemployed (1),36,35,1
S01007827,Economically inactive,127,116,11
S01007828,All people aged 16 and over,889,824,65
S01007828,Economically active: Total,465,419,46
S01007828,Economically active: Employee: Total,383,341,42
S01007828,Economically active: Employee: Part-time (1),94,84,10
S01007828,Economically active: Employee: Full-time (1),289,257,32
S01007828,Economically active: Self-employed: Total,32,29,3
S01007828,Economically active: Self-employed: Part-time (1),11,8,3
S01007828,Economically active: Self-employed: Full-time (1),21,21,0
S01007828,Economically active: Unemployed (1),50,49,1
S01007828,Economically inactive,424,405,19
S01007829,All people aged 16 and over,539,512,27
S01007829,Economically active: Total,233,215,18
S01007829,Economically active: Employee: Total,204,190,14
S01007829,Economically active: Employee: Part-time (1),59,55,4
S01007829,Economically active: Employee: Full-time (1),145,135,10
S01007829,Economically active: Self-employed: Total,19,17,2
S01007829,Economically active: Self-employed: Part-time (1),7,7,0
S01007829,Economically active: Self-employed: Full-time (1),12,10,2
S01007829,Economically active: Unemployed (1),10,8,2
S01007829,Economically inactive,306,297,9
S01007830,All people aged 16 and over,818,750,68
S01007830,Economically active: Total,405,361,44
S01007830,Economically active: Employee: Total,342,304,38
S01007830,Economically active: Employee: Part-time (1),105,95,10
S01007830,Economically active: Employee: Full-time (1),237,209,28
S01007830,Economically active: Self-employed: Total,23,21,2
S01007830,Economically active: Self-employed: Part-time (1),7,7,0
S01007830,Economically active: Self-employed: Full-time (1),16,14,2
S01007830,Economically active: Unemployed (1),40,36,4
S01007830,Economically inactive,413,389,24
S01007831,All people aged 16 and over,742,676,66
S01007831,Economically active: Total,350,316,34
S01007831,Economically active: Employee: Total,279,257,22
S01007831,Economically active: Employee: Part-time (1),83,78,5
S01007831,Economically active: Employee: Full-time (1),196,179,17
S01007831,Economically active: Self-employed: Total,23,18,5
S01007831,Economically active: Self-employed: Part-time (1),10,6,4
S01007831,Economically active: Self-employed: Full-time (1),13,12,1
S01007831,Economically active: Unemployed (1),48,41,7
S01007831,Economically inactive,392,360,32
S01007832,All people aged 16 and over,551,514,37
S01007832,Economically active: Total,300,279,21
S01007832,Economically active: Employee: Total,240,221,19
S01007832,Economically active: Employee: Part-time (1),70,67,3
S01007832,Economically active: Employee: Full-time (1),170,154,16
S01007832,Economically active: Self-employed: Total,19,18,1
S01007832,Economically active: Self-employed: Part-time (1),7,7,0
S01007832,Economically active: Self-employed: Full-time (1),12,11,1
S01007832,Economically active: Unemployed (1),41,40,1
S01007832,Economically inactive,251,235,16
S01007833,All people aged 16 and over,731,696,35
S01007833,Economically active: Total,255,237,18
S01007833,Economically active: Employee: Total,210,197,13
S01007833,Economically active: Employee: Part-time (1),60,52,8
S01007833,Economically active: Employee: Full-time (1),150,145,5
S01007833,Economically active: Self-employed: Total,21,19,2
S01007833,Economically active: Self-employed: Part-time (1),6,5,1
S01007833,Economically active: Self-employed: Full-time (1),15,14,1
S01007833,Economically active: Unemployed (1),24,21,3
S01007833,Economically inactive,476,459,17
S01007834,All people aged 16 and over,625,548,77
S01007834,Economically active: Total,373,321,52
S01007834,Economically active: Employee: Total,301,254,47
S01007834,Economically active: Employee: Part-time (1),76,66,10
S01007834,Economically active: Employee: Full-time (1),225,188,37
S01007834,Economically active: Self-employed: Total,20,19,1
S01007834,Economically active: Self-employed: Part-time (1),0,0,0
S01007834,Economically active: Self-employed: Full-time (1),20,19,1
S01007834,Economically active: Unemployed (1),52,48,4
S01007834,Economically inactive,252,227,25
S01007835,All people aged 16 and over,580,544,36
S01007835,Economically active: Total,353,327,26
S01007835,Economically active: Employee: Total,295,278,17
S01007835,Economically active: Employee: Part-time (1),89,84,5
S01007835,Economically active: Employee: Full-time (1),206,194,12
S01007835,Economically active: Self-employed: Total,28,23,5
S01007835,Economically active: Self-employed: Part-time (1),4,4,0
S01007835,Economically active: Self-employed: Full-time (1),24,19,5
S01007835,Economically active: Unemployed (1),30,26,4
S01007835,Economically inactive,227,217,10
S01007836,All people aged 16 and over,468,430,38
S01007836,Economically active: Total,248,228,20
S01007836,Economically active: Employee: Total,214,194,20
S01007836,Economically active: Employee: Part-time (1),52,48,4
S01007836,Economically active: Employee: Full-time (1),162,146,16
S01007836,Economically active: Self-employed: Total,17,17,0
S01007836,Economically active: Self-employed: Part-time (1),3,3,0
S01007836,Economically active: Self-employed: Full-time (1),14,14,0
S01007836,Economically active: Unemployed (1),17,17,0
S01007836,Economically inactive,220,202,18
S01007837,All people aged 16 and over,695,664,31
S01007837,Economically active: Total,382,369,13
S01007837,Economically active: Employee: Total,328,318,10
S01007837,Economically active: Employee: Part-time (1),95,90,5
S01007837,Economically active: Employee: Full-time (1),233,228,5
S01007837,Economically active: Self-employed: Total,44,42,2
S01007837,Economically active: Self-employed: Part-time (1),9,9,0
S01007837,Economically active: Self-employed: Full-time (1),35,33,2
S01007837,Economically active: Unemployed (1),10,9,1
S01007837,Economically inactive,313,295,18
S01007838,All people aged 16 and over,738,692,46
S01007838,Economically active: Total,402,381,21
S01007838,Economically active: Employee: Total,345,329,16
S01007838,Economically active: Employee: Part-time (1),88,86,2
S01007838,Economically active: Employee: Full-time (1),257,243,14
S01007838,Economically active: Self-employed: Total,38,35,3
S01007838,Economically active: Self-employed: Part-time (1),9,9,0
S01007838,Economically active: Self-employed: Full-time (1),29,26,3
S01007838,Economically active: Unemployed (1),19,17,2
S01007838,Economically inactive,336,311,25
S01007839,All people aged 16 and over,651,546,105
S01007839,Economically active: Total,284,223,61
S01007839,Economically active: Employee: Total,231,177,54
S01007839,Economically active: Employee: Part-time (1),59,48,11
S01007839,Economically active: Employee: Full-time (1),172,129,43
S01007839,Economically active: Self-employed: Total,24,20,4
S01007839,Economically active: Self-employed: Part-time (1),2,2,0
S01007839,Economically active: Self-employed: Full-time (1),22,18,4
S01007839,Economically active: Unemployed (1),29,26,3
S01007839,Economically inactive,367,323,44
S01007840,All people aged 16 and over,647,595,52
S01007840,Economically active: Total,376,345,31
S01007840,Economically active: Employee: Total,326,299,27
S01007840,Economically active: Employee: Part-time (1),90,80,10
S01007840,Economically active: Employee: Full-time (1),236,219,17
S01007840,Economically active: Self-employed: Total,18,16,2
S01007840,Economically active: Self-employed: Part-time (1),6,6,0
S01007840,Economically active: Self-employed: Full-time (1),12,10,2
S01007840,Economically active: Unemployed (1),32,30,2
S01007840,Economically inactive,271,250,21
S01007841,All people aged 16 and over,566,530,36
S01007841,Economically active: Total,365,343,22
S01007841,Economically active: Employee: Total,296,280,16
S01007841,Economically active: Employee: Part-time (1),101,95,6
S01007841,Economically active: Employee: Full-time (1),195,185,10
S01007841,Economically active: Self-employed: Total,21,20,1
S01007841,Economically active: Self-employed: Part-time (1),8,7,1
S01007841,Economically active: Self-employed: Full-time (1),13,13,0
S01007841,Economically active: Unemployed (1),48,43,5
S01007841,Economically inactive,201,187,14
S01007842,All people aged 16 and over,575,530,45
S01007842,Economically active: Total,372,339,33
S01007842,Economically active: Employee: Total,275,245,30
S01007842,Economically active: Employee: Part-time (1),103,96,7
S01007842,Economically active: Employee: Full-time (1),172,149,23
S01007842,Economically active: Self-employed: Total,20,19,1
S01007842,Economically active: Self-employed: Part-time (1),8,8,0
S01007842,Economically active: Self-employed: Full-time (1),12,11,1
S01007842,Economically active: Unemployed (1),77,75,2
S01007842,Economically inactive,203,191,12
S01007843,All people aged 16 and over,578,510,68
S01007843,Economically active: Total,347,305,42
S01007843,Economically active: Employee: Total,279,248,31
S01007843,Economically active: Employee: Part-time (1),80,70,10
S01007843,Economically active: Employee: Full-time (1),199,178,21
S01007843,Economically active: Self-employed: Total,17,14,3
S01007843,Economically active: Self-employed: Part-time (1),2,1,1
S01007843,Economically active: Self-employed: Full-time (1),15,13,2
S01007843,Economically active: Unemployed (1),51,43,8
S01007843,Economically inactive,231,205,26
S01007844,All people aged 16 and over,773,686,87
S01007844,Economically active: Total,493,444,49
S01007844,Economically active: Employee: Total,383,346,37
S01007844,Economically active: Employee: Part-time (1),111,103,8
S01007844,Economically active: Employee: Full-time (1),272,243,29
S01007844,Economically active: Self-employed: Total,32,28,4
S01007844,Economically active: Self-employed: Part-time (1),9,9,0
S01007844,Economically active: Self-employed: Full-time (1),23,19,4
S01007844,Economically active: Unemployed (1),78,70,8
S01007844,Economically inactive,280,242,38
S01007845,All people aged 16 and over,669,623,46
S01007845,Economically active: Total,388,356,32
S01007845,Economically active: Employee: Total,308,280,28
S01007845,Economically active: Employee: Part-time (1),110,99,11
S01007845,Economically active: Employee: Full-time (1),198,181,17
S01007845,Economically active: Self-employed: Total,23,21,2
S01007845,Economically active: Self-employed: Part-time (1),8,8,0
S01007845,Economically active: Self-employed: Full-time (1),15,13,2
S01007845,Economically active: Unemployed (1),57,55,2
S01007845,Economically inactive,281,267,14
S01007846,All people aged 16 and over,576,546,30
S01007846,Economically active: Total,334,313,21
S01007846,Economically active: Employee: Total,279,267,12
S01007846,Economically active: Employee: Part-time (1),87,85,2
S01007846,Economically active: Employee: Full-time (1),192,182,10
S01007846,Economically active: Self-employed: Total,16,11,5
S01007846,Economically active: Self-employed: Part-time (1),3,2,1
S01007846,Economically active: Self-employed: Full-time (1),13,9,4
S01007846,Economically active: Unemployed (1),39,35,4
S01007846,Economically inactive,242,233,9
S01007847,All people aged 16 and over,737,690,47
S01007847,Economically active: Total,438,405,33
S01007847,Economically active: Employee: Total,361,336,25
S01007847,Economically active: Employee: Part-time (1),113,108,5
S01007847,Economically active: Employee: Full-time (1),248,228,20
S01007847,Economically active: Self-employed: Total,23,19,4
S01007847,Economically active: Self-employed: Part-time (1),5,5,0
S01007847,Economically active: Self-employed: Full-time (1),18,14,4
S01007847,Economically active: Unemployed (1),54,50,4
S01007847,Economically inactive,299,285,14
S01007848,All people aged 16 and over,643,598,45
S01007848,Economically active: Total,364,336,28
S01007848,Economically active: Employee: Total,278,254,24
S01007848,Economically active: Employee: Part-time (1),91,84,7
S01007848,Economically active: Employee: Full-time (1),187,170,17
S01007848,Economically active: Self-employed: Total,12,11,1
S01007848,Economically active: Self-employed: Part-time (1),5,5,0
S01007848,Economically active: Self-employed: Full-time (1),7,6,1
S01007848,Economically active: Unemployed (1),74,71,3
S01007848,Economically inactive,279,262,17
S01007849,All people aged 16 and over,688,656,32
S01007849,Economically active: Total,422,396,26
S01007849,Economically active: Employee: Total,354,331,23
S01007849,Economically active: Employee: Part-time (1),132,120,12
S01007849,Economically active: Employee: Full-time (1),222,211,11
S01007849,Economically active: Self-employed: Total,21,20,1
S01007849,Economically active: Self-employed: Part-time (1),6,6,0
S01007849,Economically active: Self-employed: Full-time (1),15,14,1
S01007849,Economically active: Unemployed (1),47,45,2
S01007849,Economically inactive,266,260,6
S01007850,All people aged 16 and over,615,599,16
S01007850,Economically active: Total,345,333,12
S01007850,Economically active: Employee: Total,273,264,9
S01007850,Economically active: Employee: Part-time (1),82,79,3
S01007850,Economically active: Employee: Full-time (1),191,185,6
S01007850,Economically active: Self-employed: Total,27,24,3
S01007850,Economically active: Self-employed: Part-time (1),9,7,2
S01007850,Economically active: Self-employed: Full-time (1),18,17,1
S01007850,Economically active: Unemployed (1),45,45,0
S01007850,Economically inactive,270,266,4
S01007851,All people aged 16 and over,811,791,20
S01007851,Economically active: Total,378,364,14
S01007851,Economically active: Employee: Total,319,308,11
S01007851,Economically active: Employee: Part-time (1),87,83,4
S01007851,Economically active: Employee: Full-time (1),232,225,7
S01007851,Economically active: Self-employed: Total,34,31,3
S01007851,Economically active: Self-employed: Part-time (1),14,13,1
S01007851,Economically active: Self-employed: Full-time (1),20,18,2
S01007851,Economically active: Unemployed (1),25,25,0
S01007851,Economically inactive,433,427,6
S01007852,All people aged 16 and over,540,513,27
S01007852,Economically active: Total,328,309,19
S01007852,Economically active: Employee: Total,229,214,15
S01007852,Economically active: Employee: Part-time (1),87,82,5
S01007852,Economically active: Employee: Full-time (1),142,132,10
S01007852,Economically active: Self-employed: Total,21,20,1
S01007852,Economically active: Self-employed: Part-time (1),3,3,0
S01007852,Economically active: Self-employed: Full-time (1),18,17,1
S01007852,Economically active: Unemployed (1),78,75,3
S01007852,Economically inactive,212,204,8
S01007853,All people aged 16 and over,576,555,21
S01007853,Economically active: Total,252,237,15
S01007853,Economically active: Employee: Total,175,165,10
S01007853,Economically active: Employee: Part-time (1),56,51,5
S01007853,Economically active: Employee: Full-time (1),119,114,5
S01007853,Economically active: Self-employed: Total,14,14,0
S01007853,Economically active: Self-employed: Part-time (1),4,4,0
S01007853,Economically active: Self-employed: Full-time (1),10,10,0
S01007853,Economically active: Unemployed (1),63,58,5
S01007853,Economically inactive,324,318,6
S01007854,All people aged 16 and over,891,840,51
S01007854,Economically active: Total,484,459,25
S01007854,Economically active: Employee: Total,343,320,23
S01007854,Economically active: Employee: Part-time (1),99,91,8
S01007854,Economically active: Employee: Full-time (1),244,229,15
S01007854,Economically active: Self-employed: Total,30,28,2
S01007854,Economically active: Self-employed: Part-time (1),11,10,1
S01007854,Economically active: Self-employed: Full-time (1),19,18,1
S01007854,Economically active: Unemployed (1),111,111,0
S01007854,Economically inactive,407,381,26
S01007855,All people aged 16 and over,428,389,39
S01007855,Economically active: Total,265,236,29
S01007855,Economically active: Employee: Total,194,174,20
S01007855,Economically active: Employee: Part-time (1),65,57,8
S01007855,Economically active: Employee: Full-time (1),129,117,12
S01007855,Economically active: Self-employed: Total,19,17,2
S01007855,Economically active: Self-employed: Part-time (1),8,8,0
S01007855,Economically active: Self-employed: Full-time (1),11,9,2
S01007855,Economically active: Unemployed (1),52,45,7
S01007855,Economically inactive,163,153,10
S01007856,All people aged 16 and over,674,653,21
S01007856,Economically active: Total,423,406,17
S01007856,Economically active: Employee: Total,364,352,12
S01007856,Economically active: Employee: Part-time (1),116,111,5
S01007856,Economically active: Employee: Full-time (1),248,241,7
S01007856,Economically active: Self-employed: Total,27,25,2
S01007856,Economically active: Self-employed: Part-time (1),6,5,1
S01007856,Economically active: Self-employed: Full-time (1),21,20,1
S01007856,Economically active: Unemployed (1),32,29,3
S01007856,Economically inactive,251,247,4
S01007857,All people aged 16 and over,384,371,13
S01007857,Economically active: Total,215,206,9
S01007857,Economically active: Employee: Total,178,170,8
S01007857,Economically active: Employee: Part-time (1),76,71,5
S01007857,Economically active: Employee: Full-time (1),102,99,3
S01007857,Economically active: Self-employed: Total,12,12,0
S01007857,Economically active: Self-employed: Part-time (1),5,5,0
S01007857,Economically active: Self-employed: Full-time (1),7,7,0
S01007857,Economically active: Unemployed (1),25,24,1
S01007857,Economically inactive,169,165,4
S01007858,All people aged 16 and over,879,844,35
S01007858,Economically active: Total,475,454,21
S01007858,Economically active: Employee: Total,364,352,12
S01007858,Economically active: Employee: Part-time (1),147,145,2
S01007858,Economically active: Employee: Full-time (1),217,207,10
S01007858,Economically active: Self-employed: Total,38,34,4
S01007858,Economically active: Self-employed: Part-time (1),17,15,2
S01007858,Economically active: Self-employed: Full-time (1),21,19,2
S01007858,Economically active: Unemployed (1),73,68,5
S01007858,Economically inactive,404,390,14
S01007859,All people aged 16 and over,389,375,14
S01007859,Economically active: Total,214,205,9
S01007859,Economically active: Employee: Total,164,156,8
S01007859,Economically active: Employee: Part-time (1),61,59,2
S01007859,Economically active: Employee: Full-time (1),103,97,6
S01007859,Economically active: Self-employed: Total,17,16,1
S01007859,Economically active: Self-employed: Part-time (1),3,3,0
S01007859,Economically active: Self-employed: Full-time (1),14,13,1
S01007859,Economically active: Unemployed (1),33,33,0
S01007859,Economically inactive,175,170,5
S01007860,All people aged 16 and over,445,422,23
S01007860,Economically active: Total,332,316,16
S01007860,Economically active: Employee: Total,258,244,14
S01007860,Economically active: Employee: Part-time (1),80,77,3
S01007860,Economically active: Employee: Full-time (1),178,167,11
S01007860,Economically active: Self-employed: Total,31,30,1
S01007860,Economically active: Self-employed: Part-time (1),3,3,0
S01007860,Economically active: Self-employed: Full-time (1),28,27,1
S01007860,Economically active: Unemployed (1),43,42,1
S01007860,Economically inactive,113,106,7
S01007861,All people aged 16 and over,533,521,12
S01007861,Economically active: Total,320,312,8
S01007861,Economically active: Employee: Total,262,255,7
S01007861,Economically active: Employee: Part-time (1),88,85,3
S01007861,Economically active: Employee: Full-time (1),174,170,4
S01007861,Economically active: Self-employed: Total,14,13,1
S01007861,Economically active: Self-employed: Part-time (1),2,2,0
S01007861,Economically active: Self-employed: Full-time (1),12,11,1
S01007861,Economically active: Unemployed (1),44,44,0
S01007861,Economically inactive,213,209,4
S01007862,All people aged 16 and over,575,560,15
S01007862,Economically active: Total,346,337,9
S01007862,Economically active: Employee: Total,279,272,7
S01007862,Economically active: Employee: Part-time (1),103,103,0
S01007862,Economically active: Employee: Full-time (1),176,169,7
S01007862,Economically active: Self-employed: Total,23,22,1
S01007862,Economically active: Self-employed: Part-time (1),5,5,0
S01007862,Economically active: Self-employed: Full-time (1),18,17,1
S01007862,Economically active: Unemployed (1),44,43,1
S01007862,Economically inactive,229,223,6
S01007863,All people aged 16 and over,676,659,17
S01007863,Economically active: Total,382,372,10
S01007863,Economically active: Employee: Total,287,280,7
S01007863,Economically active: Employee: Part-time (1),90,85,5
S01007863,Economically active: Employee: Full-time (1),197,195,2
S01007863,Economically active: Self-employed: Total,17,16,1
S01007863,Economically active: Self-employed: Part-time (1),6,6,0
S01007863,Economically active: Self-employed: Full-time (1),11,10,1
S01007863,Economically active: Unemployed (1),78,76,2
S01007863,Economically inactive,294,287,7
S01007864,All people aged 16 and over,771,745,26
S01007864,Economically active: Total,441,422,19
S01007864,Economically active: Employee: Total,368,353,15
S01007864,Economically active: Employee: Part-time (1),116,112,4
S01007864,Economically active: Employee: Full-time (1),252,241,11
S01007864,Economically active: Self-employed: Total,24,21,3
S01007864,Economically active: Self-employed: Part-time (1),4,4,0
S01007864,Economically active: Self-employed: Full-time (1),20,17,3
S01007864,Economically active: Unemployed (1),49,48,1
S01007864,Economically inactive,330,323,7
S01007865,All people aged 16 and over,487,461,26
S01007865,Economically active: Total,417,399,18
S01007865,Economically active: Employee: Total,369,353,16
S01007865,Economically active: Employee: Part-time (1),94,88,6
S01007865,Economically active: Employee: Full-time (1),275,265,10
S01007865,Economically active: Self-employed: Total,28,27,1
S01007865,Economically active: Self-employed: Part-time (1),6,5,1
S01007865,Economically active: Self-employed: Full-time (1),22,22,0
S01007865,Economically active: Unemployed (1),20,19,1
S01007865,Economically inactive,70,62,8
S01007866,All people aged 16 and over,450,436,14
S01007866,Economically active: Total,397,383,14
S01007866,Economically active: Employee: Total,339,328,11
S01007866,Economically active: Employee: Part-time (1),75,72,3
S01007866,Economically active: Employee: Full-time (1),264,256,8
S01007866,Economically active: Self-employed: Total,38,37,1
S01007866,Economically active: Self-employed: Part-time (1),8,7,1
S01007866,Economically active: Self-employed: Full-time (1),30,30,0
S01007866,Economically active: Unemployed (1),20,18,2
S01007866,Economically inactive,53,53,0
S01007867,All people aged 16 and over,411,374,37
S01007867,Economically active: Total,251,228,23
S01007867,Economically active: Employee: Total,206,186,20
S01007867,Economically active: Employee: Part-time (1),38,34,4
S01007867,Economically active: Employee: Full-time (1),168,152,16
S01007867,Economically active: Self-employed: Total,34,31,3
S01007867,Economically active: Self-employed: Part-time (1),5,5,0
S01007867,Economically active: Self-employed: Full-time (1),29,26,3
S01007867,Economically active: Unemployed (1),11,11,0
S01007867,Economically inactive,160,146,14
S01007868,All people aged 16 and over,758,714,44
S01007868,Economically active: Total,501,470,31
S01007868,Economically active: Employee: Total,429,401,28
S01007868,Economically active: Employee: Part-time (1),136,125,11
S01007868,Economically active: Employee: Full-time (1),293,276,17
S01007868,Economically active: Self-employed: Total,44,43,1
S01007868,Economically active: Self-employed: Part-time (1),10,10,0
S01007868,Economically active: Self-employed: Full-time (1),34,33,1
S01007868,Economically active: Unemployed (1),28,26,2
S01007868,Economically inactive,257,244,13
S01007869,All people aged 16 and over,782,673,109
S01007869,Economically active: Total,524,446,78
S01007869,Economically active: Employee: Total,443,382,61
S01007869,Economically active: Employee: Part-time (1),98,82,16
S01007869,Economically active: Employee: Full-time (1),345,300,45
S01007869,Economically active: Self-employed: Total,53,44,9
S01007869,Economically active: Self-employed: Part-time (1),14,10,4
S01007869,Economically active: Self-employed: Full-time (1),39,34,5
S01007869,Economically active: Unemployed (1),28,20,8
S01007869,Economically inactive,258,227,31
S01007870,All people aged 16 and over,458,449,9
S01007870,Economically active: Total,289,281,8
S01007870,Economically active: Employee: Total,223,216,7
S01007870,Economically active: Employee: Part-time (1),58,55,3
S01007870,Economically active: Employee: Full-time (1),165,161,4
S01007870,Economically active: Self-employed: Total,53,52,1
S01007870,Economically active: Self-employed: Part-time (1),13,13,0
S01007870,Economically active: Self-employed: Full-time (1),40,39,1
S01007870,Economically active: Unemployed (1),13,13,0
S01007870,Economically inactive,169,168,1
S01007871,All people aged 16 and over,524,511,13
S01007871,Economically active: Total,264,252,12
S01007871,Economically active: Employee: Total,182,173,9
S01007871,Economically active: Employee: Part-time (1),70,66,4
S01007871,Economically active: Employee: Full-time (1),112,107,5
S01007871,Economically active: Self-employed: Total,27,25,2
S01007871,Economically active: Self-employed: Part-time (1),9,9,0
S01007871,Economically active: Self-employed: Full-time (1),18,16,2
S01007871,Economically active: Unemployed (1),55,54,1
S01007871,Economically inactive,260,259,1
S01007872,All people aged 16 and over,558,548,10
S01007872,Economically active: Total,286,280,6
S01007872,Economically active: Employee: Total,209,205,4
S01007872,Economically active: Employee: Part-time (1),91,88,3
S01007872,Economically active: Employee: Full-time (1),118,117,1
S01007872,Economically active: Self-employed: Total,13,12,1
S01007872,Economically active: Self-employed: Part-time (1),2,2,0
S01007872,Economically active: Self-employed: Full-time (1),11,10,1
S01007872,Economically active: Unemployed (1),64,63,1
S01007872,Economically inactive,272,268,4
S01007873,All people aged 16 and over,598,584,14
S01007873,Economically active: Total,330,320,10
S01007873,Economically active: Employee: Total,271,264,7
S01007873,Economically active: Employee: Part-time (1),98,96,2
S01007873,Economically active: Employee: Full-time (1),173,168,5
S01007873,Economically active: Self-employed: Total,37,34,3
S01007873,Economically active: Self-employed: Part-time (1),11,10,1
S01007873,Economically active: Self-employed: Full-time (1),26,24,2
S01007873,Economically active: Unemployed (1),22,22,0
S01007873,Economically inactive,268,264,4
S01007874,All people aged 16 and over,638,629,9
S01007874,Economically active: Total,335,329,6
S01007874,Economically active: Employee: Total,273,268,5
S01007874,Economically active: Employee: Part-time (1),96,95,1
S01007874,Economically active: Employee: Full-time (1),177,173,4
S01007874,Economically active: Self-employed: Total,25,24,1
S01007874,Economically active: Self-employed: Part-time (1),1,1,0
S01007874,Economically active: Self-employed: Full-time (1),24,23,1
S01007874,Economically active: Unemployed (1),37,37,0
S01007874,Economically inactive,303,300,3
S01007875,All people aged 16 and over,442,436,6
S01007875,Economically active: Total,285,283,2
S01007875,Economically active: Employee: Total,237,236,1
S01007875,Economically active: Employee: Part-time (1),84,84,0
S01007875,Economically active: Employee: Full-time (1),153,152,1
S01007875,Economically active: Self-employed: Total,20,19,1
S01007875,Economically active: Self-employed: Part-time (1),4,4,0
S01007875,Economically active: Self-employed: Full-time (1),16,15,1
S01007875,Economically active: Unemployed (1),28,28,0
S01007875,Economically inactive,157,153,4
S01007876,All people aged 16 and over,776,765,11
S01007876,Economically active: Total,516,505,11
S01007876,Economically active: Employee: Total,409,399,10
S01007876,Economically active: Employee: Part-time (1),117,115,2
S01007876,Economically active: Employee: Full-time (1),292,284,8
S01007876,Economically active: Self-employed: Total,59,58,1
S01007876,Economically active: Self-employed: Part-time (1),22,22,0
S01007876,Economically active: Self-employed: Full-time (1),37,36,1
S01007876,Economically active: Unemployed (1),48,48,0
S01007876,Economically inactive,260,260,0
S01007877,All people aged 16 and over,642,634,8
S01007877,Economically active: Total,364,358,6
S01007877,Economically active: Employee: Total,292,287,5
S01007877,Economically active: Employee: Part-time (1),99,99,0
S01007877,Economically active: Employee: Full-time (1),193,188,5
S01007877,Economically active: Self-employed: Total,34,33,1
S01007877,Economically active: Self-employed: Part-time (1),7,7,0
S01007877,Economically active: Self-employed: Full-time (1),27,26,1
S01007877,Economically active: Unemployed (1),38,38,0
S01007877,Economically inactive,278,276,2
S01007878,All people aged 16 and over,560,552,8
S01007878,Economically active: Total,282,280,2
S01007878,Economically active: Employee: Total,231,231,0
S01007878,Economically active: Employee: Part-time (1),78,78,0
S01007878,Economically active: Employee: Full-time (1),153,153,0
S01007878,Economically active: Self-employed: Total,19,18,1
S01007878,Economically active: Self-employed: Part-time (1),3,3,0
S01007878,Economically active: Self-employed: Full-time (1),16,15,1
S01007878,Economically active: Unemployed (1),32,31,1
S01007878,Economically inactive,278,272,6
S01007879,All people aged 16 and over,588,578,10
S01007879,Economically active: Total,319,313,6
S01007879,Economically active: Employee: Total,261,256,5
S01007879,Economically active: Employee: Part-time (1),93,90,3
S01007879,Economically active: Employee: Full-time (1),168,166,2
S01007879,Economically active: Self-employed: Total,13,13,0
S01007879,Economically active: Self-employed: Part-time (1),4,4,0
S01007879,Economically active: Self-employed: Full-time (1),9,9,0
S01007879,Economically active: Unemployed (1),45,44,1
S01007879,Economically inactive,269,265,4
S01007880,All people aged 16 and over,336,328,8
S01007880,Economically active: Total,210,203,7
S01007880,Economically active: Employee: Total,148,145,3
S01007880,Economically active: Employee: Part-time (1),44,44,0
S01007880,Economically active: Employee: Full-time (1),104,101,3
S01007880,Economically active: Self-employed: Total,50,48,2
S01007880,Economically active: Self-employed: Part-time (1),11,10,1
S01007880,Economically active: Self-employed: Full-time (1),39,38,1
S01007880,Economically active: Unemployed (1),12,10,2
S01007880,Economically inactive,126,125,1
S01007881,All people aged 16 and over,452,450,2
S01007881,Economically active: Total,256,254,2
S01007881,Economically active: Employee: Total,177,175,2
S01007881,Economically active: Employee: Part-time (1),47,46,1
S01007881,Economically active: Employee: Full-time (1),130,129,1
S01007881,Economically active: Self-employed: Total,41,41,0
S01007881,Economically active: Self-employed: Part-time (1),8,8,0
S01007881,Economically active: Self-employed: Full-time (1),33,33,0
S01007881,Economically active: Unemployed (1),38,38,0
S01007881,Economically inactive,196,196,0
S01007882,All people aged 16 and over,614,598,16
S01007882,Economically active: Total,440,429,11
S01007882,Economically active: Employee: Total,319,309,10
S01007882,Economically active: Employee: Part-time (1),83,80,3
S01007882,Economically active: Employee: Full-time (1),236,229,7
S01007882,Economically active: Self-employed: Total,104,103,1
S01007882,Economically active: Self-employed: Part-time (1),11,11,0
S01007882,Economically active: Self-employed: Full-time (1),93,92,1
S01007882,Economically active: Unemployed (1),17,17,0
S01007882,Economically inactive,174,169,5
S01007883,All people aged 16 and over,873,852,21
S01007883,Economically active: Total,576,565,11
S01007883,Economically active: Employee: Total,475,464,11
S01007883,Economically active: Employee: Part-time (1),101,98,3
S01007883,Economically active: Employee: Full-time (1),374,366,8
S01007883,Economically active: Self-employed: Total,63,63,0
S01007883,Economically active: Self-employed: Part-time (1),10,10,0
S01007883,Economically active: Self-employed: Full-time (1),53,53,0
S01007883,Economically active: Unemployed (1),38,38,0
S01007883,Economically inactive,297,287,10
S01007884,All people aged 16 and over,514,505,9
S01007884,Economically active: Total,330,324,6
S01007884,Economically active: Employee: Total,270,266,4
S01007884,Economically active: Employee: Part-time (1),81,80,1
S01007884,Economically active: Employee: Full-time (1),189,186,3
S01007884,Economically active: Self-employed: Total,32,31,1
S01007884,Economically active: Self-employed: Part-time (1),3,2,1
S01007884,Economically active: Self-employed: Full-time (1),29,29,0
S01007884,Economically active: Unemployed (1),28,27,1
S01007884,Economically inactive,184,181,3
S01007885,All people aged 16 and over,613,598,15
S01007885,Economically active: Total,345,333,12
S01007885,Economically active: Employee: Total,242,237,5
S01007885,Economically active: Employee: Part-time (1),63,62,1
S01007885,Economically active: Employee: Full-time (1),179,175,4
S01007885,Economically active: Self-employed: Total,26,25,1
S01007885,Economically active: Self-employed: Part-time (1),7,7,0
S01007885,Economically active: Self-employed: Full-time (1),19,18,1
S01007885,Economically active: Unemployed (1),77,71,6
S01007885,Economically inactive,268,265,3
S01007886,All people aged 16 and over,742,725,17
S01007886,Economically active: Total,430,417,13
S01007886,Economically active: Employee: Total,344,332,12
S01007886,Economically active: Employee: Part-time (1),88,86,2
S01007886,Economically active: Employee: Full-time (1),256,246,10
S01007886,Economically active: Self-employed: Total,50,49,1
S01007886,Economically active: Self-employed: Part-time (1),11,11,0
S01007886,Economically active: Self-employed: Full-time (1),39,38,1
S01007886,Economically active: Unemployed (1),36,36,0
S01007886,Economically inactive,312,308,4
S01007887,All people aged 16 and over,481,472,9
S01007887,Economically active: Total,321,315,6
S01007887,Economically active: Employee: Total,231,227,4
S01007887,Economically active: Employee: Part-time (1),65,65,0
S01007887,Economically active: Employee: Full-time (1),166,162,4
S01007887,Economically active: Self-employed: Total,79,78,1
S01007887,Economically active: Self-employed: Part-time (1),14,14,0
S01007887,Economically active: Self-employed: Full-time (1),65,64,1
S01007887,Economically active: Unemployed (1),11,10,1
S01007887,Economically inactive,160,157,3
S01007888,All people aged 16 and over,829,813,16
S01007888,Economically active: Total,514,506,8
S01007888,Economically active: Employee: Total,394,386,8
S01007888,Economically active: Employee: Part-time (1),144,143,1
S01007888,Economically active: Employee: Full-time (1),250,243,7
S01007888,Economically active: Self-employed: Total,24,24,0
S01007888,Economically active: Self-employed: Part-time (1),8,8,0
S01007888,Economically active: Self-employed: Full-time (1),16,16,0
S01007888,Economically active: Unemployed (1),96,96,0
S01007888,Economically inactive,315,307,8
S01007889,All people aged 16 and over,443,438,5
S01007889,Economically active: Total,244,243,1
S01007889,Economically active: Employee: Total,208,207,1
S01007889,Economically active: Employee: Part-time (1),70,70,0
S01007889,Economically active: Employee: Full-time (1),138,137,1
S01007889,Economically active: Self-employed: Total,11,11,0
S01007889,Economically active: Self-employed: Part-time (1),5,5,0
S01007889,Economically active: Self-employed: Full-time (1),6,6,0
S01007889,Economically active: Unemployed (1),25,25,0
S01007889,Economically inactive,199,195,4
S01007890,All people aged 16 and over,594,584,10
S01007890,Economically active: Total,381,373,8
S01007890,Economically active: Employee: Total,304,298,6
S01007890,Economically active: Employee: Part-time (1),104,101,3
S01007890,Economically active: Employee: Full-time (1),200,197,3
S01007890,Economically active: Self-employed: Total,44,43,1
S01007890,Economically active: Self-employed: Part-time (1),6,6,0
S01007890,Economically active: Self-employed: Full-time (1),38,37,1
S01007890,Economically active: Unemployed (1),33,32,1
S01007890,Economically inactive,213,211,2
S01007891,All people aged 16 and over,714,701,13
S01007891,Economically active: Total,452,443,9
S01007891,Economically active: Employee: Total,387,379,8
S01007891,Economically active: Employee: Part-time (1),109,109,0
S01007891,Economically active: Employee: Full-time (1),278,270,8
S01007891,Economically active: Self-employed: Total,35,34,1
S01007891,Economically active: Self-employed: Part-time (1),5,5,0
S01007891,Economically active: Self-employed: Full-time (1),30,29,1
S01007891,Economically active: Unemployed (1),30,30,0
S01007891,Economically inactive,262,258,4
S01007892,All people aged 16 and over,634,619,15
S01007892,Economically active: Total,404,393,11
S01007892,Economically active: Employee: Total,330,321,9
S01007892,Economically active: Employee: Part-time (1),108,107,1
S01007892,Economically active: Employee: Full-time (1),222,214,8
S01007892,Economically active: Self-employed: Total,50,49,1
S01007892,Economically active: Self-employed: Part-time (1),18,17,1
S01007892,Economically active: Self-employed: Full-time (1),32,32,0
S01007892,Economically active: Unemployed (1),24,23,1
S01007892,Economically inactive,230,226,4
S01007893,All people aged 16 and over,868,848,20
S01007893,Economically active: Total,521,510,11
S01007893,Economically active: Employee: Total,409,400,9
S01007893,Economically active: Employee: Part-time (1),121,117,4
S01007893,Economically active: Employee: Full-time (1),288,283,5
S01007893,Economically active: Self-employed: Total,81,80,1
S01007893,Economically active: Self-employed: Part-time (1),16,16,0
S01007893,Economically active: Self-employed: Full-time (1),65,64,1
S01007893,Economically active: Unemployed (1),31,30,1
S01007893,Economically inactive,347,338,9
S01007894,All people aged 16 and over,761,747,14
S01007894,Economically active: Total,488,478,10
S01007894,Economically active: Employee: Total,405,399,6
S01007894,Economically active: Employee: Part-time (1),122,120,2
S01007894,Economically active: Employee: Full-time (1),283,279,4
S01007894,Economically active: Self-employed: Total,47,45,2
S01007894,Economically active: Self-employed: Part-time (1),12,11,1
S01007894,Economically active: Self-employed: Full-time (1),35,34,1
S01007894,Economically active: Unemployed (1),36,34,2
S01007894,Economically inactive,273,269,4
S01007895,All people aged 16 and over,462,452,10
S01007895,Economically active: Total,259,251,8
S01007895,Economically active: Employee: Total,210,205,5
S01007895,Economically active: Employee: Part-time (1),52,52,0
S01007895,Economically active: Employee: Full-time (1),158,153,5
S01007895,Economically active: Self-employed: Total,31,29,2
S01007895,Economically active: Self-employed: Part-time (1),9,8,1
S01007895,Economically active: Self-employed: Full-time (1),22,21,1
S01007895,Economically active: Unemployed (1),18,17,1
S01007895,Economically inactive,203,201,2
S01007896,All people aged 16 and over,701,699,2
S01007896,Economically active: Total,386,385,1
S01007896,Economically active: Employee: Total,298,298,0
S01007896,Economically active: Employee: Part-time (1),85,85,0
S01007896,Economically active: Employee: Full-time (1),213,213,0
S01007896,Economically active: Self-employed: Total,35,35,0
S01007896,Economically active: Self-employed: Part-time (1),14,14,0
S01007896,Economically active: Self-employed: Full-time (1),21,21,0
S01007896,Economically active: Unemployed (1),53,52,1
S01007896,Economically inactive,315,314,1
S01007897,All people aged 16 and over,358,351,7
S01007897,Economically active: Total,245,241,4
S01007897,Economically active: Employee: Total,163,159,4
S01007897,Economically active: Employee: Part-time (1),38,38,0
S01007897,Economically active: Employee: Full-time (1),125,121,4
S01007897,Economically active: Self-employed: Total,69,69,0
S01007897,Economically active: Self-employed: Part-time (1),10,10,0
S01007897,Economically active: Self-employed: Full-time (1),59,59,0
S01007897,Economically active: Unemployed (1),13,13,0
S01007897,Economically inactive,113,110,3
S01007898,All people aged 16 and over,363,360,3
S01007898,Economically active: Total,249,247,2
S01007898,Economically active: Employee: Total,169,169,0
S01007898,Economically active: Employee: Part-time (1),52,52,0
S01007898,Economically active: Employee: Full-time (1),117,117,0
S01007898,Economically active: Self-employed: Total,65,63,2
S01007898,Economically active: Self-employed: Part-time (1),15,13,2
S01007898,Economically active: Self-employed: Full-time (1),50,50,0
S01007898,Economically active: Unemployed (1),15,15,0
S01007898,Economically inactive,114,113,1
S01007899,All people aged 16 and over,308,305,3
S01007899,Economically active: Total,211,210,1
S01007899,Economically active: Employee: Total,136,136,0
S01007899,Economically active: Employee: Part-time (1),36,36,0
S01007899,Economically active: Employee: Full-time (1),100,100,0
S01007899,Economically active: Self-employed: Total,66,66,0
S01007899,Economically active: Self-employed: Part-time (1),2,2,0
S01007899,Economically active: Self-employed: Full-time (1),64,64,0
S01007899,Economically active: Unemployed (1),9,8,1
S01007899,Economically inactive,97,95,2
S01007900,All people aged 16 and over,451,444,7
S01007900,Economically active: Total,248,244,4
S01007900,Economically active: Employee: Total,199,198,1
S01007900,Economically active: Employee: Part-time (1),56,56,0
S01007900,Economically active: Employee: Full-time (1),143,142,1
S01007900,Economically active: Self-employed: Total,15,13,2
S01007900,Economically active: Self-employed: Part-time (1),3,3,0
S01007900,Economically active: Self-employed: Full-time (1),12,10,2
S01007900,Economically active: Unemployed (1),34,33,1
S01007900,Economically inactive,203,200,3
S01007901,All people aged 16 and over,576,563,13
S01007901,Economically active: Total,334,326,8
S01007901,Economically active: Employee: Total,264,260,4
S01007901,Economically active: Employee: Part-time (1),89,87,2
S01007901,Economically active: Employee: Full-time (1),175,173,2
S01007901,Economically active: Self-employed: Total,27,25,2
S01007901,Economically active: Self-employed: Part-time (1),7,7,0
S01007901,Economically active: Self-employed: Full-time (1),20,18,2
S01007901,Economically active: Unemployed (1),43,41,2
S01007901,Economically inactive,242,237,5
S01007902,All people aged 16 and over,732,713,19
S01007902,Economically active: Total,372,359,13
S01007902,Economically active: Employee: Total,298,290,8
S01007902,Economically active: Employee: Part-time (1),84,83,1
S01007902,Economically active: Employee: Full-time (1),214,207,7
S01007902,Economically active: Self-employed: Total,28,23,5
S01007902,Economically active: Self-employed: Part-time (1),5,5,0
S01007902,Economically active: Self-employed: Full-time (1),23,18,5
S01007902,Economically active: Unemployed (1),46,46,0
S01007902,Economically inactive,360,354,6
S01007903,All people aged 16 and over,563,560,3
S01007903,Economically active: Total,262,259,3
S01007903,Economically active: Employee: Total,199,198,1
S01007903,Economically active: Employee: Part-time (1),55,55,0
S01007903,Economically active: Employee: Full-time (1),144,143,1
S01007903,Economically active: Self-employed: Total,30,28,2
S01007903,Economically active: Self-employed: Part-time (1),7,7,0
S01007903,Economically active: Self-employed: Full-time (1),23,21,2
S01007903,Economically active: Unemployed (1),33,33,0
S01007903,Economically inactive,301,301,0
S01007904,All people aged 16 and over,697,679,18
S01007904,Economically active: Total,418,407,11
S01007904,Economically active: Employee: Total,300,290,10
S01007904,Economically active: Employee: Part-time (1),78,74,4
S01007904,Economically active: Employee: Full-time (1),222,216,6
S01007904,Economically active: Self-employed: Total,102,101,1
S01007904,Economically active: Self-employed: Part-time (1),12,11,1
S01007904,Economically active: Self-employed: Full-time (1),90,90,0
S01007904,Economically active: Unemployed (1),16,16,0
S01007904,Economically inactive,279,272,7
S01007905,All people aged 16 and over,547,542,5
S01007905,Economically active: Total,302,298,4
S01007905,Economically active: Employee: Total,226,222,4
S01007905,Economically active: Employee: Part-time (1),71,70,1
S01007905,Economically active: Employee: Full-time (1),155,152,3
S01007905,Economically active: Self-employed: Total,9,9,0
S01007905,Economically active: Self-employed: Part-time (1),2,2,0
S01007905,Economically active: Self-employed: Full-time (1),7,7,0
S01007905,Economically active: Unemployed (1),67,67,0
S01007905,Economically inactive,245,244,1
S01007906,All people aged 16 and over,625,618,7
S01007906,Economically active: Total,308,304,4
S01007906,Economically active: Employee: Total,240,236,4
S01007906,Economically active: Employee: Part-time (1),66,65,1
S01007906,Economically active: Employee: Full-time (1),174,171,3
S01007906,Economically active: Self-employed: Total,26,26,0
S01007906,Economically active: Self-employed: Part-time (1),8,8,0
S01007906,Economically active: Self-employed: Full-time (1),18,18,0
S01007906,Economically active: Unemployed (1),42,42,0
S01007906,Economically inactive,317,314,3
S01007907,All people aged 16 and over,475,474,1
S01007907,Economically active: Total,246,245,1
S01007907,Economically active: Employee: Total,203,203,0
S01007907,Economically active: Employee: Part-time (1),53,53,0
S01007907,Economically active: Employee: Full-time (1),150,150,0
S01007907,Economically active: Self-employed: Total,15,15,0
S01007907,Economically active: Self-employed: Part-time (1),4,4,0
S01007907,Economically active: Self-employed: Full-time (1),11,11,0
S01007907,Economically active: Unemployed (1),28,27,1
S01007907,Economically inactive,229,229,0
S01007908,All people aged 16 and over,796,790,6
S01007908,Economically active: Total,426,423,3
S01007908,Economically active: Employee: Total,339,338,1
S01007908,Economically active: Employee: Part-time (1),89,89,0
S01007908,Economically active: Employee: Full-time (1),250,249,1
S01007908,Economically active: Self-employed: Total,43,41,2
S01007908,Economically active: Self-employed: Part-time (1),9,9,0
S01007908,Economically active: Self-employed: Full-time (1),34,32,2
S01007908,Economically active: Unemployed (1),44,44,0
S01007908,Economically inactive,370,367,3
S01007909,All people aged 16 and over,422,418,4
S01007909,Economically active: Total,264,262,2
S01007909,Economically active: Employee: Total,222,220,2
S01007909,Economically active: Employee: Part-time (1),60,60,0
S01007909,Economically active: Employee: Full-time (1),162,160,2
S01007909,Economically active: Self-employed: Total,20,20,0
S01007909,Economically active: Self-employed: Part-time (1),5,5,0
S01007909,Economically active: Self-employed: Full-time (1),15,15,0
S01007909,Economically active: Unemployed (1),22,22,0
S01007909,Economically inactive,158,156,2
S01007910,All people aged 16 and over,695,685,10
S01007910,Economically active: Total,419,412,7
S01007910,Economically active: Employee: Total,323,318,5
S01007910,Economically active: Employee: Part-time (1),107,104,3
S01007910,Economically active: Employee: Full-time (1),216,214,2
S01007910,Economically active: Self-employed: Total,29,28,1
S01007910,Economically active: Self-employed: Part-time (1),9,9,0
S01007910,Economically active: Self-employed: Full-time (1),20,19,1
S01007910,Economically active: Unemployed (1),67,66,1
S01007910,Economically inactive,276,273,3
S01007911,All people aged 16 and over,633,630,3
S01007911,Economically active: Total,381,380,1
S01007911,Economically active: Employee: Total,326,325,1
S01007911,Economically active: Employee: Part-time (1),88,88,0
S01007911,Economically active: Employee: Full-time (1),238,237,1
S01007911,Economically active: Self-employed: Total,30,30,0
S01007911,Economically active: Self-employed: Part-time (1),8,8,0
S01007911,Economically active: Self-employed: Full-time (1),22,22,0
S01007911,Economically active: Unemployed (1),25,25,0
S01007911,Economically inactive,252,250,2
S01007912,All people aged 16 and over,662,656,6
S01007912,Economically active: Total,397,395,2
S01007912,Economically active: Employee: Total,324,323,1
S01007912,Economically active: Employee: Part-time (1),98,98,0
S01007912,Economically active: Employee: Full-time (1),226,225,1
S01007912,Economically active: Self-employed: Total,27,27,0
S01007912,Economically active: Self-employed: Part-time (1),8,8,0
S01007912,Economically active: Self-employed: Full-time (1),19,19,0
S01007912,Economically active: Unemployed (1),46,45,1
S01007912,Economically inactive,265,261,4
S01007913,All people aged 16 and over,509,505,4
S01007913,Economically active: Total,274,272,2
S01007913,Economically active: Employee: Total,214,212,2
S01007913,Economically active: Employee: Part-time (1),72,71,1
S01007913,Economically active: Employee: Full-time (1),142,141,1
S01007913,Economically active: Self-employed: Total,23,23,0
S01007913,Economically active: Self-employed: Part-time (1),6,6,0
S01007913,Economically active: Self-employed: Full-time (1),17,17,0
S01007913,Economically active: Unemployed (1),37,37,0
S01007913,Economically inactive,235,233,2
S01007914,All people aged 16 and over,517,514,3
S01007914,Economically active: Total,295,294,1
S01007914,Economically active: Employee: Total,219,219,0
S01007914,Economically active: Employee: Part-time (1),66,66,0
S01007914,Economically active: Employee: Full-time (1),153,153,0
S01007914,Economically active: Self-employed: Total,21,20,1
S01007914,Economically active: Self-employed: Part-time (1),3,3,0
S01007914,Economically active: Self-employed: Full-time (1),18,17,1
S01007914,Economically active: Unemployed (1),55,55,0
S01007914,Economically inactive,222,220,2
S01007915,All people aged 16 and over,686,673,13
S01007915,Economically active: Total,426,419,7
S01007915,Economically active: Employee: Total,342,338,4
S01007915,Economically active: Employee: Part-time (1),116,112,4
S01007915,Economically active: Employee: Full-time (1),226,226,0
S01007915,Economically active: Self-employed: Total,32,30,2
S01007915,Economically active: Self-employed: Part-time (1),8,6,2
S01007915,Economically active: Self-employed: Full-time (1),24,24,0
S01007915,Economically active: Unemployed (1),52,51,1
S01007915,Economically inactive,260,254,6
S01007916,All people aged 16 and over,704,695,9
S01007916,Economically active: Total,333,327,6
S01007916,Economically active: Employee: Total,274,268,6
S01007916,Economically active: Employee: Part-time (1),89,86,3
S01007916,Economically active: Employee: Full-time (1),185,182,3
S01007916,Economically active: Self-employed: Total,29,29,0
S01007916,Economically active: Self-employed: Part-time (1),3,3,0
S01007916,Economically active: Self-employed: Full-time (1),26,26,0
S01007916,Economically active: Unemployed (1),30,30,0
S01007916,Economically inactive,371,368,3
S01007917,All people aged 16 and over,731,725,6
S01007917,Economically active: Total,420,415,5
S01007917,Economically active: Employee: Total,340,336,4
S01007917,Economically active: Employee: Part-time (1),97,96,1
S01007917,Economically active: Employee: Full-time (1),243,240,3
S01007917,Economically active: Self-employed: Total,30,30,0
S01007917,Economically active: Self-employed: Part-time (1),7,7,0
S01007917,Economically active: Self-employed: Full-time (1),23,23,0
S01007917,Economically active: Unemployed (1),50,49,1
S01007917,Economically inactive,311,310,1
S01007918,All people aged 16 and over,794,780,14
S01007918,Economically active: Total,465,458,7
S01007918,Economically active: Employee: Total,373,366,7
S01007918,Economically active: Employee: Part-time (1),105,102,3
S01007918,Economically active: Employee: Full-time (1),268,264,4
S01007918,Economically active: Self-employed: Total,42,42,0
S01007918,Economically active: Self-employed: Part-time (1),9,9,0
S01007918,Economically active: Self-employed: Full-time (1),33,33,0
S01007918,Economically active: Unemployed (1),50,50,0
S01007918,Economically inactive,329,322,7
S01007919,All people aged 16 and over,649,639,10
S01007919,Economically active: Total,402,397,5
S01007919,Economically active: Employee: Total,339,335,4
S01007919,Economically active: Employee: Part-time (1),71,70,1
S01007919,Economically active: Employee: Full-time (1),268,265,3
S01007919,Economically active: Self-employed: Total,45,44,1
S01007919,Economically active: Self-employed: Part-time (1),12,12,0
S01007919,Economically active: Self-employed: Full-time (1),33,32,1
S01007919,Economically active: Unemployed (1),18,18,0
S01007919,Economically inactive,247,242,5
S01007920,All people aged 16 and over,493,470,23
S01007920,Economically active: Total,327,312,15
S01007920,Economically active: Employee: Total,282,273,9
S01007920,Economically active: Employee: Part-time (1),67,63,4
S01007920,Economically active: Employee: Full-time (1),215,210,5
S01007920,Economically active: Self-employed: Total,32,27,5
S01007920,Economically active: Self-employed: Part-time (1),9,8,1
S01007920,Economically active: Self-employed: Full-time (1),23,19,4
S01007920,Economically active: Unemployed (1),13,12,1
S01007920,Economically inactive,166,158,8
S01007921,All people aged 16 and over,776,765,11
S01007921,Economically active: Total,420,415,5
S01007921,Economically active: Employee: Total,321,318,3
S01007921,Economically active: Employee: Part-time (1),100,99,1
S01007921,Economically active: Employee: Full-time (1),221,219,2
S01007921,Economically active: Self-employed: Total,39,37,2
S01007921,Economically active: Self-employed: Part-time (1),14,14,0
S01007921,Economically active: Self-employed: Full-time (1),25,23,2
S01007921,Economically active: Unemployed (1),60,60,0
S01007921,Economically inactive,356,350,6
S01007922,All people aged 16 and over,718,701,17
S01007922,Economically active: Total,396,389,7
S01007922,Economically active: Employee: Total,295,290,5
S01007922,Economically active: Employee: Part-time (1),104,102,2
S01007922,Economically active: Employee: Full-time (1),191,188,3
S01007922,Economically active: Self-employed: Total,38,37,1
S01007922,Economically active: Self-employed: Part-time (1),8,8,0
S01007922,Economically active: Self-employed: Full-time (1),30,29,1
S01007922,Economically active: Unemployed (1),63,62,1
S01007922,Economically inactive,322,312,10
S01007923,All people aged 16 and over,814,785,29
S01007923,Economically active: Total,527,505,22
S01007923,Economically active: Employee: Total,438,418,20
S01007923,Economically active: Employee: Part-time (1),132,124,8
S01007923,Economically active: Employee: Full-time (1),306,294,12
S01007923,Economically active: Self-employed: Total,58,56,2
S01007923,Economically active: Self-employed: Part-time (1),12,12,0
S01007923,Economically active: Self-employed: Full-time (1),46,44,2
S01007923,Economically active: Unemployed (1),31,31,0
S01007923,Economically inactive,287,280,7
S01007924,All people aged 16 and over,826,803,23
S01007924,Economically active: Total,461,444,17
S01007924,Economically active: Employee: Total,351,340,11
S01007924,Economically active: Employee: Part-time (1),120,112,8
S01007924,Economically active: Employee: Full-time (1),231,228,3
S01007924,Economically active: Self-employed: Total,30,27,3
S01007924,Economically active: Self-employed: Part-time (1),3,3,0
S01007924,Economically active: Self-employed: Full-time (1),27,24,3
S01007924,Economically active: Unemployed (1),80,77,3
S01007924,Economically inactive,365,359,6
S01007925,All people aged 16 and over,387,376,11
S01007925,Economically active: Total,272,266,6
S01007925,Economically active: Employee: Total,164,160,4
S01007925,Economically active: Employee: Part-time (1),36,35,1
S01007925,Economically active: Employee: Full-time (1),128,125,3
S01007925,Economically active: Self-employed: Total,91,89,2
S01007925,Economically active: Self-employed: Part-time (1),17,16,1
S01007925,Economically active: Self-employed: Full-time (1),74,73,1
S01007925,Economically active: Unemployed (1),17,17,0
S01007925,Economically inactive,115,110,5
S01007926,All people aged 16 and over,393,383,10
S01007926,Economically active: Total,277,267,10
S01007926,Economically active: Employee: Total,194,187,7
S01007926,Economically active: Employee: Part-time (1),52,51,1
S01007926,Economically active: Employee: Full-time (1),142,136,6
S01007926,Economically active: Self-employed: Total,74,72,2
S01007926,Economically active: Self-employed: Part-time (1),15,15,0
S01007926,Economically active: Self-employed: Full-time (1),59,57,2
S01007926,Economically active: Unemployed (1),9,8,1
S01007926,Economically inactive,116,116,0
S01007927,All people aged 16 and over,525,507,18
S01007927,Economically active: Total,376,366,10
S01007927,Economically active: Employee: Total,246,238,8
S01007927,Economically active: Employee: Part-time (1),69,66,3
S01007927,Economically active: Employee: Full-time (1),177,172,5
S01007927,Economically active: Self-employed: Total,117,115,2
S01007927,Economically active: Self-employed: Part-time (1),26,25,1
S01007927,Economically active: Self-employed: Full-time (1),91,90,1
S01007927,Economically active: Unemployed (1),13,13,0
S01007927,Economically inactive,149,141,8
S01007928,All people aged 16 and over,850,822,28
S01007928,Economically active: Total,495,474,21
S01007928,Economically active: Employee: Total,381,363,18
S01007928,Economically active: Employee: Part-time (1),111,107,4
S01007928,Economically active: Employee: Full-time (1),270,256,14
S01007928,Economically active: Self-employed: Total,93,91,2
S01007928,Economically active: Self-employed: Part-time (1),22,22,0
S01007928,Economically active: Self-employed: Full-time (1),71,69,2
S01007928,Economically active: Unemployed (1),21,20,1
S01007928,Economically inactive,355,348,7
S01007929,All people aged 16 and over,598,577,21
S01007929,Economically active: Total,437,423,14
S01007929,Economically active: Employee: Total,293,280,13
S01007929,Economically active: Employee: Part-time (1),84,79,5
S01007929,Economically active: Employee: Full-time (1),209,201,8
S01007929,Economically active: Self-employed: Total,129,128,1
S01007929,Economically active: Self-employed: Part-time (1),19,18,1
S01007929,Economically active: Self-employed: Full-time (1),110,110,0
S01007929,Economically active: Unemployed (1),15,15,0
S01007929,Economically inactive,161,154,7
S01007930,All people aged 16 and over,473,458,15
S01007930,Economically active: Total,357,344,13
S01007930,Economically active: Employee: Total,238,231,7
S01007930,Economically active: Employee: Part-time (1),76,73,3
S01007930,Economically active: Employee: Full-time (1),162,158,4
S01007930,Economically active: Self-employed: Total,111,107,4
S01007930,Economically active: Self-employed: Part-time (1),21,20,1
S01007930,Economically active: Self-employed: Full-time (1),90,87,3
S01007930,Economically active: Unemployed (1),8,6,2
S01007930,Economically inactive,116,114,2
S01007931,All people aged 16 and over,912,863,49
S01007931,Economically active: Total,535,507,28
S01007931,Economically active: Employee: Total,445,419,26
S01007931,Economically active: Employee: Part-time (1),122,109,13
S01007931,Economically active: Employee: Full-time (1),323,310,13
S01007931,Economically active: Self-employed: Total,65,63,2
S01007931,Economically active: Self-employed: Part-time (1),18,17,1
S01007931,Economically active: Self-employed: Full-time (1),47,46,1
S01007931,Economically active: Unemployed (1),25,25,0
S01007931,Economically inactive,377,356,21
S01007932,All people aged 16 and over,725,709,16
S01007932,Economically active: Total,414,408,6
S01007932,Economically active: Employee: Total,327,322,5
S01007932,Economically active: Employee: Part-time (1),70,70,0
S01007932,Economically active: Employee: Full-time (1),257,252,5
S01007932,Economically active: Self-employed: Total,59,59,0
S01007932,Economically active: Self-employed: Part-time (1),21,21,0
S01007932,Economically active: Self-employed: Full-time (1),38,38,0
S01007932,Economically active: Unemployed (1),28,27,1
S01007932,Economically inactive,311,301,10
S01007933,All people aged 16 and over,650,622,28
S01007933,Economically active: Total,437,418,19
S01007933,Economically active: Employee: Total,347,334,13
S01007933,Economically active: Employee: Part-time (1),97,89,8
S01007933,Economically active: Employee: Full-time (1),250,245,5
S01007933,Economically active: Self-employed: Total,52,48,4
S01007933,Economically active: Self-employed: Part-time (1),16,13,3
S01007933,Economically active: Self-employed: Full-time (1),36,35,1
S01007933,Economically active: Unemployed (1),38,36,2
S01007933,Economically inactive,213,204,9
S01007934,All people aged 16 and over,561,548,13
S01007934,Economically active: Total,355,348,7
S01007934,Economically active: Employee: Total,284,277,7
S01007934,Economically active: Employee: Part-time (1),83,79,4
S01007934,Economically active: Employee: Full-time (1),201,198,3
S01007934,Economically active: Self-employed: Total,36,36,0
S01007934,Economically active: Self-employed: Part-time (1),10,10,0
S01007934,Economically active: Self-employed: Full-time (1),26,26,0
S01007934,Economically active: Unemployed (1),35,35,0
S01007934,Economically inactive,206,200,6
S01007935,All people aged 16 and over,678,654,24
S01007935,Economically active: Total,417,398,19
S01007935,Economically active: Employee: Total,316,300,16
S01007935,Economically active: Employee: Part-time (1),54,48,6
S01007935,Economically active: Employee: Full-time (1),262,252,10
S01007935,Economically active: Self-employed: Total,52,52,0
S01007935,Economically active: Self-employed: Part-time (1),12,12,0
S01007935,Economically active: Self-employed: Full-time (1),40,40,0
S01007935,Economically active: Unemployed (1),49,46,3
S01007935,Economically inactive,261,256,5
S01007936,All people aged 16 and over,791,763,28
S01007936,Economically active: Total,567,547,20
S01007936,Economically active: Employee: Total,491,474,17
S01007936,Economically active: Employee: Part-time (1),114,110,4
S01007936,Economically active: Employee: Full-time (1),377,364,13
S01007936,Economically active: Self-employed: Total,56,54,2
S01007936,Economically active: Self-employed: Part-time (1),21,20,1
S01007936,Economically active: Self-employed: Full-time (1),35,34,1
S01007936,Economically active: Unemployed (1),20,19,1
S01007936,Economically inactive,224,216,8
S01007937,All people aged 16 and over,865,844,21
S01007937,Economically active: Total,603,592,11
S01007937,Economically active: Employee: Total,495,485,10
S01007937,Economically active: Employee: Part-time (1),125,121,4
S01007937,Economically active: Employee: Full-time (1),370,364,6
S01007937,Economically active: Self-employed: Total,73,72,1
S01007937,Economically active: Self-employed: Part-time (1),16,16,0
S01007937,Economically active: Self-employed: Full-time (1),57,56,1
S01007937,Economically active: Unemployed (1),35,35,0
S01007937,Economically inactive,262,252,10
S01007938,All people aged 16 and over,632,622,10
S01007938,Economically active: Total,372,367,5
S01007938,Economically active: Employee: Total,295,292,3
S01007938,Economically active: Employee: Part-time (1),89,87,2
S01007938,Economically active: Employee: Full-time (1),206,205,1
S01007938,Economically active: Self-employed: Total,39,37,2
S01007938,Economically active: Self-employed: Part-time (1),19,18,1
S01007938,Economically active: Self-employed: Full-time (1),20,19,1
S01007938,Economically active: Unemployed (1),38,38,0
S01007938,Economically inactive,260,255,5
S01007939,All people aged 16 and over,713,698,15
S01007939,Economically active: Total,424,415,9
S01007939,Economically active: Employee: Total,318,312,6
S01007939,Economically active: Employee: Part-time (1),88,88,0
S01007939,Economically active: Employee: Full-time (1),230,224,6
S01007939,Economically active: Self-employed: Total,30,29,1
S01007939,Economically active: Self-employed: Part-time (1),12,11,1
S01007939,Economically active: Self-employed: Full-time (1),18,18,0
S01007939,Economically active: Unemployed (1),76,74,2
S01007939,Economically inactive,289,283,6
S01007940,All people aged 16 and over,871,852,19
S01007940,Economically active: Total,508,496,12
S01007940,Economically active: Employee: Total,400,390,10
S01007940,Economically active: Employee: Part-time (1),99,99,0
S01007940,Economically active: Employee: Full-time (1),301,291,10
S01007940,Economically active: Self-employed: Total,60,58,2
S01007940,Economically active: Self-employed: Part-time (1),15,15,0
S01007940,Economically active: Self-employed: Full-time (1),45,43,2
S01007940,Economically active: Unemployed (1),48,48,0
S01007940,Economically inactive,363,356,7
S01007941,All people aged 16 and over,544,531,13
S01007941,Economically active: Total,368,360,8
S01007941,Economically active: Employee: Total,308,302,6
S01007941,Economically active: Employee: Part-time (1),83,81,2
S01007941,Economically active: Employee: Full-time (1),225,221,4
S01007941,Economically active: Self-employed: Total,40,38,2
S01007941,Economically active: Self-employed: Part-time (1),17,17,0
S01007941,Economically active: Self-employed: Full-time (1),23,21,2
S01007941,Economically active: Unemployed (1),20,20,0
S01007941,Economically inactive,176,171,5
S01007942,All people aged 16 and over,362,356,6
S01007942,Economically active: Total,262,258,4
S01007942,Economically active: Employee: Total,211,207,4
S01007942,Economically active: Employee: Part-time (1),67,66,1
S01007942,Economically active: Employee: Full-time (1),144,141,3
S01007942,Economically active: Self-employed: Total,25,25,0
S01007942,Economically active: Self-employed: Part-time (1),6,6,0
S01007942,Economically active: Self-employed: Full-time (1),19,19,0
S01007942,Economically active: Unemployed (1),26,26,0
S01007942,Economically inactive,100,98,2
S01007943,All people aged 16 and over,564,552,12
S01007943,Economically active: Total,312,304,8
S01007943,Economically active: Employee: Total,250,243,7
S01007943,Economically active: Employee: Part-time (1),66,62,4
S01007943,Economically active: Employee: Full-time (1),184,181,3
S01007943,Economically active: Self-employed: Total,32,31,1
S01007943,Economically active: Self-employed: Part-time (1),9,9,0
S01007943,Economically active: Self-employed: Full-time (1),23,22,1
S01007943,Economically active: Unemployed (1),30,30,0
S01007943,Economically inactive,252,248,4
S01007944,All people aged 16 and over,764,750,14
S01007944,Economically active: Total,467,460,7
S01007944,Economically active: Employee: Total,358,351,7
S01007944,Economically active: Employee: Part-time (1),94,93,1
S01007944,Economically active: Employee: Full-time (1),264,258,6
S01007944,Economically active: Self-employed: Total,53,53,0
S01007944,Economically active: Self-employed: Part-time (1),13,13,0
S01007944,Economically active: Self-employed: Full-time (1),40,40,0
S01007944,Economically active: Unemployed (1),56,56,0
S01007944,Economically inactive,297,290,7
S01007945,All people aged 16 and over,723,706,17
S01007945,Economically active: Total,401,394,7
S01007945,Economically active: Employee: Total,282,278,4
S01007945,Economically active: Employee: Part-time (1),73,70,3
S01007945,Economically active: Employee: Full-time (1),209,208,1
S01007945,Economically active: Self-employed: Total,63,61,2
S01007945,Economically active: Self-employed: Part-time (1),16,15,1
S01007945,Economically active: Self-employed: Full-time (1),47,46,1
S01007945,Economically active: Unemployed (1),56,55,1
S01007945,Economically inactive,322,312,10
S01007946,All people aged 16 and over,663,656,7
S01007946,Economically active: Total,402,396,6
S01007946,Economically active: Employee: Total,302,298,4
S01007946,Economically active: Employee: Part-time (1),85,84,1
S01007946,Economically active: Employee: Full-time (1),217,214,3
S01007946,Economically active: Self-employed: Total,42,41,1
S01007946,Economically active: Self-employed: Part-time (1),8,8,0
S01007946,Economically active: Self-employed: Full-time (1),34,33,1
S01007946,Economically active: Unemployed (1),58,57,1
S01007946,Economically inactive,261,260,1
S01007947,All people aged 16 and over,618,598,20
S01007947,Economically active: Total,364,354,10
S01007947,Economically active: Employee: Total,290,284,6
S01007947,Economically active: Employee: Part-time (1),87,86,1
S01007947,Economically active: Employee: Full-time (1),203,198,5
S01007947,Economically active: Self-employed: Total,43,40,3
S01007947,Economically active: Self-employed: Part-time (1),12,10,2
S01007947,Economically active: Self-employed: Full-time (1),31,30,1
S01007947,Economically active: Unemployed (1),31,30,1
S01007947,Economically inactive,254,244,10
S01007948,All people aged 16 and over,526,509,17
S01007948,Economically active: Total,283,269,14
S01007948,Economically active: Employee: Total,194,185,9
S01007948,Economically active: Employee: Part-time (1),53,53,0
S01007948,Economically active: Employee: Full-time (1),141,132,9
S01007948,Economically active: Self-employed: Total,29,27,2
S01007948,Economically active: Self-employed: Part-time (1),13,12,1
S01007948,Economically active: Self-employed: Full-time (1),16,15,1
S01007948,Economically active: Unemployed (1),60,57,3
S01007948,Economically inactive,243,240,3
S01007949,All people aged 16 and over,654,644,10
S01007949,Economically active: Total,401,394,7
S01007949,Economically active: Employee: Total,342,336,6
S01007949,Economically active: Employee: Part-time (1),96,93,3
S01007949,Economically active: Employee: Full-time (1),246,243,3
S01007949,Economically active: Self-employed: Total,27,26,1
S01007949,Economically active: Self-employed: Part-time (1),5,5,0
S01007949,Economically active: Self-employed: Full-time (1),22,21,1
S01007949,Economically active: Unemployed (1),32,32,0
S01007949,Economically inactive,253,250,3
S01007950,All people aged 16 and over,735,724,11
S01007950,Economically active: Total,473,466,7
S01007950,Economically active: Employee: Total,395,389,6
S01007950,Economically active: Employee: Part-time (1),99,99,0
S01007950,Economically active: Employee: Full-time (1),296,290,6
S01007950,Economically active: Self-employed: Total,58,58,0
S01007950,Economically active: Self-employed: Part-time (1),11,11,0
S01007950,Economically active: Self-employed: Full-time (1),47,47,0
S01007950,Economically active: Unemployed (1),20,19,1
S01007950,Economically inactive,262,258,4
S01007951,All people aged 16 and over,619,605,14
S01007951,Economically active: Total,404,393,11
S01007951,Economically active: Employee: Total,329,319,10
S01007951,Economically active: Employee: Part-time (1),89,86,3
S01007951,Economically active: Employee: Full-time (1),240,233,7
S01007951,Economically active: Self-employed: Total,35,35,0
S01007951,Economically active: Self-employed: Part-time (1),8,8,0
S01007951,Economically active: Self-employed: Full-time (1),27,27,0
S01007951,Economically active: Unemployed (1),40,39,1
S01007951,Economically inactive,215,212,3
S01007952,All people aged 16 and over,543,528,15
S01007952,Economically active: Total,297,289,8
S01007952,Economically active: Employee: Total,208,202,6
S01007952,Economically active: Employee: Part-time (1),59,57,2
S01007952,Economically active: Employee: Full-time (1),149,145,4
S01007952,Economically active: Self-employed: Total,44,43,1
S01007952,Economically active: Self-employed: Part-time (1),10,10,0
S01007952,Economically active: Self-employed: Full-time (1),34,33,1
S01007952,Economically active: Unemployed (1),45,44,1
S01007952,Economically inactive,246,239,7
S01007953,All people aged 16 and over,763,756,7
S01007953,Economically active: Total,487,482,5
S01007953,Economically active: Employee: Total,387,382,5
S01007953,Economically active: Employee: Part-time (1),110,109,1
S01007953,Economically active: Employee: Full-time (1),277,273,4
S01007953,Economically active: Self-employed: Total,47,47,0
S01007953,Economically active: Self-employed: Part-time (1),14,14,0
S01007953,Economically active: Self-employed: Full-time (1),33,33,0
S01007953,Economically active: Unemployed (1),53,53,0
S01007953,Economically inactive,276,274,2
S01007954,All people aged 16 and over,586,576,10
S01007954,Economically active: Total,337,333,4
S01007954,Economically active: Employee: Total,263,259,4
S01007954,Economically active: Employee: Part-time (1),85,83,2
S01007954,Economically active: Employee: Full-time (1),178,176,2
S01007954,Economically active: Self-employed: Total,17,17,0
S01007954,Economically active: Self-employed: Part-time (1),4,4,0
S01007954,Economically active: Self-employed: Full-time (1),13,13,0
S01007954,Economically active: Unemployed (1),57,57,0
S01007954,Economically inactive,249,243,6
S01007955,All people aged 16 and over,636,619,17
S01007955,Economically active: Total,442,427,15
S01007955,Economically active: Employee: Total,347,337,10
S01007955,Economically active: Employee: Part-time (1),123,119,4
S01007955,Economically active: Employee: Full-time (1),224,218,6
S01007955,Economically active: Self-employed: Total,24,23,1
S01007955,Economically active: Self-employed: Part-time (1),4,4,0
S01007955,Economically active: Self-employed: Full-time (1),20,19,1
S01007955,Economically active: Unemployed (1),71,67,4
S01007955,Economically inactive,194,192,2
S01007956,All people aged 16 and over,577,565,12
S01007956,Economically active: Total,376,368,8
S01007956,Economically active: Employee: Total,295,288,7
S01007956,Economically active: Employee: Part-time (1),109,106,3
S01007956,Economically active: Employee: Full-time (1),186,182,4
S01007956,Economically active: Self-employed: Total,25,25,0
S01007956,Economically active: Self-employed: Part-time (1),4,4,0
S01007956,Economically active: Self-employed: Full-time (1),21,21,0
S01007956,Economically active: Unemployed (1),56,55,1
S01007956,Economically inactive,201,197,4
S01007957,All people aged 16 and over,795,766,29
S01007957,Economically active: Total,436,417,19
S01007957,Economically active: Employee: Total,370,353,17
S01007957,Economically active: Employee: Part-time (1),114,108,6
S01007957,Economically active: Employee: Full-time (1),256,245,11
S01007957,Economically active: Self-employed: Total,28,26,2
S01007957,Economically active: Self-employed: Part-time (1),9,8,1
S01007957,Economically active: Self-employed: Full-time (1),19,18,1
S01007957,Economically active: Unemployed (1),38,38,0
S01007957,Economically inactive,359,349,10
S01007958,All people aged 16 and over,740,729,11
S01007958,Economically active: Total,426,418,8
S01007958,Economically active: Employee: Total,322,317,5
S01007958,Economically active: Employee: Part-time (1),83,81,2
S01007958,Economically active: Employee: Full-time (1),239,236,3
S01007958,Economically active: Self-employed: Total,22,20,2
S01007958,Economically active: Self-employed: Part-time (1),7,6,1
S01007958,Economically active: Self-employed: Full-time (1),15,14,1
S01007958,Economically active: Unemployed (1),82,81,1
S01007958,Economically inactive,314,311,3
S01007959,All people aged 16 and over,690,671,19
S01007959,Economically active: Total,417,403,14
S01007959,Economically active: Employee: Total,356,345,11
S01007959,Economically active: Employee: Part-time (1),100,97,3
S01007959,Economically active: Employee: Full-time (1),256,248,8
S01007959,Economically active: Self-employed: Total,36,34,2
S01007959,Economically active: Self-employed: Part-time (1),14,12,2
S01007959,Economically active: Self-employed: Full-time (1),22,22,0
S01007959,Economically active: Unemployed (1),25,24,1
S01007959,Economically inactive,273,268,5
S01007960,All people aged 16 and over,571,566,5
S01007960,Economically active: Total,370,366,4
S01007960,Economically active: Employee: Total,309,305,4
S01007960,Economically active: Employee: Part-time (1),92,91,1
S01007960,Economically active: Employee: Full-time (1),217,214,3
S01007960,Economically active: Self-employed: Total,22,22,0
S01007960,Economically active: Self-employed: Part-time (1),8,8,0
S01007960,Economically active: Self-employed: Full-time (1),14,14,0
S01007960,Economically active: Unemployed (1),39,39,0
S01007960,Economically inactive,201,200,1
S01007961,All people aged 16 and over,1103,1079,24
S01007961,Economically active: Total,477,471,6
S01007961,Economically active: Employee: Total,296,291,5
S01007961,Economically active: Employee: Part-time (1),77,76,1
S01007961,Economically active: Employee: Full-time (1),219,215,4
S01007961,Economically active: Self-employed: Total,155,154,1
S01007961,Economically active: Self-employed: Part-time (1),36,36,0
S01007961,Economically active: Self-employed: Full-time (1),119,118,1
S01007961,Economically active: Unemployed (1),26,26,0
S01007961,Economically inactive,626,608,18
S01007962,All people aged 16 and over,443,427,16
S01007962,Economically active: Total,284,278,6
S01007962,Economically active: Employee: Total,218,213,5
S01007962,Economically active: Employee: Part-time (1),69,66,3
S01007962,Economically active: Employee: Full-time (1),149,147,2
S01007962,Economically active: Self-employed: Total,28,27,1
S01007962,Economically active: Self-employed: Part-time (1),8,8,0
S01007962,Economically active: Self-employed: Full-time (1),20,19,1
S01007962,Economically active: Unemployed (1),38,38,0
S01007962,Economically inactive,159,149,10
S01007963,All people aged 16 and over,702,674,28
S01007963,Economically active: Total,369,352,17
S01007963,Economically active: Employee: Total,222,210,12
S01007963,Economically active: Employee: Part-time (1),92,89,3
S01007963,Economically active: Employee: Full-time (1),130,121,9
S01007963,Economically active: Self-employed: Total,27,23,4
S01007963,Economically active: Self-employed: Part-time (1),7,5,2
S01007963,Economically active: Self-employed: Full-time (1),20,18,2
S01007963,Economically active: Unemployed (1),120,119,1
S01007963,Economically inactive,333,322,11
S01007964,All people aged 16 and over,643,630,13
S01007964,Economically active: Total,358,348,10
S01007964,Economically active: Employee: Total,275,270,5
S01007964,Economically active: Employee: Part-time (1),105,102,3
S01007964,Economically active: Employee: Full-time (1),170,168,2
S01007964,Economically active: Self-employed: Total,25,23,2
S01007964,Economically active: Self-employed: Part-time (1),7,7,0
S01007964,Economically active: Self-employed: Full-time (1),18,16,2
S01007964,Economically active: Unemployed (1),58,55,3
S01007964,Economically inactive,285,282,3
S01007965,All people aged 16 and over,456,445,11
S01007965,Economically active: Total,274,268,6
S01007965,Economically active: Employee: Total,224,221,3
S01007965,Economically active: Employee: Part-time (1),79,77,2
S01007965,Economically active: Employee: Full-time (1),145,144,1
S01007965,Economically active: Self-employed: Total,14,12,2
S01007965,Economically active: Self-employed: Part-time (1),6,6,0
S01007965,Economically active: Self-employed: Full-time (1),8,6,2
S01007965,Economically active: Unemployed (1),36,35,1
S01007965,Economically inactive,182,177,5
S01007966,All people aged 16 and over,733,713,20
S01007966,Economically active: Total,400,389,11
S01007966,Economically active: Employee: Total,309,303,6
S01007966,Economically active: Employee: Part-time (1),116,113,3
S01007966,Economically active: Employee: Full-time (1),193,190,3
S01007966,Economically active: Self-employed: Total,19,17,2
S01007966,Economically active: Self-employed: Part-time (1),7,5,2
S01007966,Economically active: Self-employed: Full-time (1),12,12,0
S01007966,Economically active: Unemployed (1),72,69,3
S01007966,Economically inactive,333,324,9
S01007967,All people aged 16 and over,464,448,16
S01007967,Economically active: Total,296,286,10
S01007967,Economically active: Employee: Total,223,215,8
S01007967,Economically active: Employee: Part-time (1),99,96,3
S01007967,Economically active: Employee: Full-time (1),124,119,5
S01007967,Economically active: Self-employed: Total,14,14,0
S01007967,Economically active: Self-employed: Part-time (1),3,3,0
S01007967,Economically active: Self-employed: Full-time (1),11,11,0
S01007967,Economically active: Unemployed (1),59,57,2
S01007967,Economically inactive,168,162,6
S01007968,All people aged 16 and over,741,722,19
S01007968,Economically active: Total,421,409,12
S01007968,Economically active: Employee: Total,352,340,12
S01007968,Economically active: Employee: Part-time (1),107,103,4
S01007968,Economically active: Employee: Full-time (1),245,237,8
S01007968,Economically active: Self-employed: Total,24,24,0
S01007968,Economically active: Self-employed: Part-time (1),5,5,0
S01007968,Economically active: Self-employed: Full-time (1),19,19,0
S01007968,Economically active: Unemployed (1),45,45,0
S01007968,Economically inactive,320,313,7
S01007969,All people aged 16 and over,700,684,16
S01007969,Economically active: Total,404,394,10
S01007969,Economically active: Employee: Total,337,330,7
S01007969,Economically active: Employee: Part-time (1),101,98,3
S01007969,Economically active: Employee: Full-time (1),236,232,4
S01007969,Economically active: Self-employed: Total,29,28,1
S01007969,Economically active: Self-employed: Part-time (1),3,3,0
S01007969,Economically active: Self-employed: Full-time (1),26,25,1
S01007969,Economically active: Unemployed (1),38,36,2
S01007969,Economically inactive,296,290,6
S01007970,All people aged 16 and over,707,695,12
S01007970,Economically active: Total,451,442,9
S01007970,Economically active: Employee: Total,373,367,6
S01007970,Economically active: Employee: Part-time (1),103,103,0
S01007970,Economically active: Employee: Full-time (1),270,264,6
S01007970,Economically active: Self-employed: Total,25,24,1
S01007970,Economically active: Self-employed: Part-time (1),9,9,0
S01007970,Economically active: Self-employed: Full-time (1),16,15,1
S01007970,Economically active: Unemployed (1),53,51,2
S01007970,Economically inactive,256,253,3
S01007971,All people aged 16 and over,796,779,17
S01007971,Economically active: Total,450,442,8
S01007971,Economically active: Employee: Total,363,358,5
S01007971,Economically active: Employee: Part-time (1),104,103,1
S01007971,Economically active: Employee: Full-time (1),259,255,4
S01007971,Economically active: Self-employed: Total,23,22,1
S01007971,Economically active: Self-employed: Part-time (1),14,14,0
S01007971,Economically active: Self-employed: Full-time (1),9,8,1
S01007971,Economically active: Unemployed (1),64,62,2
S01007971,Economically inactive,346,337,9
S01007972,All people aged 16 and over,705,697,8
S01007972,Economically active: Total,447,441,6
S01007972,Economically active: Employee: Total,371,366,5
S01007972,Economically active: Employee: Part-time (1),116,114,2
S01007972,Economically active: Employee: Full-time (1),255,252,3
S01007972,Economically active: Self-employed: Total,26,25,1
S01007972,Economically active: Self-employed: Part-time (1),8,8,0
S01007972,Economically active: Self-employed: Full-time (1),18,17,1
S01007972,Economically active: Unemployed (1),50,50,0
S01007972,Economically inactive,258,256,2
S01007973,All people aged 16 and over,724,712,12
S01007973,Economically active: Total,485,478,7
S01007973,Economically active: Employee: Total,431,424,7
S01007973,Economically active: Employee: Part-time (1),119,117,2
S01007973,Economically active: Employee: Full-time (1),312,307,5
S01007973,Economically active: Self-employed: Total,38,38,0
S01007973,Economically active: Self-employed: Part-time (1),16,16,0
S01007973,Economically active: Self-employed: Full-time (1),22,22,0
S01007973,Economically active: Unemployed (1),16,16,0
S01007973,Economically inactive,239,234,5
S01007974,All people aged 16 and over,699,687,12
S01007974,Economically active: Total,376,370,6
S01007974,Economically active: Employee: Total,314,311,3
S01007974,Economically active: Employee: Part-time (1),100,99,1
S01007974,Economically active: Employee: Full-time (1),214,212,2
S01007974,Economically active: Self-employed: Total,22,21,1
S01007974,Economically active: Self-employed: Part-time (1),4,4,0
S01007974,Economically active: Self-employed: Full-time (1),18,17,1
S01007974,Economically active: Unemployed (1),40,38,2
S01007974,Economically inactive,323,317,6
S01007975,All people aged 16 and over,561,549,12
S01007975,Economically active: Total,321,311,10
S01007975,Economically active: Employee: Total,256,246,10
S01007975,Economically active: Employee: Part-time (1),83,83,0
S01007975,Economically active: Employee: Full-time (1),173,163,10
S01007975,Economically active: Self-employed: Total,23,23,0
S01007975,Economically active: Self-employed: Part-time (1),9,9,0
S01007975,Economically active: Self-employed: Full-time (1),14,14,0
S01007975,Economically active: Unemployed (1),42,42,0
S01007975,Economically inactive,240,238,2
S01007976,All people aged 16 and over,645,626,19
S01007976,Economically active: Total,354,341,13
S01007976,Economically active: Employee: Total,274,266,8
S01007976,Economically active: Employee: Part-time (1),61,58,3
S01007976,Economically active: Employee: Full-time (1),213,208,5
S01007976,Economically active: Self-employed: Total,27,26,1
S01007976,Economically active: Self-employed: Part-time (1),10,10,0
S01007976,Economically active: Self-employed: Full-time (1),17,16,1
S01007976,Economically active: Unemployed (1),53,49,4
S01007976,Economically inactive,291,285,6
S01007977,All people aged 16 and over,558,549,9
S01007977,Economically active: Total,392,383,9
S01007977,Economically active: Employee: Total,343,334,9
S01007977,Economically active: Employee: Part-time (1),88,87,1
S01007977,Economically active: Employee: Full-time (1),255,247,8
S01007977,Economically active: Self-employed: Total,31,31,0
S01007977,Economically active: Self-employed: Part-time (1),5,5,0
S01007977,Economically active: Self-employed: Full-time (1),26,26,0
S01007977,Economically active: Unemployed (1),18,18,0
S01007977,Economically inactive,166,166,0
S01007978,All people aged 16 and over,505,494,11
S01007978,Economically active: Total,348,341,7
S01007978,Economically active: Employee: Total,289,284,5
S01007978,Economically active: Employee: Part-time (1),58,57,1
S01007978,Economically active: Employee: Full-time (1),231,227,4
S01007978,Economically active: Self-employed: Total,19,17,2
S01007978,Economically active: Self-employed: Part-time (1),2,2,0
S01007978,Economically active: Self-employed: Full-time (1),17,15,2
S01007978,Economically active: Unemployed (1),40,40,0
S01007978,Economically inactive,157,153,4
S01007979,All people aged 16 and over,707,683,24
S01007979,Economically active: Total,469,453,16
S01007979,Economically active: Employee: Total,386,372,14
S01007979,Economically active: Employee: Part-time (1),88,83,5
S01007979,Economically active: Employee: Full-time (1),298,289,9
S01007979,Economically active: Self-employed: Total,53,51,2
S01007979,Economically active: Self-employed: Part-time (1),11,10,1
S01007979,Economically active: Self-employed: Full-time (1),42,41,1
S01007979,Economically active: Unemployed (1),30,30,0
S01007979,Economically inactive,238,230,8
S01007980,All people aged 16 and over,611,596,15
S01007980,Economically active: Total,370,360,10
S01007980,Economically active: Employee: Total,304,294,10
S01007980,Economically active: Employee: Part-time (1),84,80,4
S01007980,Economically active: Employee: Full-time (1),220,214,6
S01007980,Economically active: Self-employed: Total,35,35,0
S01007980,Economically active: Self-employed: Part-time (1),10,10,0
S01007980,Economically active: Self-employed: Full-time (1),25,25,0
S01007980,Economically active: Unemployed (1),31,31,0
S01007980,Economically inactive,241,236,5
S01007981,All people aged 16 and over,488,478,10
S01007981,Economically active: Total,267,261,6
S01007981,Economically active: Employee: Total,216,212,4
S01007981,Economically active: Employee: Part-time (1),67,65,2
S01007981,Economically active: Employee: Full-time (1),149,147,2
S01007981,Economically active: Self-employed: Total,37,35,2
S01007981,Economically active: Self-employed: Part-time (1),7,5,2
S01007981,Economically active: Self-employed: Full-time (1),30,30,0
S01007981,Economically active: Unemployed (1),14,14,0
S01007981,Economically inactive,221,217,4
S01007982,All people aged 16 and over,439,435,4
S01007982,Economically active: Total,260,258,2
S01007982,Economically active: Employee: Total,226,224,2
S01007982,Economically active: Employee: Part-time (1),73,73,0
S01007982,Economically active: Employee: Full-time (1),153,151,2
S01007982,Economically active: Self-employed: Total,23,23,0
S01007982,Economically active: Self-employed: Part-time (1),4,4,0
S01007982,Economically active: Self-employed: Full-time (1),19,19,0
S01007982,Economically active: Unemployed (1),11,11,0
S01007982,Economically inactive,179,177,2
S01007983,All people aged 16 and over,649,633,16
S01007983,Economically active: Total,335,327,8
S01007983,Economically active: Employee: Total,257,252,5
S01007983,Economically active: Employee: Part-time (1),108,104,4
S01007983,Economically active: Employee: Full-time (1),149,148,1
S01007983,Economically active: Self-employed: Total,26,24,2
S01007983,Economically active: Self-employed: Part-time (1),6,6,0
S01007983,Economically active: Self-employed: Full-time (1),20,18,2
S01007983,Economically active: Unemployed (1),52,51,1
S01007983,Economically inactive,314,306,8
S01007984,All people aged 16 and over,681,662,19
S01007984,Economically active: Total,396,381,15
S01007984,Economically active: Employee: Total,328,316,12
S01007984,Economically active: Employee: Part-time (1),106,103,3
S01007984,Economically active: Employee: Full-time (1),222,213,9
S01007984,Economically active: Self-employed: Total,30,29,1
S01007984,Economically active: Self-employed: Part-time (1),8,7,1
S01007984,Economically active: Self-employed: Full-time (1),22,22,0
S01007984,Economically active: Unemployed (1),38,36,2
S01007984,Economically inactive,285,281,4
S01007985,All people aged 16 and over,744,723,21
S01007985,Economically active: Total,430,419,11
S01007985,Economically active: Employee: Total,330,325,5
S01007985,Economically active: Employee: Part-time (1),100,98,2
S01007985,Economically active: Employee: Full-time (1),230,227,3
S01007985,Economically active: Self-employed: Total,25,23,2
S01007985,Economically active: Self-employed: Part-time (1),1,1,0
S01007985,Economically active: Self-employed: Full-time (1),24,22,2
S01007985,Economically active: Unemployed (1),75,71,4
S01007985,Economically inactive,314,304,10
S01007986,All people aged 16 and over,475,467,8
S01007986,Economically active: Total,279,273,6
S01007986,Economically active: Employee: Total,240,234,6
S01007986,Economically active: Employee: Part-time (1),72,71,1
S01007986,Economically active: Employee: Full-time (1),168,163,5
S01007986,Economically active: Self-employed: Total,17,17,0
S01007986,Economically active: Self-employed: Part-time (1),3,3,0
S01007986,Economically active: Self-employed: Full-time (1),14,14,0
S01007986,Economically active: Unemployed (1),22,22,0
S01007986,Economically inactive,196,194,2
S01007987,All people aged 16 and over,621,606,15
S01007987,Economically active: Total,419,406,13
S01007987,Economically active: Employee: Total,357,346,11
S01007987,Economically active: Employee: Part-time (1),108,104,4
S01007987,Economically active: Employee: Full-time (1),249,242,7
S01007987,Economically active: Self-employed: Total,30,30,0
S01007987,Economically active: Self-employed: Part-time (1),5,5,0
S01007987,Economically active: Self-employed: Full-time (1),25,25,0
S01007987,Economically active: Unemployed (1),32,30,2
S01007987,Economically inactive,202,200,2
S01007988,All people aged 16 and over,667,651,16
S01007988,Economically active: Total,375,363,12
S01007988,Economically active: Employee: Total,316,308,8
S01007988,Economically active: Employee: Part-time (1),104,101,3
S01007988,Economically active: Employee: Full-time (1),212,207,5
S01007988,Economically active: Self-employed: Total,21,19,2
S01007988,Economically active: Self-employed: Part-time (1),5,5,0
S01007988,Economically active: Self-employed: Full-time (1),16,14,2
S01007988,Economically active: Unemployed (1),38,36,2
S01007988,Economically inactive,292,288,4
S01007989,All people aged 16 and over,551,531,20
S01007989,Economically active: Total,369,355,14
S01007989,Economically active: Employee: Total,297,285,12
S01007989,Economically active: Employee: Part-time (1),103,94,9
S01007989,Economically active: Employee: Full-time (1),194,191,3
S01007989,Economically active: Self-employed: Total,27,25,2
S01007989,Economically active: Self-employed: Part-time (1),8,8,0
S01007989,Economically active: Self-employed: Full-time (1),19,17,2
S01007989,Economically active: Unemployed (1),45,45,0
S01007989,Economically inactive,182,176,6
S01007990,All people aged 16 and over,683,660,23
S01007990,Economically active: Total,509,493,16
S01007990,Economically active: Employee: Total,422,406,16
S01007990,Economically active: Employee: Part-time (1),131,126,5
S01007990,Economically active: Employee: Full-time (1),291,280,11
S01007990,Economically active: Self-employed: Total,27,27,0
S01007990,Economically active: Self-employed: Part-time (1),11,11,0
S01007990,Economically active: Self-employed: Full-time (1),16,16,0
S01007990,Economically active: Unemployed (1),60,60,0
S01007990,Economically inactive,174,167,7
S01007991,All people aged 16 and over,720,681,39
S01007991,Economically active: Total,594,568,26
S01007991,Economically active: Employee: Total,516,498,18
S01007991,Economically active: Employee: Part-time (1),138,135,3
S01007991,Economically active: Employee: Full-time (1),378,363,15
S01007991,Economically active: Self-employed: Total,52,47,5
S01007991,Economically active: Self-employed: Part-time (1),18,14,4
S01007991,Economically active: Self-employed: Full-time (1),34,33,1
S01007991,Economically active: Unemployed (1),26,23,3
S01007991,Economically inactive,126,113,13
S01007992,All people aged 16 and over,494,458,36
S01007992,Economically active: Total,396,368,28
S01007992,Economically active: Employee: Total,338,316,22
S01007992,Economically active: Employee: Part-time (1),93,85,8
S01007992,Economically active: Employee: Full-time (1),245,231,14
S01007992,Economically active: Self-employed: Total,46,41,5
S01007992,Economically active: Self-employed: Part-time (1),11,11,0
S01007992,Economically active: Self-employed: Full-time (1),35,30,5
S01007992,Economically active: Unemployed (1),12,11,1
S01007992,Economically inactive,98,90,8
S01007993,All people aged 16 and over,703,690,13
S01007993,Economically active: Total,503,492,11
S01007993,Economically active: Employee: Total,429,420,9
S01007993,Economically active: Employee: Part-time (1),117,114,3
S01007993,Economically active: Employee: Full-time (1),312,306,6
S01007993,Economically active: Self-employed: Total,47,45,2
S01007993,Economically active: Self-employed: Part-time (1),10,10,0
S01007993,Economically active: Self-employed: Full-time (1),37,35,2
S01007993,Economically active: Unemployed (1),27,27,0
S01007993,Economically inactive,200,198,2
S01007994,All people aged 16 and over,605,569,36
S01007994,Economically active: Total,507,478,29
S01007994,Economically active: Employee: Total,434,412,22
S01007994,Economically active: Employee: Part-time (1),102,99,3
S01007994,Economically active: Employee: Full-time (1),332,313,19
S01007994,Economically active: Self-employed: Total,52,48,4
S01007994,Economically active: Self-employed: Part-time (1),18,16,2
S01007994,Economically active: Self-employed: Full-time (1),34,32,2
S01007994,Economically active: Unemployed (1),21,18,3
S01007994,Economically inactive,98,91,7
S01007995,All people aged 16 and over,683,658,25
S01007995,Economically active: Total,540,519,21
S01007995,Economically active: Employee: Total,482,465,17
S01007995,Economically active: Employee: Part-time (1),149,141,8
S01007995,Economically active: Employee: Full-time (1),333,324,9
S01007995,Economically active: Self-employed: Total,35,33,2
S01007995,Economically active: Self-employed: Part-time (1),12,12,0
S01007995,Economically active: Self-employed: Full-time (1),23,21,2
S01007995,Economically active: Unemployed (1),23,21,2
S01007995,Economically inactive,143,139,4
S01007996,All people aged 16 and over,392,376,16
S01007996,Economically active: Total,251,241,10
S01007996,Economically active: Employee: Total,202,196,6
S01007996,Economically active: Employee: Part-time (1),55,53,2
S01007996,Economically active: Employee: Full-time (1),147,143,4
S01007996,Economically active: Self-employed: Total,39,37,2
S01007996,Economically active: Self-employed: Part-time (1),10,10,0
S01007996,Economically active: Self-employed: Full-time (1),29,27,2
S01007996,Economically active: Unemployed (1),10,8,2
S01007996,Economically inactive,141,135,6
S01007997,All people aged 16 and over,581,553,28
S01007997,Economically active: Total,358,338,20
S01007997,Economically active: Employee: Total,288,273,15
S01007997,Economically active: Employee: Part-time (1),71,68,3
S01007997,Economically active: Employee: Full-time (1),217,205,12
S01007997,Economically active: Self-employed: Total,51,47,4
S01007997,Economically active: Self-employed: Part-time (1),16,16,0
S01007997,Economically active: Self-employed: Full-time (1),35,31,4
S01007997,Economically active: Unemployed (1),19,18,1
S01007997,Economically inactive,223,215,8
S01007998,All people aged 16 and over,451,435,16
S01007998,Economically active: Total,274,260,14
S01007998,Economically active: Employee: Total,218,212,6
S01007998,Economically active: Employee: Part-time (1),52,51,1
S01007998,Economically active: Employee: Full-time (1),166,161,5
S01007998,Economically active: Self-employed: Total,45,38,7
S01007998,Economically active: Self-employed: Part-time (1),12,10,2
S01007998,Economically active: Self-employed: Full-time (1),33,28,5
S01007998,Economically active: Unemployed (1),11,10,1
S01007998,Economically inactive,177,175,2
S01007999,All people aged 16 and over,544,535,9
S01007999,Economically active: Total,353,348,5
S01007999,Economically active: Employee: Total,289,286,3
S01007999,Economically active: Employee: Part-time (1),92,92,0
S01007999,Economically active: Employee: Full-time (1),197,194,3
S01007999,Economically active: Self-employed: Total,29,27,2
S01007999,Economically active: Self-employed: Part-time (1),8,7,1
S01007999,Economically active: Self-employed: Full-time (1),21,20,1
S01007999,Economically active: Unemployed (1),35,35,0
S01007999,Economically inactive,191,187,4
S01008000,All people aged 16 and over,733,722,11
S01008000,Economically active: Total,415,408,7
S01008000,Economically active: Employee: Total,329,323,6
S01008000,Economically active: Employee: Part-time (1),107,104,3
S01008000,Economically active: Employee: Full-time (1),222,219,3
S01008000,Economically active: Self-employed: Total,20,20,0
S01008000,Economically active: Self-employed: Part-time (1),6,6,0
S01008000,Economically active: Self-employed: Full-time (1),14,14,0
S01008000,Economically active: Unemployed (1),66,65,1
S01008000,Economically inactive,318,314,4
S01008001,All people aged 16 and over,655,641,14
S01008001,Economically active: Total,367,359,8
S01008001,Economically active: Employee: Total,272,270,2
S01008001,Economically active: Employee: Part-time (1),102,101,1
S01008001,Economically active: Employee: Full-time (1),170,169,1
S01008001,Economically active: Self-employed: Total,14,14,0
S01008001,Economically active: Self-employed: Part-time (1),6,6,0
S01008001,Economically active: Self-employed: Full-time (1),8,8,0
S01008001,Economically active: Unemployed (1),81,75,6
S01008001,Economically inactive,288,282,6
S01008002,All people aged 16 and over,611,594,17
S01008002,Economically active: Total,377,364,13
S01008002,Economically active: Employee: Total,245,239,6
S01008002,Economically active: Employee: Part-time (1),85,82,3
S01008002,Economically active: Employee: Full-time (1),160,157,3
S01008002,Economically active: Self-employed: Total,39,34,5
S01008002,Economically active: Self-employed: Part-time (1),21,19,2
S01008002,Economically active: Self-employed: Full-time (1),18,15,3
S01008002,Economically active: Unemployed (1),93,91,2
S01008002,Economically inactive,234,230,4
S01008003,All people aged 16 and over,533,502,31
S01008003,Economically active: Total,316,296,20
S01008003,Economically active: Employee: Total,255,241,14
S01008003,Economically active: Employee: Part-time (1),61,57,4
S01008003,Economically active: Employee: Full-time (1),194,184,10
S01008003,Economically active: Self-employed: Total,29,25,4
S01008003,Economically active: Self-employed: Part-time (1),6,5,1
S01008003,Economically active: Self-employed: Full-time (1),23,20,3
S01008003,Economically active: Unemployed (1),32,30,2
S01008003,Economically inactive,217,206,11
S01008004,All people aged 16 and over,465,440,25
S01008004,Economically active: Total,354,336,18
S01008004,Economically active: Employee: Total,305,289,16
S01008004,Economically active: Employee: Part-time (1),78,72,6
S01008004,Economically active: Employee: Full-time (1),227,217,10
S01008004,Economically active: Self-employed: Total,24,22,2
S01008004,Economically active: Self-employed: Part-time (1),5,4,1
S01008004,Economically active: Self-employed: Full-time (1),19,18,1
S01008004,Economically active: Unemployed (1),25,25,0
S01008004,Economically inactive,111,104,7
S01008005,All people aged 16 and over,397,375,22
S01008005,Economically active: Total,322,308,14
S01008005,Economically active: Employee: Total,270,259,11
S01008005,Economically active: Employee: Part-time (1),65,63,2
S01008005,Economically active: Employee: Full-time (1),205,196,9
S01008005,Economically active: Self-employed: Total,27,25,2
S01008005,Economically active: Self-employed: Part-time (1),8,7,1
S01008005,Economically active: Self-employed: Full-time (1),19,18,1
S01008005,Economically active: Unemployed (1),25,24,1
S01008005,Economically inactive,75,67,8
S01008006,All people aged 16 and over,445,437,8
S01008006,Economically active: Total,217,212,5
S01008006,Economically active: Employee: Total,158,156,2
S01008006,Economically active: Employee: Part-time (1),45,45,0
S01008006,Economically active: Employee: Full-time (1),113,111,2
S01008006,Economically active: Self-employed: Total,15,15,0
S01008006,Economically active: Self-employed: Part-time (1),8,8,0
S01008006,Economically active: Self-employed: Full-time (1),7,7,0
S01008006,Economically active: Unemployed (1),44,41,3
S01008006,Economically inactive,228,225,3
S01008007,All people aged 16 and over,336,326,10
S01008007,Economically active: Total,221,216,5
S01008007,Economically active: Employee: Total,161,156,5
S01008007,Economically active: Employee: Part-time (1),54,54,0
S01008007,Economically active: Employee: Full-time (1),107,102,5
S01008007,Economically active: Self-employed: Total,7,7,0
S01008007,Economically active: Self-employed: Part-time (1),2,2,0
S01008007,Economically active: Self-employed: Full-time (1),5,5,0
S01008007,Economically active: Unemployed (1),53,53,0
S01008007,Economically inactive,115,110,5
S01008008,All people aged 16 and over,459,428,31
S01008008,Economically active: Total,294,268,26
S01008008,Economically active: Employee: Total,228,207,21
S01008008,Economically active: Employee: Part-time (1),76,70,6
S01008008,Economically active: Employee: Full-time (1),152,137,15
S01008008,Economically active: Self-employed: Total,24,21,3
S01008008,Economically active: Self-employed: Part-time (1),8,7,1
S01008008,Economically active: Self-employed: Full-time (1),16,14,2
S01008008,Economically active: Unemployed (1),42,40,2
S01008008,Economically inactive,165,160,5
S01008009,All people aged 16 and over,590,573,17
S01008009,Economically active: Total,363,348,15
S01008009,Economically active: Employee: Total,271,261,10
S01008009,Economically active: Employee: Part-time (1),86,83,3
S01008009,Economically active: Employee: Full-time (1),185,178,7
S01008009,Economically active: Self-employed: Total,31,26,5
S01008009,Economically active: Self-employed: Part-time (1),11,8,3
S01008009,Economically active: Self-employed: Full-time (1),20,18,2
S01008009,Economically active: Unemployed (1),61,61,0
S01008009,Economically inactive,227,225,2
S01008010,All people aged 16 and over,747,709,38
S01008010,Economically active: Total,487,459,28
S01008010,Economically active: Employee: Total,351,332,19
S01008010,Economically active: Employee: Part-time (1),82,79,3
S01008010,Economically active: Employee: Full-time (1),269,253,16
S01008010,Economically active: Self-employed: Total,43,38,5
S01008010,Economically active: Self-employed: Part-time (1),10,9,1
S01008010,Economically active: Self-employed: Full-time (1),33,29,4
S01008010,Economically active: Unemployed (1),93,89,4
S01008010,Economically inactive,260,250,10
S01008011,All people aged 16 and over,612,589,23
S01008011,Economically active: Total,311,295,16
S01008011,Economically active: Employee: Total,231,220,11
S01008011,Economically active: Employee: Part-time (1),54,52,2
S01008011,Economically active: Employee: Full-time (1),177,168,9
S01008011,Economically active: Self-employed: Total,19,17,2
S01008011,Economically active: Self-employed: Part-time (1),3,3,0
S01008011,Economically active: Self-employed: Full-time (1),16,14,2
S01008011,Economically active: Unemployed (1),61,58,3
S01008011,Economically inactive,301,294,7
S01008012,All people aged 16 and over,701,680,21
S01008012,Economically active: Total,460,441,19
S01008012,Economically active: Employee: Total,369,357,12
S01008012,Economically active: Employee: Part-time (1),77,77,0
S01008012,Economically active: Employee: Full-time (1),292,280,12
S01008012,Economically active: Self-employed: Total,47,42,5
S01008012,Economically active: Self-employed: Part-time (1),9,9,0
S01008012,Economically active: Self-employed: Full-time (1),38,33,5
S01008012,Economically active: Unemployed (1),44,42,2
S01008012,Economically inactive,241,239,2
S01008013,All people aged 16 and over,620,604,16
S01008013,Economically active: Total,338,325,13
S01008013,Economically active: Employee: Total,279,268,11
S01008013,Economically active: Employee: Part-time (1),70,67,3
S01008013,Economically active: Employee: Full-time (1),209,201,8
S01008013,Economically active: Self-employed: Total,36,34,2
S01008013,Economically active: Self-employed: Part-time (1),11,11,0
S01008013,Economically active: Self-employed: Full-time (1),25,23,2
S01008013,Economically active: Unemployed (1),23,23,0
S01008013,Economically inactive,282,279,3
S01008014,All people aged 16 and over,545,528,17
S01008014,Economically active: Total,350,338,12
S01008014,Economically active: Employee: Total,289,279,10
S01008014,Economically active: Employee: Part-time (1),74,73,1
S01008014,Economically active: Employee: Full-time (1),215,206,9
S01008014,Economically active: Self-employed: Total,33,33,0
S01008014,Economically active: Self-employed: Part-time (1),7,7,0
S01008014,Economically active: Self-employed: Full-time (1),26,26,0
S01008014,Economically active: Unemployed (1),28,26,2
S01008014,Economically inactive,195,190,5
S01008015,All people aged 16 and over,663,646,17
S01008015,Economically active: Total,394,390,4
S01008015,Economically active: Employee: Total,330,326,4
S01008015,Economically active: Employee: Part-time (1),76,76,0
S01008015,Economically active: Employee: Full-time (1),254,250,4
S01008015,Economically active: Self-employed: Total,19,19,0
S01008015,Economically active: Self-employed: Part-time (1),9,9,0
S01008015,Economically active: Self-employed: Full-time (1),10,10,0
S01008015,Economically active: Unemployed (1),45,45,0
S01008015,Economically inactive,269,256,13
S01008016,All people aged 16 and over,689,674,15
S01008016,Economically active: Total,394,386,8
S01008016,Economically active: Employee: Total,313,307,6
S01008016,Economically active: Employee: Part-time (1),83,81,2
S01008016,Economically active: Employee: Full-time (1),230,226,4
S01008016,Economically active: Self-employed: Total,41,39,2
S01008016,Economically active: Self-employed: Part-time (1),8,8,0
S01008016,Economically active: Self-employed: Full-time (1),33,31,2
S01008016,Economically active: Unemployed (1),40,40,0
S01008016,Economically inactive,295,288,7
S01008017,All people aged 16 and over,787,764,23
S01008017,Economically active: Total,427,412,15
S01008017,Economically active: Employee: Total,364,351,13
S01008017,Economically active: Employee: Part-time (1),110,107,3
S01008017,Economically active: Employee: Full-time (1),254,244,10
S01008017,Economically active: Self-employed: Total,46,46,0
S01008017,Economically active: Self-employed: Part-time (1),14,14,0
S01008017,Economically active: Self-employed: Full-time (1),32,32,0
S01008017,Economically active: Unemployed (1),17,15,2
S01008017,Economically inactive,360,352,8
S01008018,All people aged 16 and over,573,551,22
S01008018,Economically active: Total,321,306,15
S01008018,Economically active: Employee: Total,272,258,14
S01008018,Economically active: Employee: Part-time (1),74,69,5
S01008018,Economically active: Employee: Full-time (1),198,189,9
S01008018,Economically active: Self-employed: Total,38,37,1
S01008018,Economically active: Self-employed: Part-time (1),12,12,0
S01008018,Economically active: Self-employed: Full-time (1),26,25,1
S01008018,Economically active: Unemployed (1),11,11,0
S01008018,Economically inactive,252,245,7
S01008019,All people aged 16 and over,620,600,20
S01008019,Economically active: Total,386,378,8
S01008019,Economically active: Employee: Total,307,302,5
S01008019,Economically active: Employee: Part-time (1),90,90,0
S01008019,Economically active: Employee: Full-time (1),217,212,5
S01008019,Economically active: Self-employed: Total,60,57,3
S01008019,Economically active: Self-employed: Part-time (1),13,13,0
S01008019,Economically active: Self-employed: Full-time (1),47,44,3
S01008019,Economically active: Unemployed (1),19,19,0
S01008019,Economically inactive,234,222,12
S01008020,All people aged 16 and over,524,500,24
S01008020,Economically active: Total,367,347,20
S01008020,Economically active: Employee: Total,309,292,17
S01008020,Economically active: Employee: Part-time (1),76,68,8
S01008020,Economically active: Employee: Full-time (1),233,224,9
S01008020,Economically active: Self-employed: Total,42,40,2
S01008020,Economically active: Self-employed: Part-time (1),10,10,0
S01008020,Economically active: Self-employed: Full-time (1),32,30,2
S01008020,Economically active: Unemployed (1),16,15,1
S01008020,Economically inactive,157,153,4
S01008021,All people aged 16 and over,482,470,12
S01008021,Economically active: Total,288,281,7
S01008021,Economically active: Employee: Total,233,228,5
S01008021,Economically active: Employee: Part-time (1),71,69,2
S01008021,Economically active: Employee: Full-time (1),162,159,3
S01008021,Economically active: Self-employed: Total,43,41,2
S01008021,Economically active: Self-employed: Part-time (1),16,14,2
S01008021,Economically active: Self-employed: Full-time (1),27,27,0
S01008021,Economically active: Unemployed (1),12,12,0
S01008021,Economically inactive,194,189,5
S01008022,All people aged 16 and over,605,584,21
S01008022,Economically active: Total,391,374,17
S01008022,Economically active: Employee: Total,326,313,13
S01008022,Economically active: Employee: Part-time (1),91,85,6
S01008022,Economically active: Employee: Full-time (1),235,228,7
S01008022,Economically active: Self-employed: Total,47,44,3
S01008022,Economically active: Self-employed: Part-time (1),18,17,1
S01008022,Economically active: Self-employed: Full-time (1),29,27,2
S01008022,Economically active: Unemployed (1),18,17,1
S01008022,Economically inactive,214,210,4
S01008023,All people aged 16 and over,549,529,20
S01008023,Economically active: Total,421,405,16
S01008023,Economically active: Employee: Total,351,340,11
S01008023,Economically active: Employee: Part-time (1),111,107,4
S01008023,Economically active: Employee: Full-time (1),240,233,7
S01008023,Economically active: Self-employed: Total,51,46,5
S01008023,Economically active: Self-employed: Part-time (1),8,8,0
S01008023,Economically active: Self-employed: Full-time (1),43,38,5
S01008023,Economically active: Unemployed (1),19,19,0
S01008023,Economically inactive,128,124,4
S01008024,All people aged 16 and over,482,463,19
S01008024,Economically active: Total,430,415,15
S01008024,Economically active: Employee: Total,367,354,13
S01008024,Economically active: Employee: Part-time (1),94,91,3
S01008024,Economically active: Employee: Full-time (1),273,263,10
S01008024,Economically active: Self-employed: Total,48,47,1
S01008024,Economically active: Self-employed: Part-time (1),14,14,0
S01008024,Economically active: Self-employed: Full-time (1),34,33,1
S01008024,Economically active: Unemployed (1),15,14,1
S01008024,Economically inactive,52,48,4
S01008025,All people aged 16 and over,583,574,9
S01008025,Economically active: Total,405,397,8
S01008025,Economically active: Employee: Total,356,350,6
S01008025,Economically active: Employee: Part-time (1),107,105,2
S01008025,Economically active: Employee: Full-time (1),249,245,4
S01008025,Economically active: Self-employed: Total,38,36,2
S01008025,Economically active: Self-employed: Part-time (1),9,8,1
S01008025,Economically active: Self-employed: Full-time (1),29,28,1
S01008025,Economically active: Unemployed (1),11,11,0
S01008025,Economically inactive,178,177,1
S01008026,All people aged 16 and over,853,841,12
S01008026,Economically active: Total,535,524,11
S01008026,Economically active: Employee: Total,440,433,7
S01008026,Economically active: Employee: Part-time (1),135,131,4
S01008026,Economically active: Employee: Full-time (1),305,302,3
S01008026,Economically active: Self-employed: Total,48,48,0
S01008026,Economically active: Self-employed: Part-time (1),14,14,0
S01008026,Economically active: Self-employed: Full-time (1),34,34,0
S01008026,Economically active: Unemployed (1),47,43,4
S01008026,Economically inactive,318,317,1
S01008027,All people aged 16 and over,475,465,10
S01008027,Economically active: Total,289,281,8
S01008027,Economically active: Employee: Total,252,247,5
S01008027,Economically active: Employee: Part-time (1),74,73,1
S01008027,Economically active: Employee: Full-time (1),178,174,4
S01008027,Economically active: Self-employed: Total,11,9,2
S01008027,Economically active: Self-employed: Part-time (1),4,4,0
S01008027,Economically active: Self-employed: Full-time (1),7,5,2
S01008027,Economically active: Unemployed (1),26,25,1
S01008027,Economically inactive,186,184,2
S01008028,All people aged 16 and over,469,449,20
S01008028,Economically active: Total,332,318,14
S01008028,Economically active: Employee: Total,277,266,11
S01008028,Economically active: Employee: Part-time (1),77,75,2
S01008028,Economically active: Employee: Full-time (1),200,191,9
S01008028,Economically active: Self-employed: Total,38,35,3
S01008028,Economically active: Self-employed: Part-time (1),4,3,1
S01008028,Economically active: Self-employed: Full-time (1),34,32,2
S01008028,Economically active: Unemployed (1),17,17,0
S01008028,Economically inactive,137,131,6
S01008029,All people aged 16 and over,784,762,22
S01008029,Economically active: Total,472,457,15
S01008029,Economically active: Employee: Total,351,338,13
S01008029,Economically active: Employee: Part-time (1),101,99,2
S01008029,Economically active: Employee: Full-time (1),250,239,11
S01008029,Economically active: Self-employed: Total,91,89,2
S01008029,Economically active: Self-employed: Part-time (1),18,17,1
S01008029,Economically active: Self-employed: Full-time (1),73,72,1
S01008029,Economically active: Unemployed (1),30,30,0
S01008029,Economically inactive,312,305,7
S01008030,All people aged 16 and over,912,883,29
S01008030,Economically active: Total,557,539,18
S01008030,Economically active: Employee: Total,427,411,16
S01008030,Economically active: Employee: Part-time (1),102,94,8
S01008030,Economically active: Employee: Full-time (1),325,317,8
S01008030,Economically active: Self-employed: Total,92,91,1
S01008030,Economically active: Self-employed: Part-time (1),27,27,0
S01008030,Economically active: Self-employed: Full-time (1),65,64,1
S01008030,Economically active: Unemployed (1),38,37,1
S01008030,Economically inactive,355,344,11
S01008031,All people aged 16 and over,730,716,14
S01008031,Economically active: Total,446,437,9
S01008031,Economically active: Employee: Total,366,359,7
S01008031,Economically active: Employee: Part-time (1),111,109,2
S01008031,Economically active: Employee: Full-time (1),255,250,5
S01008031,Economically active: Self-employed: Total,37,35,2
S01008031,Economically active: Self-employed: Part-time (1),12,12,0
S01008031,Economically active: Self-employed: Full-time (1),25,23,2
S01008031,Economically active: Unemployed (1),43,43,0
S01008031,Economically inactive,284,279,5
S01008032,All people aged 16 and over,733,715,18
S01008032,Economically active: Total,472,460,12
S01008032,Economically active: Employee: Total,401,389,12
S01008032,Economically active: Employee: Part-time (1),119,115,4
S01008032,Economically active: Employee: Full-time (1),282,274,8
S01008032,Economically active: Self-employed: Total,40,40,0
S01008032,Economically active: Self-employed: Part-time (1),10,10,0
S01008032,Economically active: Self-employed: Full-time (1),30,30,0
S01008032,Economically active: Unemployed (1),31,31,0
S01008032,Economically inactive,261,255,6
S01008033,All people aged 16 and over,625,582,43
S01008033,Economically active: Total,468,443,25
S01008033,Economically active: Employee: Total,368,350,18
S01008033,Economically active: Employee: Part-time (1),125,121,4
S01008033,Economically active: Employee: Full-time (1),243,229,14
S01008033,Economically active: Self-employed: Total,86,79,7
S01008033,Economically active: Self-employed: Part-time (1),17,15,2
S01008033,Economically active: Self-employed: Full-time (1),69,64,5
S01008033,Economically active: Unemployed (1),14,14,0
S01008033,Economically inactive,157,139,18
S01008034,All people aged 16 and over,599,540,59
S01008034,Economically active: Total,461,419,42
S01008034,Economically active: Employee: Total,370,342,28
S01008034,Economically active: Employee: Part-time (1),112,106,6
S01008034,Economically active: Employee: Full-time (1),258,236,22
S01008034,Economically active: Self-employed: Total,75,66,9
S01008034,Economically active: Self-employed: Part-time (1),27,24,3
S01008034,Economically active: Self-employed: Full-time (1),48,42,6
S01008034,Economically active: Unemployed (1),16,11,5
S01008034,Economically inactive,138,121,17
S01008035,All people aged 16 and over,531,518,13
S01008035,Economically active: Total,332,322,10
S01008035,Economically active: Employee: Total,278,270,8
S01008035,Economically active: Employee: Part-time (1),82,80,2
S01008035,Economically active: Employee: Full-time (1),196,190,6
S01008035,Economically active: Self-employed: Total,34,32,2
S01008035,Economically active: Self-employed: Part-time (1),10,10,0
S01008035,Economically active: Self-employed: Full-time (1),24,22,2
S01008035,Economically active: Unemployed (1),20,20,0
S01008035,Economically inactive,199,196,3
S01008036,All people aged 16 and over,567,553,14
S01008036,Economically active: Total,357,346,11
S01008036,Economically active: Employee: Total,300,290,10
S01008036,Economically active: Employee: Part-time (1),99,95,4
S01008036,Economically active: Employee: Full-time (1),201,195,6
S01008036,Economically active: Self-employed: Total,38,37,1
S01008036,Economically active: Self-employed: Part-time (1),12,12,0
S01008036,Economically active: Self-employed: Full-time (1),26,25,1
S01008036,Economically active: Unemployed (1),19,19,0
S01008036,Economically inactive,210,207,3
S01008037,All people aged 16 and over,833,798,35
S01008037,Economically active: Total,512,497,15
S01008037,Economically active: Employee: Total,422,411,11
S01008037,Economically active: Employee: Part-time (1),139,137,2
S01008037,Economically active: Employee: Full-time (1),283,274,9
S01008037,Economically active: Self-employed: Total,57,53,4
S01008037,Economically active: Self-employed: Part-time (1),20,18,2
S01008037,Economically active: Self-employed: Full-time (1),37,35,2
S01008037,Economically active: Unemployed (1),33,33,0
S01008037,Economically inactive,321,301,20
S01008038,All people aged 16 and over,592,574,18
S01008038,Economically active: Total,400,385,15
S01008038,Economically active: Employee: Total,323,314,9
S01008038,Economically active: Employee: Part-time (1),109,104,5
S01008038,Economically active: Employee: Full-time (1),214,210,4
S01008038,Economically active: Self-employed: Total,47,41,6
S01008038,Economically active: Self-employed: Part-time (1),13,9,4
S01008038,Economically active: Self-employed: Full-time (1),34,32,2
S01008038,Economically active: Unemployed (1),30,30,0
S01008038,Economically inactive,192,189,3
S01008039,All people aged 16 and over,715,679,36
S01008039,Economically active: Total,467,439,28
S01008039,Economically active: Employee: Total,381,356,25
S01008039,Economically active: Employee: Part-time (1),130,124,6
S01008039,Economically active: Employee: Full-time (1),251,232,19
S01008039,Economically active: Self-employed: Total,46,43,3
S01008039,Economically active: Self-employed: Part-time (1),14,13,1
S01008039,Economically active: Self-employed: Full-time (1),32,30,2
S01008039,Economically active: Unemployed (1),40,40,0
S01008039,Economically inactive,248,240,8
S01008040,All people aged 16 and over,653,621,32
S01008040,Economically active: Total,376,354,22
S01008040,Economically active: Employee: Total,300,283,17
S01008040,Economically active: Employee: Part-time (1),99,93,6
S01008040,Economically active: Employee: Full-time (1),201,190,11
S01008040,Economically active: Self-employed: Total,57,52,5
S01008040,Economically active: Self-employed: Part-time (1),21,19,2
S01008040,Economically active: Self-employed: Full-time (1),36,33,3
S01008040,Economically active: Unemployed (1),19,19,0
S01008040,Economically inactive,277,267,10
S01008041,All people aged 16 and over,600,561,39
S01008041,Economically active: Total,320,298,22
S01008041,Economically active: Employee: Total,266,249,17
S01008041,Economically active: Employee: Part-time (1),87,84,3
S01008041,Economically active: Employee: Full-time (1),179,165,14
S01008041,Economically active: Self-employed: Total,41,38,3
S01008041,Economically active: Self-employed: Part-time (1),7,6,1
S01008041,Economically active: Self-employed: Full-time (1),34,32,2
S01008041,Economically active: Unemployed (1),13,11,2
S01008041,Economically inactive,280,263,17
S01008042,All people aged 16 and over,480,444,36
S01008042,Economically active: Total,265,241,24
S01008042,Economically active: Employee: Total,200,180,20
S01008042,Economically active: Employee: Part-time (1),62,51,11
S01008042,Economically active: Employee: Full-time (1),138,129,9
S01008042,Economically active: Self-employed: Total,58,54,4
S01008042,Economically active: Self-employed: Part-time (1),18,17,1
S01008042,Economically active: Self-employed: Full-time (1),40,37,3
S01008042,Economically active: Unemployed (1),7,7,0
S01008042,Economically inactive,215,203,12
S01008043,All people aged 16 and over,767,730,37
S01008043,Economically active: Total,449,424,25
S01008043,Economically active: Employee: Total,339,322,17
S01008043,Economically active: Employee: Part-time (1),115,109,6
S01008043,Economically active: Employee: Full-time (1),224,213,11
S01008043,Economically active: Self-employed: Total,102,96,6
S01008043,Economically active: Self-employed: Part-time (1),45,42,3
S01008043,Economically active: Self-employed: Full-time (1),57,54,3
S01008043,Economically active: Unemployed (1),8,6,2
S01008043,Economically inactive,318,306,12
S01008044,All people aged 16 and over,815,778,37
S01008044,Economically active: Total,487,459,28
S01008044,Economically active: Employee: Total,388,365,23
S01008044,Economically active: Employee: Part-time (1),119,110,9
S01008044,Economically active: Employee: Full-time (1),269,255,14
S01008044,Economically active: Self-employed: Total,87,83,4
S01008044,Economically active: Self-employed: Part-time (1),27,24,3
S01008044,Economically active: Self-employed: Full-time (1),60,59,1
S01008044,Economically active: Unemployed (1),12,11,1
S01008044,Economically inactive,328,319,9
S01008045,All people aged 16 and over,828,769,59
S01008045,Economically active: Total,449,417,32
S01008045,Economically active: Employee: Total,310,289,21
S01008045,Economically active: Employee: Part-time (1),93,87,6
S01008045,Economically active: Employee: Full-time (1),217,202,15
S01008045,Economically active: Self-employed: Total,111,100,11
S01008045,Economically active: Self-employed: Part-time (1),26,25,1
S01008045,Economically active: Self-employed: Full-time (1),85,75,10
S01008045,Economically active: Unemployed (1),28,28,0
S01008045,Economically inactive,379,352,27
S01008046,All people aged 16 and over,755,729,26
S01008046,Economically active: Total,347,335,12
S01008046,Economically active: Employee: Total,276,268,8
S01008046,Economically active: Employee: Part-time (1),92,88,4
S01008046,Economically active: Employee: Full-time (1),184,180,4
S01008046,Economically active: Self-employed: Total,38,36,2
S01008046,Economically active: Self-employed: Part-time (1),17,16,1
S01008046,Economically active: Self-employed: Full-time (1),21,20,1
S01008046,Economically active: Unemployed (1),33,31,2
S01008046,Economically inactive,408,394,14
S01008047,All people aged 16 and over,581,559,22
S01008047,Economically active: Total,319,308,11
S01008047,Economically active: Employee: Total,251,241,10
S01008047,Economically active: Employee: Part-time (1),84,80,4
S01008047,Economically active: Employee: Full-time (1),167,161,6
S01008047,Economically active: Self-employed: Total,55,54,1
S01008047,Economically active: Self-employed: Part-time (1),17,17,0
S01008047,Economically active: Self-employed: Full-time (1),38,37,1
S01008047,Economically active: Unemployed (1),13,13,0
S01008047,Economically inactive,262,251,11
S01008048,All people aged 16 and over,488,472,16
S01008048,Economically active: Total,252,243,9
S01008048,Economically active: Employee: Total,213,206,7
S01008048,Economically active: Employee: Part-time (1),62,61,1
S01008048,Economically active: Employee: Full-time (1),151,145,6
S01008048,Economically active: Self-employed: Total,29,28,1
S01008048,Economically active: Self-employed: Part-time (1),9,8,1
S01008048,Economically active: Self-employed: Full-time (1),20,20,0
S01008048,Economically active: Unemployed (1),10,9,1
S01008048,Economically inactive,236,229,7
S01008049,All people aged 16 and over,709,678,31
S01008049,Economically active: Total,382,365,17
S01008049,Economically active: Employee: Total,309,295,14
S01008049,Economically active: Employee: Part-time (1),78,73,5
S01008049,Economically active: Employee: Full-time (1),231,222,9
S01008049,Economically active: Self-employed: Total,63,61,2
S01008049,Economically active: Self-employed: Part-time (1),25,24,1
S01008049,Economically active: Self-employed: Full-time (1),38,37,1
S01008049,Economically active: Unemployed (1),10,9,1
S01008049,Economically inactive,327,313,14
S01008050,All people aged 16 and over,508,454,54
S01008050,Economically active: Total,273,246,27
S01008050,Economically active: Employee: Total,220,201,19
S01008050,Economically active: Employee: Part-time (1),69,66,3
S01008050,Economically active: Employee: Full-time (1),151,135,16
S01008050,Economically active: Self-employed: Total,45,40,5
S01008050,Economically active: Self-employed: Part-time (1),17,16,1
S01008050,Economically active: Self-employed: Full-time (1),28,24,4
S01008050,Economically active: Unemployed (1),8,5,3
S01008050,Economically inactive,235,208,27
S01008051,All people aged 16 and over,690,649,41
S01008051,Economically active: Total,445,417,28
S01008051,Economically active: Employee: Total,379,356,23
S01008051,Economically active: Employee: Part-time (1),104,98,6
S01008051,Economically active: Employee: Full-time (1),275,258,17
S01008051,Economically active: Self-employed: Total,51,48,3
S01008051,Economically active: Self-employed: Part-time (1),12,11,1
S01008051,Economically active: Self-employed: Full-time (1),39,37,2
S01008051,Economically active: Unemployed (1),15,13,2
S01008051,Economically inactive,245,232,13
S01008052,All people aged 16 and over,668,635,33
S01008052,Economically active: Total,448,427,21
S01008052,Economically active: Employee: Total,368,352,16
S01008052,Economically active: Employee: Part-time (1),79,75,4
S01008052,Economically active: Employee: Full-time (1),289,277,12
S01008052,Economically active: Self-employed: Total,67,62,5
S01008052,Economically active: Self-employed: Part-time (1),17,15,2
S01008052,Economically active: Self-employed: Full-time (1),50,47,3
S01008052,Economically active: Unemployed (1),13,13,0
S01008052,Economically inactive,220,208,12
S01008053,All people aged 16 and over,507,473,34
S01008053,Economically active: Total,261,241,20
S01008053,Economically active: Employee: Total,210,191,19
S01008053,Economically active: Employee: Part-time (1),68,64,4
S01008053,Economically active: Employee: Full-time (1),142,127,15
S01008053,Economically active: Self-employed: Total,41,40,1
S01008053,Economically active: Self-employed: Part-time (1),14,13,1
S01008053,Economically active: Self-employed: Full-time (1),27,27,0
S01008053,Economically active: Unemployed (1),10,10,0
S01008053,Economically inactive,246,232,14
S01008054,All people aged 16 and over,662,615,47
S01008054,Economically active: Total,360,337,23
S01008054,Economically active: Employee: Total,275,260,15
S01008054,Economically active: Employee: Part-time (1),79,76,3
S01008054,Economically active: Employee: Full-time (1),196,184,12
S01008054,Economically active: Self-employed: Total,75,67,8
S01008054,Economically active: Self-employed: Part-time (1),21,17,4
S01008054,Economically active: Self-employed: Full-time (1),54,50,4
S01008054,Economically active: Unemployed (1),10,10,0
S01008054,Economically inactive,302,278,24
S01008055,All people aged 16 and over,835,784,51
S01008055,Economically active: Total,507,471,36
S01008055,Economically active: Employee: Total,408,381,27
S01008055,Economically active: Employee: Part-time (1),128,121,7
S01008055,Economically active: Employee: Full-time (1),280,260,20
S01008055,Economically active: Self-employed: Total,85,78,7
S01008055,Economically active: Self-employed: Part-time (1),38,33,5
S01008055,Economically active: Self-employed: Full-time (1),47,45,2
S01008055,Economically active: Unemployed (1),14,12,2
S01008055,Economically inactive,328,313,15
S01008056,All people aged 16 and over,623,566,57
S01008056,Economically active: Total,321,290,31
S01008056,Economically active: Employee: Total,261,237,24
S01008056,Economically active: Employee: Part-time (1),84,81,3
S01008056,Economically active: Employee: Full-time (1),177,156,21
S01008056,Economically active: Self-employed: Total,53,46,7
S01008056,Economically active: Self-employed: Part-time (1),17,13,4
S01008056,Economically active: Self-employed: Full-time (1),36,33,3
S01008056,Economically active: Unemployed (1),7,7,0
S01008056,Economically inactive,302,276,26
S01008057,All people aged 16 and over,758,701,57
S01008057,Economically active: Total,449,408,41
S01008057,Economically active: Employee: Total,364,332,32
S01008057,Economically active: Employee: Part-time (1),94,85,9
S01008057,Economically active: Employee: Full-time (1),270,247,23
S01008057,Economically active: Self-employed: Total,74,67,7
S01008057,Economically active: Self-employed: Part-time (1),18,18,0
S01008057,Economically active: Self-employed: Full-time (1),56,49,7
S01008057,Economically active: Unemployed (1),11,9,2
S01008057,Economically inactive,309,293,16
S01008058,All people aged 16 and over,718,634,84
S01008058,Economically active: Total,507,449,58
S01008058,Economically active: Employee: Total,377,343,34
S01008058,Economically active: Employee: Part-time (1),136,122,14
S01008058,Economically active: Employee: Full-time (1),241,221,20
S01008058,Economically active: Self-employed: Total,111,88,23
S01008058,Economically active: Self-employed: Part-time (1),29,21,8
S01008058,Economically active: Self-employed: Full-time (1),82,67,15
S01008058,Economically active: Unemployed (1),19,18,1
S01008058,Economically inactive,211,185,26
S01008059,All people aged 16 and over,559,525,34
S01008059,Economically active: Total,359,338,21
S01008059,Economically active: Employee: Total,294,277,17
S01008059,Economically active: Employee: Part-time (1),93,90,3
S01008059,Economically active: Employee: Full-time (1),201,187,14
S01008059,Economically active: Self-employed: Total,55,52,3
S01008059,Economically active: Self-employed: Part-time (1),19,18,1
S01008059,Economically active: Self-employed: Full-time (1),36,34,2
S01008059,Economically active: Unemployed (1),10,9,1
S01008059,Economically inactive,200,187,13
S01008060,All people aged 16 and over,725,679,46
S01008060,Economically active: Total,481,452,29
S01008060,Economically active: Employee: Total,401,379,22
S01008060,Economically active: Employee: Part-time (1),109,105,4
S01008060,Economically active: Employee: Full-time (1),292,274,18
S01008060,Economically active: Self-employed: Total,62,55,7
S01008060,Economically active: Self-employed: Part-time (1),19,17,2
S01008060,Economically active: Self-employed: Full-time (1),43,38,5
S01008060,Economically active: Unemployed (1),18,18,0
S01008060,Economically inactive,244,227,17
S01008061,All people aged 16 and over,627,585,42
S01008061,Economically active: Total,399,368,31
S01008061,Economically active: Employee: Total,330,309,21
S01008061,Economically active: Employee: Part-time (1),99,96,3
S01008061,Economically active: Employee: Full-time (1),231,213,18
S01008061,Economically active: Self-employed: Total,52,44,8
S01008061,Economically active: Self-employed: Part-time (1),13,12,1
S01008061,Economically active: Self-employed: Full-time (1),39,32,7
S01008061,Economically active: Unemployed (1),17,15,2
S01008061,Economically inactive,228,217,11
S01008062,All people aged 16 and over,714,682,32
S01008062,Economically active: Total,444,422,22
S01008062,Economically active: Employee: Total,387,371,16
S01008062,Economically active: Employee: Part-time (1),117,113,4
S01008062,Economically active: Employee: Full-time (1),270,258,12
S01008062,Economically active: Self-employed: Total,43,37,6
S01008062,Economically active: Self-employed: Part-time (1),9,9,0
S01008062,Economically active: Self-employed: Full-time (1),34,28,6
S01008062,Economically active: Unemployed (1),14,14,0
S01008062,Economically inactive,270,260,10
S01008063,All people aged 16 and over,764,696,68
S01008063,Economically active: Total,471,426,45
S01008063,Economically active: Employee: Total,394,361,33
S01008063,Economically active: Employee: Part-time (1),112,96,16
S01008063,Economically active: Employee: Full-time (1),282,265,17
S01008063,Economically active: Self-employed: Total,63,53,10
S01008063,Economically active: Self-employed: Part-time (1),17,14,3
S01008063,Economically active: Self-employed: Full-time (1),46,39,7
S01008063,Economically active: Unemployed (1),14,12,2
S01008063,Economically inactive,293,270,23
S01008064,All people aged 16 and over,568,529,39
S01008064,Economically active: Total,365,334,31
S01008064,Economically active: Employee: Total,286,260,26
S01008064,Economically active: Employee: Part-time (1),105,94,11
S01008064,Economically active: Employee: Full-time (1),181,166,15
S01008064,Economically active: Self-employed: Total,32,29,3
S01008064,Economically active: Self-employed: Part-time (1),7,7,0
S01008064,Economically active: Self-employed: Full-time (1),25,22,3
S01008064,Economically active: Unemployed (1),47,45,2
S01008064,Economically inactive,203,195,8
S01008065,All people aged 16 and over,775,706,69
S01008065,Economically active: Total,510,466,44
S01008065,Economically active: Employee: Total,410,375,35
S01008065,Economically active: Employee: Part-time (1),119,110,9
S01008065,Economically active: Employee: Full-time (1),291,265,26
S01008065,Economically active: Self-employed: Total,76,68,8
S01008065,Economically active: Self-employed: Part-time (1),24,22,2
S01008065,Economically active: Self-employed: Full-time (1),52,46,6
S01008065,Economically active: Unemployed (1),24,23,1
S01008065,Economically inactive,265,240,25
S01008066,All people aged 16 and over,727,677,50
S01008066,Economically active: Total,445,412,33
S01008066,Economically active: Employee: Total,318,295,23
S01008066,Economically active: Employee: Part-time (1),87,82,5
S01008066,Economically active: Employee: Full-time (1),231,213,18
S01008066,Economically active: Self-employed: Total,108,100,8
S01008066,Economically active: Self-employed: Part-time (1),39,34,5
S01008066,Economically active: Self-employed: Full-time (1),69,66,3
S01008066,Economically active: Unemployed (1),19,17,2
S01008066,Economically inactive,282,265,17
S01008067,All people aged 16 and over,524,487,37
S01008067,Economically active: Total,318,297,21
S01008067,Economically active: Employee: Total,251,235,16
S01008067,Economically active: Employee: Part-time (1),62,60,2
S01008067,Economically active: Employee: Full-time (1),189,175,14
S01008067,Economically active: Self-employed: Total,59,54,5
S01008067,Economically active: Self-employed: Part-time (1),22,18,4
S01008067,Economically active: Self-employed: Full-time (1),37,36,1
S01008067,Economically active: Unemployed (1),8,8,0
S01008067,Economically inactive,206,190,16
S01008068,All people aged 16 and over,777,721,56
S01008068,Economically active: Total,489,459,30
S01008068,Economically active: Employee: Total,392,372,20
S01008068,Economically active: Employee: Part-time (1),108,102,6
S01008068,Economically active: Employee: Full-time (1),284,270,14
S01008068,Economically active: Self-employed: Total,76,69,7
S01008068,Economically active: Self-employed: Part-time (1),24,21,3
S01008068,Economically active: Self-employed: Full-time (1),52,48,4
S01008068,Economically active: Unemployed (1),21,18,3
S01008068,Economically inactive,288,262,26
S01008069,All people aged 16 and over,777,732,45
S01008069,Economically active: Total,521,487,34
S01008069,Economically active: Employee: Total,437,411,26
S01008069,Economically active: Employee: Part-time (1),117,108,9
S01008069,Economically active: Employee: Full-time (1),320,303,17
S01008069,Economically active: Self-employed: Total,49,45,4
S01008069,Economically active: Self-employed: Part-time (1),15,13,2
S01008069,Economically active: Self-employed: Full-time (1),34,32,2
S01008069,Economically active: Unemployed (1),35,31,4
S01008069,Economically inactive,256,245,11
S01008070,All people aged 16 and over,742,715,27
S01008070,Economically active: Total,506,485,21
S01008070,Economically active: Employee: Total,436,422,14
S01008070,Economically active: Employee: Part-time (1),130,125,5
S01008070,Economically active: Employee: Full-time (1),306,297,9
S01008070,Economically active: Self-employed: Total,43,39,4
S01008070,Economically active: Self-employed: Part-time (1),10,10,0
S01008070,Economically active: Self-employed: Full-time (1),33,29,4
S01008070,Economically active: Unemployed (1),27,24,3
S01008070,Economically inactive,236,230,6
S01008071,All people aged 16 and over,580,556,24
S01008071,Economically active: Total,396,380,16
S01008071,Economically active: Employee: Total,342,328,14
S01008071,Economically active: Employee: Part-time (1),82,78,4
S01008071,Economically active: Employee: Full-time (1),260,250,10
S01008071,Economically active: Self-employed: Total,42,40,2
S01008071,Economically active: Self-employed: Part-time (1),11,10,1
S01008071,Economically active: Self-employed: Full-time (1),31,30,1
S01008071,Economically active: Unemployed (1),12,12,0
S01008071,Economically inactive,184,176,8
S01008072,All people aged 16 and over,706,645,61
S01008072,Economically active: Total,422,382,40
S01008072,Economically active: Employee: Total,335,305,30
S01008072,Economically active: Employee: Part-time (1),69,66,3
S01008072,Economically active: Employee: Full-time (1),266,239,27
S01008072,Economically active: Self-employed: Total,68,60,8
S01008072,Economically active: Self-employed: Part-time (1),13,11,2
S01008072,Economically active: Self-employed: Full-time (1),55,49,6
S01008072,Economically active: Unemployed (1),19,17,2
S01008072,Economically inactive,284,263,21
S01008073,All people aged 16 and over,403,359,44
S01008073,Economically active: Total,247,220,27
S01008073,Economically active: Employee: Total,187,167,20
S01008073,Economically active: Employee: Part-time (1),50,46,4
S01008073,Economically active: Employee: Full-time (1),137,121,16
S01008073,Economically active: Self-employed: Total,50,43,7
S01008073,Economically active: Self-employed: Part-time (1),11,9,2
S01008073,Economically active: Self-employed: Full-time (1),39,34,5
S01008073,Economically active: Unemployed (1),10,10,0
S01008073,Economically inactive,156,139,17
S01008074,All people aged 16 and over,809,755,54
S01008074,Economically active: Total,519,483,36
S01008074,Economically active: Employee: Total,409,381,28
S01008074,Economically active: Employee: Part-time (1),127,120,7
S01008074,Economically active: Employee: Full-time (1),282,261,21
S01008074,Economically active: Self-employed: Total,93,88,5
S01008074,Economically active: Self-employed: Part-time (1),26,24,2
S01008074,Economically active: Self-employed: Full-time (1),67,64,3
S01008074,Economically active: Unemployed (1),17,14,3
S01008074,Economically inactive,290,272,18
S01008075,All people aged 16 and over,492,459,33
S01008075,Economically active: Total,237,219,18
S01008075,Economically active: Employee: Total,174,160,14
S01008075,Economically active: Employee: Part-time (1),62,57,5
S01008075,Economically active: Employee: Full-time (1),112,103,9
S01008075,Economically active: Self-employed: Total,59,56,3
S01008075,Economically active: Self-employed: Part-time (1),10,10,0
S01008075,Economically active: Self-employed: Full-time (1),49,46,3
S01008075,Economically active: Unemployed (1),4,3,1
S01008075,Economically inactive,255,240,15
S01008076,All people aged 16 and over,582,541,41
S01008076,Economically active: Total,241,221,20
S01008076,Economically active: Employee: Total,172,156,16
S01008076,Economically active: Employee: Part-time (1),48,43,5
S01008076,Economically active: Employee: Full-time (1),124,113,11
S01008076,Economically active: Self-employed: Total,61,57,4
S01008076,Economically active: Self-employed: Part-time (1),18,16,2
S01008076,Economically active: Self-employed: Full-time (1),43,41,2
S01008076,Economically active: Unemployed (1),8,8,0
S01008076,Economically inactive,341,320,21
S01008077,All people aged 16 and over,679,630,49
S01008077,Economically active: Total,372,347,25
S01008077,Economically active: Employee: Total,265,249,16
S01008077,Economically active: Employee: Part-time (1),84,78,6
S01008077,Economically active: Employee: Full-time (1),181,171,10
S01008077,Economically active: Self-employed: Total,87,79,8
S01008077,Economically active: Self-employed: Part-time (1),25,24,1
S01008077,Economically active: Self-employed: Full-time (1),62,55,7
S01008077,Economically active: Unemployed (1),20,19,1
S01008077,Economically inactive,307,283,24
S01008078,All people aged 16 and over,699,644,55
S01008078,Economically active: Total,392,356,36
S01008078,Economically active: Employee: Total,306,286,20
S01008078,Economically active: Employee: Part-time (1),100,93,7
S01008078,Economically active: Employee: Full-time (1),206,193,13
S01008078,Economically active: Self-employed: Total,72,59,13
S01008078,Economically active: Self-employed: Part-time (1),17,15,2
S01008078,Economically active: Self-employed: Full-time (1),55,44,11
S01008078,Economically active: Unemployed (1),14,11,3
S01008078,Economically inactive,307,288,19
S01008079,All people aged 16 and over,735,674,61
S01008079,Economically active: Total,415,386,29
S01008079,Economically active: Employee: Total,324,300,24
S01008079,Economically active: Employee: Part-time (1),101,96,5
S01008079,Economically active: Employee: Full-time (1),223,204,19
S01008079,Economically active: Self-employed: Total,70,65,5
S01008079,Economically active: Self-employed: Part-time (1),26,25,1
S01008079,Economically active: Self-employed: Full-time (1),44,40,4
S01008079,Economically active: Unemployed (1),21,21,0
S01008079,Economically inactive,320,288,32
S01008080,All people aged 16 and over,560,518,42
S01008080,Economically active: Total,352,331,21
S01008080,Economically active: Employee: Total,272,257,15
S01008080,Economically active: Employee: Part-time (1),80,77,3
S01008080,Economically active: Employee: Full-time (1),192,180,12
S01008080,Economically active: Self-employed: Total,67,61,6
S01008080,Economically active: Self-employed: Part-time (1),13,11,2
S01008080,Economically active: Self-employed: Full-time (1),54,50,4
S01008080,Economically active: Unemployed (1),13,13,0
S01008080,Economically inactive,208,187,21
S01008081,All people aged 16 and over,492,450,42
S01008081,Economically active: Total,296,268,28
S01008081,Economically active: Employee: Total,231,210,21
S01008081,Economically active: Employee: Part-time (1),61,55,6
S01008081,Economically active: Employee: Full-time (1),170,155,15
S01008081,Economically active: Self-employed: Total,48,42,6
S01008081,Economically active: Self-employed: Part-time (1),17,13,4
S01008081,Economically active: Self-employed: Full-time (1),31,29,2
S01008081,Economically active: Unemployed (1),17,16,1
S01008081,Economically inactive,196,182,14
S01008082,All people aged 16 and over,686,616,70
S01008082,Economically active: Total,423,384,39
S01008082,Economically active: Employee: Total,355,328,27
S01008082,Economically active: Employee: Part-time (1),99,91,8
S01008082,Economically active: Employee: Full-time (1),256,237,19
S01008082,Economically active: Self-employed: Total,54,44,10
S01008082,Economically active: Self-employed: Part-time (1),12,10,2
S01008082,Economically active: Self-employed: Full-time (1),42,34,8
S01008082,Economically active: Unemployed (1),14,12,2
S01008082,Economically inactive,263,232,31
S01008083,All people aged 16 and over,586,530,56
S01008083,Economically active: Total,352,317,35
S01008083,Economically active: Employee: Total,296,271,25
S01008083,Economically active: Employee: Part-time (1),102,97,5
S01008083,Economically active: Employee: Full-time (1),194,174,20
S01008083,Economically active: Self-employed: Total,46,38,8
S01008083,Economically active: Self-employed: Part-time (1),16,14,2
S01008083,Economically active: Self-employed: Full-time (1),30,24,6
S01008083,Economically active: Unemployed (1),10,8,2
S01008083,Economically inactive,234,213,21
S01008084,All people aged 16 and over,712,694,18
S01008084,Economically active: Total,451,438,13
S01008084,Economically active: Employee: Total,348,336,12
S01008084,Economically active: Employee: Part-time (1),106,102,4
S01008084,Economically active: Employee: Full-time (1),242,234,8
S01008084,Economically active: Self-employed: Total,72,71,1
S01008084,Economically active: Self-employed: Part-time (1),18,18,0
S01008084,Economically active: Self-employed: Full-time (1),54,53,1
S01008084,Economically active: Unemployed (1),31,31,0
S01008084,Economically inactive,261,256,5
S01008085,All people aged 16 and over,794,770,24
S01008085,Economically active: Total,550,532,18
S01008085,Economically active: Employee: Total,429,414,15
S01008085,Economically active: Employee: Part-time (1),129,124,5
S01008085,Economically active: Employee: Full-time (1),300,290,10
S01008085,Economically active: Self-employed: Total,106,103,3
S01008085,Economically active: Self-employed: Part-time (1),26,26,0
S01008085,Economically active: Self-employed: Full-time (1),80,77,3
S01008085,Economically active: Unemployed (1),15,15,0
S01008085,Economically inactive,244,238,6
S01008086,All people aged 16 and over,861,830,31
S01008086,Economically active: Total,614,588,26
S01008086,Economically active: Employee: Total,489,470,19
S01008086,Economically active: Employee: Part-time (1),134,130,4
S01008086,Economically active: Employee: Full-time (1),355,340,15
S01008086,Economically active: Self-employed: Total,90,84,6
S01008086,Economically active: Self-employed: Part-time (1),21,20,1
S01008086,Economically active: Self-employed: Full-time (1),69,64,5
S01008086,Economically active: Unemployed (1),35,34,1
S01008086,Economically inactive,247,242,5
S01008087,All people aged 16 and over,694,654,40
S01008087,Economically active: Total,389,369,20
S01008087,Economically active: Employee: Total,330,310,20
S01008087,Economically active: Employee: Part-time (1),87,84,3
S01008087,Economically active: Employee: Full-time (1),243,226,17
S01008087,Economically active: Self-employed: Total,43,43,0
S01008087,Economically active: Self-employed: Part-time (1),12,12,0
S01008087,Economically active: Self-employed: Full-time (1),31,31,0
S01008087,Economically active: Unemployed (1),16,16,0
S01008087,Economically inactive,305,285,20
S01008088,All people aged 16 and over,780,745,35
S01008088,Economically active: Total,447,425,22
S01008088,Economically active: Employee: Total,389,374,15
S01008088,Economically active: Employee: Part-time (1),112,108,4
S01008088,Economically active: Employee: Full-time (1),277,266,11
S01008088,Economically active: Self-employed: Total,39,34,5
S01008088,Economically active: Self-employed: Part-time (1),11,11,0
S01008088,Economically active: Self-employed: Full-time (1),28,23,5
S01008088,Economically active: Unemployed (1),19,17,2
S01008088,Economically inactive,333,320,13
S01008089,All people aged 16 and over,543,513,30
S01008089,Economically active: Total,331,315,16
S01008089,Economically active: Employee: Total,280,266,14
S01008089,Economically active: Employee: Part-time (1),76,74,2
S01008089,Economically active: Employee: Full-time (1),204,192,12
S01008089,Economically active: Self-employed: Total,30,28,2
S01008089,Economically active: Self-employed: Part-time (1),6,6,0
S01008089,Economically active: Self-employed: Full-time (1),24,22,2
S01008089,Economically active: Unemployed (1),21,21,0
S01008089,Economically inactive,212,198,14
S01008090,All people aged 16 and over,622,583,39
S01008090,Economically active: Total,405,383,22
S01008090,Economically active: Employee: Total,344,326,18
S01008090,Economically active: Employee: Part-time (1),106,98,8
S01008090,Economically active: Employee: Full-time (1),238,228,10
S01008090,Economically active: Self-employed: Total,38,35,3
S01008090,Economically active: Self-employed: Part-time (1),7,7,0
S01008090,Economically active: Self-employed: Full-time (1),31,28,3
S01008090,Economically active: Unemployed (1),23,22,1
S01008090,Economically inactive,217,200,17
S01008091,All people aged 16 and over,332,326,6
S01008091,Economically active: Total,197,192,5
S01008091,Economically active: Employee: Total,169,164,5
S01008091,Economically active: Employee: Part-time (1),47,46,1
S01008091,Economically active: Employee: Full-time (1),122,118,4
S01008091,Economically active: Self-employed: Total,22,22,0
S01008091,Economically active: Self-employed: Part-time (1),5,5,0
S01008091,Economically active: Self-employed: Full-time (1),17,17,0
S01008091,Economically active: Unemployed (1),6,6,0
S01008091,Economically inactive,135,134,1
S01008092,All people aged 16 and over,767,729,38
S01008092,Economically active: Total,422,402,20
S01008092,Economically active: Employee: Total,354,342,12
S01008092,Economically active: Employee: Part-time (1),114,112,2
S01008092,Economically active: Employee: Full-time (1),240,230,10
S01008092,Economically active: Self-employed: Total,47,40,7
S01008092,Economically active: Self-employed: Part-time (1),14,12,2
S01008092,Economically active: Self-employed: Full-time (1),33,28,5
S01008092,Economically active: Unemployed (1),21,20,1
S01008092,Economically inactive,345,327,18
S01008093,All people aged 16 and over,672,651,21
S01008093,Economically active: Total,378,363,15
S01008093,Economically active: Employee: Total,325,314,11
S01008093,Economically active: Employee: Part-time (1),95,93,2
S01008093,Economically active: Employee: Full-time (1),230,221,9
S01008093,Economically active: Self-employed: Total,36,33,3
S01008093,Economically active: Self-employed: Part-time (1),8,7,1
S01008093,Economically active: Self-employed: Full-time (1),28,26,2
S01008093,Economically active: Unemployed (1),17,16,1
S01008093,Economically inactive,294,288,6
S01008094,All people aged 16 and over,555,525,30
S01008094,Economically active: Total,332,317,15
S01008094,Economically active: Employee: Total,257,245,12
S01008094,Economically active: Employee: Part-time (1),80,78,2
S01008094,Economically active: Employee: Full-time (1),177,167,10
S01008094,Economically active: Self-employed: Total,61,58,3
S01008094,Economically active: Self-employed: Part-time (1),19,19,0
S01008094,Economically active: Self-employed: Full-time (1),42,39,3
S01008094,Economically active: Unemployed (1),14,14,0
S01008094,Economically inactive,223,208,15
S01008095,All people aged 16 and over,645,624,21
S01008095,Economically active: Total,373,362,11
S01008095,Economically active: Employee: Total,316,308,8
S01008095,Economically active: Employee: Part-time (1),92,88,4
S01008095,Economically active: Employee: Full-time (1),224,220,4
S01008095,Economically active: Self-employed: Total,38,36,2
S01008095,Economically active: Self-employed: Part-time (1),11,11,0
S01008095,Economically active: Self-employed: Full-time (1),27,25,2
S01008095,Economically active: Unemployed (1),19,18,1
S01008095,Economically inactive,272,262,10
S01008096,All people aged 16 and over,676,663,13
S01008096,Economically active: Total,358,348,10
S01008096,Economically active: Employee: Total,298,290,8
S01008096,Economically active: Employee: Part-time (1),88,86,2
S01008096,Economically active: Employee: Full-time (1),210,204,6
S01008096,Economically active: Self-employed: Total,41,39,2
S01008096,Economically active: Self-employed: Part-time (1),9,8,1
S01008096,Economically active: Self-employed: Full-time (1),32,31,1
S01008096,Economically active: Unemployed (1),19,19,0
S01008096,Economically inactive,318,315,3
S01008097,All people aged 16 and over,543,526,17
S01008097,Economically active: Total,294,283,11
S01008097,Economically active: Employee: Total,233,226,7
S01008097,Economically active: Employee: Part-time (1),78,74,4
S01008097,Economically active: Employee: Full-time (1),155,152,3
S01008097,Economically active: Self-employed: Total,43,39,4
S01008097,Economically active: Self-employed: Part-time (1),13,11,2
S01008097,Economically active: Self-employed: Full-time (1),30,28,2
S01008097,Economically active: Unemployed (1),18,18,0
S01008097,Economically inactive,249,243,6
S01008098,All people aged 16 and over,620,594,26
S01008098,Economically active: Total,394,381,13
S01008098,Economically active: Employee: Total,337,328,9
S01008098,Economically active: Employee: Part-time (1),87,85,2
S01008098,Economically active: Employee: Full-time (1),250,243,7
S01008098,Economically active: Self-employed: Total,42,38,4
S01008098,Economically active: Self-employed: Part-time (1),12,12,0
S01008098,Economically active: Self-employed: Full-time (1),30,26,4
S01008098,Economically active: Unemployed (1),15,15,0
S01008098,Economically inactive,226,213,13
S01008099,All people aged 16 and over,444,437,7
S01008099,Economically active: Total,289,284,5
S01008099,Economically active: Employee: Total,235,230,5
S01008099,Economically active: Employee: Part-time (1),68,65,3
S01008099,Economically active: Employee: Full-time (1),167,165,2
S01008099,Economically active: Self-employed: Total,36,36,0
S01008099,Economically active: Self-employed: Part-time (1),12,12,0
S01008099,Economically active: Self-employed: Full-time (1),24,24,0
S01008099,Economically active: Unemployed (1),18,18,0
S01008099,Economically inactive,155,153,2
S01008100,All people aged 16 and over,800,740,60
S01008100,Economically active: Total,432,404,28
S01008100,Economically active: Employee: Total,332,315,17
S01008100,Economically active: Employee: Part-time (1),80,72,8
S01008100,Economically active: Employee: Full-time (1),252,243,9
S01008100,Economically active: Self-employed: Total,70,61,9
S01008100,Economically active: Self-employed: Part-time (1),10,9,1
S01008100,Economically active: Self-employed: Full-time (1),60,52,8
S01008100,Economically active: Unemployed (1),30,28,2
S01008100,Economically inactive,368,336,32
S01008101,All people aged 16 and over,629,602,27
S01008101,Economically active: Total,459,437,22
S01008101,Economically active: Employee: Total,379,362,17
S01008101,Economically active: Employee: Part-time (1),90,88,2
S01008101,Economically active: Employee: Full-time (1),289,274,15
S01008101,Economically active: Self-employed: Total,46,41,5
S01008101,Economically active: Self-employed: Part-time (1),7,6,1
S01008101,Economically active: Self-employed: Full-time (1),39,35,4
S01008101,Economically active: Unemployed (1),34,34,0
S01008101,Economically inactive,170,165,5
S01008102,All people aged 16 and over,695,666,29
S01008102,Economically active: Total,414,394,20
S01008102,Economically active: Employee: Total,335,322,13
S01008102,Economically active: Employee: Part-time (1),84,82,2
S01008102,Economically active: Employee: Full-time (1),251,240,11
S01008102,Economically active: Self-employed: Total,45,42,3
S01008102,Economically active: Self-employed: Part-time (1),9,8,1
S01008102,Economically active: Self-employed: Full-time (1),36,34,2
S01008102,Economically active: Unemployed (1),34,30,4
S01008102,Economically inactive,281,272,9
S01008103,All people aged 16 and over,524,502,22
S01008103,Economically active: Total,314,299,15
S01008103,Economically active: Employee: Total,254,245,9
S01008103,Economically active: Employee: Part-time (1),69,68,1
S01008103,Economically active: Employee: Full-time (1),185,177,8
S01008103,Economically active: Self-employed: Total,38,32,6
S01008103,Economically active: Self-employed: Part-time (1),10,7,3
S01008103,Economically active: Self-employed: Full-time (1),28,25,3
S01008103,Economically active: Unemployed (1),22,22,0
S01008103,Economically inactive,210,203,7
S01008104,All people aged 16 and over,718,701,17
S01008104,Economically active: Total,451,445,6
S01008104,Economically active: Employee: Total,365,361,4
S01008104,Economically active: Employee: Part-time (1),112,109,3
S01008104,Economically active: Employee: Full-time (1),253,252,1
S01008104,Economically active: Self-employed: Total,42,40,2
S01008104,Economically active: Self-employed: Part-time (1),11,10,1
S01008104,Economically active: Self-employed: Full-time (1),31,30,1
S01008104,Economically active: Unemployed (1),44,44,0
S01008104,Economically inactive,267,256,11
S01008105,All people aged 16 and over,856,829,27
S01008105,Economically active: Total,531,513,18
S01008105,Economically active: Employee: Total,420,408,12
S01008105,Economically active: Employee: Part-time (1),118,114,4
S01008105,Economically active: Employee: Full-time (1),302,294,8
S01008105,Economically active: Self-employed: Total,44,39,5
S01008105,Economically active: Self-employed: Part-time (1),9,7,2
S01008105,Economically active: Self-employed: Full-time (1),35,32,3
S01008105,Economically active: Unemployed (1),67,66,1
S01008105,Economically inactive,325,316,9
S01008106,All people aged 16 and over,639,620,19
S01008106,Economically active: Total,361,350,11
S01008106,Economically active: Employee: Total,287,278,9
S01008106,Economically active: Employee: Part-time (1),79,79,0
S01008106,Economically active: Employee: Full-time (1),208,199,9
S01008106,Economically active: Self-employed: Total,28,27,1
S01008106,Economically active: Self-employed: Part-time (1),10,10,0
S01008106,Economically active: Self-employed: Full-time (1),18,17,1
S01008106,Economically active: Unemployed (1),46,45,1
S01008106,Economically inactive,278,270,8
S01008107,All people aged 16 and over,625,538,87
S01008107,Economically active: Total,509,439,70
S01008107,Economically active: Employee: Total,401,355,46
S01008107,Economically active: Employee: Part-time (1),111,97,14
S01008107,Economically active: Employee: Full-time (1),290,258,32
S01008107,Economically active: Self-employed: Total,86,66,20
S01008107,Economically active: Self-employed: Part-time (1),15,10,5
S01008107,Economically active: Self-employed: Full-time (1),71,56,15
S01008107,Economically active: Unemployed (1),22,18,4
S01008107,Economically inactive,116,99,17
S01008108,All people aged 16 and over,540,506,34
S01008108,Economically active: Total,410,386,24
S01008108,Economically active: Employee: Total,343,325,18
S01008108,Economically active: Employee: Part-time (1),107,100,7
S01008108,Economically active: Employee: Full-time (1),236,225,11
S01008108,Economically active: Self-employed: Total,51,46,5
S01008108,Economically active: Self-employed: Part-time (1),12,12,0
S01008108,Economically active: Self-employed: Full-time (1),39,34,5
S01008108,Economically active: Unemployed (1),16,15,1
S01008108,Economically inactive,130,120,10
S01008109,All people aged 16 and over,756,731,25
S01008109,Economically active: Total,514,504,10
S01008109,Economically active: Employee: Total,438,430,8
S01008109,Economically active: Employee: Part-time (1),124,123,1
S01008109,Economically active: Employee: Full-time (1),314,307,7
S01008109,Economically active: Self-employed: Total,49,47,2
S01008109,Economically active: Self-employed: Part-time (1),12,10,2
S01008109,Economically active: Self-employed: Full-time (1),37,37,0
S01008109,Economically active: Unemployed (1),27,27,0
S01008109,Economically inactive,242,227,15
S01008110,All people aged 16 and over,697,650,47
S01008110,Economically active: Total,513,484,29
S01008110,Economically active: Employee: Total,434,411,23
S01008110,Economically active: Employee: Part-time (1),112,104,8
S01008110,Economically active: Employee: Full-time (1),322,307,15
S01008110,Economically active: Self-employed: Total,50,46,4
S01008110,Economically active: Self-employed: Part-time (1),15,15,0
S01008110,Economically active: Self-employed: Full-time (1),35,31,4
S01008110,Economically active: Unemployed (1),29,27,2
S01008110,Economically inactive,184,166,18
S01008111,All people aged 16 and over,751,714,37
S01008111,Economically active: Total,445,427,18
S01008111,Economically active: Employee: Total,395,379,16
S01008111,Economically active: Employee: Part-time (1),113,109,4
S01008111,Economically active: Employee: Full-time (1),282,270,12
S01008111,Economically active: Self-employed: Total,42,40,2
S01008111,Economically active: Self-employed: Part-time (1),11,11,0
S01008111,Economically active: Self-employed: Full-time (1),31,29,2
S01008111,Economically active: Unemployed (1),8,8,0
S01008111,Economically inactive,306,287,19
S01008112,All people aged 16 and over,713,678,35
S01008112,Economically active: Total,413,397,16
S01008112,Economically active: Employee: Total,350,339,11
S01008112,Economically active: Employee: Part-time (1),118,113,5
S01008112,Economically active: Employee: Full-time (1),232,226,6
S01008112,Economically active: Self-employed: Total,36,33,3
S01008112,Economically active: Self-employed: Part-time (1),8,6,2
S01008112,Economically active: Self-employed: Full-time (1),28,27,1
S01008112,Economically active: Unemployed (1),27,25,2
S01008112,Economically inactive,300,281,19
S01008113,All people aged 16 and over,779,738,41
S01008113,Economically active: Total,471,449,22
S01008113,Economically active: Employee: Total,402,387,15
S01008113,Economically active: Employee: Part-time (1),127,123,4
S01008113,Economically active: Employee: Full-time (1),275,264,11
S01008113,Economically active: Self-employed: Total,48,41,7
S01008113,Economically active: Self-employed: Part-time (1),17,16,1
S01008113,Economically active: Self-employed: Full-time (1),31,25,6
S01008113,Economically active: Unemployed (1),21,21,0
S01008113,Economically inactive,308,289,19
S01008114,All people aged 16 and over,578,561,17
S01008114,Economically active: Total,357,348,9
S01008114,Economically active: Employee: Total,301,292,9
S01008114,Economically active: Employee: Part-time (1),96,91,5
S01008114,Economically active: Employee: Full-time (1),205,201,4
S01008114,Economically active: Self-employed: Total,37,37,0
S01008114,Economically active: Self-employed: Part-time (1),9,9,0
S01008114,Economically active: Self-employed: Full-time (1),28,28,0
S01008114,Economically active: Unemployed (1),19,19,0
S01008114,Economically inactive,221,213,8
S01008115,All people aged 16 and over,761,704,57
S01008115,Economically active: Total,551,516,35
S01008115,Economically active: Employee: Total,462,438,24
S01008115,Economically active: Employee: Part-time (1),139,129,10
S01008115,Economically active: Employee: Full-time (1),323,309,14
S01008115,Economically active: Self-employed: Total,54,44,10
S01008115,Economically active: Self-employed: Part-time (1),11,10,1
S01008115,Economically active: Self-employed: Full-time (1),43,34,9
S01008115,Economically active: Unemployed (1),35,34,1
S01008115,Economically inactive,210,188,22
S01008116,All people aged 16 and over,753,705,48
S01008116,Economically active: Total,500,473,27
S01008116,Economically active: Employee: Total,430,407,23
S01008116,Economically active: Employee: Part-time (1),124,121,3
S01008116,Economically active: Employee: Full-time (1),306,286,20
S01008116,Economically active: Self-employed: Total,46,43,3
S01008116,Economically active: Self-employed: Part-time (1),12,11,1
S01008116,Economically active: Self-employed: Full-time (1),34,32,2
S01008116,Economically active: Unemployed (1),24,23,1
S01008116,Economically inactive,253,232,21
S01008117,All people aged 16 and over,676,650,26
S01008117,Economically active: Total,402,386,16
S01008117,Economically active: Employee: Total,323,314,9
S01008117,Economically active: Employee: Part-time (1),108,106,2
S01008117,Economically active: Employee: Full-time (1),215,208,7
S01008117,Economically active: Self-employed: Total,54,49,5
S01008117,Economically active: Self-employed: Part-time (1),14,14,0
S01008117,Economically active: Self-employed: Full-time (1),40,35,5
S01008117,Economically active: Unemployed (1),25,23,2
S01008117,Economically inactive,274,264,10
S01008118,All people aged 16 and over,690,669,21
S01008118,Economically active: Total,421,410,11
S01008118,Economically active: Employee: Total,340,331,9
S01008118,Economically active: Employee: Part-time (1),79,78,1
S01008118,Economically active: Employee: Full-time (1),261,253,8
S01008118,Economically active: Self-employed: Total,50,48,2
S01008118,Economically active: Self-employed: Part-time (1),16,16,0
S01008118,Economically active: Self-employed: Full-time (1),34,32,2
S01008118,Economically active: Unemployed (1),31,31,0
S01008118,Economically inactive,269,259,10
S01008119,All people aged 16 and over,542,523,19
S01008119,Economically active: Total,316,309,7
S01008119,Economically active: Employee: Total,261,255,6
S01008119,Economically active: Employee: Part-time (1),67,66,1
S01008119,Economically active: Employee: Full-time (1),194,189,5
S01008119,Economically active: Self-employed: Total,18,17,1
S01008119,Economically active: Self-employed: Part-time (1),5,4,1
S01008119,Economically active: Self-employed: Full-time (1),13,13,0
S01008119,Economically active: Unemployed (1),37,37,0
S01008119,Economically inactive,226,214,12
S01008120,All people aged 16 and over,518,495,23
S01008120,Economically active: Total,290,274,16
S01008120,Economically active: Employee: Total,237,225,12
S01008120,Economically active: Employee: Part-time (1),68,67,1
S01008120,Economically active: Employee: Full-time (1),169,158,11
S01008120,Economically active: Self-employed: Total,37,33,4
S01008120,Economically active: Self-employed: Part-time (1),7,6,1
S01008120,Economically active: Self-employed: Full-time (1),30,27,3
S01008120,Economically active: Unemployed (1),16,16,0
S01008120,Economically inactive,228,221,7
S01008121,All people aged 16 and over,556,539,17
S01008121,Economically active: Total,316,303,13
S01008121,Economically active: Employee: Total,264,251,13
S01008121,Economically active: Employee: Part-time (1),82,79,3
S01008121,Economically active: Employee: Full-time (1),182,172,10
S01008121,Economically active: Self-employed: Total,44,44,0
S01008121,Economically active: Self-employed: Part-time (1),9,9,0
S01008121,Economically active: Self-employed: Full-time (1),35,35,0
S01008121,Economically active: Unemployed (1),8,8,0
S01008121,Economically inactive,240,236,4
S01008122,All people aged 16 and over,592,556,36
S01008122,Economically active: Total,366,344,22
S01008122,Economically active: Employee: Total,272,255,17
S01008122,Economically active: Employee: Part-time (1),83,76,7
S01008122,Economically active: Employee: Full-time (1),189,179,10
S01008122,Economically active: Self-employed: Total,75,71,4
S01008122,Economically active: Self-employed: Part-time (1),24,21,3
S01008122,Economically active: Self-employed: Full-time (1),51,50,1
S01008122,Economically active: Unemployed (1),19,18,1
S01008122,Economically inactive,226,212,14
S01008123,All people aged 16 and over,763,739,24
S01008123,Economically active: Total,451,439,12
S01008123,Economically active: Employee: Total,354,346,8
S01008123,Economically active: Employee: Part-time (1),112,109,3
S01008123,Economically active: Employee: Full-time (1),242,237,5
S01008123,Economically active: Self-employed: Total,85,81,4
S01008123,Economically active: Self-employed: Part-time (1),19,18,1
S01008123,Economically active: Self-employed: Full-time (1),66,63,3
S01008123,Economically active: Unemployed (1),12,12,0
S01008123,Economically inactive,312,300,12
S01008124,All people aged 16 and over,667,642,25
S01008124,Economically active: Total,448,429,19
S01008124,Economically active: Employee: Total,392,374,18
S01008124,Economically active: Employee: Part-time (1),132,128,4
S01008124,Economically active: Employee: Full-time (1),260,246,14
S01008124,Economically active: Self-employed: Total,41,40,1
S01008124,Economically active: Self-employed: Part-time (1),9,9,0
S01008124,Economically active: Self-employed: Full-time (1),32,31,1
S01008124,Economically active: Unemployed (1),15,15,0
S01008124,Economically inactive,219,213,6
S01008125,All people aged 16 and over,728,699,29
S01008125,Economically active: Total,468,447,21
S01008125,Economically active: Employee: Total,404,387,17
S01008125,Economically active: Employee: Part-time (1),143,134,9
S01008125,Economically active: Employee: Full-time (1),261,253,8
S01008125,Economically active: Self-employed: Total,51,48,3
S01008125,Economically active: Self-employed: Part-time (1),16,16,0
S01008125,Economically active: Self-employed: Full-time (1),35,32,3
S01008125,Economically active: Unemployed (1),13,12,1
S01008125,Economically inactive,260,252,8
S01008126,All people aged 16 and over,668,653,15
S01008126,Economically active: Total,477,464,13
S01008126,Economically active: Employee: Total,398,387,11
S01008126,Economically active: Employee: Part-time (1),125,125,0
S01008126,Economically active: Employee: Full-time (1),273,262,11
S01008126,Economically active: Self-employed: Total,61,59,2
S01008126,Economically active: Self-employed: Part-time (1),21,19,2
S01008126,Economically active: Self-employed: Full-time (1),40,40,0
S01008126,Economically active: Unemployed (1),18,18,0
S01008126,Economically inactive,191,189,2
S01008127,All people aged 16 and over,411,398,13
S01008127,Economically active: Total,267,258,9
S01008127,Economically active: Employee: Total,225,216,9
S01008127,Economically active: Employee: Part-time (1),65,61,4
S01008127,Economically active: Employee: Full-time (1),160,155,5
S01008127,Economically active: Self-employed: Total,26,26,0
S01008127,Economically active: Self-employed: Part-time (1),8,8,0
S01008127,Economically active: Self-employed: Full-time (1),18,18,0
S01008127,Economically active: Unemployed (1),16,16,0
S01008127,Economically inactive,144,140,4
S01008128,All people aged 16 and over,750,734,16
S01008128,Economically active: Total,464,455,9
S01008128,Economically active: Employee: Total,391,383,8
S01008128,Economically active: Employee: Part-time (1),132,129,3
S01008128,Economically active: Employee: Full-time (1),259,254,5
S01008128,Economically active: Self-employed: Total,52,52,0
S01008128,Economically active: Self-employed: Part-time (1),17,17,0
S01008128,Economically active: Self-employed: Full-time (1),35,35,0
S01008128,Economically active: Unemployed (1),21,20,1
S01008128,Economically inactive,286,279,7
S01008129,All people aged 16 and over,748,722,26
S01008129,Economically active: Total,474,456,18
S01008129,Economically active: Employee: Total,385,372,13
S01008129,Economically active: Employee: Part-time (1),93,89,4
S01008129,Economically active: Employee: Full-time (1),292,283,9
S01008129,Economically active: Self-employed: Total,49,45,4
S01008129,Economically active: Self-employed: Part-time (1),8,6,2
S01008129,Economically active: Self-employed: Full-time (1),41,39,2
S01008129,Economically active: Unemployed (1),40,39,1
S01008129,Economically inactive,274,266,8
S01008130,All people aged 16 and over,815,780,35
S01008130,Economically active: Total,537,514,23
S01008130,Economically active: Employee: Total,429,408,21
S01008130,Economically active: Employee: Part-time (1),117,115,2
S01008130,Economically active: Employee: Full-time (1),312,293,19
S01008130,Economically active: Self-employed: Total,46,45,1
S01008130,Economically active: Self-employed: Part-time (1),14,14,0
S01008130,Economically active: Self-employed: Full-time (1),32,31,1
S01008130,Economically active: Unemployed (1),62,61,1
S01008130,Economically inactive,278,266,12
S01008131,All people aged 16 and over,642,624,18
S01008131,Economically active: Total,395,383,12
S01008131,Economically active: Employee: Total,320,313,7
S01008131,Economically active: Employee: Part-time (1),77,77,0
S01008131,Economically active: Employee: Full-time (1),243,236,7
S01008131,Economically active: Self-employed: Total,33,29,4
S01008131,Economically active: Self-employed: Part-time (1),9,8,1
S01008131,Economically active: Self-employed: Full-time (1),24,21,3
S01008131,Economically active: Unemployed (1),42,41,1
S01008131,Economically inactive,247,241,6
S01008132,All people aged 16 and over,850,817,33
S01008132,Economically active: Total,490,472,18
S01008132,Economically active: Employee: Total,400,384,16
S01008132,Economically active: Employee: Part-time (1),113,109,4
S01008132,Economically active: Employee: Full-time (1),287,275,12
S01008132,Economically active: Self-employed: Total,70,69,1
S01008132,Economically active: Self-employed: Part-time (1),20,20,0
S01008132,Economically active: Self-employed: Full-time (1),50,49,1
S01008132,Economically active: Unemployed (1),20,19,1
S01008132,Economically inactive,360,345,15
S01008133,All people aged 16 and over,540,509,31
S01008133,Economically active: Total,268,250,18
S01008133,Economically active: Employee: Total,211,195,16
S01008133,Economically active: Employee: Part-time (1),61,54,7
S01008133,Economically active: Employee: Full-time (1),150,141,9
S01008133,Economically active: Self-employed: Total,40,39,1
S01008133,Economically active: Self-employed: Part-time (1),9,9,0
S01008133,Economically active: Self-employed: Full-time (1),31,30,1
S01008133,Economically active: Unemployed (1),17,16,1
S01008133,Economically inactive,272,259,13
S01008134,All people aged 16 and over,520,495,25
S01008134,Economically active: Total,348,325,23
S01008134,Economically active: Employee: Total,289,267,22
S01008134,Economically active: Employee: Part-time (1),55,50,5
S01008134,Economically active: Employee: Full-time (1),234,217,17
S01008134,Economically active: Self-employed: Total,36,36,0
S01008134,Economically active: Self-employed: Part-time (1),7,7,0
S01008134,Economically active: Self-employed: Full-time (1),29,29,0
S01008134,Economically active: Unemployed (1),23,22,1
S01008134,Economically inactive,172,170,2
S01008135,All people aged 16 and over,916,876,40
S01008135,Economically active: Total,639,605,34
S01008135,Economically active: Employee: Total,539,511,28
S01008135,Economically active: Employee: Part-time (1),137,130,7
S01008135,Economically active: Employee: Full-time (1),402,381,21
S01008135,Economically active: Self-employed: Total,59,56,3
S01008135,Economically active: Self-employed: Part-time (1),10,8,2
S01008135,Economically active: Self-employed: Full-time (1),49,48,1
S01008135,Economically active: Unemployed (1),41,38,3
S01008135,Economically inactive,277,271,6
S01008136,All people aged 16 and over,756,736,20
S01008136,Economically active: Total,469,457,12
S01008136,Economically active: Employee: Total,392,381,11
S01008136,Economically active: Employee: Part-time (1),100,96,4
S01008136,Economically active: Employee: Full-time (1),292,285,7
S01008136,Economically active: Self-employed: Total,42,42,0
S01008136,Economically active: Self-employed: Part-time (1),4,4,0
S01008136,Economically active: Self-employed: Full-time (1),38,38,0
S01008136,Economically active: Unemployed (1),35,34,1
S01008136,Economically inactive,287,279,8
S01008137,All people aged 16 and over,667,655,12
S01008137,Economically active: Total,394,387,7
S01008137,Economically active: Employee: Total,301,295,6
S01008137,Economically active: Employee: Part-time (1),111,110,1
S01008137,Economically active: Employee: Full-time (1),190,185,5
S01008137,Economically active: Self-employed: Total,24,24,0
S01008137,Economically active: Self-employed: Part-time (1),12,12,0
S01008137,Economically active: Self-employed: Full-time (1),12,12,0
S01008137,Economically active: Unemployed (1),69,68,1
S01008137,Economically inactive,273,268,5
S01008138,All people aged 16 and over,645,631,14
S01008138,Economically active: Total,390,383,7
S01008138,Economically active: Employee: Total,304,299,5
S01008138,Economically active: Employee: Part-time (1),102,99,3
S01008138,Economically active: Employee: Full-time (1),202,200,2
S01008138,Economically active: Self-employed: Total,25,23,2
S01008138,Economically active: Self-employed: Part-time (1),4,3,1
S01008138,Economically active: Self-employed: Full-time (1),21,20,1
S01008138,Economically active: Unemployed (1),61,61,0
S01008138,Economically inactive,255,248,7
S01008139,All people aged 16 and over,713,698,15
S01008139,Economically active: Total,427,417,10
S01008139,Economically active: Employee: Total,333,326,7
S01008139,Economically active: Employee: Part-time (1),104,101,3
S01008139,Economically active: Employee: Full-time (1),229,225,4
S01008139,Economically active: Self-employed: Total,32,31,1
S01008139,Economically active: Self-employed: Part-time (1),7,7,0
S01008139,Economically active: Self-employed: Full-time (1),25,24,1
S01008139,Economically active: Unemployed (1),62,60,2
S01008139,Economically inactive,286,281,5
S01008140,All people aged 16 and over,407,401,6
S01008140,Economically active: Total,236,232,4
S01008140,Economically active: Employee: Total,194,190,4
S01008140,Economically active: Employee: Part-time (1),65,63,2
S01008140,Economically active: Employee: Full-time (1),129,127,2
S01008140,Economically active: Self-employed: Total,13,13,0
S01008140,Economically active: Self-employed: Part-time (1),1,1,0
S01008140,Economically active: Self-employed: Full-time (1),12,12,0
S01008140,Economically active: Unemployed (1),29,29,0
S01008140,Economically inactive,171,169,2
S01008141,All people aged 16 and over,712,694,18
S01008141,Economically active: Total,446,436,10
S01008141,Economically active: Employee: Total,373,365,8
S01008141,Economically active: Employee: Part-time (1),97,92,5
S01008141,Economically active: Employee: Full-time (1),276,273,3
S01008141,Economically active: Self-employed: Total,54,52,2
S01008141,Economically active: Self-employed: Part-time (1),18,18,0
S01008141,Economically active: Self-employed: Full-time (1),36,34,2
S01008141,Economically active: Unemployed (1),19,19,0
S01008141,Economically inactive,266,258,8
S01008142,All people aged 16 and over,664,657,7
S01008142,Economically active: Total,477,470,7
S01008142,Economically active: Employee: Total,408,404,4
S01008142,Economically active: Employee: Part-time (1),116,116,0
S01008142,Economically active: Employee: Full-time (1),292,288,4
S01008142,Economically active: Self-employed: Total,37,36,1
S01008142,Economically active: Self-employed: Part-time (1),14,13,1
S01008142,Economically active: Self-employed: Full-time (1),23,23,0
S01008142,Economically active: Unemployed (1),32,30,2
S01008142,Economically inactive,187,187,0
S01008143,All people aged 16 and over,755,732,23
S01008143,Economically active: Total,452,439,13
S01008143,Economically active: Employee: Total,359,351,8
S01008143,Economically active: Employee: Part-time (1),95,94,1
S01008143,Economically active: Employee: Full-time (1),264,257,7
S01008143,Economically active: Self-employed: Total,35,33,2
S01008143,Economically active: Self-employed: Part-time (1),12,12,0
S01008143,Economically active: Self-employed: Full-time (1),23,21,2
S01008143,Economically active: Unemployed (1),58,55,3
S01008143,Economically inactive,303,293,10
S01008144,All people aged 16 and over,505,499,6
S01008144,Economically active: Total,326,324,2
S01008144,Economically active: Employee: Total,257,255,2
S01008144,Economically active: Employee: Part-time (1),79,78,1
S01008144,Economically active: Employee: Full-time (1),178,177,1
S01008144,Economically active: Self-employed: Total,53,53,0
S01008144,Economically active: Self-employed: Part-time (1),14,14,0
S01008144,Economically active: Self-employed: Full-time (1),39,39,0
S01008144,Economically active: Unemployed (1),16,16,0
S01008144,Economically inactive,179,175,4
S01008145,All people aged 16 and over,646,637,9
S01008145,Economically active: Total,432,426,6
S01008145,Economically active: Employee: Total,343,340,3
S01008145,Economically active: Employee: Part-time (1),93,92,1
S01008145,Economically active: Employee: Full-time (1),250,248,2
S01008145,Economically active: Self-employed: Total,40,37,3
S01008145,Economically active: Self-employed: Part-time (1),11,9,2
S01008145,Economically active: Self-employed: Full-time (1),29,28,1
S01008145,Economically active: Unemployed (1),49,49,0
S01008145,Economically inactive,214,211,3
S01008146,All people aged 16 and over,414,408,6
S01008146,Economically active: Total,236,232,4
S01008146,Economically active: Employee: Total,188,185,3
S01008146,Economically active: Employee: Part-time (1),58,57,1
S01008146,Economically active: Employee: Full-time (1),130,128,2
S01008146,Economically active: Self-employed: Total,23,22,1
S01008146,Economically active: Self-employed: Part-time (1),5,5,0
S01008146,Economically active: Self-employed: Full-time (1),18,17,1
S01008146,Economically active: Unemployed (1),25,25,0
S01008146,Economically inactive,178,176,2
S01008147,All people aged 16 and over,664,653,11
S01008147,Economically active: Total,437,431,6
S01008147,Economically active: Employee: Total,366,360,6
S01008147,Economically active: Employee: Part-time (1),98,95,3
S01008147,Economically active: Employee: Full-time (1),268,265,3
S01008147,Economically active: Self-employed: Total,40,40,0
S01008147,Economically active: Self-employed: Part-time (1),9,9,0
S01008147,Economically active: Self-employed: Full-time (1),31,31,0
S01008147,Economically active: Unemployed (1),31,31,0
S01008147,Economically inactive,227,222,5
S01008148,All people aged 16 and over,648,640,8
S01008148,Economically active: Total,445,441,4
S01008148,Economically active: Employee: Total,379,376,3
S01008148,Economically active: Employee: Part-time (1),105,104,1
S01008148,Economically active: Employee: Full-time (1),274,272,2
S01008148,Economically active: Self-employed: Total,41,40,1
S01008148,Economically active: Self-employed: Part-time (1),11,10,1
S01008148,Economically active: Self-employed: Full-time (1),30,30,0
S01008148,Economically active: Unemployed (1),25,25,0
S01008148,Economically inactive,203,199,4
S01008149,All people aged 16 and over,568,555,13
S01008149,Economically active: Total,373,363,10
S01008149,Economically active: Employee: Total,312,304,8
S01008149,Economically active: Employee: Part-time (1),85,83,2
S01008149,Economically active: Employee: Full-time (1),227,221,6
S01008149,Economically active: Self-employed: Total,23,22,1
S01008149,Economically active: Self-employed: Part-time (1),2,2,0
S01008149,Economically active: Self-employed: Full-time (1),21,20,1
S01008149,Economically active: Unemployed (1),38,37,1
S01008149,Economically inactive,195,192,3
S01008150,All people aged 16 and over,764,750,14
S01008150,Economically active: Total,447,437,10
S01008150,Economically active: Employee: Total,375,367,8
S01008150,Economically active: Employee: Part-time (1),99,98,1
S01008150,Economically active: Employee: Full-time (1),276,269,7
S01008150,Economically active: Self-employed: Total,32,31,1
S01008150,Economically active: Self-employed: Part-time (1),9,9,0
S01008150,Economically active: Self-employed: Full-time (1),23,22,1
S01008150,Economically active: Unemployed (1),40,39,1
S01008150,Economically inactive,317,313,4
S01008151,All people aged 16 and over,589,575,14
S01008151,Economically active: Total,354,345,9
S01008151,Economically active: Employee: Total,295,289,6
S01008151,Economically active: Employee: Part-time (1),76,74,2
S01008151,Economically active: Employee: Full-time (1),219,215,4
S01008151,Economically active: Self-employed: Total,23,21,2
S01008151,Economically active: Self-employed: Part-time (1),7,6,1
S01008151,Economically active: Self-employed: Full-time (1),16,15,1
S01008151,Economically active: Unemployed (1),36,35,1
S01008151,Economically inactive,235,230,5
S01008152,All people aged 16 and over,891,862,29
S01008152,Economically active: Total,498,486,12
S01008152,Economically active: Employee: Total,407,397,10
S01008152,Economically active: Employee: Part-time (1),104,104,0
S01008152,Economically active: Employee: Full-time (1),303,293,10
S01008152,Economically active: Self-employed: Total,36,36,0
S01008152,Economically active: Self-employed: Part-time (1),9,9,0
S01008152,Economically active: Self-employed: Full-time (1),27,27,0
S01008152,Economically active: Unemployed (1),55,53,2
S01008152,Economically inactive,393,376,17
S01008153,All people aged 16 and over,769,751,18
S01008153,Economically active: Total,501,491,10
S01008153,Economically active: Employee: Total,423,416,7
S01008153,Economically active: Employee: Part-time (1),125,124,1
S01008153,Economically active: Employee: Full-time (1),298,292,6
S01008153,Economically active: Self-employed: Total,48,46,2
S01008153,Economically active: Self-employed: Part-time (1),11,9,2
S01008153,Economically active: Self-employed: Full-time (1),37,37,0
S01008153,Economically active: Unemployed (1),30,29,1
S01008153,Economically inactive,268,260,8
S01008154,All people aged 16 and over,710,699,11
S01008154,Economically active: Total,407,401,6
S01008154,Economically active: Employee: Total,333,330,3
S01008154,Economically active: Employee: Part-time (1),89,88,1
S01008154,Economically active: Employee: Full-time (1),244,242,2
S01008154,Economically active: Self-employed: Total,46,43,3
S01008154,Economically active: Self-employed: Part-time (1),13,12,1
S01008154,Economically active: Self-employed: Full-time (1),33,31,2
S01008154,Economically active: Unemployed (1),28,28,0
S01008154,Economically inactive,303,298,5
S01008155,All people aged 16 and over,576,554,22
S01008155,Economically active: Total,379,365,14
S01008155,Economically active: Employee: Total,309,299,10
S01008155,Economically active: Employee: Part-time (1),78,74,4
S01008155,Economically active: Employee: Full-time (1),231,225,6
S01008155,Economically active: Self-employed: Total,41,38,3
S01008155,Economically active: Self-employed: Part-time (1),13,11,2
S01008155,Economically active: Self-employed: Full-time (1),28,27,1
S01008155,Economically active: Unemployed (1),29,28,1
S01008155,Economically inactive,197,189,8
S01008156,All people aged 16 and over,771,752,19
S01008156,Economically active: Total,487,476,11
S01008156,Economically active: Employee: Total,364,359,5
S01008156,Economically active: Employee: Part-time (1),111,109,2
S01008156,Economically active: Employee: Full-time (1),253,250,3
S01008156,Economically active: Self-employed: Total,79,76,3
S01008156,Economically active: Self-employed: Part-time (1),16,15,1
S01008156,Economically active: Self-employed: Full-time (1),63,61,2
S01008156,Economically active: Unemployed (1),44,41,3
S01008156,Economically inactive,284,276,8
S01008157,All people aged 16 and over,592,572,20
S01008157,Economically active: Total,415,402,13
S01008157,Economically active: Employee: Total,343,334,9
S01008157,Economically active: Employee: Part-time (1),104,101,3
S01008157,Economically active: Employee: Full-time (1),239,233,6
S01008157,Economically active: Self-employed: Total,42,41,1
S01008157,Economically active: Self-employed: Part-time (1),16,15,1
S01008157,Economically active: Self-employed: Full-time (1),26,26,0
S01008157,Economically active: Unemployed (1),30,27,3
S01008157,Economically inactive,177,170,7
S01008158,All people aged 16 and over,627,599,28
S01008158,Economically active: Total,486,467,19
S01008158,Economically active: Employee: Total,416,402,14
S01008158,Economically active: Employee: Part-time (1),90,88,2
S01008158,Economically active: Employee: Full-time (1),326,314,12
S01008158,Economically active: Self-employed: Total,46,42,4
S01008158,Economically active: Self-employed: Part-time (1),11,10,1
S01008158,Economically active: Self-employed: Full-time (1),35,32,3
S01008158,Economically active: Unemployed (1),24,23,1
S01008158,Economically inactive,141,132,9
S01008159,All people aged 16 and over,781,760,21
S01008159,Economically active: Total,448,436,12
S01008159,Economically active: Employee: Total,347,337,10
S01008159,Economically active: Employee: Part-time (1),101,98,3
S01008159,Economically active: Employee: Full-time (1),246,239,7
S01008159,Economically active: Self-employed: Total,40,40,0
S01008159,Economically active: Self-employed: Part-time (1),9,9,0
S01008159,Economically active: Self-employed: Full-time (1),31,31,0
S01008159,Economically active: Unemployed (1),61,59,2
S01008159,Economically inactive,333,324,9
S01008160,All people aged 16 and over,771,755,16
S01008160,Economically active: Total,449,436,13
S01008160,Economically active: Employee: Total,354,346,8
S01008160,Economically active: Employee: Part-time (1),91,88,3
S01008160,Economically active: Employee: Full-time (1),263,258,5
S01008160,Economically active: Self-employed: Total,39,36,3
S01008160,Economically active: Self-employed: Part-time (1),14,14,0
S01008160,Economically active: Self-employed: Full-time (1),25,22,3
S01008160,Economically active: Unemployed (1),56,54,2
S01008160,Economically inactive,322,319,3
S01008161,All people aged 16 and over,815,779,36
S01008161,Economically active: Total,627,597,30
S01008161,Economically active: Employee: Total,513,486,27
S01008161,Economically active: Employee: Part-time (1),110,103,7
S01008161,Economically active: Employee: Full-time (1),403,383,20
S01008161,Economically active: Self-employed: Total,90,88,2
S01008161,Economically active: Self-employed: Part-time (1),22,22,0
S01008161,Economically active: Self-employed: Full-time (1),68,66,2
S01008161,Economically active: Unemployed (1),24,23,1
S01008161,Economically inactive,188,182,6
S01008162,All people aged 16 and over,831,803,28
S01008162,Economically active: Total,547,522,25
S01008162,Economically active: Employee: Total,463,444,19
S01008162,Economically active: Employee: Part-time (1),114,105,9
S01008162,Economically active: Employee: Full-time (1),349,339,10
S01008162,Economically active: Self-employed: Total,60,56,4
S01008162,Economically active: Self-employed: Part-time (1),12,11,1
S01008162,Economically active: Self-employed: Full-time (1),48,45,3
S01008162,Economically active: Unemployed (1),24,22,2
S01008162,Economically inactive,284,281,3
S01008163,All people aged 16 and over,601,580,21
S01008163,Economically active: Total,368,354,14
S01008163,Economically active: Employee: Total,290,279,11
S01008163,Economically active: Employee: Part-time (1),83,82,1
S01008163,Economically active: Employee: Full-time (1),207,197,10
S01008163,Economically active: Self-employed: Total,43,41,2
S01008163,Economically active: Self-employed: Part-time (1),13,11,2
S01008163,Economically active: Self-employed: Full-time (1),30,30,0
S01008163,Economically active: Unemployed (1),35,34,1
S01008163,Economically inactive,233,226,7
S01008164,All people aged 16 and over,1318,954,364
S01008164,Economically active: Total,731,600,131
S01008164,Economically active: Employee: Total,490,424,66
S01008164,Economically active: Employee: Part-time (1),258,215,43
S01008164,Economically active: Employee: Full-time (1),232,209,23
S01008164,Economically active: Self-employed: Total,42,36,6
S01008164,Economically active: Self-employed: Part-time (1),10,7,3
S01008164,Economically active: Self-employed: Full-time (1),32,29,3
S01008164,Economically active: Unemployed (1),199,140,59
S01008164,Economically inactive,587,354,233
S01008165,All people aged 16 and over,580,534,46
S01008165,Economically active: Total,459,424,35
S01008165,Economically active: Employee: Total,372,347,25
S01008165,Economically active: Employee: Part-time (1),97,90,7
S01008165,Economically active: Employee: Full-time (1),275,257,18
S01008165,Economically active: Self-employed: Total,70,65,5
S01008165,Economically active: Self-employed: Part-time (1),21,20,1
S01008165,Economically active: Self-employed: Full-time (1),49,45,4
S01008165,Economically active: Unemployed (1),17,12,5
S01008165,Economically inactive,121,110,11
S01008166,All people aged 16 and over,443,432,11
S01008166,Economically active: Total,293,286,7
S01008166,Economically active: Employee: Total,233,226,7
S01008166,Economically active: Employee: Part-time (1),71,71,0
S01008166,Economically active: Employee: Full-time (1),162,155,7
S01008166,Economically active: Self-employed: Total,26,26,0
S01008166,Economically active: Self-employed: Part-time (1),8,8,0
S01008166,Economically active: Self-employed: Full-time (1),18,18,0
S01008166,Economically active: Unemployed (1),34,34,0
S01008166,Economically inactive,150,146,4
S01008167,All people aged 16 and over,561,535,26
S01008167,Economically active: Total,362,345,17
S01008167,Economically active: Employee: Total,285,270,15
S01008167,Economically active: Employee: Part-time (1),93,89,4
S01008167,Economically active: Employee: Full-time (1),192,181,11
S01008167,Economically active: Self-employed: Total,25,24,1
S01008167,Economically active: Self-employed: Part-time (1),10,10,0
S01008167,Economically active: Self-employed: Full-time (1),15,14,1
S01008167,Economically active: Unemployed (1),52,51,1
S01008167,Economically inactive,199,190,9
S01008168,All people aged 16 and over,668,627,41
S01008168,Economically active: Total,412,378,34
S01008168,Economically active: Employee: Total,348,318,30
S01008168,Economically active: Employee: Part-time (1),105,95,10
S01008168,Economically active: Employee: Full-time (1),243,223,20
S01008168,Economically active: Self-employed: Total,24,21,3
S01008168,Economically active: Self-employed: Part-time (1),9,8,1
S01008168,Economically active: Self-employed: Full-time (1),15,13,2
S01008168,Economically active: Unemployed (1),40,39,1
S01008168,Economically inactive,256,249,7
S01008169,All people aged 16 and over,584,561,23
S01008169,Economically active: Total,409,392,17
S01008169,Economically active: Employee: Total,350,333,17
S01008169,Economically active: Employee: Part-time (1),106,103,3
S01008169,Economically active: Employee: Full-time (1),244,230,14
S01008169,Economically active: Self-employed: Total,30,30,0
S01008169,Economically active: Self-employed: Part-time (1),8,8,0
S01008169,Economically active: Self-employed: Full-time (1),22,22,0
S01008169,Economically active: Unemployed (1),29,29,0
S01008169,Economically inactive,175,169,6
S01008170,All people aged 16 and over,492,479,13
S01008170,Economically active: Total,341,333,8
S01008170,Economically active: Employee: Total,282,277,5
S01008170,Economically active: Employee: Part-time (1),87,86,1
S01008170,Economically active: Employee: Full-time (1),195,191,4
S01008170,Economically active: Self-employed: Total,46,43,3
S01008170,Economically active: Self-employed: Part-time (1),11,11,0
S01008170,Economically active: Self-employed: Full-time (1),35,32,3
S01008170,Economically active: Unemployed (1),13,13,0
S01008170,Economically inactive,151,146,5
S01008171,All people aged 16 and over,616,568,48
S01008171,Economically active: Total,373,343,30
S01008171,Economically active: Employee: Total,325,299,26
S01008171,Economically active: Employee: Part-time (1),85,77,8
S01008171,Economically active: Employee: Full-time (1),240,222,18
S01008171,Economically active: Self-employed: Total,25,22,3
S01008171,Economically active: Self-employed: Part-time (1),7,7,0
S01008171,Economically active: Self-employed: Full-time (1),18,15,3
S01008171,Economically active: Unemployed (1),23,22,1
S01008171,Economically inactive,243,225,18
S01008172,All people aged 16 and over,457,438,19
S01008172,Economically active: Total,284,271,13
S01008172,Economically active: Employee: Total,238,227,11
S01008172,Economically active: Employee: Part-time (1),75,75,0
S01008172,Economically active: Employee: Full-time (1),163,152,11
S01008172,Economically active: Self-employed: Total,29,28,1
S01008172,Economically active: Self-employed: Part-time (1),8,7,1
S01008172,Economically active: Self-employed: Full-time (1),21,21,0
S01008172,Economically active: Unemployed (1),17,16,1
S01008172,Economically inactive,173,167,6
S01008173,All people aged 16 and over,521,504,17
S01008173,Economically active: Total,376,364,12
S01008173,Economically active: Employee: Total,329,317,12
S01008173,Economically active: Employee: Part-time (1),112,107,5
S01008173,Economically active: Employee: Full-time (1),217,210,7
S01008173,Economically active: Self-employed: Total,29,29,0
S01008173,Economically active: Self-employed: Part-time (1),5,5,0
S01008173,Economically active: Self-employed: Full-time (1),24,24,0
S01008173,Economically active: Unemployed (1),18,18,0
S01008173,Economically inactive,145,140,5
S01008174,All people aged 16 and over,448,434,14
S01008174,Economically active: Total,319,308,11
S01008174,Economically active: Employee: Total,270,263,7
S01008174,Economically active: Employee: Part-time (1),83,82,1
S01008174,Economically active: Employee: Full-time (1),187,181,6
S01008174,Economically active: Self-employed: Total,36,32,4
S01008174,Economically active: Self-employed: Part-time (1),9,7,2
S01008174,Economically active: Self-employed: Full-time (1),27,25,2
S01008174,Economically active: Unemployed (1),13,13,0
S01008174,Economically inactive,129,126,3
S01008175,All people aged 16 and over,615,572,43
S01008175,Economically active: Total,439,409,30
S01008175,Economically active: Employee: Total,372,345,27
S01008175,Economically active: Employee: Part-time (1),100,94,6
S01008175,Economically active: Employee: Full-time (1),272,251,21
S01008175,Economically active: Self-employed: Total,38,37,1
S01008175,Economically active: Self-employed: Part-time (1),10,10,0
S01008175,Economically active: Self-employed: Full-time (1),28,27,1
S01008175,Economically active: Unemployed (1),29,27,2
S01008175,Economically inactive,176,163,13
S01008176,All people aged 16 and over,610,569,41
S01008176,Economically active: Total,403,374,29
S01008176,Economically active: Employee: Total,315,288,27
S01008176,Economically active: Employee: Part-time (1),96,89,7
S01008176,Economically active: Employee: Full-time (1),219,199,20
S01008176,Economically active: Self-employed: Total,70,69,1
S01008176,Economically active: Self-employed: Part-time (1),26,26,0
S01008176,Economically active: Self-employed: Full-time (1),44,43,1
S01008176,Economically active: Unemployed (1),18,17,1
S01008176,Economically inactive,207,195,12
S01008177,All people aged 16 and over,635,604,31
S01008177,Economically active: Total,365,345,20
S01008177,Economically active: Employee: Total,310,292,18
S01008177,Economically active: Employee: Part-time (1),108,106,2
S01008177,Economically active: Employee: Full-time (1),202,186,16
S01008177,Economically active: Self-employed: Total,31,30,1
S01008177,Economically active: Self-employed: Part-time (1),10,10,0
S01008177,Economically active: Self-employed: Full-time (1),21,20,1
S01008177,Economically active: Unemployed (1),24,23,1
S01008177,Economically inactive,270,259,11
S01008178,All people aged 16 and over,560,541,19
S01008178,Economically active: Total,325,310,15
S01008178,Economically active: Employee: Total,285,274,11
S01008178,Economically active: Employee: Part-time (1),93,89,4
S01008178,Economically active: Employee: Full-time (1),192,185,7
S01008178,Economically active: Self-employed: Total,25,22,3
S01008178,Economically active: Self-employed: Part-time (1),5,5,0
S01008178,Economically active: Self-employed: Full-time (1),20,17,3
S01008178,Economically active: Unemployed (1),15,14,1
S01008178,Economically inactive,235,231,4
S01008179,All people aged 16 and over,390,371,19
S01008179,Economically active: Total,308,296,12
S01008179,Economically active: Employee: Total,252,246,6
S01008179,Economically active: Employee: Part-time (1),84,82,2
S01008179,Economically active: Employee: Full-time (1),168,164,4
S01008179,Economically active: Self-employed: Total,42,39,3
S01008179,Economically active: Self-employed: Part-time (1),5,4,1
S01008179,Economically active: Self-employed: Full-time (1),37,35,2
S01008179,Economically active: Unemployed (1),14,11,3
S01008179,Economically inactive,82,75,7
S01008180,All people aged 16 and over,381,373,8
S01008180,Economically active: Total,295,288,7
S01008180,Economically active: Employee: Total,245,241,4
S01008180,Economically active: Employee: Part-time (1),71,70,1
S01008180,Economically active: Employee: Full-time (1),174,171,3
S01008180,Economically active: Self-employed: Total,41,38,3
S01008180,Economically active: Self-employed: Part-time (1),14,12,2
S01008180,Economically active: Self-employed: Full-time (1),27,26,1
S01008180,Economically active: Unemployed (1),9,9,0
S01008180,Economically inactive,86,85,1
S01008181,All people aged 16 and over,579,554,25
S01008181,Economically active: Total,354,334,20
S01008181,Economically active: Employee: Total,289,274,15
S01008181,Economically active: Employee: Part-time (1),103,96,7
S01008181,Economically active: Employee: Full-time (1),186,178,8
S01008181,Economically active: Self-employed: Total,48,46,2
S01008181,Economically active: Self-employed: Part-time (1),11,11,0
S01008181,Economically active: Self-employed: Full-time (1),37,35,2
S01008181,Economically active: Unemployed (1),17,14,3
S01008181,Economically inactive,225,220,5
S01008182,All people aged 16 and over,833,728,105
S01008182,Economically active: Total,576,501,75
S01008182,Economically active: Employee: Total,478,419,59
S01008182,Economically active: Employee: Part-time (1),98,89,9
S01008182,Economically active: Employee: Full-time (1),380,330,50
S01008182,Economically active: Self-employed: Total,47,41,6
S01008182,Economically active: Self-employed: Part-time (1),21,18,3
S01008182,Economically active: Self-employed: Full-time (1),26,23,3
S01008182,Economically active: Unemployed (1),51,41,10
S01008182,Economically inactive,257,227,30
S01008183,All people aged 16 and over,521,464,57
S01008183,Economically active: Total,377,326,51
S01008183,Economically active: Employee: Total,309,269,40
S01008183,Economically active: Employee: Part-time (1),96,80,16
S01008183,Economically active: Employee: Full-time (1),213,189,24
S01008183,Economically active: Self-employed: Total,33,28,5
S01008183,Economically active: Self-employed: Part-time (1),10,8,2
S01008183,Economically active: Self-employed: Full-time (1),23,20,3
S01008183,Economically active: Unemployed (1),35,29,6
S01008183,Economically inactive,144,138,6
S01008184,All people aged 16 and over,735,667,68
S01008184,Economically active: Total,442,387,55
S01008184,Economically active: Employee: Total,351,306,45
S01008184,Economically active: Employee: Part-time (1),83,73,10
S01008184,Economically active: Employee: Full-time (1),268,233,35
S01008184,Economically active: Self-employed: Total,50,47,3
S01008184,Economically active: Self-employed: Part-time (1),18,17,1
S01008184,Economically active: Self-employed: Full-time (1),32,30,2
S01008184,Economically active: Unemployed (1),41,34,7
S01008184,Economically inactive,293,280,13
S01008185,All people aged 16 and over,887,799,88
S01008185,Economically active: Total,562,489,73
S01008185,Economically active: Employee: Total,456,396,60
S01008185,Economically active: Employee: Part-time (1),114,106,8
S01008185,Economically active: Employee: Full-time (1),342,290,52
S01008185,Economically active: Self-employed: Total,52,50,2
S01008185,Economically active: Self-employed: Part-time (1),16,15,1
S01008185,Economically active: Self-employed: Full-time (1),36,35,1
S01008185,Economically active: Unemployed (1),54,43,11
S01008185,Economically inactive,325,310,15
S01008186,All people aged 16 and over,722,612,110
S01008186,Economically active: Total,370,326,44
S01008186,Economically active: Employee: Total,287,253,34
S01008186,Economically active: Employee: Part-time (1),61,55,6
S01008186,Economically active: Employee: Full-time (1),226,198,28
S01008186,Economically active: Self-employed: Total,40,37,3
S01008186,Economically active: Self-employed: Part-time (1),13,12,1
S01008186,Economically active: Self-employed: Full-time (1),27,25,2
S01008186,Economically active: Unemployed (1),43,36,7
S01008186,Economically inactive,352,286,66
S01008187,All people aged 16 and over,501,463,38
S01008187,Economically active: Total,326,300,26
S01008187,Economically active: Employee: Total,266,245,21
S01008187,Economically active: Employee: Part-time (1),88,81,7
S01008187,Economically active: Employee: Full-time (1),178,164,14
S01008187,Economically active: Self-employed: Total,32,29,3
S01008187,Economically active: Self-employed: Part-time (1),10,8,2
S01008187,Economically active: Self-employed: Full-time (1),22,21,1
S01008187,Economically active: Unemployed (1),28,26,2
S01008187,Economically inactive,175,163,12
S01008188,All people aged 16 and over,769,707,62
S01008188,Economically active: Total,433,387,46
S01008188,Economically active: Employee: Total,350,317,33
S01008188,Economically active: Employee: Part-time (1),114,109,5
S01008188,Economically active: Employee: Full-time (1),236,208,28
S01008188,Economically active: Self-employed: Total,38,30,8
S01008188,Economically active: Self-employed: Part-time (1),12,11,1
S01008188,Economically active: Self-employed: Full-time (1),26,19,7
S01008188,Economically active: Unemployed (1),45,40,5
S01008188,Economically inactive,336,320,16
S01008189,All people aged 16 and over,491,461,30
S01008189,Economically active: Total,294,280,14
S01008189,Economically active: Employee: Total,231,223,8
S01008189,Economically active: Employee: Part-time (1),80,77,3
S01008189,Economically active: Employee: Full-time (1),151,146,5
S01008189,Economically active: Self-employed: Total,43,39,4
S01008189,Economically active: Self-employed: Part-time (1),9,8,1
S01008189,Economically active: Self-employed: Full-time (1),34,31,3
S01008189,Economically active: Unemployed (1),20,18,2
S01008189,Economically inactive,197,181,16
S01008190,All people aged 16 and over,709,675,34
S01008190,Economically active: Total,446,424,22
S01008190,Economically active: Employee: Total,365,348,17
S01008190,Economically active: Employee: Part-time (1),131,124,7
S01008190,Economically active: Employee: Full-time (1),234,224,10
S01008190,Economically active: Self-employed: Total,38,34,4
S01008190,Economically active: Self-employed: Part-time (1),10,9,1
S01008190,Economically active: Self-employed: Full-time (1),28,25,3
S01008190,Economically active: Unemployed (1),43,42,1
S01008190,Economically inactive,263,251,12
S01008191,All people aged 16 and over,387,371,16
S01008191,Economically active: Total,249,236,13
S01008191,Economically active: Employee: Total,201,191,10
S01008191,Economically active: Employee: Part-time (1),78,75,3
S01008191,Economically active: Employee: Full-time (1),123,116,7
S01008191,Economically active: Self-employed: Total,23,20,3
S01008191,Economically active: Self-employed: Part-time (1),5,4,1
S01008191,Economically active: Self-employed: Full-time (1),18,16,2
S01008191,Economically active: Unemployed (1),25,25,0
S01008191,Economically inactive,138,135,3
S01008192,All people aged 16 and over,680,597,83
S01008192,Economically active: Total,471,407,64
S01008192,Economically active: Employee: Total,395,341,54
S01008192,Economically active: Employee: Part-time (1),109,90,19
S01008192,Economically active: Employee: Full-time (1),286,251,35
S01008192,Economically active: Self-employed: Total,38,32,6
S01008192,Economically active: Self-employed: Part-time (1),14,11,3
S01008192,Economically active: Self-employed: Full-time (1),24,21,3
S01008192,Economically active: Unemployed (1),38,34,4
S01008192,Economically inactive,209,190,19
S01008193,All people aged 16 and over,678,638,40
S01008193,Economically active: Total,421,394,27
S01008193,Economically active: Employee: Total,342,320,22
S01008193,Economically active: Employee: Part-time (1),104,95,9
S01008193,Economically active: Employee: Full-time (1),238,225,13
S01008193,Economically active: Self-employed: Total,49,46,3
S01008193,Economically active: Self-employed: Part-time (1),20,18,2
S01008193,Economically active: Self-employed: Full-time (1),29,28,1
S01008193,Economically active: Unemployed (1),30,28,2
S01008193,Economically inactive,257,244,13
S01008194,All people aged 16 and over,509,468,41
S01008194,Economically active: Total,321,295,26
S01008194,Economically active: Employee: Total,268,246,22
S01008194,Economically active: Employee: Part-time (1),83,78,5
S01008194,Economically active: Employee: Full-time (1),185,168,17
S01008194,Economically active: Self-employed: Total,29,25,4
S01008194,Economically active: Self-employed: Part-time (1),5,4,1
S01008194,Economically active: Self-employed: Full-time (1),24,21,3
S01008194,Economically active: Unemployed (1),24,24,0
S01008194,Economically inactive,188,173,15
S01008195,All people aged 16 and over,623,577,46
S01008195,Economically active: Total,433,398,35
S01008195,Economically active: Employee: Total,342,321,21
S01008195,Economically active: Employee: Part-time (1),120,113,7
S01008195,Economically active: Employee: Full-time (1),222,208,14
S01008195,Economically active: Self-employed: Total,44,34,10
S01008195,Economically active: Self-employed: Part-time (1),14,8,6
S01008195,Economically active: Self-employed: Full-time (1),30,26,4
S01008195,Economically active: Unemployed (1),47,43,4
S01008195,Economically inactive,190,179,11
S01008196,All people aged 16 and over,596,563,33
S01008196,Economically active: Total,409,384,25
S01008196,Economically active: Employee: Total,321,308,13
S01008196,Economically active: Employee: Part-time (1),112,109,3
S01008196,Economically active: Employee: Full-time (1),209,199,10
S01008196,Economically active: Self-employed: Total,35,27,8
S01008196,Economically active: Self-employed: Part-time (1),11,8,3
S01008196,Economically active: Self-employed: Full-time (1),24,19,5
S01008196,Economically active: Unemployed (1),53,49,4
S01008196,Economically inactive,187,179,8
S01008197,All people aged 16 and over,740,674,66
S01008197,Economically active: Total,636,582,54
S01008197,Economically active: Employee: Total,549,502,47
S01008197,Economically active: Employee: Part-time (1),89,80,9
S01008197,Economically active: Employee: Full-time (1),460,422,38
S01008197,Economically active: Self-employed: Total,47,42,5
S01008197,Economically active: Self-employed: Part-time (1),12,10,2
S01008197,Economically active: Self-employed: Full-time (1),35,32,3
S01008197,Economically active: Unemployed (1),40,38,2
S01008197,Economically inactive,104,92,12
S01008198,All people aged 16 and over,575,554,21
S01008198,Economically active: Total,347,337,10
S01008198,Economically active: Employee: Total,293,284,9
S01008198,Economically active: Employee: Part-time (1),88,86,2
S01008198,Economically active: Employee: Full-time (1),205,198,7
S01008198,Economically active: Self-employed: Total,27,27,0
S01008198,Economically active: Self-employed: Part-time (1),9,9,0
S01008198,Economically active: Self-employed: Full-time (1),18,18,0
S01008198,Economically active: Unemployed (1),27,26,1
S01008198,Economically inactive,228,217,11
S01008199,All people aged 16 and over,608,585,23
S01008199,Economically active: Total,379,360,19
S01008199,Economically active: Employee: Total,308,290,18
S01008199,Economically active: Employee: Part-time (1),90,86,4
S01008199,Economically active: Employee: Full-time (1),218,204,14
S01008199,Economically active: Self-employed: Total,24,23,1
S01008199,Economically active: Self-employed: Part-time (1),6,6,0
S01008199,Economically active: Self-employed: Full-time (1),18,17,1
S01008199,Economically active: Unemployed (1),47,47,0
S01008199,Economically inactive,229,225,4
S01008200,All people aged 16 and over,511,493,18
S01008200,Economically active: Total,276,263,13
S01008200,Economically active: Employee: Total,225,214,11
S01008200,Economically active: Employee: Part-time (1),71,69,2
S01008200,Economically active: Employee: Full-time (1),154,145,9
S01008200,Economically active: Self-employed: Total,24,23,1
S01008200,Economically active: Self-employed: Part-time (1),8,7,1
S01008200,Economically active: Self-employed: Full-time (1),16,16,0
S01008200,Economically active: Unemployed (1),27,26,1
S01008200,Economically inactive,235,230,5
S01008201,All people aged 16 and over,632,595,37
S01008201,Economically active: Total,386,356,30
S01008201,Economically active: Employee: Total,312,285,27
S01008201,Economically active: Employee: Part-time (1),87,82,5
S01008201,Economically active: Employee: Full-time (1),225,203,22
S01008201,Economically active: Self-employed: Total,17,16,1
S01008201,Economically active: Self-employed: Part-time (1),7,7,0
S01008201,Economically active: Self-employed: Full-time (1),10,9,1
S01008201,Economically active: Unemployed (1),57,55,2
S01008201,Economically inactive,246,239,7
S01008202,All people aged 16 and over,487,469,18
S01008202,Economically active: Total,288,275,13
S01008202,Economically active: Employee: Total,247,239,8
S01008202,Economically active: Employee: Part-time (1),61,59,2
S01008202,Economically active: Employee: Full-time (1),186,180,6
S01008202,Economically active: Self-employed: Total,22,19,3
S01008202,Economically active: Self-employed: Part-time (1),2,2,0
S01008202,Economically active: Self-employed: Full-time (1),20,17,3
S01008202,Economically active: Unemployed (1),19,17,2
S01008202,Economically inactive,199,194,5
S01008203,All people aged 16 and over,460,438,22
S01008203,Economically active: Total,295,278,17
S01008203,Economically active: Employee: Total,213,201,12
S01008203,Economically active: Employee: Part-time (1),55,51,4
S01008203,Economically active: Employee: Full-time (1),158,150,8
S01008203,Economically active: Self-employed: Total,28,24,4
S01008203,Economically active: Self-employed: Part-time (1),10,7,3
S01008203,Economically active: Self-employed: Full-time (1),18,17,1
S01008203,Economically active: Unemployed (1),54,53,1
S01008203,Economically inactive,165,160,5
S01008204,All people aged 16 and over,776,758,18
S01008204,Economically active: Total,373,365,8
S01008204,Economically active: Employee: Total,302,294,8
S01008204,Economically active: Employee: Part-time (1),82,80,2
S01008204,Economically active: Employee: Full-time (1),220,214,6
S01008204,Economically active: Self-employed: Total,41,41,0
S01008204,Economically active: Self-employed: Part-time (1),10,10,0
S01008204,Economically active: Self-employed: Full-time (1),31,31,0
S01008204,Economically active: Unemployed (1),30,30,0
S01008204,Economically inactive,403,393,10
S01008205,All people aged 16 and over,565,546,19
S01008205,Economically active: Total,367,354,13
S01008205,Economically active: Employee: Total,300,292,8
S01008205,Economically active: Employee: Part-time (1),105,100,5
S01008205,Economically active: Employee: Full-time (1),195,192,3
S01008205,Economically active: Self-employed: Total,36,33,3
S01008205,Economically active: Self-employed: Part-time (1),8,8,0
S01008205,Economically active: Self-employed: Full-time (1),28,25,3
S01008205,Economically active: Unemployed (1),31,29,2
S01008205,Economically inactive,198,192,6
S01008206,All people aged 16 and over,529,517,12
S01008206,Economically active: Total,318,308,10
S01008206,Economically active: Employee: Total,265,257,8
S01008206,Economically active: Employee: Part-time (1),82,81,1
S01008206,Economically active: Employee: Full-time (1),183,176,7
S01008206,Economically active: Self-employed: Total,31,30,1
S01008206,Economically active: Self-employed: Part-time (1),11,10,1
S01008206,Economically active: Self-employed: Full-time (1),20,20,0
S01008206,Economically active: Unemployed (1),22,21,1
S01008206,Economically inactive,211,209,2
S01008207,All people aged 16 and over,453,446,7
S01008207,Economically active: Total,310,303,7
S01008207,Economically active: Employee: Total,246,241,5
S01008207,Economically active: Employee: Part-time (1),75,75,0
S01008207,Economically active: Employee: Full-time (1),171,166,5
S01008207,Economically active: Self-employed: Total,31,29,2
S01008207,Economically active: Self-employed: Part-time (1),10,9,1
S01008207,Economically active: Self-employed: Full-time (1),21,20,1
S01008207,Economically active: Unemployed (1),33,33,0
S01008207,Economically inactive,143,143,0
S01008208,All people aged 16 and over,622,577,45
S01008208,Economically active: Total,514,473,41
S01008208,Economically active: Employee: Total,436,406,30
S01008208,Economically active: Employee: Part-time (1),93,86,7
S01008208,Economically active: Employee: Full-time (1),343,320,23
S01008208,Economically active: Self-employed: Total,42,38,4
S01008208,Economically active: Self-employed: Part-time (1),9,9,0
S01008208,Economically active: Self-employed: Full-time (1),33,29,4
S01008208,Economically active: Unemployed (1),36,29,7
S01008208,Economically inactive,108,104,4
S01008209,All people aged 16 and over,412,390,22
S01008209,Economically active: Total,342,325,17
S01008209,Economically active: Employee: Total,276,266,10
S01008209,Economically active: Employee: Part-time (1),75,72,3
S01008209,Economically active: Employee: Full-time (1),201,194,7
S01008209,Economically active: Self-employed: Total,53,46,7
S01008209,Economically active: Self-employed: Part-time (1),11,10,1
S01008209,Economically active: Self-employed: Full-time (1),42,36,6
S01008209,Economically active: Unemployed (1),13,13,0
S01008209,Economically inactive,70,65,5
S01008210,All people aged 16 and over,753,723,30
S01008210,Economically active: Total,495,474,21
S01008210,Economically active: Employee: Total,397,381,16
S01008210,Economically active: Employee: Part-time (1),111,108,3
S01008210,Economically active: Employee: Full-time (1),286,273,13
S01008210,Economically active: Self-employed: Total,60,56,4
S01008210,Economically active: Self-employed: Part-time (1),21,18,3
S01008210,Economically active: Self-employed: Full-time (1),39,38,1
S01008210,Economically active: Unemployed (1),38,37,1
S01008210,Economically inactive,258,249,9
S01008211,All people aged 16 and over,744,697,47
S01008211,Economically active: Total,479,447,32
S01008211,Economically active: Employee: Total,372,346,26
S01008211,Economically active: Employee: Part-time (1),103,94,9
S01008211,Economically active: Employee: Full-time (1),269,252,17
S01008211,Economically active: Self-employed: Total,66,62,4
S01008211,Economically active: Self-employed: Part-time (1),23,21,2
S01008211,Economically active: Self-employed: Full-time (1),43,41,2
S01008211,Economically active: Unemployed (1),41,39,2
S01008211,Economically inactive,265,250,15
S01008212,All people aged 16 and over,447,433,14
S01008212,Economically active: Total,354,343,11
S01008212,Economically active: Employee: Total,305,294,11
S01008212,Economically active: Employee: Part-time (1),96,96,0
S01008212,Economically active: Employee: Full-time (1),209,198,11
S01008212,Economically active: Self-employed: Total,36,36,0
S01008212,Economically active: Self-employed: Part-time (1),6,6,0
S01008212,Economically active: Self-employed: Full-time (1),30,30,0
S01008212,Economically active: Unemployed (1),13,13,0
S01008212,Economically inactive,93,90,3
S01008213,All people aged 16 and over,777,759,18
S01008213,Economically active: Total,566,550,16
S01008213,Economically active: Employee: Total,471,458,13
S01008213,Economically active: Employee: Part-time (1),130,126,4
S01008213,Economically active: Employee: Full-time (1),341,332,9
S01008213,Economically active: Self-employed: Total,60,59,1
S01008213,Economically active: Self-employed: Part-time (1),20,20,0
S01008213,Economically active: Self-employed: Full-time (1),40,39,1
S01008213,Economically active: Unemployed (1),35,33,2
S01008213,Economically inactive,211,209,2
S01008214,All people aged 16 and over,611,598,13
S01008214,Economically active: Total,318,312,6
S01008214,Economically active: Employee: Total,259,254,5
S01008214,Economically active: Employee: Part-time (1),81,79,2
S01008214,Economically active: Employee: Full-time (1),178,175,3
S01008214,Economically active: Self-employed: Total,32,31,1
S01008214,Economically active: Self-employed: Part-time (1),10,10,0
S01008214,Economically active: Self-employed: Full-time (1),22,21,1
S01008214,Economically active: Unemployed (1),27,27,0
S01008214,Economically inactive,293,286,7
S01008215,All people aged 16 and over,620,591,29
S01008215,Economically active: Total,408,391,17
S01008215,Economically active: Employee: Total,348,335,13
S01008215,Economically active: Employee: Part-time (1),96,94,2
S01008215,Economically active: Employee: Full-time (1),252,241,11
S01008215,Economically active: Self-employed: Total,33,30,3
S01008215,Economically active: Self-employed: Part-time (1),9,7,2
S01008215,Economically active: Self-employed: Full-time (1),24,23,1
S01008215,Economically active: Unemployed (1),27,26,1
S01008215,Economically inactive,212,200,12
S01008216,All people aged 16 and over,419,403,16
S01008216,Economically active: Total,307,298,9
S01008216,Economically active: Employee: Total,254,247,7
S01008216,Economically active: Employee: Part-time (1),76,73,3
S01008216,Economically active: Employee: Full-time (1),178,174,4
S01008216,Economically active: Self-employed: Total,38,36,2
S01008216,Economically active: Self-employed: Part-time (1),8,8,0
S01008216,Economically active: Self-employed: Full-time (1),30,28,2
S01008216,Economically active: Unemployed (1),15,15,0
S01008216,Economically inactive,112,105,7
S01008217,All people aged 16 and over,472,448,24
S01008217,Economically active: Total,333,317,16
S01008217,Economically active: Employee: Total,267,252,15
S01008217,Economically active: Employee: Part-time (1),77,73,4
S01008217,Economically active: Employee: Full-time (1),190,179,11
S01008217,Economically active: Self-employed: Total,54,53,1
S01008217,Economically active: Self-employed: Part-time (1),23,22,1
S01008217,Economically active: Self-employed: Full-time (1),31,31,0
S01008217,Economically active: Unemployed (1),12,12,0
S01008217,Economically inactive,139,131,8
S01008218,All people aged 16 and over,821,798,23
S01008218,Economically active: Total,674,654,20
S01008218,Economically active: Employee: Total,547,532,15
S01008218,Economically active: Employee: Part-time (1),147,142,5
S01008218,Economically active: Employee: Full-time (1),400,390,10
S01008218,Economically active: Self-employed: Total,99,95,4
S01008218,Economically active: Self-employed: Part-time (1),26,25,1
S01008218,Economically active: Self-employed: Full-time (1),73,70,3
S01008218,Economically active: Unemployed (1),28,27,1
S01008218,Economically inactive,147,144,3
S01008219,All people aged 16 and over,857,809,48
S01008219,Economically active: Total,571,536,35
S01008219,Economically active: Employee: Total,448,420,28
S01008219,Economically active: Employee: Part-time (1),125,118,7
S01008219,Economically active: Employee: Full-time (1),323,302,21
S01008219,Economically active: Self-employed: Total,78,72,6
S01008219,Economically active: Self-employed: Part-time (1),26,23,3
S01008219,Economically active: Self-employed: Full-time (1),52,49,3
S01008219,Economically active: Unemployed (1),45,44,1
S01008219,Economically inactive,286,273,13
S01008220,All people aged 16 and over,459,439,20
S01008220,Economically active: Total,298,284,14
S01008220,Economically active: Employee: Total,240,226,14
S01008220,Economically active: Employee: Part-time (1),81,78,3
S01008220,Economically active: Employee: Full-time (1),159,148,11
S01008220,Economically active: Self-employed: Total,25,25,0
S01008220,Economically active: Self-employed: Part-time (1),4,4,0
S01008220,Economically active: Self-employed: Full-time (1),21,21,0
S01008220,Economically active: Unemployed (1),33,33,0
S01008220,Economically inactive,161,155,6
S01008221,All people aged 16 and over,539,504,35
S01008221,Economically active: Total,355,323,32
S01008221,Economically active: Employee: Total,257,239,18
S01008221,Economically active: Employee: Part-time (1),76,71,5
S01008221,Economically active: Employee: Full-time (1),181,168,13
S01008221,Economically active: Self-employed: Total,28,25,3
S01008221,Economically active: Self-employed: Part-time (1),8,6,2
S01008221,Economically active: Self-employed: Full-time (1),20,19,1
S01008221,Economically active: Unemployed (1),70,59,11
S01008221,Economically inactive,184,181,3
S01008222,All people aged 16 and over,506,492,14
S01008222,Economically active: Total,275,267,8
S01008222,Economically active: Employee: Total,224,217,7
S01008222,Economically active: Employee: Part-time (1),73,72,1
S01008222,Economically active: Employee: Full-time (1),151,145,6
S01008222,Economically active: Self-employed: Total,19,18,1
S01008222,Economically active: Self-employed: Part-time (1),4,3,1
S01008222,Economically active: Self-employed: Full-time (1),15,15,0
S01008222,Economically active: Unemployed (1),32,32,0
S01008222,Economically inactive,231,225,6
S01008223,All people aged 16 and over,510,493,17
S01008223,Economically active: Total,270,259,11
S01008223,Economically active: Employee: Total,235,226,9
S01008223,Economically active: Employee: Part-time (1),68,65,3
S01008223,Economically active: Employee: Full-time (1),167,161,6
S01008223,Economically active: Self-employed: Total,15,13,2
S01008223,Economically active: Self-employed: Part-time (1),3,3,0
S01008223,Economically active: Self-employed: Full-time (1),12,10,2
S01008223,Economically active: Unemployed (1),20,20,0
S01008223,Economically inactive,240,234,6
S01008224,All people aged 16 and over,783,750,33
S01008224,Economically active: Total,583,556,27
S01008224,Economically active: Employee: Total,503,480,23
S01008224,Economically active: Employee: Part-time (1),141,134,7
S01008224,Economically active: Employee: Full-time (1),362,346,16
S01008224,Economically active: Self-employed: Total,51,49,2
S01008224,Economically active: Self-employed: Part-time (1),16,16,0
S01008224,Economically active: Self-employed: Full-time (1),35,33,2
S01008224,Economically active: Unemployed (1),29,27,2
S01008224,Economically inactive,200,194,6
S01008225,All people aged 16 and over,594,583,11
S01008225,Economically active: Total,396,389,7
S01008225,Economically active: Employee: Total,349,342,7
S01008225,Economically active: Employee: Part-time (1),113,111,2
S01008225,Economically active: Employee: Full-time (1),236,231,5
S01008225,Economically active: Self-employed: Total,31,31,0
S01008225,Economically active: Self-employed: Part-time (1),5,5,0
S01008225,Economically active: Self-employed: Full-time (1),26,26,0
S01008225,Economically active: Unemployed (1),16,16,0
S01008225,Economically inactive,198,194,4
S01008226,All people aged 16 and over,638,619,19
S01008226,Economically active: Total,367,354,13
S01008226,Economically active: Employee: Total,293,283,10
S01008226,Economically active: Employee: Part-time (1),98,96,2
S01008226,Economically active: Employee: Full-time (1),195,187,8
S01008226,Economically active: Self-employed: Total,30,27,3
S01008226,Economically active: Self-employed: Part-time (1),8,8,0
S01008226,Economically active: Self-employed: Full-time (1),22,19,3
S01008226,Economically active: Unemployed (1),44,44,0
S01008226,Economically inactive,271,265,6
S01008227,All people aged 16 and over,681,662,19
S01008227,Economically active: Total,396,383,13
S01008227,Economically active: Employee: Total,348,338,10
S01008227,Economically active: Employee: Part-time (1),94,94,0
S01008227,Economically active: Employee: Full-time (1),254,244,10
S01008227,Economically active: Self-employed: Total,27,24,3
S01008227,Economically active: Self-employed: Part-time (1),9,8,1
S01008227,Economically active: Self-employed: Full-time (1),18,16,2
S01008227,Economically active: Unemployed (1),21,21,0
S01008227,Economically inactive,285,279,6
S01008228,All people aged 16 and over,539,505,34
S01008228,Economically active: Total,360,331,29
S01008228,Economically active: Employee: Total,289,268,21
S01008228,Economically active: Employee: Part-time (1),86,80,6
S01008228,Economically active: Employee: Full-time (1),203,188,15
S01008228,Economically active: Self-employed: Total,51,47,4
S01008228,Economically active: Self-employed: Part-time (1),8,7,1
S01008228,Economically active: Self-employed: Full-time (1),43,40,3
S01008228,Economically active: Unemployed (1),20,16,4
S01008228,Economically inactive,179,174,5
S01008229,All people aged 16 and over,551,534,17
S01008229,Economically active: Total,347,332,15
S01008229,Economically active: Employee: Total,301,289,12
S01008229,Economically active: Employee: Part-time (1),86,81,5
S01008229,Economically active: Employee: Full-time (1),215,208,7
S01008229,Economically active: Self-employed: Total,25,22,3
S01008229,Economically active: Self-employed: Part-time (1),10,9,1
S01008229,Economically active: Self-employed: Full-time (1),15,13,2
S01008229,Economically active: Unemployed (1),21,21,0
S01008229,Economically inactive,204,202,2
S01008230,All people aged 16 and over,614,576,38
S01008230,Economically active: Total,511,479,32
S01008230,Economically active: Employee: Total,427,400,27
S01008230,Economically active: Employee: Part-time (1),103,96,7
S01008230,Economically active: Employee: Full-time (1),324,304,20
S01008230,Economically active: Self-employed: Total,61,56,5
S01008230,Economically active: Self-employed: Part-time (1),18,17,1
S01008230,Economically active: Self-employed: Full-time (1),43,39,4
S01008230,Economically active: Unemployed (1),23,23,0
S01008230,Economically inactive,103,97,6
S01008231,All people aged 16 and over,524,503,21
S01008231,Economically active: Total,460,444,16
S01008231,Economically active: Employee: Total,385,372,13
S01008231,Economically active: Employee: Part-time (1),108,103,5
S01008231,Economically active: Employee: Full-time (1),277,269,8
S01008231,Economically active: Self-employed: Total,59,56,3
S01008231,Economically active: Self-employed: Part-time (1),9,9,0
S01008231,Economically active: Self-employed: Full-time (1),50,47,3
S01008231,Economically active: Unemployed (1),16,16,0
S01008231,Economically inactive,64,59,5
S01008232,All people aged 16 and over,486,462,24
S01008232,Economically active: Total,423,403,20
S01008232,Economically active: Employee: Total,355,336,19
S01008232,Economically active: Employee: Part-time (1),87,83,4
S01008232,Economically active: Employee: Full-time (1),268,253,15
S01008232,Economically active: Self-employed: Total,35,34,1
S01008232,Economically active: Self-employed: Part-time (1),2,2,0
S01008232,Economically active: Self-employed: Full-time (1),33,32,1
S01008232,Economically active: Unemployed (1),33,33,0
S01008232,Economically inactive,63,59,4
S01008233,All people aged 16 and over,350,324,26
S01008233,Economically active: Total,285,266,19
S01008233,Economically active: Employee: Total,239,222,17
S01008233,Economically active: Employee: Part-time (1),52,47,5
S01008233,Economically active: Employee: Full-time (1),187,175,12
S01008233,Economically active: Self-employed: Total,33,31,2
S01008233,Economically active: Self-employed: Part-time (1),3,3,0
S01008233,Economically active: Self-employed: Full-time (1),30,28,2
S01008233,Economically active: Unemployed (1),13,13,0
S01008233,Economically inactive,65,58,7
S01008234,All people aged 16 and over,340,331,9
S01008234,Economically active: Total,184,178,6
S01008234,Economically active: Employee: Total,156,152,4
S01008234,Economically active: Employee: Part-time (1),41,41,0
S01008234,Economically active: Employee: Full-time (1),115,111,4
S01008234,Economically active: Self-employed: Total,18,17,1
S01008234,Economically active: Self-employed: Part-time (1),2,2,0
S01008234,Economically active: Self-employed: Full-time (1),16,15,1
S01008234,Economically active: Unemployed (1),10,9,1
S01008234,Economically inactive,156,153,3
S01008235,All people aged 16 and over,690,674,16
S01008235,Economically active: Total,420,409,11
S01008235,Economically active: Employee: Total,352,343,9
S01008235,Economically active: Employee: Part-time (1),109,109,0
S01008235,Economically active: Employee: Full-time (1),243,234,9
S01008235,Economically active: Self-employed: Total,51,50,1
S01008235,Economically active: Self-employed: Part-time (1),10,10,0
S01008235,Economically active: Self-employed: Full-time (1),41,40,1
S01008235,Economically active: Unemployed (1),17,16,1
S01008235,Economically inactive,270,265,5
S01008236,All people aged 16 and over,691,663,28
S01008236,Economically active: Total,454,434,20
S01008236,Economically active: Employee: Total,347,337,10
S01008236,Economically active: Employee: Part-time (1),93,90,3
S01008236,Economically active: Employee: Full-time (1),254,247,7
S01008236,Economically active: Self-employed: Total,69,60,9
S01008236,Economically active: Self-employed: Part-time (1),17,15,2
S01008236,Economically active: Self-employed: Full-time (1),52,45,7
S01008236,Economically active: Unemployed (1),38,37,1
S01008236,Economically inactive,237,229,8
S01008237,All people aged 16 and over,695,666,29
S01008237,Economically active: Total,467,446,21
S01008237,Economically active: Employee: Total,351,334,17
S01008237,Economically active: Employee: Part-time (1),113,112,1
S01008237,Economically active: Employee: Full-time (1),238,222,16
S01008237,Economically active: Self-employed: Total,79,77,2
S01008237,Economically active: Self-employed: Part-time (1),25,23,2
S01008237,Economically active: Self-employed: Full-time (1),54,54,0
S01008237,Economically active: Unemployed (1),37,35,2
S01008237,Economically inactive,228,220,8
S01008238,All people aged 16 and over,631,617,14
S01008238,Economically active: Total,383,371,12
S01008238,Economically active: Employee: Total,309,301,8
S01008238,Economically active: Employee: Part-time (1),93,92,1
S01008238,Economically active: Employee: Full-time (1),216,209,7
S01008238,Economically active: Self-employed: Total,35,33,2
S01008238,Economically active: Self-employed: Part-time (1),7,6,1
S01008238,Economically active: Self-employed: Full-time (1),28,27,1
S01008238,Economically active: Unemployed (1),39,37,2
S01008238,Economically inactive,248,246,2
S01008239,All people aged 16 and over,630,618,12
S01008239,Economically active: Total,422,412,10
S01008239,Economically active: Employee: Total,341,332,9
S01008239,Economically active: Employee: Part-time (1),106,100,6
S01008239,Economically active: Employee: Full-time (1),235,232,3
S01008239,Economically active: Self-employed: Total,70,69,1
S01008239,Economically active: Self-employed: Part-time (1),12,11,1
S01008239,Economically active: Self-employed: Full-time (1),58,58,0
S01008239,Economically active: Unemployed (1),11,11,0
S01008239,Economically inactive,208,206,2
S01008240,All people aged 16 and over,732,707,25
S01008240,Economically active: Total,423,406,17
S01008240,Economically active: Employee: Total,337,323,14
S01008240,Economically active: Employee: Part-time (1),91,89,2
S01008240,Economically active: Employee: Full-time (1),246,234,12
S01008240,Economically active: Self-employed: Total,62,60,2
S01008240,Economically active: Self-employed: Part-time (1),21,21,0
S01008240,Economically active: Self-employed: Full-time (1),41,39,2
S01008240,Economically active: Unemployed (1),24,23,1
S01008240,Economically inactive,309,301,8
S01008241,All people aged 16 and over,557,529,28
S01008241,Economically active: Total,317,299,18
S01008241,Economically active: Employee: Total,247,235,12
S01008241,Economically active: Employee: Part-time (1),68,66,2
S01008241,Economically active: Employee: Full-time (1),179,169,10
S01008241,Economically active: Self-employed: Total,56,51,5
S01008241,Economically active: Self-employed: Part-time (1),21,19,2
S01008241,Economically active: Self-employed: Full-time (1),35,32,3
S01008241,Economically active: Unemployed (1),14,13,1
S01008241,Economically inactive,240,230,10
S01008242,All people aged 16 and over,787,758,29
S01008242,Economically active: Total,416,396,20
S01008242,Economically active: Employee: Total,315,295,20
S01008242,Economically active: Employee: Part-time (1),101,94,7
S01008242,Economically active: Employee: Full-time (1),214,201,13
S01008242,Economically active: Self-employed: Total,74,74,0
S01008242,Economically active: Self-employed: Part-time (1),24,24,0
S01008242,Economically active: Self-employed: Full-time (1),50,50,0
S01008242,Economically active: Unemployed (1),27,27,0
S01008242,Economically inactive,371,362,9
S01008243,All people aged 16 and over,705,664,41
S01008243,Economically active: Total,473,446,27
S01008243,Economically active: Employee: Total,355,330,25
S01008243,Economically active: Employee: Part-time (1),101,99,2
S01008243,Economically active: Employee: Full-time (1),254,231,23
S01008243,Economically active: Self-employed: Total,107,106,1
S01008243,Economically active: Self-employed: Part-time (1),36,36,0
S01008243,Economically active: Self-employed: Full-time (1),71,70,1
S01008243,Economically active: Unemployed (1),11,10,1
S01008243,Economically inactive,232,218,14
S01008244,All people aged 16 and over,470,445,25
S01008244,Economically active: Total,258,246,12
S01008244,Economically active: Employee: Total,183,177,6
S01008244,Economically active: Employee: Part-time (1),54,53,1
S01008244,Economically active: Employee: Full-time (1),129,124,5
S01008244,Economically active: Self-employed: Total,61,56,5
S01008244,Economically active: Self-employed: Part-time (1),32,28,4
S01008244,Economically active: Self-employed: Full-time (1),29,28,1
S01008244,Economically active: Unemployed (1),14,13,1
S01008244,Economically inactive,212,199,13
S01008245,All people aged 16 and over,790,751,39
S01008245,Economically active: Total,522,490,32
S01008245,Economically active: Employee: Total,410,384,26
S01008245,Economically active: Employee: Part-time (1),120,116,4
S01008245,Economically active: Employee: Full-time (1),290,268,22
S01008245,Economically active: Self-employed: Total,98,92,6
S01008245,Economically active: Self-employed: Part-time (1),43,41,2
S01008245,Economically active: Self-employed: Full-time (1),55,51,4
S01008245,Economically active: Unemployed (1),14,14,0
S01008245,Economically inactive,268,261,7
S01008246,All people aged 16 and over,787,744,43
S01008246,Economically active: Total,540,504,36
S01008246,Economically active: Employee: Total,419,390,29
S01008246,Economically active: Employee: Part-time (1),124,118,6
S01008246,Economically active: Employee: Full-time (1),295,272,23
S01008246,Economically active: Self-employed: Total,106,99,7
S01008246,Economically active: Self-employed: Part-time (1),38,37,1
S01008246,Economically active: Self-employed: Full-time (1),68,62,6
S01008246,Economically active: Unemployed (1),15,15,0
S01008246,Economically inactive,247,240,7
S01008247,All people aged 16 and over,642,604,38
S01008247,Economically active: Total,456,436,20
S01008247,Economically active: Employee: Total,323,308,15
S01008247,Economically active: Employee: Part-time (1),88,84,4
S01008247,Economically active: Employee: Full-time (1),235,224,11
S01008247,Economically active: Self-employed: Total,116,112,4
S01008247,Economically active: Self-employed: Part-time (1),41,38,3
S01008247,Economically active: Self-employed: Full-time (1),75,74,1
S01008247,Economically active: Unemployed (1),17,16,1
S01008247,Economically inactive,186,168,18
S01008248,All people aged 16 and over,742,698,44
S01008248,Economically active: Total,449,418,31
S01008248,Economically active: Employee: Total,328,309,19
S01008248,Economically active: Employee: Part-time (1),102,93,9
S01008248,Economically active: Employee: Full-time (1),226,216,10
S01008248,Economically active: Self-employed: Total,100,92,8
S01008248,Economically active: Self-employed: Part-time (1),27,26,1
S01008248,Economically active: Self-employed: Full-time (1),73,66,7
S01008248,Economically active: Unemployed (1),21,17,4
S01008248,Economically inactive,293,280,13
S01008249,All people aged 16 and over,747,682,65
S01008249,Economically active: Total,466,423,43
S01008249,Economically active: Employee: Total,327,293,34
S01008249,Economically active: Employee: Part-time (1),88,78,10
S01008249,Economically active: Employee: Full-time (1),239,215,24
S01008249,Economically active: Self-employed: Total,122,113,9
S01008249,Economically active: Self-employed: Part-time (1),36,33,3
S01008249,Economically active: Self-employed: Full-time (1),86,80,6
S01008249,Economically active: Unemployed (1),17,17,0
S01008249,Economically inactive,281,259,22
S01008250,All people aged 16 and over,835,784,51
S01008250,Economically active: Total,555,514,41
S01008250,Economically active: Employee: Total,403,368,35
S01008250,Economically active: Employee: Part-time (1),119,111,8
S01008250,Economically active: Employee: Full-time (1),284,257,27
S01008250,Economically active: Self-employed: Total,133,129,4
S01008250,Economically active: Self-employed: Part-time (1),36,36,0
S01008250,Economically active: Self-employed: Full-time (1),97,93,4
S01008250,Economically active: Unemployed (1),19,17,2
S01008250,Economically inactive,280,270,10
S01008251,All people aged 16 and over,544,523,21
S01008251,Economically active: Total,395,383,12
S01008251,Economically active: Employee: Total,329,321,8
S01008251,Economically active: Employee: Part-time (1),124,120,4
S01008251,Economically active: Employee: Full-time (1),205,201,4
S01008251,Economically active: Self-employed: Total,56,54,2
S01008251,Economically active: Self-employed: Part-time (1),15,14,1
S01008251,Economically active: Self-employed: Full-time (1),41,40,1
S01008251,Economically active: Unemployed (1),10,8,2
S01008251,Economically inactive,149,140,9
S01008252,All people aged 16 and over,689,662,27
S01008252,Economically active: Total,423,403,20
S01008252,Economically active: Employee: Total,348,330,18
S01008252,Economically active: Employee: Part-time (1),124,116,8
S01008252,Economically active: Employee: Full-time (1),224,214,10
S01008252,Economically active: Self-employed: Total,60,58,2
S01008252,Economically active: Self-employed: Part-time (1),18,18,0
S01008252,Economically active: Self-employed: Full-time (1),42,40,2
S01008252,Economically active: Unemployed (1),15,15,0
S01008252,Economically inactive,266,259,7
S01008253,All people aged 16 and over,648,619,29
S01008253,Economically active: Total,378,361,17
S01008253,Economically active: Employee: Total,315,301,14
S01008253,Economically active: Employee: Part-time (1),89,87,2
S01008253,Economically active: Employee: Full-time (1),226,214,12
S01008253,Economically active: Self-employed: Total,37,36,1
S01008253,Economically active: Self-employed: Part-time (1),5,5,0
S01008253,Economically active: Self-employed: Full-time (1),32,31,1
S01008253,Economically active: Unemployed (1),26,24,2
S01008253,Economically inactive,270,258,12
S01008254,All people aged 16 and over,819,778,41
S01008254,Economically active: Total,478,447,31
S01008254,Economically active: Employee: Total,397,370,27
S01008254,Economically active: Employee: Part-time (1),106,98,8
S01008254,Economically active: Employee: Full-time (1),291,272,19
S01008254,Economically active: Self-employed: Total,48,45,3
S01008254,Economically active: Self-employed: Part-time (1),18,17,1
S01008254,Economically active: Self-employed: Full-time (1),30,28,2
S01008254,Economically active: Unemployed (1),33,32,1
S01008254,Economically inactive,341,331,10
S01008255,All people aged 16 and over,576,549,27
S01008255,Economically active: Total,385,366,19
S01008255,Economically active: Employee: Total,307,295,12
S01008255,Economically active: Employee: Part-time (1),92,90,2
S01008255,Economically active: Employee: Full-time (1),215,205,10
S01008255,Economically active: Self-employed: Total,53,48,5
S01008255,Economically active: Self-employed: Part-time (1),14,13,1
S01008255,Economically active: Self-employed: Full-time (1),39,35,4
S01008255,Economically active: Unemployed (1),25,23,2
S01008255,Economically inactive,191,183,8
S01008256,All people aged 16 and over,665,609,56
S01008256,Economically active: Total,439,395,44
S01008256,Economically active: Employee: Total,341,307,34
S01008256,Economically active: Employee: Part-time (1),109,102,7
S01008256,Economically active: Employee: Full-time (1),232,205,27
S01008256,Economically active: Self-employed: Total,59,54,5
S01008256,Economically active: Self-employed: Part-time (1),20,18,2
S01008256,Economically active: Self-employed: Full-time (1),39,36,3
S01008256,Economically active: Unemployed (1),39,34,5
S01008256,Economically inactive,226,214,12
S01008257,All people aged 16 and over,581,550,31
S01008257,Economically active: Total,272,257,15
S01008257,Economically active: Employee: Total,204,192,12
S01008257,Economically active: Employee: Part-time (1),59,57,2
S01008257,Economically active: Employee: Full-time (1),145,135,10
S01008257,Economically active: Self-employed: Total,55,53,2
S01008257,Economically active: Self-employed: Part-time (1),19,19,0
S01008257,Economically active: Self-employed: Full-time (1),36,34,2
S01008257,Economically active: Unemployed (1),13,12,1
S01008257,Economically inactive,309,293,16
S01008258,All people aged 16 and over,710,665,45
S01008258,Economically active: Total,499,463,36
S01008258,Economically active: Employee: Total,427,395,32
S01008258,Economically active: Employee: Part-time (1),102,94,8
S01008258,Economically active: Employee: Full-time (1),325,301,24
S01008258,Economically active: Self-employed: Total,50,47,3
S01008258,Economically active: Self-employed: Part-time (1),13,12,1
S01008258,Economically active: Self-employed: Full-time (1),37,35,2
S01008258,Economically active: Unemployed (1),22,21,1
S01008258,Economically inactive,211,202,9
S01008259,All people aged 16 and over,637,563,74
S01008259,Economically active: Total,417,357,60
S01008259,Economically active: Employee: Total,320,279,41
S01008259,Economically active: Employee: Part-time (1),91,76,15
S01008259,Economically active: Employee: Full-time (1),229,203,26
S01008259,Economically active: Self-employed: Total,74,61,13
S01008259,Economically active: Self-employed: Part-time (1),19,14,5
S01008259,Economically active: Self-employed: Full-time (1),55,47,8
S01008259,Economically active: Unemployed (1),23,17,6
S01008259,Economically inactive,220,206,14
S01008260,All people aged 16 and over,650,605,45
S01008260,Economically active: Total,422,388,34
S01008260,Economically active: Employee: Total,355,325,30
S01008260,Economically active: Employee: Part-time (1),95,88,7
S01008260,Economically active: Employee: Full-time (1),260,237,23
S01008260,Economically active: Self-employed: Total,35,34,1
S01008260,Economically active: Self-employed: Part-time (1),12,12,0
S01008260,Economically active: Self-employed: Full-time (1),23,22,1
S01008260,Economically active: Unemployed (1),32,29,3
S01008260,Economically inactive,228,217,11
S01008261,All people aged 16 and over,708,678,30
S01008261,Economically active: Total,475,451,24
S01008261,Economically active: Employee: Total,385,372,13
S01008261,Economically active: Employee: Part-time (1),126,119,7
S01008261,Economically active: Employee: Full-time (1),259,253,6
S01008261,Economically active: Self-employed: Total,53,48,5
S01008261,Economically active: Self-employed: Part-time (1),21,19,2
S01008261,Economically active: Self-employed: Full-time (1),32,29,3
S01008261,Economically active: Unemployed (1),37,31,6
S01008261,Economically inactive,233,227,6
S01008262,All people aged 16 and over,493,468,25
S01008262,Economically active: Total,348,327,21
S01008262,Economically active: Employee: Total,249,232,17
S01008262,Economically active: Employee: Part-time (1),82,77,5
S01008262,Economically active: Employee: Full-time (1),167,155,12
S01008262,Economically active: Self-employed: Total,86,82,4
S01008262,Economically active: Self-employed: Part-time (1),26,24,2
S01008262,Economically active: Self-employed: Full-time (1),60,58,2
S01008262,Economically active: Unemployed (1),13,13,0
S01008262,Economically inactive,145,141,4
S01008263,All people aged 16 and over,522,482,40
S01008263,Economically active: Total,297,265,32
S01008263,Economically active: Employee: Total,223,200,23
S01008263,Economically active: Employee: Part-time (1),59,53,6
S01008263,Economically active: Employee: Full-time (1),164,147,17
S01008263,Economically active: Self-employed: Total,64,56,8
S01008263,Economically active: Self-employed: Part-time (1),18,16,2
S01008263,Economically active: Self-employed: Full-time (1),46,40,6
S01008263,Economically active: Unemployed (1),10,9,1
S01008263,Economically inactive,225,217,8
S01008264,All people aged 16 and over,575,547,28
S01008264,Economically active: Total,364,340,24
S01008264,Economically active: Employee: Total,304,282,22
S01008264,Economically active: Employee: Part-time (1),98,92,6
S01008264,Economically active: Employee: Full-time (1),206,190,16
S01008264,Economically active: Self-employed: Total,41,39,2
S01008264,Economically active: Self-employed: Part-time (1),15,14,1
S01008264,Economically active: Self-employed: Full-time (1),26,25,1
S01008264,Economically active: Unemployed (1),19,19,0
S01008264,Economically inactive,211,207,4
S01008265,All people aged 16 and over,563,528,35
S01008265,Economically active: Total,292,266,26
S01008265,Economically active: Employee: Total,219,197,22
S01008265,Economically active: Employee: Part-time (1),56,52,4
S01008265,Economically active: Employee: Full-time (1),163,145,18
S01008265,Economically active: Self-employed: Total,63,60,3
S01008265,Economically active: Self-employed: Part-time (1),26,25,1
S01008265,Economically active: Self-employed: Full-time (1),37,35,2
S01008265,Economically active: Unemployed (1),10,9,1
S01008265,Economically inactive,271,262,9
S01008266,All people aged 16 and over,577,542,35
S01008266,Economically active: Total,296,280,16
S01008266,Economically active: Employee: Total,209,196,13
S01008266,Economically active: Employee: Part-time (1),65,62,3
S01008266,Economically active: Employee: Full-time (1),144,134,10
S01008266,Economically active: Self-employed: Total,78,76,2
S01008266,Economically active: Self-employed: Part-time (1),30,30,0
S01008266,Economically active: Self-employed: Full-time (1),48,46,2
S01008266,Economically active: Unemployed (1),9,8,1
S01008266,Economically inactive,281,262,19
S01008267,All people aged 16 and over,667,618,49
S01008267,Economically active: Total,424,386,38
S01008267,Economically active: Employee: Total,312,280,32
S01008267,Economically active: Employee: Part-time (1),94,85,9
S01008267,Economically active: Employee: Full-time (1),218,195,23
S01008267,Economically active: Self-employed: Total,96,92,4
S01008267,Economically active: Self-employed: Part-time (1),30,29,1
S01008267,Economically active: Self-employed: Full-time (1),66,63,3
S01008267,Economically active: Unemployed (1),16,14,2
S01008267,Economically inactive,243,232,11
S01008268,All people aged 16 and over,724,653,71
S01008268,Economically active: Total,382,326,56
S01008268,Economically active: Employee: Total,257,213,44
S01008268,Economically active: Employee: Part-time (1),71,65,6
S01008268,Economically active: Employee: Full-time (1),186,148,38
S01008268,Economically active: Self-employed: Total,112,104,8
S01008268,Economically active: Self-employed: Part-time (1),43,42,1
S01008268,Economically active: Self-employed: Full-time (1),69,62,7
S01008268,Economically active: Unemployed (1),13,9,4
S01008268,Economically inactive,342,327,15
S01008269,All people aged 16 and over,754,718,36
S01008269,Economically active: Total,299,280,19
S01008269,Economically active: Employee: Total,234,219,15
S01008269,Economically active: Employee: Part-time (1),78,73,5
S01008269,Economically active: Employee: Full-time (1),156,146,10
S01008269,Economically active: Self-employed: Total,54,51,3
S01008269,Economically active: Self-employed: Part-time (1),20,20,0
S01008269,Economically active: Self-employed: Full-time (1),34,31,3
S01008269,Economically active: Unemployed (1),11,10,1
S01008269,Economically inactive,455,438,17
S01008270,All people aged 16 and over,705,656,49
S01008270,Economically active: Total,320,292,28
S01008270,Economically active: Employee: Total,226,205,21
S01008270,Economically active: Employee: Part-time (1),79,74,5
S01008270,Economically active: Employee: Full-time (1),147,131,16
S01008270,Economically active: Self-employed: Total,75,70,5
S01008270,Economically active: Self-employed: Part-time (1),22,20,2
S01008270,Economically active: Self-employed: Full-time (1),53,50,3
S01008270,Economically active: Unemployed (1),19,17,2
S01008270,Economically inactive,385,364,21
S01008271,All people aged 16 and over,586,507,79
S01008271,Economically active: Total,353,297,56
S01008271,Economically active: Employee: Total,246,202,44
S01008271,Economically active: Employee: Part-time (1),62,55,7
S01008271,Economically active: Employee: Full-time (1),184,147,37
S01008271,Economically active: Self-employed: Total,72,63,9
S01008271,Economically active: Self-employed: Part-time (1),22,18,4
S01008271,Economically active: Self-employed: Full-time (1),50,45,5
S01008271,Economically active: Unemployed (1),35,32,3
S01008271,Economically inactive,233,210,23
S01008272,All people aged 16 and over,816,759,57
S01008272,Economically active: Total,500,461,39
S01008272,Economically active: Employee: Total,401,371,30
S01008272,Economically active: Employee: Part-time (1),139,131,8
S01008272,Economically active: Employee: Full-time (1),262,240,22
S01008272,Economically active: Self-employed: Total,83,75,8
S01008272,Economically active: Self-employed: Part-time (1),23,20,3
S01008272,Economically active: Self-employed: Full-time (1),60,55,5
S01008272,Economically active: Unemployed (1),16,15,1
S01008272,Economically inactive,316,298,18
S01008273,All people aged 16 and over,673,632,41
S01008273,Economically active: Total,388,356,32
S01008273,Economically active: Employee: Total,300,276,24
S01008273,Economically active: Employee: Part-time (1),102,98,4
S01008273,Economically active: Employee: Full-time (1),198,178,20
S01008273,Economically active: Self-employed: Total,71,65,6
S01008273,Economically active: Self-employed: Part-time (1),32,29,3
S01008273,Economically active: Self-employed: Full-time (1),39,36,3
S01008273,Economically active: Unemployed (1),17,15,2
S01008273,Economically inactive,285,276,9
S01008274,All people aged 16 and over,593,563,30
S01008274,Economically active: Total,343,319,24
S01008274,Economically active: Employee: Total,264,246,18
S01008274,Economically active: Employee: Part-time (1),98,94,4
S01008274,Economically active: Employee: Full-time (1),166,152,14
S01008274,Economically active: Self-employed: Total,40,36,4
S01008274,Economically active: Self-employed: Part-time (1),11,11,0
S01008274,Economically active: Self-employed: Full-time (1),29,25,4
S01008274,Economically active: Unemployed (1),39,37,2
S01008274,Economically inactive,250,244,6
S01008275,All people aged 16 and over,462,430,32
S01008275,Economically active: Total,270,248,22
S01008275,Economically active: Employee: Total,192,176,16
S01008275,Economically active: Employee: Part-time (1),60,56,4
S01008275,Economically active: Employee: Full-time (1),132,120,12
S01008275,Economically active: Self-employed: Total,66,63,3
S01008275,Economically active: Self-employed: Part-time (1),29,29,0
S01008275,Economically active: Self-employed: Full-time (1),37,34,3
S01008275,Economically active: Unemployed (1),12,9,3
S01008275,Economically inactive,192,182,10
S01008276,All people aged 16 and over,423,402,21
S01008276,Economically active: Total,288,270,18
S01008276,Economically active: Employee: Total,216,202,14
S01008276,Economically active: Employee: Part-time (1),75,71,4
S01008276,Economically active: Employee: Full-time (1),141,131,10
S01008276,Economically active: Self-employed: Total,61,57,4
S01008276,Economically active: Self-employed: Part-time (1),26,24,2
S01008276,Economically active: Self-employed: Full-time (1),35,33,2
S01008276,Economically active: Unemployed (1),11,11,0
S01008276,Economically inactive,135,132,3
S01008277,All people aged 16 and over,408,383,25
S01008277,Economically active: Total,280,264,16
S01008277,Economically active: Employee: Total,170,162,8
S01008277,Economically active: Employee: Part-time (1),59,57,2
S01008277,Economically active: Employee: Full-time (1),111,105,6
S01008277,Economically active: Self-employed: Total,97,89,8
S01008277,Economically active: Self-employed: Part-time (1),36,33,3
S01008277,Economically active: Self-employed: Full-time (1),61,56,5
S01008277,Economically active: Unemployed (1),13,13,0
S01008277,Economically inactive,128,119,9
S01008278,All people aged 16 and over,637,592,45
S01008278,Economically active: Total,386,359,27
S01008278,Economically active: Employee: Total,282,262,20
S01008278,Economically active: Employee: Part-time (1),81,73,8
S01008278,Economically active: Employee: Full-time (1),201,189,12
S01008278,Economically active: Self-employed: Total,91,87,4
S01008278,Economically active: Self-employed: Part-time (1),32,31,1
S01008278,Economically active: Self-employed: Full-time (1),59,56,3
S01008278,Economically active: Unemployed (1),13,10,3
S01008278,Economically inactive,251,233,18
S01008279,All people aged 16 and over,605,585,20
S01008279,Economically active: Total,357,342,15
S01008279,Economically active: Employee: Total,283,269,14
S01008279,Economically active: Employee: Part-time (1),74,72,2
S01008279,Economically active: Employee: Full-time (1),209,197,12
S01008279,Economically active: Self-employed: Total,54,54,0
S01008279,Economically active: Self-employed: Part-time (1),24,24,0
S01008279,Economically active: Self-employed: Full-time (1),30,30,0
S01008279,Economically active: Unemployed (1),20,19,1
S01008279,Economically inactive,248,243,5
S01008280,All people aged 16 and over,778,730,48
S01008280,Economically active: Total,511,472,39
S01008280,Economically active: Employee: Total,350,323,27
S01008280,Economically active: Employee: Part-time (1),103,97,6
S01008280,Economically active: Employee: Full-time (1),247,226,21
S01008280,Economically active: Self-employed: Total,138,127,11
S01008280,Economically active: Self-employed: Part-time (1),43,41,2
S01008280,Economically active: Self-employed: Full-time (1),95,86,9
S01008280,Economically active: Unemployed (1),23,22,1
S01008280,Economically inactive,267,258,9
S01008281,All people aged 16 and over,584,541,43
S01008281,Economically active: Total,417,381,36
S01008281,Economically active: Employee: Total,300,270,30
S01008281,Economically active: Employee: Part-time (1),72,65,7
S01008281,Economically active: Employee: Full-time (1),228,205,23
S01008281,Economically active: Self-employed: Total,97,91,6
S01008281,Economically active: Self-employed: Part-time (1),26,26,0
S01008281,Economically active: Self-employed: Full-time (1),71,65,6
S01008281,Economically active: Unemployed (1),20,20,0
S01008281,Economically inactive,167,160,7
S01008282,All people aged 16 and over,587,544,43
S01008282,Economically active: Total,390,356,34
S01008282,Economically active: Employee: Total,259,236,23
S01008282,Economically active: Employee: Part-time (1),77,70,7
S01008282,Economically active: Employee: Full-time (1),182,166,16
S01008282,Economically active: Self-employed: Total,109,100,9
S01008282,Economically active: Self-employed: Part-time (1),35,33,2
S01008282,Economically active: Self-employed: Full-time (1),74,67,7
S01008282,Economically active: Unemployed (1),22,20,2
S01008282,Economically inactive,197,188,9
S01008283,All people aged 16 and over,395,367,28
S01008283,Economically active: Total,303,281,22
S01008283,Economically active: Employee: Total,231,213,18
S01008283,Economically active: Employee: Part-time (1),73,66,7
S01008283,Economically active: Employee: Full-time (1),158,147,11
S01008283,Economically active: Self-employed: Total,49,45,4
S01008283,Economically active: Self-employed: Part-time (1),14,13,1
S01008283,Economically active: Self-employed: Full-time (1),35,32,3
S01008283,Economically active: Unemployed (1),23,23,0
S01008283,Economically inactive,92,86,6
S01008284,All people aged 16 and over,672,647,25
S01008284,Economically active: Total,460,439,21
S01008284,Economically active: Employee: Total,373,354,19
S01008284,Economically active: Employee: Part-time (1),119,113,6
S01008284,Economically active: Employee: Full-time (1),254,241,13
S01008284,Economically active: Self-employed: Total,65,64,1
S01008284,Economically active: Self-employed: Part-time (1),21,20,1
S01008284,Economically active: Self-employed: Full-time (1),44,44,0
S01008284,Economically active: Unemployed (1),22,21,1
S01008284,Economically inactive,212,208,4
S01008285,All people aged 16 and over,628,596,32
S01008285,Economically active: Total,355,340,15
S01008285,Economically active: Employee: Total,274,263,11
S01008285,Economically active: Employee: Part-time (1),107,102,5
S01008285,Economically active: Employee: Full-time (1),167,161,6
S01008285,Economically active: Self-employed: Total,42,39,3
S01008285,Economically active: Self-employed: Part-time (1),11,9,2
S01008285,Economically active: Self-employed: Full-time (1),31,30,1
S01008285,Economically active: Unemployed (1),39,38,1
S01008285,Economically inactive,273,256,17
S01008286,All people aged 16 and over,620,594,26
S01008286,Economically active: Total,374,357,17
S01008286,Economically active: Employee: Total,307,295,12
S01008286,Economically active: Employee: Part-time (1),96,95,1
S01008286,Economically active: Employee: Full-time (1),211,200,11
S01008286,Economically active: Self-employed: Total,47,43,4
S01008286,Economically active: Self-employed: Part-time (1),9,9,0
S01008286,Economically active: Self-employed: Full-time (1),38,34,4
S01008286,Economically active: Unemployed (1),20,19,1
S01008286,Economically inactive,246,237,9
S01008287,All people aged 16 and over,617,582,35
S01008287,Economically active: Total,418,389,29
S01008287,Economically active: Employee: Total,336,309,27
S01008287,Economically active: Employee: Part-time (1),110,108,2
S01008287,Economically active: Employee: Full-time (1),226,201,25
S01008287,Economically active: Self-employed: Total,43,41,2
S01008287,Economically active: Self-employed: Part-time (1),16,14,2
S01008287,Economically active: Self-employed: Full-time (1),27,27,0
S01008287,Economically active: Unemployed (1),39,39,0
S01008287,Economically inactive,199,193,6
S01008288,All people aged 16 and over,753,695,58
S01008288,Economically active: Total,432,395,37
S01008288,Economically active: Employee: Total,334,308,26
S01008288,Economically active: Employee: Part-time (1),110,103,7
S01008288,Economically active: Employee: Full-time (1),224,205,19
S01008288,Economically active: Self-employed: Total,69,61,8
S01008288,Economically active: Self-employed: Part-time (1),23,21,2
S01008288,Economically active: Self-employed: Full-time (1),46,40,6
S01008288,Economically active: Unemployed (1),29,26,3
S01008288,Economically inactive,321,300,21
S01008289,All people aged 16 and over,525,493,32
S01008289,Economically active: Total,366,340,26
S01008289,Economically active: Employee: Total,290,269,21
S01008289,Economically active: Employee: Part-time (1),76,71,5
S01008289,Economically active: Employee: Full-time (1),214,198,16
S01008289,Economically active: Self-employed: Total,53,49,4
S01008289,Economically active: Self-employed: Part-time (1),17,16,1
S01008289,Economically active: Self-employed: Full-time (1),36,33,3
S01008289,Economically active: Unemployed (1),23,22,1
S01008289,Economically inactive,159,153,6
S01008290,All people aged 16 and over,737,672,65
S01008290,Economically active: Total,455,411,44
S01008290,Economically active: Employee: Total,337,308,29
S01008290,Economically active: Employee: Part-time (1),91,86,5
S01008290,Economically active: Employee: Full-time (1),246,222,24
S01008290,Economically active: Self-employed: Total,82,73,9
S01008290,Economically active: Self-employed: Part-time (1),24,19,5
S01008290,Economically active: Self-employed: Full-time (1),58,54,4
S01008290,Economically active: Unemployed (1),36,30,6
S01008290,Economically inactive,282,261,21
S01008291,All people aged 16 and over,644,625,19
S01008291,Economically active: Total,334,323,11
S01008291,Economically active: Employee: Total,291,282,9
S01008291,Economically active: Employee: Part-time (1),72,71,1
S01008291,Economically active: Employee: Full-time (1),219,211,8
S01008291,Economically active: Self-employed: Total,25,23,2
S01008291,Economically active: Self-employed: Part-time (1),2,2,0
S01008291,Economically active: Self-employed: Full-time (1),23,21,2
S01008291,Economically active: Unemployed (1),18,18,0
S01008291,Economically inactive,310,302,8
S01008292,All people aged 16 and over,592,565,27
S01008292,Economically active: Total,428,406,22
S01008292,Economically active: Employee: Total,354,338,16
S01008292,Economically active: Employee: Part-time (1),136,130,6
S01008292,Economically active: Employee: Full-time (1),218,208,10
S01008292,Economically active: Self-employed: Total,35,32,3
S01008292,Economically active: Self-employed: Part-time (1),10,9,1
S01008292,Economically active: Self-employed: Full-time (1),25,23,2
S01008292,Economically active: Unemployed (1),39,36,3
S01008292,Economically inactive,164,159,5
S01008293,All people aged 16 and over,428,412,16
S01008293,Economically active: Total,305,291,14
S01008293,Economically active: Employee: Total,256,244,12
S01008293,Economically active: Employee: Part-time (1),79,77,2
S01008293,Economically active: Employee: Full-time (1),177,167,10
S01008293,Economically active: Self-employed: Total,41,40,1
S01008293,Economically active: Self-employed: Part-time (1),9,8,1
S01008293,Economically active: Self-employed: Full-time (1),32,32,0
S01008293,Economically active: Unemployed (1),8,7,1
S01008293,Economically inactive,123,121,2
S01008294,All people aged 16 and over,683,641,42
S01008294,Economically active: Total,491,460,31
S01008294,Economically active: Employee: Total,402,376,26
S01008294,Economically active: Employee: Part-time (1),118,114,4
S01008294,Economically active: Employee: Full-time (1),284,262,22
S01008294,Economically active: Self-employed: Total,63,60,3
S01008294,Economically active: Self-employed: Part-time (1),13,13,0
S01008294,Economically active: Self-employed: Full-time (1),50,47,3
S01008294,Economically active: Unemployed (1),26,24,2
S01008294,Economically inactive,192,181,11
S01008295,All people aged 16 and over,795,773,22
S01008295,Economically active: Total,582,567,15
S01008295,Economically active: Employee: Total,519,505,14
S01008295,Economically active: Employee: Part-time (1),154,151,3
S01008295,Economically active: Employee: Full-time (1),365,354,11
S01008295,Economically active: Self-employed: Total,35,34,1
S01008295,Economically active: Self-employed: Part-time (1),11,10,1
S01008295,Economically active: Self-employed: Full-time (1),24,24,0
S01008295,Economically active: Unemployed (1),28,28,0
S01008295,Economically inactive,213,206,7
S01008296,All people aged 16 and over,567,556,11
S01008296,Economically active: Total,317,312,5
S01008296,Economically active: Employee: Total,247,245,2
S01008296,Economically active: Employee: Part-time (1),77,76,1
S01008296,Economically active: Employee: Full-time (1),170,169,1
S01008296,Economically active: Self-employed: Total,37,35,2
S01008296,Economically active: Self-employed: Part-time (1),13,11,2
S01008296,Economically active: Self-employed: Full-time (1),24,24,0
S01008296,Economically active: Unemployed (1),33,32,1
S01008296,Economically inactive,250,244,6
S01008297,All people aged 16 and over,586,572,14
S01008297,Economically active: Total,409,403,6
S01008297,Economically active: Employee: Total,352,347,5
S01008297,Economically active: Employee: Part-time (1),104,104,0
S01008297,Economically active: Employee: Full-time (1),248,243,5
S01008297,Economically active: Self-employed: Total,41,40,1
S01008297,Economically active: Self-employed: Part-time (1),13,12,1
S01008297,Economically active: Self-employed: Full-time (1),28,28,0
S01008297,Economically active: Unemployed (1),16,16,0
S01008297,Economically inactive,177,169,8
S01008298,All people aged 16 and over,608,592,16
S01008298,Economically active: Total,403,388,15
S01008298,Economically active: Employee: Total,333,319,14
S01008298,Economically active: Employee: Part-time (1),89,87,2
S01008298,Economically active: Employee: Full-time (1),244,232,12
S01008298,Economically active: Self-employed: Total,52,51,1
S01008298,Economically active: Self-employed: Part-time (1),22,21,1
S01008298,Economically active: Self-employed: Full-time (1),30,30,0
S01008298,Economically active: Unemployed (1),18,18,0
S01008298,Economically inactive,205,204,1
S01008299,All people aged 16 and over,616,599,17
S01008299,Economically active: Total,334,326,8
S01008299,Economically active: Employee: Total,245,240,5
S01008299,Economically active: Employee: Part-time (1),74,73,1
S01008299,Economically active: Employee: Full-time (1),171,167,4
S01008299,Economically active: Self-employed: Total,36,33,3
S01008299,Economically active: Self-employed: Part-time (1),12,10,2
S01008299,Economically active: Self-employed: Full-time (1),24,23,1
S01008299,Economically active: Unemployed (1),53,53,0
S01008299,Economically inactive,282,273,9
S01008300,All people aged 16 and over,710,696,14
S01008300,Economically active: Total,405,395,10
S01008300,Economically active: Employee: Total,318,313,5
S01008300,Economically active: Employee: Part-time (1),102,99,3
S01008300,Economically active: Employee: Full-time (1),216,214,2
S01008300,Economically active: Self-employed: Total,45,42,3
S01008300,Economically active: Self-employed: Part-time (1),12,12,0
S01008300,Economically active: Self-employed: Full-time (1),33,30,3
S01008300,Economically active: Unemployed (1),42,40,2
S01008300,Economically inactive,305,301,4
S01008301,All people aged 16 and over,687,672,15
S01008301,Economically active: Total,492,481,11
S01008301,Economically active: Employee: Total,410,402,8
S01008301,Economically active: Employee: Part-time (1),115,114,1
S01008301,Economically active: Employee: Full-time (1),295,288,7
S01008301,Economically active: Self-employed: Total,54,52,2
S01008301,Economically active: Self-employed: Part-time (1),11,10,1
S01008301,Economically active: Self-employed: Full-time (1),43,42,1
S01008301,Economically active: Unemployed (1),28,27,1
S01008301,Economically inactive,195,191,4
S01008302,All people aged 16 and over,617,600,17
S01008302,Economically active: Total,391,381,10
S01008302,Economically active: Employee: Total,293,285,8
S01008302,Economically active: Employee: Part-time (1),78,75,3
S01008302,Economically active: Employee: Full-time (1),215,210,5
S01008302,Economically active: Self-employed: Total,78,76,2
S01008302,Economically active: Self-employed: Part-time (1),26,26,0
S01008302,Economically active: Self-employed: Full-time (1),52,50,2
S01008302,Economically active: Unemployed (1),20,20,0
S01008302,Economically inactive,226,219,7
S01008303,All people aged 16 and over,471,454,17
S01008303,Economically active: Total,299,290,9
S01008303,Economically active: Employee: Total,248,239,9
S01008303,Economically active: Employee: Part-time (1),59,56,3
S01008303,Economically active: Employee: Full-time (1),189,183,6
S01008303,Economically active: Self-employed: Total,27,27,0
S01008303,Economically active: Self-employed: Part-time (1),6,6,0
S01008303,Economically active: Self-employed: Full-time (1),21,21,0
S01008303,Economically active: Unemployed (1),24,24,0
S01008303,Economically inactive,172,164,8
S01008304,All people aged 16 and over,411,391,20
S01008304,Economically active: Total,252,241,11
S01008304,Economically active: Employee: Total,209,201,8
S01008304,Economically active: Employee: Part-time (1),56,56,0
S01008304,Economically active: Employee: Full-time (1),153,145,8
S01008304,Economically active: Self-employed: Total,23,20,3
S01008304,Economically active: Self-employed: Part-time (1),1,1,0
S01008304,Economically active: Self-employed: Full-time (1),22,19,3
S01008304,Economically active: Unemployed (1),20,20,0
S01008304,Economically inactive,159,150,9
S01008305,All people aged 16 and over,678,660,18
S01008305,Economically active: Total,450,437,13
S01008305,Economically active: Employee: Total,394,381,13
S01008305,Economically active: Employee: Part-time (1),117,116,1
S01008305,Economically active: Employee: Full-time (1),277,265,12
S01008305,Economically active: Self-employed: Total,35,35,0
S01008305,Economically active: Self-employed: Part-time (1),11,11,0
S01008305,Economically active: Self-employed: Full-time (1),24,24,0
S01008305,Economically active: Unemployed (1),21,21,0
S01008305,Economically inactive,228,223,5
S01008306,All people aged 16 and over,538,528,10
S01008306,Economically active: Total,369,361,8
S01008306,Economically active: Employee: Total,314,308,6
S01008306,Economically active: Employee: Part-time (1),102,101,1
S01008306,Economically active: Employee: Full-time (1),212,207,5
S01008306,Economically active: Self-employed: Total,37,35,2
S01008306,Economically active: Self-employed: Part-time (1),3,3,0
S01008306,Economically active: Self-employed: Full-time (1),34,32,2
S01008306,Economically active: Unemployed (1),18,18,0
S01008306,Economically inactive,169,167,2
S01008307,All people aged 16 and over,493,479,14
S01008307,Economically active: Total,331,324,7
S01008307,Economically active: Employee: Total,283,276,7
S01008307,Economically active: Employee: Part-time (1),79,77,2
S01008307,Economically active: Employee: Full-time (1),204,199,5
S01008307,Economically active: Self-employed: Total,30,30,0
S01008307,Economically active: Self-employed: Part-time (1),11,11,0
S01008307,Economically active: Self-employed: Full-time (1),19,19,0
S01008307,Economically active: Unemployed (1),18,18,0
S01008307,Economically inactive,162,155,7
S01008308,All people aged 16 and over,501,480,21
S01008308,Economically active: Total,294,283,11
S01008308,Economically active: Employee: Total,254,244,10
S01008308,Economically active: Employee: Part-time (1),67,63,4
S01008308,Economically active: Employee: Full-time (1),187,181,6
S01008308,Economically active: Self-employed: Total,28,27,1
S01008308,Economically active: Self-employed: Part-time (1),5,5,0
S01008308,Economically active: Self-employed: Full-time (1),23,22,1
S01008308,Economically active: Unemployed (1),12,12,0
S01008308,Economically inactive,207,197,10
S01008309,All people aged 16 and over,603,583,20
S01008309,Economically active: Total,323,310,13
S01008309,Economically active: Employee: Total,254,242,12
S01008309,Economically active: Employee: Part-time (1),70,66,4
S01008309,Economically active: Employee: Full-time (1),184,176,8
S01008309,Economically active: Self-employed: Total,19,18,1
S01008309,Economically active: Self-employed: Part-time (1),4,4,0
S01008309,Economically active: Self-employed: Full-time (1),15,14,1
S01008309,Economically active: Unemployed (1),50,50,0
S01008309,Economically inactive,280,273,7
S01008310,All people aged 16 and over,818,799,19
S01008310,Economically active: Total,482,470,12
S01008310,Economically active: Employee: Total,406,397,9
S01008310,Economically active: Employee: Part-time (1),112,110,2
S01008310,Economically active: Employee: Full-time (1),294,287,7
S01008310,Economically active: Self-employed: Total,38,35,3
S01008310,Economically active: Self-employed: Part-time (1),9,9,0
S01008310,Economically active: Self-employed: Full-time (1),29,26,3
S01008310,Economically active: Unemployed (1),38,38,0
S01008310,Economically inactive,336,329,7
S01008311,All people aged 16 and over,313,303,10
S01008311,Economically active: Total,212,205,7
S01008311,Economically active: Employee: Total,176,169,7
S01008311,Economically active: Employee: Part-time (1),41,41,0
S01008311,Economically active: Employee: Full-time (1),135,128,7
S01008311,Economically active: Self-employed: Total,13,13,0
S01008311,Economically active: Self-employed: Part-time (1),5,5,0
S01008311,Economically active: Self-employed: Full-time (1),8,8,0
S01008311,Economically active: Unemployed (1),23,23,0
S01008311,Economically inactive,101,98,3
S01008312,All people aged 16 and over,329,320,9
S01008312,Economically active: Total,222,215,7
S01008312,Economically active: Employee: Total,190,184,6
S01008312,Economically active: Employee: Part-time (1),52,50,2
S01008312,Economically active: Employee: Full-time (1),138,134,4
S01008312,Economically active: Self-employed: Total,17,16,1
S01008312,Economically active: Self-employed: Part-time (1),2,1,1
S01008312,Economically active: Self-employed: Full-time (1),15,15,0
S01008312,Economically active: Unemployed (1),15,15,0
S01008312,Economically inactive,107,105,2
S01008313,All people aged 16 and over,748,723,25
S01008313,Economically active: Total,391,378,13
S01008313,Economically active: Employee: Total,307,296,11
S01008313,Economically active: Employee: Part-time (1),89,83,6
S01008313,Economically active: Employee: Full-time (1),218,213,5
S01008313,Economically active: Self-employed: Total,31,29,2
S01008313,Economically active: Self-employed: Part-time (1),8,7,1
S01008313,Economically active: Self-employed: Full-time (1),23,22,1
S01008313,Economically active: Unemployed (1),53,53,0
S01008313,Economically inactive,357,345,12
S01008314,All people aged 16 and over,470,451,19
S01008314,Economically active: Total,312,297,15
S01008314,Economically active: Employee: Total,250,238,12
S01008314,Economically active: Employee: Part-time (1),76,72,4
S01008314,Economically active: Employee: Full-time (1),174,166,8
S01008314,Economically active: Self-employed: Total,21,18,3
S01008314,Economically active: Self-employed: Part-time (1),3,2,1
S01008314,Economically active: Self-employed: Full-time (1),18,16,2
S01008314,Economically active: Unemployed (1),41,41,0
S01008314,Economically inactive,158,154,4
S01008315,All people aged 16 and over,617,599,18
S01008315,Economically active: Total,367,357,10
S01008315,Economically active: Employee: Total,288,280,8
S01008315,Economically active: Employee: Part-time (1),62,61,1
S01008315,Economically active: Employee: Full-time (1),226,219,7
S01008315,Economically active: Self-employed: Total,29,27,2
S01008315,Economically active: Self-employed: Part-time (1),7,7,0
S01008315,Economically active: Self-employed: Full-time (1),22,20,2
S01008315,Economically active: Unemployed (1),50,50,0
S01008315,Economically inactive,250,242,8
S01008316,All people aged 16 and over,421,392,29
S01008316,Economically active: Total,234,215,19
S01008316,Economically active: Employee: Total,178,164,14
S01008316,Economically active: Employee: Part-time (1),55,51,4
S01008316,Economically active: Employee: Full-time (1),123,113,10
S01008316,Economically active: Self-employed: Total,15,12,3
S01008316,Economically active: Self-employed: Part-time (1),5,4,1
S01008316,Economically active: Self-employed: Full-time (1),10,8,2
S01008316,Economically active: Unemployed (1),41,39,2
S01008316,Economically inactive,187,177,10
S01008317,All people aged 16 and over,560,529,31
S01008317,Economically active: Total,389,365,24
S01008317,Economically active: Employee: Total,317,298,19
S01008317,Economically active: Employee: Part-time (1),78,74,4
S01008317,Economically active: Employee: Full-time (1),239,224,15
S01008317,Economically active: Self-employed: Total,37,36,1
S01008317,Economically active: Self-employed: Part-time (1),7,6,1
S01008317,Economically active: Self-employed: Full-time (1),30,30,0
S01008317,Economically active: Unemployed (1),35,31,4
S01008317,Economically inactive,171,164,7
S01008318,All people aged 16 and over,799,772,27
S01008318,Economically active: Total,505,485,20
S01008318,Economically active: Employee: Total,422,405,17
S01008318,Economically active: Employee: Part-time (1),112,107,5
S01008318,Economically active: Employee: Full-time (1),310,298,12
S01008318,Economically active: Self-employed: Total,66,64,2
S01008318,Economically active: Self-employed: Part-time (1),15,14,1
S01008318,Economically active: Self-employed: Full-time (1),51,50,1
S01008318,Economically active: Unemployed (1),17,16,1
S01008318,Economically inactive,294,287,7
S01008319,All people aged 16 and over,622,604,18
S01008319,Economically active: Total,336,324,12
S01008319,Economically active: Employee: Total,286,276,10
S01008319,Economically active: Employee: Part-time (1),84,81,3
S01008319,Economically active: Employee: Full-time (1),202,195,7
S01008319,Economically active: Self-employed: Total,27,27,0
S01008319,Economically active: Self-employed: Part-time (1),3,3,0
S01008319,Economically active: Self-employed: Full-time (1),24,24,0
S01008319,Economically active: Unemployed (1),23,21,2
S01008319,Economically inactive,286,280,6
S01008320,All people aged 16 and over,574,562,12
S01008320,Economically active: Total,281,272,9
S01008320,Economically active: Employee: Total,240,232,8
S01008320,Economically active: Employee: Part-time (1),73,72,1
S01008320,Economically active: Employee: Full-time (1),167,160,7
S01008320,Economically active: Self-employed: Total,28,27,1
S01008320,Economically active: Self-employed: Part-time (1),7,7,0
S01008320,Economically active: Self-employed: Full-time (1),21,20,1
S01008320,Economically active: Unemployed (1),13,13,0
S01008320,Economically inactive,293,290,3
S01008321,All people aged 16 and over,436,422,14
S01008321,Economically active: Total,321,313,8
S01008321,Economically active: Employee: Total,272,267,5
S01008321,Economically active: Employee: Part-time (1),73,71,2
S01008321,Economically active: Employee: Full-time (1),199,196,3
S01008321,Economically active: Self-employed: Total,31,29,2
S01008321,Economically active: Self-employed: Part-time (1),7,7,0
S01008321,Economically active: Self-employed: Full-time (1),24,22,2
S01008321,Economically active: Unemployed (1),18,17,1
S01008321,Economically inactive,115,109,6
S01008322,All people aged 16 and over,839,818,21
S01008322,Economically active: Total,516,498,18
S01008322,Economically active: Employee: Total,436,420,16
S01008322,Economically active: Employee: Part-time (1),120,117,3
S01008322,Economically active: Employee: Full-time (1),316,303,13
S01008322,Economically active: Self-employed: Total,38,37,1
S01008322,Economically active: Self-employed: Part-time (1),7,7,0
S01008322,Economically active: Self-employed: Full-time (1),31,30,1
S01008322,Economically active: Unemployed (1),42,41,1
S01008322,Economically inactive,323,320,3
S01008323,All people aged 16 and over,610,593,17
S01008323,Economically active: Total,353,338,15
S01008323,Economically active: Employee: Total,266,254,12
S01008323,Economically active: Employee: Part-time (1),89,84,5
S01008323,Economically active: Employee: Full-time (1),177,170,7
S01008323,Economically active: Self-employed: Total,39,38,1
S01008323,Economically active: Self-employed: Part-time (1),17,17,0
S01008323,Economically active: Self-employed: Full-time (1),22,21,1
S01008323,Economically active: Unemployed (1),48,46,2
S01008323,Economically inactive,257,255,2
S01008324,All people aged 16 and over,496,489,7
S01008324,Economically active: Total,311,305,6
S01008324,Economically active: Employee: Total,252,246,6
S01008324,Economically active: Employee: Part-time (1),69,66,3
S01008324,Economically active: Employee: Full-time (1),183,180,3
S01008324,Economically active: Self-employed: Total,30,30,0
S01008324,Economically active: Self-employed: Part-time (1),8,8,0
S01008324,Economically active: Self-employed: Full-time (1),22,22,0
S01008324,Economically active: Unemployed (1),29,29,0
S01008324,Economically inactive,185,184,1
S01008325,All people aged 16 and over,554,512,42
S01008325,Economically active: Total,367,334,33
S01008325,Economically active: Employee: Total,298,271,27
S01008325,Economically active: Employee: Part-time (1),92,86,6
S01008325,Economically active: Employee: Full-time (1),206,185,21
S01008325,Economically active: Self-employed: Total,10,9,1
S01008325,Economically active: Self-employed: Part-time (1),5,4,1
S01008325,Economically active: Self-employed: Full-time (1),5,5,0
S01008325,Economically active: Unemployed (1),59,54,5
S01008325,Economically inactive,187,178,9
S01008326,All people aged 16 and over,753,719,34
S01008326,Economically active: Total,459,439,20
S01008326,Economically active: Employee: Total,371,352,19
S01008326,Economically active: Employee: Part-time (1),121,116,5
S01008326,Economically active: Employee: Full-time (1),250,236,14
S01008326,Economically active: Self-employed: Total,27,27,0
S01008326,Economically active: Self-employed: Part-time (1),8,8,0
S01008326,Economically active: Self-employed: Full-time (1),19,19,0
S01008326,Economically active: Unemployed (1),61,60,1
S01008326,Economically inactive,294,280,14
S01008327,All people aged 16 and over,712,695,17
S01008327,Economically active: Total,424,416,8
S01008327,Economically active: Employee: Total,346,339,7
S01008327,Economically active: Employee: Part-time (1),95,93,2
S01008327,Economically active: Employee: Full-time (1),251,246,5
S01008327,Economically active: Self-employed: Total,29,29,0
S01008327,Economically active: Self-employed: Part-time (1),5,5,0
S01008327,Economically active: Self-employed: Full-time (1),24,24,0
S01008327,Economically active: Unemployed (1),49,48,1
S01008327,Economically inactive,288,279,9
S01008328,All people aged 16 and over,501,452,49
S01008328,Economically active: Total,384,348,36
S01008328,Economically active: Employee: Total,303,277,26
S01008328,Economically active: Employee: Part-time (1),86,74,12
S01008328,Economically active: Employee: Full-time (1),217,203,14
S01008328,Economically active: Self-employed: Total,60,53,7
S01008328,Economically active: Self-employed: Part-time (1),19,17,2
S01008328,Economically active: Self-employed: Full-time (1),41,36,5
S01008328,Economically active: Unemployed (1),21,18,3
S01008328,Economically inactive,117,104,13
S01008329,All people aged 16 and over,679,614,65
S01008329,Economically active: Total,488,453,35
S01008329,Economically active: Employee: Total,391,371,20
S01008329,Economically active: Employee: Part-time (1),118,110,8
S01008329,Economically active: Employee: Full-time (1),273,261,12
S01008329,Economically active: Self-employed: Total,70,61,9
S01008329,Economically active: Self-employed: Part-time (1),21,19,2
S01008329,Economically active: Self-employed: Full-time (1),49,42,7
S01008329,Economically active: Unemployed (1),27,21,6
S01008329,Economically inactive,191,161,30
S01008330,All people aged 16 and over,685,603,82
S01008330,Economically active: Total,496,446,50
S01008330,Economically active: Employee: Total,399,369,30
S01008330,Economically active: Employee: Part-time (1),145,131,14
S01008330,Economically active: Employee: Full-time (1),254,238,16
S01008330,Economically active: Self-employed: Total,59,45,14
S01008330,Economically active: Self-employed: Part-time (1),20,14,6
S01008330,Economically active: Self-employed: Full-time (1),39,31,8
S01008330,Economically active: Unemployed (1),38,32,6
S01008330,Economically inactive,189,157,32
S01008331,All people aged 16 and over,477,421,56
S01008331,Economically active: Total,360,321,39
S01008331,Economically active: Employee: Total,287,259,28
S01008331,Economically active: Employee: Part-time (1),93,84,9
S01008331,Economically active: Employee: Full-time (1),194,175,19
S01008331,Economically active: Self-employed: Total,58,51,7
S01008331,Economically active: Self-employed: Part-time (1),14,12,2
S01008331,Economically active: Self-employed: Full-time (1),44,39,5
S01008331,Economically active: Unemployed (1),15,11,4
S01008331,Economically inactive,117,100,17
S01008332,All people aged 16 and over,814,743,71
S01008332,Economically active: Total,446,409,37
S01008332,Economically active: Employee: Total,350,324,26
S01008332,Economically active: Employee: Part-time (1),119,113,6
S01008332,Economically active: Employee: Full-time (1),231,211,20
S01008332,Economically active: Self-employed: Total,80,69,11
S01008332,Economically active: Self-employed: Part-time (1),24,20,4
S01008332,Economically active: Self-employed: Full-time (1),56,49,7
S01008332,Economically active: Unemployed (1),16,16,0
S01008332,Economically inactive,368,334,34
S01008333,All people aged 16 and over,859,810,49
S01008333,Economically active: Total,413,388,25
S01008333,Economically active: Employee: Total,308,293,15
S01008333,Economically active: Employee: Part-time (1),99,93,6
S01008333,Economically active: Employee: Full-time (1),209,200,9
S01008333,Economically active: Self-employed: Total,87,79,8
S01008333,Economically active: Self-employed: Part-time (1),30,26,4
S01008333,Economically active: Self-employed: Full-time (1),57,53,4
S01008333,Economically active: Unemployed (1),18,16,2
S01008333,Economically inactive,446,422,24
S01008334,All people aged 16 and over,602,545,57
S01008334,Economically active: Total,345,323,22
S01008334,Economically active: Employee: Total,278,262,16
S01008334,Economically active: Employee: Part-time (1),79,72,7
S01008334,Economically active: Employee: Full-time (1),199,190,9
S01008334,Economically active: Self-employed: Total,49,47,2
S01008334,Economically active: Self-employed: Part-time (1),11,11,0
S01008334,Economically active: Self-employed: Full-time (1),38,36,2
S01008334,Economically active: Unemployed (1),18,14,4
S01008334,Economically inactive,257,222,35
S01008335,All people aged 16 and over,590,542,48
S01008335,Economically active: Total,332,312,20
S01008335,Economically active: Employee: Total,267,252,15
S01008335,Economically active: Employee: Part-time (1),97,90,7
S01008335,Economically active: Employee: Full-time (1),170,162,8
S01008335,Economically active: Self-employed: Total,41,39,2
S01008335,Economically active: Self-employed: Part-time (1),14,13,1
S01008335,Economically active: Self-employed: Full-time (1),27,26,1
S01008335,Economically active: Unemployed (1),24,21,3
S01008335,Economically inactive,258,230,28
S01008336,All people aged 16 and over,508,460,48
S01008336,Economically active: Total,326,294,32
S01008336,Economically active: Employee: Total,241,222,19
S01008336,Economically active: Employee: Part-time (1),89,81,8
S01008336,Economically active: Employee: Full-time (1),152,141,11
S01008336,Economically active: Self-employed: Total,61,48,13
S01008336,Economically active: Self-employed: Part-time (1),24,20,4
S01008336,Economically active: Self-employed: Full-time (1),37,28,9
S01008336,Economically active: Unemployed (1),24,24,0
S01008336,Economically inactive,182,166,16
S01008337,All people aged 16 and over,663,609,54
S01008337,Economically active: Total,492,452,40
S01008337,Economically active: Employee: Total,436,402,34
S01008337,Economically active: Employee: Part-time (1),119,109,10
S01008337,Economically active: Employee: Full-time (1),317,293,24
S01008337,Economically active: Self-employed: Total,31,27,4
S01008337,Economically active: Self-employed: Part-time (1),10,9,1
S01008337,Economically active: Self-employed: Full-time (1),21,18,3
S01008337,Economically active: Unemployed (1),25,23,2
S01008337,Economically inactive,171,157,14
S01008338,All people aged 16 and over,620,532,88
S01008338,Economically active: Total,480,414,66
S01008338,Economically active: Employee: Total,397,347,50
S01008338,Economically active: Employee: Part-time (1),138,119,19
S01008338,Economically active: Employee: Full-time (1),259,228,31
S01008338,Economically active: Self-employed: Total,55,42,13
S01008338,Economically active: Self-employed: Part-time (1),10,8,2
S01008338,Economically active: Self-employed: Full-time (1),45,34,11
S01008338,Economically active: Unemployed (1),28,25,3
S01008338,Economically inactive,140,118,22
S01008339,All people aged 16 and over,493,448,45
S01008339,Economically active: Total,405,374,31
S01008339,Economically active: Employee: Total,335,313,22
S01008339,Economically active: Employee: Part-time (1),117,110,7
S01008339,Economically active: Employee: Full-time (1),218,203,15
S01008339,Economically active: Self-employed: Total,43,40,3
S01008339,Economically active: Self-employed: Part-time (1),14,12,2
S01008339,Economically active: Self-employed: Full-time (1),29,28,1
S01008339,Economically active: Unemployed (1),27,21,6
S01008339,Economically inactive,88,74,14
S01008340,All people aged 16 and over,643,580,63
S01008340,Economically active: Total,491,448,43
S01008340,Economically active: Employee: Total,403,381,22
S01008340,Economically active: Employee: Part-time (1),121,115,6
S01008340,Economically active: Employee: Full-time (1),282,266,16
S01008340,Economically active: Self-employed: Total,69,51,18
S01008340,Economically active: Self-employed: Part-time (1),25,18,7
S01008340,Economically active: Self-employed: Full-time (1),44,33,11
S01008340,Economically active: Unemployed (1),19,16,3
S01008340,Economically inactive,152,132,20
S01008341,All people aged 16 and over,484,442,42
S01008341,Economically active: Total,391,362,29
S01008341,Economically active: Employee: Total,297,280,17
S01008341,Economically active: Employee: Part-time (1),102,96,6
S01008341,Economically active: Employee: Full-time (1),195,184,11
S01008341,Economically active: Self-employed: Total,72,61,11
S01008341,Economically active: Self-employed: Part-time (1),17,14,3
S01008341,Economically active: Self-employed: Full-time (1),55,47,8
S01008341,Economically active: Unemployed (1),22,21,1
S01008341,Economically inactive,93,80,13
S01008342,All people aged 16 and over,694,633,61
S01008342,Economically active: Total,439,404,35
S01008342,Economically active: Employee: Total,348,327,21
S01008342,Economically active: Employee: Part-time (1),111,107,4
S01008342,Economically active: Employee: Full-time (1),237,220,17
S01008342,Economically active: Self-employed: Total,62,52,10
S01008342,Economically active: Self-employed: Part-time (1),14,11,3
S01008342,Economically active: Self-employed: Full-time (1),48,41,7
S01008342,Economically active: Unemployed (1),29,25,4
S01008342,Economically inactive,255,229,26
S01008343,All people aged 16 and over,702,663,39
S01008343,Economically active: Total,428,402,26
S01008343,Economically active: Employee: Total,318,300,18
S01008343,Economically active: Employee: Part-time (1),113,109,4
S01008343,Economically active: Employee: Full-time (1),205,191,14
S01008343,Economically active: Self-employed: Total,83,77,6
S01008343,Economically active: Self-employed: Part-time (1),27,26,1
S01008343,Economically active: Self-employed: Full-time (1),56,51,5
S01008343,Economically active: Unemployed (1),27,25,2
S01008343,Economically inactive,274,261,13
S01008344,All people aged 16 and over,711,655,56
S01008344,Economically active: Total,436,406,30
S01008344,Economically active: Employee: Total,288,268,20
S01008344,Economically active: Employee: Part-time (1),101,91,10
S01008344,Economically active: Employee: Full-time (1),187,177,10
S01008344,Economically active: Self-employed: Total,130,121,9
S01008344,Economically active: Self-employed: Part-time (1),38,36,2
S01008344,Economically active: Self-employed: Full-time (1),92,85,7
S01008344,Economically active: Unemployed (1),18,17,1
S01008344,Economically inactive,275,249,26
S01008345,All people aged 16 and over,765,711,54
S01008345,Economically active: Total,416,384,32
S01008345,Economically active: Employee: Total,280,260,20
S01008345,Economically active: Employee: Part-time (1),89,85,4
S01008345,Economically active: Employee: Full-time (1),191,175,16
S01008345,Economically active: Self-employed: Total,115,105,10
S01008345,Economically active: Self-employed: Part-time (1),35,32,3
S01008345,Economically active: Self-employed: Full-time (1),80,73,7
S01008345,Economically active: Unemployed (1),21,19,2
S01008345,Economically inactive,349,327,22
S01008346,All people aged 16 and over,774,723,51
S01008346,Economically active: Total,477,448,29
S01008346,Economically active: Employee: Total,344,324,20
S01008346,Economically active: Employee: Part-time (1),122,115,7
S01008346,Economically active: Employee: Full-time (1),222,209,13
S01008346,Economically active: Self-employed: Total,108,101,7
S01008346,Economically active: Self-employed: Part-time (1),37,35,2
S01008346,Economically active: Self-employed: Full-time (1),71,66,5
S01008346,Economically active: Unemployed (1),25,23,2
S01008346,Economically inactive,297,275,22
S01008347,All people aged 16 and over,832,791,41
S01008347,Economically active: Total,439,413,26
S01008347,Economically active: Employee: Total,328,309,19
S01008347,Economically active: Employee: Part-time (1),100,97,3
S01008347,Economically active: Employee: Full-time (1),228,212,16
S01008347,Economically active: Self-employed: Total,76,70,6
S01008347,Economically active: Self-employed: Part-time (1),25,24,1
S01008347,Economically active: Self-employed: Full-time (1),51,46,5
S01008347,Economically active: Unemployed (1),35,34,1
S01008347,Economically inactive,393,378,15
S01008348,All people aged 16 and over,618,585,33
S01008348,Economically active: Total,342,323,19
S01008348,Economically active: Employee: Total,257,245,12
S01008348,Economically active: Employee: Part-time (1),79,77,2
S01008348,Economically active: Employee: Full-time (1),178,168,10
S01008348,Economically active: Self-employed: Total,60,54,6
S01008348,Economically active: Self-employed: Part-time (1),21,19,2
S01008348,Economically active: Self-employed: Full-time (1),39,35,4
S01008348,Economically active: Unemployed (1),25,24,1
S01008348,Economically inactive,276,262,14
S01008349,All people aged 16 and over,696,646,50
S01008349,Economically active: Total,405,382,23
S01008349,Economically active: Employee: Total,303,292,11
S01008349,Economically active: Employee: Part-time (1),111,110,1
S01008349,Economically active: Employee: Full-time (1),192,182,10
S01008349,Economically active: Self-employed: Total,91,81,10
S01008349,Economically active: Self-employed: Part-time (1),18,13,5
S01008349,Economically active: Self-employed: Full-time (1),73,68,5
S01008349,Economically active: Unemployed (1),11,9,2
S01008349,Economically inactive,291,264,27
S01008350,All people aged 16 and over,504,488,16
S01008350,Economically active: Total,255,245,10
S01008350,Economically active: Employee: Total,190,183,7
S01008350,Economically active: Employee: Part-time (1),60,59,1
S01008350,Economically active: Employee: Full-time (1),130,124,6
S01008350,Economically active: Self-employed: Total,55,52,3
S01008350,Economically active: Self-employed: Part-time (1),15,15,0
S01008350,Economically active: Self-employed: Full-time (1),40,37,3
S01008350,Economically active: Unemployed (1),10,10,0
S01008350,Economically inactive,249,243,6
S01008351,All people aged 16 and over,727,689,38
S01008351,Economically active: Total,453,434,19
S01008351,Economically active: Employee: Total,359,344,15
S01008351,Economically active: Employee: Part-time (1),116,112,4
S01008351,Economically active: Employee: Full-time (1),243,232,11
S01008351,Economically active: Self-employed: Total,67,65,2
S01008351,Economically active: Self-employed: Part-time (1),15,15,0
S01008351,Economically active: Self-employed: Full-time (1),52,50,2
S01008351,Economically active: Unemployed (1),27,25,2
S01008351,Economically inactive,274,255,19
S01008352,All people aged 16 and over,529,490,39
S01008352,Economically active: Total,304,285,19
S01008352,Economically active: Employee: Total,241,227,14
S01008352,Economically active: Employee: Part-time (1),72,69,3
S01008352,Economically active: Employee: Full-time (1),169,158,11
S01008352,Economically active: Self-employed: Total,51,47,4
S01008352,Economically active: Self-employed: Part-time (1),16,16,0
S01008352,Economically active: Self-employed: Full-time (1),35,31,4
S01008352,Economically active: Unemployed (1),12,11,1
S01008352,Economically inactive,225,205,20
S01008353,All people aged 16 and over,406,362,44
S01008353,Economically active: Total,242,208,34
S01008353,Economically active: Employee: Total,168,147,21
S01008353,Economically active: Employee: Part-time (1),56,46,10
S01008353,Economically active: Employee: Full-time (1),112,101,11
S01008353,Economically active: Self-employed: Total,60,51,9
S01008353,Economically active: Self-employed: Part-time (1),14,11,3
S01008353,Economically active: Self-employed: Full-time (1),46,40,6
S01008353,Economically active: Unemployed (1),14,10,4
S01008353,Economically inactive,164,154,10
S01008354,All people aged 16 and over,540,493,47
S01008354,Economically active: Total,357,329,28
S01008354,Economically active: Employee: Total,251,232,19
S01008354,Economically active: Employee: Part-time (1),67,64,3
S01008354,Economically active: Employee: Full-time (1),184,168,16
S01008354,Economically active: Self-employed: Total,91,83,8
S01008354,Economically active: Self-employed: Part-time (1),27,24,3
S01008354,Economically active: Self-employed: Full-time (1),64,59,5
S01008354,Economically active: Unemployed (1),15,14,1
S01008354,Economically inactive,183,164,19
S01008355,All people aged 16 and over,540,531,9
S01008355,Economically active: Total,301,294,7
S01008355,Economically active: Employee: Total,231,224,7
S01008355,Economically active: Employee: Part-time (1),67,65,2
S01008355,Economically active: Employee: Full-time (1),164,159,5
S01008355,Economically active: Self-employed: Total,49,49,0
S01008355,Economically active: Self-employed: Part-time (1),12,12,0
S01008355,Economically active: Self-employed: Full-time (1),37,37,0
S01008355,Economically active: Unemployed (1),21,21,0
S01008355,Economically inactive,239,237,2
S01008356,All people aged 16 and over,457,443,14
S01008356,Economically active: Total,342,332,10
S01008356,Economically active: Employee: Total,274,267,7
S01008356,Economically active: Employee: Part-time (1),84,83,1
S01008356,Economically active: Employee: Full-time (1),190,184,6
S01008356,Economically active: Self-employed: Total,54,52,2
S01008356,Economically active: Self-employed: Part-time (1),15,13,2
S01008356,Economically active: Self-employed: Full-time (1),39,39,0
S01008356,Economically active: Unemployed (1),14,13,1
S01008356,Economically inactive,115,111,4
S01008357,All people aged 16 and over,566,552,14
S01008357,Economically active: Total,355,343,12
S01008357,Economically active: Employee: Total,292,281,11
S01008357,Economically active: Employee: Part-time (1),89,87,2
S01008357,Economically active: Employee: Full-time (1),203,194,9
S01008357,Economically active: Self-employed: Total,53,52,1
S01008357,Economically active: Self-employed: Part-time (1),8,8,0
S01008357,Economically active: Self-employed: Full-time (1),45,44,1
S01008357,Economically active: Unemployed (1),10,10,0
S01008357,Economically inactive,211,209,2
S01008358,All people aged 16 and over,582,564,18
S01008358,Economically active: Total,333,320,13
S01008358,Economically active: Employee: Total,260,252,8
S01008358,Economically active: Employee: Part-time (1),77,73,4
S01008358,Economically active: Employee: Full-time (1),183,179,4
S01008358,Economically active: Self-employed: Total,45,41,4
S01008358,Economically active: Self-employed: Part-time (1),12,10,2
S01008358,Economically active: Self-employed: Full-time (1),33,31,2
S01008358,Economically active: Unemployed (1),28,27,1
S01008358,Economically inactive,249,244,5
S01008359,All people aged 16 and over,492,483,9
S01008359,Economically active: Total,324,319,5
S01008359,Economically active: Employee: Total,239,237,2
S01008359,Economically active: Employee: Part-time (1),67,65,2
S01008359,Economically active: Employee: Full-time (1),172,172,0
S01008359,Economically active: Self-employed: Total,73,71,2
S01008359,Economically active: Self-employed: Part-time (1),19,19,0
S01008359,Economically active: Self-employed: Full-time (1),54,52,2
S01008359,Economically active: Unemployed (1),12,11,1
S01008359,Economically inactive,168,164,4
S01008360,All people aged 16 and over,687,649,38
S01008360,Economically active: Total,437,410,27
S01008360,Economically active: Employee: Total,331,313,18
S01008360,Economically active: Employee: Part-time (1),121,117,4
S01008360,Economically active: Employee: Full-time (1),210,196,14
S01008360,Economically active: Self-employed: Total,87,79,8
S01008360,Economically active: Self-employed: Part-time (1),19,15,4
S01008360,Economically active: Self-employed: Full-time (1),68,64,4
S01008360,Economically active: Unemployed (1),19,18,1
S01008360,Economically inactive,250,239,11
S01008361,All people aged 16 and over,424,412,12
S01008361,Economically active: Total,289,281,8
S01008361,Economically active: Employee: Total,245,239,6
S01008361,Economically active: Employee: Part-time (1),69,67,2
S01008361,Economically active: Employee: Full-time (1),176,172,4
S01008361,Economically active: Self-employed: Total,31,29,2
S01008361,Economically active: Self-employed: Part-time (1),8,8,0
S01008361,Economically active: Self-employed: Full-time (1),23,21,2
S01008361,Economically active: Unemployed (1),13,13,0
S01008361,Economically inactive,135,131,4
S01008362,All people aged 16 and over,721,670,51
S01008362,Economically active: Total,523,487,36
S01008362,Economically active: Employee: Total,431,407,24
S01008362,Economically active: Employee: Part-time (1),126,120,6
S01008362,Economically active: Employee: Full-time (1),305,287,18
S01008362,Economically active: Self-employed: Total,67,63,4
S01008362,Economically active: Self-employed: Part-time (1),16,15,1
S01008362,Economically active: Self-employed: Full-time (1),51,48,3
S01008362,Economically active: Unemployed (1),25,17,8
S01008362,Economically inactive,198,183,15
S01008363,All people aged 16 and over,601,572,29
S01008363,Economically active: Total,388,368,20
S01008363,Economically active: Employee: Total,328,310,18
S01008363,Economically active: Employee: Part-time (1),96,90,6
S01008363,Economically active: Employee: Full-time (1),232,220,12
S01008363,Economically active: Self-employed: Total,43,41,2
S01008363,Economically active: Self-employed: Part-time (1),14,13,1
S01008363,Economically active: Self-employed: Full-time (1),29,28,1
S01008363,Economically active: Unemployed (1),17,17,0
S01008363,Economically inactive,213,204,9
S01008364,All people aged 16 and over,628,578,50
S01008364,Economically active: Total,390,366,24
S01008364,Economically active: Employee: Total,297,278,19
S01008364,Economically active: Employee: Part-time (1),102,96,6
S01008364,Economically active: Employee: Full-time (1),195,182,13
S01008364,Economically active: Self-employed: Total,71,69,2
S01008364,Economically active: Self-employed: Part-time (1),22,22,0
S01008364,Economically active: Self-employed: Full-time (1),49,47,2
S01008364,Economically active: Unemployed (1),22,19,3
S01008364,Economically inactive,238,212,26
S01008365,All people aged 16 and over,567,539,28
S01008365,Economically active: Total,313,297,16
S01008365,Economically active: Employee: Total,217,206,11
S01008365,Economically active: Employee: Part-time (1),78,72,6
S01008365,Economically active: Employee: Full-time (1),139,134,5
S01008365,Economically active: Self-employed: Total,76,72,4
S01008365,Economically active: Self-employed: Part-time (1),28,27,1
S01008365,Economically active: Self-employed: Full-time (1),48,45,3
S01008365,Economically active: Unemployed (1),20,19,1
S01008365,Economically inactive,254,242,12
S01008366,All people aged 16 and over,746,716,30
S01008366,Economically active: Total,396,381,15
S01008366,Economically active: Employee: Total,330,317,13
S01008366,Economically active: Employee: Part-time (1),102,100,2
S01008366,Economically active: Employee: Full-time (1),228,217,11
S01008366,Economically active: Self-employed: Total,37,36,1
S01008366,Economically active: Self-employed: Part-time (1),11,11,0
S01008366,Economically active: Self-employed: Full-time (1),26,25,1
S01008366,Economically active: Unemployed (1),29,28,1
S01008366,Economically inactive,350,335,15
S01008367,All people aged 16 and over,617,583,34
S01008367,Economically active: Total,370,349,21
S01008367,Economically active: Employee: Total,306,287,19
S01008367,Economically active: Employee: Part-time (1),101,97,4
S01008367,Economically active: Employee: Full-time (1),205,190,15
S01008367,Economically active: Self-employed: Total,34,32,2
S01008367,Economically active: Self-employed: Part-time (1),9,9,0
S01008367,Economically active: Self-employed: Full-time (1),25,23,2
S01008367,Economically active: Unemployed (1),30,30,0
S01008367,Economically inactive,247,234,13
S01008368,All people aged 16 and over,541,517,24
S01008368,Economically active: Total,361,345,16
S01008368,Economically active: Employee: Total,304,292,12
S01008368,Economically active: Employee: Part-time (1),79,75,4
S01008368,Economically active: Employee: Full-time (1),225,217,8
S01008368,Economically active: Self-employed: Total,41,38,3
S01008368,Economically active: Self-employed: Part-time (1),11,9,2
S01008368,Economically active: Self-employed: Full-time (1),30,29,1
S01008368,Economically active: Unemployed (1),16,15,1
S01008368,Economically inactive,180,172,8
S01008369,All people aged 16 and over,421,401,20
S01008369,Economically active: Total,268,253,15
S01008369,Economically active: Employee: Total,227,215,12
S01008369,Economically active: Employee: Part-time (1),64,62,2
S01008369,Economically active: Employee: Full-time (1),163,153,10
S01008369,Economically active: Self-employed: Total,23,22,1
S01008369,Economically active: Self-employed: Part-time (1),7,6,1
S01008369,Economically active: Self-employed: Full-time (1),16,16,0
S01008369,Economically active: Unemployed (1),18,16,2
S01008369,Economically inactive,153,148,5
S01008370,All people aged 16 and over,553,520,33
S01008370,Economically active: Total,373,347,26
S01008370,Economically active: Employee: Total,288,266,22
S01008370,Economically active: Employee: Part-time (1),90,84,6
S01008370,Economically active: Employee: Full-time (1),198,182,16
S01008370,Economically active: Self-employed: Total,64,60,4
S01008370,Economically active: Self-employed: Part-time (1),17,15,2
S01008370,Economically active: Self-employed: Full-time (1),47,45,2
S01008370,Economically active: Unemployed (1),21,21,0
S01008370,Economically inactive,180,173,7
S01008371,All people aged 16 and over,618,590,28
S01008371,Economically active: Total,404,389,15
S01008371,Economically active: Employee: Total,340,330,10
S01008371,Economically active: Employee: Part-time (1),116,113,3
S01008371,Economically active: Employee: Full-time (1),224,217,7
S01008371,Economically active: Self-employed: Total,49,45,4
S01008371,Economically active: Self-employed: Part-time (1),19,17,2
S01008371,Economically active: Self-employed: Full-time (1),30,28,2
S01008371,Economically active: Unemployed (1),15,14,1
S01008371,Economically inactive,214,201,13
S01008372,All people aged 16 and over,613,575,38
S01008372,Economically active: Total,412,389,23
S01008372,Economically active: Employee: Total,355,337,18
S01008372,Economically active: Employee: Part-time (1),115,111,4
S01008372,Economically active: Employee: Full-time (1),240,226,14
S01008372,Economically active: Self-employed: Total,39,35,4
S01008372,Economically active: Self-employed: Part-time (1),7,6,1
S01008372,Economically active: Self-employed: Full-time (1),32,29,3
S01008372,Economically active: Unemployed (1),18,17,1
S01008372,Economically inactive,201,186,15
S01008373,All people aged 16 and over,614,588,26
S01008373,Economically active: Total,437,418,19
S01008373,Economically active: Employee: Total,378,362,16
S01008373,Economically active: Employee: Part-time (1),128,125,3
S01008373,Economically active: Employee: Full-time (1),250,237,13
S01008373,Economically active: Self-employed: Total,39,38,1
S01008373,Economically active: Self-employed: Part-time (1),14,13,1
S01008373,Economically active: Self-employed: Full-time (1),25,25,0
S01008373,Economically active: Unemployed (1),20,18,2
S01008373,Economically inactive,177,170,7
S01008374,All people aged 16 and over,558,538,20
S01008374,Economically active: Total,370,357,13
S01008374,Economically active: Employee: Total,322,311,11
S01008374,Economically active: Employee: Part-time (1),111,109,2
S01008374,Economically active: Employee: Full-time (1),211,202,9
S01008374,Economically active: Self-employed: Total,40,38,2
S01008374,Economically active: Self-employed: Part-time (1),10,10,0
S01008374,Economically active: Self-employed: Full-time (1),30,28,2
S01008374,Economically active: Unemployed (1),8,8,0
S01008374,Economically inactive,188,181,7
S01008375,All people aged 16 and over,633,605,28
S01008375,Economically active: Total,418,397,21
S01008375,Economically active: Employee: Total,356,337,19
S01008375,Economically active: Employee: Part-time (1),129,122,7
S01008375,Economically active: Employee: Full-time (1),227,215,12
S01008375,Economically active: Self-employed: Total,46,45,1
S01008375,Economically active: Self-employed: Part-time (1),11,11,0
S01008375,Economically active: Self-employed: Full-time (1),35,34,1
S01008375,Economically active: Unemployed (1),16,15,1
S01008375,Economically inactive,215,208,7
S01008376,All people aged 16 and over,415,404,11
S01008376,Economically active: Total,284,277,7
S01008376,Economically active: Employee: Total,222,216,6
S01008376,Economically active: Employee: Part-time (1),65,63,2
S01008376,Economically active: Employee: Full-time (1),157,153,4
S01008376,Economically active: Self-employed: Total,43,42,1
S01008376,Economically active: Self-employed: Part-time (1),16,16,0
S01008376,Economically active: Self-employed: Full-time (1),27,26,1
S01008376,Economically active: Unemployed (1),19,19,0
S01008376,Economically inactive,131,127,4
S01008377,All people aged 16 and over,584,550,34
S01008377,Economically active: Total,404,386,18
S01008377,Economically active: Employee: Total,332,320,12
S01008377,Economically active: Employee: Part-time (1),96,91,5
S01008377,Economically active: Employee: Full-time (1),236,229,7
S01008377,Economically active: Self-employed: Total,50,45,5
S01008377,Economically active: Self-employed: Part-time (1),9,7,2
S01008377,Economically active: Self-employed: Full-time (1),41,38,3
S01008377,Economically active: Unemployed (1),22,21,1
S01008377,Economically inactive,180,164,16
S01008378,All people aged 16 and over,811,763,48
S01008378,Economically active: Total,494,462,32
S01008378,Economically active: Employee: Total,406,382,24
S01008378,Economically active: Employee: Part-time (1),119,116,3
S01008378,Economically active: Employee: Full-time (1),287,266,21
S01008378,Economically active: Self-employed: Total,72,64,8
S01008378,Economically active: Self-employed: Part-time (1),20,18,2
S01008378,Economically active: Self-employed: Full-time (1),52,46,6
S01008378,Economically active: Unemployed (1),16,16,0
S01008378,Economically inactive,317,301,16
S01008379,All people aged 16 and over,434,419,15
S01008379,Economically active: Total,238,232,6
S01008379,Economically active: Employee: Total,191,187,4
S01008379,Economically active: Employee: Part-time (1),66,65,1
S01008379,Economically active: Employee: Full-time (1),125,122,3
S01008379,Economically active: Self-employed: Total,30,30,0
S01008379,Economically active: Self-employed: Part-time (1),8,8,0
S01008379,Economically active: Self-employed: Full-time (1),22,22,0
S01008379,Economically active: Unemployed (1),17,15,2
S01008379,Economically inactive,196,187,9
S01008380,All people aged 16 and over,512,491,21
S01008380,Economically active: Total,354,337,17
S01008380,Economically active: Employee: Total,292,278,14
S01008380,Economically active: Employee: Part-time (1),100,97,3
S01008380,Economically active: Employee: Full-time (1),192,181,11
S01008380,Economically active: Self-employed: Total,45,42,3
S01008380,Economically active: Self-employed: Part-time (1),13,12,1
S01008380,Economically active: Self-employed: Full-time (1),32,30,2
S01008380,Economically active: Unemployed (1),17,17,0
S01008380,Economically inactive,158,154,4
S01008381,All people aged 16 and over,489,466,23
S01008381,Economically active: Total,370,353,17
S01008381,Economically active: Employee: Total,305,292,13
S01008381,Economically active: Employee: Part-time (1),96,89,7
S01008381,Economically active: Employee: Full-time (1),209,203,6
S01008381,Economically active: Self-employed: Total,54,50,4
S01008381,Economically active: Self-employed: Part-time (1),16,14,2
S01008381,Economically active: Self-employed: Full-time (1),38,36,2
S01008381,Economically active: Unemployed (1),11,11,0
S01008381,Economically inactive,119,113,6
S01008382,All people aged 16 and over,502,489,13
S01008382,Economically active: Total,310,305,5
S01008382,Economically active: Employee: Total,255,250,5
S01008382,Economically active: Employee: Part-time (1),80,79,1
S01008382,Economically active: Employee: Full-time (1),175,171,4
S01008382,Economically active: Self-employed: Total,43,43,0
S01008382,Economically active: Self-employed: Part-time (1),16,16,0
S01008382,Economically active: Self-employed: Full-time (1),27,27,0
S01008382,Economically active: Unemployed (1),12,12,0
S01008382,Economically inactive,192,184,8
S01008383,All people aged 16 and over,378,361,17
S01008383,Economically active: Total,265,251,14
S01008383,Economically active: Employee: Total,214,203,11
S01008383,Economically active: Employee: Part-time (1),64,62,2
S01008383,Economically active: Employee: Full-time (1),150,141,9
S01008383,Economically active: Self-employed: Total,35,33,2
S01008383,Economically active: Self-employed: Part-time (1),10,9,1
S01008383,Economically active: Self-employed: Full-time (1),25,24,1
S01008383,Economically active: Unemployed (1),16,15,1
S01008383,Economically inactive,113,110,3
S01008384,All people aged 16 and over,779,753,26
S01008384,Economically active: Total,521,507,14
S01008384,Economically active: Employee: Total,454,443,11
S01008384,Economically active: Employee: Part-time (1),136,132,4
S01008384,Economically active: Employee: Full-time (1),318,311,7
S01008384,Economically active: Self-employed: Total,49,46,3
S01008384,Economically active: Self-employed: Part-time (1),13,13,0
S01008384,Economically active: Self-employed: Full-time (1),36,33,3
S01008384,Economically active: Unemployed (1),18,18,0
S01008384,Economically inactive,258,246,12
S01008385,All people aged 16 and over,542,518,24
S01008385,Economically active: Total,332,315,17
S01008385,Economically active: Employee: Total,260,252,8
S01008385,Economically active: Employee: Part-time (1),79,77,2
S01008385,Economically active: Employee: Full-time (1),181,175,6
S01008385,Economically active: Self-employed: Total,57,51,6
S01008385,Economically active: Self-employed: Part-time (1),9,6,3
S01008385,Economically active: Self-employed: Full-time (1),48,45,3
S01008385,Economically active: Unemployed (1),15,12,3
S01008385,Economically inactive,210,203,7
S01008386,All people aged 16 and over,661,633,28
S01008386,Economically active: Total,446,432,14
S01008386,Economically active: Employee: Total,378,367,11
S01008386,Economically active: Employee: Part-time (1),112,107,5
S01008386,Economically active: Employee: Full-time (1),266,260,6
S01008386,Economically active: Self-employed: Total,45,43,2
S01008386,Economically active: Self-employed: Part-time (1),13,12,1
S01008386,Economically active: Self-employed: Full-time (1),32,31,1
S01008386,Economically active: Unemployed (1),23,22,1
S01008386,Economically inactive,215,201,14
S01008387,All people aged 16 and over,476,456,20
S01008387,Economically active: Total,342,327,15
S01008387,Economically active: Employee: Total,297,287,10
S01008387,Economically active: Employee: Part-time (1),83,82,1
S01008387,Economically active: Employee: Full-time (1),214,205,9
S01008387,Economically active: Self-employed: Total,32,30,2
S01008387,Economically active: Self-employed: Part-time (1),11,11,0
S01008387,Economically active: Self-employed: Full-time (1),21,19,2
S01008387,Economically active: Unemployed (1),13,10,3
S01008387,Economically inactive,134,129,5
S01008388,All people aged 16 and over,488,472,16
S01008388,Economically active: Total,381,368,13
S01008388,Economically active: Employee: Total,326,313,13
S01008388,Economically active: Employee: Part-time (1),92,87,5
S01008388,Economically active: Employee: Full-time (1),234,226,8
S01008388,Economically active: Self-employed: Total,41,41,0
S01008388,Economically active: Self-employed: Part-time (1),8,8,0
S01008388,Economically active: Self-employed: Full-time (1),33,33,0
S01008388,Economically active: Unemployed (1),14,14,0
S01008388,Economically inactive,107,104,3
S01008389,All people aged 16 and over,570,549,21
S01008389,Economically active: Total,218,207,11
S01008389,Economically active: Employee: Total,173,164,9
S01008389,Economically active: Employee: Part-time (1),48,45,3
S01008389,Economically active: Employee: Full-time (1),125,119,6
S01008389,Economically active: Self-employed: Total,39,37,2
S01008389,Economically active: Self-employed: Part-time (1),14,14,0
S01008389,Economically active: Self-employed: Full-time (1),25,23,2
S01008389,Economically active: Unemployed (1),6,6,0
S01008389,Economically inactive,352,342,10
S01008390,All people aged 16 and over,515,508,7
S01008390,Economically active: Total,327,321,6
S01008390,Economically active: Employee: Total,269,264,5
S01008390,Economically active: Employee: Part-time (1),81,79,2
S01008390,Economically active: Employee: Full-time (1),188,185,3
S01008390,Economically active: Self-employed: Total,45,44,1
S01008390,Economically active: Self-employed: Part-time (1),14,14,0
S01008390,Economically active: Self-employed: Full-time (1),31,30,1
S01008390,Economically active: Unemployed (1),13,13,0
S01008390,Economically inactive,188,187,1
S01008391,All people aged 16 and over,627,591,36
S01008391,Economically active: Total,333,309,24
S01008391,Economically active: Employee: Total,273,257,16
S01008391,Economically active: Employee: Part-time (1),82,80,2
S01008391,Economically active: Employee: Full-time (1),191,177,14
S01008391,Economically active: Self-employed: Total,41,35,6
S01008391,Economically active: Self-employed: Part-time (1),16,14,2
S01008391,Economically active: Self-employed: Full-time (1),25,21,4
S01008391,Economically active: Unemployed (1),19,17,2
S01008391,Economically inactive,294,282,12
S01008392,All people aged 16 and over,707,682,25
S01008392,Economically active: Total,500,483,17
S01008392,Economically active: Employee: Total,421,407,14
S01008392,Economically active: Employee: Part-time (1),127,123,4
S01008392,Economically active: Employee: Full-time (1),294,284,10
S01008392,Economically active: Self-employed: Total,65,63,2
S01008392,Economically active: Self-employed: Part-time (1),20,19,1
S01008392,Economically active: Self-employed: Full-time (1),45,44,1
S01008392,Economically active: Unemployed (1),14,13,1
S01008392,Economically inactive,207,199,8
S01008393,All people aged 16 and over,669,634,35
S01008393,Economically active: Total,358,339,19
S01008393,Economically active: Employee: Total,296,280,16
S01008393,Economically active: Employee: Part-time (1),97,93,4
S01008393,Economically active: Employee: Full-time (1),199,187,12
S01008393,Economically active: Self-employed: Total,49,47,2
S01008393,Economically active: Self-employed: Part-time (1),18,17,1
S01008393,Economically active: Self-employed: Full-time (1),31,30,1
S01008393,Economically active: Unemployed (1),13,12,1
S01008393,Economically inactive,311,295,16
S01008394,All people aged 16 and over,600,564,36
S01008394,Economically active: Total,415,391,24
S01008394,Economically active: Employee: Total,343,328,15
S01008394,Economically active: Employee: Part-time (1),99,96,3
S01008394,Economically active: Employee: Full-time (1),244,232,12
S01008394,Economically active: Self-employed: Total,62,53,9
S01008394,Economically active: Self-employed: Part-time (1),20,15,5
S01008394,Economically active: Self-employed: Full-time (1),42,38,4
S01008394,Economically active: Unemployed (1),10,10,0
S01008394,Economically inactive,185,173,12
S01008395,All people aged 16 and over,413,381,32
S01008395,Economically active: Total,303,279,24
S01008395,Economically active: Employee: Total,269,254,15
S01008395,Economically active: Employee: Part-time (1),88,84,4
S01008395,Economically active: Employee: Full-time (1),181,170,11
S01008395,Economically active: Self-employed: Total,27,18,9
S01008395,Economically active: Self-employed: Part-time (1),8,6,2
S01008395,Economically active: Self-employed: Full-time (1),19,12,7
S01008395,Economically active: Unemployed (1),7,7,0
S01008395,Economically inactive,110,102,8
S01008396,All people aged 16 and over,554,519,35
S01008396,Economically active: Total,274,256,18
S01008396,Economically active: Employee: Total,208,198,10
S01008396,Economically active: Employee: Part-time (1),51,48,3
S01008396,Economically active: Employee: Full-time (1),157,150,7
S01008396,Economically active: Self-employed: Total,50,43,7
S01008396,Economically active: Self-employed: Part-time (1),17,15,2
S01008396,Economically active: Self-employed: Full-time (1),33,28,5
S01008396,Economically active: Unemployed (1),16,15,1
S01008396,Economically inactive,280,263,17
S01008397,All people aged 16 and over,762,721,41
S01008397,Economically active: Total,498,471,27
S01008397,Economically active: Employee: Total,408,388,20
S01008397,Economically active: Employee: Part-time (1),119,113,6
S01008397,Economically active: Employee: Full-time (1),289,275,14
S01008397,Economically active: Self-employed: Total,62,56,6
S01008397,Economically active: Self-employed: Part-time (1),21,20,1
S01008397,Economically active: Self-employed: Full-time (1),41,36,5
S01008397,Economically active: Unemployed (1),28,27,1
S01008397,Economically inactive,264,250,14
S01008398,All people aged 16 and over,479,448,31
S01008398,Economically active: Total,276,258,18
S01008398,Economically active: Employee: Total,224,213,11
S01008398,Economically active: Employee: Part-time (1),67,65,2
S01008398,Economically active: Employee: Full-time (1),157,148,9
S01008398,Economically active: Self-employed: Total,41,34,7
S01008398,Economically active: Self-employed: Part-time (1),10,9,1
S01008398,Economically active: Self-employed: Full-time (1),31,25,6
S01008398,Economically active: Unemployed (1),11,11,0
S01008398,Economically inactive,203,190,13
S01008399,All people aged 16 and over,463,416,47
S01008399,Economically active: Total,237,218,19
S01008399,Economically active: Employee: Total,191,177,14
S01008399,Economically active: Employee: Part-time (1),52,49,3
S01008399,Economically active: Employee: Full-time (1),139,128,11
S01008399,Economically active: Self-employed: Total,37,32,5
S01008399,Economically active: Self-employed: Part-time (1),14,13,1
S01008399,Economically active: Self-employed: Full-time (1),23,19,4
S01008399,Economically active: Unemployed (1),9,9,0
S01008399,Economically inactive,226,198,28
S01008400,All people aged 16 and over,536,482,54
S01008400,Economically active: Total,335,303,32
S01008400,Economically active: Employee: Total,274,253,21
S01008400,Economically active: Employee: Part-time (1),93,84,9
S01008400,Economically active: Employee: Full-time (1),181,169,12
S01008400,Economically active: Self-employed: Total,41,31,10
S01008400,Economically active: Self-employed: Part-time (1),12,8,4
S01008400,Economically active: Self-employed: Full-time (1),29,23,6
S01008400,Economically active: Unemployed (1),20,19,1
S01008400,Economically inactive,201,179,22
S01008401,All people aged 16 and over,807,742,65
S01008401,Economically active: Total,468,433,35
S01008401,Economically active: Employee: Total,388,361,27
S01008401,Economically active: Employee: Part-time (1),115,106,9
S01008401,Economically active: Employee: Full-time (1),273,255,18
S01008401,Economically active: Self-employed: Total,60,53,7
S01008401,Economically active: Self-employed: Part-time (1),20,19,1
S01008401,Economically active: Self-employed: Full-time (1),40,34,6
S01008401,Economically active: Unemployed (1),20,19,1
S01008401,Economically inactive,339,309,30
S01008402,All people aged 16 and over,900,843,57
S01008402,Economically active: Total,513,485,28
S01008402,Economically active: Employee: Total,337,322,15
S01008402,Economically active: Employee: Part-time (1),101,99,2
S01008402,Economically active: Employee: Full-time (1),236,223,13
S01008402,Economically active: Self-employed: Total,162,150,12
S01008402,Economically active: Self-employed: Part-time (1),66,61,5
S01008402,Economically active: Self-employed: Full-time (1),96,89,7
S01008402,Economically active: Unemployed (1),14,13,1
S01008402,Economically inactive,387,358,29
S01008403,All people aged 16 and over,473,454,19
S01008403,Economically active: Total,293,281,12
S01008403,Economically active: Employee: Total,227,219,8
S01008403,Economically active: Employee: Part-time (1),82,79,3
S01008403,Economically active: Employee: Full-time (1),145,140,5
S01008403,Economically active: Self-employed: Total,54,50,4
S01008403,Economically active: Self-employed: Part-time (1),9,9,0
S01008403,Economically active: Self-employed: Full-time (1),45,41,4
S01008403,Economically active: Unemployed (1),12,12,0
S01008403,Economically inactive,180,173,7
S01008404,All people aged 16 and over,799,763,36
S01008404,Economically active: Total,431,411,20
S01008404,Economically active: Employee: Total,339,321,18
S01008404,Economically active: Employee: Part-time (1),102,95,7
S01008404,Economically active: Employee: Full-time (1),237,226,11
S01008404,Economically active: Self-employed: Total,77,75,2
S01008404,Economically active: Self-employed: Part-time (1),22,22,0
S01008404,Economically active: Self-employed: Full-time (1),55,53,2
S01008404,Economically active: Unemployed (1),15,15,0
S01008404,Economically inactive,368,352,16
S01008405,All people aged 16 and over,584,560,24
S01008405,Economically active: Total,407,390,17
S01008405,Economically active: Employee: Total,293,283,10
S01008405,Economically active: Employee: Part-time (1),99,92,7
S01008405,Economically active: Employee: Full-time (1),194,191,3
S01008405,Economically active: Self-employed: Total,96,91,5
S01008405,Economically active: Self-employed: Part-time (1),29,27,2
S01008405,Economically active: Self-employed: Full-time (1),67,64,3
S01008405,Economically active: Unemployed (1),18,16,2
S01008405,Economically inactive,177,170,7
S01008406,All people aged 16 and over,791,743,48
S01008406,Economically active: Total,392,371,21
S01008406,Economically active: Employee: Total,306,291,15
S01008406,Economically active: Employee: Part-time (1),87,82,5
S01008406,Economically active: Employee: Full-time (1),219,209,10
S01008406,Economically active: Self-employed: Total,67,63,4
S01008406,Economically active: Self-employed: Part-time (1),27,25,2
S01008406,Economically active: Self-employed: Full-time (1),40,38,2
S01008406,Economically active: Unemployed (1),19,17,2
S01008406,Economically inactive,399,372,27
S01008407,All people aged 16 and over,456,430,26
S01008407,Economically active: Total,226,217,9
S01008407,Economically active: Employee: Total,184,177,7
S01008407,Economically active: Employee: Part-time (1),51,49,2
S01008407,Economically active: Employee: Full-time (1),133,128,5
S01008407,Economically active: Self-employed: Total,31,29,2
S01008407,Economically active: Self-employed: Part-time (1),7,7,0
S01008407,Economically active: Self-employed: Full-time (1),24,22,2
S01008407,Economically active: Unemployed (1),11,11,0
S01008407,Economically inactive,230,213,17
S01008408,All people aged 16 and over,512,484,28
S01008408,Economically active: Total,368,351,17
S01008408,Economically active: Employee: Total,299,287,12
S01008408,Economically active: Employee: Part-time (1),96,92,4
S01008408,Economically active: Employee: Full-time (1),203,195,8
S01008408,Economically active: Self-employed: Total,44,40,4
S01008408,Economically active: Self-employed: Part-time (1),12,11,1
S01008408,Economically active: Self-employed: Full-time (1),32,29,3
S01008408,Economically active: Unemployed (1),25,24,1
S01008408,Economically inactive,144,133,11
S01008409,All people aged 16 and over,719,679,40
S01008409,Economically active: Total,417,399,18
S01008409,Economically active: Employee: Total,351,336,15
S01008409,Economically active: Employee: Part-time (1),102,96,6
S01008409,Economically active: Employee: Full-time (1),249,240,9
S01008409,Economically active: Self-employed: Total,28,26,2
S01008409,Economically active: Self-employed: Part-time (1),10,9,1
S01008409,Economically active: Self-employed: Full-time (1),18,17,1
S01008409,Economically active: Unemployed (1),38,37,1
S01008409,Economically inactive,302,280,22
S01008410,All people aged 16 and over,495,425,70
S01008410,Economically active: Total,261,218,43
S01008410,Economically active: Employee: Total,196,173,23
S01008410,Economically active: Employee: Part-time (1),60,48,12
S01008410,Economically active: Employee: Full-time (1),136,125,11
S01008410,Economically active: Self-employed: Total,44,30,14
S01008410,Economically active: Self-employed: Part-time (1),8,4,4
S01008410,Economically active: Self-employed: Full-time (1),36,26,10
S01008410,Economically active: Unemployed (1),21,15,6
S01008410,Economically inactive,234,207,27
S01008411,All people aged 16 and over,500,473,27
S01008411,Economically active: Total,332,318,14
S01008411,Economically active: Employee: Total,275,265,10
S01008411,Economically active: Employee: Part-time (1),88,85,3
S01008411,Economically active: Employee: Full-time (1),187,180,7
S01008411,Economically active: Self-employed: Total,41,37,4
S01008411,Economically active: Self-employed: Part-time (1),12,12,0
S01008411,Economically active: Self-employed: Full-time (1),29,25,4
S01008411,Economically active: Unemployed (1),16,16,0
S01008411,Economically inactive,168,155,13
S01008412,All people aged 16 and over,561,527,34
S01008412,Economically active: Total,347,327,20
S01008412,Economically active: Employee: Total,283,271,12
S01008412,Economically active: Employee: Part-time (1),101,97,4
S01008412,Economically active: Employee: Full-time (1),182,174,8
S01008412,Economically active: Self-employed: Total,43,36,7
S01008412,Economically active: Self-employed: Part-time (1),11,8,3
S01008412,Economically active: Self-employed: Full-time (1),32,28,4
S01008412,Economically active: Unemployed (1),21,20,1
S01008412,Economically inactive,214,200,14
S01008413,All people aged 16 and over,442,408,34
S01008413,Economically active: Total,283,262,21
S01008413,Economically active: Employee: Total,224,210,14
S01008413,Economically active: Employee: Part-time (1),73,69,4
S01008413,Economically active: Employee: Full-time (1),151,141,10
S01008413,Economically active: Self-employed: Total,41,35,6
S01008413,Economically active: Self-employed: Part-time (1),14,13,1
S01008413,Economically active: Self-employed: Full-time (1),27,22,5
S01008413,Economically active: Unemployed (1),18,17,1
S01008413,Economically inactive,159,146,13
S01008414,All people aged 16 and over,361,324,37
S01008414,Economically active: Total,232,208,24
S01008414,Economically active: Employee: Total,185,166,19
S01008414,Economically active: Employee: Part-time (1),58,53,5
S01008414,Economically active: Employee: Full-time (1),127,113,14
S01008414,Economically active: Self-employed: Total,34,31,3
S01008414,Economically active: Self-employed: Part-time (1),7,6,1
S01008414,Economically active: Self-employed: Full-time (1),27,25,2
S01008414,Economically active: Unemployed (1),13,11,2
S01008414,Economically inactive,129,116,13
S01008415,All people aged 16 and over,680,617,63
S01008415,Economically active: Total,468,422,46
S01008415,Economically active: Employee: Total,383,352,31
S01008415,Economically active: Employee: Part-time (1),123,107,16
S01008415,Economically active: Employee: Full-time (1),260,245,15
S01008415,Economically active: Self-employed: Total,52,40,12
S01008415,Economically active: Self-employed: Part-time (1),18,14,4
S01008415,Economically active: Self-employed: Full-time (1),34,26,8
S01008415,Economically active: Unemployed (1),33,30,3
S01008415,Economically inactive,212,195,17
S01008416,All people aged 16 and over,780,718,62
S01008416,Economically active: Total,491,462,29
S01008416,Economically active: Employee: Total,386,368,18
S01008416,Economically active: Employee: Part-time (1),116,111,5
S01008416,Economically active: Employee: Full-time (1),270,257,13
S01008416,Economically active: Self-employed: Total,46,38,8
S01008416,Economically active: Self-employed: Part-time (1),8,6,2
S01008416,Economically active: Self-employed: Full-time (1),38,32,6
S01008416,Economically active: Unemployed (1),59,56,3
S01008416,Economically inactive,289,256,33
S01008417,All people aged 16 and over,586,544,42
S01008417,Economically active: Total,363,336,27
S01008417,Economically active: Employee: Total,288,268,20
S01008417,Economically active: Employee: Part-time (1),101,95,6
S01008417,Economically active: Employee: Full-time (1),187,173,14
S01008417,Economically active: Self-employed: Total,65,58,7
S01008417,Economically active: Self-employed: Part-time (1),28,24,4
S01008417,Economically active: Self-employed: Full-time (1),37,34,3
S01008417,Economically active: Unemployed (1),10,10,0
S01008417,Economically inactive,223,208,15
S01008418,All people aged 16 and over,584,539,45
S01008418,Economically active: Total,386,353,33
S01008418,Economically active: Employee: Total,323,297,26
S01008418,Economically active: Employee: Part-time (1),98,88,10
S01008418,Economically active: Employee: Full-time (1),225,209,16
S01008418,Economically active: Self-employed: Total,55,50,5
S01008418,Economically active: Self-employed: Part-time (1),18,16,2
S01008418,Economically active: Self-employed: Full-time (1),37,34,3
S01008418,Economically active: Unemployed (1),8,6,2
S01008418,Economically inactive,198,186,12
S01008419,All people aged 16 and over,373,351,22
S01008419,Economically active: Total,250,234,16
S01008419,Economically active: Employee: Total,199,192,7
S01008419,Economically active: Employee: Part-time (1),69,65,4
S01008419,Economically active: Employee: Full-time (1),130,127,3
S01008419,Economically active: Self-employed: Total,43,35,8
S01008419,Economically active: Self-employed: Part-time (1),14,14,0
S01008419,Economically active: Self-employed: Full-time (1),29,21,8
S01008419,Economically active: Unemployed (1),8,7,1
S01008419,Economically inactive,123,117,6
S01008420,All people aged 16 and over,396,364,32
S01008420,Economically active: Total,249,233,16
S01008420,Economically active: Employee: Total,214,202,12
S01008420,Economically active: Employee: Part-time (1),67,64,3
S01008420,Economically active: Employee: Full-time (1),147,138,9
S01008420,Economically active: Self-employed: Total,26,22,4
S01008420,Economically active: Self-employed: Part-time (1),12,8,4
S01008420,Economically active: Self-employed: Full-time (1),14,14,0
S01008420,Economically active: Unemployed (1),9,9,0
S01008420,Economically inactive,147,131,16
S01008421,All people aged 16 and over,687,645,42
S01008421,Economically active: Total,465,438,27
S01008421,Economically active: Employee: Total,393,369,24
S01008421,Economically active: Employee: Part-time (1),112,103,9
S01008421,Economically active: Employee: Full-time (1),281,266,15
S01008421,Economically active: Self-employed: Total,38,36,2
S01008421,Economically active: Self-employed: Part-time (1),10,10,0
S01008421,Economically active: Self-employed: Full-time (1),28,26,2
S01008421,Economically active: Unemployed (1),34,33,1
S01008421,Economically inactive,222,207,15
S01008422,All people aged 16 and over,490,460,30
S01008422,Economically active: Total,273,258,15
S01008422,Economically active: Employee: Total,220,207,13
S01008422,Economically active: Employee: Part-time (1),75,70,5
S01008422,Economically active: Employee: Full-time (1),145,137,8
S01008422,Economically active: Self-employed: Total,51,49,2
S01008422,Economically active: Self-employed: Part-time (1),18,17,1
S01008422,Economically active: Self-employed: Full-time (1),33,32,1
S01008422,Economically active: Unemployed (1),2,2,0
S01008422,Economically inactive,217,202,15
S01008423,All people aged 16 and over,826,760,66
S01008423,Economically active: Total,517,480,37
S01008423,Economically active: Employee: Total,395,365,30
S01008423,Economically active: Employee: Part-time (1),113,107,6
S01008423,Economically active: Employee: Full-time (1),282,258,24
S01008423,Economically active: Self-employed: Total,95,88,7
S01008423,Economically active: Self-employed: Part-time (1),31,29,2
S01008423,Economically active: Self-employed: Full-time (1),64,59,5
S01008423,Economically active: Unemployed (1),27,27,0
S01008423,Economically inactive,309,280,29
S01008424,All people aged 16 and over,698,660,38
S01008424,Economically active: Total,346,326,20
S01008424,Economically active: Employee: Total,279,265,14
S01008424,Economically active: Employee: Part-time (1),99,94,5
S01008424,Economically active: Employee: Full-time (1),180,171,9
S01008424,Economically active: Self-employed: Total,55,51,4
S01008424,Economically active: Self-employed: Part-time (1),20,19,1
S01008424,Economically active: Self-employed: Full-time (1),35,32,3
S01008424,Economically active: Unemployed (1),12,10,2
S01008424,Economically inactive,352,334,18
S01008425,All people aged 16 and over,2308,1404,904
S01008425,Economically active: Total,861,699,162
S01008425,Economically active: Employee: Total,612,531,81
S01008425,Economically active: Employee: Part-time (1),297,252,45
S01008425,Economically active: Employee: Full-time (1),315,279,36
S01008425,Economically active: Self-employed: Total,70,63,7
S01008425,Economically active: Self-employed: Part-time (1),27,23,4
S01008425,Economically active: Self-employed: Full-time (1),43,40,3
S01008425,Economically active: Unemployed (1),179,105,74
S01008425,Economically inactive,1447,705,742
S01008426,All people aged 16 and over,482,455,27
S01008426,Economically active: Total,274,254,20
S01008426,Economically active: Employee: Total,232,215,17
S01008426,Economically active: Employee: Part-time (1),69,63,6
S01008426,Economically active: Employee: Full-time (1),163,152,11
S01008426,Economically active: Self-employed: Total,24,22,2
S01008426,Economically active: Self-employed: Part-time (1),6,5,1
S01008426,Economically active: Self-employed: Full-time (1),18,17,1
S01008426,Economically active: Unemployed (1),18,17,1
S01008426,Economically inactive,208,201,7
S01008427,All people aged 16 and over,868,822,46
S01008427,Economically active: Total,671,638,33
S01008427,Economically active: Employee: Total,570,544,26
S01008427,Economically active: Employee: Part-time (1),171,162,9
S01008427,Economically active: Employee: Full-time (1),399,382,17
S01008427,Economically active: Self-employed: Total,78,74,4
S01008427,Economically active: Self-employed: Part-time (1),28,27,1
S01008427,Economically active: Self-employed: Full-time (1),50,47,3
S01008427,Economically active: Unemployed (1),23,20,3
S01008427,Economically inactive,197,184,13
S01008428,All people aged 16 and over,561,529,32
S01008428,Economically active: Total,317,299,18
S01008428,Economically active: Employee: Total,269,254,15
S01008428,Economically active: Employee: Part-time (1),76,72,4
S01008428,Economically active: Employee: Full-time (1),193,182,11
S01008428,Economically active: Self-employed: Total,34,33,1
S01008428,Economically active: Self-employed: Part-time (1),8,8,0
S01008428,Economically active: Self-employed: Full-time (1),26,25,1
S01008428,Economically active: Unemployed (1),14,12,2
S01008428,Economically inactive,244,230,14
S01008429,All people aged 16 and over,707,674,33
S01008429,Economically active: Total,407,389,18
S01008429,Economically active: Employee: Total,353,336,17
S01008429,Economically active: Employee: Part-time (1),111,105,6
S01008429,Economically active: Employee: Full-time (1),242,231,11
S01008429,Economically active: Self-employed: Total,41,41,0
S01008429,Economically active: Self-employed: Part-time (1),13,13,0
S01008429,Economically active: Self-employed: Full-time (1),28,28,0
S01008429,Economically active: Unemployed (1),13,12,1
S01008429,Economically inactive,300,285,15
S01008430,All people aged 16 and over,555,514,41
S01008430,Economically active: Total,330,297,33
S01008430,Economically active: Employee: Total,270,244,26
S01008430,Economically active: Employee: Part-time (1),87,75,12
S01008430,Economically active: Employee: Full-time (1),183,169,14
S01008430,Economically active: Self-employed: Total,34,30,4
S01008430,Economically active: Self-employed: Part-time (1),8,8,0
S01008430,Economically active: Self-employed: Full-time (1),26,22,4
S01008430,Economically active: Unemployed (1),26,23,3
S01008430,Economically inactive,225,217,8
S01008431,All people aged 16 and over,698,675,23
S01008431,Economically active: Total,406,391,15
S01008431,Economically active: Employee: Total,349,340,9
S01008431,Economically active: Employee: Part-time (1),119,116,3
S01008431,Economically active: Employee: Full-time (1),230,224,6
S01008431,Economically active: Self-employed: Total,41,37,4
S01008431,Economically active: Self-employed: Part-time (1),16,14,2
S01008431,Economically active: Self-employed: Full-time (1),25,23,2
S01008431,Economically active: Unemployed (1),16,14,2
S01008431,Economically inactive,292,284,8
S01008432,All people aged 16 and over,590,564,26
S01008432,Economically active: Total,320,302,18
S01008432,Economically active: Employee: Total,256,241,15
S01008432,Economically active: Employee: Part-time (1),88,85,3
S01008432,Economically active: Employee: Full-time (1),168,156,12
S01008432,Economically active: Self-employed: Total,46,43,3
S01008432,Economically active: Self-employed: Part-time (1),21,19,2
S01008432,Economically active: Self-employed: Full-time (1),25,24,1
S01008432,Economically active: Unemployed (1),18,18,0
S01008432,Economically inactive,270,262,8
S01008433,All people aged 16 and over,685,650,35
S01008433,Economically active: Total,461,437,24
S01008433,Economically active: Employee: Total,395,376,19
S01008433,Economically active: Employee: Part-time (1),124,120,4
S01008433,Economically active: Employee: Full-time (1),271,256,15
S01008433,Economically active: Self-employed: Total,56,52,4
S01008433,Economically active: Self-employed: Part-time (1),15,15,0
S01008433,Economically active: Self-employed: Full-time (1),41,37,4
S01008433,Economically active: Unemployed (1),10,9,1
S01008433,Economically inactive,224,213,11
S01008434,All people aged 16 and over,661,621,40
S01008434,Economically active: Total,437,408,29
S01008434,Economically active: Employee: Total,365,347,18
S01008434,Economically active: Employee: Part-time (1),103,93,10
S01008434,Economically active: Employee: Full-time (1),262,254,8
S01008434,Economically active: Self-employed: Total,50,41,9
S01008434,Economically active: Self-employed: Part-time (1),19,15,4
S01008434,Economically active: Self-employed: Full-time (1),31,26,5
S01008434,Economically active: Unemployed (1),22,20,2
S01008434,Economically inactive,224,213,11
S01008435,All people aged 16 and over,652,602,50
S01008435,Economically active: Total,376,342,34
S01008435,Economically active: Employee: Total,329,305,24
S01008435,Economically active: Employee: Part-time (1),98,90,8
S01008435,Economically active: Employee: Full-time (1),231,215,16
S01008435,Economically active: Self-employed: Total,39,29,10
S01008435,Economically active: Self-employed: Part-time (1),8,6,2
S01008435,Economically active: Self-employed: Full-time (1),31,23,8
S01008435,Economically active: Unemployed (1),8,8,0
S01008435,Economically inactive,276,260,16
S01008436,All people aged 16 and over,723,675,48
S01008436,Economically active: Total,432,400,32
S01008436,Economically active: Employee: Total,350,322,28
S01008436,Economically active: Employee: Part-time (1),104,100,4
S01008436,Economically active: Employee: Full-time (1),246,222,24
S01008436,Economically active: Self-employed: Total,62,59,3
S01008436,Economically active: Self-employed: Part-time (1),15,14,1
S01008436,Economically active: Self-employed: Full-time (1),47,45,2
S01008436,Economically active: Unemployed (1),20,19,1
S01008436,Economically inactive,291,275,16
S01008437,All people aged 16 and over,606,552,54
S01008437,Economically active: Total,371,331,40
S01008437,Economically active: Employee: Total,299,269,30
S01008437,Economically active: Employee: Part-time (1),74,69,5
S01008437,Economically active: Employee: Full-time (1),225,200,25
S01008437,Economically active: Self-employed: Total,52,46,6
S01008437,Economically active: Self-employed: Part-time (1),13,11,2
S01008437,Economically active: Self-employed: Full-time (1),39,35,4
S01008437,Economically active: Unemployed (1),20,16,4
S01008437,Economically inactive,235,221,14
S01008438,All people aged 16 and over,363,331,32
S01008438,Economically active: Total,251,225,26
S01008438,Economically active: Employee: Total,199,176,23
S01008438,Economically active: Employee: Part-time (1),54,52,2
S01008438,Economically active: Employee: Full-time (1),145,124,21
S01008438,Economically active: Self-employed: Total,48,46,2
S01008438,Economically active: Self-employed: Part-time (1),11,11,0
S01008438,Economically active: Self-employed: Full-time (1),37,35,2
S01008438,Economically active: Unemployed (1),4,3,1
S01008438,Economically inactive,112,106,6
S01008439,All people aged 16 and over,848,776,72
S01008439,Economically active: Total,544,495,49
S01008439,Economically active: Employee: Total,451,411,40
S01008439,Economically active: Employee: Part-time (1),132,125,7
S01008439,Economically active: Employee: Full-time (1),319,286,33
S01008439,Economically active: Self-employed: Total,81,74,7
S01008439,Economically active: Self-employed: Part-time (1),26,22,4
S01008439,Economically active: Self-employed: Full-time (1),55,52,3
S01008439,Economically active: Unemployed (1),12,10,2
S01008439,Economically inactive,304,281,23
S01008440,All people aged 16 and over,808,748,60
S01008440,Economically active: Total,460,425,35
S01008440,Economically active: Employee: Total,360,339,21
S01008440,Economically active: Employee: Part-time (1),93,88,5
S01008440,Economically active: Employee: Full-time (1),267,251,16
S01008440,Economically active: Self-employed: Total,85,74,11
S01008440,Economically active: Self-employed: Part-time (1),40,35,5
S01008440,Economically active: Self-employed: Full-time (1),45,39,6
S01008440,Economically active: Unemployed (1),15,12,3
S01008440,Economically inactive,348,323,25
S01008441,All people aged 16 and over,374,356,18
S01008441,Economically active: Total,229,220,9
S01008441,Economically active: Employee: Total,183,174,9
S01008441,Economically active: Employee: Part-time (1),60,56,4
S01008441,Economically active: Employee: Full-time (1),123,118,5
S01008441,Economically active: Self-employed: Total,41,41,0
S01008441,Economically active: Self-employed: Part-time (1),18,18,0
S01008441,Economically active: Self-employed: Full-time (1),23,23,0
S01008441,Economically active: Unemployed (1),5,5,0
S01008441,Economically inactive,145,136,9
S01008442,All people aged 16 and over,554,481,73
S01008442,Economically active: Total,403,350,53
S01008442,Economically active: Employee: Total,316,279,37
S01008442,Economically active: Employee: Part-time (1),66,59,7
S01008442,Economically active: Employee: Full-time (1),250,220,30
S01008442,Economically active: Self-employed: Total,71,58,13
S01008442,Economically active: Self-employed: Part-time (1),24,19,5
S01008442,Economically active: Self-employed: Full-time (1),47,39,8
S01008442,Economically active: Unemployed (1),16,13,3
S01008442,Economically inactive,151,131,20
S01008443,All people aged 16 and over,486,445,41
S01008443,Economically active: Total,274,246,28
S01008443,Economically active: Employee: Total,208,190,18
S01008443,Economically active: Employee: Part-time (1),57,50,7
S01008443,Economically active: Employee: Full-time (1),151,140,11
S01008443,Economically active: Self-employed: Total,50,44,6
S01008443,Economically active: Self-employed: Part-time (1),14,11,3
S01008443,Economically active: Self-employed: Full-time (1),36,33,3
S01008443,Economically active: Unemployed (1),16,12,4
S01008443,Economically inactive,212,199,13
S01008444,All people aged 16 and over,513,464,49
S01008444,Economically active: Total,357,323,34
S01008444,Economically active: Employee: Total,293,265,28
S01008444,Economically active: Employee: Part-time (1),83,76,7
S01008444,Economically active: Employee: Full-time (1),210,189,21
S01008444,Economically active: Self-employed: Total,44,39,5
S01008444,Economically active: Self-employed: Part-time (1),11,9,2
S01008444,Economically active: Self-employed: Full-time (1),33,30,3
S01008444,Economically active: Unemployed (1),20,19,1
S01008444,Economically inactive,156,141,15
S01008445,All people aged 16 and over,690,606,84
S01008445,Economically active: Total,327,279,48
S01008445,Economically active: Employee: Total,280,241,39
S01008445,Economically active: Employee: Part-time (1),84,73,11
S01008445,Economically active: Employee: Full-time (1),196,168,28
S01008445,Economically active: Self-employed: Total,32,27,5
S01008445,Economically active: Self-employed: Part-time (1),7,6,1
S01008445,Economically active: Self-employed: Full-time (1),25,21,4
S01008445,Economically active: Unemployed (1),15,11,4
S01008445,Economically inactive,363,327,36
S01008446,All people aged 16 and over,810,693,117
S01008446,Economically active: Total,410,378,32
S01008446,Economically active: Employee: Total,326,299,27
S01008446,Economically active: Employee: Part-time (1),90,82,8
S01008446,Economically active: Employee: Full-time (1),236,217,19
S01008446,Economically active: Self-employed: Total,76,71,5
S01008446,Economically active: Self-employed: Part-time (1),27,26,1
S01008446,Economically active: Self-employed: Full-time (1),49,45,4
S01008446,Economically active: Unemployed (1),8,8,0
S01008446,Economically inactive,400,315,85
S01008447,All people aged 16 and over,556,521,35
S01008447,Economically active: Total,354,329,25
S01008447,Economically active: Employee: Total,274,256,18
S01008447,Economically active: Employee: Part-time (1),78,74,4
S01008447,Economically active: Employee: Full-time (1),196,182,14
S01008447,Economically active: Self-employed: Total,67,62,5
S01008447,Economically active: Self-employed: Part-time (1),11,11,0
S01008447,Economically active: Self-employed: Full-time (1),56,51,5
S01008447,Economically active: Unemployed (1),13,11,2
S01008447,Economically inactive,202,192,10
S01008448,All people aged 16 and over,637,574,63
S01008448,Economically active: Total,386,348,38
S01008448,Economically active: Employee: Total,297,271,26
S01008448,Economically active: Employee: Part-time (1),92,86,6
S01008448,Economically active: Employee: Full-time (1),205,185,20
S01008448,Economically active: Self-employed: Total,70,60,10
S01008448,Economically active: Self-employed: Part-time (1),24,20,4
S01008448,Economically active: Self-employed: Full-time (1),46,40,6
S01008448,Economically active: Unemployed (1),19,17,2
S01008448,Economically inactive,251,226,25
S01008449,All people aged 16 and over,594,445,149
S01008449,Economically active: Total,377,263,114
S01008449,Economically active: Employee: Total,279,188,91
S01008449,Economically active: Employee: Part-time (1),89,62,27
S01008449,Economically active: Employee: Full-time (1),190,126,64
S01008449,Economically active: Self-employed: Total,31,20,11
S01008449,Economically active: Self-employed: Part-time (1),11,6,5
S01008449,Economically active: Self-employed: Full-time (1),20,14,6
S01008449,Economically active: Unemployed (1),67,55,12
S01008449,Economically inactive,217,182,35
S01008450,All people aged 16 and over,429,329,100
S01008450,Economically active: Total,254,180,74
S01008450,Economically active: Employee: Total,203,149,54
S01008450,Economically active: Employee: Part-time (1),84,60,24
S01008450,Economically active: Employee: Full-time (1),119,89,30
S01008450,Economically active: Self-employed: Total,21,10,11
S01008450,Economically active: Self-employed: Part-time (1),7,5,2
S01008450,Economically active: Self-employed: Full-time (1),14,5,9
S01008450,Economically active: Unemployed (1),30,21,9
S01008450,Economically inactive,175,149,26
S01008451,All people aged 16 and over,505,400,105
S01008451,Economically active: Total,308,236,72
S01008451,Economically active: Employee: Total,218,166,52
S01008451,Economically active: Employee: Part-time (1),98,72,26
S01008451,Economically active: Employee: Full-time (1),120,94,26
S01008451,Economically active: Self-employed: Total,14,9,5
S01008451,Economically active: Self-employed: Part-time (1),2,2,0
S01008451,Economically active: Self-employed: Full-time (1),12,7,5
S01008451,Economically active: Unemployed (1),76,61,15
S01008451,Economically inactive,197,164,33
S01008452,All people aged 16 and over,442,300,142
S01008452,Economically active: Total,275,183,92
S01008452,Economically active: Employee: Total,212,138,74
S01008452,Economically active: Employee: Part-time (1),73,48,25
S01008452,Economically active: Employee: Full-time (1),139,90,49
S01008452,Economically active: Self-employed: Total,22,15,7
S01008452,Economically active: Self-employed: Part-time (1),8,4,4
S01008452,Economically active: Self-employed: Full-time (1),14,11,3
S01008452,Economically active: Unemployed (1),41,30,11
S01008452,Economically inactive,167,117,50
S01008453,All people aged 16 and over,379,225,154
S01008453,Economically active: Total,295,167,128
S01008453,Economically active: Employee: Total,245,139,106
S01008453,Economically active: Employee: Part-time (1),63,31,32
S01008453,Economically active: Employee: Full-time (1),182,108,74
S01008453,Economically active: Self-employed: Total,26,11,15
S01008453,Economically active: Self-employed: Part-time (1),6,1,5
S01008453,Economically active: Self-employed: Full-time (1),20,10,10
S01008453,Economically active: Unemployed (1),24,17,7
S01008453,Economically inactive,84,58,26
S01008454,All people aged 16 and over,688,582,106
S01008454,Economically active: Total,426,352,74
S01008454,Economically active: Employee: Total,326,267,59
S01008454,Economically active: Employee: Part-time (1),122,92,30
S01008454,Economically active: Employee: Full-time (1),204,175,29
S01008454,Economically active: Self-employed: Total,30,21,9
S01008454,Economically active: Self-employed: Part-time (1),11,7,4
S01008454,Economically active: Self-employed: Full-time (1),19,14,5
S01008454,Economically active: Unemployed (1),70,64,6
S01008454,Economically inactive,262,230,32
S01008455,All people aged 16 and over,806,642,164
S01008455,Economically active: Total,447,353,94
S01008455,Economically active: Employee: Total,333,258,75
S01008455,Economically active: Employee: Part-time (1),94,71,23
S01008455,Economically active: Employee: Full-time (1),239,187,52
S01008455,Economically active: Self-employed: Total,31,27,4
S01008455,Economically active: Self-employed: Part-time (1),11,9,2
S01008455,Economically active: Self-employed: Full-time (1),20,18,2
S01008455,Economically active: Unemployed (1),83,68,15
S01008455,Economically inactive,359,289,70
S01008456,All people aged 16 and over,775,609,166
S01008456,Economically active: Total,467,350,117
S01008456,Economically active: Employee: Total,327,235,92
S01008456,Economically active: Employee: Part-time (1),130,84,46
S01008456,Economically active: Employee: Full-time (1),197,151,46
S01008456,Economically active: Self-employed: Total,33,23,10
S01008456,Economically active: Self-employed: Part-time (1),11,8,3
S01008456,Economically active: Self-employed: Full-time (1),22,15,7
S01008456,Economically active: Unemployed (1),107,92,15
S01008456,Economically inactive,308,259,49
S01008457,All people aged 16 and over,534,472,62
S01008457,Economically active: Total,283,243,40
S01008457,Economically active: Employee: Total,234,201,33
S01008457,Economically active: Employee: Part-time (1),59,52,7
S01008457,Economically active: Employee: Full-time (1),175,149,26
S01008457,Economically active: Self-employed: Total,11,8,3
S01008457,Economically active: Self-employed: Part-time (1),7,6,1
S01008457,Economically active: Self-employed: Full-time (1),4,2,2
S01008457,Economically active: Unemployed (1),38,34,4
S01008457,Economically inactive,251,229,22
S01008458,All people aged 16 and over,779,685,94
S01008458,Economically active: Total,516,456,60
S01008458,Economically active: Employee: Total,429,385,44
S01008458,Economically active: Employee: Part-time (1),112,101,11
S01008458,Economically active: Employee: Full-time (1),317,284,33
S01008458,Economically active: Self-employed: Total,36,28,8
S01008458,Economically active: Self-employed: Part-time (1),13,11,2
S01008458,Economically active: Self-employed: Full-time (1),23,17,6
S01008458,Economically active: Unemployed (1),51,43,8
S01008458,Economically inactive,263,229,34
S01008459,All people aged 16 and over,606,506,100
S01008459,Economically active: Total,382,311,71
S01008459,Economically active: Employee: Total,278,225,53
S01008459,Economically active: Employee: Part-time (1),88,66,22
S01008459,Economically active: Employee: Full-time (1),190,159,31
S01008459,Economically active: Self-employed: Total,21,18,3
S01008459,Economically active: Self-employed: Part-time (1),9,8,1
S01008459,Economically active: Self-employed: Full-time (1),12,10,2
S01008459,Economically active: Unemployed (1),83,68,15
S01008459,Economically inactive,224,195,29
S01008460,All people aged 16 and over,567,461,106
S01008460,Economically active: Total,344,260,84
S01008460,Economically active: Employee: Total,244,173,71
S01008460,Economically active: Employee: Part-time (1),96,63,33
S01008460,Economically active: Employee: Full-time (1),148,110,38
S01008460,Economically active: Self-employed: Total,15,11,4
S01008460,Economically active: Self-employed: Part-time (1),7,3,4
S01008460,Economically active: Self-employed: Full-time (1),8,8,0
S01008460,Economically active: Unemployed (1),85,76,9
S01008460,Economically inactive,223,201,22
S01008461,All people aged 16 and over,708,592,116
S01008461,Economically active: Total,440,358,82
S01008461,Economically active: Employee: Total,339,279,60
S01008461,Economically active: Employee: Part-time (1),101,82,19
S01008461,Economically active: Employee: Full-time (1),238,197,41
S01008461,Economically active: Self-employed: Total,21,13,8
S01008461,Economically active: Self-employed: Part-time (1),9,3,6
S01008461,Economically active: Self-employed: Full-time (1),12,10,2
S01008461,Economically active: Unemployed (1),80,66,14
S01008461,Economically inactive,268,234,34
S01008462,All people aged 16 and over,486,428,58
S01008462,Economically active: Total,239,201,38
S01008462,Economically active: Employee: Total,178,149,29
S01008462,Economically active: Employee: Part-time (1),53,44,9
S01008462,Economically active: Employee: Full-time (1),125,105,20
S01008462,Economically active: Self-employed: Total,11,9,2
S01008462,Economically active: Self-employed: Part-time (1),3,3,0
S01008462,Economically active: Self-employed: Full-time (1),8,6,2
S01008462,Economically active: Unemployed (1),50,43,7
S01008462,Economically inactive,247,227,20
S01008463,All people aged 16 and over,552,454,98
S01008463,Economically active: Total,339,270,69
S01008463,Economically active: Employee: Total,255,201,54
S01008463,Economically active: Employee: Part-time (1),84,66,18
S01008463,Economically active: Employee: Full-time (1),171,135,36
S01008463,Economically active: Self-employed: Total,23,16,7
S01008463,Economically active: Self-employed: Part-time (1),10,6,4
S01008463,Economically active: Self-employed: Full-time (1),13,10,3
S01008463,Economically active: Unemployed (1),61,53,8
S01008463,Economically inactive,213,184,29
S01008464,All people aged 16 and over,695,631,64
S01008464,Economically active: Total,458,409,49
S01008464,Economically active: Employee: Total,394,352,42
S01008464,Economically active: Employee: Part-time (1),104,89,15
S01008464,Economically active: Employee: Full-time (1),290,263,27
S01008464,Economically active: Self-employed: Total,27,26,1
S01008464,Economically active: Self-employed: Part-time (1),7,6,1
S01008464,Economically active: Self-employed: Full-time (1),20,20,0
S01008464,Economically active: Unemployed (1),37,31,6
S01008464,Economically inactive,237,222,15
S01008465,All people aged 16 and over,610,546,64
S01008465,Economically active: Total,414,377,37
S01008465,Economically active: Employee: Total,358,325,33
S01008465,Economically active: Employee: Part-time (1),95,85,10
S01008465,Economically active: Employee: Full-time (1),263,240,23
S01008465,Economically active: Self-employed: Total,31,28,3
S01008465,Economically active: Self-employed: Part-time (1),10,8,2
S01008465,Economically active: Self-employed: Full-time (1),21,20,1
S01008465,Economically active: Unemployed (1),25,24,1
S01008465,Economically inactive,196,169,27
S01008466,All people aged 16 and over,596,503,93
S01008466,Economically active: Total,387,335,52
S01008466,Economically active: Employee: Total,332,288,44
S01008466,Economically active: Employee: Part-time (1),93,87,6
S01008466,Economically active: Employee: Full-time (1),239,201,38
S01008466,Economically active: Self-employed: Total,20,17,3
S01008466,Economically active: Self-employed: Part-time (1),7,6,1
S01008466,Economically active: Self-employed: Full-time (1),13,11,2
S01008466,Economically active: Unemployed (1),35,30,5
S01008466,Economically inactive,209,168,41
S01008467,All people aged 16 and over,639,586,53
S01008467,Economically active: Total,412,385,27
S01008467,Economically active: Employee: Total,333,316,17
S01008467,Economically active: Employee: Part-time (1),109,103,6
S01008467,Economically active: Employee: Full-time (1),224,213,11
S01008467,Economically active: Self-employed: Total,41,37,4
S01008467,Economically active: Self-employed: Part-time (1),11,9,2
S01008467,Economically active: Self-employed: Full-time (1),30,28,2
S01008467,Economically active: Unemployed (1),38,32,6
S01008467,Economically inactive,227,201,26
S01008468,All people aged 16 and over,529,455,74
S01008468,Economically active: Total,283,242,41
S01008468,Economically active: Employee: Total,236,201,35
S01008468,Economically active: Employee: Part-time (1),76,68,8
S01008468,Economically active: Employee: Full-time (1),160,133,27
S01008468,Economically active: Self-employed: Total,22,19,3
S01008468,Economically active: Self-employed: Part-time (1),5,5,0
S01008468,Economically active: Self-employed: Full-time (1),17,14,3
S01008468,Economically active: Unemployed (1),25,22,3
S01008468,Economically inactive,246,213,33
S01008469,All people aged 16 and over,480,347,133
S01008469,Economically active: Total,311,235,76
S01008469,Economically active: Employee: Total,262,202,60
S01008469,Economically active: Employee: Part-time (1),83,67,16
S01008469,Economically active: Employee: Full-time (1),179,135,44
S01008469,Economically active: Self-employed: Total,29,20,9
S01008469,Economically active: Self-employed: Part-time (1),7,5,2
S01008469,Economically active: Self-employed: Full-time (1),22,15,7
S01008469,Economically active: Unemployed (1),20,13,7
S01008469,Economically inactive,169,112,57
S01008470,All people aged 16 and over,586,488,98
S01008470,Economically active: Total,336,273,63
S01008470,Economically active: Employee: Total,260,212,48
S01008470,Economically active: Employee: Part-time (1),78,69,9
S01008470,Economically active: Employee: Full-time (1),182,143,39
S01008470,Economically active: Self-employed: Total,23,11,12
S01008470,Economically active: Self-employed: Part-time (1),9,3,6
S01008470,Economically active: Self-employed: Full-time (1),14,8,6
S01008470,Economically active: Unemployed (1),53,50,3
S01008470,Economically inactive,250,215,35
S01008471,All people aged 16 and over,626,497,129
S01008471,Economically active: Total,412,317,95
S01008471,Economically active: Employee: Total,325,254,71
S01008471,Economically active: Employee: Part-time (1),115,88,27
S01008471,Economically active: Employee: Full-time (1),210,166,44
S01008471,Economically active: Self-employed: Total,24,14,10
S01008471,Economically active: Self-employed: Part-time (1),10,5,5
S01008471,Economically active: Self-employed: Full-time (1),14,9,5
S01008471,Economically active: Unemployed (1),63,49,14
S01008471,Economically inactive,214,180,34
S01008472,All people aged 16 and over,541,435,106
S01008472,Economically active: Total,328,269,59
S01008472,Economically active: Employee: Total,252,210,42
S01008472,Economically active: Employee: Part-time (1),63,47,16
S01008472,Economically active: Employee: Full-time (1),189,163,26
S01008472,Economically active: Self-employed: Total,35,25,10
S01008472,Economically active: Self-employed: Part-time (1),11,6,5
S01008472,Economically active: Self-employed: Full-time (1),24,19,5
S01008472,Economically active: Unemployed (1),41,34,7
S01008472,Economically inactive,213,166,47
S01008473,All people aged 16 and over,550,460,90
S01008473,Economically active: Total,340,284,56
S01008473,Economically active: Employee: Total,285,238,47
S01008473,Economically active: Employee: Part-time (1),90,73,17
S01008473,Economically active: Employee: Full-time (1),195,165,30
S01008473,Economically active: Self-employed: Total,22,16,6
S01008473,Economically active: Self-employed: Part-time (1),10,7,3
S01008473,Economically active: Self-employed: Full-time (1),12,9,3
S01008473,Economically active: Unemployed (1),33,30,3
S01008473,Economically inactive,210,176,34
S01008474,All people aged 16 and over,666,566,100
S01008474,Economically active: Total,372,297,75
S01008474,Economically active: Employee: Total,314,255,59
S01008474,Economically active: Employee: Part-time (1),83,65,18
S01008474,Economically active: Employee: Full-time (1),231,190,41
S01008474,Economically active: Self-employed: Total,16,9,7
S01008474,Economically active: Self-employed: Part-time (1),10,6,4
S01008474,Economically active: Self-employed: Full-time (1),6,3,3
S01008474,Economically active: Unemployed (1),42,33,9
S01008474,Economically inactive,294,269,25
S01008475,All people aged 16 and over,500,436,64
S01008475,Economically active: Total,284,235,49
S01008475,Economically active: Employee: Total,237,193,44
S01008475,Economically active: Employee: Part-time (1),77,60,17
S01008475,Economically active: Employee: Full-time (1),160,133,27
S01008475,Economically active: Self-employed: Total,19,16,3
S01008475,Economically active: Self-employed: Part-time (1),7,6,1
S01008475,Economically active: Self-employed: Full-time (1),12,10,2
S01008475,Economically active: Unemployed (1),28,26,2
S01008475,Economically inactive,216,201,15
S01008476,All people aged 16 and over,614,538,76
S01008476,Economically active: Total,336,285,51
S01008476,Economically active: Employee: Total,283,249,34
S01008476,Economically active: Employee: Part-time (1),72,63,9
S01008476,Economically active: Employee: Full-time (1),211,186,25
S01008476,Economically active: Self-employed: Total,26,15,11
S01008476,Economically active: Self-employed: Part-time (1),3,2,1
S01008476,Economically active: Self-employed: Full-time (1),23,13,10
S01008476,Economically active: Unemployed (1),27,21,6
S01008476,Economically inactive,278,253,25
S01008477,All people aged 16 and over,680,602,78
S01008477,Economically active: Total,383,324,59
S01008477,Economically active: Employee: Total,337,290,47
S01008477,Economically active: Employee: Part-time (1),79,61,18
S01008477,Economically active: Employee: Full-time (1),258,229,29
S01008477,Economically active: Self-employed: Total,25,18,7
S01008477,Economically active: Self-employed: Part-time (1),7,6,1
S01008477,Economically active: Self-employed: Full-time (1),18,12,6
S01008477,Economically active: Unemployed (1),21,16,5
S01008477,Economically inactive,297,278,19
S01008478,All people aged 16 and over,706,601,105
S01008478,Economically active: Total,355,281,74
S01008478,Economically active: Employee: Total,289,227,62
S01008478,Economically active: Employee: Part-time (1),86,68,18
S01008478,Economically active: Employee: Full-time (1),203,159,44
S01008478,Economically active: Self-employed: Total,30,25,5
S01008478,Economically active: Self-employed: Part-time (1),8,8,0
S01008478,Economically active: Self-employed: Full-time (1),22,17,5
S01008478,Economically active: Unemployed (1),36,29,7
S01008478,Economically inactive,351,320,31
S01008479,All people aged 16 and over,660,570,90
S01008479,Economically active: Total,371,304,67
S01008479,Economically active: Employee: Total,301,248,53
S01008479,Economically active: Employee: Part-time (1),79,60,19
S01008479,Economically active: Employee: Full-time (1),222,188,34
S01008479,Economically active: Self-employed: Total,21,18,3
S01008479,Economically active: Self-employed: Part-time (1),5,4,1
S01008479,Economically active: Self-employed: Full-time (1),16,14,2
S01008479,Economically active: Unemployed (1),49,38,11
S01008479,Economically inactive,289,266,23
S01008480,All people aged 16 and over,503,393,110
S01008480,Economically active: Total,334,265,69
S01008480,Economically active: Employee: Total,289,228,61
S01008480,Economically active: Employee: Part-time (1),71,51,20
S01008480,Economically active: Employee: Full-time (1),218,177,41
S01008480,Economically active: Self-employed: Total,11,9,2
S01008480,Economically active: Self-employed: Part-time (1),3,2,1
S01008480,Economically active: Self-employed: Full-time (1),8,7,1
S01008480,Economically active: Unemployed (1),34,28,6
S01008480,Economically inactive,169,128,41
S01008481,All people aged 16 and over,1408,1308,100
S01008481,Economically active: Total,520,476,44
S01008481,Economically active: Employee: Total,418,384,34
S01008481,Economically active: Employee: Part-time (1),140,123,17
S01008481,Economically active: Employee: Full-time (1),278,261,17
S01008481,Economically active: Self-employed: Total,60,53,7
S01008481,Economically active: Self-employed: Part-time (1),17,14,3
S01008481,Economically active: Self-employed: Full-time (1),43,39,4
S01008481,Economically active: Unemployed (1),42,39,3
S01008481,Economically inactive,888,832,56
S01008482,All people aged 16 and over,522,485,37
S01008482,Economically active: Total,280,257,23
S01008482,Economically active: Employee: Total,231,213,18
S01008482,Economically active: Employee: Part-time (1),68,63,5
S01008482,Economically active: Employee: Full-time (1),163,150,13
S01008482,Economically active: Self-employed: Total,24,22,2
S01008482,Economically active: Self-employed: Part-time (1),11,11,0
S01008482,Economically active: Self-employed: Full-time (1),13,11,2
S01008482,Economically active: Unemployed (1),25,22,3
S01008482,Economically inactive,242,228,14
S01008483,All people aged 16 and over,531,454,77
S01008483,Economically active: Total,299,263,36
S01008483,Economically active: Employee: Total,250,219,31
S01008483,Economically active: Employee: Part-time (1),61,51,10
S01008483,Economically active: Employee: Full-time (1),189,168,21
S01008483,Economically active: Self-employed: Total,32,28,4
S01008483,Economically active: Self-employed: Part-time (1),11,9,2
S01008483,Economically active: Self-employed: Full-time (1),21,19,2
S01008483,Economically active: Unemployed (1),17,16,1
S01008483,Economically inactive,232,191,41
S01008484,All people aged 16 and over,628,576,52
S01008484,Economically active: Total,389,358,31
S01008484,Economically active: Employee: Total,315,291,24
S01008484,Economically active: Employee: Part-time (1),90,84,6
S01008484,Economically active: Employee: Full-time (1),225,207,18
S01008484,Economically active: Self-employed: Total,46,40,6
S01008484,Economically active: Self-employed: Part-time (1),19,15,4
S01008484,Economically active: Self-employed: Full-time (1),27,25,2
S01008484,Economically active: Unemployed (1),28,27,1
S01008484,Economically inactive,239,218,21
S01008485,All people aged 16 and over,798,722,76
S01008485,Economically active: Total,539,486,53
S01008485,Economically active: Employee: Total,451,410,41
S01008485,Economically active: Employee: Part-time (1),134,126,8
S01008485,Economically active: Employee: Full-time (1),317,284,33
S01008485,Economically active: Self-employed: Total,49,42,7
S01008485,Economically active: Self-employed: Part-time (1),12,9,3
S01008485,Economically active: Self-employed: Full-time (1),37,33,4
S01008485,Economically active: Unemployed (1),39,34,5
S01008485,Economically inactive,259,236,23
S01008486,All people aged 16 and over,777,695,82
S01008486,Economically active: Total,414,369,45
S01008486,Economically active: Employee: Total,341,306,35
S01008486,Economically active: Employee: Part-time (1),81,76,5
S01008486,Economically active: Employee: Full-time (1),260,230,30
S01008486,Economically active: Self-employed: Total,47,43,4
S01008486,Economically active: Self-employed: Part-time (1),9,7,2
S01008486,Economically active: Self-employed: Full-time (1),38,36,2
S01008486,Economically active: Unemployed (1),26,20,6
S01008486,Economically inactive,363,326,37
S01008487,All people aged 16 and over,678,583,95
S01008487,Economically active: Total,522,453,69
S01008487,Economically active: Employee: Total,461,403,58
S01008487,Economically active: Employee: Part-time (1),74,65,9
S01008487,Economically active: Employee: Full-time (1),387,338,49
S01008487,Economically active: Self-employed: Total,46,42,4
S01008487,Economically active: Self-employed: Part-time (1),11,9,2
S01008487,Economically active: Self-employed: Full-time (1),35,33,2
S01008487,Economically active: Unemployed (1),15,8,7
S01008487,Economically inactive,156,130,26
S01008488,All people aged 16 and over,675,557,118
S01008488,Economically active: Total,409,334,75
S01008488,Economically active: Employee: Total,353,294,59
S01008488,Economically active: Employee: Part-time (1),80,62,18
S01008488,Economically active: Employee: Full-time (1),273,232,41
S01008488,Economically active: Self-employed: Total,36,24,12
S01008488,Economically active: Self-employed: Part-time (1),8,4,4
S01008488,Economically active: Self-employed: Full-time (1),28,20,8
S01008488,Economically active: Unemployed (1),20,16,4
S01008488,Economically inactive,266,223,43
S01008489,All people aged 16 and over,544,463,81
S01008489,Economically active: Total,342,286,56
S01008489,Economically active: Employee: Total,281,237,44
S01008489,Economically active: Employee: Part-time (1),87,73,14
S01008489,Economically active: Employee: Full-time (1),194,164,30
S01008489,Economically active: Self-employed: Total,24,16,8
S01008489,Economically active: Self-employed: Part-time (1),7,5,2
S01008489,Economically active: Self-employed: Full-time (1),17,11,6
S01008489,Economically active: Unemployed (1),37,33,4
S01008489,Economically inactive,202,177,25
S01008490,All people aged 16 and over,795,649,146
S01008490,Economically active: Total,584,476,108
S01008490,Economically active: Employee: Total,500,416,84
S01008490,Economically active: Employee: Part-time (1),96,75,21
S01008490,Economically active: Employee: Full-time (1),404,341,63
S01008490,Economically active: Self-employed: Total,44,31,13
S01008490,Economically active: Self-employed: Part-time (1),15,9,6
S01008490,Economically active: Self-employed: Full-time (1),29,22,7
S01008490,Economically active: Unemployed (1),40,29,11
S01008490,Economically inactive,211,173,38
S01008491,All people aged 16 and over,826,567,259
S01008491,Economically active: Total,539,395,144
S01008491,Economically active: Employee: Total,458,345,113
S01008491,Economically active: Employee: Part-time (1),110,67,43
S01008491,Economically active: Employee: Full-time (1),348,278,70
S01008491,Economically active: Self-employed: Total,39,26,13
S01008491,Economically active: Self-employed: Part-time (1),14,11,3
S01008491,Economically active: Self-employed: Full-time (1),25,15,10
S01008491,Economically active: Unemployed (1),42,24,18
S01008491,Economically inactive,287,172,115
S01008492,All people aged 16 and over,814,662,152
S01008492,Economically active: Total,619,516,103
S01008492,Economically active: Employee: Total,545,457,88
S01008492,Economically active: Employee: Part-time (1),106,81,25
S01008492,Economically active: Employee: Full-time (1),439,376,63
S01008492,Economically active: Self-employed: Total,39,29,10
S01008492,Economically active: Self-employed: Part-time (1),17,13,4
S01008492,Economically active: Self-employed: Full-time (1),22,16,6
S01008492,Economically active: Unemployed (1),35,30,5
S01008492,Economically inactive,195,146,49
S01008493,All people aged 16 and over,693,589,104
S01008493,Economically active: Total,422,358,64
S01008493,Economically active: Employee: Total,362,310,52
S01008493,Economically active: Employee: Part-time (1),101,82,19
S01008493,Economically active: Employee: Full-time (1),261,228,33
S01008493,Economically active: Self-employed: Total,26,19,7
S01008493,Economically active: Self-employed: Part-time (1),7,3,4
S01008493,Economically active: Self-employed: Full-time (1),19,16,3
S01008493,Economically active: Unemployed (1),34,29,5
S01008493,Economically inactive,271,231,40
S01008494,All people aged 16 and over,598,429,169
S01008494,Economically active: Total,413,294,119
S01008494,Economically active: Employee: Total,343,247,96
S01008494,Economically active: Employee: Part-time (1),60,31,29
S01008494,Economically active: Employee: Full-time (1),283,216,67
S01008494,Economically active: Self-employed: Total,33,22,11
S01008494,Economically active: Self-employed: Part-time (1),12,5,7
S01008494,Economically active: Self-employed: Full-time (1),21,17,4
S01008494,Economically active: Unemployed (1),37,25,12
S01008494,Economically inactive,185,135,50
S01008495,All people aged 16 and over,850,550,300
S01008495,Economically active: Total,650,432,218
S01008495,Economically active: Employee: Total,548,375,173
S01008495,Economically active: Employee: Part-time (1),94,50,44
S01008495,Economically active: Employee: Full-time (1),454,325,129
S01008495,Economically active: Self-employed: Total,32,19,13
S01008495,Economically active: Self-employed: Part-time (1),8,4,4
S01008495,Economically active: Self-employed: Full-time (1),24,15,9
S01008495,Economically active: Unemployed (1),70,38,32
S01008495,Economically inactive,200,118,82
S01008496,All people aged 16 and over,929,570,359
S01008496,Economically active: Total,719,473,246
S01008496,Economically active: Employee: Total,622,410,212
S01008496,Economically active: Employee: Part-time (1),103,51,52
S01008496,Economically active: Employee: Full-time (1),519,359,160
S01008496,Economically active: Self-employed: Total,38,20,18
S01008496,Economically active: Self-employed: Part-time (1),11,9,2
S01008496,Economically active: Self-employed: Full-time (1),27,11,16
S01008496,Economically active: Unemployed (1),59,43,16
S01008496,Economically inactive,210,97,113
S01008497,All people aged 16 and over,754,518,236
S01008497,Economically active: Total,617,432,185
S01008497,Economically active: Employee: Total,539,378,161
S01008497,Economically active: Employee: Part-time (1),112,63,49
S01008497,Economically active: Employee: Full-time (1),427,315,112
S01008497,Economically active: Self-employed: Total,28,21,7
S01008497,Economically active: Self-employed: Part-time (1),12,9,3
S01008497,Economically active: Self-employed: Full-time (1),16,12,4
S01008497,Economically active: Unemployed (1),50,33,17
S01008497,Economically inactive,137,86,51
S01008498,All people aged 16 and over,732,549,183
S01008498,Economically active: Total,555,419,136
S01008498,Economically active: Employee: Total,463,346,117
S01008498,Economically active: Employee: Part-time (1),118,81,37
S01008498,Economically active: Employee: Full-time (1),345,265,80
S01008498,Economically active: Self-employed: Total,45,39,6
S01008498,Economically active: Self-employed: Part-time (1),10,8,2
S01008498,Economically active: Self-employed: Full-time (1),35,31,4
S01008498,Economically active: Unemployed (1),47,34,13
S01008498,Economically inactive,177,130,47
S01008499,All people aged 16 and over,935,600,335
S01008499,Economically active: Total,683,464,219
S01008499,Economically active: Employee: Total,583,399,184
S01008499,Economically active: Employee: Part-time (1),126,88,38
S01008499,Economically active: Employee: Full-time (1),457,311,146
S01008499,Economically active: Self-employed: Total,40,25,15
S01008499,Economically active: Self-employed: Part-time (1),12,6,6
S01008499,Economically active: Self-employed: Full-time (1),28,19,9
S01008499,Economically active: Unemployed (1),60,40,20
S01008499,Economically inactive,252,136,116
S01008500,All people aged 16 and over,352,265,87
S01008500,Economically active: Total,236,180,56
S01008500,Economically active: Employee: Total,197,150,47
S01008500,Economically active: Employee: Part-time (1),48,35,13
S01008500,Economically active: Employee: Full-time (1),149,115,34
S01008500,Economically active: Self-employed: Total,15,9,6
S01008500,Economically active: Self-employed: Part-time (1),7,3,4
S01008500,Economically active: Self-employed: Full-time (1),8,6,2
S01008500,Economically active: Unemployed (1),24,21,3
S01008500,Economically inactive,116,85,31
S01008501,All people aged 16 and over,556,368,188
S01008501,Economically active: Total,433,299,134
S01008501,Economically active: Employee: Total,383,267,116
S01008501,Economically active: Employee: Part-time (1),78,49,29
S01008501,Economically active: Employee: Full-time (1),305,218,87
S01008501,Economically active: Self-employed: Total,25,14,11
S01008501,Economically active: Self-employed: Part-time (1),9,4,5
S01008501,Economically active: Self-employed: Full-time (1),16,10,6
S01008501,Economically active: Unemployed (1),25,18,7
S01008501,Economically inactive,123,69,54
S01008502,All people aged 16 and over,604,393,211
S01008502,Economically active: Total,463,346,117
S01008502,Economically active: Employee: Total,420,318,102
S01008502,Economically active: Employee: Part-time (1),74,48,26
S01008502,Economically active: Employee: Full-time (1),346,270,76
S01008502,Economically active: Self-employed: Total,20,15,5
S01008502,Economically active: Self-employed: Part-time (1),9,6,3
S01008502,Economically active: Self-employed: Full-time (1),11,9,2
S01008502,Economically active: Unemployed (1),23,13,10
S01008502,Economically inactive,141,47,94
S01008503,All people aged 16 and over,751,588,163
S01008503,Economically active: Total,615,496,119
S01008503,Economically active: Employee: Total,536,438,98
S01008503,Economically active: Employee: Part-time (1),111,87,24
S01008503,Economically active: Employee: Full-time (1),425,351,74
S01008503,Economically active: Self-employed: Total,48,37,11
S01008503,Economically active: Self-employed: Part-time (1),20,15,5
S01008503,Economically active: Self-employed: Full-time (1),28,22,6
S01008503,Economically active: Unemployed (1),31,21,10
S01008503,Economically inactive,136,92,44
S01008504,All people aged 16 and over,950,783,167
S01008504,Economically active: Total,733,615,118
S01008504,Economically active: Employee: Total,630,538,92
S01008504,Economically active: Employee: Part-time (1),138,110,28
S01008504,Economically active: Employee: Full-time (1),492,428,64
S01008504,Economically active: Self-employed: Total,69,55,14
S01008504,Economically active: Self-employed: Part-time (1),24,18,6
S01008504,Economically active: Self-employed: Full-time (1),45,37,8
S01008504,Economically active: Unemployed (1),34,22,12
S01008504,Economically inactive,217,168,49
S01008505,All people aged 16 and over,599,513,86
S01008505,Economically active: Total,471,407,64
S01008505,Economically active: Employee: Total,397,341,56
S01008505,Economically active: Employee: Part-time (1),101,88,13
S01008505,Economically active: Employee: Full-time (1),296,253,43
S01008505,Economically active: Self-employed: Total,47,44,3
S01008505,Economically active: Self-employed: Part-time (1),13,13,0
S01008505,Economically active: Self-employed: Full-time (1),34,31,3
S01008505,Economically active: Unemployed (1),27,22,5
S01008505,Economically inactive,128,106,22
S01008506,All people aged 16 and over,760,641,119
S01008506,Economically active: Total,439,362,77
S01008506,Economically active: Employee: Total,368,299,69
S01008506,Economically active: Employee: Part-time (1),92,74,18
S01008506,Economically active: Employee: Full-time (1),276,225,51
S01008506,Economically active: Self-employed: Total,56,54,2
S01008506,Economically active: Self-employed: Part-time (1),12,11,1
S01008506,Economically active: Self-employed: Full-time (1),44,43,1
S01008506,Economically active: Unemployed (1),15,9,6
S01008506,Economically inactive,321,279,42
S01008507,All people aged 16 and over,801,626,175
S01008507,Economically active: Total,587,463,124
S01008507,Economically active: Employee: Total,484,389,95
S01008507,Economically active: Employee: Part-time (1),117,96,21
S01008507,Economically active: Employee: Full-time (1),367,293,74
S01008507,Economically active: Self-employed: Total,50,36,14
S01008507,Economically active: Self-employed: Part-time (1),15,12,3
S01008507,Economically active: Self-employed: Full-time (1),35,24,11
S01008507,Economically active: Unemployed (1),53,38,15
S01008507,Economically inactive,214,163,51
S01008508,All people aged 16 and over,682,613,69
S01008508,Economically active: Total,450,403,47
S01008508,Economically active: Employee: Total,367,332,35
S01008508,Economically active: Employee: Part-time (1),106,95,11
S01008508,Economically active: Employee: Full-time (1),261,237,24
S01008508,Economically active: Self-employed: Total,70,63,7
S01008508,Economically active: Self-employed: Part-time (1),13,13,0
S01008508,Economically active: Self-employed: Full-time (1),57,50,7
S01008508,Economically active: Unemployed (1),13,8,5
S01008508,Economically inactive,232,210,22
S01008509,All people aged 16 and over,862,779,83
S01008509,Economically active: Total,533,492,41
S01008509,Economically active: Employee: Total,437,409,28
S01008509,Economically active: Employee: Part-time (1),85,78,7
S01008509,Economically active: Employee: Full-time (1),352,331,21
S01008509,Economically active: Self-employed: Total,79,71,8
S01008509,Economically active: Self-employed: Part-time (1),28,27,1
S01008509,Economically active: Self-employed: Full-time (1),51,44,7
S01008509,Economically active: Unemployed (1),17,12,5
S01008509,Economically inactive,329,287,42
S01008510,All people aged 16 and over,755,688,67
S01008510,Economically active: Total,474,444,30
S01008510,Economically active: Employee: Total,390,370,20
S01008510,Economically active: Employee: Part-time (1),112,105,7
S01008510,Economically active: Employee: Full-time (1),278,265,13
S01008510,Economically active: Self-employed: Total,67,61,6
S01008510,Economically active: Self-employed: Part-time (1),22,20,2
S01008510,Economically active: Self-employed: Full-time (1),45,41,4
S01008510,Economically active: Unemployed (1),17,13,4
S01008510,Economically inactive,281,244,37
S01008511,All people aged 16 and over,709,629,80
S01008511,Economically active: Total,419,370,49
S01008511,Economically active: Employee: Total,326,292,34
S01008511,Economically active: Employee: Part-time (1),101,93,8
S01008511,Economically active: Employee: Full-time (1),225,199,26
S01008511,Economically active: Self-employed: Total,83,68,15
S01008511,Economically active: Self-employed: Part-time (1),26,21,5
S01008511,Economically active: Self-employed: Full-time (1),57,47,10
S01008511,Economically active: Unemployed (1),10,10,0
S01008511,Economically inactive,290,259,31
S01008512,All people aged 16 and over,410,376,34
S01008512,Economically active: Total,253,230,23
S01008512,Economically active: Employee: Total,191,175,16
S01008512,Economically active: Employee: Part-time (1),60,58,2
S01008512,Economically active: Employee: Full-time (1),131,117,14
S01008512,Economically active: Self-employed: Total,50,46,4
S01008512,Economically active: Self-employed: Part-time (1),19,19,0
S01008512,Economically active: Self-employed: Full-time (1),31,27,4
S01008512,Economically active: Unemployed (1),12,9,3
S01008512,Economically inactive,157,146,11
S01008513,All people aged 16 and over,567,511,56
S01008513,Economically active: Total,304,270,34
S01008513,Economically active: Employee: Total,235,209,26
S01008513,Economically active: Employee: Part-time (1),76,67,9
S01008513,Economically active: Employee: Full-time (1),159,142,17
S01008513,Economically active: Self-employed: Total,58,52,6
S01008513,Economically active: Self-employed: Part-time (1),27,23,4
S01008513,Economically active: Self-employed: Full-time (1),31,29,2
S01008513,Economically active: Unemployed (1),11,9,2
S01008513,Economically inactive,263,241,22
S01008514,All people aged 16 and over,757,679,78
S01008514,Economically active: Total,412,358,54
S01008514,Economically active: Employee: Total,321,282,39
S01008514,Economically active: Employee: Part-time (1),88,79,9
S01008514,Economically active: Employee: Full-time (1),233,203,30
S01008514,Economically active: Self-employed: Total,77,65,12
S01008514,Economically active: Self-employed: Part-time (1),30,27,3
S01008514,Economically active: Self-employed: Full-time (1),47,38,9
S01008514,Economically active: Unemployed (1),14,11,3
S01008514,Economically inactive,345,321,24
S01008515,All people aged 16 and over,563,512,51
S01008515,Economically active: Total,414,376,38
S01008515,Economically active: Employee: Total,342,307,35
S01008515,Economically active: Employee: Part-time (1),99,89,10
S01008515,Economically active: Employee: Full-time (1),243,218,25
S01008515,Economically active: Self-employed: Total,59,56,3
S01008515,Economically active: Self-employed: Part-time (1),24,23,1
S01008515,Economically active: Self-employed: Full-time (1),35,33,2
S01008515,Economically active: Unemployed (1),13,13,0
S01008515,Economically inactive,149,136,13
S01008516,All people aged 16 and over,827,638,189
S01008516,Economically active: Total,572,454,118
S01008516,Economically active: Employee: Total,496,396,100
S01008516,Economically active: Employee: Part-time (1),91,71,20
S01008516,Economically active: Employee: Full-time (1),405,325,80
S01008516,Economically active: Self-employed: Total,46,35,11
S01008516,Economically active: Self-employed: Part-time (1),17,13,4
S01008516,Economically active: Self-employed: Full-time (1),29,22,7
S01008516,Economically active: Unemployed (1),30,23,7
S01008516,Economically inactive,255,184,71
S01008517,All people aged 16 and over,789,619,170
S01008517,Economically active: Total,503,406,97
S01008517,Economically active: Employee: Total,436,348,88
S01008517,Economically active: Employee: Part-time (1),94,70,24
S01008517,Economically active: Employee: Full-time (1),342,278,64
S01008517,Economically active: Self-employed: Total,46,39,7
S01008517,Economically active: Self-employed: Part-time (1),15,11,4
S01008517,Economically active: Self-employed: Full-time (1),31,28,3
S01008517,Economically active: Unemployed (1),21,19,2
S01008517,Economically inactive,286,213,73
S01008518,All people aged 16 and over,733,608,125
S01008518,Economically active: Total,478,402,76
S01008518,Economically active: Employee: Total,385,331,54
S01008518,Economically active: Employee: Part-time (1),93,79,14
S01008518,Economically active: Employee: Full-time (1),292,252,40
S01008518,Economically active: Self-employed: Total,76,61,15
S01008518,Economically active: Self-employed: Part-time (1),27,19,8
S01008518,Economically active: Self-employed: Full-time (1),49,42,7
S01008518,Economically active: Unemployed (1),17,10,7
S01008518,Economically inactive,255,206,49
S01008519,All people aged 16 and over,625,559,66
S01008519,Economically active: Total,399,350,49
S01008519,Economically active: Employee: Total,303,269,34
S01008519,Economically active: Employee: Part-time (1),85,75,10
S01008519,Economically active: Employee: Full-time (1),218,194,24
S01008519,Economically active: Self-employed: Total,80,69,11
S01008519,Economically active: Self-employed: Part-time (1),29,26,3
S01008519,Economically active: Self-employed: Full-time (1),51,43,8
S01008519,Economically active: Unemployed (1),16,12,4
S01008519,Economically inactive,226,209,17
S01008520,All people aged 16 and over,868,795,73
S01008520,Economically active: Total,500,453,47
S01008520,Economically active: Employee: Total,377,346,31
S01008520,Economically active: Employee: Part-time (1),106,88,18
S01008520,Economically active: Employee: Full-time (1),271,258,13
S01008520,Economically active: Self-employed: Total,105,92,13
S01008520,Economically active: Self-employed: Part-time (1),29,26,3
S01008520,Economically active: Self-employed: Full-time (1),76,66,10
S01008520,Economically active: Unemployed (1),18,15,3
S01008520,Economically inactive,368,342,26
S01008521,All people aged 16 and over,706,657,49
S01008521,Economically active: Total,424,404,20
S01008521,Economically active: Employee: Total,335,317,18
S01008521,Economically active: Employee: Part-time (1),95,93,2
S01008521,Economically active: Employee: Full-time (1),240,224,16
S01008521,Economically active: Self-employed: Total,81,79,2
S01008521,Economically active: Self-employed: Part-time (1),17,17,0
S01008521,Economically active: Self-employed: Full-time (1),64,62,2
S01008521,Economically active: Unemployed (1),8,8,0
S01008521,Economically inactive,282,253,29
S01008522,All people aged 16 and over,434,380,54
S01008522,Economically active: Total,258,227,31
S01008522,Economically active: Employee: Total,195,170,25
S01008522,Economically active: Employee: Part-time (1),45,42,3
S01008522,Economically active: Employee: Full-time (1),150,128,22
S01008522,Economically active: Self-employed: Total,52,47,5
S01008522,Economically active: Self-employed: Part-time (1),15,14,1
S01008522,Economically active: Self-employed: Full-time (1),37,33,4
S01008522,Economically active: Unemployed (1),11,10,1
S01008522,Economically inactive,176,153,23
S01008523,All people aged 16 and over,756,663,93
S01008523,Economically active: Total,496,430,66
S01008523,Economically active: Employee: Total,398,347,51
S01008523,Economically active: Employee: Part-time (1),88,70,18
S01008523,Economically active: Employee: Full-time (1),310,277,33
S01008523,Economically active: Self-employed: Total,80,67,13
S01008523,Economically active: Self-employed: Part-time (1),29,22,7
S01008523,Economically active: Self-employed: Full-time (1),51,45,6
S01008523,Economically active: Unemployed (1),18,16,2
S01008523,Economically inactive,260,233,27
S01008524,All people aged 16 and over,714,641,73
S01008524,Economically active: Total,436,391,45
S01008524,Economically active: Employee: Total,350,316,34
S01008524,Economically active: Employee: Part-time (1),115,100,15
S01008524,Economically active: Employee: Full-time (1),235,216,19
S01008524,Economically active: Self-employed: Total,39,35,4
S01008524,Economically active: Self-employed: Part-time (1),12,11,1
S01008524,Economically active: Self-employed: Full-time (1),27,24,3
S01008524,Economically active: Unemployed (1),47,40,7
S01008524,Economically inactive,278,250,28
S01008525,All people aged 16 and over,602,526,76
S01008525,Economically active: Total,326,269,57
S01008525,Economically active: Employee: Total,259,213,46
S01008525,Economically active: Employee: Part-time (1),85,65,20
S01008525,Economically active: Employee: Full-time (1),174,148,26
S01008525,Economically active: Self-employed: Total,24,18,6
S01008525,Economically active: Self-employed: Part-time (1),13,11,2
S01008525,Economically active: Self-employed: Full-time (1),11,7,4
S01008525,Economically active: Unemployed (1),43,38,5
S01008525,Economically inactive,276,257,19
S01008526,All people aged 16 and over,737,661,76
S01008526,Economically active: Total,454,404,50
S01008526,Economically active: Employee: Total,384,347,37
S01008526,Economically active: Employee: Part-time (1),107,99,8
S01008526,Economically active: Employee: Full-time (1),277,248,29
S01008526,Economically active: Self-employed: Total,39,31,8
S01008526,Economically active: Self-employed: Part-time (1),9,5,4
S01008526,Economically active: Self-employed: Full-time (1),30,26,4
S01008526,Economically active: Unemployed (1),31,26,5
S01008526,Economically inactive,283,257,26
S01008527,All people aged 16 and over,595,538,57
S01008527,Economically active: Total,412,382,30
S01008527,Economically active: Employee: Total,366,340,26
S01008527,Economically active: Employee: Part-time (1),103,96,7
S01008527,Economically active: Employee: Full-time (1),263,244,19
S01008527,Economically active: Self-employed: Total,26,24,2
S01008527,Economically active: Self-employed: Part-time (1),8,7,1
S01008527,Economically active: Self-employed: Full-time (1),18,17,1
S01008527,Economically active: Unemployed (1),20,18,2
S01008527,Economically inactive,183,156,27
S01008528,All people aged 16 and over,540,494,46
S01008528,Economically active: Total,386,349,37
S01008528,Economically active: Employee: Total,316,287,29
S01008528,Economically active: Employee: Part-time (1),108,98,10
S01008528,Economically active: Employee: Full-time (1),208,189,19
S01008528,Economically active: Self-employed: Total,39,33,6
S01008528,Economically active: Self-employed: Part-time (1),10,8,2
S01008528,Economically active: Self-employed: Full-time (1),29,25,4
S01008528,Economically active: Unemployed (1),31,29,2
S01008528,Economically inactive,154,145,9
S01008529,All people aged 16 and over,623,592,31
S01008529,Economically active: Total,400,378,22
S01008529,Economically active: Employee: Total,333,315,18
S01008529,Economically active: Employee: Part-time (1),98,90,8
S01008529,Economically active: Employee: Full-time (1),235,225,10
S01008529,Economically active: Self-employed: Total,39,36,3
S01008529,Economically active: Self-employed: Part-time (1),14,14,0
S01008529,Economically active: Self-employed: Full-time (1),25,22,3
S01008529,Economically active: Unemployed (1),28,27,1
S01008529,Economically inactive,223,214,9
S01008530,All people aged 16 and over,570,502,68
S01008530,Economically active: Total,347,301,46
S01008530,Economically active: Employee: Total,288,250,38
S01008530,Economically active: Employee: Part-time (1),90,79,11
S01008530,Economically active: Employee: Full-time (1),198,171,27
S01008530,Economically active: Self-employed: Total,25,22,3
S01008530,Economically active: Self-employed: Part-time (1),11,10,1
S01008530,Economically active: Self-employed: Full-time (1),14,12,2
S01008530,Economically active: Unemployed (1),34,29,5
S01008530,Economically inactive,223,201,22
S01008531,All people aged 16 and over,619,554,65
S01008531,Economically active: Total,368,319,49
S01008531,Economically active: Employee: Total,306,264,42
S01008531,Economically active: Employee: Part-time (1),119,98,21
S01008531,Economically active: Employee: Full-time (1),187,166,21
S01008531,Economically active: Self-employed: Total,29,26,3
S01008531,Economically active: Self-employed: Part-time (1),8,7,1
S01008531,Economically active: Self-employed: Full-time (1),21,19,2
S01008531,Economically active: Unemployed (1),33,29,4
S01008531,Economically inactive,251,235,16
S01008532,All people aged 16 and over,369,343,26
S01008532,Economically active: Total,208,187,21
S01008532,Economically active: Employee: Total,166,152,14
S01008532,Economically active: Employee: Part-time (1),58,51,7
S01008532,Economically active: Employee: Full-time (1),108,101,7
S01008532,Economically active: Self-employed: Total,20,16,4
S01008532,Economically active: Self-employed: Part-time (1),4,3,1
S01008532,Economically active: Self-employed: Full-time (1),16,13,3
S01008532,Economically active: Unemployed (1),22,19,3
S01008532,Economically inactive,161,156,5
S01008533,All people aged 16 and over,372,300,72
S01008533,Economically active: Total,267,216,51
S01008533,Economically active: Employee: Total,238,196,42
S01008533,Economically active: Employee: Part-time (1),49,41,8
S01008533,Economically active: Employee: Full-time (1),189,155,34
S01008533,Economically active: Self-employed: Total,16,12,4
S01008533,Economically active: Self-employed: Part-time (1),4,4,0
S01008533,Economically active: Self-employed: Full-time (1),12,8,4
S01008533,Economically active: Unemployed (1),13,8,5
S01008533,Economically inactive,105,84,21
S01008534,All people aged 16 and over,576,524,52
S01008534,Economically active: Total,413,379,34
S01008534,Economically active: Employee: Total,340,318,22
S01008534,Economically active: Employee: Part-time (1),96,90,6
S01008534,Economically active: Employee: Full-time (1),244,228,16
S01008534,Economically active: Self-employed: Total,47,40,7
S01008534,Economically active: Self-employed: Part-time (1),20,18,2
S01008534,Economically active: Self-employed: Full-time (1),27,22,5
S01008534,Economically active: Unemployed (1),26,21,5
S01008534,Economically inactive,163,145,18
S01008535,All people aged 16 and over,597,564,33
S01008535,Economically active: Total,392,366,26
S01008535,Economically active: Employee: Total,315,299,16
S01008535,Economically active: Employee: Part-time (1),107,99,8
S01008535,Economically active: Employee: Full-time (1),208,200,8
S01008535,Economically active: Self-employed: Total,55,47,8
S01008535,Economically active: Self-employed: Part-time (1),13,11,2
S01008535,Economically active: Self-employed: Full-time (1),42,36,6
S01008535,Economically active: Unemployed (1),22,20,2
S01008535,Economically inactive,205,198,7
S01008536,All people aged 16 and over,484,452,32
S01008536,Economically active: Total,273,249,24
S01008536,Economically active: Employee: Total,227,207,20
S01008536,Economically active: Employee: Part-time (1),63,59,4
S01008536,Economically active: Employee: Full-time (1),164,148,16
S01008536,Economically active: Self-employed: Total,37,35,2
S01008536,Economically active: Self-employed: Part-time (1),15,14,1
S01008536,Economically active: Self-employed: Full-time (1),22,21,1
S01008536,Economically active: Unemployed (1),9,7,2
S01008536,Economically inactive,211,203,8
S01008537,All people aged 16 and over,570,540,30
S01008537,Economically active: Total,330,316,14
S01008537,Economically active: Employee: Total,275,265,10
S01008537,Economically active: Employee: Part-time (1),87,87,0
S01008537,Economically active: Employee: Full-time (1),188,178,10
S01008537,Economically active: Self-employed: Total,45,41,4
S01008537,Economically active: Self-employed: Part-time (1),16,16,0
S01008537,Economically active: Self-employed: Full-time (1),29,25,4
S01008537,Economically active: Unemployed (1),10,10,0
S01008537,Economically inactive,240,224,16
S01008538,All people aged 16 and over,467,438,29
S01008538,Economically active: Total,239,224,15
S01008538,Economically active: Employee: Total,193,180,13
S01008538,Economically active: Employee: Part-time (1),68,65,3
S01008538,Economically active: Employee: Full-time (1),125,115,10
S01008538,Economically active: Self-employed: Total,39,37,2
S01008538,Economically active: Self-employed: Part-time (1),14,13,1
S01008538,Economically active: Self-employed: Full-time (1),25,24,1
S01008538,Economically active: Unemployed (1),7,7,0
S01008538,Economically inactive,228,214,14
S01008539,All people aged 16 and over,691,630,61
S01008539,Economically active: Total,455,415,40
S01008539,Economically active: Employee: Total,379,345,34
S01008539,Economically active: Employee: Part-time (1),102,90,12
S01008539,Economically active: Employee: Full-time (1),277,255,22
S01008539,Economically active: Self-employed: Total,60,57,3
S01008539,Economically active: Self-employed: Part-time (1),22,20,2
S01008539,Economically active: Self-employed: Full-time (1),38,37,1
S01008539,Economically active: Unemployed (1),16,13,3
S01008539,Economically inactive,236,215,21
S01008540,All people aged 16 and over,728,684,44
S01008540,Economically active: Total,415,386,29
S01008540,Economically active: Employee: Total,322,302,20
S01008540,Economically active: Employee: Part-time (1),97,92,5
S01008540,Economically active: Employee: Full-time (1),225,210,15
S01008540,Economically active: Self-employed: Total,84,76,8
S01008540,Economically active: Self-employed: Part-time (1),27,24,3
S01008540,Economically active: Self-employed: Full-time (1),57,52,5
S01008540,Economically active: Unemployed (1),9,8,1
S01008540,Economically inactive,313,298,15
S01008541,All people aged 16 and over,676,624,52
S01008541,Economically active: Total,456,422,34
S01008541,Economically active: Employee: Total,380,354,26
S01008541,Economically active: Employee: Part-time (1),111,105,6
S01008541,Economically active: Employee: Full-time (1),269,249,20
S01008541,Economically active: Self-employed: Total,58,53,5
S01008541,Economically active: Self-employed: Part-time (1),21,19,2
S01008541,Economically active: Self-employed: Full-time (1),37,34,3
S01008541,Economically active: Unemployed (1),18,15,3
S01008541,Economically inactive,220,202,18
S01008542,All people aged 16 and over,721,666,55
S01008542,Economically active: Total,498,459,39
S01008542,Economically active: Employee: Total,421,392,29
S01008542,Economically active: Employee: Part-time (1),153,141,12
S01008542,Economically active: Employee: Full-time (1),268,251,17
S01008542,Economically active: Self-employed: Total,58,48,10
S01008542,Economically active: Self-employed: Part-time (1),23,22,1
S01008542,Economically active: Self-employed: Full-time (1),35,26,9
S01008542,Economically active: Unemployed (1),19,19,0
S01008542,Economically inactive,223,207,16
S01008543,All people aged 16 and over,563,508,55
S01008543,Economically active: Total,416,376,40
S01008543,Economically active: Employee: Total,354,323,31
S01008543,Economically active: Employee: Part-time (1),117,109,8
S01008543,Economically active: Employee: Full-time (1),237,214,23
S01008543,Economically active: Self-employed: Total,52,44,8
S01008543,Economically active: Self-employed: Part-time (1),11,11,0
S01008543,Economically active: Self-employed: Full-time (1),41,33,8
S01008543,Economically active: Unemployed (1),10,9,1
S01008543,Economically inactive,147,132,15
S01008544,All people aged 16 and over,479,435,44
S01008544,Economically active: Total,375,341,34
S01008544,Economically active: Employee: Total,307,286,21
S01008544,Economically active: Employee: Part-time (1),92,87,5
S01008544,Economically active: Employee: Full-time (1),215,199,16
S01008544,Economically active: Self-employed: Total,52,43,9
S01008544,Economically active: Self-employed: Part-time (1),15,10,5
S01008544,Economically active: Self-employed: Full-time (1),37,33,4
S01008544,Economically active: Unemployed (1),16,12,4
S01008544,Economically inactive,104,94,10
S01008545,All people aged 16 and over,689,635,54
S01008545,Economically active: Total,420,388,32
S01008545,Economically active: Employee: Total,326,303,23
S01008545,Economically active: Employee: Part-time (1),90,80,10
S01008545,Economically active: Employee: Full-time (1),236,223,13
S01008545,Economically active: Self-employed: Total,84,77,7
S01008545,Economically active: Self-employed: Part-time (1),20,20,0
S01008545,Economically active: Self-employed: Full-time (1),64,57,7
S01008545,Economically active: Unemployed (1),10,8,2
S01008545,Economically inactive,269,247,22
S01008546,All people aged 16 and over,701,648,53
S01008546,Economically active: Total,412,384,28
S01008546,Economically active: Employee: Total,313,292,21
S01008546,Economically active: Employee: Part-time (1),97,93,4
S01008546,Economically active: Employee: Full-time (1),216,199,17
S01008546,Economically active: Self-employed: Total,77,72,5
S01008546,Economically active: Self-employed: Part-time (1),21,21,0
S01008546,Economically active: Self-employed: Full-time (1),56,51,5
S01008546,Economically active: Unemployed (1),22,20,2
S01008546,Economically inactive,289,264,25
S01008547,All people aged 16 and over,817,719,98
S01008547,Economically active: Total,624,552,72
S01008547,Economically active: Employee: Total,520,461,59
S01008547,Economically active: Employee: Part-time (1),134,115,19
S01008547,Economically active: Employee: Full-time (1),386,346,40
S01008547,Economically active: Self-employed: Total,68,60,8
S01008547,Economically active: Self-employed: Part-time (1),20,18,2
S01008547,Economically active: Self-employed: Full-time (1),48,42,6
S01008547,Economically active: Unemployed (1),36,31,5
S01008547,Economically inactive,193,167,26
S01008548,All people aged 16 and over,653,571,82
S01008548,Economically active: Total,521,456,65
S01008548,Economically active: Employee: Total,432,379,53
S01008548,Economically active: Employee: Part-time (1),95,82,13
S01008548,Economically active: Employee: Full-time (1),337,297,40
S01008548,Economically active: Self-employed: Total,60,51,9
S01008548,Economically active: Self-employed: Part-time (1),16,16,0
S01008548,Economically active: Self-employed: Full-time (1),44,35,9
S01008548,Economically active: Unemployed (1),29,26,3
S01008548,Economically inactive,132,115,17
S01008549,All people aged 16 and over,801,725,76
S01008549,Economically active: Total,540,483,57
S01008549,Economically active: Employee: Total,430,389,41
S01008549,Economically active: Employee: Part-time (1),116,105,11
S01008549,Economically active: Employee: Full-time (1),314,284,30
S01008549,Economically active: Self-employed: Total,80,70,10
S01008549,Economically active: Self-employed: Part-time (1),17,14,3
S01008549,Economically active: Self-employed: Full-time (1),63,56,7
S01008549,Economically active: Unemployed (1),30,24,6
S01008549,Economically inactive,261,242,19
S01008550,All people aged 16 and over,660,570,90
S01008550,Economically active: Total,443,381,62
S01008550,Economically active: Employee: Total,375,329,46
S01008550,Economically active: Employee: Part-time (1),92,82,10
S01008550,Economically active: Employee: Full-time (1),283,247,36
S01008550,Economically active: Self-employed: Total,53,38,15
S01008550,Economically active: Self-employed: Part-time (1),9,8,1
S01008550,Economically active: Self-employed: Full-time (1),44,30,14
S01008550,Economically active: Unemployed (1),15,14,1
S01008550,Economically inactive,217,189,28
S01008551,All people aged 16 and over,873,783,90
S01008551,Economically active: Total,555,487,68
S01008551,Economically active: Employee: Total,455,407,48
S01008551,Economically active: Employee: Part-time (1),120,100,20
S01008551,Economically active: Employee: Full-time (1),335,307,28
S01008551,Economically active: Self-employed: Total,84,67,17
S01008551,Economically active: Self-employed: Part-time (1),19,15,4
S01008551,Economically active: Self-employed: Full-time (1),65,52,13
S01008551,Economically active: Unemployed (1),16,13,3
S01008551,Economically inactive,318,296,22
S01008552,All people aged 16 and over,745,677,68
S01008552,Economically active: Total,462,413,49
S01008552,Economically active: Employee: Total,379,341,38
S01008552,Economically active: Employee: Part-time (1),113,100,13
S01008552,Economically active: Employee: Full-time (1),266,241,25
S01008552,Economically active: Self-employed: Total,59,51,8
S01008552,Economically active: Self-employed: Part-time (1),17,13,4
S01008552,Economically active: Self-employed: Full-time (1),42,38,4
S01008552,Economically active: Unemployed (1),24,21,3
S01008552,Economically inactive,283,264,19
S01008553,All people aged 16 and over,460,410,50
S01008553,Economically active: Total,272,234,38
S01008553,Economically active: Employee: Total,218,186,32
S01008553,Economically active: Employee: Part-time (1),62,49,13
S01008553,Economically active: Employee: Full-time (1),156,137,19
S01008553,Economically active: Self-employed: Total,35,32,3
S01008553,Economically active: Self-employed: Part-time (1),12,11,1
S01008553,Economically active: Self-employed: Full-time (1),23,21,2
S01008553,Economically active: Unemployed (1),19,16,3
S01008553,Economically inactive,188,176,12
S01008554,All people aged 16 and over,765,658,107
S01008554,Economically active: Total,464,387,77
S01008554,Economically active: Employee: Total,342,283,59
S01008554,Economically active: Employee: Part-time (1),103,87,16
S01008554,Economically active: Employee: Full-time (1),239,196,43
S01008554,Economically active: Self-employed: Total,40,30,10
S01008554,Economically active: Self-employed: Part-time (1),14,10,4
S01008554,Economically active: Self-employed: Full-time (1),26,20,6
S01008554,Economically active: Unemployed (1),82,74,8
S01008554,Economically inactive,301,271,30
S01008555,All people aged 16 and over,796,698,98
S01008555,Economically active: Total,470,388,82
S01008555,Economically active: Employee: Total,366,295,71
S01008555,Economically active: Employee: Part-time (1),123,103,20
S01008555,Economically active: Employee: Full-time (1),243,192,51
S01008555,Economically active: Self-employed: Total,31,24,7
S01008555,Economically active: Self-employed: Part-time (1),11,8,3
S01008555,Economically active: Self-employed: Full-time (1),20,16,4
S01008555,Economically active: Unemployed (1),73,69,4
S01008555,Economically inactive,326,310,16
S01008556,All people aged 16 and over,590,514,76
S01008556,Economically active: Total,324,272,52
S01008556,Economically active: Employee: Total,256,209,47
S01008556,Economically active: Employee: Part-time (1),78,65,13
S01008556,Economically active: Employee: Full-time (1),178,144,34
S01008556,Economically active: Self-employed: Total,27,24,3
S01008556,Economically active: Self-employed: Part-time (1),9,9,0
S01008556,Economically active: Self-employed: Full-time (1),18,15,3
S01008556,Economically active: Unemployed (1),41,39,2
S01008556,Economically inactive,266,242,24
S01008557,All people aged 16 and over,682,568,114
S01008557,Economically active: Total,357,278,79
S01008557,Economically active: Employee: Total,281,216,65
S01008557,Economically active: Employee: Part-time (1),92,69,23
S01008557,Economically active: Employee: Full-time (1),189,147,42
S01008557,Economically active: Self-employed: Total,27,19,8
S01008557,Economically active: Self-employed: Part-time (1),9,5,4
S01008557,Economically active: Self-employed: Full-time (1),18,14,4
S01008557,Economically active: Unemployed (1),49,43,6
S01008557,Economically inactive,325,290,35
S01008558,All people aged 16 and over,712,627,85
S01008558,Economically active: Total,400,351,49
S01008558,Economically active: Employee: Total,326,286,40
S01008558,Economically active: Employee: Part-time (1),99,86,13
S01008558,Economically active: Employee: Full-time (1),227,200,27
S01008558,Economically active: Self-employed: Total,38,35,3
S01008558,Economically active: Self-employed: Part-time (1),13,11,2
S01008558,Economically active: Self-employed: Full-time (1),25,24,1
S01008558,Economically active: Unemployed (1),36,30,6
S01008558,Economically inactive,312,276,36
S01008559,All people aged 16 and over,554,508,46
S01008559,Economically active: Total,326,295,31
S01008559,Economically active: Employee: Total,265,236,29
S01008559,Economically active: Employee: Part-time (1),78,69,9
S01008559,Economically active: Employee: Full-time (1),187,167,20
S01008559,Economically active: Self-employed: Total,27,27,0
S01008559,Economically active: Self-employed: Part-time (1),9,9,0
S01008559,Economically active: Self-employed: Full-time (1),18,18,0
S01008559,Economically active: Unemployed (1),34,32,2
S01008559,Economically inactive,228,213,15
S01008560,All people aged 16 and over,550,477,73
S01008560,Economically active: Total,332,279,53
S01008560,Economically active: Employee: Total,275,226,49
S01008560,Economically active: Employee: Part-time (1),93,80,13
S01008560,Economically active: Employee: Full-time (1),182,146,36
S01008560,Economically active: Self-employed: Total,25,22,3
S01008560,Economically active: Self-employed: Part-time (1),5,5,0
S01008560,Economically active: Self-employed: Full-time (1),20,17,3
S01008560,Economically active: Unemployed (1),32,31,1
S01008560,Economically inactive,218,198,20
S01008561,All people aged 16 and over,528,474,54
S01008561,Economically active: Total,324,290,34
S01008561,Economically active: Employee: Total,269,241,28
S01008561,Economically active: Employee: Part-time (1),80,74,6
S01008561,Economically active: Employee: Full-time (1),189,167,22
S01008561,Economically active: Self-employed: Total,22,18,4
S01008561,Economically active: Self-employed: Part-time (1),7,6,1
S01008561,Economically active: Self-employed: Full-time (1),15,12,3
S01008561,Economically active: Unemployed (1),33,31,2
S01008561,Economically inactive,204,184,20
S01008562,All people aged 16 and over,489,443,46
S01008562,Economically active: Total,247,214,33
S01008562,Economically active: Employee: Total,188,159,29
S01008562,Economically active: Employee: Part-time (1),68,57,11
S01008562,Economically active: Employee: Full-time (1),120,102,18
S01008562,Economically active: Self-employed: Total,20,18,2
S01008562,Economically active: Self-employed: Part-time (1),5,5,0
S01008562,Economically active: Self-employed: Full-time (1),15,13,2
S01008562,Economically active: Unemployed (1),39,37,2
S01008562,Economically inactive,242,229,13
S01008563,All people aged 16 and over,652,572,80
S01008563,Economically active: Total,400,343,57
S01008563,Economically active: Employee: Total,329,282,47
S01008563,Economically active: Employee: Part-time (1),85,72,13
S01008563,Economically active: Employee: Full-time (1),244,210,34
S01008563,Economically active: Self-employed: Total,32,24,8
S01008563,Economically active: Self-employed: Part-time (1),8,4,4
S01008563,Economically active: Self-employed: Full-time (1),24,20,4
S01008563,Economically active: Unemployed (1),39,37,2
S01008563,Economically inactive,252,229,23
S01008564,All people aged 16 and over,527,490,37
S01008564,Economically active: Total,290,264,26
S01008564,Economically active: Employee: Total,244,224,20
S01008564,Economically active: Employee: Part-time (1),39,36,3
S01008564,Economically active: Employee: Full-time (1),205,188,17
S01008564,Economically active: Self-employed: Total,25,21,4
S01008564,Economically active: Self-employed: Part-time (1),7,5,2
S01008564,Economically active: Self-employed: Full-time (1),18,16,2
S01008564,Economically active: Unemployed (1),21,19,2
S01008564,Economically inactive,237,226,11
S01008565,All people aged 16 and over,721,621,100
S01008565,Economically active: Total,414,341,73
S01008565,Economically active: Employee: Total,328,269,59
S01008565,Economically active: Employee: Part-time (1),112,97,15
S01008565,Economically active: Employee: Full-time (1),216,172,44
S01008565,Economically active: Self-employed: Total,36,27,9
S01008565,Economically active: Self-employed: Part-time (1),10,6,4
S01008565,Economically active: Self-employed: Full-time (1),26,21,5
S01008565,Economically active: Unemployed (1),50,45,5
S01008565,Economically inactive,307,280,27
S01008566,All people aged 16 and over,817,743,74
S01008566,Economically active: Total,497,438,59
S01008566,Economically active: Employee: Total,395,351,44
S01008566,Economically active: Employee: Part-time (1),114,100,14
S01008566,Economically active: Employee: Full-time (1),281,251,30
S01008566,Economically active: Self-employed: Total,55,44,11
S01008566,Economically active: Self-employed: Part-time (1),19,15,4
S01008566,Economically active: Self-employed: Full-time (1),36,29,7
S01008566,Economically active: Unemployed (1),47,43,4
S01008566,Economically inactive,320,305,15
S01008567,All people aged 16 and over,574,508,66
S01008567,Economically active: Total,351,307,44
S01008567,Economically active: Employee: Total,287,249,38
S01008567,Economically active: Employee: Part-time (1),73,62,11
S01008567,Economically active: Employee: Full-time (1),214,187,27
S01008567,Economically active: Self-employed: Total,35,31,4
S01008567,Economically active: Self-employed: Part-time (1),14,14,0
S01008567,Economically active: Self-employed: Full-time (1),21,17,4
S01008567,Economically active: Unemployed (1),29,27,2
S01008567,Economically inactive,223,201,22
S01008568,All people aged 16 and over,627,516,111
S01008568,Economically active: Total,444,363,81
S01008568,Economically active: Employee: Total,372,303,69
S01008568,Economically active: Employee: Part-time (1),116,90,26
S01008568,Economically active: Employee: Full-time (1),256,213,43
S01008568,Economically active: Self-employed: Total,46,38,8
S01008568,Economically active: Self-employed: Part-time (1),11,11,0
S01008568,Economically active: Self-employed: Full-time (1),35,27,8
S01008568,Economically active: Unemployed (1),26,22,4
S01008568,Economically inactive,183,153,30
S01008569,All people aged 16 and over,517,422,95
S01008569,Economically active: Total,319,243,76
S01008569,Economically active: Employee: Total,210,158,52
S01008569,Economically active: Employee: Part-time (1),71,57,14
S01008569,Economically active: Employee: Full-time (1),139,101,38
S01008569,Economically active: Self-employed: Total,29,15,14
S01008569,Economically active: Self-employed: Part-time (1),15,6,9
S01008569,Economically active: Self-employed: Full-time (1),14,9,5
S01008569,Economically active: Unemployed (1),80,70,10
S01008569,Economically inactive,198,179,19
S01008570,All people aged 16 and over,719,612,107
S01008570,Economically active: Total,420,341,79
S01008570,Economically active: Employee: Total,312,249,63
S01008570,Economically active: Employee: Part-time (1),108,90,18
S01008570,Economically active: Employee: Full-time (1),204,159,45
S01008570,Economically active: Self-employed: Total,45,35,10
S01008570,Economically active: Self-employed: Part-time (1),17,14,3
S01008570,Economically active: Self-employed: Full-time (1),28,21,7
S01008570,Economically active: Unemployed (1),63,57,6
S01008570,Economically inactive,299,271,28
S01008571,All people aged 16 and over,564,512,52
S01008571,Economically active: Total,311,274,37
S01008571,Economically active: Employee: Total,251,223,28
S01008571,Economically active: Employee: Part-time (1),96,88,8
S01008571,Economically active: Employee: Full-time (1),155,135,20
S01008571,Economically active: Self-employed: Total,34,27,7
S01008571,Economically active: Self-employed: Part-time (1),9,6,3
S01008571,Economically active: Self-employed: Full-time (1),25,21,4
S01008571,Economically active: Unemployed (1),26,24,2
S01008571,Economically inactive,253,238,15
S01008572,All people aged 16 and over,735,623,112
S01008572,Economically active: Total,395,324,71
S01008572,Economically active: Employee: Total,317,256,61
S01008572,Economically active: Employee: Part-time (1),93,67,26
S01008572,Economically active: Employee: Full-time (1),224,189,35
S01008572,Economically active: Self-employed: Total,48,42,6
S01008572,Economically active: Self-employed: Part-time (1),13,12,1
S01008572,Economically active: Self-employed: Full-time (1),35,30,5
S01008572,Economically active: Unemployed (1),30,26,4
S01008572,Economically inactive,340,299,41
S01008573,All people aged 16 and over,700,581,119
S01008573,Economically active: Total,453,366,87
S01008573,Economically active: Employee: Total,355,292,63
S01008573,Economically active: Employee: Part-time (1),99,75,24
S01008573,Economically active: Employee: Full-time (1),256,217,39
S01008573,Economically active: Self-employed: Total,81,60,21
S01008573,Economically active: Self-employed: Part-time (1),19,14,5
S01008573,Economically active: Self-employed: Full-time (1),62,46,16
S01008573,Economically active: Unemployed (1),17,14,3
S01008573,Economically inactive,247,215,32
S01008574,All people aged 16 and over,624,539,85
S01008574,Economically active: Total,447,380,67
S01008574,Economically active: Employee: Total,386,330,56
S01008574,Economically active: Employee: Part-time (1),106,87,19
S01008574,Economically active: Employee: Full-time (1),280,243,37
S01008574,Economically active: Self-employed: Total,44,34,10
S01008574,Economically active: Self-employed: Part-time (1),9,8,1
S01008574,Economically active: Self-employed: Full-time (1),35,26,9
S01008574,Economically active: Unemployed (1),17,16,1
S01008574,Economically inactive,177,159,18
S01008575,All people aged 16 and over,644,549,95
S01008575,Economically active: Total,415,347,68
S01008575,Economically active: Employee: Total,323,275,48
S01008575,Economically active: Employee: Part-time (1),79,68,11
S01008575,Economically active: Employee: Full-time (1),244,207,37
S01008575,Economically active: Self-employed: Total,70,55,15
S01008575,Economically active: Self-employed: Part-time (1),17,15,2
S01008575,Economically active: Self-employed: Full-time (1),53,40,13
S01008575,Economically active: Unemployed (1),22,17,5
S01008575,Economically inactive,229,202,27
S01008576,All people aged 16 and over,725,641,84
S01008576,Economically active: Total,460,406,54
S01008576,Economically active: Employee: Total,383,338,45
S01008576,Economically active: Employee: Part-time (1),123,105,18
S01008576,Economically active: Employee: Full-time (1),260,233,27
S01008576,Economically active: Self-employed: Total,63,55,8
S01008576,Economically active: Self-employed: Part-time (1),18,16,2
S01008576,Economically active: Self-employed: Full-time (1),45,39,6
S01008576,Economically active: Unemployed (1),14,13,1
S01008576,Economically inactive,265,235,30
S01008577,All people aged 16 and over,787,736,51
S01008577,Economically active: Total,402,373,29
S01008577,Economically active: Employee: Total,296,277,19
S01008577,Economically active: Employee: Part-time (1),91,86,5
S01008577,Economically active: Employee: Full-time (1),205,191,14
S01008577,Economically active: Self-employed: Total,79,74,5
S01008577,Economically active: Self-employed: Part-time (1),21,20,1
S01008577,Economically active: Self-employed: Full-time (1),58,54,4
S01008577,Economically active: Unemployed (1),27,22,5
S01008577,Economically inactive,385,363,22
S01008578,All people aged 16 and over,659,595,64
S01008578,Economically active: Total,371,333,38
S01008578,Economically active: Employee: Total,289,261,28
S01008578,Economically active: Employee: Part-time (1),78,73,5
S01008578,Economically active: Employee: Full-time (1),211,188,23
S01008578,Economically active: Self-employed: Total,70,60,10
S01008578,Economically active: Self-employed: Part-time (1),23,20,3
S01008578,Economically active: Self-employed: Full-time (1),47,40,7
S01008578,Economically active: Unemployed (1),12,12,0
S01008578,Economically inactive,288,262,26
S01008579,All people aged 16 and over,677,612,65
S01008579,Economically active: Total,299,261,38
S01008579,Economically active: Employee: Total,232,203,29
S01008579,Economically active: Employee: Part-time (1),69,61,8
S01008579,Economically active: Employee: Full-time (1),163,142,21
S01008579,Economically active: Self-employed: Total,59,50,9
S01008579,Economically active: Self-employed: Part-time (1),24,20,4
S01008579,Economically active: Self-employed: Full-time (1),35,30,5
S01008579,Economically active: Unemployed (1),8,8,0
S01008579,Economically inactive,378,351,27
S01008580,All people aged 16 and over,466,381,85
S01008580,Economically active: Total,299,245,54
S01008580,Economically active: Employee: Total,250,203,47
S01008580,Economically active: Employee: Part-time (1),63,55,8
S01008580,Economically active: Employee: Full-time (1),187,148,39
S01008580,Economically active: Self-employed: Total,29,23,6
S01008580,Economically active: Self-employed: Part-time (1),15,9,6
S01008580,Economically active: Self-employed: Full-time (1),14,14,0
S01008580,Economically active: Unemployed (1),20,19,1
S01008580,Economically inactive,167,136,31
S01008581,All people aged 16 and over,771,661,110
S01008581,Economically active: Total,436,361,75
S01008581,Economically active: Employee: Total,359,295,64
S01008581,Economically active: Employee: Part-time (1),96,85,11
S01008581,Economically active: Employee: Full-time (1),263,210,53
S01008581,Economically active: Self-employed: Total,32,27,5
S01008581,Economically active: Self-employed: Part-time (1),13,13,0
S01008581,Economically active: Self-employed: Full-time (1),19,14,5
S01008581,Economically active: Unemployed (1),45,39,6
S01008581,Economically inactive,335,300,35
S01008582,All people aged 16 and over,837,724,113
S01008582,Economically active: Total,504,432,72
S01008582,Economically active: Employee: Total,410,352,58
S01008582,Economically active: Employee: Part-time (1),126,107,19
S01008582,Economically active: Employee: Full-time (1),284,245,39
S01008582,Economically active: Self-employed: Total,48,40,8
S01008582,Economically active: Self-employed: Part-time (1),9,8,1
S01008582,Economically active: Self-employed: Full-time (1),39,32,7
S01008582,Economically active: Unemployed (1),46,40,6
S01008582,Economically inactive,333,292,41
S01008583,All people aged 16 and over,595,463,132
S01008583,Economically active: Total,331,248,83
S01008583,Economically active: Employee: Total,279,206,73
S01008583,Economically active: Employee: Part-time (1),69,54,15
S01008583,Economically active: Employee: Full-time (1),210,152,58
S01008583,Economically active: Self-employed: Total,29,24,5
S01008583,Economically active: Self-employed: Part-time (1),8,6,2
S01008583,Economically active: Self-employed: Full-time (1),21,18,3
S01008583,Economically active: Unemployed (1),23,18,5
S01008583,Economically inactive,264,215,49
S01008584,All people aged 16 and over,685,565,120
S01008584,Economically active: Total,393,328,65
S01008584,Economically active: Employee: Total,320,271,49
S01008584,Economically active: Employee: Part-time (1),86,78,8
S01008584,Economically active: Employee: Full-time (1),234,193,41
S01008584,Economically active: Self-employed: Total,38,26,12
S01008584,Economically active: Self-employed: Part-time (1),12,8,4
S01008584,Economically active: Self-employed: Full-time (1),26,18,8
S01008584,Economically active: Unemployed (1),35,31,4
S01008584,Economically inactive,292,237,55
S01008585,All people aged 16 and over,469,372,97
S01008585,Economically active: Total,289,223,66
S01008585,Economically active: Employee: Total,244,185,59
S01008585,Economically active: Employee: Part-time (1),68,51,17
S01008585,Economically active: Employee: Full-time (1),176,134,42
S01008585,Economically active: Self-employed: Total,21,17,4
S01008585,Economically active: Self-employed: Part-time (1),8,6,2
S01008585,Economically active: Self-employed: Full-time (1),13,11,2
S01008585,Economically active: Unemployed (1),24,21,3
S01008585,Economically inactive,180,149,31
S01008586,All people aged 16 and over,665,587,78
S01008586,Economically active: Total,366,319,47
S01008586,Economically active: Employee: Total,301,259,42
S01008586,Economically active: Employee: Part-time (1),98,84,14
S01008586,Economically active: Employee: Full-time (1),203,175,28
S01008586,Economically active: Self-employed: Total,29,25,4
S01008586,Economically active: Self-employed: Part-time (1),11,10,1
S01008586,Economically active: Self-employed: Full-time (1),18,15,3
S01008586,Economically active: Unemployed (1),36,35,1
S01008586,Economically inactive,299,268,31
S01008587,All people aged 16 and over,802,548,254
S01008587,Economically active: Total,410,318,92
S01008587,Economically active: Employee: Total,317,259,58
S01008587,Economically active: Employee: Part-time (1),102,81,21
S01008587,Economically active: Employee: Full-time (1),215,178,37
S01008587,Economically active: Self-employed: Total,53,40,13
S01008587,Economically active: Self-employed: Part-time (1),20,17,3
S01008587,Economically active: Self-employed: Full-time (1),33,23,10
S01008587,Economically active: Unemployed (1),40,19,21
S01008587,Economically inactive,392,230,162
S01008588,All people aged 16 and over,621,547,74
S01008588,Economically active: Total,366,322,44
S01008588,Economically active: Employee: Total,298,267,31
S01008588,Economically active: Employee: Part-time (1),91,79,12
S01008588,Economically active: Employee: Full-time (1),207,188,19
S01008588,Economically active: Self-employed: Total,48,43,5
S01008588,Economically active: Self-employed: Part-time (1),17,16,1
S01008588,Economically active: Self-employed: Full-time (1),31,27,4
S01008588,Economically active: Unemployed (1),20,12,8
S01008588,Economically inactive,255,225,30
S01008589,All people aged 16 and over,313,278,35
S01008589,Economically active: Total,180,157,23
S01008589,Economically active: Employee: Total,152,132,20
S01008589,Economically active: Employee: Part-time (1),48,43,5
S01008589,Economically active: Employee: Full-time (1),104,89,15
S01008589,Economically active: Self-employed: Total,20,19,1
S01008589,Economically active: Self-employed: Part-time (1),6,5,1
S01008589,Economically active: Self-employed: Full-time (1),14,14,0
S01008589,Economically active: Unemployed (1),8,6,2
S01008589,Economically inactive,133,121,12
S01008590,All people aged 16 and over,646,528,118
S01008590,Economically active: Total,316,257,59
S01008590,Economically active: Employee: Total,280,225,55
S01008590,Economically active: Employee: Part-time (1),66,54,12
S01008590,Economically active: Employee: Full-time (1),214,171,43
S01008590,Economically active: Self-employed: Total,29,25,4
S01008590,Economically active: Self-employed: Part-time (1),10,7,3
S01008590,Economically active: Self-employed: Full-time (1),19,18,1
S01008590,Economically active: Unemployed (1),7,7,0
S01008590,Economically inactive,330,271,59
S01008591,All people aged 16 and over,677,543,134
S01008591,Economically active: Total,413,342,71
S01008591,Economically active: Employee: Total,336,281,55
S01008591,Economically active: Employee: Part-time (1),104,83,21
S01008591,Economically active: Employee: Full-time (1),232,198,34
S01008591,Economically active: Self-employed: Total,57,49,8
S01008591,Economically active: Self-employed: Part-time (1),23,20,3
S01008591,Economically active: Self-employed: Full-time (1),34,29,5
S01008591,Economically active: Unemployed (1),20,12,8
S01008591,Economically inactive,264,201,63
S01008592,All people aged 16 and over,612,472,140
S01008592,Economically active: Total,334,262,72
S01008592,Economically active: Employee: Total,282,223,59
S01008592,Economically active: Employee: Part-time (1),98,75,23
S01008592,Economically active: Employee: Full-time (1),184,148,36
S01008592,Economically active: Self-employed: Total,36,28,8
S01008592,Economically active: Self-employed: Part-time (1),11,4,7
S01008592,Economically active: Self-employed: Full-time (1),25,24,1
S01008592,Economically active: Unemployed (1),16,11,5
S01008592,Economically inactive,278,210,68
S01008593,All people aged 16 and over,622,540,82
S01008593,Economically active: Total,377,329,48
S01008593,Economically active: Employee: Total,281,248,33
S01008593,Economically active: Employee: Part-time (1),69,64,5
S01008593,Economically active: Employee: Full-time (1),212,184,28
S01008593,Economically active: Self-employed: Total,84,72,12
S01008593,Economically active: Self-employed: Part-time (1),35,30,5
S01008593,Economically active: Self-employed: Full-time (1),49,42,7
S01008593,Economically active: Unemployed (1),12,9,3
S01008593,Economically inactive,245,211,34
S01008594,All people aged 16 and over,881,694,187
S01008594,Economically active: Total,516,422,94
S01008594,Economically active: Employee: Total,401,328,73
S01008594,Economically active: Employee: Part-time (1),90,70,20
S01008594,Economically active: Employee: Full-time (1),311,258,53
S01008594,Economically active: Self-employed: Total,92,80,12
S01008594,Economically active: Self-employed: Part-time (1),32,25,7
S01008594,Economically active: Self-employed: Full-time (1),60,55,5
S01008594,Economically active: Unemployed (1),23,14,9
S01008594,Economically inactive,365,272,93
S01008595,All people aged 16 and over,818,679,139
S01008595,Economically active: Total,368,290,78
S01008595,Economically active: Employee: Total,315,249,66
S01008595,Economically active: Employee: Part-time (1),87,68,19
S01008595,Economically active: Employee: Full-time (1),228,181,47
S01008595,Economically active: Self-employed: Total,24,19,5
S01008595,Economically active: Self-employed: Part-time (1),11,9,2
S01008595,Economically active: Self-employed: Full-time (1),13,10,3
S01008595,Economically active: Unemployed (1),29,22,7
S01008595,Economically inactive,450,389,61
S01008596,All people aged 16 and over,746,602,144
S01008596,Economically active: Total,394,301,93
S01008596,Economically active: Employee: Total,317,247,70
S01008596,Economically active: Employee: Part-time (1),82,67,15
S01008596,Economically active: Employee: Full-time (1),235,180,55
S01008596,Economically active: Self-employed: Total,28,21,7
S01008596,Economically active: Self-employed: Part-time (1),11,8,3
S01008596,Economically active: Self-employed: Full-time (1),17,13,4
S01008596,Economically active: Unemployed (1),49,33,16
S01008596,Economically inactive,352,301,51
S01008597,All people aged 16 and over,740,677,63
S01008597,Economically active: Total,450,401,49
S01008597,Economically active: Employee: Total,357,315,42
S01008597,Economically active: Employee: Part-time (1),102,86,16
S01008597,Economically active: Employee: Full-time (1),255,229,26
S01008597,Economically active: Self-employed: Total,74,67,7
S01008597,Economically active: Self-employed: Part-time (1),26,23,3
S01008597,Economically active: Self-employed: Full-time (1),48,44,4
S01008597,Economically active: Unemployed (1),19,19,0
S01008597,Economically inactive,290,276,14
S01008598,All people aged 16 and over,746,558,188
S01008598,Economically active: Total,381,284,97
S01008598,Economically active: Employee: Total,304,228,76
S01008598,Economically active: Employee: Part-time (1),111,79,32
S01008598,Economically active: Employee: Full-time (1),193,149,44
S01008598,Economically active: Self-employed: Total,40,35,5
S01008598,Economically active: Self-employed: Part-time (1),8,8,0
S01008598,Economically active: Self-employed: Full-time (1),32,27,5
S01008598,Economically active: Unemployed (1),37,21,16
S01008598,Economically inactive,365,274,91
S01008599,All people aged 16 and over,806,588,218
S01008599,Economically active: Total,485,377,108
S01008599,Economically active: Employee: Total,381,297,84
S01008599,Economically active: Employee: Part-time (1),106,78,28
S01008599,Economically active: Employee: Full-time (1),275,219,56
S01008599,Economically active: Self-employed: Total,75,60,15
S01008599,Economically active: Self-employed: Part-time (1),16,12,4
S01008599,Economically active: Self-employed: Full-time (1),59,48,11
S01008599,Economically active: Unemployed (1),29,20,9
S01008599,Economically inactive,321,211,110
S01008600,All people aged 16 and over,665,481,184
S01008600,Economically active: Total,356,273,83
S01008600,Economically active: Employee: Total,241,182,59
S01008600,Economically active: Employee: Part-time (1),64,45,19
S01008600,Economically active: Employee: Full-time (1),177,137,40
S01008600,Economically active: Self-employed: Total,93,77,16
S01008600,Economically active: Self-employed: Part-time (1),35,23,12
S01008600,Economically active: Self-employed: Full-time (1),58,54,4
S01008600,Economically active: Unemployed (1),22,14,8
S01008600,Economically inactive,309,208,101
S01008601,All people aged 16 and over,2471,1613,858
S01008601,Economically active: Total,693,532,161
S01008601,Economically active: Employee: Total,455,355,100
S01008601,Economically active: Employee: Part-time (1),266,224,42
S01008601,Economically active: Employee: Full-time (1),189,131,58
S01008601,Economically active: Self-employed: Total,45,35,10
S01008601,Economically active: Self-employed: Part-time (1),29,21,8
S01008601,Economically active: Self-employed: Full-time (1),16,14,2
S01008601,Economically active: Unemployed (1),193,142,51
S01008601,Economically inactive,1778,1081,697
S01008602,All people aged 16 and over,608,434,174
S01008602,Economically active: Total,336,263,73
S01008602,Economically active: Employee: Total,252,198,54
S01008602,Economically active: Employee: Part-time (1),84,65,19
S01008602,Economically active: Employee: Full-time (1),168,133,35
S01008602,Economically active: Self-employed: Total,44,35,9
S01008602,Economically active: Self-employed: Part-time (1),13,12,1
S01008602,Economically active: Self-employed: Full-time (1),31,23,8
S01008602,Economically active: Unemployed (1),40,30,10
S01008602,Economically inactive,272,171,101
S01008603,All people aged 16 and over,1069,773,296
S01008603,Economically active: Total,582,429,153
S01008603,Economically active: Employee: Total,472,346,126
S01008603,Economically active: Employee: Part-time (1),146,98,48
S01008603,Economically active: Employee: Full-time (1),326,248,78
S01008603,Economically active: Self-employed: Total,53,41,12
S01008603,Economically active: Self-employed: Part-time (1),22,14,8
S01008603,Economically active: Self-employed: Full-time (1),31,27,4
S01008603,Economically active: Unemployed (1),57,42,15
S01008603,Economically inactive,487,344,143
S01008604,All people aged 16 and over,830,588,242
S01008604,Economically active: Total,459,360,99
S01008604,Economically active: Employee: Total,351,274,77
S01008604,Economically active: Employee: Part-time (1),105,90,15
S01008604,Economically active: Employee: Full-time (1),246,184,62
S01008604,Economically active: Self-employed: Total,80,68,12
S01008604,Economically active: Self-employed: Part-time (1),22,18,4
S01008604,Economically active: Self-employed: Full-time (1),58,50,8
S01008604,Economically active: Unemployed (1),28,18,10
S01008604,Economically inactive,371,228,143
S01008605,All people aged 16 and over,629,478,151
S01008605,Economically active: Total,401,321,80
S01008605,Economically active: Employee: Total,315,256,59
S01008605,Economically active: Employee: Part-time (1),67,55,12
S01008605,Economically active: Employee: Full-time (1),248,201,47
S01008605,Economically active: Self-employed: Total,58,45,13
S01008605,Economically active: Self-employed: Part-time (1),23,17,6
S01008605,Economically active: Self-employed: Full-time (1),35,28,7
S01008605,Economically active: Unemployed (1),28,20,8
S01008605,Economically inactive,228,157,71
S01008606,All people aged 16 and over,607,494,113
S01008606,Economically active: Total,393,328,65
S01008606,Economically active: Employee: Total,302,252,50
S01008606,Economically active: Employee: Part-time (1),99,88,11
S01008606,Economically active: Employee: Full-time (1),203,164,39
S01008606,Economically active: Self-employed: Total,79,65,14
S01008606,Economically active: Self-employed: Part-time (1),33,27,6
S01008606,Economically active: Self-employed: Full-time (1),46,38,8
S01008606,Economically active: Unemployed (1),12,11,1
S01008606,Economically inactive,214,166,48
S01008607,All people aged 16 and over,513,447,66
S01008607,Economically active: Total,285,245,40
S01008607,Economically active: Employee: Total,194,164,30
S01008607,Economically active: Employee: Part-time (1),57,46,11
S01008607,Economically active: Employee: Full-time (1),137,118,19
S01008607,Economically active: Self-employed: Total,77,70,7
S01008607,Economically active: Self-employed: Part-time (1),33,29,4
S01008607,Economically active: Self-employed: Full-time (1),44,41,3
S01008607,Economically active: Unemployed (1),14,11,3
S01008607,Economically inactive,228,202,26
S01008608,All people aged 16 and over,637,553,84
S01008608,Economically active: Total,326,274,52
S01008608,Economically active: Employee: Total,251,211,40
S01008608,Economically active: Employee: Part-time (1),68,55,13
S01008608,Economically active: Employee: Full-time (1),183,156,27
S01008608,Economically active: Self-employed: Total,66,57,9
S01008608,Economically active: Self-employed: Part-time (1),28,23,5
S01008608,Economically active: Self-employed: Full-time (1),38,34,4
S01008608,Economically active: Unemployed (1),9,6,3
S01008608,Economically inactive,311,279,32
S01008609,All people aged 16 and over,800,704,96
S01008609,Economically active: Total,403,357,46
S01008609,Economically active: Employee: Total,302,268,34
S01008609,Economically active: Employee: Part-time (1),77,69,8
S01008609,Economically active: Employee: Full-time (1),225,199,26
S01008609,Economically active: Self-employed: Total,89,79,10
S01008609,Economically active: Self-employed: Part-time (1),21,18,3
S01008609,Economically active: Self-employed: Full-time (1),68,61,7
S01008609,Economically active: Unemployed (1),12,10,2
S01008609,Economically inactive,397,347,50
S01008610,All people aged 16 and over,734,629,105
S01008610,Economically active: Total,350,298,52
S01008610,Economically active: Employee: Total,279,239,40
S01008610,Economically active: Employee: Part-time (1),80,67,13
S01008610,Economically active: Employee: Full-time (1),199,172,27
S01008610,Economically active: Self-employed: Total,62,50,12
S01008610,Economically active: Self-employed: Part-time (1),20,17,3
S01008610,Economically active: Self-employed: Full-time (1),42,33,9
S01008610,Economically active: Unemployed (1),9,9,0
S01008610,Economically inactive,384,331,53
S01008611,All people aged 16 and over,1329,856,473
S01008611,Economically active: Total,664,504,160
S01008611,Economically active: Employee: Total,511,393,118
S01008611,Economically active: Employee: Part-time (1),179,135,44
S01008611,Economically active: Employee: Full-time (1),332,258,74
S01008611,Economically active: Self-employed: Total,73,57,16
S01008611,Economically active: Self-employed: Part-time (1),39,29,10
S01008611,Economically active: Self-employed: Full-time (1),34,28,6
S01008611,Economically active: Unemployed (1),80,54,26
S01008611,Economically inactive,665,352,313
S01008612,All people aged 16 and over,725,528,197
S01008612,Economically active: Total,409,302,107
S01008612,Economically active: Employee: Total,338,252,86
S01008612,Economically active: Employee: Part-time (1),112,90,22
S01008612,Economically active: Employee: Full-time (1),226,162,64
S01008612,Economically active: Self-employed: Total,40,27,13
S01008612,Economically active: Self-employed: Part-time (1),15,8,7
S01008612,Economically active: Self-employed: Full-time (1),25,19,6
S01008612,Economically active: Unemployed (1),31,23,8
S01008612,Economically inactive,316,226,90
S01008613,All people aged 16 and over,693,515,178
S01008613,Economically active: Total,383,294,89
S01008613,Economically active: Employee: Total,307,237,70
S01008613,Economically active: Employee: Part-time (1),115,92,23
S01008613,Economically active: Employee: Full-time (1),192,145,47
S01008613,Economically active: Self-employed: Total,57,42,15
S01008613,Economically active: Self-employed: Part-time (1),16,11,5
S01008613,Economically active: Self-employed: Full-time (1),41,31,10
S01008613,Economically active: Unemployed (1),19,15,4
S01008613,Economically inactive,310,221,89
S01008614,All people aged 16 and over,643,490,153
S01008614,Economically active: Total,320,252,68
S01008614,Economically active: Employee: Total,263,209,54
S01008614,Economically active: Employee: Part-time (1),100,82,18
S01008614,Economically active: Employee: Full-time (1),163,127,36
S01008614,Economically active: Self-employed: Total,33,24,9
S01008614,Economically active: Self-employed: Part-time (1),19,13,6
S01008614,Economically active: Self-employed: Full-time (1),14,11,3
S01008614,Economically active: Unemployed (1),24,19,5
S01008614,Economically inactive,323,238,85
S01008615,All people aged 16 and over,782,589,193
S01008615,Economically active: Total,392,301,91
S01008615,Economically active: Employee: Total,317,247,70
S01008615,Economically active: Employee: Part-time (1),118,101,17
S01008615,Economically active: Employee: Full-time (1),199,146,53
S01008615,Economically active: Self-employed: Total,51,40,11
S01008615,Economically active: Self-employed: Part-time (1),21,17,4
S01008615,Economically active: Self-employed: Full-time (1),30,23,7
S01008615,Economically active: Unemployed (1),24,14,10
S01008615,Economically inactive,390,288,102
S01008616,All people aged 16 and over,676,519,157
S01008616,Economically active: Total,342,269,73
S01008616,Economically active: Employee: Total,278,218,60
S01008616,Economically active: Employee: Part-time (1),125,103,22
S01008616,Economically active: Employee: Full-time (1),153,115,38
S01008616,Economically active: Self-employed: Total,41,32,9
S01008616,Economically active: Self-employed: Part-time (1),17,14,3
S01008616,Economically active: Self-employed: Full-time (1),24,18,6
S01008616,Economically active: Unemployed (1),23,19,4
S01008616,Economically inactive,334,250,84
S01008617,All people aged 16 and over,754,607,147
S01008617,Economically active: Total,338,273,65
S01008617,Economically active: Employee: Total,254,207,47
S01008617,Economically active: Employee: Part-time (1),118,100,18
S01008617,Economically active: Employee: Full-time (1),136,107,29
S01008617,Economically active: Self-employed: Total,52,42,10
S01008617,Economically active: Self-employed: Part-time (1),27,21,6
S01008617,Economically active: Self-employed: Full-time (1),25,21,4
S01008617,Economically active: Unemployed (1),32,24,8
S01008617,Economically inactive,416,334,82
S01008618,All people aged 16 and over,681,522,159
S01008618,Economically active: Total,330,248,82
S01008618,Economically active: Employee: Total,270,204,66
S01008618,Economically active: Employee: Part-time (1),116,95,21
S01008618,Economically active: Employee: Full-time (1),154,109,45
S01008618,Economically active: Self-employed: Total,27,18,9
S01008618,Economically active: Self-employed: Part-time (1),9,6,3
S01008618,Economically active: Self-employed: Full-time (1),18,12,6
S01008618,Economically active: Unemployed (1),33,26,7
S01008618,Economically inactive,351,274,77
S01008619,All people aged 16 and over,493,367,126
S01008619,Economically active: Total,282,210,72
S01008619,Economically active: Employee: Total,226,165,61
S01008619,Economically active: Employee: Part-time (1),82,61,21
S01008619,Economically active: Employee: Full-time (1),144,104,40
S01008619,Economically active: Self-employed: Total,34,29,5
S01008619,Economically active: Self-employed: Part-time (1),16,13,3
S01008619,Economically active: Self-employed: Full-time (1),18,16,2
S01008619,Economically active: Unemployed (1),22,16,6
S01008619,Economically inactive,211,157,54
S01008620,All people aged 16 and over,766,549,217
S01008620,Economically active: Total,398,292,106
S01008620,Economically active: Employee: Total,314,227,87
S01008620,Economically active: Employee: Part-time (1),111,84,27
S01008620,Economically active: Employee: Full-time (1),203,143,60
S01008620,Economically active: Self-employed: Total,47,35,12
S01008620,Economically active: Self-employed: Part-time (1),19,14,5
S01008620,Economically active: Self-employed: Full-time (1),28,21,7
S01008620,Economically active: Unemployed (1),37,30,7
S01008620,Economically inactive,368,257,111
S01008621,All people aged 16 and over,710,551,159
S01008621,Economically active: Total,362,285,77
S01008621,Economically active: Employee: Total,272,214,58
S01008621,Economically active: Employee: Part-time (1),126,103,23
S01008621,Economically active: Employee: Full-time (1),146,111,35
S01008621,Economically active: Self-employed: Total,56,47,9
S01008621,Economically active: Self-employed: Part-time (1),23,20,3
S01008621,Economically active: Self-employed: Full-time (1),33,27,6
S01008621,Economically active: Unemployed (1),34,24,10
S01008621,Economically inactive,348,266,82
S01008622,All people aged 16 and over,468,349,119
S01008622,Economically active: Total,276,207,69
S01008622,Economically active: Employee: Total,219,159,60
S01008622,Economically active: Employee: Part-time (1),68,52,16
S01008622,Economically active: Employee: Full-time (1),151,107,44
S01008622,Economically active: Self-employed: Total,34,30,4
S01008622,Economically active: Self-employed: Part-time (1),16,13,3
S01008622,Economically active: Self-employed: Full-time (1),18,17,1
S01008622,Economically active: Unemployed (1),23,18,5
S01008622,Economically inactive,192,142,50
S01008623,All people aged 16 and over,858,608,250
S01008623,Economically active: Total,425,314,111
S01008623,Economically active: Employee: Total,308,241,67
S01008623,Economically active: Employee: Part-time (1),126,101,25
S01008623,Economically active: Employee: Full-time (1),182,140,42
S01008623,Economically active: Self-employed: Total,77,51,26
S01008623,Economically active: Self-employed: Part-time (1),23,15,8
S01008623,Economically active: Self-employed: Full-time (1),54,36,18
S01008623,Economically active: Unemployed (1),40,22,18
S01008623,Economically inactive,433,294,139
S01008624,All people aged 16 and over,670,590,80
S01008624,Economically active: Total,278,239,39
S01008624,Economically active: Employee: Total,207,180,27
S01008624,Economically active: Employee: Part-time (1),53,50,3
S01008624,Economically active: Employee: Full-time (1),154,130,24
S01008624,Economically active: Self-employed: Total,64,54,10
S01008624,Economically active: Self-employed: Part-time (1),32,27,5
S01008624,Economically active: Self-employed: Full-time (1),32,27,5
S01008624,Economically active: Unemployed (1),7,5,2
S01008624,Economically inactive,392,351,41
S01008625,All people aged 16 and over,464,412,52
S01008625,Economically active: Total,274,248,26
S01008625,Economically active: Employee: Total,207,185,22
S01008625,Economically active: Employee: Part-time (1),62,55,7
S01008625,Economically active: Employee: Full-time (1),145,130,15
S01008625,Economically active: Self-employed: Total,57,53,4
S01008625,Economically active: Self-employed: Part-time (1),15,14,1
S01008625,Economically active: Self-employed: Full-time (1),42,39,3
S01008625,Economically active: Unemployed (1),10,10,0
S01008625,Economically inactive,190,164,26
S01008626,All people aged 16 and over,744,616,128
S01008626,Economically active: Total,498,402,96
S01008626,Economically active: Employee: Total,410,336,74
S01008626,Economically active: Employee: Part-time (1),100,84,16
S01008626,Economically active: Employee: Full-time (1),310,252,58
S01008626,Economically active: Self-employed: Total,75,56,19
S01008626,Economically active: Self-employed: Part-time (1),22,15,7
S01008626,Economically active: Self-employed: Full-time (1),53,41,12
S01008626,Economically active: Unemployed (1),13,10,3
S01008626,Economically inactive,246,214,32
S01008627,All people aged 16 and over,581,485,96
S01008627,Economically active: Total,348,288,60
S01008627,Economically active: Employee: Total,259,218,41
S01008627,Economically active: Employee: Part-time (1),78,63,15
S01008627,Economically active: Employee: Full-time (1),181,155,26
S01008627,Economically active: Self-employed: Total,78,62,16
S01008627,Economically active: Self-employed: Part-time (1),17,13,4
S01008627,Economically active: Self-employed: Full-time (1),61,49,12
S01008627,Economically active: Unemployed (1),11,8,3
S01008627,Economically inactive,233,197,36
S01008628,All people aged 16 and over,551,435,116
S01008628,Economically active: Total,348,277,71
S01008628,Economically active: Employee: Total,283,228,55
S01008628,Economically active: Employee: Part-time (1),72,58,14
S01008628,Economically active: Employee: Full-time (1),211,170,41
S01008628,Economically active: Self-employed: Total,51,38,13
S01008628,Economically active: Self-employed: Part-time (1),12,7,5
S01008628,Economically active: Self-employed: Full-time (1),39,31,8
S01008628,Economically active: Unemployed (1),14,11,3
S01008628,Economically inactive,203,158,45
S01008629,All people aged 16 and over,492,389,103
S01008629,Economically active: Total,312,245,67
S01008629,Economically active: Employee: Total,260,200,60
S01008629,Economically active: Employee: Part-time (1),76,59,17
S01008629,Economically active: Employee: Full-time (1),184,141,43
S01008629,Economically active: Self-employed: Total,37,32,5
S01008629,Economically active: Self-employed: Part-time (1),13,11,2
S01008629,Economically active: Self-employed: Full-time (1),24,21,3
S01008629,Economically active: Unemployed (1),15,13,2
S01008629,Economically inactive,180,144,36
S01008630,All people aged 16 and over,503,390,113
S01008630,Economically active: Total,318,256,62
S01008630,Economically active: Employee: Total,261,212,49
S01008630,Economically active: Employee: Part-time (1),72,59,13
S01008630,Economically active: Employee: Full-time (1),189,153,36
S01008630,Economically active: Self-employed: Total,34,30,4
S01008630,Economically active: Self-employed: Part-time (1),9,8,1
S01008630,Economically active: Self-employed: Full-time (1),25,22,3
S01008630,Economically active: Unemployed (1),23,14,9
S01008630,Economically inactive,185,134,51
S01008631,All people aged 16 and over,712,546,166
S01008631,Economically active: Total,538,412,126
S01008631,Economically active: Employee: Total,447,346,101
S01008631,Economically active: Employee: Part-time (1),97,65,32
S01008631,Economically active: Employee: Full-time (1),350,281,69
S01008631,Economically active: Self-employed: Total,65,47,18
S01008631,Economically active: Self-employed: Part-time (1),19,15,4
S01008631,Economically active: Self-employed: Full-time (1),46,32,14
S01008631,Economically active: Unemployed (1),26,19,7
S01008631,Economically inactive,174,134,40
S01008632,All people aged 16 and over,865,731,134
S01008632,Economically active: Total,495,398,97
S01008632,Economically active: Employee: Total,401,323,78
S01008632,Economically active: Employee: Part-time (1),88,68,20
S01008632,Economically active: Employee: Full-time (1),313,255,58
S01008632,Economically active: Self-employed: Total,59,48,11
S01008632,Economically active: Self-employed: Part-time (1),17,12,5
S01008632,Economically active: Self-employed: Full-time (1),42,36,6
S01008632,Economically active: Unemployed (1),35,27,8
S01008632,Economically inactive,370,333,37
S01008633,All people aged 16 and over,785,670,115
S01008633,Economically active: Total,390,327,63
S01008633,Economically active: Employee: Total,292,248,44
S01008633,Economically active: Employee: Part-time (1),87,68,19
S01008633,Economically active: Employee: Full-time (1),205,180,25
S01008633,Economically active: Self-employed: Total,76,62,14
S01008633,Economically active: Self-employed: Part-time (1),19,16,3
S01008633,Economically active: Self-employed: Full-time (1),57,46,11
S01008633,Economically active: Unemployed (1),22,17,5
S01008633,Economically inactive,395,343,52
S01008634,All people aged 16 and over,612,470,142
S01008634,Economically active: Total,376,307,69
S01008634,Economically active: Employee: Total,282,236,46
S01008634,Economically active: Employee: Part-time (1),93,76,17
S01008634,Economically active: Employee: Full-time (1),189,160,29
S01008634,Economically active: Self-employed: Total,72,54,18
S01008634,Economically active: Self-employed: Part-time (1),22,17,5
S01008634,Economically active: Self-employed: Full-time (1),50,37,13
S01008634,Economically active: Unemployed (1),22,17,5
S01008634,Economically inactive,236,163,73
S01008635,All people aged 16 and over,746,565,181
S01008635,Economically active: Total,479,363,116
S01008635,Economically active: Employee: Total,365,283,82
S01008635,Economically active: Employee: Part-time (1),90,67,23
S01008635,Economically active: Employee: Full-time (1),275,216,59
S01008635,Economically active: Self-employed: Total,89,66,23
S01008635,Economically active: Self-employed: Part-time (1),30,23,7
S01008635,Economically active: Self-employed: Full-time (1),59,43,16
S01008635,Economically active: Unemployed (1),25,14,11
S01008635,Economically inactive,267,202,65
S01008636,All people aged 16 and over,749,585,164
S01008636,Economically active: Total,452,352,100
S01008636,Economically active: Employee: Total,354,271,83
S01008636,Economically active: Employee: Part-time (1),106,83,23
S01008636,Economically active: Employee: Full-time (1),248,188,60
S01008636,Economically active: Self-employed: Total,76,63,13
S01008636,Economically active: Self-employed: Part-time (1),24,20,4
S01008636,Economically active: Self-employed: Full-time (1),52,43,9
S01008636,Economically active: Unemployed (1),22,18,4
S01008636,Economically inactive,297,233,64
S01008637,All people aged 16 and over,608,500,108
S01008637,Economically active: Total,360,294,66
S01008637,Economically active: Employee: Total,286,231,55
S01008637,Economically active: Employee: Part-time (1),54,43,11
S01008637,Economically active: Employee: Full-time (1),232,188,44
S01008637,Economically active: Self-employed: Total,59,51,8
S01008637,Economically active: Self-employed: Part-time (1),17,14,3
S01008637,Economically active: Self-employed: Full-time (1),42,37,5
S01008637,Economically active: Unemployed (1),15,12,3
S01008637,Economically inactive,248,206,42
S01008638,All people aged 16 and over,775,574,201
S01008638,Economically active: Total,391,275,116
S01008638,Economically active: Employee: Total,321,226,95
S01008638,Economically active: Employee: Part-time (1),94,66,28
S01008638,Economically active: Employee: Full-time (1),227,160,67
S01008638,Economically active: Self-employed: Total,50,41,9
S01008638,Economically active: Self-employed: Part-time (1),16,13,3
S01008638,Economically active: Self-employed: Full-time (1),34,28,6
S01008638,Economically active: Unemployed (1),20,8,12
S01008638,Economically inactive,384,299,85
S01008639,All people aged 16 and over,795,584,211
S01008639,Economically active: Total,596,449,147
S01008639,Economically active: Employee: Total,484,367,117
S01008639,Economically active: Employee: Part-time (1),123,88,35
S01008639,Economically active: Employee: Full-time (1),361,279,82
S01008639,Economically active: Self-employed: Total,74,54,20
S01008639,Economically active: Self-employed: Part-time (1),21,16,5
S01008639,Economically active: Self-employed: Full-time (1),53,38,15
S01008639,Economically active: Unemployed (1),38,28,10
S01008639,Economically inactive,199,135,64
S01008640,All people aged 16 and over,699,537,162
S01008640,Economically active: Total,484,384,100
S01008640,Economically active: Employee: Total,400,317,83
S01008640,Economically active: Employee: Part-time (1),91,76,15
S01008640,Economically active: Employee: Full-time (1),309,241,68
S01008640,Economically active: Self-employed: Total,57,46,11
S01008640,Economically active: Self-employed: Part-time (1),23,17,6
S01008640,Economically active: Self-employed: Full-time (1),34,29,5
S01008640,Economically active: Unemployed (1),27,21,6
S01008640,Economically inactive,215,153,62
S01008641,All people aged 16 and over,784,605,179
S01008641,Economically active: Total,472,358,114
S01008641,Economically active: Employee: Total,406,313,93
S01008641,Economically active: Employee: Part-time (1),125,98,27
S01008641,Economically active: Employee: Full-time (1),281,215,66
S01008641,Economically active: Self-employed: Total,41,32,9
S01008641,Economically active: Self-employed: Part-time (1),13,10,3
S01008641,Economically active: Self-employed: Full-time (1),28,22,6
S01008641,Economically active: Unemployed (1),25,13,12
S01008641,Economically inactive,312,247,65
S01008642,All people aged 16 and over,830,647,183
S01008642,Economically active: Total,593,477,116
S01008642,Economically active: Employee: Total,493,407,86
S01008642,Economically active: Employee: Part-time (1),133,108,25
S01008642,Economically active: Employee: Full-time (1),360,299,61
S01008642,Economically active: Self-employed: Total,65,46,19
S01008642,Economically active: Self-employed: Part-time (1),22,18,4
S01008642,Economically active: Self-employed: Full-time (1),43,28,15
S01008642,Economically active: Unemployed (1),35,24,11
S01008642,Economically inactive,237,170,67
S01008643,All people aged 16 and over,608,479,129
S01008643,Economically active: Total,461,360,101
S01008643,Economically active: Employee: Total,374,296,78
S01008643,Economically active: Employee: Part-time (1),80,66,14
S01008643,Economically active: Employee: Full-time (1),294,230,64
S01008643,Economically active: Self-employed: Total,64,49,15
S01008643,Economically active: Self-employed: Part-time (1),23,17,6
S01008643,Economically active: Self-employed: Full-time (1),41,32,9
S01008643,Economically active: Unemployed (1),23,15,8
S01008643,Economically inactive,147,119,28
S01008644,All people aged 16 and over,706,497,209
S01008644,Economically active: Total,445,337,108
S01008644,Economically active: Employee: Total,380,294,86
S01008644,Economically active: Employee: Part-time (1),82,67,15
S01008644,Economically active: Employee: Full-time (1),298,227,71
S01008644,Economically active: Self-employed: Total,40,29,11
S01008644,Economically active: Self-employed: Part-time (1),18,10,8
S01008644,Economically active: Self-employed: Full-time (1),22,19,3
S01008644,Economically active: Unemployed (1),25,14,11
S01008644,Economically inactive,261,160,101
S01008645,All people aged 16 and over,730,522,208
S01008645,Economically active: Total,489,367,122
S01008645,Economically active: Employee: Total,427,321,106
S01008645,Economically active: Employee: Part-time (1),126,92,34
S01008645,Economically active: Employee: Full-time (1),301,229,72
S01008645,Economically active: Self-employed: Total,34,25,9
S01008645,Economically active: Self-employed: Part-time (1),10,7,3
S01008645,Economically active: Self-employed: Full-time (1),24,18,6
S01008645,Economically active: Unemployed (1),28,21,7
S01008645,Economically inactive,241,155,86
S01008646,All people aged 16 and over,739,551,188
S01008646,Economically active: Total,560,421,139
S01008646,Economically active: Employee: Total,482,363,119
S01008646,Economically active: Employee: Part-time (1),131,89,42
S01008646,Economically active: Employee: Full-time (1),351,274,77
S01008646,Economically active: Self-employed: Total,44,35,9
S01008646,Economically active: Self-employed: Part-time (1),14,11,3
S01008646,Economically active: Self-employed: Full-time (1),30,24,6
S01008646,Economically active: Unemployed (1),34,23,11
S01008646,Economically inactive,179,130,49
S01008647,All people aged 16 and over,548,395,153
S01008647,Economically active: Total,439,334,105
S01008647,Economically active: Employee: Total,391,296,95
S01008647,Economically active: Employee: Part-time (1),76,54,22
S01008647,Economically active: Employee: Full-time (1),315,242,73
S01008647,Economically active: Self-employed: Total,31,25,6
S01008647,Economically active: Self-employed: Part-time (1),7,4,3
S01008647,Economically active: Self-employed: Full-time (1),24,21,3
S01008647,Economically active: Unemployed (1),17,13,4
S01008647,Economically inactive,109,61,48
S01008648,All people aged 16 and over,572,419,153
S01008648,Economically active: Total,419,302,117
S01008648,Economically active: Employee: Total,376,274,102
S01008648,Economically active: Employee: Part-time (1),81,59,22
S01008648,Economically active: Employee: Full-time (1),295,215,80
S01008648,Economically active: Self-employed: Total,19,14,5
S01008648,Economically active: Self-employed: Part-time (1),5,3,2
S01008648,Economically active: Self-employed: Full-time (1),14,11,3
S01008648,Economically active: Unemployed (1),24,14,10
S01008648,Economically inactive,153,117,36
S01008649,All people aged 16 and over,869,633,236
S01008649,Economically active: Total,628,463,165
S01008649,Economically active: Employee: Total,553,419,134
S01008649,Economically active: Employee: Part-time (1),75,46,29
S01008649,Economically active: Employee: Full-time (1),478,373,105
S01008649,Economically active: Self-employed: Total,31,21,10
S01008649,Economically active: Self-employed: Part-time (1),10,6,4
S01008649,Economically active: Self-employed: Full-time (1),21,15,6
S01008649,Economically active: Unemployed (1),44,23,21
S01008649,Economically inactive,241,170,71
S01008650,All people aged 16 and over,703,486,217
S01008650,Economically active: Total,546,383,163
S01008650,Economically active: Employee: Total,483,343,140
S01008650,Economically active: Employee: Part-time (1),103,61,42
S01008650,Economically active: Employee: Full-time (1),380,282,98
S01008650,Economically active: Self-employed: Total,32,21,11
S01008650,Economically active: Self-employed: Part-time (1),11,8,3
S01008650,Economically active: Self-employed: Full-time (1),21,13,8
S01008650,Economically active: Unemployed (1),31,19,12
S01008650,Economically inactive,157,103,54
S01008651,All people aged 16 and over,946,662,284
S01008651,Economically active: Total,583,447,136
S01008651,Economically active: Employee: Total,461,354,107
S01008651,Economically active: Employee: Part-time (1),147,102,45
S01008651,Economically active: Employee: Full-time (1),314,252,62
S01008651,Economically active: Self-employed: Total,51,40,11
S01008651,Economically active: Self-employed: Part-time (1),19,14,5
S01008651,Economically active: Self-employed: Full-time (1),32,26,6
S01008651,Economically active: Unemployed (1),71,53,18
S01008651,Economically inactive,363,215,148
S01008652,All people aged 16 and over,548,407,141
S01008652,Economically active: Total,423,311,112
S01008652,Economically active: Employee: Total,350,258,92
S01008652,Economically active: Employee: Part-time (1),84,61,23
S01008652,Economically active: Employee: Full-time (1),266,197,69
S01008652,Economically active: Self-employed: Total,31,21,10
S01008652,Economically active: Self-employed: Part-time (1),13,10,3
S01008652,Economically active: Self-employed: Full-time (1),18,11,7
S01008652,Economically active: Unemployed (1),42,32,10
S01008652,Economically inactive,125,96,29
S01008653,All people aged 16 and over,640,452,188
S01008653,Economically active: Total,435,307,128
S01008653,Economically active: Employee: Total,367,256,111
S01008653,Economically active: Employee: Part-time (1),85,65,20
S01008653,Economically active: Employee: Full-time (1),282,191,91
S01008653,Economically active: Self-employed: Total,23,18,5
S01008653,Economically active: Self-employed: Part-time (1),10,6,4
S01008653,Economically active: Self-employed: Full-time (1),13,12,1
S01008653,Economically active: Unemployed (1),45,33,12
S01008653,Economically inactive,205,145,60
S01008654,All people aged 16 and over,887,556,331
S01008654,Economically active: Total,647,422,225
S01008654,Economically active: Employee: Total,547,351,196
S01008654,Economically active: Employee: Part-time (1),137,79,58
S01008654,Economically active: Employee: Full-time (1),410,272,138
S01008654,Economically active: Self-employed: Total,44,30,14
S01008654,Economically active: Self-employed: Part-time (1),21,13,8
S01008654,Economically active: Self-employed: Full-time (1),23,17,6
S01008654,Economically active: Unemployed (1),56,41,15
S01008654,Economically inactive,240,134,106
S01008655,All people aged 16 and over,754,500,254
S01008655,Economically active: Total,545,361,184
S01008655,Economically active: Employee: Total,478,318,160
S01008655,Economically active: Employee: Part-time (1),96,76,20
S01008655,Economically active: Employee: Full-time (1),382,242,140
S01008655,Economically active: Self-employed: Total,36,25,11
S01008655,Economically active: Self-employed: Part-time (1),10,5,5
S01008655,Economically active: Self-employed: Full-time (1),26,20,6
S01008655,Economically active: Unemployed (1),31,18,13
S01008655,Economically inactive,209,139,70
S01008656,All people aged 16 and over,606,418,188
S01008656,Economically active: Total,427,299,128
S01008656,Economically active: Employee: Total,348,246,102
S01008656,Economically active: Employee: Part-time (1),82,49,33
S01008656,Economically active: Employee: Full-time (1),266,197,69
S01008656,Economically active: Self-employed: Total,35,22,13
S01008656,Economically active: Self-employed: Part-time (1),11,7,4
S01008656,Economically active: Self-employed: Full-time (1),24,15,9
S01008656,Economically active: Unemployed (1),44,31,13
S01008656,Economically inactive,179,119,60
S01008657,All people aged 16 and over,690,520,170
S01008657,Economically active: Total,458,350,108
S01008657,Economically active: Employee: Total,375,296,79
S01008657,Economically active: Employee: Part-time (1),113,83,30
S01008657,Economically active: Employee: Full-time (1),262,213,49
S01008657,Economically active: Self-employed: Total,39,25,14
S01008657,Economically active: Self-employed: Part-time (1),15,10,5
S01008657,Economically active: Self-employed: Full-time (1),24,15,9
S01008657,Economically active: Unemployed (1),44,29,15
S01008657,Economically inactive,232,170,62
S01008658,All people aged 16 and over,1066,748,318
S01008658,Economically active: Total,667,483,184
S01008658,Economically active: Employee: Total,520,374,146
S01008658,Economically active: Employee: Part-time (1),165,111,54
S01008658,Economically active: Employee: Full-time (1),355,263,92
S01008658,Economically active: Self-employed: Total,41,28,13
S01008658,Economically active: Self-employed: Part-time (1),18,11,7
S01008658,Economically active: Self-employed: Full-time (1),23,17,6
S01008658,Economically active: Unemployed (1),106,81,25
S01008658,Economically inactive,399,265,134
S01008659,All people aged 16 and over,784,546,238
S01008659,Economically active: Total,521,376,145
S01008659,Economically active: Employee: Total,422,305,117
S01008659,Economically active: Employee: Part-time (1),155,110,45
S01008659,Economically active: Employee: Full-time (1),267,195,72
S01008659,Economically active: Self-employed: Total,37,32,5
S01008659,Economically active: Self-employed: Part-time (1),9,9,0
S01008659,Economically active: Self-employed: Full-time (1),28,23,5
S01008659,Economically active: Unemployed (1),62,39,23
S01008659,Economically inactive,263,170,93
S01008660,All people aged 16 and over,877,599,278
S01008660,Economically active: Total,575,404,171
S01008660,Economically active: Employee: Total,445,322,123
S01008660,Economically active: Employee: Part-time (1),146,110,36
S01008660,Economically active: Employee: Full-time (1),299,212,87
S01008660,Economically active: Self-employed: Total,62,44,18
S01008660,Economically active: Self-employed: Part-time (1),22,16,6
S01008660,Economically active: Self-employed: Full-time (1),40,28,12
S01008660,Economically active: Unemployed (1),68,38,30
S01008660,Economically inactive,302,195,107
S01008661,All people aged 16 and over,948,635,313
S01008661,Economically active: Total,532,374,158
S01008661,Economically active: Employee: Total,415,290,125
S01008661,Economically active: Employee: Part-time (1),147,103,44
S01008661,Economically active: Employee: Full-time (1),268,187,81
S01008661,Economically active: Self-employed: Total,47,33,14
S01008661,Economically active: Self-employed: Part-time (1),18,11,7
S01008661,Economically active: Self-employed: Full-time (1),29,22,7
S01008661,Economically active: Unemployed (1),70,51,19
S01008661,Economically inactive,416,261,155
S01008662,All people aged 16 and over,727,463,264
S01008662,Economically active: Total,421,278,143
S01008662,Economically active: Employee: Total,310,210,100
S01008662,Economically active: Employee: Part-time (1),138,110,28
S01008662,Economically active: Employee: Full-time (1),172,100,72
S01008662,Economically active: Self-employed: Total,31,15,16
S01008662,Economically active: Self-employed: Part-time (1),13,6,7
S01008662,Economically active: Self-employed: Full-time (1),18,9,9
S01008662,Economically active: Unemployed (1),80,53,27
S01008662,Economically inactive,306,185,121
S01008663,All people aged 16 and over,817,576,241
S01008663,Economically active: Total,466,328,138
S01008663,Economically active: Employee: Total,362,258,104
S01008663,Economically active: Employee: Part-time (1),109,75,34
S01008663,Economically active: Employee: Full-time (1),253,183,70
S01008663,Economically active: Self-employed: Total,58,39,19
S01008663,Economically active: Self-employed: Part-time (1),18,13,5
S01008663,Economically active: Self-employed: Full-time (1),40,26,14
S01008663,Economically active: Unemployed (1),46,31,15
S01008663,Economically inactive,351,248,103
S01008664,All people aged 16 and over,671,474,197
S01008664,Economically active: Total,470,331,139
S01008664,Economically active: Employee: Total,384,272,112
S01008664,Economically active: Employee: Part-time (1),103,80,23
S01008664,Economically active: Employee: Full-time (1),281,192,89
S01008664,Economically active: Self-employed: Total,50,32,18
S01008664,Economically active: Self-employed: Part-time (1),18,13,5
S01008664,Economically active: Self-employed: Full-time (1),32,19,13
S01008664,Economically active: Unemployed (1),36,27,9
S01008664,Economically inactive,201,143,58
S01008665,All people aged 16 and over,1113,763,350
S01008665,Economically active: Total,727,504,223
S01008665,Economically active: Employee: Total,545,372,173
S01008665,Economically active: Employee: Part-time (1),167,120,47
S01008665,Economically active: Employee: Full-time (1),378,252,126
S01008665,Economically active: Self-employed: Total,70,48,22
S01008665,Economically active: Self-employed: Part-time (1),24,12,12
S01008665,Economically active: Self-employed: Full-time (1),46,36,10
S01008665,Economically active: Unemployed (1),112,84,28
S01008665,Economically inactive,386,259,127
S01008666,All people aged 16 and over,941,560,381
S01008666,Economically active: Total,483,334,149
S01008666,Economically active: Employee: Total,379,264,115
S01008666,Economically active: Employee: Part-time (1),147,100,47
S01008666,Economically active: Employee: Full-time (1),232,164,68
S01008666,Economically active: Self-employed: Total,56,40,16
S01008666,Economically active: Self-employed: Part-time (1),26,20,6
S01008666,Economically active: Self-employed: Full-time (1),30,20,10
S01008666,Economically active: Unemployed (1),48,30,18
S01008666,Economically inactive,458,226,232
S01008667,All people aged 16 and over,922,599,323
S01008667,Economically active: Total,423,332,91
S01008667,Economically active: Employee: Total,315,252,63
S01008667,Economically active: Employee: Part-time (1),118,91,27
S01008667,Economically active: Employee: Full-time (1),197,161,36
S01008667,Economically active: Self-employed: Total,47,31,16
S01008667,Economically active: Self-employed: Part-time (1),17,13,4
S01008667,Economically active: Self-employed: Full-time (1),30,18,12
S01008667,Economically active: Unemployed (1),61,49,12
S01008667,Economically inactive,499,267,232
S01008668,All people aged 16 and over,593,372,221
S01008668,Economically active: Total,311,228,83
S01008668,Economically active: Employee: Total,247,185,62
S01008668,Economically active: Employee: Part-time (1),71,52,19
S01008668,Economically active: Employee: Full-time (1),176,133,43
S01008668,Economically active: Self-employed: Total,44,32,12
S01008668,Economically active: Self-employed: Part-time (1),15,8,7
S01008668,Economically active: Self-employed: Full-time (1),29,24,5
S01008668,Economically active: Unemployed (1),20,11,9
S01008668,Economically inactive,282,144,138
S01008669,All people aged 16 and over,544,410,134
S01008669,Economically active: Total,206,168,38
S01008669,Economically active: Employee: Total,168,138,30
S01008669,Economically active: Employee: Part-time (1),91,82,9
S01008669,Economically active: Employee: Full-time (1),77,56,21
S01008669,Economically active: Self-employed: Total,9,8,1
S01008669,Economically active: Self-employed: Part-time (1),3,3,0
S01008669,Economically active: Self-employed: Full-time (1),6,5,1
S01008669,Economically active: Unemployed (1),29,22,7
S01008669,Economically inactive,338,242,96
S01008670,All people aged 16 and over,844,577,267
S01008670,Economically active: Total,342,258,84
S01008670,Economically active: Employee: Total,265,203,62
S01008670,Economically active: Employee: Part-time (1),133,107,26
S01008670,Economically active: Employee: Full-time (1),132,96,36
S01008670,Economically active: Self-employed: Total,31,22,9
S01008670,Economically active: Self-employed: Part-time (1),15,10,5
S01008670,Economically active: Self-employed: Full-time (1),16,12,4
S01008670,Economically active: Unemployed (1),46,33,13
S01008670,Economically inactive,502,319,183
S01008671,All people aged 16 and over,738,475,263
S01008671,Economically active: Total,326,222,104
S01008671,Economically active: Employee: Total,260,176,84
S01008671,Economically active: Employee: Part-time (1),120,85,35
S01008671,Economically active: Employee: Full-time (1),140,91,49
S01008671,Economically active: Self-employed: Total,27,22,5
S01008671,Economically active: Self-employed: Part-time (1),15,14,1
S01008671,Economically active: Self-employed: Full-time (1),12,8,4
S01008671,Economically active: Unemployed (1),39,24,15
S01008671,Economically inactive,412,253,159
S01008672,All people aged 16 and over,654,406,248
S01008672,Economically active: Total,308,220,88
S01008672,Economically active: Employee: Total,259,188,71
S01008672,Economically active: Employee: Part-time (1),89,62,27
S01008672,Economically active: Employee: Full-time (1),170,126,44
S01008672,Economically active: Self-employed: Total,22,15,7
S01008672,Economically active: Self-employed: Part-time (1),11,8,3
S01008672,Economically active: Self-employed: Full-time (1),11,7,4
S01008672,Economically active: Unemployed (1),27,17,10
S01008672,Economically inactive,346,186,160
S01008673,All people aged 16 and over,990,584,406
S01008673,Economically active: Total,472,340,132
S01008673,Economically active: Employee: Total,349,256,93
S01008673,Economically active: Employee: Part-time (1),122,94,28
S01008673,Economically active: Employee: Full-time (1),227,162,65
S01008673,Economically active: Self-employed: Total,72,53,19
S01008673,Economically active: Self-employed: Part-time (1),23,16,7
S01008673,Economically active: Self-employed: Full-time (1),49,37,12
S01008673,Economically active: Unemployed (1),51,31,20
S01008673,Economically inactive,518,244,274
S01008674,All people aged 16 and over,929,494,435
S01008674,Economically active: Total,448,291,157
S01008674,Economically active: Employee: Total,338,225,113
S01008674,Economically active: Employee: Part-time (1),133,88,45
S01008674,Economically active: Employee: Full-time (1),205,137,68
S01008674,Economically active: Self-employed: Total,52,35,17
S01008674,Economically active: Self-employed: Part-time (1),18,12,6
S01008674,Economically active: Self-employed: Full-time (1),34,23,11
S01008674,Economically active: Unemployed (1),58,31,27
S01008674,Economically inactive,481,203,278
S01008675,All people aged 16 and over,691,437,254
S01008675,Economically active: Total,421,280,141
S01008675,Economically active: Employee: Total,322,214,108
S01008675,Economically active: Employee: Part-time (1),67,47,20
S01008675,Economically active: Employee: Full-time (1),255,167,88
S01008675,Economically active: Self-employed: Total,56,37,19
S01008675,Economically active: Self-employed: Part-time (1),17,10,7
S01008675,Economically active: Self-employed: Full-time (1),39,27,12
S01008675,Economically active: Unemployed (1),43,29,14
S01008675,Economically inactive,270,157,113
S01008676,All people aged 16 and over,739,514,225
S01008676,Economically active: Total,468,340,128
S01008676,Economically active: Employee: Total,359,263,96
S01008676,Economically active: Employee: Part-time (1),70,50,20
S01008676,Economically active: Employee: Full-time (1),289,213,76
S01008676,Economically active: Self-employed: Total,77,58,19
S01008676,Economically active: Self-employed: Part-time (1),23,16,7
S01008676,Economically active: Self-employed: Full-time (1),54,42,12
S01008676,Economically active: Unemployed (1),32,19,13
S01008676,Economically inactive,271,174,97
S01008677,All people aged 16 and over,791,459,332
S01008677,Economically active: Total,486,299,187
S01008677,Economically active: Employee: Total,378,228,150
S01008677,Economically active: Employee: Part-time (1),99,58,41
S01008677,Economically active: Employee: Full-time (1),279,170,109
S01008677,Economically active: Self-employed: Total,62,43,19
S01008677,Economically active: Self-employed: Part-time (1),24,18,6
S01008677,Economically active: Self-employed: Full-time (1),38,25,13
S01008677,Economically active: Unemployed (1),46,28,18
S01008677,Economically inactive,305,160,145
S01008678,All people aged 16 and over,1163,617,546
S01008678,Economically active: Total,488,325,163
S01008678,Economically active: Employee: Total,340,232,108
S01008678,Economically active: Employee: Part-time (1),159,111,48
S01008678,Economically active: Employee: Full-time (1),181,121,60
S01008678,Economically active: Self-employed: Total,50,23,27
S01008678,Economically active: Self-employed: Part-time (1),21,11,10
S01008678,Economically active: Self-employed: Full-time (1),29,12,17
S01008678,Economically active: Unemployed (1),98,70,28
S01008678,Economically inactive,675,292,383
S01008679,All people aged 16 and over,1132,719,413
S01008679,Economically active: Total,492,343,149
S01008679,Economically active: Employee: Total,349,244,105
S01008679,Economically active: Employee: Part-time (1),148,96,52
S01008679,Economically active: Employee: Full-time (1),201,148,53
S01008679,Economically active: Self-employed: Total,55,44,11
S01008679,Economically active: Self-employed: Part-time (1),20,14,6
S01008679,Economically active: Self-employed: Full-time (1),35,30,5
S01008679,Economically active: Unemployed (1),88,55,33
S01008679,Economically inactive,640,376,264
S01008680,All people aged 16 and over,600,368,232
S01008680,Economically active: Total,302,199,103
S01008680,Economically active: Employee: Total,235,153,82
S01008680,Economically active: Employee: Part-time (1),81,59,22
S01008680,Economically active: Employee: Full-time (1),154,94,60
S01008680,Economically active: Self-employed: Total,23,16,7
S01008680,Economically active: Self-employed: Part-time (1),11,8,3
S01008680,Economically active: Self-employed: Full-time (1),12,8,4
S01008680,Economically active: Unemployed (1),44,30,14
S01008680,Economically inactive,298,169,129
S01008681,All people aged 16 and over,933,649,284
S01008681,Economically active: Total,384,263,121
S01008681,Economically active: Employee: Total,300,202,98
S01008681,Economically active: Employee: Part-time (1),93,54,39
S01008681,Economically active: Employee: Full-time (1),207,148,59
S01008681,Economically active: Self-employed: Total,31,21,10
S01008681,Economically active: Self-employed: Part-time (1),15,10,5
S01008681,Economically active: Self-employed: Full-time (1),16,11,5
S01008681,Economically active: Unemployed (1),53,40,13
S01008681,Economically inactive,549,386,163
S01008682,All people aged 16 and over,717,468,249
S01008682,Economically active: Total,417,288,129
S01008682,Economically active: Employee: Total,331,224,107
S01008682,Economically active: Employee: Part-time (1),102,62,40
S01008682,Economically active: Employee: Full-time (1),229,162,67
S01008682,Economically active: Self-employed: Total,44,37,7
S01008682,Economically active: Self-employed: Part-time (1),16,13,3
S01008682,Economically active: Self-employed: Full-time (1),28,24,4
S01008682,Economically active: Unemployed (1),42,27,15
S01008682,Economically inactive,300,180,120
S01008683,All people aged 16 and over,1370,680,690
S01008683,Economically active: Total,510,332,178
S01008683,Economically active: Employee: Total,360,244,116
S01008683,Economically active: Employee: Part-time (1),139,86,53
S01008683,Economically active: Employee: Full-time (1),221,158,63
S01008683,Economically active: Self-employed: Total,49,23,26
S01008683,Economically active: Self-employed: Part-time (1),26,11,15
S01008683,Economically active: Self-employed: Full-time (1),23,12,11
S01008683,Economically active: Unemployed (1),101,65,36
S01008683,Economically inactive,860,348,512
S01008684,All people aged 16 and over,862,570,292
S01008684,Economically active: Total,483,323,160
S01008684,Economically active: Employee: Total,353,231,122
S01008684,Economically active: Employee: Part-time (1),126,81,45
S01008684,Economically active: Employee: Full-time (1),227,150,77
S01008684,Economically active: Self-employed: Total,49,30,19
S01008684,Economically active: Self-employed: Part-time (1),17,7,10
S01008684,Economically active: Self-employed: Full-time (1),32,23,9
S01008684,Economically active: Unemployed (1),81,62,19
S01008684,Economically inactive,379,247,132
S01008685,All people aged 16 and over,975,683,292
S01008685,Economically active: Total,522,369,153
S01008685,Economically active: Employee: Total,390,279,111
S01008685,Economically active: Employee: Part-time (1),141,100,41
S01008685,Economically active: Employee: Full-time (1),249,179,70
S01008685,Economically active: Self-employed: Total,50,31,19
S01008685,Economically active: Self-employed: Part-time (1),15,8,7
S01008685,Economically active: Self-employed: Full-time (1),35,23,12
S01008685,Economically active: Unemployed (1),82,59,23
S01008685,Economically inactive,453,314,139
S01008686,All people aged 16 and over,878,690,188
S01008686,Economically active: Total,490,364,126
S01008686,Economically active: Employee: Total,383,288,95
S01008686,Economically active: Employee: Part-time (1),102,76,26
S01008686,Economically active: Employee: Full-time (1),281,212,69
S01008686,Economically active: Self-employed: Total,59,37,22
S01008686,Economically active: Self-employed: Part-time (1),19,10,9
S01008686,Economically active: Self-employed: Full-time (1),40,27,13
S01008686,Economically active: Unemployed (1),48,39,9
S01008686,Economically inactive,388,326,62
S01008687,All people aged 16 and over,621,417,204
S01008687,Economically active: Total,473,329,144
S01008687,Economically active: Employee: Total,412,293,119
S01008687,Economically active: Employee: Part-time (1),77,51,26
S01008687,Economically active: Employee: Full-time (1),335,242,93
S01008687,Economically active: Self-employed: Total,36,19,17
S01008687,Economically active: Self-employed: Part-time (1),12,6,6
S01008687,Economically active: Self-employed: Full-time (1),24,13,11
S01008687,Economically active: Unemployed (1),25,17,8
S01008687,Economically inactive,148,88,60
S01008688,All people aged 16 and over,811,584,227
S01008688,Economically active: Total,587,421,166
S01008688,Economically active: Employee: Total,473,343,130
S01008688,Economically active: Employee: Part-time (1),89,52,37
S01008688,Economically active: Employee: Full-time (1),384,291,93
S01008688,Economically active: Self-employed: Total,70,44,26
S01008688,Economically active: Self-employed: Part-time (1),24,13,11
S01008688,Economically active: Self-employed: Full-time (1),46,31,15
S01008688,Economically active: Unemployed (1),44,34,10
S01008688,Economically inactive,224,163,61
S01008689,All people aged 16 and over,805,612,193
S01008689,Economically active: Total,613,446,167
S01008689,Economically active: Employee: Total,511,370,141
S01008689,Economically active: Employee: Part-time (1),104,69,35
S01008689,Economically active: Employee: Full-time (1),407,301,106
S01008689,Economically active: Self-employed: Total,53,39,14
S01008689,Economically active: Self-employed: Part-time (1),16,10,6
S01008689,Economically active: Self-employed: Full-time (1),37,29,8
S01008689,Economically active: Unemployed (1),49,37,12
S01008689,Economically inactive,192,166,26
S01008690,All people aged 16 and over,910,661,249
S01008690,Economically active: Total,713,519,194
S01008690,Economically active: Employee: Total,590,437,153
S01008690,Economically active: Employee: Part-time (1),128,82,46
S01008690,Economically active: Employee: Full-time (1),462,355,107
S01008690,Economically active: Self-employed: Total,83,57,26
S01008690,Economically active: Self-employed: Part-time (1),28,16,12
S01008690,Economically active: Self-employed: Full-time (1),55,41,14
S01008690,Economically active: Unemployed (1),40,25,15
S01008690,Economically inactive,197,142,55
S01008691,All people aged 16 and over,989,728,261
S01008691,Economically active: Total,789,568,221
S01008691,Economically active: Employee: Total,660,484,176
S01008691,Economically active: Employee: Part-time (1),117,72,45
S01008691,Economically active: Employee: Full-time (1),543,412,131
S01008691,Economically active: Self-employed: Total,79,49,30
S01008691,Economically active: Self-employed: Part-time (1),33,18,15
S01008691,Economically active: Self-employed: Full-time (1),46,31,15
S01008691,Economically active: Unemployed (1),50,35,15
S01008691,Economically inactive,200,160,40
S01008692,All people aged 16 and over,656,518,138
S01008692,Economically active: Total,464,360,104
S01008692,Economically active: Employee: Total,389,297,92
S01008692,Economically active: Employee: Part-time (1),76,56,20
S01008692,Economically active: Employee: Full-time (1),313,241,72
S01008692,Economically active: Self-employed: Total,34,26,8
S01008692,Economically active: Self-employed: Part-time (1),13,9,4
S01008692,Economically active: Self-employed: Full-time (1),21,17,4
S01008692,Economically active: Unemployed (1),41,37,4
S01008692,Economically inactive,192,158,34
S01008693,All people aged 16 and over,422,408,14
S01008693,Economically active: Total,249,242,7
S01008693,Economically active: Employee: Total,200,194,6
S01008693,Economically active: Employee: Part-time (1),68,68,0
S01008693,Economically active: Employee: Full-time (1),132,126,6
S01008693,Economically active: Self-employed: Total,40,39,1
S01008693,Economically active: Self-employed: Part-time (1),9,9,0
S01008693,Economically active: Self-employed: Full-time (1),31,30,1
S01008693,Economically active: Unemployed (1),9,9,0
S01008693,Economically inactive,173,166,7
S01008694,All people aged 16 and over,898,696,202
S01008694,Economically active: Total,722,565,157
S01008694,Economically active: Employee: Total,620,483,137
S01008694,Economically active: Employee: Part-time (1),126,98,28
S01008694,Economically active: Employee: Full-time (1),494,385,109
S01008694,Economically active: Self-employed: Total,57,47,10
S01008694,Economically active: Self-employed: Part-time (1),19,16,3
S01008694,Economically active: Self-employed: Full-time (1),38,31,7
S01008694,Economically active: Unemployed (1),45,35,10
S01008694,Economically inactive,176,131,45
S01008695,All people aged 16 and over,578,498,80
S01008695,Economically active: Total,436,379,57
S01008695,Economically active: Employee: Total,372,322,50
S01008695,Economically active: Employee: Part-time (1),95,79,16
S01008695,Economically active: Employee: Full-time (1),277,243,34
S01008695,Economically active: Self-employed: Total,34,30,4
S01008695,Economically active: Self-employed: Part-time (1),10,8,2
S01008695,Economically active: Self-employed: Full-time (1),24,22,2
S01008695,Economically active: Unemployed (1),30,27,3
S01008695,Economically inactive,142,119,23
S01008696,All people aged 16 and over,550,503,47
S01008696,Economically active: Total,392,359,33
S01008696,Economically active: Employee: Total,319,295,24
S01008696,Economically active: Employee: Part-time (1),80,74,6
S01008696,Economically active: Employee: Full-time (1),239,221,18
S01008696,Economically active: Self-employed: Total,52,47,5
S01008696,Economically active: Self-employed: Part-time (1),19,18,1
S01008696,Economically active: Self-employed: Full-time (1),33,29,4
S01008696,Economically active: Unemployed (1),21,17,4
S01008696,Economically inactive,158,144,14
S01008697,All people aged 16 and over,907,819,88
S01008697,Economically active: Total,555,491,64
S01008697,Economically active: Employee: Total,461,413,48
S01008697,Economically active: Employee: Part-time (1),125,115,10
S01008697,Economically active: Employee: Full-time (1),336,298,38
S01008697,Economically active: Self-employed: Total,75,62,13
S01008697,Economically active: Self-employed: Part-time (1),21,18,3
S01008697,Economically active: Self-employed: Full-time (1),54,44,10
S01008697,Economically active: Unemployed (1),19,16,3
S01008697,Economically inactive,352,328,24
S01008698,All people aged 16 and over,420,389,31
S01008698,Economically active: Total,273,255,18
S01008698,Economically active: Employee: Total,218,206,12
S01008698,Economically active: Employee: Part-time (1),83,78,5
S01008698,Economically active: Employee: Full-time (1),135,128,7
S01008698,Economically active: Self-employed: Total,41,37,4
S01008698,Economically active: Self-employed: Part-time (1),12,12,0
S01008698,Economically active: Self-employed: Full-time (1),29,25,4
S01008698,Economically active: Unemployed (1),14,12,2
S01008698,Economically inactive,147,134,13
S01008699,All people aged 16 and over,762,683,79
S01008699,Economically active: Total,433,370,63
S01008699,Economically active: Employee: Total,362,314,48
S01008699,Economically active: Employee: Part-time (1),98,85,13
S01008699,Economically active: Employee: Full-time (1),264,229,35
S01008699,Economically active: Self-employed: Total,36,25,11
S01008699,Economically active: Self-employed: Part-time (1),11,8,3
S01008699,Economically active: Self-employed: Full-time (1),25,17,8
S01008699,Economically active: Unemployed (1),35,31,4
S01008699,Economically inactive,329,313,16
S01008700,All people aged 16 and over,469,409,60
S01008700,Economically active: Total,256,214,42
S01008700,Economically active: Employee: Total,187,161,26
S01008700,Economically active: Employee: Part-time (1),48,39,9
S01008700,Economically active: Employee: Full-time (1),139,122,17
S01008700,Economically active: Self-employed: Total,52,43,9
S01008700,Economically active: Self-employed: Part-time (1),18,14,4
S01008700,Economically active: Self-employed: Full-time (1),34,29,5
S01008700,Economically active: Unemployed (1),17,10,7
S01008700,Economically inactive,213,195,18
S01008701,All people aged 16 and over,304,251,53
S01008701,Economically active: Total,196,157,39
S01008701,Economically active: Employee: Total,147,114,33
S01008701,Economically active: Employee: Part-time (1),52,44,8
S01008701,Economically active: Employee: Full-time (1),95,70,25
S01008701,Economically active: Self-employed: Total,10,7,3
S01008701,Economically active: Self-employed: Part-time (1),4,3,1
S01008701,Economically active: Self-employed: Full-time (1),6,4,2
S01008701,Economically active: Unemployed (1),39,36,3
S01008701,Economically inactive,108,94,14
S01008702,All people aged 16 and over,496,355,141
S01008702,Economically active: Total,353,253,100
S01008702,Economically active: Employee: Total,294,205,89
S01008702,Economically active: Employee: Part-time (1),76,53,23
S01008702,Economically active: Employee: Full-time (1),218,152,66
S01008702,Economically active: Self-employed: Total,25,16,9
S01008702,Economically active: Self-employed: Part-time (1),8,5,3
S01008702,Economically active: Self-employed: Full-time (1),17,11,6
S01008702,Economically active: Unemployed (1),34,32,2
S01008702,Economically inactive,143,102,41
S01008703,All people aged 16 and over,757,560,197
S01008703,Economically active: Total,426,291,135
S01008703,Economically active: Employee: Total,322,211,111
S01008703,Economically active: Employee: Part-time (1),111,74,37
S01008703,Economically active: Employee: Full-time (1),211,137,74
S01008703,Economically active: Self-employed: Total,37,18,19
S01008703,Economically active: Self-employed: Part-time (1),17,8,9
S01008703,Economically active: Self-employed: Full-time (1),20,10,10
S01008703,Economically active: Unemployed (1),67,62,5
S01008703,Economically inactive,331,269,62
S01008704,All people aged 16 and over,535,426,109
S01008704,Economically active: Total,303,221,82
S01008704,Economically active: Employee: Total,238,169,69
S01008704,Economically active: Employee: Part-time (1),77,59,18
S01008704,Economically active: Employee: Full-time (1),161,110,51
S01008704,Economically active: Self-employed: Total,30,20,10
S01008704,Economically active: Self-employed: Part-time (1),7,4,3
S01008704,Economically active: Self-employed: Full-time (1),23,16,7
S01008704,Economically active: Unemployed (1),35,32,3
S01008704,Economically inactive,232,205,27
S01008705,All people aged 16 and over,395,308,87
S01008705,Economically active: Total,215,159,56
S01008705,Economically active: Employee: Total,178,131,47
S01008705,Economically active: Employee: Part-time (1),57,39,18
S01008705,Economically active: Employee: Full-time (1),121,92,29
S01008705,Economically active: Self-employed: Total,20,14,6
S01008705,Economically active: Self-employed: Part-time (1),7,6,1
S01008705,Economically active: Self-employed: Full-time (1),13,8,5
S01008705,Economically active: Unemployed (1),17,14,3
S01008705,Economically inactive,180,149,31
S01008706,All people aged 16 and over,404,341,63
S01008706,Economically active: Total,254,206,48
S01008706,Economically active: Employee: Total,189,151,38
S01008706,Economically active: Employee: Part-time (1),67,57,10
S01008706,Economically active: Employee: Full-time (1),122,94,28
S01008706,Economically active: Self-employed: Total,21,15,6
S01008706,Economically active: Self-employed: Part-time (1),8,4,4
S01008706,Economically active: Self-employed: Full-time (1),13,11,2
S01008706,Economically active: Unemployed (1),44,40,4
S01008706,Economically inactive,150,135,15
S01008707,All people aged 16 and over,604,501,103
S01008707,Economically active: Total,325,254,71
S01008707,Economically active: Employee: Total,244,190,54
S01008707,Economically active: Employee: Part-time (1),101,72,29
S01008707,Economically active: Employee: Full-time (1),143,118,25
S01008707,Economically active: Self-employed: Total,27,15,12
S01008707,Economically active: Self-employed: Part-time (1),7,4,3
S01008707,Economically active: Self-employed: Full-time (1),20,11,9
S01008707,Economically active: Unemployed (1),54,49,5
S01008707,Economically inactive,279,247,32
S01008708,All people aged 16 and over,733,628,105
S01008708,Economically active: Total,374,307,67
S01008708,Economically active: Employee: Total,271,216,55
S01008708,Economically active: Employee: Part-time (1),108,77,31
S01008708,Economically active: Employee: Full-time (1),163,139,24
S01008708,Economically active: Self-employed: Total,22,16,6
S01008708,Economically active: Self-employed: Part-time (1),7,5,2
S01008708,Economically active: Self-employed: Full-time (1),15,11,4
S01008708,Economically active: Unemployed (1),81,75,6
S01008708,Economically inactive,359,321,38
S01008709,All people aged 16 and over,546,475,71
S01008709,Economically active: Total,320,268,52
S01008709,Economically active: Employee: Total,261,221,40
S01008709,Economically active: Employee: Part-time (1),93,81,12
S01008709,Economically active: Employee: Full-time (1),168,140,28
S01008709,Economically active: Self-employed: Total,23,17,6
S01008709,Economically active: Self-employed: Part-time (1),10,6,4
S01008709,Economically active: Self-employed: Full-time (1),13,11,2
S01008709,Economically active: Unemployed (1),36,30,6
S01008709,Economically inactive,226,207,19
S01008710,All people aged 16 and over,365,274,91
S01008710,Economically active: Total,222,159,63
S01008710,Economically active: Employee: Total,168,118,50
S01008710,Economically active: Employee: Part-time (1),53,34,19
S01008710,Economically active: Employee: Full-time (1),115,84,31
S01008710,Economically active: Self-employed: Total,18,9,9
S01008710,Economically active: Self-employed: Part-time (1),10,6,4
S01008710,Economically active: Self-employed: Full-time (1),8,3,5
S01008710,Economically active: Unemployed (1),36,32,4
S01008710,Economically inactive,143,115,28
S01008711,All people aged 16 and over,570,482,88
S01008711,Economically active: Total,305,243,62
S01008711,Economically active: Employee: Total,259,209,50
S01008711,Economically active: Employee: Part-time (1),88,61,27
S01008711,Economically active: Employee: Full-time (1),171,148,23
S01008711,Economically active: Self-employed: Total,18,14,4
S01008711,Economically active: Self-employed: Part-time (1),6,6,0
S01008711,Economically active: Self-employed: Full-time (1),12,8,4
S01008711,Economically active: Unemployed (1),28,20,8
S01008711,Economically inactive,265,239,26
S01008712,All people aged 16 and over,928,827,101
S01008712,Economically active: Total,385,325,60
S01008712,Economically active: Employee: Total,281,238,43
S01008712,Economically active: Employee: Part-time (1),103,84,19
S01008712,Economically active: Employee: Full-time (1),178,154,24
S01008712,Economically active: Self-employed: Total,30,20,10
S01008712,Economically active: Self-employed: Part-time (1),12,6,6
S01008712,Economically active: Self-employed: Full-time (1),18,14,4
S01008712,Economically active: Unemployed (1),74,67,7
S01008712,Economically inactive,543,502,41
S01008713,All people aged 16 and over,470,433,37
S01008713,Economically active: Total,295,263,32
S01008713,Economically active: Employee: Total,223,197,26
S01008713,Economically active: Employee: Part-time (1),73,66,7
S01008713,Economically active: Employee: Full-time (1),150,131,19
S01008713,Economically active: Self-employed: Total,26,25,1
S01008713,Economically active: Self-employed: Part-time (1),9,9,0
S01008713,Economically active: Self-employed: Full-time (1),17,16,1
S01008713,Economically active: Unemployed (1),46,41,5
S01008713,Economically inactive,175,170,5
S01008714,All people aged 16 and over,485,444,41
S01008714,Economically active: Total,267,241,26
S01008714,Economically active: Employee: Total,204,183,21
S01008714,Economically active: Employee: Part-time (1),65,61,4
S01008714,Economically active: Employee: Full-time (1),139,122,17
S01008714,Economically active: Self-employed: Total,22,20,2
S01008714,Economically active: Self-employed: Part-time (1),6,5,1
S01008714,Economically active: Self-employed: Full-time (1),16,15,1
S01008714,Economically active: Unemployed (1),41,38,3
S01008714,Economically inactive,218,203,15
S01008715,All people aged 16 and over,648,623,25
S01008715,Economically active: Total,346,326,20
S01008715,Economically active: Employee: Total,289,273,16
S01008715,Economically active: Employee: Part-time (1),97,90,7
S01008715,Economically active: Employee: Full-time (1),192,183,9
S01008715,Economically active: Self-employed: Total,27,25,2
S01008715,Economically active: Self-employed: Part-time (1),9,7,2
S01008715,Economically active: Self-employed: Full-time (1),18,18,0
S01008715,Economically active: Unemployed (1),30,28,2
S01008715,Economically inactive,302,297,5
S01008716,All people aged 16 and over,468,436,32
S01008716,Economically active: Total,241,218,23
S01008716,Economically active: Employee: Total,194,174,20
S01008716,Economically active: Employee: Part-time (1),59,56,3
S01008716,Economically active: Employee: Full-time (1),135,118,17
S01008716,Economically active: Self-employed: Total,27,25,2
S01008716,Economically active: Self-employed: Part-time (1),9,9,0
S01008716,Economically active: Self-employed: Full-time (1),18,16,2
S01008716,Economically active: Unemployed (1),20,19,1
S01008716,Economically inactive,227,218,9
S01008717,All people aged 16 and over,339,306,33
S01008717,Economically active: Total,245,227,18
S01008717,Economically active: Employee: Total,204,189,15
S01008717,Economically active: Employee: Part-time (1),56,53,3
S01008717,Economically active: Employee: Full-time (1),148,136,12
S01008717,Economically active: Self-employed: Total,24,22,2
S01008717,Economically active: Self-employed: Part-time (1),3,3,0
S01008717,Economically active: Self-employed: Full-time (1),21,19,2
S01008717,Economically active: Unemployed (1),17,16,1
S01008717,Economically inactive,94,79,15
S01008718,All people aged 16 and over,429,382,47
S01008718,Economically active: Total,293,258,35
S01008718,Economically active: Employee: Total,239,216,23
S01008718,Economically active: Employee: Part-time (1),58,50,8
S01008718,Economically active: Employee: Full-time (1),181,166,15
S01008718,Economically active: Self-employed: Total,36,26,10
S01008718,Economically active: Self-employed: Part-time (1),11,9,2
S01008718,Economically active: Self-employed: Full-time (1),25,17,8
S01008718,Economically active: Unemployed (1),18,16,2
S01008718,Economically inactive,136,124,12
S01008719,All people aged 16 and over,783,675,108
S01008719,Economically active: Total,547,472,75
S01008719,Economically active: Employee: Total,421,369,52
S01008719,Economically active: Employee: Part-time (1),128,108,20
S01008719,Economically active: Employee: Full-time (1),293,261,32
S01008719,Economically active: Self-employed: Total,88,71,17
S01008719,Economically active: Self-employed: Part-time (1),15,10,5
S01008719,Economically active: Self-employed: Full-time (1),73,61,12
S01008719,Economically active: Unemployed (1),38,32,6
S01008719,Economically inactive,236,203,33
S01008720,All people aged 16 and over,443,418,25
S01008720,Economically active: Total,274,259,15
S01008720,Economically active: Employee: Total,210,200,10
S01008720,Economically active: Employee: Part-time (1),63,59,4
S01008720,Economically active: Employee: Full-time (1),147,141,6
S01008720,Economically active: Self-employed: Total,37,35,2
S01008720,Economically active: Self-employed: Part-time (1),11,10,1
S01008720,Economically active: Self-employed: Full-time (1),26,25,1
S01008720,Economically active: Unemployed (1),27,24,3
S01008720,Economically inactive,169,159,10
S01008721,All people aged 16 and over,641,610,31
S01008721,Economically active: Total,506,485,21
S01008721,Economically active: Employee: Total,426,410,16
S01008721,Economically active: Employee: Part-time (1),113,109,4
S01008721,Economically active: Employee: Full-time (1),313,301,12
S01008721,Economically active: Self-employed: Total,69,64,5
S01008721,Economically active: Self-employed: Part-time (1),19,17,2
S01008721,Economically active: Self-employed: Full-time (1),50,47,3
S01008721,Economically active: Unemployed (1),11,11,0
S01008721,Economically inactive,135,125,10
S01008722,All people aged 16 and over,903,849,54
S01008722,Economically active: Total,470,432,38
S01008722,Economically active: Employee: Total,364,336,28
S01008722,Economically active: Employee: Part-time (1),106,98,8
S01008722,Economically active: Employee: Full-time (1),258,238,20
S01008722,Economically active: Self-employed: Total,84,74,10
S01008722,Economically active: Self-employed: Part-time (1),21,20,1
S01008722,Economically active: Self-employed: Full-time (1),63,54,9
S01008722,Economically active: Unemployed (1),22,22,0
S01008722,Economically inactive,433,417,16
S01008723,All people aged 16 and over,581,531,50
S01008723,Economically active: Total,392,355,37
S01008723,Economically active: Employee: Total,322,297,25
S01008723,Economically active: Employee: Part-time (1),94,87,7
S01008723,Economically active: Employee: Full-time (1),228,210,18
S01008723,Economically active: Self-employed: Total,54,47,7
S01008723,Economically active: Self-employed: Part-time (1),11,8,3
S01008723,Economically active: Self-employed: Full-time (1),43,39,4
S01008723,Economically active: Unemployed (1),16,11,5
S01008723,Economically inactive,189,176,13
S01008724,All people aged 16 and over,780,722,58
S01008724,Economically active: Total,460,415,45
S01008724,Economically active: Employee: Total,353,316,37
S01008724,Economically active: Employee: Part-time (1),103,87,16
S01008724,Economically active: Employee: Full-time (1),250,229,21
S01008724,Economically active: Self-employed: Total,91,83,8
S01008724,Economically active: Self-employed: Part-time (1),30,27,3
S01008724,Economically active: Self-employed: Full-time (1),61,56,5
S01008724,Economically active: Unemployed (1),16,16,0
S01008724,Economically inactive,320,307,13
S01008725,All people aged 16 and over,614,565,49
S01008725,Economically active: Total,420,385,35
S01008725,Economically active: Employee: Total,321,295,26
S01008725,Economically active: Employee: Part-time (1),84,80,4
S01008725,Economically active: Employee: Full-time (1),237,215,22
S01008725,Economically active: Self-employed: Total,72,67,5
S01008725,Economically active: Self-employed: Part-time (1),22,21,1
S01008725,Economically active: Self-employed: Full-time (1),50,46,4
S01008725,Economically active: Unemployed (1),27,23,4
S01008725,Economically inactive,194,180,14
S01008726,All people aged 16 and over,452,427,25
S01008726,Economically active: Total,315,295,20
S01008726,Economically active: Employee: Total,242,227,15
S01008726,Economically active: Employee: Part-time (1),64,61,3
S01008726,Economically active: Employee: Full-time (1),178,166,12
S01008726,Economically active: Self-employed: Total,64,59,5
S01008726,Economically active: Self-employed: Part-time (1),21,19,2
S01008726,Economically active: Self-employed: Full-time (1),43,40,3
S01008726,Economically active: Unemployed (1),9,9,0
S01008726,Economically inactive,137,132,5
S01008727,All people aged 16 and over,910,816,94
S01008727,Economically active: Total,538,476,62
S01008727,Economically active: Employee: Total,422,381,41
S01008727,Economically active: Employee: Part-time (1),112,100,12
S01008727,Economically active: Employee: Full-time (1),310,281,29
S01008727,Economically active: Self-employed: Total,95,82,13
S01008727,Economically active: Self-employed: Part-time (1),33,26,7
S01008727,Economically active: Self-employed: Full-time (1),62,56,6
S01008727,Economically active: Unemployed (1),21,13,8
S01008727,Economically inactive,372,340,32
S01008728,All people aged 16 and over,400,369,31
S01008728,Economically active: Total,252,227,25
S01008728,Economically active: Employee: Total,195,172,23
S01008728,Economically active: Employee: Part-time (1),63,56,7
S01008728,Economically active: Employee: Full-time (1),132,116,16
S01008728,Economically active: Self-employed: Total,36,35,1
S01008728,Economically active: Self-employed: Part-time (1),12,12,0
S01008728,Economically active: Self-employed: Full-time (1),24,23,1
S01008728,Economically active: Unemployed (1),21,20,1
S01008728,Economically inactive,148,142,6
S01008729,All people aged 16 and over,551,510,41
S01008729,Economically active: Total,373,340,33
S01008729,Economically active: Employee: Total,283,259,24
S01008729,Economically active: Employee: Part-time (1),86,75,11
S01008729,Economically active: Employee: Full-time (1),197,184,13
S01008729,Economically active: Self-employed: Total,77,70,7
S01008729,Economically active: Self-employed: Part-time (1),33,31,2
S01008729,Economically active: Self-employed: Full-time (1),44,39,5
S01008729,Economically active: Unemployed (1),13,11,2
S01008729,Economically inactive,178,170,8
S01008730,All people aged 16 and over,649,554,95
S01008730,Economically active: Total,494,423,71
S01008730,Economically active: Employee: Total,398,342,56
S01008730,Economically active: Employee: Part-time (1),92,81,11
S01008730,Economically active: Employee: Full-time (1),306,261,45
S01008730,Economically active: Self-employed: Total,56,44,12
S01008730,Economically active: Self-employed: Part-time (1),16,10,6
S01008730,Economically active: Self-employed: Full-time (1),40,34,6
S01008730,Economically active: Unemployed (1),40,37,3
S01008730,Economically inactive,155,131,24
S01008731,All people aged 16 and over,386,356,30
S01008731,Economically active: Total,199,175,24
S01008731,Economically active: Employee: Total,159,138,21
S01008731,Economically active: Employee: Part-time (1),45,38,7
S01008731,Economically active: Employee: Full-time (1),114,100,14
S01008731,Economically active: Self-employed: Total,21,19,2
S01008731,Economically active: Self-employed: Part-time (1),13,11,2
S01008731,Economically active: Self-employed: Full-time (1),8,8,0
S01008731,Economically active: Unemployed (1),19,18,1
S01008731,Economically inactive,187,181,6
S01008732,All people aged 16 and over,503,453,50
S01008732,Economically active: Total,317,280,37
S01008732,Economically active: Employee: Total,241,220,21
S01008732,Economically active: Employee: Part-time (1),55,53,2
S01008732,Economically active: Employee: Full-time (1),186,167,19
S01008732,Economically active: Self-employed: Total,43,29,14
S01008732,Economically active: Self-employed: Part-time (1),15,11,4
S01008732,Economically active: Self-employed: Full-time (1),28,18,10
S01008732,Economically active: Unemployed (1),33,31,2
S01008732,Economically inactive,186,173,13
S01008733,All people aged 16 and over,716,608,108
S01008733,Economically active: Total,536,446,90
S01008733,Economically active: Employee: Total,470,390,80
S01008733,Economically active: Employee: Part-time (1),98,86,12
S01008733,Economically active: Employee: Full-time (1),372,304,68
S01008733,Economically active: Self-employed: Total,43,35,8
S01008733,Economically active: Self-employed: Part-time (1),13,10,3
S01008733,Economically active: Self-employed: Full-time (1),30,25,5
S01008733,Economically active: Unemployed (1),23,21,2
S01008733,Economically inactive,180,162,18
S01008734,All people aged 16 and over,467,423,44
S01008734,Economically active: Total,286,257,29
S01008734,Economically active: Employee: Total,231,206,25
S01008734,Economically active: Employee: Part-time (1),60,52,8
S01008734,Economically active: Employee: Full-time (1),171,154,17
S01008734,Economically active: Self-employed: Total,43,39,4
S01008734,Economically active: Self-employed: Part-time (1),10,10,0
S01008734,Economically active: Self-employed: Full-time (1),33,29,4
S01008734,Economically active: Unemployed (1),12,12,0
S01008734,Economically inactive,181,166,15
S01008735,All people aged 16 and over,806,720,86
S01008735,Economically active: Total,469,416,53
S01008735,Economically active: Employee: Total,354,314,40
S01008735,Economically active: Employee: Part-time (1),113,97,16
S01008735,Economically active: Employee: Full-time (1),241,217,24
S01008735,Economically active: Self-employed: Total,94,85,9
S01008735,Economically active: Self-employed: Part-time (1),31,31,0
S01008735,Economically active: Self-employed: Full-time (1),63,54,9
S01008735,Economically active: Unemployed (1),21,17,4
S01008735,Economically inactive,337,304,33
S01008736,All people aged 16 and over,606,534,72
S01008736,Economically active: Total,340,303,37
S01008736,Economically active: Employee: Total,279,251,28
S01008736,Economically active: Employee: Part-time (1),93,82,11
S01008736,Economically active: Employee: Full-time (1),186,169,17
S01008736,Economically active: Self-employed: Total,43,36,7
S01008736,Economically active: Self-employed: Part-time (1),13,11,2
S01008736,Economically active: Self-employed: Full-time (1),30,25,5
S01008736,Economically active: Unemployed (1),18,16,2
S01008736,Economically inactive,266,231,35
S01008737,All people aged 16 and over,674,631,43
S01008737,Economically active: Total,391,363,28
S01008737,Economically active: Employee: Total,322,299,23
S01008737,Economically active: Employee: Part-time (1),111,99,12
S01008737,Economically active: Employee: Full-time (1),211,200,11
S01008737,Economically active: Self-employed: Total,54,50,4
S01008737,Economically active: Self-employed: Part-time (1),21,20,1
S01008737,Economically active: Self-employed: Full-time (1),33,30,3
S01008737,Economically active: Unemployed (1),15,14,1
S01008737,Economically inactive,283,268,15
S01008738,All people aged 16 and over,648,605,43
S01008738,Economically active: Total,350,328,22
S01008738,Economically active: Employee: Total,279,268,11
S01008738,Economically active: Employee: Part-time (1),96,95,1
S01008738,Economically active: Employee: Full-time (1),183,173,10
S01008738,Economically active: Self-employed: Total,57,49,8
S01008738,Economically active: Self-employed: Part-time (1),19,19,0
S01008738,Economically active: Self-employed: Full-time (1),38,30,8
S01008738,Economically active: Unemployed (1),14,11,3
S01008738,Economically inactive,298,277,21
S01008739,All people aged 16 and over,471,449,22
S01008739,Economically active: Total,303,288,15
S01008739,Economically active: Employee: Total,250,240,10
S01008739,Economically active: Employee: Part-time (1),84,82,2
S01008739,Economically active: Employee: Full-time (1),166,158,8
S01008739,Economically active: Self-employed: Total,39,34,5
S01008739,Economically active: Self-employed: Part-time (1),11,10,1
S01008739,Economically active: Self-employed: Full-time (1),28,24,4
S01008739,Economically active: Unemployed (1),14,14,0
S01008739,Economically inactive,168,161,7
S01008740,All people aged 16 and over,465,433,32
S01008740,Economically active: Total,279,260,19
S01008740,Economically active: Employee: Total,238,226,12
S01008740,Economically active: Employee: Part-time (1),80,76,4
S01008740,Economically active: Employee: Full-time (1),158,150,8
S01008740,Economically active: Self-employed: Total,33,27,6
S01008740,Economically active: Self-employed: Part-time (1),10,9,1
S01008740,Economically active: Self-employed: Full-time (1),23,18,5
S01008740,Economically active: Unemployed (1),8,7,1
S01008740,Economically inactive,186,173,13
S01008741,All people aged 16 and over,792,749,43
S01008741,Economically active: Total,473,442,31
S01008741,Economically active: Employee: Total,390,367,23
S01008741,Economically active: Employee: Part-time (1),118,111,7
S01008741,Economically active: Employee: Full-time (1),272,256,16
S01008741,Economically active: Self-employed: Total,58,54,4
S01008741,Economically active: Self-employed: Part-time (1),15,13,2
S01008741,Economically active: Self-employed: Full-time (1),43,41,2
S01008741,Economically active: Unemployed (1),25,21,4
S01008741,Economically inactive,319,307,12
S01008742,All people aged 16 and over,446,411,35
S01008742,Economically active: Total,225,203,22
S01008742,Economically active: Employee: Total,189,170,19
S01008742,Economically active: Employee: Part-time (1),52,50,2
S01008742,Economically active: Employee: Full-time (1),137,120,17
S01008742,Economically active: Self-employed: Total,29,27,2
S01008742,Economically active: Self-employed: Part-time (1),9,8,1
S01008742,Economically active: Self-employed: Full-time (1),20,19,1
S01008742,Economically active: Unemployed (1),7,6,1
S01008742,Economically inactive,221,208,13
S01008743,All people aged 16 and over,773,679,94
S01008743,Economically active: Total,481,410,71
S01008743,Economically active: Employee: Total,392,331,61
S01008743,Economically active: Employee: Part-time (1),109,87,22
S01008743,Economically active: Employee: Full-time (1),283,244,39
S01008743,Economically active: Self-employed: Total,41,32,9
S01008743,Economically active: Self-employed: Part-time (1),11,9,2
S01008743,Economically active: Self-employed: Full-time (1),30,23,7
S01008743,Economically active: Unemployed (1),48,47,1
S01008743,Economically inactive,292,269,23
S01008744,All people aged 16 and over,881,813,68
S01008744,Economically active: Total,532,489,43
S01008744,Economically active: Employee: Total,449,413,36
S01008744,Economically active: Employee: Part-time (1),117,114,3
S01008744,Economically active: Employee: Full-time (1),332,299,33
S01008744,Economically active: Self-employed: Total,42,38,4
S01008744,Economically active: Self-employed: Part-time (1),10,8,2
S01008744,Economically active: Self-employed: Full-time (1),32,30,2
S01008744,Economically active: Unemployed (1),41,38,3
S01008744,Economically inactive,349,324,25
S01008745,All people aged 16 and over,402,351,51
S01008745,Economically active: Total,259,225,34
S01008745,Economically active: Employee: Total,218,185,33
S01008745,Economically active: Employee: Part-time (1),48,41,7
S01008745,Economically active: Employee: Full-time (1),170,144,26
S01008745,Economically active: Self-employed: Total,26,25,1
S01008745,Economically active: Self-employed: Part-time (1),7,7,0
S01008745,Economically active: Self-employed: Full-time (1),19,18,1
S01008745,Economically active: Unemployed (1),15,15,0
S01008745,Economically inactive,143,126,17
S01008746,All people aged 16 and over,895,697,198
S01008746,Economically active: Total,555,419,136
S01008746,Economically active: Employee: Total,450,341,109
S01008746,Economically active: Employee: Part-time (1),119,86,33
S01008746,Economically active: Employee: Full-time (1),331,255,76
S01008746,Economically active: Self-employed: Total,35,20,15
S01008746,Economically active: Self-employed: Part-time (1),13,5,8
S01008746,Economically active: Self-employed: Full-time (1),22,15,7
S01008746,Economically active: Unemployed (1),70,58,12
S01008746,Economically inactive,340,278,62
S01008747,All people aged 16 and over,421,387,34
S01008747,Economically active: Total,246,228,18
S01008747,Economically active: Employee: Total,192,178,14
S01008747,Economically active: Employee: Part-time (1),60,57,3
S01008747,Economically active: Employee: Full-time (1),132,121,11
S01008747,Economically active: Self-employed: Total,44,42,2
S01008747,Economically active: Self-employed: Part-time (1),8,8,0
S01008747,Economically active: Self-employed: Full-time (1),36,34,2
S01008747,Economically active: Unemployed (1),10,8,2
S01008747,Economically inactive,175,159,16
S01008748,All people aged 16 and over,567,532,35
S01008748,Economically active: Total,327,309,18
S01008748,Economically active: Employee: Total,270,257,13
S01008748,Economically active: Employee: Part-time (1),90,84,6
S01008748,Economically active: Employee: Full-time (1),180,173,7
S01008748,Economically active: Self-employed: Total,42,38,4
S01008748,Economically active: Self-employed: Part-time (1),11,9,2
S01008748,Economically active: Self-employed: Full-time (1),31,29,2
S01008748,Economically active: Unemployed (1),15,14,1
S01008748,Economically inactive,240,223,17
S01008749,All people aged 16 and over,841,757,84
S01008749,Economically active: Total,494,435,59
S01008749,Economically active: Employee: Total,390,349,41
S01008749,Economically active: Employee: Part-time (1),125,108,17
S01008749,Economically active: Employee: Full-time (1),265,241,24
S01008749,Economically active: Self-employed: Total,79,64,15
S01008749,Economically active: Self-employed: Part-time (1),19,15,4
S01008749,Economically active: Self-employed: Full-time (1),60,49,11
S01008749,Economically active: Unemployed (1),25,22,3
S01008749,Economically inactive,347,322,25
S01008750,All people aged 16 and over,611,579,32
S01008750,Economically active: Total,343,328,15
S01008750,Economically active: Employee: Total,278,268,10
S01008750,Economically active: Employee: Part-time (1),92,87,5
S01008750,Economically active: Employee: Full-time (1),186,181,5
S01008750,Economically active: Self-employed: Total,46,42,4
S01008750,Economically active: Self-employed: Part-time (1),11,11,0
S01008750,Economically active: Self-employed: Full-time (1),35,31,4
S01008750,Economically active: Unemployed (1),19,18,1
S01008750,Economically inactive,268,251,17
S01008751,All people aged 16 and over,504,467,37
S01008751,Economically active: Total,289,262,27
S01008751,Economically active: Employee: Total,230,210,20
S01008751,Economically active: Employee: Part-time (1),64,60,4
S01008751,Economically active: Employee: Full-time (1),166,150,16
S01008751,Economically active: Self-employed: Total,36,30,6
S01008751,Economically active: Self-employed: Part-time (1),13,12,1
S01008751,Economically active: Self-employed: Full-time (1),23,18,5
S01008751,Economically active: Unemployed (1),23,22,1
S01008751,Economically inactive,215,205,10
S01008752,All people aged 16 and over,664,615,49
S01008752,Economically active: Total,354,322,32
S01008752,Economically active: Employee: Total,283,258,25
S01008752,Economically active: Employee: Part-time (1),87,79,8
S01008752,Economically active: Employee: Full-time (1),196,179,17
S01008752,Economically active: Self-employed: Total,22,16,6
S01008752,Economically active: Self-employed: Part-time (1),3,1,2
S01008752,Economically active: Self-employed: Full-time (1),19,15,4
S01008752,Economically active: Unemployed (1),49,48,1
S01008752,Economically inactive,310,293,17
S01008753,All people aged 16 and over,458,418,40
S01008753,Economically active: Total,260,230,30
S01008753,Economically active: Employee: Total,212,192,20
S01008753,Economically active: Employee: Part-time (1),62,57,5
S01008753,Economically active: Employee: Full-time (1),150,135,15
S01008753,Economically active: Self-employed: Total,18,10,8
S01008753,Economically active: Self-employed: Part-time (1),3,0,3
S01008753,Economically active: Self-employed: Full-time (1),15,10,5
S01008753,Economically active: Unemployed (1),30,28,2
S01008753,Economically inactive,198,188,10
S01008754,All people aged 16 and over,543,459,84
S01008754,Economically active: Total,378,304,74
S01008754,Economically active: Employee: Total,327,264,63
S01008754,Economically active: Employee: Part-time (1),65,50,15
S01008754,Economically active: Employee: Full-time (1),262,214,48
S01008754,Economically active: Self-employed: Total,28,20,8
S01008754,Economically active: Self-employed: Part-time (1),7,6,1
S01008754,Economically active: Self-employed: Full-time (1),21,14,7
S01008754,Economically active: Unemployed (1),23,20,3
S01008754,Economically inactive,165,155,10
S01008755,All people aged 16 and over,815,640,175
S01008755,Economically active: Total,563,412,151
S01008755,Economically active: Employee: Total,466,335,131
S01008755,Economically active: Employee: Part-time (1),114,80,34
S01008755,Economically active: Employee: Full-time (1),352,255,97
S01008755,Economically active: Self-employed: Total,42,27,15
S01008755,Economically active: Self-employed: Part-time (1),14,8,6
S01008755,Economically active: Self-employed: Full-time (1),28,19,9
S01008755,Economically active: Unemployed (1),55,50,5
S01008755,Economically inactive,252,228,24
S01008756,All people aged 16 and over,624,518,106
S01008756,Economically active: Total,384,302,82
S01008756,Economically active: Employee: Total,307,243,64
S01008756,Economically active: Employee: Part-time (1),78,57,21
S01008756,Economically active: Employee: Full-time (1),229,186,43
S01008756,Economically active: Self-employed: Total,31,18,13
S01008756,Economically active: Self-employed: Part-time (1),12,5,7
S01008756,Economically active: Self-employed: Full-time (1),19,13,6
S01008756,Economically active: Unemployed (1),46,41,5
S01008756,Economically inactive,240,216,24
S01008757,All people aged 16 and over,539,493,46
S01008757,Economically active: Total,257,227,30
S01008757,Economically active: Employee: Total,190,166,24
S01008757,Economically active: Employee: Part-time (1),55,48,7
S01008757,Economically active: Employee: Full-time (1),135,118,17
S01008757,Economically active: Self-employed: Total,17,14,3
S01008757,Economically active: Self-employed: Part-time (1),3,2,1
S01008757,Economically active: Self-employed: Full-time (1),14,12,2
S01008757,Economically active: Unemployed (1),50,47,3
S01008757,Economically inactive,282,266,16
S01008758,All people aged 16 and over,694,603,91
S01008758,Economically active: Total,385,320,65
S01008758,Economically active: Employee: Total,299,253,46
S01008758,Economically active: Employee: Part-time (1),92,83,9
S01008758,Economically active: Employee: Full-time (1),207,170,37
S01008758,Economically active: Self-employed: Total,43,33,10
S01008758,Economically active: Self-employed: Part-time (1),11,6,5
S01008758,Economically active: Self-employed: Full-time (1),32,27,5
S01008758,Economically active: Unemployed (1),43,34,9
S01008758,Economically inactive,309,283,26
S01008759,All people aged 16 and over,464,430,34
S01008759,Economically active: Total,256,229,27
S01008759,Economically active: Employee: Total,197,175,22
S01008759,Economically active: Employee: Part-time (1),60,53,7
S01008759,Economically active: Employee: Full-time (1),137,122,15
S01008759,Economically active: Self-employed: Total,21,20,1
S01008759,Economically active: Self-employed: Part-time (1),7,6,1
S01008759,Economically active: Self-employed: Full-time (1),14,14,0
S01008759,Economically active: Unemployed (1),38,34,4
S01008759,Economically inactive,208,201,7
S01008760,All people aged 16 and over,763,667,96
S01008760,Economically active: Total,434,379,55
S01008760,Economically active: Employee: Total,345,303,42
S01008760,Economically active: Employee: Part-time (1),132,115,17
S01008760,Economically active: Employee: Full-time (1),213,188,25
S01008760,Economically active: Self-employed: Total,27,20,7
S01008760,Economically active: Self-employed: Part-time (1),9,7,2
S01008760,Economically active: Self-employed: Full-time (1),18,13,5
S01008760,Economically active: Unemployed (1),62,56,6
S01008760,Economically inactive,329,288,41
S01008761,All people aged 16 and over,599,411,188
S01008761,Economically active: Total,438,282,156
S01008761,Economically active: Employee: Total,368,241,127
S01008761,Economically active: Employee: Part-time (1),97,66,31
S01008761,Economically active: Employee: Full-time (1),271,175,96
S01008761,Economically active: Self-employed: Total,51,29,22
S01008761,Economically active: Self-employed: Part-time (1),9,5,4
S01008761,Economically active: Self-employed: Full-time (1),42,24,18
S01008761,Economically active: Unemployed (1),19,12,7
S01008761,Economically inactive,161,129,32
S01008762,All people aged 16 and over,527,495,32
S01008762,Economically active: Total,336,308,28
S01008762,Economically active: Employee: Total,289,267,22
S01008762,Economically active: Employee: Part-time (1),81,74,7
S01008762,Economically active: Employee: Full-time (1),208,193,15
S01008762,Economically active: Self-employed: Total,33,30,3
S01008762,Economically active: Self-employed: Part-time (1),8,6,2
S01008762,Economically active: Self-employed: Full-time (1),25,24,1
S01008762,Economically active: Unemployed (1),14,11,3
S01008762,Economically inactive,191,187,4
S01008763,All people aged 16 and over,766,672,94
S01008763,Economically active: Total,606,522,84
S01008763,Economically active: Employee: Total,520,447,73
S01008763,Economically active: Employee: Part-time (1),125,106,19
S01008763,Economically active: Employee: Full-time (1),395,341,54
S01008763,Economically active: Self-employed: Total,63,56,7
S01008763,Economically active: Self-employed: Part-time (1),17,17,0
S01008763,Economically active: Self-employed: Full-time (1),46,39,7
S01008763,Economically active: Unemployed (1),23,19,4
S01008763,Economically inactive,160,150,10
S01008764,All people aged 16 and over,586,524,62
S01008764,Economically active: Total,429,378,51
S01008764,Economically active: Employee: Total,356,314,42
S01008764,Economically active: Employee: Part-time (1),84,76,8
S01008764,Economically active: Employee: Full-time (1),272,238,34
S01008764,Economically active: Self-employed: Total,51,44,7
S01008764,Economically active: Self-employed: Part-time (1),14,11,3
S01008764,Economically active: Self-employed: Full-time (1),37,33,4
S01008764,Economically active: Unemployed (1),22,20,2
S01008764,Economically inactive,157,146,11
S01008765,All people aged 16 and over,688,619,69
S01008765,Economically active: Total,526,467,59
S01008765,Economically active: Employee: Total,421,377,44
S01008765,Economically active: Employee: Part-time (1),105,94,11
S01008765,Economically active: Employee: Full-time (1),316,283,33
S01008765,Economically active: Self-employed: Total,76,66,10
S01008765,Economically active: Self-employed: Part-time (1),13,12,1
S01008765,Economically active: Self-employed: Full-time (1),63,54,9
S01008765,Economically active: Unemployed (1),29,24,5
S01008765,Economically inactive,162,152,10
S01008766,All people aged 16 and over,863,808,55
S01008766,Economically active: Total,552,514,38
S01008766,Economically active: Employee: Total,428,402,26
S01008766,Economically active: Employee: Part-time (1),140,129,11
S01008766,Economically active: Employee: Full-time (1),288,273,15
S01008766,Economically active: Self-employed: Total,100,89,11
S01008766,Economically active: Self-employed: Part-time (1),35,32,3
S01008766,Economically active: Self-employed: Full-time (1),65,57,8
S01008766,Economically active: Unemployed (1),24,23,1
S01008766,Economically inactive,311,294,17
S01008767,All people aged 16 and over,462,428,34
S01008767,Economically active: Total,306,285,21
S01008767,Economically active: Employee: Total,250,236,14
S01008767,Economically active: Employee: Part-time (1),73,70,3
S01008767,Economically active: Employee: Full-time (1),177,166,11
S01008767,Economically active: Self-employed: Total,35,33,2
S01008767,Economically active: Self-employed: Part-time (1),9,8,1
S01008767,Economically active: Self-employed: Full-time (1),26,25,1
S01008767,Economically active: Unemployed (1),21,16,5
S01008767,Economically inactive,156,143,13
S01008768,All people aged 16 and over,453,394,59
S01008768,Economically active: Total,280,234,46
S01008768,Economically active: Employee: Total,234,193,41
S01008768,Economically active: Employee: Part-time (1),56,52,4
S01008768,Economically active: Employee: Full-time (1),178,141,37
S01008768,Economically active: Self-employed: Total,32,29,3
S01008768,Economically active: Self-employed: Part-time (1),5,4,1
S01008768,Economically active: Self-employed: Full-time (1),27,25,2
S01008768,Economically active: Unemployed (1),14,12,2
S01008768,Economically inactive,173,160,13
S01008769,All people aged 16 and over,621,496,125
S01008769,Economically active: Total,545,441,104
S01008769,Economically active: Employee: Total,456,367,89
S01008769,Economically active: Employee: Part-time (1),53,36,17
S01008769,Economically active: Employee: Full-time (1),403,331,72
S01008769,Economically active: Self-employed: Total,65,56,9
S01008769,Economically active: Self-employed: Part-time (1),9,8,1
S01008769,Economically active: Self-employed: Full-time (1),56,48,8
S01008769,Economically active: Unemployed (1),24,18,6
S01008769,Economically inactive,76,55,21
S01008770,All people aged 16 and over,725,506,219
S01008770,Economically active: Total,594,436,158
S01008770,Economically active: Employee: Total,492,367,125
S01008770,Economically active: Employee: Part-time (1),70,56,14
S01008770,Economically active: Employee: Full-time (1),422,311,111
S01008770,Economically active: Self-employed: Total,75,48,27
S01008770,Economically active: Self-employed: Part-time (1),21,14,7
S01008770,Economically active: Self-employed: Full-time (1),54,34,20
S01008770,Economically active: Unemployed (1),27,21,6
S01008770,Economically inactive,131,70,61
S01008771,All people aged 16 and over,644,507,137
S01008771,Economically active: Total,479,374,105
S01008771,Economically active: Employee: Total,373,295,78
S01008771,Economically active: Employee: Part-time (1),68,48,20
S01008771,Economically active: Employee: Full-time (1),305,247,58
S01008771,Economically active: Self-employed: Total,76,53,23
S01008771,Economically active: Self-employed: Part-time (1),17,11,6
S01008771,Economically active: Self-employed: Full-time (1),59,42,17
S01008771,Economically active: Unemployed (1),30,26,4
S01008771,Economically inactive,165,133,32
S01008772,All people aged 16 and over,669,592,77
S01008772,Economically active: Total,439,380,59
S01008772,Economically active: Employee: Total,355,308,47
S01008772,Economically active: Employee: Part-time (1),70,58,12
S01008772,Economically active: Employee: Full-time (1),285,250,35
S01008772,Economically active: Self-employed: Total,60,52,8
S01008772,Economically active: Self-employed: Part-time (1),17,16,1
S01008772,Economically active: Self-employed: Full-time (1),43,36,7
S01008772,Economically active: Unemployed (1),24,20,4
S01008772,Economically inactive,230,212,18
S01008773,All people aged 16 and over,908,770,138
S01008773,Economically active: Total,654,530,124
S01008773,Economically active: Employee: Total,557,450,107
S01008773,Economically active: Employee: Part-time (1),113,81,32
S01008773,Economically active: Employee: Full-time (1),444,369,75
S01008773,Economically active: Self-employed: Total,54,44,10
S01008773,Economically active: Self-employed: Part-time (1),13,10,3
S01008773,Economically active: Self-employed: Full-time (1),41,34,7
S01008773,Economically active: Unemployed (1),43,36,7
S01008773,Economically inactive,254,240,14
S01008774,All people aged 16 and over,789,606,183
S01008774,Economically active: Total,565,416,149
S01008774,Economically active: Employee: Total,467,345,122
S01008774,Economically active: Employee: Part-time (1),95,65,30
S01008774,Economically active: Employee: Full-time (1),372,280,92
S01008774,Economically active: Self-employed: Total,54,37,17
S01008774,Economically active: Self-employed: Part-time (1),20,13,7
S01008774,Economically active: Self-employed: Full-time (1),34,24,10
S01008774,Economically active: Unemployed (1),44,34,10
S01008774,Economically inactive,224,190,34
S01008775,All people aged 16 and over,412,359,53
S01008775,Economically active: Total,299,258,41
S01008775,Economically active: Employee: Total,236,202,34
S01008775,Economically active: Employee: Part-time (1),54,42,12
S01008775,Economically active: Employee: Full-time (1),182,160,22
S01008775,Economically active: Self-employed: Total,46,41,5
S01008775,Economically active: Self-employed: Part-time (1),17,17,0
S01008775,Economically active: Self-employed: Full-time (1),29,24,5
S01008775,Economically active: Unemployed (1),17,15,2
S01008775,Economically inactive,113,101,12
S01008776,All people aged 16 and over,755,607,148
S01008776,Economically active: Total,487,374,113
S01008776,Economically active: Employee: Total,374,287,87
S01008776,Economically active: Employee: Part-time (1),95,69,26
S01008776,Economically active: Employee: Full-time (1),279,218,61
S01008776,Economically active: Self-employed: Total,47,36,11
S01008776,Economically active: Self-employed: Part-time (1),11,7,4
S01008776,Economically active: Self-employed: Full-time (1),36,29,7
S01008776,Economically active: Unemployed (1),66,51,15
S01008776,Economically inactive,268,233,35
S01008777,All people aged 16 and over,949,752,197
S01008777,Economically active: Total,564,408,156
S01008777,Economically active: Employee: Total,443,320,123
S01008777,Economically active: Employee: Part-time (1),112,64,48
S01008777,Economically active: Employee: Full-time (1),331,256,75
S01008777,Economically active: Self-employed: Total,51,34,17
S01008777,Economically active: Self-employed: Part-time (1),18,12,6
S01008777,Economically active: Self-employed: Full-time (1),33,22,11
S01008777,Economically active: Unemployed (1),70,54,16
S01008777,Economically inactive,385,344,41
S01008778,All people aged 16 and over,999,763,236
S01008778,Economically active: Total,837,625,212
S01008778,Economically active: Employee: Total,680,503,177
S01008778,Economically active: Employee: Part-time (1),109,76,33
S01008778,Economically active: Employee: Full-time (1),571,427,144
S01008778,Economically active: Self-employed: Total,107,81,26
S01008778,Economically active: Self-employed: Part-time (1),25,21,4
S01008778,Economically active: Self-employed: Full-time (1),82,60,22
S01008778,Economically active: Unemployed (1),50,41,9
S01008778,Economically inactive,162,138,24
S01008779,All people aged 16 and over,662,522,140
S01008779,Economically active: Total,578,462,116
S01008779,Economically active: Employee: Total,479,392,87
S01008779,Economically active: Employee: Part-time (1),73,54,19
S01008779,Economically active: Employee: Full-time (1),406,338,68
S01008779,Economically active: Self-employed: Total,71,54,17
S01008779,Economically active: Self-employed: Part-time (1),17,13,4
S01008779,Economically active: Self-employed: Full-time (1),54,41,13
S01008779,Economically active: Unemployed (1),28,16,12
S01008779,Economically inactive,84,60,24
S01008780,All people aged 16 and over,529,398,131
S01008780,Economically active: Total,437,323,114
S01008780,Economically active: Employee: Total,366,271,95
S01008780,Economically active: Employee: Part-time (1),59,42,17
S01008780,Economically active: Employee: Full-time (1),307,229,78
S01008780,Economically active: Self-employed: Total,54,38,16
S01008780,Economically active: Self-employed: Part-time (1),15,10,5
S01008780,Economically active: Self-employed: Full-time (1),39,28,11
S01008780,Economically active: Unemployed (1),17,14,3
S01008780,Economically inactive,92,75,17
S01008781,All people aged 16 and over,787,592,195
S01008781,Economically active: Total,669,488,181
S01008781,Economically active: Employee: Total,573,418,155
S01008781,Economically active: Employee: Part-time (1),104,68,36
S01008781,Economically active: Employee: Full-time (1),469,350,119
S01008781,Economically active: Self-employed: Total,45,32,13
S01008781,Economically active: Self-employed: Part-time (1),15,10,5
S01008781,Economically active: Self-employed: Full-time (1),30,22,8
S01008781,Economically active: Unemployed (1),51,38,13
S01008781,Economically inactive,118,104,14
S01008782,All people aged 16 and over,697,551,146
S01008782,Economically active: Total,543,426,117
S01008782,Economically active: Employee: Total,447,347,100
S01008782,Economically active: Employee: Part-time (1),61,47,14
S01008782,Economically active: Employee: Full-time (1),386,300,86
S01008782,Economically active: Self-employed: Total,64,51,13
S01008782,Economically active: Self-employed: Part-time (1),10,8,2
S01008782,Economically active: Self-employed: Full-time (1),54,43,11
S01008782,Economically active: Unemployed (1),32,28,4
S01008782,Economically inactive,154,125,29
S01008783,All people aged 16 and over,366,308,58
S01008783,Economically active: Total,317,264,53
S01008783,Economically active: Employee: Total,265,224,41
S01008783,Economically active: Employee: Part-time (1),38,32,6
S01008783,Economically active: Employee: Full-time (1),227,192,35
S01008783,Economically active: Self-employed: Total,43,35,8
S01008783,Economically active: Self-employed: Part-time (1),11,9,2
S01008783,Economically active: Self-employed: Full-time (1),32,26,6
S01008783,Economically active: Unemployed (1),9,5,4
S01008783,Economically inactive,49,44,5
S01008784,All people aged 16 and over,395,311,84
S01008784,Economically active: Total,342,263,79
S01008784,Economically active: Employee: Total,285,222,63
S01008784,Economically active: Employee: Part-time (1),47,34,13
S01008784,Economically active: Employee: Full-time (1),238,188,50
S01008784,Economically active: Self-employed: Total,37,27,10
S01008784,Economically active: Self-employed: Part-time (1),14,8,6
S01008784,Economically active: Self-employed: Full-time (1),23,19,4
S01008784,Economically active: Unemployed (1),20,14,6
S01008784,Economically inactive,53,48,5
S01008785,All people aged 16 and over,732,556,176
S01008785,Economically active: Total,452,307,145
S01008785,Economically active: Employee: Total,350,239,111
S01008785,Economically active: Employee: Part-time (1),90,55,35
S01008785,Economically active: Employee: Full-time (1),260,184,76
S01008785,Economically active: Self-employed: Total,45,22,23
S01008785,Economically active: Self-employed: Part-time (1),20,8,12
S01008785,Economically active: Self-employed: Full-time (1),25,14,11
S01008785,Economically active: Unemployed (1),57,46,11
S01008785,Economically inactive,280,249,31
S01008786,All people aged 16 and over,857,660,197
S01008786,Economically active: Total,684,524,160
S01008786,Economically active: Employee: Total,559,427,132
S01008786,Economically active: Employee: Part-time (1),77,50,27
S01008786,Economically active: Employee: Full-time (1),482,377,105
S01008786,Economically active: Self-employed: Total,66,53,13
S01008786,Economically active: Self-employed: Part-time (1),14,13,1
S01008786,Economically active: Self-employed: Full-time (1),52,40,12
S01008786,Economically active: Unemployed (1),59,44,15
S01008786,Economically inactive,173,136,37
S01008787,All people aged 16 and over,280,227,53
S01008787,Economically active: Total,151,114,37
S01008787,Economically active: Employee: Total,111,77,34
S01008787,Economically active: Employee: Part-time (1),55,35,20
S01008787,Economically active: Employee: Full-time (1),56,42,14
S01008787,Economically active: Self-employed: Total,12,9,3
S01008787,Economically active: Self-employed: Part-time (1),3,2,1
S01008787,Economically active: Self-employed: Full-time (1),9,7,2
S01008787,Economically active: Unemployed (1),28,28,0
S01008787,Economically inactive,129,113,16
S01008788,All people aged 16 and over,614,471,143
S01008788,Economically active: Total,513,390,123
S01008788,Economically active: Employee: Total,434,327,107
S01008788,Economically active: Employee: Part-time (1),68,44,24
S01008788,Economically active: Employee: Full-time (1),366,283,83
S01008788,Economically active: Self-employed: Total,53,39,14
S01008788,Economically active: Self-employed: Part-time (1),9,7,2
S01008788,Economically active: Self-employed: Full-time (1),44,32,12
S01008788,Economically active: Unemployed (1),26,24,2
S01008788,Economically inactive,101,81,20
S01008789,All people aged 16 and over,582,497,85
S01008789,Economically active: Total,303,238,65
S01008789,Economically active: Employee: Total,254,199,55
S01008789,Economically active: Employee: Part-time (1),55,49,6
S01008789,Economically active: Employee: Full-time (1),199,150,49
S01008789,Economically active: Self-employed: Total,30,23,7
S01008789,Economically active: Self-employed: Part-time (1),6,5,1
S01008789,Economically active: Self-employed: Full-time (1),24,18,6
S01008789,Economically active: Unemployed (1),19,16,3
S01008789,Economically inactive,279,259,20
S01008790,All people aged 16 and over,576,444,132
S01008790,Economically active: Total,421,313,108
S01008790,Economically active: Employee: Total,323,252,71
S01008790,Economically active: Employee: Part-time (1),96,68,28
S01008790,Economically active: Employee: Full-time (1),227,184,43
S01008790,Economically active: Self-employed: Total,41,29,12
S01008790,Economically active: Self-employed: Part-time (1),12,7,5
S01008790,Economically active: Self-employed: Full-time (1),29,22,7
S01008790,Economically active: Unemployed (1),57,32,25
S01008790,Economically inactive,155,131,24
S01008791,All people aged 16 and over,779,428,351
S01008791,Economically active: Total,608,327,281
S01008791,Economically active: Employee: Total,510,283,227
S01008791,Economically active: Employee: Part-time (1),99,44,55
S01008791,Economically active: Employee: Full-time (1),411,239,172
S01008791,Economically active: Self-employed: Total,57,19,38
S01008791,Economically active: Self-employed: Part-time (1),18,7,11
S01008791,Economically active: Self-employed: Full-time (1),39,12,27
S01008791,Economically active: Unemployed (1),41,25,16
S01008791,Economically inactive,171,101,70
S01008792,All people aged 16 and over,685,524,161
S01008792,Economically active: Total,514,377,137
S01008792,Economically active: Employee: Total,422,307,115
S01008792,Economically active: Employee: Part-time (1),103,67,36
S01008792,Economically active: Employee: Full-time (1),319,240,79
S01008792,Economically active: Self-employed: Total,56,44,12
S01008792,Economically active: Self-employed: Part-time (1),18,15,3
S01008792,Economically active: Self-employed: Full-time (1),38,29,9
S01008792,Economically active: Unemployed (1),36,26,10
S01008792,Economically inactive,171,147,24
S01008793,All people aged 16 and over,388,289,99
S01008793,Economically active: Total,239,164,75
S01008793,Economically active: Employee: Total,172,111,61
S01008793,Economically active: Employee: Part-time (1),46,26,20
S01008793,Economically active: Employee: Full-time (1),126,85,41
S01008793,Economically active: Self-employed: Total,21,16,5
S01008793,Economically active: Self-employed: Part-time (1),8,6,2
S01008793,Economically active: Self-employed: Full-time (1),13,10,3
S01008793,Economically active: Unemployed (1),46,37,9
S01008793,Economically inactive,149,125,24
S01008794,All people aged 16 and over,773,639,134
S01008794,Economically active: Total,468,359,109
S01008794,Economically active: Employee: Total,399,305,94
S01008794,Economically active: Employee: Part-time (1),86,66,20
S01008794,Economically active: Employee: Full-time (1),313,239,74
S01008794,Economically active: Self-employed: Total,33,20,13
S01008794,Economically active: Self-employed: Part-time (1),8,6,2
S01008794,Economically active: Self-employed: Full-time (1),25,14,11
S01008794,Economically active: Unemployed (1),36,34,2
S01008794,Economically inactive,305,280,25
S01008795,All people aged 16 and over,1000,694,306
S01008795,Economically active: Total,795,549,246
S01008795,Economically active: Employee: Total,667,469,198
S01008795,Economically active: Employee: Part-time (1),143,89,54
S01008795,Economically active: Employee: Full-time (1),524,380,144
S01008795,Economically active: Self-employed: Total,74,47,27
S01008795,Economically active: Self-employed: Part-time (1),24,15,9
S01008795,Economically active: Self-employed: Full-time (1),50,32,18
S01008795,Economically active: Unemployed (1),54,33,21
S01008795,Economically inactive,205,145,60
S01008796,All people aged 16 and over,950,716,234
S01008796,Economically active: Total,670,485,185
S01008796,Economically active: Employee: Total,568,413,155
S01008796,Economically active: Employee: Part-time (1),144,99,45
S01008796,Economically active: Employee: Full-time (1),424,314,110
S01008796,Economically active: Self-employed: Total,54,33,21
S01008796,Economically active: Self-employed: Part-time (1),13,5,8
S01008796,Economically active: Self-employed: Full-time (1),41,28,13
S01008796,Economically active: Unemployed (1),48,39,9
S01008796,Economically inactive,280,231,49
S01008797,All people aged 16 and over,888,647,241
S01008797,Economically active: Total,660,459,201
S01008797,Economically active: Employee: Total,573,397,176
S01008797,Economically active: Employee: Part-time (1),139,78,61
S01008797,Economically active: Employee: Full-time (1),434,319,115
S01008797,Economically active: Self-employed: Total,44,30,14
S01008797,Economically active: Self-employed: Part-time (1),9,5,4
S01008797,Economically active: Self-employed: Full-time (1),35,25,10
S01008797,Economically active: Unemployed (1),43,32,11
S01008797,Economically inactive,228,188,40
S01008798,All people aged 16 and over,724,546,178
S01008798,Economically active: Total,509,368,141
S01008798,Economically active: Employee: Total,420,306,114
S01008798,Economically active: Employee: Part-time (1),96,59,37
S01008798,Economically active: Employee: Full-time (1),324,247,77
S01008798,Economically active: Self-employed: Total,43,26,17
S01008798,Economically active: Self-employed: Part-time (1),14,7,7
S01008798,Economically active: Self-employed: Full-time (1),29,19,10
S01008798,Economically active: Unemployed (1),46,36,10
S01008798,Economically inactive,215,178,37
S01008799,All people aged 16 and over,565,335,230
S01008799,Economically active: Total,435,250,185
S01008799,Economically active: Employee: Total,373,214,159
S01008799,Economically active: Employee: Part-time (1),89,43,46
S01008799,Economically active: Employee: Full-time (1),284,171,113
S01008799,Economically active: Self-employed: Total,33,18,15
S01008799,Economically active: Self-employed: Part-time (1),13,6,7
S01008799,Economically active: Self-employed: Full-time (1),20,12,8
S01008799,Economically active: Unemployed (1),29,18,11
S01008799,Economically inactive,130,85,45
S01008800,All people aged 16 and over,970,663,307
S01008800,Economically active: Total,831,560,271
S01008800,Economically active: Employee: Total,704,475,229
S01008800,Economically active: Employee: Part-time (1),135,77,58
S01008800,Economically active: Employee: Full-time (1),569,398,171
S01008800,Economically active: Self-employed: Total,64,46,18
S01008800,Economically active: Self-employed: Part-time (1),14,9,5
S01008800,Economically active: Self-employed: Full-time (1),50,37,13
S01008800,Economically active: Unemployed (1),63,39,24
S01008800,Economically inactive,139,103,36
S01008801,All people aged 16 and over,870,584,286
S01008801,Economically active: Total,706,473,233
S01008801,Economically active: Employee: Total,604,412,192
S01008801,Economically active: Employee: Part-time (1),110,60,50
S01008801,Economically active: Employee: Full-time (1),494,352,142
S01008801,Economically active: Self-employed: Total,49,30,19
S01008801,Economically active: Self-employed: Part-time (1),12,4,8
S01008801,Economically active: Self-employed: Full-time (1),37,26,11
S01008801,Economically active: Unemployed (1),53,31,22
S01008801,Economically inactive,164,111,53
S01008802,All people aged 16 and over,892,647,245
S01008802,Economically active: Total,666,474,192
S01008802,Economically active: Employee: Total,549,394,155
S01008802,Economically active: Employee: Part-time (1),110,65,45
S01008802,Economically active: Employee: Full-time (1),439,329,110
S01008802,Economically active: Self-employed: Total,60,39,21
S01008802,Economically active: Self-employed: Part-time (1),24,19,5
S01008802,Economically active: Self-employed: Full-time (1),36,20,16
S01008802,Economically active: Unemployed (1),57,41,16
S01008802,Economically inactive,226,173,53
S01008803,All people aged 16 and over,862,655,207
S01008803,Economically active: Total,640,476,164
S01008803,Economically active: Employee: Total,510,373,137
S01008803,Economically active: Employee: Part-time (1),120,85,35
S01008803,Economically active: Employee: Full-time (1),390,288,102
S01008803,Economically active: Self-employed: Total,66,49,17
S01008803,Economically active: Self-employed: Part-time (1),25,21,4
S01008803,Economically active: Self-employed: Full-time (1),41,28,13
S01008803,Economically active: Unemployed (1),64,54,10
S01008803,Economically inactive,222,179,43
S01008804,All people aged 16 and over,608,370,238
S01008804,Economically active: Total,372,206,166
S01008804,Economically active: Employee: Total,317,173,144
S01008804,Economically active: Employee: Part-time (1),65,23,42
S01008804,Economically active: Employee: Full-time (1),252,150,102
S01008804,Economically active: Self-employed: Total,23,12,11
S01008804,Economically active: Self-employed: Part-time (1),4,1,3
S01008804,Economically active: Self-employed: Full-time (1),19,11,8
S01008804,Economically active: Unemployed (1),32,21,11
S01008804,Economically inactive,236,164,72
S01008805,All people aged 16 and over,589,352,237
S01008805,Economically active: Total,441,277,164
S01008805,Economically active: Employee: Total,374,241,133
S01008805,Economically active: Employee: Part-time (1),102,60,42
S01008805,Economically active: Employee: Full-time (1),272,181,91
S01008805,Economically active: Self-employed: Total,31,17,14
S01008805,Economically active: Self-employed: Part-time (1),11,6,5
S01008805,Economically active: Self-employed: Full-time (1),20,11,9
S01008805,Economically active: Unemployed (1),36,19,17
S01008805,Economically inactive,148,75,73
S01008806,All people aged 16 and over,919,604,315
S01008806,Economically active: Total,751,495,256
S01008806,Economically active: Employee: Total,649,431,218
S01008806,Economically active: Employee: Part-time (1),132,79,53
S01008806,Economically active: Employee: Full-time (1),517,352,165
S01008806,Economically active: Self-employed: Total,67,42,25
S01008806,Economically active: Self-employed: Part-time (1),20,13,7
S01008806,Economically active: Self-employed: Full-time (1),47,29,18
S01008806,Economically active: Unemployed (1),35,22,13
S01008806,Economically inactive,168,109,59
S01008807,All people aged 16 and over,742,539,203
S01008807,Economically active: Total,559,401,158
S01008807,Economically active: Employee: Total,471,345,126
S01008807,Economically active: Employee: Part-time (1),91,64,27
S01008807,Economically active: Employee: Full-time (1),380,281,99
S01008807,Economically active: Self-employed: Total,57,40,17
S01008807,Economically active: Self-employed: Part-time (1),17,10,7
S01008807,Economically active: Self-employed: Full-time (1),40,30,10
S01008807,Economically active: Unemployed (1),31,16,15
S01008807,Economically inactive,183,138,45
S01008808,All people aged 16 and over,614,469,145
S01008808,Economically active: Total,445,333,112
S01008808,Economically active: Employee: Total,344,255,89
S01008808,Economically active: Employee: Part-time (1),67,46,21
S01008808,Economically active: Employee: Full-time (1),277,209,68
S01008808,Economically active: Self-employed: Total,75,59,16
S01008808,Economically active: Self-employed: Part-time (1),25,19,6
S01008808,Economically active: Self-employed: Full-time (1),50,40,10
S01008808,Economically active: Unemployed (1),26,19,7
S01008808,Economically inactive,169,136,33
S01008809,All people aged 16 and over,570,423,147
S01008809,Economically active: Total,402,298,104
S01008809,Economically active: Employee: Total,287,207,80
S01008809,Economically active: Employee: Part-time (1),67,54,13
S01008809,Economically active: Employee: Full-time (1),220,153,67
S01008809,Economically active: Self-employed: Total,90,74,16
S01008809,Economically active: Self-employed: Part-time (1),26,20,6
S01008809,Economically active: Self-employed: Full-time (1),64,54,10
S01008809,Economically active: Unemployed (1),25,17,8
S01008809,Economically inactive,168,125,43
S01008810,All people aged 16 and over,654,467,187
S01008810,Economically active: Total,515,383,132
S01008810,Economically active: Employee: Total,418,312,106
S01008810,Economically active: Employee: Part-time (1),91,66,25
S01008810,Economically active: Employee: Full-time (1),327,246,81
S01008810,Economically active: Self-employed: Total,68,51,17
S01008810,Economically active: Self-employed: Part-time (1),20,15,5
S01008810,Economically active: Self-employed: Full-time (1),48,36,12
S01008810,Economically active: Unemployed (1),29,20,9
S01008810,Economically inactive,139,84,55
S01008811,All people aged 16 and over,794,558,236
S01008811,Economically active: Total,600,426,174
S01008811,Economically active: Employee: Total,478,335,143
S01008811,Economically active: Employee: Part-time (1),116,74,42
S01008811,Economically active: Employee: Full-time (1),362,261,101
S01008811,Economically active: Self-employed: Total,86,62,24
S01008811,Economically active: Self-employed: Part-time (1),21,12,9
S01008811,Economically active: Self-employed: Full-time (1),65,50,15
S01008811,Economically active: Unemployed (1),36,29,7
S01008811,Economically inactive,194,132,62
S01008812,All people aged 16 and over,436,319,117
S01008812,Economically active: Total,338,247,91
S01008812,Economically active: Employee: Total,272,190,82
S01008812,Economically active: Employee: Part-time (1),59,33,26
S01008812,Economically active: Employee: Full-time (1),213,157,56
S01008812,Economically active: Self-employed: Total,42,39,3
S01008812,Economically active: Self-employed: Part-time (1),11,10,1
S01008812,Economically active: Self-employed: Full-time (1),31,29,2
S01008812,Economically active: Unemployed (1),24,18,6
S01008812,Economically inactive,98,72,26
S01008813,All people aged 16 and over,828,608,220
S01008813,Economically active: Total,592,430,162
S01008813,Economically active: Employee: Total,440,320,120
S01008813,Economically active: Employee: Part-time (1),131,87,44
S01008813,Economically active: Employee: Full-time (1),309,233,76
S01008813,Economically active: Self-employed: Total,74,59,15
S01008813,Economically active: Self-employed: Part-time (1),24,18,6
S01008813,Economically active: Self-employed: Full-time (1),50,41,9
S01008813,Economically active: Unemployed (1),78,51,27
S01008813,Economically inactive,236,178,58
S01008814,All people aged 16 and over,732,501,231
S01008814,Economically active: Total,567,373,194
S01008814,Economically active: Employee: Total,457,304,153
S01008814,Economically active: Employee: Part-time (1),137,79,58
S01008814,Economically active: Employee: Full-time (1),320,225,95
S01008814,Economically active: Self-employed: Total,62,38,24
S01008814,Economically active: Self-employed: Part-time (1),15,7,8
S01008814,Economically active: Self-employed: Full-time (1),47,31,16
S01008814,Economically active: Unemployed (1),48,31,17
S01008814,Economically inactive,165,128,37
S01008815,All people aged 16 and over,806,574,232
S01008815,Economically active: Total,617,429,188
S01008815,Economically active: Employee: Total,518,366,152
S01008815,Economically active: Employee: Part-time (1),99,62,37
S01008815,Economically active: Employee: Full-time (1),419,304,115
S01008815,Economically active: Self-employed: Total,51,30,21
S01008815,Economically active: Self-employed: Part-time (1),19,11,8
S01008815,Economically active: Self-employed: Full-time (1),32,19,13
S01008815,Economically active: Unemployed (1),48,33,15
S01008815,Economically inactive,189,145,44
S01008816,All people aged 16 and over,473,400,73
S01008816,Economically active: Total,316,260,56
S01008816,Economically active: Employee: Total,264,223,41
S01008816,Economically active: Employee: Part-time (1),33,25,8
S01008816,Economically active: Employee: Full-time (1),231,198,33
S01008816,Economically active: Self-employed: Total,22,20,2
S01008816,Economically active: Self-employed: Part-time (1),3,3,0
S01008816,Economically active: Self-employed: Full-time (1),19,17,2
S01008816,Economically active: Unemployed (1),30,17,13
S01008816,Economically inactive,157,140,17
S01008817,All people aged 16 and over,658,505,153
S01008817,Economically active: Total,492,360,132
S01008817,Economically active: Employee: Total,419,306,113
S01008817,Economically active: Employee: Part-time (1),90,62,28
S01008817,Economically active: Employee: Full-time (1),329,244,85
S01008817,Economically active: Self-employed: Total,40,27,13
S01008817,Economically active: Self-employed: Part-time (1),13,6,7
S01008817,Economically active: Self-employed: Full-time (1),27,21,6
S01008817,Economically active: Unemployed (1),33,27,6
S01008817,Economically inactive,166,145,21
S01008818,All people aged 16 and over,641,556,85
S01008818,Economically active: Total,514,447,67
S01008818,Economically active: Employee: Total,445,386,59
S01008818,Economically active: Employee: Part-time (1),99,84,15
S01008818,Economically active: Employee: Full-time (1),346,302,44
S01008818,Economically active: Self-employed: Total,50,44,6
S01008818,Economically active: Self-employed: Part-time (1),19,16,3
S01008818,Economically active: Self-employed: Full-time (1),31,28,3
S01008818,Economically active: Unemployed (1),19,17,2
S01008818,Economically inactive,127,109,18
S01008819,All people aged 16 and over,646,560,86
S01008819,Economically active: Total,470,392,78
S01008819,Economically active: Employee: Total,385,322,63
S01008819,Economically active: Employee: Part-time (1),72,56,16
S01008819,Economically active: Employee: Full-time (1),313,266,47
S01008819,Economically active: Self-employed: Total,64,53,11
S01008819,Economically active: Self-employed: Part-time (1),20,19,1
S01008819,Economically active: Self-employed: Full-time (1),44,34,10
S01008819,Economically active: Unemployed (1),21,17,4
S01008819,Economically inactive,176,168,8
S01008820,All people aged 16 and over,962,790,172
S01008820,Economically active: Total,692,564,128
S01008820,Economically active: Employee: Total,542,445,97
S01008820,Economically active: Employee: Part-time (1),99,81,18
S01008820,Economically active: Employee: Full-time (1),443,364,79
S01008820,Economically active: Self-employed: Total,79,61,18
S01008820,Economically active: Self-employed: Part-time (1),30,26,4
S01008820,Economically active: Self-employed: Full-time (1),49,35,14
S01008820,Economically active: Unemployed (1),71,58,13
S01008820,Economically inactive,270,226,44
S01008821,All people aged 16 and over,550,458,92
S01008821,Economically active: Total,409,340,69
S01008821,Economically active: Employee: Total,339,281,58
S01008821,Economically active: Employee: Part-time (1),90,68,22
S01008821,Economically active: Employee: Full-time (1),249,213,36
S01008821,Economically active: Self-employed: Total,51,41,10
S01008821,Economically active: Self-employed: Part-time (1),14,10,4
S01008821,Economically active: Self-employed: Full-time (1),37,31,6
S01008821,Economically active: Unemployed (1),19,18,1
S01008821,Economically inactive,141,118,23
S01008822,All people aged 16 and over,585,528,57
S01008822,Economically active: Total,396,347,49
S01008822,Economically active: Employee: Total,304,271,33
S01008822,Economically active: Employee: Part-time (1),84,73,11
S01008822,Economically active: Employee: Full-time (1),220,198,22
S01008822,Economically active: Self-employed: Total,70,59,11
S01008822,Economically active: Self-employed: Part-time (1),23,20,3
S01008822,Economically active: Self-employed: Full-time (1),47,39,8
S01008822,Economically active: Unemployed (1),22,17,5
S01008822,Economically inactive,189,181,8
S01008823,All people aged 16 and over,556,494,62
S01008823,Economically active: Total,350,303,47
S01008823,Economically active: Employee: Total,265,233,32
S01008823,Economically active: Employee: Part-time (1),69,63,6
S01008823,Economically active: Employee: Full-time (1),196,170,26
S01008823,Economically active: Self-employed: Total,71,59,12
S01008823,Economically active: Self-employed: Part-time (1),21,18,3
S01008823,Economically active: Self-employed: Full-time (1),50,41,9
S01008823,Economically active: Unemployed (1),14,11,3
S01008823,Economically inactive,206,191,15
S01008824,All people aged 16 and over,833,750,83
S01008824,Economically active: Total,581,519,62
S01008824,Economically active: Employee: Total,482,430,52
S01008824,Economically active: Employee: Part-time (1),107,98,9
S01008824,Economically active: Employee: Full-time (1),375,332,43
S01008824,Economically active: Self-employed: Total,74,64,10
S01008824,Economically active: Self-employed: Part-time (1),27,26,1
S01008824,Economically active: Self-employed: Full-time (1),47,38,9
S01008824,Economically active: Unemployed (1),25,25,0
S01008824,Economically inactive,252,231,21
S01008825,All people aged 16 and over,512,460,52
S01008825,Economically active: Total,361,315,46
S01008825,Economically active: Employee: Total,297,259,38
S01008825,Economically active: Employee: Part-time (1),69,60,9
S01008825,Economically active: Employee: Full-time (1),228,199,29
S01008825,Economically active: Self-employed: Total,58,53,5
S01008825,Economically active: Self-employed: Part-time (1),13,11,2
S01008825,Economically active: Self-employed: Full-time (1),45,42,3
S01008825,Economically active: Unemployed (1),6,3,3
S01008825,Economically inactive,151,145,6
S01008826,All people aged 16 and over,589,520,69
S01008826,Economically active: Total,427,367,60
S01008826,Economically active: Employee: Total,334,287,47
S01008826,Economically active: Employee: Part-time (1),73,61,12
S01008826,Economically active: Employee: Full-time (1),261,226,35
S01008826,Economically active: Self-employed: Total,63,55,8
S01008826,Economically active: Self-employed: Part-time (1),12,11,1
S01008826,Economically active: Self-employed: Full-time (1),51,44,7
S01008826,Economically active: Unemployed (1),30,25,5
S01008826,Economically inactive,162,153,9
S01008827,All people aged 16 and over,570,517,53
S01008827,Economically active: Total,337,305,32
S01008827,Economically active: Employee: Total,255,232,23
S01008827,Economically active: Employee: Part-time (1),74,70,4
S01008827,Economically active: Employee: Full-time (1),181,162,19
S01008827,Economically active: Self-employed: Total,71,63,8
S01008827,Economically active: Self-employed: Part-time (1),20,19,1
S01008827,Economically active: Self-employed: Full-time (1),51,44,7
S01008827,Economically active: Unemployed (1),11,10,1
S01008827,Economically inactive,233,212,21
S01008828,All people aged 16 and over,751,674,77
S01008828,Economically active: Total,498,439,59
S01008828,Economically active: Employee: Total,393,350,43
S01008828,Economically active: Employee: Part-time (1),89,79,10
S01008828,Economically active: Employee: Full-time (1),304,271,33
S01008828,Economically active: Self-employed: Total,85,72,13
S01008828,Economically active: Self-employed: Part-time (1),30,27,3
S01008828,Economically active: Self-employed: Full-time (1),55,45,10
S01008828,Economically active: Unemployed (1),20,17,3
S01008828,Economically inactive,253,235,18
S01008829,All people aged 16 and over,564,490,74
S01008829,Economically active: Total,344,305,39
S01008829,Economically active: Employee: Total,277,247,30
S01008829,Economically active: Employee: Part-time (1),86,76,10
S01008829,Economically active: Employee: Full-time (1),191,171,20
S01008829,Economically active: Self-employed: Total,46,39,7
S01008829,Economically active: Self-employed: Part-time (1),14,10,4
S01008829,Economically active: Self-employed: Full-time (1),32,29,3
S01008829,Economically active: Unemployed (1),21,19,2
S01008829,Economically inactive,220,185,35
S01008830,All people aged 16 and over,561,505,56
S01008830,Economically active: Total,358,315,43
S01008830,Economically active: Employee: Total,288,252,36
S01008830,Economically active: Employee: Part-time (1),73,64,9
S01008830,Economically active: Employee: Full-time (1),215,188,27
S01008830,Economically active: Self-employed: Total,59,54,5
S01008830,Economically active: Self-employed: Part-time (1),13,12,1
S01008830,Economically active: Self-employed: Full-time (1),46,42,4
S01008830,Economically active: Unemployed (1),11,9,2
S01008830,Economically inactive,203,190,13
S01008831,All people aged 16 and over,658,620,38
S01008831,Economically active: Total,367,341,26
S01008831,Economically active: Employee: Total,271,253,18
S01008831,Economically active: Employee: Part-time (1),87,78,9
S01008831,Economically active: Employee: Full-time (1),184,175,9
S01008831,Economically active: Self-employed: Total,80,73,7
S01008831,Economically active: Self-employed: Part-time (1),25,24,1
S01008831,Economically active: Self-employed: Full-time (1),55,49,6
S01008831,Economically active: Unemployed (1),16,15,1
S01008831,Economically inactive,291,279,12
S01008832,All people aged 16 and over,655,561,94
S01008832,Economically active: Total,335,285,50
S01008832,Economically active: Employee: Total,242,206,36
S01008832,Economically active: Employee: Part-time (1),39,35,4
S01008832,Economically active: Employee: Full-time (1),203,171,32
S01008832,Economically active: Self-employed: Total,61,50,11
S01008832,Economically active: Self-employed: Part-time (1),12,11,1
S01008832,Economically active: Self-employed: Full-time (1),49,39,10
S01008832,Economically active: Unemployed (1),32,29,3
S01008832,Economically inactive,320,276,44
S01008833,All people aged 16 and over,863,732,131
S01008833,Economically active: Total,542,445,97
S01008833,Economically active: Employee: Total,435,361,74
S01008833,Economically active: Employee: Part-time (1),88,75,13
S01008833,Economically active: Employee: Full-time (1),347,286,61
S01008833,Economically active: Self-employed: Total,80,69,11
S01008833,Economically active: Self-employed: Part-time (1),30,26,4
S01008833,Economically active: Self-employed: Full-time (1),50,43,7
S01008833,Economically active: Unemployed (1),27,15,12
S01008833,Economically inactive,321,287,34
S01008834,All people aged 16 and over,977,828,149
S01008834,Economically active: Total,608,496,112
S01008834,Economically active: Employee: Total,468,390,78
S01008834,Economically active: Employee: Part-time (1),104,93,11
S01008834,Economically active: Employee: Full-time (1),364,297,67
S01008834,Economically active: Self-employed: Total,118,90,28
S01008834,Economically active: Self-employed: Part-time (1),40,30,10
S01008834,Economically active: Self-employed: Full-time (1),78,60,18
S01008834,Economically active: Unemployed (1),22,16,6
S01008834,Economically inactive,369,332,37
S01008835,All people aged 16 and over,695,643,52
S01008835,Economically active: Total,434,391,43
S01008835,Economically active: Employee: Total,372,339,33
S01008835,Economically active: Employee: Part-time (1),103,91,12
S01008835,Economically active: Employee: Full-time (1),269,248,21
S01008835,Economically active: Self-employed: Total,40,32,8
S01008835,Economically active: Self-employed: Part-time (1),13,11,2
S01008835,Economically active: Self-employed: Full-time (1),27,21,6
S01008835,Economically active: Unemployed (1),22,20,2
S01008835,Economically inactive,261,252,9
S01008836,All people aged 16 and over,606,479,127
S01008836,Economically active: Total,432,323,109
S01008836,Economically active: Employee: Total,359,266,93
S01008836,Economically active: Employee: Part-time (1),83,56,27
S01008836,Economically active: Employee: Full-time (1),276,210,66
S01008836,Economically active: Self-employed: Total,44,36,8
S01008836,Economically active: Self-employed: Part-time (1),7,5,2
S01008836,Economically active: Self-employed: Full-time (1),37,31,6
S01008836,Economically active: Unemployed (1),29,21,8
S01008836,Economically inactive,174,156,18
S01008837,All people aged 16 and over,939,723,216
S01008837,Economically active: Total,767,585,182
S01008837,Economically active: Employee: Total,646,491,155
S01008837,Economically active: Employee: Part-time (1),101,72,29
S01008837,Economically active: Employee: Full-time (1),545,419,126
S01008837,Economically active: Self-employed: Total,77,62,15
S01008837,Economically active: Self-employed: Part-time (1),22,19,3
S01008837,Economically active: Self-employed: Full-time (1),55,43,12
S01008837,Economically active: Unemployed (1),44,32,12
S01008837,Economically inactive,172,138,34
S01008838,All people aged 16 and over,933,737,196
S01008838,Economically active: Total,716,569,147
S01008838,Economically active: Employee: Total,600,478,122
S01008838,Economically active: Employee: Part-time (1),107,80,27
S01008838,Economically active: Employee: Full-time (1),493,398,95
S01008838,Economically active: Self-employed: Total,81,68,13
S01008838,Economically active: Self-employed: Part-time (1),29,22,7
S01008838,Economically active: Self-employed: Full-time (1),52,46,6
S01008838,Economically active: Unemployed (1),35,23,12
S01008838,Economically inactive,217,168,49
S01008839,All people aged 16 and over,918,735,183
S01008839,Economically active: Total,680,542,138
S01008839,Economically active: Employee: Total,575,460,115
S01008839,Economically active: Employee: Part-time (1),111,88,23
S01008839,Economically active: Employee: Full-time (1),464,372,92
S01008839,Economically active: Self-employed: Total,81,63,18
S01008839,Economically active: Self-employed: Part-time (1),30,20,10
S01008839,Economically active: Self-employed: Full-time (1),51,43,8
S01008839,Economically active: Unemployed (1),24,19,5
S01008839,Economically inactive,238,193,45
S01008840,All people aged 16 and over,934,753,181
S01008840,Economically active: Total,688,555,133
S01008840,Economically active: Employee: Total,569,460,109
S01008840,Economically active: Employee: Part-time (1),123,99,24
S01008840,Economically active: Employee: Full-time (1),446,361,85
S01008840,Economically active: Self-employed: Total,81,68,13
S01008840,Economically active: Self-employed: Part-time (1),25,22,3
S01008840,Economically active: Self-employed: Full-time (1),56,46,10
S01008840,Economically active: Unemployed (1),38,27,11
S01008840,Economically inactive,246,198,48
S01008841,All people aged 16 and over,502,373,129
S01008841,Economically active: Total,389,288,101
S01008841,Economically active: Employee: Total,331,247,84
S01008841,Economically active: Employee: Part-time (1),68,48,20
S01008841,Economically active: Employee: Full-time (1),263,199,64
S01008841,Economically active: Self-employed: Total,48,33,15
S01008841,Economically active: Self-employed: Part-time (1),2,2,0
S01008841,Economically active: Self-employed: Full-time (1),46,31,15
S01008841,Economically active: Unemployed (1),10,8,2
S01008841,Economically inactive,113,85,28
S01008842,All people aged 16 and over,789,517,272
S01008842,Economically active: Total,648,434,214
S01008842,Economically active: Employee: Total,530,371,159
S01008842,Economically active: Employee: Part-time (1),112,64,48
S01008842,Economically active: Employee: Full-time (1),418,307,111
S01008842,Economically active: Self-employed: Total,70,39,31
S01008842,Economically active: Self-employed: Part-time (1),17,10,7
S01008842,Economically active: Self-employed: Full-time (1),53,29,24
S01008842,Economically active: Unemployed (1),48,24,24
S01008842,Economically inactive,141,83,58
S01008843,All people aged 16 and over,912,593,319
S01008843,Economically active: Total,685,477,208
S01008843,Economically active: Employee: Total,565,399,166
S01008843,Economically active: Employee: Part-time (1),118,80,38
S01008843,Economically active: Employee: Full-time (1),447,319,128
S01008843,Economically active: Self-employed: Total,66,47,19
S01008843,Economically active: Self-employed: Part-time (1),18,12,6
S01008843,Economically active: Self-employed: Full-time (1),48,35,13
S01008843,Economically active: Unemployed (1),54,31,23
S01008843,Economically inactive,227,116,111
S01008844,All people aged 16 and over,617,440,177
S01008844,Economically active: Total,479,346,133
S01008844,Economically active: Employee: Total,400,292,108
S01008844,Economically active: Employee: Part-time (1),68,47,21
S01008844,Economically active: Employee: Full-time (1),332,245,87
S01008844,Economically active: Self-employed: Total,45,35,10
S01008844,Economically active: Self-employed: Part-time (1),10,9,1
S01008844,Economically active: Self-employed: Full-time (1),35,26,9
S01008844,Economically active: Unemployed (1),34,19,15
S01008844,Economically inactive,138,94,44
S01008845,All people aged 16 and over,795,542,253
S01008845,Economically active: Total,531,381,150
S01008845,Economically active: Employee: Total,429,312,117
S01008845,Economically active: Employee: Part-time (1),110,83,27
S01008845,Economically active: Employee: Full-time (1),319,229,90
S01008845,Economically active: Self-employed: Total,73,54,19
S01008845,Economically active: Self-employed: Part-time (1),15,8,7
S01008845,Economically active: Self-employed: Full-time (1),58,46,12
S01008845,Economically active: Unemployed (1),29,15,14
S01008845,Economically inactive,264,161,103
S01008846,All people aged 16 and over,741,563,178
S01008846,Economically active: Total,508,395,113
S01008846,Economically active: Employee: Total,383,301,82
S01008846,Economically active: Employee: Part-time (1),95,69,26
S01008846,Economically active: Employee: Full-time (1),288,232,56
S01008846,Economically active: Self-employed: Total,100,80,20
S01008846,Economically active: Self-employed: Part-time (1),34,27,7
S01008846,Economically active: Self-employed: Full-time (1),66,53,13
S01008846,Economically active: Unemployed (1),25,14,11
S01008846,Economically inactive,233,168,65
S01008847,All people aged 16 and over,537,394,143
S01008847,Economically active: Total,360,282,78
S01008847,Economically active: Employee: Total,267,200,67
S01008847,Economically active: Employee: Part-time (1),46,32,14
S01008847,Economically active: Employee: Full-time (1),221,168,53
S01008847,Economically active: Self-employed: Total,71,65,6
S01008847,Economically active: Self-employed: Part-time (1),15,13,2
S01008847,Economically active: Self-employed: Full-time (1),56,52,4
S01008847,Economically active: Unemployed (1),22,17,5
S01008847,Economically inactive,177,112,65
S01008848,All people aged 16 and over,711,579,132
S01008848,Economically active: Total,482,396,86
S01008848,Economically active: Employee: Total,353,292,61
S01008848,Economically active: Employee: Part-time (1),71,56,15
S01008848,Economically active: Employee: Full-time (1),282,236,46
S01008848,Economically active: Self-employed: Total,104,90,14
S01008848,Economically active: Self-employed: Part-time (1),23,20,3
S01008848,Economically active: Self-employed: Full-time (1),81,70,11
S01008848,Economically active: Unemployed (1),25,14,11
S01008848,Economically inactive,229,183,46
S01008849,All people aged 16 and over,663,491,172
S01008849,Economically active: Total,465,341,124
S01008849,Economically active: Employee: Total,343,248,95
S01008849,Economically active: Employee: Part-time (1),54,34,20
S01008849,Economically active: Employee: Full-time (1),289,214,75
S01008849,Economically active: Self-employed: Total,105,85,20
S01008849,Economically active: Self-employed: Part-time (1),38,29,9
S01008849,Economically active: Self-employed: Full-time (1),67,56,11
S01008849,Economically active: Unemployed (1),17,8,9
S01008849,Economically inactive,198,150,48
S01008850,All people aged 16 and over,739,609,130
S01008850,Economically active: Total,442,358,84
S01008850,Economically active: Employee: Total,315,255,60
S01008850,Economically active: Employee: Part-time (1),53,40,13
S01008850,Economically active: Employee: Full-time (1),262,215,47
S01008850,Economically active: Self-employed: Total,109,94,15
S01008850,Economically active: Self-employed: Part-time (1),34,27,7
S01008850,Economically active: Self-employed: Full-time (1),75,67,8
S01008850,Economically active: Unemployed (1),18,9,9
S01008850,Economically inactive,297,251,46
S01008851,All people aged 16 and over,952,752,200
S01008851,Economically active: Total,628,488,140
S01008851,Economically active: Employee: Total,464,355,109
S01008851,Economically active: Employee: Part-time (1),72,55,17
S01008851,Economically active: Employee: Full-time (1),392,300,92
S01008851,Economically active: Self-employed: Total,124,99,25
S01008851,Economically active: Self-employed: Part-time (1),40,34,6
S01008851,Economically active: Self-employed: Full-time (1),84,65,19
S01008851,Economically active: Unemployed (1),40,34,6
S01008851,Economically inactive,324,264,60
S01008852,All people aged 16 and over,884,689,195
S01008852,Economically active: Total,576,467,109
S01008852,Economically active: Employee: Total,389,308,81
S01008852,Economically active: Employee: Part-time (1),83,66,17
S01008852,Economically active: Employee: Full-time (1),306,242,64
S01008852,Economically active: Self-employed: Total,164,141,23
S01008852,Economically active: Self-employed: Part-time (1),51,47,4
S01008852,Economically active: Self-employed: Full-time (1),113,94,19
S01008852,Economically active: Unemployed (1),23,18,5
S01008852,Economically inactive,308,222,86
S01008853,All people aged 16 and over,607,409,198
S01008853,Economically active: Total,476,330,146
S01008853,Economically active: Employee: Total,380,264,116
S01008853,Economically active: Employee: Part-time (1),73,52,21
S01008853,Economically active: Employee: Full-time (1),307,212,95
S01008853,Economically active: Self-employed: Total,72,52,20
S01008853,Economically active: Self-employed: Part-time (1),24,17,7
S01008853,Economically active: Self-employed: Full-time (1),48,35,13
S01008853,Economically active: Unemployed (1),24,14,10
S01008853,Economically inactive,131,79,52
S01008854,All people aged 16 and over,846,651,195
S01008854,Economically active: Total,577,453,124
S01008854,Economically active: Employee: Total,407,318,89
S01008854,Economically active: Employee: Part-time (1),64,46,18
S01008854,Economically active: Employee: Full-time (1),343,272,71
S01008854,Economically active: Self-employed: Total,137,110,27
S01008854,Economically active: Self-employed: Part-time (1),35,26,9
S01008854,Economically active: Self-employed: Full-time (1),102,84,18
S01008854,Economically active: Unemployed (1),33,25,8
S01008854,Economically inactive,269,198,71
S01008855,All people aged 16 and over,985,772,213
S01008855,Economically active: Total,739,588,151
S01008855,Economically active: Employee: Total,595,470,125
S01008855,Economically active: Employee: Part-time (1),68,55,13
S01008855,Economically active: Employee: Full-time (1),527,415,112
S01008855,Economically active: Self-employed: Total,119,97,22
S01008855,Economically active: Self-employed: Part-time (1),25,21,4
S01008855,Economically active: Self-employed: Full-time (1),94,76,18
S01008855,Economically active: Unemployed (1),25,21,4
S01008855,Economically inactive,246,184,62
S01008856,All people aged 16 and over,507,352,155
S01008856,Economically active: Total,410,291,119
S01008856,Economically active: Employee: Total,338,234,104
S01008856,Economically active: Employee: Part-time (1),56,42,14
S01008856,Economically active: Employee: Full-time (1),282,192,90
S01008856,Economically active: Self-employed: Total,53,42,11
S01008856,Economically active: Self-employed: Part-time (1),26,17,9
S01008856,Economically active: Self-employed: Full-time (1),27,25,2
S01008856,Economically active: Unemployed (1),19,15,4
S01008856,Economically inactive,97,61,36
S01008857,All people aged 16 and over,693,575,118
S01008857,Economically active: Total,547,451,96
S01008857,Economically active: Employee: Total,440,372,68
S01008857,Economically active: Employee: Part-time (1),96,75,21
S01008857,Economically active: Employee: Full-time (1),344,297,47
S01008857,Economically active: Self-employed: Total,85,64,21
S01008857,Economically active: Self-employed: Part-time (1),24,20,4
S01008857,Economically active: Self-employed: Full-time (1),61,44,17
S01008857,Economically active: Unemployed (1),22,15,7
S01008857,Economically inactive,146,124,22
S01008858,All people aged 16 and over,499,418,81
S01008858,Economically active: Total,367,304,63
S01008858,Economically active: Employee: Total,275,233,42
S01008858,Economically active: Employee: Part-time (1),51,42,9
S01008858,Economically active: Employee: Full-time (1),224,191,33
S01008858,Economically active: Self-employed: Total,82,63,19
S01008858,Economically active: Self-employed: Part-time (1),27,21,6
S01008858,Economically active: Self-employed: Full-time (1),55,42,13
S01008858,Economically active: Unemployed (1),10,8,2
S01008858,Economically inactive,132,114,18
S01008859,All people aged 16 and over,1041,819,222
S01008859,Economically active: Total,747,572,175
S01008859,Economically active: Employee: Total,590,457,133
S01008859,Economically active: Employee: Part-time (1),72,47,25
S01008859,Economically active: Employee: Full-time (1),518,410,108
S01008859,Economically active: Self-employed: Total,123,92,31
S01008859,Economically active: Self-employed: Part-time (1),30,23,7
S01008859,Economically active: Self-employed: Full-time (1),93,69,24
S01008859,Economically active: Unemployed (1),34,23,11
S01008859,Economically inactive,294,247,47
S01008860,All people aged 16 and over,806,658,148
S01008860,Economically active: Total,597,493,104
S01008860,Economically active: Employee: Total,488,404,84
S01008860,Economically active: Employee: Part-time (1),90,72,18
S01008860,Economically active: Employee: Full-time (1),398,332,66
S01008860,Economically active: Self-employed: Total,69,55,14
S01008860,Economically active: Self-employed: Part-time (1),13,11,2
S01008860,Economically active: Self-employed: Full-time (1),56,44,12
S01008860,Economically active: Unemployed (1),40,34,6
S01008860,Economically inactive,209,165,44
S01008861,All people aged 16 and over,639,552,87
S01008861,Economically active: Total,430,375,55
S01008861,Economically active: Employee: Total,296,260,36
S01008861,Economically active: Employee: Part-time (1),66,53,13
S01008861,Economically active: Employee: Full-time (1),230,207,23
S01008861,Economically active: Self-employed: Total,123,109,14
S01008861,Economically active: Self-employed: Part-time (1),35,32,3
S01008861,Economically active: Self-employed: Full-time (1),88,77,11
S01008861,Economically active: Unemployed (1),11,6,5
S01008861,Economically inactive,209,177,32
S01008862,All people aged 16 and over,828,673,155
S01008862,Economically active: Total,662,533,129
S01008862,Economically active: Employee: Total,527,424,103
S01008862,Economically active: Employee: Part-time (1),75,47,28
S01008862,Economically active: Employee: Full-time (1),452,377,75
S01008862,Economically active: Self-employed: Total,104,86,18
S01008862,Economically active: Self-employed: Part-time (1),32,25,7
S01008862,Economically active: Self-employed: Full-time (1),72,61,11
S01008862,Economically active: Unemployed (1),31,23,8
S01008862,Economically inactive,166,140,26
S01008863,All people aged 16 and over,641,518,123
S01008863,Economically active: Total,487,385,102
S01008863,Economically active: Employee: Total,401,320,81
S01008863,Economically active: Employee: Part-time (1),63,47,16
S01008863,Economically active: Employee: Full-time (1),338,273,65
S01008863,Economically active: Self-employed: Total,74,58,16
S01008863,Economically active: Self-employed: Part-time (1),19,16,3
S01008863,Economically active: Self-employed: Full-time (1),55,42,13
S01008863,Economically active: Unemployed (1),12,7,5
S01008863,Economically inactive,154,133,21
S01008864,All people aged 16 and over,880,646,234
S01008864,Economically active: Total,436,349,87
S01008864,Economically active: Employee: Total,370,299,71
S01008864,Economically active: Employee: Part-time (1),47,39,8
S01008864,Economically active: Employee: Full-time (1),323,260,63
S01008864,Economically active: Self-employed: Total,50,38,12
S01008864,Economically active: Self-employed: Part-time (1),14,11,3
S01008864,Economically active: Self-employed: Full-time (1),36,27,9
S01008864,Economically active: Unemployed (1),16,12,4
S01008864,Economically inactive,444,297,147
S01008865,All people aged 16 and over,744,604,140
S01008865,Economically active: Total,528,430,98
S01008865,Economically active: Employee: Total,446,361,85
S01008865,Economically active: Employee: Part-time (1),87,65,22
S01008865,Economically active: Employee: Full-time (1),359,296,63
S01008865,Economically active: Self-employed: Total,59,56,3
S01008865,Economically active: Self-employed: Part-time (1),27,25,2
S01008865,Economically active: Self-employed: Full-time (1),32,31,1
S01008865,Economically active: Unemployed (1),23,13,10
S01008865,Economically inactive,216,174,42
S01008866,All people aged 16 and over,711,561,150
S01008866,Economically active: Total,573,445,128
S01008866,Economically active: Employee: Total,466,370,96
S01008866,Economically active: Employee: Part-time (1),48,34,14
S01008866,Economically active: Employee: Full-time (1),418,336,82
S01008866,Economically active: Self-employed: Total,86,64,22
S01008866,Economically active: Self-employed: Part-time (1),27,21,6
S01008866,Economically active: Self-employed: Full-time (1),59,43,16
S01008866,Economically active: Unemployed (1),21,11,10
S01008866,Economically inactive,138,116,22
S01008867,All people aged 16 and over,697,575,122
S01008867,Economically active: Total,504,413,91
S01008867,Economically active: Employee: Total,389,320,69
S01008867,Economically active: Employee: Part-time (1),62,53,9
S01008867,Economically active: Employee: Full-time (1),327,267,60
S01008867,Economically active: Self-employed: Total,100,82,18
S01008867,Economically active: Self-employed: Part-time (1),29,24,5
S01008867,Economically active: Self-employed: Full-time (1),71,58,13
S01008867,Economically active: Unemployed (1),15,11,4
S01008867,Economically inactive,193,162,31
S01008868,All people aged 16 and over,728,458,270
S01008868,Economically active: Total,559,367,192
S01008868,Economically active: Employee: Total,432,277,155
S01008868,Economically active: Employee: Part-time (1),78,47,31
S01008868,Economically active: Employee: Full-time (1),354,230,124
S01008868,Economically active: Self-employed: Total,95,77,18
S01008868,Economically active: Self-employed: Part-time (1),28,23,5
S01008868,Economically active: Self-employed: Full-time (1),67,54,13
S01008868,Economically active: Unemployed (1),32,13,19
S01008868,Economically inactive,169,91,78
S01008869,All people aged 16 and over,937,720,217
S01008869,Economically active: Total,653,506,147
S01008869,Economically active: Employee: Total,493,375,118
S01008869,Economically active: Employee: Part-time (1),87,66,21
S01008869,Economically active: Employee: Full-time (1),406,309,97
S01008869,Economically active: Self-employed: Total,130,111,19
S01008869,Economically active: Self-employed: Part-time (1),36,32,4
S01008869,Economically active: Self-employed: Full-time (1),94,79,15
S01008869,Economically active: Unemployed (1),30,20,10
S01008869,Economically inactive,284,214,70
S01008870,All people aged 16 and over,697,565,132
S01008870,Economically active: Total,498,393,105
S01008870,Economically active: Employee: Total,394,303,91
S01008870,Economically active: Employee: Part-time (1),71,55,16
S01008870,Economically active: Employee: Full-time (1),323,248,75
S01008870,Economically active: Self-employed: Total,93,82,11
S01008870,Economically active: Self-employed: Part-time (1),26,21,5
S01008870,Economically active: Self-employed: Full-time (1),67,61,6
S01008870,Economically active: Unemployed (1),11,8,3
S01008870,Economically inactive,199,172,27
S01008871,All people aged 16 and over,973,761,212
S01008871,Economically active: Total,683,540,143
S01008871,Economically active: Employee: Total,524,408,116
S01008871,Economically active: Employee: Part-time (1),117,90,27
S01008871,Economically active: Employee: Full-time (1),407,318,89
S01008871,Economically active: Self-employed: Total,123,104,19
S01008871,Economically active: Self-employed: Part-time (1),44,35,9
S01008871,Economically active: Self-employed: Full-time (1),79,69,10
S01008871,Economically active: Unemployed (1),36,28,8
S01008871,Economically inactive,290,221,69
S01008872,All people aged 16 and over,767,603,164
S01008872,Economically active: Total,544,438,106
S01008872,Economically active: Employee: Total,417,331,86
S01008872,Economically active: Employee: Part-time (1),108,87,21
S01008872,Economically active: Employee: Full-time (1),309,244,65
S01008872,Economically active: Self-employed: Total,91,75,16
S01008872,Economically active: Self-employed: Part-time (1),27,18,9
S01008872,Economically active: Self-employed: Full-time (1),64,57,7
S01008872,Economically active: Unemployed (1),36,32,4
S01008872,Economically inactive,223,165,58
S01008873,All people aged 16 and over,588,494,94
S01008873,Economically active: Total,418,345,73
S01008873,Economically active: Employee: Total,300,249,51
S01008873,Economically active: Employee: Part-time (1),58,52,6
S01008873,Economically active: Employee: Full-time (1),242,197,45
S01008873,Economically active: Self-employed: Total,106,87,19
S01008873,Economically active: Self-employed: Part-time (1),32,27,5
S01008873,Economically active: Self-employed: Full-time (1),74,60,14
S01008873,Economically active: Unemployed (1),12,9,3
S01008873,Economically inactive,170,149,21
S01008874,All people aged 16 and over,774,619,155
S01008874,Economically active: Total,533,419,114
S01008874,Economically active: Employee: Total,437,348,89
S01008874,Economically active: Employee: Part-time (1),66,42,24
S01008874,Economically active: Employee: Full-time (1),371,306,65
S01008874,Economically active: Self-employed: Total,77,57,20
S01008874,Economically active: Self-employed: Part-time (1),23,14,9
S01008874,Economically active: Self-employed: Full-time (1),54,43,11
S01008874,Economically active: Unemployed (1),19,14,5
S01008874,Economically inactive,241,200,41
S01008875,All people aged 16 and over,756,588,168
S01008875,Economically active: Total,529,394,135
S01008875,Economically active: Employee: Total,443,340,103
S01008875,Economically active: Employee: Part-time (1),82,58,24
S01008875,Economically active: Employee: Full-time (1),361,282,79
S01008875,Economically active: Self-employed: Total,56,38,18
S01008875,Economically active: Self-employed: Part-time (1),13,9,4
S01008875,Economically active: Self-employed: Full-time (1),43,29,14
S01008875,Economically active: Unemployed (1),30,16,14
S01008875,Economically inactive,227,194,33
S01008876,All people aged 16 and over,497,459,38
S01008876,Economically active: Total,294,271,23
S01008876,Economically active: Employee: Total,236,215,21
S01008876,Economically active: Employee: Part-time (1),76,75,1
S01008876,Economically active: Employee: Full-time (1),160,140,20
S01008876,Economically active: Self-employed: Total,44,44,0
S01008876,Economically active: Self-employed: Part-time (1),17,17,0
S01008876,Economically active: Self-employed: Full-time (1),27,27,0
S01008876,Economically active: Unemployed (1),14,12,2
S01008876,Economically inactive,203,188,15
S01008877,All people aged 16 and over,444,394,50
S01008877,Economically active: Total,306,275,31
S01008877,Economically active: Employee: Total,244,218,26
S01008877,Economically active: Employee: Part-time (1),59,54,5
S01008877,Economically active: Employee: Full-time (1),185,164,21
S01008877,Economically active: Self-employed: Total,51,48,3
S01008877,Economically active: Self-employed: Part-time (1),11,10,1
S01008877,Economically active: Self-employed: Full-time (1),40,38,2
S01008877,Economically active: Unemployed (1),11,9,2
S01008877,Economically inactive,138,119,19
S01008878,All people aged 16 and over,778,713,65
S01008878,Economically active: Total,444,389,55
S01008878,Economically active: Employee: Total,358,317,41
S01008878,Economically active: Employee: Part-time (1),113,102,11
S01008878,Economically active: Employee: Full-time (1),245,215,30
S01008878,Economically active: Self-employed: Total,64,52,12
S01008878,Economically active: Self-employed: Part-time (1),25,19,6
S01008878,Economically active: Self-employed: Full-time (1),39,33,6
S01008878,Economically active: Unemployed (1),22,20,2
S01008878,Economically inactive,334,324,10
S01008879,All people aged 16 and over,696,621,75
S01008879,Economically active: Total,448,392,56
S01008879,Economically active: Employee: Total,385,343,42
S01008879,Economically active: Employee: Part-time (1),93,79,14
S01008879,Economically active: Employee: Full-time (1),292,264,28
S01008879,Economically active: Self-employed: Total,44,35,9
S01008879,Economically active: Self-employed: Part-time (1),19,15,4
S01008879,Economically active: Self-employed: Full-time (1),25,20,5
S01008879,Economically active: Unemployed (1),19,14,5
S01008879,Economically inactive,248,229,19
S01008880,All people aged 16 and over,533,477,56
S01008880,Economically active: Total,344,306,38
S01008880,Economically active: Employee: Total,296,262,34
S01008880,Economically active: Employee: Part-time (1),71,63,8
S01008880,Economically active: Employee: Full-time (1),225,199,26
S01008880,Economically active: Self-employed: Total,36,32,4
S01008880,Economically active: Self-employed: Part-time (1),11,10,1
S01008880,Economically active: Self-employed: Full-time (1),25,22,3
S01008880,Economically active: Unemployed (1),12,12,0
S01008880,Economically inactive,189,171,18
S01008881,All people aged 16 and over,518,448,70
S01008881,Economically active: Total,266,222,44
S01008881,Economically active: Employee: Total,191,160,31
S01008881,Economically active: Employee: Part-time (1),52,41,11
S01008881,Economically active: Employee: Full-time (1),139,119,20
S01008881,Economically active: Self-employed: Total,57,49,8
S01008881,Economically active: Self-employed: Part-time (1),15,13,2
S01008881,Economically active: Self-employed: Full-time (1),42,36,6
S01008881,Economically active: Unemployed (1),18,13,5
S01008881,Economically inactive,252,226,26
S01008882,All people aged 16 and over,851,761,90
S01008882,Economically active: Total,504,453,51
S01008882,Economically active: Employee: Total,369,328,41
S01008882,Economically active: Employee: Part-time (1),76,70,6
S01008882,Economically active: Employee: Full-time (1),293,258,35
S01008882,Economically active: Self-employed: Total,124,116,8
S01008882,Economically active: Self-employed: Part-time (1),30,27,3
S01008882,Economically active: Self-employed: Full-time (1),94,89,5
S01008882,Economically active: Unemployed (1),11,9,2
S01008882,Economically inactive,347,308,39
S01008883,All people aged 16 and over,790,729,61
S01008883,Economically active: Total,400,365,35
S01008883,Economically active: Employee: Total,279,252,27
S01008883,Economically active: Employee: Part-time (1),70,62,8
S01008883,Economically active: Employee: Full-time (1),209,190,19
S01008883,Economically active: Self-employed: Total,110,105,5
S01008883,Economically active: Self-employed: Part-time (1),41,38,3
S01008883,Economically active: Self-employed: Full-time (1),69,67,2
S01008883,Economically active: Unemployed (1),11,8,3
S01008883,Economically inactive,390,364,26
S01008884,All people aged 16 and over,590,530,60
S01008884,Economically active: Total,285,255,30
S01008884,Economically active: Employee: Total,206,183,23
S01008884,Economically active: Employee: Part-time (1),59,52,7
S01008884,Economically active: Employee: Full-time (1),147,131,16
S01008884,Economically active: Self-employed: Total,67,62,5
S01008884,Economically active: Self-employed: Part-time (1),19,18,1
S01008884,Economically active: Self-employed: Full-time (1),48,44,4
S01008884,Economically active: Unemployed (1),12,10,2
S01008884,Economically inactive,305,275,30
S01008885,All people aged 16 and over,680,609,71
S01008885,Economically active: Total,425,377,48
S01008885,Economically active: Employee: Total,320,290,30
S01008885,Economically active: Employee: Part-time (1),100,94,6
S01008885,Economically active: Employee: Full-time (1),220,196,24
S01008885,Economically active: Self-employed: Total,87,74,13
S01008885,Economically active: Self-employed: Part-time (1),20,17,3
S01008885,Economically active: Self-employed: Full-time (1),67,57,10
S01008885,Economically active: Unemployed (1),18,13,5
S01008885,Economically inactive,255,232,23
S01008886,All people aged 16 and over,712,587,125
S01008886,Economically active: Total,441,355,86
S01008886,Economically active: Employee: Total,362,297,65
S01008886,Economically active: Employee: Part-time (1),77,63,14
S01008886,Economically active: Employee: Full-time (1),285,234,51
S01008886,Economically active: Self-employed: Total,56,44,12
S01008886,Economically active: Self-employed: Part-time (1),14,12,2
S01008886,Economically active: Self-employed: Full-time (1),42,32,10
S01008886,Economically active: Unemployed (1),23,14,9
S01008886,Economically inactive,271,232,39
S01008887,All people aged 16 and over,643,568,75
S01008887,Economically active: Total,400,347,53
S01008887,Economically active: Employee: Total,323,280,43
S01008887,Economically active: Employee: Part-time (1),95,82,13
S01008887,Economically active: Employee: Full-time (1),228,198,30
S01008887,Economically active: Self-employed: Total,59,54,5
S01008887,Economically active: Self-employed: Part-time (1),18,16,2
S01008887,Economically active: Self-employed: Full-time (1),41,38,3
S01008887,Economically active: Unemployed (1),18,13,5
S01008887,Economically inactive,243,221,22
S01008888,All people aged 16 and over,542,436,106
S01008888,Economically active: Total,408,326,82
S01008888,Economically active: Employee: Total,337,272,65
S01008888,Economically active: Employee: Part-time (1),51,40,11
S01008888,Economically active: Employee: Full-time (1),286,232,54
S01008888,Economically active: Self-employed: Total,48,35,13
S01008888,Economically active: Self-employed: Part-time (1),12,11,1
S01008888,Economically active: Self-employed: Full-time (1),36,24,12
S01008888,Economically active: Unemployed (1),23,19,4
S01008888,Economically inactive,134,110,24
S01008889,All people aged 16 and over,459,401,58
S01008889,Economically active: Total,322,279,43
S01008889,Economically active: Employee: Total,262,229,33
S01008889,Economically active: Employee: Part-time (1),63,56,7
S01008889,Economically active: Employee: Full-time (1),199,173,26
S01008889,Economically active: Self-employed: Total,49,43,6
S01008889,Economically active: Self-employed: Part-time (1),10,7,3
S01008889,Economically active: Self-employed: Full-time (1),39,36,3
S01008889,Economically active: Unemployed (1),11,7,4
S01008889,Economically inactive,137,122,15
S01008890,All people aged 16 and over,599,550,49
S01008890,Economically active: Total,356,325,31
S01008890,Economically active: Employee: Total,291,269,22
S01008890,Economically active: Employee: Part-time (1),101,90,11
S01008890,Economically active: Employee: Full-time (1),190,179,11
S01008890,Economically active: Self-employed: Total,53,44,9
S01008890,Economically active: Self-employed: Part-time (1),9,7,2
S01008890,Economically active: Self-employed: Full-time (1),44,37,7
S01008890,Economically active: Unemployed (1),12,12,0
S01008890,Economically inactive,243,225,18
S01008891,All people aged 16 and over,628,576,52
S01008891,Economically active: Total,373,335,38
S01008891,Economically active: Employee: Total,301,271,30
S01008891,Economically active: Employee: Part-time (1),97,86,11
S01008891,Economically active: Employee: Full-time (1),204,185,19
S01008891,Economically active: Self-employed: Total,64,57,7
S01008891,Economically active: Self-employed: Part-time (1),20,17,3
S01008891,Economically active: Self-employed: Full-time (1),44,40,4
S01008891,Economically active: Unemployed (1),8,7,1
S01008891,Economically inactive,255,241,14
S01008892,All people aged 16 and over,837,740,97
S01008892,Economically active: Total,490,424,66
S01008892,Economically active: Employee: Total,400,347,53
S01008892,Economically active: Employee: Part-time (1),94,76,18
S01008892,Economically active: Employee: Full-time (1),306,271,35
S01008892,Economically active: Self-employed: Total,66,57,9
S01008892,Economically active: Self-employed: Part-time (1),26,21,5
S01008892,Economically active: Self-employed: Full-time (1),40,36,4
S01008892,Economically active: Unemployed (1),24,20,4
S01008892,Economically inactive,347,316,31
S01008893,All people aged 16 and over,724,651,73
S01008893,Economically active: Total,456,418,38
S01008893,Economically active: Employee: Total,357,329,28
S01008893,Economically active: Employee: Part-time (1),104,98,6
S01008893,Economically active: Employee: Full-time (1),253,231,22
S01008893,Economically active: Self-employed: Total,84,77,7
S01008893,Economically active: Self-employed: Part-time (1),20,20,0
S01008893,Economically active: Self-employed: Full-time (1),64,57,7
S01008893,Economically active: Unemployed (1),15,12,3
S01008893,Economically inactive,268,233,35
S01008894,All people aged 16 and over,688,639,49
S01008894,Economically active: Total,416,388,28
S01008894,Economically active: Employee: Total,314,294,20
S01008894,Economically active: Employee: Part-time (1),96,89,7
S01008894,Economically active: Employee: Full-time (1),218,205,13
S01008894,Economically active: Self-employed: Total,90,82,8
S01008894,Economically active: Self-employed: Part-time (1),34,31,3
S01008894,Economically active: Self-employed: Full-time (1),56,51,5
S01008894,Economically active: Unemployed (1),12,12,0
S01008894,Economically inactive,272,251,21
S01008895,All people aged 16 and over,632,564,68
S01008895,Economically active: Total,321,279,42
S01008895,Economically active: Employee: Total,255,226,29
S01008895,Economically active: Employee: Part-time (1),77,69,8
S01008895,Economically active: Employee: Full-time (1),178,157,21
S01008895,Economically active: Self-employed: Total,62,49,13
S01008895,Economically active: Self-employed: Part-time (1),14,12,2
S01008895,Economically active: Self-employed: Full-time (1),48,37,11
S01008895,Economically active: Unemployed (1),4,4,0
S01008895,Economically inactive,311,285,26
S01008896,All people aged 16 and over,410,360,50
S01008896,Economically active: Total,264,231,33
S01008896,Economically active: Employee: Total,230,201,29
S01008896,Economically active: Employee: Part-time (1),48,44,4
S01008896,Economically active: Employee: Full-time (1),182,157,25
S01008896,Economically active: Self-employed: Total,30,27,3
S01008896,Economically active: Self-employed: Part-time (1),3,2,1
S01008896,Economically active: Self-employed: Full-time (1),27,25,2
S01008896,Economically active: Unemployed (1),4,3,1
S01008896,Economically inactive,146,129,17
S01008897,All people aged 16 and over,551,482,69
S01008897,Economically active: Total,326,291,35
S01008897,Economically active: Employee: Total,259,231,28
S01008897,Economically active: Employee: Part-time (1),72,60,12
S01008897,Economically active: Employee: Full-time (1),187,171,16
S01008897,Economically active: Self-employed: Total,49,44,5
S01008897,Economically active: Self-employed: Part-time (1),12,11,1
S01008897,Economically active: Self-employed: Full-time (1),37,33,4
S01008897,Economically active: Unemployed (1),18,16,2
S01008897,Economically inactive,225,191,34
S01008898,All people aged 16 and over,689,610,79
S01008898,Economically active: Total,411,352,59
S01008898,Economically active: Employee: Total,308,267,41
S01008898,Economically active: Employee: Part-time (1),102,92,10
S01008898,Economically active: Employee: Full-time (1),206,175,31
S01008898,Economically active: Self-employed: Total,84,73,11
S01008898,Economically active: Self-employed: Part-time (1),29,27,2
S01008898,Economically active: Self-employed: Full-time (1),55,46,9
S01008898,Economically active: Unemployed (1),19,12,7
S01008898,Economically inactive,278,258,20
S01008899,All people aged 16 and over,669,612,57
S01008899,Economically active: Total,391,345,46
S01008899,Economically active: Employee: Total,297,263,34
S01008899,Economically active: Employee: Part-time (1),101,87,14
S01008899,Economically active: Employee: Full-time (1),196,176,20
S01008899,Economically active: Self-employed: Total,39,31,8
S01008899,Economically active: Self-employed: Part-time (1),13,10,3
S01008899,Economically active: Self-employed: Full-time (1),26,21,5
S01008899,Economically active: Unemployed (1),55,51,4
S01008899,Economically inactive,278,267,11
S01008900,All people aged 16 and over,789,696,93
S01008900,Economically active: Total,516,435,81
S01008900,Economically active: Employee: Total,440,372,68
S01008900,Economically active: Employee: Part-time (1),120,100,20
S01008900,Economically active: Employee: Full-time (1),320,272,48
S01008900,Economically active: Self-employed: Total,37,30,7
S01008900,Economically active: Self-employed: Part-time (1),14,11,3
S01008900,Economically active: Self-employed: Full-time (1),23,19,4
S01008900,Economically active: Unemployed (1),39,33,6
S01008900,Economically inactive,273,261,12
S01008901,All people aged 16 and over,685,618,67
S01008901,Economically active: Total,407,358,49
S01008901,Economically active: Employee: Total,333,294,39
S01008901,Economically active: Employee: Part-time (1),100,90,10
S01008901,Economically active: Employee: Full-time (1),233,204,29
S01008901,Economically active: Self-employed: Total,41,33,8
S01008901,Economically active: Self-employed: Part-time (1),11,8,3
S01008901,Economically active: Self-employed: Full-time (1),30,25,5
S01008901,Economically active: Unemployed (1),33,31,2
S01008901,Economically inactive,278,260,18
S01008902,All people aged 16 and over,831,686,145
S01008902,Economically active: Total,515,412,103
S01008902,Economically active: Employee: Total,425,343,82
S01008902,Economically active: Employee: Part-time (1),124,99,25
S01008902,Economically active: Employee: Full-time (1),301,244,57
S01008902,Economically active: Self-employed: Total,46,34,12
S01008902,Economically active: Self-employed: Part-time (1),11,9,2
S01008902,Economically active: Self-employed: Full-time (1),35,25,10
S01008902,Economically active: Unemployed (1),44,35,9
S01008902,Economically inactive,316,274,42
S01008903,All people aged 16 and over,811,752,59
S01008903,Economically active: Total,469,424,45
S01008903,Economically active: Employee: Total,405,365,40
S01008903,Economically active: Employee: Part-time (1),127,117,10
S01008903,Economically active: Employee: Full-time (1),278,248,30
S01008903,Economically active: Self-employed: Total,32,29,3
S01008903,Economically active: Self-employed: Part-time (1),7,6,1
S01008903,Economically active: Self-employed: Full-time (1),25,23,2
S01008903,Economically active: Unemployed (1),32,30,2
S01008903,Economically inactive,342,328,14
S01008904,All people aged 16 and over,810,512,298
S01008904,Economically active: Total,523,304,219
S01008904,Economically active: Employee: Total,421,254,167
S01008904,Economically active: Employee: Part-time (1),137,76,61
S01008904,Economically active: Employee: Full-time (1),284,178,106
S01008904,Economically active: Self-employed: Total,38,14,24
S01008904,Economically active: Self-employed: Part-time (1),11,4,7
S01008904,Economically active: Self-employed: Full-time (1),27,10,17
S01008904,Economically active: Unemployed (1),64,36,28
S01008904,Economically inactive,287,208,79
S01008905,All people aged 16 and over,843,682,161
S01008905,Economically active: Total,505,383,122
S01008905,Economically active: Employee: Total,396,293,103
S01008905,Economically active: Employee: Part-time (1),143,107,36
S01008905,Economically active: Employee: Full-time (1),253,186,67
S01008905,Economically active: Self-employed: Total,25,17,8
S01008905,Economically active: Self-employed: Part-time (1),7,3,4
S01008905,Economically active: Self-employed: Full-time (1),18,14,4
S01008905,Economically active: Unemployed (1),84,73,11
S01008905,Economically inactive,338,299,39
S01008906,All people aged 16 and over,616,454,162
S01008906,Economically active: Total,407,285,122
S01008906,Economically active: Employee: Total,305,206,99
S01008906,Economically active: Employee: Part-time (1),93,45,48
S01008906,Economically active: Employee: Full-time (1),212,161,51
S01008906,Economically active: Self-employed: Total,28,17,11
S01008906,Economically active: Self-employed: Part-time (1),7,4,3
S01008906,Economically active: Self-employed: Full-time (1),21,13,8
S01008906,Economically active: Unemployed (1),74,62,12
S01008906,Economically inactive,209,169,40
S01008907,All people aged 16 and over,437,338,99
S01008907,Economically active: Total,225,153,72
S01008907,Economically active: Employee: Total,171,113,58
S01008907,Economically active: Employee: Part-time (1),69,45,24
S01008907,Economically active: Employee: Full-time (1),102,68,34
S01008907,Economically active: Self-employed: Total,18,14,4
S01008907,Economically active: Self-employed: Part-time (1),10,8,2
S01008907,Economically active: Self-employed: Full-time (1),8,6,2
S01008907,Economically active: Unemployed (1),36,26,10
S01008907,Economically inactive,212,185,27
S01008908,All people aged 16 and over,717,568,149
S01008908,Economically active: Total,440,333,107
S01008908,Economically active: Employee: Total,350,272,78
S01008908,Economically active: Employee: Part-time (1),97,73,24
S01008908,Economically active: Employee: Full-time (1),253,199,54
S01008908,Economically active: Self-employed: Total,45,28,17
S01008908,Economically active: Self-employed: Part-time (1),20,10,10
S01008908,Economically active: Self-employed: Full-time (1),25,18,7
S01008908,Economically active: Unemployed (1),45,33,12
S01008908,Economically inactive,277,235,42
S01008909,All people aged 16 and over,639,569,70
S01008909,Economically active: Total,438,382,56
S01008909,Economically active: Employee: Total,370,324,46
S01008909,Economically active: Employee: Part-time (1),119,98,21
S01008909,Economically active: Employee: Full-time (1),251,226,25
S01008909,Economically active: Self-employed: Total,34,28,6
S01008909,Economically active: Self-employed: Part-time (1),11,10,1
S01008909,Economically active: Self-employed: Full-time (1),23,18,5
S01008909,Economically active: Unemployed (1),34,30,4
S01008909,Economically inactive,201,187,14
S01008910,All people aged 16 and over,374,327,47
S01008910,Economically active: Total,266,231,35
S01008910,Economically active: Employee: Total,226,195,31
S01008910,Economically active: Employee: Part-time (1),56,51,5
S01008910,Economically active: Employee: Full-time (1),170,144,26
S01008910,Economically active: Self-employed: Total,25,21,4
S01008910,Economically active: Self-employed: Part-time (1),8,8,0
S01008910,Economically active: Self-employed: Full-time (1),17,13,4
S01008910,Economically active: Unemployed (1),15,15,0
S01008910,Economically inactive,108,96,12
S01008911,All people aged 16 and over,787,602,185
S01008911,Economically active: Total,611,466,145
S01008911,Economically active: Employee: Total,505,388,117
S01008911,Economically active: Employee: Part-time (1),80,53,27
S01008911,Economically active: Employee: Full-time (1),425,335,90
S01008911,Economically active: Self-employed: Total,79,57,22
S01008911,Economically active: Self-employed: Part-time (1),16,13,3
S01008911,Economically active: Self-employed: Full-time (1),63,44,19
S01008911,Economically active: Unemployed (1),27,21,6
S01008911,Economically inactive,176,136,40
S01008912,All people aged 16 and over,640,579,61
S01008912,Economically active: Total,448,396,52
S01008912,Economically active: Employee: Total,362,321,41
S01008912,Economically active: Employee: Part-time (1),102,87,15
S01008912,Economically active: Employee: Full-time (1),260,234,26
S01008912,Economically active: Self-employed: Total,65,57,8
S01008912,Economically active: Self-employed: Part-time (1),18,15,3
S01008912,Economically active: Self-employed: Full-time (1),47,42,5
S01008912,Economically active: Unemployed (1),21,18,3
S01008912,Economically inactive,192,183,9
S01008913,All people aged 16 and over,514,446,68
S01008913,Economically active: Total,404,342,62
S01008913,Economically active: Employee: Total,337,287,50
S01008913,Economically active: Employee: Part-time (1),75,59,16
S01008913,Economically active: Employee: Full-time (1),262,228,34
S01008913,Economically active: Self-employed: Total,40,36,4
S01008913,Economically active: Self-employed: Part-time (1),14,12,2
S01008913,Economically active: Self-employed: Full-time (1),26,24,2
S01008913,Economically active: Unemployed (1),27,19,8
S01008913,Economically inactive,110,104,6
S01008914,All people aged 16 and over,739,685,54
S01008914,Economically active: Total,458,413,45
S01008914,Economically active: Employee: Total,386,348,38
S01008914,Economically active: Employee: Part-time (1),122,112,10
S01008914,Economically active: Employee: Full-time (1),264,236,28
S01008914,Economically active: Self-employed: Total,55,48,7
S01008914,Economically active: Self-employed: Part-time (1),16,13,3
S01008914,Economically active: Self-employed: Full-time (1),39,35,4
S01008914,Economically active: Unemployed (1),17,17,0
S01008914,Economically inactive,281,272,9
S01008915,All people aged 16 and over,463,415,48
S01008915,Economically active: Total,298,270,28
S01008915,Economically active: Employee: Total,236,214,22
S01008915,Economically active: Employee: Part-time (1),83,72,11
S01008915,Economically active: Employee: Full-time (1),153,142,11
S01008915,Economically active: Self-employed: Total,49,44,5
S01008915,Economically active: Self-employed: Part-time (1),16,15,1
S01008915,Economically active: Self-employed: Full-time (1),33,29,4
S01008915,Economically active: Unemployed (1),13,12,1
S01008915,Economically inactive,165,145,20
S01008916,All people aged 16 and over,906,811,95
S01008916,Economically active: Total,464,395,69
S01008916,Economically active: Employee: Total,363,311,52
S01008916,Economically active: Employee: Part-time (1),122,104,18
S01008916,Economically active: Employee: Full-time (1),241,207,34
S01008916,Economically active: Self-employed: Total,42,34,8
S01008916,Economically active: Self-employed: Part-time (1),12,11,1
S01008916,Economically active: Self-employed: Full-time (1),30,23,7
S01008916,Economically active: Unemployed (1),59,50,9
S01008916,Economically inactive,442,416,26
S01008917,All people aged 16 and over,562,486,76
S01008917,Economically active: Total,333,274,59
S01008917,Economically active: Employee: Total,250,210,40
S01008917,Economically active: Employee: Part-time (1),96,78,18
S01008917,Economically active: Employee: Full-time (1),154,132,22
S01008917,Economically active: Self-employed: Total,29,20,9
S01008917,Economically active: Self-employed: Part-time (1),12,6,6
S01008917,Economically active: Self-employed: Full-time (1),17,14,3
S01008917,Economically active: Unemployed (1),54,44,10
S01008917,Economically inactive,229,212,17
S01008918,All people aged 16 and over,423,285,138
S01008918,Economically active: Total,262,156,106
S01008918,Economically active: Employee: Total,181,102,79
S01008918,Economically active: Employee: Part-time (1),73,42,31
S01008918,Economically active: Employee: Full-time (1),108,60,48
S01008918,Economically active: Self-employed: Total,22,8,14
S01008918,Economically active: Self-employed: Part-time (1),8,5,3
S01008918,Economically active: Self-employed: Full-time (1),14,3,11
S01008918,Economically active: Unemployed (1),59,46,13
S01008918,Economically inactive,161,129,32
S01008919,All people aged 16 and over,404,301,103
S01008919,Economically active: Total,248,163,85
S01008919,Economically active: Employee: Total,176,114,62
S01008919,Economically active: Employee: Part-time (1),75,45,30
S01008919,Economically active: Employee: Full-time (1),101,69,32
S01008919,Economically active: Self-employed: Total,15,8,7
S01008919,Economically active: Self-employed: Part-time (1),8,5,3
S01008919,Economically active: Self-employed: Full-time (1),7,3,4
S01008919,Economically active: Unemployed (1),57,41,16
S01008919,Economically inactive,156,138,18
S01008920,All people aged 16 and over,948,731,217
S01008920,Economically active: Total,792,614,178
S01008920,Economically active: Employee: Total,658,516,142
S01008920,Economically active: Employee: Part-time (1),111,79,32
S01008920,Economically active: Employee: Full-time (1),547,437,110
S01008920,Economically active: Self-employed: Total,88,64,24
S01008920,Economically active: Self-employed: Part-time (1),23,18,5
S01008920,Economically active: Self-employed: Full-time (1),65,46,19
S01008920,Economically active: Unemployed (1),46,34,12
S01008920,Economically inactive,156,117,39
S01008921,All people aged 16 and over,589,465,124
S01008921,Economically active: Total,334,240,94
S01008921,Economically active: Employee: Total,247,171,76
S01008921,Economically active: Employee: Part-time (1),68,43,25
S01008921,Economically active: Employee: Full-time (1),179,128,51
S01008921,Economically active: Self-employed: Total,21,14,7
S01008921,Economically active: Self-employed: Part-time (1),5,5,0
S01008921,Economically active: Self-employed: Full-time (1),16,9,7
S01008921,Economically active: Unemployed (1),66,55,11
S01008921,Economically inactive,255,225,30
S01008922,All people aged 16 and over,648,568,80
S01008922,Economically active: Total,385,322,63
S01008922,Economically active: Employee: Total,304,258,46
S01008922,Economically active: Employee: Part-time (1),85,69,16
S01008922,Economically active: Employee: Full-time (1),219,189,30
S01008922,Economically active: Self-employed: Total,28,22,6
S01008922,Economically active: Self-employed: Part-time (1),10,7,3
S01008922,Economically active: Self-employed: Full-time (1),18,15,3
S01008922,Economically active: Unemployed (1),53,42,11
S01008922,Economically inactive,263,246,17
S01008923,All people aged 16 and over,611,528,83
S01008923,Economically active: Total,379,309,70
S01008923,Economically active: Employee: Total,306,252,54
S01008923,Economically active: Employee: Part-time (1),97,72,25
S01008923,Economically active: Employee: Full-time (1),209,180,29
S01008923,Economically active: Self-employed: Total,34,21,13
S01008923,Economically active: Self-employed: Part-time (1),10,9,1
S01008923,Economically active: Self-employed: Full-time (1),24,12,12
S01008923,Economically active: Unemployed (1),39,36,3
S01008923,Economically inactive,232,219,13
S01008924,All people aged 16 and over,704,585,119
S01008924,Economically active: Total,445,359,86
S01008924,Economically active: Employee: Total,351,284,67
S01008924,Economically active: Employee: Part-time (1),143,111,32
S01008924,Economically active: Employee: Full-time (1),208,173,35
S01008924,Economically active: Self-employed: Total,19,13,6
S01008924,Economically active: Self-employed: Part-time (1),8,4,4
S01008924,Economically active: Self-employed: Full-time (1),11,9,2
S01008924,Economically active: Unemployed (1),75,62,13
S01008924,Economically inactive,259,226,33
S01008925,All people aged 16 and over,502,376,126
S01008925,Economically active: Total,387,287,100
S01008925,Economically active: Employee: Total,326,245,81
S01008925,Economically active: Employee: Part-time (1),95,71,24
S01008925,Economically active: Employee: Full-time (1),231,174,57
S01008925,Economically active: Self-employed: Total,29,16,13
S01008925,Economically active: Self-employed: Part-time (1),7,6,1
S01008925,Economically active: Self-employed: Full-time (1),22,10,12
S01008925,Economically active: Unemployed (1),32,26,6
S01008925,Economically inactive,115,89,26
S01008926,All people aged 16 and over,475,414,61
S01008926,Economically active: Total,356,307,49
S01008926,Economically active: Employee: Total,303,266,37
S01008926,Economically active: Employee: Part-time (1),68,60,8
S01008926,Economically active: Employee: Full-time (1),235,206,29
S01008926,Economically active: Self-employed: Total,34,24,10
S01008926,Economically active: Self-employed: Part-time (1),10,5,5
S01008926,Economically active: Self-employed: Full-time (1),24,19,5
S01008926,Economically active: Unemployed (1),19,17,2
S01008926,Economically inactive,119,107,12
S01008927,All people aged 16 and over,657,458,199
S01008927,Economically active: Total,528,364,164
S01008927,Economically active: Employee: Total,465,326,139
S01008927,Economically active: Employee: Part-time (1),95,68,27
S01008927,Economically active: Employee: Full-time (1),370,258,112
S01008927,Economically active: Self-employed: Total,31,10,21
S01008927,Economically active: Self-employed: Part-time (1),8,1,7
S01008927,Economically active: Self-employed: Full-time (1),23,9,14
S01008927,Economically active: Unemployed (1),32,28,4
S01008927,Economically inactive,129,94,35
S01008928,All people aged 16 and over,628,534,94
S01008928,Economically active: Total,378,298,80
S01008928,Economically active: Employee: Total,298,233,65
S01008928,Economically active: Employee: Part-time (1),93,66,27
S01008928,Economically active: Employee: Full-time (1),205,167,38
S01008928,Economically active: Self-employed: Total,33,25,8
S01008928,Economically active: Self-employed: Part-time (1),6,3,3
S01008928,Economically active: Self-employed: Full-time (1),27,22,5
S01008928,Economically active: Unemployed (1),47,40,7
S01008928,Economically inactive,250,236,14
S01008929,All people aged 16 and over,631,521,110
S01008929,Economically active: Total,345,266,79
S01008929,Economically active: Employee: Total,223,166,57
S01008929,Economically active: Employee: Part-time (1),80,53,27
S01008929,Economically active: Employee: Full-time (1),143,113,30
S01008929,Economically active: Self-employed: Total,11,6,5
S01008929,Economically active: Self-employed: Part-time (1),6,3,3
S01008929,Economically active: Self-employed: Full-time (1),5,3,2
S01008929,Economically active: Unemployed (1),111,94,17
S01008929,Economically inactive,286,255,31
S01008930,All people aged 16 and over,683,584,99
S01008930,Economically active: Total,398,314,84
S01008930,Economically active: Employee: Total,289,225,64
S01008930,Economically active: Employee: Part-time (1),116,84,32
S01008930,Economically active: Employee: Full-time (1),173,141,32
S01008930,Economically active: Self-employed: Total,19,12,7
S01008930,Economically active: Self-employed: Part-time (1),1,1,0
S01008930,Economically active: Self-employed: Full-time (1),18,11,7
S01008930,Economically active: Unemployed (1),90,77,13
S01008930,Economically inactive,285,270,15
S01008931,All people aged 16 and over,594,533,61
S01008931,Economically active: Total,356,307,49
S01008931,Economically active: Employee: Total,296,253,43
S01008931,Economically active: Employee: Part-time (1),102,86,16
S01008931,Economically active: Employee: Full-time (1),194,167,27
S01008931,Economically active: Self-employed: Total,12,8,4
S01008931,Economically active: Self-employed: Part-time (1),6,5,1
S01008931,Economically active: Self-employed: Full-time (1),6,3,3
S01008931,Economically active: Unemployed (1),48,46,2
S01008931,Economically inactive,238,226,12
S01008932,All people aged 16 and over,694,535,159
S01008932,Economically active: Total,525,389,136
S01008932,Economically active: Employee: Total,439,331,108
S01008932,Economically active: Employee: Part-time (1),112,81,31
S01008932,Economically active: Employee: Full-time (1),327,250,77
S01008932,Economically active: Self-employed: Total,49,30,19
S01008932,Economically active: Self-employed: Part-time (1),14,8,6
S01008932,Economically active: Self-employed: Full-time (1),35,22,13
S01008932,Economically active: Unemployed (1),37,28,9
S01008932,Economically inactive,169,146,23
S01008933,All people aged 16 and over,505,391,114
S01008933,Economically active: Total,350,261,89
S01008933,Economically active: Employee: Total,268,195,73
S01008933,Economically active: Employee: Part-time (1),104,79,25
S01008933,Economically active: Employee: Full-time (1),164,116,48
S01008933,Economically active: Self-employed: Total,17,12,5
S01008933,Economically active: Self-employed: Part-time (1),6,4,2
S01008933,Economically active: Self-employed: Full-time (1),11,8,3
S01008933,Economically active: Unemployed (1),65,54,11
S01008933,Economically inactive,155,130,25
S01008934,All people aged 16 and over,594,468,126
S01008934,Economically active: Total,400,304,96
S01008934,Economically active: Employee: Total,319,246,73
S01008934,Economically active: Employee: Part-time (1),94,68,26
S01008934,Economically active: Employee: Full-time (1),225,178,47
S01008934,Economically active: Self-employed: Total,41,27,14
S01008934,Economically active: Self-employed: Part-time (1),16,10,6
S01008934,Economically active: Self-employed: Full-time (1),25,17,8
S01008934,Economically active: Unemployed (1),40,31,9
S01008934,Economically inactive,194,164,30
S01008935,All people aged 16 and over,732,659,73
S01008935,Economically active: Total,432,384,48
S01008935,Economically active: Employee: Total,363,333,30
S01008935,Economically active: Employee: Part-time (1),116,110,6
S01008935,Economically active: Employee: Full-time (1),247,223,24
S01008935,Economically active: Self-employed: Total,48,34,14
S01008935,Economically active: Self-employed: Part-time (1),17,14,3
S01008935,Economically active: Self-employed: Full-time (1),31,20,11
S01008935,Economically active: Unemployed (1),21,17,4
S01008935,Economically inactive,300,275,25
S01008936,All people aged 16 and over,300,280,20
S01008936,Economically active: Total,191,175,16
S01008936,Economically active: Employee: Total,155,141,14
S01008936,Economically active: Employee: Part-time (1),53,47,6
S01008936,Economically active: Employee: Full-time (1),102,94,8
S01008936,Economically active: Self-employed: Total,35,33,2
S01008936,Economically active: Self-employed: Part-time (1),10,9,1
S01008936,Economically active: Self-employed: Full-time (1),25,24,1
S01008936,Economically active: Unemployed (1),1,1,0
S01008936,Economically inactive,109,105,4
S01008937,All people aged 16 and over,694,631,63
S01008937,Economically active: Total,423,377,46
S01008937,Economically active: Employee: Total,335,300,35
S01008937,Economically active: Employee: Part-time (1),91,79,12
S01008937,Economically active: Employee: Full-time (1),244,221,23
S01008937,Economically active: Self-employed: Total,58,53,5
S01008937,Economically active: Self-employed: Part-time (1),16,15,1
S01008937,Economically active: Self-employed: Full-time (1),42,38,4
S01008937,Economically active: Unemployed (1),30,24,6
S01008937,Economically inactive,271,254,17
S01008938,All people aged 16 and over,583,557,26
S01008938,Economically active: Total,344,325,19
S01008938,Economically active: Employee: Total,276,261,15
S01008938,Economically active: Employee: Part-time (1),90,87,3
S01008938,Economically active: Employee: Full-time (1),186,174,12
S01008938,Economically active: Self-employed: Total,56,53,3
S01008938,Economically active: Self-employed: Part-time (1),18,17,1
S01008938,Economically active: Self-employed: Full-time (1),38,36,2
S01008938,Economically active: Unemployed (1),12,11,1
S01008938,Economically inactive,239,232,7
S01008939,All people aged 16 and over,659,621,38
S01008939,Economically active: Total,381,352,29
S01008939,Economically active: Employee: Total,308,287,21
S01008939,Economically active: Employee: Part-time (1),103,92,11
S01008939,Economically active: Employee: Full-time (1),205,195,10
S01008939,Economically active: Self-employed: Total,55,47,8
S01008939,Economically active: Self-employed: Part-time (1),14,12,2
S01008939,Economically active: Self-employed: Full-time (1),41,35,6
S01008939,Economically active: Unemployed (1),18,18,0
S01008939,Economically inactive,278,269,9
S01008940,All people aged 16 and over,508,461,47
S01008940,Economically active: Total,274,244,30
S01008940,Economically active: Employee: Total,196,175,21
S01008940,Economically active: Employee: Part-time (1),59,52,7
S01008940,Economically active: Employee: Full-time (1),137,123,14
S01008940,Economically active: Self-employed: Total,68,60,8
S01008940,Economically active: Self-employed: Part-time (1),21,19,2
S01008940,Economically active: Self-employed: Full-time (1),47,41,6
S01008940,Economically active: Unemployed (1),10,9,1
S01008940,Economically inactive,234,217,17
S01008941,All people aged 16 and over,659,615,44
S01008941,Economically active: Total,386,359,27
S01008941,Economically active: Employee: Total,289,274,15
S01008941,Economically active: Employee: Part-time (1),88,85,3
S01008941,Economically active: Employee: Full-time (1),201,189,12
S01008941,Economically active: Self-employed: Total,88,76,12
S01008941,Economically active: Self-employed: Part-time (1),25,21,4
S01008941,Economically active: Self-employed: Full-time (1),63,55,8
S01008941,Economically active: Unemployed (1),9,9,0
S01008941,Economically inactive,273,256,17
S01008942,All people aged 16 and over,581,532,49
S01008942,Economically active: Total,379,350,29
S01008942,Economically active: Employee: Total,311,292,19
S01008942,Economically active: Employee: Part-time (1),85,77,8
S01008942,Economically active: Employee: Full-time (1),226,215,11
S01008942,Economically active: Self-employed: Total,55,49,6
S01008942,Economically active: Self-employed: Part-time (1),19,18,1
S01008942,Economically active: Self-employed: Full-time (1),36,31,5
S01008942,Economically active: Unemployed (1),13,9,4
S01008942,Economically inactive,202,182,20
S01008943,All people aged 16 and over,672,616,56
S01008943,Economically active: Total,357,323,34
S01008943,Economically active: Employee: Total,249,224,25
S01008943,Economically active: Employee: Part-time (1),84,74,10
S01008943,Economically active: Employee: Full-time (1),165,150,15
S01008943,Economically active: Self-employed: Total,88,82,6
S01008943,Economically active: Self-employed: Part-time (1),31,29,2
S01008943,Economically active: Self-employed: Full-time (1),57,53,4
S01008943,Economically active: Unemployed (1),20,17,3
S01008943,Economically inactive,315,293,22
S01008944,All people aged 16 and over,809,727,82
S01008944,Economically active: Total,428,377,51
S01008944,Economically active: Employee: Total,312,275,37
S01008944,Economically active: Employee: Part-time (1),79,66,13
S01008944,Economically active: Employee: Full-time (1),233,209,24
S01008944,Economically active: Self-employed: Total,101,91,10
S01008944,Economically active: Self-employed: Part-time (1),38,34,4
S01008944,Economically active: Self-employed: Full-time (1),63,57,6
S01008944,Economically active: Unemployed (1),15,11,4
S01008944,Economically inactive,381,350,31
S01008945,All people aged 16 and over,630,574,56
S01008945,Economically active: Total,402,363,39
S01008945,Economically active: Employee: Total,308,284,24
S01008945,Economically active: Employee: Part-time (1),102,96,6
S01008945,Economically active: Employee: Full-time (1),206,188,18
S01008945,Economically active: Self-employed: Total,86,72,14
S01008945,Economically active: Self-employed: Part-time (1),26,22,4
S01008945,Economically active: Self-employed: Full-time (1),60,50,10
S01008945,Economically active: Unemployed (1),8,7,1
S01008945,Economically inactive,228,211,17
S01008946,All people aged 16 and over,769,702,67
S01008946,Economically active: Total,403,358,45
S01008946,Economically active: Employee: Total,298,273,25
S01008946,Economically active: Employee: Part-time (1),86,76,10
S01008946,Economically active: Employee: Full-time (1),212,197,15
S01008946,Economically active: Self-employed: Total,82,67,15
S01008946,Economically active: Self-employed: Part-time (1),20,19,1
S01008946,Economically active: Self-employed: Full-time (1),62,48,14
S01008946,Economically active: Unemployed (1),23,18,5
S01008946,Economically inactive,366,344,22
S01008947,All people aged 16 and over,870,772,98
S01008947,Economically active: Total,473,404,69
S01008947,Economically active: Employee: Total,369,316,53
S01008947,Economically active: Employee: Part-time (1),102,87,15
S01008947,Economically active: Employee: Full-time (1),267,229,38
S01008947,Economically active: Self-employed: Total,84,72,12
S01008947,Economically active: Self-employed: Part-time (1),33,27,6
S01008947,Economically active: Self-employed: Full-time (1),51,45,6
S01008947,Economically active: Unemployed (1),20,16,4
S01008947,Economically inactive,397,368,29
S01008948,All people aged 16 and over,573,489,84
S01008948,Economically active: Total,388,331,57
S01008948,Economically active: Employee: Total,302,264,38
S01008948,Economically active: Employee: Part-time (1),80,73,7
S01008948,Economically active: Employee: Full-time (1),222,191,31
S01008948,Economically active: Self-employed: Total,69,55,14
S01008948,Economically active: Self-employed: Part-time (1),23,17,6
S01008948,Economically active: Self-employed: Full-time (1),46,38,8
S01008948,Economically active: Unemployed (1),17,12,5
S01008948,Economically inactive,185,158,27
S01008949,All people aged 16 and over,752,709,43
S01008949,Economically active: Total,467,431,36
S01008949,Economically active: Employee: Total,389,356,33
S01008949,Economically active: Employee: Part-time (1),123,113,10
S01008949,Economically active: Employee: Full-time (1),266,243,23
S01008949,Economically active: Self-employed: Total,47,45,2
S01008949,Economically active: Self-employed: Part-time (1),12,12,0
S01008949,Economically active: Self-employed: Full-time (1),35,33,2
S01008949,Economically active: Unemployed (1),31,30,1
S01008949,Economically inactive,285,278,7
S01008950,All people aged 16 and over,775,717,58
S01008950,Economically active: Total,470,430,40
S01008950,Economically active: Employee: Total,388,354,34
S01008950,Economically active: Employee: Part-time (1),130,119,11
S01008950,Economically active: Employee: Full-time (1),258,235,23
S01008950,Economically active: Self-employed: Total,46,44,2
S01008950,Economically active: Self-employed: Part-time (1),15,14,1
S01008950,Economically active: Self-employed: Full-time (1),31,30,1
S01008950,Economically active: Unemployed (1),36,32,4
S01008950,Economically inactive,305,287,18
S01008951,All people aged 16 and over,708,614,94
S01008951,Economically active: Total,427,356,71
S01008951,Economically active: Employee: Total,365,307,58
S01008951,Economically active: Employee: Part-time (1),100,87,13
S01008951,Economically active: Employee: Full-time (1),265,220,45
S01008951,Economically active: Self-employed: Total,28,23,5
S01008951,Economically active: Self-employed: Part-time (1),12,8,4
S01008951,Economically active: Self-employed: Full-time (1),16,15,1
S01008951,Economically active: Unemployed (1),34,26,8
S01008951,Economically inactive,281,258,23
S01008952,All people aged 16 and over,663,579,84
S01008952,Economically active: Total,434,361,73
S01008952,Economically active: Employee: Total,347,289,58
S01008952,Economically active: Employee: Part-time (1),106,90,16
S01008952,Economically active: Employee: Full-time (1),241,199,42
S01008952,Economically active: Self-employed: Total,37,27,10
S01008952,Economically active: Self-employed: Part-time (1),13,12,1
S01008952,Economically active: Self-employed: Full-time (1),24,15,9
S01008952,Economically active: Unemployed (1),50,45,5
S01008952,Economically inactive,229,218,11
S01008953,All people aged 16 and over,752,676,76
S01008953,Economically active: Total,444,388,56
S01008953,Economically active: Employee: Total,351,307,44
S01008953,Economically active: Employee: Part-time (1),112,96,16
S01008953,Economically active: Employee: Full-time (1),239,211,28
S01008953,Economically active: Self-employed: Total,51,41,10
S01008953,Economically active: Self-employed: Part-time (1),18,15,3
S01008953,Economically active: Self-employed: Full-time (1),33,26,7
S01008953,Economically active: Unemployed (1),42,40,2
S01008953,Economically inactive,308,288,20
S01008954,All people aged 16 and over,747,682,65
S01008954,Economically active: Total,397,352,45
S01008954,Economically active: Employee: Total,315,279,36
S01008954,Economically active: Employee: Part-time (1),105,95,10
S01008954,Economically active: Employee: Full-time (1),210,184,26
S01008954,Economically active: Self-employed: Total,41,34,7
S01008954,Economically active: Self-employed: Part-time (1),11,7,4
S01008954,Economically active: Self-employed: Full-time (1),30,27,3
S01008954,Economically active: Unemployed (1),41,39,2
S01008954,Economically inactive,350,330,20
S01008955,All people aged 16 and over,527,483,44
S01008955,Economically active: Total,357,330,27
S01008955,Economically active: Employee: Total,299,277,22
S01008955,Economically active: Employee: Part-time (1),84,75,9
S01008955,Economically active: Employee: Full-time (1),215,202,13
S01008955,Economically active: Self-employed: Total,51,47,4
S01008955,Economically active: Self-employed: Part-time (1),20,19,1
S01008955,Economically active: Self-employed: Full-time (1),31,28,3
S01008955,Economically active: Unemployed (1),7,6,1
S01008955,Economically inactive,170,153,17
S01008956,All people aged 16 and over,727,663,64
S01008956,Economically active: Total,551,501,50
S01008956,Economically active: Employee: Total,473,436,37
S01008956,Economically active: Employee: Part-time (1),117,105,12
S01008956,Economically active: Employee: Full-time (1),356,331,25
S01008956,Economically active: Self-employed: Total,40,30,10
S01008956,Economically active: Self-employed: Part-time (1),7,7,0
S01008956,Economically active: Self-employed: Full-time (1),33,23,10
S01008956,Economically active: Unemployed (1),38,35,3
S01008956,Economically inactive,176,162,14
S01008957,All people aged 16 and over,809,722,87
S01008957,Economically active: Total,509,445,64
S01008957,Economically active: Employee: Total,430,375,55
S01008957,Economically active: Employee: Part-time (1),125,101,24
S01008957,Economically active: Employee: Full-time (1),305,274,31
S01008957,Economically active: Self-employed: Total,49,41,8
S01008957,Economically active: Self-employed: Part-time (1),16,11,5
S01008957,Economically active: Self-employed: Full-time (1),33,30,3
S01008957,Economically active: Unemployed (1),30,29,1
S01008957,Economically inactive,300,277,23
S01008958,All people aged 16 and over,605,532,73
S01008958,Economically active: Total,355,304,51
S01008958,Economically active: Employee: Total,303,260,43
S01008958,Economically active: Employee: Part-time (1),76,65,11
S01008958,Economically active: Employee: Full-time (1),227,195,32
S01008958,Economically active: Self-employed: Total,32,29,3
S01008958,Economically active: Self-employed: Part-time (1),6,6,0
S01008958,Economically active: Self-employed: Full-time (1),26,23,3
S01008958,Economically active: Unemployed (1),20,15,5
S01008958,Economically inactive,250,228,22
S01008959,All people aged 16 and over,719,676,43
S01008959,Economically active: Total,476,451,25
S01008959,Economically active: Employee: Total,414,393,21
S01008959,Economically active: Employee: Part-time (1),107,100,7
S01008959,Economically active: Employee: Full-time (1),307,293,14
S01008959,Economically active: Self-employed: Total,42,38,4
S01008959,Economically active: Self-employed: Part-time (1),15,14,1
S01008959,Economically active: Self-employed: Full-time (1),27,24,3
S01008959,Economically active: Unemployed (1),20,20,0
S01008959,Economically inactive,243,225,18
S01008960,All people aged 16 and over,672,598,74
S01008960,Economically active: Total,545,490,55
S01008960,Economically active: Employee: Total,464,418,46
S01008960,Economically active: Employee: Part-time (1),114,97,17
S01008960,Economically active: Employee: Full-time (1),350,321,29
S01008960,Economically active: Self-employed: Total,69,63,6
S01008960,Economically active: Self-employed: Part-time (1),10,9,1
S01008960,Economically active: Self-employed: Full-time (1),59,54,5
S01008960,Economically active: Unemployed (1),12,9,3
S01008960,Economically inactive,127,108,19
S01008961,All people aged 16 and over,601,545,56
S01008961,Economically active: Total,401,361,40
S01008961,Economically active: Employee: Total,341,310,31
S01008961,Economically active: Employee: Part-time (1),89,83,6
S01008961,Economically active: Employee: Full-time (1),252,227,25
S01008961,Economically active: Self-employed: Total,39,33,6
S01008961,Economically active: Self-employed: Part-time (1),9,6,3
S01008961,Economically active: Self-employed: Full-time (1),30,27,3
S01008961,Economically active: Unemployed (1),21,18,3
S01008961,Economically inactive,200,184,16
S01008962,All people aged 16 and over,530,489,41
S01008962,Economically active: Total,349,321,28
S01008962,Economically active: Employee: Total,302,278,24
S01008962,Economically active: Employee: Part-time (1),84,76,8
S01008962,Economically active: Employee: Full-time (1),218,202,16
S01008962,Economically active: Self-employed: Total,34,32,2
S01008962,Economically active: Self-employed: Part-time (1),7,6,1
S01008962,Economically active: Self-employed: Full-time (1),27,26,1
S01008962,Economically active: Unemployed (1),13,11,2
S01008962,Economically inactive,181,168,13
S01008963,All people aged 16 and over,670,628,42
S01008963,Economically active: Total,404,369,35
S01008963,Economically active: Employee: Total,340,315,25
S01008963,Economically active: Employee: Part-time (1),97,91,6
S01008963,Economically active: Employee: Full-time (1),243,224,19
S01008963,Economically active: Self-employed: Total,44,40,4
S01008963,Economically active: Self-employed: Part-time (1),13,10,3
S01008963,Economically active: Self-employed: Full-time (1),31,30,1
S01008963,Economically active: Unemployed (1),20,14,6
S01008963,Economically inactive,266,259,7
S01008964,All people aged 16 and over,437,412,25
S01008964,Economically active: Total,257,237,20
S01008964,Economically active: Employee: Total,212,197,15
S01008964,Economically active: Employee: Part-time (1),79,74,5
S01008964,Economically active: Employee: Full-time (1),133,123,10
S01008964,Economically active: Self-employed: Total,35,31,4
S01008964,Economically active: Self-employed: Part-time (1),11,10,1
S01008964,Economically active: Self-employed: Full-time (1),24,21,3
S01008964,Economically active: Unemployed (1),10,9,1
S01008964,Economically inactive,180,175,5
S01008965,All people aged 16 and over,628,596,32
S01008965,Economically active: Total,329,307,22
S01008965,Economically active: Employee: Total,260,243,17
S01008965,Economically active: Employee: Part-time (1),81,74,7
S01008965,Economically active: Employee: Full-time (1),179,169,10
S01008965,Economically active: Self-employed: Total,64,59,5
S01008965,Economically active: Self-employed: Part-time (1),21,19,2
S01008965,Economically active: Self-employed: Full-time (1),43,40,3
S01008965,Economically active: Unemployed (1),5,5,0
S01008965,Economically inactive,299,289,10
S01008966,All people aged 16 and over,483,456,27
S01008966,Economically active: Total,303,285,18
S01008966,Economically active: Employee: Total,258,243,15
S01008966,Economically active: Employee: Part-time (1),79,74,5
S01008966,Economically active: Employee: Full-time (1),179,169,10
S01008966,Economically active: Self-employed: Total,33,31,2
S01008966,Economically active: Self-employed: Part-time (1),6,6,0
S01008966,Economically active: Self-employed: Full-time (1),27,25,2
S01008966,Economically active: Unemployed (1),12,11,1
S01008966,Economically inactive,180,171,9
S01008967,All people aged 16 and over,848,792,56
S01008967,Economically active: Total,492,458,34
S01008967,Economically active: Employee: Total,417,391,26
S01008967,Economically active: Employee: Part-time (1),123,116,7
S01008967,Economically active: Employee: Full-time (1),294,275,19
S01008967,Economically active: Self-employed: Total,62,55,7
S01008967,Economically active: Self-employed: Part-time (1),16,16,0
S01008967,Economically active: Self-employed: Full-time (1),46,39,7
S01008967,Economically active: Unemployed (1),13,12,1
S01008967,Economically inactive,356,334,22
S01008968,All people aged 16 and over,824,781,43
S01008968,Economically active: Total,516,490,26
S01008968,Economically active: Employee: Total,438,415,23
S01008968,Economically active: Employee: Part-time (1),149,143,6
S01008968,Economically active: Employee: Full-time (1),289,272,17
S01008968,Economically active: Self-employed: Total,63,60,3
S01008968,Economically active: Self-employed: Part-time (1),20,19,1
S01008968,Economically active: Self-employed: Full-time (1),43,41,2
S01008968,Economically active: Unemployed (1),15,15,0
S01008968,Economically inactive,308,291,17
S01008969,All people aged 16 and over,897,813,84
S01008969,Economically active: Total,557,489,68
S01008969,Economically active: Employee: Total,477,419,58
S01008969,Economically active: Employee: Part-time (1),141,120,21
S01008969,Economically active: Employee: Full-time (1),336,299,37
S01008969,Economically active: Self-employed: Total,57,48,9
S01008969,Economically active: Self-employed: Part-time (1),15,10,5
S01008969,Economically active: Self-employed: Full-time (1),42,38,4
S01008969,Economically active: Unemployed (1),23,22,1
S01008969,Economically inactive,340,324,16
S01008970,All people aged 16 and over,838,774,64
S01008970,Economically active: Total,561,505,56
S01008970,Economically active: Employee: Total,476,428,48
S01008970,Economically active: Employee: Part-time (1),122,113,9
S01008970,Economically active: Employee: Full-time (1),354,315,39
S01008970,Economically active: Self-employed: Total,73,65,8
S01008970,Economically active: Self-employed: Part-time (1),27,23,4
S01008970,Economically active: Self-employed: Full-time (1),46,42,4
S01008970,Economically active: Unemployed (1),12,12,0
S01008970,Economically inactive,277,269,8
S01008971,All people aged 16 and over,568,517,51
S01008971,Economically active: Total,383,343,40
S01008971,Economically active: Employee: Total,318,294,24
S01008971,Economically active: Employee: Part-time (1),79,71,8
S01008971,Economically active: Employee: Full-time (1),239,223,16
S01008971,Economically active: Self-employed: Total,51,36,15
S01008971,Economically active: Self-employed: Part-time (1),14,9,5
S01008971,Economically active: Self-employed: Full-time (1),37,27,10
S01008971,Economically active: Unemployed (1),14,13,1
S01008971,Economically inactive,185,174,11
S01008972,All people aged 16 and over,633,575,58
S01008972,Economically active: Total,381,336,45
S01008972,Economically active: Employee: Total,299,269,30
S01008972,Economically active: Employee: Part-time (1),76,67,9
S01008972,Economically active: Employee: Full-time (1),223,202,21
S01008972,Economically active: Self-employed: Total,69,57,12
S01008972,Economically active: Self-employed: Part-time (1),22,19,3
S01008972,Economically active: Self-employed: Full-time (1),47,38,9
S01008972,Economically active: Unemployed (1),13,10,3
S01008972,Economically inactive,252,239,13
S01008973,All people aged 16 and over,727,644,83
S01008973,Economically active: Total,408,338,70
S01008973,Economically active: Employee: Total,340,281,59
S01008973,Economically active: Employee: Part-time (1),53,49,4
S01008973,Economically active: Employee: Full-time (1),287,232,55
S01008973,Economically active: Self-employed: Total,59,52,7
S01008973,Economically active: Self-employed: Part-time (1),17,16,1
S01008973,Economically active: Self-employed: Full-time (1),42,36,6
S01008973,Economically active: Unemployed (1),9,5,4
S01008973,Economically inactive,319,306,13
S01008974,All people aged 16 and over,652,585,67
S01008974,Economically active: Total,374,332,42
S01008974,Economically active: Employee: Total,317,282,35
S01008974,Economically active: Employee: Part-time (1),85,76,9
S01008974,Economically active: Employee: Full-time (1),232,206,26
S01008974,Economically active: Self-employed: Total,43,38,5
S01008974,Economically active: Self-employed: Part-time (1),11,11,0
S01008974,Economically active: Self-employed: Full-time (1),32,27,5
S01008974,Economically active: Unemployed (1),14,12,2
S01008974,Economically inactive,278,253,25
S01008975,All people aged 16 and over,657,607,50
S01008975,Economically active: Total,293,265,28
S01008975,Economically active: Employee: Total,252,227,25
S01008975,Economically active: Employee: Part-time (1),56,56,0
S01008975,Economically active: Employee: Full-time (1),196,171,25
S01008975,Economically active: Self-employed: Total,29,26,3
S01008975,Economically active: Self-employed: Part-time (1),7,7,0
S01008975,Economically active: Self-employed: Full-time (1),22,19,3
S01008975,Economically active: Unemployed (1),12,12,0
S01008975,Economically inactive,364,342,22
S01008976,All people aged 16 and over,426,390,36
S01008976,Economically active: Total,262,243,19
S01008976,Economically active: Employee: Total,207,193,14
S01008976,Economically active: Employee: Part-time (1),55,50,5
S01008976,Economically active: Employee: Full-time (1),152,143,9
S01008976,Economically active: Self-employed: Total,40,38,2
S01008976,Economically active: Self-employed: Part-time (1),11,9,2
S01008976,Economically active: Self-employed: Full-time (1),29,29,0
S01008976,Economically active: Unemployed (1),15,12,3
S01008976,Economically inactive,164,147,17
S01008977,All people aged 16 and over,514,488,26
S01008977,Economically active: Total,324,304,20
S01008977,Economically active: Employee: Total,276,261,15
S01008977,Economically active: Employee: Part-time (1),80,77,3
S01008977,Economically active: Employee: Full-time (1),196,184,12
S01008977,Economically active: Self-employed: Total,35,33,2
S01008977,Economically active: Self-employed: Part-time (1),9,9,0
S01008977,Economically active: Self-employed: Full-time (1),26,24,2
S01008977,Economically active: Unemployed (1),13,10,3
S01008977,Economically inactive,190,184,6
S01008978,All people aged 16 and over,473,426,47
S01008978,Economically active: Total,330,294,36
S01008978,Economically active: Employee: Total,277,247,30
S01008978,Economically active: Employee: Part-time (1),89,78,11
S01008978,Economically active: Employee: Full-time (1),188,169,19
S01008978,Economically active: Self-employed: Total,35,33,2
S01008978,Economically active: Self-employed: Part-time (1),8,8,0
S01008978,Economically active: Self-employed: Full-time (1),27,25,2
S01008978,Economically active: Unemployed (1),18,14,4
S01008978,Economically inactive,143,132,11
S01008979,All people aged 16 and over,573,489,84
S01008979,Economically active: Total,438,372,66
S01008979,Economically active: Employee: Total,369,314,55
S01008979,Economically active: Employee: Part-time (1),94,80,14
S01008979,Economically active: Employee: Full-time (1),275,234,41
S01008979,Economically active: Self-employed: Total,45,37,8
S01008979,Economically active: Self-employed: Part-time (1),13,9,4
S01008979,Economically active: Self-employed: Full-time (1),32,28,4
S01008979,Economically active: Unemployed (1),24,21,3
S01008979,Economically inactive,135,117,18
S01008980,All people aged 16 and over,620,523,97
S01008980,Economically active: Total,454,374,80
S01008980,Economically active: Employee: Total,388,326,62
S01008980,Economically active: Employee: Part-time (1),105,85,20
S01008980,Economically active: Employee: Full-time (1),283,241,42
S01008980,Economically active: Self-employed: Total,46,32,14
S01008980,Economically active: Self-employed: Part-time (1),11,7,4
S01008980,Economically active: Self-employed: Full-time (1),35,25,10
S01008980,Economically active: Unemployed (1),20,16,4
S01008980,Economically inactive,166,149,17
S01008981,All people aged 16 and over,601,577,24
S01008981,Economically active: Total,332,314,18
S01008981,Economically active: Employee: Total,280,266,14
S01008981,Economically active: Employee: Part-time (1),90,84,6
S01008981,Economically active: Employee: Full-time (1),190,182,8
S01008981,Economically active: Self-employed: Total,44,40,4
S01008981,Economically active: Self-employed: Part-time (1),12,10,2
S01008981,Economically active: Self-employed: Full-time (1),32,30,2
S01008981,Economically active: Unemployed (1),8,8,0
S01008981,Economically inactive,269,263,6
S01008982,All people aged 16 and over,629,570,59
S01008982,Economically active: Total,447,403,44
S01008982,Economically active: Employee: Total,386,348,38
S01008982,Economically active: Employee: Part-time (1),111,101,10
S01008982,Economically active: Employee: Full-time (1),275,247,28
S01008982,Economically active: Self-employed: Total,37,32,5
S01008982,Economically active: Self-employed: Part-time (1),12,9,3
S01008982,Economically active: Self-employed: Full-time (1),25,23,2
S01008982,Economically active: Unemployed (1),24,23,1
S01008982,Economically inactive,182,167,15
S01008983,All people aged 16 and over,529,449,80
S01008983,Economically active: Total,434,375,59
S01008983,Economically active: Employee: Total,384,336,48
S01008983,Economically active: Employee: Part-time (1),74,61,13
S01008983,Economically active: Employee: Full-time (1),310,275,35
S01008983,Economically active: Self-employed: Total,29,21,8
S01008983,Economically active: Self-employed: Part-time (1),10,7,3
S01008983,Economically active: Self-employed: Full-time (1),19,14,5
S01008983,Economically active: Unemployed (1),21,18,3
S01008983,Economically inactive,95,74,21
S01008984,All people aged 16 and over,390,364,26
S01008984,Economically active: Total,279,261,18
S01008984,Economically active: Employee: Total,238,224,14
S01008984,Economically active: Employee: Part-time (1),72,69,3
S01008984,Economically active: Employee: Full-time (1),166,155,11
S01008984,Economically active: Self-employed: Total,18,17,1
S01008984,Economically active: Self-employed: Part-time (1),7,6,1
S01008984,Economically active: Self-employed: Full-time (1),11,11,0
S01008984,Economically active: Unemployed (1),23,20,3
S01008984,Economically inactive,111,103,8
S01008985,All people aged 16 and over,585,543,42
S01008985,Economically active: Total,420,385,35
S01008985,Economically active: Employee: Total,361,331,30
S01008985,Economically active: Employee: Part-time (1),92,84,8
S01008985,Economically active: Employee: Full-time (1),269,247,22
S01008985,Economically active: Self-employed: Total,34,31,3
S01008985,Economically active: Self-employed: Part-time (1),10,8,2
S01008985,Economically active: Self-employed: Full-time (1),24,23,1
S01008985,Economically active: Unemployed (1),25,23,2
S01008985,Economically inactive,165,158,7
S01008986,All people aged 16 and over,661,622,39
S01008986,Economically active: Total,416,384,32
S01008986,Economically active: Employee: Total,348,324,24
S01008986,Economically active: Employee: Part-time (1),119,116,3
S01008986,Economically active: Employee: Full-time (1),229,208,21
S01008986,Economically active: Self-employed: Total,48,43,5
S01008986,Economically active: Self-employed: Part-time (1),23,20,3
S01008986,Economically active: Self-employed: Full-time (1),25,23,2
S01008986,Economically active: Unemployed (1),20,17,3
S01008986,Economically inactive,245,238,7
S01008987,All people aged 16 and over,710,689,21
S01008987,Economically active: Total,441,428,13
S01008987,Economically active: Employee: Total,370,358,12
S01008987,Economically active: Employee: Part-time (1),112,106,6
S01008987,Economically active: Employee: Full-time (1),258,252,6
S01008987,Economically active: Self-employed: Total,52,51,1
S01008987,Economically active: Self-employed: Part-time (1),13,13,0
S01008987,Economically active: Self-employed: Full-time (1),39,38,1
S01008987,Economically active: Unemployed (1),19,19,0
S01008987,Economically inactive,269,261,8
S01008988,All people aged 16 and over,928,824,104
S01008988,Economically active: Total,507,427,80
S01008988,Economically active: Employee: Total,429,365,64
S01008988,Economically active: Employee: Part-time (1),111,93,18
S01008988,Economically active: Employee: Full-time (1),318,272,46
S01008988,Economically active: Self-employed: Total,49,39,10
S01008988,Economically active: Self-employed: Part-time (1),10,8,2
S01008988,Economically active: Self-employed: Full-time (1),39,31,8
S01008988,Economically active: Unemployed (1),29,23,6
S01008988,Economically inactive,421,397,24
S01008989,All people aged 16 and over,557,488,69
S01008989,Economically active: Total,460,406,54
S01008989,Economically active: Employee: Total,394,347,47
S01008989,Economically active: Employee: Part-time (1),75,67,8
S01008989,Economically active: Employee: Full-time (1),319,280,39
S01008989,Economically active: Self-employed: Total,39,36,3
S01008989,Economically active: Self-employed: Part-time (1),10,9,1
S01008989,Economically active: Self-employed: Full-time (1),29,27,2
S01008989,Economically active: Unemployed (1),27,23,4
S01008989,Economically inactive,97,82,15
S01008990,All people aged 16 and over,643,555,88
S01008990,Economically active: Total,535,464,71
S01008990,Economically active: Employee: Total,468,407,61
S01008990,Economically active: Employee: Part-time (1),85,77,8
S01008990,Economically active: Employee: Full-time (1),383,330,53
S01008990,Economically active: Self-employed: Total,45,39,6
S01008990,Economically active: Self-employed: Part-time (1),9,6,3
S01008990,Economically active: Self-employed: Full-time (1),36,33,3
S01008990,Economically active: Unemployed (1),22,18,4
S01008990,Economically inactive,108,91,17
S01008991,All people aged 16 and over,758,674,84
S01008991,Economically active: Total,614,560,54
S01008991,Economically active: Employee: Total,528,488,40
S01008991,Economically active: Employee: Part-time (1),138,123,15
S01008991,Economically active: Employee: Full-time (1),390,365,25
S01008991,Economically active: Self-employed: Total,62,52,10
S01008991,Economically active: Self-employed: Part-time (1),12,10,2
S01008991,Economically active: Self-employed: Full-time (1),50,42,8
S01008991,Economically active: Unemployed (1),24,20,4
S01008991,Economically inactive,144,114,30
S01008992,All people aged 16 and over,487,425,62
S01008992,Economically active: Total,305,266,39
S01008992,Economically active: Employee: Total,257,221,36
S01008992,Economically active: Employee: Part-time (1),61,52,9
S01008992,Economically active: Employee: Full-time (1),196,169,27
S01008992,Economically active: Self-employed: Total,31,29,2
S01008992,Economically active: Self-employed: Part-time (1),15,14,1
S01008992,Economically active: Self-employed: Full-time (1),16,15,1
S01008992,Economically active: Unemployed (1),17,16,1
S01008992,Economically inactive,182,159,23
S01008993,All people aged 16 and over,880,794,86
S01008993,Economically active: Total,597,532,65
S01008993,Economically active: Employee: Total,468,416,52
S01008993,Economically active: Employee: Part-time (1),118,106,12
S01008993,Economically active: Employee: Full-time (1),350,310,40
S01008993,Economically active: Self-employed: Total,104,94,10
S01008993,Economically active: Self-employed: Part-time (1),33,30,3
S01008993,Economically active: Self-employed: Full-time (1),71,64,7
S01008993,Economically active: Unemployed (1),25,22,3
S01008993,Economically inactive,283,262,21
S01008994,All people aged 16 and over,628,598,30
S01008994,Economically active: Total,412,390,22
S01008994,Economically active: Employee: Total,330,312,18
S01008994,Economically active: Employee: Part-time (1),105,98,7
S01008994,Economically active: Employee: Full-time (1),225,214,11
S01008994,Economically active: Self-employed: Total,50,48,2
S01008994,Economically active: Self-employed: Part-time (1),12,10,2
S01008994,Economically active: Self-employed: Full-time (1),38,38,0
S01008994,Economically active: Unemployed (1),32,30,2
S01008994,Economically inactive,216,208,8
S01008995,All people aged 16 and over,699,650,49
S01008995,Economically active: Total,502,465,37
S01008995,Economically active: Employee: Total,424,394,30
S01008995,Economically active: Employee: Part-time (1),99,93,6
S01008995,Economically active: Employee: Full-time (1),325,301,24
S01008995,Economically active: Self-employed: Total,54,52,2
S01008995,Economically active: Self-employed: Part-time (1),13,13,0
S01008995,Economically active: Self-employed: Full-time (1),41,39,2
S01008995,Economically active: Unemployed (1),24,19,5
S01008995,Economically inactive,197,185,12
S01008996,All people aged 16 and over,483,456,27
S01008996,Economically active: Total,303,283,20
S01008996,Economically active: Employee: Total,258,239,19
S01008996,Economically active: Employee: Part-time (1),72,65,7
S01008996,Economically active: Employee: Full-time (1),186,174,12
S01008996,Economically active: Self-employed: Total,24,23,1
S01008996,Economically active: Self-employed: Part-time (1),9,9,0
S01008996,Economically active: Self-employed: Full-time (1),15,14,1
S01008996,Economically active: Unemployed (1),21,21,0
S01008996,Economically inactive,180,173,7
S01008997,All people aged 16 and over,780,737,43
S01008997,Economically active: Total,575,541,34
S01008997,Economically active: Employee: Total,471,446,25
S01008997,Economically active: Employee: Part-time (1),121,113,8
S01008997,Economically active: Employee: Full-time (1),350,333,17
S01008997,Economically active: Self-employed: Total,75,67,8
S01008997,Economically active: Self-employed: Part-time (1),17,14,3
S01008997,Economically active: Self-employed: Full-time (1),58,53,5
S01008997,Economically active: Unemployed (1),29,28,1
S01008997,Economically inactive,205,196,9
S01008998,All people aged 16 and over,464,445,19
S01008998,Economically active: Total,309,296,13
S01008998,Economically active: Employee: Total,246,236,10
S01008998,Economically active: Employee: Part-time (1),74,69,5
S01008998,Economically active: Employee: Full-time (1),172,167,5
S01008998,Economically active: Self-employed: Total,19,17,2
S01008998,Economically active: Self-employed: Part-time (1),4,3,1
S01008998,Economically active: Self-employed: Full-time (1),15,14,1
S01008998,Economically active: Unemployed (1),44,43,1
S01008998,Economically inactive,155,149,6
S01008999,All people aged 16 and over,708,672,36
S01008999,Economically active: Total,395,370,25
S01008999,Economically active: Employee: Total,334,314,20
S01008999,Economically active: Employee: Part-time (1),86,79,7
S01008999,Economically active: Employee: Full-time (1),248,235,13
S01008999,Economically active: Self-employed: Total,30,28,2
S01008999,Economically active: Self-employed: Part-time (1),8,7,1
S01008999,Economically active: Self-employed: Full-time (1),22,21,1
S01008999,Economically active: Unemployed (1),31,28,3
S01008999,Economically inactive,313,302,11
S01009000,All people aged 16 and over,757,731,26
S01009000,Economically active: Total,483,464,19
S01009000,Economically active: Employee: Total,395,379,16
S01009000,Economically active: Employee: Part-time (1),93,90,3
S01009000,Economically active: Employee: Full-time (1),302,289,13
S01009000,Economically active: Self-employed: Total,71,68,3
S01009000,Economically active: Self-employed: Part-time (1),19,18,1
S01009000,Economically active: Self-employed: Full-time (1),52,50,2
S01009000,Economically active: Unemployed (1),17,17,0
S01009000,Economically inactive,274,267,7
S01009001,All people aged 16 and over,653,618,35
S01009001,Economically active: Total,423,397,26
S01009001,Economically active: Employee: Total,356,332,24
S01009001,Economically active: Employee: Part-time (1),119,112,7
S01009001,Economically active: Employee: Full-time (1),237,220,17
S01009001,Economically active: Self-employed: Total,56,55,1
S01009001,Economically active: Self-employed: Part-time (1),22,21,1
S01009001,Economically active: Self-employed: Full-time (1),34,34,0
S01009001,Economically active: Unemployed (1),11,10,1
S01009001,Economically inactive,230,221,9
S01009002,All people aged 16 and over,657,622,35
S01009002,Economically active: Total,451,423,28
S01009002,Economically active: Employee: Total,367,343,24
S01009002,Economically active: Employee: Part-time (1),95,86,9
S01009002,Economically active: Employee: Full-time (1),272,257,15
S01009002,Economically active: Self-employed: Total,59,55,4
S01009002,Economically active: Self-employed: Part-time (1),17,15,2
S01009002,Economically active: Self-employed: Full-time (1),42,40,2
S01009002,Economically active: Unemployed (1),25,25,0
S01009002,Economically inactive,206,199,7
S01009003,All people aged 16 and over,751,677,74
S01009003,Economically active: Total,538,488,50
S01009003,Economically active: Employee: Total,429,387,42
S01009003,Economically active: Employee: Part-time (1),95,89,6
S01009003,Economically active: Employee: Full-time (1),334,298,36
S01009003,Economically active: Self-employed: Total,88,81,7
S01009003,Economically active: Self-employed: Part-time (1),29,27,2
S01009003,Economically active: Self-employed: Full-time (1),59,54,5
S01009003,Economically active: Unemployed (1),21,20,1
S01009003,Economically inactive,213,189,24
S01009004,All people aged 16 and over,534,516,18
S01009004,Economically active: Total,389,375,14
S01009004,Economically active: Employee: Total,332,320,12
S01009004,Economically active: Employee: Part-time (1),80,79,1
S01009004,Economically active: Employee: Full-time (1),252,241,11
S01009004,Economically active: Self-employed: Total,45,43,2
S01009004,Economically active: Self-employed: Part-time (1),12,11,1
S01009004,Economically active: Self-employed: Full-time (1),33,32,1
S01009004,Economically active: Unemployed (1),12,12,0
S01009004,Economically inactive,145,141,4
S01009005,All people aged 16 and over,590,553,37
S01009005,Economically active: Total,404,370,34
S01009005,Economically active: Employee: Total,350,323,27
S01009005,Economically active: Employee: Part-time (1),86,81,5
S01009005,Economically active: Employee: Full-time (1),264,242,22
S01009005,Economically active: Self-employed: Total,35,30,5
S01009005,Economically active: Self-employed: Part-time (1),12,10,2
S01009005,Economically active: Self-employed: Full-time (1),23,20,3
S01009005,Economically active: Unemployed (1),19,17,2
S01009005,Economically inactive,186,183,3
S01009006,All people aged 16 and over,602,557,45
S01009006,Economically active: Total,357,320,37
S01009006,Economically active: Employee: Total,300,266,34
S01009006,Economically active: Employee: Part-time (1),86,73,13
S01009006,Economically active: Employee: Full-time (1),214,193,21
S01009006,Economically active: Self-employed: Total,33,32,1
S01009006,Economically active: Self-employed: Part-time (1),13,13,0
S01009006,Economically active: Self-employed: Full-time (1),20,19,1
S01009006,Economically active: Unemployed (1),24,22,2
S01009006,Economically inactive,245,237,8
S01009007,All people aged 16 and over,552,517,35
S01009007,Economically active: Total,348,321,27
S01009007,Economically active: Employee: Total,293,270,23
S01009007,Economically active: Employee: Part-time (1),75,70,5
S01009007,Economically active: Employee: Full-time (1),218,200,18
S01009007,Economically active: Self-employed: Total,31,28,3
S01009007,Economically active: Self-employed: Part-time (1),9,9,0
S01009007,Economically active: Self-employed: Full-time (1),22,19,3
S01009007,Economically active: Unemployed (1),24,23,1
S01009007,Economically inactive,204,196,8
S01009008,All people aged 16 and over,780,733,47
S01009008,Economically active: Total,469,435,34
S01009008,Economically active: Employee: Total,383,354,29
S01009008,Economically active: Employee: Part-time (1),90,84,6
S01009008,Economically active: Employee: Full-time (1),293,270,23
S01009008,Economically active: Self-employed: Total,61,56,5
S01009008,Economically active: Self-employed: Part-time (1),23,21,2
S01009008,Economically active: Self-employed: Full-time (1),38,35,3
S01009008,Economically active: Unemployed (1),25,25,0
S01009008,Economically inactive,311,298,13
S01009009,All people aged 16 and over,381,363,18
S01009009,Economically active: Total,221,208,13
S01009009,Economically active: Employee: Total,184,174,10
S01009009,Economically active: Employee: Part-time (1),47,45,2
S01009009,Economically active: Employee: Full-time (1),137,129,8
S01009009,Economically active: Self-employed: Total,18,15,3
S01009009,Economically active: Self-employed: Part-time (1),8,6,2
S01009009,Economically active: Self-employed: Full-time (1),10,9,1
S01009009,Economically active: Unemployed (1),19,19,0
S01009009,Economically inactive,160,155,5
S01009010,All people aged 16 and over,820,773,47
S01009010,Economically active: Total,629,593,36
S01009010,Economically active: Employee: Total,562,532,30
S01009010,Economically active: Employee: Part-time (1),169,162,7
S01009010,Economically active: Employee: Full-time (1),393,370,23
S01009010,Economically active: Self-employed: Total,53,48,5
S01009010,Economically active: Self-employed: Part-time (1),18,15,3
S01009010,Economically active: Self-employed: Full-time (1),35,33,2
S01009010,Economically active: Unemployed (1),14,13,1
S01009010,Economically inactive,191,180,11
S01009011,All people aged 16 and over,692,666,26
S01009011,Economically active: Total,571,548,23
S01009011,Economically active: Employee: Total,496,478,18
S01009011,Economically active: Employee: Part-time (1),140,137,3
S01009011,Economically active: Employee: Full-time (1),356,341,15
S01009011,Economically active: Self-employed: Total,51,47,4
S01009011,Economically active: Self-employed: Part-time (1),17,17,0
S01009011,Economically active: Self-employed: Full-time (1),34,30,4
S01009011,Economically active: Unemployed (1),24,23,1
S01009011,Economically inactive,121,118,3
S01009012,All people aged 16 and over,609,576,33
S01009012,Economically active: Total,456,435,21
S01009012,Economically active: Employee: Total,393,377,16
S01009012,Economically active: Employee: Part-time (1),119,114,5
S01009012,Economically active: Employee: Full-time (1),274,263,11
S01009012,Economically active: Self-employed: Total,50,46,4
S01009012,Economically active: Self-employed: Part-time (1),11,10,1
S01009012,Economically active: Self-employed: Full-time (1),39,36,3
S01009012,Economically active: Unemployed (1),13,12,1
S01009012,Economically inactive,153,141,12
S01009013,All people aged 16 and over,739,681,58
S01009013,Economically active: Total,547,508,39
S01009013,Economically active: Employee: Total,456,429,27
S01009013,Economically active: Employee: Part-time (1),132,124,8
S01009013,Economically active: Employee: Full-time (1),324,305,19
S01009013,Economically active: Self-employed: Total,57,48,9
S01009013,Economically active: Self-employed: Part-time (1),15,13,2
S01009013,Economically active: Self-employed: Full-time (1),42,35,7
S01009013,Economically active: Unemployed (1),34,31,3
S01009013,Economically inactive,192,173,19
S01009014,All people aged 16 and over,497,486,11
S01009014,Economically active: Total,333,325,8
S01009014,Economically active: Employee: Total,249,243,6
S01009014,Economically active: Employee: Part-time (1),89,84,5
S01009014,Economically active: Employee: Full-time (1),160,159,1
S01009014,Economically active: Self-employed: Total,58,56,2
S01009014,Economically active: Self-employed: Part-time (1),11,10,1
S01009014,Economically active: Self-employed: Full-time (1),47,46,1
S01009014,Economically active: Unemployed (1),26,26,0
S01009014,Economically inactive,164,161,3
S01009015,All people aged 16 and over,511,504,7
S01009015,Economically active: Total,302,297,5
S01009015,Economically active: Employee: Total,231,228,3
S01009015,Economically active: Employee: Part-time (1),82,80,2
S01009015,Economically active: Employee: Full-time (1),149,148,1
S01009015,Economically active: Self-employed: Total,49,47,2
S01009015,Economically active: Self-employed: Part-time (1),9,8,1
S01009015,Economically active: Self-employed: Full-time (1),40,39,1
S01009015,Economically active: Unemployed (1),22,22,0
S01009015,Economically inactive,209,207,2
S01009016,All people aged 16 and over,436,429,7
S01009016,Economically active: Total,249,248,1
S01009016,Economically active: Employee: Total,188,187,1
S01009016,Economically active: Employee: Part-time (1),47,46,1
S01009016,Economically active: Employee: Full-time (1),141,141,0
S01009016,Economically active: Self-employed: Total,43,43,0
S01009016,Economically active: Self-employed: Part-time (1),15,15,0
S01009016,Economically active: Self-employed: Full-time (1),28,28,0
S01009016,Economically active: Unemployed (1),18,18,0
S01009016,Economically inactive,187,181,6
S01009017,All people aged 16 and over,499,489,10
S01009017,Economically active: Total,308,301,7
S01009017,Economically active: Employee: Total,234,231,3
S01009017,Economically active: Employee: Part-time (1),57,56,1
S01009017,Economically active: Employee: Full-time (1),177,175,2
S01009017,Economically active: Self-employed: Total,46,44,2
S01009017,Economically active: Self-employed: Part-time (1),12,12,0
S01009017,Economically active: Self-employed: Full-time (1),34,32,2
S01009017,Economically active: Unemployed (1),28,26,2
S01009017,Economically inactive,191,188,3
S01009018,All people aged 16 and over,601,588,13
S01009018,Economically active: Total,408,401,7
S01009018,Economically active: Employee: Total,321,318,3
S01009018,Economically active: Employee: Part-time (1),84,84,0
S01009018,Economically active: Employee: Full-time (1),237,234,3
S01009018,Economically active: Self-employed: Total,70,68,2
S01009018,Economically active: Self-employed: Part-time (1),24,23,1
S01009018,Economically active: Self-employed: Full-time (1),46,45,1
S01009018,Economically active: Unemployed (1),17,15,2
S01009018,Economically inactive,193,187,6
S01009019,All people aged 16 and over,421,402,19
S01009019,Economically active: Total,296,282,14
S01009019,Economically active: Employee: Total,244,233,11
S01009019,Economically active: Employee: Part-time (1),64,60,4
S01009019,Economically active: Employee: Full-time (1),180,173,7
S01009019,Economically active: Self-employed: Total,35,35,0
S01009019,Economically active: Self-employed: Part-time (1),6,6,0
S01009019,Economically active: Self-employed: Full-time (1),29,29,0
S01009019,Economically active: Unemployed (1),17,14,3
S01009019,Economically inactive,125,120,5
S01009020,All people aged 16 and over,635,590,45
S01009020,Economically active: Total,487,450,37
S01009020,Economically active: Employee: Total,402,369,33
S01009020,Economically active: Employee: Part-time (1),114,103,11
S01009020,Economically active: Employee: Full-time (1),288,266,22
S01009020,Economically active: Self-employed: Total,50,48,2
S01009020,Economically active: Self-employed: Part-time (1),12,11,1
S01009020,Economically active: Self-employed: Full-time (1),38,37,1
S01009020,Economically active: Unemployed (1),35,33,2
S01009020,Economically inactive,148,140,8
S01009021,All people aged 16 and over,634,616,18
S01009021,Economically active: Total,394,378,16
S01009021,Economically active: Employee: Total,296,290,6
S01009021,Economically active: Employee: Part-time (1),99,99,0
S01009021,Economically active: Employee: Full-time (1),197,191,6
S01009021,Economically active: Self-employed: Total,82,74,8
S01009021,Economically active: Self-employed: Part-time (1),14,11,3
S01009021,Economically active: Self-employed: Full-time (1),68,63,5
S01009021,Economically active: Unemployed (1),16,14,2
S01009021,Economically inactive,240,238,2
S01009022,All people aged 16 and over,788,764,24
S01009022,Economically active: Total,482,468,14
S01009022,Economically active: Employee: Total,363,353,10
S01009022,Economically active: Employee: Part-time (1),105,102,3
S01009022,Economically active: Employee: Full-time (1),258,251,7
S01009022,Economically active: Self-employed: Total,89,87,2
S01009022,Economically active: Self-employed: Part-time (1),16,15,1
S01009022,Economically active: Self-employed: Full-time (1),73,72,1
S01009022,Economically active: Unemployed (1),30,28,2
S01009022,Economically inactive,306,296,10
S01009023,All people aged 16 and over,810,786,24
S01009023,Economically active: Total,456,445,11
S01009023,Economically active: Employee: Total,292,283,9
S01009023,Economically active: Employee: Part-time (1),95,93,2
S01009023,Economically active: Employee: Full-time (1),197,190,7
S01009023,Economically active: Self-employed: Total,132,130,2
S01009023,Economically active: Self-employed: Part-time (1),40,40,0
S01009023,Economically active: Self-employed: Full-time (1),92,90,2
S01009023,Economically active: Unemployed (1),32,32,0
S01009023,Economically inactive,354,341,13
S01009024,All people aged 16 and over,844,825,19
S01009024,Economically active: Total,467,456,11
S01009024,Economically active: Employee: Total,353,345,8
S01009024,Economically active: Employee: Part-time (1),100,97,3
S01009024,Economically active: Employee: Full-time (1),253,248,5
S01009024,Economically active: Self-employed: Total,86,83,3
S01009024,Economically active: Self-employed: Part-time (1),20,18,2
S01009024,Economically active: Self-employed: Full-time (1),66,65,1
S01009024,Economically active: Unemployed (1),28,28,0
S01009024,Economically inactive,377,369,8
S01009025,All people aged 16 and over,761,736,25
S01009025,Economically active: Total,488,473,15
S01009025,Economically active: Employee: Total,348,344,4
S01009025,Economically active: Employee: Part-time (1),112,111,1
S01009025,Economically active: Employee: Full-time (1),236,233,3
S01009025,Economically active: Self-employed: Total,93,87,6
S01009025,Economically active: Self-employed: Part-time (1),24,23,1
S01009025,Economically active: Self-employed: Full-time (1),69,64,5
S01009025,Economically active: Unemployed (1),47,42,5
S01009025,Economically inactive,273,263,10
S01009026,All people aged 16 and over,770,742,28
S01009026,Economically active: Total,465,447,18
S01009026,Economically active: Employee: Total,357,342,15
S01009026,Economically active: Employee: Part-time (1),104,98,6
S01009026,Economically active: Employee: Full-time (1),253,244,9
S01009026,Economically active: Self-employed: Total,69,67,2
S01009026,Economically active: Self-employed: Part-time (1),17,17,0
S01009026,Economically active: Self-employed: Full-time (1),52,50,2
S01009026,Economically active: Unemployed (1),39,38,1
S01009026,Economically inactive,305,295,10
S01009027,All people aged 16 and over,670,647,23
S01009027,Economically active: Total,360,351,9
S01009027,Economically active: Employee: Total,251,245,6
S01009027,Economically active: Employee: Part-time (1),80,78,2
S01009027,Economically active: Employee: Full-time (1),171,167,4
S01009027,Economically active: Self-employed: Total,88,86,2
S01009027,Economically active: Self-employed: Part-time (1),30,30,0
S01009027,Economically active: Self-employed: Full-time (1),58,56,2
S01009027,Economically active: Unemployed (1),21,20,1
S01009027,Economically inactive,310,296,14
S01009028,All people aged 16 and over,430,422,8
S01009028,Economically active: Total,256,251,5
S01009028,Economically active: Employee: Total,189,186,3
S01009028,Economically active: Employee: Part-time (1),51,50,1
S01009028,Economically active: Employee: Full-time (1),138,136,2
S01009028,Economically active: Self-employed: Total,48,46,2
S01009028,Economically active: Self-employed: Part-time (1),13,13,0
S01009028,Economically active: Self-employed: Full-time (1),35,33,2
S01009028,Economically active: Unemployed (1),19,19,0
S01009028,Economically inactive,174,171,3
S01009029,All people aged 16 and over,529,507,22
S01009029,Economically active: Total,315,301,14
S01009029,Economically active: Employee: Total,229,217,12
S01009029,Economically active: Employee: Part-time (1),60,57,3
S01009029,Economically active: Employee: Full-time (1),169,160,9
S01009029,Economically active: Self-employed: Total,58,58,0
S01009029,Economically active: Self-employed: Part-time (1),12,12,0
S01009029,Economically active: Self-employed: Full-time (1),46,46,0
S01009029,Economically active: Unemployed (1),28,26,2
S01009029,Economically inactive,214,206,8
S01009030,All people aged 16 and over,611,596,15
S01009030,Economically active: Total,386,373,13
S01009030,Economically active: Employee: Total,296,286,10
S01009030,Economically active: Employee: Part-time (1),87,82,5
S01009030,Economically active: Employee: Full-time (1),209,204,5
S01009030,Economically active: Self-employed: Total,62,59,3
S01009030,Economically active: Self-employed: Part-time (1),20,19,1
S01009030,Economically active: Self-employed: Full-time (1),42,40,2
S01009030,Economically active: Unemployed (1),28,28,0
S01009030,Economically inactive,225,223,2
S01009031,All people aged 16 and over,656,643,13
S01009031,Economically active: Total,388,383,5
S01009031,Economically active: Employee: Total,316,312,4
S01009031,Economically active: Employee: Part-time (1),73,72,1
S01009031,Economically active: Employee: Full-time (1),243,240,3
S01009031,Economically active: Self-employed: Total,52,51,1
S01009031,Economically active: Self-employed: Part-time (1),11,11,0
S01009031,Economically active: Self-employed: Full-time (1),41,40,1
S01009031,Economically active: Unemployed (1),20,20,0
S01009031,Economically inactive,268,260,8
S01009032,All people aged 16 and over,559,553,6
S01009032,Economically active: Total,303,300,3
S01009032,Economically active: Employee: Total,239,236,3
S01009032,Economically active: Employee: Part-time (1),69,67,2
S01009032,Economically active: Employee: Full-time (1),170,169,1
S01009032,Economically active: Self-employed: Total,45,45,0
S01009032,Economically active: Self-employed: Part-time (1),9,9,0
S01009032,Economically active: Self-employed: Full-time (1),36,36,0
S01009032,Economically active: Unemployed (1),19,19,0
S01009032,Economically inactive,256,253,3
S01009033,All people aged 16 and over,657,638,19
S01009033,Economically active: Total,371,360,11
S01009033,Economically active: Employee: Total,292,282,10
S01009033,Economically active: Employee: Part-time (1),99,96,3
S01009033,Economically active: Employee: Full-time (1),193,186,7
S01009033,Economically active: Self-employed: Total,59,58,1
S01009033,Economically active: Self-employed: Part-time (1),14,14,0
S01009033,Economically active: Self-employed: Full-time (1),45,44,1
S01009033,Economically active: Unemployed (1),20,20,0
S01009033,Economically inactive,286,278,8
S01009034,All people aged 16 and over,558,544,14
S01009034,Economically active: Total,324,315,9
S01009034,Economically active: Employee: Total,274,266,8
S01009034,Economically active: Employee: Part-time (1),79,78,1
S01009034,Economically active: Employee: Full-time (1),195,188,7
S01009034,Economically active: Self-employed: Total,39,39,0
S01009034,Economically active: Self-employed: Part-time (1),15,15,0
S01009034,Economically active: Self-employed: Full-time (1),24,24,0
S01009034,Economically active: Unemployed (1),11,10,1
S01009034,Economically inactive,234,229,5
S01009035,All people aged 16 and over,760,739,21
S01009035,Economically active: Total,490,474,16
S01009035,Economically active: Employee: Total,398,387,11
S01009035,Economically active: Employee: Part-time (1),111,108,3
S01009035,Economically active: Employee: Full-time (1),287,279,8
S01009035,Economically active: Self-employed: Total,63,59,4
S01009035,Economically active: Self-employed: Part-time (1),16,16,0
S01009035,Economically active: Self-employed: Full-time (1),47,43,4
S01009035,Economically active: Unemployed (1),29,28,1
S01009035,Economically inactive,270,265,5
S01009036,All people aged 16 and over,814,786,28
S01009036,Economically active: Total,561,541,20
S01009036,Economically active: Employee: Total,462,448,14
S01009036,Economically active: Employee: Part-time (1),131,129,2
S01009036,Economically active: Employee: Full-time (1),331,319,12
S01009036,Economically active: Self-employed: Total,63,58,5
S01009036,Economically active: Self-employed: Part-time (1),17,16,1
S01009036,Economically active: Self-employed: Full-time (1),46,42,4
S01009036,Economically active: Unemployed (1),36,35,1
S01009036,Economically inactive,253,245,8
S01009037,All people aged 16 and over,705,689,16
S01009037,Economically active: Total,498,485,13
S01009037,Economically active: Employee: Total,407,396,11
S01009037,Economically active: Employee: Part-time (1),116,114,2
S01009037,Economically active: Employee: Full-time (1),291,282,9
S01009037,Economically active: Self-employed: Total,59,58,1
S01009037,Economically active: Self-employed: Part-time (1),14,13,1
S01009037,Economically active: Self-employed: Full-time (1),45,45,0
S01009037,Economically active: Unemployed (1),32,31,1
S01009037,Economically inactive,207,204,3
S01009038,All people aged 16 and over,868,846,22
S01009038,Economically active: Total,583,567,16
S01009038,Economically active: Employee: Total,488,479,9
S01009038,Economically active: Employee: Part-time (1),160,157,3
S01009038,Economically active: Employee: Full-time (1),328,322,6
S01009038,Economically active: Self-employed: Total,62,57,5
S01009038,Economically active: Self-employed: Part-time (1),12,11,1
S01009038,Economically active: Self-employed: Full-time (1),50,46,4
S01009038,Economically active: Unemployed (1),33,31,2
S01009038,Economically inactive,285,279,6
S01009039,All people aged 16 and over,535,511,24
S01009039,Economically active: Total,375,357,18
S01009039,Economically active: Employee: Total,294,276,18
S01009039,Economically active: Employee: Part-time (1),95,87,8
S01009039,Economically active: Employee: Full-time (1),199,189,10
S01009039,Economically active: Self-employed: Total,37,37,0
S01009039,Economically active: Self-employed: Part-time (1),7,7,0
S01009039,Economically active: Self-employed: Full-time (1),30,30,0
S01009039,Economically active: Unemployed (1),44,44,0
S01009039,Economically inactive,160,154,6
S01009040,All people aged 16 and over,560,527,33
S01009040,Economically active: Total,348,323,25
S01009040,Economically active: Employee: Total,284,262,22
S01009040,Economically active: Employee: Part-time (1),82,76,6
S01009040,Economically active: Employee: Full-time (1),202,186,16
S01009040,Economically active: Self-employed: Total,40,39,1
S01009040,Economically active: Self-employed: Part-time (1),12,11,1
S01009040,Economically active: Self-employed: Full-time (1),28,28,0
S01009040,Economically active: Unemployed (1),24,22,2
S01009040,Economically inactive,212,204,8
S01009041,All people aged 16 and over,765,710,55
S01009041,Economically active: Total,469,428,41
S01009041,Economically active: Employee: Total,374,340,34
S01009041,Economically active: Employee: Part-time (1),86,81,5
S01009041,Economically active: Employee: Full-time (1),288,259,29
S01009041,Economically active: Self-employed: Total,65,61,4
S01009041,Economically active: Self-employed: Part-time (1),14,13,1
S01009041,Economically active: Self-employed: Full-time (1),51,48,3
S01009041,Economically active: Unemployed (1),30,27,3
S01009041,Economically inactive,296,282,14
S01009042,All people aged 16 and over,724,698,26
S01009042,Economically active: Total,464,444,20
S01009042,Economically active: Employee: Total,385,367,18
S01009042,Economically active: Employee: Part-time (1),110,103,7
S01009042,Economically active: Employee: Full-time (1),275,264,11
S01009042,Economically active: Self-employed: Total,41,39,2
S01009042,Economically active: Self-employed: Part-time (1),14,14,0
S01009042,Economically active: Self-employed: Full-time (1),27,25,2
S01009042,Economically active: Unemployed (1),38,38,0
S01009042,Economically inactive,260,254,6
S01009043,All people aged 16 and over,547,523,24
S01009043,Economically active: Total,357,336,21
S01009043,Economically active: Employee: Total,296,283,13
S01009043,Economically active: Employee: Part-time (1),98,93,5
S01009043,Economically active: Employee: Full-time (1),198,190,8
S01009043,Economically active: Self-employed: Total,32,26,6
S01009043,Economically active: Self-employed: Part-time (1),7,7,0
S01009043,Economically active: Self-employed: Full-time (1),25,19,6
S01009043,Economically active: Unemployed (1),29,27,2
S01009043,Economically inactive,190,187,3
S01009044,All people aged 16 and over,749,726,23
S01009044,Economically active: Total,385,372,13
S01009044,Economically active: Employee: Total,330,322,8
S01009044,Economically active: Employee: Part-time (1),93,88,5
S01009044,Economically active: Employee: Full-time (1),237,234,3
S01009044,Economically active: Self-employed: Total,37,34,3
S01009044,Economically active: Self-employed: Part-time (1),9,8,1
S01009044,Economically active: Self-employed: Full-time (1),28,26,2
S01009044,Economically active: Unemployed (1),18,16,2
S01009044,Economically inactive,364,354,10
S01009045,All people aged 16 and over,556,533,23
S01009045,Economically active: Total,340,324,16
S01009045,Economically active: Employee: Total,279,263,16
S01009045,Economically active: Employee: Part-time (1),84,77,7
S01009045,Economically active: Employee: Full-time (1),195,186,9
S01009045,Economically active: Self-employed: Total,44,44,0
S01009045,Economically active: Self-employed: Part-time (1),8,8,0
S01009045,Economically active: Self-employed: Full-time (1),36,36,0
S01009045,Economically active: Unemployed (1),17,17,0
S01009045,Economically inactive,216,209,7
S01009046,All people aged 16 and over,710,691,19
S01009046,Economically active: Total,460,449,11
S01009046,Economically active: Employee: Total,377,368,9
S01009046,Economically active: Employee: Part-time (1),107,105,2
S01009046,Economically active: Employee: Full-time (1),270,263,7
S01009046,Economically active: Self-employed: Total,64,63,1
S01009046,Economically active: Self-employed: Part-time (1),14,13,1
S01009046,Economically active: Self-employed: Full-time (1),50,50,0
S01009046,Economically active: Unemployed (1),19,18,1
S01009046,Economically inactive,250,242,8
S01009047,All people aged 16 and over,648,634,14
S01009047,Economically active: Total,433,428,5
S01009047,Economically active: Employee: Total,369,365,4
S01009047,Economically active: Employee: Part-time (1),102,100,2
S01009047,Economically active: Employee: Full-time (1),267,265,2
S01009047,Economically active: Self-employed: Total,45,44,1
S01009047,Economically active: Self-employed: Part-time (1),11,10,1
S01009047,Economically active: Self-employed: Full-time (1),34,34,0
S01009047,Economically active: Unemployed (1),19,19,0
S01009047,Economically inactive,215,206,9
S01009048,All people aged 16 and over,686,675,11
S01009048,Economically active: Total,440,432,8
S01009048,Economically active: Employee: Total,377,371,6
S01009048,Economically active: Employee: Part-time (1),102,101,1
S01009048,Economically active: Employee: Full-time (1),275,270,5
S01009048,Economically active: Self-employed: Total,42,41,1
S01009048,Economically active: Self-employed: Part-time (1),15,15,0
S01009048,Economically active: Self-employed: Full-time (1),27,26,1
S01009048,Economically active: Unemployed (1),21,20,1
S01009048,Economically inactive,246,243,3
S01009049,All people aged 16 and over,502,483,19
S01009049,Economically active: Total,307,293,14
S01009049,Economically active: Employee: Total,260,248,12
S01009049,Economically active: Employee: Part-time (1),73,68,5
S01009049,Economically active: Employee: Full-time (1),187,180,7
S01009049,Economically active: Self-employed: Total,36,34,2
S01009049,Economically active: Self-employed: Part-time (1),10,10,0
S01009049,Economically active: Self-employed: Full-time (1),26,24,2
S01009049,Economically active: Unemployed (1),11,11,0
S01009049,Economically inactive,195,190,5
S01009050,All people aged 16 and over,676,668,8
S01009050,Economically active: Total,427,423,4
S01009050,Economically active: Employee: Total,360,357,3
S01009050,Economically active: Employee: Part-time (1),95,95,0
S01009050,Economically active: Employee: Full-time (1),265,262,3
S01009050,Economically active: Self-employed: Total,38,37,1
S01009050,Economically active: Self-employed: Part-time (1),9,9,0
S01009050,Economically active: Self-employed: Full-time (1),29,28,1
S01009050,Economically active: Unemployed (1),29,29,0
S01009050,Economically inactive,249,245,4
S01009051,All people aged 16 and over,564,553,11
S01009051,Economically active: Total,400,393,7
S01009051,Economically active: Employee: Total,328,322,6
S01009051,Economically active: Employee: Part-time (1),86,86,0
S01009051,Economically active: Employee: Full-time (1),242,236,6
S01009051,Economically active: Self-employed: Total,42,41,1
S01009051,Economically active: Self-employed: Part-time (1),5,5,0
S01009051,Economically active: Self-employed: Full-time (1),37,36,1
S01009051,Economically active: Unemployed (1),30,30,0
S01009051,Economically inactive,164,160,4
S01009052,All people aged 16 and over,539,527,12
S01009052,Economically active: Total,336,326,10
S01009052,Economically active: Employee: Total,285,275,10
S01009052,Economically active: Employee: Part-time (1),78,76,2
S01009052,Economically active: Employee: Full-time (1),207,199,8
S01009052,Economically active: Self-employed: Total,36,36,0
S01009052,Economically active: Self-employed: Part-time (1),7,7,0
S01009052,Economically active: Self-employed: Full-time (1),29,29,0
S01009052,Economically active: Unemployed (1),15,15,0
S01009052,Economically inactive,203,201,2
S01009053,All people aged 16 and over,424,412,12
S01009053,Economically active: Total,251,241,10
S01009053,Economically active: Employee: Total,181,173,8
S01009053,Economically active: Employee: Part-time (1),58,56,2
S01009053,Economically active: Employee: Full-time (1),123,117,6
S01009053,Economically active: Self-employed: Total,11,10,1
S01009053,Economically active: Self-employed: Part-time (1),3,3,0
S01009053,Economically active: Self-employed: Full-time (1),8,7,1
S01009053,Economically active: Unemployed (1),59,58,1
S01009053,Economically inactive,173,171,2
S01009054,All people aged 16 and over,480,457,23
S01009054,Economically active: Total,304,288,16
S01009054,Economically active: Employee: Total,254,239,15
S01009054,Economically active: Employee: Part-time (1),66,61,5
S01009054,Economically active: Employee: Full-time (1),188,178,10
S01009054,Economically active: Self-employed: Total,16,15,1
S01009054,Economically active: Self-employed: Part-time (1),5,5,0
S01009054,Economically active: Self-employed: Full-time (1),11,10,1
S01009054,Economically active: Unemployed (1),34,34,0
S01009054,Economically inactive,176,169,7
S01009055,All people aged 16 and over,693,683,10
S01009055,Economically active: Total,484,477,7
S01009055,Economically active: Employee: Total,378,375,3
S01009055,Economically active: Employee: Part-time (1),88,88,0
S01009055,Economically active: Employee: Full-time (1),290,287,3
S01009055,Economically active: Self-employed: Total,79,75,4
S01009055,Economically active: Self-employed: Part-time (1),9,9,0
S01009055,Economically active: Self-employed: Full-time (1),70,66,4
S01009055,Economically active: Unemployed (1),27,27,0
S01009055,Economically inactive,209,206,3
S01009056,All people aged 16 and over,432,415,17
S01009056,Economically active: Total,259,250,9
S01009056,Economically active: Employee: Total,191,184,7
S01009056,Economically active: Employee: Part-time (1),57,53,4
S01009056,Economically active: Employee: Full-time (1),134,131,3
S01009056,Economically active: Self-employed: Total,28,26,2
S01009056,Economically active: Self-employed: Part-time (1),4,4,0
S01009056,Economically active: Self-employed: Full-time (1),24,22,2
S01009056,Economically active: Unemployed (1),40,40,0
S01009056,Economically inactive,173,165,8
S01009057,All people aged 16 and over,461,438,23
S01009057,Economically active: Total,284,272,12
S01009057,Economically active: Employee: Total,214,209,5
S01009057,Economically active: Employee: Part-time (1),62,62,0
S01009057,Economically active: Employee: Full-time (1),152,147,5
S01009057,Economically active: Self-employed: Total,23,20,3
S01009057,Economically active: Self-employed: Part-time (1),3,2,1
S01009057,Economically active: Self-employed: Full-time (1),20,18,2
S01009057,Economically active: Unemployed (1),47,43,4
S01009057,Economically inactive,177,166,11
S01009058,All people aged 16 and over,674,635,39
S01009058,Economically active: Total,388,362,26
S01009058,Economically active: Employee: Total,336,317,19
S01009058,Economically active: Employee: Part-time (1),76,72,4
S01009058,Economically active: Employee: Full-time (1),260,245,15
S01009058,Economically active: Self-employed: Total,23,19,4
S01009058,Economically active: Self-employed: Part-time (1),9,8,1
S01009058,Economically active: Self-employed: Full-time (1),14,11,3
S01009058,Economically active: Unemployed (1),29,26,3
S01009058,Economically inactive,286,273,13
S01009059,All people aged 16 and over,700,663,37
S01009059,Economically active: Total,508,482,26
S01009059,Economically active: Employee: Total,417,396,21
S01009059,Economically active: Employee: Part-time (1),104,100,4
S01009059,Economically active: Employee: Full-time (1),313,296,17
S01009059,Economically active: Self-employed: Total,60,58,2
S01009059,Economically active: Self-employed: Part-time (1),10,10,0
S01009059,Economically active: Self-employed: Full-time (1),50,48,2
S01009059,Economically active: Unemployed (1),31,28,3
S01009059,Economically inactive,192,181,11
S01009060,All people aged 16 and over,411,396,15
S01009060,Economically active: Total,339,329,10
S01009060,Economically active: Employee: Total,278,270,8
S01009060,Economically active: Employee: Part-time (1),59,56,3
S01009060,Economically active: Employee: Full-time (1),219,214,5
S01009060,Economically active: Self-employed: Total,51,49,2
S01009060,Economically active: Self-employed: Part-time (1),10,10,0
S01009060,Economically active: Self-employed: Full-time (1),41,39,2
S01009060,Economically active: Unemployed (1),10,10,0
S01009060,Economically inactive,72,67,5
S01009061,All people aged 16 and over,650,630,20
S01009061,Economically active: Total,473,460,13
S01009061,Economically active: Employee: Total,409,398,11
S01009061,Economically active: Employee: Part-time (1),133,129,4
S01009061,Economically active: Employee: Full-time (1),276,269,7
S01009061,Economically active: Self-employed: Total,27,27,0
S01009061,Economically active: Self-employed: Part-time (1),8,8,0
S01009061,Economically active: Self-employed: Full-time (1),19,19,0
S01009061,Economically active: Unemployed (1),37,35,2
S01009061,Economically inactive,177,170,7
S01009062,All people aged 16 and over,538,528,10
S01009062,Economically active: Total,319,312,7
S01009062,Economically active: Employee: Total,250,244,6
S01009062,Economically active: Employee: Part-time (1),84,83,1
S01009062,Economically active: Employee: Full-time (1),166,161,5
S01009062,Economically active: Self-employed: Total,21,20,1
S01009062,Economically active: Self-employed: Part-time (1),5,5,0
S01009062,Economically active: Self-employed: Full-time (1),16,15,1
S01009062,Economically active: Unemployed (1),48,48,0
S01009062,Economically inactive,219,216,3
S01009063,All people aged 16 and over,614,597,17
S01009063,Economically active: Total,405,393,12
S01009063,Economically active: Employee: Total,358,347,11
S01009063,Economically active: Employee: Part-time (1),103,101,2
S01009063,Economically active: Employee: Full-time (1),255,246,9
S01009063,Economically active: Self-employed: Total,33,33,0
S01009063,Economically active: Self-employed: Part-time (1),5,5,0
S01009063,Economically active: Self-employed: Full-time (1),28,28,0
S01009063,Economically active: Unemployed (1),14,13,1
S01009063,Economically inactive,209,204,5
S01009064,All people aged 16 and over,473,465,8
S01009064,Economically active: Total,298,291,7
S01009064,Economically active: Employee: Total,258,252,6
S01009064,Economically active: Employee: Part-time (1),64,63,1
S01009064,Economically active: Employee: Full-time (1),194,189,5
S01009064,Economically active: Self-employed: Total,14,14,0
S01009064,Economically active: Self-employed: Part-time (1),2,2,0
S01009064,Economically active: Self-employed: Full-time (1),12,12,0
S01009064,Economically active: Unemployed (1),26,25,1
S01009064,Economically inactive,175,174,1
S01009065,All people aged 16 and over,544,533,11
S01009065,Economically active: Total,324,316,8
S01009065,Economically active: Employee: Total,243,235,8
S01009065,Economically active: Employee: Part-time (1),74,71,3
S01009065,Economically active: Employee: Full-time (1),169,164,5
S01009065,Economically active: Self-employed: Total,25,25,0
S01009065,Economically active: Self-employed: Part-time (1),7,7,0
S01009065,Economically active: Self-employed: Full-time (1),18,18,0
S01009065,Economically active: Unemployed (1),56,56,0
S01009065,Economically inactive,220,217,3
S01009066,All people aged 16 and over,594,584,10
S01009066,Economically active: Total,367,357,10
S01009066,Economically active: Employee: Total,301,293,8
S01009066,Economically active: Employee: Part-time (1),87,85,2
S01009066,Economically active: Employee: Full-time (1),214,208,6
S01009066,Economically active: Self-employed: Total,24,23,1
S01009066,Economically active: Self-employed: Part-time (1),7,6,1
S01009066,Economically active: Self-employed: Full-time (1),17,17,0
S01009066,Economically active: Unemployed (1),42,41,1
S01009066,Economically inactive,227,227,0
S01009067,All people aged 16 and over,649,637,12
S01009067,Economically active: Total,529,519,10
S01009067,Economically active: Employee: Total,445,437,8
S01009067,Economically active: Employee: Part-time (1),112,111,1
S01009067,Economically active: Employee: Full-time (1),333,326,7
S01009067,Economically active: Self-employed: Total,57,55,2
S01009067,Economically active: Self-employed: Part-time (1),9,9,0
S01009067,Economically active: Self-employed: Full-time (1),48,46,2
S01009067,Economically active: Unemployed (1),27,27,0
S01009067,Economically inactive,120,118,2
S01009068,All people aged 16 and over,732,716,16
S01009068,Economically active: Total,497,485,12
S01009068,Economically active: Employee: Total,428,418,10
S01009068,Economically active: Employee: Part-time (1),108,104,4
S01009068,Economically active: Employee: Full-time (1),320,314,6
S01009068,Economically active: Self-employed: Total,35,33,2
S01009068,Economically active: Self-employed: Part-time (1),6,6,0
S01009068,Economically active: Self-employed: Full-time (1),29,27,2
S01009068,Economically active: Unemployed (1),34,34,0
S01009068,Economically inactive,235,231,4
S01009069,All people aged 16 and over,525,513,12
S01009069,Economically active: Total,392,386,6
S01009069,Economically active: Employee: Total,337,334,3
S01009069,Economically active: Employee: Part-time (1),75,74,1
S01009069,Economically active: Employee: Full-time (1),262,260,2
S01009069,Economically active: Self-employed: Total,44,41,3
S01009069,Economically active: Self-employed: Part-time (1),6,6,0
S01009069,Economically active: Self-employed: Full-time (1),38,35,3
S01009069,Economically active: Unemployed (1),11,11,0
S01009069,Economically inactive,133,127,6
S01009070,All people aged 16 and over,525,508,17
S01009070,Economically active: Total,370,360,10
S01009070,Economically active: Employee: Total,310,303,7
S01009070,Economically active: Employee: Part-time (1),79,78,1
S01009070,Economically active: Employee: Full-time (1),231,225,6
S01009070,Economically active: Self-employed: Total,44,41,3
S01009070,Economically active: Self-employed: Part-time (1),11,10,1
S01009070,Economically active: Self-employed: Full-time (1),33,31,2
S01009070,Economically active: Unemployed (1),16,16,0
S01009070,Economically inactive,155,148,7
S01009071,All people aged 16 and over,413,404,9
S01009071,Economically active: Total,277,270,7
S01009071,Economically active: Employee: Total,218,213,5
S01009071,Economically active: Employee: Part-time (1),61,59,2
S01009071,Economically active: Employee: Full-time (1),157,154,3
S01009071,Economically active: Self-employed: Total,41,40,1
S01009071,Economically active: Self-employed: Part-time (1),6,5,1
S01009071,Economically active: Self-employed: Full-time (1),35,35,0
S01009071,Economically active: Unemployed (1),18,17,1
S01009071,Economically inactive,136,134,2
S01009072,All people aged 16 and over,413,394,19
S01009072,Economically active: Total,283,269,14
S01009072,Economically active: Employee: Total,225,219,6
S01009072,Economically active: Employee: Part-time (1),59,57,2
S01009072,Economically active: Employee: Full-time (1),166,162,4
S01009072,Economically active: Self-employed: Total,39,33,6
S01009072,Economically active: Self-employed: Part-time (1),9,9,0
S01009072,Economically active: Self-employed: Full-time (1),30,24,6
S01009072,Economically active: Unemployed (1),19,17,2
S01009072,Economically inactive,130,125,5
S01009073,All people aged 16 and over,539,529,10
S01009073,Economically active: Total,290,283,7
S01009073,Economically active: Employee: Total,232,229,3
S01009073,Economically active: Employee: Part-time (1),76,73,3
S01009073,Economically active: Employee: Full-time (1),156,156,0
S01009073,Economically active: Self-employed: Total,26,22,4
S01009073,Economically active: Self-employed: Part-time (1),8,7,1
S01009073,Economically active: Self-employed: Full-time (1),18,15,3
S01009073,Economically active: Unemployed (1),32,32,0
S01009073,Economically inactive,249,246,3
S01009074,All people aged 16 and over,582,567,15
S01009074,Economically active: Total,380,371,9
S01009074,Economically active: Employee: Total,305,296,9
S01009074,Economically active: Employee: Part-time (1),102,99,3
S01009074,Economically active: Employee: Full-time (1),203,197,6
S01009074,Economically active: Self-employed: Total,25,25,0
S01009074,Economically active: Self-employed: Part-time (1),3,3,0
S01009074,Economically active: Self-employed: Full-time (1),22,22,0
S01009074,Economically active: Unemployed (1),50,50,0
S01009074,Economically inactive,202,196,6
S01009075,All people aged 16 and over,453,448,5
S01009075,Economically active: Total,270,265,5
S01009075,Economically active: Employee: Total,212,207,5
S01009075,Economically active: Employee: Part-time (1),63,62,1
S01009075,Economically active: Employee: Full-time (1),149,145,4
S01009075,Economically active: Self-employed: Total,31,31,0
S01009075,Economically active: Self-employed: Part-time (1),7,7,0
S01009075,Economically active: Self-employed: Full-time (1),24,24,0
S01009075,Economically active: Unemployed (1),27,27,0
S01009075,Economically inactive,183,183,0
S01009076,All people aged 16 and over,768,735,33
S01009076,Economically active: Total,580,556,24
S01009076,Economically active: Employee: Total,487,465,22
S01009076,Economically active: Employee: Part-time (1),118,113,5
S01009076,Economically active: Employee: Full-time (1),369,352,17
S01009076,Economically active: Self-employed: Total,63,62,1
S01009076,Economically active: Self-employed: Part-time (1),12,12,0
S01009076,Economically active: Self-employed: Full-time (1),51,50,1
S01009076,Economically active: Unemployed (1),30,29,1
S01009076,Economically inactive,188,179,9
S01009077,All people aged 16 and over,521,504,17
S01009077,Economically active: Total,346,335,11
S01009077,Economically active: Employee: Total,285,279,6
S01009077,Economically active: Employee: Part-time (1),74,73,1
S01009077,Economically active: Employee: Full-time (1),211,206,5
S01009077,Economically active: Self-employed: Total,32,27,5
S01009077,Economically active: Self-employed: Part-time (1),10,10,0
S01009077,Economically active: Self-employed: Full-time (1),22,17,5
S01009077,Economically active: Unemployed (1),29,29,0
S01009077,Economically inactive,175,169,6
S01009078,All people aged 16 and over,571,552,19
S01009078,Economically active: Total,484,467,17
S01009078,Economically active: Employee: Total,421,410,11
S01009078,Economically active: Employee: Part-time (1),85,83,2
S01009078,Economically active: Employee: Full-time (1),336,327,9
S01009078,Economically active: Self-employed: Total,40,37,3
S01009078,Economically active: Self-employed: Part-time (1),10,9,1
S01009078,Economically active: Self-employed: Full-time (1),30,28,2
S01009078,Economically active: Unemployed (1),23,20,3
S01009078,Economically inactive,87,85,2
S01009079,All people aged 16 and over,757,735,22
S01009079,Economically active: Total,437,422,15
S01009079,Economically active: Employee: Total,344,332,12
S01009079,Economically active: Employee: Part-time (1),98,95,3
S01009079,Economically active: Employee: Full-time (1),246,237,9
S01009079,Economically active: Self-employed: Total,35,33,2
S01009079,Economically active: Self-employed: Part-time (1),6,6,0
S01009079,Economically active: Self-employed: Full-time (1),29,27,2
S01009079,Economically active: Unemployed (1),58,57,1
S01009079,Economically inactive,320,313,7
S01009080,All people aged 16 and over,775,763,12
S01009080,Economically active: Total,455,448,7
S01009080,Economically active: Employee: Total,374,367,7
S01009080,Economically active: Employee: Part-time (1),113,111,2
S01009080,Economically active: Employee: Full-time (1),261,256,5
S01009080,Economically active: Self-employed: Total,43,43,0
S01009080,Economically active: Self-employed: Part-time (1),13,13,0
S01009080,Economically active: Self-employed: Full-time (1),30,30,0
S01009080,Economically active: Unemployed (1),38,38,0
S01009080,Economically inactive,320,315,5
S01009081,All people aged 16 and over,565,556,9
S01009081,Economically active: Total,349,345,4
S01009081,Economically active: Employee: Total,292,289,3
S01009081,Economically active: Employee: Part-time (1),59,57,2
S01009081,Economically active: Employee: Full-time (1),233,232,1
S01009081,Economically active: Self-employed: Total,40,39,1
S01009081,Economically active: Self-employed: Part-time (1),6,6,0
S01009081,Economically active: Self-employed: Full-time (1),34,33,1
S01009081,Economically active: Unemployed (1),17,17,0
S01009081,Economically inactive,216,211,5
S01009082,All people aged 16 and over,832,812,20
S01009082,Economically active: Total,519,501,18
S01009082,Economically active: Employee: Total,411,395,16
S01009082,Economically active: Employee: Part-time (1),116,113,3
S01009082,Economically active: Employee: Full-time (1),295,282,13
S01009082,Economically active: Self-employed: Total,56,55,1
S01009082,Economically active: Self-employed: Part-time (1),10,10,0
S01009082,Economically active: Self-employed: Full-time (1),46,45,1
S01009082,Economically active: Unemployed (1),52,51,1
S01009082,Economically inactive,313,311,2
S01009083,All people aged 16 and over,625,601,24
S01009083,Economically active: Total,406,389,17
S01009083,Economically active: Employee: Total,344,330,14
S01009083,Economically active: Employee: Part-time (1),86,84,2
S01009083,Economically active: Employee: Full-time (1),258,246,12
S01009083,Economically active: Self-employed: Total,28,27,1
S01009083,Economically active: Self-employed: Part-time (1),8,8,0
S01009083,Economically active: Self-employed: Full-time (1),20,19,1
S01009083,Economically active: Unemployed (1),34,32,2
S01009083,Economically inactive,219,212,7
S01009084,All people aged 16 and over,385,374,11
S01009084,Economically active: Total,268,260,8
S01009084,Economically active: Employee: Total,203,197,6
S01009084,Economically active: Employee: Part-time (1),49,49,0
S01009084,Economically active: Employee: Full-time (1),154,148,6
S01009084,Economically active: Self-employed: Total,52,50,2
S01009084,Economically active: Self-employed: Part-time (1),5,5,0
S01009084,Economically active: Self-employed: Full-time (1),47,45,2
S01009084,Economically active: Unemployed (1),13,13,0
S01009084,Economically inactive,117,114,3
S01009085,All people aged 16 and over,575,552,23
S01009085,Economically active: Total,514,495,19
S01009085,Economically active: Employee: Total,459,446,13
S01009085,Economically active: Employee: Part-time (1),100,99,1
S01009085,Economically active: Employee: Full-time (1),359,347,12
S01009085,Economically active: Self-employed: Total,39,35,4
S01009085,Economically active: Self-employed: Part-time (1),7,6,1
S01009085,Economically active: Self-employed: Full-time (1),32,29,3
S01009085,Economically active: Unemployed (1),16,14,2
S01009085,Economically inactive,61,57,4
S01009086,All people aged 16 and over,564,551,13
S01009086,Economically active: Total,382,371,11
S01009086,Economically active: Employee: Total,316,307,9
S01009086,Economically active: Employee: Part-time (1),92,90,2
S01009086,Economically active: Employee: Full-time (1),224,217,7
S01009086,Economically active: Self-employed: Total,35,33,2
S01009086,Economically active: Self-employed: Part-time (1),15,14,1
S01009086,Economically active: Self-employed: Full-time (1),20,19,1
S01009086,Economically active: Unemployed (1),31,31,0
S01009086,Economically inactive,182,180,2
S01009087,All people aged 16 and over,474,458,16
S01009087,Economically active: Total,300,288,12
S01009087,Economically active: Employee: Total,254,244,10
S01009087,Economically active: Employee: Part-time (1),70,69,1
S01009087,Economically active: Employee: Full-time (1),184,175,9
S01009087,Economically active: Self-employed: Total,20,19,1
S01009087,Economically active: Self-employed: Part-time (1),7,6,1
S01009087,Economically active: Self-employed: Full-time (1),13,13,0
S01009087,Economically active: Unemployed (1),26,25,1
S01009087,Economically inactive,174,170,4
S01009088,All people aged 16 and over,838,807,31
S01009088,Economically active: Total,546,525,21
S01009088,Economically active: Employee: Total,446,425,21
S01009088,Economically active: Employee: Part-time (1),122,116,6
S01009088,Economically active: Employee: Full-time (1),324,309,15
S01009088,Economically active: Self-employed: Total,76,76,0
S01009088,Economically active: Self-employed: Part-time (1),14,14,0
S01009088,Economically active: Self-employed: Full-time (1),62,62,0
S01009088,Economically active: Unemployed (1),24,24,0
S01009088,Economically inactive,292,282,10
S01009089,All people aged 16 and over,692,639,53
S01009089,Economically active: Total,544,513,31
S01009089,Economically active: Employee: Total,469,445,24
S01009089,Economically active: Employee: Part-time (1),132,126,6
S01009089,Economically active: Employee: Full-time (1),337,319,18
S01009089,Economically active: Self-employed: Total,61,55,6
S01009089,Economically active: Self-employed: Part-time (1),12,12,0
S01009089,Economically active: Self-employed: Full-time (1),49,43,6
S01009089,Economically active: Unemployed (1),14,13,1
S01009089,Economically inactive,148,126,22
S01009090,All people aged 16 and over,643,615,28
S01009090,Economically active: Total,539,515,24
S01009090,Economically active: Employee: Total,481,462,19
S01009090,Economically active: Employee: Part-time (1),88,85,3
S01009090,Economically active: Employee: Full-time (1),393,377,16
S01009090,Economically active: Self-employed: Total,51,47,4
S01009090,Economically active: Self-employed: Part-time (1),7,5,2
S01009090,Economically active: Self-employed: Full-time (1),44,42,2
S01009090,Economically active: Unemployed (1),7,6,1
S01009090,Economically inactive,104,100,4
S01009091,All people aged 16 and over,476,453,23
S01009091,Economically active: Total,402,383,19
S01009091,Economically active: Employee: Total,352,336,16
S01009091,Economically active: Employee: Part-time (1),102,96,6
S01009091,Economically active: Employee: Full-time (1),250,240,10
S01009091,Economically active: Self-employed: Total,36,33,3
S01009091,Economically active: Self-employed: Part-time (1),8,7,1
S01009091,Economically active: Self-employed: Full-time (1),28,26,2
S01009091,Economically active: Unemployed (1),14,14,0
S01009091,Economically inactive,74,70,4
S01009092,All people aged 16 and over,872,846,26
S01009092,Economically active: Total,537,521,16
S01009092,Economically active: Employee: Total,462,448,14
S01009092,Economically active: Employee: Part-time (1),125,123,2
S01009092,Economically active: Employee: Full-time (1),337,325,12
S01009092,Economically active: Self-employed: Total,38,37,1
S01009092,Economically active: Self-employed: Part-time (1),10,9,1
S01009092,Economically active: Self-employed: Full-time (1),28,28,0
S01009092,Economically active: Unemployed (1),37,36,1
S01009092,Economically inactive,335,325,10
S01009093,All people aged 16 and over,600,581,19
S01009093,Economically active: Total,417,402,15
S01009093,Economically active: Employee: Total,339,326,13
S01009093,Economically active: Employee: Part-time (1),111,108,3
S01009093,Economically active: Employee: Full-time (1),228,218,10
S01009093,Economically active: Self-employed: Total,36,35,1
S01009093,Economically active: Self-employed: Part-time (1),12,11,1
S01009093,Economically active: Self-employed: Full-time (1),24,24,0
S01009093,Economically active: Unemployed (1),42,41,1
S01009093,Economically inactive,183,179,4
S01009094,All people aged 16 and over,576,562,14
S01009094,Economically active: Total,302,295,7
S01009094,Economically active: Employee: Total,272,266,6
S01009094,Economically active: Employee: Part-time (1),67,67,0
S01009094,Economically active: Employee: Full-time (1),205,199,6
S01009094,Economically active: Self-employed: Total,23,23,0
S01009094,Economically active: Self-employed: Part-time (1),10,10,0
S01009094,Economically active: Self-employed: Full-time (1),13,13,0
S01009094,Economically active: Unemployed (1),7,6,1
S01009094,Economically inactive,274,267,7
S01009095,All people aged 16 and over,664,643,21
S01009095,Economically active: Total,414,398,16
S01009095,Economically active: Employee: Total,332,319,13
S01009095,Economically active: Employee: Part-time (1),92,90,2
S01009095,Economically active: Employee: Full-time (1),240,229,11
S01009095,Economically active: Self-employed: Total,63,60,3
S01009095,Economically active: Self-employed: Part-time (1),18,18,0
S01009095,Economically active: Self-employed: Full-time (1),45,42,3
S01009095,Economically active: Unemployed (1),19,19,0
S01009095,Economically inactive,250,245,5
S01009096,All people aged 16 and over,779,748,31
S01009096,Economically active: Total,549,527,22
S01009096,Economically active: Employee: Total,467,447,20
S01009096,Economically active: Employee: Part-time (1),109,106,3
S01009096,Economically active: Employee: Full-time (1),358,341,17
S01009096,Economically active: Self-employed: Total,62,60,2
S01009096,Economically active: Self-employed: Part-time (1),15,15,0
S01009096,Economically active: Self-employed: Full-time (1),47,45,2
S01009096,Economically active: Unemployed (1),20,20,0
S01009096,Economically inactive,230,221,9
S01009097,All people aged 16 and over,699,685,14
S01009097,Economically active: Total,515,502,13
S01009097,Economically active: Employee: Total,466,459,7
S01009097,Economically active: Employee: Part-time (1),113,111,2
S01009097,Economically active: Employee: Full-time (1),353,348,5
S01009097,Economically active: Self-employed: Total,32,26,6
S01009097,Economically active: Self-employed: Part-time (1),11,8,3
S01009097,Economically active: Self-employed: Full-time (1),21,18,3
S01009097,Economically active: Unemployed (1),17,17,0
S01009097,Economically inactive,184,183,1
S01009098,All people aged 16 and over,426,417,9
S01009098,Economically active: Total,263,255,8
S01009098,Economically active: Employee: Total,213,207,6
S01009098,Economically active: Employee: Part-time (1),60,59,1
S01009098,Economically active: Employee: Full-time (1),153,148,5
S01009098,Economically active: Self-employed: Total,34,34,0
S01009098,Economically active: Self-employed: Part-time (1),17,17,0
S01009098,Economically active: Self-employed: Full-time (1),17,17,0
S01009098,Economically active: Unemployed (1),16,14,2
S01009098,Economically inactive,163,162,1
S01009099,All people aged 16 and over,662,647,15
S01009099,Economically active: Total,384,375,9
S01009099,Economically active: Employee: Total,339,331,8
S01009099,Economically active: Employee: Part-time (1),91,89,2
S01009099,Economically active: Employee: Full-time (1),248,242,6
S01009099,Economically active: Self-employed: Total,25,24,1
S01009099,Economically active: Self-employed: Part-time (1),4,4,0
S01009099,Economically active: Self-employed: Full-time (1),21,20,1
S01009099,Economically active: Unemployed (1),20,20,0
S01009099,Economically inactive,278,272,6
S01009100,All people aged 16 and over,651,635,16
S01009100,Economically active: Total,336,324,12
S01009100,Economically active: Employee: Total,286,275,11
S01009100,Economically active: Employee: Part-time (1),83,80,3
S01009100,Economically active: Employee: Full-time (1),203,195,8
S01009100,Economically active: Self-employed: Total,30,29,1
S01009100,Economically active: Self-employed: Part-time (1),6,5,1
S01009100,Economically active: Self-employed: Full-time (1),24,24,0
S01009100,Economically active: Unemployed (1),20,20,0
S01009100,Economically inactive,315,311,4
S01009101,All people aged 16 and over,763,745,18
S01009101,Economically active: Total,507,495,12
S01009101,Economically active: Employee: Total,416,408,8
S01009101,Economically active: Employee: Part-time (1),128,125,3
S01009101,Economically active: Employee: Full-time (1),288,283,5
S01009101,Economically active: Self-employed: Total,36,33,3
S01009101,Economically active: Self-employed: Part-time (1),17,15,2
S01009101,Economically active: Self-employed: Full-time (1),19,18,1
S01009101,Economically active: Unemployed (1),55,54,1
S01009101,Economically inactive,256,250,6
S01009102,All people aged 16 and over,600,584,16
S01009102,Economically active: Total,407,394,13
S01009102,Economically active: Employee: Total,321,310,11
S01009102,Economically active: Employee: Part-time (1),109,107,2
S01009102,Economically active: Employee: Full-time (1),212,203,9
S01009102,Economically active: Self-employed: Total,22,22,0
S01009102,Economically active: Self-employed: Part-time (1),5,5,0
S01009102,Economically active: Self-employed: Full-time (1),17,17,0
S01009102,Economically active: Unemployed (1),64,62,2
S01009102,Economically inactive,193,190,3
S01009103,All people aged 16 and over,487,481,6
S01009103,Economically active: Total,291,285,6
S01009103,Economically active: Employee: Total,258,252,6
S01009103,Economically active: Employee: Part-time (1),68,65,3
S01009103,Economically active: Employee: Full-time (1),190,187,3
S01009103,Economically active: Self-employed: Total,16,16,0
S01009103,Economically active: Self-employed: Part-time (1),4,4,0
S01009103,Economically active: Self-employed: Full-time (1),12,12,0
S01009103,Economically active: Unemployed (1),17,17,0
S01009103,Economically inactive,196,196,0
S01009104,All people aged 16 and over,650,634,16
S01009104,Economically active: Total,408,396,12
S01009104,Economically active: Employee: Total,353,341,12
S01009104,Economically active: Employee: Part-time (1),108,104,4
S01009104,Economically active: Employee: Full-time (1),245,237,8
S01009104,Economically active: Self-employed: Total,28,28,0
S01009104,Economically active: Self-employed: Part-time (1),9,9,0
S01009104,Economically active: Self-employed: Full-time (1),19,19,0
S01009104,Economically active: Unemployed (1),27,27,0
S01009104,Economically inactive,242,238,4
S01009105,All people aged 16 and over,639,616,23
S01009105,Economically active: Total,439,425,14
S01009105,Economically active: Employee: Total,380,367,13
S01009105,Economically active: Employee: Part-time (1),91,88,3
S01009105,Economically active: Employee: Full-time (1),289,279,10
S01009105,Economically active: Self-employed: Total,39,38,1
S01009105,Economically active: Self-employed: Part-time (1),5,5,0
S01009105,Economically active: Self-employed: Full-time (1),34,33,1
S01009105,Economically active: Unemployed (1),20,20,0
S01009105,Economically inactive,200,191,9
S01009106,All people aged 16 and over,457,444,13
S01009106,Economically active: Total,298,288,10
S01009106,Economically active: Employee: Total,253,245,8
S01009106,Economically active: Employee: Part-time (1),57,54,3
S01009106,Economically active: Employee: Full-time (1),196,191,5
S01009106,Economically active: Self-employed: Total,23,22,1
S01009106,Economically active: Self-employed: Part-time (1),3,3,0
S01009106,Economically active: Self-employed: Full-time (1),20,19,1
S01009106,Economically active: Unemployed (1),22,21,1
S01009106,Economically inactive,159,156,3
S01009107,All people aged 16 and over,672,649,23
S01009107,Economically active: Total,494,475,19
S01009107,Economically active: Employee: Total,438,423,15
S01009107,Economically active: Employee: Part-time (1),118,113,5
S01009107,Economically active: Employee: Full-time (1),320,310,10
S01009107,Economically active: Self-employed: Total,25,24,1
S01009107,Economically active: Self-employed: Part-time (1),7,7,0
S01009107,Economically active: Self-employed: Full-time (1),18,17,1
S01009107,Economically active: Unemployed (1),31,28,3
S01009107,Economically inactive,178,174,4
S01009108,All people aged 16 and over,612,597,15
S01009108,Economically active: Total,404,391,13
S01009108,Economically active: Employee: Total,355,345,10
S01009108,Economically active: Employee: Part-time (1),102,99,3
S01009108,Economically active: Employee: Full-time (1),253,246,7
S01009108,Economically active: Self-employed: Total,33,30,3
S01009108,Economically active: Self-employed: Part-time (1),8,6,2
S01009108,Economically active: Self-employed: Full-time (1),25,24,1
S01009108,Economically active: Unemployed (1),16,16,0
S01009108,Economically inactive,208,206,2
S01009109,All people aged 16 and over,569,561,8
S01009109,Economically active: Total,393,389,4
S01009109,Economically active: Employee: Total,348,344,4
S01009109,Economically active: Employee: Part-time (1),103,102,1
S01009109,Economically active: Employee: Full-time (1),245,242,3
S01009109,Economically active: Self-employed: Total,30,30,0
S01009109,Economically active: Self-employed: Part-time (1),7,7,0
S01009109,Economically active: Self-employed: Full-time (1),23,23,0
S01009109,Economically active: Unemployed (1),15,15,0
S01009109,Economically inactive,176,172,4
S01009110,All people aged 16 and over,499,488,11
S01009110,Economically active: Total,301,293,8
S01009110,Economically active: Employee: Total,269,261,8
S01009110,Economically active: Employee: Part-time (1),72,70,2
S01009110,Economically active: Employee: Full-time (1),197,191,6
S01009110,Economically active: Self-employed: Total,21,21,0
S01009110,Economically active: Self-employed: Part-time (1),2,2,0
S01009110,Economically active: Self-employed: Full-time (1),19,19,0
S01009110,Economically active: Unemployed (1),11,11,0
S01009110,Economically inactive,198,195,3
S01009111,All people aged 16 and over,698,678,20
S01009111,Economically active: Total,537,522,15
S01009111,Economically active: Employee: Total,467,455,12
S01009111,Economically active: Employee: Part-time (1),121,118,3
S01009111,Economically active: Employee: Full-time (1),346,337,9
S01009111,Economically active: Self-employed: Total,44,43,1
S01009111,Economically active: Self-employed: Part-time (1),9,9,0
S01009111,Economically active: Self-employed: Full-time (1),35,34,1
S01009111,Economically active: Unemployed (1),26,24,2
S01009111,Economically inactive,161,156,5
S01009112,All people aged 16 and over,470,460,10
S01009112,Economically active: Total,279,273,6
S01009112,Economically active: Employee: Total,240,237,3
S01009112,Economically active: Employee: Part-time (1),71,70,1
S01009112,Economically active: Employee: Full-time (1),169,167,2
S01009112,Economically active: Self-employed: Total,33,30,3
S01009112,Economically active: Self-employed: Part-time (1),5,5,0
S01009112,Economically active: Self-employed: Full-time (1),28,25,3
S01009112,Economically active: Unemployed (1),6,6,0
S01009112,Economically inactive,191,187,4
S01009113,All people aged 16 and over,790,764,26
S01009113,Economically active: Total,481,462,19
S01009113,Economically active: Employee: Total,421,406,15
S01009113,Economically active: Employee: Part-time (1),98,95,3
S01009113,Economically active: Employee: Full-time (1),323,311,12
S01009113,Economically active: Self-employed: Total,44,40,4
S01009113,Economically active: Self-employed: Part-time (1),9,5,4
S01009113,Economically active: Self-employed: Full-time (1),35,35,0
S01009113,Economically active: Unemployed (1),16,16,0
S01009113,Economically inactive,309,302,7
S01009114,All people aged 16 and over,615,578,37
S01009114,Economically active: Total,481,449,32
S01009114,Economically active: Employee: Total,412,391,21
S01009114,Economically active: Employee: Part-time (1),104,98,6
S01009114,Economically active: Employee: Full-time (1),308,293,15
S01009114,Economically active: Self-employed: Total,36,31,5
S01009114,Economically active: Self-employed: Part-time (1),6,4,2
S01009114,Economically active: Self-employed: Full-time (1),30,27,3
S01009114,Economically active: Unemployed (1),33,27,6
S01009114,Economically inactive,134,129,5
S01009115,All people aged 16 and over,474,460,14
S01009115,Economically active: Total,356,344,12
S01009115,Economically active: Employee: Total,310,301,9
S01009115,Economically active: Employee: Part-time (1),83,80,3
S01009115,Economically active: Employee: Full-time (1),227,221,6
S01009115,Economically active: Self-employed: Total,30,27,3
S01009115,Economically active: Self-employed: Part-time (1),11,11,0
S01009115,Economically active: Self-employed: Full-time (1),19,16,3
S01009115,Economically active: Unemployed (1),16,16,0
S01009115,Economically inactive,118,116,2
S01009116,All people aged 16 and over,405,394,11
S01009116,Economically active: Total,281,273,8
S01009116,Economically active: Employee: Total,248,241,7
S01009116,Economically active: Employee: Part-time (1),70,67,3
S01009116,Economically active: Employee: Full-time (1),178,174,4
S01009116,Economically active: Self-employed: Total,17,16,1
S01009116,Economically active: Self-employed: Part-time (1),3,3,0
S01009116,Economically active: Self-employed: Full-time (1),14,13,1
S01009116,Economically active: Unemployed (1),16,16,0
S01009116,Economically inactive,124,121,3
S01009117,All people aged 16 and over,671,649,22
S01009117,Economically active: Total,490,472,18
S01009117,Economically active: Employee: Total,417,403,14
S01009117,Economically active: Employee: Part-time (1),102,96,6
S01009117,Economically active: Employee: Full-time (1),315,307,8
S01009117,Economically active: Self-employed: Total,37,34,3
S01009117,Economically active: Self-employed: Part-time (1),13,11,2
S01009117,Economically active: Self-employed: Full-time (1),24,23,1
S01009117,Economically active: Unemployed (1),36,35,1
S01009117,Economically inactive,181,177,4
S01009118,All people aged 16 and over,471,449,22
S01009118,Economically active: Total,387,374,13
S01009118,Economically active: Employee: Total,349,338,11
S01009118,Economically active: Employee: Part-time (1),101,96,5
S01009118,Economically active: Employee: Full-time (1),248,242,6
S01009118,Economically active: Self-employed: Total,27,26,1
S01009118,Economically active: Self-employed: Part-time (1),7,6,1
S01009118,Economically active: Self-employed: Full-time (1),20,20,0
S01009118,Economically active: Unemployed (1),11,10,1
S01009118,Economically inactive,84,75,9
S01009119,All people aged 16 and over,600,579,21
S01009119,Economically active: Total,374,354,20
S01009119,Economically active: Employee: Total,306,290,16
S01009119,Economically active: Employee: Part-time (1),92,86,6
S01009119,Economically active: Employee: Full-time (1),214,204,10
S01009119,Economically active: Self-employed: Total,30,28,2
S01009119,Economically active: Self-employed: Part-time (1),4,4,0
S01009119,Economically active: Self-employed: Full-time (1),26,24,2
S01009119,Economically active: Unemployed (1),38,36,2
S01009119,Economically inactive,226,225,1
S01009120,All people aged 16 and over,444,434,10
S01009120,Economically active: Total,287,277,10
S01009120,Economically active: Employee: Total,243,234,9
S01009120,Economically active: Employee: Part-time (1),67,63,4
S01009120,Economically active: Employee: Full-time (1),176,171,5
S01009120,Economically active: Self-employed: Total,17,16,1
S01009120,Economically active: Self-employed: Part-time (1),4,4,0
S01009120,Economically active: Self-employed: Full-time (1),13,12,1
S01009120,Economically active: Unemployed (1),27,27,0
S01009120,Economically inactive,157,157,0
S01009121,All people aged 16 and over,690,674,16
S01009121,Economically active: Total,450,442,8
S01009121,Economically active: Employee: Total,387,381,6
S01009121,Economically active: Employee: Part-time (1),100,100,0
S01009121,Economically active: Employee: Full-time (1),287,281,6
S01009121,Economically active: Self-employed: Total,34,32,2
S01009121,Economically active: Self-employed: Part-time (1),5,4,1
S01009121,Economically active: Self-employed: Full-time (1),29,28,1
S01009121,Economically active: Unemployed (1),29,29,0
S01009121,Economically inactive,240,232,8
S01009122,All people aged 16 and over,778,763,15
S01009122,Economically active: Total,511,502,9
S01009122,Economically active: Employee: Total,383,376,7
S01009122,Economically active: Employee: Part-time (1),112,109,3
S01009122,Economically active: Employee: Full-time (1),271,267,4
S01009122,Economically active: Self-employed: Total,80,79,1
S01009122,Economically active: Self-employed: Part-time (1),16,16,0
S01009122,Economically active: Self-employed: Full-time (1),64,63,1
S01009122,Economically active: Unemployed (1),48,47,1
S01009122,Economically inactive,267,261,6
S01009123,All people aged 16 and over,446,430,16
S01009123,Economically active: Total,329,315,14
S01009123,Economically active: Employee: Total,265,253,12
S01009123,Economically active: Employee: Part-time (1),65,62,3
S01009123,Economically active: Employee: Full-time (1),200,191,9
S01009123,Economically active: Self-employed: Total,39,37,2
S01009123,Economically active: Self-employed: Part-time (1),15,14,1
S01009123,Economically active: Self-employed: Full-time (1),24,23,1
S01009123,Economically active: Unemployed (1),25,25,0
S01009123,Economically inactive,117,115,2
S01009124,All people aged 16 and over,407,395,12
S01009124,Economically active: Total,306,296,10
S01009124,Economically active: Employee: Total,259,251,8
S01009124,Economically active: Employee: Part-time (1),71,70,1
S01009124,Economically active: Employee: Full-time (1),188,181,7
S01009124,Economically active: Self-employed: Total,36,36,0
S01009124,Economically active: Self-employed: Part-time (1),12,12,0
S01009124,Economically active: Self-employed: Full-time (1),24,24,0
S01009124,Economically active: Unemployed (1),11,9,2
S01009124,Economically inactive,101,99,2
S01009125,All people aged 16 and over,608,591,17
S01009125,Economically active: Total,328,315,13
S01009125,Economically active: Employee: Total,279,267,12
S01009125,Economically active: Employee: Part-time (1),74,71,3
S01009125,Economically active: Employee: Full-time (1),205,196,9
S01009125,Economically active: Self-employed: Total,20,19,1
S01009125,Economically active: Self-employed: Part-time (1),4,3,1
S01009125,Economically active: Self-employed: Full-time (1),16,16,0
S01009125,Economically active: Unemployed (1),29,29,0
S01009125,Economically inactive,280,276,4
S01009126,All people aged 16 and over,461,438,23
S01009126,Economically active: Total,290,275,15
S01009126,Economically active: Employee: Total,210,198,12
S01009126,Economically active: Employee: Part-time (1),68,65,3
S01009126,Economically active: Employee: Full-time (1),142,133,9
S01009126,Economically active: Self-employed: Total,18,18,0
S01009126,Economically active: Self-employed: Part-time (1),9,9,0
S01009126,Economically active: Self-employed: Full-time (1),9,9,0
S01009126,Economically active: Unemployed (1),62,59,3
S01009126,Economically inactive,171,163,8
S01009127,All people aged 16 and over,463,423,40
S01009127,Economically active: Total,305,273,32
S01009127,Economically active: Employee: Total,232,206,26
S01009127,Economically active: Employee: Part-time (1),72,64,8
S01009127,Economically active: Employee: Full-time (1),160,142,18
S01009127,Economically active: Self-employed: Total,17,14,3
S01009127,Economically active: Self-employed: Part-time (1),4,3,1
S01009127,Economically active: Self-employed: Full-time (1),13,11,2
S01009127,Economically active: Unemployed (1),56,53,3
S01009127,Economically inactive,158,150,8
S01009128,All people aged 16 and over,687,651,36
S01009128,Economically active: Total,373,347,26
S01009128,Economically active: Employee: Total,288,265,23
S01009128,Economically active: Employee: Part-time (1),76,69,7
S01009128,Economically active: Employee: Full-time (1),212,196,16
S01009128,Economically active: Self-employed: Total,24,22,2
S01009128,Economically active: Self-employed: Part-time (1),6,4,2
S01009128,Economically active: Self-employed: Full-time (1),18,18,0
S01009128,Economically active: Unemployed (1),61,60,1
S01009128,Economically inactive,314,304,10
S01009129,All people aged 16 and over,386,374,12
S01009129,Economically active: Total,246,237,9
S01009129,Economically active: Employee: Total,204,196,8
S01009129,Economically active: Employee: Part-time (1),66,62,4
S01009129,Economically active: Employee: Full-time (1),138,134,4
S01009129,Economically active: Self-employed: Total,7,6,1
S01009129,Economically active: Self-employed: Part-time (1),4,3,1
S01009129,Economically active: Self-employed: Full-time (1),3,3,0
S01009129,Economically active: Unemployed (1),35,35,0
S01009129,Economically inactive,140,137,3
S01009130,All people aged 16 and over,504,467,37
S01009130,Economically active: Total,357,327,30
S01009130,Economically active: Employee: Total,291,270,21
S01009130,Economically active: Employee: Part-time (1),80,71,9
S01009130,Economically active: Employee: Full-time (1),211,199,12
S01009130,Economically active: Self-employed: Total,28,21,7
S01009130,Economically active: Self-employed: Part-time (1),4,3,1
S01009130,Economically active: Self-employed: Full-time (1),24,18,6
S01009130,Economically active: Unemployed (1),38,36,2
S01009130,Economically inactive,147,140,7
S01009131,All people aged 16 and over,413,391,22
S01009131,Economically active: Total,264,243,21
S01009131,Economically active: Employee: Total,221,200,21
S01009131,Economically active: Employee: Part-time (1),50,47,3
S01009131,Economically active: Employee: Full-time (1),171,153,18
S01009131,Economically active: Self-employed: Total,16,16,0
S01009131,Economically active: Self-employed: Part-time (1),9,9,0
S01009131,Economically active: Self-employed: Full-time (1),7,7,0
S01009131,Economically active: Unemployed (1),27,27,0
S01009131,Economically inactive,149,148,1
S01009132,All people aged 16 and over,633,592,41
S01009132,Economically active: Total,493,465,28
S01009132,Economically active: Employee: Total,435,412,23
S01009132,Economically active: Employee: Part-time (1),114,109,5
S01009132,Economically active: Employee: Full-time (1),321,303,18
S01009132,Economically active: Self-employed: Total,32,28,4
S01009132,Economically active: Self-employed: Part-time (1),7,6,1
S01009132,Economically active: Self-employed: Full-time (1),25,22,3
S01009132,Economically active: Unemployed (1),26,25,1
S01009132,Economically inactive,140,127,13
S01009133,All people aged 16 and over,480,437,43
S01009133,Economically active: Total,306,270,36
S01009133,Economically active: Employee: Total,255,224,31
S01009133,Economically active: Employee: Part-time (1),61,55,6
S01009133,Economically active: Employee: Full-time (1),194,169,25
S01009133,Economically active: Self-employed: Total,22,19,3
S01009133,Economically active: Self-employed: Part-time (1),9,8,1
S01009133,Economically active: Self-employed: Full-time (1),13,11,2
S01009133,Economically active: Unemployed (1),29,27,2
S01009133,Economically inactive,174,167,7
S01009134,All people aged 16 and over,764,724,40
S01009134,Economically active: Total,506,478,28
S01009134,Economically active: Employee: Total,438,411,27
S01009134,Economically active: Employee: Part-time (1),111,102,9
S01009134,Economically active: Employee: Full-time (1),327,309,18
S01009134,Economically active: Self-employed: Total,38,38,0
S01009134,Economically active: Self-employed: Part-time (1),8,8,0
S01009134,Economically active: Self-employed: Full-time (1),30,30,0
S01009134,Economically active: Unemployed (1),30,29,1
S01009134,Economically inactive,258,246,12
S01009135,All people aged 16 and over,447,414,33
S01009135,Economically active: Total,373,347,26
S01009135,Economically active: Employee: Total,319,298,21
S01009135,Economically active: Employee: Part-time (1),69,62,7
S01009135,Economically active: Employee: Full-time (1),250,236,14
S01009135,Economically active: Self-employed: Total,28,26,2
S01009135,Economically active: Self-employed: Part-time (1),7,6,1
S01009135,Economically active: Self-employed: Full-time (1),21,20,1
S01009135,Economically active: Unemployed (1),26,23,3
S01009135,Economically inactive,74,67,7
S01009136,All people aged 16 and over,620,567,53
S01009136,Economically active: Total,416,390,26
S01009136,Economically active: Employee: Total,348,332,16
S01009136,Economically active: Employee: Part-time (1),80,75,5
S01009136,Economically active: Employee: Full-time (1),268,257,11
S01009136,Economically active: Self-employed: Total,42,36,6
S01009136,Economically active: Self-employed: Part-time (1),9,7,2
S01009136,Economically active: Self-employed: Full-time (1),33,29,4
S01009136,Economically active: Unemployed (1),26,22,4
S01009136,Economically inactive,204,177,27
S01009137,All people aged 16 and over,437,419,18
S01009137,Economically active: Total,395,381,14
S01009137,Economically active: Employee: Total,340,328,12
S01009137,Economically active: Employee: Part-time (1),87,84,3
S01009137,Economically active: Employee: Full-time (1),253,244,9
S01009137,Economically active: Self-employed: Total,46,45,1
S01009137,Economically active: Self-employed: Part-time (1),8,8,0
S01009137,Economically active: Self-employed: Full-time (1),38,37,1
S01009137,Economically active: Unemployed (1),9,8,1
S01009137,Economically inactive,42,38,4
S01009138,All people aged 16 and over,712,648,64
S01009138,Economically active: Total,516,463,53
S01009138,Economically active: Employee: Total,428,387,41
S01009138,Economically active: Employee: Part-time (1),91,81,10
S01009138,Economically active: Employee: Full-time (1),337,306,31
S01009138,Economically active: Self-employed: Total,60,51,9
S01009138,Economically active: Self-employed: Part-time (1),13,12,1
S01009138,Economically active: Self-employed: Full-time (1),47,39,8
S01009138,Economically active: Unemployed (1),28,25,3
S01009138,Economically inactive,196,185,11
S01009139,All people aged 16 and over,350,318,32
S01009139,Economically active: Total,254,228,26
S01009139,Economically active: Employee: Total,197,176,21
S01009139,Economically active: Employee: Part-time (1),52,47,5
S01009139,Economically active: Employee: Full-time (1),145,129,16
S01009139,Economically active: Self-employed: Total,17,15,2
S01009139,Economically active: Self-employed: Part-time (1),3,3,0
S01009139,Economically active: Self-employed: Full-time (1),14,12,2
S01009139,Economically active: Unemployed (1),40,37,3
S01009139,Economically inactive,96,90,6
S01009140,All people aged 16 and over,616,558,58
S01009140,Economically active: Total,398,359,39
S01009140,Economically active: Employee: Total,340,306,34
S01009140,Economically active: Employee: Part-time (1),82,76,6
S01009140,Economically active: Employee: Full-time (1),258,230,28
S01009140,Economically active: Self-employed: Total,26,23,3
S01009140,Economically active: Self-employed: Part-time (1),6,6,0
S01009140,Economically active: Self-employed: Full-time (1),20,17,3
S01009140,Economically active: Unemployed (1),32,30,2
S01009140,Economically inactive,218,199,19
S01009141,All people aged 16 and over,719,674,45
S01009141,Economically active: Total,434,399,35
S01009141,Economically active: Employee: Total,351,323,28
S01009141,Economically active: Employee: Part-time (1),81,78,3
S01009141,Economically active: Employee: Full-time (1),270,245,25
S01009141,Economically active: Self-employed: Total,33,30,3
S01009141,Economically active: Self-employed: Part-time (1),7,7,0
S01009141,Economically active: Self-employed: Full-time (1),26,23,3
S01009141,Economically active: Unemployed (1),50,46,4
S01009141,Economically inactive,285,275,10
S01009142,All people aged 16 and over,548,485,63
S01009142,Economically active: Total,340,290,50
S01009142,Economically active: Employee: Total,274,240,34
S01009142,Economically active: Employee: Part-time (1),52,43,9
S01009142,Economically active: Employee: Full-time (1),222,197,25
S01009142,Economically active: Self-employed: Total,22,13,9
S01009142,Economically active: Self-employed: Part-time (1),4,3,1
S01009142,Economically active: Self-employed: Full-time (1),18,10,8
S01009142,Economically active: Unemployed (1),44,37,7
S01009142,Economically inactive,208,195,13
S01009143,All people aged 16 and over,501,482,19
S01009143,Economically active: Total,275,266,9
S01009143,Economically active: Employee: Total,224,217,7
S01009143,Economically active: Employee: Part-time (1),75,72,3
S01009143,Economically active: Employee: Full-time (1),149,145,4
S01009143,Economically active: Self-employed: Total,20,18,2
S01009143,Economically active: Self-employed: Part-time (1),6,6,0
S01009143,Economically active: Self-employed: Full-time (1),14,12,2
S01009143,Economically active: Unemployed (1),31,31,0
S01009143,Economically inactive,226,216,10
S01009144,All people aged 16 and over,542,487,55
S01009144,Economically active: Total,470,430,40
S01009144,Economically active: Employee: Total,415,380,35
S01009144,Economically active: Employee: Part-time (1),64,61,3
S01009144,Economically active: Employee: Full-time (1),351,319,32
S01009144,Economically active: Self-employed: Total,36,34,2
S01009144,Economically active: Self-employed: Part-time (1),9,8,1
S01009144,Economically active: Self-employed: Full-time (1),27,26,1
S01009144,Economically active: Unemployed (1),19,16,3
S01009144,Economically inactive,72,57,15
S01009145,All people aged 16 and over,883,839,44
S01009145,Economically active: Total,494,470,24
S01009145,Economically active: Employee: Total,427,407,20
S01009145,Economically active: Employee: Part-time (1),118,112,6
S01009145,Economically active: Employee: Full-time (1),309,295,14
S01009145,Economically active: Self-employed: Total,32,29,3
S01009145,Economically active: Self-employed: Part-time (1),6,6,0
S01009145,Economically active: Self-employed: Full-time (1),26,23,3
S01009145,Economically active: Unemployed (1),35,34,1
S01009145,Economically inactive,389,369,20
S01009146,All people aged 16 and over,758,699,59
S01009146,Economically active: Total,507,468,39
S01009146,Economically active: Employee: Total,414,381,33
S01009146,Economically active: Employee: Part-time (1),112,100,12
S01009146,Economically active: Employee: Full-time (1),302,281,21
S01009146,Economically active: Self-employed: Total,34,33,1
S01009146,Economically active: Self-employed: Part-time (1),10,9,1
S01009146,Economically active: Self-employed: Full-time (1),24,24,0
S01009146,Economically active: Unemployed (1),59,54,5
S01009146,Economically inactive,251,231,20
S01009147,All people aged 16 and over,648,612,36
S01009147,Economically active: Total,379,355,24
S01009147,Economically active: Employee: Total,310,292,18
S01009147,Economically active: Employee: Part-time (1),92,85,7
S01009147,Economically active: Employee: Full-time (1),218,207,11
S01009147,Economically active: Self-employed: Total,22,19,3
S01009147,Economically active: Self-employed: Part-time (1),9,8,1
S01009147,Economically active: Self-employed: Full-time (1),13,11,2
S01009147,Economically active: Unemployed (1),47,44,3
S01009147,Economically inactive,269,257,12
S01009148,All people aged 16 and over,549,530,19
S01009148,Economically active: Total,347,332,15
S01009148,Economically active: Employee: Total,300,287,13
S01009148,Economically active: Employee: Part-time (1),102,100,2
S01009148,Economically active: Employee: Full-time (1),198,187,11
S01009148,Economically active: Self-employed: Total,13,12,1
S01009148,Economically active: Self-employed: Part-time (1),1,1,0
S01009148,Economically active: Self-employed: Full-time (1),12,11,1
S01009148,Economically active: Unemployed (1),34,33,1
S01009148,Economically inactive,202,198,4
S01009149,All people aged 16 and over,682,637,45
S01009149,Economically active: Total,439,408,31
S01009149,Economically active: Employee: Total,365,339,26
S01009149,Economically active: Employee: Part-time (1),93,88,5
S01009149,Economically active: Employee: Full-time (1),272,251,21
S01009149,Economically active: Self-employed: Total,49,46,3
S01009149,Economically active: Self-employed: Part-time (1),17,16,1
S01009149,Economically active: Self-employed: Full-time (1),32,30,2
S01009149,Economically active: Unemployed (1),25,23,2
S01009149,Economically inactive,243,229,14
S01009150,All people aged 16 and over,745,731,14
S01009150,Economically active: Total,102,100,2
S01009150,Economically active: Employee: Total,82,80,2
S01009150,Economically active: Employee: Part-time (1),28,27,1
S01009150,Economically active: Employee: Full-time (1),54,53,1
S01009150,Economically active: Self-employed: Total,13,13,0
S01009150,Economically active: Self-employed: Part-time (1),2,2,0
S01009150,Economically active: Self-employed: Full-time (1),11,11,0
S01009150,Economically active: Unemployed (1),7,7,0
S01009150,Economically inactive,643,631,12
S01009151,All people aged 16 and over,766,736,30
S01009151,Economically active: Total,372,356,16
S01009151,Economically active: Employee: Total,302,288,14
S01009151,Economically active: Employee: Part-time (1),68,66,2
S01009151,Economically active: Employee: Full-time (1),234,222,12
S01009151,Economically active: Self-employed: Total,42,40,2
S01009151,Economically active: Self-employed: Part-time (1),12,11,1
S01009151,Economically active: Self-employed: Full-time (1),30,29,1
S01009151,Economically active: Unemployed (1),28,28,0
S01009151,Economically inactive,394,380,14
S01009152,All people aged 16 and over,625,573,52
S01009152,Economically active: Total,325,289,36
S01009152,Economically active: Employee: Total,270,243,27
S01009152,Economically active: Employee: Part-time (1),43,38,5
S01009152,Economically active: Employee: Full-time (1),227,205,22
S01009152,Economically active: Self-employed: Total,26,20,6
S01009152,Economically active: Self-employed: Part-time (1),4,3,1
S01009152,Economically active: Self-employed: Full-time (1),22,17,5
S01009152,Economically active: Unemployed (1),29,26,3
S01009152,Economically inactive,300,284,16
S01009153,All people aged 16 and over,420,366,54
S01009153,Economically active: Total,298,253,45
S01009153,Economically active: Employee: Total,232,201,31
S01009153,Economically active: Employee: Part-time (1),48,39,9
S01009153,Economically active: Employee: Full-time (1),184,162,22
S01009153,Economically active: Self-employed: Total,46,33,13
S01009153,Economically active: Self-employed: Part-time (1),11,9,2
S01009153,Economically active: Self-employed: Full-time (1),35,24,11
S01009153,Economically active: Unemployed (1),20,19,1
S01009153,Economically inactive,122,113,9
S01009154,All people aged 16 and over,852,802,50
S01009154,Economically active: Total,480,446,34
S01009154,Economically active: Employee: Total,384,359,25
S01009154,Economically active: Employee: Part-time (1),97,89,8
S01009154,Economically active: Employee: Full-time (1),287,270,17
S01009154,Economically active: Self-employed: Total,77,69,8
S01009154,Economically active: Self-employed: Part-time (1),16,16,0
S01009154,Economically active: Self-employed: Full-time (1),61,53,8
S01009154,Economically active: Unemployed (1),19,18,1
S01009154,Economically inactive,372,356,16
S01009155,All people aged 16 and over,450,429,21
S01009155,Economically active: Total,278,265,13
S01009155,Economically active: Employee: Total,234,224,10
S01009155,Economically active: Employee: Part-time (1),60,59,1
S01009155,Economically active: Employee: Full-time (1),174,165,9
S01009155,Economically active: Self-employed: Total,26,26,0
S01009155,Economically active: Self-employed: Part-time (1),6,6,0
S01009155,Economically active: Self-employed: Full-time (1),20,20,0
S01009155,Economically active: Unemployed (1),18,15,3
S01009155,Economically inactive,172,164,8
S01009156,All people aged 16 and over,461,445,16
S01009156,Economically active: Total,276,264,12
S01009156,Economically active: Employee: Total,226,218,8
S01009156,Economically active: Employee: Part-time (1),66,65,1
S01009156,Economically active: Employee: Full-time (1),160,153,7
S01009156,Economically active: Self-employed: Total,34,33,1
S01009156,Economically active: Self-employed: Part-time (1),9,8,1
S01009156,Economically active: Self-employed: Full-time (1),25,25,0
S01009156,Economically active: Unemployed (1),16,13,3
S01009156,Economically inactive,185,181,4
S01009157,All people aged 16 and over,684,660,24
S01009157,Economically active: Total,431,414,17
S01009157,Economically active: Employee: Total,366,353,13
S01009157,Economically active: Employee: Part-time (1),103,99,4
S01009157,Economically active: Employee: Full-time (1),263,254,9
S01009157,Economically active: Self-employed: Total,36,33,3
S01009157,Economically active: Self-employed: Part-time (1),13,13,0
S01009157,Economically active: Self-employed: Full-time (1),23,20,3
S01009157,Economically active: Unemployed (1),29,28,1
S01009157,Economically inactive,253,246,7
S01009158,All people aged 16 and over,465,454,11
S01009158,Economically active: Total,287,281,6
S01009158,Economically active: Employee: Total,249,243,6
S01009158,Economically active: Employee: Part-time (1),61,59,2
S01009158,Economically active: Employee: Full-time (1),188,184,4
S01009158,Economically active: Self-employed: Total,16,16,0
S01009158,Economically active: Self-employed: Part-time (1),9,9,0
S01009158,Economically active: Self-employed: Full-time (1),7,7,0
S01009158,Economically active: Unemployed (1),22,22,0
S01009158,Economically inactive,178,173,5
S01009159,All people aged 16 and over,399,385,14
S01009159,Economically active: Total,230,224,6
S01009159,Economically active: Employee: Total,179,174,5
S01009159,Economically active: Employee: Part-time (1),62,58,4
S01009159,Economically active: Employee: Full-time (1),117,116,1
S01009159,Economically active: Self-employed: Total,16,15,1
S01009159,Economically active: Self-employed: Part-time (1),1,1,0
S01009159,Economically active: Self-employed: Full-time (1),15,14,1
S01009159,Economically active: Unemployed (1),35,35,0
S01009159,Economically inactive,169,161,8
S01009160,All people aged 16 and over,583,548,35
S01009160,Economically active: Total,344,313,31
S01009160,Economically active: Employee: Total,279,254,25
S01009160,Economically active: Employee: Part-time (1),77,65,12
S01009160,Economically active: Employee: Full-time (1),202,189,13
S01009160,Economically active: Self-employed: Total,24,22,2
S01009160,Economically active: Self-employed: Part-time (1),5,4,1
S01009160,Economically active: Self-employed: Full-time (1),19,18,1
S01009160,Economically active: Unemployed (1),41,37,4
S01009160,Economically inactive,239,235,4
S01009161,All people aged 16 and over,543,510,33
S01009161,Economically active: Total,306,283,23
S01009161,Economically active: Employee: Total,235,218,17
S01009161,Economically active: Employee: Part-time (1),81,75,6
S01009161,Economically active: Employee: Full-time (1),154,143,11
S01009161,Economically active: Self-employed: Total,13,8,5
S01009161,Economically active: Self-employed: Part-time (1),3,2,1
S01009161,Economically active: Self-employed: Full-time (1),10,6,4
S01009161,Economically active: Unemployed (1),58,57,1
S01009161,Economically inactive,237,227,10
S01009162,All people aged 16 and over,643,603,40
S01009162,Economically active: Total,376,344,32
S01009162,Economically active: Employee: Total,321,295,26
S01009162,Economically active: Employee: Part-time (1),67,62,5
S01009162,Economically active: Employee: Full-time (1),254,233,21
S01009162,Economically active: Self-employed: Total,15,12,3
S01009162,Economically active: Self-employed: Part-time (1),5,5,0
S01009162,Economically active: Self-employed: Full-time (1),10,7,3
S01009162,Economically active: Unemployed (1),40,37,3
S01009162,Economically inactive,267,259,8
S01009163,All people aged 16 and over,440,418,22
S01009163,Economically active: Total,258,243,15
S01009163,Economically active: Employee: Total,208,195,13
S01009163,Economically active: Employee: Part-time (1),54,51,3
S01009163,Economically active: Employee: Full-time (1),154,144,10
S01009163,Economically active: Self-employed: Total,18,16,2
S01009163,Economically active: Self-employed: Part-time (1),5,5,0
S01009163,Economically active: Self-employed: Full-time (1),13,11,2
S01009163,Economically active: Unemployed (1),32,32,0
S01009163,Economically inactive,182,175,7
S01009164,All people aged 16 and over,598,581,17
S01009164,Economically active: Total,392,383,9
S01009164,Economically active: Employee: Total,327,320,7
S01009164,Economically active: Employee: Part-time (1),85,84,1
S01009164,Economically active: Employee: Full-time (1),242,236,6
S01009164,Economically active: Self-employed: Total,19,19,0
S01009164,Economically active: Self-employed: Part-time (1),3,3,0
S01009164,Economically active: Self-employed: Full-time (1),16,16,0
S01009164,Economically active: Unemployed (1),46,44,2
S01009164,Economically inactive,206,198,8
S01009165,All people aged 16 and over,591,554,37
S01009165,Economically active: Total,364,339,25
S01009165,Economically active: Employee: Total,285,265,20
S01009165,Economically active: Employee: Part-time (1),78,69,9
S01009165,Economically active: Employee: Full-time (1),207,196,11
S01009165,Economically active: Self-employed: Total,15,13,2
S01009165,Economically active: Self-employed: Part-time (1),5,5,0
S01009165,Economically active: Self-employed: Full-time (1),10,8,2
S01009165,Economically active: Unemployed (1),64,61,3
S01009165,Economically inactive,227,215,12
S01009166,All people aged 16 and over,673,650,23
S01009166,Economically active: Total,406,389,17
S01009166,Economically active: Employee: Total,325,310,15
S01009166,Economically active: Employee: Part-time (1),112,108,4
S01009166,Economically active: Employee: Full-time (1),213,202,11
S01009166,Economically active: Self-employed: Total,16,15,1
S01009166,Economically active: Self-employed: Part-time (1),4,4,0
S01009166,Economically active: Self-employed: Full-time (1),12,11,1
S01009166,Economically active: Unemployed (1),65,64,1
S01009166,Economically inactive,267,261,6
S01009167,All people aged 16 and over,410,392,18
S01009167,Economically active: Total,273,257,16
S01009167,Economically active: Employee: Total,217,205,12
S01009167,Economically active: Employee: Part-time (1),63,60,3
S01009167,Economically active: Employee: Full-time (1),154,145,9
S01009167,Economically active: Self-employed: Total,22,19,3
S01009167,Economically active: Self-employed: Part-time (1),8,8,0
S01009167,Economically active: Self-employed: Full-time (1),14,11,3
S01009167,Economically active: Unemployed (1),34,33,1
S01009167,Economically inactive,137,135,2
S01009168,All people aged 16 and over,562,552,10
S01009168,Economically active: Total,333,325,8
S01009168,Economically active: Employee: Total,291,285,6
S01009168,Economically active: Employee: Part-time (1),81,80,1
S01009168,Economically active: Employee: Full-time (1),210,205,5
S01009168,Economically active: Self-employed: Total,28,26,2
S01009168,Economically active: Self-employed: Part-time (1),13,12,1
S01009168,Economically active: Self-employed: Full-time (1),15,14,1
S01009168,Economically active: Unemployed (1),14,14,0
S01009168,Economically inactive,229,227,2
S01009169,All people aged 16 and over,689,669,20
S01009169,Economically active: Total,278,267,11
S01009169,Economically active: Employee: Total,234,224,10
S01009169,Economically active: Employee: Part-time (1),78,75,3
S01009169,Economically active: Employee: Full-time (1),156,149,7
S01009169,Economically active: Self-employed: Total,22,21,1
S01009169,Economically active: Self-employed: Part-time (1),3,3,0
S01009169,Economically active: Self-employed: Full-time (1),19,18,1
S01009169,Economically active: Unemployed (1),22,22,0
S01009169,Economically inactive,411,402,9
S01009170,All people aged 16 and over,529,518,11
S01009170,Economically active: Total,362,356,6
S01009170,Economically active: Employee: Total,289,284,5
S01009170,Economically active: Employee: Part-time (1),90,90,0
S01009170,Economically active: Employee: Full-time (1),199,194,5
S01009170,Economically active: Self-employed: Total,34,33,1
S01009170,Economically active: Self-employed: Part-time (1),11,10,1
S01009170,Economically active: Self-employed: Full-time (1),23,23,0
S01009170,Economically active: Unemployed (1),39,39,0
S01009170,Economically inactive,167,162,5
S01009171,All people aged 16 and over,529,506,23
S01009171,Economically active: Total,387,369,18
S01009171,Economically active: Employee: Total,306,291,15
S01009171,Economically active: Employee: Part-time (1),81,79,2
S01009171,Economically active: Employee: Full-time (1),225,212,13
S01009171,Economically active: Self-employed: Total,29,26,3
S01009171,Economically active: Self-employed: Part-time (1),9,8,1
S01009171,Economically active: Self-employed: Full-time (1),20,18,2
S01009171,Economically active: Unemployed (1),52,52,0
S01009171,Economically inactive,142,137,5
S01009172,All people aged 16 and over,556,532,24
S01009172,Economically active: Total,364,343,21
S01009172,Economically active: Employee: Total,293,278,15
S01009172,Economically active: Employee: Part-time (1),61,61,0
S01009172,Economically active: Employee: Full-time (1),232,217,15
S01009172,Economically active: Self-employed: Total,55,52,3
S01009172,Economically active: Self-employed: Part-time (1),20,20,0
S01009172,Economically active: Self-employed: Full-time (1),35,32,3
S01009172,Economically active: Unemployed (1),16,13,3
S01009172,Economically inactive,192,189,3
S01009173,All people aged 16 and over,626,601,25
S01009173,Economically active: Total,438,422,16
S01009173,Economically active: Employee: Total,386,374,12
S01009173,Economically active: Employee: Part-time (1),98,96,2
S01009173,Economically active: Employee: Full-time (1),288,278,10
S01009173,Economically active: Self-employed: Total,44,40,4
S01009173,Economically active: Self-employed: Part-time (1),11,10,1
S01009173,Economically active: Self-employed: Full-time (1),33,30,3
S01009173,Economically active: Unemployed (1),8,8,0
S01009173,Economically inactive,188,179,9
S01009174,All people aged 16 and over,346,329,17
S01009174,Economically active: Total,305,297,8
S01009174,Economically active: Employee: Total,252,245,7
S01009174,Economically active: Employee: Part-time (1),62,57,5
S01009174,Economically active: Employee: Full-time (1),190,188,2
S01009174,Economically active: Self-employed: Total,39,39,0
S01009174,Economically active: Self-employed: Part-time (1),5,5,0
S01009174,Economically active: Self-employed: Full-time (1),34,34,0
S01009174,Economically active: Unemployed (1),14,13,1
S01009174,Economically inactive,41,32,9
S01009175,All people aged 16 and over,637,615,22
S01009175,Economically active: Total,531,515,16
S01009175,Economically active: Employee: Total,469,456,13
S01009175,Economically active: Employee: Part-time (1),120,118,2
S01009175,Economically active: Employee: Full-time (1),349,338,11
S01009175,Economically active: Self-employed: Total,46,44,2
S01009175,Economically active: Self-employed: Part-time (1),8,8,0
S01009175,Economically active: Self-employed: Full-time (1),38,36,2
S01009175,Economically active: Unemployed (1),16,15,1
S01009175,Economically inactive,106,100,6
S01009176,All people aged 16 and over,801,771,30
S01009176,Economically active: Total,499,476,23
S01009176,Economically active: Employee: Total,410,391,19
S01009176,Economically active: Employee: Part-time (1),117,112,5
S01009176,Economically active: Employee: Full-time (1),293,279,14
S01009176,Economically active: Self-employed: Total,70,66,4
S01009176,Economically active: Self-employed: Part-time (1),13,11,2
S01009176,Economically active: Self-employed: Full-time (1),57,55,2
S01009176,Economically active: Unemployed (1),19,19,0
S01009176,Economically inactive,302,295,7
S01009177,All people aged 16 and over,648,609,39
S01009177,Economically active: Total,449,423,26
S01009177,Economically active: Employee: Total,343,329,14
S01009177,Economically active: Employee: Part-time (1),98,94,4
S01009177,Economically active: Employee: Full-time (1),245,235,10
S01009177,Economically active: Self-employed: Total,44,38,6
S01009177,Economically active: Self-employed: Part-time (1),9,7,2
S01009177,Economically active: Self-employed: Full-time (1),35,31,4
S01009177,Economically active: Unemployed (1),62,56,6
S01009177,Economically inactive,199,186,13
S01009178,All people aged 16 and over,568,542,26
S01009178,Economically active: Total,390,370,20
S01009178,Economically active: Employee: Total,305,287,18
S01009178,Economically active: Employee: Part-time (1),97,89,8
S01009178,Economically active: Employee: Full-time (1),208,198,10
S01009178,Economically active: Self-employed: Total,26,24,2
S01009178,Economically active: Self-employed: Part-time (1),8,8,0
S01009178,Economically active: Self-employed: Full-time (1),18,16,2
S01009178,Economically active: Unemployed (1),59,59,0
S01009178,Economically inactive,178,172,6
S01009179,All people aged 16 and over,539,517,22
S01009179,Economically active: Total,374,358,16
S01009179,Economically active: Employee: Total,306,292,14
S01009179,Economically active: Employee: Part-time (1),89,84,5
S01009179,Economically active: Employee: Full-time (1),217,208,9
S01009179,Economically active: Self-employed: Total,20,20,0
S01009179,Economically active: Self-employed: Part-time (1),2,2,0
S01009179,Economically active: Self-employed: Full-time (1),18,18,0
S01009179,Economically active: Unemployed (1),48,46,2
S01009179,Economically inactive,165,159,6
S01009180,All people aged 16 and over,805,790,15
S01009180,Economically active: Total,512,501,11
S01009180,Economically active: Employee: Total,430,420,10
S01009180,Economically active: Employee: Part-time (1),147,142,5
S01009180,Economically active: Employee: Full-time (1),283,278,5
S01009180,Economically active: Self-employed: Total,39,38,1
S01009180,Economically active: Self-employed: Part-time (1),16,15,1
S01009180,Economically active: Self-employed: Full-time (1),23,23,0
S01009180,Economically active: Unemployed (1),43,43,0
S01009180,Economically inactive,293,289,4
S01009181,All people aged 16 and over,691,670,21
S01009181,Economically active: Total,452,437,15
S01009181,Economically active: Employee: Total,360,347,13
S01009181,Economically active: Employee: Part-time (1),116,111,5
S01009181,Economically active: Employee: Full-time (1),244,236,8
S01009181,Economically active: Self-employed: Total,49,49,0
S01009181,Economically active: Self-employed: Part-time (1),15,15,0
S01009181,Economically active: Self-employed: Full-time (1),34,34,0
S01009181,Economically active: Unemployed (1),43,41,2
S01009181,Economically inactive,239,233,6
S01009182,All people aged 16 and over,808,784,24
S01009182,Economically active: Total,581,567,14
S01009182,Economically active: Employee: Total,472,463,9
S01009182,Economically active: Employee: Part-time (1),95,93,2
S01009182,Economically active: Employee: Full-time (1),377,370,7
S01009182,Economically active: Self-employed: Total,66,65,1
S01009182,Economically active: Self-employed: Part-time (1),12,12,0
S01009182,Economically active: Self-employed: Full-time (1),54,53,1
S01009182,Economically active: Unemployed (1),43,39,4
S01009182,Economically inactive,227,217,10
S01009183,All people aged 16 and over,598,576,22
S01009183,Economically active: Total,480,463,17
S01009183,Economically active: Employee: Total,424,411,13
S01009183,Economically active: Employee: Part-time (1),103,100,3
S01009183,Economically active: Employee: Full-time (1),321,311,10
S01009183,Economically active: Self-employed: Total,35,32,3
S01009183,Economically active: Self-employed: Part-time (1),8,7,1
S01009183,Economically active: Self-employed: Full-time (1),27,25,2
S01009183,Economically active: Unemployed (1),21,20,1
S01009183,Economically inactive,118,113,5
S01009184,All people aged 16 and over,693,671,22
S01009184,Economically active: Total,420,401,19
S01009184,Economically active: Employee: Total,286,272,14
S01009184,Economically active: Employee: Part-time (1),86,81,5
S01009184,Economically active: Employee: Full-time (1),200,191,9
S01009184,Economically active: Self-employed: Total,74,71,3
S01009184,Economically active: Self-employed: Part-time (1),18,17,1
S01009184,Economically active: Self-employed: Full-time (1),56,54,2
S01009184,Economically active: Unemployed (1),60,58,2
S01009184,Economically inactive,273,270,3
S01009185,All people aged 16 and over,696,671,25
S01009185,Economically active: Total,447,433,14
S01009185,Economically active: Employee: Total,336,328,8
S01009185,Economically active: Employee: Part-time (1),94,94,0
S01009185,Economically active: Employee: Full-time (1),242,234,8
S01009185,Economically active: Self-employed: Total,64,60,4
S01009185,Economically active: Self-employed: Part-time (1),19,18,1
S01009185,Economically active: Self-employed: Full-time (1),45,42,3
S01009185,Economically active: Unemployed (1),47,45,2
S01009185,Economically inactive,249,238,11
S01009186,All people aged 16 and over,656,623,33
S01009186,Economically active: Total,434,412,22
S01009186,Economically active: Employee: Total,338,320,18
S01009186,Economically active: Employee: Part-time (1),73,67,6
S01009186,Economically active: Employee: Full-time (1),265,253,12
S01009186,Economically active: Self-employed: Total,51,48,3
S01009186,Economically active: Self-employed: Part-time (1),14,12,2
S01009186,Economically active: Self-employed: Full-time (1),37,36,1
S01009186,Economically active: Unemployed (1),45,44,1
S01009186,Economically inactive,222,211,11
S01009187,All people aged 16 and over,418,395,23
S01009187,Economically active: Total,264,248,16
S01009187,Economically active: Employee: Total,191,179,12
S01009187,Economically active: Employee: Part-time (1),48,45,3
S01009187,Economically active: Employee: Full-time (1),143,134,9
S01009187,Economically active: Self-employed: Total,62,60,2
S01009187,Economically active: Self-employed: Part-time (1),10,9,1
S01009187,Economically active: Self-employed: Full-time (1),52,51,1
S01009187,Economically active: Unemployed (1),11,9,2
S01009187,Economically inactive,154,147,7
S01009188,All people aged 16 and over,713,689,24
S01009188,Economically active: Total,469,456,13
S01009188,Economically active: Employee: Total,363,355,8
S01009188,Economically active: Employee: Part-time (1),104,103,1
S01009188,Economically active: Employee: Full-time (1),259,252,7
S01009188,Economically active: Self-employed: Total,71,68,3
S01009188,Economically active: Self-employed: Part-time (1),14,13,1
S01009188,Economically active: Self-employed: Full-time (1),57,55,2
S01009188,Economically active: Unemployed (1),35,33,2
S01009188,Economically inactive,244,233,11
S01009189,All people aged 16 and over,610,591,19
S01009189,Economically active: Total,381,365,16
S01009189,Economically active: Employee: Total,304,292,12
S01009189,Economically active: Employee: Part-time (1),83,80,3
S01009189,Economically active: Employee: Full-time (1),221,212,9
S01009189,Economically active: Self-employed: Total,27,25,2
S01009189,Economically active: Self-employed: Part-time (1),7,7,0
S01009189,Economically active: Self-employed: Full-time (1),20,18,2
S01009189,Economically active: Unemployed (1),50,48,2
S01009189,Economically inactive,229,226,3
S01009190,All people aged 16 and over,639,614,25
S01009190,Economically active: Total,492,468,24
S01009190,Economically active: Employee: Total,406,384,22
S01009190,Economically active: Employee: Part-time (1),107,98,9
S01009190,Economically active: Employee: Full-time (1),299,286,13
S01009190,Economically active: Self-employed: Total,72,70,2
S01009190,Economically active: Self-employed: Part-time (1),20,20,0
S01009190,Economically active: Self-employed: Full-time (1),52,50,2
S01009190,Economically active: Unemployed (1),14,14,0
S01009190,Economically inactive,147,146,1
S01009191,All people aged 16 and over,499,478,21
S01009191,Economically active: Total,428,411,17
S01009191,Economically active: Employee: Total,372,360,12
S01009191,Economically active: Employee: Part-time (1),89,88,1
S01009191,Economically active: Employee: Full-time (1),283,272,11
S01009191,Economically active: Self-employed: Total,43,40,3
S01009191,Economically active: Self-employed: Part-time (1),14,12,2
S01009191,Economically active: Self-employed: Full-time (1),29,28,1
S01009191,Economically active: Unemployed (1),13,11,2
S01009191,Economically inactive,71,67,4
S01009192,All people aged 16 and over,994,976,18
S01009192,Economically active: Total,392,384,8
S01009192,Economically active: Employee: Total,316,310,6
S01009192,Economically active: Employee: Part-time (1),100,98,2
S01009192,Economically active: Employee: Full-time (1),216,212,4
S01009192,Economically active: Self-employed: Total,42,41,1
S01009192,Economically active: Self-employed: Part-time (1),12,12,0
S01009192,Economically active: Self-employed: Full-time (1),30,29,1
S01009192,Economically active: Unemployed (1),34,33,1
S01009192,Economically inactive,602,592,10
S01009193,All people aged 16 and over,240,230,10
S01009193,Economically active: Total,208,200,8
S01009193,Economically active: Employee: Total,189,181,8
S01009193,Economically active: Employee: Part-time (1),37,34,3
S01009193,Economically active: Employee: Full-time (1),152,147,5
S01009193,Economically active: Self-employed: Total,11,11,0
S01009193,Economically active: Self-employed: Part-time (1),4,4,0
S01009193,Economically active: Self-employed: Full-time (1),7,7,0
S01009193,Economically active: Unemployed (1),8,8,0
S01009193,Economically inactive,32,30,2
S01009194,All people aged 16 and over,673,657,16
S01009194,Economically active: Total,440,430,10
S01009194,Economically active: Employee: Total,372,366,6
S01009194,Economically active: Employee: Part-time (1),97,95,2
S01009194,Economically active: Employee: Full-time (1),275,271,4
S01009194,Economically active: Self-employed: Total,53,49,4
S01009194,Economically active: Self-employed: Part-time (1),17,16,1
S01009194,Economically active: Self-employed: Full-time (1),36,33,3
S01009194,Economically active: Unemployed (1),15,15,0
S01009194,Economically inactive,233,227,6
S01009195,All people aged 16 and over,679,643,36
S01009195,Economically active: Total,514,487,27
S01009195,Economically active: Employee: Total,450,427,23
S01009195,Economically active: Employee: Part-time (1),93,90,3
S01009195,Economically active: Employee: Full-time (1),357,337,20
S01009195,Economically active: Self-employed: Total,48,44,4
S01009195,Economically active: Self-employed: Part-time (1),16,15,1
S01009195,Economically active: Self-employed: Full-time (1),32,29,3
S01009195,Economically active: Unemployed (1),16,16,0
S01009195,Economically inactive,165,156,9
S01009196,All people aged 16 and over,584,562,22
S01009196,Economically active: Total,361,349,12
S01009196,Economically active: Employee: Total,288,278,10
S01009196,Economically active: Employee: Part-time (1),77,74,3
S01009196,Economically active: Employee: Full-time (1),211,204,7
S01009196,Economically active: Self-employed: Total,43,41,2
S01009196,Economically active: Self-employed: Part-time (1),15,14,1
S01009196,Economically active: Self-employed: Full-time (1),28,27,1
S01009196,Economically active: Unemployed (1),30,30,0
S01009196,Economically inactive,223,213,10
S01009197,All people aged 16 and over,794,762,32
S01009197,Economically active: Total,575,547,28
S01009197,Economically active: Employee: Total,489,465,24
S01009197,Economically active: Employee: Part-time (1),127,117,10
S01009197,Economically active: Employee: Full-time (1),362,348,14
S01009197,Economically active: Self-employed: Total,58,54,4
S01009197,Economically active: Self-employed: Part-time (1),14,14,0
S01009197,Economically active: Self-employed: Full-time (1),44,40,4
S01009197,Economically active: Unemployed (1),28,28,0
S01009197,Economically inactive,219,215,4
S01009198,All people aged 16 and over,612,602,10
S01009198,Economically active: Total,411,403,8
S01009198,Economically active: Employee: Total,340,334,6
S01009198,Economically active: Employee: Part-time (1),102,101,1
S01009198,Economically active: Employee: Full-time (1),238,233,5
S01009198,Economically active: Self-employed: Total,49,49,0
S01009198,Economically active: Self-employed: Part-time (1),10,10,0
S01009198,Economically active: Self-employed: Full-time (1),39,39,0
S01009198,Economically active: Unemployed (1),22,20,2
S01009198,Economically inactive,201,199,2
S01009199,All people aged 16 and over,486,471,15
S01009199,Economically active: Total,345,333,12
S01009199,Economically active: Employee: Total,292,283,9
S01009199,Economically active: Employee: Part-time (1),76,71,5
S01009199,Economically active: Employee: Full-time (1),216,212,4
S01009199,Economically active: Self-employed: Total,37,37,0
S01009199,Economically active: Self-employed: Part-time (1),5,5,0
S01009199,Economically active: Self-employed: Full-time (1),32,32,0
S01009199,Economically active: Unemployed (1),16,13,3
S01009199,Economically inactive,141,138,3
S01009200,All people aged 16 and over,892,848,44
S01009200,Economically active: Total,579,545,34
S01009200,Economically active: Employee: Total,508,477,31
S01009200,Economically active: Employee: Part-time (1),142,135,7
S01009200,Economically active: Employee: Full-time (1),366,342,24
S01009200,Economically active: Self-employed: Total,44,43,1
S01009200,Economically active: Self-employed: Part-time (1),8,8,0
S01009200,Economically active: Self-employed: Full-time (1),36,35,1
S01009200,Economically active: Unemployed (1),27,25,2
S01009200,Economically inactive,313,303,10
S01009201,All people aged 16 and over,513,468,45
S01009201,Economically active: Total,366,336,30
S01009201,Economically active: Employee: Total,292,273,19
S01009201,Economically active: Employee: Part-time (1),87,77,10
S01009201,Economically active: Employee: Full-time (1),205,196,9
S01009201,Economically active: Self-employed: Total,32,26,6
S01009201,Economically active: Self-employed: Part-time (1),11,7,4
S01009201,Economically active: Self-employed: Full-time (1),21,19,2
S01009201,Economically active: Unemployed (1),42,37,5
S01009201,Economically inactive,147,132,15
S01009202,All people aged 16 and over,402,380,22
S01009202,Economically active: Total,299,284,15
S01009202,Economically active: Employee: Total,251,244,7
S01009202,Economically active: Employee: Part-time (1),49,47,2
S01009202,Economically active: Employee: Full-time (1),202,197,5
S01009202,Economically active: Self-employed: Total,34,28,6
S01009202,Economically active: Self-employed: Part-time (1),10,9,1
S01009202,Economically active: Self-employed: Full-time (1),24,19,5
S01009202,Economically active: Unemployed (1),14,12,2
S01009202,Economically inactive,103,96,7
S01009203,All people aged 16 and over,485,471,14
S01009203,Economically active: Total,256,246,10
S01009203,Economically active: Employee: Total,197,188,9
S01009203,Economically active: Employee: Part-time (1),63,59,4
S01009203,Economically active: Employee: Full-time (1),134,129,5
S01009203,Economically active: Self-employed: Total,28,27,1
S01009203,Economically active: Self-employed: Part-time (1),7,7,0
S01009203,Economically active: Self-employed: Full-time (1),21,20,1
S01009203,Economically active: Unemployed (1),31,31,0
S01009203,Economically inactive,229,225,4
S01009204,All people aged 16 and over,685,653,32
S01009204,Economically active: Total,484,463,21
S01009204,Economically active: Employee: Total,391,377,14
S01009204,Economically active: Employee: Part-time (1),108,106,2
S01009204,Economically active: Employee: Full-time (1),283,271,12
S01009204,Economically active: Self-employed: Total,44,40,4
S01009204,Economically active: Self-employed: Part-time (1),15,14,1
S01009204,Economically active: Self-employed: Full-time (1),29,26,3
S01009204,Economically active: Unemployed (1),49,46,3
S01009204,Economically inactive,201,190,11
S01009205,All people aged 16 and over,610,595,15
S01009205,Economically active: Total,474,464,10
S01009205,Economically active: Employee: Total,411,404,7
S01009205,Economically active: Employee: Part-time (1),99,96,3
S01009205,Economically active: Employee: Full-time (1),312,308,4
S01009205,Economically active: Self-employed: Total,42,40,2
S01009205,Economically active: Self-employed: Part-time (1),16,16,0
S01009205,Economically active: Self-employed: Full-time (1),26,24,2
S01009205,Economically active: Unemployed (1),21,20,1
S01009205,Economically inactive,136,131,5
S01009206,All people aged 16 and over,689,676,13
S01009206,Economically active: Total,518,509,9
S01009206,Economically active: Employee: Total,460,451,9
S01009206,Economically active: Employee: Part-time (1),101,101,0
S01009206,Economically active: Employee: Full-time (1),359,350,9
S01009206,Economically active: Self-employed: Total,32,32,0
S01009206,Economically active: Self-employed: Part-time (1),10,10,0
S01009206,Economically active: Self-employed: Full-time (1),22,22,0
S01009206,Economically active: Unemployed (1),26,26,0
S01009206,Economically inactive,171,167,4
S01009207,All people aged 16 and over,686,667,19
S01009207,Economically active: Total,410,396,14
S01009207,Economically active: Employee: Total,363,351,12
S01009207,Economically active: Employee: Part-time (1),85,83,2
S01009207,Economically active: Employee: Full-time (1),278,268,10
S01009207,Economically active: Self-employed: Total,27,25,2
S01009207,Economically active: Self-employed: Part-time (1),12,12,0
S01009207,Economically active: Self-employed: Full-time (1),15,13,2
S01009207,Economically active: Unemployed (1),20,20,0
S01009207,Economically inactive,276,271,5
S01009208,All people aged 16 and over,540,528,12
S01009208,Economically active: Total,298,292,6
S01009208,Economically active: Employee: Total,262,257,5
S01009208,Economically active: Employee: Part-time (1),72,72,0
S01009208,Economically active: Employee: Full-time (1),190,185,5
S01009208,Economically active: Self-employed: Total,21,21,0
S01009208,Economically active: Self-employed: Part-time (1),6,6,0
S01009208,Economically active: Self-employed: Full-time (1),15,15,0
S01009208,Economically active: Unemployed (1),15,14,1
S01009208,Economically inactive,242,236,6
S01009209,All people aged 16 and over,593,577,16
S01009209,Economically active: Total,305,294,11
S01009209,Economically active: Employee: Total,260,250,10
S01009209,Economically active: Employee: Part-time (1),65,61,4
S01009209,Economically active: Employee: Full-time (1),195,189,6
S01009209,Economically active: Self-employed: Total,30,29,1
S01009209,Economically active: Self-employed: Part-time (1),9,8,1
S01009209,Economically active: Self-employed: Full-time (1),21,21,0
S01009209,Economically active: Unemployed (1),15,15,0
S01009209,Economically inactive,288,283,5
S01009210,All people aged 16 and over,472,456,16
S01009210,Economically active: Total,315,301,14
S01009210,Economically active: Employee: Total,255,242,13
S01009210,Economically active: Employee: Part-time (1),80,73,7
S01009210,Economically active: Employee: Full-time (1),175,169,6
S01009210,Economically active: Self-employed: Total,46,45,1
S01009210,Economically active: Self-employed: Part-time (1),15,15,0
S01009210,Economically active: Self-employed: Full-time (1),31,30,1
S01009210,Economically active: Unemployed (1),14,14,0
S01009210,Economically inactive,157,155,2
S01009211,All people aged 16 and over,502,489,13
S01009211,Economically active: Total,338,329,9
S01009211,Economically active: Employee: Total,282,275,7
S01009211,Economically active: Employee: Part-time (1),63,61,2
S01009211,Economically active: Employee: Full-time (1),219,214,5
S01009211,Economically active: Self-employed: Total,30,30,0
S01009211,Economically active: Self-employed: Part-time (1),4,4,0
S01009211,Economically active: Self-employed: Full-time (1),26,26,0
S01009211,Economically active: Unemployed (1),26,24,2
S01009211,Economically inactive,164,160,4
S01009212,All people aged 16 and over,683,660,23
S01009212,Economically active: Total,389,376,13
S01009212,Economically active: Employee: Total,329,318,11
S01009212,Economically active: Employee: Part-time (1),99,97,2
S01009212,Economically active: Employee: Full-time (1),230,221,9
S01009212,Economically active: Self-employed: Total,30,30,0
S01009212,Economically active: Self-employed: Part-time (1),5,5,0
S01009212,Economically active: Self-employed: Full-time (1),25,25,0
S01009212,Economically active: Unemployed (1),30,28,2
S01009212,Economically inactive,294,284,10
S01009213,All people aged 16 and over,746,726,20
S01009213,Economically active: Total,451,432,19
S01009213,Economically active: Employee: Total,375,359,16
S01009213,Economically active: Employee: Part-time (1),115,109,6
S01009213,Economically active: Employee: Full-time (1),260,250,10
S01009213,Economically active: Self-employed: Total,36,36,0
S01009213,Economically active: Self-employed: Part-time (1),10,10,0
S01009213,Economically active: Self-employed: Full-time (1),26,26,0
S01009213,Economically active: Unemployed (1),40,37,3
S01009213,Economically inactive,295,294,1
S01009214,All people aged 16 and over,825,800,25
S01009214,Economically active: Total,553,536,17
S01009214,Economically active: Employee: Total,478,463,15
S01009214,Economically active: Employee: Part-time (1),129,125,4
S01009214,Economically active: Employee: Full-time (1),349,338,11
S01009214,Economically active: Self-employed: Total,42,41,1
S01009214,Economically active: Self-employed: Part-time (1),12,11,1
S01009214,Economically active: Self-employed: Full-time (1),30,30,0
S01009214,Economically active: Unemployed (1),33,32,1
S01009214,Economically inactive,272,264,8
S01009215,All people aged 16 and over,761,736,25
S01009215,Economically active: Total,477,461,16
S01009215,Economically active: Employee: Total,393,379,14
S01009215,Economically active: Employee: Part-time (1),117,111,6
S01009215,Economically active: Employee: Full-time (1),276,268,8
S01009215,Economically active: Self-employed: Total,39,37,2
S01009215,Economically active: Self-employed: Part-time (1),11,10,1
S01009215,Economically active: Self-employed: Full-time (1),28,27,1
S01009215,Economically active: Unemployed (1),45,45,0
S01009215,Economically inactive,284,275,9
S01009216,All people aged 16 and over,755,733,22
S01009216,Economically active: Total,485,475,10
S01009216,Economically active: Employee: Total,411,406,5
S01009216,Economically active: Employee: Part-time (1),114,112,2
S01009216,Economically active: Employee: Full-time (1),297,294,3
S01009216,Economically active: Self-employed: Total,38,35,3
S01009216,Economically active: Self-employed: Part-time (1),8,7,1
S01009216,Economically active: Self-employed: Full-time (1),30,28,2
S01009216,Economically active: Unemployed (1),36,34,2
S01009216,Economically inactive,270,258,12
S01009217,All people aged 16 and over,488,472,16
S01009217,Economically active: Total,301,289,12
S01009217,Economically active: Employee: Total,228,218,10
S01009217,Economically active: Employee: Part-time (1),62,61,1
S01009217,Economically active: Employee: Full-time (1),166,157,9
S01009217,Economically active: Self-employed: Total,25,25,0
S01009217,Economically active: Self-employed: Part-time (1),7,7,0
S01009217,Economically active: Self-employed: Full-time (1),18,18,0
S01009217,Economically active: Unemployed (1),48,46,2
S01009217,Economically inactive,187,183,4
S01009218,All people aged 16 and over,717,705,12
S01009218,Economically active: Total,405,396,9
S01009218,Economically active: Employee: Total,339,335,4
S01009218,Economically active: Employee: Part-time (1),99,97,2
S01009218,Economically active: Employee: Full-time (1),240,238,2
S01009218,Economically active: Self-employed: Total,36,32,4
S01009218,Economically active: Self-employed: Part-time (1),13,11,2
S01009218,Economically active: Self-employed: Full-time (1),23,21,2
S01009218,Economically active: Unemployed (1),30,29,1
S01009218,Economically inactive,312,309,3
S01009219,All people aged 16 and over,548,532,16
S01009219,Economically active: Total,329,322,7
S01009219,Economically active: Employee: Total,267,262,5
S01009219,Economically active: Employee: Part-time (1),82,80,2
S01009219,Economically active: Employee: Full-time (1),185,182,3
S01009219,Economically active: Self-employed: Total,21,21,0
S01009219,Economically active: Self-employed: Part-time (1),6,6,0
S01009219,Economically active: Self-employed: Full-time (1),15,15,0
S01009219,Economically active: Unemployed (1),41,39,2
S01009219,Economically inactive,219,210,9
S01009220,All people aged 16 and over,446,426,20
S01009220,Economically active: Total,252,239,13
S01009220,Economically active: Employee: Total,206,196,10
S01009220,Economically active: Employee: Part-time (1),67,64,3
S01009220,Economically active: Employee: Full-time (1),139,132,7
S01009220,Economically active: Self-employed: Total,16,13,3
S01009220,Economically active: Self-employed: Part-time (1),4,3,1
S01009220,Economically active: Self-employed: Full-time (1),12,10,2
S01009220,Economically active: Unemployed (1),30,30,0
S01009220,Economically inactive,194,187,7
S01009221,All people aged 16 and over,460,450,10
S01009221,Economically active: Total,288,281,7
S01009221,Economically active: Employee: Total,243,238,5
S01009221,Economically active: Employee: Part-time (1),63,62,1
S01009221,Economically active: Employee: Full-time (1),180,176,4
S01009221,Economically active: Self-employed: Total,16,15,1
S01009221,Economically active: Self-employed: Part-time (1),2,2,0
S01009221,Economically active: Self-employed: Full-time (1),14,13,1
S01009221,Economically active: Unemployed (1),29,28,1
S01009221,Economically inactive,172,169,3
S01009222,All people aged 16 and over,414,398,16
S01009222,Economically active: Total,264,252,12
S01009222,Economically active: Employee: Total,218,211,7
S01009222,Economically active: Employee: Part-time (1),82,82,0
S01009222,Economically active: Employee: Full-time (1),136,129,7
S01009222,Economically active: Self-employed: Total,18,14,4
S01009222,Economically active: Self-employed: Part-time (1),6,4,2
S01009222,Economically active: Self-employed: Full-time (1),12,10,2
S01009222,Economically active: Unemployed (1),28,27,1
S01009222,Economically inactive,150,146,4
S01009223,All people aged 16 and over,463,445,18
S01009223,Economically active: Total,278,267,11
S01009223,Economically active: Employee: Total,244,238,6
S01009223,Economically active: Employee: Part-time (1),72,71,1
S01009223,Economically active: Employee: Full-time (1),172,167,5
S01009223,Economically active: Self-employed: Total,17,14,3
S01009223,Economically active: Self-employed: Part-time (1),1,1,0
S01009223,Economically active: Self-employed: Full-time (1),16,13,3
S01009223,Economically active: Unemployed (1),17,15,2
S01009223,Economically inactive,185,178,7
S01009224,All people aged 16 and over,519,506,13
S01009224,Economically active: Total,324,318,6
S01009224,Economically active: Employee: Total,265,259,6
S01009224,Economically active: Employee: Part-time (1),84,84,0
S01009224,Economically active: Employee: Full-time (1),181,175,6
S01009224,Economically active: Self-employed: Total,19,19,0
S01009224,Economically active: Self-employed: Part-time (1),5,5,0
S01009224,Economically active: Self-employed: Full-time (1),14,14,0
S01009224,Economically active: Unemployed (1),40,40,0
S01009224,Economically inactive,195,188,7
S01009225,All people aged 16 and over,458,443,15
S01009225,Economically active: Total,278,266,12
S01009225,Economically active: Employee: Total,244,232,12
S01009225,Economically active: Employee: Part-time (1),71,68,3
S01009225,Economically active: Employee: Full-time (1),173,164,9
S01009225,Economically active: Self-employed: Total,15,15,0
S01009225,Economically active: Self-employed: Part-time (1),4,4,0
S01009225,Economically active: Self-employed: Full-time (1),11,11,0
S01009225,Economically active: Unemployed (1),19,19,0
S01009225,Economically inactive,180,177,3
S01009226,All people aged 16 and over,796,777,19
S01009226,Economically active: Total,447,435,12
S01009226,Economically active: Employee: Total,381,370,11
S01009226,Economically active: Employee: Part-time (1),97,97,0
S01009226,Economically active: Employee: Full-time (1),284,273,11
S01009226,Economically active: Self-employed: Total,22,22,0
S01009226,Economically active: Self-employed: Part-time (1),4,4,0
S01009226,Economically active: Self-employed: Full-time (1),18,18,0
S01009226,Economically active: Unemployed (1),44,43,1
S01009226,Economically inactive,349,342,7
S01009227,All people aged 16 and over,529,516,13
S01009227,Economically active: Total,280,272,8
S01009227,Economically active: Employee: Total,242,234,8
S01009227,Economically active: Employee: Part-time (1),57,57,0
S01009227,Economically active: Employee: Full-time (1),185,177,8
S01009227,Economically active: Self-employed: Total,18,18,0
S01009227,Economically active: Self-employed: Part-time (1),5,5,0
S01009227,Economically active: Self-employed: Full-time (1),13,13,0
S01009227,Economically active: Unemployed (1),20,20,0
S01009227,Economically inactive,249,244,5
S01009228,All people aged 16 and over,499,491,8
S01009228,Economically active: Total,286,280,6
S01009228,Economically active: Employee: Total,218,213,5
S01009228,Economically active: Employee: Part-time (1),62,61,1
S01009228,Economically active: Employee: Full-time (1),156,152,4
S01009228,Economically active: Self-employed: Total,21,20,1
S01009228,Economically active: Self-employed: Part-time (1),5,5,0
S01009228,Economically active: Self-employed: Full-time (1),16,15,1
S01009228,Economically active: Unemployed (1),47,47,0
S01009228,Economically inactive,213,211,2
S01009229,All people aged 16 and over,486,468,18
S01009229,Economically active: Total,299,290,9
S01009229,Economically active: Employee: Total,246,241,5
S01009229,Economically active: Employee: Part-time (1),55,55,0
S01009229,Economically active: Employee: Full-time (1),191,186,5
S01009229,Economically active: Self-employed: Total,30,27,3
S01009229,Economically active: Self-employed: Part-time (1),11,9,2
S01009229,Economically active: Self-employed: Full-time (1),19,18,1
S01009229,Economically active: Unemployed (1),23,22,1
S01009229,Economically inactive,187,178,9
S01009230,All people aged 16 and over,491,473,18
S01009230,Economically active: Total,365,349,16
S01009230,Economically active: Employee: Total,322,306,16
S01009230,Economically active: Employee: Part-time (1),52,49,3
S01009230,Economically active: Employee: Full-time (1),270,257,13
S01009230,Economically active: Self-employed: Total,28,28,0
S01009230,Economically active: Self-employed: Part-time (1),4,4,0
S01009230,Economically active: Self-employed: Full-time (1),24,24,0
S01009230,Economically active: Unemployed (1),15,15,0
S01009230,Economically inactive,126,124,2
S01009231,All people aged 16 and over,810,792,18
S01009231,Economically active: Total,535,523,12
S01009231,Economically active: Employee: Total,439,431,8
S01009231,Economically active: Employee: Part-time (1),106,105,1
S01009231,Economically active: Employee: Full-time (1),333,326,7
S01009231,Economically active: Self-employed: Total,55,52,3
S01009231,Economically active: Self-employed: Part-time (1),22,21,1
S01009231,Economically active: Self-employed: Full-time (1),33,31,2
S01009231,Economically active: Unemployed (1),41,40,1
S01009231,Economically inactive,275,269,6
S01009232,All people aged 16 and over,466,447,19
S01009232,Economically active: Total,289,278,11
S01009232,Economically active: Employee: Total,218,208,10
S01009232,Economically active: Employee: Part-time (1),56,56,0
S01009232,Economically active: Employee: Full-time (1),162,152,10
S01009232,Economically active: Self-employed: Total,4,4,0
S01009232,Economically active: Self-employed: Part-time (1),3,3,0
S01009232,Economically active: Self-employed: Full-time (1),1,1,0
S01009232,Economically active: Unemployed (1),67,66,1
S01009232,Economically inactive,177,169,8
S01009233,All people aged 16 and over,488,479,9
S01009233,Economically active: Total,267,261,6
S01009233,Economically active: Employee: Total,215,209,6
S01009233,Economically active: Employee: Part-time (1),58,57,1
S01009233,Economically active: Employee: Full-time (1),157,152,5
S01009233,Economically active: Self-employed: Total,17,17,0
S01009233,Economically active: Self-employed: Part-time (1),5,5,0
S01009233,Economically active: Self-employed: Full-time (1),12,12,0
S01009233,Economically active: Unemployed (1),35,35,0
S01009233,Economically inactive,221,218,3
S01009234,All people aged 16 and over,781,701,80
S01009234,Economically active: Total,491,426,65
S01009234,Economically active: Employee: Total,377,324,53
S01009234,Economically active: Employee: Part-time (1),120,105,15
S01009234,Economically active: Employee: Full-time (1),257,219,38
S01009234,Economically active: Self-employed: Total,19,13,6
S01009234,Economically active: Self-employed: Part-time (1),7,6,1
S01009234,Economically active: Self-employed: Full-time (1),12,7,5
S01009234,Economically active: Unemployed (1),95,89,6
S01009234,Economically inactive,290,275,15
S01009235,All people aged 16 and over,759,712,47
S01009235,Economically active: Total,509,475,34
S01009235,Economically active: Employee: Total,399,373,26
S01009235,Economically active: Employee: Part-time (1),83,79,4
S01009235,Economically active: Employee: Full-time (1),316,294,22
S01009235,Economically active: Self-employed: Total,25,22,3
S01009235,Economically active: Self-employed: Part-time (1),12,11,1
S01009235,Economically active: Self-employed: Full-time (1),13,11,2
S01009235,Economically active: Unemployed (1),85,80,5
S01009235,Economically inactive,250,237,13
S01009236,All people aged 16 and over,419,409,10
S01009236,Economically active: Total,230,225,5
S01009236,Economically active: Employee: Total,197,193,4
S01009236,Economically active: Employee: Part-time (1),59,58,1
S01009236,Economically active: Employee: Full-time (1),138,135,3
S01009236,Economically active: Self-employed: Total,18,17,1
S01009236,Economically active: Self-employed: Part-time (1),7,6,1
S01009236,Economically active: Self-employed: Full-time (1),11,11,0
S01009236,Economically active: Unemployed (1),15,15,0
S01009236,Economically inactive,189,184,5
S01009237,All people aged 16 and over,750,726,24
S01009237,Economically active: Total,463,446,17
S01009237,Economically active: Employee: Total,395,383,12
S01009237,Economically active: Employee: Part-time (1),94,90,4
S01009237,Economically active: Employee: Full-time (1),301,293,8
S01009237,Economically active: Self-employed: Total,46,42,4
S01009237,Economically active: Self-employed: Part-time (1),11,9,2
S01009237,Economically active: Self-employed: Full-time (1),35,33,2
S01009237,Economically active: Unemployed (1),22,21,1
S01009237,Economically inactive,287,280,7
S01009238,All people aged 16 and over,630,618,12
S01009238,Economically active: Total,354,344,10
S01009238,Economically active: Employee: Total,301,294,7
S01009238,Economically active: Employee: Part-time (1),99,95,4
S01009238,Economically active: Employee: Full-time (1),202,199,3
S01009238,Economically active: Self-employed: Total,8,8,0
S01009238,Economically active: Self-employed: Part-time (1),1,1,0
S01009238,Economically active: Self-employed: Full-time (1),7,7,0
S01009238,Economically active: Unemployed (1),45,42,3
S01009238,Economically inactive,276,274,2
S01009239,All people aged 16 and over,702,668,34
S01009239,Economically active: Total,475,448,27
S01009239,Economically active: Employee: Total,423,398,25
S01009239,Economically active: Employee: Part-time (1),117,108,9
S01009239,Economically active: Employee: Full-time (1),306,290,16
S01009239,Economically active: Self-employed: Total,19,18,1
S01009239,Economically active: Self-employed: Part-time (1),6,6,0
S01009239,Economically active: Self-employed: Full-time (1),13,12,1
S01009239,Economically active: Unemployed (1),33,32,1
S01009239,Economically inactive,227,220,7
S01009240,All people aged 16 and over,541,529,12
S01009240,Economically active: Total,350,341,9
S01009240,Economically active: Employee: Total,241,235,6
S01009240,Economically active: Employee: Part-time (1),83,79,4
S01009240,Economically active: Employee: Full-time (1),158,156,2
S01009240,Economically active: Self-employed: Total,14,12,2
S01009240,Economically active: Self-employed: Part-time (1),5,5,0
S01009240,Economically active: Self-employed: Full-time (1),9,7,2
S01009240,Economically active: Unemployed (1),95,94,1
S01009240,Economically inactive,191,188,3
S01009241,All people aged 16 and over,721,693,28
S01009241,Economically active: Total,434,419,15
S01009241,Economically active: Employee: Total,332,322,10
S01009241,Economically active: Employee: Part-time (1),105,103,2
S01009241,Economically active: Employee: Full-time (1),227,219,8
S01009241,Economically active: Self-employed: Total,24,21,3
S01009241,Economically active: Self-employed: Part-time (1),9,9,0
S01009241,Economically active: Self-employed: Full-time (1),15,12,3
S01009241,Economically active: Unemployed (1),78,76,2
S01009241,Economically inactive,287,274,13
S01009242,All people aged 16 and over,633,622,11
S01009242,Economically active: Total,407,400,7
S01009242,Economically active: Employee: Total,340,335,5
S01009242,Economically active: Employee: Part-time (1),109,107,2
S01009242,Economically active: Employee: Full-time (1),231,228,3
S01009242,Economically active: Self-employed: Total,29,27,2
S01009242,Economically active: Self-employed: Part-time (1),11,11,0
S01009242,Economically active: Self-employed: Full-time (1),18,16,2
S01009242,Economically active: Unemployed (1),38,38,0
S01009242,Economically inactive,226,222,4
S01009243,All people aged 16 and over,770,729,41
S01009243,Economically active: Total,541,508,33
S01009243,Economically active: Employee: Total,461,437,24
S01009243,Economically active: Employee: Part-time (1),118,110,8
S01009243,Economically active: Employee: Full-time (1),343,327,16
S01009243,Economically active: Self-employed: Total,42,37,5
S01009243,Economically active: Self-employed: Part-time (1),9,7,2
S01009243,Economically active: Self-employed: Full-time (1),33,30,3
S01009243,Economically active: Unemployed (1),38,34,4
S01009243,Economically inactive,229,221,8
S01009244,All people aged 16 and over,694,677,17
S01009244,Economically active: Total,434,420,14
S01009244,Economically active: Employee: Total,378,364,14
S01009244,Economically active: Employee: Part-time (1),90,87,3
S01009244,Economically active: Employee: Full-time (1),288,277,11
S01009244,Economically active: Self-employed: Total,43,43,0
S01009244,Economically active: Self-employed: Part-time (1),10,10,0
S01009244,Economically active: Self-employed: Full-time (1),33,33,0
S01009244,Economically active: Unemployed (1),13,13,0
S01009244,Economically inactive,260,257,3
S01009245,All people aged 16 and over,711,689,22
S01009245,Economically active: Total,467,451,16
S01009245,Economically active: Employee: Total,398,384,14
S01009245,Economically active: Employee: Part-time (1),107,106,1
S01009245,Economically active: Employee: Full-time (1),291,278,13
S01009245,Economically active: Self-employed: Total,37,36,1
S01009245,Economically active: Self-employed: Part-time (1),8,8,0
S01009245,Economically active: Self-employed: Full-time (1),29,28,1
S01009245,Economically active: Unemployed (1),32,31,1
S01009245,Economically inactive,244,238,6
S01009246,All people aged 16 and over,687,651,36
S01009246,Economically active: Total,422,388,34
S01009246,Economically active: Employee: Total,353,325,28
S01009246,Economically active: Employee: Part-time (1),91,82,9
S01009246,Economically active: Employee: Full-time (1),262,243,19
S01009246,Economically active: Self-employed: Total,32,29,3
S01009246,Economically active: Self-employed: Part-time (1),5,4,1
S01009246,Economically active: Self-employed: Full-time (1),27,25,2
S01009246,Economically active: Unemployed (1),37,34,3
S01009246,Economically inactive,265,263,2
S01009247,All people aged 16 and over,822,803,19
S01009247,Economically active: Total,570,554,16
S01009247,Economically active: Employee: Total,495,480,15
S01009247,Economically active: Employee: Part-time (1),146,145,1
S01009247,Economically active: Employee: Full-time (1),349,335,14
S01009247,Economically active: Self-employed: Total,24,24,0
S01009247,Economically active: Self-employed: Part-time (1),8,8,0
S01009247,Economically active: Self-employed: Full-time (1),16,16,0
S01009247,Economically active: Unemployed (1),51,50,1
S01009247,Economically inactive,252,249,3
S01009248,All people aged 16 and over,589,577,12
S01009248,Economically active: Total,355,346,9
S01009248,Economically active: Employee: Total,300,292,8
S01009248,Economically active: Employee: Part-time (1),101,100,1
S01009248,Economically active: Employee: Full-time (1),199,192,7
S01009248,Economically active: Self-employed: Total,36,35,1
S01009248,Economically active: Self-employed: Part-time (1),11,11,0
S01009248,Economically active: Self-employed: Full-time (1),25,24,1
S01009248,Economically active: Unemployed (1),19,19,0
S01009248,Economically inactive,234,231,3
S01009249,All people aged 16 and over,655,618,37
S01009249,Economically active: Total,415,385,30
S01009249,Economically active: Employee: Total,333,311,22
S01009249,Economically active: Employee: Part-time (1),91,87,4
S01009249,Economically active: Employee: Full-time (1),242,224,18
S01009249,Economically active: Self-employed: Total,46,40,6
S01009249,Economically active: Self-employed: Part-time (1),14,11,3
S01009249,Economically active: Self-employed: Full-time (1),32,29,3
S01009249,Economically active: Unemployed (1),36,34,2
S01009249,Economically inactive,240,233,7
S01009250,All people aged 16 and over,523,508,15
S01009250,Economically active: Total,327,315,12
S01009250,Economically active: Employee: Total,278,269,9
S01009250,Economically active: Employee: Part-time (1),78,76,2
S01009250,Economically active: Employee: Full-time (1),200,193,7
S01009250,Economically active: Self-employed: Total,28,25,3
S01009250,Economically active: Self-employed: Part-time (1),7,5,2
S01009250,Economically active: Self-employed: Full-time (1),21,20,1
S01009250,Economically active: Unemployed (1),21,21,0
S01009250,Economically inactive,196,193,3
S01009251,All people aged 16 and over,462,448,14
S01009251,Economically active: Total,294,283,11
S01009251,Economically active: Employee: Total,238,228,10
S01009251,Economically active: Employee: Part-time (1),60,58,2
S01009251,Economically active: Employee: Full-time (1),178,170,8
S01009251,Economically active: Self-employed: Total,26,25,1
S01009251,Economically active: Self-employed: Part-time (1),10,10,0
S01009251,Economically active: Self-employed: Full-time (1),16,15,1
S01009251,Economically active: Unemployed (1),30,30,0
S01009251,Economically inactive,168,165,3
S01009252,All people aged 16 and over,359,352,7
S01009252,Economically active: Total,293,287,6
S01009252,Economically active: Employee: Total,259,254,5
S01009252,Economically active: Employee: Part-time (1),77,75,2
S01009252,Economically active: Employee: Full-time (1),182,179,3
S01009252,Economically active: Self-employed: Total,24,23,1
S01009252,Economically active: Self-employed: Part-time (1),9,9,0
S01009252,Economically active: Self-employed: Full-time (1),15,14,1
S01009252,Economically active: Unemployed (1),10,10,0
S01009252,Economically inactive,66,65,1
S01009253,All people aged 16 and over,399,392,7
S01009253,Economically active: Total,188,184,4
S01009253,Economically active: Employee: Total,154,150,4
S01009253,Economically active: Employee: Part-time (1),56,55,1
S01009253,Economically active: Employee: Full-time (1),98,95,3
S01009253,Economically active: Self-employed: Total,17,17,0
S01009253,Economically active: Self-employed: Part-time (1),6,6,0
S01009253,Economically active: Self-employed: Full-time (1),11,11,0
S01009253,Economically active: Unemployed (1),17,17,0
S01009253,Economically inactive,211,208,3
S01009254,All people aged 16 and over,656,618,38
S01009254,Economically active: Total,373,344,29
S01009254,Economically active: Employee: Total,296,272,24
S01009254,Economically active: Employee: Part-time (1),83,76,7
S01009254,Economically active: Employee: Full-time (1),213,196,17
S01009254,Economically active: Self-employed: Total,20,16,4
S01009254,Economically active: Self-employed: Part-time (1),6,6,0
S01009254,Economically active: Self-employed: Full-time (1),14,10,4
S01009254,Economically active: Unemployed (1),57,56,1
S01009254,Economically inactive,283,274,9
S01009255,All people aged 16 and over,549,464,85
S01009255,Economically active: Total,406,328,78
S01009255,Economically active: Employee: Total,334,264,70
S01009255,Economically active: Employee: Part-time (1),64,61,3
S01009255,Economically active: Employee: Full-time (1),270,203,67
S01009255,Economically active: Self-employed: Total,26,20,6
S01009255,Economically active: Self-employed: Part-time (1),3,2,1
S01009255,Economically active: Self-employed: Full-time (1),23,18,5
S01009255,Economically active: Unemployed (1),46,44,2
S01009255,Economically inactive,143,136,7
S01009256,All people aged 16 and over,412,398,14
S01009256,Economically active: Total,230,222,8
S01009256,Economically active: Employee: Total,201,193,8
S01009256,Economically active: Employee: Part-time (1),36,35,1
S01009256,Economically active: Employee: Full-time (1),165,158,7
S01009256,Economically active: Self-employed: Total,18,18,0
S01009256,Economically active: Self-employed: Part-time (1),4,4,0
S01009256,Economically active: Self-employed: Full-time (1),14,14,0
S01009256,Economically active: Unemployed (1),11,11,0
S01009256,Economically inactive,182,176,6
S01009257,All people aged 16 and over,598,558,40
S01009257,Economically active: Total,371,339,32
S01009257,Economically active: Employee: Total,296,269,27
S01009257,Economically active: Employee: Part-time (1),68,65,3
S01009257,Economically active: Employee: Full-time (1),228,204,24
S01009257,Economically active: Self-employed: Total,47,46,1
S01009257,Economically active: Self-employed: Part-time (1),8,8,0
S01009257,Economically active: Self-employed: Full-time (1),39,38,1
S01009257,Economically active: Unemployed (1),28,24,4
S01009257,Economically inactive,227,219,8
S01009258,All people aged 16 and over,540,516,24
S01009258,Economically active: Total,344,325,19
S01009258,Economically active: Employee: Total,256,242,14
S01009258,Economically active: Employee: Part-time (1),60,58,2
S01009258,Economically active: Employee: Full-time (1),196,184,12
S01009258,Economically active: Self-employed: Total,69,64,5
S01009258,Economically active: Self-employed: Part-time (1),15,12,3
S01009258,Economically active: Self-employed: Full-time (1),54,52,2
S01009258,Economically active: Unemployed (1),19,19,0
S01009258,Economically inactive,196,191,5
S01009259,All people aged 16 and over,763,735,28
S01009259,Economically active: Total,524,501,23
S01009259,Economically active: Employee: Total,443,424,19
S01009259,Economically active: Employee: Part-time (1),129,125,4
S01009259,Economically active: Employee: Full-time (1),314,299,15
S01009259,Economically active: Self-employed: Total,61,57,4
S01009259,Economically active: Self-employed: Part-time (1),17,14,3
S01009259,Economically active: Self-employed: Full-time (1),44,43,1
S01009259,Economically active: Unemployed (1),20,20,0
S01009259,Economically inactive,239,234,5
S01009260,All people aged 16 and over,965,887,78
S01009260,Economically active: Total,690,620,70
S01009260,Economically active: Employee: Total,588,522,66
S01009260,Economically active: Employee: Part-time (1),143,135,8
S01009260,Economically active: Employee: Full-time (1),445,387,58
S01009260,Economically active: Self-employed: Total,58,55,3
S01009260,Economically active: Self-employed: Part-time (1),16,16,0
S01009260,Economically active: Self-employed: Full-time (1),42,39,3
S01009260,Economically active: Unemployed (1),44,43,1
S01009260,Economically inactive,275,267,8
S01009261,All people aged 16 and over,626,565,61
S01009261,Economically active: Total,349,296,53
S01009261,Economically active: Employee: Total,288,243,45
S01009261,Economically active: Employee: Part-time (1),73,62,11
S01009261,Economically active: Employee: Full-time (1),215,181,34
S01009261,Economically active: Self-employed: Total,29,23,6
S01009261,Economically active: Self-employed: Part-time (1),8,6,2
S01009261,Economically active: Self-employed: Full-time (1),21,17,4
S01009261,Economically active: Unemployed (1),32,30,2
S01009261,Economically inactive,277,269,8
S01009262,All people aged 16 and over,459,429,30
S01009262,Economically active: Total,262,235,27
S01009262,Economically active: Employee: Total,218,192,26
S01009262,Economically active: Employee: Part-time (1),71,62,9
S01009262,Economically active: Employee: Full-time (1),147,130,17
S01009262,Economically active: Self-employed: Total,14,13,1
S01009262,Economically active: Self-employed: Part-time (1),6,5,1
S01009262,Economically active: Self-employed: Full-time (1),8,8,0
S01009262,Economically active: Unemployed (1),30,30,0
S01009262,Economically inactive,197,194,3
S01009263,All people aged 16 and over,649,594,55
S01009263,Economically active: Total,534,486,48
S01009263,Economically active: Employee: Total,460,423,37
S01009263,Economically active: Employee: Part-time (1),95,90,5
S01009263,Economically active: Employee: Full-time (1),365,333,32
S01009263,Economically active: Self-employed: Total,53,45,8
S01009263,Economically active: Self-employed: Part-time (1),15,11,4
S01009263,Economically active: Self-employed: Full-time (1),38,34,4
S01009263,Economically active: Unemployed (1),21,18,3
S01009263,Economically inactive,115,108,7
S01009264,All people aged 16 and over,465,439,26
S01009264,Economically active: Total,277,260,17
S01009264,Economically active: Employee: Total,224,214,10
S01009264,Economically active: Employee: Part-time (1),56,52,4
S01009264,Economically active: Employee: Full-time (1),168,162,6
S01009264,Economically active: Self-employed: Total,40,34,6
S01009264,Economically active: Self-employed: Part-time (1),16,14,2
S01009264,Economically active: Self-employed: Full-time (1),24,20,4
S01009264,Economically active: Unemployed (1),13,12,1
S01009264,Economically inactive,188,179,9
S01009265,All people aged 16 and over,671,650,21
S01009265,Economically active: Total,427,411,16
S01009265,Economically active: Employee: Total,353,339,14
S01009265,Economically active: Employee: Part-time (1),102,98,4
S01009265,Economically active: Employee: Full-time (1),251,241,10
S01009265,Economically active: Self-employed: Total,25,24,1
S01009265,Economically active: Self-employed: Part-time (1),10,9,1
S01009265,Economically active: Self-employed: Full-time (1),15,15,0
S01009265,Economically active: Unemployed (1),49,48,1
S01009265,Economically inactive,244,239,5
S01009266,All people aged 16 and over,710,685,25
S01009266,Economically active: Total,405,394,11
S01009266,Economically active: Employee: Total,331,323,8
S01009266,Economically active: Employee: Part-time (1),99,98,1
S01009266,Economically active: Employee: Full-time (1),232,225,7
S01009266,Economically active: Self-employed: Total,33,32,1
S01009266,Economically active: Self-employed: Part-time (1),8,7,1
S01009266,Economically active: Self-employed: Full-time (1),25,25,0
S01009266,Economically active: Unemployed (1),41,39,2
S01009266,Economically inactive,305,291,14
S01009267,All people aged 16 and over,715,682,33
S01009267,Economically active: Total,426,400,26
S01009267,Economically active: Employee: Total,353,328,25
S01009267,Economically active: Employee: Part-time (1),86,82,4
S01009267,Economically active: Employee: Full-time (1),267,246,21
S01009267,Economically active: Self-employed: Total,37,36,1
S01009267,Economically active: Self-employed: Part-time (1),14,14,0
S01009267,Economically active: Self-employed: Full-time (1),23,22,1
S01009267,Economically active: Unemployed (1),36,36,0
S01009267,Economically inactive,289,282,7
S01009268,All people aged 16 and over,774,748,26
S01009268,Economically active: Total,505,484,21
S01009268,Economically active: Employee: Total,418,401,17
S01009268,Economically active: Employee: Part-time (1),108,104,4
S01009268,Economically active: Employee: Full-time (1),310,297,13
S01009268,Economically active: Self-employed: Total,46,43,3
S01009268,Economically active: Self-employed: Part-time (1),10,9,1
S01009268,Economically active: Self-employed: Full-time (1),36,34,2
S01009268,Economically active: Unemployed (1),41,40,1
S01009268,Economically inactive,269,264,5
S01009269,All people aged 16 and over,671,664,7
S01009269,Economically active: Total,433,427,6
S01009269,Economically active: Employee: Total,337,332,5
S01009269,Economically active: Employee: Part-time (1),105,102,3
S01009269,Economically active: Employee: Full-time (1),232,230,2
S01009269,Economically active: Self-employed: Total,18,18,0
S01009269,Economically active: Self-employed: Part-time (1),10,10,0
S01009269,Economically active: Self-employed: Full-time (1),8,8,0
S01009269,Economically active: Unemployed (1),78,77,1
S01009269,Economically inactive,238,237,1
S01009270,All people aged 16 and over,501,490,11
S01009270,Economically active: Total,280,273,7
S01009270,Economically active: Employee: Total,213,208,5
S01009270,Economically active: Employee: Part-time (1),58,58,0
S01009270,Economically active: Employee: Full-time (1),155,150,5
S01009270,Economically active: Self-employed: Total,28,28,0
S01009270,Economically active: Self-employed: Part-time (1),10,10,0
S01009270,Economically active: Self-employed: Full-time (1),18,18,0
S01009270,Economically active: Unemployed (1),39,37,2
S01009270,Economically inactive,221,217,4
S01009271,All people aged 16 and over,744,710,34
S01009271,Economically active: Total,532,509,23
S01009271,Economically active: Employee: Total,443,425,18
S01009271,Economically active: Employee: Part-time (1),100,94,6
S01009271,Economically active: Employee: Full-time (1),343,331,12
S01009271,Economically active: Self-employed: Total,50,48,2
S01009271,Economically active: Self-employed: Part-time (1),9,8,1
S01009271,Economically active: Self-employed: Full-time (1),41,40,1
S01009271,Economically active: Unemployed (1),39,36,3
S01009271,Economically inactive,212,201,11
S01009272,All people aged 16 and over,552,529,23
S01009272,Economically active: Total,375,359,16
S01009272,Economically active: Employee: Total,293,280,13
S01009272,Economically active: Employee: Part-time (1),105,98,7
S01009272,Economically active: Employee: Full-time (1),188,182,6
S01009272,Economically active: Self-employed: Total,25,23,2
S01009272,Economically active: Self-employed: Part-time (1),11,10,1
S01009272,Economically active: Self-employed: Full-time (1),14,13,1
S01009272,Economically active: Unemployed (1),57,56,1
S01009272,Economically inactive,177,170,7
S01009273,All people aged 16 and over,416,406,10
S01009273,Economically active: Total,252,245,7
S01009273,Economically active: Employee: Total,202,197,5
S01009273,Economically active: Employee: Part-time (1),56,54,2
S01009273,Economically active: Employee: Full-time (1),146,143,3
S01009273,Economically active: Self-employed: Total,31,30,1
S01009273,Economically active: Self-employed: Part-time (1),12,11,1
S01009273,Economically active: Self-employed: Full-time (1),19,19,0
S01009273,Economically active: Unemployed (1),19,18,1
S01009273,Economically inactive,164,161,3
S01009274,All people aged 16 and over,514,494,20
S01009274,Economically active: Total,303,289,14
S01009274,Economically active: Employee: Total,246,238,8
S01009274,Economically active: Employee: Part-time (1),62,56,6
S01009274,Economically active: Employee: Full-time (1),184,182,2
S01009274,Economically active: Self-employed: Total,31,28,3
S01009274,Economically active: Self-employed: Part-time (1),6,5,1
S01009274,Economically active: Self-employed: Full-time (1),25,23,2
S01009274,Economically active: Unemployed (1),26,23,3
S01009274,Economically inactive,211,205,6
S01009275,All people aged 16 and over,563,541,22
S01009275,Economically active: Total,326,310,16
S01009275,Economically active: Employee: Total,239,225,14
S01009275,Economically active: Employee: Part-time (1),51,50,1
S01009275,Economically active: Employee: Full-time (1),188,175,13
S01009275,Economically active: Self-employed: Total,68,66,2
S01009275,Economically active: Self-employed: Part-time (1),17,17,0
S01009275,Economically active: Self-employed: Full-time (1),51,49,2
S01009275,Economically active: Unemployed (1),19,19,0
S01009275,Economically inactive,237,231,6
S01009276,All people aged 16 and over,756,734,22
S01009276,Economically active: Total,443,431,12
S01009276,Economically active: Employee: Total,362,352,10
S01009276,Economically active: Employee: Part-time (1),108,105,3
S01009276,Economically active: Employee: Full-time (1),254,247,7
S01009276,Economically active: Self-employed: Total,54,52,2
S01009276,Economically active: Self-employed: Part-time (1),14,14,0
S01009276,Economically active: Self-employed: Full-time (1),40,38,2
S01009276,Economically active: Unemployed (1),27,27,0
S01009276,Economically inactive,313,303,10
S01009277,All people aged 16 and over,445,431,14
S01009277,Economically active: Total,300,290,10
S01009277,Economically active: Employee: Total,215,209,6
S01009277,Economically active: Employee: Part-time (1),67,66,1
S01009277,Economically active: Employee: Full-time (1),148,143,5
S01009277,Economically active: Self-employed: Total,76,74,2
S01009277,Economically active: Self-employed: Part-time (1),17,16,1
S01009277,Economically active: Self-employed: Full-time (1),59,58,1
S01009277,Economically active: Unemployed (1),9,7,2
S01009277,Economically inactive,145,141,4
S01009278,All people aged 16 and over,437,418,19
S01009278,Economically active: Total,314,298,16
S01009278,Economically active: Employee: Total,274,259,15
S01009278,Economically active: Employee: Part-time (1),68,66,2
S01009278,Economically active: Employee: Full-time (1),206,193,13
S01009278,Economically active: Self-employed: Total,29,28,1
S01009278,Economically active: Self-employed: Part-time (1),10,10,0
S01009278,Economically active: Self-employed: Full-time (1),19,18,1
S01009278,Economically active: Unemployed (1),11,11,0
S01009278,Economically inactive,123,120,3
S01009279,All people aged 16 and over,500,479,21
S01009279,Economically active: Total,313,296,17
S01009279,Economically active: Employee: Total,241,226,15
S01009279,Economically active: Employee: Part-time (1),71,68,3
S01009279,Economically active: Employee: Full-time (1),170,158,12
S01009279,Economically active: Self-employed: Total,55,53,2
S01009279,Economically active: Self-employed: Part-time (1),16,15,1
S01009279,Economically active: Self-employed: Full-time (1),39,38,1
S01009279,Economically active: Unemployed (1),17,17,0
S01009279,Economically inactive,187,183,4
S01009280,All people aged 16 and over,698,685,13
S01009280,Economically active: Total,360,355,5
S01009280,Economically active: Employee: Total,278,273,5
S01009280,Economically active: Employee: Part-time (1),84,83,1
S01009280,Economically active: Employee: Full-time (1),194,190,4
S01009280,Economically active: Self-employed: Total,13,13,0
S01009280,Economically active: Self-employed: Part-time (1),3,3,0
S01009280,Economically active: Self-employed: Full-time (1),10,10,0
S01009280,Economically active: Unemployed (1),69,69,0
S01009280,Economically inactive,338,330,8
S01009281,All people aged 16 and over,668,656,12
S01009281,Economically active: Total,338,329,9
S01009281,Economically active: Employee: Total,272,264,8
S01009281,Economically active: Employee: Part-time (1),85,83,2
S01009281,Economically active: Employee: Full-time (1),187,181,6
S01009281,Economically active: Self-employed: Total,16,16,0
S01009281,Economically active: Self-employed: Part-time (1),6,6,0
S01009281,Economically active: Self-employed: Full-time (1),10,10,0
S01009281,Economically active: Unemployed (1),50,49,1
S01009281,Economically inactive,330,327,3
S01009282,All people aged 16 and over,625,583,42
S01009282,Economically active: Total,378,348,30
S01009282,Economically active: Employee: Total,291,269,22
S01009282,Economically active: Employee: Part-time (1),73,69,4
S01009282,Economically active: Employee: Full-time (1),218,200,18
S01009282,Economically active: Self-employed: Total,64,59,5
S01009282,Economically active: Self-employed: Part-time (1),18,17,1
S01009282,Economically active: Self-employed: Full-time (1),46,42,4
S01009282,Economically active: Unemployed (1),23,20,3
S01009282,Economically inactive,247,235,12
S01009283,All people aged 16 and over,356,336,20
S01009283,Economically active: Total,281,263,18
S01009283,Economically active: Employee: Total,227,214,13
S01009283,Economically active: Employee: Part-time (1),57,54,3
S01009283,Economically active: Employee: Full-time (1),170,160,10
S01009283,Economically active: Self-employed: Total,35,30,5
S01009283,Economically active: Self-employed: Part-time (1),9,9,0
S01009283,Economically active: Self-employed: Full-time (1),26,21,5
S01009283,Economically active: Unemployed (1),19,19,0
S01009283,Economically inactive,75,73,2
S01009284,All people aged 16 and over,650,625,25
S01009284,Economically active: Total,474,454,20
S01009284,Economically active: Employee: Total,408,393,15
S01009284,Economically active: Employee: Part-time (1),118,112,6
S01009284,Economically active: Employee: Full-time (1),290,281,9
S01009284,Economically active: Self-employed: Total,49,44,5
S01009284,Economically active: Self-employed: Part-time (1),8,8,0
S01009284,Economically active: Self-employed: Full-time (1),41,36,5
S01009284,Economically active: Unemployed (1),17,17,0
S01009284,Economically inactive,176,171,5
S01009285,All people aged 16 and over,705,666,39
S01009285,Economically active: Total,512,483,29
S01009285,Economically active: Employee: Total,434,412,22
S01009285,Economically active: Employee: Part-time (1),153,147,6
S01009285,Economically active: Employee: Full-time (1),281,265,16
S01009285,Economically active: Self-employed: Total,46,42,4
S01009285,Economically active: Self-employed: Part-time (1),17,17,0
S01009285,Economically active: Self-employed: Full-time (1),29,25,4
S01009285,Economically active: Unemployed (1),32,29,3
S01009285,Economically inactive,193,183,10
S01009286,All people aged 16 and over,653,630,23
S01009286,Economically active: Total,411,391,20
S01009286,Economically active: Employee: Total,345,329,16
S01009286,Economically active: Employee: Part-time (1),90,87,3
S01009286,Economically active: Employee: Full-time (1),255,242,13
S01009286,Economically active: Self-employed: Total,45,43,2
S01009286,Economically active: Self-employed: Part-time (1),12,10,2
S01009286,Economically active: Self-employed: Full-time (1),33,33,0
S01009286,Economically active: Unemployed (1),21,19,2
S01009286,Economically inactive,242,239,3
S01009287,All people aged 16 and over,627,597,30
S01009287,Economically active: Total,340,320,20
S01009287,Economically active: Employee: Total,256,242,14
S01009287,Economically active: Employee: Part-time (1),68,65,3
S01009287,Economically active: Employee: Full-time (1),188,177,11
S01009287,Economically active: Self-employed: Total,70,67,3
S01009287,Economically active: Self-employed: Part-time (1),33,31,2
S01009287,Economically active: Self-employed: Full-time (1),37,36,1
S01009287,Economically active: Unemployed (1),14,11,3
S01009287,Economically inactive,287,277,10
S01009288,All people aged 16 and over,700,669,31
S01009288,Economically active: Total,381,362,19
S01009288,Economically active: Employee: Total,289,273,16
S01009288,Economically active: Employee: Part-time (1),80,76,4
S01009288,Economically active: Employee: Full-time (1),209,197,12
S01009288,Economically active: Self-employed: Total,70,68,2
S01009288,Economically active: Self-employed: Part-time (1),31,29,2
S01009288,Economically active: Self-employed: Full-time (1),39,39,0
S01009288,Economically active: Unemployed (1),22,21,1
S01009288,Economically inactive,319,307,12
S01009289,All people aged 16 and over,762,733,29
S01009289,Economically active: Total,450,434,16
S01009289,Economically active: Employee: Total,364,354,10
S01009289,Economically active: Employee: Part-time (1),85,83,2
S01009289,Economically active: Employee: Full-time (1),279,271,8
S01009289,Economically active: Self-employed: Total,65,59,6
S01009289,Economically active: Self-employed: Part-time (1),12,11,1
S01009289,Economically active: Self-employed: Full-time (1),53,48,5
S01009289,Economically active: Unemployed (1),21,21,0
S01009289,Economically inactive,312,299,13
S01009290,All people aged 16 and over,538,520,18
S01009290,Economically active: Total,295,280,15
S01009290,Economically active: Employee: Total,244,229,15
S01009290,Economically active: Employee: Part-time (1),76,71,5
S01009290,Economically active: Employee: Full-time (1),168,158,10
S01009290,Economically active: Self-employed: Total,40,40,0
S01009290,Economically active: Self-employed: Part-time (1),15,15,0
S01009290,Economically active: Self-employed: Full-time (1),25,25,0
S01009290,Economically active: Unemployed (1),11,11,0
S01009290,Economically inactive,243,240,3
S01009291,All people aged 16 and over,810,792,18
S01009291,Economically active: Total,548,533,15
S01009291,Economically active: Employee: Total,463,451,12
S01009291,Economically active: Employee: Part-time (1),138,135,3
S01009291,Economically active: Employee: Full-time (1),325,316,9
S01009291,Economically active: Self-employed: Total,61,60,1
S01009291,Economically active: Self-employed: Part-time (1),19,19,0
S01009291,Economically active: Self-employed: Full-time (1),42,41,1
S01009291,Economically active: Unemployed (1),24,22,2
S01009291,Economically inactive,262,259,3
S01009292,All people aged 16 and over,425,412,13
S01009292,Economically active: Total,271,264,7
S01009292,Economically active: Employee: Total,223,217,6
S01009292,Economically active: Employee: Part-time (1),75,75,0
S01009292,Economically active: Employee: Full-time (1),148,142,6
S01009292,Economically active: Self-employed: Total,15,15,0
S01009292,Economically active: Self-employed: Part-time (1),0,0,0
S01009292,Economically active: Self-employed: Full-time (1),15,15,0
S01009292,Economically active: Unemployed (1),33,32,1
S01009292,Economically inactive,154,148,6
S01009293,All people aged 16 and over,574,550,24
S01009293,Economically active: Total,403,386,17
S01009293,Economically active: Employee: Total,345,334,11
S01009293,Economically active: Employee: Part-time (1),102,98,4
S01009293,Economically active: Employee: Full-time (1),243,236,7
S01009293,Economically active: Self-employed: Total,46,41,5
S01009293,Economically active: Self-employed: Part-time (1),16,14,2
S01009293,Economically active: Self-employed: Full-time (1),30,27,3
S01009293,Economically active: Unemployed (1),12,11,1
S01009293,Economically inactive,171,164,7
S01009294,All people aged 16 and over,401,386,15
S01009294,Economically active: Total,273,261,12
S01009294,Economically active: Employee: Total,220,211,9
S01009294,Economically active: Employee: Part-time (1),59,58,1
S01009294,Economically active: Employee: Full-time (1),161,153,8
S01009294,Economically active: Self-employed: Total,38,37,1
S01009294,Economically active: Self-employed: Part-time (1),10,10,0
S01009294,Economically active: Self-employed: Full-time (1),28,27,1
S01009294,Economically active: Unemployed (1),15,13,2
S01009294,Economically inactive,128,125,3
S01009295,All people aged 16 and over,530,506,24
S01009295,Economically active: Total,374,353,21
S01009295,Economically active: Employee: Total,322,305,17
S01009295,Economically active: Employee: Part-time (1),81,75,6
S01009295,Economically active: Employee: Full-time (1),241,230,11
S01009295,Economically active: Self-employed: Total,37,33,4
S01009295,Economically active: Self-employed: Part-time (1),11,11,0
S01009295,Economically active: Self-employed: Full-time (1),26,22,4
S01009295,Economically active: Unemployed (1),15,15,0
S01009295,Economically inactive,156,153,3
S01009296,All people aged 16 and over,426,416,10
S01009296,Economically active: Total,319,310,9
S01009296,Economically active: Employee: Total,266,262,4
S01009296,Economically active: Employee: Part-time (1),71,71,0
S01009296,Economically active: Employee: Full-time (1),195,191,4
S01009296,Economically active: Self-employed: Total,39,34,5
S01009296,Economically active: Self-employed: Part-time (1),11,10,1
S01009296,Economically active: Self-employed: Full-time (1),28,24,4
S01009296,Economically active: Unemployed (1),14,14,0
S01009296,Economically inactive,107,106,1
S01009297,All people aged 16 and over,675,650,25
S01009297,Economically active: Total,508,489,19
S01009297,Economically active: Employee: Total,436,419,17
S01009297,Economically active: Employee: Part-time (1),115,112,3
S01009297,Economically active: Employee: Full-time (1),321,307,14
S01009297,Economically active: Self-employed: Total,53,51,2
S01009297,Economically active: Self-employed: Part-time (1),15,15,0
S01009297,Economically active: Self-employed: Full-time (1),38,36,2
S01009297,Economically active: Unemployed (1),19,19,0
S01009297,Economically inactive,167,161,6
S01009298,All people aged 16 and over,845,797,48
S01009298,Economically active: Total,496,465,31
S01009298,Economically active: Employee: Total,402,374,28
S01009298,Economically active: Employee: Part-time (1),119,113,6
S01009298,Economically active: Employee: Full-time (1),283,261,22
S01009298,Economically active: Self-employed: Total,41,38,3
S01009298,Economically active: Self-employed: Part-time (1),8,7,1
S01009298,Economically active: Self-employed: Full-time (1),33,31,2
S01009298,Economically active: Unemployed (1),53,53,0
S01009298,Economically inactive,349,332,17
S01009299,All people aged 16 and over,811,760,51
S01009299,Economically active: Total,549,505,44
S01009299,Economically active: Employee: Total,445,409,36
S01009299,Economically active: Employee: Part-time (1),112,101,11
S01009299,Economically active: Employee: Full-time (1),333,308,25
S01009299,Economically active: Self-employed: Total,67,59,8
S01009299,Economically active: Self-employed: Part-time (1),17,14,3
S01009299,Economically active: Self-employed: Full-time (1),50,45,5
S01009299,Economically active: Unemployed (1),37,37,0
S01009299,Economically inactive,262,255,7
S01009300,All people aged 16 and over,444,410,34
S01009300,Economically active: Total,310,286,24
S01009300,Economically active: Employee: Total,255,237,18
S01009300,Economically active: Employee: Part-time (1),46,43,3
S01009300,Economically active: Employee: Full-time (1),209,194,15
S01009300,Economically active: Self-employed: Total,26,24,2
S01009300,Economically active: Self-employed: Part-time (1),7,7,0
S01009300,Economically active: Self-employed: Full-time (1),19,17,2
S01009300,Economically active: Unemployed (1),29,25,4
S01009300,Economically inactive,134,124,10
S01009301,All people aged 16 and over,834,792,42
S01009301,Economically active: Total,525,495,30
S01009301,Economically active: Employee: Total,383,361,22
S01009301,Economically active: Employee: Part-time (1),84,81,3
S01009301,Economically active: Employee: Full-time (1),299,280,19
S01009301,Economically active: Self-employed: Total,45,42,3
S01009301,Economically active: Self-employed: Part-time (1),12,9,3
S01009301,Economically active: Self-employed: Full-time (1),33,33,0
S01009301,Economically active: Unemployed (1),97,92,5
S01009301,Economically inactive,309,297,12
S01009302,All people aged 16 and over,690,636,54
S01009302,Economically active: Total,451,414,37
S01009302,Economically active: Employee: Total,354,321,33
S01009302,Economically active: Employee: Part-time (1),104,97,7
S01009302,Economically active: Employee: Full-time (1),250,224,26
S01009302,Economically active: Self-employed: Total,16,15,1
S01009302,Economically active: Self-employed: Part-time (1),10,10,0
S01009302,Economically active: Self-employed: Full-time (1),6,5,1
S01009302,Economically active: Unemployed (1),81,78,3
S01009302,Economically inactive,239,222,17
S01009303,All people aged 16 and over,666,613,53
S01009303,Economically active: Total,391,356,35
S01009303,Economically active: Employee: Total,332,305,27
S01009303,Economically active: Employee: Part-time (1),94,85,9
S01009303,Economically active: Employee: Full-time (1),238,220,18
S01009303,Economically active: Self-employed: Total,31,26,5
S01009303,Economically active: Self-employed: Part-time (1),7,7,0
S01009303,Economically active: Self-employed: Full-time (1),24,19,5
S01009303,Economically active: Unemployed (1),28,25,3
S01009303,Economically inactive,275,257,18
S01009304,All people aged 16 and over,770,754,16
S01009304,Economically active: Total,507,496,11
S01009304,Economically active: Employee: Total,424,415,9
S01009304,Economically active: Employee: Part-time (1),122,118,4
S01009304,Economically active: Employee: Full-time (1),302,297,5
S01009304,Economically active: Self-employed: Total,48,46,2
S01009304,Economically active: Self-employed: Part-time (1),14,14,0
S01009304,Economically active: Self-employed: Full-time (1),34,32,2
S01009304,Economically active: Unemployed (1),35,35,0
S01009304,Economically inactive,263,258,5
S01009305,All people aged 16 and over,652,621,31
S01009305,Economically active: Total,415,390,25
S01009305,Economically active: Employee: Total,348,329,19
S01009305,Economically active: Employee: Part-time (1),88,82,6
S01009305,Economically active: Employee: Full-time (1),260,247,13
S01009305,Economically active: Self-employed: Total,20,18,2
S01009305,Economically active: Self-employed: Part-time (1),7,7,0
S01009305,Economically active: Self-employed: Full-time (1),13,11,2
S01009305,Economically active: Unemployed (1),47,43,4
S01009305,Economically inactive,237,231,6
S01009306,All people aged 16 and over,897,834,63
S01009306,Economically active: Total,639,589,50
S01009306,Economically active: Employee: Total,520,483,37
S01009306,Economically active: Employee: Part-time (1),122,113,9
S01009306,Economically active: Employee: Full-time (1),398,370,28
S01009306,Economically active: Self-employed: Total,51,44,7
S01009306,Economically active: Self-employed: Part-time (1),19,18,1
S01009306,Economically active: Self-employed: Full-time (1),32,26,6
S01009306,Economically active: Unemployed (1),68,62,6
S01009306,Economically inactive,258,245,13
S01009307,All people aged 16 and over,900,811,89
S01009307,Economically active: Total,613,546,67
S01009307,Economically active: Employee: Total,487,437,50
S01009307,Economically active: Employee: Part-time (1),96,83,13
S01009307,Economically active: Employee: Full-time (1),391,354,37
S01009307,Economically active: Self-employed: Total,62,50,12
S01009307,Economically active: Self-employed: Part-time (1),23,17,6
S01009307,Economically active: Self-employed: Full-time (1),39,33,6
S01009307,Economically active: Unemployed (1),64,59,5
S01009307,Economically inactive,287,265,22
S01009308,All people aged 16 and over,436,371,65
S01009308,Economically active: Total,309,260,49
S01009308,Economically active: Employee: Total,244,205,39
S01009308,Economically active: Employee: Part-time (1),47,41,6
S01009308,Economically active: Employee: Full-time (1),197,164,33
S01009308,Economically active: Self-employed: Total,39,33,6
S01009308,Economically active: Self-employed: Part-time (1),13,11,2
S01009308,Economically active: Self-employed: Full-time (1),26,22,4
S01009308,Economically active: Unemployed (1),26,22,4
S01009308,Economically inactive,127,111,16
S01009309,All people aged 16 and over,625,579,46
S01009309,Economically active: Total,469,429,40
S01009309,Economically active: Employee: Total,385,356,29
S01009309,Economically active: Employee: Part-time (1),68,61,7
S01009309,Economically active: Employee: Full-time (1),317,295,22
S01009309,Economically active: Self-employed: Total,54,48,6
S01009309,Economically active: Self-employed: Part-time (1),15,13,2
S01009309,Economically active: Self-employed: Full-time (1),39,35,4
S01009309,Economically active: Unemployed (1),30,25,5
S01009309,Economically inactive,156,150,6
S01009310,All people aged 16 and over,804,755,49
S01009310,Economically active: Total,493,460,33
S01009310,Economically active: Employee: Total,405,378,27
S01009310,Economically active: Employee: Part-time (1),96,90,6
S01009310,Economically active: Employee: Full-time (1),309,288,21
S01009310,Economically active: Self-employed: Total,61,58,3
S01009310,Economically active: Self-employed: Part-time (1),22,21,1
S01009310,Economically active: Self-employed: Full-time (1),39,37,2
S01009310,Economically active: Unemployed (1),27,24,3
S01009310,Economically inactive,311,295,16
S01009311,All people aged 16 and over,570,545,25
S01009311,Economically active: Total,339,328,11
S01009311,Economically active: Employee: Total,273,263,10
S01009311,Economically active: Employee: Part-time (1),90,88,2
S01009311,Economically active: Employee: Full-time (1),183,175,8
S01009311,Economically active: Self-employed: Total,21,20,1
S01009311,Economically active: Self-employed: Part-time (1),5,4,1
S01009311,Economically active: Self-employed: Full-time (1),16,16,0
S01009311,Economically active: Unemployed (1),45,45,0
S01009311,Economically inactive,231,217,14
S01009312,All people aged 16 and over,578,511,67
S01009312,Economically active: Total,430,377,53
S01009312,Economically active: Employee: Total,369,320,49
S01009312,Economically active: Employee: Part-time (1),69,57,12
S01009312,Economically active: Employee: Full-time (1),300,263,37
S01009312,Economically active: Self-employed: Total,28,28,0
S01009312,Economically active: Self-employed: Part-time (1),7,7,0
S01009312,Economically active: Self-employed: Full-time (1),21,21,0
S01009312,Economically active: Unemployed (1),33,29,4
S01009312,Economically inactive,148,134,14
S01009313,All people aged 16 and over,460,432,28
S01009313,Economically active: Total,267,246,21
S01009313,Economically active: Employee: Total,221,205,16
S01009313,Economically active: Employee: Part-time (1),64,60,4
S01009313,Economically active: Employee: Full-time (1),157,145,12
S01009313,Economically active: Self-employed: Total,27,27,0
S01009313,Economically active: Self-employed: Part-time (1),11,11,0
S01009313,Economically active: Self-employed: Full-time (1),16,16,0
S01009313,Economically active: Unemployed (1),19,14,5
S01009313,Economically inactive,193,186,7
S01009314,All people aged 16 and over,541,515,26
S01009314,Economically active: Total,354,334,20
S01009314,Economically active: Employee: Total,302,287,15
S01009314,Economically active: Employee: Part-time (1),87,82,5
S01009314,Economically active: Employee: Full-time (1),215,205,10
S01009314,Economically active: Self-employed: Total,31,27,4
S01009314,Economically active: Self-employed: Part-time (1),5,5,0
S01009314,Economically active: Self-employed: Full-time (1),26,22,4
S01009314,Economically active: Unemployed (1),21,20,1
S01009314,Economically inactive,187,181,6
S01009315,All people aged 16 and over,542,513,29
S01009315,Economically active: Total,317,299,18
S01009315,Economically active: Employee: Total,260,246,14
S01009315,Economically active: Employee: Part-time (1),76,75,1
S01009315,Economically active: Employee: Full-time (1),184,171,13
S01009315,Economically active: Self-employed: Total,29,26,3
S01009315,Economically active: Self-employed: Part-time (1),8,8,0
S01009315,Economically active: Self-employed: Full-time (1),21,18,3
S01009315,Economically active: Unemployed (1),28,27,1
S01009315,Economically inactive,225,214,11
S01009316,All people aged 16 and over,621,590,31
S01009316,Economically active: Total,428,402,26
S01009316,Economically active: Employee: Total,354,333,21
S01009316,Economically active: Employee: Part-time (1),92,89,3
S01009316,Economically active: Employee: Full-time (1),262,244,18
S01009316,Economically active: Self-employed: Total,51,47,4
S01009316,Economically active: Self-employed: Part-time (1),16,14,2
S01009316,Economically active: Self-employed: Full-time (1),35,33,2
S01009316,Economically active: Unemployed (1),23,22,1
S01009316,Economically inactive,193,188,5
S01009317,All people aged 16 and over,710,672,38
S01009317,Economically active: Total,465,436,29
S01009317,Economically active: Employee: Total,396,374,22
S01009317,Economically active: Employee: Part-time (1),104,96,8
S01009317,Economically active: Employee: Full-time (1),292,278,14
S01009317,Economically active: Self-employed: Total,46,42,4
S01009317,Economically active: Self-employed: Part-time (1),13,13,0
S01009317,Economically active: Self-employed: Full-time (1),33,29,4
S01009317,Economically active: Unemployed (1),23,20,3
S01009317,Economically inactive,245,236,9
S01009318,All people aged 16 and over,500,480,20
S01009318,Economically active: Total,356,340,16
S01009318,Economically active: Employee: Total,309,297,12
S01009318,Economically active: Employee: Part-time (1),93,90,3
S01009318,Economically active: Employee: Full-time (1),216,207,9
S01009318,Economically active: Self-employed: Total,33,31,2
S01009318,Economically active: Self-employed: Part-time (1),7,5,2
S01009318,Economically active: Self-employed: Full-time (1),26,26,0
S01009318,Economically active: Unemployed (1),14,12,2
S01009318,Economically inactive,144,140,4
S01009319,All people aged 16 and over,776,743,33
S01009319,Economically active: Total,407,388,19
S01009319,Economically active: Employee: Total,354,336,18
S01009319,Economically active: Employee: Part-time (1),103,97,6
S01009319,Economically active: Employee: Full-time (1),251,239,12
S01009319,Economically active: Self-employed: Total,37,36,1
S01009319,Economically active: Self-employed: Part-time (1),6,6,0
S01009319,Economically active: Self-employed: Full-time (1),31,30,1
S01009319,Economically active: Unemployed (1),16,16,0
S01009319,Economically inactive,369,355,14
S01009320,All people aged 16 and over,599,566,33
S01009320,Economically active: Total,329,312,17
S01009320,Economically active: Employee: Total,289,274,15
S01009320,Economically active: Employee: Part-time (1),77,73,4
S01009320,Economically active: Employee: Full-time (1),212,201,11
S01009320,Economically active: Self-employed: Total,29,28,1
S01009320,Economically active: Self-employed: Part-time (1),10,10,0
S01009320,Economically active: Self-employed: Full-time (1),19,18,1
S01009320,Economically active: Unemployed (1),11,10,1
S01009320,Economically inactive,270,254,16
S01009321,All people aged 16 and over,566,536,30
S01009321,Economically active: Total,327,309,18
S01009321,Economically active: Employee: Total,296,280,16
S01009321,Economically active: Employee: Part-time (1),84,79,5
S01009321,Economically active: Employee: Full-time (1),212,201,11
S01009321,Economically active: Self-employed: Total,21,20,1
S01009321,Economically active: Self-employed: Part-time (1),7,7,0
S01009321,Economically active: Self-employed: Full-time (1),14,13,1
S01009321,Economically active: Unemployed (1),10,9,1
S01009321,Economically inactive,239,227,12
S01009322,All people aged 16 and over,673,654,19
S01009322,Economically active: Total,403,394,9
S01009322,Economically active: Employee: Total,348,341,7
S01009322,Economically active: Employee: Part-time (1),81,79,2
S01009322,Economically active: Employee: Full-time (1),267,262,5
S01009322,Economically active: Self-employed: Total,37,35,2
S01009322,Economically active: Self-employed: Part-time (1),9,9,0
S01009322,Economically active: Self-employed: Full-time (1),28,26,2
S01009322,Economically active: Unemployed (1),18,18,0
S01009322,Economically inactive,270,260,10
S01009323,All people aged 16 and over,557,546,11
S01009323,Economically active: Total,319,315,4
S01009323,Economically active: Employee: Total,261,258,3
S01009323,Economically active: Employee: Part-time (1),65,64,1
S01009323,Economically active: Employee: Full-time (1),196,194,2
S01009323,Economically active: Self-employed: Total,36,35,1
S01009323,Economically active: Self-employed: Part-time (1),10,10,0
S01009323,Economically active: Self-employed: Full-time (1),26,25,1
S01009323,Economically active: Unemployed (1),22,22,0
S01009323,Economically inactive,238,231,7
S01009324,All people aged 16 and over,448,427,21
S01009324,Economically active: Total,296,275,21
S01009324,Economically active: Employee: Total,246,227,19
S01009324,Economically active: Employee: Part-time (1),66,62,4
S01009324,Economically active: Employee: Full-time (1),180,165,15
S01009324,Economically active: Self-employed: Total,26,24,2
S01009324,Economically active: Self-employed: Part-time (1),9,9,0
S01009324,Economically active: Self-employed: Full-time (1),17,15,2
S01009324,Economically active: Unemployed (1),24,24,0
S01009324,Economically inactive,152,152,0
S01009325,All people aged 16 and over,618,593,25
S01009325,Economically active: Total,438,419,19
S01009325,Economically active: Employee: Total,378,362,16
S01009325,Economically active: Employee: Part-time (1),100,95,5
S01009325,Economically active: Employee: Full-time (1),278,267,11
S01009325,Economically active: Self-employed: Total,42,40,2
S01009325,Economically active: Self-employed: Part-time (1),15,14,1
S01009325,Economically active: Self-employed: Full-time (1),27,26,1
S01009325,Economically active: Unemployed (1),18,17,1
S01009325,Economically inactive,180,174,6
S01009326,All people aged 16 and over,448,431,17
S01009326,Economically active: Total,333,319,14
S01009326,Economically active: Employee: Total,292,280,12
S01009326,Economically active: Employee: Part-time (1),89,85,4
S01009326,Economically active: Employee: Full-time (1),203,195,8
S01009326,Economically active: Self-employed: Total,18,16,2
S01009326,Economically active: Self-employed: Part-time (1),8,7,1
S01009326,Economically active: Self-employed: Full-time (1),10,9,1
S01009326,Economically active: Unemployed (1),23,23,0
S01009326,Economically inactive,115,112,3
S01009327,All people aged 16 and over,486,472,14
S01009327,Economically active: Total,259,251,8
S01009327,Economically active: Employee: Total,219,212,7
S01009327,Economically active: Employee: Part-time (1),67,65,2
S01009327,Economically active: Employee: Full-time (1),152,147,5
S01009327,Economically active: Self-employed: Total,21,21,0
S01009327,Economically active: Self-employed: Part-time (1),2,2,0
S01009327,Economically active: Self-employed: Full-time (1),19,19,0
S01009327,Economically active: Unemployed (1),19,18,1
S01009327,Economically inactive,227,221,6
S01009328,All people aged 16 and over,478,438,40
S01009328,Economically active: Total,434,405,29
S01009328,Economically active: Employee: Total,395,367,28
S01009328,Economically active: Employee: Part-time (1),73,70,3
S01009328,Economically active: Employee: Full-time (1),322,297,25
S01009328,Economically active: Self-employed: Total,27,26,1
S01009328,Economically active: Self-employed: Part-time (1),7,7,0
S01009328,Economically active: Self-employed: Full-time (1),20,19,1
S01009328,Economically active: Unemployed (1),12,12,0
S01009328,Economically inactive,44,33,11
S01009329,All people aged 16 and over,337,313,24
S01009329,Economically active: Total,296,277,19
S01009329,Economically active: Employee: Total,268,253,15
S01009329,Economically active: Employee: Part-time (1),48,44,4
S01009329,Economically active: Employee: Full-time (1),220,209,11
S01009329,Economically active: Self-employed: Total,16,14,2
S01009329,Economically active: Self-employed: Part-time (1),7,5,2
S01009329,Economically active: Self-employed: Full-time (1),9,9,0
S01009329,Economically active: Unemployed (1),12,10,2
S01009329,Economically inactive,41,36,5
S01009330,All people aged 16 and over,353,321,32
S01009330,Economically active: Total,270,248,22
S01009330,Economically active: Employee: Total,231,211,20
S01009330,Economically active: Employee: Part-time (1),61,58,3
S01009330,Economically active: Employee: Full-time (1),170,153,17
S01009330,Economically active: Self-employed: Total,21,19,2
S01009330,Economically active: Self-employed: Part-time (1),6,5,1
S01009330,Economically active: Self-employed: Full-time (1),15,14,1
S01009330,Economically active: Unemployed (1),18,18,0
S01009330,Economically inactive,83,73,10
S01009331,All people aged 16 and over,399,379,20
S01009331,Economically active: Total,335,321,14
S01009331,Economically active: Employee: Total,290,280,10
S01009331,Economically active: Employee: Part-time (1),60,59,1
S01009331,Economically active: Employee: Full-time (1),230,221,9
S01009331,Economically active: Self-employed: Total,34,32,2
S01009331,Economically active: Self-employed: Part-time (1),7,7,0
S01009331,Economically active: Self-employed: Full-time (1),27,25,2
S01009331,Economically active: Unemployed (1),11,9,2
S01009331,Economically inactive,64,58,6
S01009332,All people aged 16 and over,750,716,34
S01009332,Economically active: Total,475,452,23
S01009332,Economically active: Employee: Total,411,391,20
S01009332,Economically active: Employee: Part-time (1),111,105,6
S01009332,Economically active: Employee: Full-time (1),300,286,14
S01009332,Economically active: Self-employed: Total,42,40,2
S01009332,Economically active: Self-employed: Part-time (1),13,12,1
S01009332,Economically active: Self-employed: Full-time (1),29,28,1
S01009332,Economically active: Unemployed (1),22,21,1
S01009332,Economically inactive,275,264,11
S01009333,All people aged 16 and over,589,557,32
S01009333,Economically active: Total,398,373,25
S01009333,Economically active: Employee: Total,332,314,18
S01009333,Economically active: Employee: Part-time (1),94,88,6
S01009333,Economically active: Employee: Full-time (1),238,226,12
S01009333,Economically active: Self-employed: Total,31,27,4
S01009333,Economically active: Self-employed: Part-time (1),12,8,4
S01009333,Economically active: Self-employed: Full-time (1),19,19,0
S01009333,Economically active: Unemployed (1),35,32,3
S01009333,Economically inactive,191,184,7
S01009334,All people aged 16 and over,511,489,22
S01009334,Economically active: Total,301,293,8
S01009334,Economically active: Employee: Total,222,215,7
S01009334,Economically active: Employee: Part-time (1),68,64,4
S01009334,Economically active: Employee: Full-time (1),154,151,3
S01009334,Economically active: Self-employed: Total,17,16,1
S01009334,Economically active: Self-employed: Part-time (1),8,7,1
S01009334,Economically active: Self-employed: Full-time (1),9,9,0
S01009334,Economically active: Unemployed (1),62,62,0
S01009334,Economically inactive,210,196,14
S01009335,All people aged 16 and over,634,604,30
S01009335,Economically active: Total,394,373,21
S01009335,Economically active: Employee: Total,326,309,17
S01009335,Economically active: Employee: Part-time (1),105,101,4
S01009335,Economically active: Employee: Full-time (1),221,208,13
S01009335,Economically active: Self-employed: Total,23,19,4
S01009335,Economically active: Self-employed: Part-time (1),5,4,1
S01009335,Economically active: Self-employed: Full-time (1),18,15,3
S01009335,Economically active: Unemployed (1),45,45,0
S01009335,Economically inactive,240,231,9
S01009336,All people aged 16 and over,518,483,35
S01009336,Economically active: Total,313,288,25
S01009336,Economically active: Employee: Total,216,201,15
S01009336,Economically active: Employee: Part-time (1),71,70,1
S01009336,Economically active: Employee: Full-time (1),145,131,14
S01009336,Economically active: Self-employed: Total,19,18,1
S01009336,Economically active: Self-employed: Part-time (1),5,5,0
S01009336,Economically active: Self-employed: Full-time (1),14,13,1
S01009336,Economically active: Unemployed (1),78,69,9
S01009336,Economically inactive,205,195,10
S01009337,All people aged 16 and over,564,540,24
S01009337,Economically active: Total,339,327,12
S01009337,Economically active: Employee: Total,274,263,11
S01009337,Economically active: Employee: Part-time (1),103,100,3
S01009337,Economically active: Employee: Full-time (1),171,163,8
S01009337,Economically active: Self-employed: Total,18,18,0
S01009337,Economically active: Self-employed: Part-time (1),6,6,0
S01009337,Economically active: Self-employed: Full-time (1),12,12,0
S01009337,Economically active: Unemployed (1),47,46,1
S01009337,Economically inactive,225,213,12
S01009338,All people aged 16 and over,626,594,32
S01009338,Economically active: Total,348,323,25
S01009338,Economically active: Employee: Total,257,235,22
S01009338,Economically active: Employee: Part-time (1),72,67,5
S01009338,Economically active: Employee: Full-time (1),185,168,17
S01009338,Economically active: Self-employed: Total,15,13,2
S01009338,Economically active: Self-employed: Part-time (1),9,8,1
S01009338,Economically active: Self-employed: Full-time (1),6,5,1
S01009338,Economically active: Unemployed (1),76,75,1
S01009338,Economically inactive,278,271,7
S01009339,All people aged 16 and over,638,599,39
S01009339,Economically active: Total,403,371,32
S01009339,Economically active: Employee: Total,293,266,27
S01009339,Economically active: Employee: Part-time (1),88,78,10
S01009339,Economically active: Employee: Full-time (1),205,188,17
S01009339,Economically active: Self-employed: Total,26,24,2
S01009339,Economically active: Self-employed: Part-time (1),11,10,1
S01009339,Economically active: Self-employed: Full-time (1),15,14,1
S01009339,Economically active: Unemployed (1),84,81,3
S01009339,Economically inactive,235,228,7
S01009340,All people aged 16 and over,483,464,19
S01009340,Economically active: Total,296,285,11
S01009340,Economically active: Employee: Total,250,243,7
S01009340,Economically active: Employee: Part-time (1),89,87,2
S01009340,Economically active: Employee: Full-time (1),161,156,5
S01009340,Economically active: Self-employed: Total,16,13,3
S01009340,Economically active: Self-employed: Part-time (1),8,6,2
S01009340,Economically active: Self-employed: Full-time (1),8,7,1
S01009340,Economically active: Unemployed (1),30,29,1
S01009340,Economically inactive,187,179,8
S01009341,All people aged 16 and over,495,474,21
S01009341,Economically active: Total,307,292,15
S01009341,Economically active: Employee: Total,234,221,13
S01009341,Economically active: Employee: Part-time (1),72,70,2
S01009341,Economically active: Employee: Full-time (1),162,151,11
S01009341,Economically active: Self-employed: Total,25,24,1
S01009341,Economically active: Self-employed: Part-time (1),7,7,0
S01009341,Economically active: Self-employed: Full-time (1),18,17,1
S01009341,Economically active: Unemployed (1),48,47,1
S01009341,Economically inactive,188,182,6
S01009342,All people aged 16 and over,609,572,37
S01009342,Economically active: Total,396,367,29
S01009342,Economically active: Employee: Total,327,301,26
S01009342,Economically active: Employee: Part-time (1),94,82,12
S01009342,Economically active: Employee: Full-time (1),233,219,14
S01009342,Economically active: Self-employed: Total,24,24,0
S01009342,Economically active: Self-employed: Part-time (1),14,14,0
S01009342,Economically active: Self-employed: Full-time (1),10,10,0
S01009342,Economically active: Unemployed (1),45,42,3
S01009342,Economically inactive,213,205,8
S01009343,All people aged 16 and over,453,435,18
S01009343,Economically active: Total,322,307,15
S01009343,Economically active: Employee: Total,283,269,14
S01009343,Economically active: Employee: Part-time (1),87,82,5
S01009343,Economically active: Employee: Full-time (1),196,187,9
S01009343,Economically active: Self-employed: Total,15,14,1
S01009343,Economically active: Self-employed: Part-time (1),4,4,0
S01009343,Economically active: Self-employed: Full-time (1),11,10,1
S01009343,Economically active: Unemployed (1),24,24,0
S01009343,Economically inactive,131,128,3
S01009344,All people aged 16 and over,530,511,19
S01009344,Economically active: Total,317,304,13
S01009344,Economically active: Employee: Total,261,252,9
S01009344,Economically active: Employee: Part-time (1),78,75,3
S01009344,Economically active: Employee: Full-time (1),183,177,6
S01009344,Economically active: Self-employed: Total,15,12,3
S01009344,Economically active: Self-employed: Part-time (1),3,3,0
S01009344,Economically active: Self-employed: Full-time (1),12,9,3
S01009344,Economically active: Unemployed (1),41,40,1
S01009344,Economically inactive,213,207,6
S01009345,All people aged 16 and over,742,713,29
S01009345,Economically active: Total,521,499,22
S01009345,Economically active: Employee: Total,449,429,20
S01009345,Economically active: Employee: Part-time (1),149,142,7
S01009345,Economically active: Employee: Full-time (1),300,287,13
S01009345,Economically active: Self-employed: Total,28,27,1
S01009345,Economically active: Self-employed: Part-time (1),7,7,0
S01009345,Economically active: Self-employed: Full-time (1),21,20,1
S01009345,Economically active: Unemployed (1),44,43,1
S01009345,Economically inactive,221,214,7
S01009346,All people aged 16 and over,479,429,50
S01009346,Economically active: Total,421,382,39
S01009346,Economically active: Employee: Total,349,323,26
S01009346,Economically active: Employee: Part-time (1),86,78,8
S01009346,Economically active: Employee: Full-time (1),263,245,18
S01009346,Economically active: Self-employed: Total,53,46,7
S01009346,Economically active: Self-employed: Part-time (1),13,12,1
S01009346,Economically active: Self-employed: Full-time (1),40,34,6
S01009346,Economically active: Unemployed (1),19,13,6
S01009346,Economically inactive,58,47,11
S01009347,All people aged 16 and over,462,431,31
S01009347,Economically active: Total,383,358,25
S01009347,Economically active: Employee: Total,324,304,20
S01009347,Economically active: Employee: Part-time (1),90,88,2
S01009347,Economically active: Employee: Full-time (1),234,216,18
S01009347,Economically active: Self-employed: Total,46,43,3
S01009347,Economically active: Self-employed: Part-time (1),6,6,0
S01009347,Economically active: Self-employed: Full-time (1),40,37,3
S01009347,Economically active: Unemployed (1),13,11,2
S01009347,Economically inactive,79,73,6
S01009348,All people aged 16 and over,351,326,25
S01009348,Economically active: Total,305,285,20
S01009348,Economically active: Employee: Total,272,254,18
S01009348,Economically active: Employee: Part-time (1),72,66,6
S01009348,Economically active: Employee: Full-time (1),200,188,12
S01009348,Economically active: Self-employed: Total,22,21,1
S01009348,Economically active: Self-employed: Part-time (1),8,8,0
S01009348,Economically active: Self-employed: Full-time (1),14,13,1
S01009348,Economically active: Unemployed (1),11,10,1
S01009348,Economically inactive,46,41,5
S01009349,All people aged 16 and over,564,514,50
S01009349,Economically active: Total,481,440,41
S01009349,Economically active: Employee: Total,412,380,32
S01009349,Economically active: Employee: Part-time (1),91,85,6
S01009349,Economically active: Employee: Full-time (1),321,295,26
S01009349,Economically active: Self-employed: Total,49,42,7
S01009349,Economically active: Self-employed: Part-time (1),18,17,1
S01009349,Economically active: Self-employed: Full-time (1),31,25,6
S01009349,Economically active: Unemployed (1),20,18,2
S01009349,Economically inactive,83,74,9
S01009350,All people aged 16 and over,446,408,38
S01009350,Economically active: Total,374,345,29
S01009350,Economically active: Employee: Total,320,301,19
S01009350,Economically active: Employee: Part-time (1),79,72,7
S01009350,Economically active: Employee: Full-time (1),241,229,12
S01009350,Economically active: Self-employed: Total,29,20,9
S01009350,Economically active: Self-employed: Part-time (1),10,8,2
S01009350,Economically active: Self-employed: Full-time (1),19,12,7
S01009350,Economically active: Unemployed (1),25,24,1
S01009350,Economically inactive,72,63,9
S01009351,All people aged 16 and over,391,344,47
S01009351,Economically active: Total,345,305,40
S01009351,Economically active: Employee: Total,308,276,32
S01009351,Economically active: Employee: Part-time (1),57,49,8
S01009351,Economically active: Employee: Full-time (1),251,227,24
S01009351,Economically active: Self-employed: Total,25,19,6
S01009351,Economically active: Self-employed: Part-time (1),13,10,3
S01009351,Economically active: Self-employed: Full-time (1),12,9,3
S01009351,Economically active: Unemployed (1),12,10,2
S01009351,Economically inactive,46,39,7
S01009352,All people aged 16 and over,563,523,40
S01009352,Economically active: Total,491,460,31
S01009352,Economically active: Employee: Total,444,418,26
S01009352,Economically active: Employee: Part-time (1),91,88,3
S01009352,Economically active: Employee: Full-time (1),353,330,23
S01009352,Economically active: Self-employed: Total,31,27,4
S01009352,Economically active: Self-employed: Part-time (1),9,7,2
S01009352,Economically active: Self-employed: Full-time (1),22,20,2
S01009352,Economically active: Unemployed (1),16,15,1
S01009352,Economically inactive,72,63,9
S01009353,All people aged 16 and over,295,274,21
S01009353,Economically active: Total,247,232,15
S01009353,Economically active: Employee: Total,211,201,10
S01009353,Economically active: Employee: Part-time (1),36,33,3
S01009353,Economically active: Employee: Full-time (1),175,168,7
S01009353,Economically active: Self-employed: Total,25,21,4
S01009353,Economically active: Self-employed: Part-time (1),6,4,2
S01009353,Economically active: Self-employed: Full-time (1),19,17,2
S01009353,Economically active: Unemployed (1),11,10,1
S01009353,Economically inactive,48,42,6
S01009354,All people aged 16 and over,635,592,43
S01009354,Economically active: Total,536,503,33
S01009354,Economically active: Employee: Total,457,438,19
S01009354,Economically active: Employee: Part-time (1),107,102,5
S01009354,Economically active: Employee: Full-time (1),350,336,14
S01009354,Economically active: Self-employed: Total,58,48,10
S01009354,Economically active: Self-employed: Part-time (1),18,16,2
S01009354,Economically active: Self-employed: Full-time (1),40,32,8
S01009354,Economically active: Unemployed (1),21,17,4
S01009354,Economically inactive,99,89,10
S01009355,All people aged 16 and over,734,704,30
S01009355,Economically active: Total,479,460,19
S01009355,Economically active: Employee: Total,426,410,16
S01009355,Economically active: Employee: Part-time (1),131,126,5
S01009355,Economically active: Employee: Full-time (1),295,284,11
S01009355,Economically active: Self-employed: Total,38,35,3
S01009355,Economically active: Self-employed: Part-time (1),15,14,1
S01009355,Economically active: Self-employed: Full-time (1),23,21,2
S01009355,Economically active: Unemployed (1),15,15,0
S01009355,Economically inactive,255,244,11
S01009356,All people aged 16 and over,828,797,31
S01009356,Economically active: Total,531,511,20
S01009356,Economically active: Employee: Total,465,447,18
S01009356,Economically active: Employee: Part-time (1),122,114,8
S01009356,Economically active: Employee: Full-time (1),343,333,10
S01009356,Economically active: Self-employed: Total,43,41,2
S01009356,Economically active: Self-employed: Part-time (1),13,12,1
S01009356,Economically active: Self-employed: Full-time (1),30,29,1
S01009356,Economically active: Unemployed (1),23,23,0
S01009356,Economically inactive,297,286,11
S01009357,All people aged 16 and over,363,326,37
S01009357,Economically active: Total,295,269,26
S01009357,Economically active: Employee: Total,252,231,21
S01009357,Economically active: Employee: Part-time (1),59,57,2
S01009357,Economically active: Employee: Full-time (1),193,174,19
S01009357,Economically active: Self-employed: Total,33,29,4
S01009357,Economically active: Self-employed: Part-time (1),12,11,1
S01009357,Economically active: Self-employed: Full-time (1),21,18,3
S01009357,Economically active: Unemployed (1),10,9,1
S01009357,Economically inactive,68,57,11
S01009358,All people aged 16 and over,556,512,44
S01009358,Economically active: Total,394,363,31
S01009358,Economically active: Employee: Total,325,302,23
S01009358,Economically active: Employee: Part-time (1),88,82,6
S01009358,Economically active: Employee: Full-time (1),237,220,17
S01009358,Economically active: Self-employed: Total,53,46,7
S01009358,Economically active: Self-employed: Part-time (1),19,19,0
S01009358,Economically active: Self-employed: Full-time (1),34,27,7
S01009358,Economically active: Unemployed (1),16,15,1
S01009358,Economically inactive,162,149,13
S01009359,All people aged 16 and over,577,528,49
S01009359,Economically active: Total,462,426,36
S01009359,Economically active: Employee: Total,391,364,27
S01009359,Economically active: Employee: Part-time (1),91,89,2
S01009359,Economically active: Employee: Full-time (1),300,275,25
S01009359,Economically active: Self-employed: Total,46,41,5
S01009359,Economically active: Self-employed: Part-time (1),12,12,0
S01009359,Economically active: Self-employed: Full-time (1),34,29,5
S01009359,Economically active: Unemployed (1),25,21,4
S01009359,Economically inactive,115,102,13
S01009360,All people aged 16 and over,704,647,57
S01009360,Economically active: Total,460,418,42
S01009360,Economically active: Employee: Total,395,361,34
S01009360,Economically active: Employee: Part-time (1),102,93,9
S01009360,Economically active: Employee: Full-time (1),293,268,25
S01009360,Economically active: Self-employed: Total,46,40,6
S01009360,Economically active: Self-employed: Part-time (1),17,13,4
S01009360,Economically active: Self-employed: Full-time (1),29,27,2
S01009360,Economically active: Unemployed (1),19,17,2
S01009360,Economically inactive,244,229,15
S01009361,All people aged 16 and over,651,629,22
S01009361,Economically active: Total,420,405,15
S01009361,Economically active: Employee: Total,364,352,12
S01009361,Economically active: Employee: Part-time (1),100,96,4
S01009361,Economically active: Employee: Full-time (1),264,256,8
S01009361,Economically active: Self-employed: Total,32,30,2
S01009361,Economically active: Self-employed: Part-time (1),9,8,1
S01009361,Economically active: Self-employed: Full-time (1),23,22,1
S01009361,Economically active: Unemployed (1),24,23,1
S01009361,Economically inactive,231,224,7
S01009362,All people aged 16 and over,868,842,26
S01009362,Economically active: Total,573,554,19
S01009362,Economically active: Employee: Total,506,491,15
S01009362,Economically active: Employee: Part-time (1),152,149,3
S01009362,Economically active: Employee: Full-time (1),354,342,12
S01009362,Economically active: Self-employed: Total,37,34,3
S01009362,Economically active: Self-employed: Part-time (1),9,8,1
S01009362,Economically active: Self-employed: Full-time (1),28,26,2
S01009362,Economically active: Unemployed (1),30,29,1
S01009362,Economically inactive,295,288,7
S01009363,All people aged 16 and over,686,660,26
S01009363,Economically active: Total,445,425,20
S01009363,Economically active: Employee: Total,378,364,14
S01009363,Economically active: Employee: Part-time (1),111,103,8
S01009363,Economically active: Employee: Full-time (1),267,261,6
S01009363,Economically active: Self-employed: Total,21,19,2
S01009363,Economically active: Self-employed: Part-time (1),5,5,0
S01009363,Economically active: Self-employed: Full-time (1),16,14,2
S01009363,Economically active: Unemployed (1),46,42,4
S01009363,Economically inactive,241,235,6
S01009364,All people aged 16 and over,694,664,30
S01009364,Economically active: Total,528,502,26
S01009364,Economically active: Employee: Total,451,432,19
S01009364,Economically active: Employee: Part-time (1),124,117,7
S01009364,Economically active: Employee: Full-time (1),327,315,12
S01009364,Economically active: Self-employed: Total,37,34,3
S01009364,Economically active: Self-employed: Part-time (1),9,8,1
S01009364,Economically active: Self-employed: Full-time (1),28,26,2
S01009364,Economically active: Unemployed (1),40,36,4
S01009364,Economically inactive,166,162,4
S01009365,All people aged 16 and over,479,464,15
S01009365,Economically active: Total,311,300,11
S01009365,Economically active: Employee: Total,268,260,8
S01009365,Economically active: Employee: Part-time (1),66,64,2
S01009365,Economically active: Employee: Full-time (1),202,196,6
S01009365,Economically active: Self-employed: Total,19,17,2
S01009365,Economically active: Self-employed: Part-time (1),7,6,1
S01009365,Economically active: Self-employed: Full-time (1),12,11,1
S01009365,Economically active: Unemployed (1),24,23,1
S01009365,Economically inactive,168,164,4
S01009366,All people aged 16 and over,628,593,35
S01009366,Economically active: Total,369,335,34
S01009366,Economically active: Employee: Total,302,274,28
S01009366,Economically active: Employee: Part-time (1),76,71,5
S01009366,Economically active: Employee: Full-time (1),226,203,23
S01009366,Economically active: Self-employed: Total,33,29,4
S01009366,Economically active: Self-employed: Part-time (1),5,5,0
S01009366,Economically active: Self-employed: Full-time (1),28,24,4
S01009366,Economically active: Unemployed (1),34,32,2
S01009366,Economically inactive,259,258,1
S01009367,All people aged 16 and over,513,482,31
S01009367,Economically active: Total,330,308,22
S01009367,Economically active: Employee: Total,284,264,20
S01009367,Economically active: Employee: Part-time (1),74,69,5
S01009367,Economically active: Employee: Full-time (1),210,195,15
S01009367,Economically active: Self-employed: Total,22,20,2
S01009367,Economically active: Self-employed: Part-time (1),8,7,1
S01009367,Economically active: Self-employed: Full-time (1),14,13,1
S01009367,Economically active: Unemployed (1),24,24,0
S01009367,Economically inactive,183,174,9
S01009368,All people aged 16 and over,445,431,14
S01009368,Economically active: Total,319,309,10
S01009368,Economically active: Employee: Total,259,251,8
S01009368,Economically active: Employee: Part-time (1),75,73,2
S01009368,Economically active: Employee: Full-time (1),184,178,6
S01009368,Economically active: Self-employed: Total,21,20,1
S01009368,Economically active: Self-employed: Part-time (1),12,12,0
S01009368,Economically active: Self-employed: Full-time (1),9,8,1
S01009368,Economically active: Unemployed (1),39,38,1
S01009368,Economically inactive,126,122,4
S01009369,All people aged 16 and over,485,460,25
S01009369,Economically active: Total,324,304,20
S01009369,Economically active: Employee: Total,276,259,17
S01009369,Economically active: Employee: Part-time (1),85,77,8
S01009369,Economically active: Employee: Full-time (1),191,182,9
S01009369,Economically active: Self-employed: Total,24,23,1
S01009369,Economically active: Self-employed: Part-time (1),7,7,0
S01009369,Economically active: Self-employed: Full-time (1),17,16,1
S01009369,Economically active: Unemployed (1),24,22,2
S01009369,Economically inactive,161,156,5
S01009370,All people aged 16 and over,737,703,34
S01009370,Economically active: Total,452,424,28
S01009370,Economically active: Employee: Total,390,367,23
S01009370,Economically active: Employee: Part-time (1),109,102,7
S01009370,Economically active: Employee: Full-time (1),281,265,16
S01009370,Economically active: Self-employed: Total,25,20,5
S01009370,Economically active: Self-employed: Part-time (1),9,8,1
S01009370,Economically active: Self-employed: Full-time (1),16,12,4
S01009370,Economically active: Unemployed (1),37,37,0
S01009370,Economically inactive,285,279,6
S01009371,All people aged 16 and over,438,423,15
S01009371,Economically active: Total,277,270,7
S01009371,Economically active: Employee: Total,253,247,6
S01009371,Economically active: Employee: Part-time (1),74,72,2
S01009371,Economically active: Employee: Full-time (1),179,175,4
S01009371,Economically active: Self-employed: Total,10,10,0
S01009371,Economically active: Self-employed: Part-time (1),3,3,0
S01009371,Economically active: Self-employed: Full-time (1),7,7,0
S01009371,Economically active: Unemployed (1),14,13,1
S01009371,Economically inactive,161,153,8
S01009372,All people aged 16 and over,428,415,13
S01009372,Economically active: Total,294,283,11
S01009372,Economically active: Employee: Total,239,229,10
S01009372,Economically active: Employee: Part-time (1),76,73,3
S01009372,Economically active: Employee: Full-time (1),163,156,7
S01009372,Economically active: Self-employed: Total,28,28,0
S01009372,Economically active: Self-employed: Part-time (1),4,4,0
S01009372,Economically active: Self-employed: Full-time (1),24,24,0
S01009372,Economically active: Unemployed (1),27,26,1
S01009372,Economically inactive,134,132,2
S01009373,All people aged 16 and over,645,624,21
S01009373,Economically active: Total,413,399,14
S01009373,Economically active: Employee: Total,340,328,12
S01009373,Economically active: Employee: Part-time (1),85,84,1
S01009373,Economically active: Employee: Full-time (1),255,244,11
S01009373,Economically active: Self-employed: Total,20,19,1
S01009373,Economically active: Self-employed: Part-time (1),6,6,0
S01009373,Economically active: Self-employed: Full-time (1),14,13,1
S01009373,Economically active: Unemployed (1),53,52,1
S01009373,Economically inactive,232,225,7
S01009374,All people aged 16 and over,745,719,26
S01009374,Economically active: Total,440,425,15
S01009374,Economically active: Employee: Total,364,353,11
S01009374,Economically active: Employee: Part-time (1),106,104,2
S01009374,Economically active: Employee: Full-time (1),258,249,9
S01009374,Economically active: Self-employed: Total,30,29,1
S01009374,Economically active: Self-employed: Part-time (1),9,8,1
S01009374,Economically active: Self-employed: Full-time (1),21,21,0
S01009374,Economically active: Unemployed (1),46,43,3
S01009374,Economically inactive,305,294,11
S01009375,All people aged 16 and over,631,616,15
S01009375,Economically active: Total,404,389,15
S01009375,Economically active: Employee: Total,335,321,14
S01009375,Economically active: Employee: Part-time (1),98,93,5
S01009375,Economically active: Employee: Full-time (1),237,228,9
S01009375,Economically active: Self-employed: Total,21,21,0
S01009375,Economically active: Self-employed: Part-time (1),9,9,0
S01009375,Economically active: Self-employed: Full-time (1),12,12,0
S01009375,Economically active: Unemployed (1),48,47,1
S01009375,Economically inactive,227,227,0
S01009376,All people aged 16 and over,479,463,16
S01009376,Economically active: Total,287,275,12
S01009376,Economically active: Employee: Total,249,237,12
S01009376,Economically active: Employee: Part-time (1),72,70,2
S01009376,Economically active: Employee: Full-time (1),177,167,10
S01009376,Economically active: Self-employed: Total,15,15,0
S01009376,Economically active: Self-employed: Part-time (1),6,6,0
S01009376,Economically active: Self-employed: Full-time (1),9,9,0
S01009376,Economically active: Unemployed (1),23,23,0
S01009376,Economically inactive,192,188,4
S01009377,All people aged 16 and over,1016,937,79
S01009377,Economically active: Total,868,803,65
S01009377,Economically active: Employee: Total,781,725,56
S01009377,Economically active: Employee: Part-time (1),106,98,8
S01009377,Economically active: Employee: Full-time (1),675,627,48
S01009377,Economically active: Self-employed: Total,43,40,3
S01009377,Economically active: Self-employed: Part-time (1),13,12,1
S01009377,Economically active: Self-employed: Full-time (1),30,28,2
S01009377,Economically active: Unemployed (1),44,38,6
S01009377,Economically inactive,148,134,14
S01009378,All people aged 16 and over,741,712,29
S01009378,Economically active: Total,555,534,21
S01009378,Economically active: Employee: Total,459,443,16
S01009378,Economically active: Employee: Part-time (1),130,127,3
S01009378,Economically active: Employee: Full-time (1),329,316,13
S01009378,Economically active: Self-employed: Total,45,41,4
S01009378,Economically active: Self-employed: Part-time (1),12,10,2
S01009378,Economically active: Self-employed: Full-time (1),33,31,2
S01009378,Economically active: Unemployed (1),51,50,1
S01009378,Economically inactive,186,178,8
S01009379,All people aged 16 and over,688,656,32
S01009379,Economically active: Total,546,522,24
S01009379,Economically active: Employee: Total,466,449,17
S01009379,Economically active: Employee: Part-time (1),103,99,4
S01009379,Economically active: Employee: Full-time (1),363,350,13
S01009379,Economically active: Self-employed: Total,43,41,2
S01009379,Economically active: Self-employed: Part-time (1),10,9,1
S01009379,Economically active: Self-employed: Full-time (1),33,32,1
S01009379,Economically active: Unemployed (1),37,32,5
S01009379,Economically inactive,142,134,8
S01009380,All people aged 16 and over,471,434,37
S01009380,Economically active: Total,340,315,25
S01009380,Economically active: Employee: Total,297,274,23
S01009380,Economically active: Employee: Part-time (1),69,65,4
S01009380,Economically active: Employee: Full-time (1),228,209,19
S01009380,Economically active: Self-employed: Total,18,17,1
S01009380,Economically active: Self-employed: Part-time (1),6,6,0
S01009380,Economically active: Self-employed: Full-time (1),12,11,1
S01009380,Economically active: Unemployed (1),25,24,1
S01009380,Economically inactive,131,119,12
S01009381,All people aged 16 and over,539,505,34
S01009381,Economically active: Total,409,378,31
S01009381,Economically active: Employee: Total,339,315,24
S01009381,Economically active: Employee: Part-time (1),86,84,2
S01009381,Economically active: Employee: Full-time (1),253,231,22
S01009381,Economically active: Self-employed: Total,43,39,4
S01009381,Economically active: Self-employed: Part-time (1),15,13,2
S01009381,Economically active: Self-employed: Full-time (1),28,26,2
S01009381,Economically active: Unemployed (1),27,24,3
S01009381,Economically inactive,130,127,3
S01009382,All people aged 16 and over,678,656,22
S01009382,Economically active: Total,407,397,10
S01009382,Economically active: Employee: Total,335,326,9
S01009382,Economically active: Employee: Part-time (1),92,91,1
S01009382,Economically active: Employee: Full-time (1),243,235,8
S01009382,Economically active: Self-employed: Total,32,32,0
S01009382,Economically active: Self-employed: Part-time (1),11,11,0
S01009382,Economically active: Self-employed: Full-time (1),21,21,0
S01009382,Economically active: Unemployed (1),40,39,1
S01009382,Economically inactive,271,259,12
S01009383,All people aged 16 and over,686,651,35
S01009383,Economically active: Total,467,437,30
S01009383,Economically active: Employee: Total,373,349,24
S01009383,Economically active: Employee: Part-time (1),88,80,8
S01009383,Economically active: Employee: Full-time (1),285,269,16
S01009383,Economically active: Self-employed: Total,41,36,5
S01009383,Economically active: Self-employed: Part-time (1),12,7,5
S01009383,Economically active: Self-employed: Full-time (1),29,29,0
S01009383,Economically active: Unemployed (1),53,52,1
S01009383,Economically inactive,219,214,5
S01009384,All people aged 16 and over,466,426,40
S01009384,Economically active: Total,305,273,32
S01009384,Economically active: Employee: Total,223,206,17
S01009384,Economically active: Employee: Part-time (1),61,55,6
S01009384,Economically active: Employee: Full-time (1),162,151,11
S01009384,Economically active: Self-employed: Total,66,56,10
S01009384,Economically active: Self-employed: Part-time (1),18,16,2
S01009384,Economically active: Self-employed: Full-time (1),48,40,8
S01009384,Economically active: Unemployed (1),16,11,5
S01009384,Economically inactive,161,153,8
S01009385,All people aged 16 and over,413,390,23
S01009385,Economically active: Total,275,258,17
S01009385,Economically active: Employee: Total,218,203,15
S01009385,Economically active: Employee: Part-time (1),56,52,4
S01009385,Economically active: Employee: Full-time (1),162,151,11
S01009385,Economically active: Self-employed: Total,40,38,2
S01009385,Economically active: Self-employed: Part-time (1),10,10,0
S01009385,Economically active: Self-employed: Full-time (1),30,28,2
S01009385,Economically active: Unemployed (1),17,17,0
S01009385,Economically inactive,138,132,6
S01009386,All people aged 16 and over,535,518,17
S01009386,Economically active: Total,328,317,11
S01009386,Economically active: Employee: Total,276,266,10
S01009386,Economically active: Employee: Part-time (1),86,84,2
S01009386,Economically active: Employee: Full-time (1),190,182,8
S01009386,Economically active: Self-employed: Total,22,22,0
S01009386,Economically active: Self-employed: Part-time (1),4,4,0
S01009386,Economically active: Self-employed: Full-time (1),18,18,0
S01009386,Economically active: Unemployed (1),30,29,1
S01009386,Economically inactive,207,201,6
S01009387,All people aged 16 and over,481,448,33
S01009387,Economically active: Total,293,270,23
S01009387,Economically active: Employee: Total,230,214,16
S01009387,Economically active: Employee: Part-time (1),64,62,2
S01009387,Economically active: Employee: Full-time (1),166,152,14
S01009387,Economically active: Self-employed: Total,24,19,5
S01009387,Economically active: Self-employed: Part-time (1),6,6,0
S01009387,Economically active: Self-employed: Full-time (1),18,13,5
S01009387,Economically active: Unemployed (1),39,37,2
S01009387,Economically inactive,188,178,10
S01009388,All people aged 16 and over,683,626,57
S01009388,Economically active: Total,436,391,45
S01009388,Economically active: Employee: Total,319,283,36
S01009388,Economically active: Employee: Part-time (1),94,85,9
S01009388,Economically active: Employee: Full-time (1),225,198,27
S01009388,Economically active: Self-employed: Total,30,25,5
S01009388,Economically active: Self-employed: Part-time (1),11,9,2
S01009388,Economically active: Self-employed: Full-time (1),19,16,3
S01009388,Economically active: Unemployed (1),87,83,4
S01009388,Economically inactive,247,235,12
S01009389,All people aged 16 and over,807,767,40
S01009389,Economically active: Total,489,457,32
S01009389,Economically active: Employee: Total,395,368,27
S01009389,Economically active: Employee: Part-time (1),106,102,4
S01009389,Economically active: Employee: Full-time (1),289,266,23
S01009389,Economically active: Self-employed: Total,56,53,3
S01009389,Economically active: Self-employed: Part-time (1),16,15,1
S01009389,Economically active: Self-employed: Full-time (1),40,38,2
S01009389,Economically active: Unemployed (1),38,36,2
S01009389,Economically inactive,318,310,8
S01009390,All people aged 16 and over,558,512,46
S01009390,Economically active: Total,451,412,39
S01009390,Economically active: Employee: Total,394,356,38
S01009390,Economically active: Employee: Part-time (1),100,91,9
S01009390,Economically active: Employee: Full-time (1),294,265,29
S01009390,Economically active: Self-employed: Total,35,34,1
S01009390,Economically active: Self-employed: Part-time (1),8,8,0
S01009390,Economically active: Self-employed: Full-time (1),27,26,1
S01009390,Economically active: Unemployed (1),22,22,0
S01009390,Economically inactive,107,100,7
S01009391,All people aged 16 and over,513,474,39
S01009391,Economically active: Total,425,396,29
S01009391,Economically active: Employee: Total,369,348,21
S01009391,Economically active: Employee: Part-time (1),87,83,4
S01009391,Economically active: Employee: Full-time (1),282,265,17
S01009391,Economically active: Self-employed: Total,41,34,7
S01009391,Economically active: Self-employed: Part-time (1),14,14,0
S01009391,Economically active: Self-employed: Full-time (1),27,20,7
S01009391,Economically active: Unemployed (1),15,14,1
S01009391,Economically inactive,88,78,10
S01009392,All people aged 16 and over,379,341,38
S01009392,Economically active: Total,308,279,29
S01009392,Economically active: Employee: Total,265,242,23
S01009392,Economically active: Employee: Part-time (1),79,73,6
S01009392,Economically active: Employee: Full-time (1),186,169,17
S01009392,Economically active: Self-employed: Total,38,33,5
S01009392,Economically active: Self-employed: Part-time (1),11,11,0
S01009392,Economically active: Self-employed: Full-time (1),27,22,5
S01009392,Economically active: Unemployed (1),5,4,1
S01009392,Economically inactive,71,62,9
S01009393,All people aged 16 and over,562,539,23
S01009393,Economically active: Total,398,380,18
S01009393,Economically active: Employee: Total,321,308,13
S01009393,Economically active: Employee: Part-time (1),86,79,7
S01009393,Economically active: Employee: Full-time (1),235,229,6
S01009393,Economically active: Self-employed: Total,56,53,3
S01009393,Economically active: Self-employed: Part-time (1),12,12,0
S01009393,Economically active: Self-employed: Full-time (1),44,41,3
S01009393,Economically active: Unemployed (1),21,19,2
S01009393,Economically inactive,164,159,5
S01009394,All people aged 16 and over,792,723,69
S01009394,Economically active: Total,497,449,48
S01009394,Economically active: Employee: Total,426,388,38
S01009394,Economically active: Employee: Part-time (1),93,88,5
S01009394,Economically active: Employee: Full-time (1),333,300,33
S01009394,Economically active: Self-employed: Total,47,40,7
S01009394,Economically active: Self-employed: Part-time (1),11,11,0
S01009394,Economically active: Self-employed: Full-time (1),36,29,7
S01009394,Economically active: Unemployed (1),24,21,3
S01009394,Economically inactive,295,274,21
S01009395,All people aged 16 and over,581,554,27
S01009395,Economically active: Total,301,285,16
S01009395,Economically active: Employee: Total,251,240,11
S01009395,Economically active: Employee: Part-time (1),63,60,3
S01009395,Economically active: Employee: Full-time (1),188,180,8
S01009395,Economically active: Self-employed: Total,40,35,5
S01009395,Economically active: Self-employed: Part-time (1),10,10,0
S01009395,Economically active: Self-employed: Full-time (1),30,25,5
S01009395,Economically active: Unemployed (1),10,10,0
S01009395,Economically inactive,280,269,11
S01009396,All people aged 16 and over,613,574,39
S01009396,Economically active: Total,346,322,24
S01009396,Economically active: Employee: Total,265,249,16
S01009396,Economically active: Employee: Part-time (1),68,64,4
S01009396,Economically active: Employee: Full-time (1),197,185,12
S01009396,Economically active: Self-employed: Total,65,57,8
S01009396,Economically active: Self-employed: Part-time (1),23,18,5
S01009396,Economically active: Self-employed: Full-time (1),42,39,3
S01009396,Economically active: Unemployed (1),16,16,0
S01009396,Economically inactive,267,252,15
S01009397,All people aged 16 and over,597,565,32
S01009397,Economically active: Total,384,360,24
S01009397,Economically active: Employee: Total,315,299,16
S01009397,Economically active: Employee: Part-time (1),91,86,5
S01009397,Economically active: Employee: Full-time (1),224,213,11
S01009397,Economically active: Self-employed: Total,39,34,5
S01009397,Economically active: Self-employed: Part-time (1),10,9,1
S01009397,Economically active: Self-employed: Full-time (1),29,25,4
S01009397,Economically active: Unemployed (1),30,27,3
S01009397,Economically inactive,213,205,8
S01009398,All people aged 16 and over,561,533,28
S01009398,Economically active: Total,399,379,20
S01009398,Economically active: Employee: Total,335,319,16
S01009398,Economically active: Employee: Part-time (1),88,84,4
S01009398,Economically active: Employee: Full-time (1),247,235,12
S01009398,Economically active: Self-employed: Total,37,33,4
S01009398,Economically active: Self-employed: Part-time (1),12,10,2
S01009398,Economically active: Self-employed: Full-time (1),25,23,2
S01009398,Economically active: Unemployed (1),27,27,0
S01009398,Economically inactive,162,154,8
S01009399,All people aged 16 and over,596,573,23
S01009399,Economically active: Total,392,378,14
S01009399,Economically active: Employee: Total,329,321,8
S01009399,Economically active: Employee: Part-time (1),90,88,2
S01009399,Economically active: Employee: Full-time (1),239,233,6
S01009399,Economically active: Self-employed: Total,48,42,6
S01009399,Economically active: Self-employed: Part-time (1),22,21,1
S01009399,Economically active: Self-employed: Full-time (1),26,21,5
S01009399,Economically active: Unemployed (1),15,15,0
S01009399,Economically inactive,204,195,9
S01009400,All people aged 16 and over,427,405,22
S01009400,Economically active: Total,277,260,17
S01009400,Economically active: Employee: Total,231,218,13
S01009400,Economically active: Employee: Part-time (1),73,69,4
S01009400,Economically active: Employee: Full-time (1),158,149,9
S01009400,Economically active: Self-employed: Total,22,19,3
S01009400,Economically active: Self-employed: Part-time (1),4,3,1
S01009400,Economically active: Self-employed: Full-time (1),18,16,2
S01009400,Economically active: Unemployed (1),24,23,1
S01009400,Economically inactive,150,145,5
S01009401,All people aged 16 and over,577,543,34
S01009401,Economically active: Total,308,282,26
S01009401,Economically active: Employee: Total,255,235,20
S01009401,Economically active: Employee: Part-time (1),71,65,6
S01009401,Economically active: Employee: Full-time (1),184,170,14
S01009401,Economically active: Self-employed: Total,30,26,4
S01009401,Economically active: Self-employed: Part-time (1),8,5,3
S01009401,Economically active: Self-employed: Full-time (1),22,21,1
S01009401,Economically active: Unemployed (1),23,21,2
S01009401,Economically inactive,269,261,8
S01009402,All people aged 16 and over,781,739,42
S01009402,Economically active: Total,455,433,22
S01009402,Economically active: Employee: Total,354,339,15
S01009402,Economically active: Employee: Part-time (1),102,99,3
S01009402,Economically active: Employee: Full-time (1),252,240,12
S01009402,Economically active: Self-employed: Total,67,62,5
S01009402,Economically active: Self-employed: Part-time (1),34,30,4
S01009402,Economically active: Self-employed: Full-time (1),33,32,1
S01009402,Economically active: Unemployed (1),34,32,2
S01009402,Economically inactive,326,306,20
S01009403,All people aged 16 and over,419,399,20
S01009403,Economically active: Total,304,287,17
S01009403,Economically active: Employee: Total,269,257,12
S01009403,Economically active: Employee: Part-time (1),87,84,3
S01009403,Economically active: Employee: Full-time (1),182,173,9
S01009403,Economically active: Self-employed: Total,22,21,1
S01009403,Economically active: Self-employed: Part-time (1),5,4,1
S01009403,Economically active: Self-employed: Full-time (1),17,17,0
S01009403,Economically active: Unemployed (1),13,9,4
S01009403,Economically inactive,115,112,3
S01009404,All people aged 16 and over,445,414,31
S01009404,Economically active: Total,271,244,27
S01009404,Economically active: Employee: Total,205,185,20
S01009404,Economically active: Employee: Part-time (1),48,43,5
S01009404,Economically active: Employee: Full-time (1),157,142,15
S01009404,Economically active: Self-employed: Total,29,23,6
S01009404,Economically active: Self-employed: Part-time (1),9,7,2
S01009404,Economically active: Self-employed: Full-time (1),20,16,4
S01009404,Economically active: Unemployed (1),37,36,1
S01009404,Economically inactive,174,170,4
S01009405,All people aged 16 and over,331,320,11
S01009405,Economically active: Total,227,221,6
S01009405,Economically active: Employee: Total,167,162,5
S01009405,Economically active: Employee: Part-time (1),51,49,2
S01009405,Economically active: Employee: Full-time (1),116,113,3
S01009405,Economically active: Self-employed: Total,41,40,1
S01009405,Economically active: Self-employed: Part-time (1),11,11,0
S01009405,Economically active: Self-employed: Full-time (1),30,29,1
S01009405,Economically active: Unemployed (1),19,19,0
S01009405,Economically inactive,104,99,5
S01009406,All people aged 16 and over,822,793,29
S01009406,Economically active: Total,488,467,21
S01009406,Economically active: Employee: Total,408,389,19
S01009406,Economically active: Employee: Part-time (1),93,90,3
S01009406,Economically active: Employee: Full-time (1),315,299,16
S01009406,Economically active: Self-employed: Total,41,39,2
S01009406,Economically active: Self-employed: Part-time (1),6,6,0
S01009406,Economically active: Self-employed: Full-time (1),35,33,2
S01009406,Economically active: Unemployed (1),39,39,0
S01009406,Economically inactive,334,326,8
S01009407,All people aged 16 and over,427,414,13
S01009407,Economically active: Total,266,258,8
S01009407,Economically active: Employee: Total,211,205,6
S01009407,Economically active: Employee: Part-time (1),51,48,3
S01009407,Economically active: Employee: Full-time (1),160,157,3
S01009407,Economically active: Self-employed: Total,31,29,2
S01009407,Economically active: Self-employed: Part-time (1),7,7,0
S01009407,Economically active: Self-employed: Full-time (1),24,22,2
S01009407,Economically active: Unemployed (1),24,24,0
S01009407,Economically inactive,161,156,5
S01009408,All people aged 16 and over,599,579,20
S01009408,Economically active: Total,441,427,14
S01009408,Economically active: Employee: Total,378,366,12
S01009408,Economically active: Employee: Part-time (1),80,78,2
S01009408,Economically active: Employee: Full-time (1),298,288,10
S01009408,Economically active: Self-employed: Total,46,44,2
S01009408,Economically active: Self-employed: Part-time (1),13,13,0
S01009408,Economically active: Self-employed: Full-time (1),33,31,2
S01009408,Economically active: Unemployed (1),17,17,0
S01009408,Economically inactive,158,152,6
S01009409,All people aged 16 and over,557,543,14
S01009409,Economically active: Total,325,314,11
S01009409,Economically active: Employee: Total,267,258,9
S01009409,Economically active: Employee: Part-time (1),88,84,4
S01009409,Economically active: Employee: Full-time (1),179,174,5
S01009409,Economically active: Self-employed: Total,23,22,1
S01009409,Economically active: Self-employed: Part-time (1),9,9,0
S01009409,Economically active: Self-employed: Full-time (1),14,13,1
S01009409,Economically active: Unemployed (1),35,34,1
S01009409,Economically inactive,232,229,3
S01009410,All people aged 16 and over,698,689,9
S01009410,Economically active: Total,464,458,6
S01009410,Economically active: Employee: Total,372,367,5
S01009410,Economically active: Employee: Part-time (1),123,123,0
S01009410,Economically active: Employee: Full-time (1),249,244,5
S01009410,Economically active: Self-employed: Total,37,37,0
S01009410,Economically active: Self-employed: Part-time (1),17,17,0
S01009410,Economically active: Self-employed: Full-time (1),20,20,0
S01009410,Economically active: Unemployed (1),55,54,1
S01009410,Economically inactive,234,231,3
S01009411,All people aged 16 and over,693,680,13
S01009411,Economically active: Total,433,426,7
S01009411,Economically active: Employee: Total,349,343,6
S01009411,Economically active: Employee: Part-time (1),101,99,2
S01009411,Economically active: Employee: Full-time (1),248,244,4
S01009411,Economically active: Self-employed: Total,32,31,1
S01009411,Economically active: Self-employed: Part-time (1),10,10,0
S01009411,Economically active: Self-employed: Full-time (1),22,21,1
S01009411,Economically active: Unemployed (1),52,52,0
S01009411,Economically inactive,260,254,6
S01009412,All people aged 16 and over,712,699,13
S01009412,Economically active: Total,441,433,8
S01009412,Economically active: Employee: Total,375,370,5
S01009412,Economically active: Employee: Part-time (1),115,114,1
S01009412,Economically active: Employee: Full-time (1),260,256,4
S01009412,Economically active: Self-employed: Total,21,20,1
S01009412,Economically active: Self-employed: Part-time (1),7,7,0
S01009412,Economically active: Self-employed: Full-time (1),14,13,1
S01009412,Economically active: Unemployed (1),45,43,2
S01009412,Economically inactive,271,266,5
S01009413,All people aged 16 and over,848,821,27
S01009413,Economically active: Total,548,535,13
S01009413,Economically active: Employee: Total,444,434,10
S01009413,Economically active: Employee: Part-time (1),130,126,4
S01009413,Economically active: Employee: Full-time (1),314,308,6
S01009413,Economically active: Self-employed: Total,46,43,3
S01009413,Economically active: Self-employed: Part-time (1),9,9,0
S01009413,Economically active: Self-employed: Full-time (1),37,34,3
S01009413,Economically active: Unemployed (1),58,58,0
S01009413,Economically inactive,300,286,14
S01009414,All people aged 16 and over,559,550,9
S01009414,Economically active: Total,325,317,8
S01009414,Economically active: Employee: Total,273,266,7
S01009414,Economically active: Employee: Part-time (1),84,81,3
S01009414,Economically active: Employee: Full-time (1),189,185,4
S01009414,Economically active: Self-employed: Total,26,25,1
S01009414,Economically active: Self-employed: Part-time (1),7,7,0
S01009414,Economically active: Self-employed: Full-time (1),19,18,1
S01009414,Economically active: Unemployed (1),26,26,0
S01009414,Economically inactive,234,233,1
S01009415,All people aged 16 and over,686,657,29
S01009415,Economically active: Total,398,375,23
S01009415,Economically active: Employee: Total,294,279,15
S01009415,Economically active: Employee: Part-time (1),78,73,5
S01009415,Economically active: Employee: Full-time (1),216,206,10
S01009415,Economically active: Self-employed: Total,42,38,4
S01009415,Economically active: Self-employed: Part-time (1),4,4,0
S01009415,Economically active: Self-employed: Full-time (1),38,34,4
S01009415,Economically active: Unemployed (1),62,58,4
S01009415,Economically inactive,288,282,6
S01009416,All people aged 16 and over,440,427,13
S01009416,Economically active: Total,308,298,10
S01009416,Economically active: Employee: Total,267,263,4
S01009416,Economically active: Employee: Part-time (1),82,82,0
S01009416,Economically active: Employee: Full-time (1),185,181,4
S01009416,Economically active: Self-employed: Total,31,25,6
S01009416,Economically active: Self-employed: Part-time (1),5,5,0
S01009416,Economically active: Self-employed: Full-time (1),26,20,6
S01009416,Economically active: Unemployed (1),10,10,0
S01009416,Economically inactive,132,129,3
S01009417,All people aged 16 and over,229,219,10
S01009417,Economically active: Total,188,180,8
S01009417,Economically active: Employee: Total,147,142,5
S01009417,Economically active: Employee: Part-time (1),34,34,0
S01009417,Economically active: Employee: Full-time (1),113,108,5
S01009417,Economically active: Self-employed: Total,33,30,3
S01009417,Economically active: Self-employed: Part-time (1),4,4,0
S01009417,Economically active: Self-employed: Full-time (1),29,26,3
S01009417,Economically active: Unemployed (1),8,8,0
S01009417,Economically inactive,41,39,2
S01009418,All people aged 16 and over,935,901,34
S01009418,Economically active: Total,557,527,30
S01009418,Economically active: Employee: Total,467,442,25
S01009418,Economically active: Employee: Part-time (1),122,118,4
S01009418,Economically active: Employee: Full-time (1),345,324,21
S01009418,Economically active: Self-employed: Total,42,39,3
S01009418,Economically active: Self-employed: Part-time (1),9,8,1
S01009418,Economically active: Self-employed: Full-time (1),33,31,2
S01009418,Economically active: Unemployed (1),48,46,2
S01009418,Economically inactive,378,374,4
S01009419,All people aged 16 and over,458,446,12
S01009419,Economically active: Total,277,269,8
S01009419,Economically active: Employee: Total,226,221,5
S01009419,Economically active: Employee: Part-time (1),64,64,0
S01009419,Economically active: Employee: Full-time (1),162,157,5
S01009419,Economically active: Self-employed: Total,15,13,2
S01009419,Economically active: Self-employed: Part-time (1),5,4,1
S01009419,Economically active: Self-employed: Full-time (1),10,9,1
S01009419,Economically active: Unemployed (1),36,35,1
S01009419,Economically inactive,181,177,4
S01009420,All people aged 16 and over,477,467,10
S01009420,Economically active: Total,273,268,5
S01009420,Economically active: Employee: Total,216,211,5
S01009420,Economically active: Employee: Part-time (1),71,71,0
S01009420,Economically active: Employee: Full-time (1),145,140,5
S01009420,Economically active: Self-employed: Total,14,14,0
S01009420,Economically active: Self-employed: Part-time (1),6,6,0
S01009420,Economically active: Self-employed: Full-time (1),8,8,0
S01009420,Economically active: Unemployed (1),43,43,0
S01009420,Economically inactive,204,199,5
S01009421,All people aged 16 and over,553,537,16
S01009421,Economically active: Total,333,326,7
S01009421,Economically active: Employee: Total,259,253,6
S01009421,Economically active: Employee: Part-time (1),84,82,2
S01009421,Economically active: Employee: Full-time (1),175,171,4
S01009421,Economically active: Self-employed: Total,18,17,1
S01009421,Economically active: Self-employed: Part-time (1),9,9,0
S01009421,Economically active: Self-employed: Full-time (1),9,8,1
S01009421,Economically active: Unemployed (1),56,56,0
S01009421,Economically inactive,220,211,9
S01009422,All people aged 16 and over,675,658,17
S01009422,Economically active: Total,407,396,11
S01009422,Economically active: Employee: Total,345,335,10
S01009422,Economically active: Employee: Part-time (1),106,103,3
S01009422,Economically active: Employee: Full-time (1),239,232,7
S01009422,Economically active: Self-employed: Total,23,23,0
S01009422,Economically active: Self-employed: Part-time (1),7,7,0
S01009422,Economically active: Self-employed: Full-time (1),16,16,0
S01009422,Economically active: Unemployed (1),39,38,1
S01009422,Economically inactive,268,262,6
S01009423,All people aged 16 and over,703,657,46
S01009423,Economically active: Total,576,543,33
S01009423,Economically active: Employee: Total,493,464,29
S01009423,Economically active: Employee: Part-time (1),109,102,7
S01009423,Economically active: Employee: Full-time (1),384,362,22
S01009423,Economically active: Self-employed: Total,52,50,2
S01009423,Economically active: Self-employed: Part-time (1),20,20,0
S01009423,Economically active: Self-employed: Full-time (1),32,30,2
S01009423,Economically active: Unemployed (1),31,29,2
S01009423,Economically inactive,127,114,13
S01009424,All people aged 16 and over,511,495,16
S01009424,Economically active: Total,295,283,12
S01009424,Economically active: Employee: Total,252,241,11
S01009424,Economically active: Employee: Part-time (1),58,57,1
S01009424,Economically active: Employee: Full-time (1),194,184,10
S01009424,Economically active: Self-employed: Total,28,28,0
S01009424,Economically active: Self-employed: Part-time (1),7,7,0
S01009424,Economically active: Self-employed: Full-time (1),21,21,0
S01009424,Economically active: Unemployed (1),15,14,1
S01009424,Economically inactive,216,212,4
S01009425,All people aged 16 and over,649,623,26
S01009425,Economically active: Total,373,356,17
S01009425,Economically active: Employee: Total,303,290,13
S01009425,Economically active: Employee: Part-time (1),59,56,3
S01009425,Economically active: Employee: Full-time (1),244,234,10
S01009425,Economically active: Self-employed: Total,29,27,2
S01009425,Economically active: Self-employed: Part-time (1),9,8,1
S01009425,Economically active: Self-employed: Full-time (1),20,19,1
S01009425,Economically active: Unemployed (1),41,39,2
S01009425,Economically inactive,276,267,9
S01009426,All people aged 16 and over,655,631,24
S01009426,Economically active: Total,358,339,19
S01009426,Economically active: Employee: Total,291,276,15
S01009426,Economically active: Employee: Part-time (1),88,83,5
S01009426,Economically active: Employee: Full-time (1),203,193,10
S01009426,Economically active: Self-employed: Total,22,18,4
S01009426,Economically active: Self-employed: Part-time (1),3,3,0
S01009426,Economically active: Self-employed: Full-time (1),19,15,4
S01009426,Economically active: Unemployed (1),45,45,0
S01009426,Economically inactive,297,292,5
S01009427,All people aged 16 and over,504,491,13
S01009427,Economically active: Total,272,265,7
S01009427,Economically active: Employee: Total,211,207,4
S01009427,Economically active: Employee: Part-time (1),71,69,2
S01009427,Economically active: Employee: Full-time (1),140,138,2
S01009427,Economically active: Self-employed: Total,19,19,0
S01009427,Economically active: Self-employed: Part-time (1),3,3,0
S01009427,Economically active: Self-employed: Full-time (1),16,16,0
S01009427,Economically active: Unemployed (1),42,39,3
S01009427,Economically inactive,232,226,6
S01009428,All people aged 16 and over,522,506,16
S01009428,Economically active: Total,270,261,9
S01009428,Economically active: Employee: Total,209,200,9
S01009428,Economically active: Employee: Part-time (1),61,61,0
S01009428,Economically active: Employee: Full-time (1),148,139,9
S01009428,Economically active: Self-employed: Total,24,24,0
S01009428,Economically active: Self-employed: Part-time (1),8,8,0
S01009428,Economically active: Self-employed: Full-time (1),16,16,0
S01009428,Economically active: Unemployed (1),37,37,0
S01009428,Economically inactive,252,245,7
S01009429,All people aged 16 and over,590,579,11
S01009429,Economically active: Total,310,306,4
S01009429,Economically active: Employee: Total,267,264,3
S01009429,Economically active: Employee: Part-time (1),72,72,0
S01009429,Economically active: Employee: Full-time (1),195,192,3
S01009429,Economically active: Self-employed: Total,8,8,0
S01009429,Economically active: Self-employed: Part-time (1),1,1,0
S01009429,Economically active: Self-employed: Full-time (1),7,7,0
S01009429,Economically active: Unemployed (1),35,34,1
S01009429,Economically inactive,280,273,7
S01009430,All people aged 16 and over,604,591,13
S01009430,Economically active: Total,347,342,5
S01009430,Economically active: Employee: Total,274,270,4
S01009430,Economically active: Employee: Part-time (1),98,95,3
S01009430,Economically active: Employee: Full-time (1),176,175,1
S01009430,Economically active: Self-employed: Total,25,25,0
S01009430,Economically active: Self-employed: Part-time (1),4,4,0
S01009430,Economically active: Self-employed: Full-time (1),21,21,0
S01009430,Economically active: Unemployed (1),48,47,1
S01009430,Economically inactive,257,249,8
S01009431,All people aged 16 and over,553,539,14
S01009431,Economically active: Total,311,302,9
S01009431,Economically active: Employee: Total,250,243,7
S01009431,Economically active: Employee: Part-time (1),69,65,4
S01009431,Economically active: Employee: Full-time (1),181,178,3
S01009431,Economically active: Self-employed: Total,28,26,2
S01009431,Economically active: Self-employed: Part-time (1),3,3,0
S01009431,Economically active: Self-employed: Full-time (1),25,23,2
S01009431,Economically active: Unemployed (1),33,33,0
S01009431,Economically inactive,242,237,5
S01009432,All people aged 16 and over,626,616,10
S01009432,Economically active: Total,368,365,3
S01009432,Economically active: Employee: Total,291,289,2
S01009432,Economically active: Employee: Part-time (1),102,101,1
S01009432,Economically active: Employee: Full-time (1),189,188,1
S01009432,Economically active: Self-employed: Total,16,16,0
S01009432,Economically active: Self-employed: Part-time (1),5,5,0
S01009432,Economically active: Self-employed: Full-time (1),11,11,0
S01009432,Economically active: Unemployed (1),61,60,1
S01009432,Economically inactive,258,251,7
S01009433,All people aged 16 and over,632,618,14
S01009433,Economically active: Total,361,353,8
S01009433,Economically active: Employee: Total,275,269,6
S01009433,Economically active: Employee: Part-time (1),89,87,2
S01009433,Economically active: Employee: Full-time (1),186,182,4
S01009433,Economically active: Self-employed: Total,18,18,0
S01009433,Economically active: Self-employed: Part-time (1),5,5,0
S01009433,Economically active: Self-employed: Full-time (1),13,13,0
S01009433,Economically active: Unemployed (1),68,66,2
S01009433,Economically inactive,271,265,6
S01009434,All people aged 16 and over,444,434,10
S01009434,Economically active: Total,243,236,7
S01009434,Economically active: Employee: Total,190,184,6
S01009434,Economically active: Employee: Part-time (1),62,62,0
S01009434,Economically active: Employee: Full-time (1),128,122,6
S01009434,Economically active: Self-employed: Total,18,18,0
S01009434,Economically active: Self-employed: Part-time (1),6,6,0
S01009434,Economically active: Self-employed: Full-time (1),12,12,0
S01009434,Economically active: Unemployed (1),35,34,1
S01009434,Economically inactive,201,198,3
S01009435,All people aged 16 and over,585,576,9
S01009435,Economically active: Total,341,336,5
S01009435,Economically active: Employee: Total,235,231,4
S01009435,Economically active: Employee: Part-time (1),76,73,3
S01009435,Economically active: Employee: Full-time (1),159,158,1
S01009435,Economically active: Self-employed: Total,26,26,0
S01009435,Economically active: Self-employed: Part-time (1),8,8,0
S01009435,Economically active: Self-employed: Full-time (1),18,18,0
S01009435,Economically active: Unemployed (1),80,79,1
S01009435,Economically inactive,244,240,4
S01009436,All people aged 16 and over,542,527,15
S01009436,Economically active: Total,343,331,12
S01009436,Economically active: Employee: Total,282,274,8
S01009436,Economically active: Employee: Part-time (1),69,67,2
S01009436,Economically active: Employee: Full-time (1),213,207,6
S01009436,Economically active: Self-employed: Total,21,18,3
S01009436,Economically active: Self-employed: Part-time (1),8,6,2
S01009436,Economically active: Self-employed: Full-time (1),13,12,1
S01009436,Economically active: Unemployed (1),40,39,1
S01009436,Economically inactive,199,196,3
S01009437,All people aged 16 and over,568,557,11
S01009437,Economically active: Total,341,332,9
S01009437,Economically active: Employee: Total,272,265,7
S01009437,Economically active: Employee: Part-time (1),67,65,2
S01009437,Economically active: Employee: Full-time (1),205,200,5
S01009437,Economically active: Self-employed: Total,35,33,2
S01009437,Economically active: Self-employed: Part-time (1),5,5,0
S01009437,Economically active: Self-employed: Full-time (1),30,28,2
S01009437,Economically active: Unemployed (1),34,34,0
S01009437,Economically inactive,227,225,2
S01009438,All people aged 16 and over,721,693,28
S01009438,Economically active: Total,386,368,18
S01009438,Economically active: Employee: Total,303,286,17
S01009438,Economically active: Employee: Part-time (1),79,78,1
S01009438,Economically active: Employee: Full-time (1),224,208,16
S01009438,Economically active: Self-employed: Total,36,36,0
S01009438,Economically active: Self-employed: Part-time (1),12,12,0
S01009438,Economically active: Self-employed: Full-time (1),24,24,0
S01009438,Economically active: Unemployed (1),47,46,1
S01009438,Economically inactive,335,325,10
S01009439,All people aged 16 and over,734,713,21
S01009439,Economically active: Total,418,409,9
S01009439,Economically active: Employee: Total,336,327,9
S01009439,Economically active: Employee: Part-time (1),91,86,5
S01009439,Economically active: Employee: Full-time (1),245,241,4
S01009439,Economically active: Self-employed: Total,21,21,0
S01009439,Economically active: Self-employed: Part-time (1),8,8,0
S01009439,Economically active: Self-employed: Full-time (1),13,13,0
S01009439,Economically active: Unemployed (1),61,61,0
S01009439,Economically inactive,316,304,12
S01009440,All people aged 16 and over,566,551,15
S01009440,Economically active: Total,299,291,8
S01009440,Economically active: Employee: Total,233,228,5
S01009440,Economically active: Employee: Part-time (1),79,77,2
S01009440,Economically active: Employee: Full-time (1),154,151,3
S01009440,Economically active: Self-employed: Total,22,20,2
S01009440,Economically active: Self-employed: Part-time (1),5,5,0
S01009440,Economically active: Self-employed: Full-time (1),17,15,2
S01009440,Economically active: Unemployed (1),44,43,1
S01009440,Economically inactive,267,260,7
S01009441,All people aged 16 and over,634,619,15
S01009441,Economically active: Total,399,388,11
S01009441,Economically active: Employee: Total,320,311,9
S01009441,Economically active: Employee: Part-time (1),111,108,3
S01009441,Economically active: Employee: Full-time (1),209,203,6
S01009441,Economically active: Self-employed: Total,23,23,0
S01009441,Economically active: Self-employed: Part-time (1),5,5,0
S01009441,Economically active: Self-employed: Full-time (1),18,18,0
S01009441,Economically active: Unemployed (1),56,54,2
S01009441,Economically inactive,235,231,4
S01009442,All people aged 16 and over,433,422,11
S01009442,Economically active: Total,309,301,8
S01009442,Economically active: Employee: Total,233,228,5
S01009442,Economically active: Employee: Part-time (1),50,49,1
S01009442,Economically active: Employee: Full-time (1),183,179,4
S01009442,Economically active: Self-employed: Total,59,56,3
S01009442,Economically active: Self-employed: Part-time (1),16,15,1
S01009442,Economically active: Self-employed: Full-time (1),43,41,2
S01009442,Economically active: Unemployed (1),17,17,0
S01009442,Economically inactive,124,121,3
S01009443,All people aged 16 and over,568,546,22
S01009443,Economically active: Total,354,339,15
S01009443,Economically active: Employee: Total,285,272,13
S01009443,Economically active: Employee: Part-time (1),89,85,4
S01009443,Economically active: Employee: Full-time (1),196,187,9
S01009443,Economically active: Self-employed: Total,49,48,1
S01009443,Economically active: Self-employed: Part-time (1),7,7,0
S01009443,Economically active: Self-employed: Full-time (1),42,41,1
S01009443,Economically active: Unemployed (1),20,19,1
S01009443,Economically inactive,214,207,7
S01009444,All people aged 16 and over,672,641,31
S01009444,Economically active: Total,477,460,17
S01009444,Economically active: Employee: Total,415,400,15
S01009444,Economically active: Employee: Part-time (1),117,112,5
S01009444,Economically active: Employee: Full-time (1),298,288,10
S01009444,Economically active: Self-employed: Total,40,38,2
S01009444,Economically active: Self-employed: Part-time (1),16,15,1
S01009444,Economically active: Self-employed: Full-time (1),24,23,1
S01009444,Economically active: Unemployed (1),22,22,0
S01009444,Economically inactive,195,181,14
S01009445,All people aged 16 and over,642,626,16
S01009445,Economically active: Total,396,383,13
S01009445,Economically active: Employee: Total,326,316,10
S01009445,Economically active: Employee: Part-time (1),92,91,1
S01009445,Economically active: Employee: Full-time (1),234,225,9
S01009445,Economically active: Self-employed: Total,28,27,1
S01009445,Economically active: Self-employed: Part-time (1),10,10,0
S01009445,Economically active: Self-employed: Full-time (1),18,17,1
S01009445,Economically active: Unemployed (1),42,40,2
S01009445,Economically inactive,246,243,3
S01009446,All people aged 16 and over,751,722,29
S01009446,Economically active: Total,394,380,14
S01009446,Economically active: Employee: Total,305,294,11
S01009446,Economically active: Employee: Part-time (1),90,85,5
S01009446,Economically active: Employee: Full-time (1),215,209,6
S01009446,Economically active: Self-employed: Total,22,21,1
S01009446,Economically active: Self-employed: Part-time (1),6,6,0
S01009446,Economically active: Self-employed: Full-time (1),16,15,1
S01009446,Economically active: Unemployed (1),67,65,2
S01009446,Economically inactive,357,342,15
S01009447,All people aged 16 and over,421,410,11
S01009447,Economically active: Total,261,251,10
S01009447,Economically active: Employee: Total,206,199,7
S01009447,Economically active: Employee: Part-time (1),56,53,3
S01009447,Economically active: Employee: Full-time (1),150,146,4
S01009447,Economically active: Self-employed: Total,21,20,1
S01009447,Economically active: Self-employed: Part-time (1),8,8,0
S01009447,Economically active: Self-employed: Full-time (1),13,12,1
S01009447,Economically active: Unemployed (1),34,32,2
S01009447,Economically inactive,160,159,1
S01009448,All people aged 16 and over,668,653,15
S01009448,Economically active: Total,454,445,9
S01009448,Economically active: Employee: Total,392,386,6
S01009448,Economically active: Employee: Part-time (1),107,106,1
S01009448,Economically active: Employee: Full-time (1),285,280,5
S01009448,Economically active: Self-employed: Total,34,33,1
S01009448,Economically active: Self-employed: Part-time (1),10,9,1
S01009448,Economically active: Self-employed: Full-time (1),24,24,0
S01009448,Economically active: Unemployed (1),28,26,2
S01009448,Economically inactive,214,208,6
S01009449,All people aged 16 and over,426,422,4
S01009449,Economically active: Total,231,229,2
S01009449,Economically active: Employee: Total,198,197,1
S01009449,Economically active: Employee: Part-time (1),60,60,0
S01009449,Economically active: Employee: Full-time (1),138,137,1
S01009449,Economically active: Self-employed: Total,21,21,0
S01009449,Economically active: Self-employed: Part-time (1),4,4,0
S01009449,Economically active: Self-employed: Full-time (1),17,17,0
S01009449,Economically active: Unemployed (1),12,11,1
S01009449,Economically inactive,195,193,2
S01009450,All people aged 16 and over,479,468,11
S01009450,Economically active: Total,283,274,9
S01009450,Economically active: Employee: Total,221,213,8
S01009450,Economically active: Employee: Part-time (1),70,69,1
S01009450,Economically active: Employee: Full-time (1),151,144,7
S01009450,Economically active: Self-employed: Total,16,16,0
S01009450,Economically active: Self-employed: Part-time (1),2,2,0
S01009450,Economically active: Self-employed: Full-time (1),14,14,0
S01009450,Economically active: Unemployed (1),46,45,1
S01009450,Economically inactive,196,194,2
S01009451,All people aged 16 and over,775,752,23
S01009451,Economically active: Total,467,450,17
S01009451,Economically active: Employee: Total,350,339,11
S01009451,Economically active: Employee: Part-time (1),106,105,1
S01009451,Economically active: Employee: Full-time (1),244,234,10
S01009451,Economically active: Self-employed: Total,36,34,2
S01009451,Economically active: Self-employed: Part-time (1),7,6,1
S01009451,Economically active: Self-employed: Full-time (1),29,28,1
S01009451,Economically active: Unemployed (1),81,77,4
S01009451,Economically inactive,308,302,6
S01009452,All people aged 16 and over,429,421,8
S01009452,Economically active: Total,238,234,4
S01009452,Economically active: Employee: Total,192,190,2
S01009452,Economically active: Employee: Part-time (1),49,49,0
S01009452,Economically active: Employee: Full-time (1),143,141,2
S01009452,Economically active: Self-employed: Total,12,12,0
S01009452,Economically active: Self-employed: Part-time (1),1,1,0
S01009452,Economically active: Self-employed: Full-time (1),11,11,0
S01009452,Economically active: Unemployed (1),34,32,2
S01009452,Economically inactive,191,187,4
S01009453,All people aged 16 and over,877,849,28
S01009453,Economically active: Total,496,482,14
S01009453,Economically active: Employee: Total,413,400,13
S01009453,Economically active: Employee: Part-time (1),114,112,2
S01009453,Economically active: Employee: Full-time (1),299,288,11
S01009453,Economically active: Self-employed: Total,25,25,0
S01009453,Economically active: Self-employed: Part-time (1),5,5,0
S01009453,Economically active: Self-employed: Full-time (1),20,20,0
S01009453,Economically active: Unemployed (1),58,57,1
S01009453,Economically inactive,381,367,14
S01009454,All people aged 16 and over,716,674,42
S01009454,Economically active: Total,448,421,27
S01009454,Economically active: Employee: Total,355,332,23
S01009454,Economically active: Employee: Part-time (1),101,95,6
S01009454,Economically active: Employee: Full-time (1),254,237,17
S01009454,Economically active: Self-employed: Total,67,64,3
S01009454,Economically active: Self-employed: Part-time (1),25,24,1
S01009454,Economically active: Self-employed: Full-time (1),42,40,2
S01009454,Economically active: Unemployed (1),26,25,1
S01009454,Economically inactive,268,253,15
S01009455,All people aged 16 and over,717,678,39
S01009455,Economically active: Total,420,394,26
S01009455,Economically active: Employee: Total,311,293,18
S01009455,Economically active: Employee: Part-time (1),80,79,1
S01009455,Economically active: Employee: Full-time (1),231,214,17
S01009455,Economically active: Self-employed: Total,93,86,7
S01009455,Economically active: Self-employed: Part-time (1),31,28,3
S01009455,Economically active: Self-employed: Full-time (1),62,58,4
S01009455,Economically active: Unemployed (1),16,15,1
S01009455,Economically inactive,297,284,13
S01009456,All people aged 16 and over,581,563,18
S01009456,Economically active: Total,342,331,11
S01009456,Economically active: Employee: Total,259,250,9
S01009456,Economically active: Employee: Part-time (1),52,50,2
S01009456,Economically active: Employee: Full-time (1),207,200,7
S01009456,Economically active: Self-employed: Total,48,46,2
S01009456,Economically active: Self-employed: Part-time (1),11,11,0
S01009456,Economically active: Self-employed: Full-time (1),37,35,2
S01009456,Economically active: Unemployed (1),35,35,0
S01009456,Economically inactive,239,232,7
S01009457,All people aged 16 and over,522,503,19
S01009457,Economically active: Total,315,301,14
S01009457,Economically active: Employee: Total,226,215,11
S01009457,Economically active: Employee: Part-time (1),69,66,3
S01009457,Economically active: Employee: Full-time (1),157,149,8
S01009457,Economically active: Self-employed: Total,81,79,2
S01009457,Economically active: Self-employed: Part-time (1),23,23,0
S01009457,Economically active: Self-employed: Full-time (1),58,56,2
S01009457,Economically active: Unemployed (1),8,7,1
S01009457,Economically inactive,207,202,5
S01009458,All people aged 16 and over,568,545,23
S01009458,Economically active: Total,322,310,12
S01009458,Economically active: Employee: Total,258,248,10
S01009458,Economically active: Employee: Part-time (1),63,62,1
S01009458,Economically active: Employee: Full-time (1),195,186,9
S01009458,Economically active: Self-employed: Total,36,35,1
S01009458,Economically active: Self-employed: Part-time (1),11,10,1
S01009458,Economically active: Self-employed: Full-time (1),25,25,0
S01009458,Economically active: Unemployed (1),28,27,1
S01009458,Economically inactive,246,235,11
S01009459,All people aged 16 and over,718,681,37
S01009459,Economically active: Total,430,404,26
S01009459,Economically active: Employee: Total,314,291,23
S01009459,Economically active: Employee: Part-time (1),81,77,4
S01009459,Economically active: Employee: Full-time (1),233,214,19
S01009459,Economically active: Self-employed: Total,59,56,3
S01009459,Economically active: Self-employed: Part-time (1),18,18,0
S01009459,Economically active: Self-employed: Full-time (1),41,38,3
S01009459,Economically active: Unemployed (1),57,57,0
S01009459,Economically inactive,288,277,11
S01009460,All people aged 16 and over,650,633,17
S01009460,Economically active: Total,416,400,16
S01009460,Economically active: Employee: Total,305,293,12
S01009460,Economically active: Employee: Part-time (1),104,97,7
S01009460,Economically active: Employee: Full-time (1),201,196,5
S01009460,Economically active: Self-employed: Total,19,17,2
S01009460,Economically active: Self-employed: Part-time (1),3,2,1
S01009460,Economically active: Self-employed: Full-time (1),16,15,1
S01009460,Economically active: Unemployed (1),92,90,2
S01009460,Economically inactive,234,233,1
S01009461,All people aged 16 and over,413,400,13
S01009461,Economically active: Total,317,307,10
S01009461,Economically active: Employee: Total,273,265,8
S01009461,Economically active: Employee: Part-time (1),61,60,1
S01009461,Economically active: Employee: Full-time (1),212,205,7
S01009461,Economically active: Self-employed: Total,32,31,1
S01009461,Economically active: Self-employed: Part-time (1),9,9,0
S01009461,Economically active: Self-employed: Full-time (1),23,22,1
S01009461,Economically active: Unemployed (1),12,11,1
S01009461,Economically inactive,96,93,3
S01009462,All people aged 16 and over,555,533,22
S01009462,Economically active: Total,328,312,16
S01009462,Economically active: Employee: Total,268,253,15
S01009462,Economically active: Employee: Part-time (1),77,73,4
S01009462,Economically active: Employee: Full-time (1),191,180,11
S01009462,Economically active: Self-employed: Total,38,38,0
S01009462,Economically active: Self-employed: Part-time (1),16,16,0
S01009462,Economically active: Self-employed: Full-time (1),22,22,0
S01009462,Economically active: Unemployed (1),22,21,1
S01009462,Economically inactive,227,221,6
S01009463,All people aged 16 and over,560,536,24
S01009463,Economically active: Total,317,300,17
S01009463,Economically active: Employee: Total,250,234,16
S01009463,Economically active: Employee: Part-time (1),69,67,2
S01009463,Economically active: Employee: Full-time (1),181,167,14
S01009463,Economically active: Self-employed: Total,38,37,1
S01009463,Economically active: Self-employed: Part-time (1),10,10,0
S01009463,Economically active: Self-employed: Full-time (1),28,27,1
S01009463,Economically active: Unemployed (1),29,29,0
S01009463,Economically inactive,243,236,7
S01009464,All people aged 16 and over,691,656,35
S01009464,Economically active: Total,457,432,25
S01009464,Economically active: Employee: Total,380,360,20
S01009464,Economically active: Employee: Part-time (1),111,108,3
S01009464,Economically active: Employee: Full-time (1),269,252,17
S01009464,Economically active: Self-employed: Total,50,46,4
S01009464,Economically active: Self-employed: Part-time (1),13,12,1
S01009464,Economically active: Self-employed: Full-time (1),37,34,3
S01009464,Economically active: Unemployed (1),27,26,1
S01009464,Economically inactive,234,224,10
S01009465,All people aged 16 and over,489,472,17
S01009465,Economically active: Total,297,284,13
S01009465,Economically active: Employee: Total,244,233,11
S01009465,Economically active: Employee: Part-time (1),79,74,5
S01009465,Economically active: Employee: Full-time (1),165,159,6
S01009465,Economically active: Self-employed: Total,26,24,2
S01009465,Economically active: Self-employed: Part-time (1),9,8,1
S01009465,Economically active: Self-employed: Full-time (1),17,16,1
S01009465,Economically active: Unemployed (1),27,27,0
S01009465,Economically inactive,192,188,4
S01009466,All people aged 16 and over,493,465,28
S01009466,Economically active: Total,292,271,21
S01009466,Economically active: Employee: Total,228,214,14
S01009466,Economically active: Employee: Part-time (1),57,55,2
S01009466,Economically active: Employee: Full-time (1),171,159,12
S01009466,Economically active: Self-employed: Total,46,40,6
S01009466,Economically active: Self-employed: Part-time (1),13,13,0
S01009466,Economically active: Self-employed: Full-time (1),33,27,6
S01009466,Economically active: Unemployed (1),18,17,1
S01009466,Economically inactive,201,194,7
S01009467,All people aged 16 and over,656,631,25
S01009467,Economically active: Total,375,363,12
S01009467,Economically active: Employee: Total,309,299,10
S01009467,Economically active: Employee: Part-time (1),97,97,0
S01009467,Economically active: Employee: Full-time (1),212,202,10
S01009467,Economically active: Self-employed: Total,46,44,2
S01009467,Economically active: Self-employed: Part-time (1),13,12,1
S01009467,Economically active: Self-employed: Full-time (1),33,32,1
S01009467,Economically active: Unemployed (1),20,20,0
S01009467,Economically inactive,281,268,13
S01009468,All people aged 16 and over,638,611,27
S01009468,Economically active: Total,363,341,22
S01009468,Economically active: Employee: Total,302,284,18
S01009468,Economically active: Employee: Part-time (1),97,89,8
S01009468,Economically active: Employee: Full-time (1),205,195,10
S01009468,Economically active: Self-employed: Total,30,27,3
S01009468,Economically active: Self-employed: Part-time (1),11,11,0
S01009468,Economically active: Self-employed: Full-time (1),19,16,3
S01009468,Economically active: Unemployed (1),31,30,1
S01009468,Economically inactive,275,270,5
S01009469,All people aged 16 and over,692,660,32
S01009469,Economically active: Total,420,399,21
S01009469,Economically active: Employee: Total,332,318,14
S01009469,Economically active: Employee: Part-time (1),96,93,3
S01009469,Economically active: Employee: Full-time (1),236,225,11
S01009469,Economically active: Self-employed: Total,37,33,4
S01009469,Economically active: Self-employed: Part-time (1),10,9,1
S01009469,Economically active: Self-employed: Full-time (1),27,24,3
S01009469,Economically active: Unemployed (1),51,48,3
S01009469,Economically inactive,272,261,11
S01009470,All people aged 16 and over,399,391,8
S01009470,Economically active: Total,229,222,7
S01009470,Economically active: Employee: Total,186,180,6
S01009470,Economically active: Employee: Part-time (1),55,53,2
S01009470,Economically active: Employee: Full-time (1),131,127,4
S01009470,Economically active: Self-employed: Total,29,28,1
S01009470,Economically active: Self-employed: Part-time (1),13,12,1
S01009470,Economically active: Self-employed: Full-time (1),16,16,0
S01009470,Economically active: Unemployed (1),14,14,0
S01009470,Economically inactive,170,169,1
S01009471,All people aged 16 and over,595,531,64
S01009471,Economically active: Total,267,225,42
S01009471,Economically active: Employee: Total,200,166,34
S01009471,Economically active: Employee: Part-time (1),47,40,7
S01009471,Economically active: Employee: Full-time (1),153,126,27
S01009471,Economically active: Self-employed: Total,23,19,4
S01009471,Economically active: Self-employed: Part-time (1),6,4,2
S01009471,Economically active: Self-employed: Full-time (1),17,15,2
S01009471,Economically active: Unemployed (1),44,40,4
S01009471,Economically inactive,328,306,22
S01009472,All people aged 16 and over,730,638,92
S01009472,Economically active: Total,452,405,47
S01009472,Economically active: Employee: Total,317,278,39
S01009472,Economically active: Employee: Part-time (1),96,80,16
S01009472,Economically active: Employee: Full-time (1),221,198,23
S01009472,Economically active: Self-employed: Total,45,43,2
S01009472,Economically active: Self-employed: Part-time (1),6,6,0
S01009472,Economically active: Self-employed: Full-time (1),39,37,2
S01009472,Economically active: Unemployed (1),90,84,6
S01009472,Economically inactive,278,233,45
S01009473,All people aged 16 and over,739,570,169
S01009473,Economically active: Total,462,328,134
S01009473,Economically active: Employee: Total,352,233,119
S01009473,Economically active: Employee: Part-time (1),103,73,30
S01009473,Economically active: Employee: Full-time (1),249,160,89
S01009473,Economically active: Self-employed: Total,32,28,4
S01009473,Economically active: Self-employed: Part-time (1),13,12,1
S01009473,Economically active: Self-employed: Full-time (1),19,16,3
S01009473,Economically active: Unemployed (1),78,67,11
S01009473,Economically inactive,277,242,35
S01009474,All people aged 16 and over,685,649,36
S01009474,Economically active: Total,478,448,30
S01009474,Economically active: Employee: Total,340,323,17
S01009474,Economically active: Employee: Part-time (1),100,91,9
S01009474,Economically active: Employee: Full-time (1),240,232,8
S01009474,Economically active: Self-employed: Total,42,35,7
S01009474,Economically active: Self-employed: Part-time (1),12,10,2
S01009474,Economically active: Self-employed: Full-time (1),30,25,5
S01009474,Economically active: Unemployed (1),96,90,6
S01009474,Economically inactive,207,201,6
S01009475,All people aged 16 and over,447,407,40
S01009475,Economically active: Total,315,287,28
S01009475,Economically active: Employee: Total,259,241,18
S01009475,Economically active: Employee: Part-time (1),54,50,4
S01009475,Economically active: Employee: Full-time (1),205,191,14
S01009475,Economically active: Self-employed: Total,47,40,7
S01009475,Economically active: Self-employed: Part-time (1),15,13,2
S01009475,Economically active: Self-employed: Full-time (1),32,27,5
S01009475,Economically active: Unemployed (1),9,6,3
S01009475,Economically inactive,132,120,12
S01009476,All people aged 16 and over,355,321,34
S01009476,Economically active: Total,282,259,23
S01009476,Economically active: Employee: Total,223,204,19
S01009476,Economically active: Employee: Part-time (1),67,62,5
S01009476,Economically active: Employee: Full-time (1),156,142,14
S01009476,Economically active: Self-employed: Total,46,44,2
S01009476,Economically active: Self-employed: Part-time (1),12,12,0
S01009476,Economically active: Self-employed: Full-time (1),34,32,2
S01009476,Economically active: Unemployed (1),13,11,2
S01009476,Economically inactive,73,62,11
S01009477,All people aged 16 and over,629,577,52
S01009477,Economically active: Total,359,320,39
S01009477,Economically active: Employee: Total,285,255,30
S01009477,Economically active: Employee: Part-time (1),71,68,3
S01009477,Economically active: Employee: Full-time (1),214,187,27
S01009477,Economically active: Self-employed: Total,56,48,8
S01009477,Economically active: Self-employed: Part-time (1),12,11,1
S01009477,Economically active: Self-employed: Full-time (1),44,37,7
S01009477,Economically active: Unemployed (1),18,17,1
S01009477,Economically inactive,270,257,13
S01009478,All people aged 16 and over,736,627,109
S01009478,Economically active: Total,527,442,85
S01009478,Economically active: Employee: Total,417,355,62
S01009478,Economically active: Employee: Part-time (1),92,81,11
S01009478,Economically active: Employee: Full-time (1),325,274,51
S01009478,Economically active: Self-employed: Total,47,39,8
S01009478,Economically active: Self-employed: Part-time (1),20,17,3
S01009478,Economically active: Self-employed: Full-time (1),27,22,5
S01009478,Economically active: Unemployed (1),63,48,15
S01009478,Economically inactive,209,185,24
S01009479,All people aged 16 and over,750,657,93
S01009479,Economically active: Total,430,361,69
S01009479,Economically active: Employee: Total,331,278,53
S01009479,Economically active: Employee: Part-time (1),86,74,12
S01009479,Economically active: Employee: Full-time (1),245,204,41
S01009479,Economically active: Self-employed: Total,48,39,9
S01009479,Economically active: Self-employed: Part-time (1),10,7,3
S01009479,Economically active: Self-employed: Full-time (1),38,32,6
S01009479,Economically active: Unemployed (1),51,44,7
S01009479,Economically inactive,320,296,24
S01009480,All people aged 16 and over,720,679,41
S01009480,Economically active: Total,418,394,24
S01009480,Economically active: Employee: Total,342,324,18
S01009480,Economically active: Employee: Part-time (1),83,79,4
S01009480,Economically active: Employee: Full-time (1),259,245,14
S01009480,Economically active: Self-employed: Total,57,53,4
S01009480,Economically active: Self-employed: Part-time (1),9,7,2
S01009480,Economically active: Self-employed: Full-time (1),48,46,2
S01009480,Economically active: Unemployed (1),19,17,2
S01009480,Economically inactive,302,285,17
S01009481,All people aged 16 and over,801,703,98
S01009481,Economically active: Total,547,463,84
S01009481,Economically active: Employee: Total,472,395,77
S01009481,Economically active: Employee: Part-time (1),88,78,10
S01009481,Economically active: Employee: Full-time (1),384,317,67
S01009481,Economically active: Self-employed: Total,39,37,2
S01009481,Economically active: Self-employed: Part-time (1),9,9,0
S01009481,Economically active: Self-employed: Full-time (1),30,28,2
S01009481,Economically active: Unemployed (1),36,31,5
S01009481,Economically inactive,254,240,14
S01009482,All people aged 16 and over,566,475,91
S01009482,Economically active: Total,364,290,74
S01009482,Economically active: Employee: Total,308,247,61
S01009482,Economically active: Employee: Part-time (1),70,60,10
S01009482,Economically active: Employee: Full-time (1),238,187,51
S01009482,Economically active: Self-employed: Total,27,21,6
S01009482,Economically active: Self-employed: Part-time (1),8,7,1
S01009482,Economically active: Self-employed: Full-time (1),19,14,5
S01009482,Economically active: Unemployed (1),29,22,7
S01009482,Economically inactive,202,185,17
S01009483,All people aged 16 and over,614,543,71
S01009483,Economically active: Total,466,405,61
S01009483,Economically active: Employee: Total,380,330,50
S01009483,Economically active: Employee: Part-time (1),76,65,11
S01009483,Economically active: Employee: Full-time (1),304,265,39
S01009483,Economically active: Self-employed: Total,48,40,8
S01009483,Economically active: Self-employed: Part-time (1),13,9,4
S01009483,Economically active: Self-employed: Full-time (1),35,31,4
S01009483,Economically active: Unemployed (1),38,35,3
S01009483,Economically inactive,148,138,10
S01009484,All people aged 16 and over,683,625,58
S01009484,Economically active: Total,352,314,38
S01009484,Economically active: Employee: Total,288,257,31
S01009484,Economically active: Employee: Part-time (1),72,70,2
S01009484,Economically active: Employee: Full-time (1),216,187,29
S01009484,Economically active: Self-employed: Total,24,19,5
S01009484,Economically active: Self-employed: Part-time (1),6,5,1
S01009484,Economically active: Self-employed: Full-time (1),18,14,4
S01009484,Economically active: Unemployed (1),40,38,2
S01009484,Economically inactive,331,311,20
S01009485,All people aged 16 and over,654,613,41
S01009485,Economically active: Total,358,327,31
S01009485,Economically active: Employee: Total,279,252,27
S01009485,Economically active: Employee: Part-time (1),90,84,6
S01009485,Economically active: Employee: Full-time (1),189,168,21
S01009485,Economically active: Self-employed: Total,37,34,3
S01009485,Economically active: Self-employed: Part-time (1),15,15,0
S01009485,Economically active: Self-employed: Full-time (1),22,19,3
S01009485,Economically active: Unemployed (1),42,41,1
S01009485,Economically inactive,296,286,10
S01009486,All people aged 16 and over,569,535,34
S01009486,Economically active: Total,303,276,27
S01009486,Economically active: Employee: Total,252,231,21
S01009486,Economically active: Employee: Part-time (1),62,57,5
S01009486,Economically active: Employee: Full-time (1),190,174,16
S01009486,Economically active: Self-employed: Total,33,30,3
S01009486,Economically active: Self-employed: Part-time (1),10,10,0
S01009486,Economically active: Self-employed: Full-time (1),23,20,3
S01009486,Economically active: Unemployed (1),18,15,3
S01009486,Economically inactive,266,259,7
S01009487,All people aged 16 and over,668,618,50
S01009487,Economically active: Total,382,345,37
S01009487,Economically active: Employee: Total,329,298,31
S01009487,Economically active: Employee: Part-time (1),99,92,7
S01009487,Economically active: Employee: Full-time (1),230,206,24
S01009487,Economically active: Self-employed: Total,20,17,3
S01009487,Economically active: Self-employed: Part-time (1),5,4,1
S01009487,Economically active: Self-employed: Full-time (1),15,13,2
S01009487,Economically active: Unemployed (1),33,30,3
S01009487,Economically inactive,286,273,13
S01009488,All people aged 16 and over,536,510,26
S01009488,Economically active: Total,357,337,20
S01009488,Economically active: Employee: Total,288,272,16
S01009488,Economically active: Employee: Part-time (1),98,95,3
S01009488,Economically active: Employee: Full-time (1),190,177,13
S01009488,Economically active: Self-employed: Total,31,30,1
S01009488,Economically active: Self-employed: Part-time (1),12,11,1
S01009488,Economically active: Self-employed: Full-time (1),19,19,0
S01009488,Economically active: Unemployed (1),38,35,3
S01009488,Economically inactive,179,173,6
S01009489,All people aged 16 and over,673,648,25
S01009489,Economically active: Total,356,336,20
S01009489,Economically active: Employee: Total,288,271,17
S01009489,Economically active: Employee: Part-time (1),83,75,8
S01009489,Economically active: Employee: Full-time (1),205,196,9
S01009489,Economically active: Self-employed: Total,30,27,3
S01009489,Economically active: Self-employed: Part-time (1),7,7,0
S01009489,Economically active: Self-employed: Full-time (1),23,20,3
S01009489,Economically active: Unemployed (1),38,38,0
S01009489,Economically inactive,317,312,5
S01009490,All people aged 16 and over,655,640,15
S01009490,Economically active: Total,396,385,11
S01009490,Economically active: Employee: Total,304,296,8
S01009490,Economically active: Employee: Part-time (1),107,106,1
S01009490,Economically active: Employee: Full-time (1),197,190,7
S01009490,Economically active: Self-employed: Total,19,18,1
S01009490,Economically active: Self-employed: Part-time (1),6,6,0
S01009490,Economically active: Self-employed: Full-time (1),13,12,1
S01009490,Economically active: Unemployed (1),73,71,2
S01009490,Economically inactive,259,255,4
S01009491,All people aged 16 and over,594,584,10
S01009491,Economically active: Total,279,274,5
S01009491,Economically active: Employee: Total,215,210,5
S01009491,Economically active: Employee: Part-time (1),64,62,2
S01009491,Economically active: Employee: Full-time (1),151,148,3
S01009491,Economically active: Self-employed: Total,27,27,0
S01009491,Economically active: Self-employed: Part-time (1),10,10,0
S01009491,Economically active: Self-employed: Full-time (1),17,17,0
S01009491,Economically active: Unemployed (1),37,37,0
S01009491,Economically inactive,315,310,5
S01009492,All people aged 16 and over,613,599,14
S01009492,Economically active: Total,380,370,10
S01009492,Economically active: Employee: Total,309,303,6
S01009492,Economically active: Employee: Part-time (1),88,87,1
S01009492,Economically active: Employee: Full-time (1),221,216,5
S01009492,Economically active: Self-employed: Total,31,28,3
S01009492,Economically active: Self-employed: Part-time (1),11,9,2
S01009492,Economically active: Self-employed: Full-time (1),20,19,1
S01009492,Economically active: Unemployed (1),40,39,1
S01009492,Economically inactive,233,229,4
S01009493,All people aged 16 and over,737,692,45
S01009493,Economically active: Total,368,340,28
S01009493,Economically active: Employee: Total,287,267,20
S01009493,Economically active: Employee: Part-time (1),90,83,7
S01009493,Economically active: Employee: Full-time (1),197,184,13
S01009493,Economically active: Self-employed: Total,69,66,3
S01009493,Economically active: Self-employed: Part-time (1),14,13,1
S01009493,Economically active: Self-employed: Full-time (1),55,53,2
S01009493,Economically active: Unemployed (1),12,7,5
S01009493,Economically inactive,369,352,17
S01009494,All people aged 16 and over,743,705,38
S01009494,Economically active: Total,568,540,28
S01009494,Economically active: Employee: Total,459,441,18
S01009494,Economically active: Employee: Part-time (1),100,96,4
S01009494,Economically active: Employee: Full-time (1),359,345,14
S01009494,Economically active: Self-employed: Total,69,66,3
S01009494,Economically active: Self-employed: Part-time (1),15,15,0
S01009494,Economically active: Self-employed: Full-time (1),54,51,3
S01009494,Economically active: Unemployed (1),40,33,7
S01009494,Economically inactive,175,165,10
S01009495,All people aged 16 and over,727,695,32
S01009495,Economically active: Total,523,497,26
S01009495,Economically active: Employee: Total,445,422,23
S01009495,Economically active: Employee: Part-time (1),110,106,4
S01009495,Economically active: Employee: Full-time (1),335,316,19
S01009495,Economically active: Self-employed: Total,57,54,3
S01009495,Economically active: Self-employed: Part-time (1),17,16,1
S01009495,Economically active: Self-employed: Full-time (1),40,38,2
S01009495,Economically active: Unemployed (1),21,21,0
S01009495,Economically inactive,204,198,6
S01009496,All people aged 16 and over,660,633,27
S01009496,Economically active: Total,395,375,20
S01009496,Economically active: Employee: Total,342,326,16
S01009496,Economically active: Employee: Part-time (1),110,107,3
S01009496,Economically active: Employee: Full-time (1),232,219,13
S01009496,Economically active: Self-employed: Total,31,29,2
S01009496,Economically active: Self-employed: Part-time (1),4,3,1
S01009496,Economically active: Self-employed: Full-time (1),27,26,1
S01009496,Economically active: Unemployed (1),22,20,2
S01009496,Economically inactive,265,258,7
S01009497,All people aged 16 and over,808,782,26
S01009497,Economically active: Total,514,492,22
S01009497,Economically active: Employee: Total,439,424,15
S01009497,Economically active: Employee: Part-time (1),120,116,4
S01009497,Economically active: Employee: Full-time (1),319,308,11
S01009497,Economically active: Self-employed: Total,33,27,6
S01009497,Economically active: Self-employed: Part-time (1),11,9,2
S01009497,Economically active: Self-employed: Full-time (1),22,18,4
S01009497,Economically active: Unemployed (1),42,41,1
S01009497,Economically inactive,294,290,4
S01009498,All people aged 16 and over,554,535,19
S01009498,Economically active: Total,324,312,12
S01009498,Economically active: Employee: Total,277,269,8
S01009498,Economically active: Employee: Part-time (1),78,75,3
S01009498,Economically active: Employee: Full-time (1),199,194,5
S01009498,Economically active: Self-employed: Total,33,31,2
S01009498,Economically active: Self-employed: Part-time (1),9,8,1
S01009498,Economically active: Self-employed: Full-time (1),24,23,1
S01009498,Economically active: Unemployed (1),14,12,2
S01009498,Economically inactive,230,223,7
S01009499,All people aged 16 and over,665,641,24
S01009499,Economically active: Total,385,368,17
S01009499,Economically active: Employee: Total,313,301,12
S01009499,Economically active: Employee: Part-time (1),102,101,1
S01009499,Economically active: Employee: Full-time (1),211,200,11
S01009499,Economically active: Self-employed: Total,34,32,2
S01009499,Economically active: Self-employed: Part-time (1),17,16,1
S01009499,Economically active: Self-employed: Full-time (1),17,16,1
S01009499,Economically active: Unemployed (1),38,35,3
S01009499,Economically inactive,280,273,7
S01009500,All people aged 16 and over,634,607,27
S01009500,Economically active: Total,362,344,18
S01009500,Economically active: Employee: Total,289,275,14
S01009500,Economically active: Employee: Part-time (1),94,91,3
S01009500,Economically active: Employee: Full-time (1),195,184,11
S01009500,Economically active: Self-employed: Total,25,25,0
S01009500,Economically active: Self-employed: Part-time (1),10,10,0
S01009500,Economically active: Self-employed: Full-time (1),15,15,0
S01009500,Economically active: Unemployed (1),48,44,4
S01009500,Economically inactive,272,263,9
S01009501,All people aged 16 and over,570,545,25
S01009501,Economically active: Total,316,297,19
S01009501,Economically active: Employee: Total,241,231,10
S01009501,Economically active: Employee: Part-time (1),75,74,1
S01009501,Economically active: Employee: Full-time (1),166,157,9
S01009501,Economically active: Self-employed: Total,20,16,4
S01009501,Economically active: Self-employed: Part-time (1),3,2,1
S01009501,Economically active: Self-employed: Full-time (1),17,14,3
S01009501,Economically active: Unemployed (1),55,50,5
S01009501,Economically inactive,254,248,6
S01009502,All people aged 16 and over,668,643,25
S01009502,Economically active: Total,434,416,18
S01009502,Economically active: Employee: Total,349,336,13
S01009502,Economically active: Employee: Part-time (1),121,119,2
S01009502,Economically active: Employee: Full-time (1),228,217,11
S01009502,Economically active: Self-employed: Total,33,31,2
S01009502,Economically active: Self-employed: Part-time (1),10,10,0
S01009502,Economically active: Self-employed: Full-time (1),23,21,2
S01009502,Economically active: Unemployed (1),52,49,3
S01009502,Economically inactive,234,227,7
S01009503,All people aged 16 and over,591,579,12
S01009503,Economically active: Total,401,392,9
S01009503,Economically active: Employee: Total,328,322,6
S01009503,Economically active: Employee: Part-time (1),116,116,0
S01009503,Economically active: Employee: Full-time (1),212,206,6
S01009503,Economically active: Self-employed: Total,39,36,3
S01009503,Economically active: Self-employed: Part-time (1),11,11,0
S01009503,Economically active: Self-employed: Full-time (1),28,25,3
S01009503,Economically active: Unemployed (1),34,34,0
S01009503,Economically inactive,190,187,3
S01009504,All people aged 16 and over,527,503,24
S01009504,Economically active: Total,323,305,18
S01009504,Economically active: Employee: Total,252,240,12
S01009504,Economically active: Employee: Part-time (1),90,85,5
S01009504,Economically active: Employee: Full-time (1),162,155,7
S01009504,Economically active: Self-employed: Total,23,17,6
S01009504,Economically active: Self-employed: Part-time (1),7,5,2
S01009504,Economically active: Self-employed: Full-time (1),16,12,4
S01009504,Economically active: Unemployed (1),48,48,0
S01009504,Economically inactive,204,198,6
S01009505,All people aged 16 and over,595,558,37
S01009505,Economically active: Total,364,336,28
S01009505,Economically active: Employee: Total,265,242,23
S01009505,Economically active: Employee: Part-time (1),96,89,7
S01009505,Economically active: Employee: Full-time (1),169,153,16
S01009505,Economically active: Self-employed: Total,11,9,2
S01009505,Economically active: Self-employed: Part-time (1),5,4,1
S01009505,Economically active: Self-employed: Full-time (1),6,5,1
S01009505,Economically active: Unemployed (1),88,85,3
S01009505,Economically inactive,231,222,9
S01009506,All people aged 16 and over,570,535,35
S01009506,Economically active: Total,342,314,28
S01009506,Economically active: Employee: Total,274,252,22
S01009506,Economically active: Employee: Part-time (1),100,95,5
S01009506,Economically active: Employee: Full-time (1),174,157,17
S01009506,Economically active: Self-employed: Total,20,15,5
S01009506,Economically active: Self-employed: Part-time (1),4,1,3
S01009506,Economically active: Self-employed: Full-time (1),16,14,2
S01009506,Economically active: Unemployed (1),48,47,1
S01009506,Economically inactive,228,221,7
S01009507,All people aged 16 and over,664,627,37
S01009507,Economically active: Total,453,425,28
S01009507,Economically active: Employee: Total,384,358,26
S01009507,Economically active: Employee: Part-time (1),99,94,5
S01009507,Economically active: Employee: Full-time (1),285,264,21
S01009507,Economically active: Self-employed: Total,32,30,2
S01009507,Economically active: Self-employed: Part-time (1),5,5,0
S01009507,Economically active: Self-employed: Full-time (1),27,25,2
S01009507,Economically active: Unemployed (1),37,37,0
S01009507,Economically inactive,211,202,9
S01009508,All people aged 16 and over,676,632,44
S01009508,Economically active: Total,415,380,35
S01009508,Economically active: Employee: Total,306,277,29
S01009508,Economically active: Employee: Part-time (1),130,117,13
S01009508,Economically active: Employee: Full-time (1),176,160,16
S01009508,Economically active: Self-employed: Total,23,20,3
S01009508,Economically active: Self-employed: Part-time (1),6,6,0
S01009508,Economically active: Self-employed: Full-time (1),17,14,3
S01009508,Economically active: Unemployed (1),86,83,3
S01009508,Economically inactive,261,252,9
S01009509,All people aged 16 and over,797,735,62
S01009509,Economically active: Total,505,457,48
S01009509,Economically active: Employee: Total,388,350,38
S01009509,Economically active: Employee: Part-time (1),115,108,7
S01009509,Economically active: Employee: Full-time (1),273,242,31
S01009509,Economically active: Self-employed: Total,38,33,5
S01009509,Economically active: Self-employed: Part-time (1),12,12,0
S01009509,Economically active: Self-employed: Full-time (1),26,21,5
S01009509,Economically active: Unemployed (1),79,74,5
S01009509,Economically inactive,292,278,14
S01009510,All people aged 16 and over,602,577,25
S01009510,Economically active: Total,356,337,19
S01009510,Economically active: Employee: Total,305,290,15
S01009510,Economically active: Employee: Part-time (1),78,71,7
S01009510,Economically active: Employee: Full-time (1),227,219,8
S01009510,Economically active: Self-employed: Total,29,28,1
S01009510,Economically active: Self-employed: Part-time (1),6,5,1
S01009510,Economically active: Self-employed: Full-time (1),23,23,0
S01009510,Economically active: Unemployed (1),22,19,3
S01009510,Economically inactive,246,240,6
S01009511,All people aged 16 and over,526,499,27
S01009511,Economically active: Total,300,283,17
S01009511,Economically active: Employee: Total,258,246,12
S01009511,Economically active: Employee: Part-time (1),71,66,5
S01009511,Economically active: Employee: Full-time (1),187,180,7
S01009511,Economically active: Self-employed: Total,32,28,4
S01009511,Economically active: Self-employed: Part-time (1),5,5,0
S01009511,Economically active: Self-employed: Full-time (1),27,23,4
S01009511,Economically active: Unemployed (1),10,9,1
S01009511,Economically inactive,226,216,10
S01009512,All people aged 16 and over,632,604,28
S01009512,Economically active: Total,411,395,16
S01009512,Economically active: Employee: Total,368,357,11
S01009512,Economically active: Employee: Part-time (1),108,106,2
S01009512,Economically active: Employee: Full-time (1),260,251,9
S01009512,Economically active: Self-employed: Total,30,26,4
S01009512,Economically active: Self-employed: Part-time (1),9,7,2
S01009512,Economically active: Self-employed: Full-time (1),21,19,2
S01009512,Economically active: Unemployed (1),13,12,1
S01009512,Economically inactive,221,209,12
S01009513,All people aged 16 and over,487,475,12
S01009513,Economically active: Total,291,283,8
S01009513,Economically active: Employee: Total,260,253,7
S01009513,Economically active: Employee: Part-time (1),82,81,1
S01009513,Economically active: Employee: Full-time (1),178,172,6
S01009513,Economically active: Self-employed: Total,23,22,1
S01009513,Economically active: Self-employed: Part-time (1),9,9,0
S01009513,Economically active: Self-employed: Full-time (1),14,13,1
S01009513,Economically active: Unemployed (1),8,8,0
S01009513,Economically inactive,196,192,4
S01009514,All people aged 16 and over,584,552,32
S01009514,Economically active: Total,418,391,27
S01009514,Economically active: Employee: Total,374,349,25
S01009514,Economically active: Employee: Part-time (1),101,98,3
S01009514,Economically active: Employee: Full-time (1),273,251,22
S01009514,Economically active: Self-employed: Total,30,28,2
S01009514,Economically active: Self-employed: Part-time (1),8,8,0
S01009514,Economically active: Self-employed: Full-time (1),22,20,2
S01009514,Economically active: Unemployed (1),14,14,0
S01009514,Economically inactive,166,161,5
S01009515,All people aged 16 and over,615,591,24
S01009515,Economically active: Total,333,319,14
S01009515,Economically active: Employee: Total,272,260,12
S01009515,Economically active: Employee: Part-time (1),91,87,4
S01009515,Economically active: Employee: Full-time (1),181,173,8
S01009515,Economically active: Self-employed: Total,28,27,1
S01009515,Economically active: Self-employed: Part-time (1),6,6,0
S01009515,Economically active: Self-employed: Full-time (1),22,21,1
S01009515,Economically active: Unemployed (1),33,32,1
S01009515,Economically inactive,282,272,10
S01009516,All people aged 16 and over,758,734,24
S01009516,Economically active: Total,388,372,16
S01009516,Economically active: Employee: Total,322,312,10
S01009516,Economically active: Employee: Part-time (1),106,101,5
S01009516,Economically active: Employee: Full-time (1),216,211,5
S01009516,Economically active: Self-employed: Total,35,31,4
S01009516,Economically active: Self-employed: Part-time (1),8,8,0
S01009516,Economically active: Self-employed: Full-time (1),27,23,4
S01009516,Economically active: Unemployed (1),31,29,2
S01009516,Economically inactive,370,362,8
S01009517,All people aged 16 and over,703,633,70
S01009517,Economically active: Total,590,538,52
S01009517,Economically active: Employee: Total,512,472,40
S01009517,Economically active: Employee: Part-time (1),118,108,10
S01009517,Economically active: Employee: Full-time (1),394,364,30
S01009517,Economically active: Self-employed: Total,53,44,9
S01009517,Economically active: Self-employed: Part-time (1),13,12,1
S01009517,Economically active: Self-employed: Full-time (1),40,32,8
S01009517,Economically active: Unemployed (1),25,22,3
S01009517,Economically inactive,113,95,18
S01009518,All people aged 16 and over,661,609,52
S01009518,Economically active: Total,588,546,42
S01009518,Economically active: Employee: Total,510,480,30
S01009518,Economically active: Employee: Part-time (1),116,110,6
S01009518,Economically active: Employee: Full-time (1),394,370,24
S01009518,Economically active: Self-employed: Total,58,47,11
S01009518,Economically active: Self-employed: Part-time (1),11,10,1
S01009518,Economically active: Self-employed: Full-time (1),47,37,10
S01009518,Economically active: Unemployed (1),20,19,1
S01009518,Economically inactive,73,63,10
S01009519,All people aged 16 and over,401,374,27
S01009519,Economically active: Total,280,263,17
S01009519,Economically active: Employee: Total,239,231,8
S01009519,Economically active: Employee: Part-time (1),69,64,5
S01009519,Economically active: Employee: Full-time (1),170,167,3
S01009519,Economically active: Self-employed: Total,23,16,7
S01009519,Economically active: Self-employed: Part-time (1),2,0,2
S01009519,Economically active: Self-employed: Full-time (1),21,16,5
S01009519,Economically active: Unemployed (1),18,16,2
S01009519,Economically inactive,121,111,10
S01009520,All people aged 16 and over,659,609,50
S01009520,Economically active: Total,454,423,31
S01009520,Economically active: Employee: Total,388,363,25
S01009520,Economically active: Employee: Part-time (1),110,104,6
S01009520,Economically active: Employee: Full-time (1),278,259,19
S01009520,Economically active: Self-employed: Total,43,40,3
S01009520,Economically active: Self-employed: Part-time (1),13,13,0
S01009520,Economically active: Self-employed: Full-time (1),30,27,3
S01009520,Economically active: Unemployed (1),23,20,3
S01009520,Economically inactive,205,186,19
S01009521,All people aged 16 and over,702,663,39
S01009521,Economically active: Total,351,325,26
S01009521,Economically active: Employee: Total,258,236,22
S01009521,Economically active: Employee: Part-time (1),95,91,4
S01009521,Economically active: Employee: Full-time (1),163,145,18
S01009521,Economically active: Self-employed: Total,28,26,2
S01009521,Economically active: Self-employed: Part-time (1),10,10,0
S01009521,Economically active: Self-employed: Full-time (1),18,16,2
S01009521,Economically active: Unemployed (1),65,63,2
S01009521,Economically inactive,351,338,13
S01009522,All people aged 16 and over,758,676,82
S01009522,Economically active: Total,484,414,70
S01009522,Economically active: Employee: Total,375,315,60
S01009522,Economically active: Employee: Part-time (1),124,104,20
S01009522,Economically active: Employee: Full-time (1),251,211,40
S01009522,Economically active: Self-employed: Total,42,39,3
S01009522,Economically active: Self-employed: Part-time (1),19,19,0
S01009522,Economically active: Self-employed: Full-time (1),23,20,3
S01009522,Economically active: Unemployed (1),67,60,7
S01009522,Economically inactive,274,262,12
S01009523,All people aged 16 and over,482,437,45
S01009523,Economically active: Total,262,228,34
S01009523,Economically active: Employee: Total,205,174,31
S01009523,Economically active: Employee: Part-time (1),57,55,2
S01009523,Economically active: Employee: Full-time (1),148,119,29
S01009523,Economically active: Self-employed: Total,10,9,1
S01009523,Economically active: Self-employed: Part-time (1),4,4,0
S01009523,Economically active: Self-employed: Full-time (1),6,5,1
S01009523,Economically active: Unemployed (1),47,45,2
S01009523,Economically inactive,220,209,11
S01009524,All people aged 16 and over,531,464,67
S01009524,Economically active: Total,305,253,52
S01009524,Economically active: Employee: Total,245,203,42
S01009524,Economically active: Employee: Part-time (1),59,54,5
S01009524,Economically active: Employee: Full-time (1),186,149,37
S01009524,Economically active: Self-employed: Total,21,16,5
S01009524,Economically active: Self-employed: Part-time (1),3,2,1
S01009524,Economically active: Self-employed: Full-time (1),18,14,4
S01009524,Economically active: Unemployed (1),39,34,5
S01009524,Economically inactive,226,211,15
S01009525,All people aged 16 and over,447,406,41
S01009525,Economically active: Total,259,229,30
S01009525,Economically active: Employee: Total,209,187,22
S01009525,Economically active: Employee: Part-time (1),59,55,4
S01009525,Economically active: Employee: Full-time (1),150,132,18
S01009525,Economically active: Self-employed: Total,16,13,3
S01009525,Economically active: Self-employed: Part-time (1),6,6,0
S01009525,Economically active: Self-employed: Full-time (1),10,7,3
S01009525,Economically active: Unemployed (1),34,29,5
S01009525,Economically inactive,188,177,11
S01009526,All people aged 16 and over,576,516,60
S01009526,Economically active: Total,431,387,44
S01009526,Economically active: Employee: Total,359,321,38
S01009526,Economically active: Employee: Part-time (1),62,52,10
S01009526,Economically active: Employee: Full-time (1),297,269,28
S01009526,Economically active: Self-employed: Total,43,39,4
S01009526,Economically active: Self-employed: Part-time (1),13,10,3
S01009526,Economically active: Self-employed: Full-time (1),30,29,1
S01009526,Economically active: Unemployed (1),29,27,2
S01009526,Economically inactive,145,129,16
S01009527,All people aged 16 and over,573,518,55
S01009527,Economically active: Total,361,314,47
S01009527,Economically active: Employee: Total,293,257,36
S01009527,Economically active: Employee: Part-time (1),66,58,8
S01009527,Economically active: Employee: Full-time (1),227,199,28
S01009527,Economically active: Self-employed: Total,23,17,6
S01009527,Economically active: Self-employed: Part-time (1),7,4,3
S01009527,Economically active: Self-employed: Full-time (1),16,13,3
S01009527,Economically active: Unemployed (1),45,40,5
S01009527,Economically inactive,212,204,8
S01009528,All people aged 16 and over,491,452,39
S01009528,Economically active: Total,194,166,28
S01009528,Economically active: Employee: Total,168,144,24
S01009528,Economically active: Employee: Part-time (1),37,33,4
S01009528,Economically active: Employee: Full-time (1),131,111,20
S01009528,Economically active: Self-employed: Total,17,13,4
S01009528,Economically active: Self-employed: Part-time (1),7,6,1
S01009528,Economically active: Self-employed: Full-time (1),10,7,3
S01009528,Economically active: Unemployed (1),9,9,0
S01009528,Economically inactive,297,286,11
S01009529,All people aged 16 and over,505,481,24
S01009529,Economically active: Total,292,273,19
S01009529,Economically active: Employee: Total,228,213,15
S01009529,Economically active: Employee: Part-time (1),59,55,4
S01009529,Economically active: Employee: Full-time (1),169,158,11
S01009529,Economically active: Self-employed: Total,39,38,1
S01009529,Economically active: Self-employed: Part-time (1),12,11,1
S01009529,Economically active: Self-employed: Full-time (1),27,27,0
S01009529,Economically active: Unemployed (1),25,22,3
S01009529,Economically inactive,213,208,5
S01009530,All people aged 16 and over,497,479,18
S01009530,Economically active: Total,306,291,15
S01009530,Economically active: Employee: Total,262,251,11
S01009530,Economically active: Employee: Part-time (1),86,83,3
S01009530,Economically active: Employee: Full-time (1),176,168,8
S01009530,Economically active: Self-employed: Total,37,34,3
S01009530,Economically active: Self-employed: Part-time (1),7,6,1
S01009530,Economically active: Self-employed: Full-time (1),30,28,2
S01009530,Economically active: Unemployed (1),7,6,1
S01009530,Economically inactive,191,188,3
S01009531,All people aged 16 and over,680,636,44
S01009531,Economically active: Total,363,326,37
S01009531,Economically active: Employee: Total,295,265,30
S01009531,Economically active: Employee: Part-time (1),87,82,5
S01009531,Economically active: Employee: Full-time (1),208,183,25
S01009531,Economically active: Self-employed: Total,18,18,0
S01009531,Economically active: Self-employed: Part-time (1),6,6,0
S01009531,Economically active: Self-employed: Full-time (1),12,12,0
S01009531,Economically active: Unemployed (1),50,43,7
S01009531,Economically inactive,317,310,7
S01009532,All people aged 16 and over,706,679,27
S01009532,Economically active: Total,307,284,23
S01009532,Economically active: Employee: Total,257,237,20
S01009532,Economically active: Employee: Part-time (1),72,67,5
S01009532,Economically active: Employee: Full-time (1),185,170,15
S01009532,Economically active: Self-employed: Total,17,15,2
S01009532,Economically active: Self-employed: Part-time (1),3,3,0
S01009532,Economically active: Self-employed: Full-time (1),14,12,2
S01009532,Economically active: Unemployed (1),33,32,1
S01009532,Economically inactive,399,395,4
S01009533,All people aged 16 and over,653,592,61
S01009533,Economically active: Total,400,347,53
S01009533,Economically active: Employee: Total,325,279,46
S01009533,Economically active: Employee: Part-time (1),94,81,13
S01009533,Economically active: Employee: Full-time (1),231,198,33
S01009533,Economically active: Self-employed: Total,30,25,5
S01009533,Economically active: Self-employed: Part-time (1),12,9,3
S01009533,Economically active: Self-employed: Full-time (1),18,16,2
S01009533,Economically active: Unemployed (1),45,43,2
S01009533,Economically inactive,253,245,8
S01009534,All people aged 16 and over,651,595,56
S01009534,Economically active: Total,369,324,45
S01009534,Economically active: Employee: Total,254,217,37
S01009534,Economically active: Employee: Part-time (1),81,70,11
S01009534,Economically active: Employee: Full-time (1),173,147,26
S01009534,Economically active: Self-employed: Total,33,27,6
S01009534,Economically active: Self-employed: Part-time (1),13,12,1
S01009534,Economically active: Self-employed: Full-time (1),20,15,5
S01009534,Economically active: Unemployed (1),82,80,2
S01009534,Economically inactive,282,271,11
S01009535,All people aged 16 and over,486,457,29
S01009535,Economically active: Total,310,287,23
S01009535,Economically active: Employee: Total,222,202,20
S01009535,Economically active: Employee: Part-time (1),80,77,3
S01009535,Economically active: Employee: Full-time (1),142,125,17
S01009535,Economically active: Self-employed: Total,18,18,0
S01009535,Economically active: Self-employed: Part-time (1),8,8,0
S01009535,Economically active: Self-employed: Full-time (1),10,10,0
S01009535,Economically active: Unemployed (1),70,67,3
S01009535,Economically inactive,176,170,6
S01009536,All people aged 16 and over,417,387,30
S01009536,Economically active: Total,254,236,18
S01009536,Economically active: Employee: Total,204,189,15
S01009536,Economically active: Employee: Part-time (1),69,64,5
S01009536,Economically active: Employee: Full-time (1),135,125,10
S01009536,Economically active: Self-employed: Total,21,20,1
S01009536,Economically active: Self-employed: Part-time (1),8,8,0
S01009536,Economically active: Self-employed: Full-time (1),13,12,1
S01009536,Economically active: Unemployed (1),29,27,2
S01009536,Economically inactive,163,151,12
S01009537,All people aged 16 and over,451,418,33
S01009537,Economically active: Total,250,223,27
S01009537,Economically active: Employee: Total,197,175,22
S01009537,Economically active: Employee: Part-time (1),49,41,8
S01009537,Economically active: Employee: Full-time (1),148,134,14
S01009537,Economically active: Self-employed: Total,19,17,2
S01009537,Economically active: Self-employed: Part-time (1),3,3,0
S01009537,Economically active: Self-employed: Full-time (1),16,14,2
S01009537,Economically active: Unemployed (1),34,31,3
S01009537,Economically inactive,201,195,6
S01009538,All people aged 16 and over,671,628,43
S01009538,Economically active: Total,396,367,29
S01009538,Economically active: Employee: Total,299,277,22
S01009538,Economically active: Employee: Part-time (1),84,78,6
S01009538,Economically active: Employee: Full-time (1),215,199,16
S01009538,Economically active: Self-employed: Total,38,33,5
S01009538,Economically active: Self-employed: Part-time (1),7,7,0
S01009538,Economically active: Self-employed: Full-time (1),31,26,5
S01009538,Economically active: Unemployed (1),59,57,2
S01009538,Economically inactive,275,261,14
S01009539,All people aged 16 and over,738,694,44
S01009539,Economically active: Total,442,411,31
S01009539,Economically active: Employee: Total,379,355,24
S01009539,Economically active: Employee: Part-time (1),113,109,4
S01009539,Economically active: Employee: Full-time (1),266,246,20
S01009539,Economically active: Self-employed: Total,36,31,5
S01009539,Economically active: Self-employed: Part-time (1),10,9,1
S01009539,Economically active: Self-employed: Full-time (1),26,22,4
S01009539,Economically active: Unemployed (1),27,25,2
S01009539,Economically inactive,296,283,13
S01009540,All people aged 16 and over,716,671,45
S01009540,Economically active: Total,435,394,41
S01009540,Economically active: Employee: Total,350,317,33
S01009540,Economically active: Employee: Part-time (1),100,89,11
S01009540,Economically active: Employee: Full-time (1),250,228,22
S01009540,Economically active: Self-employed: Total,24,20,4
S01009540,Economically active: Self-employed: Part-time (1),6,5,1
S01009540,Economically active: Self-employed: Full-time (1),18,15,3
S01009540,Economically active: Unemployed (1),61,57,4
S01009540,Economically inactive,281,277,4
S01009541,All people aged 16 and over,639,627,12
S01009541,Economically active: Total,411,401,10
S01009541,Economically active: Employee: Total,338,331,7
S01009541,Economically active: Employee: Part-time (1),75,75,0
S01009541,Economically active: Employee: Full-time (1),263,256,7
S01009541,Economically active: Self-employed: Total,50,50,0
S01009541,Economically active: Self-employed: Part-time (1),15,15,0
S01009541,Economically active: Self-employed: Full-time (1),35,35,0
S01009541,Economically active: Unemployed (1),23,20,3
S01009541,Economically inactive,228,226,2
S01009542,All people aged 16 and over,586,569,17
S01009542,Economically active: Total,386,374,12
S01009542,Economically active: Employee: Total,269,258,11
S01009542,Economically active: Employee: Part-time (1),93,88,5
S01009542,Economically active: Employee: Full-time (1),176,170,6
S01009542,Economically active: Self-employed: Total,29,29,0
S01009542,Economically active: Self-employed: Part-time (1),6,6,0
S01009542,Economically active: Self-employed: Full-time (1),23,23,0
S01009542,Economically active: Unemployed (1),88,87,1
S01009542,Economically inactive,200,195,5
S01009543,All people aged 16 and over,480,461,19
S01009543,Economically active: Total,254,243,11
S01009543,Economically active: Employee: Total,202,195,7
S01009543,Economically active: Employee: Part-time (1),62,60,2
S01009543,Economically active: Employee: Full-time (1),140,135,5
S01009543,Economically active: Self-employed: Total,35,32,3
S01009543,Economically active: Self-employed: Part-time (1),10,8,2
S01009543,Economically active: Self-employed: Full-time (1),25,24,1
S01009543,Economically active: Unemployed (1),17,16,1
S01009543,Economically inactive,226,218,8
S01009544,All people aged 16 and over,724,693,31
S01009544,Economically active: Total,443,420,23
S01009544,Economically active: Employee: Total,366,348,18
S01009544,Economically active: Employee: Part-time (1),98,96,2
S01009544,Economically active: Employee: Full-time (1),268,252,16
S01009544,Economically active: Self-employed: Total,48,45,3
S01009544,Economically active: Self-employed: Part-time (1),12,12,0
S01009544,Economically active: Self-employed: Full-time (1),36,33,3
S01009544,Economically active: Unemployed (1),29,27,2
S01009544,Economically inactive,281,273,8
S01009545,All people aged 16 and over,646,633,13
S01009545,Economically active: Total,395,386,9
S01009545,Economically active: Employee: Total,305,300,5
S01009545,Economically active: Employee: Part-time (1),72,72,0
S01009545,Economically active: Employee: Full-time (1),233,228,5
S01009545,Economically active: Self-employed: Total,50,48,2
S01009545,Economically active: Self-employed: Part-time (1),15,15,0
S01009545,Economically active: Self-employed: Full-time (1),35,33,2
S01009545,Economically active: Unemployed (1),40,38,2
S01009545,Economically inactive,251,247,4
S01009546,All people aged 16 and over,792,761,31
S01009546,Economically active: Total,564,539,25
S01009546,Economically active: Employee: Total,469,448,21
S01009546,Economically active: Employee: Part-time (1),112,107,5
S01009546,Economically active: Employee: Full-time (1),357,341,16
S01009546,Economically active: Self-employed: Total,43,42,1
S01009546,Economically active: Self-employed: Part-time (1),12,12,0
S01009546,Economically active: Self-employed: Full-time (1),31,30,1
S01009546,Economically active: Unemployed (1),52,49,3
S01009546,Economically inactive,228,222,6
S01009547,All people aged 16 and over,600,563,37
S01009547,Economically active: Total,395,360,35
S01009547,Economically active: Employee: Total,308,275,33
S01009547,Economically active: Employee: Part-time (1),94,88,6
S01009547,Economically active: Employee: Full-time (1),214,187,27
S01009547,Economically active: Self-employed: Total,44,42,2
S01009547,Economically active: Self-employed: Part-time (1),9,8,1
S01009547,Economically active: Self-employed: Full-time (1),35,34,1
S01009547,Economically active: Unemployed (1),43,43,0
S01009547,Economically inactive,205,203,2
S01009548,All people aged 16 and over,572,562,10
S01009548,Economically active: Total,350,345,5
S01009548,Economically active: Employee: Total,290,286,4
S01009548,Economically active: Employee: Part-time (1),81,79,2
S01009548,Economically active: Employee: Full-time (1),209,207,2
S01009548,Economically active: Self-employed: Total,27,27,0
S01009548,Economically active: Self-employed: Part-time (1),5,5,0
S01009548,Economically active: Self-employed: Full-time (1),22,22,0
S01009548,Economically active: Unemployed (1),33,32,1
S01009548,Economically inactive,222,217,5
S01009549,All people aged 16 and over,649,627,22
S01009549,Economically active: Total,415,398,17
S01009549,Economically active: Employee: Total,349,336,13
S01009549,Economically active: Employee: Part-time (1),105,102,3
S01009549,Economically active: Employee: Full-time (1),244,234,10
S01009549,Economically active: Self-employed: Total,43,39,4
S01009549,Economically active: Self-employed: Part-time (1),8,7,1
S01009549,Economically active: Self-employed: Full-time (1),35,32,3
S01009549,Economically active: Unemployed (1),23,23,0
S01009549,Economically inactive,234,229,5
S01009550,All people aged 16 and over,415,395,20
S01009550,Economically active: Total,270,257,13
S01009550,Economically active: Employee: Total,236,225,11
S01009550,Economically active: Employee: Part-time (1),69,66,3
S01009550,Economically active: Employee: Full-time (1),167,159,8
S01009550,Economically active: Self-employed: Total,18,18,0
S01009550,Economically active: Self-employed: Part-time (1),8,8,0
S01009550,Economically active: Self-employed: Full-time (1),10,10,0
S01009550,Economically active: Unemployed (1),16,14,2
S01009550,Economically inactive,145,138,7
S01009551,All people aged 16 and over,421,387,34
S01009551,Economically active: Total,266,241,25
S01009551,Economically active: Employee: Total,225,204,21
S01009551,Economically active: Employee: Part-time (1),62,55,7
S01009551,Economically active: Employee: Full-time (1),163,149,14
S01009551,Economically active: Self-employed: Total,16,15,1
S01009551,Economically active: Self-employed: Part-time (1),1,1,0
S01009551,Economically active: Self-employed: Full-time (1),15,14,1
S01009551,Economically active: Unemployed (1),25,22,3
S01009551,Economically inactive,155,146,9
S01009552,All people aged 16 and over,776,752,24
S01009552,Economically active: Total,463,443,20
S01009552,Economically active: Employee: Total,380,362,18
S01009552,Economically active: Employee: Part-time (1),112,103,9
S01009552,Economically active: Employee: Full-time (1),268,259,9
S01009552,Economically active: Self-employed: Total,54,52,2
S01009552,Economically active: Self-employed: Part-time (1),18,18,0
S01009552,Economically active: Self-employed: Full-time (1),36,34,2
S01009552,Economically active: Unemployed (1),29,29,0
S01009552,Economically inactive,313,309,4
S01009553,All people aged 16 and over,701,681,20
S01009553,Economically active: Total,414,401,13
S01009553,Economically active: Employee: Total,317,305,12
S01009553,Economically active: Employee: Part-time (1),101,97,4
S01009553,Economically active: Employee: Full-time (1),216,208,8
S01009553,Economically active: Self-employed: Total,30,29,1
S01009553,Economically active: Self-employed: Part-time (1),6,5,1
S01009553,Economically active: Self-employed: Full-time (1),24,24,0
S01009553,Economically active: Unemployed (1),67,67,0
S01009553,Economically inactive,287,280,7
S01009554,All people aged 16 and over,554,538,16
S01009554,Economically active: Total,349,341,8
S01009554,Economically active: Employee: Total,249,243,6
S01009554,Economically active: Employee: Part-time (1),82,79,3
S01009554,Economically active: Employee: Full-time (1),167,164,3
S01009554,Economically active: Self-employed: Total,49,47,2
S01009554,Economically active: Self-employed: Part-time (1),10,10,0
S01009554,Economically active: Self-employed: Full-time (1),39,37,2
S01009554,Economically active: Unemployed (1),51,51,0
S01009554,Economically inactive,205,197,8
S01009555,All people aged 16 and over,633,609,24
S01009555,Economically active: Total,415,400,15
S01009555,Economically active: Employee: Total,315,307,8
S01009555,Economically active: Employee: Part-time (1),88,84,4
S01009555,Economically active: Employee: Full-time (1),227,223,4
S01009555,Economically active: Self-employed: Total,55,53,2
S01009555,Economically active: Self-employed: Part-time (1),17,15,2
S01009555,Economically active: Self-employed: Full-time (1),38,38,0
S01009555,Economically active: Unemployed (1),45,40,5
S01009555,Economically inactive,218,209,9
S01009556,All people aged 16 and over,605,567,38
S01009556,Economically active: Total,406,379,27
S01009556,Economically active: Employee: Total,342,320,22
S01009556,Economically active: Employee: Part-time (1),92,85,7
S01009556,Economically active: Employee: Full-time (1),250,235,15
S01009556,Economically active: Self-employed: Total,20,17,3
S01009556,Economically active: Self-employed: Part-time (1),5,5,0
S01009556,Economically active: Self-employed: Full-time (1),15,12,3
S01009556,Economically active: Unemployed (1),44,42,2
S01009556,Economically inactive,199,188,11
S01009557,All people aged 16 and over,526,501,25
S01009557,Economically active: Total,324,309,15
S01009557,Economically active: Employee: Total,244,232,12
S01009557,Economically active: Employee: Part-time (1),74,70,4
S01009557,Economically active: Employee: Full-time (1),170,162,8
S01009557,Economically active: Self-employed: Total,18,17,1
S01009557,Economically active: Self-employed: Part-time (1),0,0,0
S01009557,Economically active: Self-employed: Full-time (1),18,17,1
S01009557,Economically active: Unemployed (1),62,60,2
S01009557,Economically inactive,202,192,10
S01009558,All people aged 16 and over,513,485,28
S01009558,Economically active: Total,307,283,24
S01009558,Economically active: Employee: Total,237,216,21
S01009558,Economically active: Employee: Part-time (1),69,68,1
S01009558,Economically active: Employee: Full-time (1),168,148,20
S01009558,Economically active: Self-employed: Total,15,14,1
S01009558,Economically active: Self-employed: Part-time (1),4,4,0
S01009558,Economically active: Self-employed: Full-time (1),11,10,1
S01009558,Economically active: Unemployed (1),55,53,2
S01009558,Economically inactive,206,202,4
S01009559,All people aged 16 and over,682,639,43
S01009559,Economically active: Total,429,391,38
S01009559,Economically active: Employee: Total,339,303,36
S01009559,Economically active: Employee: Part-time (1),96,89,7
S01009559,Economically active: Employee: Full-time (1),243,214,29
S01009559,Economically active: Self-employed: Total,22,21,1
S01009559,Economically active: Self-employed: Part-time (1),5,5,0
S01009559,Economically active: Self-employed: Full-time (1),17,16,1
S01009559,Economically active: Unemployed (1),68,67,1
S01009559,Economically inactive,253,248,5
S01009560,All people aged 16 and over,594,550,44
S01009560,Economically active: Total,346,316,30
S01009560,Economically active: Employee: Total,274,247,27
S01009560,Economically active: Employee: Part-time (1),73,71,2
S01009560,Economically active: Employee: Full-time (1),201,176,25
S01009560,Economically active: Self-employed: Total,21,18,3
S01009560,Economically active: Self-employed: Part-time (1),10,10,0
S01009560,Economically active: Self-employed: Full-time (1),11,8,3
S01009560,Economically active: Unemployed (1),51,51,0
S01009560,Economically inactive,248,234,14
S01009561,All people aged 16 and over,423,386,37
S01009561,Economically active: Total,247,220,27
S01009561,Economically active: Employee: Total,195,171,24
S01009561,Economically active: Employee: Part-time (1),63,58,5
S01009561,Economically active: Employee: Full-time (1),132,113,19
S01009561,Economically active: Self-employed: Total,17,17,0
S01009561,Economically active: Self-employed: Part-time (1),4,4,0
S01009561,Economically active: Self-employed: Full-time (1),13,13,0
S01009561,Economically active: Unemployed (1),35,32,3
S01009561,Economically inactive,176,166,10
S01009562,All people aged 16 and over,612,583,29
S01009562,Economically active: Total,367,348,19
S01009562,Economically active: Employee: Total,315,302,13
S01009562,Economically active: Employee: Part-time (1),82,77,5
S01009562,Economically active: Employee: Full-time (1),233,225,8
S01009562,Economically active: Self-employed: Total,18,16,2
S01009562,Economically active: Self-employed: Part-time (1),7,7,0
S01009562,Economically active: Self-employed: Full-time (1),11,9,2
S01009562,Economically active: Unemployed (1),34,30,4
S01009562,Economically inactive,245,235,10
S01009563,All people aged 16 and over,643,607,36
S01009563,Economically active: Total,341,314,27
S01009563,Economically active: Employee: Total,293,267,26
S01009563,Economically active: Employee: Part-time (1),82,76,6
S01009563,Economically active: Employee: Full-time (1),211,191,20
S01009563,Economically active: Self-employed: Total,22,22,0
S01009563,Economically active: Self-employed: Part-time (1),5,5,0
S01009563,Economically active: Self-employed: Full-time (1),17,17,0
S01009563,Economically active: Unemployed (1),26,25,1
S01009563,Economically inactive,302,293,9
S01009564,All people aged 16 and over,566,548,18
S01009564,Economically active: Total,294,285,9
S01009564,Economically active: Employee: Total,259,252,7
S01009564,Economically active: Employee: Part-time (1),69,67,2
S01009564,Economically active: Employee: Full-time (1),190,185,5
S01009564,Economically active: Self-employed: Total,19,17,2
S01009564,Economically active: Self-employed: Part-time (1),4,4,0
S01009564,Economically active: Self-employed: Full-time (1),15,13,2
S01009564,Economically active: Unemployed (1),16,16,0
S01009564,Economically inactive,272,263,9
S01009565,All people aged 16 and over,457,441,16
S01009565,Economically active: Total,263,252,11
S01009565,Economically active: Employee: Total,214,204,10
S01009565,Economically active: Employee: Part-time (1),67,63,4
S01009565,Economically active: Employee: Full-time (1),147,141,6
S01009565,Economically active: Self-employed: Total,12,11,1
S01009565,Economically active: Self-employed: Part-time (1),5,4,1
S01009565,Economically active: Self-employed: Full-time (1),7,7,0
S01009565,Economically active: Unemployed (1),37,37,0
S01009565,Economically inactive,194,189,5
S01009566,All people aged 16 and over,816,776,40
S01009566,Economically active: Total,566,539,27
S01009566,Economically active: Employee: Total,492,468,24
S01009566,Economically active: Employee: Part-time (1),121,109,12
S01009566,Economically active: Employee: Full-time (1),371,359,12
S01009566,Economically active: Self-employed: Total,38,36,2
S01009566,Economically active: Self-employed: Part-time (1),6,6,0
S01009566,Economically active: Self-employed: Full-time (1),32,30,2
S01009566,Economically active: Unemployed (1),36,35,1
S01009566,Economically inactive,250,237,13
S01009567,All people aged 16 and over,715,680,35
S01009567,Economically active: Total,452,426,26
S01009567,Economically active: Employee: Total,372,350,22
S01009567,Economically active: Employee: Part-time (1),85,78,7
S01009567,Economically active: Employee: Full-time (1),287,272,15
S01009567,Economically active: Self-employed: Total,27,24,3
S01009567,Economically active: Self-employed: Part-time (1),14,12,2
S01009567,Economically active: Self-employed: Full-time (1),13,12,1
S01009567,Economically active: Unemployed (1),53,52,1
S01009567,Economically inactive,263,254,9
S01009568,All people aged 16 and over,584,554,30
S01009568,Economically active: Total,334,311,23
S01009568,Economically active: Employee: Total,276,258,18
S01009568,Economically active: Employee: Part-time (1),76,73,3
S01009568,Economically active: Employee: Full-time (1),200,185,15
S01009568,Economically active: Self-employed: Total,29,27,2
S01009568,Economically active: Self-employed: Part-time (1),10,10,0
S01009568,Economically active: Self-employed: Full-time (1),19,17,2
S01009568,Economically active: Unemployed (1),29,26,3
S01009568,Economically inactive,250,243,7
S01009569,All people aged 16 and over,666,639,27
S01009569,Economically active: Total,389,371,18
S01009569,Economically active: Employee: Total,347,330,17
S01009569,Economically active: Employee: Part-time (1),105,102,3
S01009569,Economically active: Employee: Full-time (1),242,228,14
S01009569,Economically active: Self-employed: Total,15,14,1
S01009569,Economically active: Self-employed: Part-time (1),7,6,1
S01009569,Economically active: Self-employed: Full-time (1),8,8,0
S01009569,Economically active: Unemployed (1),27,27,0
S01009569,Economically inactive,277,268,9
S01009570,All people aged 16 and over,449,429,20
S01009570,Economically active: Total,259,248,11
S01009570,Economically active: Employee: Total,216,208,8
S01009570,Economically active: Employee: Part-time (1),53,52,1
S01009570,Economically active: Employee: Full-time (1),163,156,7
S01009570,Economically active: Self-employed: Total,21,18,3
S01009570,Economically active: Self-employed: Part-time (1),8,8,0
S01009570,Economically active: Self-employed: Full-time (1),13,10,3
S01009570,Economically active: Unemployed (1),22,22,0
S01009570,Economically inactive,190,181,9
S01009571,All people aged 16 and over,540,495,45
S01009571,Economically active: Total,330,295,35
S01009571,Economically active: Employee: Total,245,215,30
S01009571,Economically active: Employee: Part-time (1),76,73,3
S01009571,Economically active: Employee: Full-time (1),169,142,27
S01009571,Economically active: Self-employed: Total,19,17,2
S01009571,Economically active: Self-employed: Part-time (1),5,5,0
S01009571,Economically active: Self-employed: Full-time (1),14,12,2
S01009571,Economically active: Unemployed (1),66,63,3
S01009571,Economically inactive,210,200,10
S01009572,All people aged 16 and over,842,764,78
S01009572,Economically active: Total,494,433,61
S01009572,Economically active: Employee: Total,379,331,48
S01009572,Economically active: Employee: Part-time (1),103,96,7
S01009572,Economically active: Employee: Full-time (1),276,235,41
S01009572,Economically active: Self-employed: Total,34,27,7
S01009572,Economically active: Self-employed: Part-time (1),11,10,1
S01009572,Economically active: Self-employed: Full-time (1),23,17,6
S01009572,Economically active: Unemployed (1),81,75,6
S01009572,Economically inactive,348,331,17
S01009573,All people aged 16 and over,585,538,47
S01009573,Economically active: Total,337,302,35
S01009573,Economically active: Employee: Total,260,232,28
S01009573,Economically active: Employee: Part-time (1),75,68,7
S01009573,Economically active: Employee: Full-time (1),185,164,21
S01009573,Economically active: Self-employed: Total,14,12,2
S01009573,Economically active: Self-employed: Part-time (1),8,6,2
S01009573,Economically active: Self-employed: Full-time (1),6,6,0
S01009573,Economically active: Unemployed (1),63,58,5
S01009573,Economically inactive,248,236,12
S01009574,All people aged 16 and over,860,797,63
S01009574,Economically active: Total,493,440,53
S01009574,Economically active: Employee: Total,406,364,42
S01009574,Economically active: Employee: Part-time (1),121,115,6
S01009574,Economically active: Employee: Full-time (1),285,249,36
S01009574,Economically active: Self-employed: Total,36,30,6
S01009574,Economically active: Self-employed: Part-time (1),12,8,4
S01009574,Economically active: Self-employed: Full-time (1),24,22,2
S01009574,Economically active: Unemployed (1),51,46,5
S01009574,Economically inactive,367,357,10
S01009575,All people aged 16 and over,429,418,11
S01009575,Economically active: Total,267,258,9
S01009575,Economically active: Employee: Total,222,216,6
S01009575,Economically active: Employee: Part-time (1),49,49,0
S01009575,Economically active: Employee: Full-time (1),173,167,6
S01009575,Economically active: Self-employed: Total,17,15,2
S01009575,Economically active: Self-employed: Part-time (1),5,5,0
S01009575,Economically active: Self-employed: Full-time (1),12,10,2
S01009575,Economically active: Unemployed (1),28,27,1
S01009575,Economically inactive,162,160,2
S01009576,All people aged 16 and over,459,436,23
S01009576,Economically active: Total,297,280,17
S01009576,Economically active: Employee: Total,257,242,15
S01009576,Economically active: Employee: Part-time (1),53,50,3
S01009576,Economically active: Employee: Full-time (1),204,192,12
S01009576,Economically active: Self-employed: Total,31,30,1
S01009576,Economically active: Self-employed: Part-time (1),10,10,0
S01009576,Economically active: Self-employed: Full-time (1),21,20,1
S01009576,Economically active: Unemployed (1),9,8,1
S01009576,Economically inactive,162,156,6
S01009577,All people aged 16 and over,598,557,41
S01009577,Economically active: Total,390,364,26
S01009577,Economically active: Employee: Total,317,302,15
S01009577,Economically active: Employee: Part-time (1),91,84,7
S01009577,Economically active: Employee: Full-time (1),226,218,8
S01009577,Economically active: Self-employed: Total,44,34,10
S01009577,Economically active: Self-employed: Part-time (1),9,7,2
S01009577,Economically active: Self-employed: Full-time (1),35,27,8
S01009577,Economically active: Unemployed (1),29,28,1
S01009577,Economically inactive,208,193,15
S01009578,All people aged 16 and over,613,589,24
S01009578,Economically active: Total,417,400,17
S01009578,Economically active: Employee: Total,346,332,14
S01009578,Economically active: Employee: Part-time (1),82,81,1
S01009578,Economically active: Employee: Full-time (1),264,251,13
S01009578,Economically active: Self-employed: Total,28,28,0
S01009578,Economically active: Self-employed: Part-time (1),11,11,0
S01009578,Economically active: Self-employed: Full-time (1),17,17,0
S01009578,Economically active: Unemployed (1),43,40,3
S01009578,Economically inactive,196,189,7
S01009579,All people aged 16 and over,842,802,40
S01009579,Economically active: Total,565,544,21
S01009579,Economically active: Employee: Total,470,457,13
S01009579,Economically active: Employee: Part-time (1),121,119,2
S01009579,Economically active: Employee: Full-time (1),349,338,11
S01009579,Economically active: Self-employed: Total,47,40,7
S01009579,Economically active: Self-employed: Part-time (1),13,11,2
S01009579,Economically active: Self-employed: Full-time (1),34,29,5
S01009579,Economically active: Unemployed (1),48,47,1
S01009579,Economically inactive,277,258,19
S01009580,All people aged 16 and over,748,707,41
S01009580,Economically active: Total,570,542,28
S01009580,Economically active: Employee: Total,495,474,21
S01009580,Economically active: Employee: Part-time (1),139,129,10
S01009580,Economically active: Employee: Full-time (1),356,345,11
S01009580,Economically active: Self-employed: Total,56,49,7
S01009580,Economically active: Self-employed: Part-time (1),16,14,2
S01009580,Economically active: Self-employed: Full-time (1),40,35,5
S01009580,Economically active: Unemployed (1),19,19,0
S01009580,Economically inactive,178,165,13
S01009581,All people aged 16 and over,473,452,21
S01009581,Economically active: Total,286,268,18
S01009581,Economically active: Employee: Total,236,220,16
S01009581,Economically active: Employee: Part-time (1),63,59,4
S01009581,Economically active: Employee: Full-time (1),173,161,12
S01009581,Economically active: Self-employed: Total,18,18,0
S01009581,Economically active: Self-employed: Part-time (1),3,3,0
S01009581,Economically active: Self-employed: Full-time (1),15,15,0
S01009581,Economically active: Unemployed (1),32,30,2
S01009581,Economically inactive,187,184,3
S01009582,All people aged 16 and over,414,390,24
S01009582,Economically active: Total,281,261,20
S01009582,Economically active: Employee: Total,231,215,16
S01009582,Economically active: Employee: Part-time (1),64,62,2
S01009582,Economically active: Employee: Full-time (1),167,153,14
S01009582,Economically active: Self-employed: Total,23,19,4
S01009582,Economically active: Self-employed: Part-time (1),11,8,3
S01009582,Economically active: Self-employed: Full-time (1),12,11,1
S01009582,Economically active: Unemployed (1),27,27,0
S01009582,Economically inactive,133,129,4
S01009583,All people aged 16 and over,623,599,24
S01009583,Economically active: Total,395,377,18
S01009583,Economically active: Employee: Total,325,308,17
S01009583,Economically active: Employee: Part-time (1),99,93,6
S01009583,Economically active: Employee: Full-time (1),226,215,11
S01009583,Economically active: Self-employed: Total,32,31,1
S01009583,Economically active: Self-employed: Part-time (1),7,7,0
S01009583,Economically active: Self-employed: Full-time (1),25,24,1
S01009583,Economically active: Unemployed (1),38,38,0
S01009583,Economically inactive,228,222,6
S01009584,All people aged 16 and over,432,403,29
S01009584,Economically active: Total,253,236,17
S01009584,Economically active: Employee: Total,200,188,12
S01009584,Economically active: Employee: Part-time (1),50,49,1
S01009584,Economically active: Employee: Full-time (1),150,139,11
S01009584,Economically active: Self-employed: Total,40,36,4
S01009584,Economically active: Self-employed: Part-time (1),7,6,1
S01009584,Economically active: Self-employed: Full-time (1),33,30,3
S01009584,Economically active: Unemployed (1),13,12,1
S01009584,Economically inactive,179,167,12
S01009585,All people aged 16 and over,775,758,17
S01009585,Economically active: Total,515,502,13
S01009585,Economically active: Employee: Total,435,424,11
S01009585,Economically active: Employee: Part-time (1),109,106,3
S01009585,Economically active: Employee: Full-time (1),326,318,8
S01009585,Economically active: Self-employed: Total,40,39,1
S01009585,Economically active: Self-employed: Part-time (1),12,12,0
S01009585,Economically active: Self-employed: Full-time (1),28,27,1
S01009585,Economically active: Unemployed (1),40,39,1
S01009585,Economically inactive,260,256,4
S01009586,All people aged 16 and over,589,569,20
S01009586,Economically active: Total,284,271,13
S01009586,Economically active: Employee: Total,240,230,10
S01009586,Economically active: Employee: Part-time (1),63,63,0
S01009586,Economically active: Employee: Full-time (1),177,167,10
S01009586,Economically active: Self-employed: Total,22,20,2
S01009586,Economically active: Self-employed: Part-time (1),5,5,0
S01009586,Economically active: Self-employed: Full-time (1),17,15,2
S01009586,Economically active: Unemployed (1),22,21,1
S01009586,Economically inactive,305,298,7
S01009587,All people aged 16 and over,619,590,29
S01009587,Economically active: Total,308,289,19
S01009587,Economically active: Employee: Total,255,241,14
S01009587,Economically active: Employee: Part-time (1),64,60,4
S01009587,Economically active: Employee: Full-time (1),191,181,10
S01009587,Economically active: Self-employed: Total,26,25,1
S01009587,Economically active: Self-employed: Part-time (1),4,4,0
S01009587,Economically active: Self-employed: Full-time (1),22,21,1
S01009587,Economically active: Unemployed (1),27,23,4
S01009587,Economically inactive,311,301,10
S01009588,All people aged 16 and over,897,873,24
S01009588,Economically active: Total,492,478,14
S01009588,Economically active: Employee: Total,424,412,12
S01009588,Economically active: Employee: Part-time (1),130,126,4
S01009588,Economically active: Employee: Full-time (1),294,286,8
S01009588,Economically active: Self-employed: Total,29,27,2
S01009588,Economically active: Self-employed: Part-time (1),6,6,0
S01009588,Economically active: Self-employed: Full-time (1),23,21,2
S01009588,Economically active: Unemployed (1),39,39,0
S01009588,Economically inactive,405,395,10
S01009589,All people aged 16 and over,744,717,27
S01009589,Economically active: Total,487,468,19
S01009589,Economically active: Employee: Total,411,394,17
S01009589,Economically active: Employee: Part-time (1),120,118,2
S01009589,Economically active: Employee: Full-time (1),291,276,15
S01009589,Economically active: Self-employed: Total,29,27,2
S01009589,Economically active: Self-employed: Part-time (1),6,5,1
S01009589,Economically active: Self-employed: Full-time (1),23,22,1
S01009589,Economically active: Unemployed (1),47,47,0
S01009589,Economically inactive,257,249,8
S01009590,All people aged 16 and over,582,556,26
S01009590,Economically active: Total,380,369,11
S01009590,Economically active: Employee: Total,327,318,9
S01009590,Economically active: Employee: Part-time (1),81,81,0
S01009590,Economically active: Employee: Full-time (1),246,237,9
S01009590,Economically active: Self-employed: Total,38,36,2
S01009590,Economically active: Self-employed: Part-time (1),9,8,1
S01009590,Economically active: Self-employed: Full-time (1),29,28,1
S01009590,Economically active: Unemployed (1),15,15,0
S01009590,Economically inactive,202,187,15
S01009591,All people aged 16 and over,567,539,28
S01009591,Economically active: Total,393,375,18
S01009591,Economically active: Employee: Total,336,321,15
S01009591,Economically active: Employee: Part-time (1),72,69,3
S01009591,Economically active: Employee: Full-time (1),264,252,12
S01009591,Economically active: Self-employed: Total,33,31,2
S01009591,Economically active: Self-employed: Part-time (1),11,10,1
S01009591,Economically active: Self-employed: Full-time (1),22,21,1
S01009591,Economically active: Unemployed (1),24,23,1
S01009591,Economically inactive,174,164,10
S01009592,All people aged 16 and over,493,471,22
S01009592,Economically active: Total,270,257,13
S01009592,Economically active: Employee: Total,229,216,13
S01009592,Economically active: Employee: Part-time (1),55,52,3
S01009592,Economically active: Employee: Full-time (1),174,164,10
S01009592,Economically active: Self-employed: Total,36,36,0
S01009592,Economically active: Self-employed: Part-time (1),8,8,0
S01009592,Economically active: Self-employed: Full-time (1),28,28,0
S01009592,Economically active: Unemployed (1),5,5,0
S01009592,Economically inactive,223,214,9
S01009593,All people aged 16 and over,492,470,22
S01009593,Economically active: Total,343,329,14
S01009593,Economically active: Employee: Total,273,265,8
S01009593,Economically active: Employee: Part-time (1),64,61,3
S01009593,Economically active: Employee: Full-time (1),209,204,5
S01009593,Economically active: Self-employed: Total,42,37,5
S01009593,Economically active: Self-employed: Part-time (1),13,12,1
S01009593,Economically active: Self-employed: Full-time (1),29,25,4
S01009593,Economically active: Unemployed (1),28,27,1
S01009593,Economically inactive,149,141,8
S01009594,All people aged 16 and over,543,521,22
S01009594,Economically active: Total,392,376,16
S01009594,Economically active: Employee: Total,341,327,14
S01009594,Economically active: Employee: Part-time (1),91,88,3
S01009594,Economically active: Employee: Full-time (1),250,239,11
S01009594,Economically active: Self-employed: Total,33,31,2
S01009594,Economically active: Self-employed: Part-time (1),10,9,1
S01009594,Economically active: Self-employed: Full-time (1),23,22,1
S01009594,Economically active: Unemployed (1),18,18,0
S01009594,Economically inactive,151,145,6
S01009595,All people aged 16 and over,398,356,42
S01009595,Economically active: Total,308,279,29
S01009595,Economically active: Employee: Total,243,225,18
S01009595,Economically active: Employee: Part-time (1),60,55,5
S01009595,Economically active: Employee: Full-time (1),183,170,13
S01009595,Economically active: Self-employed: Total,39,32,7
S01009595,Economically active: Self-employed: Part-time (1),11,11,0
S01009595,Economically active: Self-employed: Full-time (1),28,21,7
S01009595,Economically active: Unemployed (1),26,22,4
S01009595,Economically inactive,90,77,13
S01009596,All people aged 16 and over,640,619,21
S01009596,Economically active: Total,431,417,14
S01009596,Economically active: Employee: Total,353,340,13
S01009596,Economically active: Employee: Part-time (1),98,95,3
S01009596,Economically active: Employee: Full-time (1),255,245,10
S01009596,Economically active: Self-employed: Total,31,30,1
S01009596,Economically active: Self-employed: Part-time (1),10,9,1
S01009596,Economically active: Self-employed: Full-time (1),21,21,0
S01009596,Economically active: Unemployed (1),47,47,0
S01009596,Economically inactive,209,202,7
S01009597,All people aged 16 and over,633,593,40
S01009597,Economically active: Total,420,388,32
S01009597,Economically active: Employee: Total,298,277,21
S01009597,Economically active: Employee: Part-time (1),105,99,6
S01009597,Economically active: Employee: Full-time (1),193,178,15
S01009597,Economically active: Self-employed: Total,31,27,4
S01009597,Economically active: Self-employed: Part-time (1),9,8,1
S01009597,Economically active: Self-employed: Full-time (1),22,19,3
S01009597,Economically active: Unemployed (1),91,84,7
S01009597,Economically inactive,213,205,8
S01009598,All people aged 16 and over,518,508,10
S01009598,Economically active: Total,314,308,6
S01009598,Economically active: Employee: Total,230,226,4
S01009598,Economically active: Employee: Part-time (1),79,78,1
S01009598,Economically active: Employee: Full-time (1),151,148,3
S01009598,Economically active: Self-employed: Total,28,28,0
S01009598,Economically active: Self-employed: Part-time (1),8,8,0
S01009598,Economically active: Self-employed: Full-time (1),20,20,0
S01009598,Economically active: Unemployed (1),56,54,2
S01009598,Economically inactive,204,200,4
S01009599,All people aged 16 and over,723,696,27
S01009599,Economically active: Total,464,446,18
S01009599,Economically active: Employee: Total,382,371,11
S01009599,Economically active: Employee: Part-time (1),98,94,4
S01009599,Economically active: Employee: Full-time (1),284,277,7
S01009599,Economically active: Self-employed: Total,28,24,4
S01009599,Economically active: Self-employed: Part-time (1),12,12,0
S01009599,Economically active: Self-employed: Full-time (1),16,12,4
S01009599,Economically active: Unemployed (1),54,51,3
S01009599,Economically inactive,259,250,9
S01009600,All people aged 16 and over,511,494,17
S01009600,Economically active: Total,284,272,12
S01009600,Economically active: Employee: Total,223,213,10
S01009600,Economically active: Employee: Part-time (1),73,71,2
S01009600,Economically active: Employee: Full-time (1),150,142,8
S01009600,Economically active: Self-employed: Total,18,16,2
S01009600,Economically active: Self-employed: Part-time (1),6,6,0
S01009600,Economically active: Self-employed: Full-time (1),12,10,2
S01009600,Economically active: Unemployed (1),43,43,0
S01009600,Economically inactive,227,222,5
S01009601,All people aged 16 and over,534,508,26
S01009601,Economically active: Total,355,332,23
S01009601,Economically active: Employee: Total,285,267,18
S01009601,Economically active: Employee: Part-time (1),79,76,3
S01009601,Economically active: Employee: Full-time (1),206,191,15
S01009601,Economically active: Self-employed: Total,18,15,3
S01009601,Economically active: Self-employed: Part-time (1),5,5,0
S01009601,Economically active: Self-employed: Full-time (1),13,10,3
S01009601,Economically active: Unemployed (1),52,50,2
S01009601,Economically inactive,179,176,3
S01009602,All people aged 16 and over,614,588,26
S01009602,Economically active: Total,472,451,21
S01009602,Economically active: Employee: Total,411,395,16
S01009602,Economically active: Employee: Part-time (1),95,92,3
S01009602,Economically active: Employee: Full-time (1),316,303,13
S01009602,Economically active: Self-employed: Total,38,35,3
S01009602,Economically active: Self-employed: Part-time (1),10,10,0
S01009602,Economically active: Self-employed: Full-time (1),28,25,3
S01009602,Economically active: Unemployed (1),23,21,2
S01009602,Economically inactive,142,137,5
S01009603,All people aged 16 and over,471,440,31
S01009603,Economically active: Total,312,290,22
S01009603,Economically active: Employee: Total,263,245,18
S01009603,Economically active: Employee: Part-time (1),61,54,7
S01009603,Economically active: Employee: Full-time (1),202,191,11
S01009603,Economically active: Self-employed: Total,35,31,4
S01009603,Economically active: Self-employed: Part-time (1),9,8,1
S01009603,Economically active: Self-employed: Full-time (1),26,23,3
S01009603,Economically active: Unemployed (1),14,14,0
S01009603,Economically inactive,159,150,9
S01009604,All people aged 16 and over,704,673,31
S01009604,Economically active: Total,454,432,22
S01009604,Economically active: Employee: Total,396,375,21
S01009604,Economically active: Employee: Part-time (1),108,104,4
S01009604,Economically active: Employee: Full-time (1),288,271,17
S01009604,Economically active: Self-employed: Total,35,34,1
S01009604,Economically active: Self-employed: Part-time (1),16,15,1
S01009604,Economically active: Self-employed: Full-time (1),19,19,0
S01009604,Economically active: Unemployed (1),23,23,0
S01009604,Economically inactive,250,241,9
S01009605,All people aged 16 and over,644,610,34
S01009605,Economically active: Total,348,331,17
S01009605,Economically active: Employee: Total,276,262,14
S01009605,Economically active: Employee: Part-time (1),89,84,5
S01009605,Economically active: Employee: Full-time (1),187,178,9
S01009605,Economically active: Self-employed: Total,31,28,3
S01009605,Economically active: Self-employed: Part-time (1),7,7,0
S01009605,Economically active: Self-employed: Full-time (1),24,21,3
S01009605,Economically active: Unemployed (1),41,41,0
S01009605,Economically inactive,296,279,17
S01009606,All people aged 16 and over,468,445,23
S01009606,Economically active: Total,331,315,16
S01009606,Economically active: Employee: Total,298,283,15
S01009606,Economically active: Employee: Part-time (1),63,57,6
S01009606,Economically active: Employee: Full-time (1),235,226,9
S01009606,Economically active: Self-employed: Total,22,21,1
S01009606,Economically active: Self-employed: Part-time (1),5,4,1
S01009606,Economically active: Self-employed: Full-time (1),17,17,0
S01009606,Economically active: Unemployed (1),11,11,0
S01009606,Economically inactive,137,130,7
S01009607,All people aged 16 and over,445,428,17
S01009607,Economically active: Total,278,270,8
S01009607,Economically active: Employee: Total,240,234,6
S01009607,Economically active: Employee: Part-time (1),70,66,4
S01009607,Economically active: Employee: Full-time (1),170,168,2
S01009607,Economically active: Self-employed: Total,29,27,2
S01009607,Economically active: Self-employed: Part-time (1),8,7,1
S01009607,Economically active: Self-employed: Full-time (1),21,20,1
S01009607,Economically active: Unemployed (1),9,9,0
S01009607,Economically inactive,167,158,9
S01009608,All people aged 16 and over,489,471,18
S01009608,Economically active: Total,316,303,13
S01009608,Economically active: Employee: Total,263,250,13
S01009608,Economically active: Employee: Part-time (1),56,55,1
S01009608,Economically active: Employee: Full-time (1),207,195,12
S01009608,Economically active: Self-employed: Total,23,23,0
S01009608,Economically active: Self-employed: Part-time (1),5,5,0
S01009608,Economically active: Self-employed: Full-time (1),18,18,0
S01009608,Economically active: Unemployed (1),30,30,0
S01009608,Economically inactive,173,168,5
S01009609,All people aged 16 and over,665,646,19
S01009609,Economically active: Total,434,420,14
S01009609,Economically active: Employee: Total,348,339,9
S01009609,Economically active: Employee: Part-time (1),85,84,1
S01009609,Economically active: Employee: Full-time (1),263,255,8
S01009609,Economically active: Self-employed: Total,55,52,3
S01009609,Economically active: Self-employed: Part-time (1),10,10,0
S01009609,Economically active: Self-employed: Full-time (1),45,42,3
S01009609,Economically active: Unemployed (1),31,29,2
S01009609,Economically inactive,231,226,5
S01009610,All people aged 16 and over,835,816,19
S01009610,Economically active: Total,500,486,14
S01009610,Economically active: Employee: Total,425,412,13
S01009610,Economically active: Employee: Part-time (1),116,114,2
S01009610,Economically active: Employee: Full-time (1),309,298,11
S01009610,Economically active: Self-employed: Total,40,39,1
S01009610,Economically active: Self-employed: Part-time (1),12,12,0
S01009610,Economically active: Self-employed: Full-time (1),28,27,1
S01009610,Economically active: Unemployed (1),35,35,0
S01009610,Economically inactive,335,330,5
S01009611,All people aged 16 and over,447,434,13
S01009611,Economically active: Total,294,285,9
S01009611,Economically active: Employee: Total,230,224,6
S01009611,Economically active: Employee: Part-time (1),73,70,3
S01009611,Economically active: Employee: Full-time (1),157,154,3
S01009611,Economically active: Self-employed: Total,56,53,3
S01009611,Economically active: Self-employed: Part-time (1),15,15,0
S01009611,Economically active: Self-employed: Full-time (1),41,38,3
S01009611,Economically active: Unemployed (1),8,8,0
S01009611,Economically inactive,153,149,4
S01009612,All people aged 16 and over,506,488,18
S01009612,Economically active: Total,329,315,14
S01009612,Economically active: Employee: Total,276,263,13
S01009612,Economically active: Employee: Part-time (1),72,71,1
S01009612,Economically active: Employee: Full-time (1),204,192,12
S01009612,Economically active: Self-employed: Total,35,34,1
S01009612,Economically active: Self-employed: Part-time (1),5,5,0
S01009612,Economically active: Self-employed: Full-time (1),30,29,1
S01009612,Economically active: Unemployed (1),18,18,0
S01009612,Economically inactive,177,173,4
S01009613,All people aged 16 and over,380,366,14
S01009613,Economically active: Total,277,268,9
S01009613,Economically active: Employee: Total,210,203,7
S01009613,Economically active: Employee: Part-time (1),64,62,2
S01009613,Economically active: Employee: Full-time (1),146,141,5
S01009613,Economically active: Self-employed: Total,53,51,2
S01009613,Economically active: Self-employed: Part-time (1),16,14,2
S01009613,Economically active: Self-employed: Full-time (1),37,37,0
S01009613,Economically active: Unemployed (1),14,14,0
S01009613,Economically inactive,103,98,5
S01009614,All people aged 16 and over,434,425,9
S01009614,Economically active: Total,284,279,5
S01009614,Economically active: Employee: Total,221,218,3
S01009614,Economically active: Employee: Part-time (1),66,65,1
S01009614,Economically active: Employee: Full-time (1),155,153,2
S01009614,Economically active: Self-employed: Total,46,44,2
S01009614,Economically active: Self-employed: Part-time (1),12,11,1
S01009614,Economically active: Self-employed: Full-time (1),34,33,1
S01009614,Economically active: Unemployed (1),17,17,0
S01009614,Economically inactive,150,146,4
S01009615,All people aged 16 and over,344,339,5
S01009615,Economically active: Total,181,177,4
S01009615,Economically active: Employee: Total,156,152,4
S01009615,Economically active: Employee: Part-time (1),51,50,1
S01009615,Economically active: Employee: Full-time (1),105,102,3
S01009615,Economically active: Self-employed: Total,15,15,0
S01009615,Economically active: Self-employed: Part-time (1),3,3,0
S01009615,Economically active: Self-employed: Full-time (1),12,12,0
S01009615,Economically active: Unemployed (1),10,10,0
S01009615,Economically inactive,163,162,1
S01009616,All people aged 16 and over,611,594,17
S01009616,Economically active: Total,406,394,12
S01009616,Economically active: Employee: Total,330,319,11
S01009616,Economically active: Employee: Part-time (1),92,88,4
S01009616,Economically active: Employee: Full-time (1),238,231,7
S01009616,Economically active: Self-employed: Total,40,40,0
S01009616,Economically active: Self-employed: Part-time (1),9,9,0
S01009616,Economically active: Self-employed: Full-time (1),31,31,0
S01009616,Economically active: Unemployed (1),36,35,1
S01009616,Economically inactive,205,200,5
S01009617,All people aged 16 and over,597,576,21
S01009617,Economically active: Total,415,399,16
S01009617,Economically active: Employee: Total,363,351,12
S01009617,Economically active: Employee: Part-time (1),105,100,5
S01009617,Economically active: Employee: Full-time (1),258,251,7
S01009617,Economically active: Self-employed: Total,39,35,4
S01009617,Economically active: Self-employed: Part-time (1),13,10,3
S01009617,Economically active: Self-employed: Full-time (1),26,25,1
S01009617,Economically active: Unemployed (1),13,13,0
S01009617,Economically inactive,182,177,5
S01009618,All people aged 16 and over,569,551,18
S01009618,Economically active: Total,354,345,9
S01009618,Economically active: Employee: Total,293,286,7
S01009618,Economically active: Employee: Part-time (1),85,82,3
S01009618,Economically active: Employee: Full-time (1),208,204,4
S01009618,Economically active: Self-employed: Total,27,25,2
S01009618,Economically active: Self-employed: Part-time (1),3,3,0
S01009618,Economically active: Self-employed: Full-time (1),24,22,2
S01009618,Economically active: Unemployed (1),34,34,0
S01009618,Economically inactive,215,206,9
S01009619,All people aged 16 and over,520,512,8
S01009619,Economically active: Total,286,279,7
S01009619,Economically active: Employee: Total,222,220,2
S01009619,Economically active: Employee: Part-time (1),68,67,1
S01009619,Economically active: Employee: Full-time (1),154,153,1
S01009619,Economically active: Self-employed: Total,23,21,2
S01009619,Economically active: Self-employed: Part-time (1),14,14,0
S01009619,Economically active: Self-employed: Full-time (1),9,7,2
S01009619,Economically active: Unemployed (1),41,38,3
S01009619,Economically inactive,234,233,1
S01009620,All people aged 16 and over,662,634,28
S01009620,Economically active: Total,348,329,19
S01009620,Economically active: Employee: Total,281,268,13
S01009620,Economically active: Employee: Part-time (1),87,84,3
S01009620,Economically active: Employee: Full-time (1),194,184,10
S01009620,Economically active: Self-employed: Total,22,17,5
S01009620,Economically active: Self-employed: Part-time (1),6,5,1
S01009620,Economically active: Self-employed: Full-time (1),16,12,4
S01009620,Economically active: Unemployed (1),45,44,1
S01009620,Economically inactive,314,305,9
S01009621,All people aged 16 and over,655,635,20
S01009621,Economically active: Total,370,358,12
S01009621,Economically active: Employee: Total,296,285,11
S01009621,Economically active: Employee: Part-time (1),87,85,2
S01009621,Economically active: Employee: Full-time (1),209,200,9
S01009621,Economically active: Self-employed: Total,30,29,1
S01009621,Economically active: Self-employed: Part-time (1),6,6,0
S01009621,Economically active: Self-employed: Full-time (1),24,23,1
S01009621,Economically active: Unemployed (1),44,44,0
S01009621,Economically inactive,285,277,8
S01009622,All people aged 16 and over,587,574,13
S01009622,Economically active: Total,333,326,7
S01009622,Economically active: Employee: Total,251,244,7
S01009622,Economically active: Employee: Part-time (1),72,70,2
S01009622,Economically active: Employee: Full-time (1),179,174,5
S01009622,Economically active: Self-employed: Total,17,17,0
S01009622,Economically active: Self-employed: Part-time (1),9,9,0
S01009622,Economically active: Self-employed: Full-time (1),8,8,0
S01009622,Economically active: Unemployed (1),65,65,0
S01009622,Economically inactive,254,248,6
S01009623,All people aged 16 and over,410,397,13
S01009623,Economically active: Total,213,204,9
S01009623,Economically active: Employee: Total,180,172,8
S01009623,Economically active: Employee: Part-time (1),52,49,3
S01009623,Economically active: Employee: Full-time (1),128,123,5
S01009623,Economically active: Self-employed: Total,18,18,0
S01009623,Economically active: Self-employed: Part-time (1),11,11,0
S01009623,Economically active: Self-employed: Full-time (1),7,7,0
S01009623,Economically active: Unemployed (1),15,14,1
S01009623,Economically inactive,197,193,4
S01009624,All people aged 16 and over,733,714,19
S01009624,Economically active: Total,414,406,8
S01009624,Economically active: Employee: Total,344,337,7
S01009624,Economically active: Employee: Part-time (1),110,108,2
S01009624,Economically active: Employee: Full-time (1),234,229,5
S01009624,Economically active: Self-employed: Total,24,23,1
S01009624,Economically active: Self-employed: Part-time (1),10,10,0
S01009624,Economically active: Self-employed: Full-time (1),14,13,1
S01009624,Economically active: Unemployed (1),46,46,0
S01009624,Economically inactive,319,308,11
S01009625,All people aged 16 and over,685,674,11
S01009625,Economically active: Total,423,416,7
S01009625,Economically active: Employee: Total,349,343,6
S01009625,Economically active: Employee: Part-time (1),116,115,1
S01009625,Economically active: Employee: Full-time (1),233,228,5
S01009625,Economically active: Self-employed: Total,21,21,0
S01009625,Economically active: Self-employed: Part-time (1),5,5,0
S01009625,Economically active: Self-employed: Full-time (1),16,16,0
S01009625,Economically active: Unemployed (1),53,52,1
S01009625,Economically inactive,262,258,4
S01009626,All people aged 16 and over,452,436,16
S01009626,Economically active: Total,236,226,10
S01009626,Economically active: Employee: Total,172,167,5
S01009626,Economically active: Employee: Part-time (1),64,60,4
S01009626,Economically active: Employee: Full-time (1),108,107,1
S01009626,Economically active: Self-employed: Total,18,14,4
S01009626,Economically active: Self-employed: Part-time (1),6,6,0
S01009626,Economically active: Self-employed: Full-time (1),12,8,4
S01009626,Economically active: Unemployed (1),46,45,1
S01009626,Economically inactive,216,210,6
S01009627,All people aged 16 and over,656,643,13
S01009627,Economically active: Total,379,372,7
S01009627,Economically active: Employee: Total,302,299,3
S01009627,Economically active: Employee: Part-time (1),106,105,1
S01009627,Economically active: Employee: Full-time (1),196,194,2
S01009627,Economically active: Self-employed: Total,25,24,1
S01009627,Economically active: Self-employed: Part-time (1),5,5,0
S01009627,Economically active: Self-employed: Full-time (1),20,19,1
S01009627,Economically active: Unemployed (1),52,49,3
S01009627,Economically inactive,277,271,6
S01009628,All people aged 16 and over,473,463,10
S01009628,Economically active: Total,173,167,6
S01009628,Economically active: Employee: Total,146,142,4
S01009628,Economically active: Employee: Part-time (1),49,48,1
S01009628,Economically active: Employee: Full-time (1),97,94,3
S01009628,Economically active: Self-employed: Total,10,8,2
S01009628,Economically active: Self-employed: Part-time (1),5,4,1
S01009628,Economically active: Self-employed: Full-time (1),5,4,1
S01009628,Economically active: Unemployed (1),17,17,0
S01009628,Economically inactive,300,296,4
S01009629,All people aged 16 and over,827,803,24
S01009629,Economically active: Total,511,494,17
S01009629,Economically active: Employee: Total,405,392,13
S01009629,Economically active: Employee: Part-time (1),132,128,4
S01009629,Economically active: Employee: Full-time (1),273,264,9
S01009629,Economically active: Self-employed: Total,33,29,4
S01009629,Economically active: Self-employed: Part-time (1),10,9,1
S01009629,Economically active: Self-employed: Full-time (1),23,20,3
S01009629,Economically active: Unemployed (1),73,73,0
S01009629,Economically inactive,316,309,7
S01009630,All people aged 16 and over,632,622,10
S01009630,Economically active: Total,368,361,7
S01009630,Economically active: Employee: Total,273,269,4
S01009630,Economically active: Employee: Part-time (1),94,92,2
S01009630,Economically active: Employee: Full-time (1),179,177,2
S01009630,Economically active: Self-employed: Total,19,19,0
S01009630,Economically active: Self-employed: Part-time (1),5,5,0
S01009630,Economically active: Self-employed: Full-time (1),14,14,0
S01009630,Economically active: Unemployed (1),76,73,3
S01009630,Economically inactive,264,261,3
S01009631,All people aged 16 and over,587,573,14
S01009631,Economically active: Total,322,312,10
S01009631,Economically active: Employee: Total,244,237,7
S01009631,Economically active: Employee: Part-time (1),75,72,3
S01009631,Economically active: Employee: Full-time (1),169,165,4
S01009631,Economically active: Self-employed: Total,20,18,2
S01009631,Economically active: Self-employed: Part-time (1),9,7,2
S01009631,Economically active: Self-employed: Full-time (1),11,11,0
S01009631,Economically active: Unemployed (1),58,57,1
S01009631,Economically inactive,265,261,4
S01009632,All people aged 16 and over,452,433,19
S01009632,Economically active: Total,228,212,16
S01009632,Economically active: Employee: Total,161,149,12
S01009632,Economically active: Employee: Part-time (1),59,56,3
S01009632,Economically active: Employee: Full-time (1),102,93,9
S01009632,Economically active: Self-employed: Total,14,12,2
S01009632,Economically active: Self-employed: Part-time (1),6,5,1
S01009632,Economically active: Self-employed: Full-time (1),8,7,1
S01009632,Economically active: Unemployed (1),53,51,2
S01009632,Economically inactive,224,221,3
S01009633,All people aged 16 and over,548,532,16
S01009633,Economically active: Total,321,307,14
S01009633,Economically active: Employee: Total,235,223,12
S01009633,Economically active: Employee: Part-time (1),103,97,6
S01009633,Economically active: Employee: Full-time (1),132,126,6
S01009633,Economically active: Self-employed: Total,15,14,1
S01009633,Economically active: Self-employed: Part-time (1),5,4,1
S01009633,Economically active: Self-employed: Full-time (1),10,10,0
S01009633,Economically active: Unemployed (1),71,70,1
S01009633,Economically inactive,227,225,2
S01009634,All people aged 16 and over,469,466,3
S01009634,Economically active: Total,194,191,3
S01009634,Economically active: Employee: Total,157,155,2
S01009634,Economically active: Employee: Part-time (1),51,50,1
S01009634,Economically active: Employee: Full-time (1),106,105,1
S01009634,Economically active: Self-employed: Total,3,3,0
S01009634,Economically active: Self-employed: Part-time (1),0,0,0
S01009634,Economically active: Self-employed: Full-time (1),3,3,0
S01009634,Economically active: Unemployed (1),34,33,1
S01009634,Economically inactive,275,275,0
S01009635,All people aged 16 and over,706,688,18
S01009635,Economically active: Total,432,420,12
S01009635,Economically active: Employee: Total,352,345,7
S01009635,Economically active: Employee: Part-time (1),112,110,2
S01009635,Economically active: Employee: Full-time (1),240,235,5
S01009635,Economically active: Self-employed: Total,32,29,3
S01009635,Economically active: Self-employed: Part-time (1),10,9,1
S01009635,Economically active: Self-employed: Full-time (1),22,20,2
S01009635,Economically active: Unemployed (1),48,46,2
S01009635,Economically inactive,274,268,6
S01009636,All people aged 16 and over,752,725,27
S01009636,Economically active: Total,427,411,16
S01009636,Economically active: Employee: Total,296,282,14
S01009636,Economically active: Employee: Part-time (1),85,80,5
S01009636,Economically active: Employee: Full-time (1),211,202,9
S01009636,Economically active: Self-employed: Total,33,31,2
S01009636,Economically active: Self-employed: Part-time (1),8,8,0
S01009636,Economically active: Self-employed: Full-time (1),25,23,2
S01009636,Economically active: Unemployed (1),98,98,0
S01009636,Economically inactive,325,314,11
S01009637,All people aged 16 and over,615,594,21
S01009637,Economically active: Total,375,361,14
S01009637,Economically active: Employee: Total,317,305,12
S01009637,Economically active: Employee: Part-time (1),88,84,4
S01009637,Economically active: Employee: Full-time (1),229,221,8
S01009637,Economically active: Self-employed: Total,22,21,1
S01009637,Economically active: Self-employed: Part-time (1),5,5,0
S01009637,Economically active: Self-employed: Full-time (1),17,16,1
S01009637,Economically active: Unemployed (1),36,35,1
S01009637,Economically inactive,240,233,7
S01009638,All people aged 16 and over,555,540,15
S01009638,Economically active: Total,295,290,5
S01009638,Economically active: Employee: Total,210,206,4
S01009638,Economically active: Employee: Part-time (1),67,66,1
S01009638,Economically active: Employee: Full-time (1),143,140,3
S01009638,Economically active: Self-employed: Total,21,20,1
S01009638,Economically active: Self-employed: Part-time (1),2,1,1
S01009638,Economically active: Self-employed: Full-time (1),19,19,0
S01009638,Economically active: Unemployed (1),64,64,0
S01009638,Economically inactive,260,250,10
S01009639,All people aged 16 and over,694,661,33
S01009639,Economically active: Total,370,346,24
S01009639,Economically active: Employee: Total,297,280,17
S01009639,Economically active: Employee: Part-time (1),80,73,7
S01009639,Economically active: Employee: Full-time (1),217,207,10
S01009639,Economically active: Self-employed: Total,47,42,5
S01009639,Economically active: Self-employed: Part-time (1),6,6,0
S01009639,Economically active: Self-employed: Full-time (1),41,36,5
S01009639,Economically active: Unemployed (1),26,24,2
S01009639,Economically inactive,324,315,9
S01009640,All people aged 16 and over,512,496,16
S01009640,Economically active: Total,241,231,10
S01009640,Economically active: Employee: Total,201,194,7
S01009640,Economically active: Employee: Part-time (1),57,56,1
S01009640,Economically active: Employee: Full-time (1),144,138,6
S01009640,Economically active: Self-employed: Total,14,12,2
S01009640,Economically active: Self-employed: Part-time (1),5,5,0
S01009640,Economically active: Self-employed: Full-time (1),9,7,2
S01009640,Economically active: Unemployed (1),26,25,1
S01009640,Economically inactive,271,265,6
S01009641,All people aged 16 and over,684,653,31
S01009641,Economically active: Total,352,330,22
S01009641,Economically active: Employee: Total,274,262,12
S01009641,Economically active: Employee: Part-time (1),78,75,3
S01009641,Economically active: Employee: Full-time (1),196,187,9
S01009641,Economically active: Self-employed: Total,35,30,5
S01009641,Economically active: Self-employed: Part-time (1),15,11,4
S01009641,Economically active: Self-employed: Full-time (1),20,19,1
S01009641,Economically active: Unemployed (1),43,38,5
S01009641,Economically inactive,332,323,9
S01009642,All people aged 16 and over,782,743,39
S01009642,Economically active: Total,504,479,25
S01009642,Economically active: Employee: Total,415,395,20
S01009642,Economically active: Employee: Part-time (1),118,113,5
S01009642,Economically active: Employee: Full-time (1),297,282,15
S01009642,Economically active: Self-employed: Total,50,48,2
S01009642,Economically active: Self-employed: Part-time (1),18,17,1
S01009642,Economically active: Self-employed: Full-time (1),32,31,1
S01009642,Economically active: Unemployed (1),39,36,3
S01009642,Economically inactive,278,264,14
S01009643,All people aged 16 and over,436,423,13
S01009643,Economically active: Total,356,347,9
S01009643,Economically active: Employee: Total,323,314,9
S01009643,Economically active: Employee: Part-time (1),94,90,4
S01009643,Economically active: Employee: Full-time (1),229,224,5
S01009643,Economically active: Self-employed: Total,21,21,0
S01009643,Economically active: Self-employed: Part-time (1),3,3,0
S01009643,Economically active: Self-employed: Full-time (1),18,18,0
S01009643,Economically active: Unemployed (1),12,12,0
S01009643,Economically inactive,80,76,4
S01009644,All people aged 16 and over,661,641,20
S01009644,Economically active: Total,389,377,12
S01009644,Economically active: Employee: Total,315,303,12
S01009644,Economically active: Employee: Part-time (1),106,100,6
S01009644,Economically active: Employee: Full-time (1),209,203,6
S01009644,Economically active: Self-employed: Total,30,30,0
S01009644,Economically active: Self-employed: Part-time (1),9,9,0
S01009644,Economically active: Self-employed: Full-time (1),21,21,0
S01009644,Economically active: Unemployed (1),44,44,0
S01009644,Economically inactive,272,264,8
S01009645,All people aged 16 and over,532,513,19
S01009645,Economically active: Total,305,292,13
S01009645,Economically active: Employee: Total,250,241,9
S01009645,Economically active: Employee: Part-time (1),86,83,3
S01009645,Economically active: Employee: Full-time (1),164,158,6
S01009645,Economically active: Self-employed: Total,28,25,3
S01009645,Economically active: Self-employed: Part-time (1),9,7,2
S01009645,Economically active: Self-employed: Full-time (1),19,18,1
S01009645,Economically active: Unemployed (1),27,26,1
S01009645,Economically inactive,227,221,6
S01009646,All people aged 16 and over,471,457,14
S01009646,Economically active: Total,279,267,12
S01009646,Economically active: Employee: Total,220,211,9
S01009646,Economically active: Employee: Part-time (1),59,56,3
S01009646,Economically active: Employee: Full-time (1),161,155,6
S01009646,Economically active: Self-employed: Total,26,23,3
S01009646,Economically active: Self-employed: Part-time (1),10,9,1
S01009646,Economically active: Self-employed: Full-time (1),16,14,2
S01009646,Economically active: Unemployed (1),33,33,0
S01009646,Economically inactive,192,190,2
S01009647,All people aged 16 and over,512,497,15
S01009647,Economically active: Total,263,252,11
S01009647,Economically active: Employee: Total,198,188,10
S01009647,Economically active: Employee: Part-time (1),66,62,4
S01009647,Economically active: Employee: Full-time (1),132,126,6
S01009647,Economically active: Self-employed: Total,25,24,1
S01009647,Economically active: Self-employed: Part-time (1),4,4,0
S01009647,Economically active: Self-employed: Full-time (1),21,20,1
S01009647,Economically active: Unemployed (1),40,40,0
S01009647,Economically inactive,249,245,4
S01009648,All people aged 16 and over,717,697,20
S01009648,Economically active: Total,421,409,12
S01009648,Economically active: Employee: Total,347,338,9
S01009648,Economically active: Employee: Part-time (1),98,96,2
S01009648,Economically active: Employee: Full-time (1),249,242,7
S01009648,Economically active: Self-employed: Total,30,29,1
S01009648,Economically active: Self-employed: Part-time (1),9,9,0
S01009648,Economically active: Self-employed: Full-time (1),21,20,1
S01009648,Economically active: Unemployed (1),44,42,2
S01009648,Economically inactive,296,288,8
S01009649,All people aged 16 and over,845,824,21
S01009649,Economically active: Total,505,490,15
S01009649,Economically active: Employee: Total,412,402,10
S01009649,Economically active: Employee: Part-time (1),111,108,3
S01009649,Economically active: Employee: Full-time (1),301,294,7
S01009649,Economically active: Self-employed: Total,34,32,2
S01009649,Economically active: Self-employed: Part-time (1),6,6,0
S01009649,Economically active: Self-employed: Full-time (1),28,26,2
S01009649,Economically active: Unemployed (1),59,56,3
S01009649,Economically inactive,340,334,6
S01009650,All people aged 16 and over,692,668,24
S01009650,Economically active: Total,353,339,14
S01009650,Economically active: Employee: Total,298,286,12
S01009650,Economically active: Employee: Part-time (1),75,70,5
S01009650,Economically active: Employee: Full-time (1),223,216,7
S01009650,Economically active: Self-employed: Total,49,48,1
S01009650,Economically active: Self-employed: Part-time (1),13,12,1
S01009650,Economically active: Self-employed: Full-time (1),36,36,0
S01009650,Economically active: Unemployed (1),6,5,1
S01009650,Economically inactive,339,329,10
S01009651,All people aged 16 and over,790,745,45
S01009651,Economically active: Total,475,443,32
S01009651,Economically active: Employee: Total,331,304,27
S01009651,Economically active: Employee: Part-time (1),99,92,7
S01009651,Economically active: Employee: Full-time (1),232,212,20
S01009651,Economically active: Self-employed: Total,114,110,4
S01009651,Economically active: Self-employed: Part-time (1),32,32,0
S01009651,Economically active: Self-employed: Full-time (1),82,78,4
S01009651,Economically active: Unemployed (1),30,29,1
S01009651,Economically inactive,315,302,13
S01009652,All people aged 16 and over,699,676,23
S01009652,Economically active: Total,326,312,14
S01009652,Economically active: Employee: Total,249,239,10
S01009652,Economically active: Employee: Part-time (1),84,79,5
S01009652,Economically active: Employee: Full-time (1),165,160,5
S01009652,Economically active: Self-employed: Total,65,62,3
S01009652,Economically active: Self-employed: Part-time (1),20,20,0
S01009652,Economically active: Self-employed: Full-time (1),45,42,3
S01009652,Economically active: Unemployed (1),12,11,1
S01009652,Economically inactive,373,364,9
S01009653,All people aged 16 and over,445,430,15
S01009653,Economically active: Total,279,270,9
S01009653,Economically active: Employee: Total,242,234,8
S01009653,Economically active: Employee: Part-time (1),66,64,2
S01009653,Economically active: Employee: Full-time (1),176,170,6
S01009653,Economically active: Self-employed: Total,31,30,1
S01009653,Economically active: Self-employed: Part-time (1),6,6,0
S01009653,Economically active: Self-employed: Full-time (1),25,24,1
S01009653,Economically active: Unemployed (1),6,6,0
S01009653,Economically inactive,166,160,6
S01009654,All people aged 16 and over,475,466,9
S01009654,Economically active: Total,263,255,8
S01009654,Economically active: Employee: Total,198,191,7
S01009654,Economically active: Employee: Part-time (1),67,64,3
S01009654,Economically active: Employee: Full-time (1),131,127,4
S01009654,Economically active: Self-employed: Total,52,52,0
S01009654,Economically active: Self-employed: Part-time (1),18,18,0
S01009654,Economically active: Self-employed: Full-time (1),34,34,0
S01009654,Economically active: Unemployed (1),13,12,1
S01009654,Economically inactive,212,211,1
S01009655,All people aged 16 and over,686,671,15
S01009655,Economically active: Total,408,397,11
S01009655,Economically active: Employee: Total,333,323,10
S01009655,Economically active: Employee: Part-time (1),106,101,5
S01009655,Economically active: Employee: Full-time (1),227,222,5
S01009655,Economically active: Self-employed: Total,20,20,0
S01009655,Economically active: Self-employed: Part-time (1),8,8,0
S01009655,Economically active: Self-employed: Full-time (1),12,12,0
S01009655,Economically active: Unemployed (1),55,54,1
S01009655,Economically inactive,278,274,4
S01009656,All people aged 16 and over,613,598,15
S01009656,Economically active: Total,278,267,11
S01009656,Economically active: Employee: Total,207,200,7
S01009656,Economically active: Employee: Part-time (1),68,64,4
S01009656,Economically active: Employee: Full-time (1),139,136,3
S01009656,Economically active: Self-employed: Total,21,19,2
S01009656,Economically active: Self-employed: Part-time (1),3,1,2
S01009656,Economically active: Self-employed: Full-time (1),18,18,0
S01009656,Economically active: Unemployed (1),50,48,2
S01009656,Economically inactive,335,331,4
S01009657,All people aged 16 and over,657,636,21
S01009657,Economically active: Total,420,409,11
S01009657,Economically active: Employee: Total,337,331,6
S01009657,Economically active: Employee: Part-time (1),99,97,2
S01009657,Economically active: Employee: Full-time (1),238,234,4
S01009657,Economically active: Self-employed: Total,43,39,4
S01009657,Economically active: Self-employed: Part-time (1),11,8,3
S01009657,Economically active: Self-employed: Full-time (1),32,31,1
S01009657,Economically active: Unemployed (1),40,39,1
S01009657,Economically inactive,237,227,10
S01009658,All people aged 16 and over,567,551,16
S01009658,Economically active: Total,378,370,8
S01009658,Economically active: Employee: Total,322,314,8
S01009658,Economically active: Employee: Part-time (1),105,102,3
S01009658,Economically active: Employee: Full-time (1),217,212,5
S01009658,Economically active: Self-employed: Total,22,22,0
S01009658,Economically active: Self-employed: Part-time (1),2,2,0
S01009658,Economically active: Self-employed: Full-time (1),20,20,0
S01009658,Economically active: Unemployed (1),34,34,0
S01009658,Economically inactive,189,181,8
S01009659,All people aged 16 and over,415,410,5
S01009659,Economically active: Total,268,265,3
S01009659,Economically active: Employee: Total,206,204,2
S01009659,Economically active: Employee: Part-time (1),62,61,1
S01009659,Economically active: Employee: Full-time (1),144,143,1
S01009659,Economically active: Self-employed: Total,24,24,0
S01009659,Economically active: Self-employed: Part-time (1),6,6,0
S01009659,Economically active: Self-employed: Full-time (1),18,18,0
S01009659,Economically active: Unemployed (1),38,37,1
S01009659,Economically inactive,147,145,2
S01009660,All people aged 16 and over,845,822,23
S01009660,Economically active: Total,519,502,17
S01009660,Economically active: Employee: Total,427,412,15
S01009660,Economically active: Employee: Part-time (1),119,113,6
S01009660,Economically active: Employee: Full-time (1),308,299,9
S01009660,Economically active: Self-employed: Total,41,39,2
S01009660,Economically active: Self-employed: Part-time (1),10,9,1
S01009660,Economically active: Self-employed: Full-time (1),31,30,1
S01009660,Economically active: Unemployed (1),51,51,0
S01009660,Economically inactive,326,320,6
S01009661,All people aged 16 and over,708,680,28
S01009661,Economically active: Total,458,443,15
S01009661,Economically active: Employee: Total,328,316,12
S01009661,Economically active: Employee: Part-time (1),105,101,4
S01009661,Economically active: Employee: Full-time (1),223,215,8
S01009661,Economically active: Self-employed: Total,117,115,2
S01009661,Economically active: Self-employed: Part-time (1),21,20,1
S01009661,Economically active: Self-employed: Full-time (1),96,95,1
S01009661,Economically active: Unemployed (1),13,12,1
S01009661,Economically inactive,250,237,13
S01009662,All people aged 16 and over,588,564,24
S01009662,Economically active: Total,403,383,20
S01009662,Economically active: Employee: Total,302,289,13
S01009662,Economically active: Employee: Part-time (1),79,77,2
S01009662,Economically active: Employee: Full-time (1),223,212,11
S01009662,Economically active: Self-employed: Total,70,64,6
S01009662,Economically active: Self-employed: Part-time (1),16,12,4
S01009662,Economically active: Self-employed: Full-time (1),54,52,2
S01009662,Economically active: Unemployed (1),31,30,1
S01009662,Economically inactive,185,181,4
S01009663,All people aged 16 and over,531,518,13
S01009663,Economically active: Total,332,319,13
S01009663,Economically active: Employee: Total,268,261,7
S01009663,Economically active: Employee: Part-time (1),69,65,4
S01009663,Economically active: Employee: Full-time (1),199,196,3
S01009663,Economically active: Self-employed: Total,44,41,3
S01009663,Economically active: Self-employed: Part-time (1),15,15,0
S01009663,Economically active: Self-employed: Full-time (1),29,26,3
S01009663,Economically active: Unemployed (1),20,17,3
S01009663,Economically inactive,199,199,0
S01009664,All people aged 16 and over,734,697,37
S01009664,Economically active: Total,503,479,24
S01009664,Economically active: Employee: Total,376,359,17
S01009664,Economically active: Employee: Part-time (1),112,108,4
S01009664,Economically active: Employee: Full-time (1),264,251,13
S01009664,Economically active: Self-employed: Total,93,90,3
S01009664,Economically active: Self-employed: Part-time (1),29,28,1
S01009664,Economically active: Self-employed: Full-time (1),64,62,2
S01009664,Economically active: Unemployed (1),34,30,4
S01009664,Economically inactive,231,218,13
S01009665,All people aged 16 and over,535,520,15
S01009665,Economically active: Total,332,320,12
S01009665,Economically active: Employee: Total,275,265,10
S01009665,Economically active: Employee: Part-time (1),72,71,1
S01009665,Economically active: Employee: Full-time (1),203,194,9
S01009665,Economically active: Self-employed: Total,34,33,1
S01009665,Economically active: Self-employed: Part-time (1),9,9,0
S01009665,Economically active: Self-employed: Full-time (1),25,24,1
S01009665,Economically active: Unemployed (1),23,22,1
S01009665,Economically inactive,203,200,3
S01009666,All people aged 16 and over,640,618,22
S01009666,Economically active: Total,383,366,17
S01009666,Economically active: Employee: Total,303,290,13
S01009666,Economically active: Employee: Part-time (1),76,71,5
S01009666,Economically active: Employee: Full-time (1),227,219,8
S01009666,Economically active: Self-employed: Total,63,59,4
S01009666,Economically active: Self-employed: Part-time (1),14,11,3
S01009666,Economically active: Self-employed: Full-time (1),49,48,1
S01009666,Economically active: Unemployed (1),17,17,0
S01009666,Economically inactive,257,252,5
S01009667,All people aged 16 and over,437,426,11
S01009667,Economically active: Total,274,270,4
S01009667,Economically active: Employee: Total,225,221,4
S01009667,Economically active: Employee: Part-time (1),58,57,1
S01009667,Economically active: Employee: Full-time (1),167,164,3
S01009667,Economically active: Self-employed: Total,45,45,0
S01009667,Economically active: Self-employed: Part-time (1),9,9,0
S01009667,Economically active: Self-employed: Full-time (1),36,36,0
S01009667,Economically active: Unemployed (1),4,4,0
S01009667,Economically inactive,163,156,7
S01009668,All people aged 16 and over,463,440,23
S01009668,Economically active: Total,326,310,16
S01009668,Economically active: Employee: Total,270,258,12
S01009668,Economically active: Employee: Part-time (1),66,64,2
S01009668,Economically active: Employee: Full-time (1),204,194,10
S01009668,Economically active: Self-employed: Total,39,35,4
S01009668,Economically active: Self-employed: Part-time (1),11,10,1
S01009668,Economically active: Self-employed: Full-time (1),28,25,3
S01009668,Economically active: Unemployed (1),17,17,0
S01009668,Economically inactive,137,130,7
S01009669,All people aged 16 and over,438,425,13
S01009669,Economically active: Total,241,230,11
S01009669,Economically active: Employee: Total,190,180,10
S01009669,Economically active: Employee: Part-time (1),41,40,1
S01009669,Economically active: Employee: Full-time (1),149,140,9
S01009669,Economically active: Self-employed: Total,41,40,1
S01009669,Economically active: Self-employed: Part-time (1),14,14,0
S01009669,Economically active: Self-employed: Full-time (1),27,26,1
S01009669,Economically active: Unemployed (1),10,10,0
S01009669,Economically inactive,197,195,2
S01009670,All people aged 16 and over,651,625,26
S01009670,Economically active: Total,423,407,16
S01009670,Economically active: Employee: Total,336,323,13
S01009670,Economically active: Employee: Part-time (1),91,89,2
S01009670,Economically active: Employee: Full-time (1),245,234,11
S01009670,Economically active: Self-employed: Total,62,61,1
S01009670,Economically active: Self-employed: Part-time (1),19,19,0
S01009670,Economically active: Self-employed: Full-time (1),43,42,1
S01009670,Economically active: Unemployed (1),25,23,2
S01009670,Economically inactive,228,218,10
S01009671,All people aged 16 and over,524,501,23
S01009671,Economically active: Total,361,346,15
S01009671,Economically active: Employee: Total,279,268,11
S01009671,Economically active: Employee: Part-time (1),75,74,1
S01009671,Economically active: Employee: Full-time (1),204,194,10
S01009671,Economically active: Self-employed: Total,62,61,1
S01009671,Economically active: Self-employed: Part-time (1),21,21,0
S01009671,Economically active: Self-employed: Full-time (1),41,40,1
S01009671,Economically active: Unemployed (1),20,17,3
S01009671,Economically inactive,163,155,8
S01009672,All people aged 16 and over,650,636,14
S01009672,Economically active: Total,416,407,9
S01009672,Economically active: Employee: Total,347,340,7
S01009672,Economically active: Employee: Part-time (1),104,103,1
S01009672,Economically active: Employee: Full-time (1),243,237,6
S01009672,Economically active: Self-employed: Total,35,34,1
S01009672,Economically active: Self-employed: Part-time (1),13,12,1
S01009672,Economically active: Self-employed: Full-time (1),22,22,0
S01009672,Economically active: Unemployed (1),34,33,1
S01009672,Economically inactive,234,229,5
S01009673,All people aged 16 and over,674,639,35
S01009673,Economically active: Total,408,387,21
S01009673,Economically active: Employee: Total,318,300,18
S01009673,Economically active: Employee: Part-time (1),79,78,1
S01009673,Economically active: Employee: Full-time (1),239,222,17
S01009673,Economically active: Self-employed: Total,63,61,2
S01009673,Economically active: Self-employed: Part-time (1),18,16,2
S01009673,Economically active: Self-employed: Full-time (1),45,45,0
S01009673,Economically active: Unemployed (1),27,26,1
S01009673,Economically inactive,266,252,14
S01009674,All people aged 16 and over,728,699,29
S01009674,Economically active: Total,459,440,19
S01009674,Economically active: Employee: Total,344,328,16
S01009674,Economically active: Employee: Part-time (1),91,89,2
S01009674,Economically active: Employee: Full-time (1),253,239,14
S01009674,Economically active: Self-employed: Total,88,86,2
S01009674,Economically active: Self-employed: Part-time (1),26,24,2
S01009674,Economically active: Self-employed: Full-time (1),62,62,0
S01009674,Economically active: Unemployed (1),27,26,1
S01009674,Economically inactive,269,259,10
S01009675,All people aged 16 and over,748,718,30
S01009675,Economically active: Total,479,459,20
S01009675,Economically active: Employee: Total,373,358,15
S01009675,Economically active: Employee: Part-time (1),110,104,6
S01009675,Economically active: Employee: Full-time (1),263,254,9
S01009675,Economically active: Self-employed: Total,78,74,4
S01009675,Economically active: Self-employed: Part-time (1),18,17,1
S01009675,Economically active: Self-employed: Full-time (1),60,57,3
S01009675,Economically active: Unemployed (1),28,27,1
S01009675,Economically inactive,269,259,10
S01009676,All people aged 16 and over,659,637,22
S01009676,Economically active: Total,434,416,18
S01009676,Economically active: Employee: Total,341,328,13
S01009676,Economically active: Employee: Part-time (1),102,96,6
S01009676,Economically active: Employee: Full-time (1),239,232,7
S01009676,Economically active: Self-employed: Total,75,72,3
S01009676,Economically active: Self-employed: Part-time (1),20,20,0
S01009676,Economically active: Self-employed: Full-time (1),55,52,3
S01009676,Economically active: Unemployed (1),18,16,2
S01009676,Economically inactive,225,221,4
S01009677,All people aged 16 and over,484,446,38
S01009677,Economically active: Total,322,297,25
S01009677,Economically active: Employee: Total,227,204,23
S01009677,Economically active: Employee: Part-time (1),73,68,5
S01009677,Economically active: Employee: Full-time (1),154,136,18
S01009677,Economically active: Self-employed: Total,80,79,1
S01009677,Economically active: Self-employed: Part-time (1),24,24,0
S01009677,Economically active: Self-employed: Full-time (1),56,55,1
S01009677,Economically active: Unemployed (1),15,14,1
S01009677,Economically inactive,162,149,13
S01009678,All people aged 16 and over,509,481,28
S01009678,Economically active: Total,306,288,18
S01009678,Economically active: Employee: Total,250,235,15
S01009678,Economically active: Employee: Part-time (1),69,62,7
S01009678,Economically active: Employee: Full-time (1),181,173,8
S01009678,Economically active: Self-employed: Total,45,43,2
S01009678,Economically active: Self-employed: Part-time (1),12,11,1
S01009678,Economically active: Self-employed: Full-time (1),33,32,1
S01009678,Economically active: Unemployed (1),11,10,1
S01009678,Economically inactive,203,193,10
S01009679,All people aged 16 and over,752,717,35
S01009679,Economically active: Total,468,443,25
S01009679,Economically active: Employee: Total,380,357,23
S01009679,Economically active: Employee: Part-time (1),97,90,7
S01009679,Economically active: Employee: Full-time (1),283,267,16
S01009679,Economically active: Self-employed: Total,55,54,1
S01009679,Economically active: Self-employed: Part-time (1),13,13,0
S01009679,Economically active: Self-employed: Full-time (1),42,41,1
S01009679,Economically active: Unemployed (1),33,32,1
S01009679,Economically inactive,284,274,10
S01009680,All people aged 16 and over,667,640,27
S01009680,Economically active: Total,437,416,21
S01009680,Economically active: Employee: Total,343,324,19
S01009680,Economically active: Employee: Part-time (1),99,93,6
S01009680,Economically active: Employee: Full-time (1),244,231,13
S01009680,Economically active: Self-employed: Total,61,60,1
S01009680,Economically active: Self-employed: Part-time (1),18,18,0
S01009680,Economically active: Self-employed: Full-time (1),43,42,1
S01009680,Economically active: Unemployed (1),33,32,1
S01009680,Economically inactive,230,224,6
S01009681,All people aged 16 and over,592,557,35
S01009681,Economically active: Total,339,317,22
S01009681,Economically active: Employee: Total,286,268,18
S01009681,Economically active: Employee: Part-time (1),74,69,5
S01009681,Economically active: Employee: Full-time (1),212,199,13
S01009681,Economically active: Self-employed: Total,36,32,4
S01009681,Economically active: Self-employed: Part-time (1),11,10,1
S01009681,Economically active: Self-employed: Full-time (1),25,22,3
S01009681,Economically active: Unemployed (1),17,17,0
S01009681,Economically inactive,253,240,13
S01009682,All people aged 16 and over,505,473,32
S01009682,Economically active: Total,320,297,23
S01009682,Economically active: Employee: Total,284,264,20
S01009682,Economically active: Employee: Part-time (1),80,77,3
S01009682,Economically active: Employee: Full-time (1),204,187,17
S01009682,Economically active: Self-employed: Total,22,21,1
S01009682,Economically active: Self-employed: Part-time (1),5,5,0
S01009682,Economically active: Self-employed: Full-time (1),17,16,1
S01009682,Economically active: Unemployed (1),14,12,2
S01009682,Economically inactive,185,176,9
S01009683,All people aged 16 and over,759,706,53
S01009683,Economically active: Total,391,367,24
S01009683,Economically active: Employee: Total,318,298,20
S01009683,Economically active: Employee: Part-time (1),93,88,5
S01009683,Economically active: Employee: Full-time (1),225,210,15
S01009683,Economically active: Self-employed: Total,45,45,0
S01009683,Economically active: Self-employed: Part-time (1),8,8,0
S01009683,Economically active: Self-employed: Full-time (1),37,37,0
S01009683,Economically active: Unemployed (1),28,24,4
S01009683,Economically inactive,368,339,29
S01009684,All people aged 16 and over,840,805,35
S01009684,Economically active: Total,589,566,23
S01009684,Economically active: Employee: Total,458,441,17
S01009684,Economically active: Employee: Part-time (1),115,111,4
S01009684,Economically active: Employee: Full-time (1),343,330,13
S01009684,Economically active: Self-employed: Total,105,99,6
S01009684,Economically active: Self-employed: Part-time (1),32,29,3
S01009684,Economically active: Self-employed: Full-time (1),73,70,3
S01009684,Economically active: Unemployed (1),26,26,0
S01009684,Economically inactive,251,239,12
S01009685,All people aged 16 and over,523,500,23
S01009685,Economically active: Total,308,290,18
S01009685,Economically active: Employee: Total,255,243,12
S01009685,Economically active: Employee: Part-time (1),69,67,2
S01009685,Economically active: Employee: Full-time (1),186,176,10
S01009685,Economically active: Self-employed: Total,29,28,1
S01009685,Economically active: Self-employed: Part-time (1),5,4,1
S01009685,Economically active: Self-employed: Full-time (1),24,24,0
S01009685,Economically active: Unemployed (1),24,19,5
S01009685,Economically inactive,215,210,5
S01009686,All people aged 16 and over,923,810,113
S01009686,Economically active: Total,573,489,84
S01009686,Economically active: Employee: Total,484,409,75
S01009686,Economically active: Employee: Part-time (1),144,128,16
S01009686,Economically active: Employee: Full-time (1),340,281,59
S01009686,Economically active: Self-employed: Total,44,41,3
S01009686,Economically active: Self-employed: Part-time (1),8,7,1
S01009686,Economically active: Self-employed: Full-time (1),36,34,2
S01009686,Economically active: Unemployed (1),45,39,6
S01009686,Economically inactive,350,321,29
S01009687,All people aged 16 and over,572,546,26
S01009687,Economically active: Total,381,365,16
S01009687,Economically active: Employee: Total,309,296,13
S01009687,Economically active: Employee: Part-time (1),90,87,3
S01009687,Economically active: Employee: Full-time (1),219,209,10
S01009687,Economically active: Self-employed: Total,38,36,2
S01009687,Economically active: Self-employed: Part-time (1),13,12,1
S01009687,Economically active: Self-employed: Full-time (1),25,24,1
S01009687,Economically active: Unemployed (1),34,33,1
S01009687,Economically inactive,191,181,10
S01009688,All people aged 16 and over,706,639,67
S01009688,Economically active: Total,418,381,37
S01009688,Economically active: Employee: Total,336,302,34
S01009688,Economically active: Employee: Part-time (1),103,97,6
S01009688,Economically active: Employee: Full-time (1),233,205,28
S01009688,Economically active: Self-employed: Total,23,20,3
S01009688,Economically active: Self-employed: Part-time (1),6,6,0
S01009688,Economically active: Self-employed: Full-time (1),17,14,3
S01009688,Economically active: Unemployed (1),59,59,0
S01009688,Economically inactive,288,258,30
S01009689,All people aged 16 and over,519,443,76
S01009689,Economically active: Total,333,277,56
S01009689,Economically active: Employee: Total,271,226,45
S01009689,Economically active: Employee: Part-time (1),63,51,12
S01009689,Economically active: Employee: Full-time (1),208,175,33
S01009689,Economically active: Self-employed: Total,36,29,7
S01009689,Economically active: Self-employed: Part-time (1),13,12,1
S01009689,Economically active: Self-employed: Full-time (1),23,17,6
S01009689,Economically active: Unemployed (1),26,22,4
S01009689,Economically inactive,186,166,20
S01009690,All people aged 16 and over,593,547,46
S01009690,Economically active: Total,392,355,37
S01009690,Economically active: Employee: Total,320,287,33
S01009690,Economically active: Employee: Part-time (1),71,67,4
S01009690,Economically active: Employee: Full-time (1),249,220,29
S01009690,Economically active: Self-employed: Total,38,35,3
S01009690,Economically active: Self-employed: Part-time (1),11,10,1
S01009690,Economically active: Self-employed: Full-time (1),27,25,2
S01009690,Economically active: Unemployed (1),34,33,1
S01009690,Economically inactive,201,192,9
S01009691,All people aged 16 and over,502,471,31
S01009691,Economically active: Total,299,278,21
S01009691,Economically active: Employee: Total,250,232,18
S01009691,Economically active: Employee: Part-time (1),66,58,8
S01009691,Economically active: Employee: Full-time (1),184,174,10
S01009691,Economically active: Self-employed: Total,31,30,1
S01009691,Economically active: Self-employed: Part-time (1),9,9,0
S01009691,Economically active: Self-employed: Full-time (1),22,21,1
S01009691,Economically active: Unemployed (1),18,16,2
S01009691,Economically inactive,203,193,10
S01009692,All people aged 16 and over,918,870,48
S01009692,Economically active: Total,486,451,35
S01009692,Economically active: Employee: Total,395,365,30
S01009692,Economically active: Employee: Part-time (1),113,106,7
S01009692,Economically active: Employee: Full-time (1),282,259,23
S01009692,Economically active: Self-employed: Total,58,55,3
S01009692,Economically active: Self-employed: Part-time (1),18,16,2
S01009692,Economically active: Self-employed: Full-time (1),40,39,1
S01009692,Economically active: Unemployed (1),33,31,2
S01009692,Economically inactive,432,419,13
S01009693,All people aged 16 and over,522,501,21
S01009693,Economically active: Total,322,312,10
S01009693,Economically active: Employee: Total,268,261,7
S01009693,Economically active: Employee: Part-time (1),83,79,4
S01009693,Economically active: Employee: Full-time (1),185,182,3
S01009693,Economically active: Self-employed: Total,34,32,2
S01009693,Economically active: Self-employed: Part-time (1),15,13,2
S01009693,Economically active: Self-employed: Full-time (1),19,19,0
S01009693,Economically active: Unemployed (1),20,19,1
S01009693,Economically inactive,200,189,11
S01009694,All people aged 16 and over,874,816,58
S01009694,Economically active: Total,446,409,37
S01009694,Economically active: Employee: Total,393,361,32
S01009694,Economically active: Employee: Part-time (1),118,111,7
S01009694,Economically active: Employee: Full-time (1),275,250,25
S01009694,Economically active: Self-employed: Total,41,38,3
S01009694,Economically active: Self-employed: Part-time (1),16,15,1
S01009694,Economically active: Self-employed: Full-time (1),25,23,2
S01009694,Economically active: Unemployed (1),12,10,2
S01009694,Economically inactive,428,407,21
S01009695,All people aged 16 and over,521,487,34
S01009695,Economically active: Total,315,296,19
S01009695,Economically active: Employee: Total,233,221,12
S01009695,Economically active: Employee: Part-time (1),65,62,3
S01009695,Economically active: Employee: Full-time (1),168,159,9
S01009695,Economically active: Self-employed: Total,66,59,7
S01009695,Economically active: Self-employed: Part-time (1),21,19,2
S01009695,Economically active: Self-employed: Full-time (1),45,40,5
S01009695,Economically active: Unemployed (1),16,16,0
S01009695,Economically inactive,206,191,15
S01009696,All people aged 16 and over,793,749,44
S01009696,Economically active: Total,490,459,31
S01009696,Economically active: Employee: Total,373,349,24
S01009696,Economically active: Employee: Part-time (1),106,98,8
S01009696,Economically active: Employee: Full-time (1),267,251,16
S01009696,Economically active: Self-employed: Total,94,87,7
S01009696,Economically active: Self-employed: Part-time (1),28,24,4
S01009696,Economically active: Self-employed: Full-time (1),66,63,3
S01009696,Economically active: Unemployed (1),23,23,0
S01009696,Economically inactive,303,290,13
S01009697,All people aged 16 and over,589,525,64
S01009697,Economically active: Total,369,321,48
S01009697,Economically active: Employee: Total,283,242,41
S01009697,Economically active: Employee: Part-time (1),70,59,11
S01009697,Economically active: Employee: Full-time (1),213,183,30
S01009697,Economically active: Self-employed: Total,70,64,6
S01009697,Economically active: Self-employed: Part-time (1),17,15,2
S01009697,Economically active: Self-employed: Full-time (1),53,49,4
S01009697,Economically active: Unemployed (1),16,15,1
S01009697,Economically inactive,220,204,16
S01009698,All people aged 16 and over,486,432,54
S01009698,Economically active: Total,321,288,33
S01009698,Economically active: Employee: Total,222,195,27
S01009698,Economically active: Employee: Part-time (1),54,44,10
S01009698,Economically active: Employee: Full-time (1),168,151,17
S01009698,Economically active: Self-employed: Total,87,82,5
S01009698,Economically active: Self-employed: Part-time (1),20,17,3
S01009698,Economically active: Self-employed: Full-time (1),67,65,2
S01009698,Economically active: Unemployed (1),12,11,1
S01009698,Economically inactive,165,144,21
S01009699,All people aged 16 and over,412,392,20
S01009699,Economically active: Total,182,172,10
S01009699,Economically active: Employee: Total,131,124,7
S01009699,Economically active: Employee: Part-time (1),45,43,2
S01009699,Economically active: Employee: Full-time (1),86,81,5
S01009699,Economically active: Self-employed: Total,38,36,2
S01009699,Economically active: Self-employed: Part-time (1),9,9,0
S01009699,Economically active: Self-employed: Full-time (1),29,27,2
S01009699,Economically active: Unemployed (1),13,12,1
S01009699,Economically inactive,230,220,10
S01009700,All people aged 16 and over,551,513,38
S01009700,Economically active: Total,330,309,21
S01009700,Economically active: Employee: Total,236,219,17
S01009700,Economically active: Employee: Part-time (1),65,62,3
S01009700,Economically active: Employee: Full-time (1),171,157,14
S01009700,Economically active: Self-employed: Total,72,69,3
S01009700,Economically active: Self-employed: Part-time (1),23,22,1
S01009700,Economically active: Self-employed: Full-time (1),49,47,2
S01009700,Economically active: Unemployed (1),22,21,1
S01009700,Economically inactive,221,204,17
S01009701,All people aged 16 and over,405,384,21
S01009701,Economically active: Total,162,146,16
S01009701,Economically active: Employee: Total,106,92,14
S01009701,Economically active: Employee: Part-time (1),33,30,3
S01009701,Economically active: Employee: Full-time (1),73,62,11
S01009701,Economically active: Self-employed: Total,50,48,2
S01009701,Economically active: Self-employed: Part-time (1),20,20,0
S01009701,Economically active: Self-employed: Full-time (1),30,28,2
S01009701,Economically active: Unemployed (1),6,6,0
S01009701,Economically inactive,243,238,5
S01009702,All people aged 16 and over,518,496,22
S01009702,Economically active: Total,340,326,14
S01009702,Economically active: Employee: Total,227,219,8
S01009702,Economically active: Employee: Part-time (1),66,65,1
S01009702,Economically active: Employee: Full-time (1),161,154,7
S01009702,Economically active: Self-employed: Total,98,92,6
S01009702,Economically active: Self-employed: Part-time (1),26,25,1
S01009702,Economically active: Self-employed: Full-time (1),72,67,5
S01009702,Economically active: Unemployed (1),15,15,0
S01009702,Economically inactive,178,170,8
S01009703,All people aged 16 and over,485,461,24
S01009703,Economically active: Total,267,254,13
S01009703,Economically active: Employee: Total,210,199,11
S01009703,Economically active: Employee: Part-time (1),67,62,5
S01009703,Economically active: Employee: Full-time (1),143,137,6
S01009703,Economically active: Self-employed: Total,47,46,1
S01009703,Economically active: Self-employed: Part-time (1),13,12,1
S01009703,Economically active: Self-employed: Full-time (1),34,34,0
S01009703,Economically active: Unemployed (1),10,9,1
S01009703,Economically inactive,218,207,11
S01009704,All people aged 16 and over,784,747,37
S01009704,Economically active: Total,469,447,22
S01009704,Economically active: Employee: Total,332,318,14
S01009704,Economically active: Employee: Part-time (1),116,112,4
S01009704,Economically active: Employee: Full-time (1),216,206,10
S01009704,Economically active: Self-employed: Total,119,112,7
S01009704,Economically active: Self-employed: Part-time (1),32,29,3
S01009704,Economically active: Self-employed: Full-time (1),87,83,4
S01009704,Economically active: Unemployed (1),18,17,1
S01009704,Economically inactive,315,300,15
S01009705,All people aged 16 and over,618,590,28
S01009705,Economically active: Total,396,378,18
S01009705,Economically active: Employee: Total,294,284,10
S01009705,Economically active: Employee: Part-time (1),92,91,1
S01009705,Economically active: Employee: Full-time (1),202,193,9
S01009705,Economically active: Self-employed: Total,73,69,4
S01009705,Economically active: Self-employed: Part-time (1),20,19,1
S01009705,Economically active: Self-employed: Full-time (1),53,50,3
S01009705,Economically active: Unemployed (1),29,25,4
S01009705,Economically inactive,222,212,10
S01009706,All people aged 16 and over,509,470,39
S01009706,Economically active: Total,308,277,31
S01009706,Economically active: Employee: Total,212,192,20
S01009706,Economically active: Employee: Part-time (1),62,58,4
S01009706,Economically active: Employee: Full-time (1),150,134,16
S01009706,Economically active: Self-employed: Total,74,65,9
S01009706,Economically active: Self-employed: Part-time (1),25,23,2
S01009706,Economically active: Self-employed: Full-time (1),49,42,7
S01009706,Economically active: Unemployed (1),22,20,2
S01009706,Economically inactive,201,193,8
S01009707,All people aged 16 and over,404,379,25
S01009707,Economically active: Total,273,256,17
S01009707,Economically active: Employee: Total,217,202,15
S01009707,Economically active: Employee: Part-time (1),51,50,1
S01009707,Economically active: Employee: Full-time (1),166,152,14
S01009707,Economically active: Self-employed: Total,40,39,1
S01009707,Economically active: Self-employed: Part-time (1),6,5,1
S01009707,Economically active: Self-employed: Full-time (1),34,34,0
S01009707,Economically active: Unemployed (1),16,15,1
S01009707,Economically inactive,131,123,8
S01009708,All people aged 16 and over,519,499,20
S01009708,Economically active: Total,283,269,14
S01009708,Economically active: Employee: Total,207,198,9
S01009708,Economically active: Employee: Part-time (1),73,68,5
S01009708,Economically active: Employee: Full-time (1),134,130,4
S01009708,Economically active: Self-employed: Total,61,58,3
S01009708,Economically active: Self-employed: Part-time (1),11,10,1
S01009708,Economically active: Self-employed: Full-time (1),50,48,2
S01009708,Economically active: Unemployed (1),15,13,2
S01009708,Economically inactive,236,230,6
S01009709,All people aged 16 and over,693,653,40
S01009709,Economically active: Total,399,374,25
S01009709,Economically active: Employee: Total,305,284,21
S01009709,Economically active: Employee: Part-time (1),101,91,10
S01009709,Economically active: Employee: Full-time (1),204,193,11
S01009709,Economically active: Self-employed: Total,66,64,2
S01009709,Economically active: Self-employed: Part-time (1),13,13,0
S01009709,Economically active: Self-employed: Full-time (1),53,51,2
S01009709,Economically active: Unemployed (1),28,26,2
S01009709,Economically inactive,294,279,15
S01009710,All people aged 16 and over,442,419,23
S01009710,Economically active: Total,303,286,17
S01009710,Economically active: Employee: Total,227,213,14
S01009710,Economically active: Employee: Part-time (1),82,77,5
S01009710,Economically active: Employee: Full-time (1),145,136,9
S01009710,Economically active: Self-employed: Total,56,54,2
S01009710,Economically active: Self-employed: Part-time (1),13,12,1
S01009710,Economically active: Self-employed: Full-time (1),43,42,1
S01009710,Economically active: Unemployed (1),20,19,1
S01009710,Economically inactive,139,133,6
S01009711,All people aged 16 and over,659,608,51
S01009711,Economically active: Total,376,337,39
S01009711,Economically active: Employee: Total,269,242,27
S01009711,Economically active: Employee: Part-time (1),85,79,6
S01009711,Economically active: Employee: Full-time (1),184,163,21
S01009711,Economically active: Self-employed: Total,78,68,10
S01009711,Economically active: Self-employed: Part-time (1),14,12,2
S01009711,Economically active: Self-employed: Full-time (1),64,56,8
S01009711,Economically active: Unemployed (1),29,27,2
S01009711,Economically inactive,283,271,12
S01009712,All people aged 16 and over,502,459,43
S01009712,Economically active: Total,289,262,27
S01009712,Economically active: Employee: Total,211,189,22
S01009712,Economically active: Employee: Part-time (1),68,62,6
S01009712,Economically active: Employee: Full-time (1),143,127,16
S01009712,Economically active: Self-employed: Total,58,53,5
S01009712,Economically active: Self-employed: Part-time (1),17,16,1
S01009712,Economically active: Self-employed: Full-time (1),41,37,4
S01009712,Economically active: Unemployed (1),20,20,0
S01009712,Economically inactive,213,197,16
S01009713,All people aged 16 and over,775,715,60
S01009713,Economically active: Total,398,360,38
S01009713,Economically active: Employee: Total,280,253,27
S01009713,Economically active: Employee: Part-time (1),93,85,8
S01009713,Economically active: Employee: Full-time (1),187,168,19
S01009713,Economically active: Self-employed: Total,88,82,6
S01009713,Economically active: Self-employed: Part-time (1),29,24,5
S01009713,Economically active: Self-employed: Full-time (1),59,58,1
S01009713,Economically active: Unemployed (1),30,25,5
S01009713,Economically inactive,377,355,22
S01009714,All people aged 16 and over,802,731,71
S01009714,Economically active: Total,415,359,56
S01009714,Economically active: Employee: Total,301,265,36
S01009714,Economically active: Employee: Part-time (1),89,81,8
S01009714,Economically active: Employee: Full-time (1),212,184,28
S01009714,Economically active: Self-employed: Total,86,71,15
S01009714,Economically active: Self-employed: Part-time (1),25,21,4
S01009714,Economically active: Self-employed: Full-time (1),61,50,11
S01009714,Economically active: Unemployed (1),28,23,5
S01009714,Economically inactive,387,372,15
S01009715,All people aged 16 and over,564,505,59
S01009715,Economically active: Total,334,289,45
S01009715,Economically active: Employee: Total,236,201,35
S01009715,Economically active: Employee: Part-time (1),49,39,10
S01009715,Economically active: Employee: Full-time (1),187,162,25
S01009715,Economically active: Self-employed: Total,84,77,7
S01009715,Economically active: Self-employed: Part-time (1),25,21,4
S01009715,Economically active: Self-employed: Full-time (1),59,56,3
S01009715,Economically active: Unemployed (1),14,11,3
S01009715,Economically inactive,230,216,14
S01009716,All people aged 16 and over,651,556,95
S01009716,Economically active: Total,304,254,50
S01009716,Economically active: Employee: Total,245,197,48
S01009716,Economically active: Employee: Part-time (1),78,64,14
S01009716,Economically active: Employee: Full-time (1),167,133,34
S01009716,Economically active: Self-employed: Total,43,42,1
S01009716,Economically active: Self-employed: Part-time (1),10,9,1
S01009716,Economically active: Self-employed: Full-time (1),33,33,0
S01009716,Economically active: Unemployed (1),16,15,1
S01009716,Economically inactive,347,302,45
S01009717,All people aged 16 and over,905,619,286
S01009717,Economically active: Total,362,266,96
S01009717,Economically active: Employee: Total,285,211,74
S01009717,Economically active: Employee: Part-time (1),141,97,44
S01009717,Economically active: Employee: Full-time (1),144,114,30
S01009717,Economically active: Self-employed: Total,21,18,3
S01009717,Economically active: Self-employed: Part-time (1),6,4,2
S01009717,Economically active: Self-employed: Full-time (1),15,14,1
S01009717,Economically active: Unemployed (1),56,37,19
S01009717,Economically inactive,543,353,190
S01009718,All people aged 16 and over,626,528,98
S01009718,Economically active: Total,353,302,51
S01009718,Economically active: Employee: Total,295,249,46
S01009718,Economically active: Employee: Part-time (1),113,91,22
S01009718,Economically active: Employee: Full-time (1),182,158,24
S01009718,Economically active: Self-employed: Total,24,23,1
S01009718,Economically active: Self-employed: Part-time (1),8,8,0
S01009718,Economically active: Self-employed: Full-time (1),16,15,1
S01009718,Economically active: Unemployed (1),34,30,4
S01009718,Economically inactive,273,226,47
S01009719,All people aged 16 and over,647,596,51
S01009719,Economically active: Total,376,341,35
S01009719,Economically active: Employee: Total,315,284,31
S01009719,Economically active: Employee: Part-time (1),112,107,5
S01009719,Economically active: Employee: Full-time (1),203,177,26
S01009719,Economically active: Self-employed: Total,32,30,2
S01009719,Economically active: Self-employed: Part-time (1),11,10,1
S01009719,Economically active: Self-employed: Full-time (1),21,20,1
S01009719,Economically active: Unemployed (1),29,27,2
S01009719,Economically inactive,271,255,16
S01009720,All people aged 16 and over,711,590,121
S01009720,Economically active: Total,360,283,77
S01009720,Economically active: Employee: Total,320,250,70
S01009720,Economically active: Employee: Part-time (1),111,88,23
S01009720,Economically active: Employee: Full-time (1),209,162,47
S01009720,Economically active: Self-employed: Total,21,18,3
S01009720,Economically active: Self-employed: Part-time (1),7,5,2
S01009720,Economically active: Self-employed: Full-time (1),14,13,1
S01009720,Economically active: Unemployed (1),19,15,4
S01009720,Economically inactive,351,307,44
S01009721,All people aged 16 and over,564,291,273
S01009721,Economically active: Total,178,111,67
S01009721,Economically active: Employee: Total,136,82,54
S01009721,Economically active: Employee: Part-time (1),84,56,28
S01009721,Economically active: Employee: Full-time (1),52,26,26
S01009721,Economically active: Self-employed: Total,20,16,4
S01009721,Economically active: Self-employed: Part-time (1),11,7,4
S01009721,Economically active: Self-employed: Full-time (1),9,9,0
S01009721,Economically active: Unemployed (1),22,13,9
S01009721,Economically inactive,386,180,206
S01009722,All people aged 16 and over,1078,653,425
S01009722,Economically active: Total,307,219,88
S01009722,Economically active: Employee: Total,244,170,74
S01009722,Economically active: Employee: Part-time (1),143,99,44
S01009722,Economically active: Employee: Full-time (1),101,71,30
S01009722,Economically active: Self-employed: Total,29,25,4
S01009722,Economically active: Self-employed: Part-time (1),17,13,4
S01009722,Economically active: Self-employed: Full-time (1),12,12,0
S01009722,Economically active: Unemployed (1),34,24,10
S01009722,Economically inactive,771,434,337
S01009723,All people aged 16 and over,756,435,321
S01009723,Economically active: Total,233,141,92
S01009723,Economically active: Employee: Total,178,110,68
S01009723,Economically active: Employee: Part-time (1),110,69,41
S01009723,Economically active: Employee: Full-time (1),68,41,27
S01009723,Economically active: Self-employed: Total,22,16,6
S01009723,Economically active: Self-employed: Part-time (1),13,8,5
S01009723,Economically active: Self-employed: Full-time (1),9,8,1
S01009723,Economically active: Unemployed (1),33,15,18
S01009723,Economically inactive,523,294,229
S01009724,All people aged 16 and over,891,658,233
S01009724,Economically active: Total,408,295,113
S01009724,Economically active: Employee: Total,328,228,100
S01009724,Economically active: Employee: Part-time (1),140,101,39
S01009724,Economically active: Employee: Full-time (1),188,127,61
S01009724,Economically active: Self-employed: Total,36,33,3
S01009724,Economically active: Self-employed: Part-time (1),18,17,1
S01009724,Economically active: Self-employed: Full-time (1),18,16,2
S01009724,Economically active: Unemployed (1),44,34,10
S01009724,Economically inactive,483,363,120
S01009725,All people aged 16 and over,659,491,168
S01009725,Economically active: Total,238,177,61
S01009725,Economically active: Employee: Total,188,138,50
S01009725,Economically active: Employee: Part-time (1),127,95,32
S01009725,Economically active: Employee: Full-time (1),61,43,18
S01009725,Economically active: Self-employed: Total,19,17,2
S01009725,Economically active: Self-employed: Part-time (1),12,10,2
S01009725,Economically active: Self-employed: Full-time (1),7,7,0
S01009725,Economically active: Unemployed (1),31,22,9
S01009725,Economically inactive,421,314,107
S01009726,All people aged 16 and over,1026,621,405
S01009726,Economically active: Total,292,209,83
S01009726,Economically active: Employee: Total,175,127,48
S01009726,Economically active: Employee: Part-time (1),119,86,33
S01009726,Economically active: Employee: Full-time (1),56,41,15
S01009726,Economically active: Self-employed: Total,46,38,8
S01009726,Economically active: Self-employed: Part-time (1),17,12,5
S01009726,Economically active: Self-employed: Full-time (1),29,26,3
S01009726,Economically active: Unemployed (1),71,44,27
S01009726,Economically inactive,734,412,322
S01009727,All people aged 16 and over,675,582,93
S01009727,Economically active: Total,401,343,58
S01009727,Economically active: Employee: Total,302,254,48
S01009727,Economically active: Employee: Part-time (1),97,87,10
S01009727,Economically active: Employee: Full-time (1),205,167,38
S01009727,Economically active: Self-employed: Total,77,71,6
S01009727,Economically active: Self-employed: Part-time (1),24,23,1
S01009727,Economically active: Self-employed: Full-time (1),53,48,5
S01009727,Economically active: Unemployed (1),22,18,4
S01009727,Economically inactive,274,239,35
S01009728,All people aged 16 and over,640,557,83
S01009728,Economically active: Total,369,313,56
S01009728,Economically active: Employee: Total,308,259,49
S01009728,Economically active: Employee: Part-time (1),87,75,12
S01009728,Economically active: Employee: Full-time (1),221,184,37
S01009728,Economically active: Self-employed: Total,45,42,3
S01009728,Economically active: Self-employed: Part-time (1),14,13,1
S01009728,Economically active: Self-employed: Full-time (1),31,29,2
S01009728,Economically active: Unemployed (1),16,12,4
S01009728,Economically inactive,271,244,27
S01009729,All people aged 16 and over,554,490,64
S01009729,Economically active: Total,276,239,37
S01009729,Economically active: Employee: Total,232,200,32
S01009729,Economically active: Employee: Part-time (1),56,51,5
S01009729,Economically active: Employee: Full-time (1),176,149,27
S01009729,Economically active: Self-employed: Total,36,32,4
S01009729,Economically active: Self-employed: Part-time (1),14,12,2
S01009729,Economically active: Self-employed: Full-time (1),22,20,2
S01009729,Economically active: Unemployed (1),8,7,1
S01009729,Economically inactive,278,251,27
S01009730,All people aged 16 and over,510,432,78
S01009730,Economically active: Total,278,234,44
S01009730,Economically active: Employee: Total,231,190,41
S01009730,Economically active: Employee: Part-time (1),82,72,10
S01009730,Economically active: Employee: Full-time (1),149,118,31
S01009730,Economically active: Self-employed: Total,28,28,0
S01009730,Economically active: Self-employed: Part-time (1),7,7,0
S01009730,Economically active: Self-employed: Full-time (1),21,21,0
S01009730,Economically active: Unemployed (1),19,16,3
S01009730,Economically inactive,232,198,34
S01009731,All people aged 16 and over,530,453,77
S01009731,Economically active: Total,201,173,28
S01009731,Economically active: Employee: Total,150,128,22
S01009731,Economically active: Employee: Part-time (1),49,40,9
S01009731,Economically active: Employee: Full-time (1),101,88,13
S01009731,Economically active: Self-employed: Total,37,32,5
S01009731,Economically active: Self-employed: Part-time (1),13,11,2
S01009731,Economically active: Self-employed: Full-time (1),24,21,3
S01009731,Economically active: Unemployed (1),14,13,1
S01009731,Economically inactive,329,280,49
S01009732,All people aged 16 and over,745,561,184
S01009732,Economically active: Total,291,225,66
S01009732,Economically active: Employee: Total,217,166,51
S01009732,Economically active: Employee: Part-time (1),103,75,28
S01009732,Economically active: Employee: Full-time (1),114,91,23
S01009732,Economically active: Self-employed: Total,45,37,8
S01009732,Economically active: Self-employed: Part-time (1),15,12,3
S01009732,Economically active: Self-employed: Full-time (1),30,25,5
S01009732,Economically active: Unemployed (1),29,22,7
S01009732,Economically inactive,454,336,118
S01009733,All people aged 16 and over,421,384,37
S01009733,Economically active: Total,264,236,28
S01009733,Economically active: Employee: Total,206,183,23
S01009733,Economically active: Employee: Part-time (1),69,56,13
S01009733,Economically active: Employee: Full-time (1),137,127,10
S01009733,Economically active: Self-employed: Total,47,43,4
S01009733,Economically active: Self-employed: Part-time (1),15,15,0
S01009733,Economically active: Self-employed: Full-time (1),32,28,4
S01009733,Economically active: Unemployed (1),11,10,1
S01009733,Economically inactive,157,148,9
S01009734,All people aged 16 and over,734,639,95
S01009734,Economically active: Total,465,400,65
S01009734,Economically active: Employee: Total,368,307,61
S01009734,Economically active: Employee: Part-time (1),104,90,14
S01009734,Economically active: Employee: Full-time (1),264,217,47
S01009734,Economically active: Self-employed: Total,79,76,3
S01009734,Economically active: Self-employed: Part-time (1),19,17,2
S01009734,Economically active: Self-employed: Full-time (1),60,59,1
S01009734,Economically active: Unemployed (1),18,17,1
S01009734,Economically inactive,269,239,30
S01009735,All people aged 16 and over,1133,687,446
S01009735,Economically active: Total,359,266,93
S01009735,Economically active: Employee: Total,233,185,48
S01009735,Economically active: Employee: Part-time (1),81,56,25
S01009735,Economically active: Employee: Full-time (1),152,129,23
S01009735,Economically active: Self-employed: Total,75,64,11
S01009735,Economically active: Self-employed: Part-time (1),28,21,7
S01009735,Economically active: Self-employed: Full-time (1),47,43,4
S01009735,Economically active: Unemployed (1),51,17,34
S01009735,Economically inactive,774,421,353
S01009736,All people aged 16 and over,2635,1479,1156
S01009736,Economically active: Total,491,301,190
S01009736,Economically active: Employee: Total,263,178,85
S01009736,Economically active: Employee: Part-time (1),192,131,61
S01009736,Economically active: Employee: Full-time (1),71,47,24
S01009736,Economically active: Self-employed: Total,41,25,16
S01009736,Economically active: Self-employed: Part-time (1),23,12,11
S01009736,Economically active: Self-employed: Full-time (1),18,13,5
S01009736,Economically active: Unemployed (1),187,98,89
S01009736,Economically inactive,2144,1178,966
S01009737,All people aged 16 and over,636,607,29
S01009737,Economically active: Total,451,429,22
S01009737,Economically active: Employee: Total,391,374,17
S01009737,Economically active: Employee: Part-time (1),87,80,7
S01009737,Economically active: Employee: Full-time (1),304,294,10
S01009737,Economically active: Self-employed: Total,30,26,4
S01009737,Economically active: Self-employed: Part-time (1),14,10,4
S01009737,Economically active: Self-employed: Full-time (1),16,16,0
S01009737,Economically active: Unemployed (1),30,29,1
S01009737,Economically inactive,185,178,7
S01009738,All people aged 16 and over,371,345,26
S01009738,Economically active: Total,260,239,21
S01009738,Economically active: Employee: Total,214,199,15
S01009738,Economically active: Employee: Part-time (1),49,44,5
S01009738,Economically active: Employee: Full-time (1),165,155,10
S01009738,Economically active: Self-employed: Total,34,33,1
S01009738,Economically active: Self-employed: Part-time (1),10,10,0
S01009738,Economically active: Self-employed: Full-time (1),24,23,1
S01009738,Economically active: Unemployed (1),12,7,5
S01009738,Economically inactive,111,106,5
S01009739,All people aged 16 and over,572,527,45
S01009739,Economically active: Total,454,418,36
S01009739,Economically active: Employee: Total,400,367,33
S01009739,Economically active: Employee: Part-time (1),84,76,8
S01009739,Economically active: Employee: Full-time (1),316,291,25
S01009739,Economically active: Self-employed: Total,31,31,0
S01009739,Economically active: Self-employed: Part-time (1),8,8,0
S01009739,Economically active: Self-employed: Full-time (1),23,23,0
S01009739,Economically active: Unemployed (1),23,20,3
S01009739,Economically inactive,118,109,9
S01009740,All people aged 16 and over,447,408,39
S01009740,Economically active: Total,266,238,28
S01009740,Economically active: Employee: Total,226,203,23
S01009740,Economically active: Employee: Part-time (1),59,54,5
S01009740,Economically active: Employee: Full-time (1),167,149,18
S01009740,Economically active: Self-employed: Total,24,21,3
S01009740,Economically active: Self-employed: Part-time (1),9,8,1
S01009740,Economically active: Self-employed: Full-time (1),15,13,2
S01009740,Economically active: Unemployed (1),16,14,2
S01009740,Economically inactive,181,170,11
S01009741,All people aged 16 and over,704,667,37
S01009741,Economically active: Total,600,571,29
S01009741,Economically active: Employee: Total,570,544,26
S01009741,Economically active: Employee: Part-time (1),49,46,3
S01009741,Economically active: Employee: Full-time (1),521,498,23
S01009741,Economically active: Self-employed: Total,10,9,1
S01009741,Economically active: Self-employed: Part-time (1),6,5,1
S01009741,Economically active: Self-employed: Full-time (1),4,4,0
S01009741,Economically active: Unemployed (1),20,18,2
S01009741,Economically inactive,104,96,8
S01009742,All people aged 16 and over,418,393,25
S01009742,Economically active: Total,266,249,17
S01009742,Economically active: Employee: Total,203,189,14
S01009742,Economically active: Employee: Part-time (1),47,43,4
S01009742,Economically active: Employee: Full-time (1),156,146,10
S01009742,Economically active: Self-employed: Total,48,46,2
S01009742,Economically active: Self-employed: Part-time (1),8,8,0
S01009742,Economically active: Self-employed: Full-time (1),40,38,2
S01009742,Economically active: Unemployed (1),15,14,1
S01009742,Economically inactive,152,144,8
S01009743,All people aged 16 and over,795,752,43
S01009743,Economically active: Total,469,440,29
S01009743,Economically active: Employee: Total,372,349,23
S01009743,Economically active: Employee: Part-time (1),102,96,6
S01009743,Economically active: Employee: Full-time (1),270,253,17
S01009743,Economically active: Self-employed: Total,77,72,5
S01009743,Economically active: Self-employed: Part-time (1),26,24,2
S01009743,Economically active: Self-employed: Full-time (1),51,48,3
S01009743,Economically active: Unemployed (1),20,19,1
S01009743,Economically inactive,326,312,14
S01009744,All people aged 16 and over,594,570,24
S01009744,Economically active: Total,362,349,13
S01009744,Economically active: Employee: Total,292,281,11
S01009744,Economically active: Employee: Part-time (1),80,80,0
S01009744,Economically active: Employee: Full-time (1),212,201,11
S01009744,Economically active: Self-employed: Total,58,56,2
S01009744,Economically active: Self-employed: Part-time (1),18,18,0
S01009744,Economically active: Self-employed: Full-time (1),40,38,2
S01009744,Economically active: Unemployed (1),12,12,0
S01009744,Economically inactive,232,221,11
S01009745,All people aged 16 and over,871,824,47
S01009745,Economically active: Total,566,531,35
S01009745,Economically active: Employee: Total,489,460,29
S01009745,Economically active: Employee: Part-time (1),146,133,13
S01009745,Economically active: Employee: Full-time (1),343,327,16
S01009745,Economically active: Self-employed: Total,60,55,5
S01009745,Economically active: Self-employed: Part-time (1),20,20,0
S01009745,Economically active: Self-employed: Full-time (1),40,35,5
S01009745,Economically active: Unemployed (1),17,16,1
S01009745,Economically inactive,305,293,12
S01009746,All people aged 16 and over,457,431,26
S01009746,Economically active: Total,305,286,19
S01009746,Economically active: Employee: Total,209,194,15
S01009746,Economically active: Employee: Part-time (1),54,52,2
S01009746,Economically active: Employee: Full-time (1),155,142,13
S01009746,Economically active: Self-employed: Total,85,82,3
S01009746,Economically active: Self-employed: Part-time (1),27,25,2
S01009746,Economically active: Self-employed: Full-time (1),58,57,1
S01009746,Economically active: Unemployed (1),11,10,1
S01009746,Economically inactive,152,145,7
S01009747,All people aged 16 and over,558,511,47
S01009747,Economically active: Total,360,327,33
S01009747,Economically active: Employee: Total,305,277,28
S01009747,Economically active: Employee: Part-time (1),72,65,7
S01009747,Economically active: Employee: Full-time (1),233,212,21
S01009747,Economically active: Self-employed: Total,33,30,3
S01009747,Economically active: Self-employed: Part-time (1),11,11,0
S01009747,Economically active: Self-employed: Full-time (1),22,19,3
S01009747,Economically active: Unemployed (1),22,20,2
S01009747,Economically inactive,198,184,14
S01009748,All people aged 16 and over,588,539,49
S01009748,Economically active: Total,365,329,36
S01009748,Economically active: Employee: Total,316,285,31
S01009748,Economically active: Employee: Part-time (1),97,86,11
S01009748,Economically active: Employee: Full-time (1),219,199,20
S01009748,Economically active: Self-employed: Total,31,28,3
S01009748,Economically active: Self-employed: Part-time (1),9,8,1
S01009748,Economically active: Self-employed: Full-time (1),22,20,2
S01009748,Economically active: Unemployed (1),18,16,2
S01009748,Economically inactive,223,210,13
S01009749,All people aged 16 and over,815,777,38
S01009749,Economically active: Total,512,483,29
S01009749,Economically active: Employee: Total,429,403,26
S01009749,Economically active: Employee: Part-time (1),121,112,9
S01009749,Economically active: Employee: Full-time (1),308,291,17
S01009749,Economically active: Self-employed: Total,54,52,2
S01009749,Economically active: Self-employed: Part-time (1),23,21,2
S01009749,Economically active: Self-employed: Full-time (1),31,31,0
S01009749,Economically active: Unemployed (1),29,28,1
S01009749,Economically inactive,303,294,9
S01009750,All people aged 16 and over,560,526,34
S01009750,Economically active: Total,354,331,23
S01009750,Economically active: Employee: Total,299,281,18
S01009750,Economically active: Employee: Part-time (1),85,80,5
S01009750,Economically active: Employee: Full-time (1),214,201,13
S01009750,Economically active: Self-employed: Total,31,27,4
S01009750,Economically active: Self-employed: Part-time (1),9,9,0
S01009750,Economically active: Self-employed: Full-time (1),22,18,4
S01009750,Economically active: Unemployed (1),24,23,1
S01009750,Economically inactive,206,195,11
S01009751,All people aged 16 and over,680,650,30
S01009751,Economically active: Total,455,431,24
S01009751,Economically active: Employee: Total,389,372,17
S01009751,Economically active: Employee: Part-time (1),108,108,0
S01009751,Economically active: Employee: Full-time (1),281,264,17
S01009751,Economically active: Self-employed: Total,33,29,4
S01009751,Economically active: Self-employed: Part-time (1),13,12,1
S01009751,Economically active: Self-employed: Full-time (1),20,17,3
S01009751,Economically active: Unemployed (1),33,30,3
S01009751,Economically inactive,225,219,6
S01009752,All people aged 16 and over,495,450,45
S01009752,Economically active: Total,316,282,34
S01009752,Economically active: Employee: Total,254,225,29
S01009752,Economically active: Employee: Part-time (1),73,67,6
S01009752,Economically active: Employee: Full-time (1),181,158,23
S01009752,Economically active: Self-employed: Total,43,39,4
S01009752,Economically active: Self-employed: Part-time (1),14,13,1
S01009752,Economically active: Self-employed: Full-time (1),29,26,3
S01009752,Economically active: Unemployed (1),19,18,1
S01009752,Economically inactive,179,168,11
S01009753,All people aged 16 and over,602,557,45
S01009753,Economically active: Total,313,281,32
S01009753,Economically active: Employee: Total,242,222,20
S01009753,Economically active: Employee: Part-time (1),59,54,5
S01009753,Economically active: Employee: Full-time (1),183,168,15
S01009753,Economically active: Self-employed: Total,55,48,7
S01009753,Economically active: Self-employed: Part-time (1),23,22,1
S01009753,Economically active: Self-employed: Full-time (1),32,26,6
S01009753,Economically active: Unemployed (1),16,11,5
S01009753,Economically inactive,289,276,13
S01009754,All people aged 16 and over,720,671,49
S01009754,Economically active: Total,403,370,33
S01009754,Economically active: Employee: Total,324,301,23
S01009754,Economically active: Employee: Part-time (1),79,77,2
S01009754,Economically active: Employee: Full-time (1),245,224,21
S01009754,Economically active: Self-employed: Total,50,45,5
S01009754,Economically active: Self-employed: Part-time (1),12,11,1
S01009754,Economically active: Self-employed: Full-time (1),38,34,4
S01009754,Economically active: Unemployed (1),29,24,5
S01009754,Economically inactive,317,301,16
S01009755,All people aged 16 and over,547,503,44
S01009755,Economically active: Total,354,325,29
S01009755,Economically active: Employee: Total,277,253,24
S01009755,Economically active: Employee: Part-time (1),70,67,3
S01009755,Economically active: Employee: Full-time (1),207,186,21
S01009755,Economically active: Self-employed: Total,57,55,2
S01009755,Economically active: Self-employed: Part-time (1),16,16,0
S01009755,Economically active: Self-employed: Full-time (1),41,39,2
S01009755,Economically active: Unemployed (1),20,17,3
S01009755,Economically inactive,193,178,15
S01009756,All people aged 16 and over,622,581,41
S01009756,Economically active: Total,382,354,28
S01009756,Economically active: Employee: Total,311,288,23
S01009756,Economically active: Employee: Part-time (1),73,69,4
S01009756,Economically active: Employee: Full-time (1),238,219,19
S01009756,Economically active: Self-employed: Total,48,45,3
S01009756,Economically active: Self-employed: Part-time (1),17,16,1
S01009756,Economically active: Self-employed: Full-time (1),31,29,2
S01009756,Economically active: Unemployed (1),23,21,2
S01009756,Economically inactive,240,227,13
S01009757,All people aged 16 and over,539,497,42
S01009757,Economically active: Total,329,300,29
S01009757,Economically active: Employee: Total,256,231,25
S01009757,Economically active: Employee: Part-time (1),65,59,6
S01009757,Economically active: Employee: Full-time (1),191,172,19
S01009757,Economically active: Self-employed: Total,59,56,3
S01009757,Economically active: Self-employed: Part-time (1),18,17,1
S01009757,Economically active: Self-employed: Full-time (1),41,39,2
S01009757,Economically active: Unemployed (1),14,13,1
S01009757,Economically inactive,210,197,13
S01009758,All people aged 16 and over,514,487,27
S01009758,Economically active: Total,354,339,15
S01009758,Economically active: Employee: Total,301,292,9
S01009758,Economically active: Employee: Part-time (1),72,70,2
S01009758,Economically active: Employee: Full-time (1),229,222,7
S01009758,Economically active: Self-employed: Total,32,29,3
S01009758,Economically active: Self-employed: Part-time (1),5,5,0
S01009758,Economically active: Self-employed: Full-time (1),27,24,3
S01009758,Economically active: Unemployed (1),21,18,3
S01009758,Economically inactive,160,148,12
S01009759,All people aged 16 and over,683,465,218
S01009759,Economically active: Total,406,250,156
S01009759,Economically active: Employee: Total,302,173,129
S01009759,Economically active: Employee: Part-time (1),127,76,51
S01009759,Economically active: Employee: Full-time (1),175,97,78
S01009759,Economically active: Self-employed: Total,21,10,11
S01009759,Economically active: Self-employed: Part-time (1),5,0,5
S01009759,Economically active: Self-employed: Full-time (1),16,10,6
S01009759,Economically active: Unemployed (1),83,67,16
S01009759,Economically inactive,277,215,62
S01009760,All people aged 16 and over,682,574,108
S01009760,Economically active: Total,382,302,80
S01009760,Economically active: Employee: Total,293,236,57
S01009760,Economically active: Employee: Part-time (1),113,89,24
S01009760,Economically active: Employee: Full-time (1),180,147,33
S01009760,Economically active: Self-employed: Total,28,18,10
S01009760,Economically active: Self-employed: Part-time (1),9,5,4
S01009760,Economically active: Self-employed: Full-time (1),19,13,6
S01009760,Economically active: Unemployed (1),61,48,13
S01009760,Economically inactive,300,272,28
S01009761,All people aged 16 and over,741,679,62
S01009761,Economically active: Total,506,474,32
S01009761,Economically active: Employee: Total,427,402,25
S01009761,Economically active: Employee: Part-time (1),119,107,12
S01009761,Economically active: Employee: Full-time (1),308,295,13
S01009761,Economically active: Self-employed: Total,39,33,6
S01009761,Economically active: Self-employed: Part-time (1),5,4,1
S01009761,Economically active: Self-employed: Full-time (1),34,29,5
S01009761,Economically active: Unemployed (1),40,39,1
S01009761,Economically inactive,235,205,30
S01009762,All people aged 16 and over,734,563,171
S01009762,Economically active: Total,434,299,135
S01009762,Economically active: Employee: Total,334,234,100
S01009762,Economically active: Employee: Part-time (1),113,81,32
S01009762,Economically active: Employee: Full-time (1),221,153,68
S01009762,Economically active: Self-employed: Total,16,8,8
S01009762,Economically active: Self-employed: Part-time (1),9,5,4
S01009762,Economically active: Self-employed: Full-time (1),7,3,4
S01009762,Economically active: Unemployed (1),84,57,27
S01009762,Economically inactive,300,264,36
S01009763,All people aged 16 and over,587,516,71
S01009763,Economically active: Total,436,397,39
S01009763,Economically active: Employee: Total,332,309,23
S01009763,Economically active: Employee: Part-time (1),100,91,9
S01009763,Economically active: Employee: Full-time (1),232,218,14
S01009763,Economically active: Self-employed: Total,88,72,16
S01009763,Economically active: Self-employed: Part-time (1),22,16,6
S01009763,Economically active: Self-employed: Full-time (1),66,56,10
S01009763,Economically active: Unemployed (1),16,16,0
S01009763,Economically inactive,151,119,32
S01009764,All people aged 16 and over,499,451,48
S01009764,Economically active: Total,336,304,32
S01009764,Economically active: Employee: Total,256,233,23
S01009764,Economically active: Employee: Part-time (1),85,77,8
S01009764,Economically active: Employee: Full-time (1),171,156,15
S01009764,Economically active: Self-employed: Total,20,17,3
S01009764,Economically active: Self-employed: Part-time (1),8,7,1
S01009764,Economically active: Self-employed: Full-time (1),12,10,2
S01009764,Economically active: Unemployed (1),60,54,6
S01009764,Economically inactive,163,147,16
S01009765,All people aged 16 and over,767,673,94
S01009765,Economically active: Total,488,427,61
S01009765,Economically active: Employee: Total,394,357,37
S01009765,Economically active: Employee: Part-time (1),120,99,21
S01009765,Economically active: Employee: Full-time (1),274,258,16
S01009765,Economically active: Self-employed: Total,48,31,17
S01009765,Economically active: Self-employed: Part-time (1),12,7,5
S01009765,Economically active: Self-employed: Full-time (1),36,24,12
S01009765,Economically active: Unemployed (1),46,39,7
S01009765,Economically inactive,279,246,33
S01009766,All people aged 16 and over,458,432,26
S01009766,Economically active: Total,353,339,14
S01009766,Economically active: Employee: Total,318,308,10
S01009766,Economically active: Employee: Part-time (1),89,87,2
S01009766,Economically active: Employee: Full-time (1),229,221,8
S01009766,Economically active: Self-employed: Total,20,16,4
S01009766,Economically active: Self-employed: Part-time (1),6,4,2
S01009766,Economically active: Self-employed: Full-time (1),14,12,2
S01009766,Economically active: Unemployed (1),15,15,0
S01009766,Economically inactive,105,93,12
S01009767,All people aged 16 and over,470,451,19
S01009767,Economically active: Total,242,233,9
S01009767,Economically active: Employee: Total,187,180,7
S01009767,Economically active: Employee: Part-time (1),57,54,3
S01009767,Economically active: Employee: Full-time (1),130,126,4
S01009767,Economically active: Self-employed: Total,12,11,1
S01009767,Economically active: Self-employed: Part-time (1),2,2,0
S01009767,Economically active: Self-employed: Full-time (1),10,9,1
S01009767,Economically active: Unemployed (1),43,42,1
S01009767,Economically inactive,228,218,10
S01009768,All people aged 16 and over,465,427,38
S01009768,Economically active: Total,337,305,32
S01009768,Economically active: Employee: Total,257,238,19
S01009768,Economically active: Employee: Part-time (1),89,83,6
S01009768,Economically active: Employee: Full-time (1),168,155,13
S01009768,Economically active: Self-employed: Total,37,27,10
S01009768,Economically active: Self-employed: Part-time (1),13,8,5
S01009768,Economically active: Self-employed: Full-time (1),24,19,5
S01009768,Economically active: Unemployed (1),43,40,3
S01009768,Economically inactive,128,122,6
S01009769,All people aged 16 and over,567,508,59
S01009769,Economically active: Total,399,352,47
S01009769,Economically active: Employee: Total,335,302,33
S01009769,Economically active: Employee: Part-time (1),76,63,13
S01009769,Economically active: Employee: Full-time (1),259,239,20
S01009769,Economically active: Self-employed: Total,39,32,7
S01009769,Economically active: Self-employed: Part-time (1),10,9,1
S01009769,Economically active: Self-employed: Full-time (1),29,23,6
S01009769,Economically active: Unemployed (1),25,18,7
S01009769,Economically inactive,168,156,12
S01009770,All people aged 16 and over,562,453,109
S01009770,Economically active: Total,375,318,57
S01009770,Economically active: Employee: Total,313,279,34
S01009770,Economically active: Employee: Part-time (1),108,95,13
S01009770,Economically active: Employee: Full-time (1),205,184,21
S01009770,Economically active: Self-employed: Total,40,25,15
S01009770,Economically active: Self-employed: Part-time (1),9,7,2
S01009770,Economically active: Self-employed: Full-time (1),31,18,13
S01009770,Economically active: Unemployed (1),22,14,8
S01009770,Economically inactive,187,135,52
S01009771,All people aged 16 and over,671,526,145
S01009771,Economically active: Total,476,392,84
S01009771,Economically active: Employee: Total,376,323,53
S01009771,Economically active: Employee: Part-time (1),95,75,20
S01009771,Economically active: Employee: Full-time (1),281,248,33
S01009771,Economically active: Self-employed: Total,66,44,22
S01009771,Economically active: Self-employed: Part-time (1),20,11,9
S01009771,Economically active: Self-employed: Full-time (1),46,33,13
S01009771,Economically active: Unemployed (1),34,25,9
S01009771,Economically inactive,195,134,61
S01009772,All people aged 16 and over,503,469,34
S01009772,Economically active: Total,384,360,24
S01009772,Economically active: Employee: Total,323,310,13
S01009772,Economically active: Employee: Part-time (1),76,74,2
S01009772,Economically active: Employee: Full-time (1),247,236,11
S01009772,Economically active: Self-employed: Total,32,26,6
S01009772,Economically active: Self-employed: Part-time (1),10,8,2
S01009772,Economically active: Self-employed: Full-time (1),22,18,4
S01009772,Economically active: Unemployed (1),29,24,5
S01009772,Economically inactive,119,109,10
S01009773,All people aged 16 and over,421,281,140
S01009773,Economically active: Total,300,217,83
S01009773,Economically active: Employee: Total,229,170,59
S01009773,Economically active: Employee: Part-time (1),76,55,21
S01009773,Economically active: Employee: Full-time (1),153,115,38
S01009773,Economically active: Self-employed: Total,52,31,21
S01009773,Economically active: Self-employed: Part-time (1),14,7,7
S01009773,Economically active: Self-employed: Full-time (1),38,24,14
S01009773,Economically active: Unemployed (1),19,16,3
S01009773,Economically inactive,121,64,57
S01009774,All people aged 16 and over,355,259,96
S01009774,Economically active: Total,276,212,64
S01009774,Economically active: Employee: Total,224,179,45
S01009774,Economically active: Employee: Part-time (1),69,50,19
S01009774,Economically active: Employee: Full-time (1),155,129,26
S01009774,Economically active: Self-employed: Total,40,24,16
S01009774,Economically active: Self-employed: Part-time (1),10,5,5
S01009774,Economically active: Self-employed: Full-time (1),30,19,11
S01009774,Economically active: Unemployed (1),12,9,3
S01009774,Economically inactive,79,47,32
S01009775,All people aged 16 and over,682,642,40
S01009775,Economically active: Total,329,316,13
S01009775,Economically active: Employee: Total,265,253,12
S01009775,Economically active: Employee: Part-time (1),109,104,5
S01009775,Economically active: Employee: Full-time (1),156,149,7
S01009775,Economically active: Self-employed: Total,12,12,0
S01009775,Economically active: Self-employed: Part-time (1),2,2,0
S01009775,Economically active: Self-employed: Full-time (1),10,10,0
S01009775,Economically active: Unemployed (1),52,51,1
S01009775,Economically inactive,353,326,27
S01009776,All people aged 16 and over,529,510,19
S01009776,Economically active: Total,275,265,10
S01009776,Economically active: Employee: Total,198,191,7
S01009776,Economically active: Employee: Part-time (1),88,86,2
S01009776,Economically active: Employee: Full-time (1),110,105,5
S01009776,Economically active: Self-employed: Total,9,8,1
S01009776,Economically active: Self-employed: Part-time (1),1,1,0
S01009776,Economically active: Self-employed: Full-time (1),8,7,1
S01009776,Economically active: Unemployed (1),68,66,2
S01009776,Economically inactive,254,245,9
S01009777,All people aged 16 and over,387,350,37
S01009777,Economically active: Total,246,223,23
S01009777,Economically active: Employee: Total,207,186,21
S01009777,Economically active: Employee: Part-time (1),52,44,8
S01009777,Economically active: Employee: Full-time (1),155,142,13
S01009777,Economically active: Self-employed: Total,12,11,1
S01009777,Economically active: Self-employed: Part-time (1),3,3,0
S01009777,Economically active: Self-employed: Full-time (1),9,8,1
S01009777,Economically active: Unemployed (1),27,26,1
S01009777,Economically inactive,141,127,14
S01009778,All people aged 16 and over,711,675,36
S01009778,Economically active: Total,286,271,15
S01009778,Economically active: Employee: Total,231,221,10
S01009778,Economically active: Employee: Part-time (1),73,67,6
S01009778,Economically active: Employee: Full-time (1),158,154,4
S01009778,Economically active: Self-employed: Total,17,15,2
S01009778,Economically active: Self-employed: Part-time (1),7,5,2
S01009778,Economically active: Self-employed: Full-time (1),10,10,0
S01009778,Economically active: Unemployed (1),38,35,3
S01009778,Economically inactive,425,404,21
S01009779,All people aged 16 and over,449,425,24
S01009779,Economically active: Total,213,205,8
S01009779,Economically active: Employee: Total,159,155,4
S01009779,Economically active: Employee: Part-time (1),64,63,1
S01009779,Economically active: Employee: Full-time (1),95,92,3
S01009779,Economically active: Self-employed: Total,11,8,3
S01009779,Economically active: Self-employed: Part-time (1),4,3,1
S01009779,Economically active: Self-employed: Full-time (1),7,5,2
S01009779,Economically active: Unemployed (1),43,42,1
S01009779,Economically inactive,236,220,16
S01009780,All people aged 16 and over,445,393,52
S01009780,Economically active: Total,273,241,32
S01009780,Economically active: Employee: Total,193,171,22
S01009780,Economically active: Employee: Part-time (1),91,82,9
S01009780,Economically active: Employee: Full-time (1),102,89,13
S01009780,Economically active: Self-employed: Total,10,8,2
S01009780,Economically active: Self-employed: Part-time (1),5,4,1
S01009780,Economically active: Self-employed: Full-time (1),5,4,1
S01009780,Economically active: Unemployed (1),70,62,8
S01009780,Economically inactive,172,152,20
S01009781,All people aged 16 and over,426,413,13
S01009781,Economically active: Total,228,218,10
S01009781,Economically active: Employee: Total,192,182,10
S01009781,Economically active: Employee: Part-time (1),73,69,4
S01009781,Economically active: Employee: Full-time (1),119,113,6
S01009781,Economically active: Self-employed: Total,7,7,0
S01009781,Economically active: Self-employed: Part-time (1),4,4,0
S01009781,Economically active: Self-employed: Full-time (1),3,3,0
S01009781,Economically active: Unemployed (1),29,29,0
S01009781,Economically inactive,198,195,3
S01009782,All people aged 16 and over,396,347,49
S01009782,Economically active: Total,294,252,42
S01009782,Economically active: Employee: Total,231,197,34
S01009782,Economically active: Employee: Part-time (1),61,53,8
S01009782,Economically active: Employee: Full-time (1),170,144,26
S01009782,Economically active: Self-employed: Total,31,25,6
S01009782,Economically active: Self-employed: Part-time (1),6,5,1
S01009782,Economically active: Self-employed: Full-time (1),25,20,5
S01009782,Economically active: Unemployed (1),32,30,2
S01009782,Economically inactive,102,95,7
S01009783,All people aged 16 and over,566,544,22
S01009783,Economically active: Total,352,336,16
S01009783,Economically active: Employee: Total,292,277,15
S01009783,Economically active: Employee: Part-time (1),107,99,8
S01009783,Economically active: Employee: Full-time (1),185,178,7
S01009783,Economically active: Self-employed: Total,15,14,1
S01009783,Economically active: Self-employed: Part-time (1),6,6,0
S01009783,Economically active: Self-employed: Full-time (1),9,8,1
S01009783,Economically active: Unemployed (1),45,45,0
S01009783,Economically inactive,214,208,6
S01009784,All people aged 16 and over,591,563,28
S01009784,Economically active: Total,309,298,11
S01009784,Economically active: Employee: Total,240,230,10
S01009784,Economically active: Employee: Part-time (1),92,87,5
S01009784,Economically active: Employee: Full-time (1),148,143,5
S01009784,Economically active: Self-employed: Total,11,11,0
S01009784,Economically active: Self-employed: Part-time (1),3,3,0
S01009784,Economically active: Self-employed: Full-time (1),8,8,0
S01009784,Economically active: Unemployed (1),58,57,1
S01009784,Economically inactive,282,265,17
S01009785,All people aged 16 and over,652,622,30
S01009785,Economically active: Total,342,329,13
S01009785,Economically active: Employee: Total,264,253,11
S01009785,Economically active: Employee: Part-time (1),91,88,3
S01009785,Economically active: Employee: Full-time (1),173,165,8
S01009785,Economically active: Self-employed: Total,23,22,1
S01009785,Economically active: Self-employed: Part-time (1),9,8,1
S01009785,Economically active: Self-employed: Full-time (1),14,14,0
S01009785,Economically active: Unemployed (1),55,54,1
S01009785,Economically inactive,310,293,17
S01009786,All people aged 16 and over,746,712,34
S01009786,Economically active: Total,398,379,19
S01009786,Economically active: Employee: Total,299,282,17
S01009786,Economically active: Employee: Part-time (1),114,107,7
S01009786,Economically active: Employee: Full-time (1),185,175,10
S01009786,Economically active: Self-employed: Total,18,18,0
S01009786,Economically active: Self-employed: Part-time (1),8,8,0
S01009786,Economically active: Self-employed: Full-time (1),10,10,0
S01009786,Economically active: Unemployed (1),81,79,2
S01009786,Economically inactive,348,333,15
S01009787,All people aged 16 and over,700,687,13
S01009787,Economically active: Total,385,381,4
S01009787,Economically active: Employee: Total,290,289,1
S01009787,Economically active: Employee: Part-time (1),116,116,0
S01009787,Economically active: Employee: Full-time (1),174,173,1
S01009787,Economically active: Self-employed: Total,18,16,2
S01009787,Economically active: Self-employed: Part-time (1),3,3,0
S01009787,Economically active: Self-employed: Full-time (1),15,13,2
S01009787,Economically active: Unemployed (1),77,76,1
S01009787,Economically inactive,315,306,9
S01009788,All people aged 16 and over,717,699,18
S01009788,Economically active: Total,369,357,12
S01009788,Economically active: Employee: Total,306,297,9
S01009788,Economically active: Employee: Part-time (1),102,98,4
S01009788,Economically active: Employee: Full-time (1),204,199,5
S01009788,Economically active: Self-employed: Total,29,28,1
S01009788,Economically active: Self-employed: Part-time (1),4,4,0
S01009788,Economically active: Self-employed: Full-time (1),25,24,1
S01009788,Economically active: Unemployed (1),34,32,2
S01009788,Economically inactive,348,342,6
S01009789,All people aged 16 and over,748,710,38
S01009789,Economically active: Total,386,365,21
S01009789,Economically active: Employee: Total,326,306,20
S01009789,Economically active: Employee: Part-time (1),111,105,6
S01009789,Economically active: Employee: Full-time (1),215,201,14
S01009789,Economically active: Self-employed: Total,22,21,1
S01009789,Economically active: Self-employed: Part-time (1),5,5,0
S01009789,Economically active: Self-employed: Full-time (1),17,16,1
S01009789,Economically active: Unemployed (1),38,38,0
S01009789,Economically inactive,362,345,17
S01009790,All people aged 16 and over,519,498,21
S01009790,Economically active: Total,315,303,12
S01009790,Economically active: Employee: Total,272,261,11
S01009790,Economically active: Employee: Part-time (1),83,79,4
S01009790,Economically active: Employee: Full-time (1),189,182,7
S01009790,Economically active: Self-employed: Total,13,13,0
S01009790,Economically active: Self-employed: Part-time (1),5,5,0
S01009790,Economically active: Self-employed: Full-time (1),8,8,0
S01009790,Economically active: Unemployed (1),30,29,1
S01009790,Economically inactive,204,195,9
S01009791,All people aged 16 and over,531,507,24
S01009791,Economically active: Total,284,271,13
S01009791,Economically active: Employee: Total,201,192,9
S01009791,Economically active: Employee: Part-time (1),68,64,4
S01009791,Economically active: Employee: Full-time (1),133,128,5
S01009791,Economically active: Self-employed: Total,27,23,4
S01009791,Economically active: Self-employed: Part-time (1),13,9,4
S01009791,Economically active: Self-employed: Full-time (1),14,14,0
S01009791,Economically active: Unemployed (1),56,56,0
S01009791,Economically inactive,247,236,11
S01009792,All people aged 16 and over,718,607,111
S01009792,Economically active: Total,556,496,60
S01009792,Economically active: Employee: Total,469,434,35
S01009792,Economically active: Employee: Part-time (1),118,106,12
S01009792,Economically active: Employee: Full-time (1),351,328,23
S01009792,Economically active: Self-employed: Total,58,40,18
S01009792,Economically active: Self-employed: Part-time (1),8,4,4
S01009792,Economically active: Self-employed: Full-time (1),50,36,14
S01009792,Economically active: Unemployed (1),29,22,7
S01009792,Economically inactive,162,111,51
S01009793,All people aged 16 and over,761,715,46
S01009793,Economically active: Total,471,449,22
S01009793,Economically active: Employee: Total,400,380,20
S01009793,Economically active: Employee: Part-time (1),102,95,7
S01009793,Economically active: Employee: Full-time (1),298,285,13
S01009793,Economically active: Self-employed: Total,44,42,2
S01009793,Economically active: Self-employed: Part-time (1),16,16,0
S01009793,Economically active: Self-employed: Full-time (1),28,26,2
S01009793,Economically active: Unemployed (1),27,27,0
S01009793,Economically inactive,290,266,24
S01009794,All people aged 16 and over,399,375,24
S01009794,Economically active: Total,346,330,16
S01009794,Economically active: Employee: Total,314,301,13
S01009794,Economically active: Employee: Part-time (1),70,69,1
S01009794,Economically active: Employee: Full-time (1),244,232,12
S01009794,Economically active: Self-employed: Total,24,22,2
S01009794,Economically active: Self-employed: Part-time (1),5,5,0
S01009794,Economically active: Self-employed: Full-time (1),19,17,2
S01009794,Economically active: Unemployed (1),8,7,1
S01009794,Economically inactive,53,45,8
S01009795,All people aged 16 and over,645,612,33
S01009795,Economically active: Total,523,503,20
S01009795,Economically active: Employee: Total,444,427,17
S01009795,Economically active: Employee: Part-time (1),132,126,6
S01009795,Economically active: Employee: Full-time (1),312,301,11
S01009795,Economically active: Self-employed: Total,54,52,2
S01009795,Economically active: Self-employed: Part-time (1),5,5,0
S01009795,Economically active: Self-employed: Full-time (1),49,47,2
S01009795,Economically active: Unemployed (1),25,24,1
S01009795,Economically inactive,122,109,13
S01009796,All people aged 16 and over,623,558,65
S01009796,Economically active: Total,413,368,45
S01009796,Economically active: Employee: Total,353,325,28
S01009796,Economically active: Employee: Part-time (1),99,90,9
S01009796,Economically active: Employee: Full-time (1),254,235,19
S01009796,Economically active: Self-employed: Total,46,36,10
S01009796,Economically active: Self-employed: Part-time (1),11,8,3
S01009796,Economically active: Self-employed: Full-time (1),35,28,7
S01009796,Economically active: Unemployed (1),14,7,7
S01009796,Economically inactive,210,190,20
S01009797,All people aged 16 and over,630,562,68
S01009797,Economically active: Total,460,416,44
S01009797,Economically active: Employee: Total,387,359,28
S01009797,Economically active: Employee: Part-time (1),100,90,10
S01009797,Economically active: Employee: Full-time (1),287,269,18
S01009797,Economically active: Self-employed: Total,43,30,13
S01009797,Economically active: Self-employed: Part-time (1),12,8,4
S01009797,Economically active: Self-employed: Full-time (1),31,22,9
S01009797,Economically active: Unemployed (1),30,27,3
S01009797,Economically inactive,170,146,24
S01009798,All people aged 16 and over,555,531,24
S01009798,Economically active: Total,440,424,16
S01009798,Economically active: Employee: Total,371,356,15
S01009798,Economically active: Employee: Part-time (1),99,97,2
S01009798,Economically active: Employee: Full-time (1),272,259,13
S01009798,Economically active: Self-employed: Total,50,49,1
S01009798,Economically active: Self-employed: Part-time (1),15,14,1
S01009798,Economically active: Self-employed: Full-time (1),35,35,0
S01009798,Economically active: Unemployed (1),19,19,0
S01009798,Economically inactive,115,107,8
S01009799,All people aged 16 and over,676,642,34
S01009799,Economically active: Total,361,335,26
S01009799,Economically active: Employee: Total,283,264,19
S01009799,Economically active: Employee: Part-time (1),115,106,9
S01009799,Economically active: Employee: Full-time (1),168,158,10
S01009799,Economically active: Self-employed: Total,12,9,3
S01009799,Economically active: Self-employed: Part-time (1),3,1,2
S01009799,Economically active: Self-employed: Full-time (1),9,8,1
S01009799,Economically active: Unemployed (1),66,62,4
S01009799,Economically inactive,315,307,8
S01009800,All people aged 16 and over,846,810,36
S01009800,Economically active: Total,532,504,28
S01009800,Economically active: Employee: Total,434,408,26
S01009800,Economically active: Employee: Part-time (1),154,146,8
S01009800,Economically active: Employee: Full-time (1),280,262,18
S01009800,Economically active: Self-employed: Total,32,32,0
S01009800,Economically active: Self-employed: Part-time (1),9,9,0
S01009800,Economically active: Self-employed: Full-time (1),23,23,0
S01009800,Economically active: Unemployed (1),66,64,2
S01009800,Economically inactive,314,306,8
S01009801,All people aged 16 and over,698,665,33
S01009801,Economically active: Total,393,380,13
S01009801,Economically active: Employee: Total,306,297,9
S01009801,Economically active: Employee: Part-time (1),114,111,3
S01009801,Economically active: Employee: Full-time (1),192,186,6
S01009801,Economically active: Self-employed: Total,15,13,2
S01009801,Economically active: Self-employed: Part-time (1),4,3,1
S01009801,Economically active: Self-employed: Full-time (1),11,10,1
S01009801,Economically active: Unemployed (1),72,70,2
S01009801,Economically inactive,305,285,20
S01009802,All people aged 16 and over,772,724,48
S01009802,Economically active: Total,499,467,32
S01009802,Economically active: Employee: Total,422,395,27
S01009802,Economically active: Employee: Part-time (1),120,110,10
S01009802,Economically active: Employee: Full-time (1),302,285,17
S01009802,Economically active: Self-employed: Total,28,26,2
S01009802,Economically active: Self-employed: Part-time (1),11,10,1
S01009802,Economically active: Self-employed: Full-time (1),17,16,1
S01009802,Economically active: Unemployed (1),49,46,3
S01009802,Economically inactive,273,257,16
S01009803,All people aged 16 and over,636,594,42
S01009803,Economically active: Total,334,315,19
S01009803,Economically active: Employee: Total,261,244,17
S01009803,Economically active: Employee: Part-time (1),70,67,3
S01009803,Economically active: Employee: Full-time (1),191,177,14
S01009803,Economically active: Self-employed: Total,23,23,0
S01009803,Economically active: Self-employed: Part-time (1),6,6,0
S01009803,Economically active: Self-employed: Full-time (1),17,17,0
S01009803,Economically active: Unemployed (1),50,48,2
S01009803,Economically inactive,302,279,23
S01009804,All people aged 16 and over,456,428,28
S01009804,Economically active: Total,281,269,12
S01009804,Economically active: Employee: Total,246,235,11
S01009804,Economically active: Employee: Part-time (1),52,46,6
S01009804,Economically active: Employee: Full-time (1),194,189,5
S01009804,Economically active: Self-employed: Total,23,22,1
S01009804,Economically active: Self-employed: Part-time (1),8,7,1
S01009804,Economically active: Self-employed: Full-time (1),15,15,0
S01009804,Economically active: Unemployed (1),12,12,0
S01009804,Economically inactive,175,159,16
S01009805,All people aged 16 and over,743,693,50
S01009805,Economically active: Total,422,393,29
S01009805,Economically active: Employee: Total,347,320,27
S01009805,Economically active: Employee: Part-time (1),105,93,12
S01009805,Economically active: Employee: Full-time (1),242,227,15
S01009805,Economically active: Self-employed: Total,18,16,2
S01009805,Economically active: Self-employed: Part-time (1),3,3,0
S01009805,Economically active: Self-employed: Full-time (1),15,13,2
S01009805,Economically active: Unemployed (1),57,57,0
S01009805,Economically inactive,321,300,21
S01009806,All people aged 16 and over,786,724,62
S01009806,Economically active: Total,396,356,40
S01009806,Economically active: Employee: Total,332,296,36
S01009806,Economically active: Employee: Part-time (1),105,93,12
S01009806,Economically active: Employee: Full-time (1),227,203,24
S01009806,Economically active: Self-employed: Total,28,25,3
S01009806,Economically active: Self-employed: Part-time (1),8,8,0
S01009806,Economically active: Self-employed: Full-time (1),20,17,3
S01009806,Economically active: Unemployed (1),36,35,1
S01009806,Economically inactive,390,368,22
S01009807,All people aged 16 and over,795,716,79
S01009807,Economically active: Total,494,440,54
S01009807,Economically active: Employee: Total,408,370,38
S01009807,Economically active: Employee: Part-time (1),138,118,20
S01009807,Economically active: Employee: Full-time (1),270,252,18
S01009807,Economically active: Self-employed: Total,26,18,8
S01009807,Economically active: Self-employed: Part-time (1),7,6,1
S01009807,Economically active: Self-employed: Full-time (1),19,12,7
S01009807,Economically active: Unemployed (1),60,52,8
S01009807,Economically inactive,301,276,25
S01009808,All people aged 16 and over,693,512,181
S01009808,Economically active: Total,403,299,104
S01009808,Economically active: Employee: Total,287,217,70
S01009808,Economically active: Employee: Part-time (1),102,66,36
S01009808,Economically active: Employee: Full-time (1),185,151,34
S01009808,Economically active: Self-employed: Total,27,24,3
S01009808,Economically active: Self-employed: Part-time (1),9,9,0
S01009808,Economically active: Self-employed: Full-time (1),18,15,3
S01009808,Economically active: Unemployed (1),89,58,31
S01009808,Economically inactive,290,213,77
S01009809,All people aged 16 and over,562,533,29
S01009809,Economically active: Total,369,347,22
S01009809,Economically active: Employee: Total,320,300,20
S01009809,Economically active: Employee: Part-time (1),98,91,7
S01009809,Economically active: Employee: Full-time (1),222,209,13
S01009809,Economically active: Self-employed: Total,20,20,0
S01009809,Economically active: Self-employed: Part-time (1),4,4,0
S01009809,Economically active: Self-employed: Full-time (1),16,16,0
S01009809,Economically active: Unemployed (1),29,27,2
S01009809,Economically inactive,193,186,7
S01009810,All people aged 16 and over,671,623,48
S01009810,Economically active: Total,365,335,30
S01009810,Economically active: Employee: Total,270,249,21
S01009810,Economically active: Employee: Part-time (1),86,78,8
S01009810,Economically active: Employee: Full-time (1),184,171,13
S01009810,Economically active: Self-employed: Total,23,22,1
S01009810,Economically active: Self-employed: Part-time (1),4,3,1
S01009810,Economically active: Self-employed: Full-time (1),19,19,0
S01009810,Economically active: Unemployed (1),72,64,8
S01009810,Economically inactive,306,288,18
S01009811,All people aged 16 and over,908,882,26
S01009811,Economically active: Total,458,442,16
S01009811,Economically active: Employee: Total,376,365,11
S01009811,Economically active: Employee: Part-time (1),92,89,3
S01009811,Economically active: Employee: Full-time (1),284,276,8
S01009811,Economically active: Self-employed: Total,28,26,2
S01009811,Economically active: Self-employed: Part-time (1),11,11,0
S01009811,Economically active: Self-employed: Full-time (1),17,15,2
S01009811,Economically active: Unemployed (1),54,51,3
S01009811,Economically inactive,450,440,10
S01009812,All people aged 16 and over,627,608,19
S01009812,Economically active: Total,336,320,16
S01009812,Economically active: Employee: Total,267,255,12
S01009812,Economically active: Employee: Part-time (1),62,59,3
S01009812,Economically active: Employee: Full-time (1),205,196,9
S01009812,Economically active: Self-employed: Total,26,24,2
S01009812,Economically active: Self-employed: Part-time (1),8,7,1
S01009812,Economically active: Self-employed: Full-time (1),18,17,1
S01009812,Economically active: Unemployed (1),43,41,2
S01009812,Economically inactive,291,288,3
S01009813,All people aged 16 and over,562,440,122
S01009813,Economically active: Total,284,218,66
S01009813,Economically active: Employee: Total,203,164,39
S01009813,Economically active: Employee: Part-time (1),93,72,21
S01009813,Economically active: Employee: Full-time (1),110,92,18
S01009813,Economically active: Self-employed: Total,19,11,8
S01009813,Economically active: Self-employed: Part-time (1),6,2,4
S01009813,Economically active: Self-employed: Full-time (1),13,9,4
S01009813,Economically active: Unemployed (1),62,43,19
S01009813,Economically inactive,278,222,56
S01009814,All people aged 16 and over,696,652,44
S01009814,Economically active: Total,400,375,25
S01009814,Economically active: Employee: Total,319,302,17
S01009814,Economically active: Employee: Part-time (1),88,81,7
S01009814,Economically active: Employee: Full-time (1),231,221,10
S01009814,Economically active: Self-employed: Total,41,38,3
S01009814,Economically active: Self-employed: Part-time (1),5,4,1
S01009814,Economically active: Self-employed: Full-time (1),36,34,2
S01009814,Economically active: Unemployed (1),40,35,5
S01009814,Economically inactive,296,277,19
S01009815,All people aged 16 and over,590,574,16
S01009815,Economically active: Total,392,380,12
S01009815,Economically active: Employee: Total,339,330,9
S01009815,Economically active: Employee: Part-time (1),99,95,4
S01009815,Economically active: Employee: Full-time (1),240,235,5
S01009815,Economically active: Self-employed: Total,23,21,2
S01009815,Economically active: Self-employed: Part-time (1),4,4,0
S01009815,Economically active: Self-employed: Full-time (1),19,17,2
S01009815,Economically active: Unemployed (1),30,29,1
S01009815,Economically inactive,198,194,4
S01009816,All people aged 16 and over,587,557,30
S01009816,Economically active: Total,416,394,22
S01009816,Economically active: Employee: Total,365,347,18
S01009816,Economically active: Employee: Part-time (1),99,97,2
S01009816,Economically active: Employee: Full-time (1),266,250,16
S01009816,Economically active: Self-employed: Total,29,26,3
S01009816,Economically active: Self-employed: Part-time (1),8,7,1
S01009816,Economically active: Self-employed: Full-time (1),21,19,2
S01009816,Economically active: Unemployed (1),22,21,1
S01009816,Economically inactive,171,163,8
S01009817,All people aged 16 and over,585,571,14
S01009817,Economically active: Total,318,313,5
S01009817,Economically active: Employee: Total,271,269,2
S01009817,Economically active: Employee: Part-time (1),75,75,0
S01009817,Economically active: Employee: Full-time (1),196,194,2
S01009817,Economically active: Self-employed: Total,18,17,1
S01009817,Economically active: Self-employed: Part-time (1),3,3,0
S01009817,Economically active: Self-employed: Full-time (1),15,14,1
S01009817,Economically active: Unemployed (1),29,27,2
S01009817,Economically inactive,267,258,9
S01009818,All people aged 16 and over,852,822,30
S01009818,Economically active: Total,444,425,19
S01009818,Economically active: Employee: Total,361,349,12
S01009818,Economically active: Employee: Part-time (1),100,95,5
S01009818,Economically active: Employee: Full-time (1),261,254,7
S01009818,Economically active: Self-employed: Total,49,45,4
S01009818,Economically active: Self-employed: Part-time (1),13,12,1
S01009818,Economically active: Self-employed: Full-time (1),36,33,3
S01009818,Economically active: Unemployed (1),34,31,3
S01009818,Economically inactive,408,397,11
S01009819,All people aged 16 and over,566,548,18
S01009819,Economically active: Total,267,257,10
S01009819,Economically active: Employee: Total,213,209,4
S01009819,Economically active: Employee: Part-time (1),59,59,0
S01009819,Economically active: Employee: Full-time (1),154,150,4
S01009819,Economically active: Self-employed: Total,37,33,4
S01009819,Economically active: Self-employed: Part-time (1),9,9,0
S01009819,Economically active: Self-employed: Full-time (1),28,24,4
S01009819,Economically active: Unemployed (1),17,15,2
S01009819,Economically inactive,299,291,8
S01009820,All people aged 16 and over,790,764,26
S01009820,Economically active: Total,457,442,15
S01009820,Economically active: Employee: Total,398,387,11
S01009820,Economically active: Employee: Part-time (1),101,96,5
S01009820,Economically active: Employee: Full-time (1),297,291,6
S01009820,Economically active: Self-employed: Total,31,28,3
S01009820,Economically active: Self-employed: Part-time (1),5,4,1
S01009820,Economically active: Self-employed: Full-time (1),26,24,2
S01009820,Economically active: Unemployed (1),28,27,1
S01009820,Economically inactive,333,322,11
S01009821,All people aged 16 and over,533,500,33
S01009821,Economically active: Total,354,335,19
S01009821,Economically active: Employee: Total,289,273,16
S01009821,Economically active: Employee: Part-time (1),78,74,4
S01009821,Economically active: Employee: Full-time (1),211,199,12
S01009821,Economically active: Self-employed: Total,34,32,2
S01009821,Economically active: Self-employed: Part-time (1),11,11,0
S01009821,Economically active: Self-employed: Full-time (1),23,21,2
S01009821,Economically active: Unemployed (1),31,30,1
S01009821,Economically inactive,179,165,14
S01009822,All people aged 16 and over,360,335,25
S01009822,Economically active: Total,239,220,19
S01009822,Economically active: Employee: Total,198,183,15
S01009822,Economically active: Employee: Part-time (1),42,37,5
S01009822,Economically active: Employee: Full-time (1),156,146,10
S01009822,Economically active: Self-employed: Total,10,10,0
S01009822,Economically active: Self-employed: Part-time (1),0,0,0
S01009822,Economically active: Self-employed: Full-time (1),10,10,0
S01009822,Economically active: Unemployed (1),31,27,4
S01009822,Economically inactive,121,115,6
S01009823,All people aged 16 and over,600,570,30
S01009823,Economically active: Total,305,293,12
S01009823,Economically active: Employee: Total,247,235,12
S01009823,Economically active: Employee: Part-time (1),79,77,2
S01009823,Economically active: Employee: Full-time (1),168,158,10
S01009823,Economically active: Self-employed: Total,11,11,0
S01009823,Economically active: Self-employed: Part-time (1),3,3,0
S01009823,Economically active: Self-employed: Full-time (1),8,8,0
S01009823,Economically active: Unemployed (1),47,47,0
S01009823,Economically inactive,295,277,18
S01009824,All people aged 16 and over,659,600,59
S01009824,Economically active: Total,412,365,47
S01009824,Economically active: Employee: Total,348,311,37
S01009824,Economically active: Employee: Part-time (1),88,78,10
S01009824,Economically active: Employee: Full-time (1),260,233,27
S01009824,Economically active: Self-employed: Total,18,15,3
S01009824,Economically active: Self-employed: Part-time (1),1,1,0
S01009824,Economically active: Self-employed: Full-time (1),17,14,3
S01009824,Economically active: Unemployed (1),46,39,7
S01009824,Economically inactive,247,235,12
S01009825,All people aged 16 and over,806,762,44
S01009825,Economically active: Total,488,463,25
S01009825,Economically active: Employee: Total,389,366,23
S01009825,Economically active: Employee: Part-time (1),104,94,10
S01009825,Economically active: Employee: Full-time (1),285,272,13
S01009825,Economically active: Self-employed: Total,27,26,1
S01009825,Economically active: Self-employed: Part-time (1),8,8,0
S01009825,Economically active: Self-employed: Full-time (1),19,18,1
S01009825,Economically active: Unemployed (1),72,71,1
S01009825,Economically inactive,318,299,19
S01009826,All people aged 16 and over,456,429,27
S01009826,Economically active: Total,259,242,17
S01009826,Economically active: Employee: Total,204,193,11
S01009826,Economically active: Employee: Part-time (1),57,54,3
S01009826,Economically active: Employee: Full-time (1),147,139,8
S01009826,Economically active: Self-employed: Total,11,11,0
S01009826,Economically active: Self-employed: Part-time (1),3,3,0
S01009826,Economically active: Self-employed: Full-time (1),8,8,0
S01009826,Economically active: Unemployed (1),44,38,6
S01009826,Economically inactive,197,187,10
S01009827,All people aged 16 and over,695,667,28
S01009827,Economically active: Total,381,362,19
S01009827,Economically active: Employee: Total,315,298,17
S01009827,Economically active: Employee: Part-time (1),90,85,5
S01009827,Economically active: Employee: Full-time (1),225,213,12
S01009827,Economically active: Self-employed: Total,17,15,2
S01009827,Economically active: Self-employed: Part-time (1),5,4,1
S01009827,Economically active: Self-employed: Full-time (1),12,11,1
S01009827,Economically active: Unemployed (1),49,49,0
S01009827,Economically inactive,314,305,9
S01009828,All people aged 16 and over,658,618,40
S01009828,Economically active: Total,303,280,23
S01009828,Economically active: Employee: Total,223,208,15
S01009828,Economically active: Employee: Part-time (1),72,69,3
S01009828,Economically active: Employee: Full-time (1),151,139,12
S01009828,Economically active: Self-employed: Total,18,16,2
S01009828,Economically active: Self-employed: Part-time (1),3,3,0
S01009828,Economically active: Self-employed: Full-time (1),15,13,2
S01009828,Economically active: Unemployed (1),62,56,6
S01009828,Economically inactive,355,338,17
S01009829,All people aged 16 and over,793,731,62
S01009829,Economically active: Total,512,467,45
S01009829,Economically active: Employee: Total,414,375,39
S01009829,Economically active: Employee: Part-time (1),95,90,5
S01009829,Economically active: Employee: Full-time (1),319,285,34
S01009829,Economically active: Self-employed: Total,31,27,4
S01009829,Economically active: Self-employed: Part-time (1),12,12,0
S01009829,Economically active: Self-employed: Full-time (1),19,15,4
S01009829,Economically active: Unemployed (1),67,65,2
S01009829,Economically inactive,281,264,17
S01009830,All people aged 16 and over,619,591,28
S01009830,Economically active: Total,416,403,13
S01009830,Economically active: Employee: Total,348,337,11
S01009830,Economically active: Employee: Part-time (1),91,88,3
S01009830,Economically active: Employee: Full-time (1),257,249,8
S01009830,Economically active: Self-employed: Total,19,18,1
S01009830,Economically active: Self-employed: Part-time (1),5,4,1
S01009830,Economically active: Self-employed: Full-time (1),14,14,0
S01009830,Economically active: Unemployed (1),49,48,1
S01009830,Economically inactive,203,188,15
S01009831,All people aged 16 and over,594,566,28
S01009831,Economically active: Total,444,421,23
S01009831,Economically active: Employee: Total,392,372,20
S01009831,Economically active: Employee: Part-time (1),120,114,6
S01009831,Economically active: Employee: Full-time (1),272,258,14
S01009831,Economically active: Self-employed: Total,17,17,0
S01009831,Economically active: Self-employed: Part-time (1),5,5,0
S01009831,Economically active: Self-employed: Full-time (1),12,12,0
S01009831,Economically active: Unemployed (1),35,32,3
S01009831,Economically inactive,150,145,5
S01009832,All people aged 16 and over,825,765,60
S01009832,Economically active: Total,514,472,42
S01009832,Economically active: Employee: Total,432,395,37
S01009832,Economically active: Employee: Part-time (1),122,116,6
S01009832,Economically active: Employee: Full-time (1),310,279,31
S01009832,Economically active: Self-employed: Total,36,35,1
S01009832,Economically active: Self-employed: Part-time (1),13,12,1
S01009832,Economically active: Self-employed: Full-time (1),23,23,0
S01009832,Economically active: Unemployed (1),46,42,4
S01009832,Economically inactive,311,293,18
S01009833,All people aged 16 and over,462,432,30
S01009833,Economically active: Total,322,299,23
S01009833,Economically active: Employee: Total,277,260,17
S01009833,Economically active: Employee: Part-time (1),56,53,3
S01009833,Economically active: Employee: Full-time (1),221,207,14
S01009833,Economically active: Self-employed: Total,23,23,0
S01009833,Economically active: Self-employed: Part-time (1),7,7,0
S01009833,Economically active: Self-employed: Full-time (1),16,16,0
S01009833,Economically active: Unemployed (1),22,16,6
S01009833,Economically inactive,140,133,7
S01009834,All people aged 16 and over,630,579,51
S01009834,Economically active: Total,444,410,34
S01009834,Economically active: Employee: Total,370,343,27
S01009834,Economically active: Employee: Part-time (1),110,103,7
S01009834,Economically active: Employee: Full-time (1),260,240,20
S01009834,Economically active: Self-employed: Total,25,22,3
S01009834,Economically active: Self-employed: Part-time (1),7,6,1
S01009834,Economically active: Self-employed: Full-time (1),18,16,2
S01009834,Economically active: Unemployed (1),49,45,4
S01009834,Economically inactive,186,169,17
S01009835,All people aged 16 and over,417,406,11
S01009835,Economically active: Total,243,234,9
S01009835,Economically active: Employee: Total,203,195,8
S01009835,Economically active: Employee: Part-time (1),79,77,2
S01009835,Economically active: Employee: Full-time (1),124,118,6
S01009835,Economically active: Self-employed: Total,10,10,0
S01009835,Economically active: Self-employed: Part-time (1),1,1,0
S01009835,Economically active: Self-employed: Full-time (1),9,9,0
S01009835,Economically active: Unemployed (1),30,29,1
S01009835,Economically inactive,174,172,2
S01009836,All people aged 16 and over,815,779,36
S01009836,Economically active: Total,497,475,22
S01009836,Economically active: Employee: Total,420,403,17
S01009836,Economically active: Employee: Part-time (1),105,97,8
S01009836,Economically active: Employee: Full-time (1),315,306,9
S01009836,Economically active: Self-employed: Total,31,29,2
S01009836,Economically active: Self-employed: Part-time (1),3,3,0
S01009836,Economically active: Self-employed: Full-time (1),28,26,2
S01009836,Economically active: Unemployed (1),46,43,3
S01009836,Economically inactive,318,304,14
S01009837,All people aged 16 and over,610,586,24
S01009837,Economically active: Total,303,286,17
S01009837,Economically active: Employee: Total,264,247,17
S01009837,Economically active: Employee: Part-time (1),67,62,5
S01009837,Economically active: Employee: Full-time (1),197,185,12
S01009837,Economically active: Self-employed: Total,13,13,0
S01009837,Economically active: Self-employed: Part-time (1),1,1,0
S01009837,Economically active: Self-employed: Full-time (1),12,12,0
S01009837,Economically active: Unemployed (1),26,26,0
S01009837,Economically inactive,307,300,7
S01009838,All people aged 16 and over,635,579,56
S01009838,Economically active: Total,387,345,42
S01009838,Economically active: Employee: Total,304,274,30
S01009838,Economically active: Employee: Part-time (1),72,67,5
S01009838,Economically active: Employee: Full-time (1),232,207,25
S01009838,Economically active: Self-employed: Total,19,13,6
S01009838,Economically active: Self-employed: Part-time (1),5,4,1
S01009838,Economically active: Self-employed: Full-time (1),14,9,5
S01009838,Economically active: Unemployed (1),64,58,6
S01009838,Economically inactive,248,234,14
S01009839,All people aged 16 and over,818,741,77
S01009839,Economically active: Total,510,452,58
S01009839,Economically active: Employee: Total,397,359,38
S01009839,Economically active: Employee: Part-time (1),113,103,10
S01009839,Economically active: Employee: Full-time (1),284,256,28
S01009839,Economically active: Self-employed: Total,23,20,3
S01009839,Economically active: Self-employed: Part-time (1),4,4,0
S01009839,Economically active: Self-employed: Full-time (1),19,16,3
S01009839,Economically active: Unemployed (1),90,73,17
S01009839,Economically inactive,308,289,19
S01009840,All people aged 16 and over,848,828,20
S01009840,Economically active: Total,442,433,9
S01009840,Economically active: Employee: Total,362,355,7
S01009840,Economically active: Employee: Part-time (1),117,114,3
S01009840,Economically active: Employee: Full-time (1),245,241,4
S01009840,Economically active: Self-employed: Total,24,24,0
S01009840,Economically active: Self-employed: Part-time (1),7,7,0
S01009840,Economically active: Self-employed: Full-time (1),17,17,0
S01009840,Economically active: Unemployed (1),56,54,2
S01009840,Economically inactive,406,395,11
S01009841,All people aged 16 and over,695,508,187
S01009841,Economically active: Total,411,281,130
S01009841,Economically active: Employee: Total,320,213,107
S01009841,Economically active: Employee: Part-time (1),91,57,34
S01009841,Economically active: Employee: Full-time (1),229,156,73
S01009841,Economically active: Self-employed: Total,20,12,8
S01009841,Economically active: Self-employed: Part-time (1),10,6,4
S01009841,Economically active: Self-employed: Full-time (1),10,6,4
S01009841,Economically active: Unemployed (1),71,56,15
S01009841,Economically inactive,284,227,57
S01009842,All people aged 16 and over,524,378,146
S01009842,Economically active: Total,327,231,96
S01009842,Economically active: Employee: Total,237,166,71
S01009842,Economically active: Employee: Part-time (1),76,56,20
S01009842,Economically active: Employee: Full-time (1),161,110,51
S01009842,Economically active: Self-employed: Total,20,11,9
S01009842,Economically active: Self-employed: Part-time (1),6,4,2
S01009842,Economically active: Self-employed: Full-time (1),14,7,7
S01009842,Economically active: Unemployed (1),70,54,16
S01009842,Economically inactive,197,147,50
S01009843,All people aged 16 and over,496,436,60
S01009843,Economically active: Total,244,211,33
S01009843,Economically active: Employee: Total,179,154,25
S01009843,Economically active: Employee: Part-time (1),51,49,2
S01009843,Economically active: Employee: Full-time (1),128,105,23
S01009843,Economically active: Self-employed: Total,8,5,3
S01009843,Economically active: Self-employed: Part-time (1),2,1,1
S01009843,Economically active: Self-employed: Full-time (1),6,4,2
S01009843,Economically active: Unemployed (1),57,52,5
S01009843,Economically inactive,252,225,27
S01009844,All people aged 16 and over,477,358,119
S01009844,Economically active: Total,258,180,78
S01009844,Economically active: Employee: Total,164,112,52
S01009844,Economically active: Employee: Part-time (1),40,33,7
S01009844,Economically active: Employee: Full-time (1),124,79,45
S01009844,Economically active: Self-employed: Total,23,8,15
S01009844,Economically active: Self-employed: Part-time (1),5,1,4
S01009844,Economically active: Self-employed: Full-time (1),18,7,11
S01009844,Economically active: Unemployed (1),71,60,11
S01009844,Economically inactive,219,178,41
S01009845,All people aged 16 and over,612,376,236
S01009845,Economically active: Total,412,240,172
S01009845,Economically active: Employee: Total,287,155,132
S01009845,Economically active: Employee: Part-time (1),79,43,36
S01009845,Economically active: Employee: Full-time (1),208,112,96
S01009845,Economically active: Self-employed: Total,24,15,9
S01009845,Economically active: Self-employed: Part-time (1),8,6,2
S01009845,Economically active: Self-employed: Full-time (1),16,9,7
S01009845,Economically active: Unemployed (1),101,70,31
S01009845,Economically inactive,200,136,64
S01009846,All people aged 16 and over,714,582,132
S01009846,Economically active: Total,439,345,94
S01009846,Economically active: Employee: Total,339,267,72
S01009846,Economically active: Employee: Part-time (1),118,91,27
S01009846,Economically active: Employee: Full-time (1),221,176,45
S01009846,Economically active: Self-employed: Total,23,18,5
S01009846,Economically active: Self-employed: Part-time (1),9,6,3
S01009846,Economically active: Self-employed: Full-time (1),14,12,2
S01009846,Economically active: Unemployed (1),77,60,17
S01009846,Economically inactive,275,237,38
S01009847,All people aged 16 and over,469,400,69
S01009847,Economically active: Total,312,270,42
S01009847,Economically active: Employee: Total,261,225,36
S01009847,Economically active: Employee: Part-time (1),69,61,8
S01009847,Economically active: Employee: Full-time (1),192,164,28
S01009847,Economically active: Self-employed: Total,11,8,3
S01009847,Economically active: Self-employed: Part-time (1),5,4,1
S01009847,Economically active: Self-employed: Full-time (1),6,4,2
S01009847,Economically active: Unemployed (1),40,37,3
S01009847,Economically inactive,157,130,27
S01009848,All people aged 16 and over,738,693,45
S01009848,Economically active: Total,409,385,24
S01009848,Economically active: Employee: Total,332,311,21
S01009848,Economically active: Employee: Part-time (1),112,103,9
S01009848,Economically active: Employee: Full-time (1),220,208,12
S01009848,Economically active: Self-employed: Total,15,13,2
S01009848,Economically active: Self-employed: Part-time (1),2,2,0
S01009848,Economically active: Self-employed: Full-time (1),13,11,2
S01009848,Economically active: Unemployed (1),62,61,1
S01009848,Economically inactive,329,308,21
S01009849,All people aged 16 and over,662,628,34
S01009849,Economically active: Total,326,304,22
S01009849,Economically active: Employee: Total,283,267,16
S01009849,Economically active: Employee: Part-time (1),63,58,5
S01009849,Economically active: Employee: Full-time (1),220,209,11
S01009849,Economically active: Self-employed: Total,17,13,4
S01009849,Economically active: Self-employed: Part-time (1),2,2,0
S01009849,Economically active: Self-employed: Full-time (1),15,11,4
S01009849,Economically active: Unemployed (1),26,24,2
S01009849,Economically inactive,336,324,12
S01009850,All people aged 16 and over,765,727,38
S01009850,Economically active: Total,431,403,28
S01009850,Economically active: Employee: Total,364,342,22
S01009850,Economically active: Employee: Part-time (1),81,75,6
S01009850,Economically active: Employee: Full-time (1),283,267,16
S01009850,Economically active: Self-employed: Total,29,25,4
S01009850,Economically active: Self-employed: Part-time (1),11,10,1
S01009850,Economically active: Self-employed: Full-time (1),18,15,3
S01009850,Economically active: Unemployed (1),38,36,2
S01009850,Economically inactive,334,324,10
S01009851,All people aged 16 and over,739,713,26
S01009851,Economically active: Total,376,356,20
S01009851,Economically active: Employee: Total,307,292,15
S01009851,Economically active: Employee: Part-time (1),88,83,5
S01009851,Economically active: Employee: Full-time (1),219,209,10
S01009851,Economically active: Self-employed: Total,32,30,2
S01009851,Economically active: Self-employed: Part-time (1),11,11,0
S01009851,Economically active: Self-employed: Full-time (1),21,19,2
S01009851,Economically active: Unemployed (1),37,34,3
S01009851,Economically inactive,363,357,6
S01009852,All people aged 16 and over,495,462,33
S01009852,Economically active: Total,259,240,19
S01009852,Economically active: Employee: Total,224,210,14
S01009852,Economically active: Employee: Part-time (1),54,54,0
S01009852,Economically active: Employee: Full-time (1),170,156,14
S01009852,Economically active: Self-employed: Total,16,11,5
S01009852,Economically active: Self-employed: Part-time (1),4,2,2
S01009852,Economically active: Self-employed: Full-time (1),12,9,3
S01009852,Economically active: Unemployed (1),19,19,0
S01009852,Economically inactive,236,222,14
S01009853,All people aged 16 and over,708,676,32
S01009853,Economically active: Total,381,363,18
S01009853,Economically active: Employee: Total,315,300,15
S01009853,Economically active: Employee: Part-time (1),89,85,4
S01009853,Economically active: Employee: Full-time (1),226,215,11
S01009853,Economically active: Self-employed: Total,24,21,3
S01009853,Economically active: Self-employed: Part-time (1),5,5,0
S01009853,Economically active: Self-employed: Full-time (1),19,16,3
S01009853,Economically active: Unemployed (1),42,42,0
S01009853,Economically inactive,327,313,14
S01009854,All people aged 16 and over,690,644,46
S01009854,Economically active: Total,440,412,28
S01009854,Economically active: Employee: Total,355,333,22
S01009854,Economically active: Employee: Part-time (1),109,103,6
S01009854,Economically active: Employee: Full-time (1),246,230,16
S01009854,Economically active: Self-employed: Total,31,27,4
S01009854,Economically active: Self-employed: Part-time (1),6,4,2
S01009854,Economically active: Self-employed: Full-time (1),25,23,2
S01009854,Economically active: Unemployed (1),54,52,2
S01009854,Economically inactive,250,232,18
S01009855,All people aged 16 and over,490,463,27
S01009855,Economically active: Total,310,290,20
S01009855,Economically active: Employee: Total,266,252,14
S01009855,Economically active: Employee: Part-time (1),82,76,6
S01009855,Economically active: Employee: Full-time (1),184,176,8
S01009855,Economically active: Self-employed: Total,21,17,4
S01009855,Economically active: Self-employed: Part-time (1),6,6,0
S01009855,Economically active: Self-employed: Full-time (1),15,11,4
S01009855,Economically active: Unemployed (1),23,21,2
S01009855,Economically inactive,180,173,7
S01009856,All people aged 16 and over,548,504,44
S01009856,Economically active: Total,269,253,16
S01009856,Economically active: Employee: Total,217,207,10
S01009856,Economically active: Employee: Part-time (1),67,63,4
S01009856,Economically active: Employee: Full-time (1),150,144,6
S01009856,Economically active: Self-employed: Total,27,21,6
S01009856,Economically active: Self-employed: Part-time (1),10,7,3
S01009856,Economically active: Self-employed: Full-time (1),17,14,3
S01009856,Economically active: Unemployed (1),25,25,0
S01009856,Economically inactive,279,251,28
S01009857,All people aged 16 and over,732,696,36
S01009857,Economically active: Total,412,386,26
S01009857,Economically active: Employee: Total,355,332,23
S01009857,Economically active: Employee: Part-time (1),102,95,7
S01009857,Economically active: Employee: Full-time (1),253,237,16
S01009857,Economically active: Self-employed: Total,28,28,0
S01009857,Economically active: Self-employed: Part-time (1),7,7,0
S01009857,Economically active: Self-employed: Full-time (1),21,21,0
S01009857,Economically active: Unemployed (1),29,26,3
S01009857,Economically inactive,320,310,10
S01009858,All people aged 16 and over,633,600,33
S01009858,Economically active: Total,373,355,18
S01009858,Economically active: Employee: Total,318,304,14
S01009858,Economically active: Employee: Part-time (1),81,77,4
S01009858,Economically active: Employee: Full-time (1),237,227,10
S01009858,Economically active: Self-employed: Total,24,21,3
S01009858,Economically active: Self-employed: Part-time (1),4,4,0
S01009858,Economically active: Self-employed: Full-time (1),20,17,3
S01009858,Economically active: Unemployed (1),31,30,1
S01009858,Economically inactive,260,245,15
S01009859,All people aged 16 and over,884,786,98
S01009859,Economically active: Total,434,375,59
S01009859,Economically active: Employee: Total,317,274,43
S01009859,Economically active: Employee: Part-time (1),98,90,8
S01009859,Economically active: Employee: Full-time (1),219,184,35
S01009859,Economically active: Self-employed: Total,18,14,4
S01009859,Economically active: Self-employed: Part-time (1),5,2,3
S01009859,Economically active: Self-employed: Full-time (1),13,12,1
S01009859,Economically active: Unemployed (1),99,87,12
S01009859,Economically inactive,450,411,39
S01009860,All people aged 16 and over,793,716,77
S01009860,Economically active: Total,376,321,55
S01009860,Economically active: Employee: Total,276,246,30
S01009860,Economically active: Employee: Part-time (1),95,86,9
S01009860,Economically active: Employee: Full-time (1),181,160,21
S01009860,Economically active: Self-employed: Total,8,6,2
S01009860,Economically active: Self-employed: Part-time (1),2,1,1
S01009860,Economically active: Self-employed: Full-time (1),6,5,1
S01009860,Economically active: Unemployed (1),92,69,23
S01009860,Economically inactive,417,395,22
S01009861,All people aged 16 and over,896,740,156
S01009861,Economically active: Total,468,387,81
S01009861,Economically active: Employee: Total,348,289,59
S01009861,Economically active: Employee: Part-time (1),95,79,16
S01009861,Economically active: Employee: Full-time (1),253,210,43
S01009861,Economically active: Self-employed: Total,32,28,4
S01009861,Economically active: Self-employed: Part-time (1),9,8,1
S01009861,Economically active: Self-employed: Full-time (1),23,20,3
S01009861,Economically active: Unemployed (1),88,70,18
S01009861,Economically inactive,428,353,75
S01009862,All people aged 16 and over,961,764,197
S01009862,Economically active: Total,552,420,132
S01009862,Economically active: Employee: Total,419,322,97
S01009862,Economically active: Employee: Part-time (1),101,78,23
S01009862,Economically active: Employee: Full-time (1),318,244,74
S01009862,Economically active: Self-employed: Total,34,23,11
S01009862,Economically active: Self-employed: Part-time (1),8,5,3
S01009862,Economically active: Self-employed: Full-time (1),26,18,8
S01009862,Economically active: Unemployed (1),99,75,24
S01009862,Economically inactive,409,344,65
S01009863,All people aged 16 and over,686,461,225
S01009863,Economically active: Total,437,294,143
S01009863,Economically active: Employee: Total,337,224,113
S01009863,Economically active: Employee: Part-time (1),76,44,32
S01009863,Economically active: Employee: Full-time (1),261,180,81
S01009863,Economically active: Self-employed: Total,33,23,10
S01009863,Economically active: Self-employed: Part-time (1),8,4,4
S01009863,Economically active: Self-employed: Full-time (1),25,19,6
S01009863,Economically active: Unemployed (1),67,47,20
S01009863,Economically inactive,249,167,82
S01009864,All people aged 16 and over,513,430,83
S01009864,Economically active: Total,342,278,64
S01009864,Economically active: Employee: Total,248,205,43
S01009864,Economically active: Employee: Part-time (1),62,51,11
S01009864,Economically active: Employee: Full-time (1),186,154,32
S01009864,Economically active: Self-employed: Total,30,27,3
S01009864,Economically active: Self-employed: Part-time (1),6,6,0
S01009864,Economically active: Self-employed: Full-time (1),24,21,3
S01009864,Economically active: Unemployed (1),64,46,18
S01009864,Economically inactive,171,152,19
S01009865,All people aged 16 and over,395,321,74
S01009865,Economically active: Total,255,213,42
S01009865,Economically active: Employee: Total,202,170,32
S01009865,Economically active: Employee: Part-time (1),53,42,11
S01009865,Economically active: Employee: Full-time (1),149,128,21
S01009865,Economically active: Self-employed: Total,24,20,4
S01009865,Economically active: Self-employed: Part-time (1),7,6,1
S01009865,Economically active: Self-employed: Full-time (1),17,14,3
S01009865,Economically active: Unemployed (1),29,23,6
S01009865,Economically inactive,140,108,32
S01009866,All people aged 16 and over,782,665,117
S01009866,Economically active: Total,514,443,71
S01009866,Economically active: Employee: Total,425,369,56
S01009866,Economically active: Employee: Part-time (1),90,76,14
S01009866,Economically active: Employee: Full-time (1),335,293,42
S01009866,Economically active: Self-employed: Total,35,31,4
S01009866,Economically active: Self-employed: Part-time (1),8,7,1
S01009866,Economically active: Self-employed: Full-time (1),27,24,3
S01009866,Economically active: Unemployed (1),54,43,11
S01009866,Economically inactive,268,222,46
S01009867,All people aged 16 and over,948,773,175
S01009867,Economically active: Total,692,564,128
S01009867,Economically active: Employee: Total,580,481,99
S01009867,Economically active: Employee: Part-time (1),101,70,31
S01009867,Economically active: Employee: Full-time (1),479,411,68
S01009867,Economically active: Self-employed: Total,72,54,18
S01009867,Economically active: Self-employed: Part-time (1),17,12,5
S01009867,Economically active: Self-employed: Full-time (1),55,42,13
S01009867,Economically active: Unemployed (1),40,29,11
S01009867,Economically inactive,256,209,47
S01009868,All people aged 16 and over,622,449,173
S01009868,Economically active: Total,418,302,116
S01009868,Economically active: Employee: Total,355,266,89
S01009868,Economically active: Employee: Part-time (1),72,56,16
S01009868,Economically active: Employee: Full-time (1),283,210,73
S01009868,Economically active: Self-employed: Total,27,17,10
S01009868,Economically active: Self-employed: Part-time (1),4,2,2
S01009868,Economically active: Self-employed: Full-time (1),23,15,8
S01009868,Economically active: Unemployed (1),36,19,17
S01009868,Economically inactive,204,147,57
S01009869,All people aged 16 and over,464,278,186
S01009869,Economically active: Total,339,220,119
S01009869,Economically active: Employee: Total,264,176,88
S01009869,Economically active: Employee: Part-time (1),68,32,36
S01009869,Economically active: Employee: Full-time (1),196,144,52
S01009869,Economically active: Self-employed: Total,30,19,11
S01009869,Economically active: Self-employed: Part-time (1),6,5,1
S01009869,Economically active: Self-employed: Full-time (1),24,14,10
S01009869,Economically active: Unemployed (1),45,25,20
S01009869,Economically inactive,125,58,67
S01009870,All people aged 16 and over,498,354,144
S01009870,Economically active: Total,326,227,99
S01009870,Economically active: Employee: Total,230,161,69
S01009870,Economically active: Employee: Part-time (1),70,45,25
S01009870,Economically active: Employee: Full-time (1),160,116,44
S01009870,Economically active: Self-employed: Total,38,22,16
S01009870,Economically active: Self-employed: Part-time (1),12,8,4
S01009870,Economically active: Self-employed: Full-time (1),26,14,12
S01009870,Economically active: Unemployed (1),58,44,14
S01009870,Economically inactive,172,127,45
S01009871,All people aged 16 and over,853,684,169
S01009871,Economically active: Total,406,326,80
S01009871,Economically active: Employee: Total,305,259,46
S01009871,Economically active: Employee: Part-time (1),87,66,21
S01009871,Economically active: Employee: Full-time (1),218,193,25
S01009871,Economically active: Self-employed: Total,60,40,20
S01009871,Economically active: Self-employed: Part-time (1),20,11,9
S01009871,Economically active: Self-employed: Full-time (1),40,29,11
S01009871,Economically active: Unemployed (1),41,27,14
S01009871,Economically inactive,447,358,89
S01009872,All people aged 16 and over,605,425,180
S01009872,Economically active: Total,410,310,100
S01009872,Economically active: Employee: Total,313,248,65
S01009872,Economically active: Employee: Part-time (1),66,41,25
S01009872,Economically active: Employee: Full-time (1),247,207,40
S01009872,Economically active: Self-employed: Total,47,31,16
S01009872,Economically active: Self-employed: Part-time (1),13,9,4
S01009872,Economically active: Self-employed: Full-time (1),34,22,12
S01009872,Economically active: Unemployed (1),50,31,19
S01009872,Economically inactive,195,115,80
S01009873,All people aged 16 and over,788,654,134
S01009873,Economically active: Total,435,359,76
S01009873,Economically active: Employee: Total,315,263,52
S01009873,Economically active: Employee: Part-time (1),71,61,10
S01009873,Economically active: Employee: Full-time (1),244,202,42
S01009873,Economically active: Self-employed: Total,78,59,19
S01009873,Economically active: Self-employed: Part-time (1),22,16,6
S01009873,Economically active: Self-employed: Full-time (1),56,43,13
S01009873,Economically active: Unemployed (1),42,37,5
S01009873,Economically inactive,353,295,58
S01009874,All people aged 16 and over,868,763,105
S01009874,Economically active: Total,499,438,61
S01009874,Economically active: Employee: Total,371,336,35
S01009874,Economically active: Employee: Part-time (1),126,111,15
S01009874,Economically active: Employee: Full-time (1),245,225,20
S01009874,Economically active: Self-employed: Total,72,58,14
S01009874,Economically active: Self-employed: Part-time (1),22,21,1
S01009874,Economically active: Self-employed: Full-time (1),50,37,13
S01009874,Economically active: Unemployed (1),56,44,12
S01009874,Economically inactive,369,325,44
S01009875,All people aged 16 and over,517,285,232
S01009875,Economically active: Total,296,176,120
S01009875,Economically active: Employee: Total,199,128,71
S01009875,Economically active: Employee: Part-time (1),64,39,25
S01009875,Economically active: Employee: Full-time (1),135,89,46
S01009875,Economically active: Self-employed: Total,35,14,21
S01009875,Economically active: Self-employed: Part-time (1),12,5,7
S01009875,Economically active: Self-employed: Full-time (1),23,9,14
S01009875,Economically active: Unemployed (1),62,34,28
S01009875,Economically inactive,221,109,112
S01009876,All people aged 16 and over,526,317,209
S01009876,Economically active: Total,286,175,111
S01009876,Economically active: Employee: Total,197,118,79
S01009876,Economically active: Employee: Part-time (1),89,41,48
S01009876,Economically active: Employee: Full-time (1),108,77,31
S01009876,Economically active: Self-employed: Total,19,10,9
S01009876,Economically active: Self-employed: Part-time (1),9,4,5
S01009876,Economically active: Self-employed: Full-time (1),10,6,4
S01009876,Economically active: Unemployed (1),70,47,23
S01009876,Economically inactive,240,142,98
S01009877,All people aged 16 and over,761,589,172
S01009877,Economically active: Total,443,347,96
S01009877,Economically active: Employee: Total,306,245,61
S01009877,Economically active: Employee: Part-time (1),72,58,14
S01009877,Economically active: Employee: Full-time (1),234,187,47
S01009877,Economically active: Self-employed: Total,111,84,27
S01009877,Economically active: Self-employed: Part-time (1),24,18,6
S01009877,Economically active: Self-employed: Full-time (1),87,66,21
S01009877,Economically active: Unemployed (1),26,18,8
S01009877,Economically inactive,318,242,76
S01009878,All people aged 16 and over,542,291,251
S01009878,Economically active: Total,312,182,130
S01009878,Economically active: Employee: Total,208,134,74
S01009878,Economically active: Employee: Part-time (1),73,39,34
S01009878,Economically active: Employee: Full-time (1),135,95,40
S01009878,Economically active: Self-employed: Total,51,23,28
S01009878,Economically active: Self-employed: Part-time (1),11,4,7
S01009878,Economically active: Self-employed: Full-time (1),40,19,21
S01009878,Economically active: Unemployed (1),53,25,28
S01009878,Economically inactive,230,109,121
S01009879,All people aged 16 and over,733,614,119
S01009879,Economically active: Total,467,401,66
S01009879,Economically active: Employee: Total,319,276,43
S01009879,Economically active: Employee: Part-time (1),74,61,13
S01009879,Economically active: Employee: Full-time (1),245,215,30
S01009879,Economically active: Self-employed: Total,119,101,18
S01009879,Economically active: Self-employed: Part-time (1),35,31,4
S01009879,Economically active: Self-employed: Full-time (1),84,70,14
S01009879,Economically active: Unemployed (1),29,24,5
S01009879,Economically inactive,266,213,53
S01009880,All people aged 16 and over,612,399,213
S01009880,Economically active: Total,339,239,100
S01009880,Economically active: Employee: Total,250,186,64
S01009880,Economically active: Employee: Part-time (1),84,56,28
S01009880,Economically active: Employee: Full-time (1),166,130,36
S01009880,Economically active: Self-employed: Total,60,32,28
S01009880,Economically active: Self-employed: Part-time (1),10,6,4
S01009880,Economically active: Self-employed: Full-time (1),50,26,24
S01009880,Economically active: Unemployed (1),29,21,8
S01009880,Economically inactive,273,160,113
S01009881,All people aged 16 and over,402,227,175
S01009881,Economically active: Total,257,170,87
S01009881,Economically active: Employee: Total,185,131,54
S01009881,Economically active: Employee: Part-time (1),74,46,28
S01009881,Economically active: Employee: Full-time (1),111,85,26
S01009881,Economically active: Self-employed: Total,38,20,18
S01009881,Economically active: Self-employed: Part-time (1),9,3,6
S01009881,Economically active: Self-employed: Full-time (1),29,17,12
S01009881,Economically active: Unemployed (1),34,19,15
S01009881,Economically inactive,145,57,88
S01009882,All people aged 16 and over,936,677,259
S01009882,Economically active: Total,754,584,170
S01009882,Economically active: Employee: Total,602,476,126
S01009882,Economically active: Employee: Part-time (1),148,93,55
S01009882,Economically active: Employee: Full-time (1),454,383,71
S01009882,Economically active: Self-employed: Total,89,71,18
S01009882,Economically active: Self-employed: Part-time (1),17,11,6
S01009882,Economically active: Self-employed: Full-time (1),72,60,12
S01009882,Economically active: Unemployed (1),63,37,26
S01009882,Economically inactive,182,93,89
S01009883,All people aged 16 and over,602,286,316
S01009883,Economically active: Total,375,208,167
S01009883,Economically active: Employee: Total,266,164,102
S01009883,Economically active: Employee: Part-time (1),108,58,50
S01009883,Economically active: Employee: Full-time (1),158,106,52
S01009883,Economically active: Self-employed: Total,51,19,32
S01009883,Economically active: Self-employed: Part-time (1),13,6,7
S01009883,Economically active: Self-employed: Full-time (1),38,13,25
S01009883,Economically active: Unemployed (1),58,25,33
S01009883,Economically inactive,227,78,149
S01009884,All people aged 16 and over,634,414,220
S01009884,Economically active: Total,427,301,126
S01009884,Economically active: Employee: Total,307,213,94
S01009884,Economically active: Employee: Part-time (1),77,42,35
S01009884,Economically active: Employee: Full-time (1),230,171,59
S01009884,Economically active: Self-employed: Total,73,50,23
S01009884,Economically active: Self-employed: Part-time (1),29,20,9
S01009884,Economically active: Self-employed: Full-time (1),44,30,14
S01009884,Economically active: Unemployed (1),47,38,9
S01009884,Economically inactive,207,113,94
S01009885,All people aged 16 and over,663,403,260
S01009885,Economically active: Total,389,286,103
S01009885,Economically active: Employee: Total,250,186,64
S01009885,Economically active: Employee: Part-time (1),85,47,38
S01009885,Economically active: Employee: Full-time (1),165,139,26
S01009885,Economically active: Self-employed: Total,78,47,31
S01009885,Economically active: Self-employed: Part-time (1),24,16,8
S01009885,Economically active: Self-employed: Full-time (1),54,31,23
S01009885,Economically active: Unemployed (1),61,53,8
S01009885,Economically inactive,274,117,157
S01009886,All people aged 16 and over,626,417,209
S01009886,Economically active: Total,335,259,76
S01009886,Economically active: Employee: Total,237,192,45
S01009886,Economically active: Employee: Part-time (1),103,79,24
S01009886,Economically active: Employee: Full-time (1),134,113,21
S01009886,Economically active: Self-employed: Total,56,38,18
S01009886,Economically active: Self-employed: Part-time (1),17,10,7
S01009886,Economically active: Self-employed: Full-time (1),39,28,11
S01009886,Economically active: Unemployed (1),42,29,13
S01009886,Economically inactive,291,158,133
S01009887,All people aged 16 and over,774,429,345
S01009887,Economically active: Total,463,276,187
S01009887,Economically active: Employee: Total,333,207,126
S01009887,Economically active: Employee: Part-time (1),106,50,56
S01009887,Economically active: Employee: Full-time (1),227,157,70
S01009887,Economically active: Self-employed: Total,51,24,27
S01009887,Economically active: Self-employed: Part-time (1),23,6,17
S01009887,Economically active: Self-employed: Full-time (1),28,18,10
S01009887,Economically active: Unemployed (1),79,45,34
S01009887,Economically inactive,311,153,158
S01009888,All people aged 16 and over,527,259,268
S01009888,Economically active: Total,311,170,141
S01009888,Economically active: Employee: Total,236,139,97
S01009888,Economically active: Employee: Part-time (1),83,38,45
S01009888,Economically active: Employee: Full-time (1),153,101,52
S01009888,Economically active: Self-employed: Total,43,15,28
S01009888,Economically active: Self-employed: Part-time (1),16,5,11
S01009888,Economically active: Self-employed: Full-time (1),27,10,17
S01009888,Economically active: Unemployed (1),32,16,16
S01009888,Economically inactive,216,89,127
S01009889,All people aged 16 and over,652,401,251
S01009889,Economically active: Total,371,239,132
S01009889,Economically active: Employee: Total,282,190,92
S01009889,Economically active: Employee: Part-time (1),77,42,35
S01009889,Economically active: Employee: Full-time (1),205,148,57
S01009889,Economically active: Self-employed: Total,51,25,26
S01009889,Economically active: Self-employed: Part-time (1),20,6,14
S01009889,Economically active: Self-employed: Full-time (1),31,19,12
S01009889,Economically active: Unemployed (1),38,24,14
S01009889,Economically inactive,281,162,119
S01009890,All people aged 16 and over,439,317,122
S01009890,Economically active: Total,256,178,78
S01009890,Economically active: Employee: Total,191,136,55
S01009890,Economically active: Employee: Part-time (1),70,45,25
S01009890,Economically active: Employee: Full-time (1),121,91,30
S01009890,Economically active: Self-employed: Total,18,9,9
S01009890,Economically active: Self-employed: Part-time (1),5,3,2
S01009890,Economically active: Self-employed: Full-time (1),13,6,7
S01009890,Economically active: Unemployed (1),47,33,14
S01009890,Economically inactive,183,139,44
S01009891,All people aged 16 and over,635,492,143
S01009891,Economically active: Total,382,291,91
S01009891,Economically active: Employee: Total,291,232,59
S01009891,Economically active: Employee: Part-time (1),67,38,29
S01009891,Economically active: Employee: Full-time (1),224,194,30
S01009891,Economically active: Self-employed: Total,36,22,14
S01009891,Economically active: Self-employed: Part-time (1),7,1,6
S01009891,Economically active: Self-employed: Full-time (1),29,21,8
S01009891,Economically active: Unemployed (1),55,37,18
S01009891,Economically inactive,253,201,52
S01009892,All people aged 16 and over,708,499,209
S01009892,Economically active: Total,401,277,124
S01009892,Economically active: Employee: Total,311,218,93
S01009892,Economically active: Employee: Part-time (1),73,46,27
S01009892,Economically active: Employee: Full-time (1),238,172,66
S01009892,Economically active: Self-employed: Total,21,14,7
S01009892,Economically active: Self-employed: Part-time (1),5,3,2
S01009892,Economically active: Self-employed: Full-time (1),16,11,5
S01009892,Economically active: Unemployed (1),69,45,24
S01009892,Economically inactive,307,222,85
S01009893,All people aged 16 and over,672,422,250
S01009893,Economically active: Total,458,314,144
S01009893,Economically active: Employee: Total,353,257,96
S01009893,Economically active: Employee: Part-time (1),80,44,36
S01009893,Economically active: Employee: Full-time (1),273,213,60
S01009893,Economically active: Self-employed: Total,43,20,23
S01009893,Economically active: Self-employed: Part-time (1),23,8,15
S01009893,Economically active: Self-employed: Full-time (1),20,12,8
S01009893,Economically active: Unemployed (1),62,37,25
S01009893,Economically inactive,214,108,106
S01009894,All people aged 16 and over,689,530,159
S01009894,Economically active: Total,346,254,92
S01009894,Economically active: Employee: Total,271,208,63
S01009894,Economically active: Employee: Part-time (1),92,57,35
S01009894,Economically active: Employee: Full-time (1),179,151,28
S01009894,Economically active: Self-employed: Total,31,18,13
S01009894,Economically active: Self-employed: Part-time (1),9,6,3
S01009894,Economically active: Self-employed: Full-time (1),22,12,10
S01009894,Economically active: Unemployed (1),44,28,16
S01009894,Economically inactive,343,276,67
S01009895,All people aged 16 and over,620,436,184
S01009895,Economically active: Total,344,234,110
S01009895,Economically active: Employee: Total,265,185,80
S01009895,Economically active: Employee: Part-time (1),79,52,27
S01009895,Economically active: Employee: Full-time (1),186,133,53
S01009895,Economically active: Self-employed: Total,22,9,13
S01009895,Economically active: Self-employed: Part-time (1),7,4,3
S01009895,Economically active: Self-employed: Full-time (1),15,5,10
S01009895,Economically active: Unemployed (1),57,40,17
S01009895,Economically inactive,276,202,74
S01009896,All people aged 16 and over,769,573,196
S01009896,Economically active: Total,395,296,99
S01009896,Economically active: Employee: Total,283,217,66
S01009896,Economically active: Employee: Part-time (1),89,62,27
S01009896,Economically active: Employee: Full-time (1),194,155,39
S01009896,Economically active: Self-employed: Total,45,28,17
S01009896,Economically active: Self-employed: Part-time (1),17,10,7
S01009896,Economically active: Self-employed: Full-time (1),28,18,10
S01009896,Economically active: Unemployed (1),67,51,16
S01009896,Economically inactive,374,277,97
S01009897,All people aged 16 and over,810,633,177
S01009897,Economically active: Total,462,359,103
S01009897,Economically active: Employee: Total,357,293,64
S01009897,Economically active: Employee: Part-time (1),83,57,26
S01009897,Economically active: Employee: Full-time (1),274,236,38
S01009897,Economically active: Self-employed: Total,51,32,19
S01009897,Economically active: Self-employed: Part-time (1),19,9,10
S01009897,Economically active: Self-employed: Full-time (1),32,23,9
S01009897,Economically active: Unemployed (1),54,34,20
S01009897,Economically inactive,348,274,74
S01009898,All people aged 16 and over,490,366,124
S01009898,Economically active: Total,236,179,57
S01009898,Economically active: Employee: Total,160,128,32
S01009898,Economically active: Employee: Part-time (1),58,44,14
S01009898,Economically active: Employee: Full-time (1),102,84,18
S01009898,Economically active: Self-employed: Total,37,20,17
S01009898,Economically active: Self-employed: Part-time (1),15,9,6
S01009898,Economically active: Self-employed: Full-time (1),22,11,11
S01009898,Economically active: Unemployed (1),39,31,8
S01009898,Economically inactive,254,187,67
S01009899,All people aged 16 and over,684,620,64
S01009899,Economically active: Total,490,442,48
S01009899,Economically active: Employee: Total,419,385,34
S01009899,Economically active: Employee: Part-time (1),78,67,11
S01009899,Economically active: Employee: Full-time (1),341,318,23
S01009899,Economically active: Self-employed: Total,38,28,10
S01009899,Economically active: Self-employed: Part-time (1),14,7,7
S01009899,Economically active: Self-employed: Full-time (1),24,21,3
S01009899,Economically active: Unemployed (1),33,29,4
S01009899,Economically inactive,194,178,16
S01009900,All people aged 16 and over,741,683,58
S01009900,Economically active: Total,635,584,51
S01009900,Economically active: Employee: Total,551,510,41
S01009900,Economically active: Employee: Part-time (1),88,80,8
S01009900,Economically active: Employee: Full-time (1),463,430,33
S01009900,Economically active: Self-employed: Total,49,46,3
S01009900,Economically active: Self-employed: Part-time (1),5,5,0
S01009900,Economically active: Self-employed: Full-time (1),44,41,3
S01009900,Economically active: Unemployed (1),35,28,7
S01009900,Economically inactive,106,99,7
S01009901,All people aged 16 and over,741,655,86
S01009901,Economically active: Total,617,559,58
S01009901,Economically active: Employee: Total,529,478,51
S01009901,Economically active: Employee: Part-time (1),89,77,12
S01009901,Economically active: Employee: Full-time (1),440,401,39
S01009901,Economically active: Self-employed: Total,53,51,2
S01009901,Economically active: Self-employed: Part-time (1),10,10,0
S01009901,Economically active: Self-employed: Full-time (1),43,41,2
S01009901,Economically active: Unemployed (1),35,30,5
S01009901,Economically inactive,124,96,28
S01009902,All people aged 16 and over,804,697,107
S01009902,Economically active: Total,391,334,57
S01009902,Economically active: Employee: Total,300,261,39
S01009902,Economically active: Employee: Part-time (1),97,78,19
S01009902,Economically active: Employee: Full-time (1),203,183,20
S01009902,Economically active: Self-employed: Total,39,26,13
S01009902,Economically active: Self-employed: Part-time (1),3,1,2
S01009902,Economically active: Self-employed: Full-time (1),36,25,11
S01009902,Economically active: Unemployed (1),52,47,5
S01009902,Economically inactive,413,363,50
S01009903,All people aged 16 and over,652,459,193
S01009903,Economically active: Total,458,352,106
S01009903,Economically active: Employee: Total,344,267,77
S01009903,Economically active: Employee: Part-time (1),86,57,29
S01009903,Economically active: Employee: Full-time (1),258,210,48
S01009903,Economically active: Self-employed: Total,75,54,21
S01009903,Economically active: Self-employed: Part-time (1),22,16,6
S01009903,Economically active: Self-employed: Full-time (1),53,38,15
S01009903,Economically active: Unemployed (1),39,31,8
S01009903,Economically inactive,194,107,87
S01009904,All people aged 16 and over,696,602,94
S01009904,Economically active: Total,493,436,57
S01009904,Economically active: Employee: Total,416,368,48
S01009904,Economically active: Employee: Part-time (1),64,56,8
S01009904,Economically active: Employee: Full-time (1),352,312,40
S01009904,Economically active: Self-employed: Total,53,46,7
S01009904,Economically active: Self-employed: Part-time (1),13,13,0
S01009904,Economically active: Self-employed: Full-time (1),40,33,7
S01009904,Economically active: Unemployed (1),24,22,2
S01009904,Economically inactive,203,166,37
S01009905,All people aged 16 and over,622,399,223
S01009905,Economically active: Total,432,318,114
S01009905,Economically active: Employee: Total,316,233,83
S01009905,Economically active: Employee: Part-time (1),78,42,36
S01009905,Economically active: Employee: Full-time (1),238,191,47
S01009905,Economically active: Self-employed: Total,51,35,16
S01009905,Economically active: Self-employed: Part-time (1),13,9,4
S01009905,Economically active: Self-employed: Full-time (1),38,26,12
S01009905,Economically active: Unemployed (1),65,50,15
S01009905,Economically inactive,190,81,109
S01009906,All people aged 16 and over,557,384,173
S01009906,Economically active: Total,411,294,117
S01009906,Economically active: Employee: Total,328,239,89
S01009906,Economically active: Employee: Part-time (1),71,44,27
S01009906,Economically active: Employee: Full-time (1),257,195,62
S01009906,Economically active: Self-employed: Total,43,28,15
S01009906,Economically active: Self-employed: Part-time (1),11,7,4
S01009906,Economically active: Self-employed: Full-time (1),32,21,11
S01009906,Economically active: Unemployed (1),40,27,13
S01009906,Economically inactive,146,90,56
S01009907,All people aged 16 and over,730,494,236
S01009907,Economically active: Total,500,356,144
S01009907,Economically active: Employee: Total,372,284,88
S01009907,Economically active: Employee: Part-time (1),72,45,27
S01009907,Economically active: Employee: Full-time (1),300,239,61
S01009907,Economically active: Self-employed: Total,45,29,16
S01009907,Economically active: Self-employed: Part-time (1),16,9,7
S01009907,Economically active: Self-employed: Full-time (1),29,20,9
S01009907,Economically active: Unemployed (1),83,43,40
S01009907,Economically inactive,230,138,92
S01009908,All people aged 16 and over,856,709,147
S01009908,Economically active: Total,667,572,95
S01009908,Economically active: Employee: Total,526,454,72
S01009908,Economically active: Employee: Part-time (1),127,96,31
S01009908,Economically active: Employee: Full-time (1),399,358,41
S01009908,Economically active: Self-employed: Total,108,94,14
S01009908,Economically active: Self-employed: Part-time (1),32,26,6
S01009908,Economically active: Self-employed: Full-time (1),76,68,8
S01009908,Economically active: Unemployed (1),33,24,9
S01009908,Economically inactive,189,137,52
S01009909,All people aged 16 and over,767,634,133
S01009909,Economically active: Total,589,502,87
S01009909,Economically active: Employee: Total,453,390,63
S01009909,Economically active: Employee: Part-time (1),77,58,19
S01009909,Economically active: Employee: Full-time (1),376,332,44
S01009909,Economically active: Self-employed: Total,86,69,17
S01009909,Economically active: Self-employed: Part-time (1),27,23,4
S01009909,Economically active: Self-employed: Full-time (1),59,46,13
S01009909,Economically active: Unemployed (1),50,43,7
S01009909,Economically inactive,178,132,46
S01009910,All people aged 16 and over,455,348,107
S01009910,Economically active: Total,378,304,74
S01009910,Economically active: Employee: Total,307,247,60
S01009910,Economically active: Employee: Part-time (1),68,47,21
S01009910,Economically active: Employee: Full-time (1),239,200,39
S01009910,Economically active: Self-employed: Total,40,29,11
S01009910,Economically active: Self-employed: Part-time (1),11,8,3
S01009910,Economically active: Self-employed: Full-time (1),29,21,8
S01009910,Economically active: Unemployed (1),31,28,3
S01009910,Economically inactive,77,44,33
S01009911,All people aged 16 and over,840,744,96
S01009911,Economically active: Total,533,481,52
S01009911,Economically active: Employee: Total,432,394,38
S01009911,Economically active: Employee: Part-time (1),98,86,12
S01009911,Economically active: Employee: Full-time (1),334,308,26
S01009911,Economically active: Self-employed: Total,65,59,6
S01009911,Economically active: Self-employed: Part-time (1),17,15,2
S01009911,Economically active: Self-employed: Full-time (1),48,44,4
S01009911,Economically active: Unemployed (1),36,28,8
S01009911,Economically inactive,307,263,44
S01009912,All people aged 16 and over,790,641,149
S01009912,Economically active: Total,448,371,77
S01009912,Economically active: Employee: Total,316,262,54
S01009912,Economically active: Employee: Part-time (1),79,69,10
S01009912,Economically active: Employee: Full-time (1),237,193,44
S01009912,Economically active: Self-employed: Total,109,88,21
S01009912,Economically active: Self-employed: Part-time (1),28,23,5
S01009912,Economically active: Self-employed: Full-time (1),81,65,16
S01009912,Economically active: Unemployed (1),23,21,2
S01009912,Economically inactive,342,270,72
S01009913,All people aged 16 and over,591,430,161
S01009913,Economically active: Total,376,298,78
S01009913,Economically active: Employee: Total,258,210,48
S01009913,Economically active: Employee: Part-time (1),75,61,14
S01009913,Economically active: Employee: Full-time (1),183,149,34
S01009913,Economically active: Self-employed: Total,99,73,26
S01009913,Economically active: Self-employed: Part-time (1),18,15,3
S01009913,Economically active: Self-employed: Full-time (1),81,58,23
S01009913,Economically active: Unemployed (1),19,15,4
S01009913,Economically inactive,215,132,83
S01009914,All people aged 16 and over,819,702,117
S01009914,Economically active: Total,516,448,68
S01009914,Economically active: Employee: Total,350,315,35
S01009914,Economically active: Employee: Part-time (1),96,83,13
S01009914,Economically active: Employee: Full-time (1),254,232,22
S01009914,Economically active: Self-employed: Total,142,110,32
S01009914,Economically active: Self-employed: Part-time (1),38,25,13
S01009914,Economically active: Self-employed: Full-time (1),104,85,19
S01009914,Economically active: Unemployed (1),24,23,1
S01009914,Economically inactive,303,254,49
S01009915,All people aged 16 and over,752,645,107
S01009915,Economically active: Total,502,433,69
S01009915,Economically active: Employee: Total,383,336,47
S01009915,Economically active: Employee: Part-time (1),95,81,14
S01009915,Economically active: Employee: Full-time (1),288,255,33
S01009915,Economically active: Self-employed: Total,92,75,17
S01009915,Economically active: Self-employed: Part-time (1),28,23,5
S01009915,Economically active: Self-employed: Full-time (1),64,52,12
S01009915,Economically active: Unemployed (1),27,22,5
S01009915,Economically inactive,250,212,38
S01009916,All people aged 16 and over,776,549,227
S01009916,Economically active: Total,427,318,109
S01009916,Economically active: Employee: Total,289,241,48
S01009916,Economically active: Employee: Part-time (1),94,73,21
S01009916,Economically active: Employee: Full-time (1),195,168,27
S01009916,Economically active: Self-employed: Total,104,54,50
S01009916,Economically active: Self-employed: Part-time (1),17,7,10
S01009916,Economically active: Self-employed: Full-time (1),87,47,40
S01009916,Economically active: Unemployed (1),34,23,11
S01009916,Economically inactive,349,231,118
S01009917,All people aged 16 and over,592,512,80
S01009917,Economically active: Total,405,357,48
S01009917,Economically active: Employee: Total,333,300,33
S01009917,Economically active: Employee: Part-time (1),70,56,14
S01009917,Economically active: Employee: Full-time (1),263,244,19
S01009917,Economically active: Self-employed: Total,55,42,13
S01009917,Economically active: Self-employed: Part-time (1),16,13,3
S01009917,Economically active: Self-employed: Full-time (1),39,29,10
S01009917,Economically active: Unemployed (1),17,15,2
S01009917,Economically inactive,187,155,32
S01009918,All people aged 16 and over,578,518,60
S01009918,Economically active: Total,370,339,31
S01009918,Economically active: Employee: Total,294,272,22
S01009918,Economically active: Employee: Part-time (1),74,68,6
S01009918,Economically active: Employee: Full-time (1),220,204,16
S01009918,Economically active: Self-employed: Total,60,52,8
S01009918,Economically active: Self-employed: Part-time (1),17,14,3
S01009918,Economically active: Self-employed: Full-time (1),43,38,5
S01009918,Economically active: Unemployed (1),16,15,1
S01009918,Economically inactive,208,179,29
S01009919,All people aged 16 and over,948,781,167
S01009919,Economically active: Total,597,494,103
S01009919,Economically active: Employee: Total,457,391,66
S01009919,Economically active: Employee: Part-time (1),90,73,17
S01009919,Economically active: Employee: Full-time (1),367,318,49
S01009919,Economically active: Self-employed: Total,73,54,19
S01009919,Economically active: Self-employed: Part-time (1),20,13,7
S01009919,Economically active: Self-employed: Full-time (1),53,41,12
S01009919,Economically active: Unemployed (1),67,49,18
S01009919,Economically inactive,351,287,64
S01009920,All people aged 16 and over,782,692,90
S01009920,Economically active: Total,621,551,70
S01009920,Economically active: Employee: Total,545,485,60
S01009920,Economically active: Employee: Part-time (1),64,53,11
S01009920,Economically active: Employee: Full-time (1),481,432,49
S01009920,Economically active: Self-employed: Total,52,45,7
S01009920,Economically active: Self-employed: Part-time (1),15,12,3
S01009920,Economically active: Self-employed: Full-time (1),37,33,4
S01009920,Economically active: Unemployed (1),24,21,3
S01009920,Economically inactive,161,141,20
S01009921,All people aged 16 and over,593,512,81
S01009921,Economically active: Total,493,434,59
S01009921,Economically active: Employee: Total,417,371,46
S01009921,Economically active: Employee: Part-time (1),66,53,13
S01009921,Economically active: Employee: Full-time (1),351,318,33
S01009921,Economically active: Self-employed: Total,41,37,4
S01009921,Economically active: Self-employed: Part-time (1),9,8,1
S01009921,Economically active: Self-employed: Full-time (1),32,29,3
S01009921,Economically active: Unemployed (1),35,26,9
S01009921,Economically inactive,100,78,22
S01009922,All people aged 16 and over,940,839,101
S01009922,Economically active: Total,740,667,73
S01009922,Economically active: Employee: Total,648,586,62
S01009922,Economically active: Employee: Part-time (1),95,80,15
S01009922,Economically active: Employee: Full-time (1),553,506,47
S01009922,Economically active: Self-employed: Total,58,52,6
S01009922,Economically active: Self-employed: Part-time (1),17,15,2
S01009922,Economically active: Self-employed: Full-time (1),41,37,4
S01009922,Economically active: Unemployed (1),34,29,5
S01009922,Economically inactive,200,172,28
S01009923,All people aged 16 and over,788,695,93
S01009923,Economically active: Total,551,487,64
S01009923,Economically active: Employee: Total,453,400,53
S01009923,Economically active: Employee: Part-time (1),79,68,11
S01009923,Economically active: Employee: Full-time (1),374,332,42
S01009923,Economically active: Self-employed: Total,60,52,8
S01009923,Economically active: Self-employed: Part-time (1),15,14,1
S01009923,Economically active: Self-employed: Full-time (1),45,38,7
S01009923,Economically active: Unemployed (1),38,35,3
S01009923,Economically inactive,237,208,29
S01009924,All people aged 16 and over,896,757,139
S01009924,Economically active: Total,647,553,94
S01009924,Economically active: Employee: Total,564,489,75
S01009924,Economically active: Employee: Part-time (1),95,78,17
S01009924,Economically active: Employee: Full-time (1),469,411,58
S01009924,Economically active: Self-employed: Total,55,40,15
S01009924,Economically active: Self-employed: Part-time (1),18,12,6
S01009924,Economically active: Self-employed: Full-time (1),37,28,9
S01009924,Economically active: Unemployed (1),28,24,4
S01009924,Economically inactive,249,204,45
S01009925,All people aged 16 and over,602,516,86
S01009925,Economically active: Total,500,438,62
S01009925,Economically active: Employee: Total,438,393,45
S01009925,Economically active: Employee: Part-time (1),68,56,12
S01009925,Economically active: Employee: Full-time (1),370,337,33
S01009925,Economically active: Self-employed: Total,31,24,7
S01009925,Economically active: Self-employed: Part-time (1),5,4,1
S01009925,Economically active: Self-employed: Full-time (1),26,20,6
S01009925,Economically active: Unemployed (1),31,21,10
S01009925,Economically inactive,102,78,24
S01009926,All people aged 16 and over,660,560,100
S01009926,Economically active: Total,458,396,62
S01009926,Economically active: Employee: Total,371,321,50
S01009926,Economically active: Employee: Part-time (1),66,50,16
S01009926,Economically active: Employee: Full-time (1),305,271,34
S01009926,Economically active: Self-employed: Total,61,53,8
S01009926,Economically active: Self-employed: Part-time (1),15,14,1
S01009926,Economically active: Self-employed: Full-time (1),46,39,7
S01009926,Economically active: Unemployed (1),26,22,4
S01009926,Economically inactive,202,164,38
S01009927,All people aged 16 and over,443,389,54
S01009927,Economically active: Total,296,253,43
S01009927,Economically active: Employee: Total,226,191,35
S01009927,Economically active: Employee: Part-time (1),48,43,5
S01009927,Economically active: Employee: Full-time (1),178,148,30
S01009927,Economically active: Self-employed: Total,39,32,7
S01009927,Economically active: Self-employed: Part-time (1),11,7,4
S01009927,Economically active: Self-employed: Full-time (1),28,25,3
S01009927,Economically active: Unemployed (1),31,30,1
S01009927,Economically inactive,147,136,11
S01009928,All people aged 16 and over,763,717,46
S01009928,Economically active: Total,557,524,33
S01009928,Economically active: Employee: Total,438,415,23
S01009928,Economically active: Employee: Part-time (1),69,68,1
S01009928,Economically active: Employee: Full-time (1),369,347,22
S01009928,Economically active: Self-employed: Total,86,82,4
S01009928,Economically active: Self-employed: Part-time (1),17,17,0
S01009928,Economically active: Self-employed: Full-time (1),69,65,4
S01009928,Economically active: Unemployed (1),33,27,6
S01009928,Economically inactive,206,193,13
S01009929,All people aged 16 and over,423,367,56
S01009929,Economically active: Total,287,253,34
S01009929,Economically active: Employee: Total,222,198,24
S01009929,Economically active: Employee: Part-time (1),48,42,6
S01009929,Economically active: Employee: Full-time (1),174,156,18
S01009929,Economically active: Self-employed: Total,43,38,5
S01009929,Economically active: Self-employed: Part-time (1),14,11,3
S01009929,Economically active: Self-employed: Full-time (1),29,27,2
S01009929,Economically active: Unemployed (1),22,17,5
S01009929,Economically inactive,136,114,22
S01009930,All people aged 16 and over,758,660,98
S01009930,Economically active: Total,604,537,67
S01009930,Economically active: Employee: Total,487,440,47
S01009930,Economically active: Employee: Part-time (1),76,65,11
S01009930,Economically active: Employee: Full-time (1),411,375,36
S01009930,Economically active: Self-employed: Total,73,62,11
S01009930,Economically active: Self-employed: Part-time (1),25,23,2
S01009930,Economically active: Self-employed: Full-time (1),48,39,9
S01009930,Economically active: Unemployed (1),44,35,9
S01009930,Economically inactive,154,123,31
S01009931,All people aged 16 and over,692,641,51
S01009931,Economically active: Total,587,547,40
S01009931,Economically active: Employee: Total,506,471,35
S01009931,Economically active: Employee: Part-time (1),71,67,4
S01009931,Economically active: Employee: Full-time (1),435,404,31
S01009931,Economically active: Self-employed: Total,55,52,3
S01009931,Economically active: Self-employed: Part-time (1),14,13,1
S01009931,Economically active: Self-employed: Full-time (1),41,39,2
S01009931,Economically active: Unemployed (1),26,24,2
S01009931,Economically inactive,105,94,11
S01009932,All people aged 16 and over,576,517,59
S01009932,Economically active: Total,454,404,50
S01009932,Economically active: Employee: Total,380,340,40
S01009932,Economically active: Employee: Part-time (1),62,52,10
S01009932,Economically active: Employee: Full-time (1),318,288,30
S01009932,Economically active: Self-employed: Total,56,49,7
S01009932,Economically active: Self-employed: Part-time (1),15,13,2
S01009932,Economically active: Self-employed: Full-time (1),41,36,5
S01009932,Economically active: Unemployed (1),18,15,3
S01009932,Economically inactive,122,113,9
S01009933,All people aged 16 and over,762,562,200
S01009933,Economically active: Total,480,343,137
S01009933,Economically active: Employee: Total,369,262,107
S01009933,Economically active: Employee: Part-time (1),82,40,42
S01009933,Economically active: Employee: Full-time (1),287,222,65
S01009933,Economically active: Self-employed: Total,28,20,8
S01009933,Economically active: Self-employed: Part-time (1),11,7,4
S01009933,Economically active: Self-employed: Full-time (1),17,13,4
S01009933,Economically active: Unemployed (1),83,61,22
S01009933,Economically inactive,282,219,63
S01009934,All people aged 16 and over,753,648,105
S01009934,Economically active: Total,542,473,69
S01009934,Economically active: Employee: Total,465,413,52
S01009934,Economically active: Employee: Part-time (1),111,93,18
S01009934,Economically active: Employee: Full-time (1),354,320,34
S01009934,Economically active: Self-employed: Total,44,37,7
S01009934,Economically active: Self-employed: Part-time (1),13,10,3
S01009934,Economically active: Self-employed: Full-time (1),31,27,4
S01009934,Economically active: Unemployed (1),33,23,10
S01009934,Economically inactive,211,175,36
S01009935,All people aged 16 and over,502,476,26
S01009935,Economically active: Total,203,187,16
S01009935,Economically active: Employee: Total,165,151,14
S01009935,Economically active: Employee: Part-time (1),41,37,4
S01009935,Economically active: Employee: Full-time (1),124,114,10
S01009935,Economically active: Self-employed: Total,10,9,1
S01009935,Economically active: Self-employed: Part-time (1),4,4,0
S01009935,Economically active: Self-employed: Full-time (1),6,5,1
S01009935,Economically active: Unemployed (1),28,27,1
S01009935,Economically inactive,299,289,10
S01009936,All people aged 16 and over,568,486,82
S01009936,Economically active: Total,332,289,43
S01009936,Economically active: Employee: Total,273,239,34
S01009936,Economically active: Employee: Part-time (1),54,42,12
S01009936,Economically active: Employee: Full-time (1),219,197,22
S01009936,Economically active: Self-employed: Total,27,24,3
S01009936,Economically active: Self-employed: Part-time (1),13,11,2
S01009936,Economically active: Self-employed: Full-time (1),14,13,1
S01009936,Economically active: Unemployed (1),32,26,6
S01009936,Economically inactive,236,197,39
S01009937,All people aged 16 and over,401,277,124
S01009937,Economically active: Total,184,123,61
S01009937,Economically active: Employee: Total,131,91,40
S01009937,Economically active: Employee: Part-time (1),61,35,26
S01009937,Economically active: Employee: Full-time (1),70,56,14
S01009937,Economically active: Self-employed: Total,9,6,3
S01009937,Economically active: Self-employed: Part-time (1),3,1,2
S01009937,Economically active: Self-employed: Full-time (1),6,5,1
S01009937,Economically active: Unemployed (1),44,26,18
S01009937,Economically inactive,217,154,63
S01009938,All people aged 16 and over,818,747,71
S01009938,Economically active: Total,357,322,35
S01009938,Economically active: Employee: Total,276,253,23
S01009938,Economically active: Employee: Part-time (1),76,63,13
S01009938,Economically active: Employee: Full-time (1),200,190,10
S01009938,Economically active: Self-employed: Total,39,32,7
S01009938,Economically active: Self-employed: Part-time (1),15,14,1
S01009938,Economically active: Self-employed: Full-time (1),24,18,6
S01009938,Economically active: Unemployed (1),42,37,5
S01009938,Economically inactive,461,425,36
S01009939,All people aged 16 and over,687,469,218
S01009939,Economically active: Total,341,227,114
S01009939,Economically active: Employee: Total,196,120,76
S01009939,Economically active: Employee: Part-time (1),68,34,34
S01009939,Economically active: Employee: Full-time (1),128,86,42
S01009939,Economically active: Self-employed: Total,11,10,1
S01009939,Economically active: Self-employed: Part-time (1),3,3,0
S01009939,Economically active: Self-employed: Full-time (1),8,7,1
S01009939,Economically active: Unemployed (1),134,97,37
S01009939,Economically inactive,346,242,104
S01009940,All people aged 16 and over,678,663,15
S01009940,Economically active: Total,326,320,6
S01009940,Economically active: Employee: Total,248,244,4
S01009940,Economically active: Employee: Part-time (1),89,88,1
S01009940,Economically active: Employee: Full-time (1),159,156,3
S01009940,Economically active: Self-employed: Total,15,13,2
S01009940,Economically active: Self-employed: Part-time (1),3,1,2
S01009940,Economically active: Self-employed: Full-time (1),12,12,0
S01009940,Economically active: Unemployed (1),63,63,0
S01009940,Economically inactive,352,343,9
S01009941,All people aged 16 and over,754,563,191
S01009941,Economically active: Total,523,412,111
S01009941,Economically active: Employee: Total,399,323,76
S01009941,Economically active: Employee: Part-time (1),127,86,41
S01009941,Economically active: Employee: Full-time (1),272,237,35
S01009941,Economically active: Self-employed: Total,63,40,23
S01009941,Economically active: Self-employed: Part-time (1),16,7,9
S01009941,Economically active: Self-employed: Full-time (1),47,33,14
S01009941,Economically active: Unemployed (1),61,49,12
S01009941,Economically inactive,231,151,80
S01009942,All people aged 16 and over,836,759,77
S01009942,Economically active: Total,449,408,41
S01009942,Economically active: Employee: Total,340,318,22
S01009942,Economically active: Employee: Part-time (1),102,98,4
S01009942,Economically active: Employee: Full-time (1),238,220,18
S01009942,Economically active: Self-employed: Total,29,25,4
S01009942,Economically active: Self-employed: Part-time (1),7,5,2
S01009942,Economically active: Self-employed: Full-time (1),22,20,2
S01009942,Economically active: Unemployed (1),80,65,15
S01009942,Economically inactive,387,351,36
S01009943,All people aged 16 and over,671,625,46
S01009943,Economically active: Total,319,295,24
S01009943,Economically active: Employee: Total,245,224,21
S01009943,Economically active: Employee: Part-time (1),82,74,8
S01009943,Economically active: Employee: Full-time (1),163,150,13
S01009943,Economically active: Self-employed: Total,18,18,0
S01009943,Economically active: Self-employed: Part-time (1),6,6,0
S01009943,Economically active: Self-employed: Full-time (1),12,12,0
S01009943,Economically active: Unemployed (1),56,53,3
S01009943,Economically inactive,352,330,22
S01009944,All people aged 16 and over,658,592,66
S01009944,Economically active: Total,380,345,35
S01009944,Economically active: Employee: Total,304,278,26
S01009944,Economically active: Employee: Part-time (1),86,76,10
S01009944,Economically active: Employee: Full-time (1),218,202,16
S01009944,Economically active: Self-employed: Total,38,31,7
S01009944,Economically active: Self-employed: Part-time (1),11,8,3
S01009944,Economically active: Self-employed: Full-time (1),27,23,4
S01009944,Economically active: Unemployed (1),38,36,2
S01009944,Economically inactive,278,247,31
S01009945,All people aged 16 and over,790,720,70
S01009945,Economically active: Total,433,390,43
S01009945,Economically active: Employee: Total,353,315,38
S01009945,Economically active: Employee: Part-time (1),99,87,12
S01009945,Economically active: Employee: Full-time (1),254,228,26
S01009945,Economically active: Self-employed: Total,30,29,1
S01009945,Economically active: Self-employed: Part-time (1),7,7,0
S01009945,Economically active: Self-employed: Full-time (1),23,22,1
S01009945,Economically active: Unemployed (1),50,46,4
S01009945,Economically inactive,357,330,27
S01009946,All people aged 16 and over,672,611,61
S01009946,Economically active: Total,388,356,32
S01009946,Economically active: Employee: Total,311,288,23
S01009946,Economically active: Employee: Part-time (1),100,90,10
S01009946,Economically active: Employee: Full-time (1),211,198,13
S01009946,Economically active: Self-employed: Total,30,24,6
S01009946,Economically active: Self-employed: Part-time (1),7,6,1
S01009946,Economically active: Self-employed: Full-time (1),23,18,5
S01009946,Economically active: Unemployed (1),47,44,3
S01009946,Economically inactive,284,255,29
S01009947,All people aged 16 and over,470,427,43
S01009947,Economically active: Total,262,237,25
S01009947,Economically active: Employee: Total,208,188,20
S01009947,Economically active: Employee: Part-time (1),61,50,11
S01009947,Economically active: Employee: Full-time (1),147,138,9
S01009947,Economically active: Self-employed: Total,27,22,5
S01009947,Economically active: Self-employed: Part-time (1),6,4,2
S01009947,Economically active: Self-employed: Full-time (1),21,18,3
S01009947,Economically active: Unemployed (1),27,27,0
S01009947,Economically inactive,208,190,18
S01009948,All people aged 16 and over,671,581,90
S01009948,Economically active: Total,328,279,49
S01009948,Economically active: Employee: Total,251,219,32
S01009948,Economically active: Employee: Part-time (1),79,61,18
S01009948,Economically active: Employee: Full-time (1),172,158,14
S01009948,Economically active: Self-employed: Total,23,21,2
S01009948,Economically active: Self-employed: Part-time (1),7,7,0
S01009948,Economically active: Self-employed: Full-time (1),16,14,2
S01009948,Economically active: Unemployed (1),54,39,15
S01009948,Economically inactive,343,302,41
S01009949,All people aged 16 and over,667,597,70
S01009949,Economically active: Total,390,348,42
S01009949,Economically active: Employee: Total,309,279,30
S01009949,Economically active: Employee: Part-time (1),102,90,12
S01009949,Economically active: Employee: Full-time (1),207,189,18
S01009949,Economically active: Self-employed: Total,27,21,6
S01009949,Economically active: Self-employed: Part-time (1),6,6,0
S01009949,Economically active: Self-employed: Full-time (1),21,15,6
S01009949,Economically active: Unemployed (1),54,48,6
S01009949,Economically inactive,277,249,28
S01009950,All people aged 16 and over,593,515,78
S01009950,Economically active: Total,389,354,35
S01009950,Economically active: Employee: Total,290,266,24
S01009950,Economically active: Employee: Part-time (1),81,71,10
S01009950,Economically active: Employee: Full-time (1),209,195,14
S01009950,Economically active: Self-employed: Total,76,67,9
S01009950,Economically active: Self-employed: Part-time (1),20,15,5
S01009950,Economically active: Self-employed: Full-time (1),56,52,4
S01009950,Economically active: Unemployed (1),23,21,2
S01009950,Economically inactive,204,161,43
S01009951,All people aged 16 and over,615,546,69
S01009951,Economically active: Total,397,366,31
S01009951,Economically active: Employee: Total,260,244,16
S01009951,Economically active: Employee: Part-time (1),68,66,2
S01009951,Economically active: Employee: Full-time (1),192,178,14
S01009951,Economically active: Self-employed: Total,114,101,13
S01009951,Economically active: Self-employed: Part-time (1),26,23,3
S01009951,Economically active: Self-employed: Full-time (1),88,78,10
S01009951,Economically active: Unemployed (1),23,21,2
S01009951,Economically inactive,218,180,38
S01009952,All people aged 16 and over,599,555,44
S01009952,Economically active: Total,368,341,27
S01009952,Economically active: Employee: Total,308,287,21
S01009952,Economically active: Employee: Part-time (1),79,75,4
S01009952,Economically active: Employee: Full-time (1),229,212,17
S01009952,Economically active: Self-employed: Total,43,38,5
S01009952,Economically active: Self-employed: Part-time (1),12,11,1
S01009952,Economically active: Self-employed: Full-time (1),31,27,4
S01009952,Economically active: Unemployed (1),17,16,1
S01009952,Economically inactive,231,214,17
S01009953,All people aged 16 and over,734,661,73
S01009953,Economically active: Total,469,430,39
S01009953,Economically active: Employee: Total,383,352,31
S01009953,Economically active: Employee: Part-time (1),122,107,15
S01009953,Economically active: Employee: Full-time (1),261,245,16
S01009953,Economically active: Self-employed: Total,61,55,6
S01009953,Economically active: Self-employed: Part-time (1),14,13,1
S01009953,Economically active: Self-employed: Full-time (1),47,42,5
S01009953,Economically active: Unemployed (1),25,23,2
S01009953,Economically inactive,265,231,34
S01009954,All people aged 16 and over,511,411,100
S01009954,Economically active: Total,324,269,55
S01009954,Economically active: Employee: Total,227,197,30
S01009954,Economically active: Employee: Part-time (1),69,58,11
S01009954,Economically active: Employee: Full-time (1),158,139,19
S01009954,Economically active: Self-employed: Total,65,44,21
S01009954,Economically active: Self-employed: Part-time (1),18,13,5
S01009954,Economically active: Self-employed: Full-time (1),47,31,16
S01009954,Economically active: Unemployed (1),32,28,4
S01009954,Economically inactive,187,142,45
S01009955,All people aged 16 and over,854,781,73
S01009955,Economically active: Total,485,448,37
S01009955,Economically active: Employee: Total,393,366,27
S01009955,Economically active: Employee: Part-time (1),91,86,5
S01009955,Economically active: Employee: Full-time (1),302,280,22
S01009955,Economically active: Self-employed: Total,51,42,9
S01009955,Economically active: Self-employed: Part-time (1),13,9,4
S01009955,Economically active: Self-employed: Full-time (1),38,33,5
S01009955,Economically active: Unemployed (1),41,40,1
S01009955,Economically inactive,369,333,36
S01009956,All people aged 16 and over,617,558,59
S01009956,Economically active: Total,357,324,33
S01009956,Economically active: Employee: Total,274,249,25
S01009956,Economically active: Employee: Part-time (1),81,74,7
S01009956,Economically active: Employee: Full-time (1),193,175,18
S01009956,Economically active: Self-employed: Total,43,39,4
S01009956,Economically active: Self-employed: Part-time (1),10,9,1
S01009956,Economically active: Self-employed: Full-time (1),33,30,3
S01009956,Economically active: Unemployed (1),40,36,4
S01009956,Economically inactive,260,234,26
S01009957,All people aged 16 and over,611,569,42
S01009957,Economically active: Total,400,370,30
S01009957,Economically active: Employee: Total,303,284,19
S01009957,Economically active: Employee: Part-time (1),79,73,6
S01009957,Economically active: Employee: Full-time (1),224,211,13
S01009957,Economically active: Self-employed: Total,86,75,11
S01009957,Economically active: Self-employed: Part-time (1),26,23,3
S01009957,Economically active: Self-employed: Full-time (1),60,52,8
S01009957,Economically active: Unemployed (1),11,11,0
S01009957,Economically inactive,211,199,12
S01009958,All people aged 16 and over,747,700,47
S01009958,Economically active: Total,539,506,33
S01009958,Economically active: Employee: Total,446,426,20
S01009958,Economically active: Employee: Part-time (1),110,98,12
S01009958,Economically active: Employee: Full-time (1),336,328,8
S01009958,Economically active: Self-employed: Total,75,63,12
S01009958,Economically active: Self-employed: Part-time (1),23,20,3
S01009958,Economically active: Self-employed: Full-time (1),52,43,9
S01009958,Economically active: Unemployed (1),18,17,1
S01009958,Economically inactive,208,194,14
S01009959,All people aged 16 and over,556,515,41
S01009959,Economically active: Total,307,287,20
S01009959,Economically active: Employee: Total,224,213,11
S01009959,Economically active: Employee: Part-time (1),76,70,6
S01009959,Economically active: Employee: Full-time (1),148,143,5
S01009959,Economically active: Self-employed: Total,67,61,6
S01009959,Economically active: Self-employed: Part-time (1),14,12,2
S01009959,Economically active: Self-employed: Full-time (1),53,49,4
S01009959,Economically active: Unemployed (1),16,13,3
S01009959,Economically inactive,249,228,21
S01009960,All people aged 16 and over,758,698,60
S01009960,Economically active: Total,418,380,38
S01009960,Economically active: Employee: Total,339,311,28
S01009960,Economically active: Employee: Part-time (1),84,73,11
S01009960,Economically active: Employee: Full-time (1),255,238,17
S01009960,Economically active: Self-employed: Total,64,55,9
S01009960,Economically active: Self-employed: Part-time (1),12,10,2
S01009960,Economically active: Self-employed: Full-time (1),52,45,7
S01009960,Economically active: Unemployed (1),15,14,1
S01009960,Economically inactive,340,318,22
S01009961,All people aged 16 and over,580,550,30
S01009961,Economically active: Total,339,325,14
S01009961,Economically active: Employee: Total,265,260,5
S01009961,Economically active: Employee: Part-time (1),79,76,3
S01009961,Economically active: Employee: Full-time (1),186,184,2
S01009961,Economically active: Self-employed: Total,47,42,5
S01009961,Economically active: Self-employed: Part-time (1),11,9,2
S01009961,Economically active: Self-employed: Full-time (1),36,33,3
S01009961,Economically active: Unemployed (1),27,23,4
S01009961,Economically inactive,241,225,16
S01009962,All people aged 16 and over,888,838,50
S01009962,Economically active: Total,612,572,40
S01009962,Economically active: Employee: Total,525,494,31
S01009962,Economically active: Employee: Part-time (1),91,85,6
S01009962,Economically active: Employee: Full-time (1),434,409,25
S01009962,Economically active: Self-employed: Total,50,47,3
S01009962,Economically active: Self-employed: Part-time (1),18,15,3
S01009962,Economically active: Self-employed: Full-time (1),32,32,0
S01009962,Economically active: Unemployed (1),37,31,6
S01009962,Economically inactive,276,266,10
S01009963,All people aged 16 and over,665,626,39
S01009963,Economically active: Total,442,420,22
S01009963,Economically active: Employee: Total,373,363,10
S01009963,Economically active: Employee: Part-time (1),99,96,3
S01009963,Economically active: Employee: Full-time (1),274,267,7
S01009963,Economically active: Self-employed: Total,58,47,11
S01009963,Economically active: Self-employed: Part-time (1),15,11,4
S01009963,Economically active: Self-employed: Full-time (1),43,36,7
S01009963,Economically active: Unemployed (1),11,10,1
S01009963,Economically inactive,223,206,17
S01009964,All people aged 16 and over,743,670,73
S01009964,Economically active: Total,516,471,45
S01009964,Economically active: Employee: Total,426,396,30
S01009964,Economically active: Employee: Part-time (1),113,100,13
S01009964,Economically active: Employee: Full-time (1),313,296,17
S01009964,Economically active: Self-employed: Total,64,50,14
S01009964,Economically active: Self-employed: Part-time (1),11,8,3
S01009964,Economically active: Self-employed: Full-time (1),53,42,11
S01009964,Economically active: Unemployed (1),26,25,1
S01009964,Economically inactive,227,199,28
S01009965,All people aged 16 and over,613,575,38
S01009965,Economically active: Total,401,377,24
S01009965,Economically active: Employee: Total,335,316,19
S01009965,Economically active: Employee: Part-time (1),102,98,4
S01009965,Economically active: Employee: Full-time (1),233,218,15
S01009965,Economically active: Self-employed: Total,39,35,4
S01009965,Economically active: Self-employed: Part-time (1),9,8,1
S01009965,Economically active: Self-employed: Full-time (1),30,27,3
S01009965,Economically active: Unemployed (1),27,26,1
S01009965,Economically inactive,212,198,14
S01009966,All people aged 16 and over,645,610,35
S01009966,Economically active: Total,435,420,15
S01009966,Economically active: Employee: Total,372,362,10
S01009966,Economically active: Employee: Part-time (1),117,115,2
S01009966,Economically active: Employee: Full-time (1),255,247,8
S01009966,Economically active: Self-employed: Total,32,31,1
S01009966,Economically active: Self-employed: Part-time (1),10,10,0
S01009966,Economically active: Self-employed: Full-time (1),22,21,1
S01009966,Economically active: Unemployed (1),31,27,4
S01009966,Economically inactive,210,190,20
S01009967,All people aged 16 and over,700,668,32
S01009967,Economically active: Total,453,432,21
S01009967,Economically active: Employee: Total,373,358,15
S01009967,Economically active: Employee: Part-time (1),103,99,4
S01009967,Economically active: Employee: Full-time (1),270,259,11
S01009967,Economically active: Self-employed: Total,63,59,4
S01009967,Economically active: Self-employed: Part-time (1),17,17,0
S01009967,Economically active: Self-employed: Full-time (1),46,42,4
S01009967,Economically active: Unemployed (1),17,15,2
S01009967,Economically inactive,247,236,11
S01009968,All people aged 16 and over,523,491,32
S01009968,Economically active: Total,344,333,11
S01009968,Economically active: Employee: Total,291,285,6
S01009968,Economically active: Employee: Part-time (1),78,78,0
S01009968,Economically active: Employee: Full-time (1),213,207,6
S01009968,Economically active: Self-employed: Total,34,29,5
S01009968,Economically active: Self-employed: Part-time (1),6,5,1
S01009968,Economically active: Self-employed: Full-time (1),28,24,4
S01009968,Economically active: Unemployed (1),19,19,0
S01009968,Economically inactive,179,158,21
S01009969,All people aged 16 and over,700,668,32
S01009969,Economically active: Total,408,387,21
S01009969,Economically active: Employee: Total,318,304,14
S01009969,Economically active: Employee: Part-time (1),81,77,4
S01009969,Economically active: Employee: Full-time (1),237,227,10
S01009969,Economically active: Self-employed: Total,66,63,3
S01009969,Economically active: Self-employed: Part-time (1),14,14,0
S01009969,Economically active: Self-employed: Full-time (1),52,49,3
S01009969,Economically active: Unemployed (1),24,20,4
S01009969,Economically inactive,292,281,11
S01009970,All people aged 16 and over,733,687,46
S01009970,Economically active: Total,378,350,28
S01009970,Economically active: Employee: Total,277,257,20
S01009970,Economically active: Employee: Part-time (1),107,100,7
S01009970,Economically active: Employee: Full-time (1),170,157,13
S01009970,Economically active: Self-employed: Total,21,19,2
S01009970,Economically active: Self-employed: Part-time (1),2,1,1
S01009970,Economically active: Self-employed: Full-time (1),19,18,1
S01009970,Economically active: Unemployed (1),80,74,6
S01009970,Economically inactive,355,337,18
S01009971,All people aged 16 and over,860,822,38
S01009971,Economically active: Total,525,495,30
S01009971,Economically active: Employee: Total,398,377,21
S01009971,Economically active: Employee: Part-time (1),124,117,7
S01009971,Economically active: Employee: Full-time (1),274,260,14
S01009971,Economically active: Self-employed: Total,42,36,6
S01009971,Economically active: Self-employed: Part-time (1),5,4,1
S01009971,Economically active: Self-employed: Full-time (1),37,32,5
S01009971,Economically active: Unemployed (1),85,82,3
S01009971,Economically inactive,335,327,8
S01009972,All people aged 16 and over,680,643,37
S01009972,Economically active: Total,397,374,23
S01009972,Economically active: Employee: Total,328,312,16
S01009972,Economically active: Employee: Part-time (1),81,77,4
S01009972,Economically active: Employee: Full-time (1),247,235,12
S01009972,Economically active: Self-employed: Total,42,38,4
S01009972,Economically active: Self-employed: Part-time (1),7,6,1
S01009972,Economically active: Self-employed: Full-time (1),35,32,3
S01009972,Economically active: Unemployed (1),27,24,3
S01009972,Economically inactive,283,269,14
S01009973,All people aged 16 and over,565,547,18
S01009973,Economically active: Total,391,377,14
S01009973,Economically active: Employee: Total,333,322,11
S01009973,Economically active: Employee: Part-time (1),98,94,4
S01009973,Economically active: Employee: Full-time (1),235,228,7
S01009973,Economically active: Self-employed: Total,26,25,1
S01009973,Economically active: Self-employed: Part-time (1),11,10,1
S01009973,Economically active: Self-employed: Full-time (1),15,15,0
S01009973,Economically active: Unemployed (1),32,30,2
S01009973,Economically inactive,174,170,4
S01009974,All people aged 16 and over,468,457,11
S01009974,Economically active: Total,244,236,8
S01009974,Economically active: Employee: Total,183,181,2
S01009974,Economically active: Employee: Part-time (1),72,71,1
S01009974,Economically active: Employee: Full-time (1),111,110,1
S01009974,Economically active: Self-employed: Total,10,8,2
S01009974,Economically active: Self-employed: Part-time (1),1,1,0
S01009974,Economically active: Self-employed: Full-time (1),9,7,2
S01009974,Economically active: Unemployed (1),51,47,4
S01009974,Economically inactive,224,221,3
S01009975,All people aged 16 and over,629,618,11
S01009975,Economically active: Total,267,261,6
S01009975,Economically active: Employee: Total,195,191,4
S01009975,Economically active: Employee: Part-time (1),81,81,0
S01009975,Economically active: Employee: Full-time (1),114,110,4
S01009975,Economically active: Self-employed: Total,15,15,0
S01009975,Economically active: Self-employed: Part-time (1),3,3,0
S01009975,Economically active: Self-employed: Full-time (1),12,12,0
S01009975,Economically active: Unemployed (1),57,55,2
S01009975,Economically inactive,362,357,5
S01009976,All people aged 16 and over,385,379,6
S01009976,Economically active: Total,213,209,4
S01009976,Economically active: Employee: Total,173,170,3
S01009976,Economically active: Employee: Part-time (1),52,50,2
S01009976,Economically active: Employee: Full-time (1),121,120,1
S01009976,Economically active: Self-employed: Total,10,10,0
S01009976,Economically active: Self-employed: Part-time (1),5,5,0
S01009976,Economically active: Self-employed: Full-time (1),5,5,0
S01009976,Economically active: Unemployed (1),30,29,1
S01009976,Economically inactive,172,170,2
S01009977,All people aged 16 and over,813,793,20
S01009977,Economically active: Total,325,320,5
S01009977,Economically active: Employee: Total,236,233,3
S01009977,Economically active: Employee: Part-time (1),84,82,2
S01009977,Economically active: Employee: Full-time (1),152,151,1
S01009977,Economically active: Self-employed: Total,11,10,1
S01009977,Economically active: Self-employed: Part-time (1),2,2,0
S01009977,Economically active: Self-employed: Full-time (1),9,8,1
S01009977,Economically active: Unemployed (1),78,77,1
S01009977,Economically inactive,488,473,15
S01009978,All people aged 16 and over,773,724,49
S01009978,Economically active: Total,441,407,34
S01009978,Economically active: Employee: Total,340,316,24
S01009978,Economically active: Employee: Part-time (1),118,109,9
S01009978,Economically active: Employee: Full-time (1),222,207,15
S01009978,Economically active: Self-employed: Total,22,18,4
S01009978,Economically active: Self-employed: Part-time (1),6,5,1
S01009978,Economically active: Self-employed: Full-time (1),16,13,3
S01009978,Economically active: Unemployed (1),79,73,6
S01009978,Economically inactive,332,317,15
S01009979,All people aged 16 and over,516,505,11
S01009979,Economically active: Total,209,200,9
S01009979,Economically active: Employee: Total,160,152,8
S01009979,Economically active: Employee: Part-time (1),52,49,3
S01009979,Economically active: Employee: Full-time (1),108,103,5
S01009979,Economically active: Self-employed: Total,6,5,1
S01009979,Economically active: Self-employed: Part-time (1),2,2,0
S01009979,Economically active: Self-employed: Full-time (1),4,3,1
S01009979,Economically active: Unemployed (1),43,43,0
S01009979,Economically inactive,307,305,2
S01009980,All people aged 16 and over,541,526,15
S01009980,Economically active: Total,231,228,3
S01009980,Economically active: Employee: Total,168,167,1
S01009980,Economically active: Employee: Part-time (1),67,66,1
S01009980,Economically active: Employee: Full-time (1),101,101,0
S01009980,Economically active: Self-employed: Total,5,5,0
S01009980,Economically active: Self-employed: Part-time (1),1,1,0
S01009980,Economically active: Self-employed: Full-time (1),4,4,0
S01009980,Economically active: Unemployed (1),58,56,2
S01009980,Economically inactive,310,298,12
S01009981,All people aged 16 and over,532,516,16
S01009981,Economically active: Total,301,293,8
S01009981,Economically active: Employee: Total,223,217,6
S01009981,Economically active: Employee: Part-time (1),85,81,4
S01009981,Economically active: Employee: Full-time (1),138,136,2
S01009981,Economically active: Self-employed: Total,12,10,2
S01009981,Economically active: Self-employed: Part-time (1),1,1,0
S01009981,Economically active: Self-employed: Full-time (1),11,9,2
S01009981,Economically active: Unemployed (1),66,66,0
S01009981,Economically inactive,231,223,8
S01009982,All people aged 16 and over,767,708,59
S01009982,Economically active: Total,497,455,42
S01009982,Economically active: Employee: Total,390,361,29
S01009982,Economically active: Employee: Part-time (1),141,126,15
S01009982,Economically active: Employee: Full-time (1),249,235,14
S01009982,Economically active: Self-employed: Total,39,29,10
S01009982,Economically active: Self-employed: Part-time (1),8,6,2
S01009982,Economically active: Self-employed: Full-time (1),31,23,8
S01009982,Economically active: Unemployed (1),68,65,3
S01009982,Economically inactive,270,253,17
S01009983,All people aged 16 and over,426,325,101
S01009983,Economically active: Total,228,148,80
S01009983,Economically active: Employee: Total,156,96,60
S01009983,Economically active: Employee: Part-time (1),65,48,17
S01009983,Economically active: Employee: Full-time (1),91,48,43
S01009983,Economically active: Self-employed: Total,6,4,2
S01009983,Economically active: Self-employed: Part-time (1),1,0,1
S01009983,Economically active: Self-employed: Full-time (1),5,4,1
S01009983,Economically active: Unemployed (1),66,48,18
S01009983,Economically inactive,198,177,21
S01009984,All people aged 16 and over,580,514,66
S01009984,Economically active: Total,388,332,56
S01009984,Economically active: Employee: Total,299,258,41
S01009984,Economically active: Employee: Part-time (1),82,70,12
S01009984,Economically active: Employee: Full-time (1),217,188,29
S01009984,Economically active: Self-employed: Total,34,26,8
S01009984,Economically active: Self-employed: Part-time (1),11,5,6
S01009984,Economically active: Self-employed: Full-time (1),23,21,2
S01009984,Economically active: Unemployed (1),55,48,7
S01009984,Economically inactive,192,182,10
S01009985,All people aged 16 and over,467,419,48
S01009985,Economically active: Total,268,235,33
S01009985,Economically active: Employee: Total,188,167,21
S01009985,Economically active: Employee: Part-time (1),54,49,5
S01009985,Economically active: Employee: Full-time (1),134,118,16
S01009985,Economically active: Self-employed: Total,14,11,3
S01009985,Economically active: Self-employed: Part-time (1),3,1,2
S01009985,Economically active: Self-employed: Full-time (1),11,10,1
S01009985,Economically active: Unemployed (1),66,57,9
S01009985,Economically inactive,199,184,15
S01009986,All people aged 16 and over,446,434,12
S01009986,Economically active: Total,208,201,7
S01009986,Economically active: Employee: Total,146,146,0
S01009986,Economically active: Employee: Part-time (1),50,50,0
S01009986,Economically active: Employee: Full-time (1),96,96,0
S01009986,Economically active: Self-employed: Total,6,6,0
S01009986,Economically active: Self-employed: Part-time (1),2,2,0
S01009986,Economically active: Self-employed: Full-time (1),4,4,0
S01009986,Economically active: Unemployed (1),56,49,7
S01009986,Economically inactive,238,233,5
S01009987,All people aged 16 and over,747,703,44
S01009987,Economically active: Total,370,345,25
S01009987,Economically active: Employee: Total,290,271,19
S01009987,Economically active: Employee: Part-time (1),80,75,5
S01009987,Economically active: Employee: Full-time (1),210,196,14
S01009987,Economically active: Self-employed: Total,21,19,2
S01009987,Economically active: Self-employed: Part-time (1),4,4,0
S01009987,Economically active: Self-employed: Full-time (1),17,15,2
S01009987,Economically active: Unemployed (1),59,55,4
S01009987,Economically inactive,377,358,19
S01009988,All people aged 16 and over,447,427,20
S01009988,Economically active: Total,195,187,8
S01009988,Economically active: Employee: Total,144,137,7
S01009988,Economically active: Employee: Part-time (1),53,50,3
S01009988,Economically active: Employee: Full-time (1),91,87,4
S01009988,Economically active: Self-employed: Total,5,5,0
S01009988,Economically active: Self-employed: Part-time (1),1,1,0
S01009988,Economically active: Self-employed: Full-time (1),4,4,0
S01009988,Economically active: Unemployed (1),46,45,1
S01009988,Economically inactive,252,240,12
S01009989,All people aged 16 and over,670,631,39
S01009989,Economically active: Total,434,414,20
S01009989,Economically active: Employee: Total,356,343,13
S01009989,Economically active: Employee: Part-time (1),92,86,6
S01009989,Economically active: Employee: Full-time (1),264,257,7
S01009989,Economically active: Self-employed: Total,27,25,2
S01009989,Economically active: Self-employed: Part-time (1),4,4,0
S01009989,Economically active: Self-employed: Full-time (1),23,21,2
S01009989,Economically active: Unemployed (1),51,46,5
S01009989,Economically inactive,236,217,19
S01009990,All people aged 16 and over,553,526,27
S01009990,Economically active: Total,401,382,19
S01009990,Economically active: Employee: Total,343,326,17
S01009990,Economically active: Employee: Part-time (1),94,93,1
S01009990,Economically active: Employee: Full-time (1),249,233,16
S01009990,Economically active: Self-employed: Total,22,21,1
S01009990,Economically active: Self-employed: Part-time (1),6,6,0
S01009990,Economically active: Self-employed: Full-time (1),16,15,1
S01009990,Economically active: Unemployed (1),36,35,1
S01009990,Economically inactive,152,144,8
S01009991,All people aged 16 and over,625,591,34
S01009991,Economically active: Total,458,436,22
S01009991,Economically active: Employee: Total,387,372,15
S01009991,Economically active: Employee: Part-time (1),95,92,3
S01009991,Economically active: Employee: Full-time (1),292,280,12
S01009991,Economically active: Self-employed: Total,26,23,3
S01009991,Economically active: Self-employed: Part-time (1),6,5,1
S01009991,Economically active: Self-employed: Full-time (1),20,18,2
S01009991,Economically active: Unemployed (1),45,41,4
S01009991,Economically inactive,167,155,12
S01009992,All people aged 16 and over,573,548,25
S01009992,Economically active: Total,283,272,11
S01009992,Economically active: Employee: Total,207,198,9
S01009992,Economically active: Employee: Part-time (1),69,67,2
S01009992,Economically active: Employee: Full-time (1),138,131,7
S01009992,Economically active: Self-employed: Total,14,14,0
S01009992,Economically active: Self-employed: Part-time (1),7,7,0
S01009992,Economically active: Self-employed: Full-time (1),7,7,0
S01009992,Economically active: Unemployed (1),62,60,2
S01009992,Economically inactive,290,276,14
S01009993,All people aged 16 and over,659,626,33
S01009993,Economically active: Total,492,466,26
S01009993,Economically active: Employee: Total,416,398,18
S01009993,Economically active: Employee: Part-time (1),91,90,1
S01009993,Economically active: Employee: Full-time (1),325,308,17
S01009993,Economically active: Self-employed: Total,44,40,4
S01009993,Economically active: Self-employed: Part-time (1),13,11,2
S01009993,Economically active: Self-employed: Full-time (1),31,29,2
S01009993,Economically active: Unemployed (1),32,28,4
S01009993,Economically inactive,167,160,7
S01009994,All people aged 16 and over,532,512,20
S01009994,Economically active: Total,385,370,15
S01009994,Economically active: Employee: Total,333,319,14
S01009994,Economically active: Employee: Part-time (1),94,88,6
S01009994,Economically active: Employee: Full-time (1),239,231,8
S01009994,Economically active: Self-employed: Total,27,26,1
S01009994,Economically active: Self-employed: Part-time (1),3,2,1
S01009994,Economically active: Self-employed: Full-time (1),24,24,0
S01009994,Economically active: Unemployed (1),25,25,0
S01009994,Economically inactive,147,142,5
S01009995,All people aged 16 and over,535,493,42
S01009995,Economically active: Total,398,367,31
S01009995,Economically active: Employee: Total,340,317,23
S01009995,Economically active: Employee: Part-time (1),92,86,6
S01009995,Economically active: Employee: Full-time (1),248,231,17
S01009995,Economically active: Self-employed: Total,27,21,6
S01009995,Economically active: Self-employed: Part-time (1),13,10,3
S01009995,Economically active: Self-employed: Full-time (1),14,11,3
S01009995,Economically active: Unemployed (1),31,29,2
S01009995,Economically inactive,137,126,11
S01009996,All people aged 16 and over,572,538,34
S01009996,Economically active: Total,394,366,28
S01009996,Economically active: Employee: Total,330,306,24
S01009996,Economically active: Employee: Part-time (1),104,95,9
S01009996,Economically active: Employee: Full-time (1),226,211,15
S01009996,Economically active: Self-employed: Total,25,24,1
S01009996,Economically active: Self-employed: Part-time (1),4,4,0
S01009996,Economically active: Self-employed: Full-time (1),21,20,1
S01009996,Economically active: Unemployed (1),39,36,3
S01009996,Economically inactive,178,172,6
S01009997,All people aged 16 and over,470,439,31
S01009997,Economically active: Total,340,311,29
S01009997,Economically active: Employee: Total,288,266,22
S01009997,Economically active: Employee: Part-time (1),64,61,3
S01009997,Economically active: Employee: Full-time (1),224,205,19
S01009997,Economically active: Self-employed: Total,21,19,2
S01009997,Economically active: Self-employed: Part-time (1),4,2,2
S01009997,Economically active: Self-employed: Full-time (1),17,17,0
S01009997,Economically active: Unemployed (1),31,26,5
S01009997,Economically inactive,130,128,2
S01009998,All people aged 16 and over,524,470,54
S01009998,Economically active: Total,298,274,24
S01009998,Economically active: Employee: Total,224,211,13
S01009998,Economically active: Employee: Part-time (1),61,56,5
S01009998,Economically active: Employee: Full-time (1),163,155,8
S01009998,Economically active: Self-employed: Total,47,38,9
S01009998,Economically active: Self-employed: Part-time (1),10,9,1
S01009998,Economically active: Self-employed: Full-time (1),37,29,8
S01009998,Economically active: Unemployed (1),27,25,2
S01009998,Economically inactive,226,196,30
S01009999,All people aged 16 and over,597,566,31
S01009999,Economically active: Total,369,351,18
S01009999,Economically active: Employee: Total,310,296,14
S01009999,Economically active: Employee: Part-time (1),80,77,3
S01009999,Economically active: Employee: Full-time (1),230,219,11
S01009999,Economically active: Self-employed: Total,28,24,4
S01009999,Economically active: Self-employed: Part-time (1),11,10,1
S01009999,Economically active: Self-employed: Full-time (1),17,14,3
S01009999,Economically active: Unemployed (1),31,31,0
S01009999,Economically inactive,228,215,13
S01010000,All people aged 16 and over,491,458,33
S01010000,Economically active: Total,362,341,21
S01010000,Economically active: Employee: Total,300,285,15
S01010000,Economically active: Employee: Part-time (1),71,66,5
S01010000,Economically active: Employee: Full-time (1),229,219,10
S01010000,Economically active: Self-employed: Total,25,19,6
S01010000,Economically active: Self-employed: Part-time (1),5,3,2
S01010000,Economically active: Self-employed: Full-time (1),20,16,4
S01010000,Economically active: Unemployed (1),37,37,0
S01010000,Economically inactive,129,117,12
S01010001,All people aged 16 and over,617,558,59
S01010001,Economically active: Total,406,364,42
S01010001,Economically active: Employee: Total,343,317,26
S01010001,Economically active: Employee: Part-time (1),91,82,9
S01010001,Economically active: Employee: Full-time (1),252,235,17
S01010001,Economically active: Self-employed: Total,29,20,9
S01010001,Economically active: Self-employed: Part-time (1),12,5,7
S01010001,Economically active: Self-employed: Full-time (1),17,15,2
S01010001,Economically active: Unemployed (1),34,27,7
S01010001,Economically inactive,211,194,17
S01010002,All people aged 16 and over,644,557,87
S01010002,Economically active: Total,438,390,48
S01010002,Economically active: Employee: Total,369,332,37
S01010002,Economically active: Employee: Part-time (1),121,107,14
S01010002,Economically active: Employee: Full-time (1),248,225,23
S01010002,Economically active: Self-employed: Total,30,26,4
S01010002,Economically active: Self-employed: Part-time (1),9,8,1
S01010002,Economically active: Self-employed: Full-time (1),21,18,3
S01010002,Economically active: Unemployed (1),39,32,7
S01010002,Economically inactive,206,167,39
S01010003,All people aged 16 and over,571,548,23
S01010003,Economically active: Total,393,382,11
S01010003,Economically active: Employee: Total,335,326,9
S01010003,Economically active: Employee: Part-time (1),92,89,3
S01010003,Economically active: Employee: Full-time (1),243,237,6
S01010003,Economically active: Self-employed: Total,34,33,1
S01010003,Economically active: Self-employed: Part-time (1),11,11,0
S01010003,Economically active: Self-employed: Full-time (1),23,22,1
S01010003,Economically active: Unemployed (1),24,23,1
S01010003,Economically inactive,178,166,12
S01010004,All people aged 16 and over,617,566,51
S01010004,Economically active: Total,393,361,32
S01010004,Economically active: Employee: Total,313,297,16
S01010004,Economically active: Employee: Part-time (1),89,83,6
S01010004,Economically active: Employee: Full-time (1),224,214,10
S01010004,Economically active: Self-employed: Total,40,31,9
S01010004,Economically active: Self-employed: Part-time (1),12,10,2
S01010004,Economically active: Self-employed: Full-time (1),28,21,7
S01010004,Economically active: Unemployed (1),40,33,7
S01010004,Economically inactive,224,205,19
S01010005,All people aged 16 and over,682,635,47
S01010005,Economically active: Total,479,449,30
S01010005,Economically active: Employee: Total,386,365,21
S01010005,Economically active: Employee: Part-time (1),56,53,3
S01010005,Economically active: Employee: Full-time (1),330,312,18
S01010005,Economically active: Self-employed: Total,31,26,5
S01010005,Economically active: Self-employed: Part-time (1),9,6,3
S01010005,Economically active: Self-employed: Full-time (1),22,20,2
S01010005,Economically active: Unemployed (1),62,58,4
S01010005,Economically inactive,203,186,17
S01010006,All people aged 16 and over,810,731,79
S01010006,Economically active: Total,560,510,50
S01010006,Economically active: Employee: Total,493,449,44
S01010006,Economically active: Employee: Part-time (1),73,62,11
S01010006,Economically active: Employee: Full-time (1),420,387,33
S01010006,Economically active: Self-employed: Total,24,23,1
S01010006,Economically active: Self-employed: Part-time (1),4,3,1
S01010006,Economically active: Self-employed: Full-time (1),20,20,0
S01010006,Economically active: Unemployed (1),43,38,5
S01010006,Economically inactive,250,221,29
S01010007,All people aged 16 and over,805,754,51
S01010007,Economically active: Total,553,519,34
S01010007,Economically active: Employee: Total,473,445,28
S01010007,Economically active: Employee: Part-time (1),117,107,10
S01010007,Economically active: Employee: Full-time (1),356,338,18
S01010007,Economically active: Self-employed: Total,56,52,4
S01010007,Economically active: Self-employed: Part-time (1),19,19,0
S01010007,Economically active: Self-employed: Full-time (1),37,33,4
S01010007,Economically active: Unemployed (1),24,22,2
S01010007,Economically inactive,252,235,17
S01010008,All people aged 16 and over,567,528,39
S01010008,Economically active: Total,413,388,25
S01010008,Economically active: Employee: Total,352,333,19
S01010008,Economically active: Employee: Part-time (1),49,44,5
S01010008,Economically active: Employee: Full-time (1),303,289,14
S01010008,Economically active: Self-employed: Total,33,31,2
S01010008,Economically active: Self-employed: Part-time (1),9,9,0
S01010008,Economically active: Self-employed: Full-time (1),24,22,2
S01010008,Economically active: Unemployed (1),28,24,4
S01010008,Economically inactive,154,140,14
S01010009,All people aged 16 and over,528,481,47
S01010009,Economically active: Total,423,386,37
S01010009,Economically active: Employee: Total,359,329,30
S01010009,Economically active: Employee: Part-time (1),55,43,12
S01010009,Economically active: Employee: Full-time (1),304,286,18
S01010009,Economically active: Self-employed: Total,29,23,6
S01010009,Economically active: Self-employed: Part-time (1),10,8,2
S01010009,Economically active: Self-employed: Full-time (1),19,15,4
S01010009,Economically active: Unemployed (1),35,34,1
S01010009,Economically inactive,105,95,10
S01010010,All people aged 16 and over,858,794,64
S01010010,Economically active: Total,575,540,35
S01010010,Economically active: Employee: Total,472,448,24
S01010010,Economically active: Employee: Part-time (1),124,118,6
S01010010,Economically active: Employee: Full-time (1),348,330,18
S01010010,Economically active: Self-employed: Total,71,63,8
S01010010,Economically active: Self-employed: Part-time (1),21,18,3
S01010010,Economically active: Self-employed: Full-time (1),50,45,5
S01010010,Economically active: Unemployed (1),32,29,3
S01010010,Economically inactive,283,254,29
S01010011,All people aged 16 and over,703,655,48
S01010011,Economically active: Total,415,385,30
S01010011,Economically active: Employee: Total,352,330,22
S01010011,Economically active: Employee: Part-time (1),54,51,3
S01010011,Economically active: Employee: Full-time (1),298,279,19
S01010011,Economically active: Self-employed: Total,25,22,3
S01010011,Economically active: Self-employed: Part-time (1),10,8,2
S01010011,Economically active: Self-employed: Full-time (1),15,14,1
S01010011,Economically active: Unemployed (1),38,33,5
S01010011,Economically inactive,288,270,18
S01010012,All people aged 16 and over,685,613,72
S01010012,Economically active: Total,428,394,34
S01010012,Economically active: Employee: Total,359,337,22
S01010012,Economically active: Employee: Part-time (1),111,105,6
S01010012,Economically active: Employee: Full-time (1),248,232,16
S01010012,Economically active: Self-employed: Total,43,35,8
S01010012,Economically active: Self-employed: Part-time (1),10,8,2
S01010012,Economically active: Self-employed: Full-time (1),33,27,6
S01010012,Economically active: Unemployed (1),26,22,4
S01010012,Economically inactive,257,219,38
S01010013,All people aged 16 and over,698,650,48
S01010013,Economically active: Total,518,477,41
S01010013,Economically active: Employee: Total,430,398,32
S01010013,Economically active: Employee: Part-time (1),84,77,7
S01010013,Economically active: Employee: Full-time (1),346,321,25
S01010013,Economically active: Self-employed: Total,41,36,5
S01010013,Economically active: Self-employed: Part-time (1),11,10,1
S01010013,Economically active: Self-employed: Full-time (1),30,26,4
S01010013,Economically active: Unemployed (1),47,43,4
S01010013,Economically inactive,180,173,7
S01010014,All people aged 16 and over,874,763,111
S01010014,Economically active: Total,616,547,69
S01010014,Economically active: Employee: Total,488,434,54
S01010014,Economically active: Employee: Part-time (1),98,80,18
S01010014,Economically active: Employee: Full-time (1),390,354,36
S01010014,Economically active: Self-employed: Total,82,72,10
S01010014,Economically active: Self-employed: Part-time (1),15,15,0
S01010014,Economically active: Self-employed: Full-time (1),67,57,10
S01010014,Economically active: Unemployed (1),46,41,5
S01010014,Economically inactive,258,216,42
S01010015,All people aged 16 and over,711,623,88
S01010015,Economically active: Total,555,498,57
S01010015,Economically active: Employee: Total,445,401,44
S01010015,Economically active: Employee: Part-time (1),78,64,14
S01010015,Economically active: Employee: Full-time (1),367,337,30
S01010015,Economically active: Self-employed: Total,58,51,7
S01010015,Economically active: Self-employed: Part-time (1),16,11,5
S01010015,Economically active: Self-employed: Full-time (1),42,40,2
S01010015,Economically active: Unemployed (1),52,46,6
S01010015,Economically inactive,156,125,31
S01010016,All people aged 16 and over,611,555,56
S01010016,Economically active: Total,328,302,26
S01010016,Economically active: Employee: Total,277,252,25
S01010016,Economically active: Employee: Part-time (1),86,76,10
S01010016,Economically active: Employee: Full-time (1),191,176,15
S01010016,Economically active: Self-employed: Total,21,20,1
S01010016,Economically active: Self-employed: Part-time (1),1,1,0
S01010016,Economically active: Self-employed: Full-time (1),20,19,1
S01010016,Economically active: Unemployed (1),30,30,0
S01010016,Economically inactive,283,253,30
S01010017,All people aged 16 and over,606,569,37
S01010017,Economically active: Total,347,329,18
S01010017,Economically active: Employee: Total,267,254,13
S01010017,Economically active: Employee: Part-time (1),96,93,3
S01010017,Economically active: Employee: Full-time (1),171,161,10
S01010017,Economically active: Self-employed: Total,17,14,3
S01010017,Economically active: Self-employed: Part-time (1),3,3,0
S01010017,Economically active: Self-employed: Full-time (1),14,11,3
S01010017,Economically active: Unemployed (1),63,61,2
S01010017,Economically inactive,259,240,19
S01010018,All people aged 16 and over,798,707,91
S01010018,Economically active: Total,418,380,38
S01010018,Economically active: Employee: Total,365,331,34
S01010018,Economically active: Employee: Part-time (1),98,87,11
S01010018,Economically active: Employee: Full-time (1),267,244,23
S01010018,Economically active: Self-employed: Total,24,22,2
S01010018,Economically active: Self-employed: Part-time (1),10,8,2
S01010018,Economically active: Self-employed: Full-time (1),14,14,0
S01010018,Economically active: Unemployed (1),29,27,2
S01010018,Economically inactive,380,327,53
S01010019,All people aged 16 and over,586,527,59
S01010019,Economically active: Total,293,263,30
S01010019,Economically active: Employee: Total,224,199,25
S01010019,Economically active: Employee: Part-time (1),83,73,10
S01010019,Economically active: Employee: Full-time (1),141,126,15
S01010019,Economically active: Self-employed: Total,10,10,0
S01010019,Economically active: Self-employed: Part-time (1),2,2,0
S01010019,Economically active: Self-employed: Full-time (1),8,8,0
S01010019,Economically active: Unemployed (1),59,54,5
S01010019,Economically inactive,293,264,29
S01010020,All people aged 16 and over,627,576,51
S01010020,Economically active: Total,350,334,16
S01010020,Economically active: Employee: Total,302,291,11
S01010020,Economically active: Employee: Part-time (1),93,89,4
S01010020,Economically active: Employee: Full-time (1),209,202,7
S01010020,Economically active: Self-employed: Total,21,17,4
S01010020,Economically active: Self-employed: Part-time (1),7,7,0
S01010020,Economically active: Self-employed: Full-time (1),14,10,4
S01010020,Economically active: Unemployed (1),27,26,1
S01010020,Economically inactive,277,242,35
S01010021,All people aged 16 and over,624,436,188
S01010021,Economically active: Total,305,207,98
S01010021,Economically active: Employee: Total,200,133,67
S01010021,Economically active: Employee: Part-time (1),84,54,30
S01010021,Economically active: Employee: Full-time (1),116,79,37
S01010021,Economically active: Self-employed: Total,23,18,5
S01010021,Economically active: Self-employed: Part-time (1),4,3,1
S01010021,Economically active: Self-employed: Full-time (1),19,15,4
S01010021,Economically active: Unemployed (1),82,56,26
S01010021,Economically inactive,319,229,90
S01010022,All people aged 16 and over,773,668,105
S01010022,Economically active: Total,415,358,57
S01010022,Economically active: Employee: Total,315,272,43
S01010022,Economically active: Employee: Part-time (1),81,69,12
S01010022,Economically active: Employee: Full-time (1),234,203,31
S01010022,Economically active: Self-employed: Total,32,26,6
S01010022,Economically active: Self-employed: Part-time (1),12,8,4
S01010022,Economically active: Self-employed: Full-time (1),20,18,2
S01010022,Economically active: Unemployed (1),68,60,8
S01010022,Economically inactive,358,310,48
S01010023,All people aged 16 and over,536,494,42
S01010023,Economically active: Total,212,189,23
S01010023,Economically active: Employee: Total,154,137,17
S01010023,Economically active: Employee: Part-time (1),53,48,5
S01010023,Economically active: Employee: Full-time (1),101,89,12
S01010023,Economically active: Self-employed: Total,9,8,1
S01010023,Economically active: Self-employed: Part-time (1),3,2,1
S01010023,Economically active: Self-employed: Full-time (1),6,6,0
S01010023,Economically active: Unemployed (1),49,44,5
S01010023,Economically inactive,324,305,19
S01010024,All people aged 16 and over,625,532,93
S01010024,Economically active: Total,363,300,63
S01010024,Economically active: Employee: Total,298,253,45
S01010024,Economically active: Employee: Part-time (1),97,82,15
S01010024,Economically active: Employee: Full-time (1),201,171,30
S01010024,Economically active: Self-employed: Total,14,11,3
S01010024,Economically active: Self-employed: Part-time (1),5,3,2
S01010024,Economically active: Self-employed: Full-time (1),9,8,1
S01010024,Economically active: Unemployed (1),51,36,15
S01010024,Economically inactive,262,232,30
S01010025,All people aged 16 and over,471,368,103
S01010025,Economically active: Total,231,158,73
S01010025,Economically active: Employee: Total,162,115,47
S01010025,Economically active: Employee: Part-time (1),57,40,17
S01010025,Economically active: Employee: Full-time (1),105,75,30
S01010025,Economically active: Self-employed: Total,22,10,12
S01010025,Economically active: Self-employed: Part-time (1),11,4,7
S01010025,Economically active: Self-employed: Full-time (1),11,6,5
S01010025,Economically active: Unemployed (1),47,33,14
S01010025,Economically inactive,240,210,30
S01010026,All people aged 16 and over,758,628,130
S01010026,Economically active: Total,477,379,98
S01010026,Economically active: Employee: Total,382,305,77
S01010026,Economically active: Employee: Part-time (1),87,65,22
S01010026,Economically active: Employee: Full-time (1),295,240,55
S01010026,Economically active: Self-employed: Total,30,22,8
S01010026,Economically active: Self-employed: Part-time (1),4,3,1
S01010026,Economically active: Self-employed: Full-time (1),26,19,7
S01010026,Economically active: Unemployed (1),65,52,13
S01010026,Economically inactive,281,249,32
S01010027,All people aged 16 and over,761,629,132
S01010027,Economically active: Total,480,403,77
S01010027,Economically active: Employee: Total,396,338,58
S01010027,Economically active: Employee: Part-time (1),101,85,16
S01010027,Economically active: Employee: Full-time (1),295,253,42
S01010027,Economically active: Self-employed: Total,29,22,7
S01010027,Economically active: Self-employed: Part-time (1),6,4,2
S01010027,Economically active: Self-employed: Full-time (1),23,18,5
S01010027,Economically active: Unemployed (1),55,43,12
S01010027,Economically inactive,281,226,55
S01010028,All people aged 16 and over,547,473,74
S01010028,Economically active: Total,283,236,47
S01010028,Economically active: Employee: Total,221,193,28
S01010028,Economically active: Employee: Part-time (1),63,50,13
S01010028,Economically active: Employee: Full-time (1),158,143,15
S01010028,Economically active: Self-employed: Total,21,14,7
S01010028,Economically active: Self-employed: Part-time (1),4,2,2
S01010028,Economically active: Self-employed: Full-time (1),17,12,5
S01010028,Economically active: Unemployed (1),41,29,12
S01010028,Economically inactive,264,237,27
S01010029,All people aged 16 and over,574,511,63
S01010029,Economically active: Total,217,194,23
S01010029,Economically active: Employee: Total,174,156,18
S01010029,Economically active: Employee: Part-time (1),59,52,7
S01010029,Economically active: Employee: Full-time (1),115,104,11
S01010029,Economically active: Self-employed: Total,11,9,2
S01010029,Economically active: Self-employed: Part-time (1),4,2,2
S01010029,Economically active: Self-employed: Full-time (1),7,7,0
S01010029,Economically active: Unemployed (1),32,29,3
S01010029,Economically inactive,357,317,40
S01010030,All people aged 16 and over,704,576,128
S01010030,Economically active: Total,501,419,82
S01010030,Economically active: Employee: Total,428,356,72
S01010030,Economically active: Employee: Part-time (1),85,72,13
S01010030,Economically active: Employee: Full-time (1),343,284,59
S01010030,Economically active: Self-employed: Total,27,25,2
S01010030,Economically active: Self-employed: Part-time (1),7,7,0
S01010030,Economically active: Self-employed: Full-time (1),20,18,2
S01010030,Economically active: Unemployed (1),46,38,8
S01010030,Economically inactive,203,157,46
S01010031,All people aged 16 and over,730,541,189
S01010031,Economically active: Total,549,422,127
S01010031,Economically active: Employee: Total,438,350,88
S01010031,Economically active: Employee: Part-time (1),90,72,18
S01010031,Economically active: Employee: Full-time (1),348,278,70
S01010031,Economically active: Self-employed: Total,45,35,10
S01010031,Economically active: Self-employed: Part-time (1),11,7,4
S01010031,Economically active: Self-employed: Full-time (1),34,28,6
S01010031,Economically active: Unemployed (1),66,37,29
S01010031,Economically inactive,181,119,62
S01010032,All people aged 16 and over,804,527,277
S01010032,Economically active: Total,479,349,130
S01010032,Economically active: Employee: Total,371,295,76
S01010032,Economically active: Employee: Part-time (1),99,60,39
S01010032,Economically active: Employee: Full-time (1),272,235,37
S01010032,Economically active: Self-employed: Total,24,21,3
S01010032,Economically active: Self-employed: Part-time (1),5,4,1
S01010032,Economically active: Self-employed: Full-time (1),19,17,2
S01010032,Economically active: Unemployed (1),84,33,51
S01010032,Economically inactive,325,178,147
S01010033,All people aged 16 and over,769,546,223
S01010033,Economically active: Total,463,337,126
S01010033,Economically active: Employee: Total,351,267,84
S01010033,Economically active: Employee: Part-time (1),89,61,28
S01010033,Economically active: Employee: Full-time (1),262,206,56
S01010033,Economically active: Self-employed: Total,33,21,12
S01010033,Economically active: Self-employed: Part-time (1),3,1,2
S01010033,Economically active: Self-employed: Full-time (1),30,20,10
S01010033,Economically active: Unemployed (1),79,49,30
S01010033,Economically inactive,306,209,97
S01010034,All people aged 16 and over,882,722,160
S01010034,Economically active: Total,431,348,83
S01010034,Economically active: Employee: Total,354,293,61
S01010034,Economically active: Employee: Part-time (1),101,77,24
S01010034,Economically active: Employee: Full-time (1),253,216,37
S01010034,Economically active: Self-employed: Total,15,12,3
S01010034,Economically active: Self-employed: Part-time (1),3,3,0
S01010034,Economically active: Self-employed: Full-time (1),12,9,3
S01010034,Economically active: Unemployed (1),62,43,19
S01010034,Economically inactive,451,374,77
S01010035,All people aged 16 and over,573,341,232
S01010035,Economically active: Total,301,163,138
S01010035,Economically active: Employee: Total,213,120,93
S01010035,Economically active: Employee: Part-time (1),79,37,42
S01010035,Economically active: Employee: Full-time (1),134,83,51
S01010035,Economically active: Self-employed: Total,14,5,9
S01010035,Economically active: Self-employed: Part-time (1),8,3,5
S01010035,Economically active: Self-employed: Full-time (1),6,2,4
S01010035,Economically active: Unemployed (1),74,38,36
S01010035,Economically inactive,272,178,94
S01010036,All people aged 16 and over,767,449,318
S01010036,Economically active: Total,572,360,212
S01010036,Economically active: Employee: Total,446,300,146
S01010036,Economically active: Employee: Part-time (1),180,123,57
S01010036,Economically active: Employee: Full-time (1),266,177,89
S01010036,Economically active: Self-employed: Total,46,25,21
S01010036,Economically active: Self-employed: Part-time (1),22,9,13
S01010036,Economically active: Self-employed: Full-time (1),24,16,8
S01010036,Economically active: Unemployed (1),80,35,45
S01010036,Economically inactive,195,89,106
S01010037,All people aged 16 and over,565,511,54
S01010037,Economically active: Total,234,199,35
S01010037,Economically active: Employee: Total,186,157,29
S01010037,Economically active: Employee: Part-time (1),47,39,8
S01010037,Economically active: Employee: Full-time (1),139,118,21
S01010037,Economically active: Self-employed: Total,10,9,1
S01010037,Economically active: Self-employed: Part-time (1),2,2,0
S01010037,Economically active: Self-employed: Full-time (1),8,7,1
S01010037,Economically active: Unemployed (1),38,33,5
S01010037,Economically inactive,331,312,19
S01010038,All people aged 16 and over,867,764,103
S01010038,Economically active: Total,448,372,76
S01010038,Economically active: Employee: Total,366,300,66
S01010038,Economically active: Employee: Part-time (1),101,73,28
S01010038,Economically active: Employee: Full-time (1),265,227,38
S01010038,Economically active: Self-employed: Total,32,29,3
S01010038,Economically active: Self-employed: Part-time (1),9,7,2
S01010038,Economically active: Self-employed: Full-time (1),23,22,1
S01010038,Economically active: Unemployed (1),50,43,7
S01010038,Economically inactive,419,392,27
S01010039,All people aged 16 and over,931,703,228
S01010039,Economically active: Total,669,517,152
S01010039,Economically active: Employee: Total,558,430,128
S01010039,Economically active: Employee: Part-time (1),127,101,26
S01010039,Economically active: Employee: Full-time (1),431,329,102
S01010039,Economically active: Self-employed: Total,59,50,9
S01010039,Economically active: Self-employed: Part-time (1),19,13,6
S01010039,Economically active: Self-employed: Full-time (1),40,37,3
S01010039,Economically active: Unemployed (1),52,37,15
S01010039,Economically inactive,262,186,76
S01010040,All people aged 16 and over,666,535,131
S01010040,Economically active: Total,484,383,101
S01010040,Economically active: Employee: Total,388,308,80
S01010040,Economically active: Employee: Part-time (1),78,56,22
S01010040,Economically active: Employee: Full-time (1),310,252,58
S01010040,Economically active: Self-employed: Total,46,38,8
S01010040,Economically active: Self-employed: Part-time (1),16,12,4
S01010040,Economically active: Self-employed: Full-time (1),30,26,4
S01010040,Economically active: Unemployed (1),50,37,13
S01010040,Economically inactive,182,152,30
S01010041,All people aged 16 and over,627,514,113
S01010041,Economically active: Total,401,323,78
S01010041,Economically active: Employee: Total,339,275,64
S01010041,Economically active: Employee: Part-time (1),76,63,13
S01010041,Economically active: Employee: Full-time (1),263,212,51
S01010041,Economically active: Self-employed: Total,33,26,7
S01010041,Economically active: Self-employed: Part-time (1),12,7,5
S01010041,Economically active: Self-employed: Full-time (1),21,19,2
S01010041,Economically active: Unemployed (1),29,22,7
S01010041,Economically inactive,226,191,35
S01010042,All people aged 16 and over,974,704,270
S01010042,Economically active: Total,717,516,201
S01010042,Economically active: Employee: Total,583,425,158
S01010042,Economically active: Employee: Part-time (1),135,102,33
S01010042,Economically active: Employee: Full-time (1),448,323,125
S01010042,Economically active: Self-employed: Total,44,29,15
S01010042,Economically active: Self-employed: Part-time (1),10,6,4
S01010042,Economically active: Self-employed: Full-time (1),34,23,11
S01010042,Economically active: Unemployed (1),90,62,28
S01010042,Economically inactive,257,188,69
S01010043,All people aged 16 and over,656,545,111
S01010043,Economically active: Total,404,314,90
S01010043,Economically active: Employee: Total,305,233,72
S01010043,Economically active: Employee: Part-time (1),95,68,27
S01010043,Economically active: Employee: Full-time (1),210,165,45
S01010043,Economically active: Self-employed: Total,16,13,3
S01010043,Economically active: Self-employed: Part-time (1),5,4,1
S01010043,Economically active: Self-employed: Full-time (1),11,9,2
S01010043,Economically active: Unemployed (1),83,68,15
S01010043,Economically inactive,252,231,21
S01010044,All people aged 16 and over,993,870,123
S01010044,Economically active: Total,584,485,99
S01010044,Economically active: Employee: Total,485,410,75
S01010044,Economically active: Employee: Part-time (1),119,94,25
S01010044,Economically active: Employee: Full-time (1),366,316,50
S01010044,Economically active: Self-employed: Total,37,27,10
S01010044,Economically active: Self-employed: Part-time (1),13,11,2
S01010044,Economically active: Self-employed: Full-time (1),24,16,8
S01010044,Economically active: Unemployed (1),62,48,14
S01010044,Economically inactive,409,385,24
S01010045,All people aged 16 and over,418,392,26
S01010045,Economically active: Total,179,158,21
S01010045,Economically active: Employee: Total,140,123,17
S01010045,Economically active: Employee: Part-time (1),55,51,4
S01010045,Economically active: Employee: Full-time (1),85,72,13
S01010045,Economically active: Self-employed: Total,7,7,0
S01010045,Economically active: Self-employed: Part-time (1),4,4,0
S01010045,Economically active: Self-employed: Full-time (1),3,3,0
S01010045,Economically active: Unemployed (1),32,28,4
S01010045,Economically inactive,239,234,5
S01010046,All people aged 16 and over,647,604,43
S01010046,Economically active: Total,349,317,32
S01010046,Economically active: Employee: Total,268,248,20
S01010046,Economically active: Employee: Part-time (1),72,67,5
S01010046,Economically active: Employee: Full-time (1),196,181,15
S01010046,Economically active: Self-employed: Total,33,24,9
S01010046,Economically active: Self-employed: Part-time (1),18,13,5
S01010046,Economically active: Self-employed: Full-time (1),15,11,4
S01010046,Economically active: Unemployed (1),48,45,3
S01010046,Economically inactive,298,287,11
S01010047,All people aged 16 and over,694,651,43
S01010047,Economically active: Total,317,280,37
S01010047,Economically active: Employee: Total,239,213,26
S01010047,Economically active: Employee: Part-time (1),79,73,6
S01010047,Economically active: Employee: Full-time (1),160,140,20
S01010047,Economically active: Self-employed: Total,16,11,5
S01010047,Economically active: Self-employed: Part-time (1),5,4,1
S01010047,Economically active: Self-employed: Full-time (1),11,7,4
S01010047,Economically active: Unemployed (1),62,56,6
S01010047,Economically inactive,377,371,6
S01010048,All people aged 16 and over,810,728,82
S01010048,Economically active: Total,388,340,48
S01010048,Economically active: Employee: Total,306,264,42
S01010048,Economically active: Employee: Part-time (1),76,58,18
S01010048,Economically active: Employee: Full-time (1),230,206,24
S01010048,Economically active: Self-employed: Total,18,13,5
S01010048,Economically active: Self-employed: Part-time (1),6,5,1
S01010048,Economically active: Self-employed: Full-time (1),12,8,4
S01010048,Economically active: Unemployed (1),64,63,1
S01010048,Economically inactive,422,388,34
S01010049,All people aged 16 and over,604,514,90
S01010049,Economically active: Total,317,254,63
S01010049,Economically active: Employee: Total,241,189,52
S01010049,Economically active: Employee: Part-time (1),88,75,13
S01010049,Economically active: Employee: Full-time (1),153,114,39
S01010049,Economically active: Self-employed: Total,11,7,4
S01010049,Economically active: Self-employed: Part-time (1),4,2,2
S01010049,Economically active: Self-employed: Full-time (1),7,5,2
S01010049,Economically active: Unemployed (1),65,58,7
S01010049,Economically inactive,287,260,27
S01010050,All people aged 16 and over,807,724,83
S01010050,Economically active: Total,373,313,60
S01010050,Economically active: Employee: Total,287,234,53
S01010050,Economically active: Employee: Part-time (1),95,82,13
S01010050,Economically active: Employee: Full-time (1),192,152,40
S01010050,Economically active: Self-employed: Total,15,11,4
S01010050,Economically active: Self-employed: Part-time (1),2,1,1
S01010050,Economically active: Self-employed: Full-time (1),13,10,3
S01010050,Economically active: Unemployed (1),71,68,3
S01010050,Economically inactive,434,411,23
S01010051,All people aged 16 and over,606,506,100
S01010051,Economically active: Total,269,203,66
S01010051,Economically active: Employee: Total,209,158,51
S01010051,Economically active: Employee: Part-time (1),57,42,15
S01010051,Economically active: Employee: Full-time (1),152,116,36
S01010051,Economically active: Self-employed: Total,14,11,3
S01010051,Economically active: Self-employed: Part-time (1),8,5,3
S01010051,Economically active: Self-employed: Full-time (1),6,6,0
S01010051,Economically active: Unemployed (1),46,34,12
S01010051,Economically inactive,337,303,34
S01010052,All people aged 16 and over,555,457,98
S01010052,Economically active: Total,305,223,82
S01010052,Economically active: Employee: Total,235,174,61
S01010052,Economically active: Employee: Part-time (1),59,43,16
S01010052,Economically active: Employee: Full-time (1),176,131,45
S01010052,Economically active: Self-employed: Total,12,9,3
S01010052,Economically active: Self-employed: Part-time (1),3,2,1
S01010052,Economically active: Self-employed: Full-time (1),9,7,2
S01010052,Economically active: Unemployed (1),58,40,18
S01010052,Economically inactive,250,234,16
S01010053,All people aged 16 and over,700,553,147
S01010053,Economically active: Total,400,294,106
S01010053,Economically active: Employee: Total,321,236,85
S01010053,Economically active: Employee: Part-time (1),110,82,28
S01010053,Economically active: Employee: Full-time (1),211,154,57
S01010053,Economically active: Self-employed: Total,22,14,8
S01010053,Economically active: Self-employed: Part-time (1),8,5,3
S01010053,Economically active: Self-employed: Full-time (1),14,9,5
S01010053,Economically active: Unemployed (1),57,44,13
S01010053,Economically inactive,300,259,41
S01010054,All people aged 16 and over,411,374,37
S01010054,Economically active: Total,200,172,28
S01010054,Economically active: Employee: Total,142,122,20
S01010054,Economically active: Employee: Part-time (1),50,45,5
S01010054,Economically active: Employee: Full-time (1),92,77,15
S01010054,Economically active: Self-employed: Total,6,3,3
S01010054,Economically active: Self-employed: Part-time (1),1,0,1
S01010054,Economically active: Self-employed: Full-time (1),5,3,2
S01010054,Economically active: Unemployed (1),52,47,5
S01010054,Economically inactive,211,202,9
S01010055,All people aged 16 and over,961,875,86
S01010055,Economically active: Total,500,442,58
S01010055,Economically active: Employee: Total,384,336,48
S01010055,Economically active: Employee: Part-time (1),110,99,11
S01010055,Economically active: Employee: Full-time (1),274,237,37
S01010055,Economically active: Self-employed: Total,32,30,2
S01010055,Economically active: Self-employed: Part-time (1),5,5,0
S01010055,Economically active: Self-employed: Full-time (1),27,25,2
S01010055,Economically active: Unemployed (1),84,76,8
S01010055,Economically inactive,461,433,28
S01010056,All people aged 16 and over,360,336,24
S01010056,Economically active: Total,202,187,15
S01010056,Economically active: Employee: Total,157,144,13
S01010056,Economically active: Employee: Part-time (1),49,48,1
S01010056,Economically active: Employee: Full-time (1),108,96,12
S01010056,Economically active: Self-employed: Total,13,12,1
S01010056,Economically active: Self-employed: Part-time (1),4,4,0
S01010056,Economically active: Self-employed: Full-time (1),9,8,1
S01010056,Economically active: Unemployed (1),32,31,1
S01010056,Economically inactive,158,149,9
S01010057,All people aged 16 and over,334,286,48
S01010057,Economically active: Total,197,163,34
S01010057,Economically active: Employee: Total,160,131,29
S01010057,Economically active: Employee: Part-time (1),50,48,2
S01010057,Economically active: Employee: Full-time (1),110,83,27
S01010057,Economically active: Self-employed: Total,11,10,1
S01010057,Economically active: Self-employed: Part-time (1),2,2,0
S01010057,Economically active: Self-employed: Full-time (1),9,8,1
S01010057,Economically active: Unemployed (1),26,22,4
S01010057,Economically inactive,137,123,14
S01010058,All people aged 16 and over,613,559,54
S01010058,Economically active: Total,366,334,32
S01010058,Economically active: Employee: Total,297,273,24
S01010058,Economically active: Employee: Part-time (1),93,87,6
S01010058,Economically active: Employee: Full-time (1),204,186,18
S01010058,Economically active: Self-employed: Total,18,14,4
S01010058,Economically active: Self-employed: Part-time (1),7,6,1
S01010058,Economically active: Self-employed: Full-time (1),11,8,3
S01010058,Economically active: Unemployed (1),51,47,4
S01010058,Economically inactive,247,225,22
S01010059,All people aged 16 and over,548,489,59
S01010059,Economically active: Total,372,327,45
S01010059,Economically active: Employee: Total,304,267,37
S01010059,Economically active: Employee: Part-time (1),69,63,6
S01010059,Economically active: Employee: Full-time (1),235,204,31
S01010059,Economically active: Self-employed: Total,23,20,3
S01010059,Economically active: Self-employed: Part-time (1),9,6,3
S01010059,Economically active: Self-employed: Full-time (1),14,14,0
S01010059,Economically active: Unemployed (1),45,40,5
S01010059,Economically inactive,176,162,14
S01010060,All people aged 16 and over,768,698,70
S01010060,Economically active: Total,444,394,50
S01010060,Economically active: Employee: Total,357,318,39
S01010060,Economically active: Employee: Part-time (1),86,78,8
S01010060,Economically active: Employee: Full-time (1),271,240,31
S01010060,Economically active: Self-employed: Total,28,23,5
S01010060,Economically active: Self-employed: Part-time (1),2,1,1
S01010060,Economically active: Self-employed: Full-time (1),26,22,4
S01010060,Economically active: Unemployed (1),59,53,6
S01010060,Economically inactive,324,304,20
S01010061,All people aged 16 and over,419,389,30
S01010061,Economically active: Total,295,287,8
S01010061,Economically active: Employee: Total,240,234,6
S01010061,Economically active: Employee: Part-time (1),46,45,1
S01010061,Economically active: Employee: Full-time (1),194,189,5
S01010061,Economically active: Self-employed: Total,24,23,1
S01010061,Economically active: Self-employed: Part-time (1),6,5,1
S01010061,Economically active: Self-employed: Full-time (1),18,18,0
S01010061,Economically active: Unemployed (1),31,30,1
S01010061,Economically inactive,124,102,22
S01010062,All people aged 16 and over,594,554,40
S01010062,Economically active: Total,319,290,29
S01010062,Economically active: Employee: Total,244,223,21
S01010062,Economically active: Employee: Part-time (1),83,79,4
S01010062,Economically active: Employee: Full-time (1),161,144,17
S01010062,Economically active: Self-employed: Total,28,25,3
S01010062,Economically active: Self-employed: Part-time (1),7,7,0
S01010062,Economically active: Self-employed: Full-time (1),21,18,3
S01010062,Economically active: Unemployed (1),47,42,5
S01010062,Economically inactive,275,264,11
S01010063,All people aged 16 and over,854,784,70
S01010063,Economically active: Total,475,421,54
S01010063,Economically active: Employee: Total,361,312,49
S01010063,Economically active: Employee: Part-time (1),90,82,8
S01010063,Economically active: Employee: Full-time (1),271,230,41
S01010063,Economically active: Self-employed: Total,25,22,3
S01010063,Economically active: Self-employed: Part-time (1),7,7,0
S01010063,Economically active: Self-employed: Full-time (1),18,15,3
S01010063,Economically active: Unemployed (1),89,87,2
S01010063,Economically inactive,379,363,16
S01010064,All people aged 16 and over,442,404,38
S01010064,Economically active: Total,260,233,27
S01010064,Economically active: Employee: Total,214,196,18
S01010064,Economically active: Employee: Part-time (1),56,54,2
S01010064,Economically active: Employee: Full-time (1),158,142,16
S01010064,Economically active: Self-employed: Total,17,14,3
S01010064,Economically active: Self-employed: Part-time (1),3,2,1
S01010064,Economically active: Self-employed: Full-time (1),14,12,2
S01010064,Economically active: Unemployed (1),29,23,6
S01010064,Economically inactive,182,171,11
S01010065,All people aged 16 and over,709,674,35
S01010065,Economically active: Total,372,345,27
S01010065,Economically active: Employee: Total,314,289,25
S01010065,Economically active: Employee: Part-time (1),83,79,4
S01010065,Economically active: Employee: Full-time (1),231,210,21
S01010065,Economically active: Self-employed: Total,21,20,1
S01010065,Economically active: Self-employed: Part-time (1),3,3,0
S01010065,Economically active: Self-employed: Full-time (1),18,17,1
S01010065,Economically active: Unemployed (1),37,36,1
S01010065,Economically inactive,337,329,8
S01010066,All people aged 16 and over,608,555,53
S01010066,Economically active: Total,301,274,27
S01010066,Economically active: Employee: Total,227,208,19
S01010066,Economically active: Employee: Part-time (1),85,77,8
S01010066,Economically active: Employee: Full-time (1),142,131,11
S01010066,Economically active: Self-employed: Total,20,19,1
S01010066,Economically active: Self-employed: Part-time (1),10,10,0
S01010066,Economically active: Self-employed: Full-time (1),10,9,1
S01010066,Economically active: Unemployed (1),54,47,7
S01010066,Economically inactive,307,281,26
S01010067,All people aged 16 and over,468,440,28
S01010067,Economically active: Total,255,237,18
S01010067,Economically active: Employee: Total,170,158,12
S01010067,Economically active: Employee: Part-time (1),44,43,1
S01010067,Economically active: Employee: Full-time (1),126,115,11
S01010067,Economically active: Self-employed: Total,14,11,3
S01010067,Economically active: Self-employed: Part-time (1),5,3,2
S01010067,Economically active: Self-employed: Full-time (1),9,8,1
S01010067,Economically active: Unemployed (1),71,68,3
S01010067,Economically inactive,213,203,10
S01010068,All people aged 16 and over,524,428,96
S01010068,Economically active: Total,316,252,64
S01010068,Economically active: Employee: Total,259,201,58
S01010068,Economically active: Employee: Part-time (1),64,45,19
S01010068,Economically active: Employee: Full-time (1),195,156,39
S01010068,Economically active: Self-employed: Total,25,23,2
S01010068,Economically active: Self-employed: Part-time (1),9,7,2
S01010068,Economically active: Self-employed: Full-time (1),16,16,0
S01010068,Economically active: Unemployed (1),32,28,4
S01010068,Economically inactive,208,176,32
S01010069,All people aged 16 and over,698,664,34
S01010069,Economically active: Total,511,488,23
S01010069,Economically active: Employee: Total,442,427,15
S01010069,Economically active: Employee: Part-time (1),103,98,5
S01010069,Economically active: Employee: Full-time (1),339,329,10
S01010069,Economically active: Self-employed: Total,47,39,8
S01010069,Economically active: Self-employed: Part-time (1),14,13,1
S01010069,Economically active: Self-employed: Full-time (1),33,26,7
S01010069,Economically active: Unemployed (1),22,22,0
S01010069,Economically inactive,187,176,11
S01010070,All people aged 16 and over,556,525,31
S01010070,Economically active: Total,431,419,12
S01010070,Economically active: Employee: Total,368,357,11
S01010070,Economically active: Employee: Part-time (1),115,110,5
S01010070,Economically active: Employee: Full-time (1),253,247,6
S01010070,Economically active: Self-employed: Total,48,47,1
S01010070,Economically active: Self-employed: Part-time (1),11,11,0
S01010070,Economically active: Self-employed: Full-time (1),37,36,1
S01010070,Economically active: Unemployed (1),15,15,0
S01010070,Economically inactive,125,106,19
S01010071,All people aged 16 and over,680,649,31
S01010071,Economically active: Total,399,382,17
S01010071,Economically active: Employee: Total,320,311,9
S01010071,Economically active: Employee: Part-time (1),79,76,3
S01010071,Economically active: Employee: Full-time (1),241,235,6
S01010071,Economically active: Self-employed: Total,47,44,3
S01010071,Economically active: Self-employed: Part-time (1),9,8,1
S01010071,Economically active: Self-employed: Full-time (1),38,36,2
S01010071,Economically active: Unemployed (1),32,27,5
S01010071,Economically inactive,281,267,14
S01010072,All people aged 16 and over,693,675,18
S01010072,Economically active: Total,421,407,14
S01010072,Economically active: Employee: Total,358,348,10
S01010072,Economically active: Employee: Part-time (1),99,97,2
S01010072,Economically active: Employee: Full-time (1),259,251,8
S01010072,Economically active: Self-employed: Total,29,25,4
S01010072,Economically active: Self-employed: Part-time (1),11,10,1
S01010072,Economically active: Self-employed: Full-time (1),18,15,3
S01010072,Economically active: Unemployed (1),34,34,0
S01010072,Economically inactive,272,268,4
S01010073,All people aged 16 and over,671,652,19
S01010073,Economically active: Total,383,373,10
S01010073,Economically active: Employee: Total,339,332,7
S01010073,Economically active: Employee: Part-time (1),95,91,4
S01010073,Economically active: Employee: Full-time (1),244,241,3
S01010073,Economically active: Self-employed: Total,33,31,2
S01010073,Economically active: Self-employed: Part-time (1),4,4,0
S01010073,Economically active: Self-employed: Full-time (1),29,27,2
S01010073,Economically active: Unemployed (1),11,10,1
S01010073,Economically inactive,288,279,9
S01010074,All people aged 16 and over,694,673,21
S01010074,Economically active: Total,385,379,6
S01010074,Economically active: Employee: Total,326,322,4
S01010074,Economically active: Employee: Part-time (1),92,91,1
S01010074,Economically active: Employee: Full-time (1),234,231,3
S01010074,Economically active: Self-employed: Total,37,35,2
S01010074,Economically active: Self-employed: Part-time (1),6,6,0
S01010074,Economically active: Self-employed: Full-time (1),31,29,2
S01010074,Economically active: Unemployed (1),22,22,0
S01010074,Economically inactive,309,294,15
S01010075,All people aged 16 and over,541,538,3
S01010075,Economically active: Total,252,251,1
S01010075,Economically active: Employee: Total,215,214,1
S01010075,Economically active: Employee: Part-time (1),59,59,0
S01010075,Economically active: Employee: Full-time (1),156,155,1
S01010075,Economically active: Self-employed: Total,12,12,0
S01010075,Economically active: Self-employed: Part-time (1),4,4,0
S01010075,Economically active: Self-employed: Full-time (1),8,8,0
S01010075,Economically active: Unemployed (1),25,25,0
S01010075,Economically inactive,289,287,2
S01010076,All people aged 16 and over,553,543,10
S01010076,Economically active: Total,333,326,7
S01010076,Economically active: Employee: Total,272,266,6
S01010076,Economically active: Employee: Part-time (1),66,66,0
S01010076,Economically active: Employee: Full-time (1),206,200,6
S01010076,Economically active: Self-employed: Total,29,29,0
S01010076,Economically active: Self-employed: Part-time (1),4,4,0
S01010076,Economically active: Self-employed: Full-time (1),25,25,0
S01010076,Economically active: Unemployed (1),32,31,1
S01010076,Economically inactive,220,217,3
S01010077,All people aged 16 and over,511,499,12
S01010077,Economically active: Total,260,254,6
S01010077,Economically active: Employee: Total,214,209,5
S01010077,Economically active: Employee: Part-time (1),51,50,1
S01010077,Economically active: Employee: Full-time (1),163,159,4
S01010077,Economically active: Self-employed: Total,24,23,1
S01010077,Economically active: Self-employed: Part-time (1),2,2,0
S01010077,Economically active: Self-employed: Full-time (1),22,21,1
S01010077,Economically active: Unemployed (1),22,22,0
S01010077,Economically inactive,251,245,6
S01010078,All people aged 16 and over,510,472,38
S01010078,Economically active: Total,364,343,21
S01010078,Economically active: Employee: Total,311,296,15
S01010078,Economically active: Employee: Part-time (1),93,88,5
S01010078,Economically active: Employee: Full-time (1),218,208,10
S01010078,Economically active: Self-employed: Total,33,28,5
S01010078,Economically active: Self-employed: Part-time (1),10,7,3
S01010078,Economically active: Self-employed: Full-time (1),23,21,2
S01010078,Economically active: Unemployed (1),20,19,1
S01010078,Economically inactive,146,129,17
S01010079,All people aged 16 and over,793,775,18
S01010079,Economically active: Total,501,486,15
S01010079,Economically active: Employee: Total,397,388,9
S01010079,Economically active: Employee: Part-time (1),111,108,3
S01010079,Economically active: Employee: Full-time (1),286,280,6
S01010079,Economically active: Self-employed: Total,83,78,5
S01010079,Economically active: Self-employed: Part-time (1),22,19,3
S01010079,Economically active: Self-employed: Full-time (1),61,59,2
S01010079,Economically active: Unemployed (1),21,20,1
S01010079,Economically inactive,292,289,3
S01010080,All people aged 16 and over,577,561,16
S01010080,Economically active: Total,328,322,6
S01010080,Economically active: Employee: Total,273,268,5
S01010080,Economically active: Employee: Part-time (1),71,69,2
S01010080,Economically active: Employee: Full-time (1),202,199,3
S01010080,Economically active: Self-employed: Total,37,37,0
S01010080,Economically active: Self-employed: Part-time (1),9,9,0
S01010080,Economically active: Self-employed: Full-time (1),28,28,0
S01010080,Economically active: Unemployed (1),18,17,1
S01010080,Economically inactive,249,239,10
S01010081,All people aged 16 and over,617,589,28
S01010081,Economically active: Total,349,340,9
S01010081,Economically active: Employee: Total,272,268,4
S01010081,Economically active: Employee: Part-time (1),81,80,1
S01010081,Economically active: Employee: Full-time (1),191,188,3
S01010081,Economically active: Self-employed: Total,63,59,4
S01010081,Economically active: Self-employed: Part-time (1),16,16,0
S01010081,Economically active: Self-employed: Full-time (1),47,43,4
S01010081,Economically active: Unemployed (1),14,13,1
S01010081,Economically inactive,268,249,19
S01010082,All people aged 16 and over,742,702,40
S01010082,Economically active: Total,467,445,22
S01010082,Economically active: Employee: Total,369,354,15
S01010082,Economically active: Employee: Part-time (1),77,75,2
S01010082,Economically active: Employee: Full-time (1),292,279,13
S01010082,Economically active: Self-employed: Total,62,59,3
S01010082,Economically active: Self-employed: Part-time (1),6,6,0
S01010082,Economically active: Self-employed: Full-time (1),56,53,3
S01010082,Economically active: Unemployed (1),36,32,4
S01010082,Economically inactive,275,257,18
S01010083,All people aged 16 and over,609,582,27
S01010083,Economically active: Total,311,302,9
S01010083,Economically active: Employee: Total,247,241,6
S01010083,Economically active: Employee: Part-time (1),68,68,0
S01010083,Economically active: Employee: Full-time (1),179,173,6
S01010083,Economically active: Self-employed: Total,23,22,1
S01010083,Economically active: Self-employed: Part-time (1),7,7,0
S01010083,Economically active: Self-employed: Full-time (1),16,15,1
S01010083,Economically active: Unemployed (1),41,39,2
S01010083,Economically inactive,298,280,18
S01010084,All people aged 16 and over,750,733,17
S01010084,Economically active: Total,390,378,12
S01010084,Economically active: Employee: Total,334,325,9
S01010084,Economically active: Employee: Part-time (1),93,90,3
S01010084,Economically active: Employee: Full-time (1),241,235,6
S01010084,Economically active: Self-employed: Total,16,15,1
S01010084,Economically active: Self-employed: Part-time (1),5,5,0
S01010084,Economically active: Self-employed: Full-time (1),11,10,1
S01010084,Economically active: Unemployed (1),40,38,2
S01010084,Economically inactive,360,355,5
S01010085,All people aged 16 and over,657,642,15
S01010085,Economically active: Total,415,407,8
S01010085,Economically active: Employee: Total,352,347,5
S01010085,Economically active: Employee: Part-time (1),90,86,4
S01010085,Economically active: Employee: Full-time (1),262,261,1
S01010085,Economically active: Self-employed: Total,35,33,2
S01010085,Economically active: Self-employed: Part-time (1),7,7,0
S01010085,Economically active: Self-employed: Full-time (1),28,26,2
S01010085,Economically active: Unemployed (1),28,27,1
S01010085,Economically inactive,242,235,7
S01010086,All people aged 16 and over,778,763,15
S01010086,Economically active: Total,391,380,11
S01010086,Economically active: Employee: Total,314,309,5
S01010086,Economically active: Employee: Part-time (1),85,85,0
S01010086,Economically active: Employee: Full-time (1),229,224,5
S01010086,Economically active: Self-employed: Total,25,23,2
S01010086,Economically active: Self-employed: Part-time (1),9,8,1
S01010086,Economically active: Self-employed: Full-time (1),16,15,1
S01010086,Economically active: Unemployed (1),52,48,4
S01010086,Economically inactive,387,383,4
S01010087,All people aged 16 and over,506,497,9
S01010087,Economically active: Total,284,282,2
S01010087,Economically active: Employee: Total,228,227,1
S01010087,Economically active: Employee: Part-time (1),67,67,0
S01010087,Economically active: Employee: Full-time (1),161,160,1
S01010087,Economically active: Self-employed: Total,43,42,1
S01010087,Economically active: Self-employed: Part-time (1),11,11,0
S01010087,Economically active: Self-employed: Full-time (1),32,31,1
S01010087,Economically active: Unemployed (1),13,13,0
S01010087,Economically inactive,222,215,7
S01010088,All people aged 16 and over,612,575,37
S01010088,Economically active: Total,525,498,27
S01010088,Economically active: Employee: Total,428,408,20
S01010088,Economically active: Employee: Part-time (1),101,97,4
S01010088,Economically active: Employee: Full-time (1),327,311,16
S01010088,Economically active: Self-employed: Total,77,70,7
S01010088,Economically active: Self-employed: Part-time (1),11,10,1
S01010088,Economically active: Self-employed: Full-time (1),66,60,6
S01010088,Economically active: Unemployed (1),20,20,0
S01010088,Economically inactive,87,77,10
S01010089,All people aged 16 and over,618,576,42
S01010089,Economically active: Total,336,321,15
S01010089,Economically active: Employee: Total,277,268,9
S01010089,Economically active: Employee: Part-time (1),82,79,3
S01010089,Economically active: Employee: Full-time (1),195,189,6
S01010089,Economically active: Self-employed: Total,26,25,1
S01010089,Economically active: Self-employed: Part-time (1),3,3,0
S01010089,Economically active: Self-employed: Full-time (1),23,22,1
S01010089,Economically active: Unemployed (1),33,28,5
S01010089,Economically inactive,282,255,27
S01010090,All people aged 16 and over,875,847,28
S01010090,Economically active: Total,617,604,13
S01010090,Economically active: Employee: Total,532,522,10
S01010090,Economically active: Employee: Part-time (1),145,142,3
S01010090,Economically active: Employee: Full-time (1),387,380,7
S01010090,Economically active: Self-employed: Total,52,50,2
S01010090,Economically active: Self-employed: Part-time (1),15,14,1
S01010090,Economically active: Self-employed: Full-time (1),37,36,1
S01010090,Economically active: Unemployed (1),33,32,1
S01010090,Economically inactive,258,243,15
S01010091,All people aged 16 and over,674,648,26
S01010091,Economically active: Total,529,516,13
S01010091,Economically active: Employee: Total,429,420,9
S01010091,Economically active: Employee: Part-time (1),104,102,2
S01010091,Economically active: Employee: Full-time (1),325,318,7
S01010091,Economically active: Self-employed: Total,56,54,2
S01010091,Economically active: Self-employed: Part-time (1),12,11,1
S01010091,Economically active: Self-employed: Full-time (1),44,43,1
S01010091,Economically active: Unemployed (1),44,42,2
S01010091,Economically inactive,145,132,13
S01010092,All people aged 16 and over,822,792,30
S01010092,Economically active: Total,355,339,16
S01010092,Economically active: Employee: Total,292,276,16
S01010092,Economically active: Employee: Part-time (1),86,84,2
S01010092,Economically active: Employee: Full-time (1),206,192,14
S01010092,Economically active: Self-employed: Total,21,21,0
S01010092,Economically active: Self-employed: Part-time (1),6,6,0
S01010092,Economically active: Self-employed: Full-time (1),15,15,0
S01010092,Economically active: Unemployed (1),42,42,0
S01010092,Economically inactive,467,453,14
S01010093,All people aged 16 and over,731,701,30
S01010093,Economically active: Total,475,459,16
S01010093,Economically active: Employee: Total,393,383,10
S01010093,Economically active: Employee: Part-time (1),123,120,3
S01010093,Economically active: Employee: Full-time (1),270,263,7
S01010093,Economically active: Self-employed: Total,41,39,2
S01010093,Economically active: Self-employed: Part-time (1),9,9,0
S01010093,Economically active: Self-employed: Full-time (1),32,30,2
S01010093,Economically active: Unemployed (1),41,37,4
S01010093,Economically inactive,256,242,14
S01010094,All people aged 16 and over,564,550,14
S01010094,Economically active: Total,357,348,9
S01010094,Economically active: Employee: Total,312,305,7
S01010094,Economically active: Employee: Part-time (1),97,96,1
S01010094,Economically active: Employee: Full-time (1),215,209,6
S01010094,Economically active: Self-employed: Total,28,26,2
S01010094,Economically active: Self-employed: Part-time (1),6,5,1
S01010094,Economically active: Self-employed: Full-time (1),22,21,1
S01010094,Economically active: Unemployed (1),17,17,0
S01010094,Economically inactive,207,202,5
S01010095,All people aged 16 and over,594,585,9
S01010095,Economically active: Total,394,387,7
S01010095,Economically active: Employee: Total,332,326,6
S01010095,Economically active: Employee: Part-time (1),100,99,1
S01010095,Economically active: Employee: Full-time (1),232,227,5
S01010095,Economically active: Self-employed: Total,40,40,0
S01010095,Economically active: Self-employed: Part-time (1),12,12,0
S01010095,Economically active: Self-employed: Full-time (1),28,28,0
S01010095,Economically active: Unemployed (1),22,21,1
S01010095,Economically inactive,200,198,2
S01010096,All people aged 16 and over,617,600,17
S01010096,Economically active: Total,419,406,13
S01010096,Economically active: Employee: Total,356,345,11
S01010096,Economically active: Employee: Part-time (1),111,106,5
S01010096,Economically active: Employee: Full-time (1),245,239,6
S01010096,Economically active: Self-employed: Total,35,34,1
S01010096,Economically active: Self-employed: Part-time (1),8,8,0
S01010096,Economically active: Self-employed: Full-time (1),27,26,1
S01010096,Economically active: Unemployed (1),28,27,1
S01010096,Economically inactive,198,194,4
S01010097,All people aged 16 and over,603,576,27
S01010097,Economically active: Total,387,375,12
S01010097,Economically active: Employee: Total,316,307,9
S01010097,Economically active: Employee: Part-time (1),102,99,3
S01010097,Economically active: Employee: Full-time (1),214,208,6
S01010097,Economically active: Self-employed: Total,35,33,2
S01010097,Economically active: Self-employed: Part-time (1),8,8,0
S01010097,Economically active: Self-employed: Full-time (1),27,25,2
S01010097,Economically active: Unemployed (1),36,35,1
S01010097,Economically inactive,216,201,15
S01010098,All people aged 16 and over,600,590,10
S01010098,Economically active: Total,392,387,5
S01010098,Economically active: Employee: Total,329,325,4
S01010098,Economically active: Employee: Part-time (1),99,97,2
S01010098,Economically active: Employee: Full-time (1),230,228,2
S01010098,Economically active: Self-employed: Total,41,40,1
S01010098,Economically active: Self-employed: Part-time (1),9,9,0
S01010098,Economically active: Self-employed: Full-time (1),32,31,1
S01010098,Economically active: Unemployed (1),22,22,0
S01010098,Economically inactive,208,203,5
S01010099,All people aged 16 and over,592,585,7
S01010099,Economically active: Total,363,359,4
S01010099,Economically active: Employee: Total,306,303,3
S01010099,Economically active: Employee: Part-time (1),83,82,1
S01010099,Economically active: Employee: Full-time (1),223,221,2
S01010099,Economically active: Self-employed: Total,37,37,0
S01010099,Economically active: Self-employed: Part-time (1),14,14,0
S01010099,Economically active: Self-employed: Full-time (1),23,23,0
S01010099,Economically active: Unemployed (1),20,19,1
S01010099,Economically inactive,229,226,3
S01010100,All people aged 16 and over,766,735,31
S01010100,Economically active: Total,442,424,18
S01010100,Economically active: Employee: Total,373,359,14
S01010100,Economically active: Employee: Part-time (1),100,93,7
S01010100,Economically active: Employee: Full-time (1),273,266,7
S01010100,Economically active: Self-employed: Total,49,46,3
S01010100,Economically active: Self-employed: Part-time (1),12,11,1
S01010100,Economically active: Self-employed: Full-time (1),37,35,2
S01010100,Economically active: Unemployed (1),20,19,1
S01010100,Economically inactive,324,311,13
S01010101,All people aged 16 and over,644,616,28
S01010101,Economically active: Total,402,387,15
S01010101,Economically active: Employee: Total,341,330,11
S01010101,Economically active: Employee: Part-time (1),79,74,5
S01010101,Economically active: Employee: Full-time (1),262,256,6
S01010101,Economically active: Self-employed: Total,37,35,2
S01010101,Economically active: Self-employed: Part-time (1),2,2,0
S01010101,Economically active: Self-employed: Full-time (1),35,33,2
S01010101,Economically active: Unemployed (1),24,22,2
S01010101,Economically inactive,242,229,13
S01010102,All people aged 16 and over,749,701,48
S01010102,Economically active: Total,592,565,27
S01010102,Economically active: Employee: Total,516,492,24
S01010102,Economically active: Employee: Part-time (1),145,140,5
S01010102,Economically active: Employee: Full-time (1),371,352,19
S01010102,Economically active: Self-employed: Total,44,42,2
S01010102,Economically active: Self-employed: Part-time (1),4,3,1
S01010102,Economically active: Self-employed: Full-time (1),40,39,1
S01010102,Economically active: Unemployed (1),32,31,1
S01010102,Economically inactive,157,136,21
S01010103,All people aged 16 and over,774,740,34
S01010103,Economically active: Total,637,619,18
S01010103,Economically active: Employee: Total,518,505,13
S01010103,Economically active: Employee: Part-time (1),145,138,7
S01010103,Economically active: Employee: Full-time (1),373,367,6
S01010103,Economically active: Self-employed: Total,77,74,3
S01010103,Economically active: Self-employed: Part-time (1),14,13,1
S01010103,Economically active: Self-employed: Full-time (1),63,61,2
S01010103,Economically active: Unemployed (1),42,40,2
S01010103,Economically inactive,137,121,16
S01010104,All people aged 16 and over,554,534,20
S01010104,Economically active: Total,458,445,13
S01010104,Economically active: Employee: Total,387,377,10
S01010104,Economically active: Employee: Part-time (1),100,99,1
S01010104,Economically active: Employee: Full-time (1),287,278,9
S01010104,Economically active: Self-employed: Total,47,45,2
S01010104,Economically active: Self-employed: Part-time (1),8,8,0
S01010104,Economically active: Self-employed: Full-time (1),39,37,2
S01010104,Economically active: Unemployed (1),24,23,1
S01010104,Economically inactive,96,89,7
S01010105,All people aged 16 and over,313,292,21
S01010105,Economically active: Total,205,192,13
S01010105,Economically active: Employee: Total,161,148,13
S01010105,Economically active: Employee: Part-time (1),55,55,0
S01010105,Economically active: Employee: Full-time (1),106,93,13
S01010105,Economically active: Self-employed: Total,7,7,0
S01010105,Economically active: Self-employed: Part-time (1),0,0,0
S01010105,Economically active: Self-employed: Full-time (1),7,7,0
S01010105,Economically active: Unemployed (1),37,37,0
S01010105,Economically inactive,108,100,8
S01010106,All people aged 16 and over,357,345,12
S01010106,Economically active: Total,183,174,9
S01010106,Economically active: Employee: Total,144,136,8
S01010106,Economically active: Employee: Part-time (1),42,40,2
S01010106,Economically active: Employee: Full-time (1),102,96,6
S01010106,Economically active: Self-employed: Total,10,10,0
S01010106,Economically active: Self-employed: Part-time (1),2,2,0
S01010106,Economically active: Self-employed: Full-time (1),8,8,0
S01010106,Economically active: Unemployed (1),29,28,1
S01010106,Economically inactive,174,171,3
S01010107,All people aged 16 and over,647,610,37
S01010107,Economically active: Total,378,353,25
S01010107,Economically active: Employee: Total,301,282,19
S01010107,Economically active: Employee: Part-time (1),98,93,5
S01010107,Economically active: Employee: Full-time (1),203,189,14
S01010107,Economically active: Self-employed: Total,26,23,3
S01010107,Economically active: Self-employed: Part-time (1),6,6,0
S01010107,Economically active: Self-employed: Full-time (1),20,17,3
S01010107,Economically active: Unemployed (1),51,48,3
S01010107,Economically inactive,269,257,12
S01010108,All people aged 16 and over,623,608,15
S01010108,Economically active: Total,367,358,9
S01010108,Economically active: Employee: Total,297,289,8
S01010108,Economically active: Employee: Part-time (1),82,81,1
S01010108,Economically active: Employee: Full-time (1),215,208,7
S01010108,Economically active: Self-employed: Total,34,33,1
S01010108,Economically active: Self-employed: Part-time (1),5,5,0
S01010108,Economically active: Self-employed: Full-time (1),29,28,1
S01010108,Economically active: Unemployed (1),36,36,0
S01010108,Economically inactive,256,250,6
S01010109,All people aged 16 and over,659,626,33
S01010109,Economically active: Total,404,385,19
S01010109,Economically active: Employee: Total,326,312,14
S01010109,Economically active: Employee: Part-time (1),88,87,1
S01010109,Economically active: Employee: Full-time (1),238,225,13
S01010109,Economically active: Self-employed: Total,27,25,2
S01010109,Economically active: Self-employed: Part-time (1),6,6,0
S01010109,Economically active: Self-employed: Full-time (1),21,19,2
S01010109,Economically active: Unemployed (1),51,48,3
S01010109,Economically inactive,255,241,14
S01010110,All people aged 16 and over,684,666,18
S01010110,Economically active: Total,322,313,9
S01010110,Economically active: Employee: Total,254,246,8
S01010110,Economically active: Employee: Part-time (1),106,106,0
S01010110,Economically active: Employee: Full-time (1),148,140,8
S01010110,Economically active: Self-employed: Total,14,13,1
S01010110,Economically active: Self-employed: Part-time (1),4,3,1
S01010110,Economically active: Self-employed: Full-time (1),10,10,0
S01010110,Economically active: Unemployed (1),54,54,0
S01010110,Economically inactive,362,353,9
S01010111,All people aged 16 and over,754,723,31
S01010111,Economically active: Total,388,367,21
S01010111,Economically active: Employee: Total,276,261,15
S01010111,Economically active: Employee: Part-time (1),100,97,3
S01010111,Economically active: Employee: Full-time (1),176,164,12
S01010111,Economically active: Self-employed: Total,23,21,2
S01010111,Economically active: Self-employed: Part-time (1),3,3,0
S01010111,Economically active: Self-employed: Full-time (1),20,18,2
S01010111,Economically active: Unemployed (1),89,85,4
S01010111,Economically inactive,366,356,10
S01010112,All people aged 16 and over,728,705,23
S01010112,Economically active: Total,399,386,13
S01010112,Economically active: Employee: Total,290,280,10
S01010112,Economically active: Employee: Part-time (1),120,117,3
S01010112,Economically active: Employee: Full-time (1),170,163,7
S01010112,Economically active: Self-employed: Total,21,19,2
S01010112,Economically active: Self-employed: Part-time (1),5,4,1
S01010112,Economically active: Self-employed: Full-time (1),16,15,1
S01010112,Economically active: Unemployed (1),88,87,1
S01010112,Economically inactive,329,319,10
S01010113,All people aged 16 and over,395,370,25
S01010113,Economically active: Total,225,209,16
S01010113,Economically active: Employee: Total,169,157,12
S01010113,Economically active: Employee: Part-time (1),74,73,1
S01010113,Economically active: Employee: Full-time (1),95,84,11
S01010113,Economically active: Self-employed: Total,10,9,1
S01010113,Economically active: Self-employed: Part-time (1),3,3,0
S01010113,Economically active: Self-employed: Full-time (1),7,6,1
S01010113,Economically active: Unemployed (1),46,43,3
S01010113,Economically inactive,170,161,9
S01010114,All people aged 16 and over,614,574,40
S01010114,Economically active: Total,289,261,28
S01010114,Economically active: Employee: Total,216,191,25
S01010114,Economically active: Employee: Part-time (1),85,73,12
S01010114,Economically active: Employee: Full-time (1),131,118,13
S01010114,Economically active: Self-employed: Total,10,8,2
S01010114,Economically active: Self-employed: Part-time (1),4,3,1
S01010114,Economically active: Self-employed: Full-time (1),6,5,1
S01010114,Economically active: Unemployed (1),63,62,1
S01010114,Economically inactive,325,313,12
S01010115,All people aged 16 and over,486,469,17
S01010115,Economically active: Total,359,353,6
S01010115,Economically active: Employee: Total,293,288,5
S01010115,Economically active: Employee: Part-time (1),69,68,1
S01010115,Economically active: Employee: Full-time (1),224,220,4
S01010115,Economically active: Self-employed: Total,38,37,1
S01010115,Economically active: Self-employed: Part-time (1),15,14,1
S01010115,Economically active: Self-employed: Full-time (1),23,23,0
S01010115,Economically active: Unemployed (1),28,28,0
S01010115,Economically inactive,127,116,11
S01010116,All people aged 16 and over,794,706,88
S01010116,Economically active: Total,618,561,57
S01010116,Economically active: Employee: Total,527,475,52
S01010116,Economically active: Employee: Part-time (1),126,115,11
S01010116,Economically active: Employee: Full-time (1),401,360,41
S01010116,Economically active: Self-employed: Total,45,43,2
S01010116,Economically active: Self-employed: Part-time (1),8,7,1
S01010116,Economically active: Self-employed: Full-time (1),37,36,1
S01010116,Economically active: Unemployed (1),46,43,3
S01010116,Economically inactive,176,145,31
S01010117,All people aged 16 and over,502,452,50
S01010117,Economically active: Total,397,364,33
S01010117,Economically active: Employee: Total,327,302,25
S01010117,Economically active: Employee: Part-time (1),62,56,6
S01010117,Economically active: Employee: Full-time (1),265,246,19
S01010117,Economically active: Self-employed: Total,44,38,6
S01010117,Economically active: Self-employed: Part-time (1),11,10,1
S01010117,Economically active: Self-employed: Full-time (1),33,28,5
S01010117,Economically active: Unemployed (1),26,24,2
S01010117,Economically inactive,105,88,17
S01010118,All people aged 16 and over,478,459,19
S01010118,Economically active: Total,228,215,13
S01010118,Economically active: Employee: Total,162,152,10
S01010118,Economically active: Employee: Part-time (1),71,65,6
S01010118,Economically active: Employee: Full-time (1),91,87,4
S01010118,Economically active: Self-employed: Total,9,6,3
S01010118,Economically active: Self-employed: Part-time (1),2,1,1
S01010118,Economically active: Self-employed: Full-time (1),7,5,2
S01010118,Economically active: Unemployed (1),57,57,0
S01010118,Economically inactive,250,244,6
S01010119,All people aged 16 and over,389,365,24
S01010119,Economically active: Total,265,243,22
S01010119,Economically active: Employee: Total,196,179,17
S01010119,Economically active: Employee: Part-time (1),78,68,10
S01010119,Economically active: Employee: Full-time (1),118,111,7
S01010119,Economically active: Self-employed: Total,10,10,0
S01010119,Economically active: Self-employed: Part-time (1),1,1,0
S01010119,Economically active: Self-employed: Full-time (1),9,9,0
S01010119,Economically active: Unemployed (1),59,54,5
S01010119,Economically inactive,124,122,2
S01010120,All people aged 16 and over,772,737,35
S01010120,Economically active: Total,423,398,25
S01010120,Economically active: Employee: Total,303,285,18
S01010120,Economically active: Employee: Part-time (1),108,100,8
S01010120,Economically active: Employee: Full-time (1),195,185,10
S01010120,Economically active: Self-employed: Total,15,13,2
S01010120,Economically active: Self-employed: Part-time (1),1,1,0
S01010120,Economically active: Self-employed: Full-time (1),14,12,2
S01010120,Economically active: Unemployed (1),105,100,5
S01010120,Economically inactive,349,339,10
S01010121,All people aged 16 and over,532,516,16
S01010121,Economically active: Total,291,280,11
S01010121,Economically active: Employee: Total,218,209,9
S01010121,Economically active: Employee: Part-time (1),79,76,3
S01010121,Economically active: Employee: Full-time (1),139,133,6
S01010121,Economically active: Self-employed: Total,15,13,2
S01010121,Economically active: Self-employed: Part-time (1),7,7,0
S01010121,Economically active: Self-employed: Full-time (1),8,6,2
S01010121,Economically active: Unemployed (1),58,58,0
S01010121,Economically inactive,241,236,5
S01010122,All people aged 16 and over,380,369,11
S01010122,Economically active: Total,162,156,6
S01010122,Economically active: Employee: Total,113,108,5
S01010122,Economically active: Employee: Part-time (1),37,35,2
S01010122,Economically active: Employee: Full-time (1),76,73,3
S01010122,Economically active: Self-employed: Total,6,6,0
S01010122,Economically active: Self-employed: Part-time (1),2,2,0
S01010122,Economically active: Self-employed: Full-time (1),4,4,0
S01010122,Economically active: Unemployed (1),43,42,1
S01010122,Economically inactive,218,213,5
S01010123,All people aged 16 and over,535,476,59
S01010123,Economically active: Total,324,279,45
S01010123,Economically active: Employee: Total,260,218,42
S01010123,Economically active: Employee: Part-time (1),101,86,15
S01010123,Economically active: Employee: Full-time (1),159,132,27
S01010123,Economically active: Self-employed: Total,11,10,1
S01010123,Economically active: Self-employed: Part-time (1),4,4,0
S01010123,Economically active: Self-employed: Full-time (1),7,6,1
S01010123,Economically active: Unemployed (1),53,51,2
S01010123,Economically inactive,211,197,14
S01010124,All people aged 16 and over,506,475,31
S01010124,Economically active: Total,368,352,16
S01010124,Economically active: Employee: Total,307,295,12
S01010124,Economically active: Employee: Part-time (1),72,68,4
S01010124,Economically active: Employee: Full-time (1),235,227,8
S01010124,Economically active: Self-employed: Total,23,22,1
S01010124,Economically active: Self-employed: Part-time (1),7,6,1
S01010124,Economically active: Self-employed: Full-time (1),16,16,0
S01010124,Economically active: Unemployed (1),38,35,3
S01010124,Economically inactive,138,123,15
S01010125,All people aged 16 and over,402,360,42
S01010125,Economically active: Total,253,220,33
S01010125,Economically active: Employee: Total,200,173,27
S01010125,Economically active: Employee: Part-time (1),63,51,12
S01010125,Economically active: Employee: Full-time (1),137,122,15
S01010125,Economically active: Self-employed: Total,19,15,4
S01010125,Economically active: Self-employed: Part-time (1),4,4,0
S01010125,Economically active: Self-employed: Full-time (1),15,11,4
S01010125,Economically active: Unemployed (1),34,32,2
S01010125,Economically inactive,149,140,9
S01010126,All people aged 16 and over,593,581,12
S01010126,Economically active: Total,394,385,9
S01010126,Economically active: Employee: Total,318,311,7
S01010126,Economically active: Employee: Part-time (1),86,83,3
S01010126,Economically active: Employee: Full-time (1),232,228,4
S01010126,Economically active: Self-employed: Total,41,40,1
S01010126,Economically active: Self-employed: Part-time (1),6,6,0
S01010126,Economically active: Self-employed: Full-time (1),35,34,1
S01010126,Economically active: Unemployed (1),35,34,1
S01010126,Economically inactive,199,196,3
S01010127,All people aged 16 and over,526,522,4
S01010127,Economically active: Total,258,257,1
S01010127,Economically active: Employee: Total,203,203,0
S01010127,Economically active: Employee: Part-time (1),61,61,0
S01010127,Economically active: Employee: Full-time (1),142,142,0
S01010127,Economically active: Self-employed: Total,16,15,1
S01010127,Economically active: Self-employed: Part-time (1),1,1,0
S01010127,Economically active: Self-employed: Full-time (1),15,14,1
S01010127,Economically active: Unemployed (1),39,39,0
S01010127,Economically inactive,268,265,3
S01010128,All people aged 16 and over,343,315,28
S01010128,Economically active: Total,181,162,19
S01010128,Economically active: Employee: Total,132,116,16
S01010128,Economically active: Employee: Part-time (1),52,46,6
S01010128,Economically active: Employee: Full-time (1),80,70,10
S01010128,Economically active: Self-employed: Total,5,4,1
S01010128,Economically active: Self-employed: Part-time (1),2,2,0
S01010128,Economically active: Self-employed: Full-time (1),3,2,1
S01010128,Economically active: Unemployed (1),44,42,2
S01010128,Economically inactive,162,153,9
S01010129,All people aged 16 and over,550,522,28
S01010129,Economically active: Total,294,281,13
S01010129,Economically active: Employee: Total,207,197,10
S01010129,Economically active: Employee: Part-time (1),70,67,3
S01010129,Economically active: Employee: Full-time (1),137,130,7
S01010129,Economically active: Self-employed: Total,8,6,2
S01010129,Economically active: Self-employed: Part-time (1),0,0,0
S01010129,Economically active: Self-employed: Full-time (1),8,6,2
S01010129,Economically active: Unemployed (1),79,78,1
S01010129,Economically inactive,256,241,15
S01010130,All people aged 16 and over,341,335,6
S01010130,Economically active: Total,158,155,3
S01010130,Economically active: Employee: Total,121,121,0
S01010130,Economically active: Employee: Part-time (1),37,37,0
S01010130,Economically active: Employee: Full-time (1),84,84,0
S01010130,Economically active: Self-employed: Total,13,10,3
S01010130,Economically active: Self-employed: Part-time (1),1,1,0
S01010130,Economically active: Self-employed: Full-time (1),12,9,3
S01010130,Economically active: Unemployed (1),24,24,0
S01010130,Economically inactive,183,180,3
S01010131,All people aged 16 and over,840,803,37
S01010131,Economically active: Total,511,493,18
S01010131,Economically active: Employee: Total,414,400,14
S01010131,Economically active: Employee: Part-time (1),128,121,7
S01010131,Economically active: Employee: Full-time (1),286,279,7
S01010131,Economically active: Self-employed: Total,67,63,4
S01010131,Economically active: Self-employed: Part-time (1),13,11,2
S01010131,Economically active: Self-employed: Full-time (1),54,52,2
S01010131,Economically active: Unemployed (1),30,30,0
S01010131,Economically inactive,329,310,19
S01010132,All people aged 16 and over,809,758,51
S01010132,Economically active: Total,359,323,36
S01010132,Economically active: Employee: Total,281,249,32
S01010132,Economically active: Employee: Part-time (1),94,87,7
S01010132,Economically active: Employee: Full-time (1),187,162,25
S01010132,Economically active: Self-employed: Total,16,16,0
S01010132,Economically active: Self-employed: Part-time (1),7,7,0
S01010132,Economically active: Self-employed: Full-time (1),9,9,0
S01010132,Economically active: Unemployed (1),62,58,4
S01010132,Economically inactive,450,435,15
S01010133,All people aged 16 and over,607,580,27
S01010133,Economically active: Total,270,256,14
S01010133,Economically active: Employee: Total,215,206,9
S01010133,Economically active: Employee: Part-time (1),71,68,3
S01010133,Economically active: Employee: Full-time (1),144,138,6
S01010133,Economically active: Self-employed: Total,15,11,4
S01010133,Economically active: Self-employed: Part-time (1),6,5,1
S01010133,Economically active: Self-employed: Full-time (1),9,6,3
S01010133,Economically active: Unemployed (1),40,39,1
S01010133,Economically inactive,337,324,13
S01010134,All people aged 16 and over,840,816,24
S01010134,Economically active: Total,425,411,14
S01010134,Economically active: Employee: Total,346,336,10
S01010134,Economically active: Employee: Part-time (1),102,101,1
S01010134,Economically active: Employee: Full-time (1),244,235,9
S01010134,Economically active: Self-employed: Total,30,28,2
S01010134,Economically active: Self-employed: Part-time (1),10,9,1
S01010134,Economically active: Self-employed: Full-time (1),20,19,1
S01010134,Economically active: Unemployed (1),49,47,2
S01010134,Economically inactive,415,405,10
S01010135,All people aged 16 and over,639,620,19
S01010135,Economically active: Total,297,282,15
S01010135,Economically active: Employee: Total,251,237,14
S01010135,Economically active: Employee: Part-time (1),72,64,8
S01010135,Economically active: Employee: Full-time (1),179,173,6
S01010135,Economically active: Self-employed: Total,13,13,0
S01010135,Economically active: Self-employed: Part-time (1),1,1,0
S01010135,Economically active: Self-employed: Full-time (1),12,12,0
S01010135,Economically active: Unemployed (1),33,32,1
S01010135,Economically inactive,342,338,4
S01010136,All people aged 16 and over,679,664,15
S01010136,Economically active: Total,405,396,9
S01010136,Economically active: Employee: Total,335,327,8
S01010136,Economically active: Employee: Part-time (1),91,88,3
S01010136,Economically active: Employee: Full-time (1),244,239,5
S01010136,Economically active: Self-employed: Total,32,32,0
S01010136,Economically active: Self-employed: Part-time (1),8,8,0
S01010136,Economically active: Self-employed: Full-time (1),24,24,0
S01010136,Economically active: Unemployed (1),38,37,1
S01010136,Economically inactive,274,268,6
S01010137,All people aged 16 and over,849,828,21
S01010137,Economically active: Total,400,393,7
S01010137,Economically active: Employee: Total,331,326,5
S01010137,Economically active: Employee: Part-time (1),83,82,1
S01010137,Economically active: Employee: Full-time (1),248,244,4
S01010137,Economically active: Self-employed: Total,21,21,0
S01010137,Economically active: Self-employed: Part-time (1),6,6,0
S01010137,Economically active: Self-employed: Full-time (1),15,15,0
S01010137,Economically active: Unemployed (1),48,46,2
S01010137,Economically inactive,449,435,14
S01010138,All people aged 16 and over,841,779,62
S01010138,Economically active: Total,352,314,38
S01010138,Economically active: Employee: Total,233,215,18
S01010138,Economically active: Employee: Part-time (1),73,67,6
S01010138,Economically active: Employee: Full-time (1),160,148,12
S01010138,Economically active: Self-employed: Total,21,18,3
S01010138,Economically active: Self-employed: Part-time (1),4,3,1
S01010138,Economically active: Self-employed: Full-time (1),17,15,2
S01010138,Economically active: Unemployed (1),98,81,17
S01010138,Economically inactive,489,465,24
S01010139,All people aged 16 and over,897,862,35
S01010139,Economically active: Total,466,447,19
S01010139,Economically active: Employee: Total,375,361,14
S01010139,Economically active: Employee: Part-time (1),106,102,4
S01010139,Economically active: Employee: Full-time (1),269,259,10
S01010139,Economically active: Self-employed: Total,29,28,1
S01010139,Economically active: Self-employed: Part-time (1),10,10,0
S01010139,Economically active: Self-employed: Full-time (1),19,18,1
S01010139,Economically active: Unemployed (1),62,58,4
S01010139,Economically inactive,431,415,16
S01010140,All people aged 16 and over,596,543,53
S01010140,Economically active: Total,452,412,40
S01010140,Economically active: Employee: Total,381,347,34
S01010140,Economically active: Employee: Part-time (1),67,58,9
S01010140,Economically active: Employee: Full-time (1),314,289,25
S01010140,Economically active: Self-employed: Total,26,24,2
S01010140,Economically active: Self-employed: Part-time (1),7,6,1
S01010140,Economically active: Self-employed: Full-time (1),19,18,1
S01010140,Economically active: Unemployed (1),45,41,4
S01010140,Economically inactive,144,131,13
S01010141,All people aged 16 and over,662,621,41
S01010141,Economically active: Total,333,300,33
S01010141,Economically active: Employee: Total,264,235,29
S01010141,Economically active: Employee: Part-time (1),82,79,3
S01010141,Economically active: Employee: Full-time (1),182,156,26
S01010141,Economically active: Self-employed: Total,20,18,2
S01010141,Economically active: Self-employed: Part-time (1),5,4,1
S01010141,Economically active: Self-employed: Full-time (1),15,14,1
S01010141,Economically active: Unemployed (1),49,47,2
S01010141,Economically inactive,329,321,8
S01010142,All people aged 16 and over,491,470,21
S01010142,Economically active: Total,308,294,14
S01010142,Economically active: Employee: Total,234,226,8
S01010142,Economically active: Employee: Part-time (1),59,57,2
S01010142,Economically active: Employee: Full-time (1),175,169,6
S01010142,Economically active: Self-employed: Total,24,21,3
S01010142,Economically active: Self-employed: Part-time (1),3,2,1
S01010142,Economically active: Self-employed: Full-time (1),21,19,2
S01010142,Economically active: Unemployed (1),50,47,3
S01010142,Economically inactive,183,176,7
S01010143,All people aged 16 and over,632,618,14
S01010143,Economically active: Total,301,296,5
S01010143,Economically active: Employee: Total,250,247,3
S01010143,Economically active: Employee: Part-time (1),79,78,1
S01010143,Economically active: Employee: Full-time (1),171,169,2
S01010143,Economically active: Self-employed: Total,25,24,1
S01010143,Economically active: Self-employed: Part-time (1),6,6,0
S01010143,Economically active: Self-employed: Full-time (1),19,18,1
S01010143,Economically active: Unemployed (1),26,25,1
S01010143,Economically inactive,331,322,9
S01010144,All people aged 16 and over,575,488,87
S01010144,Economically active: Total,390,313,77
S01010144,Economically active: Employee: Total,309,245,64
S01010144,Economically active: Employee: Part-time (1),75,58,17
S01010144,Economically active: Employee: Full-time (1),234,187,47
S01010144,Economically active: Self-employed: Total,24,16,8
S01010144,Economically active: Self-employed: Part-time (1),6,3,3
S01010144,Economically active: Self-employed: Full-time (1),18,13,5
S01010144,Economically active: Unemployed (1),57,52,5
S01010144,Economically inactive,185,175,10
S01010145,All people aged 16 and over,650,547,103
S01010145,Economically active: Total,379,307,72
S01010145,Economically active: Employee: Total,309,251,58
S01010145,Economically active: Employee: Part-time (1),81,76,5
S01010145,Economically active: Employee: Full-time (1),228,175,53
S01010145,Economically active: Self-employed: Total,27,13,14
S01010145,Economically active: Self-employed: Part-time (1),2,1,1
S01010145,Economically active: Self-employed: Full-time (1),25,12,13
S01010145,Economically active: Unemployed (1),43,43,0
S01010145,Economically inactive,271,240,31
S01010146,All people aged 16 and over,627,546,81
S01010146,Economically active: Total,394,338,56
S01010146,Economically active: Employee: Total,282,245,37
S01010146,Economically active: Employee: Part-time (1),77,67,10
S01010146,Economically active: Employee: Full-time (1),205,178,27
S01010146,Economically active: Self-employed: Total,22,17,5
S01010146,Economically active: Self-employed: Part-time (1),3,1,2
S01010146,Economically active: Self-employed: Full-time (1),19,16,3
S01010146,Economically active: Unemployed (1),90,76,14
S01010146,Economically inactive,233,208,25
S01010147,All people aged 16 and over,746,699,47
S01010147,Economically active: Total,410,371,39
S01010147,Economically active: Employee: Total,287,256,31
S01010147,Economically active: Employee: Part-time (1),98,89,9
S01010147,Economically active: Employee: Full-time (1),189,167,22
S01010147,Economically active: Self-employed: Total,26,21,5
S01010147,Economically active: Self-employed: Part-time (1),11,8,3
S01010147,Economically active: Self-employed: Full-time (1),15,13,2
S01010147,Economically active: Unemployed (1),97,94,3
S01010147,Economically inactive,336,328,8
S01010148,All people aged 16 and over,601,563,38
S01010148,Economically active: Total,317,295,22
S01010148,Economically active: Employee: Total,235,216,19
S01010148,Economically active: Employee: Part-time (1),85,76,9
S01010148,Economically active: Employee: Full-time (1),150,140,10
S01010148,Economically active: Self-employed: Total,15,14,1
S01010148,Economically active: Self-employed: Part-time (1),2,2,0
S01010148,Economically active: Self-employed: Full-time (1),13,12,1
S01010148,Economically active: Unemployed (1),67,65,2
S01010148,Economically inactive,284,268,16
S01010149,All people aged 16 and over,496,459,37
S01010149,Economically active: Total,296,266,30
S01010149,Economically active: Employee: Total,254,230,24
S01010149,Economically active: Employee: Part-time (1),49,46,3
S01010149,Economically active: Employee: Full-time (1),205,184,21
S01010149,Economically active: Self-employed: Total,29,25,4
S01010149,Economically active: Self-employed: Part-time (1),8,6,2
S01010149,Economically active: Self-employed: Full-time (1),21,19,2
S01010149,Economically active: Unemployed (1),13,11,2
S01010149,Economically inactive,200,193,7
S01010150,All people aged 16 and over,540,517,23
S01010150,Economically active: Total,234,216,18
S01010150,Economically active: Employee: Total,181,167,14
S01010150,Economically active: Employee: Part-time (1),61,59,2
S01010150,Economically active: Employee: Full-time (1),120,108,12
S01010150,Economically active: Self-employed: Total,21,20,1
S01010150,Economically active: Self-employed: Part-time (1),3,3,0
S01010150,Economically active: Self-employed: Full-time (1),18,17,1
S01010150,Economically active: Unemployed (1),32,29,3
S01010150,Economically inactive,306,301,5
S01010151,All people aged 16 and over,550,532,18
S01010151,Economically active: Total,216,208,8
S01010151,Economically active: Employee: Total,167,160,7
S01010151,Economically active: Employee: Part-time (1),48,48,0
S01010151,Economically active: Employee: Full-time (1),119,112,7
S01010151,Economically active: Self-employed: Total,10,10,0
S01010151,Economically active: Self-employed: Part-time (1),5,5,0
S01010151,Economically active: Self-employed: Full-time (1),5,5,0
S01010151,Economically active: Unemployed (1),39,38,1
S01010151,Economically inactive,334,324,10
S01010152,All people aged 16 and over,736,692,44
S01010152,Economically active: Total,393,360,33
S01010152,Economically active: Employee: Total,323,304,19
S01010152,Economically active: Employee: Part-time (1),80,75,5
S01010152,Economically active: Employee: Full-time (1),243,229,14
S01010152,Economically active: Self-employed: Total,17,14,3
S01010152,Economically active: Self-employed: Part-time (1),6,5,1
S01010152,Economically active: Self-employed: Full-time (1),11,9,2
S01010152,Economically active: Unemployed (1),53,42,11
S01010152,Economically inactive,343,332,11
S01010153,All people aged 16 and over,825,792,33
S01010153,Economically active: Total,386,374,12
S01010153,Economically active: Employee: Total,317,308,9
S01010153,Economically active: Employee: Part-time (1),86,83,3
S01010153,Economically active: Employee: Full-time (1),231,225,6
S01010153,Economically active: Self-employed: Total,26,24,2
S01010153,Economically active: Self-employed: Part-time (1),6,6,0
S01010153,Economically active: Self-employed: Full-time (1),20,18,2
S01010153,Economically active: Unemployed (1),43,42,1
S01010153,Economically inactive,439,418,21
S01010154,All people aged 16 and over,783,762,21
S01010154,Economically active: Total,310,297,13
S01010154,Economically active: Employee: Total,273,263,10
S01010154,Economically active: Employee: Part-time (1),76,74,2
S01010154,Economically active: Employee: Full-time (1),197,189,8
S01010154,Economically active: Self-employed: Total,11,11,0
S01010154,Economically active: Self-employed: Part-time (1),1,1,0
S01010154,Economically active: Self-employed: Full-time (1),10,10,0
S01010154,Economically active: Unemployed (1),26,23,3
S01010154,Economically inactive,473,465,8
S01010155,All people aged 16 and over,664,651,13
S01010155,Economically active: Total,298,289,9
S01010155,Economically active: Employee: Total,245,239,6
S01010155,Economically active: Employee: Part-time (1),77,76,1
S01010155,Economically active: Employee: Full-time (1),168,163,5
S01010155,Economically active: Self-employed: Total,22,21,1
S01010155,Economically active: Self-employed: Part-time (1),8,8,0
S01010155,Economically active: Self-employed: Full-time (1),14,13,1
S01010155,Economically active: Unemployed (1),31,29,2
S01010155,Economically inactive,366,362,4
S01010156,All people aged 16 and over,477,453,24
S01010156,Economically active: Total,218,201,17
S01010156,Economically active: Employee: Total,163,152,11
S01010156,Economically active: Employee: Part-time (1),48,47,1
S01010156,Economically active: Employee: Full-time (1),115,105,10
S01010156,Economically active: Self-employed: Total,24,21,3
S01010156,Economically active: Self-employed: Part-time (1),12,11,1
S01010156,Economically active: Self-employed: Full-time (1),12,10,2
S01010156,Economically active: Unemployed (1),31,28,3
S01010156,Economically inactive,259,252,7
S01010157,All people aged 16 and over,487,472,15
S01010157,Economically active: Total,228,219,9
S01010157,Economically active: Employee: Total,153,147,6
S01010157,Economically active: Employee: Part-time (1),70,68,2
S01010157,Economically active: Employee: Full-time (1),83,79,4
S01010157,Economically active: Self-employed: Total,10,9,1
S01010157,Economically active: Self-employed: Part-time (1),4,4,0
S01010157,Economically active: Self-employed: Full-time (1),6,5,1
S01010157,Economically active: Unemployed (1),65,63,2
S01010157,Economically inactive,259,253,6
S01010158,All people aged 16 and over,790,751,39
S01010158,Economically active: Total,387,364,23
S01010158,Economically active: Employee: Total,321,300,21
S01010158,Economically active: Employee: Part-time (1),75,71,4
S01010158,Economically active: Employee: Full-time (1),246,229,17
S01010158,Economically active: Self-employed: Total,24,24,0
S01010158,Economically active: Self-employed: Part-time (1),6,6,0
S01010158,Economically active: Self-employed: Full-time (1),18,18,0
S01010158,Economically active: Unemployed (1),42,40,2
S01010158,Economically inactive,403,387,16
S01010159,All people aged 16 and over,628,608,20
S01010159,Economically active: Total,282,271,11
S01010159,Economically active: Employee: Total,232,226,6
S01010159,Economically active: Employee: Part-time (1),64,62,2
S01010159,Economically active: Employee: Full-time (1),168,164,4
S01010159,Economically active: Self-employed: Total,24,20,4
S01010159,Economically active: Self-employed: Part-time (1),6,4,2
S01010159,Economically active: Self-employed: Full-time (1),18,16,2
S01010159,Economically active: Unemployed (1),26,25,1
S01010159,Economically inactive,346,337,9
S01010160,All people aged 16 and over,473,254,219
S01010160,Economically active: Total,272,117,155
S01010160,Economically active: Employee: Total,178,63,115
S01010160,Economically active: Employee: Part-time (1),54,19,35
S01010160,Economically active: Employee: Full-time (1),124,44,80
S01010160,Economically active: Self-employed: Total,26,8,18
S01010160,Economically active: Self-employed: Part-time (1),10,3,7
S01010160,Economically active: Self-employed: Full-time (1),16,5,11
S01010160,Economically active: Unemployed (1),68,46,22
S01010160,Economically inactive,201,137,64
S01010161,All people aged 16 and over,484,456,28
S01010161,Economically active: Total,332,311,21
S01010161,Economically active: Employee: Total,269,250,19
S01010161,Economically active: Employee: Part-time (1),83,77,6
S01010161,Economically active: Employee: Full-time (1),186,173,13
S01010161,Economically active: Self-employed: Total,27,25,2
S01010161,Economically active: Self-employed: Part-time (1),6,5,1
S01010161,Economically active: Self-employed: Full-time (1),21,20,1
S01010161,Economically active: Unemployed (1),36,36,0
S01010161,Economically inactive,152,145,7
S01010162,All people aged 16 and over,639,590,49
S01010162,Economically active: Total,310,284,26
S01010162,Economically active: Employee: Total,205,186,19
S01010162,Economically active: Employee: Part-time (1),91,88,3
S01010162,Economically active: Employee: Full-time (1),114,98,16
S01010162,Economically active: Self-employed: Total,13,8,5
S01010162,Economically active: Self-employed: Part-time (1),5,5,0
S01010162,Economically active: Self-employed: Full-time (1),8,3,5
S01010162,Economically active: Unemployed (1),92,90,2
S01010162,Economically inactive,329,306,23
S01010163,All people aged 16 and over,465,449,16
S01010163,Economically active: Total,234,221,13
S01010163,Economically active: Employee: Total,176,166,10
S01010163,Economically active: Employee: Part-time (1),58,54,4
S01010163,Economically active: Employee: Full-time (1),118,112,6
S01010163,Economically active: Self-employed: Total,13,11,2
S01010163,Economically active: Self-employed: Part-time (1),6,5,1
S01010163,Economically active: Self-employed: Full-time (1),7,6,1
S01010163,Economically active: Unemployed (1),45,44,1
S01010163,Economically inactive,231,228,3
S01010164,All people aged 16 and over,628,607,21
S01010164,Economically active: Total,314,300,14
S01010164,Economically active: Employee: Total,242,234,8
S01010164,Economically active: Employee: Part-time (1),65,65,0
S01010164,Economically active: Employee: Full-time (1),177,169,8
S01010164,Economically active: Self-employed: Total,24,22,2
S01010164,Economically active: Self-employed: Part-time (1),8,7,1
S01010164,Economically active: Self-employed: Full-time (1),16,15,1
S01010164,Economically active: Unemployed (1),48,44,4
S01010164,Economically inactive,314,307,7
S01010165,All people aged 16 and over,490,468,22
S01010165,Economically active: Total,256,246,10
S01010165,Economically active: Employee: Total,194,186,8
S01010165,Economically active: Employee: Part-time (1),73,70,3
S01010165,Economically active: Employee: Full-time (1),121,116,5
S01010165,Economically active: Self-employed: Total,7,7,0
S01010165,Economically active: Self-employed: Part-time (1),1,1,0
S01010165,Economically active: Self-employed: Full-time (1),6,6,0
S01010165,Economically active: Unemployed (1),55,53,2
S01010165,Economically inactive,234,222,12
S01010166,All people aged 16 and over,606,582,24
S01010166,Economically active: Total,314,303,11
S01010166,Economically active: Employee: Total,255,246,9
S01010166,Economically active: Employee: Part-time (1),80,77,3
S01010166,Economically active: Employee: Full-time (1),175,169,6
S01010166,Economically active: Self-employed: Total,18,17,1
S01010166,Economically active: Self-employed: Part-time (1),1,0,1
S01010166,Economically active: Self-employed: Full-time (1),17,17,0
S01010166,Economically active: Unemployed (1),41,40,1
S01010166,Economically inactive,292,279,13
S01010167,All people aged 16 and over,692,675,17
S01010167,Economically active: Total,302,292,10
S01010167,Economically active: Employee: Total,231,223,8
S01010167,Economically active: Employee: Part-time (1),70,66,4
S01010167,Economically active: Employee: Full-time (1),161,157,4
S01010167,Economically active: Self-employed: Total,16,15,1
S01010167,Economically active: Self-employed: Part-time (1),4,3,1
S01010167,Economically active: Self-employed: Full-time (1),12,12,0
S01010167,Economically active: Unemployed (1),55,54,1
S01010167,Economically inactive,390,383,7
S01010168,All people aged 16 and over,397,392,5
S01010168,Economically active: Total,261,257,4
S01010168,Economically active: Employee: Total,200,196,4
S01010168,Economically active: Employee: Part-time (1),57,55,2
S01010168,Economically active: Employee: Full-time (1),143,141,2
S01010168,Economically active: Self-employed: Total,20,20,0
S01010168,Economically active: Self-employed: Part-time (1),4,4,0
S01010168,Economically active: Self-employed: Full-time (1),16,16,0
S01010168,Economically active: Unemployed (1),41,41,0
S01010168,Economically inactive,136,135,1
S01010169,All people aged 16 and over,666,605,61
S01010169,Economically active: Total,412,360,52
S01010169,Economically active: Employee: Total,313,273,40
S01010169,Economically active: Employee: Part-time (1),100,86,14
S01010169,Economically active: Employee: Full-time (1),213,187,26
S01010169,Economically active: Self-employed: Total,28,25,3
S01010169,Economically active: Self-employed: Part-time (1),6,5,1
S01010169,Economically active: Self-employed: Full-time (1),22,20,2
S01010169,Economically active: Unemployed (1),71,62,9
S01010169,Economically inactive,254,245,9
S01010170,All people aged 16 and over,435,417,18
S01010170,Economically active: Total,253,244,9
S01010170,Economically active: Employee: Total,201,195,6
S01010170,Economically active: Employee: Part-time (1),66,63,3
S01010170,Economically active: Employee: Full-time (1),135,132,3
S01010170,Economically active: Self-employed: Total,17,16,1
S01010170,Economically active: Self-employed: Part-time (1),2,2,0
S01010170,Economically active: Self-employed: Full-time (1),15,14,1
S01010170,Economically active: Unemployed (1),35,33,2
S01010170,Economically inactive,182,173,9
S01010171,All people aged 16 and over,783,767,16
S01010171,Economically active: Total,399,389,10
S01010171,Economically active: Employee: Total,278,270,8
S01010171,Economically active: Employee: Part-time (1),100,97,3
S01010171,Economically active: Employee: Full-time (1),178,173,5
S01010171,Economically active: Self-employed: Total,12,11,1
S01010171,Economically active: Self-employed: Part-time (1),2,2,0
S01010171,Economically active: Self-employed: Full-time (1),10,9,1
S01010171,Economically active: Unemployed (1),109,108,1
S01010171,Economically inactive,384,378,6
S01010172,All people aged 16 and over,624,592,32
S01010172,Economically active: Total,271,251,20
S01010172,Economically active: Employee: Total,217,202,15
S01010172,Economically active: Employee: Part-time (1),42,37,5
S01010172,Economically active: Employee: Full-time (1),175,165,10
S01010172,Economically active: Self-employed: Total,20,18,2
S01010172,Economically active: Self-employed: Part-time (1),7,6,1
S01010172,Economically active: Self-employed: Full-time (1),13,12,1
S01010172,Economically active: Unemployed (1),34,31,3
S01010172,Economically inactive,353,341,12
S01010173,All people aged 16 and over,639,618,21
S01010173,Economically active: Total,333,324,9
S01010173,Economically active: Employee: Total,275,266,9
S01010173,Economically active: Employee: Part-time (1),85,81,4
S01010173,Economically active: Employee: Full-time (1),190,185,5
S01010173,Economically active: Self-employed: Total,27,27,0
S01010173,Economically active: Self-employed: Part-time (1),5,5,0
S01010173,Economically active: Self-employed: Full-time (1),22,22,0
S01010173,Economically active: Unemployed (1),31,31,0
S01010173,Economically inactive,306,294,12
S01010174,All people aged 16 and over,1309,1272,37
S01010174,Economically active: Total,382,366,16
S01010174,Economically active: Employee: Total,298,289,9
S01010174,Economically active: Employee: Part-time (1),93,87,6
S01010174,Economically active: Employee: Full-time (1),205,202,3
S01010174,Economically active: Self-employed: Total,29,28,1
S01010174,Economically active: Self-employed: Part-time (1),6,6,0
S01010174,Economically active: Self-employed: Full-time (1),23,22,1
S01010174,Economically active: Unemployed (1),55,49,6
S01010174,Economically inactive,927,906,21
S01010175,All people aged 16 and over,384,372,12
S01010175,Economically active: Total,214,207,7
S01010175,Economically active: Employee: Total,174,170,4
S01010175,Economically active: Employee: Part-time (1),54,54,0
S01010175,Economically active: Employee: Full-time (1),120,116,4
S01010175,Economically active: Self-employed: Total,14,13,1
S01010175,Economically active: Self-employed: Part-time (1),2,1,1
S01010175,Economically active: Self-employed: Full-time (1),12,12,0
S01010175,Economically active: Unemployed (1),26,24,2
S01010175,Economically inactive,170,165,5
S01010176,All people aged 16 and over,590,561,29
S01010176,Economically active: Total,279,269,10
S01010176,Economically active: Employee: Total,231,226,5
S01010176,Economically active: Employee: Part-time (1),68,68,0
S01010176,Economically active: Employee: Full-time (1),163,158,5
S01010176,Economically active: Self-employed: Total,20,19,1
S01010176,Economically active: Self-employed: Part-time (1),7,6,1
S01010176,Economically active: Self-employed: Full-time (1),13,13,0
S01010176,Economically active: Unemployed (1),28,24,4
S01010176,Economically inactive,311,292,19
S01010177,All people aged 16 and over,571,531,40
S01010177,Economically active: Total,308,279,29
S01010177,Economically active: Employee: Total,213,191,22
S01010177,Economically active: Employee: Part-time (1),82,73,9
S01010177,Economically active: Employee: Full-time (1),131,118,13
S01010177,Economically active: Self-employed: Total,16,14,2
S01010177,Economically active: Self-employed: Part-time (1),5,5,0
S01010177,Economically active: Self-employed: Full-time (1),11,9,2
S01010177,Economically active: Unemployed (1),79,74,5
S01010177,Economically inactive,263,252,11
S01010178,All people aged 16 and over,739,669,70
S01010178,Economically active: Total,415,365,50
S01010178,Economically active: Employee: Total,303,266,37
S01010178,Economically active: Employee: Part-time (1),130,109,21
S01010178,Economically active: Employee: Full-time (1),173,157,16
S01010178,Economically active: Self-employed: Total,16,12,4
S01010178,Economically active: Self-employed: Part-time (1),6,4,2
S01010178,Economically active: Self-employed: Full-time (1),10,8,2
S01010178,Economically active: Unemployed (1),96,87,9
S01010178,Economically inactive,324,304,20
S01010179,All people aged 16 and over,690,653,37
S01010179,Economically active: Total,345,329,16
S01010179,Economically active: Employee: Total,275,265,10
S01010179,Economically active: Employee: Part-time (1),87,86,1
S01010179,Economically active: Employee: Full-time (1),188,179,9
S01010179,Economically active: Self-employed: Total,11,7,4
S01010179,Economically active: Self-employed: Part-time (1),3,2,1
S01010179,Economically active: Self-employed: Full-time (1),8,5,3
S01010179,Economically active: Unemployed (1),59,57,2
S01010179,Economically inactive,345,324,21
S01010180,All people aged 16 and over,399,312,87
S01010180,Economically active: Total,294,224,70
S01010180,Economically active: Employee: Total,232,179,53
S01010180,Economically active: Employee: Part-time (1),64,54,10
S01010180,Economically active: Employee: Full-time (1),168,125,43
S01010180,Economically active: Self-employed: Total,24,13,11
S01010180,Economically active: Self-employed: Part-time (1),6,3,3
S01010180,Economically active: Self-employed: Full-time (1),18,10,8
S01010180,Economically active: Unemployed (1),38,32,6
S01010180,Economically inactive,105,88,17
S01010181,All people aged 16 and over,489,477,12
S01010181,Economically active: Total,254,247,7
S01010181,Economically active: Employee: Total,175,172,3
S01010181,Economically active: Employee: Part-time (1),54,53,1
S01010181,Economically active: Employee: Full-time (1),121,119,2
S01010181,Economically active: Self-employed: Total,19,18,1
S01010181,Economically active: Self-employed: Part-time (1),6,6,0
S01010181,Economically active: Self-employed: Full-time (1),13,12,1
S01010181,Economically active: Unemployed (1),60,57,3
S01010181,Economically inactive,235,230,5
S01010182,All people aged 16 and over,580,537,43
S01010182,Economically active: Total,411,387,24
S01010182,Economically active: Employee: Total,342,326,16
S01010182,Economically active: Employee: Part-time (1),88,84,4
S01010182,Economically active: Employee: Full-time (1),254,242,12
S01010182,Economically active: Self-employed: Total,43,36,7
S01010182,Economically active: Self-employed: Part-time (1),9,8,1
S01010182,Economically active: Self-employed: Full-time (1),34,28,6
S01010182,Economically active: Unemployed (1),26,25,1
S01010182,Economically inactive,169,150,19
S01010183,All people aged 16 and over,391,387,4
S01010183,Economically active: Total,182,179,3
S01010183,Economically active: Employee: Total,145,143,2
S01010183,Economically active: Employee: Part-time (1),47,46,1
S01010183,Economically active: Employee: Full-time (1),98,97,1
S01010183,Economically active: Self-employed: Total,10,9,1
S01010183,Economically active: Self-employed: Part-time (1),2,1,1
S01010183,Economically active: Self-employed: Full-time (1),8,8,0
S01010183,Economically active: Unemployed (1),27,27,0
S01010183,Economically inactive,209,208,1
S01010184,All people aged 16 and over,517,499,18
S01010184,Economically active: Total,280,269,11
S01010184,Economically active: Employee: Total,212,204,8
S01010184,Economically active: Employee: Part-time (1),79,74,5
S01010184,Economically active: Employee: Full-time (1),133,130,3
S01010184,Economically active: Self-employed: Total,11,11,0
S01010184,Economically active: Self-employed: Part-time (1),3,3,0
S01010184,Economically active: Self-employed: Full-time (1),8,8,0
S01010184,Economically active: Unemployed (1),57,54,3
S01010184,Economically inactive,237,230,7
S01010185,All people aged 16 and over,487,464,23
S01010185,Economically active: Total,265,251,14
S01010185,Economically active: Employee: Total,203,194,9
S01010185,Economically active: Employee: Part-time (1),83,82,1
S01010185,Economically active: Employee: Full-time (1),120,112,8
S01010185,Economically active: Self-employed: Total,16,14,2
S01010185,Economically active: Self-employed: Part-time (1),5,4,1
S01010185,Economically active: Self-employed: Full-time (1),11,10,1
S01010185,Economically active: Unemployed (1),46,43,3
S01010185,Economically inactive,222,213,9
S01010186,All people aged 16 and over,523,447,76
S01010186,Economically active: Total,369,317,52
S01010186,Economically active: Employee: Total,308,270,38
S01010186,Economically active: Employee: Part-time (1),84,64,20
S01010186,Economically active: Employee: Full-time (1),224,206,18
S01010186,Economically active: Self-employed: Total,35,24,11
S01010186,Economically active: Self-employed: Part-time (1),3,3,0
S01010186,Economically active: Self-employed: Full-time (1),32,21,11
S01010186,Economically active: Unemployed (1),26,23,3
S01010186,Economically inactive,154,130,24
S01010187,All people aged 16 and over,548,533,15
S01010187,Economically active: Total,416,408,8
S01010187,Economically active: Employee: Total,357,351,6
S01010187,Economically active: Employee: Part-time (1),83,83,0
S01010187,Economically active: Employee: Full-time (1),274,268,6
S01010187,Economically active: Self-employed: Total,31,29,2
S01010187,Economically active: Self-employed: Part-time (1),5,5,0
S01010187,Economically active: Self-employed: Full-time (1),26,24,2
S01010187,Economically active: Unemployed (1),28,28,0
S01010187,Economically inactive,132,125,7
S01010188,All people aged 16 and over,610,578,32
S01010188,Economically active: Total,426,406,20
S01010188,Economically active: Employee: Total,351,341,10
S01010188,Economically active: Employee: Part-time (1),80,76,4
S01010188,Economically active: Employee: Full-time (1),271,265,6
S01010188,Economically active: Self-employed: Total,50,42,8
S01010188,Economically active: Self-employed: Part-time (1),6,6,0
S01010188,Economically active: Self-employed: Full-time (1),44,36,8
S01010188,Economically active: Unemployed (1),25,23,2
S01010188,Economically inactive,184,172,12
S01010189,All people aged 16 and over,739,673,66
S01010189,Economically active: Total,612,572,40
S01010189,Economically active: Employee: Total,518,492,26
S01010189,Economically active: Employee: Part-time (1),126,116,10
S01010189,Economically active: Employee: Full-time (1),392,376,16
S01010189,Economically active: Self-employed: Total,64,55,9
S01010189,Economically active: Self-employed: Part-time (1),13,10,3
S01010189,Economically active: Self-employed: Full-time (1),51,45,6
S01010189,Economically active: Unemployed (1),30,25,5
S01010189,Economically inactive,127,101,26
S01010190,All people aged 16 and over,581,484,97
S01010190,Economically active: Total,476,406,70
S01010190,Economically active: Employee: Total,379,333,46
S01010190,Economically active: Employee: Part-time (1),99,90,9
S01010190,Economically active: Employee: Full-time (1),280,243,37
S01010190,Economically active: Self-employed: Total,70,51,19
S01010190,Economically active: Self-employed: Part-time (1),12,10,2
S01010190,Economically active: Self-employed: Full-time (1),58,41,17
S01010190,Economically active: Unemployed (1),27,22,5
S01010190,Economically inactive,105,78,27
S01010191,All people aged 16 and over,531,490,41
S01010191,Economically active: Total,415,394,21
S01010191,Economically active: Employee: Total,343,326,17
S01010191,Economically active: Employee: Part-time (1),81,72,9
S01010191,Economically active: Employee: Full-time (1),262,254,8
S01010191,Economically active: Self-employed: Total,53,51,2
S01010191,Economically active: Self-employed: Part-time (1),10,10,0
S01010191,Economically active: Self-employed: Full-time (1),43,41,2
S01010191,Economically active: Unemployed (1),19,17,2
S01010191,Economically inactive,116,96,20
S01010192,All people aged 16 and over,631,517,114
S01010192,Economically active: Total,507,439,68
S01010192,Economically active: Employee: Total,436,384,52
S01010192,Economically active: Employee: Part-time (1),112,85,27
S01010192,Economically active: Employee: Full-time (1),324,299,25
S01010192,Economically active: Self-employed: Total,44,32,12
S01010192,Economically active: Self-employed: Part-time (1),4,2,2
S01010192,Economically active: Self-employed: Full-time (1),40,30,10
S01010192,Economically active: Unemployed (1),27,23,4
S01010192,Economically inactive,124,78,46
S01010193,All people aged 16 and over,685,633,52
S01010193,Economically active: Total,432,407,25
S01010193,Economically active: Employee: Total,358,339,19
S01010193,Economically active: Employee: Part-time (1),93,88,5
S01010193,Economically active: Employee: Full-time (1),265,251,14
S01010193,Economically active: Self-employed: Total,55,50,5
S01010193,Economically active: Self-employed: Part-time (1),10,9,1
S01010193,Economically active: Self-employed: Full-time (1),45,41,4
S01010193,Economically active: Unemployed (1),19,18,1
S01010193,Economically inactive,253,226,27
S01010194,All people aged 16 and over,548,536,12
S01010194,Economically active: Total,284,278,6
S01010194,Economically active: Employee: Total,226,222,4
S01010194,Economically active: Employee: Part-time (1),78,75,3
S01010194,Economically active: Employee: Full-time (1),148,147,1
S01010194,Economically active: Self-employed: Total,18,17,1
S01010194,Economically active: Self-employed: Part-time (1),3,2,1
S01010194,Economically active: Self-employed: Full-time (1),15,15,0
S01010194,Economically active: Unemployed (1),40,39,1
S01010194,Economically inactive,264,258,6
S01010195,All people aged 16 and over,431,418,13
S01010195,Economically active: Total,238,229,9
S01010195,Economically active: Employee: Total,191,184,7
S01010195,Economically active: Employee: Part-time (1),53,53,0
S01010195,Economically active: Employee: Full-time (1),138,131,7
S01010195,Economically active: Self-employed: Total,18,16,2
S01010195,Economically active: Self-employed: Part-time (1),6,6,0
S01010195,Economically active: Self-employed: Full-time (1),12,10,2
S01010195,Economically active: Unemployed (1),29,29,0
S01010195,Economically inactive,193,189,4
S01010196,All people aged 16 and over,634,620,14
S01010196,Economically active: Total,318,310,8
S01010196,Economically active: Employee: Total,244,239,5
S01010196,Economically active: Employee: Part-time (1),70,69,1
S01010196,Economically active: Employee: Full-time (1),174,170,4
S01010196,Economically active: Self-employed: Total,9,8,1
S01010196,Economically active: Self-employed: Part-time (1),4,3,1
S01010196,Economically active: Self-employed: Full-time (1),5,5,0
S01010196,Economically active: Unemployed (1),65,63,2
S01010196,Economically inactive,316,310,6
S01010197,All people aged 16 and over,548,533,15
S01010197,Economically active: Total,311,303,8
S01010197,Economically active: Employee: Total,254,246,8
S01010197,Economically active: Employee: Part-time (1),96,92,4
S01010197,Economically active: Employee: Full-time (1),158,154,4
S01010197,Economically active: Self-employed: Total,10,10,0
S01010197,Economically active: Self-employed: Part-time (1),2,2,0
S01010197,Economically active: Self-employed: Full-time (1),8,8,0
S01010197,Economically active: Unemployed (1),47,47,0
S01010197,Economically inactive,237,230,7
S01010198,All people aged 16 and over,850,812,38
S01010198,Economically active: Total,411,396,15
S01010198,Economically active: Employee: Total,316,303,13
S01010198,Economically active: Employee: Part-time (1),106,99,7
S01010198,Economically active: Employee: Full-time (1),210,204,6
S01010198,Economically active: Self-employed: Total,29,27,2
S01010198,Economically active: Self-employed: Part-time (1),5,5,0
S01010198,Economically active: Self-employed: Full-time (1),24,22,2
S01010198,Economically active: Unemployed (1),66,66,0
S01010198,Economically inactive,439,416,23
S01010199,All people aged 16 and over,412,389,23
S01010199,Economically active: Total,236,226,10
S01010199,Economically active: Employee: Total,175,169,6
S01010199,Economically active: Employee: Part-time (1),73,72,1
S01010199,Economically active: Employee: Full-time (1),102,97,5
S01010199,Economically active: Self-employed: Total,7,6,1
S01010199,Economically active: Self-employed: Part-time (1),1,1,0
S01010199,Economically active: Self-employed: Full-time (1),6,5,1
S01010199,Economically active: Unemployed (1),54,51,3
S01010199,Economically inactive,176,163,13
S01010200,All people aged 16 and over,580,569,11
S01010200,Economically active: Total,290,285,5
S01010200,Economically active: Employee: Total,239,236,3
S01010200,Economically active: Employee: Part-time (1),64,64,0
S01010200,Economically active: Employee: Full-time (1),175,172,3
S01010200,Economically active: Self-employed: Total,20,20,0
S01010200,Economically active: Self-employed: Part-time (1),2,2,0
S01010200,Economically active: Self-employed: Full-time (1),18,18,0
S01010200,Economically active: Unemployed (1),31,29,2
S01010200,Economically inactive,290,284,6
S01010201,All people aged 16 and over,511,501,10
S01010201,Economically active: Total,320,316,4
S01010201,Economically active: Employee: Total,270,266,4
S01010201,Economically active: Employee: Part-time (1),79,78,1
S01010201,Economically active: Employee: Full-time (1),191,188,3
S01010201,Economically active: Self-employed: Total,21,21,0
S01010201,Economically active: Self-employed: Part-time (1),7,7,0
S01010201,Economically active: Self-employed: Full-time (1),14,14,0
S01010201,Economically active: Unemployed (1),29,29,0
S01010201,Economically inactive,191,185,6
S01010202,All people aged 16 and over,535,447,88
S01010202,Economically active: Total,288,247,41
S01010202,Economically active: Employee: Total,189,163,26
S01010202,Economically active: Employee: Part-time (1),71,62,9
S01010202,Economically active: Employee: Full-time (1),118,101,17
S01010202,Economically active: Self-employed: Total,12,8,4
S01010202,Economically active: Self-employed: Part-time (1),4,3,1
S01010202,Economically active: Self-employed: Full-time (1),8,5,3
S01010202,Economically active: Unemployed (1),87,76,11
S01010202,Economically inactive,247,200,47
S01010203,All people aged 16 and over,517,460,57
S01010203,Economically active: Total,397,355,42
S01010203,Economically active: Employee: Total,338,305,33
S01010203,Economically active: Employee: Part-time (1),72,70,2
S01010203,Economically active: Employee: Full-time (1),266,235,31
S01010203,Economically active: Self-employed: Total,32,27,5
S01010203,Economically active: Self-employed: Part-time (1),6,6,0
S01010203,Economically active: Self-employed: Full-time (1),26,21,5
S01010203,Economically active: Unemployed (1),27,23,4
S01010203,Economically inactive,120,105,15
S01010204,All people aged 16 and over,628,588,40
S01010204,Economically active: Total,314,294,20
S01010204,Economically active: Employee: Total,245,227,18
S01010204,Economically active: Employee: Part-time (1),94,91,3
S01010204,Economically active: Employee: Full-time (1),151,136,15
S01010204,Economically active: Self-employed: Total,8,7,1
S01010204,Economically active: Self-employed: Part-time (1),3,2,1
S01010204,Economically active: Self-employed: Full-time (1),5,5,0
S01010204,Economically active: Unemployed (1),61,60,1
S01010204,Economically inactive,314,294,20
S01010205,All people aged 16 and over,568,510,58
S01010205,Economically active: Total,317,281,36
S01010205,Economically active: Employee: Total,266,234,32
S01010205,Economically active: Employee: Part-time (1),69,64,5
S01010205,Economically active: Employee: Full-time (1),197,170,27
S01010205,Economically active: Self-employed: Total,21,18,3
S01010205,Economically active: Self-employed: Part-time (1),6,5,1
S01010205,Economically active: Self-employed: Full-time (1),15,13,2
S01010205,Economically active: Unemployed (1),30,29,1
S01010205,Economically inactive,251,229,22
S01010206,All people aged 16 and over,341,66,275
S01010206,Economically active: Total,72,28,44
S01010206,Economically active: Employee: Total,40,10,30
S01010206,Economically active: Employee: Part-time (1),9,2,7
S01010206,Economically active: Employee: Full-time (1),31,8,23
S01010206,Economically active: Self-employed: Total,3,1,2
S01010206,Economically active: Self-employed: Part-time (1),0,0,0
S01010206,Economically active: Self-employed: Full-time (1),3,1,2
S01010206,Economically active: Unemployed (1),29,17,12
S01010206,Economically inactive,269,38,231
S01010207,All people aged 16 and over,476,228,248
S01010207,Economically active: Total,193,107,86
S01010207,Economically active: Employee: Total,123,78,45
S01010207,Economically active: Employee: Part-time (1),61,34,27
S01010207,Economically active: Employee: Full-time (1),62,44,18
S01010207,Economically active: Self-employed: Total,12,6,6
S01010207,Economically active: Self-employed: Part-time (1),2,1,1
S01010207,Economically active: Self-employed: Full-time (1),10,5,5
S01010207,Economically active: Unemployed (1),58,23,35
S01010207,Economically inactive,283,121,162
S01010208,All people aged 16 and over,794,712,82
S01010208,Economically active: Total,521,467,54
S01010208,Economically active: Employee: Total,438,394,44
S01010208,Economically active: Employee: Part-time (1),88,69,19
S01010208,Economically active: Employee: Full-time (1),350,325,25
S01010208,Economically active: Self-employed: Total,33,26,7
S01010208,Economically active: Self-employed: Part-time (1),6,4,2
S01010208,Economically active: Self-employed: Full-time (1),27,22,5
S01010208,Economically active: Unemployed (1),50,47,3
S01010208,Economically inactive,273,245,28
S01010209,All people aged 16 and over,820,766,54
S01010209,Economically active: Total,425,384,41
S01010209,Economically active: Employee: Total,334,306,28
S01010209,Economically active: Employee: Part-time (1),91,84,7
S01010209,Economically active: Employee: Full-time (1),243,222,21
S01010209,Economically active: Self-employed: Total,24,18,6
S01010209,Economically active: Self-employed: Part-time (1),3,3,0
S01010209,Economically active: Self-employed: Full-time (1),21,15,6
S01010209,Economically active: Unemployed (1),67,60,7
S01010209,Economically inactive,395,382,13
S01010210,All people aged 16 and over,753,725,28
S01010210,Economically active: Total,392,378,14
S01010210,Economically active: Employee: Total,327,316,11
S01010210,Economically active: Employee: Part-time (1),91,87,4
S01010210,Economically active: Employee: Full-time (1),236,229,7
S01010210,Economically active: Self-employed: Total,23,21,2
S01010210,Economically active: Self-employed: Part-time (1),4,4,0
S01010210,Economically active: Self-employed: Full-time (1),19,17,2
S01010210,Economically active: Unemployed (1),42,41,1
S01010210,Economically inactive,361,347,14
S01010211,All people aged 16 and over,713,682,31
S01010211,Economically active: Total,318,297,21
S01010211,Economically active: Employee: Total,252,235,17
S01010211,Economically active: Employee: Part-time (1),78,71,7
S01010211,Economically active: Employee: Full-time (1),174,164,10
S01010211,Economically active: Self-employed: Total,11,10,1
S01010211,Economically active: Self-employed: Part-time (1),1,1,0
S01010211,Economically active: Self-employed: Full-time (1),10,9,1
S01010211,Economically active: Unemployed (1),55,52,3
S01010211,Economically inactive,395,385,10
S01010212,All people aged 16 and over,877,774,103
S01010212,Economically active: Total,427,370,57
S01010212,Economically active: Employee: Total,329,287,42
S01010212,Economically active: Employee: Part-time (1),115,92,23
S01010212,Economically active: Employee: Full-time (1),214,195,19
S01010212,Economically active: Self-employed: Total,15,9,6
S01010212,Economically active: Self-employed: Part-time (1),5,1,4
S01010212,Economically active: Self-employed: Full-time (1),10,8,2
S01010212,Economically active: Unemployed (1),83,74,9
S01010212,Economically inactive,450,404,46
S01010213,All people aged 16 and over,796,760,36
S01010213,Economically active: Total,389,363,26
S01010213,Economically active: Employee: Total,340,318,22
S01010213,Economically active: Employee: Part-time (1),72,64,8
S01010213,Economically active: Employee: Full-time (1),268,254,14
S01010213,Economically active: Self-employed: Total,13,12,1
S01010213,Economically active: Self-employed: Part-time (1),3,3,0
S01010213,Economically active: Self-employed: Full-time (1),10,9,1
S01010213,Economically active: Unemployed (1),36,33,3
S01010213,Economically inactive,407,397,10
S01010214,All people aged 16 and over,800,718,82
S01010214,Economically active: Total,483,432,51
S01010214,Economically active: Employee: Total,412,375,37
S01010214,Economically active: Employee: Part-time (1),136,119,17
S01010214,Economically active: Employee: Full-time (1),276,256,20
S01010214,Economically active: Self-employed: Total,28,22,6
S01010214,Economically active: Self-employed: Part-time (1),3,2,1
S01010214,Economically active: Self-employed: Full-time (1),25,20,5
S01010214,Economically active: Unemployed (1),43,35,8
S01010214,Economically inactive,317,286,31
S01010215,All people aged 16 and over,705,635,70
S01010215,Economically active: Total,309,257,52
S01010215,Economically active: Employee: Total,238,205,33
S01010215,Economically active: Employee: Part-time (1),81,68,13
S01010215,Economically active: Employee: Full-time (1),157,137,20
S01010215,Economically active: Self-employed: Total,11,10,1
S01010215,Economically active: Self-employed: Part-time (1),2,2,0
S01010215,Economically active: Self-employed: Full-time (1),9,8,1
S01010215,Economically active: Unemployed (1),60,42,18
S01010215,Economically inactive,396,378,18
S01010216,All people aged 16 and over,528,454,74
S01010216,Economically active: Total,254,208,46
S01010216,Economically active: Employee: Total,196,156,40
S01010216,Economically active: Employee: Part-time (1),64,49,15
S01010216,Economically active: Employee: Full-time (1),132,107,25
S01010216,Economically active: Self-employed: Total,19,14,5
S01010216,Economically active: Self-employed: Part-time (1),9,7,2
S01010216,Economically active: Self-employed: Full-time (1),10,7,3
S01010216,Economically active: Unemployed (1),39,38,1
S01010216,Economically inactive,274,246,28
S01010217,All people aged 16 and over,622,525,97
S01010217,Economically active: Total,366,306,60
S01010217,Economically active: Employee: Total,267,232,35
S01010217,Economically active: Employee: Part-time (1),75,63,12
S01010217,Economically active: Employee: Full-time (1),192,169,23
S01010217,Economically active: Self-employed: Total,12,7,5
S01010217,Economically active: Self-employed: Part-time (1),1,0,1
S01010217,Economically active: Self-employed: Full-time (1),11,7,4
S01010217,Economically active: Unemployed (1),87,67,20
S01010217,Economically inactive,256,219,37
S01010218,All people aged 16 and over,839,710,129
S01010218,Economically active: Total,542,452,90
S01010218,Economically active: Employee: Total,419,345,74
S01010218,Economically active: Employee: Part-time (1),93,71,22
S01010218,Economically active: Employee: Full-time (1),326,274,52
S01010218,Economically active: Self-employed: Total,34,31,3
S01010218,Economically active: Self-employed: Part-time (1),10,9,1
S01010218,Economically active: Self-employed: Full-time (1),24,22,2
S01010218,Economically active: Unemployed (1),89,76,13
S01010218,Economically inactive,297,258,39
S01010219,All people aged 16 and over,400,186,214
S01010219,Economically active: Total,227,85,142
S01010219,Economically active: Employee: Total,164,48,116
S01010219,Economically active: Employee: Part-time (1),80,20,60
S01010219,Economically active: Employee: Full-time (1),84,28,56
S01010219,Economically active: Self-employed: Total,8,5,3
S01010219,Economically active: Self-employed: Part-time (1),1,1,0
S01010219,Economically active: Self-employed: Full-time (1),7,4,3
S01010219,Economically active: Unemployed (1),55,32,23
S01010219,Economically inactive,173,101,72
S01010220,All people aged 16 and over,434,331,103
S01010220,Economically active: Total,352,287,65
S01010220,Economically active: Employee: Total,288,233,55
S01010220,Economically active: Employee: Part-time (1),52,31,21
S01010220,Economically active: Employee: Full-time (1),236,202,34
S01010220,Economically active: Self-employed: Total,51,44,7
S01010220,Economically active: Self-employed: Part-time (1),13,11,2
S01010220,Economically active: Self-employed: Full-time (1),38,33,5
S01010220,Economically active: Unemployed (1),13,10,3
S01010220,Economically inactive,82,44,38
S01010221,All people aged 16 and over,470,431,39
S01010221,Economically active: Total,199,173,26
S01010221,Economically active: Employee: Total,154,131,23
S01010221,Economically active: Employee: Part-time (1),54,40,14
S01010221,Economically active: Employee: Full-time (1),100,91,9
S01010221,Economically active: Self-employed: Total,6,6,0
S01010221,Economically active: Self-employed: Part-time (1),3,3,0
S01010221,Economically active: Self-employed: Full-time (1),3,3,0
S01010221,Economically active: Unemployed (1),39,36,3
S01010221,Economically inactive,271,258,13
S01010222,All people aged 16 and over,437,392,45
S01010222,Economically active: Total,275,252,23
S01010222,Economically active: Employee: Total,223,207,16
S01010222,Economically active: Employee: Part-time (1),47,43,4
S01010222,Economically active: Employee: Full-time (1),176,164,12
S01010222,Economically active: Self-employed: Total,11,10,1
S01010222,Economically active: Self-employed: Part-time (1),2,2,0
S01010222,Economically active: Self-employed: Full-time (1),9,8,1
S01010222,Economically active: Unemployed (1),41,35,6
S01010222,Economically inactive,162,140,22
S01010223,All people aged 16 and over,495,436,59
S01010223,Economically active: Total,262,230,32
S01010223,Economically active: Employee: Total,205,180,25
S01010223,Economically active: Employee: Part-time (1),50,46,4
S01010223,Economically active: Employee: Full-time (1),155,134,21
S01010223,Economically active: Self-employed: Total,19,15,4
S01010223,Economically active: Self-employed: Part-time (1),5,3,2
S01010223,Economically active: Self-employed: Full-time (1),14,12,2
S01010223,Economically active: Unemployed (1),38,35,3
S01010223,Economically inactive,233,206,27
S01010224,All people aged 16 and over,799,693,106
S01010224,Economically active: Total,406,326,80
S01010224,Economically active: Employee: Total,294,238,56
S01010224,Economically active: Employee: Part-time (1),123,94,29
S01010224,Economically active: Employee: Full-time (1),171,144,27
S01010224,Economically active: Self-employed: Total,24,12,12
S01010224,Economically active: Self-employed: Part-time (1),3,1,2
S01010224,Economically active: Self-employed: Full-time (1),21,11,10
S01010224,Economically active: Unemployed (1),88,76,12
S01010224,Economically inactive,393,367,26
S01010225,All people aged 16 and over,664,521,143
S01010225,Economically active: Total,380,300,80
S01010225,Economically active: Employee: Total,315,257,58
S01010225,Economically active: Employee: Part-time (1),91,60,31
S01010225,Economically active: Employee: Full-time (1),224,197,27
S01010225,Economically active: Self-employed: Total,14,11,3
S01010225,Economically active: Self-employed: Part-time (1),3,2,1
S01010225,Economically active: Self-employed: Full-time (1),11,9,2
S01010225,Economically active: Unemployed (1),51,32,19
S01010225,Economically inactive,284,221,63
S01010226,All people aged 16 and over,589,240,349
S01010226,Economically active: Total,316,104,212
S01010226,Economically active: Employee: Total,207,65,142
S01010226,Economically active: Employee: Part-time (1),93,19,74
S01010226,Economically active: Employee: Full-time (1),114,46,68
S01010226,Economically active: Self-employed: Total,32,10,22
S01010226,Economically active: Self-employed: Part-time (1),20,7,13
S01010226,Economically active: Self-employed: Full-time (1),12,3,9
S01010226,Economically active: Unemployed (1),77,29,48
S01010226,Economically inactive,273,136,137
S01010227,All people aged 16 and over,466,194,272
S01010227,Economically active: Total,243,88,155
S01010227,Economically active: Employee: Total,152,44,108
S01010227,Economically active: Employee: Part-time (1),47,9,38
S01010227,Economically active: Employee: Full-time (1),105,35,70
S01010227,Economically active: Self-employed: Total,17,4,13
S01010227,Economically active: Self-employed: Part-time (1),6,1,5
S01010227,Economically active: Self-employed: Full-time (1),11,3,8
S01010227,Economically active: Unemployed (1),74,40,34
S01010227,Economically inactive,223,106,117
S01010228,All people aged 16 and over,615,593,22
S01010228,Economically active: Total,258,247,11
S01010228,Economically active: Employee: Total,211,201,10
S01010228,Economically active: Employee: Part-time (1),63,59,4
S01010228,Economically active: Employee: Full-time (1),148,142,6
S01010228,Economically active: Self-employed: Total,10,10,0
S01010228,Economically active: Self-employed: Part-time (1),3,3,0
S01010228,Economically active: Self-employed: Full-time (1),7,7,0
S01010228,Economically active: Unemployed (1),37,36,1
S01010228,Economically inactive,357,346,11
S01010229,All people aged 16 and over,827,766,61
S01010229,Economically active: Total,497,453,44
S01010229,Economically active: Employee: Total,408,378,30
S01010229,Economically active: Employee: Part-time (1),128,116,12
S01010229,Economically active: Employee: Full-time (1),280,262,18
S01010229,Economically active: Self-employed: Total,29,23,6
S01010229,Economically active: Self-employed: Part-time (1),4,3,1
S01010229,Economically active: Self-employed: Full-time (1),25,20,5
S01010229,Economically active: Unemployed (1),60,52,8
S01010229,Economically inactive,330,313,17
S01010230,All people aged 16 and over,834,462,372
S01010230,Economically active: Total,443,187,256
S01010230,Economically active: Employee: Total,314,129,185
S01010230,Economically active: Employee: Part-time (1),126,44,82
S01010230,Economically active: Employee: Full-time (1),188,85,103
S01010230,Economically active: Self-employed: Total,11,6,5
S01010230,Economically active: Self-employed: Part-time (1),2,0,2
S01010230,Economically active: Self-employed: Full-time (1),9,6,3
S01010230,Economically active: Unemployed (1),118,52,66
S01010230,Economically inactive,391,275,116
S01010231,All people aged 16 and over,782,606,176
S01010231,Economically active: Total,448,322,126
S01010231,Economically active: Employee: Total,345,251,94
S01010231,Economically active: Employee: Part-time (1),113,81,32
S01010231,Economically active: Employee: Full-time (1),232,170,62
S01010231,Economically active: Self-employed: Total,24,8,16
S01010231,Economically active: Self-employed: Part-time (1),6,2,4
S01010231,Economically active: Self-employed: Full-time (1),18,6,12
S01010231,Economically active: Unemployed (1),79,63,16
S01010231,Economically inactive,334,284,50
S01010232,All people aged 16 and over,805,570,235
S01010232,Economically active: Total,509,346,163
S01010232,Economically active: Employee: Total,368,253,115
S01010232,Economically active: Employee: Part-time (1),147,96,51
S01010232,Economically active: Employee: Full-time (1),221,157,64
S01010232,Economically active: Self-employed: Total,24,20,4
S01010232,Economically active: Self-employed: Part-time (1),7,6,1
S01010232,Economically active: Self-employed: Full-time (1),17,14,3
S01010232,Economically active: Unemployed (1),117,73,44
S01010232,Economically inactive,296,224,72
S01010233,All people aged 16 and over,738,498,240
S01010233,Economically active: Total,398,254,144
S01010233,Economically active: Employee: Total,276,188,88
S01010233,Economically active: Employee: Part-time (1),116,81,35
S01010233,Economically active: Employee: Full-time (1),160,107,53
S01010233,Economically active: Self-employed: Total,13,7,6
S01010233,Economically active: Self-employed: Part-time (1),2,1,1
S01010233,Economically active: Self-employed: Full-time (1),11,6,5
S01010233,Economically active: Unemployed (1),109,59,50
S01010233,Economically inactive,340,244,96
S01010234,All people aged 16 and over,868,705,163
S01010234,Economically active: Total,552,453,99
S01010234,Economically active: Employee: Total,459,383,76
S01010234,Economically active: Employee: Part-time (1),101,76,25
S01010234,Economically active: Employee: Full-time (1),358,307,51
S01010234,Economically active: Self-employed: Total,56,43,13
S01010234,Economically active: Self-employed: Part-time (1),19,11,8
S01010234,Economically active: Self-employed: Full-time (1),37,32,5
S01010234,Economically active: Unemployed (1),37,27,10
S01010234,Economically inactive,316,252,64
S01010235,All people aged 16 and over,837,673,164
S01010235,Economically active: Total,592,486,106
S01010235,Economically active: Employee: Total,522,428,94
S01010235,Economically active: Employee: Part-time (1),118,99,19
S01010235,Economically active: Employee: Full-time (1),404,329,75
S01010235,Economically active: Self-employed: Total,28,24,4
S01010235,Economically active: Self-employed: Part-time (1),7,6,1
S01010235,Economically active: Self-employed: Full-time (1),21,18,3
S01010235,Economically active: Unemployed (1),42,34,8
S01010235,Economically inactive,245,187,58
S01010236,All people aged 16 and over,652,551,101
S01010236,Economically active: Total,452,387,65
S01010236,Economically active: Employee: Total,367,313,54
S01010236,Economically active: Employee: Part-time (1),90,74,16
S01010236,Economically active: Employee: Full-time (1),277,239,38
S01010236,Economically active: Self-employed: Total,44,39,5
S01010236,Economically active: Self-employed: Part-time (1),15,14,1
S01010236,Economically active: Self-employed: Full-time (1),29,25,4
S01010236,Economically active: Unemployed (1),41,35,6
S01010236,Economically inactive,200,164,36
S01010237,All people aged 16 and over,575,506,69
S01010237,Economically active: Total,411,360,51
S01010237,Economically active: Employee: Total,338,296,42
S01010237,Economically active: Employee: Part-time (1),77,65,12
S01010237,Economically active: Employee: Full-time (1),261,231,30
S01010237,Economically active: Self-employed: Total,46,40,6
S01010237,Economically active: Self-employed: Part-time (1),10,9,1
S01010237,Economically active: Self-employed: Full-time (1),36,31,5
S01010237,Economically active: Unemployed (1),27,24,3
S01010237,Economically inactive,164,146,18
S01010238,All people aged 16 and over,744,626,118
S01010238,Economically active: Total,523,443,80
S01010238,Economically active: Employee: Total,430,376,54
S01010238,Economically active: Employee: Part-time (1),119,101,18
S01010238,Economically active: Employee: Full-time (1),311,275,36
S01010238,Economically active: Self-employed: Total,44,29,15
S01010238,Economically active: Self-employed: Part-time (1),8,6,2
S01010238,Economically active: Self-employed: Full-time (1),36,23,13
S01010238,Economically active: Unemployed (1),49,38,11
S01010238,Economically inactive,221,183,38
S01010239,All people aged 16 and over,674,580,94
S01010239,Economically active: Total,369,303,66
S01010239,Economically active: Employee: Total,301,241,60
S01010239,Economically active: Employee: Part-time (1),92,72,20
S01010239,Economically active: Employee: Full-time (1),209,169,40
S01010239,Economically active: Self-employed: Total,15,14,1
S01010239,Economically active: Self-employed: Part-time (1),4,3,1
S01010239,Economically active: Self-employed: Full-time (1),11,11,0
S01010239,Economically active: Unemployed (1),53,48,5
S01010239,Economically inactive,305,277,28
S01010240,All people aged 16 and over,616,551,65
S01010240,Economically active: Total,396,357,39
S01010240,Economically active: Employee: Total,335,305,30
S01010240,Economically active: Employee: Part-time (1),78,72,6
S01010240,Economically active: Employee: Full-time (1),257,233,24
S01010240,Economically active: Self-employed: Total,23,19,4
S01010240,Economically active: Self-employed: Part-time (1),8,7,1
S01010240,Economically active: Self-employed: Full-time (1),15,12,3
S01010240,Economically active: Unemployed (1),38,33,5
S01010240,Economically inactive,220,194,26
S01010241,All people aged 16 and over,936,835,101
S01010241,Economically active: Total,584,512,72
S01010241,Economically active: Employee: Total,454,393,61
S01010241,Economically active: Employee: Part-time (1),110,92,18
S01010241,Economically active: Employee: Full-time (1),344,301,43
S01010241,Economically active: Self-employed: Total,47,44,3
S01010241,Economically active: Self-employed: Part-time (1),14,13,1
S01010241,Economically active: Self-employed: Full-time (1),33,31,2
S01010241,Economically active: Unemployed (1),83,75,8
S01010241,Economically inactive,352,323,29
S01010242,All people aged 16 and over,656,570,86
S01010242,Economically active: Total,436,370,66
S01010242,Economically active: Employee: Total,345,287,58
S01010242,Economically active: Employee: Part-time (1),97,82,15
S01010242,Economically active: Employee: Full-time (1),248,205,43
S01010242,Economically active: Self-employed: Total,24,22,2
S01010242,Economically active: Self-employed: Part-time (1),11,10,1
S01010242,Economically active: Self-employed: Full-time (1),13,12,1
S01010242,Economically active: Unemployed (1),67,61,6
S01010242,Economically inactive,220,200,20
S01010243,All people aged 16 and over,848,670,178
S01010243,Economically active: Total,568,445,123
S01010243,Economically active: Employee: Total,416,311,105
S01010243,Economically active: Employee: Part-time (1),114,84,30
S01010243,Economically active: Employee: Full-time (1),302,227,75
S01010243,Economically active: Self-employed: Total,32,23,9
S01010243,Economically active: Self-employed: Part-time (1),11,7,4
S01010243,Economically active: Self-employed: Full-time (1),21,16,5
S01010243,Economically active: Unemployed (1),120,111,9
S01010243,Economically inactive,280,225,55
S01010244,All people aged 16 and over,633,534,99
S01010244,Economically active: Total,325,276,49
S01010244,Economically active: Employee: Total,220,184,36
S01010244,Economically active: Employee: Part-time (1),75,69,6
S01010244,Economically active: Employee: Full-time (1),145,115,30
S01010244,Economically active: Self-employed: Total,19,19,0
S01010244,Economically active: Self-employed: Part-time (1),4,4,0
S01010244,Economically active: Self-employed: Full-time (1),15,15,0
S01010244,Economically active: Unemployed (1),86,73,13
S01010244,Economically inactive,308,258,50
S01010245,All people aged 16 and over,784,732,52
S01010245,Economically active: Total,364,328,36
S01010245,Economically active: Employee: Total,246,221,25
S01010245,Economically active: Employee: Part-time (1),99,92,7
S01010245,Economically active: Employee: Full-time (1),147,129,18
S01010245,Economically active: Self-employed: Total,21,15,6
S01010245,Economically active: Self-employed: Part-time (1),5,2,3
S01010245,Economically active: Self-employed: Full-time (1),16,13,3
S01010245,Economically active: Unemployed (1),97,92,5
S01010245,Economically inactive,420,404,16
S01010246,All people aged 16 and over,678,596,82
S01010246,Economically active: Total,362,306,56
S01010246,Economically active: Employee: Total,286,240,46
S01010246,Economically active: Employee: Part-time (1),100,91,9
S01010246,Economically active: Employee: Full-time (1),186,149,37
S01010246,Economically active: Self-employed: Total,18,12,6
S01010246,Economically active: Self-employed: Part-time (1),4,4,0
S01010246,Economically active: Self-employed: Full-time (1),14,8,6
S01010246,Economically active: Unemployed (1),58,54,4
S01010246,Economically inactive,316,290,26
S01010247,All people aged 16 and over,647,608,39
S01010247,Economically active: Total,396,374,22
S01010247,Economically active: Employee: Total,339,319,20
S01010247,Economically active: Employee: Part-time (1),94,87,7
S01010247,Economically active: Employee: Full-time (1),245,232,13
S01010247,Economically active: Self-employed: Total,26,25,1
S01010247,Economically active: Self-employed: Part-time (1),7,7,0
S01010247,Economically active: Self-employed: Full-time (1),19,18,1
S01010247,Economically active: Unemployed (1),31,30,1
S01010247,Economically inactive,251,234,17
S01010248,All people aged 16 and over,778,674,104
S01010248,Economically active: Total,565,489,76
S01010248,Economically active: Employee: Total,463,404,59
S01010248,Economically active: Employee: Part-time (1),117,100,17
S01010248,Economically active: Employee: Full-time (1),346,304,42
S01010248,Economically active: Self-employed: Total,53,44,9
S01010248,Economically active: Self-employed: Part-time (1),15,12,3
S01010248,Economically active: Self-employed: Full-time (1),38,32,6
S01010248,Economically active: Unemployed (1),49,41,8
S01010248,Economically inactive,213,185,28
S01010249,All people aged 16 and over,634,560,74
S01010249,Economically active: Total,445,394,51
S01010249,Economically active: Employee: Total,368,325,43
S01010249,Economically active: Employee: Part-time (1),109,99,10
S01010249,Economically active: Employee: Full-time (1),259,226,33
S01010249,Economically active: Self-employed: Total,24,21,3
S01010249,Economically active: Self-employed: Part-time (1),4,3,1
S01010249,Economically active: Self-employed: Full-time (1),20,18,2
S01010249,Economically active: Unemployed (1),53,48,5
S01010249,Economically inactive,189,166,23
S01010250,All people aged 16 and over,700,564,136
S01010250,Economically active: Total,521,423,98
S01010250,Economically active: Employee: Total,430,349,81
S01010250,Economically active: Employee: Part-time (1),106,86,20
S01010250,Economically active: Employee: Full-time (1),324,263,61
S01010250,Economically active: Self-employed: Total,46,38,8
S01010250,Economically active: Self-employed: Part-time (1),18,14,4
S01010250,Economically active: Self-employed: Full-time (1),28,24,4
S01010250,Economically active: Unemployed (1),45,36,9
S01010250,Economically inactive,179,141,38
S01010251,All people aged 16 and over,566,437,129
S01010251,Economically active: Total,433,332,101
S01010251,Economically active: Employee: Total,370,289,81
S01010251,Economically active: Employee: Part-time (1),100,84,16
S01010251,Economically active: Employee: Full-time (1),270,205,65
S01010251,Economically active: Self-employed: Total,31,23,8
S01010251,Economically active: Self-employed: Part-time (1),5,3,2
S01010251,Economically active: Self-employed: Full-time (1),26,20,6
S01010251,Economically active: Unemployed (1),32,20,12
S01010251,Economically inactive,133,105,28
S01010252,All people aged 16 and over,543,449,94
S01010252,Economically active: Total,375,314,61
S01010252,Economically active: Employee: Total,322,276,46
S01010252,Economically active: Employee: Part-time (1),66,58,8
S01010252,Economically active: Employee: Full-time (1),256,218,38
S01010252,Economically active: Self-employed: Total,32,22,10
S01010252,Economically active: Self-employed: Part-time (1),6,3,3
S01010252,Economically active: Self-employed: Full-time (1),26,19,7
S01010252,Economically active: Unemployed (1),21,16,5
S01010252,Economically inactive,168,135,33
S01010253,All people aged 16 and over,527,474,53
S01010253,Economically active: Total,265,249,16
S01010253,Economically active: Employee: Total,202,191,11
S01010253,Economically active: Employee: Part-time (1),58,55,3
S01010253,Economically active: Employee: Full-time (1),144,136,8
S01010253,Economically active: Self-employed: Total,8,6,2
S01010253,Economically active: Self-employed: Part-time (1),1,1,0
S01010253,Economically active: Self-employed: Full-time (1),7,5,2
S01010253,Economically active: Unemployed (1),55,52,3
S01010253,Economically inactive,262,225,37
S01010254,All people aged 16 and over,933,831,102
S01010254,Economically active: Total,526,452,74
S01010254,Economically active: Employee: Total,452,389,63
S01010254,Economically active: Employee: Part-time (1),141,124,17
S01010254,Economically active: Employee: Full-time (1),311,265,46
S01010254,Economically active: Self-employed: Total,21,18,3
S01010254,Economically active: Self-employed: Part-time (1),6,5,1
S01010254,Economically active: Self-employed: Full-time (1),15,13,2
S01010254,Economically active: Unemployed (1),53,45,8
S01010254,Economically inactive,407,379,28
S01010255,All people aged 16 and over,558,453,105
S01010255,Economically active: Total,311,229,82
S01010255,Economically active: Employee: Total,216,167,49
S01010255,Economically active: Employee: Part-time (1),73,57,16
S01010255,Economically active: Employee: Full-time (1),143,110,33
S01010255,Economically active: Self-employed: Total,15,7,8
S01010255,Economically active: Self-employed: Part-time (1),10,3,7
S01010255,Economically active: Self-employed: Full-time (1),5,4,1
S01010255,Economically active: Unemployed (1),80,55,25
S01010255,Economically inactive,247,224,23
S01010256,All people aged 16 and over,721,687,34
S01010256,Economically active: Total,410,390,20
S01010256,Economically active: Employee: Total,292,276,16
S01010256,Economically active: Employee: Part-time (1),96,90,6
S01010256,Economically active: Employee: Full-time (1),196,186,10
S01010256,Economically active: Self-employed: Total,37,33,4
S01010256,Economically active: Self-employed: Part-time (1),13,10,3
S01010256,Economically active: Self-employed: Full-time (1),24,23,1
S01010256,Economically active: Unemployed (1),81,81,0
S01010256,Economically inactive,311,297,14
S01010257,All people aged 16 and over,793,534,259
S01010257,Economically active: Total,389,309,80
S01010257,Economically active: Employee: Total,291,238,53
S01010257,Economically active: Employee: Part-time (1),87,72,15
S01010257,Economically active: Employee: Full-time (1),204,166,38
S01010257,Economically active: Self-employed: Total,30,21,9
S01010257,Economically active: Self-employed: Part-time (1),6,2,4
S01010257,Economically active: Self-employed: Full-time (1),24,19,5
S01010257,Economically active: Unemployed (1),68,50,18
S01010257,Economically inactive,404,225,179
S01010258,All people aged 16 and over,1469,716,753
S01010258,Economically active: Total,576,407,169
S01010258,Economically active: Employee: Total,430,310,120
S01010258,Economically active: Employee: Part-time (1),194,138,56
S01010258,Economically active: Employee: Full-time (1),236,172,64
S01010258,Economically active: Self-employed: Total,34,29,5
S01010258,Economically active: Self-employed: Part-time (1),17,13,4
S01010258,Economically active: Self-employed: Full-time (1),17,16,1
S01010258,Economically active: Unemployed (1),112,68,44
S01010258,Economically inactive,893,309,584
S01010259,All people aged 16 and over,1163,734,429
S01010259,Economically active: Total,456,312,144
S01010259,Economically active: Employee: Total,315,226,89
S01010259,Economically active: Employee: Part-time (1),181,127,54
S01010259,Economically active: Employee: Full-time (1),134,99,35
S01010259,Economically active: Self-employed: Total,20,7,13
S01010259,Economically active: Self-employed: Part-time (1),9,2,7
S01010259,Economically active: Self-employed: Full-time (1),11,5,6
S01010259,Economically active: Unemployed (1),121,79,42
S01010259,Economically inactive,707,422,285
S01010260,All people aged 16 and over,1827,1120,707
S01010260,Economically active: Total,808,634,174
S01010260,Economically active: Employee: Total,588,468,120
S01010260,Economically active: Employee: Part-time (1),232,179,53
S01010260,Economically active: Employee: Full-time (1),356,289,67
S01010260,Economically active: Self-employed: Total,72,62,10
S01010260,Economically active: Self-employed: Part-time (1),16,13,3
S01010260,Economically active: Self-employed: Full-time (1),56,49,7
S01010260,Economically active: Unemployed (1),148,104,44
S01010260,Economically inactive,1019,486,533
S01010261,All people aged 16 and over,2469,1639,830
S01010261,Economically active: Total,932,701,231
S01010261,Economically active: Employee: Total,598,476,122
S01010261,Economically active: Employee: Part-time (1),451,372,79
S01010261,Economically active: Employee: Full-time (1),147,104,43
S01010261,Economically active: Self-employed: Total,22,12,10
S01010261,Economically active: Self-employed: Part-time (1),13,7,6
S01010261,Economically active: Self-employed: Full-time (1),9,5,4
S01010261,Economically active: Unemployed (1),312,213,99
S01010261,Economically inactive,1537,938,599
S01010262,All people aged 16 and over,811,711,100
S01010262,Economically active: Total,319,278,41
S01010262,Economically active: Employee: Total,244,221,23
S01010262,Economically active: Employee: Part-time (1),100,90,10
S01010262,Economically active: Employee: Full-time (1),144,131,13
S01010262,Economically active: Self-employed: Total,16,13,3
S01010262,Economically active: Self-employed: Part-time (1),7,5,2
S01010262,Economically active: Self-employed: Full-time (1),9,8,1
S01010262,Economically active: Unemployed (1),59,44,15
S01010262,Economically inactive,492,433,59
S01010263,All people aged 16 and over,721,464,257
S01010263,Economically active: Total,485,360,125
S01010263,Economically active: Employee: Total,402,302,100
S01010263,Economically active: Employee: Part-time (1),92,69,23
S01010263,Economically active: Employee: Full-time (1),310,233,77
S01010263,Economically active: Self-employed: Total,39,35,4
S01010263,Economically active: Self-employed: Part-time (1),10,8,2
S01010263,Economically active: Self-employed: Full-time (1),29,27,2
S01010263,Economically active: Unemployed (1),44,23,21
S01010263,Economically inactive,236,104,132
S01010264,All people aged 16 and over,815,616,199
S01010264,Economically active: Total,537,403,134
S01010264,Economically active: Employee: Total,430,325,105
S01010264,Economically active: Employee: Part-time (1),97,74,23
S01010264,Economically active: Employee: Full-time (1),333,251,82
S01010264,Economically active: Self-employed: Total,41,32,9
S01010264,Economically active: Self-employed: Part-time (1),12,8,4
S01010264,Economically active: Self-employed: Full-time (1),29,24,5
S01010264,Economically active: Unemployed (1),66,46,20
S01010264,Economically inactive,278,213,65
S01010265,All people aged 16 and over,1019,707,312
S01010265,Economically active: Total,653,505,148
S01010265,Economically active: Employee: Total,526,410,116
S01010265,Economically active: Employee: Part-time (1),128,105,23
S01010265,Economically active: Employee: Full-time (1),398,305,93
S01010265,Economically active: Self-employed: Total,62,45,17
S01010265,Economically active: Self-employed: Part-time (1),14,9,5
S01010265,Economically active: Self-employed: Full-time (1),48,36,12
S01010265,Economically active: Unemployed (1),65,50,15
S01010265,Economically inactive,366,202,164
S01010266,All people aged 16 and over,490,352,138
S01010266,Economically active: Total,282,231,51
S01010266,Economically active: Employee: Total,217,181,36
S01010266,Economically active: Employee: Part-time (1),89,76,13
S01010266,Economically active: Employee: Full-time (1),128,105,23
S01010266,Economically active: Self-employed: Total,35,31,4
S01010266,Economically active: Self-employed: Part-time (1),6,5,1
S01010266,Economically active: Self-employed: Full-time (1),29,26,3
S01010266,Economically active: Unemployed (1),30,19,11
S01010266,Economically inactive,208,121,87
S01010267,All people aged 16 and over,583,370,213
S01010267,Economically active: Total,363,246,117
S01010267,Economically active: Employee: Total,299,202,97
S01010267,Economically active: Employee: Part-time (1),124,93,31
S01010267,Economically active: Employee: Full-time (1),175,109,66
S01010267,Economically active: Self-employed: Total,34,21,13
S01010267,Economically active: Self-employed: Part-time (1),11,8,3
S01010267,Economically active: Self-employed: Full-time (1),23,13,10
S01010267,Economically active: Unemployed (1),30,23,7
S01010267,Economically inactive,220,124,96
S01010268,All people aged 16 and over,773,533,240
S01010268,Economically active: Total,466,344,122
S01010268,Economically active: Employee: Total,339,256,83
S01010268,Economically active: Employee: Part-time (1),117,91,26
S01010268,Economically active: Employee: Full-time (1),222,165,57
S01010268,Economically active: Self-employed: Total,51,39,12
S01010268,Economically active: Self-employed: Part-time (1),13,10,3
S01010268,Economically active: Self-employed: Full-time (1),38,29,9
S01010268,Economically active: Unemployed (1),76,49,27
S01010268,Economically inactive,307,189,118
S01010269,All people aged 16 and over,506,318,188
S01010269,Economically active: Total,274,182,92
S01010269,Economically active: Employee: Total,220,150,70
S01010269,Economically active: Employee: Part-time (1),69,41,28
S01010269,Economically active: Employee: Full-time (1),151,109,42
S01010269,Economically active: Self-employed: Total,25,16,9
S01010269,Economically active: Self-employed: Part-time (1),6,5,1
S01010269,Economically active: Self-employed: Full-time (1),19,11,8
S01010269,Economically active: Unemployed (1),29,16,13
S01010269,Economically inactive,232,136,96
S01010270,All people aged 16 and over,1122,920,202
S01010270,Economically active: Total,444,364,80
S01010270,Economically active: Employee: Total,343,285,58
S01010270,Economically active: Employee: Part-time (1),96,81,15
S01010270,Economically active: Employee: Full-time (1),247,204,43
S01010270,Economically active: Self-employed: Total,40,30,10
S01010270,Economically active: Self-employed: Part-time (1),12,10,2
S01010270,Economically active: Self-employed: Full-time (1),28,20,8
S01010270,Economically active: Unemployed (1),61,49,12
S01010270,Economically inactive,678,556,122
S01010271,All people aged 16 and over,722,499,223
S01010271,Economically active: Total,377,282,95
S01010271,Economically active: Employee: Total,296,220,76
S01010271,Economically active: Employee: Part-time (1),119,90,29
S01010271,Economically active: Employee: Full-time (1),177,130,47
S01010271,Economically active: Self-employed: Total,35,25,10
S01010271,Economically active: Self-employed: Part-time (1),12,6,6
S01010271,Economically active: Self-employed: Full-time (1),23,19,4
S01010271,Economically active: Unemployed (1),46,37,9
S01010271,Economically inactive,345,217,128
S01010272,All people aged 16 and over,928,677,251
S01010272,Economically active: Total,526,369,157
S01010272,Economically active: Employee: Total,396,281,115
S01010272,Economically active: Employee: Part-time (1),89,70,19
S01010272,Economically active: Employee: Full-time (1),307,211,96
S01010272,Economically active: Self-employed: Total,43,32,11
S01010272,Economically active: Self-employed: Part-time (1),12,6,6
S01010272,Economically active: Self-employed: Full-time (1),31,26,5
S01010272,Economically active: Unemployed (1),87,56,31
S01010272,Economically inactive,402,308,94
S01010273,All people aged 16 and over,643,420,223
S01010273,Economically active: Total,465,344,121
S01010273,Economically active: Employee: Total,400,301,99
S01010273,Economically active: Employee: Part-time (1),99,84,15
S01010273,Economically active: Employee: Full-time (1),301,217,84
S01010273,Economically active: Self-employed: Total,38,23,15
S01010273,Economically active: Self-employed: Part-time (1),10,8,2
S01010273,Economically active: Self-employed: Full-time (1),28,15,13
S01010273,Economically active: Unemployed (1),27,20,7
S01010273,Economically inactive,178,76,102
S01010274,All people aged 16 and over,552,398,154
S01010274,Economically active: Total,377,297,80
S01010274,Economically active: Employee: Total,318,248,70
S01010274,Economically active: Employee: Part-time (1),72,63,9
S01010274,Economically active: Employee: Full-time (1),246,185,61
S01010274,Economically active: Self-employed: Total,37,32,5
S01010274,Economically active: Self-employed: Part-time (1),7,6,1
S01010274,Economically active: Self-employed: Full-time (1),30,26,4
S01010274,Economically active: Unemployed (1),22,17,5
S01010274,Economically inactive,175,101,74
S01010275,All people aged 16 and over,579,404,175
S01010275,Economically active: Total,424,336,88
S01010275,Economically active: Employee: Total,349,275,74
S01010275,Economically active: Employee: Part-time (1),113,94,19
S01010275,Economically active: Employee: Full-time (1),236,181,55
S01010275,Economically active: Self-employed: Total,46,36,10
S01010275,Economically active: Self-employed: Part-time (1),16,13,3
S01010275,Economically active: Self-employed: Full-time (1),30,23,7
S01010275,Economically active: Unemployed (1),29,25,4
S01010275,Economically inactive,155,68,87
S01010276,All people aged 16 and over,926,662,264
S01010276,Economically active: Total,704,555,149
S01010276,Economically active: Employee: Total,556,443,113
S01010276,Economically active: Employee: Part-time (1),61,46,15
S01010276,Economically active: Employee: Full-time (1),495,397,98
S01010276,Economically active: Self-employed: Total,106,82,24
S01010276,Economically active: Self-employed: Part-time (1),25,20,5
S01010276,Economically active: Self-employed: Full-time (1),81,62,19
S01010276,Economically active: Unemployed (1),42,30,12
S01010276,Economically inactive,222,107,115
S01010277,All people aged 16 and over,521,449,72
S01010277,Economically active: Total,268,233,35
S01010277,Economically active: Employee: Total,212,185,27
S01010277,Economically active: Employee: Part-time (1),79,66,13
S01010277,Economically active: Employee: Full-time (1),133,119,14
S01010277,Economically active: Self-employed: Total,22,19,3
S01010277,Economically active: Self-employed: Part-time (1),7,6,1
S01010277,Economically active: Self-employed: Full-time (1),15,13,2
S01010277,Economically active: Unemployed (1),34,29,5
S01010277,Economically inactive,253,216,37
S01010278,All people aged 16 and over,508,363,145
S01010278,Economically active: Total,311,230,81
S01010278,Economically active: Employee: Total,247,184,63
S01010278,Economically active: Employee: Part-time (1),93,73,20
S01010278,Economically active: Employee: Full-time (1),154,111,43
S01010278,Economically active: Self-employed: Total,27,18,9
S01010278,Economically active: Self-employed: Part-time (1),9,4,5
S01010278,Economically active: Self-employed: Full-time (1),18,14,4
S01010278,Economically active: Unemployed (1),37,28,9
S01010278,Economically inactive,197,133,64
S01010279,All people aged 16 and over,537,394,143
S01010279,Economically active: Total,320,239,81
S01010279,Economically active: Employee: Total,252,186,66
S01010279,Economically active: Employee: Part-time (1),93,71,22
S01010279,Economically active: Employee: Full-time (1),159,115,44
S01010279,Economically active: Self-employed: Total,27,24,3
S01010279,Economically active: Self-employed: Part-time (1),7,5,2
S01010279,Economically active: Self-employed: Full-time (1),20,19,1
S01010279,Economically active: Unemployed (1),41,29,12
S01010279,Economically inactive,217,155,62
S01010280,All people aged 16 and over,730,568,162
S01010280,Economically active: Total,536,428,108
S01010280,Economically active: Employee: Total,432,352,80
S01010280,Economically active: Employee: Part-time (1),113,84,29
S01010280,Economically active: Employee: Full-time (1),319,268,51
S01010280,Economically active: Self-employed: Total,44,34,10
S01010280,Economically active: Self-employed: Part-time (1),16,8,8
S01010280,Economically active: Self-employed: Full-time (1),28,26,2
S01010280,Economically active: Unemployed (1),60,42,18
S01010280,Economically inactive,194,140,54
S01010281,All people aged 16 and over,731,492,239
S01010281,Economically active: Total,502,368,134
S01010281,Economically active: Employee: Total,415,307,108
S01010281,Economically active: Employee: Part-time (1),92,67,25
S01010281,Economically active: Employee: Full-time (1),323,240,83
S01010281,Economically active: Self-employed: Total,50,34,16
S01010281,Economically active: Self-employed: Part-time (1),25,16,9
S01010281,Economically active: Self-employed: Full-time (1),25,18,7
S01010281,Economically active: Unemployed (1),37,27,10
S01010281,Economically inactive,229,124,105
S01010282,All people aged 16 and over,902,726,176
S01010282,Economically active: Total,562,463,99
S01010282,Economically active: Employee: Total,461,377,84
S01010282,Economically active: Employee: Part-time (1),111,91,20
S01010282,Economically active: Employee: Full-time (1),350,286,64
S01010282,Economically active: Self-employed: Total,36,30,6
S01010282,Economically active: Self-employed: Part-time (1),10,8,2
S01010282,Economically active: Self-employed: Full-time (1),26,22,4
S01010282,Economically active: Unemployed (1),65,56,9
S01010282,Economically inactive,340,263,77
S01010283,All people aged 16 and over,496,387,109
S01010283,Economically active: Total,383,313,70
S01010283,Economically active: Employee: Total,327,271,56
S01010283,Economically active: Employee: Part-time (1),78,60,18
S01010283,Economically active: Employee: Full-time (1),249,211,38
S01010283,Economically active: Self-employed: Total,29,21,8
S01010283,Economically active: Self-employed: Part-time (1),5,3,2
S01010283,Economically active: Self-employed: Full-time (1),24,18,6
S01010283,Economically active: Unemployed (1),27,21,6
S01010283,Economically inactive,113,74,39
S01010284,All people aged 16 and over,1354,751,603
S01010284,Economically active: Total,728,574,154
S01010284,Economically active: Employee: Total,579,474,105
S01010284,Economically active: Employee: Part-time (1),137,100,37
S01010284,Economically active: Employee: Full-time (1),442,374,68
S01010284,Economically active: Self-employed: Total,75,61,14
S01010284,Economically active: Self-employed: Part-time (1),18,16,2
S01010284,Economically active: Self-employed: Full-time (1),57,45,12
S01010284,Economically active: Unemployed (1),74,39,35
S01010284,Economically inactive,626,177,449
S01010285,All people aged 16 and over,736,552,184
S01010285,Economically active: Total,465,358,107
S01010285,Economically active: Employee: Total,350,268,82
S01010285,Economically active: Employee: Part-time (1),123,86,37
S01010285,Economically active: Employee: Full-time (1),227,182,45
S01010285,Economically active: Self-employed: Total,64,51,13
S01010285,Economically active: Self-employed: Part-time (1),26,18,8
S01010285,Economically active: Self-employed: Full-time (1),38,33,5
S01010285,Economically active: Unemployed (1),51,39,12
S01010285,Economically inactive,271,194,77
S01010286,All people aged 16 and over,1455,680,775
S01010286,Economically active: Total,646,415,231
S01010286,Economically active: Employee: Total,449,325,124
S01010286,Economically active: Employee: Part-time (1),171,116,55
S01010286,Economically active: Employee: Full-time (1),278,209,69
S01010286,Economically active: Self-employed: Total,47,25,22
S01010286,Economically active: Self-employed: Part-time (1),17,4,13
S01010286,Economically active: Self-employed: Full-time (1),30,21,9
S01010286,Economically active: Unemployed (1),150,65,85
S01010286,Economically inactive,809,265,544
S01010287,All people aged 16 and over,827,633,194
S01010287,Economically active: Total,509,425,84
S01010287,Economically active: Employee: Total,392,332,60
S01010287,Economically active: Employee: Part-time (1),134,116,18
S01010287,Economically active: Employee: Full-time (1),258,216,42
S01010287,Economically active: Self-employed: Total,65,55,10
S01010287,Economically active: Self-employed: Part-time (1),22,17,5
S01010287,Economically active: Self-employed: Full-time (1),43,38,5
S01010287,Economically active: Unemployed (1),52,38,14
S01010287,Economically inactive,318,208,110
S01010288,All people aged 16 and over,754,564,190
S01010288,Economically active: Total,496,401,95
S01010288,Economically active: Employee: Total,389,316,73
S01010288,Economically active: Employee: Part-time (1),111,96,15
S01010288,Economically active: Employee: Full-time (1),278,220,58
S01010288,Economically active: Self-employed: Total,67,52,15
S01010288,Economically active: Self-employed: Part-time (1),20,12,8
S01010288,Economically active: Self-employed: Full-time (1),47,40,7
S01010288,Economically active: Unemployed (1),40,33,7
S01010288,Economically inactive,258,163,95
S01010289,All people aged 16 and over,689,541,148
S01010289,Economically active: Total,526,446,80
S01010289,Economically active: Employee: Total,378,314,64
S01010289,Economically active: Employee: Part-time (1),60,46,14
S01010289,Economically active: Employee: Full-time (1),318,268,50
S01010289,Economically active: Self-employed: Total,124,110,14
S01010289,Economically active: Self-employed: Part-time (1),17,16,1
S01010289,Economically active: Self-employed: Full-time (1),107,94,13
S01010289,Economically active: Unemployed (1),24,22,2
S01010289,Economically inactive,163,95,68
S01010290,All people aged 16 and over,493,370,123
S01010290,Economically active: Total,315,258,57
S01010290,Economically active: Employee: Total,243,204,39
S01010290,Economically active: Employee: Part-time (1),69,53,16
S01010290,Economically active: Employee: Full-time (1),174,151,23
S01010290,Economically active: Self-employed: Total,39,26,13
S01010290,Economically active: Self-employed: Part-time (1),13,6,7
S01010290,Economically active: Self-employed: Full-time (1),26,20,6
S01010290,Economically active: Unemployed (1),33,28,5
S01010290,Economically inactive,178,112,66
S01010291,All people aged 16 and over,997,693,304
S01010291,Economically active: Total,518,402,116
S01010291,Economically active: Employee: Total,379,303,76
S01010291,Economically active: Employee: Part-time (1),144,117,27
S01010291,Economically active: Employee: Full-time (1),235,186,49
S01010291,Economically active: Self-employed: Total,53,44,9
S01010291,Economically active: Self-employed: Part-time (1),20,14,6
S01010291,Economically active: Self-employed: Full-time (1),33,30,3
S01010291,Economically active: Unemployed (1),86,55,31
S01010291,Economically inactive,479,291,188
S01010292,All people aged 16 and over,844,646,198
S01010292,Economically active: Total,535,431,104
S01010292,Economically active: Employee: Total,424,347,77
S01010292,Economically active: Employee: Part-time (1),133,112,21
S01010292,Economically active: Employee: Full-time (1),291,235,56
S01010292,Economically active: Self-employed: Total,59,48,11
S01010292,Economically active: Self-employed: Part-time (1),12,9,3
S01010292,Economically active: Self-employed: Full-time (1),47,39,8
S01010292,Economically active: Unemployed (1),52,36,16
S01010292,Economically inactive,309,215,94
S01010293,All people aged 16 and over,756,527,229
S01010293,Economically active: Total,457,347,110
S01010293,Economically active: Employee: Total,363,280,83
S01010293,Economically active: Employee: Part-time (1),151,123,28
S01010293,Economically active: Employee: Full-time (1),212,157,55
S01010293,Economically active: Self-employed: Total,35,22,13
S01010293,Economically active: Self-employed: Part-time (1),13,9,4
S01010293,Economically active: Self-employed: Full-time (1),22,13,9
S01010293,Economically active: Unemployed (1),59,45,14
S01010293,Economically inactive,299,180,119
S01010294,All people aged 16 and over,643,491,152
S01010294,Economically active: Total,339,266,73
S01010294,Economically active: Employee: Total,277,223,54
S01010294,Economically active: Employee: Part-time (1),134,103,31
S01010294,Economically active: Employee: Full-time (1),143,120,23
S01010294,Economically active: Self-employed: Total,26,16,10
S01010294,Economically active: Self-employed: Part-time (1),10,7,3
S01010294,Economically active: Self-employed: Full-time (1),16,9,7
S01010294,Economically active: Unemployed (1),36,27,9
S01010294,Economically inactive,304,225,79
S01010295,All people aged 16 and over,892,612,280
S01010295,Economically active: Total,523,416,107
S01010295,Economically active: Employee: Total,409,330,79
S01010295,Economically active: Employee: Part-time (1),175,140,35
S01010295,Economically active: Employee: Full-time (1),234,190,44
S01010295,Economically active: Self-employed: Total,55,39,16
S01010295,Economically active: Self-employed: Part-time (1),14,9,5
S01010295,Economically active: Self-employed: Full-time (1),41,30,11
S01010295,Economically active: Unemployed (1),59,47,12
S01010295,Economically inactive,369,196,173
S01010296,All people aged 16 and over,575,410,165
S01010296,Economically active: Total,334,253,81
S01010296,Economically active: Employee: Total,257,195,62
S01010296,Economically active: Employee: Part-time (1),107,77,30
S01010296,Economically active: Employee: Full-time (1),150,118,32
S01010296,Economically active: Self-employed: Total,30,19,11
S01010296,Economically active: Self-employed: Part-time (1),13,10,3
S01010296,Economically active: Self-employed: Full-time (1),17,9,8
S01010296,Economically active: Unemployed (1),47,39,8
S01010296,Economically inactive,241,157,84
S01010297,All people aged 16 and over,989,770,219
S01010297,Economically active: Total,501,385,116
S01010297,Economically active: Employee: Total,402,316,86
S01010297,Economically active: Employee: Part-time (1),113,87,26
S01010297,Economically active: Employee: Full-time (1),289,229,60
S01010297,Economically active: Self-employed: Total,32,22,10
S01010297,Economically active: Self-employed: Part-time (1),4,3,1
S01010297,Economically active: Self-employed: Full-time (1),28,19,9
S01010297,Economically active: Unemployed (1),67,47,20
S01010297,Economically inactive,488,385,103
S01010298,All people aged 16 and over,820,681,139
S01010298,Economically active: Total,418,353,65
S01010298,Economically active: Employee: Total,337,285,52
S01010298,Economically active: Employee: Part-time (1),116,100,16
S01010298,Economically active: Employee: Full-time (1),221,185,36
S01010298,Economically active: Self-employed: Total,42,32,10
S01010298,Economically active: Self-employed: Part-time (1),16,8,8
S01010298,Economically active: Self-employed: Full-time (1),26,24,2
S01010298,Economically active: Unemployed (1),39,36,3
S01010298,Economically inactive,402,328,74
S01010299,All people aged 16 and over,456,353,103
S01010299,Economically active: Total,201,163,38
S01010299,Economically active: Employee: Total,146,126,20
S01010299,Economically active: Employee: Part-time (1),45,39,6
S01010299,Economically active: Employee: Full-time (1),101,87,14
S01010299,Economically active: Self-employed: Total,20,8,12
S01010299,Economically active: Self-employed: Part-time (1),5,3,2
S01010299,Economically active: Self-employed: Full-time (1),15,5,10
S01010299,Economically active: Unemployed (1),35,29,6
S01010299,Economically inactive,255,190,65
S01010300,All people aged 16 and over,837,645,192
S01010300,Economically active: Total,451,367,84
S01010300,Economically active: Employee: Total,357,298,59
S01010300,Economically active: Employee: Part-time (1),121,97,24
S01010300,Economically active: Employee: Full-time (1),236,201,35
S01010300,Economically active: Self-employed: Total,38,33,5
S01010300,Economically active: Self-employed: Part-time (1),18,16,2
S01010300,Economically active: Self-employed: Full-time (1),20,17,3
S01010300,Economically active: Unemployed (1),56,36,20
S01010300,Economically inactive,386,278,108
S01010301,All people aged 16 and over,466,300,166
S01010301,Economically active: Total,305,224,81
S01010301,Economically active: Employee: Total,244,188,56
S01010301,Economically active: Employee: Part-time (1),85,62,23
S01010301,Economically active: Employee: Full-time (1),159,126,33
S01010301,Economically active: Self-employed: Total,22,15,7
S01010301,Economically active: Self-employed: Part-time (1),9,7,2
S01010301,Economically active: Self-employed: Full-time (1),13,8,5
S01010301,Economically active: Unemployed (1),39,21,18
S01010301,Economically inactive,161,76,85
S01010302,All people aged 16 and over,557,408,149
S01010302,Economically active: Total,249,170,79
S01010302,Economically active: Employee: Total,155,106,49
S01010302,Economically active: Employee: Part-time (1),52,36,16
S01010302,Economically active: Employee: Full-time (1),103,70,33
S01010302,Economically active: Self-employed: Total,16,10,6
S01010302,Economically active: Self-employed: Part-time (1),3,2,1
S01010302,Economically active: Self-employed: Full-time (1),13,8,5
S01010302,Economically active: Unemployed (1),78,54,24
S01010302,Economically inactive,308,238,70
S01010303,All people aged 16 and over,398,216,182
S01010303,Economically active: Total,189,106,83
S01010303,Economically active: Employee: Total,129,69,60
S01010303,Economically active: Employee: Part-time (1),61,23,38
S01010303,Economically active: Employee: Full-time (1),68,46,22
S01010303,Economically active: Self-employed: Total,14,6,8
S01010303,Economically active: Self-employed: Part-time (1),5,3,2
S01010303,Economically active: Self-employed: Full-time (1),9,3,6
S01010303,Economically active: Unemployed (1),46,31,15
S01010303,Economically inactive,209,110,99
S01010304,All people aged 16 and over,481,386,95
S01010304,Economically active: Total,255,202,53
S01010304,Economically active: Employee: Total,202,162,40
S01010304,Economically active: Employee: Part-time (1),55,46,9
S01010304,Economically active: Employee: Full-time (1),147,116,31
S01010304,Economically active: Self-employed: Total,12,9,3
S01010304,Economically active: Self-employed: Part-time (1),6,5,1
S01010304,Economically active: Self-employed: Full-time (1),6,4,2
S01010304,Economically active: Unemployed (1),41,31,10
S01010304,Economically inactive,226,184,42
S01010305,All people aged 16 and over,766,646,120
S01010305,Economically active: Total,430,364,66
S01010305,Economically active: Employee: Total,347,296,51
S01010305,Economically active: Employee: Part-time (1),88,70,18
S01010305,Economically active: Employee: Full-time (1),259,226,33
S01010305,Economically active: Self-employed: Total,38,32,6
S01010305,Economically active: Self-employed: Part-time (1),16,13,3
S01010305,Economically active: Self-employed: Full-time (1),22,19,3
S01010305,Economically active: Unemployed (1),45,36,9
S01010305,Economically inactive,336,282,54
S01010306,All people aged 16 and over,692,520,172
S01010306,Economically active: Total,472,378,94
S01010306,Economically active: Employee: Total,375,302,73
S01010306,Economically active: Employee: Part-time (1),88,71,17
S01010306,Economically active: Employee: Full-time (1),287,231,56
S01010306,Economically active: Self-employed: Total,37,31,6
S01010306,Economically active: Self-employed: Part-time (1),6,6,0
S01010306,Economically active: Self-employed: Full-time (1),31,25,6
S01010306,Economically active: Unemployed (1),60,45,15
S01010306,Economically inactive,220,142,78
S01010307,All people aged 16 and over,754,637,117
S01010307,Economically active: Total,545,456,89
S01010307,Economically active: Employee: Total,440,375,65
S01010307,Economically active: Employee: Part-time (1),108,90,18
S01010307,Economically active: Employee: Full-time (1),332,285,47
S01010307,Economically active: Self-employed: Total,70,52,18
S01010307,Economically active: Self-employed: Part-time (1),23,20,3
S01010307,Economically active: Self-employed: Full-time (1),47,32,15
S01010307,Economically active: Unemployed (1),35,29,6
S01010307,Economically inactive,209,181,28
S01010308,All people aged 16 and over,876,661,215
S01010308,Economically active: Total,593,491,102
S01010308,Economically active: Employee: Total,455,381,74
S01010308,Economically active: Employee: Part-time (1),106,82,24
S01010308,Economically active: Employee: Full-time (1),349,299,50
S01010308,Economically active: Self-employed: Total,83,69,14
S01010308,Economically active: Self-employed: Part-time (1),23,18,5
S01010308,Economically active: Self-employed: Full-time (1),60,51,9
S01010308,Economically active: Unemployed (1),55,41,14
S01010308,Economically inactive,283,170,113
S01010309,All people aged 16 and over,388,348,40
S01010309,Economically active: Total,193,168,25
S01010309,Economically active: Employee: Total,157,134,23
S01010309,Economically active: Employee: Part-time (1),35,30,5
S01010309,Economically active: Employee: Full-time (1),122,104,18
S01010309,Economically active: Self-employed: Total,6,5,1
S01010309,Economically active: Self-employed: Part-time (1),0,0,0
S01010309,Economically active: Self-employed: Full-time (1),6,5,1
S01010309,Economically active: Unemployed (1),30,29,1
S01010309,Economically inactive,195,180,15
S01010310,All people aged 16 and over,556,407,149
S01010310,Economically active: Total,329,228,101
S01010310,Economically active: Employee: Total,247,169,78
S01010310,Economically active: Employee: Part-time (1),73,51,22
S01010310,Economically active: Employee: Full-time (1),174,118,56
S01010310,Economically active: Self-employed: Total,20,15,5
S01010310,Economically active: Self-employed: Part-time (1),4,3,1
S01010310,Economically active: Self-employed: Full-time (1),16,12,4
S01010310,Economically active: Unemployed (1),62,44,18
S01010310,Economically inactive,227,179,48
S01010311,All people aged 16 and over,582,512,70
S01010311,Economically active: Total,277,232,45
S01010311,Economically active: Employee: Total,207,171,36
S01010311,Economically active: Employee: Part-time (1),84,66,18
S01010311,Economically active: Employee: Full-time (1),123,105,18
S01010311,Economically active: Self-employed: Total,8,5,3
S01010311,Economically active: Self-employed: Part-time (1),3,3,0
S01010311,Economically active: Self-employed: Full-time (1),5,2,3
S01010311,Economically active: Unemployed (1),62,56,6
S01010311,Economically inactive,305,280,25
S01010312,All people aged 16 and over,676,618,58
S01010312,Economically active: Total,327,287,40
S01010312,Economically active: Employee: Total,243,216,27
S01010312,Economically active: Employee: Part-time (1),92,79,13
S01010312,Economically active: Employee: Full-time (1),151,137,14
S01010312,Economically active: Self-employed: Total,14,9,5
S01010312,Economically active: Self-employed: Part-time (1),5,2,3
S01010312,Economically active: Self-employed: Full-time (1),9,7,2
S01010312,Economically active: Unemployed (1),70,62,8
S01010312,Economically inactive,349,331,18
S01010313,All people aged 16 and over,548,500,48
S01010313,Economically active: Total,271,239,32
S01010313,Economically active: Employee: Total,196,174,22
S01010313,Economically active: Employee: Part-time (1),61,54,7
S01010313,Economically active: Employee: Full-time (1),135,120,15
S01010313,Economically active: Self-employed: Total,14,10,4
S01010313,Economically active: Self-employed: Part-time (1),5,5,0
S01010313,Economically active: Self-employed: Full-time (1),9,5,4
S01010313,Economically active: Unemployed (1),61,55,6
S01010313,Economically inactive,277,261,16
S01010314,All people aged 16 and over,1112,853,259
S01010314,Economically active: Total,544,426,118
S01010314,Economically active: Employee: Total,404,321,83
S01010314,Economically active: Employee: Part-time (1),123,85,38
S01010314,Economically active: Employee: Full-time (1),281,236,45
S01010314,Economically active: Self-employed: Total,37,31,6
S01010314,Economically active: Self-employed: Part-time (1),15,11,4
S01010314,Economically active: Self-employed: Full-time (1),22,20,2
S01010314,Economically active: Unemployed (1),103,74,29
S01010314,Economically inactive,568,427,141
S01010315,All people aged 16 and over,703,598,105
S01010315,Economically active: Total,481,414,67
S01010315,Economically active: Employee: Total,383,334,49
S01010315,Economically active: Employee: Part-time (1),104,90,14
S01010315,Economically active: Employee: Full-time (1),279,244,35
S01010315,Economically active: Self-employed: Total,31,22,9
S01010315,Economically active: Self-employed: Part-time (1),9,7,2
S01010315,Economically active: Self-employed: Full-time (1),22,15,7
S01010315,Economically active: Unemployed (1),67,58,9
S01010315,Economically inactive,222,184,38
S01010316,All people aged 16 and over,422,354,68
S01010316,Economically active: Total,250,208,42
S01010316,Economically active: Employee: Total,197,163,34
S01010316,Economically active: Employee: Part-time (1),62,49,13
S01010316,Economically active: Employee: Full-time (1),135,114,21
S01010316,Economically active: Self-employed: Total,13,9,4
S01010316,Economically active: Self-employed: Part-time (1),2,2,0
S01010316,Economically active: Self-employed: Full-time (1),11,7,4
S01010316,Economically active: Unemployed (1),40,36,4
S01010316,Economically inactive,172,146,26
S01010317,All people aged 16 and over,690,579,111
S01010317,Economically active: Total,482,411,71
S01010317,Economically active: Employee: Total,397,348,49
S01010317,Economically active: Employee: Part-time (1),105,91,14
S01010317,Economically active: Employee: Full-time (1),292,257,35
S01010317,Economically active: Self-employed: Total,58,45,13
S01010317,Economically active: Self-employed: Part-time (1),18,16,2
S01010317,Economically active: Self-employed: Full-time (1),40,29,11
S01010317,Economically active: Unemployed (1),27,18,9
S01010317,Economically inactive,208,168,40
S01010318,All people aged 16 and over,1513,1161,352
S01010318,Economically active: Total,633,513,120
S01010318,Economically active: Employee: Total,403,336,67
S01010318,Economically active: Employee: Part-time (1),255,217,38
S01010318,Economically active: Employee: Full-time (1),148,119,29
S01010318,Economically active: Self-employed: Total,29,15,14
S01010318,Economically active: Self-employed: Part-time (1),12,6,6
S01010318,Economically active: Self-employed: Full-time (1),17,9,8
S01010318,Economically active: Unemployed (1),201,162,39
S01010318,Economically inactive,880,648,232
S01010319,All people aged 16 and over,647,522,125
S01010319,Economically active: Total,443,362,81
S01010319,Economically active: Employee: Total,373,315,58
S01010319,Economically active: Employee: Part-time (1),83,72,11
S01010319,Economically active: Employee: Full-time (1),290,243,47
S01010319,Economically active: Self-employed: Total,33,23,10
S01010319,Economically active: Self-employed: Part-time (1),11,7,4
S01010319,Economically active: Self-employed: Full-time (1),22,16,6
S01010319,Economically active: Unemployed (1),37,24,13
S01010319,Economically inactive,204,160,44
S01010320,All people aged 16 and over,624,481,143
S01010320,Economically active: Total,371,281,90
S01010320,Economically active: Employee: Total,286,220,66
S01010320,Economically active: Employee: Part-time (1),69,43,26
S01010320,Economically active: Employee: Full-time (1),217,177,40
S01010320,Economically active: Self-employed: Total,32,26,6
S01010320,Economically active: Self-employed: Part-time (1),9,6,3
S01010320,Economically active: Self-employed: Full-time (1),23,20,3
S01010320,Economically active: Unemployed (1),53,35,18
S01010320,Economically inactive,253,200,53
S01010321,All people aged 16 and over,784,687,97
S01010321,Economically active: Total,443,378,65
S01010321,Economically active: Employee: Total,361,309,52
S01010321,Economically active: Employee: Part-time (1),100,80,20
S01010321,Economically active: Employee: Full-time (1),261,229,32
S01010321,Economically active: Self-employed: Total,27,20,7
S01010321,Economically active: Self-employed: Part-time (1),10,7,3
S01010321,Economically active: Self-employed: Full-time (1),17,13,4
S01010321,Economically active: Unemployed (1),55,49,6
S01010321,Economically inactive,341,309,32
S01010322,All people aged 16 and over,952,803,149
S01010322,Economically active: Total,688,608,80
S01010322,Economically active: Employee: Total,549,489,60
S01010322,Economically active: Employee: Part-time (1),130,115,15
S01010322,Economically active: Employee: Full-time (1),419,374,45
S01010322,Economically active: Self-employed: Total,99,84,15
S01010322,Economically active: Self-employed: Part-time (1),29,23,6
S01010322,Economically active: Self-employed: Full-time (1),70,61,9
S01010322,Economically active: Unemployed (1),40,35,5
S01010322,Economically inactive,264,195,69
S01010323,All people aged 16 and over,512,454,58
S01010323,Economically active: Total,237,191,46
S01010323,Economically active: Employee: Total,173,134,39
S01010323,Economically active: Employee: Part-time (1),65,52,13
S01010323,Economically active: Employee: Full-time (1),108,82,26
S01010323,Economically active: Self-employed: Total,5,5,0
S01010323,Economically active: Self-employed: Part-time (1),3,3,0
S01010323,Economically active: Self-employed: Full-time (1),2,2,0
S01010323,Economically active: Unemployed (1),59,52,7
S01010323,Economically inactive,275,263,12
S01010324,All people aged 16 and over,663,638,25
S01010324,Economically active: Total,285,278,7
S01010324,Economically active: Employee: Total,239,232,7
S01010324,Economically active: Employee: Part-time (1),74,72,2
S01010324,Economically active: Employee: Full-time (1),165,160,5
S01010324,Economically active: Self-employed: Total,18,18,0
S01010324,Economically active: Self-employed: Part-time (1),5,5,0
S01010324,Economically active: Self-employed: Full-time (1),13,13,0
S01010324,Economically active: Unemployed (1),28,28,0
S01010324,Economically inactive,378,360,18
S01010325,All people aged 16 and over,824,810,14
S01010325,Economically active: Total,332,324,8
S01010325,Economically active: Employee: Total,265,258,7
S01010325,Economically active: Employee: Part-time (1),83,82,1
S01010325,Economically active: Employee: Full-time (1),182,176,6
S01010325,Economically active: Self-employed: Total,20,19,1
S01010325,Economically active: Self-employed: Part-time (1),8,7,1
S01010325,Economically active: Self-employed: Full-time (1),12,12,0
S01010325,Economically active: Unemployed (1),47,47,0
S01010325,Economically inactive,492,486,6
S01010326,All people aged 16 and over,742,696,46
S01010326,Economically active: Total,360,331,29
S01010326,Economically active: Employee: Total,243,224,19
S01010326,Economically active: Employee: Part-time (1),109,99,10
S01010326,Economically active: Employee: Full-time (1),134,125,9
S01010326,Economically active: Self-employed: Total,20,20,0
S01010326,Economically active: Self-employed: Part-time (1),1,1,0
S01010326,Economically active: Self-employed: Full-time (1),19,19,0
S01010326,Economically active: Unemployed (1),97,87,10
S01010326,Economically inactive,382,365,17
S01010327,All people aged 16 and over,770,687,83
S01010327,Economically active: Total,442,389,53
S01010327,Economically active: Employee: Total,351,311,40
S01010327,Economically active: Employee: Part-time (1),118,103,15
S01010327,Economically active: Employee: Full-time (1),233,208,25
S01010327,Economically active: Self-employed: Total,33,27,6
S01010327,Economically active: Self-employed: Part-time (1),4,2,2
S01010327,Economically active: Self-employed: Full-time (1),29,25,4
S01010327,Economically active: Unemployed (1),58,51,7
S01010327,Economically inactive,328,298,30
S01010328,All people aged 16 and over,811,731,80
S01010328,Economically active: Total,457,415,42
S01010328,Economically active: Employee: Total,365,331,34
S01010328,Economically active: Employee: Part-time (1),100,90,10
S01010328,Economically active: Employee: Full-time (1),265,241,24
S01010328,Economically active: Self-employed: Total,42,39,3
S01010328,Economically active: Self-employed: Part-time (1),7,6,1
S01010328,Economically active: Self-employed: Full-time (1),35,33,2
S01010328,Economically active: Unemployed (1),50,45,5
S01010328,Economically inactive,354,316,38
S01010329,All people aged 16 and over,495,464,31
S01010329,Economically active: Total,267,246,21
S01010329,Economically active: Employee: Total,213,200,13
S01010329,Economically active: Employee: Part-time (1),57,54,3
S01010329,Economically active: Employee: Full-time (1),156,146,10
S01010329,Economically active: Self-employed: Total,30,25,5
S01010329,Economically active: Self-employed: Part-time (1),8,6,2
S01010329,Economically active: Self-employed: Full-time (1),22,19,3
S01010329,Economically active: Unemployed (1),24,21,3
S01010329,Economically inactive,228,218,10
S01010330,All people aged 16 and over,506,477,29
S01010330,Economically active: Total,261,243,18
S01010330,Economically active: Employee: Total,187,172,15
S01010330,Economically active: Employee: Part-time (1),67,63,4
S01010330,Economically active: Employee: Full-time (1),120,109,11
S01010330,Economically active: Self-employed: Total,16,14,2
S01010330,Economically active: Self-employed: Part-time (1),5,4,1
S01010330,Economically active: Self-employed: Full-time (1),11,10,1
S01010330,Economically active: Unemployed (1),58,57,1
S01010330,Economically inactive,245,234,11
S01010331,All people aged 16 and over,776,732,44
S01010331,Economically active: Total,363,334,29
S01010331,Economically active: Employee: Total,299,277,22
S01010331,Economically active: Employee: Part-time (1),87,84,3
S01010331,Economically active: Employee: Full-time (1),212,193,19
S01010331,Economically active: Self-employed: Total,16,15,1
S01010331,Economically active: Self-employed: Part-time (1),4,4,0
S01010331,Economically active: Self-employed: Full-time (1),12,11,1
S01010331,Economically active: Unemployed (1),48,42,6
S01010331,Economically inactive,413,398,15
S01010332,All people aged 16 and over,578,561,17
S01010332,Economically active: Total,294,286,8
S01010332,Economically active: Employee: Total,223,219,4
S01010332,Economically active: Employee: Part-time (1),72,71,1
S01010332,Economically active: Employee: Full-time (1),151,148,3
S01010332,Economically active: Self-employed: Total,14,14,0
S01010332,Economically active: Self-employed: Part-time (1),1,1,0
S01010332,Economically active: Self-employed: Full-time (1),13,13,0
S01010332,Economically active: Unemployed (1),57,53,4
S01010332,Economically inactive,284,275,9
S01010333,All people aged 16 and over,793,746,47
S01010333,Economically active: Total,441,413,28
S01010333,Economically active: Employee: Total,353,336,17
S01010333,Economically active: Employee: Part-time (1),112,103,9
S01010333,Economically active: Employee: Full-time (1),241,233,8
S01010333,Economically active: Self-employed: Total,36,33,3
S01010333,Economically active: Self-employed: Part-time (1),12,12,0
S01010333,Economically active: Self-employed: Full-time (1),24,21,3
S01010333,Economically active: Unemployed (1),52,44,8
S01010333,Economically inactive,352,333,19
S01010334,All people aged 16 and over,736,721,15
S01010334,Economically active: Total,445,436,9
S01010334,Economically active: Employee: Total,380,371,9
S01010334,Economically active: Employee: Part-time (1),101,100,1
S01010334,Economically active: Employee: Full-time (1),279,271,8
S01010334,Economically active: Self-employed: Total,34,34,0
S01010334,Economically active: Self-employed: Part-time (1),10,10,0
S01010334,Economically active: Self-employed: Full-time (1),24,24,0
S01010334,Economically active: Unemployed (1),31,31,0
S01010334,Economically inactive,291,285,6
S01010335,All people aged 16 and over,695,658,37
S01010335,Economically active: Total,316,305,11
S01010335,Economically active: Employee: Total,243,233,10
S01010335,Economically active: Employee: Part-time (1),78,74,4
S01010335,Economically active: Employee: Full-time (1),165,159,6
S01010335,Economically active: Self-employed: Total,22,22,0
S01010335,Economically active: Self-employed: Part-time (1),8,8,0
S01010335,Economically active: Self-employed: Full-time (1),14,14,0
S01010335,Economically active: Unemployed (1),51,50,1
S01010335,Economically inactive,379,353,26
S01010336,All people aged 16 and over,502,485,17
S01010336,Economically active: Total,261,254,7
S01010336,Economically active: Employee: Total,175,169,6
S01010336,Economically active: Employee: Part-time (1),71,69,2
S01010336,Economically active: Employee: Full-time (1),104,100,4
S01010336,Economically active: Self-employed: Total,14,13,1
S01010336,Economically active: Self-employed: Part-time (1),6,5,1
S01010336,Economically active: Self-employed: Full-time (1),8,8,0
S01010336,Economically active: Unemployed (1),72,72,0
S01010336,Economically inactive,241,231,10
S01010337,All people aged 16 and over,529,511,18
S01010337,Economically active: Total,285,273,12
S01010337,Economically active: Employee: Total,238,229,9
S01010337,Economically active: Employee: Part-time (1),84,82,2
S01010337,Economically active: Employee: Full-time (1),154,147,7
S01010337,Economically active: Self-employed: Total,10,7,3
S01010337,Economically active: Self-employed: Part-time (1),5,2,3
S01010337,Economically active: Self-employed: Full-time (1),5,5,0
S01010337,Economically active: Unemployed (1),37,37,0
S01010337,Economically inactive,244,238,6
S01010338,All people aged 16 and over,570,539,31
S01010338,Economically active: Total,280,262,18
S01010338,Economically active: Employee: Total,206,190,16
S01010338,Economically active: Employee: Part-time (1),81,77,4
S01010338,Economically active: Employee: Full-time (1),125,113,12
S01010338,Economically active: Self-employed: Total,17,16,1
S01010338,Economically active: Self-employed: Part-time (1),4,3,1
S01010338,Economically active: Self-employed: Full-time (1),13,13,0
S01010338,Economically active: Unemployed (1),57,56,1
S01010338,Economically inactive,290,277,13
S01010339,All people aged 16 and over,552,526,26
S01010339,Economically active: Total,270,250,20
S01010339,Economically active: Employee: Total,210,191,19
S01010339,Economically active: Employee: Part-time (1),67,60,7
S01010339,Economically active: Employee: Full-time (1),143,131,12
S01010339,Economically active: Self-employed: Total,16,16,0
S01010339,Economically active: Self-employed: Part-time (1),4,4,0
S01010339,Economically active: Self-employed: Full-time (1),12,12,0
S01010339,Economically active: Unemployed (1),44,43,1
S01010339,Economically inactive,282,276,6
S01010340,All people aged 16 and over,595,542,53
S01010340,Economically active: Total,362,331,31
S01010340,Economically active: Employee: Total,282,259,23
S01010340,Economically active: Employee: Part-time (1),97,88,9
S01010340,Economically active: Employee: Full-time (1),185,171,14
S01010340,Economically active: Self-employed: Total,25,22,3
S01010340,Economically active: Self-employed: Part-time (1),10,9,1
S01010340,Economically active: Self-employed: Full-time (1),15,13,2
S01010340,Economically active: Unemployed (1),55,50,5
S01010340,Economically inactive,233,211,22
S01010341,All people aged 16 and over,468,449,19
S01010341,Economically active: Total,283,268,15
S01010341,Economically active: Employee: Total,238,224,14
S01010341,Economically active: Employee: Part-time (1),72,70,2
S01010341,Economically active: Employee: Full-time (1),166,154,12
S01010341,Economically active: Self-employed: Total,20,19,1
S01010341,Economically active: Self-employed: Part-time (1),6,5,1
S01010341,Economically active: Self-employed: Full-time (1),14,14,0
S01010341,Economically active: Unemployed (1),25,25,0
S01010341,Economically inactive,185,181,4
S01010342,All people aged 16 and over,532,503,29
S01010342,Economically active: Total,397,385,12
S01010342,Economically active: Employee: Total,355,345,10
S01010342,Economically active: Employee: Part-time (1),93,90,3
S01010342,Economically active: Employee: Full-time (1),262,255,7
S01010342,Economically active: Self-employed: Total,29,28,1
S01010342,Economically active: Self-employed: Part-time (1),7,7,0
S01010342,Economically active: Self-employed: Full-time (1),22,21,1
S01010342,Economically active: Unemployed (1),13,12,1
S01010342,Economically inactive,135,118,17
S01010343,All people aged 16 and over,757,721,36
S01010343,Economically active: Total,603,578,25
S01010343,Economically active: Employee: Total,514,495,19
S01010343,Economically active: Employee: Part-time (1),123,119,4
S01010343,Economically active: Employee: Full-time (1),391,376,15
S01010343,Economically active: Self-employed: Total,51,46,5
S01010343,Economically active: Self-employed: Part-time (1),19,15,4
S01010343,Economically active: Self-employed: Full-time (1),32,31,1
S01010343,Economically active: Unemployed (1),38,37,1
S01010343,Economically inactive,154,143,11
S01010344,All people aged 16 and over,584,572,12
S01010344,Economically active: Total,292,283,9
S01010344,Economically active: Employee: Total,218,213,5
S01010344,Economically active: Employee: Part-time (1),68,66,2
S01010344,Economically active: Employee: Full-time (1),150,147,3
S01010344,Economically active: Self-employed: Total,14,12,2
S01010344,Economically active: Self-employed: Part-time (1),2,2,0
S01010344,Economically active: Self-employed: Full-time (1),12,10,2
S01010344,Economically active: Unemployed (1),60,58,2
S01010344,Economically inactive,292,289,3
S01010345,All people aged 16 and over,350,299,51
S01010345,Economically active: Total,270,240,30
S01010345,Economically active: Employee: Total,218,201,17
S01010345,Economically active: Employee: Part-time (1),62,56,6
S01010345,Economically active: Employee: Full-time (1),156,145,11
S01010345,Economically active: Self-employed: Total,36,28,8
S01010345,Economically active: Self-employed: Part-time (1),8,5,3
S01010345,Economically active: Self-employed: Full-time (1),28,23,5
S01010345,Economically active: Unemployed (1),16,11,5
S01010345,Economically inactive,80,59,21
S01010346,All people aged 16 and over,876,813,63
S01010346,Economically active: Total,589,551,38
S01010346,Economically active: Employee: Total,496,467,29
S01010346,Economically active: Employee: Part-time (1),110,102,8
S01010346,Economically active: Employee: Full-time (1),386,365,21
S01010346,Economically active: Self-employed: Total,64,57,7
S01010346,Economically active: Self-employed: Part-time (1),21,19,2
S01010346,Economically active: Self-employed: Full-time (1),43,38,5
S01010346,Economically active: Unemployed (1),29,27,2
S01010346,Economically inactive,287,262,25
S01010347,All people aged 16 and over,939,787,152
S01010347,Economically active: Total,470,421,49
S01010347,Economically active: Employee: Total,364,334,30
S01010347,Economically active: Employee: Part-time (1),137,121,16
S01010347,Economically active: Employee: Full-time (1),227,213,14
S01010347,Economically active: Self-employed: Total,35,24,11
S01010347,Economically active: Self-employed: Part-time (1),8,2,6
S01010347,Economically active: Self-employed: Full-time (1),27,22,5
S01010347,Economically active: Unemployed (1),71,63,8
S01010347,Economically inactive,469,366,103
S01010348,All people aged 16 and over,806,777,29
S01010348,Economically active: Total,469,453,16
S01010348,Economically active: Employee: Total,410,396,14
S01010348,Economically active: Employee: Part-time (1),131,124,7
S01010348,Economically active: Employee: Full-time (1),279,272,7
S01010348,Economically active: Self-employed: Total,21,20,1
S01010348,Economically active: Self-employed: Part-time (1),3,3,0
S01010348,Economically active: Self-employed: Full-time (1),18,17,1
S01010348,Economically active: Unemployed (1),38,37,1
S01010348,Economically inactive,337,324,13
S01010349,All people aged 16 and over,745,729,16
S01010349,Economically active: Total,408,401,7
S01010349,Economically active: Employee: Total,343,337,6
S01010349,Economically active: Employee: Part-time (1),106,104,2
S01010349,Economically active: Employee: Full-time (1),237,233,4
S01010349,Economically active: Self-employed: Total,21,21,0
S01010349,Economically active: Self-employed: Part-time (1),4,4,0
S01010349,Economically active: Self-employed: Full-time (1),17,17,0
S01010349,Economically active: Unemployed (1),44,43,1
S01010349,Economically inactive,337,328,9
S01010350,All people aged 16 and over,729,678,51
S01010350,Economically active: Total,393,364,29
S01010350,Economically active: Employee: Total,298,277,21
S01010350,Economically active: Employee: Part-time (1),109,102,7
S01010350,Economically active: Employee: Full-time (1),189,175,14
S01010350,Economically active: Self-employed: Total,15,15,0
S01010350,Economically active: Self-employed: Part-time (1),5,5,0
S01010350,Economically active: Self-employed: Full-time (1),10,10,0
S01010350,Economically active: Unemployed (1),80,72,8
S01010350,Economically inactive,336,314,22
S01010351,All people aged 16 and over,691,602,89
S01010351,Economically active: Total,446,392,54
S01010351,Economically active: Employee: Total,377,329,48
S01010351,Economically active: Employee: Part-time (1),119,96,23
S01010351,Economically active: Employee: Full-time (1),258,233,25
S01010351,Economically active: Self-employed: Total,31,29,2
S01010351,Economically active: Self-employed: Part-time (1),6,6,0
S01010351,Economically active: Self-employed: Full-time (1),25,23,2
S01010351,Economically active: Unemployed (1),38,34,4
S01010351,Economically inactive,245,210,35
S01010352,All people aged 16 and over,454,419,35
S01010352,Economically active: Total,223,207,16
S01010352,Economically active: Employee: Total,184,171,13
S01010352,Economically active: Employee: Part-time (1),54,53,1
S01010352,Economically active: Employee: Full-time (1),130,118,12
S01010352,Economically active: Self-employed: Total,8,8,0
S01010352,Economically active: Self-employed: Part-time (1),7,7,0
S01010352,Economically active: Self-employed: Full-time (1),1,1,0
S01010352,Economically active: Unemployed (1),31,28,3
S01010352,Economically inactive,231,212,19
S01010353,All people aged 16 and over,764,626,138
S01010353,Economically active: Total,338,241,97
S01010353,Economically active: Employee: Total,231,169,62
S01010353,Economically active: Employee: Part-time (1),72,51,21
S01010353,Economically active: Employee: Full-time (1),159,118,41
S01010353,Economically active: Self-employed: Total,21,10,11
S01010353,Economically active: Self-employed: Part-time (1),8,4,4
S01010353,Economically active: Self-employed: Full-time (1),13,6,7
S01010353,Economically active: Unemployed (1),86,62,24
S01010353,Economically inactive,426,385,41
S01010354,All people aged 16 and over,613,528,85
S01010354,Economically active: Total,328,278,50
S01010354,Economically active: Employee: Total,267,227,40
S01010354,Economically active: Employee: Part-time (1),79,71,8
S01010354,Economically active: Employee: Full-time (1),188,156,32
S01010354,Economically active: Self-employed: Total,22,19,3
S01010354,Economically active: Self-employed: Part-time (1),7,7,0
S01010354,Economically active: Self-employed: Full-time (1),15,12,3
S01010354,Economically active: Unemployed (1),39,32,7
S01010354,Economically inactive,285,250,35
S01010355,All people aged 16 and over,621,557,64
S01010355,Economically active: Total,361,325,36
S01010355,Economically active: Employee: Total,293,266,27
S01010355,Economically active: Employee: Part-time (1),93,85,8
S01010355,Economically active: Employee: Full-time (1),200,181,19
S01010355,Economically active: Self-employed: Total,26,20,6
S01010355,Economically active: Self-employed: Part-time (1),8,8,0
S01010355,Economically active: Self-employed: Full-time (1),18,12,6
S01010355,Economically active: Unemployed (1),42,39,3
S01010355,Economically inactive,260,232,28
S01010356,All people aged 16 and over,549,496,53
S01010356,Economically active: Total,410,382,28
S01010356,Economically active: Employee: Total,345,321,24
S01010356,Economically active: Employee: Part-time (1),89,81,8
S01010356,Economically active: Employee: Full-time (1),256,240,16
S01010356,Economically active: Self-employed: Total,25,24,1
S01010356,Economically active: Self-employed: Part-time (1),5,4,1
S01010356,Economically active: Self-employed: Full-time (1),20,20,0
S01010356,Economically active: Unemployed (1),40,37,3
S01010356,Economically inactive,139,114,25
S01010357,All people aged 16 and over,503,448,55
S01010357,Economically active: Total,266,232,34
S01010357,Economically active: Employee: Total,206,179,27
S01010357,Economically active: Employee: Part-time (1),60,46,14
S01010357,Economically active: Employee: Full-time (1),146,133,13
S01010357,Economically active: Self-employed: Total,11,11,0
S01010357,Economically active: Self-employed: Part-time (1),4,4,0
S01010357,Economically active: Self-employed: Full-time (1),7,7,0
S01010357,Economically active: Unemployed (1),49,42,7
S01010357,Economically inactive,237,216,21
S01010358,All people aged 16 and over,714,677,37
S01010358,Economically active: Total,351,331,20
S01010358,Economically active: Employee: Total,267,254,13
S01010358,Economically active: Employee: Part-time (1),85,81,4
S01010358,Economically active: Employee: Full-time (1),182,173,9
S01010358,Economically active: Self-employed: Total,16,14,2
S01010358,Economically active: Self-employed: Part-time (1),8,7,1
S01010358,Economically active: Self-employed: Full-time (1),8,7,1
S01010358,Economically active: Unemployed (1),68,63,5
S01010358,Economically inactive,363,346,17
S01010359,All people aged 16 and over,648,573,75
S01010359,Economically active: Total,307,260,47
S01010359,Economically active: Employee: Total,213,176,37
S01010359,Economically active: Employee: Part-time (1),89,76,13
S01010359,Economically active: Employee: Full-time (1),124,100,24
S01010359,Economically active: Self-employed: Total,25,21,4
S01010359,Economically active: Self-employed: Part-time (1),5,5,0
S01010359,Economically active: Self-employed: Full-time (1),20,16,4
S01010359,Economically active: Unemployed (1),69,63,6
S01010359,Economically inactive,341,313,28
S01010360,All people aged 16 and over,445,378,67
S01010360,Economically active: Total,260,213,47
S01010360,Economically active: Employee: Total,194,161,33
S01010360,Economically active: Employee: Part-time (1),66,52,14
S01010360,Economically active: Employee: Full-time (1),128,109,19
S01010360,Economically active: Self-employed: Total,16,13,3
S01010360,Economically active: Self-employed: Part-time (1),2,1,1
S01010360,Economically active: Self-employed: Full-time (1),14,12,2
S01010360,Economically active: Unemployed (1),50,39,11
S01010360,Economically inactive,185,165,20
S01010361,All people aged 16 and over,518,426,92
S01010361,Economically active: Total,287,216,71
S01010361,Economically active: Employee: Total,173,129,44
S01010361,Economically active: Employee: Part-time (1),71,55,16
S01010361,Economically active: Employee: Full-time (1),102,74,28
S01010361,Economically active: Self-employed: Total,12,9,3
S01010361,Economically active: Self-employed: Part-time (1),5,4,1
S01010361,Economically active: Self-employed: Full-time (1),7,5,2
S01010361,Economically active: Unemployed (1),102,78,24
S01010361,Economically inactive,231,210,21
S01010362,All people aged 16 and over,742,592,150
S01010362,Economically active: Total,386,296,90
S01010362,Economically active: Employee: Total,253,194,59
S01010362,Economically active: Employee: Part-time (1),85,55,30
S01010362,Economically active: Employee: Full-time (1),168,139,29
S01010362,Economically active: Self-employed: Total,8,7,1
S01010362,Economically active: Self-employed: Part-time (1),2,2,0
S01010362,Economically active: Self-employed: Full-time (1),6,5,1
S01010362,Economically active: Unemployed (1),125,95,30
S01010362,Economically inactive,356,296,60
S01010363,All people aged 16 and over,655,565,90
S01010363,Economically active: Total,453,399,54
S01010363,Economically active: Employee: Total,363,324,39
S01010363,Economically active: Employee: Part-time (1),81,69,12
S01010363,Economically active: Employee: Full-time (1),282,255,27
S01010363,Economically active: Self-employed: Total,53,44,9
S01010363,Economically active: Self-employed: Part-time (1),17,13,4
S01010363,Economically active: Self-employed: Full-time (1),36,31,5
S01010363,Economically active: Unemployed (1),37,31,6
S01010363,Economically inactive,202,166,36
S01010364,All people aged 16 and over,762,656,106
S01010364,Economically active: Total,491,429,62
S01010364,Economically active: Employee: Total,388,342,46
S01010364,Economically active: Employee: Part-time (1),114,97,17
S01010364,Economically active: Employee: Full-time (1),274,245,29
S01010364,Economically active: Self-employed: Total,74,61,13
S01010364,Economically active: Self-employed: Part-time (1),26,19,7
S01010364,Economically active: Self-employed: Full-time (1),48,42,6
S01010364,Economically active: Unemployed (1),29,26,3
S01010364,Economically inactive,271,227,44
S01010365,All people aged 16 and over,869,769,100
S01010365,Economically active: Total,584,523,61
S01010365,Economically active: Employee: Total,434,393,41
S01010365,Economically active: Employee: Part-time (1),92,84,8
S01010365,Economically active: Employee: Full-time (1),342,309,33
S01010365,Economically active: Self-employed: Total,124,111,13
S01010365,Economically active: Self-employed: Part-time (1),33,30,3
S01010365,Economically active: Self-employed: Full-time (1),91,81,10
S01010365,Economically active: Unemployed (1),26,19,7
S01010365,Economically inactive,285,246,39
S01010366,All people aged 16 and over,909,762,147
S01010366,Economically active: Total,618,537,81
S01010366,Economically active: Employee: Total,504,448,56
S01010366,Economically active: Employee: Part-time (1),102,90,12
S01010366,Economically active: Employee: Full-time (1),402,358,44
S01010366,Economically active: Self-employed: Total,75,59,16
S01010366,Economically active: Self-employed: Part-time (1),30,20,10
S01010366,Economically active: Self-employed: Full-time (1),45,39,6
S01010366,Economically active: Unemployed (1),39,30,9
S01010366,Economically inactive,291,225,66
S01010367,All people aged 16 and over,1488,937,551
S01010367,Economically active: Total,707,555,152
S01010367,Economically active: Employee: Total,542,436,106
S01010367,Economically active: Employee: Part-time (1),185,136,49
S01010367,Economically active: Employee: Full-time (1),357,300,57
S01010367,Economically active: Self-employed: Total,88,80,8
S01010367,Economically active: Self-employed: Part-time (1),31,28,3
S01010367,Economically active: Self-employed: Full-time (1),57,52,5
S01010367,Economically active: Unemployed (1),77,39,38
S01010367,Economically inactive,781,382,399
S01010368,All people aged 16 and over,639,562,77
S01010368,Economically active: Total,412,355,57
S01010368,Economically active: Employee: Total,298,259,39
S01010368,Economically active: Employee: Part-time (1),60,49,11
S01010368,Economically active: Employee: Full-time (1),238,210,28
S01010368,Economically active: Self-employed: Total,96,82,14
S01010368,Economically active: Self-employed: Part-time (1),20,16,4
S01010368,Economically active: Self-employed: Full-time (1),76,66,10
S01010368,Economically active: Unemployed (1),18,14,4
S01010368,Economically inactive,227,207,20
S01010369,All people aged 16 and over,672,553,119
S01010369,Economically active: Total,503,416,87
S01010369,Economically active: Employee: Total,414,345,69
S01010369,Economically active: Employee: Part-time (1),104,75,29
S01010369,Economically active: Employee: Full-time (1),310,270,40
S01010369,Economically active: Self-employed: Total,61,49,12
S01010369,Economically active: Self-employed: Part-time (1),21,16,5
S01010369,Economically active: Self-employed: Full-time (1),40,33,7
S01010369,Economically active: Unemployed (1),28,22,6
S01010369,Economically inactive,169,137,32
S01010370,All people aged 16 and over,630,510,120
S01010370,Economically active: Total,468,386,82
S01010370,Economically active: Employee: Total,348,287,61
S01010370,Economically active: Employee: Part-time (1),69,62,7
S01010370,Economically active: Employee: Full-time (1),279,225,54
S01010370,Economically active: Self-employed: Total,85,67,18
S01010370,Economically active: Self-employed: Part-time (1),33,26,7
S01010370,Economically active: Self-employed: Full-time (1),52,41,11
S01010370,Economically active: Unemployed (1),35,32,3
S01010370,Economically inactive,162,124,38
S01010371,All people aged 16 and over,908,723,185
S01010371,Economically active: Total,613,512,101
S01010371,Economically active: Employee: Total,470,396,74
S01010371,Economically active: Employee: Part-time (1),113,100,13
S01010371,Economically active: Employee: Full-time (1),357,296,61
S01010371,Economically active: Self-employed: Total,97,82,15
S01010371,Economically active: Self-employed: Part-time (1),33,29,4
S01010371,Economically active: Self-employed: Full-time (1),64,53,11
S01010371,Economically active: Unemployed (1),46,34,12
S01010371,Economically inactive,295,211,84
S01010372,All people aged 16 and over,454,375,79
S01010372,Economically active: Total,333,279,54
S01010372,Economically active: Employee: Total,265,225,40
S01010372,Economically active: Employee: Part-time (1),71,59,12
S01010372,Economically active: Employee: Full-time (1),194,166,28
S01010372,Economically active: Self-employed: Total,50,38,12
S01010372,Economically active: Self-employed: Part-time (1),20,16,4
S01010372,Economically active: Self-employed: Full-time (1),30,22,8
S01010372,Economically active: Unemployed (1),18,16,2
S01010372,Economically inactive,121,96,25
S01010373,All people aged 16 and over,687,581,106
S01010373,Economically active: Total,461,406,55
S01010373,Economically active: Employee: Total,364,325,39
S01010373,Economically active: Employee: Part-time (1),80,76,4
S01010373,Economically active: Employee: Full-time (1),284,249,35
S01010373,Economically active: Self-employed: Total,65,57,8
S01010373,Economically active: Self-employed: Part-time (1),15,12,3
S01010373,Economically active: Self-employed: Full-time (1),50,45,5
S01010373,Economically active: Unemployed (1),32,24,8
S01010373,Economically inactive,226,175,51
S01010374,All people aged 16 and over,830,697,133
S01010374,Economically active: Total,562,482,80
S01010374,Economically active: Employee: Total,428,365,63
S01010374,Economically active: Employee: Part-time (1),111,97,14
S01010374,Economically active: Employee: Full-time (1),317,268,49
S01010374,Economically active: Self-employed: Total,97,86,11
S01010374,Economically active: Self-employed: Part-time (1),30,26,4
S01010374,Economically active: Self-employed: Full-time (1),67,60,7
S01010374,Economically active: Unemployed (1),37,31,6
S01010374,Economically inactive,268,215,53
S01010375,All people aged 16 and over,501,411,90
S01010375,Economically active: Total,249,209,40
S01010375,Economically active: Employee: Total,200,167,33
S01010375,Economically active: Employee: Part-time (1),96,77,19
S01010375,Economically active: Employee: Full-time (1),104,90,14
S01010375,Economically active: Self-employed: Total,23,20,3
S01010375,Economically active: Self-employed: Part-time (1),9,8,1
S01010375,Economically active: Self-employed: Full-time (1),14,12,2
S01010375,Economically active: Unemployed (1),26,22,4
S01010375,Economically inactive,252,202,50
S01010376,All people aged 16 and over,667,468,199
S01010376,Economically active: Total,381,328,53
S01010376,Economically active: Employee: Total,310,272,38
S01010376,Economically active: Employee: Part-time (1),100,89,11
S01010376,Economically active: Employee: Full-time (1),210,183,27
S01010376,Economically active: Self-employed: Total,39,29,10
S01010376,Economically active: Self-employed: Part-time (1),8,5,3
S01010376,Economically active: Self-employed: Full-time (1),31,24,7
S01010376,Economically active: Unemployed (1),32,27,5
S01010376,Economically inactive,286,140,146
S01010377,All people aged 16 and over,857,580,277
S01010377,Economically active: Total,443,327,116
S01010377,Economically active: Employee: Total,330,242,88
S01010377,Economically active: Employee: Part-time (1),143,104,39
S01010377,Economically active: Employee: Full-time (1),187,138,49
S01010377,Economically active: Self-employed: Total,56,39,17
S01010377,Economically active: Self-employed: Part-time (1),25,16,9
S01010377,Economically active: Self-employed: Full-time (1),31,23,8
S01010377,Economically active: Unemployed (1),57,46,11
S01010377,Economically inactive,414,253,161
S01010378,All people aged 16 and over,689,546,143
S01010378,Economically active: Total,350,292,58
S01010378,Economically active: Employee: Total,272,228,44
S01010378,Economically active: Employee: Part-time (1),112,95,17
S01010378,Economically active: Employee: Full-time (1),160,133,27
S01010378,Economically active: Self-employed: Total,26,21,5
S01010378,Economically active: Self-employed: Part-time (1),10,9,1
S01010378,Economically active: Self-employed: Full-time (1),16,12,4
S01010378,Economically active: Unemployed (1),52,43,9
S01010378,Economically inactive,339,254,85
S01010379,All people aged 16 and over,1076,788,288
S01010379,Economically active: Total,522,419,103
S01010379,Economically active: Employee: Total,404,331,73
S01010379,Economically active: Employee: Part-time (1),172,141,31
S01010379,Economically active: Employee: Full-time (1),232,190,42
S01010379,Economically active: Self-employed: Total,55,46,9
S01010379,Economically active: Self-employed: Part-time (1),19,14,5
S01010379,Economically active: Self-employed: Full-time (1),36,32,4
S01010379,Economically active: Unemployed (1),63,42,21
S01010379,Economically inactive,554,369,185
S01010380,All people aged 16 and over,889,744,145
S01010380,Economically active: Total,583,491,92
S01010380,Economically active: Employee: Total,462,389,73
S01010380,Economically active: Employee: Part-time (1),115,95,20
S01010380,Economically active: Employee: Full-time (1),347,294,53
S01010380,Economically active: Self-employed: Total,73,61,12
S01010380,Economically active: Self-employed: Part-time (1),22,21,1
S01010380,Economically active: Self-employed: Full-time (1),51,40,11
S01010380,Economically active: Unemployed (1),48,41,7
S01010380,Economically inactive,306,253,53
S01010381,All people aged 16 and over,569,416,153
S01010381,Economically active: Total,373,309,64
S01010381,Economically active: Employee: Total,318,259,59
S01010381,Economically active: Employee: Part-time (1),77,56,21
S01010381,Economically active: Employee: Full-time (1),241,203,38
S01010381,Economically active: Self-employed: Total,30,27,3
S01010381,Economically active: Self-employed: Part-time (1),10,10,0
S01010381,Economically active: Self-employed: Full-time (1),20,17,3
S01010381,Economically active: Unemployed (1),25,23,2
S01010381,Economically inactive,196,107,89
S01010382,All people aged 16 and over,793,668,125
S01010382,Economically active: Total,558,476,82
S01010382,Economically active: Employee: Total,448,379,69
S01010382,Economically active: Employee: Part-time (1),128,107,21
S01010382,Economically active: Employee: Full-time (1),320,272,48
S01010382,Economically active: Self-employed: Total,53,44,9
S01010382,Economically active: Self-employed: Part-time (1),16,14,2
S01010382,Economically active: Self-employed: Full-time (1),37,30,7
S01010382,Economically active: Unemployed (1),57,53,4
S01010382,Economically inactive,235,192,43
S01010383,All people aged 16 and over,595,462,133
S01010383,Economically active: Total,339,284,55
S01010383,Economically active: Employee: Total,256,217,39
S01010383,Economically active: Employee: Part-time (1),93,80,13
S01010383,Economically active: Employee: Full-time (1),163,137,26
S01010383,Economically active: Self-employed: Total,29,25,4
S01010383,Economically active: Self-employed: Part-time (1),9,8,1
S01010383,Economically active: Self-employed: Full-time (1),20,17,3
S01010383,Economically active: Unemployed (1),54,42,12
S01010383,Economically inactive,256,178,78
S01010384,All people aged 16 and over,770,575,195
S01010384,Economically active: Total,531,417,114
S01010384,Economically active: Employee: Total,443,347,96
S01010384,Economically active: Employee: Part-time (1),89,69,20
S01010384,Economically active: Employee: Full-time (1),354,278,76
S01010384,Economically active: Self-employed: Total,55,44,11
S01010384,Economically active: Self-employed: Part-time (1),10,8,2
S01010384,Economically active: Self-employed: Full-time (1),45,36,9
S01010384,Economically active: Unemployed (1),33,26,7
S01010384,Economically inactive,239,158,81
S01010385,All people aged 16 and over,783,660,123
S01010385,Economically active: Total,493,432,61
S01010385,Economically active: Employee: Total,384,349,35
S01010385,Economically active: Employee: Part-time (1),100,92,8
S01010385,Economically active: Employee: Full-time (1),284,257,27
S01010385,Economically active: Self-employed: Total,60,48,12
S01010385,Economically active: Self-employed: Part-time (1),25,21,4
S01010385,Economically active: Self-employed: Full-time (1),35,27,8
S01010385,Economically active: Unemployed (1),49,35,14
S01010385,Economically inactive,290,228,62
S01010386,All people aged 16 and over,822,708,114
S01010386,Economically active: Total,467,402,65
S01010386,Economically active: Employee: Total,368,315,53
S01010386,Economically active: Employee: Part-time (1),95,84,11
S01010386,Economically active: Employee: Full-time (1),273,231,42
S01010386,Economically active: Self-employed: Total,41,39,2
S01010386,Economically active: Self-employed: Part-time (1),15,14,1
S01010386,Economically active: Self-employed: Full-time (1),26,25,1
S01010386,Economically active: Unemployed (1),58,48,10
S01010386,Economically inactive,355,306,49
S01010387,All people aged 16 and over,972,772,200
S01010387,Economically active: Total,647,521,126
S01010387,Economically active: Employee: Total,542,441,101
S01010387,Economically active: Employee: Part-time (1),115,88,27
S01010387,Economically active: Employee: Full-time (1),427,353,74
S01010387,Economically active: Self-employed: Total,47,38,9
S01010387,Economically active: Self-employed: Part-time (1),12,8,4
S01010387,Economically active: Self-employed: Full-time (1),35,30,5
S01010387,Economically active: Unemployed (1),58,42,16
S01010387,Economically inactive,325,251,74
S01010388,All people aged 16 and over,925,817,108
S01010388,Economically active: Total,555,492,63
S01010388,Economically active: Employee: Total,453,398,55
S01010388,Economically active: Employee: Part-time (1),129,115,14
S01010388,Economically active: Employee: Full-time (1),324,283,41
S01010388,Economically active: Self-employed: Total,37,33,4
S01010388,Economically active: Self-employed: Part-time (1),13,12,1
S01010388,Economically active: Self-employed: Full-time (1),24,21,3
S01010388,Economically active: Unemployed (1),65,61,4
S01010388,Economically inactive,370,325,45
S01010389,All people aged 16 and over,973,713,260
S01010389,Economically active: Total,746,615,131
S01010389,Economically active: Employee: Total,624,519,105
S01010389,Economically active: Employee: Part-time (1),77,63,14
S01010389,Economically active: Employee: Full-time (1),547,456,91
S01010389,Economically active: Self-employed: Total,73,64,9
S01010389,Economically active: Self-employed: Part-time (1),13,12,1
S01010389,Economically active: Self-employed: Full-time (1),60,52,8
S01010389,Economically active: Unemployed (1),49,32,17
S01010389,Economically inactive,227,98,129
S01010390,All people aged 16 and over,1002,873,129
S01010390,Economically active: Total,792,700,92
S01010390,Economically active: Employee: Total,664,589,75
S01010390,Economically active: Employee: Part-time (1),118,102,16
S01010390,Economically active: Employee: Full-time (1),546,487,59
S01010390,Economically active: Self-employed: Total,57,50,7
S01010390,Economically active: Self-employed: Part-time (1),16,14,2
S01010390,Economically active: Self-employed: Full-time (1),41,36,5
S01010390,Economically active: Unemployed (1),71,61,10
S01010390,Economically inactive,210,173,37
S01010391,All people aged 16 and over,737,623,114
S01010391,Economically active: Total,558,480,78
S01010391,Economically active: Employee: Total,463,399,64
S01010391,Economically active: Employee: Part-time (1),83,67,16
S01010391,Economically active: Employee: Full-time (1),380,332,48
S01010391,Economically active: Self-employed: Total,43,36,7
S01010391,Economically active: Self-employed: Part-time (1),13,11,2
S01010391,Economically active: Self-employed: Full-time (1),30,25,5
S01010391,Economically active: Unemployed (1),52,45,7
S01010391,Economically inactive,179,143,36
S01010392,All people aged 16 and over,634,482,152
S01010392,Economically active: Total,508,421,87
S01010392,Economically active: Employee: Total,415,344,71
S01010392,Economically active: Employee: Part-time (1),54,47,7
S01010392,Economically active: Employee: Full-time (1),361,297,64
S01010392,Economically active: Self-employed: Total,75,63,12
S01010392,Economically active: Self-employed: Part-time (1),7,5,2
S01010392,Economically active: Self-employed: Full-time (1),68,58,10
S01010392,Economically active: Unemployed (1),18,14,4
S01010392,Economically inactive,126,61,65
S01010393,All people aged 16 and over,951,838,113
S01010393,Economically active: Total,672,597,75
S01010393,Economically active: Employee: Total,568,513,55
S01010393,Economically active: Employee: Part-time (1),118,107,11
S01010393,Economically active: Employee: Full-time (1),450,406,44
S01010393,Economically active: Self-employed: Total,68,54,14
S01010393,Economically active: Self-employed: Part-time (1),14,9,5
S01010393,Economically active: Self-employed: Full-time (1),54,45,9
S01010393,Economically active: Unemployed (1),36,30,6
S01010393,Economically inactive,279,241,38
S01010394,All people aged 16 and over,731,661,70
S01010394,Economically active: Total,366,333,33
S01010394,Economically active: Employee: Total,272,251,21
S01010394,Economically active: Employee: Part-time (1),73,67,6
S01010394,Economically active: Employee: Full-time (1),199,184,15
S01010394,Economically active: Self-employed: Total,38,34,4
S01010394,Economically active: Self-employed: Part-time (1),10,9,1
S01010394,Economically active: Self-employed: Full-time (1),28,25,3
S01010394,Economically active: Unemployed (1),56,48,8
S01010394,Economically inactive,365,328,37
S01010395,All people aged 16 and over,917,788,129
S01010395,Economically active: Total,594,521,73
S01010395,Economically active: Employee: Total,504,440,64
S01010395,Economically active: Employee: Part-time (1),100,89,11
S01010395,Economically active: Employee: Full-time (1),404,351,53
S01010395,Economically active: Self-employed: Total,36,35,1
S01010395,Economically active: Self-employed: Part-time (1),6,6,0
S01010395,Economically active: Self-employed: Full-time (1),30,29,1
S01010395,Economically active: Unemployed (1),54,46,8
S01010395,Economically inactive,323,267,56
S01010396,All people aged 16 and over,945,816,129
S01010396,Economically active: Total,589,513,76
S01010396,Economically active: Employee: Total,474,413,61
S01010396,Economically active: Employee: Part-time (1),120,104,16
S01010396,Economically active: Employee: Full-time (1),354,309,45
S01010396,Economically active: Self-employed: Total,59,48,11
S01010396,Economically active: Self-employed: Part-time (1),13,11,2
S01010396,Economically active: Self-employed: Full-time (1),46,37,9
S01010396,Economically active: Unemployed (1),56,52,4
S01010396,Economically inactive,356,303,53
S01010397,All people aged 16 and over,500,440,60
S01010397,Economically active: Total,349,305,44
S01010397,Economically active: Employee: Total,275,238,37
S01010397,Economically active: Employee: Part-time (1),62,54,8
S01010397,Economically active: Employee: Full-time (1),213,184,29
S01010397,Economically active: Self-employed: Total,45,41,4
S01010397,Economically active: Self-employed: Part-time (1),7,7,0
S01010397,Economically active: Self-employed: Full-time (1),38,34,4
S01010397,Economically active: Unemployed (1),29,26,3
S01010397,Economically inactive,151,135,16
S01010398,All people aged 16 and over,1000,853,147
S01010398,Economically active: Total,695,592,103
S01010398,Economically active: Employee: Total,558,487,71
S01010398,Economically active: Employee: Part-time (1),101,88,13
S01010398,Economically active: Employee: Full-time (1),457,399,58
S01010398,Economically active: Self-employed: Total,90,74,16
S01010398,Economically active: Self-employed: Part-time (1),29,21,8
S01010398,Economically active: Self-employed: Full-time (1),61,53,8
S01010398,Economically active: Unemployed (1),47,31,16
S01010398,Economically inactive,305,261,44
S01010399,All people aged 16 and over,979,845,134
S01010399,Economically active: Total,766,674,92
S01010399,Economically active: Employee: Total,661,587,74
S01010399,Economically active: Employee: Part-time (1),119,101,18
S01010399,Economically active: Employee: Full-time (1),542,486,56
S01010399,Economically active: Self-employed: Total,74,67,7
S01010399,Economically active: Self-employed: Part-time (1),25,20,5
S01010399,Economically active: Self-employed: Full-time (1),49,47,2
S01010399,Economically active: Unemployed (1),31,20,11
S01010399,Economically inactive,213,171,42
S01010400,All people aged 16 and over,949,830,119
S01010400,Economically active: Total,671,606,65
S01010400,Economically active: Employee: Total,525,477,48
S01010400,Economically active: Employee: Part-time (1),108,99,9
S01010400,Economically active: Employee: Full-time (1),417,378,39
S01010400,Economically active: Self-employed: Total,106,95,11
S01010400,Economically active: Self-employed: Part-time (1),38,34,4
S01010400,Economically active: Self-employed: Full-time (1),68,61,7
S01010400,Economically active: Unemployed (1),40,34,6
S01010400,Economically inactive,278,224,54
S01010401,All people aged 16 and over,669,572,97
S01010401,Economically active: Total,397,338,59
S01010401,Economically active: Employee: Total,304,255,49
S01010401,Economically active: Employee: Part-time (1),64,55,9
S01010401,Economically active: Employee: Full-time (1),240,200,40
S01010401,Economically active: Self-employed: Total,66,57,9
S01010401,Economically active: Self-employed: Part-time (1),20,19,1
S01010401,Economically active: Self-employed: Full-time (1),46,38,8
S01010401,Economically active: Unemployed (1),27,26,1
S01010401,Economically inactive,272,234,38
S01010402,All people aged 16 and over,921,814,107
S01010402,Economically active: Total,664,598,66
S01010402,Economically active: Employee: Total,541,489,52
S01010402,Economically active: Employee: Part-time (1),102,95,7
S01010402,Economically active: Employee: Full-time (1),439,394,45
S01010402,Economically active: Self-employed: Total,94,85,9
S01010402,Economically active: Self-employed: Part-time (1),24,19,5
S01010402,Economically active: Self-employed: Full-time (1),70,66,4
S01010402,Economically active: Unemployed (1),29,24,5
S01010402,Economically inactive,257,216,41
S01010403,All people aged 16 and over,930,799,131
S01010403,Economically active: Total,611,524,87
S01010403,Economically active: Employee: Total,484,409,75
S01010403,Economically active: Employee: Part-time (1),96,83,13
S01010403,Economically active: Employee: Full-time (1),388,326,62
S01010403,Economically active: Self-employed: Total,94,88,6
S01010403,Economically active: Self-employed: Part-time (1),27,24,3
S01010403,Economically active: Self-employed: Full-time (1),67,64,3
S01010403,Economically active: Unemployed (1),33,27,6
S01010403,Economically inactive,319,275,44
S01010404,All people aged 16 and over,691,604,87
S01010404,Economically active: Total,472,405,67
S01010404,Economically active: Employee: Total,340,299,41
S01010404,Economically active: Employee: Part-time (1),76,67,9
S01010404,Economically active: Employee: Full-time (1),264,232,32
S01010404,Economically active: Self-employed: Total,115,98,17
S01010404,Economically active: Self-employed: Part-time (1),24,18,6
S01010404,Economically active: Self-employed: Full-time (1),91,80,11
S01010404,Economically active: Unemployed (1),17,8,9
S01010404,Economically inactive,219,199,20
S01010405,All people aged 16 and over,689,593,96
S01010405,Economically active: Total,512,446,66
S01010405,Economically active: Employee: Total,397,341,56
S01010405,Economically active: Employee: Part-time (1),81,70,11
S01010405,Economically active: Employee: Full-time (1),316,271,45
S01010405,Economically active: Self-employed: Total,89,82,7
S01010405,Economically active: Self-employed: Part-time (1),24,22,2
S01010405,Economically active: Self-employed: Full-time (1),65,60,5
S01010405,Economically active: Unemployed (1),26,23,3
S01010405,Economically inactive,177,147,30
S01010406,All people aged 16 and over,758,622,136
S01010406,Economically active: Total,532,453,79
S01010406,Economically active: Employee: Total,406,343,63
S01010406,Economically active: Employee: Part-time (1),100,82,18
S01010406,Economically active: Employee: Full-time (1),306,261,45
S01010406,Economically active: Self-employed: Total,93,85,8
S01010406,Economically active: Self-employed: Part-time (1),30,25,5
S01010406,Economically active: Self-employed: Full-time (1),63,60,3
S01010406,Economically active: Unemployed (1),33,25,8
S01010406,Economically inactive,226,169,57
S01010407,All people aged 16 and over,844,688,156
S01010407,Economically active: Total,464,407,57
S01010407,Economically active: Employee: Total,372,332,40
S01010407,Economically active: Employee: Part-time (1),125,109,16
S01010407,Economically active: Employee: Full-time (1),247,223,24
S01010407,Economically active: Self-employed: Total,52,44,8
S01010407,Economically active: Self-employed: Part-time (1),16,12,4
S01010407,Economically active: Self-employed: Full-time (1),36,32,4
S01010407,Economically active: Unemployed (1),40,31,9
S01010407,Economically inactive,380,281,99
S01010408,All people aged 16 and over,436,406,30
S01010408,Economically active: Total,246,228,18
S01010408,Economically active: Employee: Total,201,189,12
S01010408,Economically active: Employee: Part-time (1),46,42,4
S01010408,Economically active: Employee: Full-time (1),155,147,8
S01010408,Economically active: Self-employed: Total,32,28,4
S01010408,Economically active: Self-employed: Part-time (1),10,10,0
S01010408,Economically active: Self-employed: Full-time (1),22,18,4
S01010408,Economically active: Unemployed (1),13,11,2
S01010408,Economically inactive,190,178,12
S01010409,All people aged 16 and over,541,493,48
S01010409,Economically active: Total,348,314,34
S01010409,Economically active: Employee: Total,276,253,23
S01010409,Economically active: Employee: Part-time (1),93,84,9
S01010409,Economically active: Employee: Full-time (1),183,169,14
S01010409,Economically active: Self-employed: Total,56,48,8
S01010409,Economically active: Self-employed: Part-time (1),13,11,2
S01010409,Economically active: Self-employed: Full-time (1),43,37,6
S01010409,Economically active: Unemployed (1),16,13,3
S01010409,Economically inactive,193,179,14
S01010410,All people aged 16 and over,470,421,49
S01010410,Economically active: Total,316,288,28
S01010410,Economically active: Employee: Total,261,241,20
S01010410,Economically active: Employee: Part-time (1),65,58,7
S01010410,Economically active: Employee: Full-time (1),196,183,13
S01010410,Economically active: Self-employed: Total,42,36,6
S01010410,Economically active: Self-employed: Part-time (1),8,6,2
S01010410,Economically active: Self-employed: Full-time (1),34,30,4
S01010410,Economically active: Unemployed (1),13,11,2
S01010410,Economically inactive,154,133,21
S01010411,All people aged 16 and over,798,740,58
S01010411,Economically active: Total,537,507,30
S01010411,Economically active: Employee: Total,425,403,22
S01010411,Economically active: Employee: Part-time (1),135,125,10
S01010411,Economically active: Employee: Full-time (1),290,278,12
S01010411,Economically active: Self-employed: Total,88,81,7
S01010411,Economically active: Self-employed: Part-time (1),24,22,2
S01010411,Economically active: Self-employed: Full-time (1),64,59,5
S01010411,Economically active: Unemployed (1),24,23,1
S01010411,Economically inactive,261,233,28
S01010412,All people aged 16 and over,762,650,112
S01010412,Economically active: Total,505,426,79
S01010412,Economically active: Employee: Total,424,357,67
S01010412,Economically active: Employee: Part-time (1),70,60,10
S01010412,Economically active: Employee: Full-time (1),354,297,57
S01010412,Economically active: Self-employed: Total,67,59,8
S01010412,Economically active: Self-employed: Part-time (1),13,12,1
S01010412,Economically active: Self-employed: Full-time (1),54,47,7
S01010412,Economically active: Unemployed (1),14,10,4
S01010412,Economically inactive,257,224,33
S01010413,All people aged 16 and over,612,535,77
S01010413,Economically active: Total,322,281,41
S01010413,Economically active: Employee: Total,242,209,33
S01010413,Economically active: Employee: Part-time (1),54,44,10
S01010413,Economically active: Employee: Full-time (1),188,165,23
S01010413,Economically active: Self-employed: Total,66,62,4
S01010413,Economically active: Self-employed: Part-time (1),23,23,0
S01010413,Economically active: Self-employed: Full-time (1),43,39,4
S01010413,Economically active: Unemployed (1),14,10,4
S01010413,Economically inactive,290,254,36
S01010414,All people aged 16 and over,872,793,79
S01010414,Economically active: Total,554,498,56
S01010414,Economically active: Employee: Total,441,402,39
S01010414,Economically active: Employee: Part-time (1),104,94,10
S01010414,Economically active: Employee: Full-time (1),337,308,29
S01010414,Economically active: Self-employed: Total,72,62,10
S01010414,Economically active: Self-employed: Part-time (1),24,20,4
S01010414,Economically active: Self-employed: Full-time (1),48,42,6
S01010414,Economically active: Unemployed (1),41,34,7
S01010414,Economically inactive,318,295,23
S01010415,All people aged 16 and over,886,817,69
S01010415,Economically active: Total,491,440,51
S01010415,Economically active: Employee: Total,372,340,32
S01010415,Economically active: Employee: Part-time (1),111,100,11
S01010415,Economically active: Employee: Full-time (1),261,240,21
S01010415,Economically active: Self-employed: Total,65,54,11
S01010415,Economically active: Self-employed: Part-time (1),16,14,2
S01010415,Economically active: Self-employed: Full-time (1),49,40,9
S01010415,Economically active: Unemployed (1),54,46,8
S01010415,Economically inactive,395,377,18
S01010416,All people aged 16 and over,586,521,65
S01010416,Economically active: Total,379,330,49
S01010416,Economically active: Employee: Total,295,255,40
S01010416,Economically active: Employee: Part-time (1),70,64,6
S01010416,Economically active: Employee: Full-time (1),225,191,34
S01010416,Economically active: Self-employed: Total,60,51,9
S01010416,Economically active: Self-employed: Part-time (1),19,16,3
S01010416,Economically active: Self-employed: Full-time (1),41,35,6
S01010416,Economically active: Unemployed (1),24,24,0
S01010416,Economically inactive,207,191,16
S01010417,All people aged 16 and over,488,443,45
S01010417,Economically active: Total,338,312,26
S01010417,Economically active: Employee: Total,288,266,22
S01010417,Economically active: Employee: Part-time (1),69,62,7
S01010417,Economically active: Employee: Full-time (1),219,204,15
S01010417,Economically active: Self-employed: Total,41,37,4
S01010417,Economically active: Self-employed: Part-time (1),12,10,2
S01010417,Economically active: Self-employed: Full-time (1),29,27,2
S01010417,Economically active: Unemployed (1),9,9,0
S01010417,Economically inactive,150,131,19
S01010418,All people aged 16 and over,937,852,85
S01010418,Economically active: Total,691,635,56
S01010418,Economically active: Employee: Total,551,511,40
S01010418,Economically active: Employee: Part-time (1),90,86,4
S01010418,Economically active: Employee: Full-time (1),461,425,36
S01010418,Economically active: Self-employed: Total,107,95,12
S01010418,Economically active: Self-employed: Part-time (1),26,23,3
S01010418,Economically active: Self-employed: Full-time (1),81,72,9
S01010418,Economically active: Unemployed (1),33,29,4
S01010418,Economically inactive,246,217,29
S01010419,All people aged 16 and over,836,764,72
S01010419,Economically active: Total,579,522,57
S01010419,Economically active: Employee: Total,479,429,50
S01010419,Economically active: Employee: Part-time (1),102,88,14
S01010419,Economically active: Employee: Full-time (1),377,341,36
S01010419,Economically active: Self-employed: Total,80,76,4
S01010419,Economically active: Self-employed: Part-time (1),21,21,0
S01010419,Economically active: Self-employed: Full-time (1),59,55,4
S01010419,Economically active: Unemployed (1),20,17,3
S01010419,Economically inactive,257,242,15
S01010420,All people aged 16 and over,578,542,36
S01010420,Economically active: Total,330,309,21
S01010420,Economically active: Employee: Total,269,260,9
S01010420,Economically active: Employee: Part-time (1),82,81,1
S01010420,Economically active: Employee: Full-time (1),187,179,8
S01010420,Economically active: Self-employed: Total,47,38,9
S01010420,Economically active: Self-employed: Part-time (1),12,10,2
S01010420,Economically active: Self-employed: Full-time (1),35,28,7
S01010420,Economically active: Unemployed (1),14,11,3
S01010420,Economically inactive,248,233,15
S01010421,All people aged 16 and over,704,648,56
S01010421,Economically active: Total,456,411,45
S01010421,Economically active: Employee: Total,361,325,36
S01010421,Economically active: Employee: Part-time (1),92,82,10
S01010421,Economically active: Employee: Full-time (1),269,243,26
S01010421,Economically active: Self-employed: Total,65,61,4
S01010421,Economically active: Self-employed: Part-time (1),19,18,1
S01010421,Economically active: Self-employed: Full-time (1),46,43,3
S01010421,Economically active: Unemployed (1),30,25,5
S01010421,Economically inactive,248,237,11
S01010422,All people aged 16 and over,895,817,78
S01010422,Economically active: Total,547,499,48
S01010422,Economically active: Employee: Total,446,407,39
S01010422,Economically active: Employee: Part-time (1),122,114,8
S01010422,Economically active: Employee: Full-time (1),324,293,31
S01010422,Economically active: Self-employed: Total,63,60,3
S01010422,Economically active: Self-employed: Part-time (1),18,17,1
S01010422,Economically active: Self-employed: Full-time (1),45,43,2
S01010422,Economically active: Unemployed (1),38,32,6
S01010422,Economically inactive,348,318,30
S01010423,All people aged 16 and over,702,584,118
S01010423,Economically active: Total,430,348,82
S01010423,Economically active: Employee: Total,338,283,55
S01010423,Economically active: Employee: Part-time (1),90,75,15
S01010423,Economically active: Employee: Full-time (1),248,208,40
S01010423,Economically active: Self-employed: Total,21,17,4
S01010423,Economically active: Self-employed: Part-time (1),5,4,1
S01010423,Economically active: Self-employed: Full-time (1),16,13,3
S01010423,Economically active: Unemployed (1),71,48,23
S01010423,Economically inactive,272,236,36
S01010424,All people aged 16 and over,707,643,64
S01010424,Economically active: Total,399,363,36
S01010424,Economically active: Employee: Total,316,285,31
S01010424,Economically active: Employee: Part-time (1),100,88,12
S01010424,Economically active: Employee: Full-time (1),216,197,19
S01010424,Economically active: Self-employed: Total,23,21,2
S01010424,Economically active: Self-employed: Part-time (1),11,9,2
S01010424,Economically active: Self-employed: Full-time (1),12,12,0
S01010424,Economically active: Unemployed (1),60,57,3
S01010424,Economically inactive,308,280,28
S01010425,All people aged 16 and over,875,788,87
S01010425,Economically active: Total,529,473,56
S01010425,Economically active: Employee: Total,425,381,44
S01010425,Economically active: Employee: Part-time (1),132,119,13
S01010425,Economically active: Employee: Full-time (1),293,262,31
S01010425,Economically active: Self-employed: Total,35,29,6
S01010425,Economically active: Self-employed: Part-time (1),12,8,4
S01010425,Economically active: Self-employed: Full-time (1),23,21,2
S01010425,Economically active: Unemployed (1),69,63,6
S01010425,Economically inactive,346,315,31
S01010426,All people aged 16 and over,603,522,81
S01010426,Economically active: Total,405,347,58
S01010426,Economically active: Employee: Total,323,276,47
S01010426,Economically active: Employee: Part-time (1),70,63,7
S01010426,Economically active: Employee: Full-time (1),253,213,40
S01010426,Economically active: Self-employed: Total,22,19,3
S01010426,Economically active: Self-employed: Part-time (1),9,7,2
S01010426,Economically active: Self-employed: Full-time (1),13,12,1
S01010426,Economically active: Unemployed (1),60,52,8
S01010426,Economically inactive,198,175,23
S01010427,All people aged 16 and over,802,592,210
S01010427,Economically active: Total,407,297,110
S01010427,Economically active: Employee: Total,276,218,58
S01010427,Economically active: Employee: Part-time (1),82,56,26
S01010427,Economically active: Employee: Full-time (1),194,162,32
S01010427,Economically active: Self-employed: Total,38,29,9
S01010427,Economically active: Self-employed: Part-time (1),5,3,2
S01010427,Economically active: Self-employed: Full-time (1),33,26,7
S01010427,Economically active: Unemployed (1),93,50,43
S01010427,Economically inactive,395,295,100
S01010428,All people aged 16 and over,577,544,33
S01010428,Economically active: Total,354,332,22
S01010428,Economically active: Employee: Total,304,285,19
S01010428,Economically active: Employee: Part-time (1),83,74,9
S01010428,Economically active: Employee: Full-time (1),221,211,10
S01010428,Economically active: Self-employed: Total,39,36,3
S01010428,Economically active: Self-employed: Part-time (1),9,8,1
S01010428,Economically active: Self-employed: Full-time (1),30,28,2
S01010428,Economically active: Unemployed (1),11,11,0
S01010428,Economically inactive,223,212,11
S01010429,All people aged 16 and over,772,708,64
S01010429,Economically active: Total,551,508,43
S01010429,Economically active: Employee: Total,471,439,32
S01010429,Economically active: Employee: Part-time (1),126,110,16
S01010429,Economically active: Employee: Full-time (1),345,329,16
S01010429,Economically active: Self-employed: Total,56,49,7
S01010429,Economically active: Self-employed: Part-time (1),15,13,2
S01010429,Economically active: Self-employed: Full-time (1),41,36,5
S01010429,Economically active: Unemployed (1),24,20,4
S01010429,Economically inactive,221,200,21
S01010430,All people aged 16 and over,698,531,167
S01010430,Economically active: Total,389,289,100
S01010430,Economically active: Employee: Total,298,230,68
S01010430,Economically active: Employee: Part-time (1),112,86,26
S01010430,Economically active: Employee: Full-time (1),186,144,42
S01010430,Economically active: Self-employed: Total,29,18,11
S01010430,Economically active: Self-employed: Part-time (1),13,8,5
S01010430,Economically active: Self-employed: Full-time (1),16,10,6
S01010430,Economically active: Unemployed (1),62,41,21
S01010430,Economically inactive,309,242,67
S01010431,All people aged 16 and over,549,508,41
S01010431,Economically active: Total,379,349,30
S01010431,Economically active: Employee: Total,307,287,20
S01010431,Economically active: Employee: Part-time (1),73,70,3
S01010431,Economically active: Employee: Full-time (1),234,217,17
S01010431,Economically active: Self-employed: Total,52,44,8
S01010431,Economically active: Self-employed: Part-time (1),18,16,2
S01010431,Economically active: Self-employed: Full-time (1),34,28,6
S01010431,Economically active: Unemployed (1),20,18,2
S01010431,Economically inactive,170,159,11
S01010432,All people aged 16 and over,727,629,98
S01010432,Economically active: Total,442,384,58
S01010432,Economically active: Employee: Total,368,320,48
S01010432,Economically active: Employee: Part-time (1),86,75,11
S01010432,Economically active: Employee: Full-time (1),282,245,37
S01010432,Economically active: Self-employed: Total,23,18,5
S01010432,Economically active: Self-employed: Part-time (1),4,3,1
S01010432,Economically active: Self-employed: Full-time (1),19,15,4
S01010432,Economically active: Unemployed (1),51,46,5
S01010432,Economically inactive,285,245,40
S01010433,All people aged 16 and over,546,230,316
S01010433,Economically active: Total,315,131,184
S01010433,Economically active: Employee: Total,185,81,104
S01010433,Economically active: Employee: Part-time (1),89,36,53
S01010433,Economically active: Employee: Full-time (1),96,45,51
S01010433,Economically active: Self-employed: Total,22,6,16
S01010433,Economically active: Self-employed: Part-time (1),12,2,10
S01010433,Economically active: Self-employed: Full-time (1),10,4,6
S01010433,Economically active: Unemployed (1),108,44,64
S01010433,Economically inactive,231,99,132
S01010434,All people aged 16 and over,493,382,111
S01010434,Economically active: Total,301,211,90
S01010434,Economically active: Employee: Total,220,157,63
S01010434,Economically active: Employee: Part-time (1),74,47,27
S01010434,Economically active: Employee: Full-time (1),146,110,36
S01010434,Economically active: Self-employed: Total,15,7,8
S01010434,Economically active: Self-employed: Part-time (1),2,1,1
S01010434,Economically active: Self-employed: Full-time (1),13,6,7
S01010434,Economically active: Unemployed (1),66,47,19
S01010434,Economically inactive,192,171,21
S01010435,All people aged 16 and over,528,496,32
S01010435,Economically active: Total,310,287,23
S01010435,Economically active: Employee: Total,265,249,16
S01010435,Economically active: Employee: Part-time (1),81,73,8
S01010435,Economically active: Employee: Full-time (1),184,176,8
S01010435,Economically active: Self-employed: Total,16,15,1
S01010435,Economically active: Self-employed: Part-time (1),7,6,1
S01010435,Economically active: Self-employed: Full-time (1),9,9,0
S01010435,Economically active: Unemployed (1),29,23,6
S01010435,Economically inactive,218,209,9
S01010436,All people aged 16 and over,660,559,101
S01010436,Economically active: Total,395,320,75
S01010436,Economically active: Employee: Total,301,245,56
S01010436,Economically active: Employee: Part-time (1),93,74,19
S01010436,Economically active: Employee: Full-time (1),208,171,37
S01010436,Economically active: Self-employed: Total,30,22,8
S01010436,Economically active: Self-employed: Part-time (1),10,7,3
S01010436,Economically active: Self-employed: Full-time (1),20,15,5
S01010436,Economically active: Unemployed (1),64,53,11
S01010436,Economically inactive,265,239,26
S01010437,All people aged 16 and over,467,436,31
S01010437,Economically active: Total,258,237,21
S01010437,Economically active: Employee: Total,207,189,18
S01010437,Economically active: Employee: Part-time (1),63,54,9
S01010437,Economically active: Employee: Full-time (1),144,135,9
S01010437,Economically active: Self-employed: Total,16,14,2
S01010437,Economically active: Self-employed: Part-time (1),9,8,1
S01010437,Economically active: Self-employed: Full-time (1),7,6,1
S01010437,Economically active: Unemployed (1),35,34,1
S01010437,Economically inactive,209,199,10
S01010438,All people aged 16 and over,610,490,120
S01010438,Economically active: Total,387,295,92
S01010438,Economically active: Employee: Total,307,229,78
S01010438,Economically active: Employee: Part-time (1),87,66,21
S01010438,Economically active: Employee: Full-time (1),220,163,57
S01010438,Economically active: Self-employed: Total,20,19,1
S01010438,Economically active: Self-employed: Part-time (1),6,6,0
S01010438,Economically active: Self-employed: Full-time (1),14,13,1
S01010438,Economically active: Unemployed (1),60,47,13
S01010438,Economically inactive,223,195,28
S01010439,All people aged 16 and over,798,679,119
S01010439,Economically active: Total,556,464,92
S01010439,Economically active: Employee: Total,461,386,75
S01010439,Economically active: Employee: Part-time (1),89,70,19
S01010439,Economically active: Employee: Full-time (1),372,316,56
S01010439,Economically active: Self-employed: Total,23,20,3
S01010439,Economically active: Self-employed: Part-time (1),7,5,2
S01010439,Economically active: Self-employed: Full-time (1),16,15,1
S01010439,Economically active: Unemployed (1),72,58,14
S01010439,Economically inactive,242,215,27
S01010440,All people aged 16 and over,534,489,45
S01010440,Economically active: Total,291,268,23
S01010440,Economically active: Employee: Total,221,203,18
S01010440,Economically active: Employee: Part-time (1),58,55,3
S01010440,Economically active: Employee: Full-time (1),163,148,15
S01010440,Economically active: Self-employed: Total,17,16,1
S01010440,Economically active: Self-employed: Part-time (1),8,7,1
S01010440,Economically active: Self-employed: Full-time (1),9,9,0
S01010440,Economically active: Unemployed (1),53,49,4
S01010440,Economically inactive,243,221,22
S01010441,All people aged 16 and over,694,639,55
S01010441,Economically active: Total,579,528,51
S01010441,Economically active: Employee: Total,508,461,47
S01010441,Economically active: Employee: Part-time (1),86,76,10
S01010441,Economically active: Employee: Full-time (1),422,385,37
S01010441,Economically active: Self-employed: Total,25,21,4
S01010441,Economically active: Self-employed: Part-time (1),7,6,1
S01010441,Economically active: Self-employed: Full-time (1),18,15,3
S01010441,Economically active: Unemployed (1),46,46,0
S01010441,Economically inactive,115,111,4
S01010442,All people aged 16 and over,595,524,71
S01010442,Economically active: Total,454,399,55
S01010442,Economically active: Employee: Total,366,323,43
S01010442,Economically active: Employee: Part-time (1),111,89,22
S01010442,Economically active: Employee: Full-time (1),255,234,21
S01010442,Economically active: Self-employed: Total,26,23,3
S01010442,Economically active: Self-employed: Part-time (1),7,5,2
S01010442,Economically active: Self-employed: Full-time (1),19,18,1
S01010442,Economically active: Unemployed (1),62,53,9
S01010442,Economically inactive,141,125,16
S01010443,All people aged 16 and over,436,425,11
S01010443,Economically active: Total,262,253,9
S01010443,Economically active: Employee: Total,215,209,6
S01010443,Economically active: Employee: Part-time (1),67,65,2
S01010443,Economically active: Employee: Full-time (1),148,144,4
S01010443,Economically active: Self-employed: Total,25,22,3
S01010443,Economically active: Self-employed: Part-time (1),4,4,0
S01010443,Economically active: Self-employed: Full-time (1),21,18,3
S01010443,Economically active: Unemployed (1),22,22,0
S01010443,Economically inactive,174,172,2
S01010444,All people aged 16 and over,558,542,16
S01010444,Economically active: Total,310,301,9
S01010444,Economically active: Employee: Total,238,231,7
S01010444,Economically active: Employee: Part-time (1),78,76,2
S01010444,Economically active: Employee: Full-time (1),160,155,5
S01010444,Economically active: Self-employed: Total,24,23,1
S01010444,Economically active: Self-employed: Part-time (1),9,9,0
S01010444,Economically active: Self-employed: Full-time (1),15,14,1
S01010444,Economically active: Unemployed (1),48,47,1
S01010444,Economically inactive,248,241,7
S01010445,All people aged 16 and over,785,743,42
S01010445,Economically active: Total,338,315,23
S01010445,Economically active: Employee: Total,278,260,18
S01010445,Economically active: Employee: Part-time (1),66,64,2
S01010445,Economically active: Employee: Full-time (1),212,196,16
S01010445,Economically active: Self-employed: Total,30,28,2
S01010445,Economically active: Self-employed: Part-time (1),7,7,0
S01010445,Economically active: Self-employed: Full-time (1),23,21,2
S01010445,Economically active: Unemployed (1),30,27,3
S01010445,Economically inactive,447,428,19
S01010446,All people aged 16 and over,700,678,22
S01010446,Economically active: Total,437,423,14
S01010446,Economically active: Employee: Total,354,345,9
S01010446,Economically active: Employee: Part-time (1),108,105,3
S01010446,Economically active: Employee: Full-time (1),246,240,6
S01010446,Economically active: Self-employed: Total,50,47,3
S01010446,Economically active: Self-employed: Part-time (1),10,9,1
S01010446,Economically active: Self-employed: Full-time (1),40,38,2
S01010446,Economically active: Unemployed (1),33,31,2
S01010446,Economically inactive,263,255,8
S01010447,All people aged 16 and over,816,737,79
S01010447,Economically active: Total,415,375,40
S01010447,Economically active: Employee: Total,322,294,28
S01010447,Economically active: Employee: Part-time (1),90,81,9
S01010447,Economically active: Employee: Full-time (1),232,213,19
S01010447,Economically active: Self-employed: Total,28,25,3
S01010447,Economically active: Self-employed: Part-time (1),9,8,1
S01010447,Economically active: Self-employed: Full-time (1),19,17,2
S01010447,Economically active: Unemployed (1),65,56,9
S01010447,Economically inactive,401,362,39
S01010448,All people aged 16 and over,710,674,36
S01010448,Economically active: Total,438,413,25
S01010448,Economically active: Employee: Total,367,351,16
S01010448,Economically active: Employee: Part-time (1),112,107,5
S01010448,Economically active: Employee: Full-time (1),255,244,11
S01010448,Economically active: Self-employed: Total,34,27,7
S01010448,Economically active: Self-employed: Part-time (1),9,8,1
S01010448,Economically active: Self-employed: Full-time (1),25,19,6
S01010448,Economically active: Unemployed (1),37,35,2
S01010448,Economically inactive,272,261,11
S01010449,All people aged 16 and over,654,619,35
S01010449,Economically active: Total,326,303,23
S01010449,Economically active: Employee: Total,275,257,18
S01010449,Economically active: Employee: Part-time (1),73,68,5
S01010449,Economically active: Employee: Full-time (1),202,189,13
S01010449,Economically active: Self-employed: Total,18,17,1
S01010449,Economically active: Self-employed: Part-time (1),3,3,0
S01010449,Economically active: Self-employed: Full-time (1),15,14,1
S01010449,Economically active: Unemployed (1),33,29,4
S01010449,Economically inactive,328,316,12
S01010450,All people aged 16 and over,691,663,28
S01010450,Economically active: Total,355,345,10
S01010450,Economically active: Employee: Total,299,292,7
S01010450,Economically active: Employee: Part-time (1),78,75,3
S01010450,Economically active: Employee: Full-time (1),221,217,4
S01010450,Economically active: Self-employed: Total,19,19,0
S01010450,Economically active: Self-employed: Part-time (1),3,3,0
S01010450,Economically active: Self-employed: Full-time (1),16,16,0
S01010450,Economically active: Unemployed (1),37,34,3
S01010450,Economically inactive,336,318,18
S01010451,All people aged 16 and over,703,595,108
S01010451,Economically active: Total,358,279,79
S01010451,Economically active: Employee: Total,255,203,52
S01010451,Economically active: Employee: Part-time (1),86,65,21
S01010451,Economically active: Employee: Full-time (1),169,138,31
S01010451,Economically active: Self-employed: Total,26,22,4
S01010451,Economically active: Self-employed: Part-time (1),4,3,1
S01010451,Economically active: Self-employed: Full-time (1),22,19,3
S01010451,Economically active: Unemployed (1),77,54,23
S01010451,Economically inactive,345,316,29
S01010452,All people aged 16 and over,701,670,31
S01010452,Economically active: Total,354,333,21
S01010452,Economically active: Employee: Total,311,296,15
S01010452,Economically active: Employee: Part-time (1),82,76,6
S01010452,Economically active: Employee: Full-time (1),229,220,9
S01010452,Economically active: Self-employed: Total,17,14,3
S01010452,Economically active: Self-employed: Part-time (1),5,4,1
S01010452,Economically active: Self-employed: Full-time (1),12,10,2
S01010452,Economically active: Unemployed (1),26,23,3
S01010452,Economically inactive,347,337,10
S01010453,All people aged 16 and over,539,419,120
S01010453,Economically active: Total,320,237,83
S01010453,Economically active: Employee: Total,211,161,50
S01010453,Economically active: Employee: Part-time (1),71,43,28
S01010453,Economically active: Employee: Full-time (1),140,118,22
S01010453,Economically active: Self-employed: Total,24,15,9
S01010453,Economically active: Self-employed: Part-time (1),6,4,2
S01010453,Economically active: Self-employed: Full-time (1),18,11,7
S01010453,Economically active: Unemployed (1),85,61,24
S01010453,Economically inactive,219,182,37
S01010454,All people aged 16 and over,734,715,19
S01010454,Economically active: Total,355,344,11
S01010454,Economically active: Employee: Total,306,296,10
S01010454,Economically active: Employee: Part-time (1),84,82,2
S01010454,Economically active: Employee: Full-time (1),222,214,8
S01010454,Economically active: Self-employed: Total,24,24,0
S01010454,Economically active: Self-employed: Part-time (1),5,5,0
S01010454,Economically active: Self-employed: Full-time (1),19,19,0
S01010454,Economically active: Unemployed (1),25,24,1
S01010454,Economically inactive,379,371,8
S01010455,All people aged 16 and over,833,748,85
S01010455,Economically active: Total,359,314,45
S01010455,Economically active: Employee: Total,276,246,30
S01010455,Economically active: Employee: Part-time (1),84,79,5
S01010455,Economically active: Employee: Full-time (1),192,167,25
S01010455,Economically active: Self-employed: Total,26,22,4
S01010455,Economically active: Self-employed: Part-time (1),8,6,2
S01010455,Economically active: Self-employed: Full-time (1),18,16,2
S01010455,Economically active: Unemployed (1),57,46,11
S01010455,Economically inactive,474,434,40
S01010456,All people aged 16 and over,487,466,21
S01010456,Economically active: Total,250,236,14
S01010456,Economically active: Employee: Total,212,200,12
S01010456,Economically active: Employee: Part-time (1),56,52,4
S01010456,Economically active: Employee: Full-time (1),156,148,8
S01010456,Economically active: Self-employed: Total,19,18,1
S01010456,Economically active: Self-employed: Part-time (1),2,1,1
S01010456,Economically active: Self-employed: Full-time (1),17,17,0
S01010456,Economically active: Unemployed (1),19,18,1
S01010456,Economically inactive,237,230,7
S01010457,All people aged 16 and over,535,467,68
S01010457,Economically active: Total,292,239,53
S01010457,Economically active: Employee: Total,211,182,29
S01010457,Economically active: Employee: Part-time (1),58,43,15
S01010457,Economically active: Employee: Full-time (1),153,139,14
S01010457,Economically active: Self-employed: Total,32,25,7
S01010457,Economically active: Self-employed: Part-time (1),10,8,2
S01010457,Economically active: Self-employed: Full-time (1),22,17,5
S01010457,Economically active: Unemployed (1),49,32,17
S01010457,Economically inactive,243,228,15
S01010458,All people aged 16 and over,650,589,61
S01010458,Economically active: Total,308,270,38
S01010458,Economically active: Employee: Total,236,212,24
S01010458,Economically active: Employee: Part-time (1),75,61,14
S01010458,Economically active: Employee: Full-time (1),161,151,10
S01010458,Economically active: Self-employed: Total,18,16,2
S01010458,Economically active: Self-employed: Part-time (1),6,5,1
S01010458,Economically active: Self-employed: Full-time (1),12,11,1
S01010458,Economically active: Unemployed (1),54,42,12
S01010458,Economically inactive,342,319,23
S01010459,All people aged 16 and over,474,440,34
S01010459,Economically active: Total,215,196,19
S01010459,Economically active: Employee: Total,175,161,14
S01010459,Economically active: Employee: Part-time (1),45,43,2
S01010459,Economically active: Employee: Full-time (1),130,118,12
S01010459,Economically active: Self-employed: Total,22,21,1
S01010459,Economically active: Self-employed: Part-time (1),2,1,1
S01010459,Economically active: Self-employed: Full-time (1),20,20,0
S01010459,Economically active: Unemployed (1),18,14,4
S01010459,Economically inactive,259,244,15
S01010460,All people aged 16 and over,592,501,91
S01010460,Economically active: Total,402,337,65
S01010460,Economically active: Employee: Total,316,270,46
S01010460,Economically active: Employee: Part-time (1),54,46,8
S01010460,Economically active: Employee: Full-time (1),262,224,38
S01010460,Economically active: Self-employed: Total,68,54,14
S01010460,Economically active: Self-employed: Part-time (1),12,10,2
S01010460,Economically active: Self-employed: Full-time (1),56,44,12
S01010460,Economically active: Unemployed (1),18,13,5
S01010460,Economically inactive,190,164,26
S01010461,All people aged 16 and over,616,548,68
S01010461,Economically active: Total,300,258,42
S01010461,Economically active: Employee: Total,226,199,27
S01010461,Economically active: Employee: Part-time (1),62,56,6
S01010461,Economically active: Employee: Full-time (1),164,143,21
S01010461,Economically active: Self-employed: Total,20,16,4
S01010461,Economically active: Self-employed: Part-time (1),8,6,2
S01010461,Economically active: Self-employed: Full-time (1),12,10,2
S01010461,Economically active: Unemployed (1),54,43,11
S01010461,Economically inactive,316,290,26
S01010462,All people aged 16 and over,626,339,287
S01010462,Economically active: Total,319,165,154
S01010462,Economically active: Employee: Total,168,79,89
S01010462,Economically active: Employee: Part-time (1),80,29,51
S01010462,Economically active: Employee: Full-time (1),88,50,38
S01010462,Economically active: Self-employed: Total,20,8,12
S01010462,Economically active: Self-employed: Part-time (1),5,2,3
S01010462,Economically active: Self-employed: Full-time (1),15,6,9
S01010462,Economically active: Unemployed (1),131,78,53
S01010462,Economically inactive,307,174,133
S01010463,All people aged 16 and over,665,626,39
S01010463,Economically active: Total,391,369,22
S01010463,Economically active: Employee: Total,306,290,16
S01010463,Economically active: Employee: Part-time (1),82,79,3
S01010463,Economically active: Employee: Full-time (1),224,211,13
S01010463,Economically active: Self-employed: Total,47,42,5
S01010463,Economically active: Self-employed: Part-time (1),14,13,1
S01010463,Economically active: Self-employed: Full-time (1),33,29,4
S01010463,Economically active: Unemployed (1),38,37,1
S01010463,Economically inactive,274,257,17
S01010464,All people aged 16 and over,448,426,22
S01010464,Economically active: Total,264,256,8
S01010464,Economically active: Employee: Total,210,204,6
S01010464,Economically active: Employee: Part-time (1),49,48,1
S01010464,Economically active: Employee: Full-time (1),161,156,5
S01010464,Economically active: Self-employed: Total,27,26,1
S01010464,Economically active: Self-employed: Part-time (1),11,11,0
S01010464,Economically active: Self-employed: Full-time (1),16,15,1
S01010464,Economically active: Unemployed (1),27,26,1
S01010464,Economically inactive,184,170,14
S01010465,All people aged 16 and over,798,723,75
S01010465,Economically active: Total,602,549,53
S01010465,Economically active: Employee: Total,534,490,44
S01010465,Economically active: Employee: Part-time (1),127,118,9
S01010465,Economically active: Employee: Full-time (1),407,372,35
S01010465,Economically active: Self-employed: Total,38,33,5
S01010465,Economically active: Self-employed: Part-time (1),8,7,1
S01010465,Economically active: Self-employed: Full-time (1),30,26,4
S01010465,Economically active: Unemployed (1),30,26,4
S01010465,Economically inactive,196,174,22
S01010466,All people aged 16 and over,780,646,134
S01010466,Economically active: Total,570,487,83
S01010466,Economically active: Employee: Total,475,408,67
S01010466,Economically active: Employee: Part-time (1),82,66,16
S01010466,Economically active: Employee: Full-time (1),393,342,51
S01010466,Economically active: Self-employed: Total,56,48,8
S01010466,Economically active: Self-employed: Part-time (1),17,13,4
S01010466,Economically active: Self-employed: Full-time (1),39,35,4
S01010466,Economically active: Unemployed (1),39,31,8
S01010466,Economically inactive,210,159,51
S01010467,All people aged 16 and over,786,703,83
S01010467,Economically active: Total,379,330,49
S01010467,Economically active: Employee: Total,311,270,41
S01010467,Economically active: Employee: Part-time (1),70,63,7
S01010467,Economically active: Employee: Full-time (1),241,207,34
S01010467,Economically active: Self-employed: Total,46,42,4
S01010467,Economically active: Self-employed: Part-time (1),13,11,2
S01010467,Economically active: Self-employed: Full-time (1),33,31,2
S01010467,Economically active: Unemployed (1),22,18,4
S01010467,Economically inactive,407,373,34
S01010468,All people aged 16 and over,783,644,139
S01010468,Economically active: Total,520,432,88
S01010468,Economically active: Employee: Total,432,354,78
S01010468,Economically active: Employee: Part-time (1),127,93,34
S01010468,Economically active: Employee: Full-time (1),305,261,44
S01010468,Economically active: Self-employed: Total,61,54,7
S01010468,Economically active: Self-employed: Part-time (1),16,15,1
S01010468,Economically active: Self-employed: Full-time (1),45,39,6
S01010468,Economically active: Unemployed (1),27,24,3
S01010468,Economically inactive,263,212,51
S01010469,All people aged 16 and over,520,457,63
S01010469,Economically active: Total,315,280,35
S01010469,Economically active: Employee: Total,259,229,30
S01010469,Economically active: Employee: Part-time (1),38,35,3
S01010469,Economically active: Employee: Full-time (1),221,194,27
S01010469,Economically active: Self-employed: Total,14,12,2
S01010469,Economically active: Self-employed: Part-time (1),7,6,1
S01010469,Economically active: Self-employed: Full-time (1),7,6,1
S01010469,Economically active: Unemployed (1),42,39,3
S01010469,Economically inactive,205,177,28
S01010470,All people aged 16 and over,674,649,25
S01010470,Economically active: Total,354,338,16
S01010470,Economically active: Employee: Total,297,284,13
S01010470,Economically active: Employee: Part-time (1),86,81,5
S01010470,Economically active: Employee: Full-time (1),211,203,8
S01010470,Economically active: Self-employed: Total,36,33,3
S01010470,Economically active: Self-employed: Part-time (1),13,13,0
S01010470,Economically active: Self-employed: Full-time (1),23,20,3
S01010470,Economically active: Unemployed (1),21,21,0
S01010470,Economically inactive,320,311,9
S01010471,All people aged 16 and over,536,501,35
S01010471,Economically active: Total,294,268,26
S01010471,Economically active: Employee: Total,240,222,18
S01010471,Economically active: Employee: Part-time (1),88,84,4
S01010471,Economically active: Employee: Full-time (1),152,138,14
S01010471,Economically active: Self-employed: Total,16,14,2
S01010471,Economically active: Self-employed: Part-time (1),5,3,2
S01010471,Economically active: Self-employed: Full-time (1),11,11,0
S01010471,Economically active: Unemployed (1),38,32,6
S01010471,Economically inactive,242,233,9
S01010472,All people aged 16 and over,462,383,79
S01010472,Economically active: Total,346,295,51
S01010472,Economically active: Employee: Total,300,256,44
S01010472,Economically active: Employee: Part-time (1),43,37,6
S01010472,Economically active: Employee: Full-time (1),257,219,38
S01010472,Economically active: Self-employed: Total,22,18,4
S01010472,Economically active: Self-employed: Part-time (1),8,7,1
S01010472,Economically active: Self-employed: Full-time (1),14,11,3
S01010472,Economically active: Unemployed (1),24,21,3
S01010472,Economically inactive,116,88,28
S01010473,All people aged 16 and over,668,594,74
S01010473,Economically active: Total,447,404,43
S01010473,Economically active: Employee: Total,382,352,30
S01010473,Economically active: Employee: Part-time (1),83,75,8
S01010473,Economically active: Employee: Full-time (1),299,277,22
S01010473,Economically active: Self-employed: Total,25,19,6
S01010473,Economically active: Self-employed: Part-time (1),8,6,2
S01010473,Economically active: Self-employed: Full-time (1),17,13,4
S01010473,Economically active: Unemployed (1),40,33,7
S01010473,Economically inactive,221,190,31
S01010474,All people aged 16 and over,714,574,140
S01010474,Economically active: Total,483,392,91
S01010474,Economically active: Employee: Total,388,322,66
S01010474,Economically active: Employee: Part-time (1),104,77,27
S01010474,Economically active: Employee: Full-time (1),284,245,39
S01010474,Economically active: Self-employed: Total,45,37,8
S01010474,Economically active: Self-employed: Part-time (1),11,10,1
S01010474,Economically active: Self-employed: Full-time (1),34,27,7
S01010474,Economically active: Unemployed (1),50,33,17
S01010474,Economically inactive,231,182,49
S01010475,All people aged 16 and over,591,515,76
S01010475,Economically active: Total,449,396,53
S01010475,Economically active: Employee: Total,403,356,47
S01010475,Economically active: Employee: Part-time (1),41,34,7
S01010475,Economically active: Employee: Full-time (1),362,322,40
S01010475,Economically active: Self-employed: Total,32,28,4
S01010475,Economically active: Self-employed: Part-time (1),9,8,1
S01010475,Economically active: Self-employed: Full-time (1),23,20,3
S01010475,Economically active: Unemployed (1),14,12,2
S01010475,Economically inactive,142,119,23
S01010476,All people aged 16 and over,928,870,58
S01010476,Economically active: Total,502,465,37
S01010476,Economically active: Employee: Total,420,391,29
S01010476,Economically active: Employee: Part-time (1),84,74,10
S01010476,Economically active: Employee: Full-time (1),336,317,19
S01010476,Economically active: Self-employed: Total,42,38,4
S01010476,Economically active: Self-employed: Part-time (1),6,6,0
S01010476,Economically active: Self-employed: Full-time (1),36,32,4
S01010476,Economically active: Unemployed (1),40,36,4
S01010476,Economically inactive,426,405,21
S01010477,All people aged 16 and over,628,596,32
S01010477,Economically active: Total,371,345,26
S01010477,Economically active: Employee: Total,313,297,16
S01010477,Economically active: Employee: Part-time (1),80,72,8
S01010477,Economically active: Employee: Full-time (1),233,225,8
S01010477,Economically active: Self-employed: Total,27,21,6
S01010477,Economically active: Self-employed: Part-time (1),9,7,2
S01010477,Economically active: Self-employed: Full-time (1),18,14,4
S01010477,Economically active: Unemployed (1),31,27,4
S01010477,Economically inactive,257,251,6
S01010478,All people aged 16 and over,864,778,86
S01010478,Economically active: Total,486,425,61
S01010478,Economically active: Employee: Total,377,334,43
S01010478,Economically active: Employee: Part-time (1),105,88,17
S01010478,Economically active: Employee: Full-time (1),272,246,26
S01010478,Economically active: Self-employed: Total,42,36,6
S01010478,Economically active: Self-employed: Part-time (1),22,18,4
S01010478,Economically active: Self-employed: Full-time (1),20,18,2
S01010478,Economically active: Unemployed (1),67,55,12
S01010478,Economically inactive,378,353,25
S01010479,All people aged 16 and over,839,796,43
S01010479,Economically active: Total,472,444,28
S01010479,Economically active: Employee: Total,395,373,22
S01010479,Economically active: Employee: Part-time (1),110,103,7
S01010479,Economically active: Employee: Full-time (1),285,270,15
S01010479,Economically active: Self-employed: Total,23,21,2
S01010479,Economically active: Self-employed: Part-time (1),8,7,1
S01010479,Economically active: Self-employed: Full-time (1),15,14,1
S01010479,Economically active: Unemployed (1),54,50,4
S01010479,Economically inactive,367,352,15
S01010480,All people aged 16 and over,505,492,13
S01010480,Economically active: Total,259,248,11
S01010480,Economically active: Employee: Total,214,209,5
S01010480,Economically active: Employee: Part-time (1),55,55,0
S01010480,Economically active: Employee: Full-time (1),159,154,5
S01010480,Economically active: Self-employed: Total,23,21,2
S01010480,Economically active: Self-employed: Part-time (1),7,5,2
S01010480,Economically active: Self-employed: Full-time (1),16,16,0
S01010480,Economically active: Unemployed (1),22,18,4
S01010480,Economically inactive,246,244,2
S01010481,All people aged 16 and over,476,455,21
S01010481,Economically active: Total,266,254,12
S01010481,Economically active: Employee: Total,188,182,6
S01010481,Economically active: Employee: Part-time (1),66,65,1
S01010481,Economically active: Employee: Full-time (1),122,117,5
S01010481,Economically active: Self-employed: Total,17,15,2
S01010481,Economically active: Self-employed: Part-time (1),5,5,0
S01010481,Economically active: Self-employed: Full-time (1),12,10,2
S01010481,Economically active: Unemployed (1),61,57,4
S01010481,Economically inactive,210,201,9
S01010482,All people aged 16 and over,655,619,36
S01010482,Economically active: Total,361,344,17
S01010482,Economically active: Employee: Total,297,282,15
S01010482,Economically active: Employee: Part-time (1),77,74,3
S01010482,Economically active: Employee: Full-time (1),220,208,12
S01010482,Economically active: Self-employed: Total,28,28,0
S01010482,Economically active: Self-employed: Part-time (1),7,7,0
S01010482,Economically active: Self-employed: Full-time (1),21,21,0
S01010482,Economically active: Unemployed (1),36,34,2
S01010482,Economically inactive,294,275,19
S01010483,All people aged 16 and over,858,829,29
S01010483,Economically active: Total,479,459,20
S01010483,Economically active: Employee: Total,399,384,15
S01010483,Economically active: Employee: Part-time (1),96,95,1
S01010483,Economically active: Employee: Full-time (1),303,289,14
S01010483,Economically active: Self-employed: Total,44,43,1
S01010483,Economically active: Self-employed: Part-time (1),12,11,1
S01010483,Economically active: Self-employed: Full-time (1),32,32,0
S01010483,Economically active: Unemployed (1),36,32,4
S01010483,Economically inactive,379,370,9
S01010484,All people aged 16 and over,460,439,21
S01010484,Economically active: Total,280,264,16
S01010484,Economically active: Employee: Total,228,213,15
S01010484,Economically active: Employee: Part-time (1),60,60,0
S01010484,Economically active: Employee: Full-time (1),168,153,15
S01010484,Economically active: Self-employed: Total,19,18,1
S01010484,Economically active: Self-employed: Part-time (1),4,4,0
S01010484,Economically active: Self-employed: Full-time (1),15,14,1
S01010484,Economically active: Unemployed (1),33,33,0
S01010484,Economically inactive,180,175,5
S01010485,All people aged 16 and over,794,746,48
S01010485,Economically active: Total,480,460,20
S01010485,Economically active: Employee: Total,390,377,13
S01010485,Economically active: Employee: Part-time (1),91,87,4
S01010485,Economically active: Employee: Full-time (1),299,290,9
S01010485,Economically active: Self-employed: Total,42,38,4
S01010485,Economically active: Self-employed: Part-time (1),10,8,2
S01010485,Economically active: Self-employed: Full-time (1),32,30,2
S01010485,Economically active: Unemployed (1),48,45,3
S01010485,Economically inactive,314,286,28
S01010486,All people aged 16 and over,784,745,39
S01010486,Economically active: Total,517,498,19
S01010486,Economically active: Employee: Total,431,416,15
S01010486,Economically active: Employee: Part-time (1),110,106,4
S01010486,Economically active: Employee: Full-time (1),321,310,11
S01010486,Economically active: Self-employed: Total,64,61,3
S01010486,Economically active: Self-employed: Part-time (1),12,11,1
S01010486,Economically active: Self-employed: Full-time (1),52,50,2
S01010486,Economically active: Unemployed (1),22,21,1
S01010486,Economically inactive,267,247,20
S01010487,All people aged 16 and over,815,795,20
S01010487,Economically active: Total,480,470,10
S01010487,Economically active: Employee: Total,406,398,8
S01010487,Economically active: Employee: Part-time (1),102,98,4
S01010487,Economically active: Employee: Full-time (1),304,300,4
S01010487,Economically active: Self-employed: Total,31,30,1
S01010487,Economically active: Self-employed: Part-time (1),3,3,0
S01010487,Economically active: Self-employed: Full-time (1),28,27,1
S01010487,Economically active: Unemployed (1),43,42,1
S01010487,Economically inactive,335,325,10
S01010488,All people aged 16 and over,583,541,42
S01010488,Economically active: Total,351,326,25
S01010488,Economically active: Employee: Total,265,252,13
S01010488,Economically active: Employee: Part-time (1),94,91,3
S01010488,Economically active: Employee: Full-time (1),171,161,10
S01010488,Economically active: Self-employed: Total,17,14,3
S01010488,Economically active: Self-employed: Part-time (1),5,3,2
S01010488,Economically active: Self-employed: Full-time (1),12,11,1
S01010488,Economically active: Unemployed (1),69,60,9
S01010488,Economically inactive,232,215,17
S01010489,All people aged 16 and over,877,813,64
S01010489,Economically active: Total,455,422,33
S01010489,Economically active: Employee: Total,361,336,25
S01010489,Economically active: Employee: Part-time (1),117,108,9
S01010489,Economically active: Employee: Full-time (1),244,228,16
S01010489,Economically active: Self-employed: Total,22,22,0
S01010489,Economically active: Self-employed: Part-time (1),2,2,0
S01010489,Economically active: Self-employed: Full-time (1),20,20,0
S01010489,Economically active: Unemployed (1),72,64,8
S01010489,Economically inactive,422,391,31
S01010490,All people aged 16 and over,526,479,47
S01010490,Economically active: Total,296,262,34
S01010490,Economically active: Employee: Total,210,188,22
S01010490,Economically active: Employee: Part-time (1),70,59,11
S01010490,Economically active: Employee: Full-time (1),140,129,11
S01010490,Economically active: Self-employed: Total,14,10,4
S01010490,Economically active: Self-employed: Part-time (1),4,4,0
S01010490,Economically active: Self-employed: Full-time (1),10,6,4
S01010490,Economically active: Unemployed (1),72,64,8
S01010490,Economically inactive,230,217,13
S01010491,All people aged 16 and over,633,585,48
S01010491,Economically active: Total,368,333,35
S01010491,Economically active: Employee: Total,256,237,19
S01010491,Economically active: Employee: Part-time (1),109,99,10
S01010491,Economically active: Employee: Full-time (1),147,138,9
S01010491,Economically active: Self-employed: Total,17,15,2
S01010491,Economically active: Self-employed: Part-time (1),4,3,1
S01010491,Economically active: Self-employed: Full-time (1),13,12,1
S01010491,Economically active: Unemployed (1),95,81,14
S01010491,Economically inactive,265,252,13
S01010492,All people aged 16 and over,425,411,14
S01010492,Economically active: Total,197,189,8
S01010492,Economically active: Employee: Total,131,127,4
S01010492,Economically active: Employee: Part-time (1),52,51,1
S01010492,Economically active: Employee: Full-time (1),79,76,3
S01010492,Economically active: Self-employed: Total,6,4,2
S01010492,Economically active: Self-employed: Part-time (1),2,0,2
S01010492,Economically active: Self-employed: Full-time (1),4,4,0
S01010492,Economically active: Unemployed (1),60,58,2
S01010492,Economically inactive,228,222,6
S01010493,All people aged 16 and over,487,458,29
S01010493,Economically active: Total,281,262,19
S01010493,Economically active: Employee: Total,181,167,14
S01010493,Economically active: Employee: Part-time (1),77,76,1
S01010493,Economically active: Employee: Full-time (1),104,91,13
S01010493,Economically active: Self-employed: Total,11,10,1
S01010493,Economically active: Self-employed: Part-time (1),3,3,0
S01010493,Economically active: Self-employed: Full-time (1),8,7,1
S01010493,Economically active: Unemployed (1),89,85,4
S01010493,Economically inactive,206,196,10
S01010494,All people aged 16 and over,467,426,41
S01010494,Economically active: Total,321,294,27
S01010494,Economically active: Employee: Total,250,228,22
S01010494,Economically active: Employee: Part-time (1),71,67,4
S01010494,Economically active: Employee: Full-time (1),179,161,18
S01010494,Economically active: Self-employed: Total,19,17,2
S01010494,Economically active: Self-employed: Part-time (1),4,3,1
S01010494,Economically active: Self-employed: Full-time (1),15,14,1
S01010494,Economically active: Unemployed (1),52,49,3
S01010494,Economically inactive,146,132,14
S01010495,All people aged 16 and over,644,611,33
S01010495,Economically active: Total,359,335,24
S01010495,Economically active: Employee: Total,272,253,19
S01010495,Economically active: Employee: Part-time (1),108,100,8
S01010495,Economically active: Employee: Full-time (1),164,153,11
S01010495,Economically active: Self-employed: Total,9,9,0
S01010495,Economically active: Self-employed: Part-time (1),2,2,0
S01010495,Economically active: Self-employed: Full-time (1),7,7,0
S01010495,Economically active: Unemployed (1),78,73,5
S01010495,Economically inactive,285,276,9
S01010496,All people aged 16 and over,651,601,50
S01010496,Economically active: Total,339,315,24
S01010496,Economically active: Employee: Total,246,230,16
S01010496,Economically active: Employee: Part-time (1),85,77,8
S01010496,Economically active: Employee: Full-time (1),161,153,8
S01010496,Economically active: Self-employed: Total,15,13,2
S01010496,Economically active: Self-employed: Part-time (1),7,5,2
S01010496,Economically active: Self-employed: Full-time (1),8,8,0
S01010496,Economically active: Unemployed (1),78,72,6
S01010496,Economically inactive,312,286,26
S01010497,All people aged 16 and over,552,527,25
S01010497,Economically active: Total,351,336,15
S01010497,Economically active: Employee: Total,254,247,7
S01010497,Economically active: Employee: Part-time (1),100,95,5
S01010497,Economically active: Employee: Full-time (1),154,152,2
S01010497,Economically active: Self-employed: Total,27,24,3
S01010497,Economically active: Self-employed: Part-time (1),8,7,1
S01010497,Economically active: Self-employed: Full-time (1),19,17,2
S01010497,Economically active: Unemployed (1),70,65,5
S01010497,Economically inactive,201,191,10
S01010498,All people aged 16 and over,642,625,17
S01010498,Economically active: Total,361,352,9
S01010498,Economically active: Employee: Total,263,255,8
S01010498,Economically active: Employee: Part-time (1),93,89,4
S01010498,Economically active: Employee: Full-time (1),170,166,4
S01010498,Economically active: Self-employed: Total,11,11,0
S01010498,Economically active: Self-employed: Part-time (1),4,4,0
S01010498,Economically active: Self-employed: Full-time (1),7,7,0
S01010498,Economically active: Unemployed (1),87,86,1
S01010498,Economically inactive,281,273,8
S01010499,All people aged 16 and over,692,603,89
S01010499,Economically active: Total,282,241,41
S01010499,Economically active: Employee: Total,166,147,19
S01010499,Economically active: Employee: Part-time (1),68,59,9
S01010499,Economically active: Employee: Full-time (1),98,88,10
S01010499,Economically active: Self-employed: Total,9,8,1
S01010499,Economically active: Self-employed: Part-time (1),3,3,0
S01010499,Economically active: Self-employed: Full-time (1),6,5,1
S01010499,Economically active: Unemployed (1),107,86,21
S01010499,Economically inactive,410,362,48
S01010500,All people aged 16 and over,747,718,29
S01010500,Economically active: Total,424,411,13
S01010500,Economically active: Employee: Total,317,306,11
S01010500,Economically active: Employee: Part-time (1),132,128,4
S01010500,Economically active: Employee: Full-time (1),185,178,7
S01010500,Economically active: Self-employed: Total,19,19,0
S01010500,Economically active: Self-employed: Part-time (1),8,8,0
S01010500,Economically active: Self-employed: Full-time (1),11,11,0
S01010500,Economically active: Unemployed (1),88,86,2
S01010500,Economically inactive,323,307,16
S01010501,All people aged 16 and over,728,692,36
S01010501,Economically active: Total,434,412,22
S01010501,Economically active: Employee: Total,347,331,16
S01010501,Economically active: Employee: Part-time (1),109,107,2
S01010501,Economically active: Employee: Full-time (1),238,224,14
S01010501,Economically active: Self-employed: Total,20,19,1
S01010501,Economically active: Self-employed: Part-time (1),11,11,0
S01010501,Economically active: Self-employed: Full-time (1),9,8,1
S01010501,Economically active: Unemployed (1),67,62,5
S01010501,Economically inactive,294,280,14
S01010502,All people aged 16 and over,612,592,20
S01010502,Economically active: Total,446,431,15
S01010502,Economically active: Employee: Total,363,352,11
S01010502,Economically active: Employee: Part-time (1),111,109,2
S01010502,Economically active: Employee: Full-time (1),252,243,9
S01010502,Economically active: Self-employed: Total,32,32,0
S01010502,Economically active: Self-employed: Part-time (1),9,9,0
S01010502,Economically active: Self-employed: Full-time (1),23,23,0
S01010502,Economically active: Unemployed (1),51,47,4
S01010502,Economically inactive,166,161,5
S01010503,All people aged 16 and over,547,524,23
S01010503,Economically active: Total,276,266,10
S01010503,Economically active: Employee: Total,230,221,9
S01010503,Economically active: Employee: Part-time (1),73,70,3
S01010503,Economically active: Employee: Full-time (1),157,151,6
S01010503,Economically active: Self-employed: Total,10,9,1
S01010503,Economically active: Self-employed: Part-time (1),1,1,0
S01010503,Economically active: Self-employed: Full-time (1),9,8,1
S01010503,Economically active: Unemployed (1),36,36,0
S01010503,Economically inactive,271,258,13
S01010504,All people aged 16 and over,433,404,29
S01010504,Economically active: Total,266,246,20
S01010504,Economically active: Employee: Total,130,121,9
S01010504,Economically active: Employee: Part-time (1),61,56,5
S01010504,Economically active: Employee: Full-time (1),69,65,4
S01010504,Economically active: Self-employed: Total,131,120,11
S01010504,Economically active: Self-employed: Part-time (1),49,46,3
S01010504,Economically active: Self-employed: Full-time (1),82,74,8
S01010504,Economically active: Unemployed (1),5,5,0
S01010504,Economically inactive,167,158,9
S01010505,All people aged 16 and over,453,432,21
S01010505,Economically active: Total,298,284,14
S01010505,Economically active: Employee: Total,184,176,8
S01010505,Economically active: Employee: Part-time (1),66,62,4
S01010505,Economically active: Employee: Full-time (1),118,114,4
S01010505,Economically active: Self-employed: Total,100,94,6
S01010505,Economically active: Self-employed: Part-time (1),39,37,2
S01010505,Economically active: Self-employed: Full-time (1),61,57,4
S01010505,Economically active: Unemployed (1),14,14,0
S01010505,Economically inactive,155,148,7
S01010506,All people aged 16 and over,690,648,42
S01010506,Economically active: Total,467,438,29
S01010506,Economically active: Employee: Total,304,287,17
S01010506,Economically active: Employee: Part-time (1),88,85,3
S01010506,Economically active: Employee: Full-time (1),216,202,14
S01010506,Economically active: Self-employed: Total,142,131,11
S01010506,Economically active: Self-employed: Part-time (1),39,35,4
S01010506,Economically active: Self-employed: Full-time (1),103,96,7
S01010506,Economically active: Unemployed (1),21,20,1
S01010506,Economically inactive,223,210,13
S01010507,All people aged 16 and over,649,630,19
S01010507,Economically active: Total,457,442,15
S01010507,Economically active: Employee: Total,327,319,8
S01010507,Economically active: Employee: Part-time (1),92,90,2
S01010507,Economically active: Employee: Full-time (1),235,229,6
S01010507,Economically active: Self-employed: Total,90,85,5
S01010507,Economically active: Self-employed: Part-time (1),13,13,0
S01010507,Economically active: Self-employed: Full-time (1),77,72,5
S01010507,Economically active: Unemployed (1),40,38,2
S01010507,Economically inactive,192,188,4
S01010508,All people aged 16 and over,820,778,42
S01010508,Economically active: Total,519,486,33
S01010508,Economically active: Employee: Total,366,349,17
S01010508,Economically active: Employee: Part-time (1),110,109,1
S01010508,Economically active: Employee: Full-time (1),256,240,16
S01010508,Economically active: Self-employed: Total,134,121,13
S01010508,Economically active: Self-employed: Part-time (1),45,41,4
S01010508,Economically active: Self-employed: Full-time (1),89,80,9
S01010508,Economically active: Unemployed (1),19,16,3
S01010508,Economically inactive,301,292,9
S01010509,All people aged 16 and over,793,721,72
S01010509,Economically active: Total,557,495,62
S01010509,Economically active: Employee: Total,417,366,51
S01010509,Economically active: Employee: Part-time (1),119,106,13
S01010509,Economically active: Employee: Full-time (1),298,260,38
S01010509,Economically active: Self-employed: Total,125,114,11
S01010509,Economically active: Self-employed: Part-time (1),37,35,2
S01010509,Economically active: Self-employed: Full-time (1),88,79,9
S01010509,Economically active: Unemployed (1),15,15,0
S01010509,Economically inactive,236,226,10
S01010510,All people aged 16 and over,696,666,30
S01010510,Economically active: Total,399,378,21
S01010510,Economically active: Employee: Total,339,321,18
S01010510,Economically active: Employee: Part-time (1),114,110,4
S01010510,Economically active: Employee: Full-time (1),225,211,14
S01010510,Economically active: Self-employed: Total,45,42,3
S01010510,Economically active: Self-employed: Part-time (1),13,11,2
S01010510,Economically active: Self-employed: Full-time (1),32,31,1
S01010510,Economically active: Unemployed (1),15,15,0
S01010510,Economically inactive,297,288,9
S01010511,All people aged 16 and over,669,646,23
S01010511,Economically active: Total,462,442,20
S01010511,Economically active: Employee: Total,392,377,15
S01010511,Economically active: Employee: Part-time (1),133,132,1
S01010511,Economically active: Employee: Full-time (1),259,245,14
S01010511,Economically active: Self-employed: Total,34,32,2
S01010511,Economically active: Self-employed: Part-time (1),7,6,1
S01010511,Economically active: Self-employed: Full-time (1),27,26,1
S01010511,Economically active: Unemployed (1),36,33,3
S01010511,Economically inactive,207,204,3
S01010512,All people aged 16 and over,501,489,12
S01010512,Economically active: Total,290,281,9
S01010512,Economically active: Employee: Total,233,224,9
S01010512,Economically active: Employee: Part-time (1),88,84,4
S01010512,Economically active: Employee: Full-time (1),145,140,5
S01010512,Economically active: Self-employed: Total,41,41,0
S01010512,Economically active: Self-employed: Part-time (1),10,10,0
S01010512,Economically active: Self-employed: Full-time (1),31,31,0
S01010512,Economically active: Unemployed (1),16,16,0
S01010512,Economically inactive,211,208,3
S01010513,All people aged 16 and over,618,580,38
S01010513,Economically active: Total,429,400,29
S01010513,Economically active: Employee: Total,347,320,27
S01010513,Economically active: Employee: Part-time (1),105,101,4
S01010513,Economically active: Employee: Full-time (1),242,219,23
S01010513,Economically active: Self-employed: Total,70,69,1
S01010513,Economically active: Self-employed: Part-time (1),18,18,0
S01010513,Economically active: Self-employed: Full-time (1),52,51,1
S01010513,Economically active: Unemployed (1),12,11,1
S01010513,Economically inactive,189,180,9
S01010514,All people aged 16 and over,558,528,30
S01010514,Economically active: Total,374,353,21
S01010514,Economically active: Employee: Total,333,314,19
S01010514,Economically active: Employee: Part-time (1),113,109,4
S01010514,Economically active: Employee: Full-time (1),220,205,15
S01010514,Economically active: Self-employed: Total,28,26,2
S01010514,Economically active: Self-employed: Part-time (1),6,5,1
S01010514,Economically active: Self-employed: Full-time (1),22,21,1
S01010514,Economically active: Unemployed (1),13,13,0
S01010514,Economically inactive,184,175,9
S01010515,All people aged 16 and over,662,617,45
S01010515,Economically active: Total,441,404,37
S01010515,Economically active: Employee: Total,384,349,35
S01010515,Economically active: Employee: Part-time (1),123,109,14
S01010515,Economically active: Employee: Full-time (1),261,240,21
S01010515,Economically active: Self-employed: Total,27,26,1
S01010515,Economically active: Self-employed: Part-time (1),5,5,0
S01010515,Economically active: Self-employed: Full-time (1),22,21,1
S01010515,Economically active: Unemployed (1),30,29,1
S01010515,Economically inactive,221,213,8
S01010516,All people aged 16 and over,515,452,63
S01010516,Economically active: Total,347,291,56
S01010516,Economically active: Employee: Total,240,195,45
S01010516,Economically active: Employee: Part-time (1),60,57,3
S01010516,Economically active: Employee: Full-time (1),180,138,42
S01010516,Economically active: Self-employed: Total,91,84,7
S01010516,Economically active: Self-employed: Part-time (1),13,12,1
S01010516,Economically active: Self-employed: Full-time (1),78,72,6
S01010516,Economically active: Unemployed (1),16,12,4
S01010516,Economically inactive,168,161,7
S01010517,All people aged 16 and over,685,629,56
S01010517,Economically active: Total,481,435,46
S01010517,Economically active: Employee: Total,375,335,40
S01010517,Economically active: Employee: Part-time (1),101,93,8
S01010517,Economically active: Employee: Full-time (1),274,242,32
S01010517,Economically active: Self-employed: Total,59,56,3
S01010517,Economically active: Self-employed: Part-time (1),12,12,0
S01010517,Economically active: Self-employed: Full-time (1),47,44,3
S01010517,Economically active: Unemployed (1),47,44,3
S01010517,Economically inactive,204,194,10
S01010518,All people aged 16 and over,543,477,66
S01010518,Economically active: Total,398,340,58
S01010518,Economically active: Employee: Total,326,273,53
S01010518,Economically active: Employee: Part-time (1),105,87,18
S01010518,Economically active: Employee: Full-time (1),221,186,35
S01010518,Economically active: Self-employed: Total,44,41,3
S01010518,Economically active: Self-employed: Part-time (1),15,15,0
S01010518,Economically active: Self-employed: Full-time (1),29,26,3
S01010518,Economically active: Unemployed (1),28,26,2
S01010518,Economically inactive,145,137,8
S01010519,All people aged 16 and over,568,521,47
S01010519,Economically active: Total,410,371,39
S01010519,Economically active: Employee: Total,346,311,35
S01010519,Economically active: Employee: Part-time (1),117,102,15
S01010519,Economically active: Employee: Full-time (1),229,209,20
S01010519,Economically active: Self-employed: Total,30,27,3
S01010519,Economically active: Self-employed: Part-time (1),9,8,1
S01010519,Economically active: Self-employed: Full-time (1),21,19,2
S01010519,Economically active: Unemployed (1),34,33,1
S01010519,Economically inactive,158,150,8
S01010520,All people aged 16 and over,755,720,35
S01010520,Economically active: Total,511,483,28
S01010520,Economically active: Employee: Total,454,429,25
S01010520,Economically active: Employee: Part-time (1),142,135,7
S01010520,Economically active: Employee: Full-time (1),312,294,18
S01010520,Economically active: Self-employed: Total,41,38,3
S01010520,Economically active: Self-employed: Part-time (1),7,7,0
S01010520,Economically active: Self-employed: Full-time (1),34,31,3
S01010520,Economically active: Unemployed (1),16,16,0
S01010520,Economically inactive,244,237,7
S01010521,All people aged 16 and over,608,567,41
S01010521,Economically active: Total,428,391,37
S01010521,Economically active: Employee: Total,341,312,29
S01010521,Economically active: Employee: Part-time (1),107,97,10
S01010521,Economically active: Employee: Full-time (1),234,215,19
S01010521,Economically active: Self-employed: Total,60,54,6
S01010521,Economically active: Self-employed: Part-time (1),13,12,1
S01010521,Economically active: Self-employed: Full-time (1),47,42,5
S01010521,Economically active: Unemployed (1),27,25,2
S01010521,Economically inactive,180,176,4
S01010522,All people aged 16 and over,514,456,58
S01010522,Economically active: Total,330,278,52
S01010522,Economically active: Employee: Total,267,221,46
S01010522,Economically active: Employee: Part-time (1),70,59,11
S01010522,Economically active: Employee: Full-time (1),197,162,35
S01010522,Economically active: Self-employed: Total,40,36,4
S01010522,Economically active: Self-employed: Part-time (1),5,4,1
S01010522,Economically active: Self-employed: Full-time (1),35,32,3
S01010522,Economically active: Unemployed (1),23,21,2
S01010522,Economically inactive,184,178,6
S01010523,All people aged 16 and over,457,375,82
S01010523,Economically active: Total,305,235,70
S01010523,Economically active: Employee: Total,254,189,65
S01010523,Economically active: Employee: Part-time (1),95,72,23
S01010523,Economically active: Employee: Full-time (1),159,117,42
S01010523,Economically active: Self-employed: Total,25,22,3
S01010523,Economically active: Self-employed: Part-time (1),8,7,1
S01010523,Economically active: Self-employed: Full-time (1),17,15,2
S01010523,Economically active: Unemployed (1),26,24,2
S01010523,Economically inactive,152,140,12
S01010524,All people aged 16 and over,462,424,38
S01010524,Economically active: Total,297,268,29
S01010524,Economically active: Employee: Total,214,194,20
S01010524,Economically active: Employee: Part-time (1),53,48,5
S01010524,Economically active: Employee: Full-time (1),161,146,15
S01010524,Economically active: Self-employed: Total,75,66,9
S01010524,Economically active: Self-employed: Part-time (1),23,20,3
S01010524,Economically active: Self-employed: Full-time (1),52,46,6
S01010524,Economically active: Unemployed (1),8,8,0
S01010524,Economically inactive,165,156,9
S01010525,All people aged 16 and over,545,506,39
S01010525,Economically active: Total,324,291,33
S01010525,Economically active: Employee: Total,232,206,26
S01010525,Economically active: Employee: Part-time (1),60,55,5
S01010525,Economically active: Employee: Full-time (1),172,151,21
S01010525,Economically active: Self-employed: Total,82,75,7
S01010525,Economically active: Self-employed: Part-time (1),18,17,1
S01010525,Economically active: Self-employed: Full-time (1),64,58,6
S01010525,Economically active: Unemployed (1),10,10,0
S01010525,Economically inactive,221,215,6
S01010526,All people aged 16 and over,675,635,40
S01010526,Economically active: Total,435,401,34
S01010526,Economically active: Employee: Total,319,293,26
S01010526,Economically active: Employee: Part-time (1),99,89,10
S01010526,Economically active: Employee: Full-time (1),220,204,16
S01010526,Economically active: Self-employed: Total,97,90,7
S01010526,Economically active: Self-employed: Part-time (1),22,21,1
S01010526,Economically active: Self-employed: Full-time (1),75,69,6
S01010526,Economically active: Unemployed (1),19,18,1
S01010526,Economically inactive,240,234,6
S01010527,All people aged 16 and over,742,693,49
S01010527,Economically active: Total,467,436,31
S01010527,Economically active: Employee: Total,376,349,27
S01010527,Economically active: Employee: Part-time (1),128,122,6
S01010527,Economically active: Employee: Full-time (1),248,227,21
S01010527,Economically active: Self-employed: Total,43,41,2
S01010527,Economically active: Self-employed: Part-time (1),7,6,1
S01010527,Economically active: Self-employed: Full-time (1),36,35,1
S01010527,Economically active: Unemployed (1),48,46,2
S01010527,Economically inactive,275,257,18
S01010528,All people aged 16 and over,503,473,30
S01010528,Economically active: Total,342,319,23
S01010528,Economically active: Employee: Total,250,231,19
S01010528,Economically active: Employee: Part-time (1),71,65,6
S01010528,Economically active: Employee: Full-time (1),179,166,13
S01010528,Economically active: Self-employed: Total,84,82,2
S01010528,Economically active: Self-employed: Part-time (1),26,26,0
S01010528,Economically active: Self-employed: Full-time (1),58,56,2
S01010528,Economically active: Unemployed (1),8,6,2
S01010528,Economically inactive,161,154,7
S01010529,All people aged 16 and over,584,555,29
S01010529,Economically active: Total,384,367,17
S01010529,Economically active: Employee: Total,295,285,10
S01010529,Economically active: Employee: Part-time (1),103,99,4
S01010529,Economically active: Employee: Full-time (1),192,186,6
S01010529,Economically active: Self-employed: Total,76,70,6
S01010529,Economically active: Self-employed: Part-time (1),14,12,2
S01010529,Economically active: Self-employed: Full-time (1),62,58,4
S01010529,Economically active: Unemployed (1),13,12,1
S01010529,Economically inactive,200,188,12
S01010530,All people aged 16 and over,547,523,24
S01010530,Economically active: Total,374,354,20
S01010530,Economically active: Employee: Total,252,235,17
S01010530,Economically active: Employee: Part-time (1),80,75,5
S01010530,Economically active: Employee: Full-time (1),172,160,12
S01010530,Economically active: Self-employed: Total,107,104,3
S01010530,Economically active: Self-employed: Part-time (1),24,22,2
S01010530,Economically active: Self-employed: Full-time (1),83,82,1
S01010530,Economically active: Unemployed (1),15,15,0
S01010530,Economically inactive,173,169,4
S01010531,All people aged 16 and over,930,869,61
S01010531,Economically active: Total,615,569,46
S01010531,Economically active: Employee: Total,454,415,39
S01010531,Economically active: Employee: Part-time (1),148,136,12
S01010531,Economically active: Employee: Full-time (1),306,279,27
S01010531,Economically active: Self-employed: Total,139,133,6
S01010531,Economically active: Self-employed: Part-time (1),33,33,0
S01010531,Economically active: Self-employed: Full-time (1),106,100,6
S01010531,Economically active: Unemployed (1),22,21,1
S01010531,Economically inactive,315,300,15
S01010532,All people aged 16 and over,462,434,28
S01010532,Economically active: Total,302,282,20
S01010532,Economically active: Employee: Total,200,182,18
S01010532,Economically active: Employee: Part-time (1),57,52,5
S01010532,Economically active: Employee: Full-time (1),143,130,13
S01010532,Economically active: Self-employed: Total,82,80,2
S01010532,Economically active: Self-employed: Part-time (1),21,21,0
S01010532,Economically active: Self-employed: Full-time (1),61,59,2
S01010532,Economically active: Unemployed (1),20,20,0
S01010532,Economically inactive,160,152,8
S01010533,All people aged 16 and over,518,469,49
S01010533,Economically active: Total,300,261,39
S01010533,Economically active: Employee: Total,223,191,32
S01010533,Economically active: Employee: Part-time (1),61,53,8
S01010533,Economically active: Employee: Full-time (1),162,138,24
S01010533,Economically active: Self-employed: Total,67,61,6
S01010533,Economically active: Self-employed: Part-time (1),16,16,0
S01010533,Economically active: Self-employed: Full-time (1),51,45,6
S01010533,Economically active: Unemployed (1),10,9,1
S01010533,Economically inactive,218,208,10
S01010534,All people aged 16 and over,706,662,44
S01010534,Economically active: Total,473,442,31
S01010534,Economically active: Employee: Total,371,348,23
S01010534,Economically active: Employee: Part-time (1),122,114,8
S01010534,Economically active: Employee: Full-time (1),249,234,15
S01010534,Economically active: Self-employed: Total,78,73,5
S01010534,Economically active: Self-employed: Part-time (1),21,19,2
S01010534,Economically active: Self-employed: Full-time (1),57,54,3
S01010534,Economically active: Unemployed (1),24,21,3
S01010534,Economically inactive,233,220,13
S01010535,All people aged 16 and over,572,533,39
S01010535,Economically active: Total,378,351,27
S01010535,Economically active: Employee: Total,273,256,17
S01010535,Economically active: Employee: Part-time (1),77,73,4
S01010535,Economically active: Employee: Full-time (1),196,183,13
S01010535,Economically active: Self-employed: Total,89,79,10
S01010535,Economically active: Self-employed: Part-time (1),16,15,1
S01010535,Economically active: Self-employed: Full-time (1),73,64,9
S01010535,Economically active: Unemployed (1),16,16,0
S01010535,Economically inactive,194,182,12
S01010536,All people aged 16 and over,703,654,49
S01010536,Economically active: Total,477,434,43
S01010536,Economically active: Employee: Total,393,357,36
S01010536,Economically active: Employee: Part-time (1),121,109,12
S01010536,Economically active: Employee: Full-time (1),272,248,24
S01010536,Economically active: Self-employed: Total,58,54,4
S01010536,Economically active: Self-employed: Part-time (1),14,11,3
S01010536,Economically active: Self-employed: Full-time (1),44,43,1
S01010536,Economically active: Unemployed (1),26,23,3
S01010536,Economically inactive,226,220,6
S01010537,All people aged 16 and over,672,536,136
S01010537,Economically active: Total,509,379,130
S01010537,Economically active: Employee: Total,431,305,126
S01010537,Economically active: Employee: Part-time (1),114,84,30
S01010537,Economically active: Employee: Full-time (1),317,221,96
S01010537,Economically active: Self-employed: Total,59,55,4
S01010537,Economically active: Self-employed: Part-time (1),16,14,2
S01010537,Economically active: Self-employed: Full-time (1),43,41,2
S01010537,Economically active: Unemployed (1),19,19,0
S01010537,Economically inactive,163,157,6
S01010538,All people aged 16 and over,600,534,66
S01010538,Economically active: Total,472,413,59
S01010538,Economically active: Employee: Total,380,326,54
S01010538,Economically active: Employee: Part-time (1),99,84,15
S01010538,Economically active: Employee: Full-time (1),281,242,39
S01010538,Economically active: Self-employed: Total,62,59,3
S01010538,Economically active: Self-employed: Part-time (1),18,18,0
S01010538,Economically active: Self-employed: Full-time (1),44,41,3
S01010538,Economically active: Unemployed (1),30,28,2
S01010538,Economically inactive,128,121,7
S01010539,All people aged 16 and over,962,824,138
S01010539,Economically active: Total,750,627,123
S01010539,Economically active: Employee: Total,612,498,114
S01010539,Economically active: Employee: Part-time (1),139,112,27
S01010539,Economically active: Employee: Full-time (1),473,386,87
S01010539,Economically active: Self-employed: Total,110,104,6
S01010539,Economically active: Self-employed: Part-time (1),26,23,3
S01010539,Economically active: Self-employed: Full-time (1),84,81,3
S01010539,Economically active: Unemployed (1),28,25,3
S01010539,Economically inactive,212,197,15
S01010540,All people aged 16 and over,540,509,31
S01010540,Economically active: Total,341,322,19
S01010540,Economically active: Employee: Total,250,232,18
S01010540,Economically active: Employee: Part-time (1),70,66,4
S01010540,Economically active: Employee: Full-time (1),180,166,14
S01010540,Economically active: Self-employed: Total,75,74,1
S01010540,Economically active: Self-employed: Part-time (1),15,15,0
S01010540,Economically active: Self-employed: Full-time (1),60,59,1
S01010540,Economically active: Unemployed (1),16,16,0
S01010540,Economically inactive,199,187,12
S01010541,All people aged 16 and over,706,658,48
S01010541,Economically active: Total,475,439,36
S01010541,Economically active: Employee: Total,357,327,30
S01010541,Economically active: Employee: Part-time (1),95,89,6
S01010541,Economically active: Employee: Full-time (1),262,238,24
S01010541,Economically active: Self-employed: Total,101,96,5
S01010541,Economically active: Self-employed: Part-time (1),28,25,3
S01010541,Economically active: Self-employed: Full-time (1),73,71,2
S01010541,Economically active: Unemployed (1),17,16,1
S01010541,Economically inactive,231,219,12
S01010542,All people aged 16 and over,755,708,47
S01010542,Economically active: Total,483,448,35
S01010542,Economically active: Employee: Total,360,331,29
S01010542,Economically active: Employee: Part-time (1),105,101,4
S01010542,Economically active: Employee: Full-time (1),255,230,25
S01010542,Economically active: Self-employed: Total,102,97,5
S01010542,Economically active: Self-employed: Part-time (1),36,34,2
S01010542,Economically active: Self-employed: Full-time (1),66,63,3
S01010542,Economically active: Unemployed (1),21,20,1
S01010542,Economically inactive,272,260,12
S01010543,All people aged 16 and over,508,478,30
S01010543,Economically active: Total,351,326,25
S01010543,Economically active: Employee: Total,229,209,20
S01010543,Economically active: Employee: Part-time (1),54,49,5
S01010543,Economically active: Employee: Full-time (1),175,160,15
S01010543,Economically active: Self-employed: Total,117,113,4
S01010543,Economically active: Self-employed: Part-time (1),31,31,0
S01010543,Economically active: Self-employed: Full-time (1),86,82,4
S01010543,Economically active: Unemployed (1),5,4,1
S01010543,Economically inactive,157,152,5
S01010544,All people aged 16 and over,692,654,38
S01010544,Economically active: Total,464,432,32
S01010544,Economically active: Employee: Total,352,325,27
S01010544,Economically active: Employee: Part-time (1),117,110,7
S01010544,Economically active: Employee: Full-time (1),235,215,20
S01010544,Economically active: Self-employed: Total,75,73,2
S01010544,Economically active: Self-employed: Part-time (1),19,19,0
S01010544,Economically active: Self-employed: Full-time (1),56,54,2
S01010544,Economically active: Unemployed (1),37,34,3
S01010544,Economically inactive,228,222,6
S01010545,All people aged 16 and over,586,537,49
S01010545,Economically active: Total,356,320,36
S01010545,Economically active: Employee: Total,259,234,25
S01010545,Economically active: Employee: Part-time (1),67,63,4
S01010545,Economically active: Employee: Full-time (1),192,171,21
S01010545,Economically active: Self-employed: Total,74,67,7
S01010545,Economically active: Self-employed: Part-time (1),18,17,1
S01010545,Economically active: Self-employed: Full-time (1),56,50,6
S01010545,Economically active: Unemployed (1),23,19,4
S01010545,Economically inactive,230,217,13
S01010546,All people aged 16 and over,710,626,84
S01010546,Economically active: Total,402,334,68
S01010546,Economically active: Employee: Total,312,254,58
S01010546,Economically active: Employee: Part-time (1),77,67,10
S01010546,Economically active: Employee: Full-time (1),235,187,48
S01010546,Economically active: Self-employed: Total,65,58,7
S01010546,Economically active: Self-employed: Part-time (1),16,14,2
S01010546,Economically active: Self-employed: Full-time (1),49,44,5
S01010546,Economically active: Unemployed (1),25,22,3
S01010546,Economically inactive,308,292,16
S01010547,All people aged 16 and over,622,595,27
S01010547,Economically active: Total,397,379,18
S01010547,Economically active: Employee: Total,289,276,13
S01010547,Economically active: Employee: Part-time (1),95,91,4
S01010547,Economically active: Employee: Full-time (1),194,185,9
S01010547,Economically active: Self-employed: Total,93,89,4
S01010547,Economically active: Self-employed: Part-time (1),18,18,0
S01010547,Economically active: Self-employed: Full-time (1),75,71,4
S01010547,Economically active: Unemployed (1),15,14,1
S01010547,Economically inactive,225,216,9
S01010548,All people aged 16 and over,574,541,33
S01010548,Economically active: Total,319,300,19
S01010548,Economically active: Employee: Total,227,216,11
S01010548,Economically active: Employee: Part-time (1),78,74,4
S01010548,Economically active: Employee: Full-time (1),149,142,7
S01010548,Economically active: Self-employed: Total,75,69,6
S01010548,Economically active: Self-employed: Part-time (1),23,22,1
S01010548,Economically active: Self-employed: Full-time (1),52,47,5
S01010548,Economically active: Unemployed (1),17,15,2
S01010548,Economically inactive,255,241,14
S01010549,All people aged 16 and over,710,668,42
S01010549,Economically active: Total,483,448,35
S01010549,Economically active: Employee: Total,428,396,32
S01010549,Economically active: Employee: Part-time (1),119,110,9
S01010549,Economically active: Employee: Full-time (1),309,286,23
S01010549,Economically active: Self-employed: Total,39,36,3
S01010549,Economically active: Self-employed: Part-time (1),19,18,1
S01010549,Economically active: Self-employed: Full-time (1),20,18,2
S01010549,Economically active: Unemployed (1),16,16,0
S01010549,Economically inactive,227,220,7
S01010550,All people aged 16 and over,447,420,27
S01010550,Economically active: Total,293,274,19
S01010550,Economically active: Employee: Total,240,222,18
S01010550,Economically active: Employee: Part-time (1),70,62,8
S01010550,Economically active: Employee: Full-time (1),170,160,10
S01010550,Economically active: Self-employed: Total,40,39,1
S01010550,Economically active: Self-employed: Part-time (1),15,15,0
S01010550,Economically active: Self-employed: Full-time (1),25,24,1
S01010550,Economically active: Unemployed (1),13,13,0
S01010550,Economically inactive,154,146,8
S01010551,All people aged 16 and over,511,480,31
S01010551,Economically active: Total,356,333,23
S01010551,Economically active: Employee: Total,238,224,14
S01010551,Economically active: Employee: Part-time (1),75,72,3
S01010551,Economically active: Employee: Full-time (1),163,152,11
S01010551,Economically active: Self-employed: Total,101,93,8
S01010551,Economically active: Self-employed: Part-time (1),28,25,3
S01010551,Economically active: Self-employed: Full-time (1),73,68,5
S01010551,Economically active: Unemployed (1),17,16,1
S01010551,Economically inactive,155,147,8
S01010552,All people aged 16 and over,630,596,34
S01010552,Economically active: Total,424,402,22
S01010552,Economically active: Employee: Total,322,303,19
S01010552,Economically active: Employee: Part-time (1),96,89,7
S01010552,Economically active: Employee: Full-time (1),226,214,12
S01010552,Economically active: Self-employed: Total,87,84,3
S01010552,Economically active: Self-employed: Part-time (1),20,20,0
S01010552,Economically active: Self-employed: Full-time (1),67,64,3
S01010552,Economically active: Unemployed (1),15,15,0
S01010552,Economically inactive,206,194,12
S01010553,All people aged 16 and over,514,479,35
S01010553,Economically active: Total,348,327,21
S01010553,Economically active: Employee: Total,231,219,12
S01010553,Economically active: Employee: Part-time (1),73,69,4
S01010553,Economically active: Employee: Full-time (1),158,150,8
S01010553,Economically active: Self-employed: Total,99,91,8
S01010553,Economically active: Self-employed: Part-time (1),22,20,2
S01010553,Economically active: Self-employed: Full-time (1),77,71,6
S01010553,Economically active: Unemployed (1),18,17,1
S01010553,Economically inactive,166,152,14
S01010554,All people aged 16 and over,637,574,63
S01010554,Economically active: Total,407,367,40
S01010554,Economically active: Employee: Total,321,286,35
S01010554,Economically active: Employee: Part-time (1),96,91,5
S01010554,Economically active: Employee: Full-time (1),225,195,30
S01010554,Economically active: Self-employed: Total,60,58,2
S01010554,Economically active: Self-employed: Part-time (1),18,17,1
S01010554,Economically active: Self-employed: Full-time (1),42,41,1
S01010554,Economically active: Unemployed (1),26,23,3
S01010554,Economically inactive,230,207,23
S01010555,All people aged 16 and over,771,700,71
S01010555,Economically active: Total,523,472,51
S01010555,Economically active: Employee: Total,413,371,42
S01010555,Economically active: Employee: Part-time (1),108,96,12
S01010555,Economically active: Employee: Full-time (1),305,275,30
S01010555,Economically active: Self-employed: Total,66,58,8
S01010555,Economically active: Self-employed: Part-time (1),15,14,1
S01010555,Economically active: Self-employed: Full-time (1),51,44,7
S01010555,Economically active: Unemployed (1),44,43,1
S01010555,Economically inactive,248,228,20
S01010556,All people aged 16 and over,810,784,26
S01010556,Economically active: Total,411,394,17
S01010556,Economically active: Employee: Total,334,321,13
S01010556,Economically active: Employee: Part-time (1),94,88,6
S01010556,Economically active: Employee: Full-time (1),240,233,7
S01010556,Economically active: Self-employed: Total,32,30,2
S01010556,Economically active: Self-employed: Part-time (1),7,5,2
S01010556,Economically active: Self-employed: Full-time (1),25,25,0
S01010556,Economically active: Unemployed (1),45,43,2
S01010556,Economically inactive,399,390,9
S01010557,All people aged 16 and over,510,496,14
S01010557,Economically active: Total,304,295,9
S01010557,Economically active: Employee: Total,263,255,8
S01010557,Economically active: Employee: Part-time (1),81,79,2
S01010557,Economically active: Employee: Full-time (1),182,176,6
S01010557,Economically active: Self-employed: Total,13,12,1
S01010557,Economically active: Self-employed: Part-time (1),2,2,0
S01010557,Economically active: Self-employed: Full-time (1),11,10,1
S01010557,Economically active: Unemployed (1),28,28,0
S01010557,Economically inactive,206,201,5
S01010558,All people aged 16 and over,669,642,27
S01010558,Economically active: Total,349,336,13
S01010558,Economically active: Employee: Total,272,261,11
S01010558,Economically active: Employee: Part-time (1),73,70,3
S01010558,Economically active: Employee: Full-time (1),199,191,8
S01010558,Economically active: Self-employed: Total,43,42,1
S01010558,Economically active: Self-employed: Part-time (1),14,14,0
S01010558,Economically active: Self-employed: Full-time (1),29,28,1
S01010558,Economically active: Unemployed (1),34,33,1
S01010558,Economically inactive,320,306,14
S01010559,All people aged 16 and over,674,640,34
S01010559,Economically active: Total,307,287,20
S01010559,Economically active: Employee: Total,228,215,13
S01010559,Economically active: Employee: Part-time (1),68,63,5
S01010559,Economically active: Employee: Full-time (1),160,152,8
S01010559,Economically active: Self-employed: Total,63,57,6
S01010559,Economically active: Self-employed: Part-time (1),11,9,2
S01010559,Economically active: Self-employed: Full-time (1),52,48,4
S01010559,Economically active: Unemployed (1),16,15,1
S01010559,Economically inactive,367,353,14
S01010560,All people aged 16 and over,564,542,22
S01010560,Economically active: Total,345,328,17
S01010560,Economically active: Employee: Total,288,272,16
S01010560,Economically active: Employee: Part-time (1),80,73,7
S01010560,Economically active: Employee: Full-time (1),208,199,9
S01010560,Economically active: Self-employed: Total,45,44,1
S01010560,Economically active: Self-employed: Part-time (1),12,11,1
S01010560,Economically active: Self-employed: Full-time (1),33,33,0
S01010560,Economically active: Unemployed (1),12,12,0
S01010560,Economically inactive,219,214,5
S01010561,All people aged 16 and over,604,572,32
S01010561,Economically active: Total,338,319,19
S01010561,Economically active: Employee: Total,278,262,16
S01010561,Economically active: Employee: Part-time (1),89,83,6
S01010561,Economically active: Employee: Full-time (1),189,179,10
S01010561,Economically active: Self-employed: Total,51,48,3
S01010561,Economically active: Self-employed: Part-time (1),13,12,1
S01010561,Economically active: Self-employed: Full-time (1),38,36,2
S01010561,Economically active: Unemployed (1),9,9,0
S01010561,Economically inactive,266,253,13
S01010562,All people aged 16 and over,623,594,29
S01010562,Economically active: Total,415,395,20
S01010562,Economically active: Employee: Total,356,338,18
S01010562,Economically active: Employee: Part-time (1),121,115,6
S01010562,Economically active: Employee: Full-time (1),235,223,12
S01010562,Economically active: Self-employed: Total,40,39,1
S01010562,Economically active: Self-employed: Part-time (1),10,9,1
S01010562,Economically active: Self-employed: Full-time (1),30,30,0
S01010562,Economically active: Unemployed (1),19,18,1
S01010562,Economically inactive,208,199,9
S01010563,All people aged 16 and over,415,403,12
S01010563,Economically active: Total,293,286,7
S01010563,Economically active: Employee: Total,239,234,5
S01010563,Economically active: Employee: Part-time (1),65,64,1
S01010563,Economically active: Employee: Full-time (1),174,170,4
S01010563,Economically active: Self-employed: Total,26,25,1
S01010563,Economically active: Self-employed: Part-time (1),6,6,0
S01010563,Economically active: Self-employed: Full-time (1),20,19,1
S01010563,Economically active: Unemployed (1),28,27,1
S01010563,Economically inactive,122,117,5
S01010564,All people aged 16 and over,442,435,7
S01010564,Economically active: Total,243,239,4
S01010564,Economically active: Employee: Total,193,189,4
S01010564,Economically active: Employee: Part-time (1),55,55,0
S01010564,Economically active: Employee: Full-time (1),138,134,4
S01010564,Economically active: Self-employed: Total,24,24,0
S01010564,Economically active: Self-employed: Part-time (1),7,7,0
S01010564,Economically active: Self-employed: Full-time (1),17,17,0
S01010564,Economically active: Unemployed (1),26,26,0
S01010564,Economically inactive,199,196,3
S01010565,All people aged 16 and over,543,531,12
S01010565,Economically active: Total,312,304,8
S01010565,Economically active: Employee: Total,265,258,7
S01010565,Economically active: Employee: Part-time (1),75,74,1
S01010565,Economically active: Employee: Full-time (1),190,184,6
S01010565,Economically active: Self-employed: Total,18,18,0
S01010565,Economically active: Self-employed: Part-time (1),2,2,0
S01010565,Economically active: Self-employed: Full-time (1),16,16,0
S01010565,Economically active: Unemployed (1),29,28,1
S01010565,Economically inactive,231,227,4
S01010566,All people aged 16 and over,876,833,43
S01010566,Economically active: Total,614,583,31
S01010566,Economically active: Employee: Total,472,449,23
S01010566,Economically active: Employee: Part-time (1),126,119,7
S01010566,Economically active: Employee: Full-time (1),346,330,16
S01010566,Economically active: Self-employed: Total,117,109,8
S01010566,Economically active: Self-employed: Part-time (1),33,30,3
S01010566,Economically active: Self-employed: Full-time (1),84,79,5
S01010566,Economically active: Unemployed (1),25,25,0
S01010566,Economically inactive,262,250,12
S01010567,All people aged 16 and over,885,848,37
S01010567,Economically active: Total,595,570,25
S01010567,Economically active: Employee: Total,450,432,18
S01010567,Economically active: Employee: Part-time (1),128,121,7
S01010567,Economically active: Employee: Full-time (1),322,311,11
S01010567,Economically active: Self-employed: Total,123,118,5
S01010567,Economically active: Self-employed: Part-time (1),36,32,4
S01010567,Economically active: Self-employed: Full-time (1),87,86,1
S01010567,Economically active: Unemployed (1),22,20,2
S01010567,Economically inactive,290,278,12
S01010568,All people aged 16 and over,789,751,38
S01010568,Economically active: Total,552,525,27
S01010568,Economically active: Employee: Total,442,417,25
S01010568,Economically active: Employee: Part-time (1),130,123,7
S01010568,Economically active: Employee: Full-time (1),312,294,18
S01010568,Economically active: Self-employed: Total,91,89,2
S01010568,Economically active: Self-employed: Part-time (1),23,22,1
S01010568,Economically active: Self-employed: Full-time (1),68,67,1
S01010568,Economically active: Unemployed (1),19,19,0
S01010568,Economically inactive,237,226,11
S01010569,All people aged 16 and over,722,676,46
S01010569,Economically active: Total,539,498,41
S01010569,Economically active: Employee: Total,423,393,30
S01010569,Economically active: Employee: Part-time (1),80,70,10
S01010569,Economically active: Employee: Full-time (1),343,323,20
S01010569,Economically active: Self-employed: Total,99,88,11
S01010569,Economically active: Self-employed: Part-time (1),26,23,3
S01010569,Economically active: Self-employed: Full-time (1),73,65,8
S01010569,Economically active: Unemployed (1),17,17,0
S01010569,Economically inactive,183,178,5
S01010570,All people aged 16 and over,860,818,42
S01010570,Economically active: Total,560,526,34
S01010570,Economically active: Employee: Total,464,436,28
S01010570,Economically active: Employee: Part-time (1),130,123,7
S01010570,Economically active: Employee: Full-time (1),334,313,21
S01010570,Economically active: Self-employed: Total,54,52,2
S01010570,Economically active: Self-employed: Part-time (1),13,12,1
S01010570,Economically active: Self-employed: Full-time (1),41,40,1
S01010570,Economically active: Unemployed (1),42,38,4
S01010570,Economically inactive,300,292,8
S01010571,All people aged 16 and over,655,600,55
S01010571,Economically active: Total,515,469,46
S01010571,Economically active: Employee: Total,452,415,37
S01010571,Economically active: Employee: Part-time (1),105,94,11
S01010571,Economically active: Employee: Full-time (1),347,321,26
S01010571,Economically active: Self-employed: Total,41,36,5
S01010571,Economically active: Self-employed: Part-time (1),7,6,1
S01010571,Economically active: Self-employed: Full-time (1),34,30,4
S01010571,Economically active: Unemployed (1),22,18,4
S01010571,Economically inactive,140,131,9
S01010572,All people aged 16 and over,613,563,50
S01010572,Economically active: Total,450,405,45
S01010572,Economically active: Employee: Total,386,345,41
S01010572,Economically active: Employee: Part-time (1),102,90,12
S01010572,Economically active: Employee: Full-time (1),284,255,29
S01010572,Economically active: Self-employed: Total,26,23,3
S01010572,Economically active: Self-employed: Part-time (1),9,7,2
S01010572,Economically active: Self-employed: Full-time (1),17,16,1
S01010572,Economically active: Unemployed (1),38,37,1
S01010572,Economically inactive,163,158,5
S01010573,All people aged 16 and over,426,406,20
S01010573,Economically active: Total,326,308,18
S01010573,Economically active: Employee: Total,292,277,15
S01010573,Economically active: Employee: Part-time (1),74,73,1
S01010573,Economically active: Employee: Full-time (1),218,204,14
S01010573,Economically active: Self-employed: Total,22,19,3
S01010573,Economically active: Self-employed: Part-time (1),8,7,1
S01010573,Economically active: Self-employed: Full-time (1),14,12,2
S01010573,Economically active: Unemployed (1),12,12,0
S01010573,Economically inactive,100,98,2
S01010574,All people aged 16 and over,473,445,28
S01010574,Economically active: Total,330,311,19
S01010574,Economically active: Employee: Total,283,267,16
S01010574,Economically active: Employee: Part-time (1),81,77,4
S01010574,Economically active: Employee: Full-time (1),202,190,12
S01010574,Economically active: Self-employed: Total,34,32,2
S01010574,Economically active: Self-employed: Part-time (1),6,6,0
S01010574,Economically active: Self-employed: Full-time (1),28,26,2
S01010574,Economically active: Unemployed (1),13,12,1
S01010574,Economically inactive,143,134,9
S01010575,All people aged 16 and over,577,556,21
S01010575,Economically active: Total,373,361,12
S01010575,Economically active: Employee: Total,318,307,11
S01010575,Economically active: Employee: Part-time (1),109,105,4
S01010575,Economically active: Employee: Full-time (1),209,202,7
S01010575,Economically active: Self-employed: Total,32,31,1
S01010575,Economically active: Self-employed: Part-time (1),8,8,0
S01010575,Economically active: Self-employed: Full-time (1),24,23,1
S01010575,Economically active: Unemployed (1),23,23,0
S01010575,Economically inactive,204,195,9
S01010576,All people aged 16 and over,680,647,33
S01010576,Economically active: Total,447,422,25
S01010576,Economically active: Employee: Total,368,347,21
S01010576,Economically active: Employee: Part-time (1),105,98,7
S01010576,Economically active: Employee: Full-time (1),263,249,14
S01010576,Economically active: Self-employed: Total,59,55,4
S01010576,Economically active: Self-employed: Part-time (1),17,17,0
S01010576,Economically active: Self-employed: Full-time (1),42,38,4
S01010576,Economically active: Unemployed (1),20,20,0
S01010576,Economically inactive,233,225,8
S01010577,All people aged 16 and over,691,649,42
S01010577,Economically active: Total,474,443,31
S01010577,Economically active: Employee: Total,394,369,25
S01010577,Economically active: Employee: Part-time (1),120,116,4
S01010577,Economically active: Employee: Full-time (1),274,253,21
S01010577,Economically active: Self-employed: Total,43,38,5
S01010577,Economically active: Self-employed: Part-time (1),7,6,1
S01010577,Economically active: Self-employed: Full-time (1),36,32,4
S01010577,Economically active: Unemployed (1),37,36,1
S01010577,Economically inactive,217,206,11
S01010578,All people aged 16 and over,461,436,25
S01010578,Economically active: Total,351,329,22
S01010578,Economically active: Employee: Total,306,285,21
S01010578,Economically active: Employee: Part-time (1),90,84,6
S01010578,Economically active: Employee: Full-time (1),216,201,15
S01010578,Economically active: Self-employed: Total,29,28,1
S01010578,Economically active: Self-employed: Part-time (1),7,6,1
S01010578,Economically active: Self-employed: Full-time (1),22,22,0
S01010578,Economically active: Unemployed (1),16,16,0
S01010578,Economically inactive,110,107,3
S01010579,All people aged 16 and over,631,597,34
S01010579,Economically active: Total,443,420,23
S01010579,Economically active: Employee: Total,379,359,20
S01010579,Economically active: Employee: Part-time (1),107,99,8
S01010579,Economically active: Employee: Full-time (1),272,260,12
S01010579,Economically active: Self-employed: Total,53,50,3
S01010579,Economically active: Self-employed: Part-time (1),10,10,0
S01010579,Economically active: Self-employed: Full-time (1),43,40,3
S01010579,Economically active: Unemployed (1),11,11,0
S01010579,Economically inactive,188,177,11
S01010580,All people aged 16 and over,464,395,69
S01010580,Economically active: Total,331,268,63
S01010580,Economically active: Employee: Total,297,235,62
S01010580,Economically active: Employee: Part-time (1),42,34,8
S01010580,Economically active: Employee: Full-time (1),255,201,54
S01010580,Economically active: Self-employed: Total,24,23,1
S01010580,Economically active: Self-employed: Part-time (1),6,6,0
S01010580,Economically active: Self-employed: Full-time (1),18,17,1
S01010580,Economically active: Unemployed (1),10,10,0
S01010580,Economically inactive,133,127,6
S01010581,All people aged 16 and over,423,382,41
S01010581,Economically active: Total,334,301,33
S01010581,Economically active: Employee: Total,289,260,29
S01010581,Economically active: Employee: Part-time (1),69,58,11
S01010581,Economically active: Employee: Full-time (1),220,202,18
S01010581,Economically active: Self-employed: Total,31,29,2
S01010581,Economically active: Self-employed: Part-time (1),12,10,2
S01010581,Economically active: Self-employed: Full-time (1),19,19,0
S01010581,Economically active: Unemployed (1),14,12,2
S01010581,Economically inactive,89,81,8
S01010582,All people aged 16 and over,410,373,37
S01010582,Economically active: Total,265,237,28
S01010582,Economically active: Employee: Total,220,196,24
S01010582,Economically active: Employee: Part-time (1),63,58,5
S01010582,Economically active: Employee: Full-time (1),157,138,19
S01010582,Economically active: Self-employed: Total,36,33,3
S01010582,Economically active: Self-employed: Part-time (1),9,9,0
S01010582,Economically active: Self-employed: Full-time (1),27,24,3
S01010582,Economically active: Unemployed (1),9,8,1
S01010582,Economically inactive,145,136,9
S01010583,All people aged 16 and over,810,761,49
S01010583,Economically active: Total,584,546,38
S01010583,Economically active: Employee: Total,515,485,30
S01010583,Economically active: Employee: Part-time (1),135,127,8
S01010583,Economically active: Employee: Full-time (1),380,358,22
S01010583,Economically active: Self-employed: Total,49,44,5
S01010583,Economically active: Self-employed: Part-time (1),16,15,1
S01010583,Economically active: Self-employed: Full-time (1),33,29,4
S01010583,Economically active: Unemployed (1),20,17,3
S01010583,Economically inactive,226,215,11
S01010584,All people aged 16 and over,596,548,48
S01010584,Economically active: Total,464,423,41
S01010584,Economically active: Employee: Total,382,353,29
S01010584,Economically active: Employee: Part-time (1),104,97,7
S01010584,Economically active: Employee: Full-time (1),278,256,22
S01010584,Economically active: Self-employed: Total,58,52,6
S01010584,Economically active: Self-employed: Part-time (1),12,9,3
S01010584,Economically active: Self-employed: Full-time (1),46,43,3
S01010584,Economically active: Unemployed (1),24,18,6
S01010584,Economically inactive,132,125,7
S01010585,All people aged 16 and over,599,571,28
S01010585,Economically active: Total,529,504,25
S01010585,Economically active: Employee: Total,455,435,20
S01010585,Economically active: Employee: Part-time (1),109,101,8
S01010585,Economically active: Employee: Full-time (1),346,334,12
S01010585,Economically active: Self-employed: Total,57,53,4
S01010585,Economically active: Self-employed: Part-time (1),12,12,0
S01010585,Economically active: Self-employed: Full-time (1),45,41,4
S01010585,Economically active: Unemployed (1),17,16,1
S01010585,Economically inactive,70,67,3
S01010586,All people aged 16 and over,621,589,32
S01010586,Economically active: Total,447,419,28
S01010586,Economically active: Employee: Total,375,350,25
S01010586,Economically active: Employee: Part-time (1),111,103,8
S01010586,Economically active: Employee: Full-time (1),264,247,17
S01010586,Economically active: Self-employed: Total,55,54,1
S01010586,Economically active: Self-employed: Part-time (1),17,17,0
S01010586,Economically active: Self-employed: Full-time (1),38,37,1
S01010586,Economically active: Unemployed (1),17,15,2
S01010586,Economically inactive,174,170,4
S01010587,All people aged 16 and over,588,549,39
S01010587,Economically active: Total,385,354,31
S01010587,Economically active: Employee: Total,313,289,24
S01010587,Economically active: Employee: Part-time (1),85,83,2
S01010587,Economically active: Employee: Full-time (1),228,206,22
S01010587,Economically active: Self-employed: Total,56,50,6
S01010587,Economically active: Self-employed: Part-time (1),15,13,2
S01010587,Economically active: Self-employed: Full-time (1),41,37,4
S01010587,Economically active: Unemployed (1),16,15,1
S01010587,Economically inactive,203,195,8
S01010588,All people aged 16 and over,509,477,32
S01010588,Economically active: Total,342,315,27
S01010588,Economically active: Employee: Total,293,269,24
S01010588,Economically active: Employee: Part-time (1),86,79,7
S01010588,Economically active: Employee: Full-time (1),207,190,17
S01010588,Economically active: Self-employed: Total,29,28,1
S01010588,Economically active: Self-employed: Part-time (1),5,5,0
S01010588,Economically active: Self-employed: Full-time (1),24,23,1
S01010588,Economically active: Unemployed (1),20,18,2
S01010588,Economically inactive,167,162,5
S01010589,All people aged 16 and over,504,469,35
S01010589,Economically active: Total,377,346,31
S01010589,Economically active: Employee: Total,339,312,27
S01010589,Economically active: Employee: Part-time (1),90,82,8
S01010589,Economically active: Employee: Full-time (1),249,230,19
S01010589,Economically active: Self-employed: Total,25,22,3
S01010589,Economically active: Self-employed: Part-time (1),9,9,0
S01010589,Economically active: Self-employed: Full-time (1),16,13,3
S01010589,Economically active: Unemployed (1),13,12,1
S01010589,Economically inactive,127,123,4
S01010590,All people aged 16 and over,627,590,37
S01010590,Economically active: Total,484,455,29
S01010590,Economically active: Employee: Total,408,385,23
S01010590,Economically active: Employee: Part-time (1),109,101,8
S01010590,Economically active: Employee: Full-time (1),299,284,15
S01010590,Economically active: Self-employed: Total,60,55,5
S01010590,Economically active: Self-employed: Part-time (1),15,14,1
S01010590,Economically active: Self-employed: Full-time (1),45,41,4
S01010590,Economically active: Unemployed (1),16,15,1
S01010590,Economically inactive,143,135,8
S01010591,All people aged 16 and over,540,491,49
S01010591,Economically active: Total,466,420,46
S01010591,Economically active: Employee: Total,414,373,41
S01010591,Economically active: Employee: Part-time (1),89,77,12
S01010591,Economically active: Employee: Full-time (1),325,296,29
S01010591,Economically active: Self-employed: Total,30,27,3
S01010591,Economically active: Self-employed: Part-time (1),8,7,1
S01010591,Economically active: Self-employed: Full-time (1),22,20,2
S01010591,Economically active: Unemployed (1),22,20,2
S01010591,Economically inactive,74,71,3
S01010592,All people aged 16 and over,429,401,28
S01010592,Economically active: Total,317,290,27
S01010592,Economically active: Employee: Total,286,263,23
S01010592,Economically active: Employee: Part-time (1),67,59,8
S01010592,Economically active: Employee: Full-time (1),219,204,15
S01010592,Economically active: Self-employed: Total,21,18,3
S01010592,Economically active: Self-employed: Part-time (1),6,4,2
S01010592,Economically active: Self-employed: Full-time (1),15,14,1
S01010592,Economically active: Unemployed (1),10,9,1
S01010592,Economically inactive,112,111,1
S01010593,All people aged 16 and over,512,464,48
S01010593,Economically active: Total,350,315,35
S01010593,Economically active: Employee: Total,298,269,29
S01010593,Economically active: Employee: Part-time (1),88,82,6
S01010593,Economically active: Employee: Full-time (1),210,187,23
S01010593,Economically active: Self-employed: Total,49,43,6
S01010593,Economically active: Self-employed: Part-time (1),8,5,3
S01010593,Economically active: Self-employed: Full-time (1),41,38,3
S01010593,Economically active: Unemployed (1),3,3,0
S01010593,Economically inactive,162,149,13
S01010594,All people aged 16 and over,508,439,69
S01010594,Economically active: Total,407,350,57
S01010594,Economically active: Employee: Total,352,302,50
S01010594,Economically active: Employee: Part-time (1),94,82,12
S01010594,Economically active: Employee: Full-time (1),258,220,38
S01010594,Economically active: Self-employed: Total,41,35,6
S01010594,Economically active: Self-employed: Part-time (1),13,12,1
S01010594,Economically active: Self-employed: Full-time (1),28,23,5
S01010594,Economically active: Unemployed (1),14,13,1
S01010594,Economically inactive,101,89,12
S01010595,All people aged 16 and over,561,503,58
S01010595,Economically active: Total,477,436,41
S01010595,Economically active: Employee: Total,424,389,35
S01010595,Economically active: Employee: Part-time (1),112,106,6
S01010595,Economically active: Employee: Full-time (1),312,283,29
S01010595,Economically active: Self-employed: Total,35,31,4
S01010595,Economically active: Self-employed: Part-time (1),8,7,1
S01010595,Economically active: Self-employed: Full-time (1),27,24,3
S01010595,Economically active: Unemployed (1),18,16,2
S01010595,Economically inactive,84,67,17
S01010596,All people aged 16 and over,628,591,37
S01010596,Economically active: Total,488,457,31
S01010596,Economically active: Employee: Total,386,360,26
S01010596,Economically active: Employee: Part-time (1),99,92,7
S01010596,Economically active: Employee: Full-time (1),287,268,19
S01010596,Economically active: Self-employed: Total,81,78,3
S01010596,Economically active: Self-employed: Part-time (1),15,14,1
S01010596,Economically active: Self-employed: Full-time (1),66,64,2
S01010596,Economically active: Unemployed (1),21,19,2
S01010596,Economically inactive,140,134,6
S01010597,All people aged 16 and over,485,451,34
S01010597,Economically active: Total,410,382,28
S01010597,Economically active: Employee: Total,344,322,22
S01010597,Economically active: Employee: Part-time (1),100,90,10
S01010597,Economically active: Employee: Full-time (1),244,232,12
S01010597,Economically active: Self-employed: Total,47,42,5
S01010597,Economically active: Self-employed: Part-time (1),7,7,0
S01010597,Economically active: Self-employed: Full-time (1),40,35,5
S01010597,Economically active: Unemployed (1),19,18,1
S01010597,Economically inactive,75,69,6
S01010598,All people aged 16 and over,740,679,61
S01010598,Economically active: Total,622,567,55
S01010598,Economically active: Employee: Total,541,492,49
S01010598,Economically active: Employee: Part-time (1),113,101,12
S01010598,Economically active: Employee: Full-time (1),428,391,37
S01010598,Economically active: Self-employed: Total,62,58,4
S01010598,Economically active: Self-employed: Part-time (1),13,12,1
S01010598,Economically active: Self-employed: Full-time (1),49,46,3
S01010598,Economically active: Unemployed (1),19,17,2
S01010598,Economically inactive,118,112,6
S01010599,All people aged 16 and over,474,442,32
S01010599,Economically active: Total,348,323,25
S01010599,Economically active: Employee: Total,306,284,22
S01010599,Economically active: Employee: Part-time (1),80,77,3
S01010599,Economically active: Employee: Full-time (1),226,207,19
S01010599,Economically active: Self-employed: Total,25,24,1
S01010599,Economically active: Self-employed: Part-time (1),9,9,0
S01010599,Economically active: Self-employed: Full-time (1),16,15,1
S01010599,Economically active: Unemployed (1),17,15,2
S01010599,Economically inactive,126,119,7
S01010600,All people aged 16 and over,808,757,51
S01010600,Economically active: Total,494,456,38
S01010600,Economically active: Employee: Total,410,378,32
S01010600,Economically active: Employee: Part-time (1),109,96,13
S01010600,Economically active: Employee: Full-time (1),301,282,19
S01010600,Economically active: Self-employed: Total,66,62,4
S01010600,Economically active: Self-employed: Part-time (1),16,16,0
S01010600,Economically active: Self-employed: Full-time (1),50,46,4
S01010600,Economically active: Unemployed (1),18,16,2
S01010600,Economically inactive,314,301,13
S01010601,All people aged 16 and over,603,560,43
S01010601,Economically active: Total,301,268,33
S01010601,Economically active: Employee: Total,263,235,28
S01010601,Economically active: Employee: Part-time (1),84,73,11
S01010601,Economically active: Employee: Full-time (1),179,162,17
S01010601,Economically active: Self-employed: Total,28,25,3
S01010601,Economically active: Self-employed: Part-time (1),5,4,1
S01010601,Economically active: Self-employed: Full-time (1),23,21,2
S01010601,Economically active: Unemployed (1),10,8,2
S01010601,Economically inactive,302,292,10
S01010602,All people aged 16 and over,449,425,24
S01010602,Economically active: Total,338,316,22
S01010602,Economically active: Employee: Total,291,272,19
S01010602,Economically active: Employee: Part-time (1),68,59,9
S01010602,Economically active: Employee: Full-time (1),223,213,10
S01010602,Economically active: Self-employed: Total,27,26,1
S01010602,Economically active: Self-employed: Part-time (1),6,6,0
S01010602,Economically active: Self-employed: Full-time (1),21,20,1
S01010602,Economically active: Unemployed (1),20,18,2
S01010602,Economically inactive,111,109,2
S01010603,All people aged 16 and over,697,663,34
S01010603,Economically active: Total,452,427,25
S01010603,Economically active: Employee: Total,391,369,22
S01010603,Economically active: Employee: Part-time (1),106,102,4
S01010603,Economically active: Employee: Full-time (1),285,267,18
S01010603,Economically active: Self-employed: Total,42,40,2
S01010603,Economically active: Self-employed: Part-time (1),10,10,0
S01010603,Economically active: Self-employed: Full-time (1),32,30,2
S01010603,Economically active: Unemployed (1),19,18,1
S01010603,Economically inactive,245,236,9
S01010604,All people aged 16 and over,393,375,18
S01010604,Economically active: Total,260,245,15
S01010604,Economically active: Employee: Total,220,207,13
S01010604,Economically active: Employee: Part-time (1),70,65,5
S01010604,Economically active: Employee: Full-time (1),150,142,8
S01010604,Economically active: Self-employed: Total,27,26,1
S01010604,Economically active: Self-employed: Part-time (1),7,6,1
S01010604,Economically active: Self-employed: Full-time (1),20,20,0
S01010604,Economically active: Unemployed (1),13,12,1
S01010604,Economically inactive,133,130,3
S01010605,All people aged 16 and over,765,713,52
S01010605,Economically active: Total,468,426,42
S01010605,Economically active: Employee: Total,388,352,36
S01010605,Economically active: Employee: Part-time (1),111,98,13
S01010605,Economically active: Employee: Full-time (1),277,254,23
S01010605,Economically active: Self-employed: Total,67,61,6
S01010605,Economically active: Self-employed: Part-time (1),26,25,1
S01010605,Economically active: Self-employed: Full-time (1),41,36,5
S01010605,Economically active: Unemployed (1),13,13,0
S01010605,Economically inactive,297,287,10
S01010606,All people aged 16 and over,659,597,62
S01010606,Economically active: Total,422,371,51
S01010606,Economically active: Employee: Total,351,308,43
S01010606,Economically active: Employee: Part-time (1),104,91,13
S01010606,Economically active: Employee: Full-time (1),247,217,30
S01010606,Economically active: Self-employed: Total,44,40,4
S01010606,Economically active: Self-employed: Part-time (1),8,7,1
S01010606,Economically active: Self-employed: Full-time (1),36,33,3
S01010606,Economically active: Unemployed (1),27,23,4
S01010606,Economically inactive,237,226,11
S01010607,All people aged 16 and over,695,653,42
S01010607,Economically active: Total,468,433,35
S01010607,Economically active: Employee: Total,381,351,30
S01010607,Economically active: Employee: Part-time (1),109,102,7
S01010607,Economically active: Employee: Full-time (1),272,249,23
S01010607,Economically active: Self-employed: Total,68,66,2
S01010607,Economically active: Self-employed: Part-time (1),22,22,0
S01010607,Economically active: Self-employed: Full-time (1),46,44,2
S01010607,Economically active: Unemployed (1),19,16,3
S01010607,Economically inactive,227,220,7
S01010608,All people aged 16 and over,503,447,56
S01010608,Economically active: Total,325,283,42
S01010608,Economically active: Employee: Total,267,229,38
S01010608,Economically active: Employee: Part-time (1),89,80,9
S01010608,Economically active: Employee: Full-time (1),178,149,29
S01010608,Economically active: Self-employed: Total,18,18,0
S01010608,Economically active: Self-employed: Part-time (1),3,3,0
S01010608,Economically active: Self-employed: Full-time (1),15,15,0
S01010608,Economically active: Unemployed (1),40,36,4
S01010608,Economically inactive,178,164,14
S01010609,All people aged 16 and over,452,411,41
S01010609,Economically active: Total,310,275,35
S01010609,Economically active: Employee: Total,270,241,29
S01010609,Economically active: Employee: Part-time (1),87,83,4
S01010609,Economically active: Employee: Full-time (1),183,158,25
S01010609,Economically active: Self-employed: Total,23,17,6
S01010609,Economically active: Self-employed: Part-time (1),6,6,0
S01010609,Economically active: Self-employed: Full-time (1),17,11,6
S01010609,Economically active: Unemployed (1),17,17,0
S01010609,Economically inactive,142,136,6
S01010610,All people aged 16 and over,616,568,48
S01010610,Economically active: Total,359,329,30
S01010610,Economically active: Employee: Total,286,259,27
S01010610,Economically active: Employee: Part-time (1),74,68,6
S01010610,Economically active: Employee: Full-time (1),212,191,21
S01010610,Economically active: Self-employed: Total,42,39,3
S01010610,Economically active: Self-employed: Part-time (1),16,14,2
S01010610,Economically active: Self-employed: Full-time (1),26,25,1
S01010610,Economically active: Unemployed (1),31,31,0
S01010610,Economically inactive,257,239,18
S01010611,All people aged 16 and over,779,729,50
S01010611,Economically active: Total,551,507,44
S01010611,Economically active: Employee: Total,476,439,37
S01010611,Economically active: Employee: Part-time (1),125,117,8
S01010611,Economically active: Employee: Full-time (1),351,322,29
S01010611,Economically active: Self-employed: Total,40,35,5
S01010611,Economically active: Self-employed: Part-time (1),8,7,1
S01010611,Economically active: Self-employed: Full-time (1),32,28,4
S01010611,Economically active: Unemployed (1),35,33,2
S01010611,Economically inactive,228,222,6
S01010612,All people aged 16 and over,620,590,30
S01010612,Economically active: Total,420,398,22
S01010612,Economically active: Employee: Total,368,351,17
S01010612,Economically active: Employee: Part-time (1),113,110,3
S01010612,Economically active: Employee: Full-time (1),255,241,14
S01010612,Economically active: Self-employed: Total,32,29,3
S01010612,Economically active: Self-employed: Part-time (1),7,7,0
S01010612,Economically active: Self-employed: Full-time (1),25,22,3
S01010612,Economically active: Unemployed (1),20,18,2
S01010612,Economically inactive,200,192,8
S01010613,All people aged 16 and over,602,560,42
S01010613,Economically active: Total,341,304,37
S01010613,Economically active: Employee: Total,305,272,33
S01010613,Economically active: Employee: Part-time (1),87,79,8
S01010613,Economically active: Employee: Full-time (1),218,193,25
S01010613,Economically active: Self-employed: Total,23,19,4
S01010613,Economically active: Self-employed: Part-time (1),7,6,1
S01010613,Economically active: Self-employed: Full-time (1),16,13,3
S01010613,Economically active: Unemployed (1),13,13,0
S01010613,Economically inactive,261,256,5
S01010614,All people aged 16 and over,443,409,34
S01010614,Economically active: Total,291,261,30
S01010614,Economically active: Employee: Total,248,221,27
S01010614,Economically active: Employee: Part-time (1),79,66,13
S01010614,Economically active: Employee: Full-time (1),169,155,14
S01010614,Economically active: Self-employed: Total,14,13,1
S01010614,Economically active: Self-employed: Part-time (1),6,6,0
S01010614,Economically active: Self-employed: Full-time (1),8,7,1
S01010614,Economically active: Unemployed (1),29,27,2
S01010614,Economically inactive,152,148,4
S01010615,All people aged 16 and over,658,601,57
S01010615,Economically active: Total,518,467,51
S01010615,Economically active: Employee: Total,466,426,40
S01010615,Economically active: Employee: Part-time (1),122,112,10
S01010615,Economically active: Employee: Full-time (1),344,314,30
S01010615,Economically active: Self-employed: Total,31,25,6
S01010615,Economically active: Self-employed: Part-time (1),2,2,0
S01010615,Economically active: Self-employed: Full-time (1),29,23,6
S01010615,Economically active: Unemployed (1),21,16,5
S01010615,Economically inactive,140,134,6
S01010616,All people aged 16 and over,731,688,43
S01010616,Economically active: Total,485,452,33
S01010616,Economically active: Employee: Total,439,409,30
S01010616,Economically active: Employee: Part-time (1),131,121,10
S01010616,Economically active: Employee: Full-time (1),308,288,20
S01010616,Economically active: Self-employed: Total,38,36,2
S01010616,Economically active: Self-employed: Part-time (1),9,7,2
S01010616,Economically active: Self-employed: Full-time (1),29,29,0
S01010616,Economically active: Unemployed (1),8,7,1
S01010616,Economically inactive,246,236,10
S01010617,All people aged 16 and over,737,716,21
S01010617,Economically active: Total,542,527,15
S01010617,Economically active: Employee: Total,481,467,14
S01010617,Economically active: Employee: Part-time (1),133,129,4
S01010617,Economically active: Employee: Full-time (1),348,338,10
S01010617,Economically active: Self-employed: Total,47,46,1
S01010617,Economically active: Self-employed: Part-time (1),14,14,0
S01010617,Economically active: Self-employed: Full-time (1),33,32,1
S01010617,Economically active: Unemployed (1),14,14,0
S01010617,Economically inactive,195,189,6
S01010618,All people aged 16 and over,633,595,38
S01010618,Economically active: Total,497,462,35
S01010618,Economically active: Employee: Total,436,404,32
S01010618,Economically active: Employee: Part-time (1),132,125,7
S01010618,Economically active: Employee: Full-time (1),304,279,25
S01010618,Economically active: Self-employed: Total,45,43,2
S01010618,Economically active: Self-employed: Part-time (1),10,10,0
S01010618,Economically active: Self-employed: Full-time (1),35,33,2
S01010618,Economically active: Unemployed (1),16,15,1
S01010618,Economically inactive,136,133,3
S01010619,All people aged 16 and over,519,424,95
S01010619,Economically active: Total,409,322,87
S01010619,Economically active: Employee: Total,346,268,78
S01010619,Economically active: Employee: Part-time (1),84,62,22
S01010619,Economically active: Employee: Full-time (1),262,206,56
S01010619,Economically active: Self-employed: Total,26,23,3
S01010619,Economically active: Self-employed: Part-time (1),5,4,1
S01010619,Economically active: Self-employed: Full-time (1),21,19,2
S01010619,Economically active: Unemployed (1),37,31,6
S01010619,Economically inactive,110,102,8
S01010620,All people aged 16 and over,560,418,142
S01010620,Economically active: Total,435,310,125
S01010620,Economically active: Employee: Total,334,227,107
S01010620,Economically active: Employee: Part-time (1),77,44,33
S01010620,Economically active: Employee: Full-time (1),257,183,74
S01010620,Economically active: Self-employed: Total,27,19,8
S01010620,Economically active: Self-employed: Part-time (1),7,3,4
S01010620,Economically active: Self-employed: Full-time (1),20,16,4
S01010620,Economically active: Unemployed (1),74,64,10
S01010620,Economically inactive,125,108,17
S01010621,All people aged 16 and over,803,691,112
S01010621,Economically active: Total,544,445,99
S01010621,Economically active: Employee: Total,430,346,84
S01010621,Economically active: Employee: Part-time (1),103,89,14
S01010621,Economically active: Employee: Full-time (1),327,257,70
S01010621,Economically active: Self-employed: Total,76,66,10
S01010621,Economically active: Self-employed: Part-time (1),22,19,3
S01010621,Economically active: Self-employed: Full-time (1),54,47,7
S01010621,Economically active: Unemployed (1),38,33,5
S01010621,Economically inactive,259,246,13
S01010622,All people aged 16 and over,520,473,47
S01010622,Economically active: Total,354,313,41
S01010622,Economically active: Employee: Total,290,254,36
S01010622,Economically active: Employee: Part-time (1),98,90,8
S01010622,Economically active: Employee: Full-time (1),192,164,28
S01010622,Economically active: Self-employed: Total,24,22,2
S01010622,Economically active: Self-employed: Part-time (1),6,5,1
S01010622,Economically active: Self-employed: Full-time (1),18,17,1
S01010622,Economically active: Unemployed (1),40,37,3
S01010622,Economically inactive,166,160,6
S01010623,All people aged 16 and over,554,474,80
S01010623,Economically active: Total,425,358,67
S01010623,Economically active: Employee: Total,364,306,58
S01010623,Economically active: Employee: Part-time (1),100,84,16
S01010623,Economically active: Employee: Full-time (1),264,222,42
S01010623,Economically active: Self-employed: Total,26,21,5
S01010623,Economically active: Self-employed: Part-time (1),11,8,3
S01010623,Economically active: Self-employed: Full-time (1),15,13,2
S01010623,Economically active: Unemployed (1),35,31,4
S01010623,Economically inactive,129,116,13
S01010624,All people aged 16 and over,553,470,83
S01010624,Economically active: Total,364,296,68
S01010624,Economically active: Employee: Total,324,264,60
S01010624,Economically active: Employee: Part-time (1),84,73,11
S01010624,Economically active: Employee: Full-time (1),240,191,49
S01010624,Economically active: Self-employed: Total,18,12,6
S01010624,Economically active: Self-employed: Part-time (1),4,2,2
S01010624,Economically active: Self-employed: Full-time (1),14,10,4
S01010624,Economically active: Unemployed (1),22,20,2
S01010624,Economically inactive,189,174,15
S01010625,All people aged 16 and over,687,647,40
S01010625,Economically active: Total,390,360,30
S01010625,Economically active: Employee: Total,314,286,28
S01010625,Economically active: Employee: Part-time (1),105,93,12
S01010625,Economically active: Employee: Full-time (1),209,193,16
S01010625,Economically active: Self-employed: Total,69,67,2
S01010625,Economically active: Self-employed: Part-time (1),18,18,0
S01010625,Economically active: Self-employed: Full-time (1),51,49,2
S01010625,Economically active: Unemployed (1),7,7,0
S01010625,Economically inactive,297,287,10
S01010626,All people aged 16 and over,794,742,52
S01010626,Economically active: Total,402,367,35
S01010626,Economically active: Employee: Total,322,293,29
S01010626,Economically active: Employee: Part-time (1),106,97,9
S01010626,Economically active: Employee: Full-time (1),216,196,20
S01010626,Economically active: Self-employed: Total,68,63,5
S01010626,Economically active: Self-employed: Part-time (1),19,16,3
S01010626,Economically active: Self-employed: Full-time (1),49,47,2
S01010626,Economically active: Unemployed (1),12,11,1
S01010626,Economically inactive,392,375,17
S01010627,All people aged 16 and over,729,615,114
S01010627,Economically active: Total,492,385,107
S01010627,Economically active: Employee: Total,392,293,99
S01010627,Economically active: Employee: Part-time (1),92,65,27
S01010627,Economically active: Employee: Full-time (1),300,228,72
S01010627,Economically active: Self-employed: Total,73,67,6
S01010627,Economically active: Self-employed: Part-time (1),9,8,1
S01010627,Economically active: Self-employed: Full-time (1),64,59,5
S01010627,Economically active: Unemployed (1),27,25,2
S01010627,Economically inactive,237,230,7
S01010628,All people aged 16 and over,895,776,119
S01010628,Economically active: Total,587,482,105
S01010628,Economically active: Employee: Total,483,386,97
S01010628,Economically active: Employee: Part-time (1),115,95,20
S01010628,Economically active: Employee: Full-time (1),368,291,77
S01010628,Economically active: Self-employed: Total,66,61,5
S01010628,Economically active: Self-employed: Part-time (1),14,12,2
S01010628,Economically active: Self-employed: Full-time (1),52,49,3
S01010628,Economically active: Unemployed (1),38,35,3
S01010628,Economically inactive,308,294,14
S01010629,All people aged 16 and over,812,744,68
S01010629,Economically active: Total,456,404,52
S01010629,Economically active: Employee: Total,357,313,44
S01010629,Economically active: Employee: Part-time (1),118,108,10
S01010629,Economically active: Employee: Full-time (1),239,205,34
S01010629,Economically active: Self-employed: Total,76,70,6
S01010629,Economically active: Self-employed: Part-time (1),20,19,1
S01010629,Economically active: Self-employed: Full-time (1),56,51,5
S01010629,Economically active: Unemployed (1),23,21,2
S01010629,Economically inactive,356,340,16
S01010630,All people aged 16 and over,486,444,42
S01010630,Economically active: Total,317,286,31
S01010630,Economically active: Employee: Total,263,238,25
S01010630,Economically active: Employee: Part-time (1),72,67,5
S01010630,Economically active: Employee: Full-time (1),191,171,20
S01010630,Economically active: Self-employed: Total,37,31,6
S01010630,Economically active: Self-employed: Part-time (1),8,5,3
S01010630,Economically active: Self-employed: Full-time (1),29,26,3
S01010630,Economically active: Unemployed (1),17,17,0
S01010630,Economically inactive,169,158,11
S01010631,All people aged 16 and over,558,480,78
S01010631,Economically active: Total,372,306,66
S01010631,Economically active: Employee: Total,312,256,56
S01010631,Economically active: Employee: Part-time (1),72,49,23
S01010631,Economically active: Employee: Full-time (1),240,207,33
S01010631,Economically active: Self-employed: Total,37,30,7
S01010631,Economically active: Self-employed: Part-time (1),11,8,3
S01010631,Economically active: Self-employed: Full-time (1),26,22,4
S01010631,Economically active: Unemployed (1),23,20,3
S01010631,Economically inactive,186,174,12
S01010632,All people aged 16 and over,805,717,88
S01010632,Economically active: Total,461,385,76
S01010632,Economically active: Employee: Total,373,309,64
S01010632,Economically active: Employee: Part-time (1),106,86,20
S01010632,Economically active: Employee: Full-time (1),267,223,44
S01010632,Economically active: Self-employed: Total,50,42,8
S01010632,Economically active: Self-employed: Part-time (1),14,9,5
S01010632,Economically active: Self-employed: Full-time (1),36,33,3
S01010632,Economically active: Unemployed (1),38,34,4
S01010632,Economically inactive,344,332,12
S01010633,All people aged 16 and over,814,760,54
S01010633,Economically active: Total,478,437,41
S01010633,Economically active: Employee: Total,405,369,36
S01010633,Economically active: Employee: Part-time (1),127,117,10
S01010633,Economically active: Employee: Full-time (1),278,252,26
S01010633,Economically active: Self-employed: Total,26,25,1
S01010633,Economically active: Self-employed: Part-time (1),6,6,0
S01010633,Economically active: Self-employed: Full-time (1),20,19,1
S01010633,Economically active: Unemployed (1),47,43,4
S01010633,Economically inactive,336,323,13
S01010634,All people aged 16 and over,535,494,41
S01010634,Economically active: Total,346,319,27
S01010634,Economically active: Employee: Total,284,263,21
S01010634,Economically active: Employee: Part-time (1),92,82,10
S01010634,Economically active: Employee: Full-time (1),192,181,11
S01010634,Economically active: Self-employed: Total,37,34,3
S01010634,Economically active: Self-employed: Part-time (1),13,13,0
S01010634,Economically active: Self-employed: Full-time (1),24,21,3
S01010634,Economically active: Unemployed (1),25,22,3
S01010634,Economically inactive,189,175,14
S01010635,All people aged 16 and over,641,584,57
S01010635,Economically active: Total,396,352,44
S01010635,Economically active: Employee: Total,331,293,38
S01010635,Economically active: Employee: Part-time (1),116,103,13
S01010635,Economically active: Employee: Full-time (1),215,190,25
S01010635,Economically active: Self-employed: Total,34,31,3
S01010635,Economically active: Self-employed: Part-time (1),6,6,0
S01010635,Economically active: Self-employed: Full-time (1),28,25,3
S01010635,Economically active: Unemployed (1),31,28,3
S01010635,Economically inactive,245,232,13
S01010636,All people aged 16 and over,692,633,59
S01010636,Economically active: Total,467,419,48
S01010636,Economically active: Employee: Total,381,339,42
S01010636,Economically active: Employee: Part-time (1),102,92,10
S01010636,Economically active: Employee: Full-time (1),279,247,32
S01010636,Economically active: Self-employed: Total,71,70,1
S01010636,Economically active: Self-employed: Part-time (1),14,14,0
S01010636,Economically active: Self-employed: Full-time (1),57,56,1
S01010636,Economically active: Unemployed (1),15,10,5
S01010636,Economically inactive,225,214,11
S01010637,All people aged 16 and over,509,435,74
S01010637,Economically active: Total,331,264,67
S01010637,Economically active: Employee: Total,268,209,59
S01010637,Economically active: Employee: Part-time (1),54,41,13
S01010637,Economically active: Employee: Full-time (1),214,168,46
S01010637,Economically active: Self-employed: Total,37,31,6
S01010637,Economically active: Self-employed: Part-time (1),12,10,2
S01010637,Economically active: Self-employed: Full-time (1),25,21,4
S01010637,Economically active: Unemployed (1),26,24,2
S01010637,Economically inactive,178,171,7
S01010638,All people aged 16 and over,741,665,76
S01010638,Economically active: Total,395,336,59
S01010638,Economically active: Employee: Total,320,271,49
S01010638,Economically active: Employee: Part-time (1),94,79,15
S01010638,Economically active: Employee: Full-time (1),226,192,34
S01010638,Economically active: Self-employed: Total,50,45,5
S01010638,Economically active: Self-employed: Part-time (1),10,9,1
S01010638,Economically active: Self-employed: Full-time (1),40,36,4
S01010638,Economically active: Unemployed (1),25,20,5
S01010638,Economically inactive,346,329,17
S01010639,All people aged 16 and over,952,829,123
S01010639,Economically active: Total,627,530,97
S01010639,Economically active: Employee: Total,517,431,86
S01010639,Economically active: Employee: Part-time (1),138,114,24
S01010639,Economically active: Employee: Full-time (1),379,317,62
S01010639,Economically active: Self-employed: Total,45,38,7
S01010639,Economically active: Self-employed: Part-time (1),10,10,0
S01010639,Economically active: Self-employed: Full-time (1),35,28,7
S01010639,Economically active: Unemployed (1),65,61,4
S01010639,Economically inactive,325,299,26
S01010640,All people aged 16 and over,727,566,161
S01010640,Economically active: Total,545,408,137
S01010640,Economically active: Employee: Total,437,313,124
S01010640,Economically active: Employee: Part-time (1),106,70,36
S01010640,Economically active: Employee: Full-time (1),331,243,88
S01010640,Economically active: Self-employed: Total,72,64,8
S01010640,Economically active: Self-employed: Part-time (1),12,9,3
S01010640,Economically active: Self-employed: Full-time (1),60,55,5
S01010640,Economically active: Unemployed (1),36,31,5
S01010640,Economically inactive,182,158,24
S01010641,All people aged 16 and over,782,671,111
S01010641,Economically active: Total,487,405,82
S01010641,Economically active: Employee: Total,389,323,66
S01010641,Economically active: Employee: Part-time (1),110,91,19
S01010641,Economically active: Employee: Full-time (1),279,232,47
S01010641,Economically active: Self-employed: Total,34,28,6
S01010641,Economically active: Self-employed: Part-time (1),12,9,3
S01010641,Economically active: Self-employed: Full-time (1),22,19,3
S01010641,Economically active: Unemployed (1),64,54,10
S01010641,Economically inactive,295,266,29
S01010642,All people aged 16 and over,736,665,71
S01010642,Economically active: Total,464,410,54
S01010642,Economically active: Employee: Total,372,326,46
S01010642,Economically active: Employee: Part-time (1),137,124,13
S01010642,Economically active: Employee: Full-time (1),235,202,33
S01010642,Economically active: Self-employed: Total,27,25,2
S01010642,Economically active: Self-employed: Part-time (1),12,10,2
S01010642,Economically active: Self-employed: Full-time (1),15,15,0
S01010642,Economically active: Unemployed (1),65,59,6
S01010642,Economically inactive,272,255,17
S01010643,All people aged 16 and over,520,469,51
S01010643,Economically active: Total,354,312,42
S01010643,Economically active: Employee: Total,277,242,35
S01010643,Economically active: Employee: Part-time (1),105,92,13
S01010643,Economically active: Employee: Full-time (1),172,150,22
S01010643,Economically active: Self-employed: Total,19,18,1
S01010643,Economically active: Self-employed: Part-time (1),4,4,0
S01010643,Economically active: Self-employed: Full-time (1),15,14,1
S01010643,Economically active: Unemployed (1),58,52,6
S01010643,Economically inactive,166,157,9
S01010644,All people aged 16 and over,515,480,35
S01010644,Economically active: Total,295,270,25
S01010644,Economically active: Employee: Total,227,205,22
S01010644,Economically active: Employee: Part-time (1),86,78,8
S01010644,Economically active: Employee: Full-time (1),141,127,14
S01010644,Economically active: Self-employed: Total,12,10,2
S01010644,Economically active: Self-employed: Part-time (1),3,2,1
S01010644,Economically active: Self-employed: Full-time (1),9,8,1
S01010644,Economically active: Unemployed (1),56,55,1
S01010644,Economically inactive,220,210,10
S01010645,All people aged 16 and over,476,435,41
S01010645,Economically active: Total,360,324,36
S01010645,Economically active: Employee: Total,318,284,34
S01010645,Economically active: Employee: Part-time (1),76,66,10
S01010645,Economically active: Employee: Full-time (1),242,218,24
S01010645,Economically active: Self-employed: Total,32,30,2
S01010645,Economically active: Self-employed: Part-time (1),8,7,1
S01010645,Economically active: Self-employed: Full-time (1),24,23,1
S01010645,Economically active: Unemployed (1),10,10,0
S01010645,Economically inactive,116,111,5
S01010646,All people aged 16 and over,577,531,46
S01010646,Economically active: Total,388,351,37
S01010646,Economically active: Employee: Total,340,307,33
S01010646,Economically active: Employee: Part-time (1),100,89,11
S01010646,Economically active: Employee: Full-time (1),240,218,22
S01010646,Economically active: Self-employed: Total,29,28,1
S01010646,Economically active: Self-employed: Part-time (1),4,4,0
S01010646,Economically active: Self-employed: Full-time (1),25,24,1
S01010646,Economically active: Unemployed (1),19,16,3
S01010646,Economically inactive,189,180,9
S01010647,All people aged 16 and over,633,600,33
S01010647,Economically active: Total,407,383,24
S01010647,Economically active: Employee: Total,352,333,19
S01010647,Economically active: Employee: Part-time (1),93,86,7
S01010647,Economically active: Employee: Full-time (1),259,247,12
S01010647,Economically active: Self-employed: Total,38,35,3
S01010647,Economically active: Self-employed: Part-time (1),13,12,1
S01010647,Economically active: Self-employed: Full-time (1),25,23,2
S01010647,Economically active: Unemployed (1),17,15,2
S01010647,Economically inactive,226,217,9
S01010648,All people aged 16 and over,561,521,40
S01010648,Economically active: Total,391,360,31
S01010648,Economically active: Employee: Total,333,310,23
S01010648,Economically active: Employee: Part-time (1),86,83,3
S01010648,Economically active: Employee: Full-time (1),247,227,20
S01010648,Economically active: Self-employed: Total,32,28,4
S01010648,Economically active: Self-employed: Part-time (1),7,5,2
S01010648,Economically active: Self-employed: Full-time (1),25,23,2
S01010648,Economically active: Unemployed (1),26,22,4
S01010648,Economically inactive,170,161,9
S01010649,All people aged 16 and over,519,481,38
S01010649,Economically active: Total,316,285,31
S01010649,Economically active: Employee: Total,275,246,29
S01010649,Economically active: Employee: Part-time (1),78,67,11
S01010649,Economically active: Employee: Full-time (1),197,179,18
S01010649,Economically active: Self-employed: Total,30,29,1
S01010649,Economically active: Self-employed: Part-time (1),8,8,0
S01010649,Economically active: Self-employed: Full-time (1),22,21,1
S01010649,Economically active: Unemployed (1),11,10,1
S01010649,Economically inactive,203,196,7
S01010650,All people aged 16 and over,416,388,28
S01010650,Economically active: Total,264,246,18
S01010650,Economically active: Employee: Total,209,194,15
S01010650,Economically active: Employee: Part-time (1),60,58,2
S01010650,Economically active: Employee: Full-time (1),149,136,13
S01010650,Economically active: Self-employed: Total,39,36,3
S01010650,Economically active: Self-employed: Part-time (1),7,7,0
S01010650,Economically active: Self-employed: Full-time (1),32,29,3
S01010650,Economically active: Unemployed (1),16,16,0
S01010650,Economically inactive,152,142,10
S01010651,All people aged 16 and over,566,530,36
S01010651,Economically active: Total,379,355,24
S01010651,Economically active: Employee: Total,312,292,20
S01010651,Economically active: Employee: Part-time (1),82,76,6
S01010651,Economically active: Employee: Full-time (1),230,216,14
S01010651,Economically active: Self-employed: Total,39,37,2
S01010651,Economically active: Self-employed: Part-time (1),9,9,0
S01010651,Economically active: Self-employed: Full-time (1),30,28,2
S01010651,Economically active: Unemployed (1),28,26,2
S01010651,Economically inactive,187,175,12
S01010652,All people aged 16 and over,614,566,48
S01010652,Economically active: Total,408,371,37
S01010652,Economically active: Employee: Total,346,314,32
S01010652,Economically active: Employee: Part-time (1),87,77,10
S01010652,Economically active: Employee: Full-time (1),259,237,22
S01010652,Economically active: Self-employed: Total,33,31,2
S01010652,Economically active: Self-employed: Part-time (1),11,9,2
S01010652,Economically active: Self-employed: Full-time (1),22,22,0
S01010652,Economically active: Unemployed (1),29,26,3
S01010652,Economically inactive,206,195,11
S01010653,All people aged 16 and over,534,511,23
S01010653,Economically active: Total,368,350,18
S01010653,Economically active: Employee: Total,322,305,17
S01010653,Economically active: Employee: Part-time (1),72,69,3
S01010653,Economically active: Employee: Full-time (1),250,236,14
S01010653,Economically active: Self-employed: Total,37,36,1
S01010653,Economically active: Self-employed: Part-time (1),10,9,1
S01010653,Economically active: Self-employed: Full-time (1),27,27,0
S01010653,Economically active: Unemployed (1),9,9,0
S01010653,Economically inactive,166,161,5
S01010654,All people aged 16 and over,638,589,49
S01010654,Economically active: Total,448,409,39
S01010654,Economically active: Employee: Total,364,329,35
S01010654,Economically active: Employee: Part-time (1),107,100,7
S01010654,Economically active: Employee: Full-time (1),257,229,28
S01010654,Economically active: Self-employed: Total,45,43,2
S01010654,Economically active: Self-employed: Part-time (1),5,5,0
S01010654,Economically active: Self-employed: Full-time (1),40,38,2
S01010654,Economically active: Unemployed (1),39,37,2
S01010654,Economically inactive,190,180,10
S01010655,All people aged 16 and over,729,679,50
S01010655,Economically active: Total,494,456,38
S01010655,Economically active: Employee: Total,335,310,25
S01010655,Economically active: Employee: Part-time (1),110,102,8
S01010655,Economically active: Employee: Full-time (1),225,208,17
S01010655,Economically active: Self-employed: Total,139,126,13
S01010655,Economically active: Self-employed: Part-time (1),45,41,4
S01010655,Economically active: Self-employed: Full-time (1),94,85,9
S01010655,Economically active: Unemployed (1),20,20,0
S01010655,Economically inactive,235,223,12
S01010656,All people aged 16 and over,364,339,25
S01010656,Economically active: Total,233,212,21
S01010656,Economically active: Employee: Total,175,161,14
S01010656,Economically active: Employee: Part-time (1),55,51,4
S01010656,Economically active: Employee: Full-time (1),120,110,10
S01010656,Economically active: Self-employed: Total,43,39,4
S01010656,Economically active: Self-employed: Part-time (1),12,9,3
S01010656,Economically active: Self-employed: Full-time (1),31,30,1
S01010656,Economically active: Unemployed (1),15,12,3
S01010656,Economically inactive,131,127,4
S01010657,All people aged 16 and over,534,512,22
S01010657,Economically active: Total,371,358,13
S01010657,Economically active: Employee: Total,266,259,7
S01010657,Economically active: Employee: Part-time (1),86,83,3
S01010657,Economically active: Employee: Full-time (1),180,176,4
S01010657,Economically active: Self-employed: Total,88,85,3
S01010657,Economically active: Self-employed: Part-time (1),28,26,2
S01010657,Economically active: Self-employed: Full-time (1),60,59,1
S01010657,Economically active: Unemployed (1),17,14,3
S01010657,Economically inactive,163,154,9
S01010658,All people aged 16 and over,602,572,30
S01010658,Economically active: Total,398,374,24
S01010658,Economically active: Employee: Total,307,289,18
S01010658,Economically active: Employee: Part-time (1),81,78,3
S01010658,Economically active: Employee: Full-time (1),226,211,15
S01010658,Economically active: Self-employed: Total,69,64,5
S01010658,Economically active: Self-employed: Part-time (1),25,22,3
S01010658,Economically active: Self-employed: Full-time (1),44,42,2
S01010658,Economically active: Unemployed (1),22,21,1
S01010658,Economically inactive,204,198,6
S01010659,All people aged 16 and over,544,513,31
S01010659,Economically active: Total,354,333,21
S01010659,Economically active: Employee: Total,264,249,15
S01010659,Economically active: Employee: Part-time (1),82,81,1
S01010659,Economically active: Employee: Full-time (1),182,168,14
S01010659,Economically active: Self-employed: Total,70,66,4
S01010659,Economically active: Self-employed: Part-time (1),15,15,0
S01010659,Economically active: Self-employed: Full-time (1),55,51,4
S01010659,Economically active: Unemployed (1),20,18,2
S01010659,Economically inactive,190,180,10
S01010660,All people aged 16 and over,511,489,22
S01010660,Economically active: Total,311,295,16
S01010660,Economically active: Employee: Total,247,236,11
S01010660,Economically active: Employee: Part-time (1),73,71,2
S01010660,Economically active: Employee: Full-time (1),174,165,9
S01010660,Economically active: Self-employed: Total,49,45,4
S01010660,Economically active: Self-employed: Part-time (1),13,10,3
S01010660,Economically active: Self-employed: Full-time (1),36,35,1
S01010660,Economically active: Unemployed (1),15,14,1
S01010660,Economically inactive,200,194,6
S01010661,All people aged 16 and over,518,494,24
S01010661,Economically active: Total,350,331,19
S01010661,Economically active: Employee: Total,287,271,16
S01010661,Economically active: Employee: Part-time (1),56,52,4
S01010661,Economically active: Employee: Full-time (1),231,219,12
S01010661,Economically active: Self-employed: Total,44,42,2
S01010661,Economically active: Self-employed: Part-time (1),7,7,0
S01010661,Economically active: Self-employed: Full-time (1),37,35,2
S01010661,Economically active: Unemployed (1),19,18,1
S01010661,Economically inactive,168,163,5
S01010662,All people aged 16 and over,614,591,23
S01010662,Economically active: Total,407,391,16
S01010662,Economically active: Employee: Total,319,304,15
S01010662,Economically active: Employee: Part-time (1),93,90,3
S01010662,Economically active: Employee: Full-time (1),226,214,12
S01010662,Economically active: Self-employed: Total,79,78,1
S01010662,Economically active: Self-employed: Part-time (1),23,22,1
S01010662,Economically active: Self-employed: Full-time (1),56,56,0
S01010662,Economically active: Unemployed (1),9,9,0
S01010662,Economically inactive,207,200,7
S01010663,All people aged 16 and over,777,746,31
S01010663,Economically active: Total,501,484,17
S01010663,Economically active: Employee: Total,374,363,11
S01010663,Economically active: Employee: Part-time (1),122,120,2
S01010663,Economically active: Employee: Full-time (1),252,243,9
S01010663,Economically active: Self-employed: Total,110,105,5
S01010663,Economically active: Self-employed: Part-time (1),22,21,1
S01010663,Economically active: Self-employed: Full-time (1),88,84,4
S01010663,Economically active: Unemployed (1),17,16,1
S01010663,Economically inactive,276,262,14
S01010664,All people aged 16 and over,678,633,45
S01010664,Economically active: Total,450,416,34
S01010664,Economically active: Employee: Total,316,294,22
S01010664,Economically active: Employee: Part-time (1),98,89,9
S01010664,Economically active: Employee: Full-time (1),218,205,13
S01010664,Economically active: Self-employed: Total,121,109,12
S01010664,Economically active: Self-employed: Part-time (1),29,25,4
S01010664,Economically active: Self-employed: Full-time (1),92,84,8
S01010664,Economically active: Unemployed (1),13,13,0
S01010664,Economically inactive,228,217,11
S01010665,All people aged 16 and over,774,724,50
S01010665,Economically active: Total,459,431,28
S01010665,Economically active: Employee: Total,320,303,17
S01010665,Economically active: Employee: Part-time (1),98,92,6
S01010665,Economically active: Employee: Full-time (1),222,211,11
S01010665,Economically active: Self-employed: Total,119,108,11
S01010665,Economically active: Self-employed: Part-time (1),35,31,4
S01010665,Economically active: Self-employed: Full-time (1),84,77,7
S01010665,Economically active: Unemployed (1),20,20,0
S01010665,Economically inactive,315,293,22
S01010666,All people aged 16 and over,769,742,27
S01010666,Economically active: Total,474,460,14
S01010666,Economically active: Employee: Total,365,355,10
S01010666,Economically active: Employee: Part-time (1),112,111,1
S01010666,Economically active: Employee: Full-time (1),253,244,9
S01010666,Economically active: Self-employed: Total,83,80,3
S01010666,Economically active: Self-employed: Part-time (1),20,19,1
S01010666,Economically active: Self-employed: Full-time (1),63,61,2
S01010666,Economically active: Unemployed (1),26,25,1
S01010666,Economically inactive,295,282,13
S01010667,All people aged 16 and over,570,528,42
S01010667,Economically active: Total,397,362,35
S01010667,Economically active: Employee: Total,275,246,29
S01010667,Economically active: Employee: Part-time (1),85,76,9
S01010667,Economically active: Employee: Full-time (1),190,170,20
S01010667,Economically active: Self-employed: Total,112,106,6
S01010667,Economically active: Self-employed: Part-time (1),33,30,3
S01010667,Economically active: Self-employed: Full-time (1),79,76,3
S01010667,Economically active: Unemployed (1),10,10,0
S01010667,Economically inactive,173,166,7
S01010668,All people aged 16 and over,948,885,63
S01010668,Economically active: Total,579,535,44
S01010668,Economically active: Employee: Total,395,368,27
S01010668,Economically active: Employee: Part-time (1),104,96,8
S01010668,Economically active: Employee: Full-time (1),291,272,19
S01010668,Economically active: Self-employed: Total,148,134,14
S01010668,Economically active: Self-employed: Part-time (1),33,30,3
S01010668,Economically active: Self-employed: Full-time (1),115,104,11
S01010668,Economically active: Unemployed (1),36,33,3
S01010668,Economically inactive,369,350,19
S01010669,All people aged 16 and over,489,475,14
S01010669,Economically active: Total,302,292,10
S01010669,Economically active: Employee: Total,209,201,8
S01010669,Economically active: Employee: Part-time (1),50,49,1
S01010669,Economically active: Employee: Full-time (1),159,152,7
S01010669,Economically active: Self-employed: Total,73,72,1
S01010669,Economically active: Self-employed: Part-time (1),17,17,0
S01010669,Economically active: Self-employed: Full-time (1),56,55,1
S01010669,Economically active: Unemployed (1),20,19,1
S01010669,Economically inactive,187,183,4
S01010670,All people aged 16 and over,576,554,22
S01010670,Economically active: Total,380,364,16
S01010670,Economically active: Employee: Total,267,256,11
S01010670,Economically active: Employee: Part-time (1),77,73,4
S01010670,Economically active: Employee: Full-time (1),190,183,7
S01010670,Economically active: Self-employed: Total,91,87,4
S01010670,Economically active: Self-employed: Part-time (1),24,22,2
S01010670,Economically active: Self-employed: Full-time (1),67,65,2
S01010670,Economically active: Unemployed (1),22,21,1
S01010670,Economically inactive,196,190,6
S01010671,All people aged 16 and over,628,602,26
S01010671,Economically active: Total,390,374,16
S01010671,Economically active: Employee: Total,254,244,10
S01010671,Economically active: Employee: Part-time (1),98,94,4
S01010671,Economically active: Employee: Full-time (1),156,150,6
S01010671,Economically active: Self-employed: Total,108,103,5
S01010671,Economically active: Self-employed: Part-time (1),23,22,1
S01010671,Economically active: Self-employed: Full-time (1),85,81,4
S01010671,Economically active: Unemployed (1),28,27,1
S01010671,Economically inactive,238,228,10
S01010672,All people aged 16 and over,532,511,21
S01010672,Economically active: Total,338,324,14
S01010672,Economically active: Employee: Total,251,238,13
S01010672,Economically active: Employee: Part-time (1),75,71,4
S01010672,Economically active: Employee: Full-time (1),176,167,9
S01010672,Economically active: Self-employed: Total,50,49,1
S01010672,Economically active: Self-employed: Part-time (1),5,5,0
S01010672,Economically active: Self-employed: Full-time (1),45,44,1
S01010672,Economically active: Unemployed (1),37,37,0
S01010672,Economically inactive,194,187,7
S01010673,All people aged 16 and over,772,721,51
S01010673,Economically active: Total,486,451,35
S01010673,Economically active: Employee: Total,318,294,24
S01010673,Economically active: Employee: Part-time (1),91,83,8
S01010673,Economically active: Employee: Full-time (1),227,211,16
S01010673,Economically active: Self-employed: Total,136,127,9
S01010673,Economically active: Self-employed: Part-time (1),30,28,2
S01010673,Economically active: Self-employed: Full-time (1),106,99,7
S01010673,Economically active: Unemployed (1),32,30,2
S01010673,Economically inactive,286,270,16
S01010674,All people aged 16 and over,759,714,45
S01010674,Economically active: Total,515,482,33
S01010674,Economically active: Employee: Total,320,298,22
S01010674,Economically active: Employee: Part-time (1),95,87,8
S01010674,Economically active: Employee: Full-time (1),225,211,14
S01010674,Economically active: Self-employed: Total,165,154,11
S01010674,Economically active: Self-employed: Part-time (1),36,36,0
S01010674,Economically active: Self-employed: Full-time (1),129,118,11
S01010674,Economically active: Unemployed (1),30,30,0
S01010674,Economically inactive,244,232,12
S01010675,All people aged 16 and over,534,515,19
S01010675,Economically active: Total,325,313,12
S01010675,Economically active: Employee: Total,201,194,7
S01010675,Economically active: Employee: Part-time (1),60,58,2
S01010675,Economically active: Employee: Full-time (1),141,136,5
S01010675,Economically active: Self-employed: Total,105,101,4
S01010675,Economically active: Self-employed: Part-time (1),27,24,3
S01010675,Economically active: Self-employed: Full-time (1),78,77,1
S01010675,Economically active: Unemployed (1),19,18,1
S01010675,Economically inactive,209,202,7
S01010676,All people aged 16 and over,770,710,60
S01010676,Economically active: Total,460,417,43
S01010676,Economically active: Employee: Total,304,276,28
S01010676,Economically active: Employee: Part-time (1),92,85,7
S01010676,Economically active: Employee: Full-time (1),212,191,21
S01010676,Economically active: Self-employed: Total,139,125,14
S01010676,Economically active: Self-employed: Part-time (1),43,38,5
S01010676,Economically active: Self-employed: Full-time (1),96,87,9
S01010676,Economically active: Unemployed (1),17,16,1
S01010676,Economically inactive,310,293,17
S01010677,All people aged 16 and over,420,399,21
S01010677,Economically active: Total,243,232,11
S01010677,Economically active: Employee: Total,173,167,6
S01010677,Economically active: Employee: Part-time (1),58,55,3
S01010677,Economically active: Employee: Full-time (1),115,112,3
S01010677,Economically active: Self-employed: Total,59,55,4
S01010677,Economically active: Self-employed: Part-time (1),14,13,1
S01010677,Economically active: Self-employed: Full-time (1),45,42,3
S01010677,Economically active: Unemployed (1),11,10,1
S01010677,Economically inactive,177,167,10
S01010678,All people aged 16 and over,531,507,24
S01010678,Economically active: Total,336,321,15
S01010678,Economically active: Employee: Total,232,222,10
S01010678,Economically active: Employee: Part-time (1),84,84,0
S01010678,Economically active: Employee: Full-time (1),148,138,10
S01010678,Economically active: Self-employed: Total,80,77,3
S01010678,Economically active: Self-employed: Part-time (1),21,19,2
S01010678,Economically active: Self-employed: Full-time (1),59,58,1
S01010678,Economically active: Unemployed (1),24,22,2
S01010678,Economically inactive,195,186,9
S01010679,All people aged 16 and over,508,484,24
S01010679,Economically active: Total,314,297,17
S01010679,Economically active: Employee: Total,221,210,11
S01010679,Economically active: Employee: Part-time (1),76,71,5
S01010679,Economically active: Employee: Full-time (1),145,139,6
S01010679,Economically active: Self-employed: Total,64,58,6
S01010679,Economically active: Self-employed: Part-time (1),19,17,2
S01010679,Economically active: Self-employed: Full-time (1),45,41,4
S01010679,Economically active: Unemployed (1),29,29,0
S01010679,Economically inactive,194,187,7
S01010680,All people aged 16 and over,533,499,34
S01010680,Economically active: Total,342,317,25
S01010680,Economically active: Employee: Total,246,227,19
S01010680,Economically active: Employee: Part-time (1),91,87,4
S01010680,Economically active: Employee: Full-time (1),155,140,15
S01010680,Economically active: Self-employed: Total,73,67,6
S01010680,Economically active: Self-employed: Part-time (1),17,16,1
S01010680,Economically active: Self-employed: Full-time (1),56,51,5
S01010680,Economically active: Unemployed (1),23,23,0
S01010680,Economically inactive,191,182,9
S01010681,All people aged 16 and over,831,797,34
S01010681,Economically active: Total,580,553,27
S01010681,Economically active: Employee: Total,437,413,24
S01010681,Economically active: Employee: Part-time (1),150,138,12
S01010681,Economically active: Employee: Full-time (1),287,275,12
S01010681,Economically active: Self-employed: Total,85,82,3
S01010681,Economically active: Self-employed: Part-time (1),16,16,0
S01010681,Economically active: Self-employed: Full-time (1),69,66,3
S01010681,Economically active: Unemployed (1),58,58,0
S01010681,Economically inactive,251,244,7
S01010682,All people aged 16 and over,777,754,23
S01010682,Economically active: Total,534,517,17
S01010682,Economically active: Employee: Total,356,343,13
S01010682,Economically active: Employee: Part-time (1),115,110,5
S01010682,Economically active: Employee: Full-time (1),241,233,8
S01010682,Economically active: Self-employed: Total,149,145,4
S01010682,Economically active: Self-employed: Part-time (1),35,34,1
S01010682,Economically active: Self-employed: Full-time (1),114,111,3
S01010682,Economically active: Unemployed (1),29,29,0
S01010682,Economically inactive,243,237,6
S01010683,All people aged 16 and over,833,810,23
S01010683,Economically active: Total,489,473,16
S01010683,Economically active: Employee: Total,311,302,9
S01010683,Economically active: Employee: Part-time (1),84,83,1
S01010683,Economically active: Employee: Full-time (1),227,219,8
S01010683,Economically active: Self-employed: Total,148,142,6
S01010683,Economically active: Self-employed: Part-time (1),49,47,2
S01010683,Economically active: Self-employed: Full-time (1),99,95,4
S01010683,Economically active: Unemployed (1),30,29,1
S01010683,Economically inactive,344,337,7
S01010684,All people aged 16 and over,684,656,28
S01010684,Economically active: Total,414,397,17
S01010684,Economically active: Employee: Total,256,246,10
S01010684,Economically active: Employee: Part-time (1),78,75,3
S01010684,Economically active: Employee: Full-time (1),178,171,7
S01010684,Economically active: Self-employed: Total,135,130,5
S01010684,Economically active: Self-employed: Part-time (1),33,30,3
S01010684,Economically active: Self-employed: Full-time (1),102,100,2
S01010684,Economically active: Unemployed (1),23,21,2
S01010684,Economically inactive,270,259,11
S01010685,All people aged 16 and over,532,501,31
S01010685,Economically active: Total,306,284,22
S01010685,Economically active: Employee: Total,168,159,9
S01010685,Economically active: Employee: Part-time (1),55,53,2
S01010685,Economically active: Employee: Full-time (1),113,106,7
S01010685,Economically active: Self-employed: Total,118,107,11
S01010685,Economically active: Self-employed: Part-time (1),34,31,3
S01010685,Economically active: Self-employed: Full-time (1),84,76,8
S01010685,Economically active: Unemployed (1),20,18,2
S01010685,Economically inactive,226,217,9
S01010686,All people aged 16 and over,585,546,39
S01010686,Economically active: Total,369,339,30
S01010686,Economically active: Employee: Total,229,212,17
S01010686,Economically active: Employee: Part-time (1),63,60,3
S01010686,Economically active: Employee: Full-time (1),166,152,14
S01010686,Economically active: Self-employed: Total,119,109,10
S01010686,Economically active: Self-employed: Part-time (1),46,39,7
S01010686,Economically active: Self-employed: Full-time (1),73,70,3
S01010686,Economically active: Unemployed (1),21,18,3
S01010686,Economically inactive,216,207,9
S01010687,All people aged 16 and over,699,664,35
S01010687,Economically active: Total,410,387,23
S01010687,Economically active: Employee: Total,284,273,11
S01010687,Economically active: Employee: Part-time (1),93,90,3
S01010687,Economically active: Employee: Full-time (1),191,183,8
S01010687,Economically active: Self-employed: Total,106,95,11
S01010687,Economically active: Self-employed: Part-time (1),28,24,4
S01010687,Economically active: Self-employed: Full-time (1),78,71,7
S01010687,Economically active: Unemployed (1),20,19,1
S01010687,Economically inactive,289,277,12
S01010688,All people aged 16 and over,619,578,41
S01010688,Economically active: Total,388,359,29
S01010688,Economically active: Employee: Total,234,211,23
S01010688,Economically active: Employee: Part-time (1),67,62,5
S01010688,Economically active: Employee: Full-time (1),167,149,18
S01010688,Economically active: Self-employed: Total,139,135,4
S01010688,Economically active: Self-employed: Part-time (1),41,38,3
S01010688,Economically active: Self-employed: Full-time (1),98,97,1
S01010688,Economically active: Unemployed (1),15,13,2
S01010688,Economically inactive,231,219,12
S01010689,All people aged 16 and over,669,627,42
S01010689,Economically active: Total,349,322,27
S01010689,Economically active: Employee: Total,220,204,16
S01010689,Economically active: Employee: Part-time (1),70,65,5
S01010689,Economically active: Employee: Full-time (1),150,139,11
S01010689,Economically active: Self-employed: Total,116,107,9
S01010689,Economically active: Self-employed: Part-time (1),30,26,4
S01010689,Economically active: Self-employed: Full-time (1),86,81,5
S01010689,Economically active: Unemployed (1),13,11,2
S01010689,Economically inactive,320,305,15
S01010690,All people aged 16 and over,566,507,59
S01010690,Economically active: Total,355,311,44
S01010690,Economically active: Employee: Total,244,205,39
S01010690,Economically active: Employee: Part-time (1),67,62,5
S01010690,Economically active: Employee: Full-time (1),177,143,34
S01010690,Economically active: Self-employed: Total,91,87,4
S01010690,Economically active: Self-employed: Part-time (1),24,22,2
S01010690,Economically active: Self-employed: Full-time (1),67,65,2
S01010690,Economically active: Unemployed (1),20,19,1
S01010690,Economically inactive,211,196,15
S01010691,All people aged 16 and over,622,579,43
S01010691,Economically active: Total,409,375,34
S01010691,Economically active: Employee: Total,232,215,17
S01010691,Economically active: Employee: Part-time (1),84,76,8
S01010691,Economically active: Employee: Full-time (1),148,139,9
S01010691,Economically active: Self-employed: Total,161,146,15
S01010691,Economically active: Self-employed: Part-time (1),43,37,6
S01010691,Economically active: Self-employed: Full-time (1),118,109,9
S01010691,Economically active: Unemployed (1),16,14,2
S01010691,Economically inactive,213,204,9
S01010692,All people aged 16 and over,599,540,59
S01010692,Economically active: Total,420,376,44
S01010692,Economically active: Employee: Total,319,278,41
S01010692,Economically active: Employee: Part-time (1),112,102,10
S01010692,Economically active: Employee: Full-time (1),207,176,31
S01010692,Economically active: Self-employed: Total,89,86,3
S01010692,Economically active: Self-employed: Part-time (1),18,18,0
S01010692,Economically active: Self-employed: Full-time (1),71,68,3
S01010692,Economically active: Unemployed (1),12,12,0
S01010692,Economically inactive,179,164,15
S01010693,All people aged 16 and over,397,371,26
S01010693,Economically active: Total,263,245,18
S01010693,Economically active: Employee: Total,162,153,9
S01010693,Economically active: Employee: Part-time (1),55,53,2
S01010693,Economically active: Employee: Full-time (1),107,100,7
S01010693,Economically active: Self-employed: Total,91,83,8
S01010693,Economically active: Self-employed: Part-time (1),26,24,2
S01010693,Economically active: Self-employed: Full-time (1),65,59,6
S01010693,Economically active: Unemployed (1),10,9,1
S01010693,Economically inactive,134,126,8
S01010694,All people aged 16 and over,520,502,18
S01010694,Economically active: Total,256,246,10
S01010694,Economically active: Employee: Total,177,168,9
S01010694,Economically active: Employee: Part-time (1),54,50,4
S01010694,Economically active: Employee: Full-time (1),123,118,5
S01010694,Economically active: Self-employed: Total,70,69,1
S01010694,Economically active: Self-employed: Part-time (1),25,25,0
S01010694,Economically active: Self-employed: Full-time (1),45,44,1
S01010694,Economically active: Unemployed (1),9,9,0
S01010694,Economically inactive,264,256,8
S01010695,All people aged 16 and over,614,592,22
S01010695,Economically active: Total,410,395,15
S01010695,Economically active: Employee: Total,288,280,8
S01010695,Economically active: Employee: Part-time (1),85,84,1
S01010695,Economically active: Employee: Full-time (1),203,196,7
S01010695,Economically active: Self-employed: Total,99,93,6
S01010695,Economically active: Self-employed: Part-time (1),25,22,3
S01010695,Economically active: Self-employed: Full-time (1),74,71,3
S01010695,Economically active: Unemployed (1),23,22,1
S01010695,Economically inactive,204,197,7
S01010696,All people aged 16 and over,838,775,63
S01010696,Economically active: Total,542,493,49
S01010696,Economically active: Employee: Total,424,379,45
S01010696,Economically active: Employee: Part-time (1),106,98,8
S01010696,Economically active: Employee: Full-time (1),318,281,37
S01010696,Economically active: Self-employed: Total,99,95,4
S01010696,Economically active: Self-employed: Part-time (1),33,32,1
S01010696,Economically active: Self-employed: Full-time (1),66,63,3
S01010696,Economically active: Unemployed (1),19,19,0
S01010696,Economically inactive,296,282,14
S01010697,All people aged 16 and over,921,887,34
S01010697,Economically active: Total,546,522,24
S01010697,Economically active: Employee: Total,414,398,16
S01010697,Economically active: Employee: Part-time (1),117,113,4
S01010697,Economically active: Employee: Full-time (1),297,285,12
S01010697,Economically active: Self-employed: Total,114,106,8
S01010697,Economically active: Self-employed: Part-time (1),33,29,4
S01010697,Economically active: Self-employed: Full-time (1),81,77,4
S01010697,Economically active: Unemployed (1),18,18,0
S01010697,Economically inactive,375,365,10
S01010698,All people aged 16 and over,610,572,38
S01010698,Economically active: Total,378,350,28
S01010698,Economically active: Employee: Total,252,233,19
S01010698,Economically active: Employee: Part-time (1),82,76,6
S01010698,Economically active: Employee: Full-time (1),170,157,13
S01010698,Economically active: Self-employed: Total,102,94,8
S01010698,Economically active: Self-employed: Part-time (1),28,27,1
S01010698,Economically active: Self-employed: Full-time (1),74,67,7
S01010698,Economically active: Unemployed (1),24,23,1
S01010698,Economically inactive,232,222,10
S01010699,All people aged 16 and over,491,460,31
S01010699,Economically active: Total,351,329,22
S01010699,Economically active: Employee: Total,257,242,15
S01010699,Economically active: Employee: Part-time (1),86,80,6
S01010699,Economically active: Employee: Full-time (1),171,162,9
S01010699,Economically active: Self-employed: Total,79,74,5
S01010699,Economically active: Self-employed: Part-time (1),29,27,2
S01010699,Economically active: Self-employed: Full-time (1),50,47,3
S01010699,Economically active: Unemployed (1),15,13,2
S01010699,Economically inactive,140,131,9
S01010700,All people aged 16 and over,503,478,25
S01010700,Economically active: Total,343,324,19
S01010700,Economically active: Employee: Total,255,244,11
S01010700,Economically active: Employee: Part-time (1),82,77,5
S01010700,Economically active: Employee: Full-time (1),173,167,6
S01010700,Economically active: Self-employed: Total,71,64,7
S01010700,Economically active: Self-employed: Part-time (1),22,18,4
S01010700,Economically active: Self-employed: Full-time (1),49,46,3
S01010700,Economically active: Unemployed (1),17,16,1
S01010700,Economically inactive,160,154,6
S01010701,All people aged 16 and over,841,808,33
S01010701,Economically active: Total,577,556,21
S01010701,Economically active: Employee: Total,478,460,18
S01010701,Economically active: Employee: Part-time (1),134,130,4
S01010701,Economically active: Employee: Full-time (1),344,330,14
S01010701,Economically active: Self-employed: Total,74,71,3
S01010701,Economically active: Self-employed: Part-time (1),17,15,2
S01010701,Economically active: Self-employed: Full-time (1),57,56,1
S01010701,Economically active: Unemployed (1),25,25,0
S01010701,Economically inactive,264,252,12
S01010702,All people aged 16 and over,875,821,54
S01010702,Economically active: Total,537,495,42
S01010702,Economically active: Employee: Total,404,372,32
S01010702,Economically active: Employee: Part-time (1),96,85,11
S01010702,Economically active: Employee: Full-time (1),308,287,21
S01010702,Economically active: Self-employed: Total,111,101,10
S01010702,Economically active: Self-employed: Part-time (1),22,18,4
S01010702,Economically active: Self-employed: Full-time (1),89,83,6
S01010702,Economically active: Unemployed (1),22,22,0
S01010702,Economically inactive,338,326,12
S01010703,All people aged 16 and over,708,677,31
S01010703,Economically active: Total,469,444,25
S01010703,Economically active: Employee: Total,341,322,19
S01010703,Economically active: Employee: Part-time (1),105,99,6
S01010703,Economically active: Employee: Full-time (1),236,223,13
S01010703,Economically active: Self-employed: Total,112,107,5
S01010703,Economically active: Self-employed: Part-time (1),28,26,2
S01010703,Economically active: Self-employed: Full-time (1),84,81,3
S01010703,Economically active: Unemployed (1),16,15,1
S01010703,Economically inactive,239,233,6
S01010704,All people aged 16 and over,537,508,29
S01010704,Economically active: Total,310,288,22
S01010704,Economically active: Employee: Total,267,248,19
S01010704,Economically active: Employee: Part-time (1),72,71,1
S01010704,Economically active: Employee: Full-time (1),195,177,18
S01010704,Economically active: Self-employed: Total,33,30,3
S01010704,Economically active: Self-employed: Part-time (1),10,10,0
S01010704,Economically active: Self-employed: Full-time (1),23,20,3
S01010704,Economically active: Unemployed (1),10,10,0
S01010704,Economically inactive,227,220,7
S01010705,All people aged 16 and over,897,860,37
S01010705,Economically active: Total,587,560,27
S01010705,Economically active: Employee: Total,470,449,21
S01010705,Economically active: Employee: Part-time (1),114,109,5
S01010705,Economically active: Employee: Full-time (1),356,340,16
S01010705,Economically active: Self-employed: Total,78,74,4
S01010705,Economically active: Self-employed: Part-time (1),18,16,2
S01010705,Economically active: Self-employed: Full-time (1),60,58,2
S01010705,Economically active: Unemployed (1),39,37,2
S01010705,Economically inactive,310,300,10
S01010706,All people aged 16 and over,553,528,25
S01010706,Economically active: Total,347,326,21
S01010706,Economically active: Employee: Total,279,265,14
S01010706,Economically active: Employee: Part-time (1),76,72,4
S01010706,Economically active: Employee: Full-time (1),203,193,10
S01010706,Economically active: Self-employed: Total,37,33,4
S01010706,Economically active: Self-employed: Part-time (1),5,4,1
S01010706,Economically active: Self-employed: Full-time (1),32,29,3
S01010706,Economically active: Unemployed (1),31,28,3
S01010706,Economically inactive,206,202,4
S01010707,All people aged 16 and over,593,567,26
S01010707,Economically active: Total,390,375,15
S01010707,Economically active: Employee: Total,281,273,8
S01010707,Economically active: Employee: Part-time (1),76,74,2
S01010707,Economically active: Employee: Full-time (1),205,199,6
S01010707,Economically active: Self-employed: Total,100,95,5
S01010707,Economically active: Self-employed: Part-time (1),34,30,4
S01010707,Economically active: Self-employed: Full-time (1),66,65,1
S01010707,Economically active: Unemployed (1),9,7,2
S01010707,Economically inactive,203,192,11
S01010708,All people aged 16 and over,464,447,17
S01010708,Economically active: Total,305,292,13
S01010708,Economically active: Employee: Total,241,232,9
S01010708,Economically active: Employee: Part-time (1),72,68,4
S01010708,Economically active: Employee: Full-time (1),169,164,5
S01010708,Economically active: Self-employed: Total,50,47,3
S01010708,Economically active: Self-employed: Part-time (1),16,15,1
S01010708,Economically active: Self-employed: Full-time (1),34,32,2
S01010708,Economically active: Unemployed (1),14,13,1
S01010708,Economically inactive,159,155,4
S01010709,All people aged 16 and over,591,575,16
S01010709,Economically active: Total,420,409,11
S01010709,Economically active: Employee: Total,351,344,7
S01010709,Economically active: Employee: Part-time (1),96,94,2
S01010709,Economically active: Employee: Full-time (1),255,250,5
S01010709,Economically active: Self-employed: Total,51,48,3
S01010709,Economically active: Self-employed: Part-time (1),13,12,1
S01010709,Economically active: Self-employed: Full-time (1),38,36,2
S01010709,Economically active: Unemployed (1),18,17,1
S01010709,Economically inactive,171,166,5
S01010710,All people aged 16 and over,610,597,13
S01010710,Economically active: Total,391,386,5
S01010710,Economically active: Employee: Total,319,314,5
S01010710,Economically active: Employee: Part-time (1),110,107,3
S01010710,Economically active: Employee: Full-time (1),209,207,2
S01010710,Economically active: Self-employed: Total,26,26,0
S01010710,Economically active: Self-employed: Part-time (1),8,8,0
S01010710,Economically active: Self-employed: Full-time (1),18,18,0
S01010710,Economically active: Unemployed (1),46,46,0
S01010710,Economically inactive,219,211,8
S01010711,All people aged 16 and over,618,600,18
S01010711,Economically active: Total,394,382,12
S01010711,Economically active: Employee: Total,334,324,10
S01010711,Economically active: Employee: Part-time (1),101,99,2
S01010711,Economically active: Employee: Full-time (1),233,225,8
S01010711,Economically active: Self-employed: Total,51,49,2
S01010711,Economically active: Self-employed: Part-time (1),13,12,1
S01010711,Economically active: Self-employed: Full-time (1),38,37,1
S01010711,Economically active: Unemployed (1),9,9,0
S01010711,Economically inactive,224,218,6
S01010712,All people aged 16 and over,556,528,28
S01010712,Economically active: Total,385,362,23
S01010712,Economically active: Employee: Total,331,309,22
S01010712,Economically active: Employee: Part-time (1),108,101,7
S01010712,Economically active: Employee: Full-time (1),223,208,15
S01010712,Economically active: Self-employed: Total,27,27,0
S01010712,Economically active: Self-employed: Part-time (1),9,9,0
S01010712,Economically active: Self-employed: Full-time (1),18,18,0
S01010712,Economically active: Unemployed (1),27,26,1
S01010712,Economically inactive,171,166,5
S01010713,All people aged 16 and over,633,584,49
S01010713,Economically active: Total,453,416,37
S01010713,Economically active: Employee: Total,394,359,35
S01010713,Economically active: Employee: Part-time (1),115,109,6
S01010713,Economically active: Employee: Full-time (1),279,250,29
S01010713,Economically active: Self-employed: Total,29,28,1
S01010713,Economically active: Self-employed: Part-time (1),9,9,0
S01010713,Economically active: Self-employed: Full-time (1),20,19,1
S01010713,Economically active: Unemployed (1),30,29,1
S01010713,Economically inactive,180,168,12
S01010714,All people aged 16 and over,613,567,46
S01010714,Economically active: Total,344,311,33
S01010714,Economically active: Employee: Total,292,261,31
S01010714,Economically active: Employee: Part-time (1),92,84,8
S01010714,Economically active: Employee: Full-time (1),200,177,23
S01010714,Economically active: Self-employed: Total,26,24,2
S01010714,Economically active: Self-employed: Part-time (1),11,11,0
S01010714,Economically active: Self-employed: Full-time (1),15,13,2
S01010714,Economically active: Unemployed (1),26,26,0
S01010714,Economically inactive,269,256,13
S01010715,All people aged 16 and over,588,553,35
S01010715,Economically active: Total,373,345,28
S01010715,Economically active: Employee: Total,309,284,25
S01010715,Economically active: Employee: Part-time (1),96,89,7
S01010715,Economically active: Employee: Full-time (1),213,195,18
S01010715,Economically active: Self-employed: Total,35,33,2
S01010715,Economically active: Self-employed: Part-time (1),8,8,0
S01010715,Economically active: Self-employed: Full-time (1),27,25,2
S01010715,Economically active: Unemployed (1),29,28,1
S01010715,Economically inactive,215,208,7
S01010716,All people aged 16 and over,782,669,113
S01010716,Economically active: Total,493,400,93
S01010716,Economically active: Employee: Total,405,327,78
S01010716,Economically active: Employee: Part-time (1),102,87,15
S01010716,Economically active: Employee: Full-time (1),303,240,63
S01010716,Economically active: Self-employed: Total,48,39,9
S01010716,Economically active: Self-employed: Part-time (1),13,11,2
S01010716,Economically active: Self-employed: Full-time (1),35,28,7
S01010716,Economically active: Unemployed (1),40,34,6
S01010716,Economically inactive,289,269,20
S01010717,All people aged 16 and over,539,514,25
S01010717,Economically active: Total,325,306,19
S01010717,Economically active: Employee: Total,282,265,17
S01010717,Economically active: Employee: Part-time (1),76,74,2
S01010717,Economically active: Employee: Full-time (1),206,191,15
S01010717,Economically active: Self-employed: Total,34,33,1
S01010717,Economically active: Self-employed: Part-time (1),11,10,1
S01010717,Economically active: Self-employed: Full-time (1),23,23,0
S01010717,Economically active: Unemployed (1),9,8,1
S01010717,Economically inactive,214,208,6
S01010718,All people aged 16 and over,755,707,48
S01010718,Economically active: Total,530,490,40
S01010718,Economically active: Employee: Total,428,396,32
S01010718,Economically active: Employee: Part-time (1),133,122,11
S01010718,Economically active: Employee: Full-time (1),295,274,21
S01010718,Economically active: Self-employed: Total,72,66,6
S01010718,Economically active: Self-employed: Part-time (1),10,8,2
S01010718,Economically active: Self-employed: Full-time (1),62,58,4
S01010718,Economically active: Unemployed (1),30,28,2
S01010718,Economically inactive,225,217,8
S01010719,All people aged 16 and over,564,531,33
S01010719,Economically active: Total,332,318,14
S01010719,Economically active: Employee: Total,264,254,10
S01010719,Economically active: Employee: Part-time (1),81,78,3
S01010719,Economically active: Employee: Full-time (1),183,176,7
S01010719,Economically active: Self-employed: Total,55,51,4
S01010719,Economically active: Self-employed: Part-time (1),17,16,1
S01010719,Economically active: Self-employed: Full-time (1),38,35,3
S01010719,Economically active: Unemployed (1),13,13,0
S01010719,Economically inactive,232,213,19
S01010720,All people aged 16 and over,629,608,21
S01010720,Economically active: Total,338,324,14
S01010720,Economically active: Employee: Total,261,252,9
S01010720,Economically active: Employee: Part-time (1),90,86,4
S01010720,Economically active: Employee: Full-time (1),171,166,5
S01010720,Economically active: Self-employed: Total,65,62,3
S01010720,Economically active: Self-employed: Part-time (1),33,30,3
S01010720,Economically active: Self-employed: Full-time (1),32,32,0
S01010720,Economically active: Unemployed (1),12,10,2
S01010720,Economically inactive,291,284,7
S01010721,All people aged 16 and over,546,510,36
S01010721,Economically active: Total,335,311,24
S01010721,Economically active: Employee: Total,242,228,14
S01010721,Economically active: Employee: Part-time (1),84,80,4
S01010721,Economically active: Employee: Full-time (1),158,148,10
S01010721,Economically active: Self-employed: Total,79,69,10
S01010721,Economically active: Self-employed: Part-time (1),24,20,4
S01010721,Economically active: Self-employed: Full-time (1),55,49,6
S01010721,Economically active: Unemployed (1),14,14,0
S01010721,Economically inactive,211,199,12
S01010722,All people aged 16 and over,710,681,29
S01010722,Economically active: Total,438,414,24
S01010722,Economically active: Employee: Total,342,329,13
S01010722,Economically active: Employee: Part-time (1),85,84,1
S01010722,Economically active: Employee: Full-time (1),257,245,12
S01010722,Economically active: Self-employed: Total,68,58,10
S01010722,Economically active: Self-employed: Part-time (1),24,20,4
S01010722,Economically active: Self-employed: Full-time (1),44,38,6
S01010722,Economically active: Unemployed (1),28,27,1
S01010722,Economically inactive,272,267,5
S01010723,All people aged 16 and over,710,658,52
S01010723,Economically active: Total,504,470,34
S01010723,Economically active: Employee: Total,368,344,24
S01010723,Economically active: Employee: Part-time (1),107,95,12
S01010723,Economically active: Employee: Full-time (1),261,249,12
S01010723,Economically active: Self-employed: Total,118,111,7
S01010723,Economically active: Self-employed: Part-time (1),32,30,2
S01010723,Economically active: Self-employed: Full-time (1),86,81,5
S01010723,Economically active: Unemployed (1),18,15,3
S01010723,Economically inactive,206,188,18
S01010724,All people aged 16 and over,706,672,34
S01010724,Economically active: Total,490,466,24
S01010724,Economically active: Employee: Total,382,364,18
S01010724,Economically active: Employee: Part-time (1),119,114,5
S01010724,Economically active: Employee: Full-time (1),263,250,13
S01010724,Economically active: Self-employed: Total,92,87,5
S01010724,Economically active: Self-employed: Part-time (1),26,23,3
S01010724,Economically active: Self-employed: Full-time (1),66,64,2
S01010724,Economically active: Unemployed (1),16,15,1
S01010724,Economically inactive,216,206,10
S01010725,All people aged 16 and over,600,571,29
S01010725,Economically active: Total,409,391,18
S01010725,Economically active: Employee: Total,276,262,14
S01010725,Economically active: Employee: Part-time (1),85,82,3
S01010725,Economically active: Employee: Full-time (1),191,180,11
S01010725,Economically active: Self-employed: Total,121,118,3
S01010725,Economically active: Self-employed: Part-time (1),29,28,1
S01010725,Economically active: Self-employed: Full-time (1),92,90,2
S01010725,Economically active: Unemployed (1),12,11,1
S01010725,Economically inactive,191,180,11
S01010726,All people aged 16 and over,794,767,27
S01010726,Economically active: Total,460,442,18
S01010726,Economically active: Employee: Total,358,345,13
S01010726,Economically active: Employee: Part-time (1),118,115,3
S01010726,Economically active: Employee: Full-time (1),240,230,10
S01010726,Economically active: Self-employed: Total,75,71,4
S01010726,Economically active: Self-employed: Part-time (1),14,13,1
S01010726,Economically active: Self-employed: Full-time (1),61,58,3
S01010726,Economically active: Unemployed (1),27,26,1
S01010726,Economically inactive,334,325,9
S01010727,All people aged 16 and over,528,515,13
S01010727,Economically active: Total,326,315,11
S01010727,Economically active: Employee: Total,237,230,7
S01010727,Economically active: Employee: Part-time (1),77,75,2
S01010727,Economically active: Employee: Full-time (1),160,155,5
S01010727,Economically active: Self-employed: Total,71,68,3
S01010727,Economically active: Self-employed: Part-time (1),27,26,1
S01010727,Economically active: Self-employed: Full-time (1),44,42,2
S01010727,Economically active: Unemployed (1),18,17,1
S01010727,Economically inactive,202,200,2
S01010728,All people aged 16 and over,418,400,18
S01010728,Economically active: Total,263,252,11
S01010728,Economically active: Employee: Total,213,205,8
S01010728,Economically active: Employee: Part-time (1),57,54,3
S01010728,Economically active: Employee: Full-time (1),156,151,5
S01010728,Economically active: Self-employed: Total,42,39,3
S01010728,Economically active: Self-employed: Part-time (1),13,12,1
S01010728,Economically active: Self-employed: Full-time (1),29,27,2
S01010728,Economically active: Unemployed (1),8,8,0
S01010728,Economically inactive,155,148,7
S01010729,All people aged 16 and over,590,572,18
S01010729,Economically active: Total,413,401,12
S01010729,Economically active: Employee: Total,317,309,8
S01010729,Economically active: Employee: Part-time (1),102,98,4
S01010729,Economically active: Employee: Full-time (1),215,211,4
S01010729,Economically active: Self-employed: Total,87,83,4
S01010729,Economically active: Self-employed: Part-time (1),24,22,2
S01010729,Economically active: Self-employed: Full-time (1),63,61,2
S01010729,Economically active: Unemployed (1),9,9,0
S01010729,Economically inactive,177,171,6
S01010730,All people aged 16 and over,698,661,37
S01010730,Economically active: Total,469,443,26
S01010730,Economically active: Employee: Total,342,322,20
S01010730,Economically active: Employee: Part-time (1),101,95,6
S01010730,Economically active: Employee: Full-time (1),241,227,14
S01010730,Economically active: Self-employed: Total,112,107,5
S01010730,Economically active: Self-employed: Part-time (1),29,26,3
S01010730,Economically active: Self-employed: Full-time (1),83,81,2
S01010730,Economically active: Unemployed (1),15,14,1
S01010730,Economically inactive,229,218,11
S01010731,All people aged 16 and over,752,703,49
S01010731,Economically active: Total,488,455,33
S01010731,Economically active: Employee: Total,351,331,20
S01010731,Economically active: Employee: Part-time (1),111,108,3
S01010731,Economically active: Employee: Full-time (1),240,223,17
S01010731,Economically active: Self-employed: Total,94,83,11
S01010731,Economically active: Self-employed: Part-time (1),28,24,4
S01010731,Economically active: Self-employed: Full-time (1),66,59,7
S01010731,Economically active: Unemployed (1),43,41,2
S01010731,Economically inactive,264,248,16
S01010732,All people aged 16 and over,651,606,45
S01010732,Economically active: Total,395,361,34
S01010732,Economically active: Employee: Total,324,300,24
S01010732,Economically active: Employee: Part-time (1),113,106,7
S01010732,Economically active: Employee: Full-time (1),211,194,17
S01010732,Economically active: Self-employed: Total,31,25,6
S01010732,Economically active: Self-employed: Part-time (1),11,8,3
S01010732,Economically active: Self-employed: Full-time (1),20,17,3
S01010732,Economically active: Unemployed (1),40,36,4
S01010732,Economically inactive,256,245,11
S01010733,All people aged 16 and over,437,414,23
S01010733,Economically active: Total,267,248,19
S01010733,Economically active: Employee: Total,215,197,18
S01010733,Economically active: Employee: Part-time (1),62,58,4
S01010733,Economically active: Employee: Full-time (1),153,139,14
S01010733,Economically active: Self-employed: Total,18,17,1
S01010733,Economically active: Self-employed: Part-time (1),6,6,0
S01010733,Economically active: Self-employed: Full-time (1),12,11,1
S01010733,Economically active: Unemployed (1),34,34,0
S01010733,Economically inactive,170,166,4
S01010734,All people aged 16 and over,723,695,28
S01010734,Economically active: Total,436,415,21
S01010734,Economically active: Employee: Total,347,328,19
S01010734,Economically active: Employee: Part-time (1),106,99,7
S01010734,Economically active: Employee: Full-time (1),241,229,12
S01010734,Economically active: Self-employed: Total,37,35,2
S01010734,Economically active: Self-employed: Part-time (1),12,10,2
S01010734,Economically active: Self-employed: Full-time (1),25,25,0
S01010734,Economically active: Unemployed (1),52,52,0
S01010734,Economically inactive,287,280,7
S01010735,All people aged 16 and over,455,387,68
S01010735,Economically active: Total,296,237,59
S01010735,Economically active: Employee: Total,234,185,49
S01010735,Economically active: Employee: Part-time (1),58,48,10
S01010735,Economically active: Employee: Full-time (1),176,137,39
S01010735,Economically active: Self-employed: Total,19,16,3
S01010735,Economically active: Self-employed: Part-time (1),8,7,1
S01010735,Economically active: Self-employed: Full-time (1),11,9,2
S01010735,Economically active: Unemployed (1),43,36,7
S01010735,Economically inactive,159,150,9
S01010736,All people aged 16 and over,419,407,12
S01010736,Economically active: Total,260,253,7
S01010736,Economically active: Employee: Total,221,215,6
S01010736,Economically active: Employee: Part-time (1),55,53,2
S01010736,Economically active: Employee: Full-time (1),166,162,4
S01010736,Economically active: Self-employed: Total,29,28,1
S01010736,Economically active: Self-employed: Part-time (1),5,5,0
S01010736,Economically active: Self-employed: Full-time (1),24,23,1
S01010736,Economically active: Unemployed (1),10,10,0
S01010736,Economically inactive,159,154,5
S01010737,All people aged 16 and over,889,836,53
S01010737,Economically active: Total,512,480,32
S01010737,Economically active: Employee: Total,426,399,27
S01010737,Economically active: Employee: Part-time (1),117,106,11
S01010737,Economically active: Employee: Full-time (1),309,293,16
S01010737,Economically active: Self-employed: Total,48,43,5
S01010737,Economically active: Self-employed: Part-time (1),9,8,1
S01010737,Economically active: Self-employed: Full-time (1),39,35,4
S01010737,Economically active: Unemployed (1),38,38,0
S01010737,Economically inactive,377,356,21
S01010738,All people aged 16 and over,458,444,14
S01010738,Economically active: Total,281,272,9
S01010738,Economically active: Employee: Total,246,238,8
S01010738,Economically active: Employee: Part-time (1),85,84,1
S01010738,Economically active: Employee: Full-time (1),161,154,7
S01010738,Economically active: Self-employed: Total,19,18,1
S01010738,Economically active: Self-employed: Part-time (1),4,4,0
S01010738,Economically active: Self-employed: Full-time (1),15,14,1
S01010738,Economically active: Unemployed (1),16,16,0
S01010738,Economically inactive,177,172,5
S01010739,All people aged 16 and over,695,642,53
S01010739,Economically active: Total,457,416,41
S01010739,Economically active: Employee: Total,370,335,35
S01010739,Economically active: Employee: Part-time (1),99,93,6
S01010739,Economically active: Employee: Full-time (1),271,242,29
S01010739,Economically active: Self-employed: Total,45,43,2
S01010739,Economically active: Self-employed: Part-time (1),13,13,0
S01010739,Economically active: Self-employed: Full-time (1),32,30,2
S01010739,Economically active: Unemployed (1),42,38,4
S01010739,Economically inactive,238,226,12
S01010740,All people aged 16 and over,387,377,10
S01010740,Economically active: Total,220,215,5
S01010740,Economically active: Employee: Total,175,171,4
S01010740,Economically active: Employee: Part-time (1),59,59,0
S01010740,Economically active: Employee: Full-time (1),116,112,4
S01010740,Economically active: Self-employed: Total,12,11,1
S01010740,Economically active: Self-employed: Part-time (1),5,4,1
S01010740,Economically active: Self-employed: Full-time (1),7,7,0
S01010740,Economically active: Unemployed (1),33,33,0
S01010740,Economically inactive,167,162,5
S01010741,All people aged 16 and over,513,490,23
S01010741,Economically active: Total,279,266,13
S01010741,Economically active: Employee: Total,220,209,11
S01010741,Economically active: Employee: Part-time (1),56,53,3
S01010741,Economically active: Employee: Full-time (1),164,156,8
S01010741,Economically active: Self-employed: Total,42,40,2
S01010741,Economically active: Self-employed: Part-time (1),8,8,0
S01010741,Economically active: Self-employed: Full-time (1),34,32,2
S01010741,Economically active: Unemployed (1),17,17,0
S01010741,Economically inactive,234,224,10
S01010742,All people aged 16 and over,571,543,28
S01010742,Economically active: Total,368,344,24
S01010742,Economically active: Employee: Total,326,305,21
S01010742,Economically active: Employee: Part-time (1),86,80,6
S01010742,Economically active: Employee: Full-time (1),240,225,15
S01010742,Economically active: Self-employed: Total,11,11,0
S01010742,Economically active: Self-employed: Part-time (1),3,3,0
S01010742,Economically active: Self-employed: Full-time (1),8,8,0
S01010742,Economically active: Unemployed (1),31,28,3
S01010742,Economically inactive,203,199,4
S01010743,All people aged 16 and over,531,510,21
S01010743,Economically active: Total,318,303,15
S01010743,Economically active: Employee: Total,268,255,13
S01010743,Economically active: Employee: Part-time (1),87,83,4
S01010743,Economically active: Employee: Full-time (1),181,172,9
S01010743,Economically active: Self-employed: Total,13,12,1
S01010743,Economically active: Self-employed: Part-time (1),3,2,1
S01010743,Economically active: Self-employed: Full-time (1),10,10,0
S01010743,Economically active: Unemployed (1),37,36,1
S01010743,Economically inactive,213,207,6
S01010744,All people aged 16 and over,901,875,26
S01010744,Economically active: Total,558,540,18
S01010744,Economically active: Employee: Total,458,446,12
S01010744,Economically active: Employee: Part-time (1),131,130,1
S01010744,Economically active: Employee: Full-time (1),327,316,11
S01010744,Economically active: Self-employed: Total,60,57,3
S01010744,Economically active: Self-employed: Part-time (1),20,18,2
S01010744,Economically active: Self-employed: Full-time (1),40,39,1
S01010744,Economically active: Unemployed (1),40,37,3
S01010744,Economically inactive,343,335,8
S01010745,All people aged 16 and over,529,500,29
S01010745,Economically active: Total,315,295,20
S01010745,Economically active: Employee: Total,249,234,15
S01010745,Economically active: Employee: Part-time (1),63,57,6
S01010745,Economically active: Employee: Full-time (1),186,177,9
S01010745,Economically active: Self-employed: Total,36,32,4
S01010745,Economically active: Self-employed: Part-time (1),5,3,2
S01010745,Economically active: Self-employed: Full-time (1),31,29,2
S01010745,Economically active: Unemployed (1),30,29,1
S01010745,Economically inactive,214,205,9
S01010746,All people aged 16 and over,842,799,43
S01010746,Economically active: Total,551,519,32
S01010746,Economically active: Employee: Total,402,382,20
S01010746,Economically active: Employee: Part-time (1),118,110,8
S01010746,Economically active: Employee: Full-time (1),284,272,12
S01010746,Economically active: Self-employed: Total,113,105,8
S01010746,Economically active: Self-employed: Part-time (1),23,21,2
S01010746,Economically active: Self-employed: Full-time (1),90,84,6
S01010746,Economically active: Unemployed (1),36,32,4
S01010746,Economically inactive,291,280,11
S01010747,All people aged 16 and over,660,624,36
S01010747,Economically active: Total,414,391,23
S01010747,Economically active: Employee: Total,336,318,18
S01010747,Economically active: Employee: Part-time (1),122,117,5
S01010747,Economically active: Employee: Full-time (1),214,201,13
S01010747,Economically active: Self-employed: Total,44,41,3
S01010747,Economically active: Self-employed: Part-time (1),16,14,2
S01010747,Economically active: Self-employed: Full-time (1),28,27,1
S01010747,Economically active: Unemployed (1),34,32,2
S01010747,Economically inactive,246,233,13
S01010748,All people aged 16 and over,526,504,22
S01010748,Economically active: Total,311,298,13
S01010748,Economically active: Employee: Total,226,219,7
S01010748,Economically active: Employee: Part-time (1),66,65,1
S01010748,Economically active: Employee: Full-time (1),160,154,6
S01010748,Economically active: Self-employed: Total,70,65,5
S01010748,Economically active: Self-employed: Part-time (1),19,18,1
S01010748,Economically active: Self-employed: Full-time (1),51,47,4
S01010748,Economically active: Unemployed (1),15,14,1
S01010748,Economically inactive,215,206,9
S01010749,All people aged 16 and over,504,489,15
S01010749,Economically active: Total,318,308,10
S01010749,Economically active: Employee: Total,237,229,8
S01010749,Economically active: Employee: Part-time (1),79,77,2
S01010749,Economically active: Employee: Full-time (1),158,152,6
S01010749,Economically active: Self-employed: Total,58,56,2
S01010749,Economically active: Self-employed: Part-time (1),14,13,1
S01010749,Economically active: Self-employed: Full-time (1),44,43,1
S01010749,Economically active: Unemployed (1),23,23,0
S01010749,Economically inactive,186,181,5
S01010750,All people aged 16 and over,542,517,25
S01010750,Economically active: Total,304,288,16
S01010750,Economically active: Employee: Total,201,191,10
S01010750,Economically active: Employee: Part-time (1),62,61,1
S01010750,Economically active: Employee: Full-time (1),139,130,9
S01010750,Economically active: Self-employed: Total,81,77,4
S01010750,Economically active: Self-employed: Part-time (1),20,20,0
S01010750,Economically active: Self-employed: Full-time (1),61,57,4
S01010750,Economically active: Unemployed (1),22,20,2
S01010750,Economically inactive,238,229,9
S01010751,All people aged 16 and over,583,556,27
S01010751,Economically active: Total,328,313,15
S01010751,Economically active: Employee: Total,237,226,11
S01010751,Economically active: Employee: Part-time (1),85,83,2
S01010751,Economically active: Employee: Full-time (1),152,143,9
S01010751,Economically active: Self-employed: Total,45,42,3
S01010751,Economically active: Self-employed: Part-time (1),15,13,2
S01010751,Economically active: Self-employed: Full-time (1),30,29,1
S01010751,Economically active: Unemployed (1),46,45,1
S01010751,Economically inactive,255,243,12
S01010752,All people aged 16 and over,586,550,36
S01010752,Economically active: Total,376,349,27
S01010752,Economically active: Employee: Total,298,276,22
S01010752,Economically active: Employee: Part-time (1),84,80,4
S01010752,Economically active: Employee: Full-time (1),214,196,18
S01010752,Economically active: Self-employed: Total,37,36,1
S01010752,Economically active: Self-employed: Part-time (1),11,10,1
S01010752,Economically active: Self-employed: Full-time (1),26,26,0
S01010752,Economically active: Unemployed (1),41,37,4
S01010752,Economically inactive,210,201,9
S01010753,All people aged 16 and over,799,774,25
S01010753,Economically active: Total,510,492,18
S01010753,Economically active: Employee: Total,370,355,15
S01010753,Economically active: Employee: Part-time (1),122,116,6
S01010753,Economically active: Employee: Full-time (1),248,239,9
S01010753,Economically active: Self-employed: Total,81,78,3
S01010753,Economically active: Self-employed: Part-time (1),25,23,2
S01010753,Economically active: Self-employed: Full-time (1),56,55,1
S01010753,Economically active: Unemployed (1),59,59,0
S01010753,Economically inactive,289,282,7
S01010754,All people aged 16 and over,572,533,39
S01010754,Economically active: Total,313,283,30
S01010754,Economically active: Employee: Total,245,222,23
S01010754,Economically active: Employee: Part-time (1),71,67,4
S01010754,Economically active: Employee: Full-time (1),174,155,19
S01010754,Economically active: Self-employed: Total,47,41,6
S01010754,Economically active: Self-employed: Part-time (1),14,12,2
S01010754,Economically active: Self-employed: Full-time (1),33,29,4
S01010754,Economically active: Unemployed (1),21,20,1
S01010754,Economically inactive,259,250,9
S01010755,All people aged 16 and over,542,518,24
S01010755,Economically active: Total,322,305,17
S01010755,Economically active: Employee: Total,266,250,16
S01010755,Economically active: Employee: Part-time (1),89,82,7
S01010755,Economically active: Employee: Full-time (1),177,168,9
S01010755,Economically active: Self-employed: Total,40,40,0
S01010755,Economically active: Self-employed: Part-time (1),12,12,0
S01010755,Economically active: Self-employed: Full-time (1),28,28,0
S01010755,Economically active: Unemployed (1),16,15,1
S01010755,Economically inactive,220,213,7
S01010756,All people aged 16 and over,544,522,22
S01010756,Economically active: Total,346,334,12
S01010756,Economically active: Employee: Total,272,263,9
S01010756,Economically active: Employee: Part-time (1),86,81,5
S01010756,Economically active: Employee: Full-time (1),186,182,4
S01010756,Economically active: Self-employed: Total,60,57,3
S01010756,Economically active: Self-employed: Part-time (1),12,11,1
S01010756,Economically active: Self-employed: Full-time (1),48,46,2
S01010756,Economically active: Unemployed (1),14,14,0
S01010756,Economically inactive,198,188,10
S01010757,All people aged 16 and over,659,625,34
S01010757,Economically active: Total,378,356,22
S01010757,Economically active: Employee: Total,270,253,17
S01010757,Economically active: Employee: Part-time (1),71,64,7
S01010757,Economically active: Employee: Full-time (1),199,189,10
S01010757,Economically active: Self-employed: Total,88,84,4
S01010757,Economically active: Self-employed: Part-time (1),23,19,4
S01010757,Economically active: Self-employed: Full-time (1),65,65,0
S01010757,Economically active: Unemployed (1),20,19,1
S01010757,Economically inactive,281,269,12
S01010758,All people aged 16 and over,604,573,31
S01010758,Economically active: Total,317,293,24
S01010758,Economically active: Employee: Total,232,213,19
S01010758,Economically active: Employee: Part-time (1),76,69,7
S01010758,Economically active: Employee: Full-time (1),156,144,12
S01010758,Economically active: Self-employed: Total,67,63,4
S01010758,Economically active: Self-employed: Part-time (1),17,17,0
S01010758,Economically active: Self-employed: Full-time (1),50,46,4
S01010758,Economically active: Unemployed (1),18,17,1
S01010758,Economically inactive,287,280,7
S01010759,All people aged 16 and over,494,461,33
S01010759,Economically active: Total,307,279,28
S01010759,Economically active: Employee: Total,249,225,24
S01010759,Economically active: Employee: Part-time (1),67,65,2
S01010759,Economically active: Employee: Full-time (1),182,160,22
S01010759,Economically active: Self-employed: Total,43,40,3
S01010759,Economically active: Self-employed: Part-time (1),8,7,1
S01010759,Economically active: Self-employed: Full-time (1),35,33,2
S01010759,Economically active: Unemployed (1),15,14,1
S01010759,Economically inactive,187,182,5
S01010760,All people aged 16 and over,540,513,27
S01010760,Economically active: Total,251,236,15
S01010760,Economically active: Employee: Total,184,171,13
S01010760,Economically active: Employee: Part-time (1),53,49,4
S01010760,Economically active: Employee: Full-time (1),131,122,9
S01010760,Economically active: Self-employed: Total,41,40,1
S01010760,Economically active: Self-employed: Part-time (1),9,8,1
S01010760,Economically active: Self-employed: Full-time (1),32,32,0
S01010760,Economically active: Unemployed (1),26,25,1
S01010760,Economically inactive,289,277,12
S01010761,All people aged 16 and over,443,417,26
S01010761,Economically active: Total,296,276,20
S01010761,Economically active: Employee: Total,214,196,18
S01010761,Economically active: Employee: Part-time (1),64,61,3
S01010761,Economically active: Employee: Full-time (1),150,135,15
S01010761,Economically active: Self-employed: Total,61,59,2
S01010761,Economically active: Self-employed: Part-time (1),14,14,0
S01010761,Economically active: Self-employed: Full-time (1),47,45,2
S01010761,Economically active: Unemployed (1),21,21,0
S01010761,Economically inactive,147,141,6
S01010762,All people aged 16 and over,500,485,15
S01010762,Economically active: Total,292,281,11
S01010762,Economically active: Employee: Total,204,200,4
S01010762,Economically active: Employee: Part-time (1),60,60,0
S01010762,Economically active: Employee: Full-time (1),144,140,4
S01010762,Economically active: Self-employed: Total,74,69,5
S01010762,Economically active: Self-employed: Part-time (1),11,11,0
S01010762,Economically active: Self-employed: Full-time (1),63,58,5
S01010762,Economically active: Unemployed (1),14,12,2
S01010762,Economically inactive,208,204,4
S01010763,All people aged 16 and over,549,523,26
S01010763,Economically active: Total,334,315,19
S01010763,Economically active: Employee: Total,229,217,12
S01010763,Economically active: Employee: Part-time (1),76,71,5
S01010763,Economically active: Employee: Full-time (1),153,146,7
S01010763,Economically active: Self-employed: Total,82,76,6
S01010763,Economically active: Self-employed: Part-time (1),18,16,2
S01010763,Economically active: Self-employed: Full-time (1),64,60,4
S01010763,Economically active: Unemployed (1),23,22,1
S01010763,Economically inactive,215,208,7
S01010764,All people aged 16 and over,497,473,24
S01010764,Economically active: Total,278,269,9
S01010764,Economically active: Employee: Total,182,179,3
S01010764,Economically active: Employee: Part-time (1),62,61,1
S01010764,Economically active: Employee: Full-time (1),120,118,2
S01010764,Economically active: Self-employed: Total,87,81,6
S01010764,Economically active: Self-employed: Part-time (1),20,17,3
S01010764,Economically active: Self-employed: Full-time (1),67,64,3
S01010764,Economically active: Unemployed (1),9,9,0
S01010764,Economically inactive,219,204,15
S01010765,All people aged 16 and over,855,833,22
S01010765,Economically active: Total,482,467,15
S01010765,Economically active: Employee: Total,348,340,8
S01010765,Economically active: Employee: Part-time (1),123,118,5
S01010765,Economically active: Employee: Full-time (1),225,222,3
S01010765,Economically active: Self-employed: Total,108,102,6
S01010765,Economically active: Self-employed: Part-time (1),39,37,2
S01010765,Economically active: Self-employed: Full-time (1),69,65,4
S01010765,Economically active: Unemployed (1),26,25,1
S01010765,Economically inactive,373,366,7
S01010766,All people aged 16 and over,653,628,25
S01010766,Economically active: Total,345,328,17
S01010766,Economically active: Employee: Total,252,239,13
S01010766,Economically active: Employee: Part-time (1),80,78,2
S01010766,Economically active: Employee: Full-time (1),172,161,11
S01010766,Economically active: Self-employed: Total,64,62,2
S01010766,Economically active: Self-employed: Part-time (1),14,14,0
S01010766,Economically active: Self-employed: Full-time (1),50,48,2
S01010766,Economically active: Unemployed (1),29,27,2
S01010766,Economically inactive,308,300,8
S01010767,All people aged 16 and over,582,566,16
S01010767,Economically active: Total,324,311,13
S01010767,Economically active: Employee: Total,248,237,11
S01010767,Economically active: Employee: Part-time (1),82,78,4
S01010767,Economically active: Employee: Full-time (1),166,159,7
S01010767,Economically active: Self-employed: Total,39,37,2
S01010767,Economically active: Self-employed: Part-time (1),11,9,2
S01010767,Economically active: Self-employed: Full-time (1),28,28,0
S01010767,Economically active: Unemployed (1),37,37,0
S01010767,Economically inactive,258,255,3
S01010768,All people aged 16 and over,490,476,14
S01010768,Economically active: Total,261,254,7
S01010768,Economically active: Employee: Total,203,197,6
S01010768,Economically active: Employee: Part-time (1),67,64,3
S01010768,Economically active: Employee: Full-time (1),136,133,3
S01010768,Economically active: Self-employed: Total,33,33,0
S01010768,Economically active: Self-employed: Part-time (1),12,12,0
S01010768,Economically active: Self-employed: Full-time (1),21,21,0
S01010768,Economically active: Unemployed (1),25,24,1
S01010768,Economically inactive,229,222,7
S01010769,All people aged 16 and over,424,410,14
S01010769,Economically active: Total,238,228,10
S01010769,Economically active: Employee: Total,161,155,6
S01010769,Economically active: Employee: Part-time (1),47,43,4
S01010769,Economically active: Employee: Full-time (1),114,112,2
S01010769,Economically active: Self-employed: Total,65,62,3
S01010769,Economically active: Self-employed: Part-time (1),17,16,1
S01010769,Economically active: Self-employed: Full-time (1),48,46,2
S01010769,Economically active: Unemployed (1),12,11,1
S01010769,Economically inactive,186,182,4
S01010770,All people aged 16 and over,720,691,29
S01010770,Economically active: Total,460,441,19
S01010770,Economically active: Employee: Total,352,336,16
S01010770,Economically active: Employee: Part-time (1),129,127,2
S01010770,Economically active: Employee: Full-time (1),223,209,14
S01010770,Economically active: Self-employed: Total,79,76,3
S01010770,Economically active: Self-employed: Part-time (1),24,22,2
S01010770,Economically active: Self-employed: Full-time (1),55,54,1
S01010770,Economically active: Unemployed (1),29,29,0
S01010770,Economically inactive,260,250,10
S01010771,All people aged 16 and over,749,716,33
S01010771,Economically active: Total,379,359,20
S01010771,Economically active: Employee: Total,254,242,12
S01010771,Economically active: Employee: Part-time (1),92,87,5
S01010771,Economically active: Employee: Full-time (1),162,155,7
S01010771,Economically active: Self-employed: Total,89,82,7
S01010771,Economically active: Self-employed: Part-time (1),16,15,1
S01010771,Economically active: Self-employed: Full-time (1),73,67,6
S01010771,Economically active: Unemployed (1),36,35,1
S01010771,Economically inactive,370,357,13
S01010772,All people aged 16 and over,697,676,21
S01010772,Economically active: Total,379,368,11
S01010772,Economically active: Employee: Total,247,240,7
S01010772,Economically active: Employee: Part-time (1),76,72,4
S01010772,Economically active: Employee: Full-time (1),171,168,3
S01010772,Economically active: Self-employed: Total,90,88,2
S01010772,Economically active: Self-employed: Part-time (1),25,25,0
S01010772,Economically active: Self-employed: Full-time (1),65,63,2
S01010772,Economically active: Unemployed (1),42,40,2
S01010772,Economically inactive,318,308,10
S01010773,All people aged 16 and over,651,627,24
S01010773,Economically active: Total,406,388,18
S01010773,Economically active: Employee: Total,304,292,12
S01010773,Economically active: Employee: Part-time (1),96,95,1
S01010773,Economically active: Employee: Full-time (1),208,197,11
S01010773,Economically active: Self-employed: Total,79,73,6
S01010773,Economically active: Self-employed: Part-time (1),21,20,1
S01010773,Economically active: Self-employed: Full-time (1),58,53,5
S01010773,Economically active: Unemployed (1),23,23,0
S01010773,Economically inactive,245,239,6
S01010774,All people aged 16 and over,590,574,16
S01010774,Economically active: Total,348,343,5
S01010774,Economically active: Employee: Total,247,244,3
S01010774,Economically active: Employee: Part-time (1),73,73,0
S01010774,Economically active: Employee: Full-time (1),174,171,3
S01010774,Economically active: Self-employed: Total,72,70,2
S01010774,Economically active: Self-employed: Part-time (1),22,22,0
S01010774,Economically active: Self-employed: Full-time (1),50,48,2
S01010774,Economically active: Unemployed (1),29,29,0
S01010774,Economically inactive,242,231,11
S01010775,All people aged 16 and over,526,508,18
S01010775,Economically active: Total,391,380,11
S01010775,Economically active: Employee: Total,304,295,9
S01010775,Economically active: Employee: Part-time (1),110,107,3
S01010775,Economically active: Employee: Full-time (1),194,188,6
S01010775,Economically active: Self-employed: Total,76,74,2
S01010775,Economically active: Self-employed: Part-time (1),17,16,1
S01010775,Economically active: Self-employed: Full-time (1),59,58,1
S01010775,Economically active: Unemployed (1),11,11,0
S01010775,Economically inactive,135,128,7
S01010776,All people aged 16 and over,456,435,21
S01010776,Economically active: Total,287,270,17
S01010776,Economically active: Employee: Total,225,212,13
S01010776,Economically active: Employee: Part-time (1),73,70,3
S01010776,Economically active: Employee: Full-time (1),152,142,10
S01010776,Economically active: Self-employed: Total,36,33,3
S01010776,Economically active: Self-employed: Part-time (1),5,4,1
S01010776,Economically active: Self-employed: Full-time (1),31,29,2
S01010776,Economically active: Unemployed (1),26,25,1
S01010776,Economically inactive,169,165,4
S01010777,All people aged 16 and over,449,426,23
S01010777,Economically active: Total,262,247,15
S01010777,Economically active: Employee: Total,206,195,11
S01010777,Economically active: Employee: Part-time (1),70,67,3
S01010777,Economically active: Employee: Full-time (1),136,128,8
S01010777,Economically active: Self-employed: Total,22,21,1
S01010777,Economically active: Self-employed: Part-time (1),5,4,1
S01010777,Economically active: Self-employed: Full-time (1),17,17,0
S01010777,Economically active: Unemployed (1),34,31,3
S01010777,Economically inactive,187,179,8
S01010778,All people aged 16 and over,371,366,5
S01010778,Economically active: Total,227,223,4
S01010778,Economically active: Employee: Total,175,172,3
S01010778,Economically active: Employee: Part-time (1),59,58,1
S01010778,Economically active: Employee: Full-time (1),116,114,2
S01010778,Economically active: Self-employed: Total,18,17,1
S01010778,Economically active: Self-employed: Part-time (1),4,4,0
S01010778,Economically active: Self-employed: Full-time (1),14,13,1
S01010778,Economically active: Unemployed (1),34,34,0
S01010778,Economically inactive,144,143,1
S01010779,All people aged 16 and over,612,587,25
S01010779,Economically active: Total,359,341,18
S01010779,Economically active: Employee: Total,278,263,15
S01010779,Economically active: Employee: Part-time (1),94,92,2
S01010779,Economically active: Employee: Full-time (1),184,171,13
S01010779,Economically active: Self-employed: Total,26,26,0
S01010779,Economically active: Self-employed: Part-time (1),6,6,0
S01010779,Economically active: Self-employed: Full-time (1),20,20,0
S01010779,Economically active: Unemployed (1),55,52,3
S01010779,Economically inactive,253,246,7
S01010780,All people aged 16 and over,479,461,18
S01010780,Economically active: Total,282,270,12
S01010780,Economically active: Employee: Total,241,230,11
S01010780,Economically active: Employee: Part-time (1),72,69,3
S01010780,Economically active: Employee: Full-time (1),169,161,8
S01010780,Economically active: Self-employed: Total,18,18,0
S01010780,Economically active: Self-employed: Part-time (1),6,6,0
S01010780,Economically active: Self-employed: Full-time (1),12,12,0
S01010780,Economically active: Unemployed (1),23,22,1
S01010780,Economically inactive,197,191,6
S01010781,All people aged 16 and over,646,621,25
S01010781,Economically active: Total,433,415,18
S01010781,Economically active: Employee: Total,349,337,12
S01010781,Economically active: Employee: Part-time (1),114,111,3
S01010781,Economically active: Employee: Full-time (1),235,226,9
S01010781,Economically active: Self-employed: Total,63,57,6
S01010781,Economically active: Self-employed: Part-time (1),13,11,2
S01010781,Economically active: Self-employed: Full-time (1),50,46,4
S01010781,Economically active: Unemployed (1),21,21,0
S01010781,Economically inactive,213,206,7
S01010782,All people aged 16 and over,513,497,16
S01010782,Economically active: Total,277,266,11
S01010782,Economically active: Employee: Total,198,189,9
S01010782,Economically active: Employee: Part-time (1),59,58,1
S01010782,Economically active: Employee: Full-time (1),139,131,8
S01010782,Economically active: Self-employed: Total,49,47,2
S01010782,Economically active: Self-employed: Part-time (1),10,10,0
S01010782,Economically active: Self-employed: Full-time (1),39,37,2
S01010782,Economically active: Unemployed (1),30,30,0
S01010782,Economically inactive,236,231,5
S01010783,All people aged 16 and over,464,448,16
S01010783,Economically active: Total,269,256,13
S01010783,Economically active: Employee: Total,221,211,10
S01010783,Economically active: Employee: Part-time (1),71,71,0
S01010783,Economically active: Employee: Full-time (1),150,140,10
S01010783,Economically active: Self-employed: Total,22,21,1
S01010783,Economically active: Self-employed: Part-time (1),4,4,0
S01010783,Economically active: Self-employed: Full-time (1),18,17,1
S01010783,Economically active: Unemployed (1),26,24,2
S01010783,Economically inactive,195,192,3
S01010784,All people aged 16 and over,582,567,15
S01010784,Economically active: Total,370,359,11
S01010784,Economically active: Employee: Total,299,289,10
S01010784,Economically active: Employee: Part-time (1),108,106,2
S01010784,Economically active: Employee: Full-time (1),191,183,8
S01010784,Economically active: Self-employed: Total,21,20,1
S01010784,Economically active: Self-employed: Part-time (1),5,5,0
S01010784,Economically active: Self-employed: Full-time (1),16,15,1
S01010784,Economically active: Unemployed (1),50,50,0
S01010784,Economically inactive,212,208,4
S01010785,All people aged 16 and over,580,563,17
S01010785,Economically active: Total,379,368,11
S01010785,Economically active: Employee: Total,321,311,10
S01010785,Economically active: Employee: Part-time (1),89,87,2
S01010785,Economically active: Employee: Full-time (1),232,224,8
S01010785,Economically active: Self-employed: Total,40,40,0
S01010785,Economically active: Self-employed: Part-time (1),9,9,0
S01010785,Economically active: Self-employed: Full-time (1),31,31,0
S01010785,Economically active: Unemployed (1),18,17,1
S01010785,Economically inactive,201,195,6
S01010786,All people aged 16 and over,534,523,11
S01010786,Economically active: Total,360,354,6
S01010786,Economically active: Employee: Total,313,309,4
S01010786,Economically active: Employee: Part-time (1),109,107,2
S01010786,Economically active: Employee: Full-time (1),204,202,2
S01010786,Economically active: Self-employed: Total,34,33,1
S01010786,Economically active: Self-employed: Part-time (1),8,7,1
S01010786,Economically active: Self-employed: Full-time (1),26,26,0
S01010786,Economically active: Unemployed (1),13,12,1
S01010786,Economically inactive,174,169,5
S01010787,All people aged 16 and over,733,718,15
S01010787,Economically active: Total,475,465,10
S01010787,Economically active: Employee: Total,342,334,8
S01010787,Economically active: Employee: Part-time (1),98,94,4
S01010787,Economically active: Employee: Full-time (1),244,240,4
S01010787,Economically active: Self-employed: Total,110,110,0
S01010787,Economically active: Self-employed: Part-time (1),25,25,0
S01010787,Economically active: Self-employed: Full-time (1),85,85,0
S01010787,Economically active: Unemployed (1),23,21,2
S01010787,Economically inactive,258,253,5
S01010788,All people aged 16 and over,506,490,16
S01010788,Economically active: Total,358,344,14
S01010788,Economically active: Employee: Total,285,272,13
S01010788,Economically active: Employee: Part-time (1),89,85,4
S01010788,Economically active: Employee: Full-time (1),196,187,9
S01010788,Economically active: Self-employed: Total,63,62,1
S01010788,Economically active: Self-employed: Part-time (1),13,12,1
S01010788,Economically active: Self-employed: Full-time (1),50,50,0
S01010788,Economically active: Unemployed (1),10,10,0
S01010788,Economically inactive,148,146,2
S01010789,All people aged 16 and over,590,581,9
S01010789,Economically active: Total,382,375,7
S01010789,Economically active: Employee: Total,265,260,5
S01010789,Economically active: Employee: Part-time (1),88,86,2
S01010789,Economically active: Employee: Full-time (1),177,174,3
S01010789,Economically active: Self-employed: Total,88,86,2
S01010789,Economically active: Self-employed: Part-time (1),21,19,2
S01010789,Economically active: Self-employed: Full-time (1),67,67,0
S01010789,Economically active: Unemployed (1),29,29,0
S01010789,Economically inactive,208,206,2
S01010790,All people aged 16 and over,570,563,7
S01010790,Economically active: Total,352,347,5
S01010790,Economically active: Employee: Total,253,250,3
S01010790,Economically active: Employee: Part-time (1),83,82,1
S01010790,Economically active: Employee: Full-time (1),170,168,2
S01010790,Economically active: Self-employed: Total,86,84,2
S01010790,Economically active: Self-employed: Part-time (1),18,18,0
S01010790,Economically active: Self-employed: Full-time (1),68,66,2
S01010790,Economically active: Unemployed (1),13,13,0
S01010790,Economically inactive,218,216,2
S01010791,All people aged 16 and over,720,684,36
S01010791,Economically active: Total,424,404,20
S01010791,Economically active: Employee: Total,300,283,17
S01010791,Economically active: Employee: Part-time (1),82,80,2
S01010791,Economically active: Employee: Full-time (1),218,203,15
S01010791,Economically active: Self-employed: Total,98,96,2
S01010791,Economically active: Self-employed: Part-time (1),23,23,0
S01010791,Economically active: Self-employed: Full-time (1),75,73,2
S01010791,Economically active: Unemployed (1),26,25,1
S01010791,Economically inactive,296,280,16
S01010792,All people aged 16 and over,490,479,11
S01010792,Economically active: Total,319,313,6
S01010792,Economically active: Employee: Total,272,266,6
S01010792,Economically active: Employee: Part-time (1),80,77,3
S01010792,Economically active: Employee: Full-time (1),192,189,3
S01010792,Economically active: Self-employed: Total,20,20,0
S01010792,Economically active: Self-employed: Part-time (1),8,8,0
S01010792,Economically active: Self-employed: Full-time (1),12,12,0
S01010792,Economically active: Unemployed (1),27,27,0
S01010792,Economically inactive,171,166,5
S01010793,All people aged 16 and over,530,512,18
S01010793,Economically active: Total,361,352,9
S01010793,Economically active: Employee: Total,269,261,8
S01010793,Economically active: Employee: Part-time (1),69,66,3
S01010793,Economically active: Employee: Full-time (1),200,195,5
S01010793,Economically active: Self-employed: Total,74,73,1
S01010793,Economically active: Self-employed: Part-time (1),18,17,1
S01010793,Economically active: Self-employed: Full-time (1),56,56,0
S01010793,Economically active: Unemployed (1),18,18,0
S01010793,Economically inactive,169,160,9
S01010794,All people aged 16 and over,435,422,13
S01010794,Economically active: Total,301,290,11
S01010794,Economically active: Employee: Total,237,228,9
S01010794,Economically active: Employee: Part-time (1),62,59,3
S01010794,Economically active: Employee: Full-time (1),175,169,6
S01010794,Economically active: Self-employed: Total,48,46,2
S01010794,Economically active: Self-employed: Part-time (1),13,12,1
S01010794,Economically active: Self-employed: Full-time (1),35,34,1
S01010794,Economically active: Unemployed (1),16,16,0
S01010794,Economically inactive,134,132,2
S01010795,All people aged 16 and over,821,804,17
S01010795,Economically active: Total,496,482,14
S01010795,Economically active: Employee: Total,385,380,5
S01010795,Economically active: Employee: Part-time (1),117,116,1
S01010795,Economically active: Employee: Full-time (1),268,264,4
S01010795,Economically active: Self-employed: Total,63,60,3
S01010795,Economically active: Self-employed: Part-time (1),16,14,2
S01010795,Economically active: Self-employed: Full-time (1),47,46,1
S01010795,Economically active: Unemployed (1),48,42,6
S01010795,Economically inactive,325,322,3
S01010796,All people aged 16 and over,680,670,10
S01010796,Economically active: Total,478,471,7
S01010796,Economically active: Employee: Total,334,329,5
S01010796,Economically active: Employee: Part-time (1),84,83,1
S01010796,Economically active: Employee: Full-time (1),250,246,4
S01010796,Economically active: Self-employed: Total,118,116,2
S01010796,Economically active: Self-employed: Part-time (1),22,21,1
S01010796,Economically active: Self-employed: Full-time (1),96,95,1
S01010796,Economically active: Unemployed (1),26,26,0
S01010796,Economically inactive,202,199,3
S01010797,All people aged 16 and over,633,614,19
S01010797,Economically active: Total,447,433,14
S01010797,Economically active: Employee: Total,366,352,14
S01010797,Economically active: Employee: Part-time (1),92,87,5
S01010797,Economically active: Employee: Full-time (1),274,265,9
S01010797,Economically active: Self-employed: Total,69,69,0
S01010797,Economically active: Self-employed: Part-time (1),14,14,0
S01010797,Economically active: Self-employed: Full-time (1),55,55,0
S01010797,Economically active: Unemployed (1),12,12,0
S01010797,Economically inactive,186,181,5
S01010798,All people aged 16 and over,579,560,19
S01010798,Economically active: Total,351,335,16
S01010798,Economically active: Employee: Total,260,245,15
S01010798,Economically active: Employee: Part-time (1),73,68,5
S01010798,Economically active: Employee: Full-time (1),187,177,10
S01010798,Economically active: Self-employed: Total,71,71,0
S01010798,Economically active: Self-employed: Part-time (1),14,14,0
S01010798,Economically active: Self-employed: Full-time (1),57,57,0
S01010798,Economically active: Unemployed (1),20,19,1
S01010798,Economically inactive,228,225,3
S01010799,All people aged 16 and over,817,796,21
S01010799,Economically active: Total,456,441,15
S01010799,Economically active: Employee: Total,372,362,10
S01010799,Economically active: Employee: Part-time (1),84,82,2
S01010799,Economically active: Employee: Full-time (1),288,280,8
S01010799,Economically active: Self-employed: Total,52,48,4
S01010799,Economically active: Self-employed: Part-time (1),21,20,1
S01010799,Economically active: Self-employed: Full-time (1),31,28,3
S01010799,Economically active: Unemployed (1),32,31,1
S01010799,Economically inactive,361,355,6
S01010800,All people aged 16 and over,608,596,12
S01010800,Economically active: Total,386,379,7
S01010800,Economically active: Employee: Total,331,324,7
S01010800,Economically active: Employee: Part-time (1),102,99,3
S01010800,Economically active: Employee: Full-time (1),229,225,4
S01010800,Economically active: Self-employed: Total,27,27,0
S01010800,Economically active: Self-employed: Part-time (1),4,4,0
S01010800,Economically active: Self-employed: Full-time (1),23,23,0
S01010800,Economically active: Unemployed (1),28,28,0
S01010800,Economically inactive,222,217,5
S01010801,All people aged 16 and over,603,587,16
S01010801,Economically active: Total,347,333,14
S01010801,Economically active: Employee: Total,301,288,13
S01010801,Economically active: Employee: Part-time (1),96,91,5
S01010801,Economically active: Employee: Full-time (1),205,197,8
S01010801,Economically active: Self-employed: Total,26,25,1
S01010801,Economically active: Self-employed: Part-time (1),8,8,0
S01010801,Economically active: Self-employed: Full-time (1),18,17,1
S01010801,Economically active: Unemployed (1),20,20,0
S01010801,Economically inactive,256,254,2
S01010802,All people aged 16 and over,475,459,16
S01010802,Economically active: Total,319,304,15
S01010802,Economically active: Employee: Total,261,250,11
S01010802,Economically active: Employee: Part-time (1),61,56,5
S01010802,Economically active: Employee: Full-time (1),200,194,6
S01010802,Economically active: Self-employed: Total,34,30,4
S01010802,Economically active: Self-employed: Part-time (1),12,10,2
S01010802,Economically active: Self-employed: Full-time (1),22,20,2
S01010802,Economically active: Unemployed (1),24,24,0
S01010802,Economically inactive,156,155,1
S01010803,All people aged 16 and over,499,483,16
S01010803,Economically active: Total,287,275,12
S01010803,Economically active: Employee: Total,227,217,10
S01010803,Economically active: Employee: Part-time (1),66,64,2
S01010803,Economically active: Employee: Full-time (1),161,153,8
S01010803,Economically active: Self-employed: Total,28,27,1
S01010803,Economically active: Self-employed: Part-time (1),10,10,0
S01010803,Economically active: Self-employed: Full-time (1),18,17,1
S01010803,Economically active: Unemployed (1),32,31,1
S01010803,Economically inactive,212,208,4
S01010804,All people aged 16 and over,497,478,19
S01010804,Economically active: Total,295,281,14
S01010804,Economically active: Employee: Total,253,241,12
S01010804,Economically active: Employee: Part-time (1),73,71,2
S01010804,Economically active: Employee: Full-time (1),180,170,10
S01010804,Economically active: Self-employed: Total,32,30,2
S01010804,Economically active: Self-employed: Part-time (1),5,5,0
S01010804,Economically active: Self-employed: Full-time (1),27,25,2
S01010804,Economically active: Unemployed (1),10,10,0
S01010804,Economically inactive,202,197,5
S01010805,All people aged 16 and over,705,679,26
S01010805,Economically active: Total,452,432,20
S01010805,Economically active: Employee: Total,385,370,15
S01010805,Economically active: Employee: Part-time (1),110,108,2
S01010805,Economically active: Employee: Full-time (1),275,262,13
S01010805,Economically active: Self-employed: Total,35,32,3
S01010805,Economically active: Self-employed: Part-time (1),5,5,0
S01010805,Economically active: Self-employed: Full-time (1),30,27,3
S01010805,Economically active: Unemployed (1),32,30,2
S01010805,Economically inactive,253,247,6
S01010806,All people aged 16 and over,741,717,24
S01010806,Economically active: Total,447,428,19
S01010806,Economically active: Employee: Total,358,341,17
S01010806,Economically active: Employee: Part-time (1),118,113,5
S01010806,Economically active: Employee: Full-time (1),240,228,12
S01010806,Economically active: Self-employed: Total,36,35,1
S01010806,Economically active: Self-employed: Part-time (1),8,7,1
S01010806,Economically active: Self-employed: Full-time (1),28,28,0
S01010806,Economically active: Unemployed (1),53,52,1
S01010806,Economically inactive,294,289,5
S01010807,All people aged 16 and over,450,435,15
S01010807,Economically active: Total,291,281,10
S01010807,Economically active: Employee: Total,245,238,7
S01010807,Economically active: Employee: Part-time (1),67,64,3
S01010807,Economically active: Employee: Full-time (1),178,174,4
S01010807,Economically active: Self-employed: Total,31,30,1
S01010807,Economically active: Self-employed: Part-time (1),14,13,1
S01010807,Economically active: Self-employed: Full-time (1),17,17,0
S01010807,Economically active: Unemployed (1),15,13,2
S01010807,Economically inactive,159,154,5
S01010808,All people aged 16 and over,422,408,14
S01010808,Economically active: Total,269,257,12
S01010808,Economically active: Employee: Total,241,231,10
S01010808,Economically active: Employee: Part-time (1),56,55,1
S01010808,Economically active: Employee: Full-time (1),185,176,9
S01010808,Economically active: Self-employed: Total,19,19,0
S01010808,Economically active: Self-employed: Part-time (1),8,8,0
S01010808,Economically active: Self-employed: Full-time (1),11,11,0
S01010808,Economically active: Unemployed (1),9,7,2
S01010808,Economically inactive,153,151,2
S01010809,All people aged 16 and over,675,658,17
S01010809,Economically active: Total,440,430,10
S01010809,Economically active: Employee: Total,378,371,7
S01010809,Economically active: Employee: Part-time (1),87,86,1
S01010809,Economically active: Employee: Full-time (1),291,285,6
S01010809,Economically active: Self-employed: Total,35,34,1
S01010809,Economically active: Self-employed: Part-time (1),8,7,1
S01010809,Economically active: Self-employed: Full-time (1),27,27,0
S01010809,Economically active: Unemployed (1),27,25,2
S01010809,Economically inactive,235,228,7
S01010810,All people aged 16 and over,429,417,12
S01010810,Economically active: Total,214,207,7
S01010810,Economically active: Employee: Total,155,152,3
S01010810,Economically active: Employee: Part-time (1),25,25,0
S01010810,Economically active: Employee: Full-time (1),130,127,3
S01010810,Economically active: Self-employed: Total,44,41,3
S01010810,Economically active: Self-employed: Part-time (1),11,9,2
S01010810,Economically active: Self-employed: Full-time (1),33,32,1
S01010810,Economically active: Unemployed (1),15,14,1
S01010810,Economically inactive,215,210,5
S01010811,All people aged 16 and over,745,715,30
S01010811,Economically active: Total,467,447,20
S01010811,Economically active: Employee: Total,324,307,17
S01010811,Economically active: Employee: Part-time (1),105,101,4
S01010811,Economically active: Employee: Full-time (1),219,206,13
S01010811,Economically active: Self-employed: Total,111,109,2
S01010811,Economically active: Self-employed: Part-time (1),35,34,1
S01010811,Economically active: Self-employed: Full-time (1),76,75,1
S01010811,Economically active: Unemployed (1),32,31,1
S01010811,Economically inactive,278,268,10
S01010812,All people aged 16 and over,434,414,20
S01010812,Economically active: Total,268,254,14
S01010812,Economically active: Employee: Total,164,157,7
S01010812,Economically active: Employee: Part-time (1),49,46,3
S01010812,Economically active: Employee: Full-time (1),115,111,4
S01010812,Economically active: Self-employed: Total,72,66,6
S01010812,Economically active: Self-employed: Part-time (1),16,15,1
S01010812,Economically active: Self-employed: Full-time (1),56,51,5
S01010812,Economically active: Unemployed (1),32,31,1
S01010812,Economically inactive,166,160,6
S01010813,All people aged 16 and over,454,435,19
S01010813,Economically active: Total,304,289,15
S01010813,Economically active: Employee: Total,188,179,9
S01010813,Economically active: Employee: Part-time (1),55,51,4
S01010813,Economically active: Employee: Full-time (1),133,128,5
S01010813,Economically active: Self-employed: Total,83,79,4
S01010813,Economically active: Self-employed: Part-time (1),23,22,1
S01010813,Economically active: Self-employed: Full-time (1),60,57,3
S01010813,Economically active: Unemployed (1),33,31,2
S01010813,Economically inactive,150,146,4
S01010814,All people aged 16 and over,536,493,43
S01010814,Economically active: Total,346,314,32
S01010814,Economically active: Employee: Total,201,183,18
S01010814,Economically active: Employee: Part-time (1),54,47,7
S01010814,Economically active: Employee: Full-time (1),147,136,11
S01010814,Economically active: Self-employed: Total,124,110,14
S01010814,Economically active: Self-employed: Part-time (1),33,29,4
S01010814,Economically active: Self-employed: Full-time (1),91,81,10
S01010814,Economically active: Unemployed (1),21,21,0
S01010814,Economically inactive,190,179,11
S01010815,All people aged 16 and over,377,358,19
S01010815,Economically active: Total,251,239,12
S01010815,Economically active: Employee: Total,203,197,6
S01010815,Economically active: Employee: Part-time (1),68,68,0
S01010815,Economically active: Employee: Full-time (1),135,129,6
S01010815,Economically active: Self-employed: Total,42,39,3
S01010815,Economically active: Self-employed: Part-time (1),9,7,2
S01010815,Economically active: Self-employed: Full-time (1),33,32,1
S01010815,Economically active: Unemployed (1),6,3,3
S01010815,Economically inactive,126,119,7
S01010816,All people aged 16 and over,523,501,22
S01010816,Economically active: Total,262,255,7
S01010816,Economically active: Employee: Total,191,186,5
S01010816,Economically active: Employee: Part-time (1),66,64,2
S01010816,Economically active: Employee: Full-time (1),125,122,3
S01010816,Economically active: Self-employed: Total,63,61,2
S01010816,Economically active: Self-employed: Part-time (1),17,16,1
S01010816,Economically active: Self-employed: Full-time (1),46,45,1
S01010816,Economically active: Unemployed (1),8,8,0
S01010816,Economically inactive,261,246,15
S01010817,All people aged 16 and over,712,676,36
S01010817,Economically active: Total,431,405,26
S01010817,Economically active: Employee: Total,310,286,24
S01010817,Economically active: Employee: Part-time (1),79,73,6
S01010817,Economically active: Employee: Full-time (1),231,213,18
S01010817,Economically active: Self-employed: Total,102,100,2
S01010817,Economically active: Self-employed: Part-time (1),25,25,0
S01010817,Economically active: Self-employed: Full-time (1),77,75,2
S01010817,Economically active: Unemployed (1),19,19,0
S01010817,Economically inactive,281,271,10
S01010818,All people aged 16 and over,826,777,49
S01010818,Economically active: Total,493,459,34
S01010818,Economically active: Employee: Total,371,343,28
S01010818,Economically active: Employee: Part-time (1),91,85,6
S01010818,Economically active: Employee: Full-time (1),280,258,22
S01010818,Economically active: Self-employed: Total,96,93,3
S01010818,Economically active: Self-employed: Part-time (1),30,28,2
S01010818,Economically active: Self-employed: Full-time (1),66,65,1
S01010818,Economically active: Unemployed (1),26,23,3
S01010818,Economically inactive,333,318,15
S01010819,All people aged 16 and over,676,645,31
S01010819,Economically active: Total,381,363,18
S01010819,Economically active: Employee: Total,301,286,15
S01010819,Economically active: Employee: Part-time (1),83,80,3
S01010819,Economically active: Employee: Full-time (1),218,206,12
S01010819,Economically active: Self-employed: Total,59,58,1
S01010819,Economically active: Self-employed: Part-time (1),17,17,0
S01010819,Economically active: Self-employed: Full-time (1),42,41,1
S01010819,Economically active: Unemployed (1),21,19,2
S01010819,Economically inactive,295,282,13
S01010820,All people aged 16 and over,431,407,24
S01010820,Economically active: Total,271,253,18
S01010820,Economically active: Employee: Total,198,186,12
S01010820,Economically active: Employee: Part-time (1),49,44,5
S01010820,Economically active: Employee: Full-time (1),149,142,7
S01010820,Economically active: Self-employed: Total,63,57,6
S01010820,Economically active: Self-employed: Part-time (1),19,15,4
S01010820,Economically active: Self-employed: Full-time (1),44,42,2
S01010820,Economically active: Unemployed (1),10,10,0
S01010820,Economically inactive,160,154,6
S01010821,All people aged 16 and over,499,461,38
S01010821,Economically active: Total,266,245,21
S01010821,Economically active: Employee: Total,205,187,18
S01010821,Economically active: Employee: Part-time (1),52,47,5
S01010821,Economically active: Employee: Full-time (1),153,140,13
S01010821,Economically active: Self-employed: Total,56,53,3
S01010821,Economically active: Self-employed: Part-time (1),25,23,2
S01010821,Economically active: Self-employed: Full-time (1),31,30,1
S01010821,Economically active: Unemployed (1),5,5,0
S01010821,Economically inactive,233,216,17
S01010822,All people aged 16 and over,641,600,41
S01010822,Economically active: Total,369,342,27
S01010822,Economically active: Employee: Total,263,242,21
S01010822,Economically active: Employee: Part-time (1),62,59,3
S01010822,Economically active: Employee: Full-time (1),201,183,18
S01010822,Economically active: Self-employed: Total,89,83,6
S01010822,Economically active: Self-employed: Part-time (1),15,14,1
S01010822,Economically active: Self-employed: Full-time (1),74,69,5
S01010822,Economically active: Unemployed (1),17,17,0
S01010822,Economically inactive,272,258,14
S01010823,All people aged 16 and over,368,357,11
S01010823,Economically active: Total,248,239,9
S01010823,Economically active: Employee: Total,207,201,6
S01010823,Economically active: Employee: Part-time (1),72,69,3
S01010823,Economically active: Employee: Full-time (1),135,132,3
S01010823,Economically active: Self-employed: Total,29,26,3
S01010823,Economically active: Self-employed: Part-time (1),10,8,2
S01010823,Economically active: Self-employed: Full-time (1),19,18,1
S01010823,Economically active: Unemployed (1),12,12,0
S01010823,Economically inactive,120,118,2
S01010824,All people aged 16 and over,535,521,14
S01010824,Economically active: Total,424,415,9
S01010824,Economically active: Employee: Total,358,352,6
S01010824,Economically active: Employee: Part-time (1),81,80,1
S01010824,Economically active: Employee: Full-time (1),277,272,5
S01010824,Economically active: Self-employed: Total,45,44,1
S01010824,Economically active: Self-employed: Part-time (1),13,13,0
S01010824,Economically active: Self-employed: Full-time (1),32,31,1
S01010824,Economically active: Unemployed (1),21,19,2
S01010824,Economically inactive,111,106,5
S01010825,All people aged 16 and over,259,248,11
S01010825,Economically active: Total,197,187,10
S01010825,Economically active: Employee: Total,171,163,8
S01010825,Economically active: Employee: Part-time (1),37,36,1
S01010825,Economically active: Employee: Full-time (1),134,127,7
S01010825,Economically active: Self-employed: Total,22,20,2
S01010825,Economically active: Self-employed: Part-time (1),3,2,1
S01010825,Economically active: Self-employed: Full-time (1),19,18,1
S01010825,Economically active: Unemployed (1),4,4,0
S01010825,Economically inactive,62,61,1
S01010826,All people aged 16 and over,620,587,33
S01010826,Economically active: Total,374,349,25
S01010826,Economically active: Employee: Total,294,278,16
S01010826,Economically active: Employee: Part-time (1),81,74,7
S01010826,Economically active: Employee: Full-time (1),213,204,9
S01010826,Economically active: Self-employed: Total,57,51,6
S01010826,Economically active: Self-employed: Part-time (1),18,16,2
S01010826,Economically active: Self-employed: Full-time (1),39,35,4
S01010826,Economically active: Unemployed (1),23,20,3
S01010826,Economically inactive,246,238,8
S01010827,All people aged 16 and over,491,481,10
S01010827,Economically active: Total,357,348,9
S01010827,Economically active: Employee: Total,318,311,7
S01010827,Economically active: Employee: Part-time (1),97,97,0
S01010827,Economically active: Employee: Full-time (1),221,214,7
S01010827,Economically active: Self-employed: Total,25,23,2
S01010827,Economically active: Self-employed: Part-time (1),5,5,0
S01010827,Economically active: Self-employed: Full-time (1),20,18,2
S01010827,Economically active: Unemployed (1),14,14,0
S01010827,Economically inactive,134,133,1
S01010828,All people aged 16 and over,961,922,39
S01010828,Economically active: Total,741,712,29
S01010828,Economically active: Employee: Total,621,595,26
S01010828,Economically active: Employee: Part-time (1),179,169,10
S01010828,Economically active: Employee: Full-time (1),442,426,16
S01010828,Economically active: Self-employed: Total,78,75,3
S01010828,Economically active: Self-employed: Part-time (1),15,15,0
S01010828,Economically active: Self-employed: Full-time (1),63,60,3
S01010828,Economically active: Unemployed (1),42,42,0
S01010828,Economically inactive,220,210,10
S01010829,All people aged 16 and over,809,779,30
S01010829,Economically active: Total,476,454,22
S01010829,Economically active: Employee: Total,387,366,21
S01010829,Economically active: Employee: Part-time (1),98,92,6
S01010829,Economically active: Employee: Full-time (1),289,274,15
S01010829,Economically active: Self-employed: Total,69,68,1
S01010829,Economically active: Self-employed: Part-time (1),17,17,0
S01010829,Economically active: Self-employed: Full-time (1),52,51,1
S01010829,Economically active: Unemployed (1),20,20,0
S01010829,Economically inactive,333,325,8
S01010830,All people aged 16 and over,476,467,9
S01010830,Economically active: Total,327,323,4
S01010830,Economically active: Employee: Total,266,262,4
S01010830,Economically active: Employee: Part-time (1),85,83,2
S01010830,Economically active: Employee: Full-time (1),181,179,2
S01010830,Economically active: Self-employed: Total,32,32,0
S01010830,Economically active: Self-employed: Part-time (1),7,7,0
S01010830,Economically active: Self-employed: Full-time (1),25,25,0
S01010830,Economically active: Unemployed (1),29,29,0
S01010830,Economically inactive,149,144,5
S01010831,All people aged 16 and over,436,422,14
S01010831,Economically active: Total,365,353,12
S01010831,Economically active: Employee: Total,319,309,10
S01010831,Economically active: Employee: Part-time (1),80,80,0
S01010831,Economically active: Employee: Full-time (1),239,229,10
S01010831,Economically active: Self-employed: Total,34,33,1
S01010831,Economically active: Self-employed: Part-time (1),7,6,1
S01010831,Economically active: Self-employed: Full-time (1),27,27,0
S01010831,Economically active: Unemployed (1),12,11,1
S01010831,Economically inactive,71,69,2
S01010832,All people aged 16 and over,613,602,11
S01010832,Economically active: Total,469,463,6
S01010832,Economically active: Employee: Total,402,396,6
S01010832,Economically active: Employee: Part-time (1),113,111,2
S01010832,Economically active: Employee: Full-time (1),289,285,4
S01010832,Economically active: Self-employed: Total,27,27,0
S01010832,Economically active: Self-employed: Part-time (1),5,5,0
S01010832,Economically active: Self-employed: Full-time (1),22,22,0
S01010832,Economically active: Unemployed (1),40,40,0
S01010832,Economically inactive,144,139,5
S01010833,All people aged 16 and over,739,712,27
S01010833,Economically active: Total,514,500,14
S01010833,Economically active: Employee: Total,439,429,10
S01010833,Economically active: Employee: Part-time (1),119,115,4
S01010833,Economically active: Employee: Full-time (1),320,314,6
S01010833,Economically active: Self-employed: Total,67,64,3
S01010833,Economically active: Self-employed: Part-time (1),14,14,0
S01010833,Economically active: Self-employed: Full-time (1),53,50,3
S01010833,Economically active: Unemployed (1),8,7,1
S01010833,Economically inactive,225,212,13
S01010834,All people aged 16 and over,794,765,29
S01010834,Economically active: Total,460,440,20
S01010834,Economically active: Employee: Total,397,384,13
S01010834,Economically active: Employee: Part-time (1),109,107,2
S01010834,Economically active: Employee: Full-time (1),288,277,11
S01010834,Economically active: Self-employed: Total,48,43,5
S01010834,Economically active: Self-employed: Part-time (1),10,10,0
S01010834,Economically active: Self-employed: Full-time (1),38,33,5
S01010834,Economically active: Unemployed (1),15,13,2
S01010834,Economically inactive,334,325,9
S01010835,All people aged 16 and over,576,554,22
S01010835,Economically active: Total,328,314,14
S01010835,Economically active: Employee: Total,278,266,12
S01010835,Economically active: Employee: Part-time (1),85,82,3
S01010835,Economically active: Employee: Full-time (1),193,184,9
S01010835,Economically active: Self-employed: Total,38,36,2
S01010835,Economically active: Self-employed: Part-time (1),11,10,1
S01010835,Economically active: Self-employed: Full-time (1),27,26,1
S01010835,Economically active: Unemployed (1),12,12,0
S01010835,Economically inactive,248,240,8
S01010836,All people aged 16 and over,696,672,24
S01010836,Economically active: Total,425,409,16
S01010836,Economically active: Employee: Total,340,324,16
S01010836,Economically active: Employee: Part-time (1),78,75,3
S01010836,Economically active: Employee: Full-time (1),262,249,13
S01010836,Economically active: Self-employed: Total,52,52,0
S01010836,Economically active: Self-employed: Part-time (1),10,10,0
S01010836,Economically active: Self-employed: Full-time (1),42,42,0
S01010836,Economically active: Unemployed (1),33,33,0
S01010836,Economically inactive,271,263,8
S01010837,All people aged 16 and over,560,555,5
S01010837,Economically active: Total,313,309,4
S01010837,Economically active: Employee: Total,261,257,4
S01010837,Economically active: Employee: Part-time (1),77,76,1
S01010837,Economically active: Employee: Full-time (1),184,181,3
S01010837,Economically active: Self-employed: Total,27,27,0
S01010837,Economically active: Self-employed: Part-time (1),13,13,0
S01010837,Economically active: Self-employed: Full-time (1),14,14,0
S01010837,Economically active: Unemployed (1),25,25,0
S01010837,Economically inactive,247,246,1
S01010838,All people aged 16 and over,664,652,12
S01010838,Economically active: Total,455,449,6
S01010838,Economically active: Employee: Total,393,387,6
S01010838,Economically active: Employee: Part-time (1),115,113,2
S01010838,Economically active: Employee: Full-time (1),278,274,4
S01010838,Economically active: Self-employed: Total,25,25,0
S01010838,Economically active: Self-employed: Part-time (1),6,6,0
S01010838,Economically active: Self-employed: Full-time (1),19,19,0
S01010838,Economically active: Unemployed (1),37,37,0
S01010838,Economically inactive,209,203,6
S01010839,All people aged 16 and over,593,578,15
S01010839,Economically active: Total,340,328,12
S01010839,Economically active: Employee: Total,286,276,10
S01010839,Economically active: Employee: Part-time (1),83,81,2
S01010839,Economically active: Employee: Full-time (1),203,195,8
S01010839,Economically active: Self-employed: Total,26,25,1
S01010839,Economically active: Self-employed: Part-time (1),6,5,1
S01010839,Economically active: Self-employed: Full-time (1),20,20,0
S01010839,Economically active: Unemployed (1),28,27,1
S01010839,Economically inactive,253,250,3
S01010840,All people aged 16 and over,448,428,20
S01010840,Economically active: Total,243,229,14
S01010840,Economically active: Employee: Total,209,198,11
S01010840,Economically active: Employee: Part-time (1),37,37,0
S01010840,Economically active: Employee: Full-time (1),172,161,11
S01010840,Economically active: Self-employed: Total,20,20,0
S01010840,Economically active: Self-employed: Part-time (1),5,5,0
S01010840,Economically active: Self-employed: Full-time (1),15,15,0
S01010840,Economically active: Unemployed (1),14,11,3
S01010840,Economically inactive,205,199,6
S01010841,All people aged 16 and over,657,624,33
S01010841,Economically active: Total,418,399,19
S01010841,Economically active: Employee: Total,348,332,16
S01010841,Economically active: Employee: Part-time (1),84,83,1
S01010841,Economically active: Employee: Full-time (1),264,249,15
S01010841,Economically active: Self-employed: Total,32,31,1
S01010841,Economically active: Self-employed: Part-time (1),11,11,0
S01010841,Economically active: Self-employed: Full-time (1),21,20,1
S01010841,Economically active: Unemployed (1),38,36,2
S01010841,Economically inactive,239,225,14
S01010842,All people aged 16 and over,808,773,35
S01010842,Economically active: Total,357,336,21
S01010842,Economically active: Employee: Total,295,276,19
S01010842,Economically active: Employee: Part-time (1),63,60,3
S01010842,Economically active: Employee: Full-time (1),232,216,16
S01010842,Economically active: Self-employed: Total,26,26,0
S01010842,Economically active: Self-employed: Part-time (1),9,9,0
S01010842,Economically active: Self-employed: Full-time (1),17,17,0
S01010842,Economically active: Unemployed (1),36,34,2
S01010842,Economically inactive,451,437,14
S01010843,All people aged 16 and over,582,564,18
S01010843,Economically active: Total,302,289,13
S01010843,Economically active: Employee: Total,252,241,11
S01010843,Economically active: Employee: Part-time (1),54,52,2
S01010843,Economically active: Employee: Full-time (1),198,189,9
S01010843,Economically active: Self-employed: Total,22,21,1
S01010843,Economically active: Self-employed: Part-time (1),9,9,0
S01010843,Economically active: Self-employed: Full-time (1),13,12,1
S01010843,Economically active: Unemployed (1),28,27,1
S01010843,Economically inactive,280,275,5
S01010844,All people aged 16 and over,571,559,12
S01010844,Economically active: Total,341,334,7
S01010844,Economically active: Employee: Total,312,305,7
S01010844,Economically active: Employee: Part-time (1),90,90,0
S01010844,Economically active: Employee: Full-time (1),222,215,7
S01010844,Economically active: Self-employed: Total,20,20,0
S01010844,Economically active: Self-employed: Part-time (1),3,3,0
S01010844,Economically active: Self-employed: Full-time (1),17,17,0
S01010844,Economically active: Unemployed (1),9,9,0
S01010844,Economically inactive,230,225,5
S01010845,All people aged 16 and over,528,514,14
S01010845,Economically active: Total,313,306,7
S01010845,Economically active: Employee: Total,269,262,7
S01010845,Economically active: Employee: Part-time (1),89,86,3
S01010845,Economically active: Employee: Full-time (1),180,176,4
S01010845,Economically active: Self-employed: Total,22,22,0
S01010845,Economically active: Self-employed: Part-time (1),4,4,0
S01010845,Economically active: Self-employed: Full-time (1),18,18,0
S01010845,Economically active: Unemployed (1),22,22,0
S01010845,Economically inactive,215,208,7
S01010846,All people aged 16 and over,620,606,14
S01010846,Economically active: Total,424,415,9
S01010846,Economically active: Employee: Total,358,351,7
S01010846,Economically active: Employee: Part-time (1),127,124,3
S01010846,Economically active: Employee: Full-time (1),231,227,4
S01010846,Economically active: Self-employed: Total,23,22,1
S01010846,Economically active: Self-employed: Part-time (1),7,7,0
S01010846,Economically active: Self-employed: Full-time (1),16,15,1
S01010846,Economically active: Unemployed (1),43,42,1
S01010846,Economically inactive,196,191,5
S01010847,All people aged 16 and over,518,501,17
S01010847,Economically active: Total,388,376,12
S01010847,Economically active: Employee: Total,350,338,12
S01010847,Economically active: Employee: Part-time (1),83,82,1
S01010847,Economically active: Employee: Full-time (1),267,256,11
S01010847,Economically active: Self-employed: Total,19,19,0
S01010847,Economically active: Self-employed: Part-time (1),4,4,0
S01010847,Economically active: Self-employed: Full-time (1),15,15,0
S01010847,Economically active: Unemployed (1),19,19,0
S01010847,Economically inactive,130,125,5
S01010848,All people aged 16 and over,519,512,7
S01010848,Economically active: Total,319,317,2
S01010848,Economically active: Employee: Total,254,252,2
S01010848,Economically active: Employee: Part-time (1),81,81,0
S01010848,Economically active: Employee: Full-time (1),173,171,2
S01010848,Economically active: Self-employed: Total,17,17,0
S01010848,Economically active: Self-employed: Part-time (1),3,3,0
S01010848,Economically active: Self-employed: Full-time (1),14,14,0
S01010848,Economically active: Unemployed (1),48,48,0
S01010848,Economically inactive,200,195,5
S01010849,All people aged 16 and over,732,710,22
S01010849,Economically active: Total,418,403,15
S01010849,Economically active: Employee: Total,340,327,13
S01010849,Economically active: Employee: Part-time (1),121,117,4
S01010849,Economically active: Employee: Full-time (1),219,210,9
S01010849,Economically active: Self-employed: Total,30,28,2
S01010849,Economically active: Self-employed: Part-time (1),4,4,0
S01010849,Economically active: Self-employed: Full-time (1),26,24,2
S01010849,Economically active: Unemployed (1),48,48,0
S01010849,Economically inactive,314,307,7
S01010850,All people aged 16 and over,711,701,10
S01010850,Economically active: Total,346,339,7
S01010850,Economically active: Employee: Total,282,275,7
S01010850,Economically active: Employee: Part-time (1),103,100,3
S01010850,Economically active: Employee: Full-time (1),179,175,4
S01010850,Economically active: Self-employed: Total,14,14,0
S01010850,Economically active: Self-employed: Part-time (1),8,8,0
S01010850,Economically active: Self-employed: Full-time (1),6,6,0
S01010850,Economically active: Unemployed (1),50,50,0
S01010850,Economically inactive,365,362,3
S01010851,All people aged 16 and over,608,591,17
S01010851,Economically active: Total,383,371,12
S01010851,Economically active: Employee: Total,322,311,11
S01010851,Economically active: Employee: Part-time (1),113,113,0
S01010851,Economically active: Employee: Full-time (1),209,198,11
S01010851,Economically active: Self-employed: Total,10,10,0
S01010851,Economically active: Self-employed: Part-time (1),5,5,0
S01010851,Economically active: Self-employed: Full-time (1),5,5,0
S01010851,Economically active: Unemployed (1),51,50,1
S01010851,Economically inactive,225,220,5
S01010852,All people aged 16 and over,612,600,12
S01010852,Economically active: Total,369,362,7
S01010852,Economically active: Employee: Total,307,301,6
S01010852,Economically active: Employee: Part-time (1),96,95,1
S01010852,Economically active: Employee: Full-time (1),211,206,5
S01010852,Economically active: Self-employed: Total,28,27,1
S01010852,Economically active: Self-employed: Part-time (1),7,7,0
S01010852,Economically active: Self-employed: Full-time (1),21,20,1
S01010852,Economically active: Unemployed (1),34,34,0
S01010852,Economically inactive,243,238,5
S01010853,All people aged 16 and over,726,712,14
S01010853,Economically active: Total,458,449,9
S01010853,Economically active: Employee: Total,390,382,8
S01010853,Economically active: Employee: Part-time (1),135,133,2
S01010853,Economically active: Employee: Full-time (1),255,249,6
S01010853,Economically active: Self-employed: Total,30,30,0
S01010853,Economically active: Self-employed: Part-time (1),11,11,0
S01010853,Economically active: Self-employed: Full-time (1),19,19,0
S01010853,Economically active: Unemployed (1),38,37,1
S01010853,Economically inactive,268,263,5
S01010854,All people aged 16 and over,701,681,20
S01010854,Economically active: Total,428,414,14
S01010854,Economically active: Employee: Total,358,345,13
S01010854,Economically active: Employee: Part-time (1),137,134,3
S01010854,Economically active: Employee: Full-time (1),221,211,10
S01010854,Economically active: Self-employed: Total,23,22,1
S01010854,Economically active: Self-employed: Part-time (1),8,8,0
S01010854,Economically active: Self-employed: Full-time (1),15,14,1
S01010854,Economically active: Unemployed (1),47,47,0
S01010854,Economically inactive,273,267,6
S01010855,All people aged 16 and over,449,440,9
S01010855,Economically active: Total,270,263,7
S01010855,Economically active: Employee: Total,227,221,6
S01010855,Economically active: Employee: Part-time (1),81,80,1
S01010855,Economically active: Employee: Full-time (1),146,141,5
S01010855,Economically active: Self-employed: Total,16,15,1
S01010855,Economically active: Self-employed: Part-time (1),6,6,0
S01010855,Economically active: Self-employed: Full-time (1),10,9,1
S01010855,Economically active: Unemployed (1),27,27,0
S01010855,Economically inactive,179,177,2
S01010856,All people aged 16 and over,755,738,17
S01010856,Economically active: Total,381,373,8
S01010856,Economically active: Employee: Total,310,302,8
S01010856,Economically active: Employee: Part-time (1),93,92,1
S01010856,Economically active: Employee: Full-time (1),217,210,7
S01010856,Economically active: Self-employed: Total,27,27,0
S01010856,Economically active: Self-employed: Part-time (1),7,7,0
S01010856,Economically active: Self-employed: Full-time (1),20,20,0
S01010856,Economically active: Unemployed (1),44,44,0
S01010856,Economically inactive,374,365,9
S01010857,All people aged 16 and over,644,630,14
S01010857,Economically active: Total,461,449,12
S01010857,Economically active: Employee: Total,404,392,12
S01010857,Economically active: Employee: Part-time (1),117,116,1
S01010857,Economically active: Employee: Full-time (1),287,276,11
S01010857,Economically active: Self-employed: Total,21,21,0
S01010857,Economically active: Self-employed: Part-time (1),3,3,0
S01010857,Economically active: Self-employed: Full-time (1),18,18,0
S01010857,Economically active: Unemployed (1),36,36,0
S01010857,Economically inactive,183,181,2
S01010858,All people aged 16 and over,592,573,19
S01010858,Economically active: Total,342,325,17
S01010858,Economically active: Employee: Total,287,270,17
S01010858,Economically active: Employee: Part-time (1),85,81,4
S01010858,Economically active: Employee: Full-time (1),202,189,13
S01010858,Economically active: Self-employed: Total,18,18,0
S01010858,Economically active: Self-employed: Part-time (1),9,9,0
S01010858,Economically active: Self-employed: Full-time (1),9,9,0
S01010858,Economically active: Unemployed (1),37,37,0
S01010858,Economically inactive,250,248,2
S01010859,All people aged 16 and over,586,578,8
S01010859,Economically active: Total,319,313,6
S01010859,Economically active: Employee: Total,270,265,5
S01010859,Economically active: Employee: Part-time (1),96,94,2
S01010859,Economically active: Employee: Full-time (1),174,171,3
S01010859,Economically active: Self-employed: Total,17,17,0
S01010859,Economically active: Self-employed: Part-time (1),8,8,0
S01010859,Economically active: Self-employed: Full-time (1),9,9,0
S01010859,Economically active: Unemployed (1),32,31,1
S01010859,Economically inactive,267,265,2
S01010860,All people aged 16 and over,528,513,15
S01010860,Economically active: Total,312,299,13
S01010860,Economically active: Employee: Total,269,258,11
S01010860,Economically active: Employee: Part-time (1),90,89,1
S01010860,Economically active: Employee: Full-time (1),179,169,10
S01010860,Economically active: Self-employed: Total,10,10,0
S01010860,Economically active: Self-employed: Part-time (1),5,5,0
S01010860,Economically active: Self-employed: Full-time (1),5,5,0
S01010860,Economically active: Unemployed (1),33,31,2
S01010860,Economically inactive,216,214,2
S01010861,All people aged 16 and over,533,515,18
S01010861,Economically active: Total,284,269,15
S01010861,Economically active: Employee: Total,232,221,11
S01010861,Economically active: Employee: Part-time (1),77,75,2
S01010861,Economically active: Employee: Full-time (1),155,146,9
S01010861,Economically active: Self-employed: Total,12,12,0
S01010861,Economically active: Self-employed: Part-time (1),5,5,0
S01010861,Economically active: Self-employed: Full-time (1),7,7,0
S01010861,Economically active: Unemployed (1),40,36,4
S01010861,Economically inactive,249,246,3
S01010862,All people aged 16 and over,439,434,5
S01010862,Economically active: Total,234,231,3
S01010862,Economically active: Employee: Total,173,171,2
S01010862,Economically active: Employee: Part-time (1),68,68,0
S01010862,Economically active: Employee: Full-time (1),105,103,2
S01010862,Economically active: Self-employed: Total,4,4,0
S01010862,Economically active: Self-employed: Part-time (1),1,1,0
S01010862,Economically active: Self-employed: Full-time (1),3,3,0
S01010862,Economically active: Unemployed (1),57,56,1
S01010862,Economically inactive,205,203,2
S01010863,All people aged 16 and over,677,656,21
S01010863,Economically active: Total,369,358,11
S01010863,Economically active: Employee: Total,315,304,11
S01010863,Economically active: Employee: Part-time (1),94,92,2
S01010863,Economically active: Employee: Full-time (1),221,212,9
S01010863,Economically active: Self-employed: Total,32,32,0
S01010863,Economically active: Self-employed: Part-time (1),7,7,0
S01010863,Economically active: Self-employed: Full-time (1),25,25,0
S01010863,Economically active: Unemployed (1),22,22,0
S01010863,Economically inactive,308,298,10
S01010864,All people aged 16 and over,487,471,16
S01010864,Economically active: Total,303,293,10
S01010864,Economically active: Employee: Total,266,256,10
S01010864,Economically active: Employee: Part-time (1),80,80,0
S01010864,Economically active: Employee: Full-time (1),186,176,10
S01010864,Economically active: Self-employed: Total,24,24,0
S01010864,Economically active: Self-employed: Part-time (1),9,9,0
S01010864,Economically active: Self-employed: Full-time (1),15,15,0
S01010864,Economically active: Unemployed (1),13,13,0
S01010864,Economically inactive,184,178,6
S01010865,All people aged 16 and over,643,610,33
S01010865,Economically active: Total,310,294,16
S01010865,Economically active: Employee: Total,264,252,12
S01010865,Economically active: Employee: Part-time (1),69,65,4
S01010865,Economically active: Employee: Full-time (1),195,187,8
S01010865,Economically active: Self-employed: Total,37,33,4
S01010865,Economically active: Self-employed: Part-time (1),12,10,2
S01010865,Economically active: Self-employed: Full-time (1),25,23,2
S01010865,Economically active: Unemployed (1),9,9,0
S01010865,Economically inactive,333,316,17
S01010866,All people aged 16 and over,670,644,26
S01010866,Economically active: Total,281,267,14
S01010866,Economically active: Employee: Total,237,227,10
S01010866,Economically active: Employee: Part-time (1),61,60,1
S01010866,Economically active: Employee: Full-time (1),176,167,9
S01010866,Economically active: Self-employed: Total,35,31,4
S01010866,Economically active: Self-employed: Part-time (1),9,9,0
S01010866,Economically active: Self-employed: Full-time (1),26,22,4
S01010866,Economically active: Unemployed (1),9,9,0
S01010866,Economically inactive,389,377,12
S01010867,All people aged 16 and over,591,568,23
S01010867,Economically active: Total,313,300,13
S01010867,Economically active: Employee: Total,249,240,9
S01010867,Economically active: Employee: Part-time (1),64,63,1
S01010867,Economically active: Employee: Full-time (1),185,177,8
S01010867,Economically active: Self-employed: Total,51,48,3
S01010867,Economically active: Self-employed: Part-time (1),14,13,1
S01010867,Economically active: Self-employed: Full-time (1),37,35,2
S01010867,Economically active: Unemployed (1),13,12,1
S01010867,Economically inactive,278,268,10
S01010868,All people aged 16 and over,743,716,27
S01010868,Economically active: Total,353,339,14
S01010868,Economically active: Employee: Total,310,297,13
S01010868,Economically active: Employee: Part-time (1),94,91,3
S01010868,Economically active: Employee: Full-time (1),216,206,10
S01010868,Economically active: Self-employed: Total,29,28,1
S01010868,Economically active: Self-employed: Part-time (1),5,5,0
S01010868,Economically active: Self-employed: Full-time (1),24,23,1
S01010868,Economically active: Unemployed (1),14,14,0
S01010868,Economically inactive,390,377,13
S01010869,All people aged 16 and over,632,601,31
S01010869,Economically active: Total,399,380,19
S01010869,Economically active: Employee: Total,331,320,11
S01010869,Economically active: Employee: Part-time (1),114,110,4
S01010869,Economically active: Employee: Full-time (1),217,210,7
S01010869,Economically active: Self-employed: Total,45,40,5
S01010869,Economically active: Self-employed: Part-time (1),6,6,0
S01010869,Economically active: Self-employed: Full-time (1),39,34,5
S01010869,Economically active: Unemployed (1),23,20,3
S01010869,Economically inactive,233,221,12
S01010870,All people aged 16 and over,667,628,39
S01010870,Economically active: Total,412,384,28
S01010870,Economically active: Employee: Total,344,321,23
S01010870,Economically active: Employee: Part-time (1),83,81,2
S01010870,Economically active: Employee: Full-time (1),261,240,21
S01010870,Economically active: Self-employed: Total,41,38,3
S01010870,Economically active: Self-employed: Part-time (1),18,18,0
S01010870,Economically active: Self-employed: Full-time (1),23,20,3
S01010870,Economically active: Unemployed (1),27,25,2
S01010870,Economically inactive,255,244,11
S01010871,All people aged 16 and over,759,709,50
S01010871,Economically active: Total,462,428,34
S01010871,Economically active: Employee: Total,378,348,30
S01010871,Economically active: Employee: Part-time (1),98,92,6
S01010871,Economically active: Employee: Full-time (1),280,256,24
S01010871,Economically active: Self-employed: Total,49,46,3
S01010871,Economically active: Self-employed: Part-time (1),13,12,1
S01010871,Economically active: Self-employed: Full-time (1),36,34,2
S01010871,Economically active: Unemployed (1),35,34,1
S01010871,Economically inactive,297,281,16
S01010872,All people aged 16 and over,624,588,36
S01010872,Economically active: Total,377,350,27
S01010872,Economically active: Employee: Total,325,301,24
S01010872,Economically active: Employee: Part-time (1),81,78,3
S01010872,Economically active: Employee: Full-time (1),244,223,21
S01010872,Economically active: Self-employed: Total,29,27,2
S01010872,Economically active: Self-employed: Part-time (1),9,8,1
S01010872,Economically active: Self-employed: Full-time (1),20,19,1
S01010872,Economically active: Unemployed (1),23,22,1
S01010872,Economically inactive,247,238,9
S01010873,All people aged 16 and over,497,473,24
S01010873,Economically active: Total,195,182,13
S01010873,Economically active: Employee: Total,166,155,11
S01010873,Economically active: Employee: Part-time (1),49,47,2
S01010873,Economically active: Employee: Full-time (1),117,108,9
S01010873,Economically active: Self-employed: Total,9,8,1
S01010873,Economically active: Self-employed: Part-time (1),2,2,0
S01010873,Economically active: Self-employed: Full-time (1),7,6,1
S01010873,Economically active: Unemployed (1),20,19,1
S01010873,Economically inactive,302,291,11
S01010874,All people aged 16 and over,632,608,24
S01010874,Economically active: Total,433,418,15
S01010874,Economically active: Employee: Total,363,348,15
S01010874,Economically active: Employee: Part-time (1),103,101,2
S01010874,Economically active: Employee: Full-time (1),260,247,13
S01010874,Economically active: Self-employed: Total,41,41,0
S01010874,Economically active: Self-employed: Part-time (1),8,8,0
S01010874,Economically active: Self-employed: Full-time (1),33,33,0
S01010874,Economically active: Unemployed (1),29,29,0
S01010874,Economically inactive,199,190,9
S01010875,All people aged 16 and over,426,394,32
S01010875,Economically active: Total,295,269,26
S01010875,Economically active: Employee: Total,248,225,23
S01010875,Economically active: Employee: Part-time (1),75,73,2
S01010875,Economically active: Employee: Full-time (1),173,152,21
S01010875,Economically active: Self-employed: Total,25,24,1
S01010875,Economically active: Self-employed: Part-time (1),7,6,1
S01010875,Economically active: Self-employed: Full-time (1),18,18,0
S01010875,Economically active: Unemployed (1),22,20,2
S01010875,Economically inactive,131,125,6
S01010876,All people aged 16 and over,608,579,29
S01010876,Economically active: Total,367,344,23
S01010876,Economically active: Employee: Total,317,296,21
S01010876,Economically active: Employee: Part-time (1),99,95,4
S01010876,Economically active: Employee: Full-time (1),218,201,17
S01010876,Economically active: Self-employed: Total,11,11,0
S01010876,Economically active: Self-employed: Part-time (1),2,2,0
S01010876,Economically active: Self-employed: Full-time (1),9,9,0
S01010876,Economically active: Unemployed (1),39,37,2
S01010876,Economically inactive,241,235,6
S01010877,All people aged 16 and over,792,763,29
S01010877,Economically active: Total,465,446,19
S01010877,Economically active: Employee: Total,394,378,16
S01010877,Economically active: Employee: Part-time (1),112,112,0
S01010877,Economically active: Employee: Full-time (1),282,266,16
S01010877,Economically active: Self-employed: Total,31,30,1
S01010877,Economically active: Self-employed: Part-time (1),8,8,0
S01010877,Economically active: Self-employed: Full-time (1),23,22,1
S01010877,Economically active: Unemployed (1),40,38,2
S01010877,Economically inactive,327,317,10
S01010878,All people aged 16 and over,1048,1025,23
S01010878,Economically active: Total,471,457,14
S01010878,Economically active: Employee: Total,396,384,12
S01010878,Economically active: Employee: Part-time (1),116,112,4
S01010878,Economically active: Employee: Full-time (1),280,272,8
S01010878,Economically active: Self-employed: Total,30,30,0
S01010878,Economically active: Self-employed: Part-time (1),9,9,0
S01010878,Economically active: Self-employed: Full-time (1),21,21,0
S01010878,Economically active: Unemployed (1),45,43,2
S01010878,Economically inactive,577,568,9
S01010879,All people aged 16 and over,705,694,11
S01010879,Economically active: Total,476,467,9
S01010879,Economically active: Employee: Total,408,400,8
S01010879,Economically active: Employee: Part-time (1),140,138,2
S01010879,Economically active: Employee: Full-time (1),268,262,6
S01010879,Economically active: Self-employed: Total,40,40,0
S01010879,Economically active: Self-employed: Part-time (1),9,9,0
S01010879,Economically active: Self-employed: Full-time (1),31,31,0
S01010879,Economically active: Unemployed (1),28,27,1
S01010879,Economically inactive,229,227,2
S01010880,All people aged 16 and over,444,428,16
S01010880,Economically active: Total,255,247,8
S01010880,Economically active: Employee: Total,208,201,7
S01010880,Economically active: Employee: Part-time (1),73,71,2
S01010880,Economically active: Employee: Full-time (1),135,130,5
S01010880,Economically active: Self-employed: Total,10,10,0
S01010880,Economically active: Self-employed: Part-time (1),5,5,0
S01010880,Economically active: Self-employed: Full-time (1),5,5,0
S01010880,Economically active: Unemployed (1),37,36,1
S01010880,Economically inactive,189,181,8
S01010881,All people aged 16 and over,542,536,6
S01010881,Economically active: Total,298,293,5
S01010881,Economically active: Employee: Total,253,248,5
S01010881,Economically active: Employee: Part-time (1),78,78,0
S01010881,Economically active: Employee: Full-time (1),175,170,5
S01010881,Economically active: Self-employed: Total,16,16,0
S01010881,Economically active: Self-employed: Part-time (1),2,2,0
S01010881,Economically active: Self-employed: Full-time (1),14,14,0
S01010881,Economically active: Unemployed (1),29,29,0
S01010881,Economically inactive,244,243,1
S01010882,All people aged 16 and over,457,446,11
S01010882,Economically active: Total,331,322,9
S01010882,Economically active: Employee: Total,286,278,8
S01010882,Economically active: Employee: Part-time (1),95,92,3
S01010882,Economically active: Employee: Full-time (1),191,186,5
S01010882,Economically active: Self-employed: Total,12,11,1
S01010882,Economically active: Self-employed: Part-time (1),4,4,0
S01010882,Economically active: Self-employed: Full-time (1),8,7,1
S01010882,Economically active: Unemployed (1),33,33,0
S01010882,Economically inactive,126,124,2
S01010883,All people aged 16 and over,736,705,31
S01010883,Economically active: Total,506,484,22
S01010883,Economically active: Employee: Total,444,427,17
S01010883,Economically active: Employee: Part-time (1),134,127,7
S01010883,Economically active: Employee: Full-time (1),310,300,10
S01010883,Economically active: Self-employed: Total,22,19,3
S01010883,Economically active: Self-employed: Part-time (1),3,3,0
S01010883,Economically active: Self-employed: Full-time (1),19,16,3
S01010883,Economically active: Unemployed (1),40,38,2
S01010883,Economically inactive,230,221,9
S01010884,All people aged 16 and over,582,577,5
S01010884,Economically active: Total,285,282,3
S01010884,Economically active: Employee: Total,222,220,2
S01010884,Economically active: Employee: Part-time (1),69,68,1
S01010884,Economically active: Employee: Full-time (1),153,152,1
S01010884,Economically active: Self-employed: Total,15,14,1
S01010884,Economically active: Self-employed: Part-time (1),6,6,0
S01010884,Economically active: Self-employed: Full-time (1),9,8,1
S01010884,Economically active: Unemployed (1),48,48,0
S01010884,Economically inactive,297,295,2
S01010885,All people aged 16 and over,778,745,33
S01010885,Economically active: Total,398,376,22
S01010885,Economically active: Employee: Total,318,298,20
S01010885,Economically active: Employee: Part-time (1),110,109,1
S01010885,Economically active: Employee: Full-time (1),208,189,19
S01010885,Economically active: Self-employed: Total,17,17,0
S01010885,Economically active: Self-employed: Part-time (1),5,5,0
S01010885,Economically active: Self-employed: Full-time (1),12,12,0
S01010885,Economically active: Unemployed (1),63,61,2
S01010885,Economically inactive,380,369,11
S01010886,All people aged 16 and over,399,392,7
S01010886,Economically active: Total,247,241,6
S01010886,Economically active: Employee: Total,190,184,6
S01010886,Economically active: Employee: Part-time (1),53,53,0
S01010886,Economically active: Employee: Full-time (1),137,131,6
S01010886,Economically active: Self-employed: Total,19,19,0
S01010886,Economically active: Self-employed: Part-time (1),7,7,0
S01010886,Economically active: Self-employed: Full-time (1),12,12,0
S01010886,Economically active: Unemployed (1),38,38,0
S01010886,Economically inactive,152,151,1
S01010887,All people aged 16 and over,707,696,11
S01010887,Economically active: Total,305,300,5
S01010887,Economically active: Employee: Total,231,226,5
S01010887,Economically active: Employee: Part-time (1),83,81,2
S01010887,Economically active: Employee: Full-time (1),148,145,3
S01010887,Economically active: Self-employed: Total,20,20,0
S01010887,Economically active: Self-employed: Part-time (1),8,8,0
S01010887,Economically active: Self-employed: Full-time (1),12,12,0
S01010887,Economically active: Unemployed (1),54,54,0
S01010887,Economically inactive,402,396,6
S01010888,All people aged 16 and over,682,657,25
S01010888,Economically active: Total,390,372,18
S01010888,Economically active: Employee: Total,324,309,15
S01010888,Economically active: Employee: Part-time (1),89,88,1
S01010888,Economically active: Employee: Full-time (1),235,221,14
S01010888,Economically active: Self-employed: Total,20,19,1
S01010888,Economically active: Self-employed: Part-time (1),6,6,0
S01010888,Economically active: Self-employed: Full-time (1),14,13,1
S01010888,Economically active: Unemployed (1),46,44,2
S01010888,Economically inactive,292,285,7
S01010889,All people aged 16 and over,472,457,15
S01010889,Economically active: Total,253,245,8
S01010889,Economically active: Employee: Total,200,195,5
S01010889,Economically active: Employee: Part-time (1),53,53,0
S01010889,Economically active: Employee: Full-time (1),147,142,5
S01010889,Economically active: Self-employed: Total,14,13,1
S01010889,Economically active: Self-employed: Part-time (1),3,3,0
S01010889,Economically active: Self-employed: Full-time (1),11,10,1
S01010889,Economically active: Unemployed (1),39,37,2
S01010889,Economically inactive,219,212,7
S01010890,All people aged 16 and over,713,698,15
S01010890,Economically active: Total,263,253,10
S01010890,Economically active: Employee: Total,215,206,9
S01010890,Economically active: Employee: Part-time (1),65,65,0
S01010890,Economically active: Employee: Full-time (1),150,141,9
S01010890,Economically active: Self-employed: Total,14,14,0
S01010890,Economically active: Self-employed: Part-time (1),1,1,0
S01010890,Economically active: Self-employed: Full-time (1),13,13,0
S01010890,Economically active: Unemployed (1),34,33,1
S01010890,Economically inactive,450,445,5
S01010891,All people aged 16 and over,390,368,22
S01010891,Economically active: Total,143,130,13
S01010891,Economically active: Employee: Total,99,88,11
S01010891,Economically active: Employee: Part-time (1),31,28,3
S01010891,Economically active: Employee: Full-time (1),68,60,8
S01010891,Economically active: Self-employed: Total,9,7,2
S01010891,Economically active: Self-employed: Part-time (1),4,4,0
S01010891,Economically active: Self-employed: Full-time (1),5,3,2
S01010891,Economically active: Unemployed (1),35,35,0
S01010891,Economically inactive,247,238,9
S01010892,All people aged 16 and over,758,734,24
S01010892,Economically active: Total,363,344,19
S01010892,Economically active: Employee: Total,297,282,15
S01010892,Economically active: Employee: Part-time (1),93,93,0
S01010892,Economically active: Employee: Full-time (1),204,189,15
S01010892,Economically active: Self-employed: Total,16,14,2
S01010892,Economically active: Self-employed: Part-time (1),3,3,0
S01010892,Economically active: Self-employed: Full-time (1),13,11,2
S01010892,Economically active: Unemployed (1),50,48,2
S01010892,Economically inactive,395,390,5
S01010893,All people aged 16 and over,465,456,9
S01010893,Economically active: Total,193,188,5
S01010893,Economically active: Employee: Total,160,158,2
S01010893,Economically active: Employee: Part-time (1),52,52,0
S01010893,Economically active: Employee: Full-time (1),108,106,2
S01010893,Economically active: Self-employed: Total,9,9,0
S01010893,Economically active: Self-employed: Part-time (1),2,2,0
S01010893,Economically active: Self-employed: Full-time (1),7,7,0
S01010893,Economically active: Unemployed (1),24,21,3
S01010893,Economically inactive,272,268,4
S01010894,All people aged 16 and over,579,562,17
S01010894,Economically active: Total,325,314,11
S01010894,Economically active: Employee: Total,275,270,5
S01010894,Economically active: Employee: Part-time (1),69,69,0
S01010894,Economically active: Employee: Full-time (1),206,201,5
S01010894,Economically active: Self-employed: Total,17,12,5
S01010894,Economically active: Self-employed: Part-time (1),1,0,1
S01010894,Economically active: Self-employed: Full-time (1),16,12,4
S01010894,Economically active: Unemployed (1),33,32,1
S01010894,Economically inactive,254,248,6
S01010895,All people aged 16 and over,358,354,4
S01010895,Economically active: Total,161,159,2
S01010895,Economically active: Employee: Total,124,123,1
S01010895,Economically active: Employee: Part-time (1),37,36,1
S01010895,Economically active: Employee: Full-time (1),87,87,0
S01010895,Economically active: Self-employed: Total,10,10,0
S01010895,Economically active: Self-employed: Part-time (1),2,2,0
S01010895,Economically active: Self-employed: Full-time (1),8,8,0
S01010895,Economically active: Unemployed (1),27,26,1
S01010895,Economically inactive,197,195,2
S01010896,All people aged 16 and over,568,563,5
S01010896,Economically active: Total,284,282,2
S01010896,Economically active: Employee: Total,224,222,2
S01010896,Economically active: Employee: Part-time (1),74,74,0
S01010896,Economically active: Employee: Full-time (1),150,148,2
S01010896,Economically active: Self-employed: Total,16,16,0
S01010896,Economically active: Self-employed: Part-time (1),8,8,0
S01010896,Economically active: Self-employed: Full-time (1),8,8,0
S01010896,Economically active: Unemployed (1),44,44,0
S01010896,Economically inactive,284,281,3
S01010897,All people aged 16 and over,670,664,6
S01010897,Economically active: Total,367,363,4
S01010897,Economically active: Employee: Total,294,291,3
S01010897,Economically active: Employee: Part-time (1),105,104,1
S01010897,Economically active: Employee: Full-time (1),189,187,2
S01010897,Economically active: Self-employed: Total,15,15,0
S01010897,Economically active: Self-employed: Part-time (1),5,5,0
S01010897,Economically active: Self-employed: Full-time (1),10,10,0
S01010897,Economically active: Unemployed (1),58,57,1
S01010897,Economically inactive,303,301,2
S01010898,All people aged 16 and over,505,500,5
S01010898,Economically active: Total,284,279,5
S01010898,Economically active: Employee: Total,221,219,2
S01010898,Economically active: Employee: Part-time (1),75,74,1
S01010898,Economically active: Employee: Full-time (1),146,145,1
S01010898,Economically active: Self-employed: Total,23,21,2
S01010898,Economically active: Self-employed: Part-time (1),10,10,0
S01010898,Economically active: Self-employed: Full-time (1),13,11,2
S01010898,Economically active: Unemployed (1),40,39,1
S01010898,Economically inactive,221,221,0
S01010899,All people aged 16 and over,478,471,7
S01010899,Economically active: Total,344,339,5
S01010899,Economically active: Employee: Total,293,288,5
S01010899,Economically active: Employee: Part-time (1),86,85,1
S01010899,Economically active: Employee: Full-time (1),207,203,4
S01010899,Economically active: Self-employed: Total,17,17,0
S01010899,Economically active: Self-employed: Part-time (1),3,3,0
S01010899,Economically active: Self-employed: Full-time (1),14,14,0
S01010899,Economically active: Unemployed (1),34,34,0
S01010899,Economically inactive,134,132,2
S01010900,All people aged 16 and over,508,500,8
S01010900,Economically active: Total,308,303,5
S01010900,Economically active: Employee: Total,248,243,5
S01010900,Economically active: Employee: Part-time (1),90,89,1
S01010900,Economically active: Employee: Full-time (1),158,154,4
S01010900,Economically active: Self-employed: Total,12,12,0
S01010900,Economically active: Self-employed: Part-time (1),2,2,0
S01010900,Economically active: Self-employed: Full-time (1),10,10,0
S01010900,Economically active: Unemployed (1),48,48,0
S01010900,Economically inactive,200,197,3
S01010901,All people aged 16 and over,351,343,8
S01010901,Economically active: Total,183,178,5
S01010901,Economically active: Employee: Total,143,139,4
S01010901,Economically active: Employee: Part-time (1),55,55,0
S01010901,Economically active: Employee: Full-time (1),88,84,4
S01010901,Economically active: Self-employed: Total,8,7,1
S01010901,Economically active: Self-employed: Part-time (1),4,4,0
S01010901,Economically active: Self-employed: Full-time (1),4,3,1
S01010901,Economically active: Unemployed (1),32,32,0
S01010901,Economically inactive,168,165,3
S01010902,All people aged 16 and over,825,812,13
S01010902,Economically active: Total,463,455,8
S01010902,Economically active: Employee: Total,389,383,6
S01010902,Economically active: Employee: Part-time (1),119,118,1
S01010902,Economically active: Employee: Full-time (1),270,265,5
S01010902,Economically active: Self-employed: Total,22,20,2
S01010902,Economically active: Self-employed: Part-time (1),7,6,1
S01010902,Economically active: Self-employed: Full-time (1),15,14,1
S01010902,Economically active: Unemployed (1),52,52,0
S01010902,Economically inactive,362,357,5
S01010903,All people aged 16 and over,667,658,9
S01010903,Economically active: Total,313,308,5
S01010903,Economically active: Employee: Total,250,246,4
S01010903,Economically active: Employee: Part-time (1),84,82,2
S01010903,Economically active: Employee: Full-time (1),166,164,2
S01010903,Economically active: Self-employed: Total,15,15,0
S01010903,Economically active: Self-employed: Part-time (1),2,2,0
S01010903,Economically active: Self-employed: Full-time (1),13,13,0
S01010903,Economically active: Unemployed (1),48,47,1
S01010903,Economically inactive,354,350,4
S01010904,All people aged 16 and over,446,440,6
S01010904,Economically active: Total,250,244,6
S01010904,Economically active: Employee: Total,195,192,3
S01010904,Economically active: Employee: Part-time (1),65,63,2
S01010904,Economically active: Employee: Full-time (1),130,129,1
S01010904,Economically active: Self-employed: Total,12,11,1
S01010904,Economically active: Self-employed: Part-time (1),2,2,0
S01010904,Economically active: Self-employed: Full-time (1),10,9,1
S01010904,Economically active: Unemployed (1),43,41,2
S01010904,Economically inactive,196,196,0
S01010905,All people aged 16 and over,502,482,20
S01010905,Economically active: Total,319,305,14
S01010905,Economically active: Employee: Total,282,270,12
S01010905,Economically active: Employee: Part-time (1),78,74,4
S01010905,Economically active: Employee: Full-time (1),204,196,8
S01010905,Economically active: Self-employed: Total,17,15,2
S01010905,Economically active: Self-employed: Part-time (1),9,7,2
S01010905,Economically active: Self-employed: Full-time (1),8,8,0
S01010905,Economically active: Unemployed (1),20,20,0
S01010905,Economically inactive,183,177,6
S01010906,All people aged 16 and over,746,737,9
S01010906,Economically active: Total,496,488,8
S01010906,Economically active: Employee: Total,420,412,8
S01010906,Economically active: Employee: Part-time (1),129,129,0
S01010906,Economically active: Employee: Full-time (1),291,283,8
S01010906,Economically active: Self-employed: Total,24,24,0
S01010906,Economically active: Self-employed: Part-time (1),9,9,0
S01010906,Economically active: Self-employed: Full-time (1),15,15,0
S01010906,Economically active: Unemployed (1),52,52,0
S01010906,Economically inactive,250,249,1
S01010907,All people aged 16 and over,394,381,13
S01010907,Economically active: Total,332,322,10
S01010907,Economically active: Employee: Total,299,291,8
S01010907,Economically active: Employee: Part-time (1),70,65,5
S01010907,Economically active: Employee: Full-time (1),229,226,3
S01010907,Economically active: Self-employed: Total,18,17,1
S01010907,Economically active: Self-employed: Part-time (1),5,4,1
S01010907,Economically active: Self-employed: Full-time (1),13,13,0
S01010907,Economically active: Unemployed (1),15,14,1
S01010907,Economically inactive,62,59,3
S01010908,All people aged 16 and over,512,506,6
S01010908,Economically active: Total,301,297,4
S01010908,Economically active: Employee: Total,259,255,4
S01010908,Economically active: Employee: Part-time (1),74,74,0
S01010908,Economically active: Employee: Full-time (1),185,181,4
S01010908,Economically active: Self-employed: Total,19,19,0
S01010908,Economically active: Self-employed: Part-time (1),4,4,0
S01010908,Economically active: Self-employed: Full-time (1),15,15,0
S01010908,Economically active: Unemployed (1),23,23,0
S01010908,Economically inactive,211,209,2
S01010909,All people aged 16 and over,616,598,18
S01010909,Economically active: Total,374,361,13
S01010909,Economically active: Employee: Total,324,314,10
S01010909,Economically active: Employee: Part-time (1),90,85,5
S01010909,Economically active: Employee: Full-time (1),234,229,5
S01010909,Economically active: Self-employed: Total,25,24,1
S01010909,Economically active: Self-employed: Part-time (1),10,9,1
S01010909,Economically active: Self-employed: Full-time (1),15,15,0
S01010909,Economically active: Unemployed (1),25,23,2
S01010909,Economically inactive,242,237,5
S01010910,All people aged 16 and over,405,396,9
S01010910,Economically active: Total,227,221,6
S01010910,Economically active: Employee: Total,170,165,5
S01010910,Economically active: Employee: Part-time (1),55,52,3
S01010910,Economically active: Employee: Full-time (1),115,113,2
S01010910,Economically active: Self-employed: Total,9,9,0
S01010910,Economically active: Self-employed: Part-time (1),3,3,0
S01010910,Economically active: Self-employed: Full-time (1),6,6,0
S01010910,Economically active: Unemployed (1),48,47,1
S01010910,Economically inactive,178,175,3
S01010911,All people aged 16 and over,495,490,5
S01010911,Economically active: Total,201,198,3
S01010911,Economically active: Employee: Total,166,163,3
S01010911,Economically active: Employee: Part-time (1),39,38,1
S01010911,Economically active: Employee: Full-time (1),127,125,2
S01010911,Economically active: Self-employed: Total,8,8,0
S01010911,Economically active: Self-employed: Part-time (1),2,2,0
S01010911,Economically active: Self-employed: Full-time (1),6,6,0
S01010911,Economically active: Unemployed (1),27,27,0
S01010911,Economically inactive,294,292,2
S01010912,All people aged 16 and over,593,572,21
S01010912,Economically active: Total,226,219,7
S01010912,Economically active: Employee: Total,179,174,5
S01010912,Economically active: Employee: Part-time (1),55,55,0
S01010912,Economically active: Employee: Full-time (1),124,119,5
S01010912,Economically active: Self-employed: Total,17,15,2
S01010912,Economically active: Self-employed: Part-time (1),4,3,1
S01010912,Economically active: Self-employed: Full-time (1),13,12,1
S01010912,Economically active: Unemployed (1),30,30,0
S01010912,Economically inactive,367,353,14
S01010913,All people aged 16 and over,537,520,17
S01010913,Economically active: Total,344,334,10
S01010913,Economically active: Employee: Total,296,288,8
S01010913,Economically active: Employee: Part-time (1),86,83,3
S01010913,Economically active: Employee: Full-time (1),210,205,5
S01010913,Economically active: Self-employed: Total,33,31,2
S01010913,Economically active: Self-employed: Part-time (1),7,7,0
S01010913,Economically active: Self-employed: Full-time (1),26,24,2
S01010913,Economically active: Unemployed (1),15,15,0
S01010913,Economically inactive,193,186,7
S01010914,All people aged 16 and over,539,530,9
S01010914,Economically active: Total,404,395,9
S01010914,Economically active: Employee: Total,351,345,6
S01010914,Economically active: Employee: Part-time (1),96,95,1
S01010914,Economically active: Employee: Full-time (1),255,250,5
S01010914,Economically active: Self-employed: Total,26,24,2
S01010914,Economically active: Self-employed: Part-time (1),10,9,1
S01010914,Economically active: Self-employed: Full-time (1),16,15,1
S01010914,Economically active: Unemployed (1),27,26,1
S01010914,Economically inactive,135,135,0
S01010915,All people aged 16 and over,592,578,14
S01010915,Economically active: Total,416,406,10
S01010915,Economically active: Employee: Total,368,360,8
S01010915,Economically active: Employee: Part-time (1),107,104,3
S01010915,Economically active: Employee: Full-time (1),261,256,5
S01010915,Economically active: Self-employed: Total,23,22,1
S01010915,Economically active: Self-employed: Part-time (1),6,6,0
S01010915,Economically active: Self-employed: Full-time (1),17,16,1
S01010915,Economically active: Unemployed (1),25,24,1
S01010915,Economically inactive,176,172,4
S01010916,All people aged 16 and over,486,472,14
S01010916,Economically active: Total,226,214,12
S01010916,Economically active: Employee: Total,167,159,8
S01010916,Economically active: Employee: Part-time (1),44,44,0
S01010916,Economically active: Employee: Full-time (1),123,115,8
S01010916,Economically active: Self-employed: Total,12,12,0
S01010916,Economically active: Self-employed: Part-time (1),2,2,0
S01010916,Economically active: Self-employed: Full-time (1),10,10,0
S01010916,Economically active: Unemployed (1),47,43,4
S01010916,Economically inactive,260,258,2
S01010917,All people aged 16 and over,620,608,12
S01010917,Economically active: Total,343,338,5
S01010917,Economically active: Employee: Total,293,290,3
S01010917,Economically active: Employee: Part-time (1),67,67,0
S01010917,Economically active: Employee: Full-time (1),226,223,3
S01010917,Economically active: Self-employed: Total,17,15,2
S01010917,Economically active: Self-employed: Part-time (1),3,3,0
S01010917,Economically active: Self-employed: Full-time (1),14,12,2
S01010917,Economically active: Unemployed (1),33,33,0
S01010917,Economically inactive,277,270,7
S01010918,All people aged 16 and over,612,602,10
S01010918,Economically active: Total,306,303,3
S01010918,Economically active: Employee: Total,260,257,3
S01010918,Economically active: Employee: Part-time (1),81,80,1
S01010918,Economically active: Employee: Full-time (1),179,177,2
S01010918,Economically active: Self-employed: Total,17,17,0
S01010918,Economically active: Self-employed: Part-time (1),5,5,0
S01010918,Economically active: Self-employed: Full-time (1),12,12,0
S01010918,Economically active: Unemployed (1),29,29,0
S01010918,Economically inactive,306,299,7
S01010919,All people aged 16 and over,658,649,9
S01010919,Economically active: Total,361,355,6
S01010919,Economically active: Employee: Total,307,304,3
S01010919,Economically active: Employee: Part-time (1),98,97,1
S01010919,Economically active: Employee: Full-time (1),209,207,2
S01010919,Economically active: Self-employed: Total,18,17,1
S01010919,Economically active: Self-employed: Part-time (1),9,8,1
S01010919,Economically active: Self-employed: Full-time (1),9,9,0
S01010919,Economically active: Unemployed (1),36,34,2
S01010919,Economically inactive,297,294,3
S01010920,All people aged 16 and over,452,438,14
S01010920,Economically active: Total,253,241,12
S01010920,Economically active: Employee: Total,174,166,8
S01010920,Economically active: Employee: Part-time (1),61,59,2
S01010920,Economically active: Employee: Full-time (1),113,107,6
S01010920,Economically active: Self-employed: Total,23,21,2
S01010920,Economically active: Self-employed: Part-time (1),7,6,1
S01010920,Economically active: Self-employed: Full-time (1),16,15,1
S01010920,Economically active: Unemployed (1),56,54,2
S01010920,Economically inactive,199,197,2
S01010921,All people aged 16 and over,521,517,4
S01010921,Economically active: Total,296,294,2
S01010921,Economically active: Employee: Total,238,236,2
S01010921,Economically active: Employee: Part-time (1),72,72,0
S01010921,Economically active: Employee: Full-time (1),166,164,2
S01010921,Economically active: Self-employed: Total,11,11,0
S01010921,Economically active: Self-employed: Part-time (1),0,0,0
S01010921,Economically active: Self-employed: Full-time (1),11,11,0
S01010921,Economically active: Unemployed (1),47,47,0
S01010921,Economically inactive,225,223,2
S01010922,All people aged 16 and over,721,715,6
S01010922,Economically active: Total,350,346,4
S01010922,Economically active: Employee: Total,285,282,3
S01010922,Economically active: Employee: Part-time (1),101,100,1
S01010922,Economically active: Employee: Full-time (1),184,182,2
S01010922,Economically active: Self-employed: Total,16,15,1
S01010922,Economically active: Self-employed: Part-time (1),6,5,1
S01010922,Economically active: Self-employed: Full-time (1),10,10,0
S01010922,Economically active: Unemployed (1),49,49,0
S01010922,Economically inactive,371,369,2
S01010923,All people aged 16 and over,729,720,9
S01010923,Economically active: Total,394,387,7
S01010923,Economically active: Employee: Total,323,318,5
S01010923,Economically active: Employee: Part-time (1),105,101,4
S01010923,Economically active: Employee: Full-time (1),218,217,1
S01010923,Economically active: Self-employed: Total,22,21,1
S01010923,Economically active: Self-employed: Part-time (1),4,3,1
S01010923,Economically active: Self-employed: Full-time (1),18,18,0
S01010923,Economically active: Unemployed (1),49,48,1
S01010923,Economically inactive,335,333,2
S01010924,All people aged 16 and over,512,507,5
S01010924,Economically active: Total,291,287,4
S01010924,Economically active: Employee: Total,256,253,3
S01010924,Economically active: Employee: Part-time (1),79,78,1
S01010924,Economically active: Employee: Full-time (1),177,175,2
S01010924,Economically active: Self-employed: Total,14,13,1
S01010924,Economically active: Self-employed: Part-time (1),2,2,0
S01010924,Economically active: Self-employed: Full-time (1),12,11,1
S01010924,Economically active: Unemployed (1),21,21,0
S01010924,Economically inactive,221,220,1
S01010925,All people aged 16 and over,678,674,4
S01010925,Economically active: Total,366,364,2
S01010925,Economically active: Employee: Total,292,290,2
S01010925,Economically active: Employee: Part-time (1),104,104,0
S01010925,Economically active: Employee: Full-time (1),188,186,2
S01010925,Economically active: Self-employed: Total,20,20,0
S01010925,Economically active: Self-employed: Part-time (1),7,7,0
S01010925,Economically active: Self-employed: Full-time (1),13,13,0
S01010925,Economically active: Unemployed (1),54,54,0
S01010925,Economically inactive,312,310,2
S01010926,All people aged 16 and over,649,641,8
S01010926,Economically active: Total,364,359,5
S01010926,Economically active: Employee: Total,292,287,5
S01010926,Economically active: Employee: Part-time (1),95,93,2
S01010926,Economically active: Employee: Full-time (1),197,194,3
S01010926,Economically active: Self-employed: Total,21,21,0
S01010926,Economically active: Self-employed: Part-time (1),8,8,0
S01010926,Economically active: Self-employed: Full-time (1),13,13,0
S01010926,Economically active: Unemployed (1),51,51,0
S01010926,Economically inactive,285,282,3
S01010927,All people aged 16 and over,461,453,8
S01010927,Economically active: Total,252,247,5
S01010927,Economically active: Employee: Total,220,216,4
S01010927,Economically active: Employee: Part-time (1),62,62,0
S01010927,Economically active: Employee: Full-time (1),158,154,4
S01010927,Economically active: Self-employed: Total,12,11,1
S01010927,Economically active: Self-employed: Part-time (1),4,3,1
S01010927,Economically active: Self-employed: Full-time (1),8,8,0
S01010927,Economically active: Unemployed (1),20,20,0
S01010927,Economically inactive,209,206,3
S01010928,All people aged 16 and over,561,557,4
S01010928,Economically active: Total,302,299,3
S01010928,Economically active: Employee: Total,236,233,3
S01010928,Economically active: Employee: Part-time (1),78,77,1
S01010928,Economically active: Employee: Full-time (1),158,156,2
S01010928,Economically active: Self-employed: Total,25,25,0
S01010928,Economically active: Self-employed: Part-time (1),9,9,0
S01010928,Economically active: Self-employed: Full-time (1),16,16,0
S01010928,Economically active: Unemployed (1),41,41,0
S01010928,Economically inactive,259,258,1
S01010929,All people aged 16 and over,516,507,9
S01010929,Economically active: Total,271,267,4
S01010929,Economically active: Employee: Total,213,209,4
S01010929,Economically active: Employee: Part-time (1),66,66,0
S01010929,Economically active: Employee: Full-time (1),147,143,4
S01010929,Economically active: Self-employed: Total,14,14,0
S01010929,Economically active: Self-employed: Part-time (1),5,5,0
S01010929,Economically active: Self-employed: Full-time (1),9,9,0
S01010929,Economically active: Unemployed (1),44,44,0
S01010929,Economically inactive,245,240,5
S01010930,All people aged 16 and over,712,664,48
S01010930,Economically active: Total,549,507,42
S01010930,Economically active: Employee: Total,410,377,33
S01010930,Economically active: Employee: Part-time (1),119,114,5
S01010930,Economically active: Employee: Full-time (1),291,263,28
S01010930,Economically active: Self-employed: Total,115,108,7
S01010930,Economically active: Self-employed: Part-time (1),21,19,2
S01010930,Economically active: Self-employed: Full-time (1),94,89,5
S01010930,Economically active: Unemployed (1),24,22,2
S01010930,Economically inactive,163,157,6
S01010931,All people aged 16 and over,372,353,19
S01010931,Economically active: Total,234,219,15
S01010931,Economically active: Employee: Total,156,144,12
S01010931,Economically active: Employee: Part-time (1),39,35,4
S01010931,Economically active: Employee: Full-time (1),117,109,8
S01010931,Economically active: Self-employed: Total,66,63,3
S01010931,Economically active: Self-employed: Part-time (1),14,14,0
S01010931,Economically active: Self-employed: Full-time (1),52,49,3
S01010931,Economically active: Unemployed (1),12,12,0
S01010931,Economically inactive,138,134,4
S01010932,All people aged 16 and over,468,447,21
S01010932,Economically active: Total,286,275,11
S01010932,Economically active: Employee: Total,234,223,11
S01010932,Economically active: Employee: Part-time (1),74,70,4
S01010932,Economically active: Employee: Full-time (1),160,153,7
S01010932,Economically active: Self-employed: Total,33,33,0
S01010932,Economically active: Self-employed: Part-time (1),13,13,0
S01010932,Economically active: Self-employed: Full-time (1),20,20,0
S01010932,Economically active: Unemployed (1),19,19,0
S01010932,Economically inactive,182,172,10
S01010933,All people aged 16 and over,576,538,38
S01010933,Economically active: Total,413,381,32
S01010933,Economically active: Employee: Total,335,313,22
S01010933,Economically active: Employee: Part-time (1),80,72,8
S01010933,Economically active: Employee: Full-time (1),255,241,14
S01010933,Economically active: Self-employed: Total,65,57,8
S01010933,Economically active: Self-employed: Part-time (1),18,14,4
S01010933,Economically active: Self-employed: Full-time (1),47,43,4
S01010933,Economically active: Unemployed (1),13,11,2
S01010933,Economically inactive,163,157,6
S01010934,All people aged 16 and over,835,801,34
S01010934,Economically active: Total,574,550,24
S01010934,Economically active: Employee: Total,479,457,22
S01010934,Economically active: Employee: Part-time (1),123,117,6
S01010934,Economically active: Employee: Full-time (1),356,340,16
S01010934,Economically active: Self-employed: Total,73,71,2
S01010934,Economically active: Self-employed: Part-time (1),21,21,0
S01010934,Economically active: Self-employed: Full-time (1),52,50,2
S01010934,Economically active: Unemployed (1),22,22,0
S01010934,Economically inactive,261,251,10
S01010935,All people aged 16 and over,575,550,25
S01010935,Economically active: Total,277,262,15
S01010935,Economically active: Employee: Total,218,209,9
S01010935,Economically active: Employee: Part-time (1),71,69,2
S01010935,Economically active: Employee: Full-time (1),147,140,7
S01010935,Economically active: Self-employed: Total,43,37,6
S01010935,Economically active: Self-employed: Part-time (1),20,17,3
S01010935,Economically active: Self-employed: Full-time (1),23,20,3
S01010935,Economically active: Unemployed (1),16,16,0
S01010935,Economically inactive,298,288,10
S01010936,All people aged 16 and over,627,601,26
S01010936,Economically active: Total,375,357,18
S01010936,Economically active: Employee: Total,310,296,14
S01010936,Economically active: Employee: Part-time (1),72,68,4
S01010936,Economically active: Employee: Full-time (1),238,228,10
S01010936,Economically active: Self-employed: Total,44,40,4
S01010936,Economically active: Self-employed: Part-time (1),9,8,1
S01010936,Economically active: Self-employed: Full-time (1),35,32,3
S01010936,Economically active: Unemployed (1),21,21,0
S01010936,Economically inactive,252,244,8
S01010937,All people aged 16 and over,627,614,13
S01010937,Economically active: Total,435,425,10
S01010937,Economically active: Employee: Total,372,363,9
S01010937,Economically active: Employee: Part-time (1),100,96,4
S01010937,Economically active: Employee: Full-time (1),272,267,5
S01010937,Economically active: Self-employed: Total,42,41,1
S01010937,Economically active: Self-employed: Part-time (1),10,10,0
S01010937,Economically active: Self-employed: Full-time (1),32,31,1
S01010937,Economically active: Unemployed (1),21,21,0
S01010937,Economically inactive,192,189,3
S01010938,All people aged 16 and over,636,616,20
S01010938,Economically active: Total,390,376,14
S01010938,Economically active: Employee: Total,309,296,13
S01010938,Economically active: Employee: Part-time (1),100,95,5
S01010938,Economically active: Employee: Full-time (1),209,201,8
S01010938,Economically active: Self-employed: Total,21,21,0
S01010938,Economically active: Self-employed: Part-time (1),4,4,0
S01010938,Economically active: Self-employed: Full-time (1),17,17,0
S01010938,Economically active: Unemployed (1),60,59,1
S01010938,Economically inactive,246,240,6
S01010939,All people aged 16 and over,421,402,19
S01010939,Economically active: Total,291,277,14
S01010939,Economically active: Employee: Total,237,225,12
S01010939,Economically active: Employee: Part-time (1),86,82,4
S01010939,Economically active: Employee: Full-time (1),151,143,8
S01010939,Economically active: Self-employed: Total,30,29,1
S01010939,Economically active: Self-employed: Part-time (1),10,9,1
S01010939,Economically active: Self-employed: Full-time (1),20,20,0
S01010939,Economically active: Unemployed (1),24,23,1
S01010939,Economically inactive,130,125,5
S01010940,All people aged 16 and over,587,570,17
S01010940,Economically active: Total,388,379,9
S01010940,Economically active: Employee: Total,340,333,7
S01010940,Economically active: Employee: Part-time (1),101,99,2
S01010940,Economically active: Employee: Full-time (1),239,234,5
S01010940,Economically active: Self-employed: Total,32,30,2
S01010940,Economically active: Self-employed: Part-time (1),10,9,1
S01010940,Economically active: Self-employed: Full-time (1),22,21,1
S01010940,Economically active: Unemployed (1),16,16,0
S01010940,Economically inactive,199,191,8
S01010941,All people aged 16 and over,716,688,28
S01010941,Economically active: Total,477,459,18
S01010941,Economically active: Employee: Total,401,385,16
S01010941,Economically active: Employee: Part-time (1),119,117,2
S01010941,Economically active: Employee: Full-time (1),282,268,14
S01010941,Economically active: Self-employed: Total,54,52,2
S01010941,Economically active: Self-employed: Part-time (1),13,11,2
S01010941,Economically active: Self-employed: Full-time (1),41,41,0
S01010941,Economically active: Unemployed (1),22,22,0
S01010941,Economically inactive,239,229,10
S01010942,All people aged 16 and over,563,542,21
S01010942,Economically active: Total,345,330,15
S01010942,Economically active: Employee: Total,305,291,14
S01010942,Economically active: Employee: Part-time (1),95,90,5
S01010942,Economically active: Employee: Full-time (1),210,201,9
S01010942,Economically active: Self-employed: Total,31,31,0
S01010942,Economically active: Self-employed: Part-time (1),4,4,0
S01010942,Economically active: Self-employed: Full-time (1),27,27,0
S01010942,Economically active: Unemployed (1),9,8,1
S01010942,Economically inactive,218,212,6
S01010943,All people aged 16 and over,486,459,27
S01010943,Economically active: Total,344,326,18
S01010943,Economically active: Employee: Total,284,266,18
S01010943,Economically active: Employee: Part-time (1),88,84,4
S01010943,Economically active: Employee: Full-time (1),196,182,14
S01010943,Economically active: Self-employed: Total,20,20,0
S01010943,Economically active: Self-employed: Part-time (1),6,6,0
S01010943,Economically active: Self-employed: Full-time (1),14,14,0
S01010943,Economically active: Unemployed (1),40,40,0
S01010943,Economically inactive,142,133,9
S01010944,All people aged 16 and over,525,504,21
S01010944,Economically active: Total,298,283,15
S01010944,Economically active: Employee: Total,254,241,13
S01010944,Economically active: Employee: Part-time (1),78,76,2
S01010944,Economically active: Employee: Full-time (1),176,165,11
S01010944,Economically active: Self-employed: Total,14,14,0
S01010944,Economically active: Self-employed: Part-time (1),6,6,0
S01010944,Economically active: Self-employed: Full-time (1),8,8,0
S01010944,Economically active: Unemployed (1),30,28,2
S01010944,Economically inactive,227,221,6
S01010945,All people aged 16 and over,441,427,14
S01010945,Economically active: Total,313,300,13
S01010945,Economically active: Employee: Total,263,251,12
S01010945,Economically active: Employee: Part-time (1),92,89,3
S01010945,Economically active: Employee: Full-time (1),171,162,9
S01010945,Economically active: Self-employed: Total,27,26,1
S01010945,Economically active: Self-employed: Part-time (1),12,12,0
S01010945,Economically active: Self-employed: Full-time (1),15,14,1
S01010945,Economically active: Unemployed (1),23,23,0
S01010945,Economically inactive,128,127,1
S01010946,All people aged 16 and over,682,671,11
S01010946,Economically active: Total,443,437,6
S01010946,Economically active: Employee: Total,367,362,5
S01010946,Economically active: Employee: Part-time (1),104,102,2
S01010946,Economically active: Employee: Full-time (1),263,260,3
S01010946,Economically active: Self-employed: Total,40,39,1
S01010946,Economically active: Self-employed: Part-time (1),10,9,1
S01010946,Economically active: Self-employed: Full-time (1),30,30,0
S01010946,Economically active: Unemployed (1),36,36,0
S01010946,Economically inactive,239,234,5
S01010947,All people aged 16 and over,440,419,21
S01010947,Economically active: Total,272,257,15
S01010947,Economically active: Employee: Total,224,214,10
S01010947,Economically active: Employee: Part-time (1),67,63,4
S01010947,Economically active: Employee: Full-time (1),157,151,6
S01010947,Economically active: Self-employed: Total,24,19,5
S01010947,Economically active: Self-employed: Part-time (1),8,5,3
S01010947,Economically active: Self-employed: Full-time (1),16,14,2
S01010947,Economically active: Unemployed (1),24,24,0
S01010947,Economically inactive,168,162,6
S01010948,All people aged 16 and over,553,533,20
S01010948,Economically active: Total,355,340,15
S01010948,Economically active: Employee: Total,295,282,13
S01010948,Economically active: Employee: Part-time (1),89,84,5
S01010948,Economically active: Employee: Full-time (1),206,198,8
S01010948,Economically active: Self-employed: Total,31,31,0
S01010948,Economically active: Self-employed: Part-time (1),8,8,0
S01010948,Economically active: Self-employed: Full-time (1),23,23,0
S01010948,Economically active: Unemployed (1),29,27,2
S01010948,Economically inactive,198,193,5
S01010949,All people aged 16 and over,832,805,27
S01010949,Economically active: Total,527,510,17
S01010949,Economically active: Employee: Total,453,439,14
S01010949,Economically active: Employee: Part-time (1),149,143,6
S01010949,Economically active: Employee: Full-time (1),304,296,8
S01010949,Economically active: Self-employed: Total,58,57,1
S01010949,Economically active: Self-employed: Part-time (1),14,14,0
S01010949,Economically active: Self-employed: Full-time (1),44,43,1
S01010949,Economically active: Unemployed (1),16,14,2
S01010949,Economically inactive,305,295,10
S01010950,All people aged 16 and over,695,673,22
S01010950,Economically active: Total,417,403,14
S01010950,Economically active: Employee: Total,343,335,8
S01010950,Economically active: Employee: Part-time (1),100,97,3
S01010950,Economically active: Employee: Full-time (1),243,238,5
S01010950,Economically active: Self-employed: Total,39,33,6
S01010950,Economically active: Self-employed: Part-time (1),11,10,1
S01010950,Economically active: Self-employed: Full-time (1),28,23,5
S01010950,Economically active: Unemployed (1),35,35,0
S01010950,Economically inactive,278,270,8
S01010951,All people aged 16 and over,507,472,35
S01010951,Economically active: Total,345,317,28
S01010951,Economically active: Employee: Total,302,277,25
S01010951,Economically active: Employee: Part-time (1),78,70,8
S01010951,Economically active: Employee: Full-time (1),224,207,17
S01010951,Economically active: Self-employed: Total,22,20,2
S01010951,Economically active: Self-employed: Part-time (1),11,10,1
S01010951,Economically active: Self-employed: Full-time (1),11,10,1
S01010951,Economically active: Unemployed (1),21,20,1
S01010951,Economically inactive,162,155,7
S01010952,All people aged 16 and over,410,387,23
S01010952,Economically active: Total,316,297,19
S01010952,Economically active: Employee: Total,273,258,15
S01010952,Economically active: Employee: Part-time (1),78,73,5
S01010952,Economically active: Employee: Full-time (1),195,185,10
S01010952,Economically active: Self-employed: Total,28,27,1
S01010952,Economically active: Self-employed: Part-time (1),6,6,0
S01010952,Economically active: Self-employed: Full-time (1),22,21,1
S01010952,Economically active: Unemployed (1),15,12,3
S01010952,Economically inactive,94,90,4
S01010953,All people aged 16 and over,467,454,13
S01010953,Economically active: Total,330,319,11
S01010953,Economically active: Employee: Total,294,283,11
S01010953,Economically active: Employee: Part-time (1),104,101,3
S01010953,Economically active: Employee: Full-time (1),190,182,8
S01010953,Economically active: Self-employed: Total,23,23,0
S01010953,Economically active: Self-employed: Part-time (1),4,4,0
S01010953,Economically active: Self-employed: Full-time (1),19,19,0
S01010953,Economically active: Unemployed (1),13,13,0
S01010953,Economically inactive,137,135,2
S01010954,All people aged 16 and over,528,497,31
S01010954,Economically active: Total,404,379,25
S01010954,Economically active: Employee: Total,355,331,24
S01010954,Economically active: Employee: Part-time (1),92,89,3
S01010954,Economically active: Employee: Full-time (1),263,242,21
S01010954,Economically active: Self-employed: Total,39,38,1
S01010954,Economically active: Self-employed: Part-time (1),9,9,0
S01010954,Economically active: Self-employed: Full-time (1),30,29,1
S01010954,Economically active: Unemployed (1),10,10,0
S01010954,Economically inactive,124,118,6
S01010955,All people aged 16 and over,720,640,80
S01010955,Economically active: Total,507,451,56
S01010955,Economically active: Employee: Total,416,373,43
S01010955,Economically active: Employee: Part-time (1),111,99,12
S01010955,Economically active: Employee: Full-time (1),305,274,31
S01010955,Economically active: Self-employed: Total,63,60,3
S01010955,Economically active: Self-employed: Part-time (1),17,16,1
S01010955,Economically active: Self-employed: Full-time (1),46,44,2
S01010955,Economically active: Unemployed (1),28,18,10
S01010955,Economically inactive,213,189,24
S01010956,All people aged 16 and over,575,539,36
S01010956,Economically active: Total,403,376,27
S01010956,Economically active: Employee: Total,281,264,17
S01010956,Economically active: Employee: Part-time (1),73,71,2
S01010956,Economically active: Employee: Full-time (1),208,193,15
S01010956,Economically active: Self-employed: Total,102,93,9
S01010956,Economically active: Self-employed: Part-time (1),27,25,2
S01010956,Economically active: Self-employed: Full-time (1),75,68,7
S01010956,Economically active: Unemployed (1),20,19,1
S01010956,Economically inactive,172,163,9
S01010957,All people aged 16 and over,473,446,27
S01010957,Economically active: Total,310,290,20
S01010957,Economically active: Employee: Total,271,253,18
S01010957,Economically active: Employee: Part-time (1),75,71,4
S01010957,Economically active: Employee: Full-time (1),196,182,14
S01010957,Economically active: Self-employed: Total,33,32,1
S01010957,Economically active: Self-employed: Part-time (1),8,8,0
S01010957,Economically active: Self-employed: Full-time (1),25,24,1
S01010957,Economically active: Unemployed (1),6,5,1
S01010957,Economically inactive,163,156,7
S01010958,All people aged 16 and over,424,412,12
S01010958,Economically active: Total,244,234,10
S01010958,Economically active: Employee: Total,195,187,8
S01010958,Economically active: Employee: Part-time (1),49,47,2
S01010958,Economically active: Employee: Full-time (1),146,140,6
S01010958,Economically active: Self-employed: Total,38,37,1
S01010958,Economically active: Self-employed: Part-time (1),11,11,0
S01010958,Economically active: Self-employed: Full-time (1),27,26,1
S01010958,Economically active: Unemployed (1),11,10,1
S01010958,Economically inactive,180,178,2
S01010959,All people aged 16 and over,486,451,35
S01010959,Economically active: Total,324,300,24
S01010959,Economically active: Employee: Total,261,242,19
S01010959,Economically active: Employee: Part-time (1),80,77,3
S01010959,Economically active: Employee: Full-time (1),181,165,16
S01010959,Economically active: Self-employed: Total,40,36,4
S01010959,Economically active: Self-employed: Part-time (1),20,18,2
S01010959,Economically active: Self-employed: Full-time (1),20,18,2
S01010959,Economically active: Unemployed (1),23,22,1
S01010959,Economically inactive,162,151,11
S01010960,All people aged 16 and over,876,831,45
S01010960,Economically active: Total,593,560,33
S01010960,Economically active: Employee: Total,462,437,25
S01010960,Economically active: Employee: Part-time (1),135,127,8
S01010960,Economically active: Employee: Full-time (1),327,310,17
S01010960,Economically active: Self-employed: Total,66,62,4
S01010960,Economically active: Self-employed: Part-time (1),14,12,2
S01010960,Economically active: Self-employed: Full-time (1),52,50,2
S01010960,Economically active: Unemployed (1),65,61,4
S01010960,Economically inactive,283,271,12
S01010961,All people aged 16 and over,472,452,20
S01010961,Economically active: Total,294,277,17
S01010961,Economically active: Employee: Total,247,234,13
S01010961,Economically active: Employee: Part-time (1),64,61,3
S01010961,Economically active: Employee: Full-time (1),183,173,10
S01010961,Economically active: Self-employed: Total,27,25,2
S01010961,Economically active: Self-employed: Part-time (1),11,11,0
S01010961,Economically active: Self-employed: Full-time (1),16,14,2
S01010961,Economically active: Unemployed (1),20,18,2
S01010961,Economically inactive,178,175,3
S01010962,All people aged 16 and over,508,486,22
S01010962,Economically active: Total,276,267,9
S01010962,Economically active: Employee: Total,232,225,7
S01010962,Economically active: Employee: Part-time (1),54,51,3
S01010962,Economically active: Employee: Full-time (1),178,174,4
S01010962,Economically active: Self-employed: Total,32,31,1
S01010962,Economically active: Self-employed: Part-time (1),9,9,0
S01010962,Economically active: Self-employed: Full-time (1),23,22,1
S01010962,Economically active: Unemployed (1),12,11,1
S01010962,Economically inactive,232,219,13
S01010963,All people aged 16 and over,766,732,34
S01010963,Economically active: Total,547,520,27
S01010963,Economically active: Employee: Total,453,431,22
S01010963,Economically active: Employee: Part-time (1),121,115,6
S01010963,Economically active: Employee: Full-time (1),332,316,16
S01010963,Economically active: Self-employed: Total,63,59,4
S01010963,Economically active: Self-employed: Part-time (1),12,11,1
S01010963,Economically active: Self-employed: Full-time (1),51,48,3
S01010963,Economically active: Unemployed (1),31,30,1
S01010963,Economically inactive,219,212,7
S01010964,All people aged 16 and over,444,437,7
S01010964,Economically active: Total,268,262,6
S01010964,Economically active: Employee: Total,231,225,6
S01010964,Economically active: Employee: Part-time (1),82,80,2
S01010964,Economically active: Employee: Full-time (1),149,145,4
S01010964,Economically active: Self-employed: Total,26,26,0
S01010964,Economically active: Self-employed: Part-time (1),6,6,0
S01010964,Economically active: Self-employed: Full-time (1),20,20,0
S01010964,Economically active: Unemployed (1),11,11,0
S01010964,Economically inactive,176,175,1
S01010965,All people aged 16 and over,419,395,24
S01010965,Economically active: Total,275,253,22
S01010965,Economically active: Employee: Total,229,213,16
S01010965,Economically active: Employee: Part-time (1),74,71,3
S01010965,Economically active: Employee: Full-time (1),155,142,13
S01010965,Economically active: Self-employed: Total,14,13,1
S01010965,Economically active: Self-employed: Part-time (1),5,5,0
S01010965,Economically active: Self-employed: Full-time (1),9,8,1
S01010965,Economically active: Unemployed (1),32,27,5
S01010965,Economically inactive,144,142,2
S01010966,All people aged 16 and over,582,558,24
S01010966,Economically active: Total,369,350,19
S01010966,Economically active: Employee: Total,296,284,12
S01010966,Economically active: Employee: Part-time (1),94,91,3
S01010966,Economically active: Employee: Full-time (1),202,193,9
S01010966,Economically active: Self-employed: Total,37,32,5
S01010966,Economically active: Self-employed: Part-time (1),12,11,1
S01010966,Economically active: Self-employed: Full-time (1),25,21,4
S01010966,Economically active: Unemployed (1),36,34,2
S01010966,Economically inactive,213,208,5
S01010967,All people aged 16 and over,552,535,17
S01010967,Economically active: Total,343,331,12
S01010967,Economically active: Employee: Total,283,271,12
S01010967,Economically active: Employee: Part-time (1),90,84,6
S01010967,Economically active: Employee: Full-time (1),193,187,6
S01010967,Economically active: Self-employed: Total,30,30,0
S01010967,Economically active: Self-employed: Part-time (1),7,7,0
S01010967,Economically active: Self-employed: Full-time (1),23,23,0
S01010967,Economically active: Unemployed (1),30,30,0
S01010967,Economically inactive,209,204,5
S01010968,All people aged 16 and over,603,579,24
S01010968,Economically active: Total,363,344,19
S01010968,Economically active: Employee: Total,305,290,15
S01010968,Economically active: Employee: Part-time (1),82,80,2
S01010968,Economically active: Employee: Full-time (1),223,210,13
S01010968,Economically active: Self-employed: Total,36,33,3
S01010968,Economically active: Self-employed: Part-time (1),7,6,1
S01010968,Economically active: Self-employed: Full-time (1),29,27,2
S01010968,Economically active: Unemployed (1),22,21,1
S01010968,Economically inactive,240,235,5
S01010969,All people aged 16 and over,545,513,32
S01010969,Economically active: Total,291,274,17
S01010969,Economically active: Employee: Total,230,217,13
S01010969,Economically active: Employee: Part-time (1),53,52,1
S01010969,Economically active: Employee: Full-time (1),177,165,12
S01010969,Economically active: Self-employed: Total,45,41,4
S01010969,Economically active: Self-employed: Part-time (1),7,5,2
S01010969,Economically active: Self-employed: Full-time (1),38,36,2
S01010969,Economically active: Unemployed (1),16,16,0
S01010969,Economically inactive,254,239,15
S01010970,All people aged 16 and over,790,755,35
S01010970,Economically active: Total,511,486,25
S01010970,Economically active: Employee: Total,416,396,20
S01010970,Economically active: Employee: Part-time (1),127,124,3
S01010970,Economically active: Employee: Full-time (1),289,272,17
S01010970,Economically active: Self-employed: Total,64,62,2
S01010970,Economically active: Self-employed: Part-time (1),18,17,1
S01010970,Economically active: Self-employed: Full-time (1),46,45,1
S01010970,Economically active: Unemployed (1),31,28,3
S01010970,Economically inactive,279,269,10
S01010971,All people aged 16 and over,825,794,31
S01010971,Economically active: Total,600,574,26
S01010971,Economically active: Employee: Total,491,473,18
S01010971,Economically active: Employee: Part-time (1),152,144,8
S01010971,Economically active: Employee: Full-time (1),339,329,10
S01010971,Economically active: Self-employed: Total,72,69,3
S01010971,Economically active: Self-employed: Part-time (1),15,15,0
S01010971,Economically active: Self-employed: Full-time (1),57,54,3
S01010971,Economically active: Unemployed (1),37,32,5
S01010971,Economically inactive,225,220,5
S01010972,All people aged 16 and over,643,611,32
S01010972,Economically active: Total,418,396,22
S01010972,Economically active: Employee: Total,349,331,18
S01010972,Economically active: Employee: Part-time (1),113,106,7
S01010972,Economically active: Employee: Full-time (1),236,225,11
S01010972,Economically active: Self-employed: Total,27,26,1
S01010972,Economically active: Self-employed: Part-time (1),5,5,0
S01010972,Economically active: Self-employed: Full-time (1),22,21,1
S01010972,Economically active: Unemployed (1),42,39,3
S01010972,Economically inactive,225,215,10
S01010973,All people aged 16 and over,419,410,9
S01010973,Economically active: Total,259,255,4
S01010973,Economically active: Employee: Total,223,220,3
S01010973,Economically active: Employee: Part-time (1),74,74,0
S01010973,Economically active: Employee: Full-time (1),149,146,3
S01010973,Economically active: Self-employed: Total,25,24,1
S01010973,Economically active: Self-employed: Part-time (1),6,5,1
S01010973,Economically active: Self-employed: Full-time (1),19,19,0
S01010973,Economically active: Unemployed (1),11,11,0
S01010973,Economically inactive,160,155,5
S01010974,All people aged 16 and over,593,580,13
S01010974,Economically active: Total,369,360,9
S01010974,Economically active: Employee: Total,312,307,5
S01010974,Economically active: Employee: Part-time (1),94,92,2
S01010974,Economically active: Employee: Full-time (1),218,215,3
S01010974,Economically active: Self-employed: Total,31,30,1
S01010974,Economically active: Self-employed: Part-time (1),11,10,1
S01010974,Economically active: Self-employed: Full-time (1),20,20,0
S01010974,Economically active: Unemployed (1),26,23,3
S01010974,Economically inactive,224,220,4
S01010975,All people aged 16 and over,380,366,14
S01010975,Economically active: Total,231,224,7
S01010975,Economically active: Employee: Total,182,179,3
S01010975,Economically active: Employee: Part-time (1),57,57,0
S01010975,Economically active: Employee: Full-time (1),125,122,3
S01010975,Economically active: Self-employed: Total,21,17,4
S01010975,Economically active: Self-employed: Part-time (1),7,5,2
S01010975,Economically active: Self-employed: Full-time (1),14,12,2
S01010975,Economically active: Unemployed (1),28,28,0
S01010975,Economically inactive,149,142,7
S01010976,All people aged 16 and over,477,462,15
S01010976,Economically active: Total,282,272,10
S01010976,Economically active: Employee: Total,247,240,7
S01010976,Economically active: Employee: Part-time (1),73,72,1
S01010976,Economically active: Employee: Full-time (1),174,168,6
S01010976,Economically active: Self-employed: Total,21,19,2
S01010976,Economically active: Self-employed: Part-time (1),7,7,0
S01010976,Economically active: Self-employed: Full-time (1),14,12,2
S01010976,Economically active: Unemployed (1),14,13,1
S01010976,Economically inactive,195,190,5
S01010977,All people aged 16 and over,604,592,12
S01010977,Economically active: Total,392,384,8
S01010977,Economically active: Employee: Total,344,337,7
S01010977,Economically active: Employee: Part-time (1),91,89,2
S01010977,Economically active: Employee: Full-time (1),253,248,5
S01010977,Economically active: Self-employed: Total,27,26,1
S01010977,Economically active: Self-employed: Part-time (1),8,8,0
S01010977,Economically active: Self-employed: Full-time (1),19,18,1
S01010977,Economically active: Unemployed (1),21,21,0
S01010977,Economically inactive,212,208,4
S01010978,All people aged 16 and over,599,568,31
S01010978,Economically active: Total,372,347,25
S01010978,Economically active: Employee: Total,306,286,20
S01010978,Economically active: Employee: Part-time (1),88,84,4
S01010978,Economically active: Employee: Full-time (1),218,202,16
S01010978,Economically active: Self-employed: Total,31,27,4
S01010978,Economically active: Self-employed: Part-time (1),10,9,1
S01010978,Economically active: Self-employed: Full-time (1),21,18,3
S01010978,Economically active: Unemployed (1),35,34,1
S01010978,Economically inactive,227,221,6
S01010979,All people aged 16 and over,651,611,40
S01010979,Economically active: Total,434,416,18
S01010979,Economically active: Employee: Total,359,344,15
S01010979,Economically active: Employee: Part-time (1),112,110,2
S01010979,Economically active: Employee: Full-time (1),247,234,13
S01010979,Economically active: Self-employed: Total,35,33,2
S01010979,Economically active: Self-employed: Part-time (1),10,9,1
S01010979,Economically active: Self-employed: Full-time (1),25,24,1
S01010979,Economically active: Unemployed (1),40,39,1
S01010979,Economically inactive,217,195,22
S01010980,All people aged 16 and over,601,580,21
S01010980,Economically active: Total,371,359,12
S01010980,Economically active: Employee: Total,306,298,8
S01010980,Economically active: Employee: Part-time (1),98,98,0
S01010980,Economically active: Employee: Full-time (1),208,200,8
S01010980,Economically active: Self-employed: Total,38,37,1
S01010980,Economically active: Self-employed: Part-time (1),14,14,0
S01010980,Economically active: Self-employed: Full-time (1),24,23,1
S01010980,Economically active: Unemployed (1),27,24,3
S01010980,Economically inactive,230,221,9
S01010981,All people aged 16 and over,612,592,20
S01010981,Economically active: Total,338,319,19
S01010981,Economically active: Employee: Total,281,263,18
S01010981,Economically active: Employee: Part-time (1),79,77,2
S01010981,Economically active: Employee: Full-time (1),202,186,16
S01010981,Economically active: Self-employed: Total,32,31,1
S01010981,Economically active: Self-employed: Part-time (1),9,9,0
S01010981,Economically active: Self-employed: Full-time (1),23,22,1
S01010981,Economically active: Unemployed (1),25,25,0
S01010981,Economically inactive,274,273,1
S01010982,All people aged 16 and over,1049,986,63
S01010982,Economically active: Total,600,557,43
S01010982,Economically active: Employee: Total,443,411,32
S01010982,Economically active: Employee: Part-time (1),114,106,8
S01010982,Economically active: Employee: Full-time (1),329,305,24
S01010982,Economically active: Self-employed: Total,127,120,7
S01010982,Economically active: Self-employed: Part-time (1),37,37,0
S01010982,Economically active: Self-employed: Full-time (1),90,83,7
S01010982,Economically active: Unemployed (1),30,26,4
S01010982,Economically inactive,449,429,20
S01010983,All people aged 16 and over,665,643,22
S01010983,Economically active: Total,408,389,19
S01010983,Economically active: Employee: Total,342,324,18
S01010983,Economically active: Employee: Part-time (1),89,86,3
S01010983,Economically active: Employee: Full-time (1),253,238,15
S01010983,Economically active: Self-employed: Total,47,47,0
S01010983,Economically active: Self-employed: Part-time (1),7,7,0
S01010983,Economically active: Self-employed: Full-time (1),40,40,0
S01010983,Economically active: Unemployed (1),19,18,1
S01010983,Economically inactive,257,254,3
S01010984,All people aged 16 and over,578,565,13
S01010984,Economically active: Total,284,276,8
S01010984,Economically active: Employee: Total,237,230,7
S01010984,Economically active: Employee: Part-time (1),74,72,2
S01010984,Economically active: Employee: Full-time (1),163,158,5
S01010984,Economically active: Self-employed: Total,33,32,1
S01010984,Economically active: Self-employed: Part-time (1),10,10,0
S01010984,Economically active: Self-employed: Full-time (1),23,22,1
S01010984,Economically active: Unemployed (1),14,14,0
S01010984,Economically inactive,294,289,5
S01010985,All people aged 16 and over,503,475,28
S01010985,Economically active: Total,326,304,22
S01010985,Economically active: Employee: Total,275,257,18
S01010985,Economically active: Employee: Part-time (1),78,73,5
S01010985,Economically active: Employee: Full-time (1),197,184,13
S01010985,Economically active: Self-employed: Total,27,26,1
S01010985,Economically active: Self-employed: Part-time (1),11,11,0
S01010985,Economically active: Self-employed: Full-time (1),16,15,1
S01010985,Economically active: Unemployed (1),24,21,3
S01010985,Economically inactive,177,171,6
S01010986,All people aged 16 and over,397,373,24
S01010986,Economically active: Total,311,293,18
S01010986,Economically active: Employee: Total,267,252,15
S01010986,Economically active: Employee: Part-time (1),80,76,4
S01010986,Economically active: Employee: Full-time (1),187,176,11
S01010986,Economically active: Self-employed: Total,37,35,2
S01010986,Economically active: Self-employed: Part-time (1),8,8,0
S01010986,Economically active: Self-employed: Full-time (1),29,27,2
S01010986,Economically active: Unemployed (1),7,6,1
S01010986,Economically inactive,86,80,6
S01010987,All people aged 16 and over,453,433,20
S01010987,Economically active: Total,362,345,17
S01010987,Economically active: Employee: Total,295,282,13
S01010987,Economically active: Employee: Part-time (1),92,88,4
S01010987,Economically active: Employee: Full-time (1),203,194,9
S01010987,Economically active: Self-employed: Total,54,50,4
S01010987,Economically active: Self-employed: Part-time (1),12,11,1
S01010987,Economically active: Self-employed: Full-time (1),42,39,3
S01010987,Economically active: Unemployed (1),13,13,0
S01010987,Economically inactive,91,88,3
S01010988,All people aged 16 and over,450,435,15
S01010988,Economically active: Total,362,348,14
S01010988,Economically active: Employee: Total,315,304,11
S01010988,Economically active: Employee: Part-time (1),97,94,3
S01010988,Economically active: Employee: Full-time (1),218,210,8
S01010988,Economically active: Self-employed: Total,33,32,1
S01010988,Economically active: Self-employed: Part-time (1),5,5,0
S01010988,Economically active: Self-employed: Full-time (1),28,27,1
S01010988,Economically active: Unemployed (1),14,12,2
S01010988,Economically inactive,88,87,1
S01010989,All people aged 16 and over,692,658,34
S01010989,Economically active: Total,636,605,31
S01010989,Economically active: Employee: Total,563,534,29
S01010989,Economically active: Employee: Part-time (1),117,114,3
S01010989,Economically active: Employee: Full-time (1),446,420,26
S01010989,Economically active: Self-employed: Total,62,60,2
S01010989,Economically active: Self-employed: Part-time (1),16,15,1
S01010989,Economically active: Self-employed: Full-time (1),46,45,1
S01010989,Economically active: Unemployed (1),11,11,0
S01010989,Economically inactive,56,53,3
S01010990,All people aged 16 and over,636,596,40
S01010990,Economically active: Total,403,380,23
S01010990,Economically active: Employee: Total,338,320,18
S01010990,Economically active: Employee: Part-time (1),101,96,5
S01010990,Economically active: Employee: Full-time (1),237,224,13
S01010990,Economically active: Self-employed: Total,40,40,0
S01010990,Economically active: Self-employed: Part-time (1),9,9,0
S01010990,Economically active: Self-employed: Full-time (1),31,31,0
S01010990,Economically active: Unemployed (1),25,20,5
S01010990,Economically inactive,233,216,17
S01010991,All people aged 16 and over,435,413,22
S01010991,Economically active: Total,311,294,17
S01010991,Economically active: Employee: Total,257,243,14
S01010991,Economically active: Employee: Part-time (1),56,54,2
S01010991,Economically active: Employee: Full-time (1),201,189,12
S01010991,Economically active: Self-employed: Total,34,31,3
S01010991,Economically active: Self-employed: Part-time (1),9,8,1
S01010991,Economically active: Self-employed: Full-time (1),25,23,2
S01010991,Economically active: Unemployed (1),20,20,0
S01010991,Economically inactive,124,119,5
S01010992,All people aged 16 and over,402,359,43
S01010992,Economically active: Total,328,298,30
S01010992,Economically active: Employee: Total,276,253,23
S01010992,Economically active: Employee: Part-time (1),59,53,6
S01010992,Economically active: Employee: Full-time (1),217,200,17
S01010992,Economically active: Self-employed: Total,42,36,6
S01010992,Economically active: Self-employed: Part-time (1),7,5,2
S01010992,Economically active: Self-employed: Full-time (1),35,31,4
S01010992,Economically active: Unemployed (1),10,9,1
S01010992,Economically inactive,74,61,13
S01010993,All people aged 16 and over,508,490,18
S01010993,Economically active: Total,352,337,15
S01010993,Economically active: Employee: Total,304,292,12
S01010993,Economically active: Employee: Part-time (1),86,85,1
S01010993,Economically active: Employee: Full-time (1),218,207,11
S01010993,Economically active: Self-employed: Total,32,29,3
S01010993,Economically active: Self-employed: Part-time (1),2,2,0
S01010993,Economically active: Self-employed: Full-time (1),30,27,3
S01010993,Economically active: Unemployed (1),16,16,0
S01010993,Economically inactive,156,153,3
S01010994,All people aged 16 and over,896,850,46
S01010994,Economically active: Total,552,521,31
S01010994,Economically active: Employee: Total,456,430,26
S01010994,Economically active: Employee: Part-time (1),113,106,7
S01010994,Economically active: Employee: Full-time (1),343,324,19
S01010994,Economically active: Self-employed: Total,82,77,5
S01010994,Economically active: Self-employed: Part-time (1),27,23,4
S01010994,Economically active: Self-employed: Full-time (1),55,54,1
S01010994,Economically active: Unemployed (1),14,14,0
S01010994,Economically inactive,344,329,15
S01010995,All people aged 16 and over,608,596,12
S01010995,Economically active: Total,423,418,5
S01010995,Economically active: Employee: Total,367,363,4
S01010995,Economically active: Employee: Part-time (1),123,122,1
S01010995,Economically active: Employee: Full-time (1),244,241,3
S01010995,Economically active: Self-employed: Total,40,39,1
S01010995,Economically active: Self-employed: Part-time (1),14,13,1
S01010995,Economically active: Self-employed: Full-time (1),26,26,0
S01010995,Economically active: Unemployed (1),16,16,0
S01010995,Economically inactive,185,178,7
S01010996,All people aged 16 and over,514,490,24
S01010996,Economically active: Total,332,315,17
S01010996,Economically active: Employee: Total,266,253,13
S01010996,Economically active: Employee: Part-time (1),70,68,2
S01010996,Economically active: Employee: Full-time (1),196,185,11
S01010996,Economically active: Self-employed: Total,55,52,3
S01010996,Economically active: Self-employed: Part-time (1),20,19,1
S01010996,Economically active: Self-employed: Full-time (1),35,33,2
S01010996,Economically active: Unemployed (1),11,10,1
S01010996,Economically inactive,182,175,7
S01010997,All people aged 16 and over,561,540,21
S01010997,Economically active: Total,303,294,9
S01010997,Economically active: Employee: Total,245,237,8
S01010997,Economically active: Employee: Part-time (1),66,63,3
S01010997,Economically active: Employee: Full-time (1),179,174,5
S01010997,Economically active: Self-employed: Total,46,45,1
S01010997,Economically active: Self-employed: Part-time (1),10,9,1
S01010997,Economically active: Self-employed: Full-time (1),36,36,0
S01010997,Economically active: Unemployed (1),12,12,0
S01010997,Economically inactive,258,246,12
S01010998,All people aged 16 and over,495,466,29
S01010998,Economically active: Total,304,286,18
S01010998,Economically active: Employee: Total,218,207,11
S01010998,Economically active: Employee: Part-time (1),57,53,4
S01010998,Economically active: Employee: Full-time (1),161,154,7
S01010998,Economically active: Self-employed: Total,73,68,5
S01010998,Economically active: Self-employed: Part-time (1),20,20,0
S01010998,Economically active: Self-employed: Full-time (1),53,48,5
S01010998,Economically active: Unemployed (1),13,11,2
S01010998,Economically inactive,191,180,11
S01010999,All people aged 16 and over,746,703,43
S01010999,Economically active: Total,402,371,31
S01010999,Economically active: Employee: Total,337,310,27
S01010999,Economically active: Employee: Part-time (1),98,90,8
S01010999,Economically active: Employee: Full-time (1),239,220,19
S01010999,Economically active: Self-employed: Total,47,44,3
S01010999,Economically active: Self-employed: Part-time (1),9,9,0
S01010999,Economically active: Self-employed: Full-time (1),38,35,3
S01010999,Economically active: Unemployed (1),18,17,1
S01010999,Economically inactive,344,332,12
S01011000,All people aged 16 and over,680,647,33
S01011000,Economically active: Total,464,441,23
S01011000,Economically active: Employee: Total,358,341,17
S01011000,Economically active: Employee: Part-time (1),99,94,5
S01011000,Economically active: Employee: Full-time (1),259,247,12
S01011000,Economically active: Self-employed: Total,82,76,6
S01011000,Economically active: Self-employed: Part-time (1),19,18,1
S01011000,Economically active: Self-employed: Full-time (1),63,58,5
S01011000,Economically active: Unemployed (1),24,24,0
S01011000,Economically inactive,216,206,10
S01011001,All people aged 16 and over,534,520,14
S01011001,Economically active: Total,337,326,11
S01011001,Economically active: Employee: Total,286,282,4
S01011001,Economically active: Employee: Part-time (1),82,81,1
S01011001,Economically active: Employee: Full-time (1),204,201,3
S01011001,Economically active: Self-employed: Total,31,26,5
S01011001,Economically active: Self-employed: Part-time (1),5,4,1
S01011001,Economically active: Self-employed: Full-time (1),26,22,4
S01011001,Economically active: Unemployed (1),20,18,2
S01011001,Economically inactive,197,194,3
S01011002,All people aged 16 and over,594,572,22
S01011002,Economically active: Total,358,341,17
S01011002,Economically active: Employee: Total,305,292,13
S01011002,Economically active: Employee: Part-time (1),91,89,2
S01011002,Economically active: Employee: Full-time (1),214,203,11
S01011002,Economically active: Self-employed: Total,28,26,2
S01011002,Economically active: Self-employed: Part-time (1),4,3,1
S01011002,Economically active: Self-employed: Full-time (1),24,23,1
S01011002,Economically active: Unemployed (1),25,23,2
S01011002,Economically inactive,236,231,5
S01011003,All people aged 16 and over,553,537,16
S01011003,Economically active: Total,353,342,11
S01011003,Economically active: Employee: Total,289,280,9
S01011003,Economically active: Employee: Part-time (1),97,93,4
S01011003,Economically active: Employee: Full-time (1),192,187,5
S01011003,Economically active: Self-employed: Total,32,32,0
S01011003,Economically active: Self-employed: Part-time (1),11,11,0
S01011003,Economically active: Self-employed: Full-time (1),21,21,0
S01011003,Economically active: Unemployed (1),32,30,2
S01011003,Economically inactive,200,195,5
S01011004,All people aged 16 and over,486,454,32
S01011004,Economically active: Total,363,339,24
S01011004,Economically active: Employee: Total,302,279,23
S01011004,Economically active: Employee: Part-time (1),83,75,8
S01011004,Economically active: Employee: Full-time (1),219,204,15
S01011004,Economically active: Self-employed: Total,39,39,0
S01011004,Economically active: Self-employed: Part-time (1),9,9,0
S01011004,Economically active: Self-employed: Full-time (1),30,30,0
S01011004,Economically active: Unemployed (1),22,21,1
S01011004,Economically inactive,123,115,8
S01011005,All people aged 16 and over,556,535,21
S01011005,Economically active: Total,322,305,17
S01011005,Economically active: Employee: Total,270,258,12
S01011005,Economically active: Employee: Part-time (1),76,75,1
S01011005,Economically active: Employee: Full-time (1),194,183,11
S01011005,Economically active: Self-employed: Total,25,22,3
S01011005,Economically active: Self-employed: Part-time (1),9,8,1
S01011005,Economically active: Self-employed: Full-time (1),16,14,2
S01011005,Economically active: Unemployed (1),27,25,2
S01011005,Economically inactive,234,230,4
S01011006,All people aged 16 and over,804,759,45
S01011006,Economically active: Total,578,540,38
S01011006,Economically active: Employee: Total,499,466,33
S01011006,Economically active: Employee: Part-time (1),104,98,6
S01011006,Economically active: Employee: Full-time (1),395,368,27
S01011006,Economically active: Self-employed: Total,57,52,5
S01011006,Economically active: Self-employed: Part-time (1),17,14,3
S01011006,Economically active: Self-employed: Full-time (1),40,38,2
S01011006,Economically active: Unemployed (1),22,22,0
S01011006,Economically inactive,226,219,7
S01011007,All people aged 16 and over,542,514,28
S01011007,Economically active: Total,331,306,25
S01011007,Economically active: Employee: Total,281,261,20
S01011007,Economically active: Employee: Part-time (1),87,79,8
S01011007,Economically active: Employee: Full-time (1),194,182,12
S01011007,Economically active: Self-employed: Total,24,20,4
S01011007,Economically active: Self-employed: Part-time (1),7,6,1
S01011007,Economically active: Self-employed: Full-time (1),17,14,3
S01011007,Economically active: Unemployed (1),26,25,1
S01011007,Economically inactive,211,208,3
S01011008,All people aged 16 and over,653,635,18
S01011008,Economically active: Total,402,389,13
S01011008,Economically active: Employee: Total,333,323,10
S01011008,Economically active: Employee: Part-time (1),96,94,2
S01011008,Economically active: Employee: Full-time (1),237,229,8
S01011008,Economically active: Self-employed: Total,29,28,1
S01011008,Economically active: Self-employed: Part-time (1),6,5,1
S01011008,Economically active: Self-employed: Full-time (1),23,23,0
S01011008,Economically active: Unemployed (1),40,38,2
S01011008,Economically inactive,251,246,5
S01011009,All people aged 16 and over,416,391,25
S01011009,Economically active: Total,305,285,20
S01011009,Economically active: Employee: Total,265,248,17
S01011009,Economically active: Employee: Part-time (1),78,73,5
S01011009,Economically active: Employee: Full-time (1),187,175,12
S01011009,Economically active: Self-employed: Total,16,15,1
S01011009,Economically active: Self-employed: Part-time (1),7,7,0
S01011009,Economically active: Self-employed: Full-time (1),9,8,1
S01011009,Economically active: Unemployed (1),24,22,2
S01011009,Economically inactive,111,106,5
S01011010,All people aged 16 and over,510,457,53
S01011010,Economically active: Total,300,256,44
S01011010,Economically active: Employee: Total,248,211,37
S01011010,Economically active: Employee: Part-time (1),51,47,4
S01011010,Economically active: Employee: Full-time (1),197,164,33
S01011010,Economically active: Self-employed: Total,16,12,4
S01011010,Economically active: Self-employed: Part-time (1),5,4,1
S01011010,Economically active: Self-employed: Full-time (1),11,8,3
S01011010,Economically active: Unemployed (1),36,33,3
S01011010,Economically inactive,210,201,9
S01011011,All people aged 16 and over,663,620,43
S01011011,Economically active: Total,368,334,34
S01011011,Economically active: Employee: Total,300,271,29
S01011011,Economically active: Employee: Part-time (1),89,81,8
S01011011,Economically active: Employee: Full-time (1),211,190,21
S01011011,Economically active: Self-employed: Total,15,15,0
S01011011,Economically active: Self-employed: Part-time (1),4,4,0
S01011011,Economically active: Self-employed: Full-time (1),11,11,0
S01011011,Economically active: Unemployed (1),53,48,5
S01011011,Economically inactive,295,286,9
S01011012,All people aged 16 and over,540,504,36
S01011012,Economically active: Total,328,300,28
S01011012,Economically active: Employee: Total,256,236,20
S01011012,Economically active: Employee: Part-time (1),93,86,7
S01011012,Economically active: Employee: Full-time (1),163,150,13
S01011012,Economically active: Self-employed: Total,17,13,4
S01011012,Economically active: Self-employed: Part-time (1),3,2,1
S01011012,Economically active: Self-employed: Full-time (1),14,11,3
S01011012,Economically active: Unemployed (1),55,51,4
S01011012,Economically inactive,212,204,8
S01011013,All people aged 16 and over,668,650,18
S01011013,Economically active: Total,396,385,11
S01011013,Economically active: Employee: Total,347,338,9
S01011013,Economically active: Employee: Part-time (1),107,107,0
S01011013,Economically active: Employee: Full-time (1),240,231,9
S01011013,Economically active: Self-employed: Total,22,21,1
S01011013,Economically active: Self-employed: Part-time (1),6,6,0
S01011013,Economically active: Self-employed: Full-time (1),16,15,1
S01011013,Economically active: Unemployed (1),27,26,1
S01011013,Economically inactive,272,265,7
S01011014,All people aged 16 and over,691,662,29
S01011014,Economically active: Total,490,473,17
S01011014,Economically active: Employee: Total,422,408,14
S01011014,Economically active: Employee: Part-time (1),117,113,4
S01011014,Economically active: Employee: Full-time (1),305,295,10
S01011014,Economically active: Self-employed: Total,37,35,2
S01011014,Economically active: Self-employed: Part-time (1),11,9,2
S01011014,Economically active: Self-employed: Full-time (1),26,26,0
S01011014,Economically active: Unemployed (1),31,30,1
S01011014,Economically inactive,201,189,12
S01011015,All people aged 16 and over,380,372,8
S01011015,Economically active: Total,263,257,6
S01011015,Economically active: Employee: Total,213,208,5
S01011015,Economically active: Employee: Part-time (1),65,65,0
S01011015,Economically active: Employee: Full-time (1),148,143,5
S01011015,Economically active: Self-employed: Total,28,27,1
S01011015,Economically active: Self-employed: Part-time (1),9,8,1
S01011015,Economically active: Self-employed: Full-time (1),19,19,0
S01011015,Economically active: Unemployed (1),22,22,0
S01011015,Economically inactive,117,115,2
S01011016,All people aged 16 and over,632,571,61
S01011016,Economically active: Total,527,486,41
S01011016,Economically active: Employee: Total,420,390,30
S01011016,Economically active: Employee: Part-time (1),95,89,6
S01011016,Economically active: Employee: Full-time (1),325,301,24
S01011016,Economically active: Self-employed: Total,75,69,6
S01011016,Economically active: Self-employed: Part-time (1),19,17,2
S01011016,Economically active: Self-employed: Full-time (1),56,52,4
S01011016,Economically active: Unemployed (1),32,27,5
S01011016,Economically inactive,105,85,20
S01011017,All people aged 16 and over,692,649,43
S01011017,Economically active: Total,459,434,25
S01011017,Economically active: Employee: Total,337,324,13
S01011017,Economically active: Employee: Part-time (1),95,93,2
S01011017,Economically active: Employee: Full-time (1),242,231,11
S01011017,Economically active: Self-employed: Total,102,90,12
S01011017,Economically active: Self-employed: Part-time (1),35,31,4
S01011017,Economically active: Self-employed: Full-time (1),67,59,8
S01011017,Economically active: Unemployed (1),20,20,0
S01011017,Economically inactive,233,215,18
S01011018,All people aged 16 and over,709,688,21
S01011018,Economically active: Total,450,436,14
S01011018,Economically active: Employee: Total,362,353,9
S01011018,Economically active: Employee: Part-time (1),98,97,1
S01011018,Economically active: Employee: Full-time (1),264,256,8
S01011018,Economically active: Self-employed: Total,62,57,5
S01011018,Economically active: Self-employed: Part-time (1),14,14,0
S01011018,Economically active: Self-employed: Full-time (1),48,43,5
S01011018,Economically active: Unemployed (1),26,26,0
S01011018,Economically inactive,259,252,7
S01011019,All people aged 16 and over,794,739,55
S01011019,Economically active: Total,568,528,40
S01011019,Economically active: Employee: Total,430,401,29
S01011019,Economically active: Employee: Part-time (1),120,109,11
S01011019,Economically active: Employee: Full-time (1),310,292,18
S01011019,Economically active: Self-employed: Total,103,95,8
S01011019,Economically active: Self-employed: Part-time (1),31,30,1
S01011019,Economically active: Self-employed: Full-time (1),72,65,7
S01011019,Economically active: Unemployed (1),35,32,3
S01011019,Economically inactive,226,211,15
S01011020,All people aged 16 and over,378,358,20
S01011020,Economically active: Total,267,253,14
S01011020,Economically active: Employee: Total,216,205,11
S01011020,Economically active: Employee: Part-time (1),50,48,2
S01011020,Economically active: Employee: Full-time (1),166,157,9
S01011020,Economically active: Self-employed: Total,41,38,3
S01011020,Economically active: Self-employed: Part-time (1),9,9,0
S01011020,Economically active: Self-employed: Full-time (1),32,29,3
S01011020,Economically active: Unemployed (1),10,10,0
S01011020,Economically inactive,111,105,6
S01011021,All people aged 16 and over,719,681,38
S01011021,Economically active: Total,438,413,25
S01011021,Economically active: Employee: Total,359,338,21
S01011021,Economically active: Employee: Part-time (1),103,95,8
S01011021,Economically active: Employee: Full-time (1),256,243,13
S01011021,Economically active: Self-employed: Total,36,33,3
S01011021,Economically active: Self-employed: Part-time (1),10,9,1
S01011021,Economically active: Self-employed: Full-time (1),26,24,2
S01011021,Economically active: Unemployed (1),43,42,1
S01011021,Economically inactive,281,268,13
S01011022,All people aged 16 and over,451,419,32
S01011022,Economically active: Total,296,272,24
S01011022,Economically active: Employee: Total,244,226,18
S01011022,Economically active: Employee: Part-time (1),81,76,5
S01011022,Economically active: Employee: Full-time (1),163,150,13
S01011022,Economically active: Self-employed: Total,26,24,2
S01011022,Economically active: Self-employed: Part-time (1),7,6,1
S01011022,Economically active: Self-employed: Full-time (1),19,18,1
S01011022,Economically active: Unemployed (1),26,22,4
S01011022,Economically inactive,155,147,8
S01011023,All people aged 16 and over,665,646,19
S01011023,Economically active: Total,438,429,9
S01011023,Economically active: Employee: Total,365,357,8
S01011023,Economically active: Employee: Part-time (1),107,106,1
S01011023,Economically active: Employee: Full-time (1),258,251,7
S01011023,Economically active: Self-employed: Total,44,44,0
S01011023,Economically active: Self-employed: Part-time (1),12,12,0
S01011023,Economically active: Self-employed: Full-time (1),32,32,0
S01011023,Economically active: Unemployed (1),29,28,1
S01011023,Economically inactive,227,217,10
S01011024,All people aged 16 and over,586,546,40
S01011024,Economically active: Total,367,337,30
S01011024,Economically active: Employee: Total,299,276,23
S01011024,Economically active: Employee: Part-time (1),96,88,8
S01011024,Economically active: Employee: Full-time (1),203,188,15
S01011024,Economically active: Self-employed: Total,24,19,5
S01011024,Economically active: Self-employed: Part-time (1),8,6,2
S01011024,Economically active: Self-employed: Full-time (1),16,13,3
S01011024,Economically active: Unemployed (1),44,42,2
S01011024,Economically inactive,219,209,10
S01011025,All people aged 16 and over,556,528,28
S01011025,Economically active: Total,401,379,22
S01011025,Economically active: Employee: Total,333,316,17
S01011025,Economically active: Employee: Part-time (1),115,109,6
S01011025,Economically active: Employee: Full-time (1),218,207,11
S01011025,Economically active: Self-employed: Total,19,16,3
S01011025,Economically active: Self-employed: Part-time (1),5,4,1
S01011025,Economically active: Self-employed: Full-time (1),14,12,2
S01011025,Economically active: Unemployed (1),49,47,2
S01011025,Economically inactive,155,149,6
S01011026,All people aged 16 and over,456,445,11
S01011026,Economically active: Total,299,289,10
S01011026,Economically active: Employee: Total,242,232,10
S01011026,Economically active: Employee: Part-time (1),66,65,1
S01011026,Economically active: Employee: Full-time (1),176,167,9
S01011026,Economically active: Self-employed: Total,23,23,0
S01011026,Economically active: Self-employed: Part-time (1),6,6,0
S01011026,Economically active: Self-employed: Full-time (1),17,17,0
S01011026,Economically active: Unemployed (1),34,34,0
S01011026,Economically inactive,157,156,1
S01011027,All people aged 16 and over,706,654,52
S01011027,Economically active: Total,445,403,42
S01011027,Economically active: Employee: Total,357,321,36
S01011027,Economically active: Employee: Part-time (1),101,87,14
S01011027,Economically active: Employee: Full-time (1),256,234,22
S01011027,Economically active: Self-employed: Total,31,29,2
S01011027,Economically active: Self-employed: Part-time (1),9,8,1
S01011027,Economically active: Self-employed: Full-time (1),22,21,1
S01011027,Economically active: Unemployed (1),57,53,4
S01011027,Economically inactive,261,251,10
S01011028,All people aged 16 and over,739,722,17
S01011028,Economically active: Total,426,413,13
S01011028,Economically active: Employee: Total,347,335,12
S01011028,Economically active: Employee: Part-time (1),112,109,3
S01011028,Economically active: Employee: Full-time (1),235,226,9
S01011028,Economically active: Self-employed: Total,29,28,1
S01011028,Economically active: Self-employed: Part-time (1),6,6,0
S01011028,Economically active: Self-employed: Full-time (1),23,22,1
S01011028,Economically active: Unemployed (1),50,50,0
S01011028,Economically inactive,313,309,4
S01011029,All people aged 16 and over,509,481,28
S01011029,Economically active: Total,322,301,21
S01011029,Economically active: Employee: Total,275,259,16
S01011029,Economically active: Employee: Part-time (1),74,68,6
S01011029,Economically active: Employee: Full-time (1),201,191,10
S01011029,Economically active: Self-employed: Total,22,19,3
S01011029,Economically active: Self-employed: Part-time (1),6,4,2
S01011029,Economically active: Self-employed: Full-time (1),16,15,1
S01011029,Economically active: Unemployed (1),25,23,2
S01011029,Economically inactive,187,180,7
S01011030,All people aged 16 and over,798,763,35
S01011030,Economically active: Total,572,544,28
S01011030,Economically active: Employee: Total,496,474,22
S01011030,Economically active: Employee: Part-time (1),117,111,6
S01011030,Economically active: Employee: Full-time (1),379,363,16
S01011030,Economically active: Self-employed: Total,56,53,3
S01011030,Economically active: Self-employed: Part-time (1),20,19,1
S01011030,Economically active: Self-employed: Full-time (1),36,34,2
S01011030,Economically active: Unemployed (1),20,17,3
S01011030,Economically inactive,226,219,7
S01011031,All people aged 16 and over,576,569,7
S01011031,Economically active: Total,343,339,4
S01011031,Economically active: Employee: Total,291,288,3
S01011031,Economically active: Employee: Part-time (1),95,95,0
S01011031,Economically active: Employee: Full-time (1),196,193,3
S01011031,Economically active: Self-employed: Total,20,19,1
S01011031,Economically active: Self-employed: Part-time (1),6,5,1
S01011031,Economically active: Self-employed: Full-time (1),14,14,0
S01011031,Economically active: Unemployed (1),32,32,0
S01011031,Economically inactive,233,230,3
S01011032,All people aged 16 and over,652,639,13
S01011032,Economically active: Total,410,403,7
S01011032,Economically active: Employee: Total,322,319,3
S01011032,Economically active: Employee: Part-time (1),101,100,1
S01011032,Economically active: Employee: Full-time (1),221,219,2
S01011032,Economically active: Self-employed: Total,37,35,2
S01011032,Economically active: Self-employed: Part-time (1),15,13,2
S01011032,Economically active: Self-employed: Full-time (1),22,22,0
S01011032,Economically active: Unemployed (1),51,49,2
S01011032,Economically inactive,242,236,6
S01011033,All people aged 16 and over,524,508,16
S01011033,Economically active: Total,376,361,15
S01011033,Economically active: Employee: Total,331,321,10
S01011033,Economically active: Employee: Part-time (1),78,75,3
S01011033,Economically active: Employee: Full-time (1),253,246,7
S01011033,Economically active: Self-employed: Total,30,26,4
S01011033,Economically active: Self-employed: Part-time (1),6,5,1
S01011033,Economically active: Self-employed: Full-time (1),24,21,3
S01011033,Economically active: Unemployed (1),15,14,1
S01011033,Economically inactive,148,147,1
S01011034,All people aged 16 and over,563,536,27
S01011034,Economically active: Total,319,293,26
S01011034,Economically active: Employee: Total,269,245,24
S01011034,Economically active: Employee: Part-time (1),82,74,8
S01011034,Economically active: Employee: Full-time (1),187,171,16
S01011034,Economically active: Self-employed: Total,31,29,2
S01011034,Economically active: Self-employed: Part-time (1),5,5,0
S01011034,Economically active: Self-employed: Full-time (1),26,24,2
S01011034,Economically active: Unemployed (1),19,19,0
S01011034,Economically inactive,244,243,1
S01011035,All people aged 16 and over,517,495,22
S01011035,Economically active: Total,348,333,15
S01011035,Economically active: Employee: Total,279,268,11
S01011035,Economically active: Employee: Part-time (1),82,79,3
S01011035,Economically active: Employee: Full-time (1),197,189,8
S01011035,Economically active: Self-employed: Total,32,31,1
S01011035,Economically active: Self-employed: Part-time (1),7,7,0
S01011035,Economically active: Self-employed: Full-time (1),25,24,1
S01011035,Economically active: Unemployed (1),37,34,3
S01011035,Economically inactive,169,162,7
S01011036,All people aged 16 and over,541,525,16
S01011036,Economically active: Total,362,351,11
S01011036,Economically active: Employee: Total,306,299,7
S01011036,Economically active: Employee: Part-time (1),89,89,0
S01011036,Economically active: Employee: Full-time (1),217,210,7
S01011036,Economically active: Self-employed: Total,35,33,2
S01011036,Economically active: Self-employed: Part-time (1),5,5,0
S01011036,Economically active: Self-employed: Full-time (1),30,28,2
S01011036,Economically active: Unemployed (1),21,19,2
S01011036,Economically inactive,179,174,5
S01011037,All people aged 16 and over,742,717,25
S01011037,Economically active: Total,470,451,19
S01011037,Economically active: Employee: Total,371,356,15
S01011037,Economically active: Employee: Part-time (1),113,110,3
S01011037,Economically active: Employee: Full-time (1),258,246,12
S01011037,Economically active: Self-employed: Total,44,40,4
S01011037,Economically active: Self-employed: Part-time (1),14,12,2
S01011037,Economically active: Self-employed: Full-time (1),30,28,2
S01011037,Economically active: Unemployed (1),55,55,0
S01011037,Economically inactive,272,266,6
S01011038,All people aged 16 and over,663,643,20
S01011038,Economically active: Total,408,392,16
S01011038,Economically active: Employee: Total,321,308,13
S01011038,Economically active: Employee: Part-time (1),101,100,1
S01011038,Economically active: Employee: Full-time (1),220,208,12
S01011038,Economically active: Self-employed: Total,30,30,0
S01011038,Economically active: Self-employed: Part-time (1),8,8,0
S01011038,Economically active: Self-employed: Full-time (1),22,22,0
S01011038,Economically active: Unemployed (1),57,54,3
S01011038,Economically inactive,255,251,4
S01011039,All people aged 16 and over,676,643,33
S01011039,Economically active: Total,434,407,27
S01011039,Economically active: Employee: Total,358,335,23
S01011039,Economically active: Employee: Part-time (1),82,78,4
S01011039,Economically active: Employee: Full-time (1),276,257,19
S01011039,Economically active: Self-employed: Total,42,40,2
S01011039,Economically active: Self-employed: Part-time (1),10,10,0
S01011039,Economically active: Self-employed: Full-time (1),32,30,2
S01011039,Economically active: Unemployed (1),34,32,2
S01011039,Economically inactive,242,236,6
S01011040,All people aged 16 and over,562,546,16
S01011040,Economically active: Total,354,343,11
S01011040,Economically active: Employee: Total,288,279,9
S01011040,Economically active: Employee: Part-time (1),81,78,3
S01011040,Economically active: Employee: Full-time (1),207,201,6
S01011040,Economically active: Self-employed: Total,23,22,1
S01011040,Economically active: Self-employed: Part-time (1),5,5,0
S01011040,Economically active: Self-employed: Full-time (1),18,17,1
S01011040,Economically active: Unemployed (1),43,42,1
S01011040,Economically inactive,208,203,5
S01011041,All people aged 16 and over,629,611,18
S01011041,Economically active: Total,314,304,10
S01011041,Economically active: Employee: Total,254,245,9
S01011041,Economically active: Employee: Part-time (1),91,90,1
S01011041,Economically active: Employee: Full-time (1),163,155,8
S01011041,Economically active: Self-employed: Total,24,23,1
S01011041,Economically active: Self-employed: Part-time (1),5,5,0
S01011041,Economically active: Self-employed: Full-time (1),19,18,1
S01011041,Economically active: Unemployed (1),36,36,0
S01011041,Economically inactive,315,307,8
S01011042,All people aged 16 and over,642,618,24
S01011042,Economically active: Total,460,443,17
S01011042,Economically active: Employee: Total,385,373,12
S01011042,Economically active: Employee: Part-time (1),97,92,5
S01011042,Economically active: Employee: Full-time (1),288,281,7
S01011042,Economically active: Self-employed: Total,47,44,3
S01011042,Economically active: Self-employed: Part-time (1),15,14,1
S01011042,Economically active: Self-employed: Full-time (1),32,30,2
S01011042,Economically active: Unemployed (1),28,26,2
S01011042,Economically inactive,182,175,7
S01011043,All people aged 16 and over,561,535,26
S01011043,Economically active: Total,346,332,14
S01011043,Economically active: Employee: Total,278,266,12
S01011043,Economically active: Employee: Part-time (1),78,72,6
S01011043,Economically active: Employee: Full-time (1),200,194,6
S01011043,Economically active: Self-employed: Total,27,25,2
S01011043,Economically active: Self-employed: Part-time (1),13,11,2
S01011043,Economically active: Self-employed: Full-time (1),14,14,0
S01011043,Economically active: Unemployed (1),41,41,0
S01011043,Economically inactive,215,203,12
S01011044,All people aged 16 and over,568,544,24
S01011044,Economically active: Total,353,337,16
S01011044,Economically active: Employee: Total,269,259,10
S01011044,Economically active: Employee: Part-time (1),78,76,2
S01011044,Economically active: Employee: Full-time (1),191,183,8
S01011044,Economically active: Self-employed: Total,40,36,4
S01011044,Economically active: Self-employed: Part-time (1),15,13,2
S01011044,Economically active: Self-employed: Full-time (1),25,23,2
S01011044,Economically active: Unemployed (1),44,42,2
S01011044,Economically inactive,215,207,8
S01011045,All people aged 16 and over,644,611,33
S01011045,Economically active: Total,426,402,24
S01011045,Economically active: Employee: Total,275,265,10
S01011045,Economically active: Employee: Part-time (1),89,87,2
S01011045,Economically active: Employee: Full-time (1),186,178,8
S01011045,Economically active: Self-employed: Total,113,102,11
S01011045,Economically active: Self-employed: Part-time (1),27,24,3
S01011045,Economically active: Self-employed: Full-time (1),86,78,8
S01011045,Economically active: Unemployed (1),38,35,3
S01011045,Economically inactive,218,209,9
S01011046,All people aged 16 and over,717,696,21
S01011046,Economically active: Total,482,470,12
S01011046,Economically active: Employee: Total,328,322,6
S01011046,Economically active: Employee: Part-time (1),85,84,1
S01011046,Economically active: Employee: Full-time (1),243,238,5
S01011046,Economically active: Self-employed: Total,133,128,5
S01011046,Economically active: Self-employed: Part-time (1),25,22,3
S01011046,Economically active: Self-employed: Full-time (1),108,106,2
S01011046,Economically active: Unemployed (1),21,20,1
S01011046,Economically inactive,235,226,9
S01011047,All people aged 16 and over,789,753,36
S01011047,Economically active: Total,489,465,24
S01011047,Economically active: Employee: Total,382,364,18
S01011047,Economically active: Employee: Part-time (1),106,101,5
S01011047,Economically active: Employee: Full-time (1),276,263,13
S01011047,Economically active: Self-employed: Total,84,79,5
S01011047,Economically active: Self-employed: Part-time (1),18,16,2
S01011047,Economically active: Self-employed: Full-time (1),66,63,3
S01011047,Economically active: Unemployed (1),23,22,1
S01011047,Economically inactive,300,288,12
S01011048,All people aged 16 and over,805,774,31
S01011048,Economically active: Total,505,483,22
S01011048,Economically active: Employee: Total,402,387,15
S01011048,Economically active: Employee: Part-time (1),131,125,6
S01011048,Economically active: Employee: Full-time (1),271,262,9
S01011048,Economically active: Self-employed: Total,74,67,7
S01011048,Economically active: Self-employed: Part-time (1),16,14,2
S01011048,Economically active: Self-employed: Full-time (1),58,53,5
S01011048,Economically active: Unemployed (1),29,29,0
S01011048,Economically inactive,300,291,9
S01011049,All people aged 16 and over,581,559,22
S01011049,Economically active: Total,367,348,19
S01011049,Economically active: Employee: Total,323,305,18
S01011049,Economically active: Employee: Part-time (1),92,84,8
S01011049,Economically active: Employee: Full-time (1),231,221,10
S01011049,Economically active: Self-employed: Total,30,30,0
S01011049,Economically active: Self-employed: Part-time (1),8,8,0
S01011049,Economically active: Self-employed: Full-time (1),22,22,0
S01011049,Economically active: Unemployed (1),14,13,1
S01011049,Economically inactive,214,211,3
S01011050,All people aged 16 and over,651,625,26
S01011050,Economically active: Total,438,424,14
S01011050,Economically active: Employee: Total,342,331,11
S01011050,Economically active: Employee: Part-time (1),93,92,1
S01011050,Economically active: Employee: Full-time (1),249,239,10
S01011050,Economically active: Self-employed: Total,75,72,3
S01011050,Economically active: Self-employed: Part-time (1),17,16,1
S01011050,Economically active: Self-employed: Full-time (1),58,56,2
S01011050,Economically active: Unemployed (1),21,21,0
S01011050,Economically inactive,213,201,12
S01011051,All people aged 16 and over,780,745,35
S01011051,Economically active: Total,502,477,25
S01011051,Economically active: Employee: Total,399,384,15
S01011051,Economically active: Employee: Part-time (1),135,130,5
S01011051,Economically active: Employee: Full-time (1),264,254,10
S01011051,Economically active: Self-employed: Total,83,75,8
S01011051,Economically active: Self-employed: Part-time (1),22,16,6
S01011051,Economically active: Self-employed: Full-time (1),61,59,2
S01011051,Economically active: Unemployed (1),20,18,2
S01011051,Economically inactive,278,268,10
S01011052,All people aged 16 and over,712,660,52
S01011052,Economically active: Total,392,351,41
S01011052,Economically active: Employee: Total,322,286,36
S01011052,Economically active: Employee: Part-time (1),98,90,8
S01011052,Economically active: Employee: Full-time (1),224,196,28
S01011052,Economically active: Self-employed: Total,54,51,3
S01011052,Economically active: Self-employed: Part-time (1),14,13,1
S01011052,Economically active: Self-employed: Full-time (1),40,38,2
S01011052,Economically active: Unemployed (1),16,14,2
S01011052,Economically inactive,320,309,11
S01011053,All people aged 16 and over,535,497,38
S01011053,Economically active: Total,314,283,31
S01011053,Economically active: Employee: Total,268,242,26
S01011053,Economically active: Employee: Part-time (1),66,60,6
S01011053,Economically active: Employee: Full-time (1),202,182,20
S01011053,Economically active: Self-employed: Total,27,23,4
S01011053,Economically active: Self-employed: Part-time (1),7,6,1
S01011053,Economically active: Self-employed: Full-time (1),20,17,3
S01011053,Economically active: Unemployed (1),19,18,1
S01011053,Economically inactive,221,214,7
S01011054,All people aged 16 and over,442,419,23
S01011054,Economically active: Total,291,272,19
S01011054,Economically active: Employee: Total,234,218,16
S01011054,Economically active: Employee: Part-time (1),71,69,2
S01011054,Economically active: Employee: Full-time (1),163,149,14
S01011054,Economically active: Self-employed: Total,45,42,3
S01011054,Economically active: Self-employed: Part-time (1),15,14,1
S01011054,Economically active: Self-employed: Full-time (1),30,28,2
S01011054,Economically active: Unemployed (1),12,12,0
S01011054,Economically inactive,151,147,4
S01011055,All people aged 16 and over,453,434,19
S01011055,Economically active: Total,311,297,14
S01011055,Economically active: Employee: Total,235,224,11
S01011055,Economically active: Employee: Part-time (1),64,61,3
S01011055,Economically active: Employee: Full-time (1),171,163,8
S01011055,Economically active: Self-employed: Total,64,62,2
S01011055,Economically active: Self-employed: Part-time (1),14,14,0
S01011055,Economically active: Self-employed: Full-time (1),50,48,2
S01011055,Economically active: Unemployed (1),12,11,1
S01011055,Economically inactive,142,137,5
S01011056,All people aged 16 and over,555,535,20
S01011056,Economically active: Total,387,375,12
S01011056,Economically active: Employee: Total,255,246,9
S01011056,Economically active: Employee: Part-time (1),80,78,2
S01011056,Economically active: Employee: Full-time (1),175,168,7
S01011056,Economically active: Self-employed: Total,125,122,3
S01011056,Economically active: Self-employed: Part-time (1),27,24,3
S01011056,Economically active: Self-employed: Full-time (1),98,98,0
S01011056,Economically active: Unemployed (1),7,7,0
S01011056,Economically inactive,168,160,8
S01011057,All people aged 16 and over,475,465,10
S01011057,Economically active: Total,327,320,7
S01011057,Economically active: Employee: Total,249,244,5
S01011057,Economically active: Employee: Part-time (1),70,70,0
S01011057,Economically active: Employee: Full-time (1),179,174,5
S01011057,Economically active: Self-employed: Total,68,66,2
S01011057,Economically active: Self-employed: Part-time (1),15,13,2
S01011057,Economically active: Self-employed: Full-time (1),53,53,0
S01011057,Economically active: Unemployed (1),10,10,0
S01011057,Economically inactive,148,145,3
S01011058,All people aged 16 and over,523,497,26
S01011058,Economically active: Total,367,350,17
S01011058,Economically active: Employee: Total,253,241,12
S01011058,Economically active: Employee: Part-time (1),75,72,3
S01011058,Economically active: Employee: Full-time (1),178,169,9
S01011058,Economically active: Self-employed: Total,100,95,5
S01011058,Economically active: Self-employed: Part-time (1),25,23,2
S01011058,Economically active: Self-employed: Full-time (1),75,72,3
S01011058,Economically active: Unemployed (1),14,14,0
S01011058,Economically inactive,156,147,9
S01011059,All people aged 16 and over,510,485,25
S01011059,Economically active: Total,350,332,18
S01011059,Economically active: Employee: Total,249,235,14
S01011059,Economically active: Employee: Part-time (1),87,83,4
S01011059,Economically active: Employee: Full-time (1),162,152,10
S01011059,Economically active: Self-employed: Total,79,75,4
S01011059,Economically active: Self-employed: Part-time (1),15,13,2
S01011059,Economically active: Self-employed: Full-time (1),64,62,2
S01011059,Economically active: Unemployed (1),22,22,0
S01011059,Economically inactive,160,153,7
S01011060,All people aged 16 and over,780,756,24
S01011060,Economically active: Total,410,394,16
S01011060,Economically active: Employee: Total,340,326,14
S01011060,Economically active: Employee: Part-time (1),115,110,5
S01011060,Economically active: Employee: Full-time (1),225,216,9
S01011060,Economically active: Self-employed: Total,55,54,1
S01011060,Economically active: Self-employed: Part-time (1),13,13,0
S01011060,Economically active: Self-employed: Full-time (1),42,41,1
S01011060,Economically active: Unemployed (1),15,14,1
S01011060,Economically inactive,370,362,8
S01011061,All people aged 16 and over,699,684,15
S01011061,Economically active: Total,459,448,11
S01011061,Economically active: Employee: Total,393,386,7
S01011061,Economically active: Employee: Part-time (1),127,127,0
S01011061,Economically active: Employee: Full-time (1),266,259,7
S01011061,Economically active: Self-employed: Total,32,30,2
S01011061,Economically active: Self-employed: Part-time (1),10,9,1
S01011061,Economically active: Self-employed: Full-time (1),22,21,1
S01011061,Economically active: Unemployed (1),34,32,2
S01011061,Economically inactive,240,236,4
S01011062,All people aged 16 and over,755,740,15
S01011062,Economically active: Total,507,496,11
S01011062,Economically active: Employee: Total,429,419,10
S01011062,Economically active: Employee: Part-time (1),137,135,2
S01011062,Economically active: Employee: Full-time (1),292,284,8
S01011062,Economically active: Self-employed: Total,62,61,1
S01011062,Economically active: Self-employed: Part-time (1),4,4,0
S01011062,Economically active: Self-employed: Full-time (1),58,57,1
S01011062,Economically active: Unemployed (1),16,16,0
S01011062,Economically inactive,248,244,4
S01011063,All people aged 16 and over,855,837,18
S01011063,Economically active: Total,504,491,13
S01011063,Economically active: Employee: Total,425,413,12
S01011063,Economically active: Employee: Part-time (1),153,150,3
S01011063,Economically active: Employee: Full-time (1),272,263,9
S01011063,Economically active: Self-employed: Total,40,40,0
S01011063,Economically active: Self-employed: Part-time (1),10,10,0
S01011063,Economically active: Self-employed: Full-time (1),30,30,0
S01011063,Economically active: Unemployed (1),39,38,1
S01011063,Economically inactive,351,346,5
S01011064,All people aged 16 and over,860,838,22
S01011064,Economically active: Total,544,529,15
S01011064,Economically active: Employee: Total,456,443,13
S01011064,Economically active: Employee: Part-time (1),126,123,3
S01011064,Economically active: Employee: Full-time (1),330,320,10
S01011064,Economically active: Self-employed: Total,67,65,2
S01011064,Economically active: Self-employed: Part-time (1),10,10,0
S01011064,Economically active: Self-employed: Full-time (1),57,55,2
S01011064,Economically active: Unemployed (1),21,21,0
S01011064,Economically inactive,316,309,7
S01011065,All people aged 16 and over,592,571,21
S01011065,Economically active: Total,350,342,8
S01011065,Economically active: Employee: Total,256,249,7
S01011065,Economically active: Employee: Part-time (1),84,82,2
S01011065,Economically active: Employee: Full-time (1),172,167,5
S01011065,Economically active: Self-employed: Total,72,71,1
S01011065,Economically active: Self-employed: Part-time (1),17,16,1
S01011065,Economically active: Self-employed: Full-time (1),55,55,0
S01011065,Economically active: Unemployed (1),22,22,0
S01011065,Economically inactive,242,229,13
S01011066,All people aged 16 and over,427,411,16
S01011066,Economically active: Total,246,234,12
S01011066,Economically active: Employee: Total,177,170,7
S01011066,Economically active: Employee: Part-time (1),61,57,4
S01011066,Economically active: Employee: Full-time (1),116,113,3
S01011066,Economically active: Self-employed: Total,57,54,3
S01011066,Economically active: Self-employed: Part-time (1),13,13,0
S01011066,Economically active: Self-employed: Full-time (1),44,41,3
S01011066,Economically active: Unemployed (1),12,10,2
S01011066,Economically inactive,181,177,4
S01011067,All people aged 16 and over,478,458,20
S01011067,Economically active: Total,257,249,8
S01011067,Economically active: Employee: Total,187,182,5
S01011067,Economically active: Employee: Part-time (1),53,51,2
S01011067,Economically active: Employee: Full-time (1),134,131,3
S01011067,Economically active: Self-employed: Total,51,49,2
S01011067,Economically active: Self-employed: Part-time (1),17,16,1
S01011067,Economically active: Self-employed: Full-time (1),34,33,1
S01011067,Economically active: Unemployed (1),19,18,1
S01011067,Economically inactive,221,209,12
S01011068,All people aged 16 and over,421,413,8
S01011068,Economically active: Total,255,247,8
S01011068,Economically active: Employee: Total,189,185,4
S01011068,Economically active: Employee: Part-time (1),63,62,1
S01011068,Economically active: Employee: Full-time (1),126,123,3
S01011068,Economically active: Self-employed: Total,53,50,3
S01011068,Economically active: Self-employed: Part-time (1),14,14,0
S01011068,Economically active: Self-employed: Full-time (1),39,36,3
S01011068,Economically active: Unemployed (1),13,12,1
S01011068,Economically inactive,166,166,0
S01011069,All people aged 16 and over,467,455,12
S01011069,Economically active: Total,257,250,7
S01011069,Economically active: Employee: Total,212,208,4
S01011069,Economically active: Employee: Part-time (1),74,73,1
S01011069,Economically active: Employee: Full-time (1),138,135,3
S01011069,Economically active: Self-employed: Total,32,30,2
S01011069,Economically active: Self-employed: Part-time (1),6,6,0
S01011069,Economically active: Self-employed: Full-time (1),26,24,2
S01011069,Economically active: Unemployed (1),13,12,1
S01011069,Economically inactive,210,205,5
S01011070,All people aged 16 and over,510,503,7
S01011070,Economically active: Total,321,316,5
S01011070,Economically active: Employee: Total,272,267,5
S01011070,Economically active: Employee: Part-time (1),83,81,2
S01011070,Economically active: Employee: Full-time (1),189,186,3
S01011070,Economically active: Self-employed: Total,39,39,0
S01011070,Economically active: Self-employed: Part-time (1),12,12,0
S01011070,Economically active: Self-employed: Full-time (1),27,27,0
S01011070,Economically active: Unemployed (1),10,10,0
S01011070,Economically inactive,189,187,2
S01011071,All people aged 16 and over,726,707,19
S01011071,Economically active: Total,420,406,14
S01011071,Economically active: Employee: Total,324,311,13
S01011071,Economically active: Employee: Part-time (1),91,88,3
S01011071,Economically active: Employee: Full-time (1),233,223,10
S01011071,Economically active: Self-employed: Total,66,66,0
S01011071,Economically active: Self-employed: Part-time (1),14,14,0
S01011071,Economically active: Self-employed: Full-time (1),52,52,0
S01011071,Economically active: Unemployed (1),30,29,1
S01011071,Economically inactive,306,301,5
S01011072,All people aged 16 and over,801,784,17
S01011072,Economically active: Total,548,538,10
S01011072,Economically active: Employee: Total,435,427,8
S01011072,Economically active: Employee: Part-time (1),143,142,1
S01011072,Economically active: Employee: Full-time (1),292,285,7
S01011072,Economically active: Self-employed: Total,84,83,1
S01011072,Economically active: Self-employed: Part-time (1),17,17,0
S01011072,Economically active: Self-employed: Full-time (1),67,66,1
S01011072,Economically active: Unemployed (1),29,28,1
S01011072,Economically inactive,253,246,7
S01011073,All people aged 16 and over,596,572,24
S01011073,Economically active: Total,371,355,16
S01011073,Economically active: Employee: Total,312,300,12
S01011073,Economically active: Employee: Part-time (1),107,103,4
S01011073,Economically active: Employee: Full-time (1),205,197,8
S01011073,Economically active: Self-employed: Total,47,44,3
S01011073,Economically active: Self-employed: Part-time (1),16,15,1
S01011073,Economically active: Self-employed: Full-time (1),31,29,2
S01011073,Economically active: Unemployed (1),12,11,1
S01011073,Economically inactive,225,217,8
S01011074,All people aged 16 and over,509,494,15
S01011074,Economically active: Total,336,323,13
S01011074,Economically active: Employee: Total,282,271,11
S01011074,Economically active: Employee: Part-time (1),95,92,3
S01011074,Economically active: Employee: Full-time (1),187,179,8
S01011074,Economically active: Self-employed: Total,39,38,1
S01011074,Economically active: Self-employed: Part-time (1),7,7,0
S01011074,Economically active: Self-employed: Full-time (1),32,31,1
S01011074,Economically active: Unemployed (1),15,14,1
S01011074,Economically inactive,173,171,2
S01011075,All people aged 16 and over,570,553,17
S01011075,Economically active: Total,346,336,10
S01011075,Economically active: Employee: Total,285,278,7
S01011075,Economically active: Employee: Part-time (1),96,93,3
S01011075,Economically active: Employee: Full-time (1),189,185,4
S01011075,Economically active: Self-employed: Total,30,30,0
S01011075,Economically active: Self-employed: Part-time (1),10,10,0
S01011075,Economically active: Self-employed: Full-time (1),20,20,0
S01011075,Economically active: Unemployed (1),31,28,3
S01011075,Economically inactive,224,217,7
S01011076,All people aged 16 and over,605,580,25
S01011076,Economically active: Total,360,343,17
S01011076,Economically active: Employee: Total,299,285,14
S01011076,Economically active: Employee: Part-time (1),89,85,4
S01011076,Economically active: Employee: Full-time (1),210,200,10
S01011076,Economically active: Self-employed: Total,32,30,2
S01011076,Economically active: Self-employed: Part-time (1),5,4,1
S01011076,Economically active: Self-employed: Full-time (1),27,26,1
S01011076,Economically active: Unemployed (1),29,28,1
S01011076,Economically inactive,245,237,8
S01011077,All people aged 16 and over,586,571,15
S01011077,Economically active: Total,347,338,9
S01011077,Economically active: Employee: Total,288,279,9
S01011077,Economically active: Employee: Part-time (1),119,114,5
S01011077,Economically active: Employee: Full-time (1),169,165,4
S01011077,Economically active: Self-employed: Total,12,12,0
S01011077,Economically active: Self-employed: Part-time (1),5,5,0
S01011077,Economically active: Self-employed: Full-time (1),7,7,0
S01011077,Economically active: Unemployed (1),47,47,0
S01011077,Economically inactive,239,233,6
S01011078,All people aged 16 and over,941,923,18
S01011078,Economically active: Total,557,542,15
S01011078,Economically active: Employee: Total,457,446,11
S01011078,Economically active: Employee: Part-time (1),151,150,1
S01011078,Economically active: Employee: Full-time (1),306,296,10
S01011078,Economically active: Self-employed: Total,83,82,1
S01011078,Economically active: Self-employed: Part-time (1),14,14,0
S01011078,Economically active: Self-employed: Full-time (1),69,68,1
S01011078,Economically active: Unemployed (1),17,14,3
S01011078,Economically inactive,384,381,3
S01011079,All people aged 16 and over,888,822,66
S01011079,Economically active: Total,582,524,58
S01011079,Economically active: Employee: Total,487,436,51
S01011079,Economically active: Employee: Part-time (1),139,121,18
S01011079,Economically active: Employee: Full-time (1),348,315,33
S01011079,Economically active: Self-employed: Total,56,54,2
S01011079,Economically active: Self-employed: Part-time (1),11,10,1
S01011079,Economically active: Self-employed: Full-time (1),45,44,1
S01011079,Economically active: Unemployed (1),39,34,5
S01011079,Economically inactive,306,298,8
S01011080,All people aged 16 and over,838,807,31
S01011080,Economically active: Total,509,488,21
S01011080,Economically active: Employee: Total,433,414,19
S01011080,Economically active: Employee: Part-time (1),132,129,3
S01011080,Economically active: Employee: Full-time (1),301,285,16
S01011080,Economically active: Self-employed: Total,38,36,2
S01011080,Economically active: Self-employed: Part-time (1),8,8,0
S01011080,Economically active: Self-employed: Full-time (1),30,28,2
S01011080,Economically active: Unemployed (1),38,38,0
S01011080,Economically inactive,329,319,10
S01011081,All people aged 16 and over,662,651,11
S01011081,Economically active: Total,412,403,9
S01011081,Economically active: Employee: Total,351,343,8
S01011081,Economically active: Employee: Part-time (1),126,122,4
S01011081,Economically active: Employee: Full-time (1),225,221,4
S01011081,Economically active: Self-employed: Total,30,29,1
S01011081,Economically active: Self-employed: Part-time (1),8,7,1
S01011081,Economically active: Self-employed: Full-time (1),22,22,0
S01011081,Economically active: Unemployed (1),31,31,0
S01011081,Economically inactive,250,248,2
S01011082,All people aged 16 and over,474,465,9
S01011082,Economically active: Total,237,230,7
S01011082,Economically active: Employee: Total,202,197,5
S01011082,Economically active: Employee: Part-time (1),71,70,1
S01011082,Economically active: Employee: Full-time (1),131,127,4
S01011082,Economically active: Self-employed: Total,11,11,0
S01011082,Economically active: Self-employed: Part-time (1),2,2,0
S01011082,Economically active: Self-employed: Full-time (1),9,9,0
S01011082,Economically active: Unemployed (1),24,22,2
S01011082,Economically inactive,237,235,2
S01011083,All people aged 16 and over,648,617,31
S01011083,Economically active: Total,402,376,26
S01011083,Economically active: Employee: Total,333,314,19
S01011083,Economically active: Employee: Part-time (1),113,105,8
S01011083,Economically active: Employee: Full-time (1),220,209,11
S01011083,Economically active: Self-employed: Total,39,35,4
S01011083,Economically active: Self-employed: Part-time (1),15,13,2
S01011083,Economically active: Self-employed: Full-time (1),24,22,2
S01011083,Economically active: Unemployed (1),30,27,3
S01011083,Economically inactive,246,241,5
S01011084,All people aged 16 and over,654,634,20
S01011084,Economically active: Total,393,379,14
S01011084,Economically active: Employee: Total,300,290,10
S01011084,Economically active: Employee: Part-time (1),86,81,5
S01011084,Economically active: Employee: Full-time (1),214,209,5
S01011084,Economically active: Self-employed: Total,73,70,3
S01011084,Economically active: Self-employed: Part-time (1),26,26,0
S01011084,Economically active: Self-employed: Full-time (1),47,44,3
S01011084,Economically active: Unemployed (1),20,19,1
S01011084,Economically inactive,261,255,6
S01011085,All people aged 16 and over,744,722,22
S01011085,Economically active: Total,461,446,15
S01011085,Economically active: Employee: Total,387,374,13
S01011085,Economically active: Employee: Part-time (1),115,112,3
S01011085,Economically active: Employee: Full-time (1),272,262,10
S01011085,Economically active: Self-employed: Total,58,56,2
S01011085,Economically active: Self-employed: Part-time (1),20,20,0
S01011085,Economically active: Self-employed: Full-time (1),38,36,2
S01011085,Economically active: Unemployed (1),16,16,0
S01011085,Economically inactive,283,276,7
S01011086,All people aged 16 and over,546,533,13
S01011086,Economically active: Total,321,313,8
S01011086,Economically active: Employee: Total,272,265,7
S01011086,Economically active: Employee: Part-time (1),73,70,3
S01011086,Economically active: Employee: Full-time (1),199,195,4
S01011086,Economically active: Self-employed: Total,41,40,1
S01011086,Economically active: Self-employed: Part-time (1),8,8,0
S01011086,Economically active: Self-employed: Full-time (1),33,32,1
S01011086,Economically active: Unemployed (1),8,8,0
S01011086,Economically inactive,225,220,5
S01011087,All people aged 16 and over,479,461,18
S01011087,Economically active: Total,303,292,11
S01011087,Economically active: Employee: Total,256,246,10
S01011087,Economically active: Employee: Part-time (1),58,57,1
S01011087,Economically active: Employee: Full-time (1),198,189,9
S01011087,Economically active: Self-employed: Total,30,29,1
S01011087,Economically active: Self-employed: Part-time (1),11,11,0
S01011087,Economically active: Self-employed: Full-time (1),19,18,1
S01011087,Economically active: Unemployed (1),17,17,0
S01011087,Economically inactive,176,169,7
S01011088,All people aged 16 and over,803,769,34
S01011088,Economically active: Total,479,457,22
S01011088,Economically active: Employee: Total,400,382,18
S01011088,Economically active: Employee: Part-time (1),103,96,7
S01011088,Economically active: Employee: Full-time (1),297,286,11
S01011088,Economically active: Self-employed: Total,60,57,3
S01011088,Economically active: Self-employed: Part-time (1),22,20,2
S01011088,Economically active: Self-employed: Full-time (1),38,37,1
S01011088,Economically active: Unemployed (1),19,18,1
S01011088,Economically inactive,324,312,12
S01011089,All people aged 16 and over,542,529,13
S01011089,Economically active: Total,311,302,9
S01011089,Economically active: Employee: Total,249,241,8
S01011089,Economically active: Employee: Part-time (1),91,88,3
S01011089,Economically active: Employee: Full-time (1),158,153,5
S01011089,Economically active: Self-employed: Total,29,29,0
S01011089,Economically active: Self-employed: Part-time (1),8,8,0
S01011089,Economically active: Self-employed: Full-time (1),21,21,0
S01011089,Economically active: Unemployed (1),33,32,1
S01011089,Economically inactive,231,227,4
S01011090,All people aged 16 and over,612,582,30
S01011090,Economically active: Total,385,366,19
S01011090,Economically active: Employee: Total,297,281,16
S01011090,Economically active: Employee: Part-time (1),85,81,4
S01011090,Economically active: Employee: Full-time (1),212,200,12
S01011090,Economically active: Self-employed: Total,78,77,1
S01011090,Economically active: Self-employed: Part-time (1),13,13,0
S01011090,Economically active: Self-employed: Full-time (1),65,64,1
S01011090,Economically active: Unemployed (1),10,8,2
S01011090,Economically inactive,227,216,11
S01011091,All people aged 16 and over,526,500,26
S01011091,Economically active: Total,384,366,18
S01011091,Economically active: Employee: Total,285,271,14
S01011091,Economically active: Employee: Part-time (1),78,76,2
S01011091,Economically active: Employee: Full-time (1),207,195,12
S01011091,Economically active: Self-employed: Total,78,74,4
S01011091,Economically active: Self-employed: Part-time (1),20,20,0
S01011091,Economically active: Self-employed: Full-time (1),58,54,4
S01011091,Economically active: Unemployed (1),21,21,0
S01011091,Economically inactive,142,134,8
S01011092,All people aged 16 and over,320,295,25
S01011092,Economically active: Total,215,197,18
S01011092,Economically active: Employee: Total,168,153,15
S01011092,Economically active: Employee: Part-time (1),66,63,3
S01011092,Economically active: Employee: Full-time (1),102,90,12
S01011092,Economically active: Self-employed: Total,18,17,1
S01011092,Economically active: Self-employed: Part-time (1),8,8,0
S01011092,Economically active: Self-employed: Full-time (1),10,9,1
S01011092,Economically active: Unemployed (1),29,27,2
S01011092,Economically inactive,105,98,7
S01011093,All people aged 16 and over,502,487,15
S01011093,Economically active: Total,348,334,14
S01011093,Economically active: Employee: Total,267,258,9
S01011093,Economically active: Employee: Part-time (1),76,75,1
S01011093,Economically active: Employee: Full-time (1),191,183,8
S01011093,Economically active: Self-employed: Total,71,67,4
S01011093,Economically active: Self-employed: Part-time (1),11,10,1
S01011093,Economically active: Self-employed: Full-time (1),60,57,3
S01011093,Economically active: Unemployed (1),10,9,1
S01011093,Economically inactive,154,153,1
S01011094,All people aged 16 and over,447,423,24
S01011094,Economically active: Total,290,270,20
S01011094,Economically active: Employee: Total,210,191,19
S01011094,Economically active: Employee: Part-time (1),64,60,4
S01011094,Economically active: Employee: Full-time (1),146,131,15
S01011094,Economically active: Self-employed: Total,69,68,1
S01011094,Economically active: Self-employed: Part-time (1),27,26,1
S01011094,Economically active: Self-employed: Full-time (1),42,42,0
S01011094,Economically active: Unemployed (1),11,11,0
S01011094,Economically inactive,157,153,4
S01011095,All people aged 16 and over,651,616,35
S01011095,Economically active: Total,458,432,26
S01011095,Economically active: Employee: Total,346,328,18
S01011095,Economically active: Employee: Part-time (1),90,85,5
S01011095,Economically active: Employee: Full-time (1),256,243,13
S01011095,Economically active: Self-employed: Total,96,89,7
S01011095,Economically active: Self-employed: Part-time (1),21,20,1
S01011095,Economically active: Self-employed: Full-time (1),75,69,6
S01011095,Economically active: Unemployed (1),16,15,1
S01011095,Economically inactive,193,184,9
S01011096,All people aged 16 and over,479,443,36
S01011096,Economically active: Total,332,305,27
S01011096,Economically active: Employee: Total,268,247,21
S01011096,Economically active: Employee: Part-time (1),60,56,4
S01011096,Economically active: Employee: Full-time (1),208,191,17
S01011096,Economically active: Self-employed: Total,51,46,5
S01011096,Economically active: Self-employed: Part-time (1),10,10,0
S01011096,Economically active: Self-employed: Full-time (1),41,36,5
S01011096,Economically active: Unemployed (1),13,12,1
S01011096,Economically inactive,147,138,9
S01011097,All people aged 16 and over,559,533,26
S01011097,Economically active: Total,393,374,19
S01011097,Economically active: Employee: Total,304,293,11
S01011097,Economically active: Employee: Part-time (1),97,95,2
S01011097,Economically active: Employee: Full-time (1),207,198,9
S01011097,Economically active: Self-employed: Total,74,68,6
S01011097,Economically active: Self-employed: Part-time (1),24,21,3
S01011097,Economically active: Self-employed: Full-time (1),50,47,3
S01011097,Economically active: Unemployed (1),15,13,2
S01011097,Economically inactive,166,159,7
S01011098,All people aged 16 and over,635,596,39
S01011098,Economically active: Total,425,396,29
S01011098,Economically active: Employee: Total,366,340,26
S01011098,Economically active: Employee: Part-time (1),102,94,8
S01011098,Economically active: Employee: Full-time (1),264,246,18
S01011098,Economically active: Self-employed: Total,36,33,3
S01011098,Economically active: Self-employed: Part-time (1),10,9,1
S01011098,Economically active: Self-employed: Full-time (1),26,24,2
S01011098,Economically active: Unemployed (1),23,23,0
S01011098,Economically inactive,210,200,10
S01011099,All people aged 16 and over,651,625,26
S01011099,Economically active: Total,457,437,20
S01011099,Economically active: Employee: Total,378,362,16
S01011099,Economically active: Employee: Part-time (1),115,111,4
S01011099,Economically active: Employee: Full-time (1),263,251,12
S01011099,Economically active: Self-employed: Total,33,31,2
S01011099,Economically active: Self-employed: Part-time (1),12,11,1
S01011099,Economically active: Self-employed: Full-time (1),21,20,1
S01011099,Economically active: Unemployed (1),46,44,2
S01011099,Economically inactive,194,188,6
S01011100,All people aged 16 and over,392,383,9
S01011100,Economically active: Total,223,217,6
S01011100,Economically active: Employee: Total,186,182,4
S01011100,Economically active: Employee: Part-time (1),52,50,2
S01011100,Economically active: Employee: Full-time (1),134,132,2
S01011100,Economically active: Self-employed: Total,23,22,1
S01011100,Economically active: Self-employed: Part-time (1),4,4,0
S01011100,Economically active: Self-employed: Full-time (1),19,18,1
S01011100,Economically active: Unemployed (1),14,13,1
S01011100,Economically inactive,169,166,3
S01011101,All people aged 16 and over,482,458,24
S01011101,Economically active: Total,305,288,17
S01011101,Economically active: Employee: Total,262,245,17
S01011101,Economically active: Employee: Part-time (1),91,88,3
S01011101,Economically active: Employee: Full-time (1),171,157,14
S01011101,Economically active: Self-employed: Total,10,10,0
S01011101,Economically active: Self-employed: Part-time (1),2,2,0
S01011101,Economically active: Self-employed: Full-time (1),8,8,0
S01011101,Economically active: Unemployed (1),33,33,0
S01011101,Economically inactive,177,170,7
S01011102,All people aged 16 and over,534,469,65
S01011102,Economically active: Total,342,285,57
S01011102,Economically active: Employee: Total,285,237,48
S01011102,Economically active: Employee: Part-time (1),82,66,16
S01011102,Economically active: Employee: Full-time (1),203,171,32
S01011102,Economically active: Self-employed: Total,16,14,2
S01011102,Economically active: Self-employed: Part-time (1),3,3,0
S01011102,Economically active: Self-employed: Full-time (1),13,11,2
S01011102,Economically active: Unemployed (1),41,34,7
S01011102,Economically inactive,192,184,8
S01011103,All people aged 16 and over,503,446,57
S01011103,Economically active: Total,305,257,48
S01011103,Economically active: Employee: Total,255,213,42
S01011103,Economically active: Employee: Part-time (1),74,63,11
S01011103,Economically active: Employee: Full-time (1),181,150,31
S01011103,Economically active: Self-employed: Total,21,19,2
S01011103,Economically active: Self-employed: Part-time (1),6,6,0
S01011103,Economically active: Self-employed: Full-time (1),15,13,2
S01011103,Economically active: Unemployed (1),29,25,4
S01011103,Economically inactive,198,189,9
S01011104,All people aged 16 and over,628,562,66
S01011104,Economically active: Total,297,252,45
S01011104,Economically active: Employee: Total,246,207,39
S01011104,Economically active: Employee: Part-time (1),67,60,7
S01011104,Economically active: Employee: Full-time (1),179,147,32
S01011104,Economically active: Self-employed: Total,36,33,3
S01011104,Economically active: Self-employed: Part-time (1),12,11,1
S01011104,Economically active: Self-employed: Full-time (1),24,22,2
S01011104,Economically active: Unemployed (1),15,12,3
S01011104,Economically inactive,331,310,21
S01011105,All people aged 16 and over,682,606,76
S01011105,Economically active: Total,434,371,63
S01011105,Economically active: Employee: Total,369,310,59
S01011105,Economically active: Employee: Part-time (1),90,71,19
S01011105,Economically active: Employee: Full-time (1),279,239,40
S01011105,Economically active: Self-employed: Total,39,35,4
S01011105,Economically active: Self-employed: Part-time (1),7,7,0
S01011105,Economically active: Self-employed: Full-time (1),32,28,4
S01011105,Economically active: Unemployed (1),26,26,0
S01011105,Economically inactive,248,235,13
S01011106,All people aged 16 and over,644,581,63
S01011106,Economically active: Total,498,450,48
S01011106,Economically active: Employee: Total,425,381,44
S01011106,Economically active: Employee: Part-time (1),117,102,15
S01011106,Economically active: Employee: Full-time (1),308,279,29
S01011106,Economically active: Self-employed: Total,26,23,3
S01011106,Economically active: Self-employed: Part-time (1),13,10,3
S01011106,Economically active: Self-employed: Full-time (1),13,13,0
S01011106,Economically active: Unemployed (1),47,46,1
S01011106,Economically inactive,146,131,15
S01011107,All people aged 16 and over,636,560,76
S01011107,Economically active: Total,526,462,64
S01011107,Economically active: Employee: Total,463,403,60
S01011107,Economically active: Employee: Part-time (1),126,111,15
S01011107,Economically active: Employee: Full-time (1),337,292,45
S01011107,Economically active: Self-employed: Total,26,25,1
S01011107,Economically active: Self-employed: Part-time (1),5,5,0
S01011107,Economically active: Self-employed: Full-time (1),21,20,1
S01011107,Economically active: Unemployed (1),37,34,3
S01011107,Economically inactive,110,98,12
S01011108,All people aged 16 and over,447,410,37
S01011108,Economically active: Total,322,298,24
S01011108,Economically active: Employee: Total,273,250,23
S01011108,Economically active: Employee: Part-time (1),90,81,9
S01011108,Economically active: Employee: Full-time (1),183,169,14
S01011108,Economically active: Self-employed: Total,26,26,0
S01011108,Economically active: Self-employed: Part-time (1),16,16,0
S01011108,Economically active: Self-employed: Full-time (1),10,10,0
S01011108,Economically active: Unemployed (1),23,22,1
S01011108,Economically inactive,125,112,13
S01011109,All people aged 16 and over,690,642,48
S01011109,Economically active: Total,449,417,32
S01011109,Economically active: Employee: Total,392,361,31
S01011109,Economically active: Employee: Part-time (1),103,96,7
S01011109,Economically active: Employee: Full-time (1),289,265,24
S01011109,Economically active: Self-employed: Total,42,42,0
S01011109,Economically active: Self-employed: Part-time (1),10,10,0
S01011109,Economically active: Self-employed: Full-time (1),32,32,0
S01011109,Economically active: Unemployed (1),15,14,1
S01011109,Economically inactive,241,225,16
S01011110,All people aged 16 and over,568,531,37
S01011110,Economically active: Total,397,369,28
S01011110,Economically active: Employee: Total,352,325,27
S01011110,Economically active: Employee: Part-time (1),115,108,7
S01011110,Economically active: Employee: Full-time (1),237,217,20
S01011110,Economically active: Self-employed: Total,18,18,0
S01011110,Economically active: Self-employed: Part-time (1),5,5,0
S01011110,Economically active: Self-employed: Full-time (1),13,13,0
S01011110,Economically active: Unemployed (1),27,26,1
S01011110,Economically inactive,171,162,9
S01011111,All people aged 16 and over,699,650,49
S01011111,Economically active: Total,457,420,37
S01011111,Economically active: Employee: Total,393,358,35
S01011111,Economically active: Employee: Part-time (1),138,127,11
S01011111,Economically active: Employee: Full-time (1),255,231,24
S01011111,Economically active: Self-employed: Total,30,30,0
S01011111,Economically active: Self-employed: Part-time (1),9,9,0
S01011111,Economically active: Self-employed: Full-time (1),21,21,0
S01011111,Economically active: Unemployed (1),34,32,2
S01011111,Economically inactive,242,230,12
S01011112,All people aged 16 and over,648,606,42
S01011112,Economically active: Total,534,501,33
S01011112,Economically active: Employee: Total,468,439,29
S01011112,Economically active: Employee: Part-time (1),129,126,3
S01011112,Economically active: Employee: Full-time (1),339,313,26
S01011112,Economically active: Self-employed: Total,46,42,4
S01011112,Economically active: Self-employed: Part-time (1),12,11,1
S01011112,Economically active: Self-employed: Full-time (1),34,31,3
S01011112,Economically active: Unemployed (1),20,20,0
S01011112,Economically inactive,114,105,9
S01011113,All people aged 16 and over,821,794,27
S01011113,Economically active: Total,511,492,19
S01011113,Economically active: Employee: Total,455,439,16
S01011113,Economically active: Employee: Part-time (1),132,126,6
S01011113,Economically active: Employee: Full-time (1),323,313,10
S01011113,Economically active: Self-employed: Total,33,32,1
S01011113,Economically active: Self-employed: Part-time (1),9,9,0
S01011113,Economically active: Self-employed: Full-time (1),24,23,1
S01011113,Economically active: Unemployed (1),23,21,2
S01011113,Economically inactive,310,302,8
S01011114,All people aged 16 and over,615,585,30
S01011114,Economically active: Total,426,403,23
S01011114,Economically active: Employee: Total,366,348,18
S01011114,Economically active: Employee: Part-time (1),100,94,6
S01011114,Economically active: Employee: Full-time (1),266,254,12
S01011114,Economically active: Self-employed: Total,42,39,3
S01011114,Economically active: Self-employed: Part-time (1),6,6,0
S01011114,Economically active: Self-employed: Full-time (1),36,33,3
S01011114,Economically active: Unemployed (1),18,16,2
S01011114,Economically inactive,189,182,7
S01011115,All people aged 16 and over,751,712,39
S01011115,Economically active: Total,503,475,28
S01011115,Economically active: Employee: Total,423,397,26
S01011115,Economically active: Employee: Part-time (1),144,139,5
S01011115,Economically active: Employee: Full-time (1),279,258,21
S01011115,Economically active: Self-employed: Total,40,38,2
S01011115,Economically active: Self-employed: Part-time (1),8,7,1
S01011115,Economically active: Self-employed: Full-time (1),32,31,1
S01011115,Economically active: Unemployed (1),40,40,0
S01011115,Economically inactive,248,237,11
S01011116,All people aged 16 and over,544,503,41
S01011116,Economically active: Total,357,330,27
S01011116,Economically active: Employee: Total,313,288,25
S01011116,Economically active: Employee: Part-time (1),92,88,4
S01011116,Economically active: Employee: Full-time (1),221,200,21
S01011116,Economically active: Self-employed: Total,22,20,2
S01011116,Economically active: Self-employed: Part-time (1),5,5,0
S01011116,Economically active: Self-employed: Full-time (1),17,15,2
S01011116,Economically active: Unemployed (1),22,22,0
S01011116,Economically inactive,187,173,14
S01011117,All people aged 16 and over,635,582,53
S01011117,Economically active: Total,389,357,32
S01011117,Economically active: Employee: Total,317,289,28
S01011117,Economically active: Employee: Part-time (1),80,71,9
S01011117,Economically active: Employee: Full-time (1),237,218,19
S01011117,Economically active: Self-employed: Total,58,56,2
S01011117,Economically active: Self-employed: Part-time (1),15,14,1
S01011117,Economically active: Self-employed: Full-time (1),43,42,1
S01011117,Economically active: Unemployed (1),14,12,2
S01011117,Economically inactive,246,225,21
S01011118,All people aged 16 and over,724,661,63
S01011118,Economically active: Total,437,395,42
S01011118,Economically active: Employee: Total,363,332,31
S01011118,Economically active: Employee: Part-time (1),101,90,11
S01011118,Economically active: Employee: Full-time (1),262,242,20
S01011118,Economically active: Self-employed: Total,52,47,5
S01011118,Economically active: Self-employed: Part-time (1),8,7,1
S01011118,Economically active: Self-employed: Full-time (1),44,40,4
S01011118,Economically active: Unemployed (1),22,16,6
S01011118,Economically inactive,287,266,21
S01011119,All people aged 16 and over,789,710,79
S01011119,Economically active: Total,439,377,62
S01011119,Economically active: Employee: Total,376,326,50
S01011119,Economically active: Employee: Part-time (1),104,89,15
S01011119,Economically active: Employee: Full-time (1),272,237,35
S01011119,Economically active: Self-employed: Total,54,45,9
S01011119,Economically active: Self-employed: Part-time (1),19,14,5
S01011119,Economically active: Self-employed: Full-time (1),35,31,4
S01011119,Economically active: Unemployed (1),9,6,3
S01011119,Economically inactive,350,333,17
S01011120,All people aged 16 and over,608,586,22
S01011120,Economically active: Total,311,294,17
S01011120,Economically active: Employee: Total,263,248,15
S01011120,Economically active: Employee: Part-time (1),70,67,3
S01011120,Economically active: Employee: Full-time (1),193,181,12
S01011120,Economically active: Self-employed: Total,40,38,2
S01011120,Economically active: Self-employed: Part-time (1),13,13,0
S01011120,Economically active: Self-employed: Full-time (1),27,25,2
S01011120,Economically active: Unemployed (1),8,8,0
S01011120,Economically inactive,297,292,5
S01011121,All people aged 16 and over,473,411,62
S01011121,Economically active: Total,317,263,54
S01011121,Economically active: Employee: Total,272,224,48
S01011121,Economically active: Employee: Part-time (1),68,55,13
S01011121,Economically active: Employee: Full-time (1),204,169,35
S01011121,Economically active: Self-employed: Total,19,17,2
S01011121,Economically active: Self-employed: Part-time (1),3,2,1
S01011121,Economically active: Self-employed: Full-time (1),16,15,1
S01011121,Economically active: Unemployed (1),26,22,4
S01011121,Economically inactive,156,148,8
S01011122,All people aged 16 and over,541,497,44
S01011122,Economically active: Total,356,323,33
S01011122,Economically active: Employee: Total,304,279,25
S01011122,Economically active: Employee: Part-time (1),81,72,9
S01011122,Economically active: Employee: Full-time (1),223,207,16
S01011122,Economically active: Self-employed: Total,33,30,3
S01011122,Economically active: Self-employed: Part-time (1),9,9,0
S01011122,Economically active: Self-employed: Full-time (1),24,21,3
S01011122,Economically active: Unemployed (1),19,14,5
S01011122,Economically inactive,185,174,11
S01011123,All people aged 16 and over,916,872,44
S01011123,Economically active: Total,601,565,36
S01011123,Economically active: Employee: Total,525,495,30
S01011123,Economically active: Employee: Part-time (1),152,143,9
S01011123,Economically active: Employee: Full-time (1),373,352,21
S01011123,Economically active: Self-employed: Total,42,40,2
S01011123,Economically active: Self-employed: Part-time (1),14,14,0
S01011123,Economically active: Self-employed: Full-time (1),28,26,2
S01011123,Economically active: Unemployed (1),34,30,4
S01011123,Economically inactive,315,307,8
S01011124,All people aged 16 and over,505,461,44
S01011124,Economically active: Total,363,326,37
S01011124,Economically active: Employee: Total,320,287,33
S01011124,Economically active: Employee: Part-time (1),103,98,5
S01011124,Economically active: Employee: Full-time (1),217,189,28
S01011124,Economically active: Self-employed: Total,27,27,0
S01011124,Economically active: Self-employed: Part-time (1),4,4,0
S01011124,Economically active: Self-employed: Full-time (1),23,23,0
S01011124,Economically active: Unemployed (1),16,12,4
S01011124,Economically inactive,142,135,7
S01011125,All people aged 16 and over,392,372,20
S01011125,Economically active: Total,288,271,17
S01011125,Economically active: Employee: Total,252,238,14
S01011125,Economically active: Employee: Part-time (1),86,80,6
S01011125,Economically active: Employee: Full-time (1),166,158,8
S01011125,Economically active: Self-employed: Total,16,15,1
S01011125,Economically active: Self-employed: Part-time (1),4,4,0
S01011125,Economically active: Self-employed: Full-time (1),12,11,1
S01011125,Economically active: Unemployed (1),20,18,2
S01011125,Economically inactive,104,101,3
S01011126,All people aged 16 and over,379,361,18
S01011126,Economically active: Total,269,256,13
S01011126,Economically active: Employee: Total,232,220,12
S01011126,Economically active: Employee: Part-time (1),76,71,5
S01011126,Economically active: Employee: Full-time (1),156,149,7
S01011126,Economically active: Self-employed: Total,18,17,1
S01011126,Economically active: Self-employed: Part-time (1),5,5,0
S01011126,Economically active: Self-employed: Full-time (1),13,12,1
S01011126,Economically active: Unemployed (1),19,19,0
S01011126,Economically inactive,110,105,5
S01011127,All people aged 16 and over,327,311,16
S01011127,Economically active: Total,251,243,8
S01011127,Economically active: Employee: Total,233,225,8
S01011127,Economically active: Employee: Part-time (1),53,50,3
S01011127,Economically active: Employee: Full-time (1),180,175,5
S01011127,Economically active: Self-employed: Total,8,8,0
S01011127,Economically active: Self-employed: Part-time (1),3,3,0
S01011127,Economically active: Self-employed: Full-time (1),5,5,0
S01011127,Economically active: Unemployed (1),10,10,0
S01011127,Economically inactive,76,68,8
S01011128,All people aged 16 and over,600,563,37
S01011128,Economically active: Total,390,360,30
S01011128,Economically active: Employee: Total,332,307,25
S01011128,Economically active: Employee: Part-time (1),99,94,5
S01011128,Economically active: Employee: Full-time (1),233,213,20
S01011128,Economically active: Self-employed: Total,31,31,0
S01011128,Economically active: Self-employed: Part-time (1),9,9,0
S01011128,Economically active: Self-employed: Full-time (1),22,22,0
S01011128,Economically active: Unemployed (1),27,22,5
S01011128,Economically inactive,210,203,7
S01011129,All people aged 16 and over,771,727,44
S01011129,Economically active: Total,514,482,32
S01011129,Economically active: Employee: Total,440,415,25
S01011129,Economically active: Employee: Part-time (1),119,114,5
S01011129,Economically active: Employee: Full-time (1),321,301,20
S01011129,Economically active: Self-employed: Total,51,49,2
S01011129,Economically active: Self-employed: Part-time (1),22,22,0
S01011129,Economically active: Self-employed: Full-time (1),29,27,2
S01011129,Economically active: Unemployed (1),23,18,5
S01011129,Economically inactive,257,245,12
S01011130,All people aged 16 and over,498,459,39
S01011130,Economically active: Total,294,263,31
S01011130,Economically active: Employee: Total,253,230,23
S01011130,Economically active: Employee: Part-time (1),60,57,3
S01011130,Economically active: Employee: Full-time (1),193,173,20
S01011130,Economically active: Self-employed: Total,22,19,3
S01011130,Economically active: Self-employed: Part-time (1),5,4,1
S01011130,Economically active: Self-employed: Full-time (1),17,15,2
S01011130,Economically active: Unemployed (1),19,14,5
S01011130,Economically inactive,204,196,8
S01011131,All people aged 16 and over,565,534,31
S01011131,Economically active: Total,382,357,25
S01011131,Economically active: Employee: Total,325,304,21
S01011131,Economically active: Employee: Part-time (1),69,66,3
S01011131,Economically active: Employee: Full-time (1),256,238,18
S01011131,Economically active: Self-employed: Total,28,26,2
S01011131,Economically active: Self-employed: Part-time (1),13,12,1
S01011131,Economically active: Self-employed: Full-time (1),15,14,1
S01011131,Economically active: Unemployed (1),29,27,2
S01011131,Economically inactive,183,177,6
S01011132,All people aged 16 and over,745,695,50
S01011132,Economically active: Total,490,449,41
S01011132,Economically active: Employee: Total,412,377,35
S01011132,Economically active: Employee: Part-time (1),118,110,8
S01011132,Economically active: Employee: Full-time (1),294,267,27
S01011132,Economically active: Self-employed: Total,55,50,5
S01011132,Economically active: Self-employed: Part-time (1),12,12,0
S01011132,Economically active: Self-employed: Full-time (1),43,38,5
S01011132,Economically active: Unemployed (1),23,22,1
S01011132,Economically inactive,255,246,9
S01011133,All people aged 16 and over,375,358,17
S01011133,Economically active: Total,238,228,10
S01011133,Economically active: Employee: Total,194,187,7
S01011133,Economically active: Employee: Part-time (1),54,50,4
S01011133,Economically active: Employee: Full-time (1),140,137,3
S01011133,Economically active: Self-employed: Total,25,23,2
S01011133,Economically active: Self-employed: Part-time (1),7,6,1
S01011133,Economically active: Self-employed: Full-time (1),18,17,1
S01011133,Economically active: Unemployed (1),19,18,1
S01011133,Economically inactive,137,130,7
S01011134,All people aged 16 and over,665,632,33
S01011134,Economically active: Total,417,393,24
S01011134,Economically active: Employee: Total,351,329,22
S01011134,Economically active: Employee: Part-time (1),93,86,7
S01011134,Economically active: Employee: Full-time (1),258,243,15
S01011134,Economically active: Self-employed: Total,50,49,1
S01011134,Economically active: Self-employed: Part-time (1),11,10,1
S01011134,Economically active: Self-employed: Full-time (1),39,39,0
S01011134,Economically active: Unemployed (1),16,15,1
S01011134,Economically inactive,248,239,9
S01011135,All people aged 16 and over,633,613,20
S01011135,Economically active: Total,415,399,16
S01011135,Economically active: Employee: Total,343,330,13
S01011135,Economically active: Employee: Part-time (1),109,104,5
S01011135,Economically active: Employee: Full-time (1),234,226,8
S01011135,Economically active: Self-employed: Total,37,36,1
S01011135,Economically active: Self-employed: Part-time (1),15,14,1
S01011135,Economically active: Self-employed: Full-time (1),22,22,0
S01011135,Economically active: Unemployed (1),35,33,2
S01011135,Economically inactive,218,214,4
S01011136,All people aged 16 and over,563,542,21
S01011136,Economically active: Total,351,335,16
S01011136,Economically active: Employee: Total,300,287,13
S01011136,Economically active: Employee: Part-time (1),85,79,6
S01011136,Economically active: Employee: Full-time (1),215,208,7
S01011136,Economically active: Self-employed: Total,29,26,3
S01011136,Economically active: Self-employed: Part-time (1),10,8,2
S01011136,Economically active: Self-employed: Full-time (1),19,18,1
S01011136,Economically active: Unemployed (1),22,22,0
S01011136,Economically inactive,212,207,5
S01011137,All people aged 16 and over,369,353,16
S01011137,Economically active: Total,266,251,15
S01011137,Economically active: Employee: Total,210,201,9
S01011137,Economically active: Employee: Part-time (1),64,62,2
S01011137,Economically active: Employee: Full-time (1),146,139,7
S01011137,Economically active: Self-employed: Total,31,27,4
S01011137,Economically active: Self-employed: Part-time (1),11,9,2
S01011137,Economically active: Self-employed: Full-time (1),20,18,2
S01011137,Economically active: Unemployed (1),25,23,2
S01011137,Economically inactive,103,102,1
S01011138,All people aged 16 and over,482,460,22
S01011138,Economically active: Total,365,345,20
S01011138,Economically active: Employee: Total,308,289,19
S01011138,Economically active: Employee: Part-time (1),96,90,6
S01011138,Economically active: Employee: Full-time (1),212,199,13
S01011138,Economically active: Self-employed: Total,28,28,0
S01011138,Economically active: Self-employed: Part-time (1),6,6,0
S01011138,Economically active: Self-employed: Full-time (1),22,22,0
S01011138,Economically active: Unemployed (1),29,28,1
S01011138,Economically inactive,117,115,2
S01011139,All people aged 16 and over,1117,1059,58
S01011139,Economically active: Total,1011,959,52
S01011139,Economically active: Employee: Total,954,903,51
S01011139,Economically active: Employee: Part-time (1),96,90,6
S01011139,Economically active: Employee: Full-time (1),858,813,45
S01011139,Economically active: Self-employed: Total,27,27,0
S01011139,Economically active: Self-employed: Part-time (1),5,5,0
S01011139,Economically active: Self-employed: Full-time (1),22,22,0
S01011139,Economically active: Unemployed (1),30,29,1
S01011139,Economically inactive,106,100,6
S01011140,All people aged 16 and over,428,409,19
S01011140,Economically active: Total,303,288,15
S01011140,Economically active: Employee: Total,256,244,12
S01011140,Economically active: Employee: Part-time (1),70,67,3
S01011140,Economically active: Employee: Full-time (1),186,177,9
S01011140,Economically active: Self-employed: Total,22,20,2
S01011140,Economically active: Self-employed: Part-time (1),8,7,1
S01011140,Economically active: Self-employed: Full-time (1),14,13,1
S01011140,Economically active: Unemployed (1),25,24,1
S01011140,Economically inactive,125,121,4
S01011141,All people aged 16 and over,435,420,15
S01011141,Economically active: Total,316,304,12
S01011141,Economically active: Employee: Total,266,255,11
S01011141,Economically active: Employee: Part-time (1),94,89,5
S01011141,Economically active: Employee: Full-time (1),172,166,6
S01011141,Economically active: Self-employed: Total,14,13,1
S01011141,Economically active: Self-employed: Part-time (1),2,2,0
S01011141,Economically active: Self-employed: Full-time (1),12,11,1
S01011141,Economically active: Unemployed (1),36,36,0
S01011141,Economically inactive,119,116,3
S01011142,All people aged 16 and over,932,766,166
S01011142,Economically active: Total,476,444,32
S01011142,Economically active: Employee: Total,376,351,25
S01011142,Economically active: Employee: Part-time (1),85,79,6
S01011142,Economically active: Employee: Full-time (1),291,272,19
S01011142,Economically active: Self-employed: Total,65,59,6
S01011142,Economically active: Self-employed: Part-time (1),24,22,2
S01011142,Economically active: Self-employed: Full-time (1),41,37,4
S01011142,Economically active: Unemployed (1),35,34,1
S01011142,Economically inactive,456,322,134
S01011143,All people aged 16 and over,780,744,36
S01011143,Economically active: Total,478,452,26
S01011143,Economically active: Employee: Total,410,385,25
S01011143,Economically active: Employee: Part-time (1),138,127,11
S01011143,Economically active: Employee: Full-time (1),272,258,14
S01011143,Economically active: Self-employed: Total,50,50,0
S01011143,Economically active: Self-employed: Part-time (1),19,19,0
S01011143,Economically active: Self-employed: Full-time (1),31,31,0
S01011143,Economically active: Unemployed (1),18,17,1
S01011143,Economically inactive,302,292,10
S01011144,All people aged 16 and over,597,575,22
S01011144,Economically active: Total,386,368,18
S01011144,Economically active: Employee: Total,327,310,17
S01011144,Economically active: Employee: Part-time (1),104,94,10
S01011144,Economically active: Employee: Full-time (1),223,216,7
S01011144,Economically active: Self-employed: Total,43,42,1
S01011144,Economically active: Self-employed: Part-time (1),17,16,1
S01011144,Economically active: Self-employed: Full-time (1),26,26,0
S01011144,Economically active: Unemployed (1),16,16,0
S01011144,Economically inactive,211,207,4
S01011145,All people aged 16 and over,541,510,31
S01011145,Economically active: Total,359,339,20
S01011145,Economically active: Employee: Total,291,276,15
S01011145,Economically active: Employee: Part-time (1),87,83,4
S01011145,Economically active: Employee: Full-time (1),204,193,11
S01011145,Economically active: Self-employed: Total,47,43,4
S01011145,Economically active: Self-employed: Part-time (1),15,14,1
S01011145,Economically active: Self-employed: Full-time (1),32,29,3
S01011145,Economically active: Unemployed (1),21,20,1
S01011145,Economically inactive,182,171,11
S01011146,All people aged 16 and over,586,571,15
S01011146,Economically active: Total,379,368,11
S01011146,Economically active: Employee: Total,308,299,9
S01011146,Economically active: Employee: Part-time (1),86,84,2
S01011146,Economically active: Employee: Full-time (1),222,215,7
S01011146,Economically active: Self-employed: Total,38,36,2
S01011146,Economically active: Self-employed: Part-time (1),15,14,1
S01011146,Economically active: Self-employed: Full-time (1),23,22,1
S01011146,Economically active: Unemployed (1),33,33,0
S01011146,Economically inactive,207,203,4
S01011147,All people aged 16 and over,841,796,45
S01011147,Economically active: Total,573,541,32
S01011147,Economically active: Employee: Total,477,449,28
S01011147,Economically active: Employee: Part-time (1),128,121,7
S01011147,Economically active: Employee: Full-time (1),349,328,21
S01011147,Economically active: Self-employed: Total,54,50,4
S01011147,Economically active: Self-employed: Part-time (1),17,15,2
S01011147,Economically active: Self-employed: Full-time (1),37,35,2
S01011147,Economically active: Unemployed (1),42,42,0
S01011147,Economically inactive,268,255,13
S01011148,All people aged 16 and over,652,602,50
S01011148,Economically active: Total,446,406,40
S01011148,Economically active: Employee: Total,323,293,30
S01011148,Economically active: Employee: Part-time (1),78,66,12
S01011148,Economically active: Employee: Full-time (1),245,227,18
S01011148,Economically active: Self-employed: Total,104,94,10
S01011148,Economically active: Self-employed: Part-time (1),17,12,5
S01011148,Economically active: Self-employed: Full-time (1),87,82,5
S01011148,Economically active: Unemployed (1),19,19,0
S01011148,Economically inactive,206,196,10
S01011149,All people aged 16 and over,701,610,91
S01011149,Economically active: Total,558,487,71
S01011149,Economically active: Employee: Total,457,405,52
S01011149,Economically active: Employee: Part-time (1),71,61,10
S01011149,Economically active: Employee: Full-time (1),386,344,42
S01011149,Economically active: Self-employed: Total,89,70,19
S01011149,Economically active: Self-employed: Part-time (1),36,27,9
S01011149,Economically active: Self-employed: Full-time (1),53,43,10
S01011149,Economically active: Unemployed (1),12,12,0
S01011149,Economically inactive,143,123,20
S01011150,All people aged 16 and over,319,297,22
S01011150,Economically active: Total,263,246,17
S01011150,Economically active: Employee: Total,238,224,14
S01011150,Economically active: Employee: Part-time (1),40,38,2
S01011150,Economically active: Employee: Full-time (1),198,186,12
S01011150,Economically active: Self-employed: Total,9,7,2
S01011150,Economically active: Self-employed: Part-time (1),4,3,1
S01011150,Economically active: Self-employed: Full-time (1),5,4,1
S01011150,Economically active: Unemployed (1),16,15,1
S01011150,Economically inactive,56,51,5
S01011151,All people aged 16 and over,429,395,34
S01011151,Economically active: Total,312,288,24
S01011151,Economically active: Employee: Total,248,233,15
S01011151,Economically active: Employee: Part-time (1),56,52,4
S01011151,Economically active: Employee: Full-time (1),192,181,11
S01011151,Economically active: Self-employed: Total,28,23,5
S01011151,Economically active: Self-employed: Part-time (1),11,9,2
S01011151,Economically active: Self-employed: Full-time (1),17,14,3
S01011151,Economically active: Unemployed (1),36,32,4
S01011151,Economically inactive,117,107,10
S01011152,All people aged 16 and over,589,507,82
S01011152,Economically active: Total,353,294,59
S01011152,Economically active: Employee: Total,242,210,32
S01011152,Economically active: Employee: Part-time (1),66,57,9
S01011152,Economically active: Employee: Full-time (1),176,153,23
S01011152,Economically active: Self-employed: Total,91,70,21
S01011152,Economically active: Self-employed: Part-time (1),38,31,7
S01011152,Economically active: Self-employed: Full-time (1),53,39,14
S01011152,Economically active: Unemployed (1),20,14,6
S01011152,Economically inactive,236,213,23
S01011153,All people aged 16 and over,748,687,61
S01011153,Economically active: Total,430,389,41
S01011153,Economically active: Employee: Total,324,294,30
S01011153,Economically active: Employee: Part-time (1),92,87,5
S01011153,Economically active: Employee: Full-time (1),232,207,25
S01011153,Economically active: Self-employed: Total,62,52,10
S01011153,Economically active: Self-employed: Part-time (1),21,17,4
S01011153,Economically active: Self-employed: Full-time (1),41,35,6
S01011153,Economically active: Unemployed (1),44,43,1
S01011153,Economically inactive,318,298,20
S01011154,All people aged 16 and over,495,465,30
S01011154,Economically active: Total,282,266,16
S01011154,Economically active: Employee: Total,210,198,12
S01011154,Economically active: Employee: Part-time (1),68,64,4
S01011154,Economically active: Employee: Full-time (1),142,134,8
S01011154,Economically active: Self-employed: Total,38,37,1
S01011154,Economically active: Self-employed: Part-time (1),14,13,1
S01011154,Economically active: Self-employed: Full-time (1),24,24,0
S01011154,Economically active: Unemployed (1),34,31,3
S01011154,Economically inactive,213,199,14
S01011155,All people aged 16 and over,556,527,29
S01011155,Economically active: Total,306,293,13
S01011155,Economically active: Employee: Total,239,232,7
S01011155,Economically active: Employee: Part-time (1),86,84,2
S01011155,Economically active: Employee: Full-time (1),153,148,5
S01011155,Economically active: Self-employed: Total,35,30,5
S01011155,Economically active: Self-employed: Part-time (1),15,12,3
S01011155,Economically active: Self-employed: Full-time (1),20,18,2
S01011155,Economically active: Unemployed (1),32,31,1
S01011155,Economically inactive,250,234,16
S01011156,All people aged 16 and over,488,465,23
S01011156,Economically active: Total,324,308,16
S01011156,Economically active: Employee: Total,280,264,16
S01011156,Economically active: Employee: Part-time (1),74,70,4
S01011156,Economically active: Employee: Full-time (1),206,194,12
S01011156,Economically active: Self-employed: Total,27,27,0
S01011156,Economically active: Self-employed: Part-time (1),6,6,0
S01011156,Economically active: Self-employed: Full-time (1),21,21,0
S01011156,Economically active: Unemployed (1),17,17,0
S01011156,Economically inactive,164,157,7
S01011157,All people aged 16 and over,514,496,18
S01011157,Economically active: Total,318,305,13
S01011157,Economically active: Employee: Total,275,264,11
S01011157,Economically active: Employee: Part-time (1),80,79,1
S01011157,Economically active: Employee: Full-time (1),195,185,10
S01011157,Economically active: Self-employed: Total,30,29,1
S01011157,Economically active: Self-employed: Part-time (1),7,7,0
S01011157,Economically active: Self-employed: Full-time (1),23,22,1
S01011157,Economically active: Unemployed (1),13,12,1
S01011157,Economically inactive,196,191,5
S01011158,All people aged 16 and over,446,419,27
S01011158,Economically active: Total,242,230,12
S01011158,Economically active: Employee: Total,189,183,6
S01011158,Economically active: Employee: Part-time (1),63,62,1
S01011158,Economically active: Employee: Full-time (1),126,121,5
S01011158,Economically active: Self-employed: Total,39,34,5
S01011158,Economically active: Self-employed: Part-time (1),13,10,3
S01011158,Economically active: Self-employed: Full-time (1),26,24,2
S01011158,Economically active: Unemployed (1),14,13,1
S01011158,Economically inactive,204,189,15
S01011159,All people aged 16 and over,471,442,29
S01011159,Economically active: Total,241,220,21
S01011159,Economically active: Employee: Total,209,192,17
S01011159,Economically active: Employee: Part-time (1),65,61,4
S01011159,Economically active: Employee: Full-time (1),144,131,13
S01011159,Economically active: Self-employed: Total,14,11,3
S01011159,Economically active: Self-employed: Part-time (1),4,3,1
S01011159,Economically active: Self-employed: Full-time (1),10,8,2
S01011159,Economically active: Unemployed (1),18,17,1
S01011159,Economically inactive,230,222,8
S01011160,All people aged 16 and over,746,687,59
S01011160,Economically active: Total,517,468,49
S01011160,Economically active: Employee: Total,436,388,48
S01011160,Economically active: Employee: Part-time (1),129,120,9
S01011160,Economically active: Employee: Full-time (1),307,268,39
S01011160,Economically active: Self-employed: Total,44,43,1
S01011160,Economically active: Self-employed: Part-time (1),13,13,0
S01011160,Economically active: Self-employed: Full-time (1),31,30,1
S01011160,Economically active: Unemployed (1),37,37,0
S01011160,Economically inactive,229,219,10
S01011161,All people aged 16 and over,496,461,35
S01011161,Economically active: Total,335,303,32
S01011161,Economically active: Employee: Total,275,245,30
S01011161,Economically active: Employee: Part-time (1),102,87,15
S01011161,Economically active: Employee: Full-time (1),173,158,15
S01011161,Economically active: Self-employed: Total,28,26,2
S01011161,Economically active: Self-employed: Part-time (1),7,6,1
S01011161,Economically active: Self-employed: Full-time (1),21,20,1
S01011161,Economically active: Unemployed (1),32,32,0
S01011161,Economically inactive,161,158,3
S01011162,All people aged 16 and over,366,352,14
S01011162,Economically active: Total,221,210,11
S01011162,Economically active: Employee: Total,185,176,9
S01011162,Economically active: Employee: Part-time (1),59,56,3
S01011162,Economically active: Employee: Full-time (1),126,120,6
S01011162,Economically active: Self-employed: Total,16,15,1
S01011162,Economically active: Self-employed: Part-time (1),5,4,1
S01011162,Economically active: Self-employed: Full-time (1),11,11,0
S01011162,Economically active: Unemployed (1),20,19,1
S01011162,Economically inactive,145,142,3
S01011163,All people aged 16 and over,671,643,28
S01011163,Economically active: Total,449,430,19
S01011163,Economically active: Employee: Total,382,364,18
S01011163,Economically active: Employee: Part-time (1),127,120,7
S01011163,Economically active: Employee: Full-time (1),255,244,11
S01011163,Economically active: Self-employed: Total,24,23,1
S01011163,Economically active: Self-employed: Part-time (1),5,4,1
S01011163,Economically active: Self-employed: Full-time (1),19,19,0
S01011163,Economically active: Unemployed (1),43,43,0
S01011163,Economically inactive,222,213,9
S01011164,All people aged 16 and over,590,560,30
S01011164,Economically active: Total,368,345,23
S01011164,Economically active: Employee: Total,312,291,21
S01011164,Economically active: Employee: Part-time (1),109,106,3
S01011164,Economically active: Employee: Full-time (1),203,185,18
S01011164,Economically active: Self-employed: Total,31,31,0
S01011164,Economically active: Self-employed: Part-time (1),9,9,0
S01011164,Economically active: Self-employed: Full-time (1),22,22,0
S01011164,Economically active: Unemployed (1),25,23,2
S01011164,Economically inactive,222,215,7
S01011165,All people aged 16 and over,624,592,32
S01011165,Economically active: Total,363,341,22
S01011165,Economically active: Employee: Total,282,265,17
S01011165,Economically active: Employee: Part-time (1),93,89,4
S01011165,Economically active: Employee: Full-time (1),189,176,13
S01011165,Economically active: Self-employed: Total,32,29,3
S01011165,Economically active: Self-employed: Part-time (1),9,7,2
S01011165,Economically active: Self-employed: Full-time (1),23,22,1
S01011165,Economically active: Unemployed (1),49,47,2
S01011165,Economically inactive,261,251,10
S01011166,All people aged 16 and over,434,412,22
S01011166,Economically active: Total,245,228,17
S01011166,Economically active: Employee: Total,202,186,16
S01011166,Economically active: Employee: Part-time (1),73,69,4
S01011166,Economically active: Employee: Full-time (1),129,117,12
S01011166,Economically active: Self-employed: Total,33,32,1
S01011166,Economically active: Self-employed: Part-time (1),13,12,1
S01011166,Economically active: Self-employed: Full-time (1),20,20,0
S01011166,Economically active: Unemployed (1),10,10,0
S01011166,Economically inactive,189,184,5
S01011167,All people aged 16 and over,641,580,61
S01011167,Economically active: Total,372,337,35
S01011167,Economically active: Employee: Total,276,244,32
S01011167,Economically active: Employee: Part-time (1),81,75,6
S01011167,Economically active: Employee: Full-time (1),195,169,26
S01011167,Economically active: Self-employed: Total,87,84,3
S01011167,Economically active: Self-employed: Part-time (1),27,26,1
S01011167,Economically active: Self-employed: Full-time (1),60,58,2
S01011167,Economically active: Unemployed (1),9,9,0
S01011167,Economically inactive,269,243,26
S01011168,All people aged 16 and over,707,660,47
S01011168,Economically active: Total,458,430,28
S01011168,Economically active: Employee: Total,297,279,18
S01011168,Economically active: Employee: Part-time (1),93,85,8
S01011168,Economically active: Employee: Full-time (1),204,194,10
S01011168,Economically active: Self-employed: Total,135,127,8
S01011168,Economically active: Self-employed: Part-time (1),35,35,0
S01011168,Economically active: Self-employed: Full-time (1),100,92,8
S01011168,Economically active: Unemployed (1),26,24,2
S01011168,Economically inactive,249,230,19
S01011169,All people aged 16 and over,706,668,38
S01011169,Economically active: Total,551,521,30
S01011169,Economically active: Employee: Total,476,454,22
S01011169,Economically active: Employee: Part-time (1),127,120,7
S01011169,Economically active: Employee: Full-time (1),349,334,15
S01011169,Economically active: Self-employed: Total,47,41,6
S01011169,Economically active: Self-employed: Part-time (1),17,15,2
S01011169,Economically active: Self-employed: Full-time (1),30,26,4
S01011169,Economically active: Unemployed (1),28,26,2
S01011169,Economically inactive,155,147,8
S01011170,All people aged 16 and over,756,711,45
S01011170,Economically active: Total,471,438,33
S01011170,Economically active: Employee: Total,358,332,26
S01011170,Economically active: Employee: Part-time (1),109,102,7
S01011170,Economically active: Employee: Full-time (1),249,230,19
S01011170,Economically active: Self-employed: Total,76,71,5
S01011170,Economically active: Self-employed: Part-time (1),33,29,4
S01011170,Economically active: Self-employed: Full-time (1),43,42,1
S01011170,Economically active: Unemployed (1),37,35,2
S01011170,Economically inactive,285,273,12
S01011171,All people aged 16 and over,789,747,42
S01011171,Economically active: Total,496,467,29
S01011171,Economically active: Employee: Total,333,309,24
S01011171,Economically active: Employee: Part-time (1),100,95,5
S01011171,Economically active: Employee: Full-time (1),233,214,19
S01011171,Economically active: Self-employed: Total,134,131,3
S01011171,Economically active: Self-employed: Part-time (1),37,36,1
S01011171,Economically active: Self-employed: Full-time (1),97,95,2
S01011171,Economically active: Unemployed (1),29,27,2
S01011171,Economically inactive,293,280,13
S01011172,All people aged 16 and over,647,618,29
S01011172,Economically active: Total,379,364,15
S01011172,Economically active: Employee: Total,238,226,12
S01011172,Economically active: Employee: Part-time (1),79,78,1
S01011172,Economically active: Employee: Full-time (1),159,148,11
S01011172,Economically active: Self-employed: Total,118,115,3
S01011172,Economically active: Self-employed: Part-time (1),34,33,1
S01011172,Economically active: Self-employed: Full-time (1),84,82,2
S01011172,Economically active: Unemployed (1),23,23,0
S01011172,Economically inactive,268,254,14
S01011173,All people aged 16 and over,507,460,47
S01011173,Economically active: Total,250,223,27
S01011173,Economically active: Employee: Total,155,139,16
S01011173,Economically active: Employee: Part-time (1),46,41,5
S01011173,Economically active: Employee: Full-time (1),109,98,11
S01011173,Economically active: Self-employed: Total,84,74,10
S01011173,Economically active: Self-employed: Part-time (1),23,19,4
S01011173,Economically active: Self-employed: Full-time (1),61,55,6
S01011173,Economically active: Unemployed (1),11,10,1
S01011173,Economically inactive,257,237,20
S01011174,All people aged 16 and over,408,390,18
S01011174,Economically active: Total,200,190,10
S01011174,Economically active: Employee: Total,128,122,6
S01011174,Economically active: Employee: Part-time (1),35,32,3
S01011174,Economically active: Employee: Full-time (1),93,90,3
S01011174,Economically active: Self-employed: Total,62,58,4
S01011174,Economically active: Self-employed: Part-time (1),18,16,2
S01011174,Economically active: Self-employed: Full-time (1),44,42,2
S01011174,Economically active: Unemployed (1),10,10,0
S01011174,Economically inactive,208,200,8
S01011175,All people aged 16 and over,439,428,11
S01011175,Economically active: Total,239,236,3
S01011175,Economically active: Employee: Total,181,178,3
S01011175,Economically active: Employee: Part-time (1),59,58,1
S01011175,Economically active: Employee: Full-time (1),122,120,2
S01011175,Economically active: Self-employed: Total,38,38,0
S01011175,Economically active: Self-employed: Part-time (1),15,15,0
S01011175,Economically active: Self-employed: Full-time (1),23,23,0
S01011175,Economically active: Unemployed (1),20,20,0
S01011175,Economically inactive,200,192,8
S01011176,All people aged 16 and over,496,477,19
S01011176,Economically active: Total,236,220,16
S01011176,Economically active: Employee: Total,159,145,14
S01011176,Economically active: Employee: Part-time (1),43,41,2
S01011176,Economically active: Employee: Full-time (1),116,104,12
S01011176,Economically active: Self-employed: Total,68,66,2
S01011176,Economically active: Self-employed: Part-time (1),15,13,2
S01011176,Economically active: Self-employed: Full-time (1),53,53,0
S01011176,Economically active: Unemployed (1),9,9,0
S01011176,Economically inactive,260,257,3
S01011177,All people aged 16 and over,741,680,61
S01011177,Economically active: Total,446,400,46
S01011177,Economically active: Employee: Total,334,298,36
S01011177,Economically active: Employee: Part-time (1),112,102,10
S01011177,Economically active: Employee: Full-time (1),222,196,26
S01011177,Economically active: Self-employed: Total,96,87,9
S01011177,Economically active: Self-employed: Part-time (1),26,22,4
S01011177,Economically active: Self-employed: Full-time (1),70,65,5
S01011177,Economically active: Unemployed (1),16,15,1
S01011177,Economically inactive,295,280,15
S01011178,All people aged 16 and over,394,381,13
S01011178,Economically active: Total,251,240,11
S01011178,Economically active: Employee: Total,193,184,9
S01011178,Economically active: Employee: Part-time (1),49,44,5
S01011178,Economically active: Employee: Full-time (1),144,140,4
S01011178,Economically active: Self-employed: Total,28,27,1
S01011178,Economically active: Self-employed: Part-time (1),3,3,0
S01011178,Economically active: Self-employed: Full-time (1),25,24,1
S01011178,Economically active: Unemployed (1),30,29,1
S01011178,Economically inactive,143,141,2
S01011179,All people aged 16 and over,509,499,10
S01011179,Economically active: Total,316,308,8
S01011179,Economically active: Employee: Total,253,249,4
S01011179,Economically active: Employee: Part-time (1),80,79,1
S01011179,Economically active: Employee: Full-time (1),173,170,3
S01011179,Economically active: Self-employed: Total,28,27,1
S01011179,Economically active: Self-employed: Part-time (1),5,4,1
S01011179,Economically active: Self-employed: Full-time (1),23,23,0
S01011179,Economically active: Unemployed (1),35,32,3
S01011179,Economically inactive,193,191,2
S01011180,All people aged 16 and over,540,531,9
S01011180,Economically active: Total,282,278,4
S01011180,Economically active: Employee: Total,203,200,3
S01011180,Economically active: Employee: Part-time (1),70,68,2
S01011180,Economically active: Employee: Full-time (1),133,132,1
S01011180,Economically active: Self-employed: Total,19,18,1
S01011180,Economically active: Self-employed: Part-time (1),2,2,0
S01011180,Economically active: Self-employed: Full-time (1),17,16,1
S01011180,Economically active: Unemployed (1),60,60,0
S01011180,Economically inactive,258,253,5
S01011181,All people aged 16 and over,401,384,17
S01011181,Economically active: Total,263,250,13
S01011181,Economically active: Employee: Total,166,156,10
S01011181,Economically active: Employee: Part-time (1),52,50,2
S01011181,Economically active: Employee: Full-time (1),114,106,8
S01011181,Economically active: Self-employed: Total,90,87,3
S01011181,Economically active: Self-employed: Part-time (1),20,19,1
S01011181,Economically active: Self-employed: Full-time (1),70,68,2
S01011181,Economically active: Unemployed (1),7,7,0
S01011181,Economically inactive,138,134,4
S01011182,All people aged 16 and over,349,345,4
S01011182,Economically active: Total,232,230,2
S01011182,Economically active: Employee: Total,165,164,1
S01011182,Economically active: Employee: Part-time (1),53,53,0
S01011182,Economically active: Employee: Full-time (1),112,111,1
S01011182,Economically active: Self-employed: Total,56,55,1
S01011182,Economically active: Self-employed: Part-time (1),12,12,0
S01011182,Economically active: Self-employed: Full-time (1),44,43,1
S01011182,Economically active: Unemployed (1),11,11,0
S01011182,Economically inactive,117,115,2
S01011183,All people aged 16 and over,475,454,21
S01011183,Economically active: Total,296,281,15
S01011183,Economically active: Employee: Total,223,212,11
S01011183,Economically active: Employee: Part-time (1),68,63,5
S01011183,Economically active: Employee: Full-time (1),155,149,6
S01011183,Economically active: Self-employed: Total,42,39,3
S01011183,Economically active: Self-employed: Part-time (1),11,10,1
S01011183,Economically active: Self-employed: Full-time (1),31,29,2
S01011183,Economically active: Unemployed (1),31,30,1
S01011183,Economically inactive,179,173,6
S01011184,All people aged 16 and over,650,623,27
S01011184,Economically active: Total,451,429,22
S01011184,Economically active: Employee: Total,382,368,14
S01011184,Economically active: Employee: Part-time (1),108,101,7
S01011184,Economically active: Employee: Full-time (1),274,267,7
S01011184,Economically active: Self-employed: Total,46,40,6
S01011184,Economically active: Self-employed: Part-time (1),9,9,0
S01011184,Economically active: Self-employed: Full-time (1),37,31,6
S01011184,Economically active: Unemployed (1),23,21,2
S01011184,Economically inactive,199,194,5
S01011185,All people aged 16 and over,600,580,20
S01011185,Economically active: Total,341,325,16
S01011185,Economically active: Employee: Total,291,279,12
S01011185,Economically active: Employee: Part-time (1),83,82,1
S01011185,Economically active: Employee: Full-time (1),208,197,11
S01011185,Economically active: Self-employed: Total,30,26,4
S01011185,Economically active: Self-employed: Part-time (1),4,3,1
S01011185,Economically active: Self-employed: Full-time (1),26,23,3
S01011185,Economically active: Unemployed (1),20,20,0
S01011185,Economically inactive,259,255,4
S01011186,All people aged 16 and over,790,775,15
S01011186,Economically active: Total,417,407,10
S01011186,Economically active: Employee: Total,351,343,8
S01011186,Economically active: Employee: Part-time (1),108,106,2
S01011186,Economically active: Employee: Full-time (1),243,237,6
S01011186,Economically active: Self-employed: Total,37,36,1
S01011186,Economically active: Self-employed: Part-time (1),9,9,0
S01011186,Economically active: Self-employed: Full-time (1),28,27,1
S01011186,Economically active: Unemployed (1),29,28,1
S01011186,Economically inactive,373,368,5
S01011187,All people aged 16 and over,599,590,9
S01011187,Economically active: Total,371,367,4
S01011187,Economically active: Employee: Total,325,321,4
S01011187,Economically active: Employee: Part-time (1),102,101,1
S01011187,Economically active: Employee: Full-time (1),223,220,3
S01011187,Economically active: Self-employed: Total,21,21,0
S01011187,Economically active: Self-employed: Part-time (1),4,4,0
S01011187,Economically active: Self-employed: Full-time (1),17,17,0
S01011187,Economically active: Unemployed (1),25,25,0
S01011187,Economically inactive,228,223,5
S01011188,All people aged 16 and over,785,772,13
S01011188,Economically active: Total,464,455,9
S01011188,Economically active: Employee: Total,390,385,5
S01011188,Economically active: Employee: Part-time (1),126,125,1
S01011188,Economically active: Employee: Full-time (1),264,260,4
S01011188,Economically active: Self-employed: Total,33,32,1
S01011188,Economically active: Self-employed: Part-time (1),9,9,0
S01011188,Economically active: Self-employed: Full-time (1),24,23,1
S01011188,Economically active: Unemployed (1),41,38,3
S01011188,Economically inactive,321,317,4
S01011189,All people aged 16 and over,706,692,14
S01011189,Economically active: Total,441,428,13
S01011189,Economically active: Employee: Total,364,357,7
S01011189,Economically active: Employee: Part-time (1),90,88,2
S01011189,Economically active: Employee: Full-time (1),274,269,5
S01011189,Economically active: Self-employed: Total,37,34,3
S01011189,Economically active: Self-employed: Part-time (1),8,8,0
S01011189,Economically active: Self-employed: Full-time (1),29,26,3
S01011189,Economically active: Unemployed (1),40,37,3
S01011189,Economically inactive,265,264,1
S01011190,All people aged 16 and over,525,518,7
S01011190,Economically active: Total,293,287,6
S01011190,Economically active: Employee: Total,227,223,4
S01011190,Economically active: Employee: Part-time (1),69,69,0
S01011190,Economically active: Employee: Full-time (1),158,154,4
S01011190,Economically active: Self-employed: Total,37,35,2
S01011190,Economically active: Self-employed: Part-time (1),6,6,0
S01011190,Economically active: Self-employed: Full-time (1),31,29,2
S01011190,Economically active: Unemployed (1),29,29,0
S01011190,Economically inactive,232,231,1
S01011191,All people aged 16 and over,436,422,14
S01011191,Economically active: Total,267,260,7
S01011191,Economically active: Employee: Total,222,216,6
S01011191,Economically active: Employee: Part-time (1),64,64,0
S01011191,Economically active: Employee: Full-time (1),158,152,6
S01011191,Economically active: Self-employed: Total,19,18,1
S01011191,Economically active: Self-employed: Part-time (1),5,5,0
S01011191,Economically active: Self-employed: Full-time (1),14,13,1
S01011191,Economically active: Unemployed (1),26,26,0
S01011191,Economically inactive,169,162,7
S01011192,All people aged 16 and over,554,542,12
S01011192,Economically active: Total,378,373,5
S01011192,Economically active: Employee: Total,317,312,5
S01011192,Economically active: Employee: Part-time (1),81,80,1
S01011192,Economically active: Employee: Full-time (1),236,232,4
S01011192,Economically active: Self-employed: Total,19,19,0
S01011192,Economically active: Self-employed: Part-time (1),5,5,0
S01011192,Economically active: Self-employed: Full-time (1),14,14,0
S01011192,Economically active: Unemployed (1),42,42,0
S01011192,Economically inactive,176,169,7
S01011193,All people aged 16 and over,540,523,17
S01011193,Economically active: Total,333,319,14
S01011193,Economically active: Employee: Total,274,264,10
S01011193,Economically active: Employee: Part-time (1),81,78,3
S01011193,Economically active: Employee: Full-time (1),193,186,7
S01011193,Economically active: Self-employed: Total,13,9,4
S01011193,Economically active: Self-employed: Part-time (1),2,1,1
S01011193,Economically active: Self-employed: Full-time (1),11,8,3
S01011193,Economically active: Unemployed (1),46,46,0
S01011193,Economically inactive,207,204,3
S01011194,All people aged 16 and over,553,534,19
S01011194,Economically active: Total,352,337,15
S01011194,Economically active: Employee: Total,255,245,10
S01011194,Economically active: Employee: Part-time (1),87,84,3
S01011194,Economically active: Employee: Full-time (1),168,161,7
S01011194,Economically active: Self-employed: Total,20,18,2
S01011194,Economically active: Self-employed: Part-time (1),10,9,1
S01011194,Economically active: Self-employed: Full-time (1),10,9,1
S01011194,Economically active: Unemployed (1),77,74,3
S01011194,Economically inactive,201,197,4
S01011195,All people aged 16 and over,588,574,14
S01011195,Economically active: Total,403,395,8
S01011195,Economically active: Employee: Total,336,329,7
S01011195,Economically active: Employee: Part-time (1),105,103,2
S01011195,Economically active: Employee: Full-time (1),231,226,5
S01011195,Economically active: Self-employed: Total,16,16,0
S01011195,Economically active: Self-employed: Part-time (1),1,1,0
S01011195,Economically active: Self-employed: Full-time (1),15,15,0
S01011195,Economically active: Unemployed (1),51,50,1
S01011195,Economically inactive,185,179,6
S01011196,All people aged 16 and over,704,692,12
S01011196,Economically active: Total,416,408,8
S01011196,Economically active: Employee: Total,329,323,6
S01011196,Economically active: Employee: Part-time (1),99,99,0
S01011196,Economically active: Employee: Full-time (1),230,224,6
S01011196,Economically active: Self-employed: Total,29,28,1
S01011196,Economically active: Self-employed: Part-time (1),5,4,1
S01011196,Economically active: Self-employed: Full-time (1),24,24,0
S01011196,Economically active: Unemployed (1),58,57,1
S01011196,Economically inactive,288,284,4
S01011197,All people aged 16 and over,657,645,12
S01011197,Economically active: Total,371,361,10
S01011197,Economically active: Employee: Total,282,274,8
S01011197,Economically active: Employee: Part-time (1),99,96,3
S01011197,Economically active: Employee: Full-time (1),183,178,5
S01011197,Economically active: Self-employed: Total,32,31,1
S01011197,Economically active: Self-employed: Part-time (1),12,12,0
S01011197,Economically active: Self-employed: Full-time (1),20,19,1
S01011197,Economically active: Unemployed (1),57,56,1
S01011197,Economically inactive,286,284,2
S01011198,All people aged 16 and over,486,479,7
S01011198,Economically active: Total,305,300,5
S01011198,Economically active: Employee: Total,233,231,2
S01011198,Economically active: Employee: Part-time (1),72,72,0
S01011198,Economically active: Employee: Full-time (1),161,159,2
S01011198,Economically active: Self-employed: Total,31,28,3
S01011198,Economically active: Self-employed: Part-time (1),14,11,3
S01011198,Economically active: Self-employed: Full-time (1),17,17,0
S01011198,Economically active: Unemployed (1),41,41,0
S01011198,Economically inactive,181,179,2
S01011199,All people aged 16 and over,639,625,14
S01011199,Economically active: Total,415,404,11
S01011199,Economically active: Employee: Total,333,324,9
S01011199,Economically active: Employee: Part-time (1),88,87,1
S01011199,Economically active: Employee: Full-time (1),245,237,8
S01011199,Economically active: Self-employed: Total,34,34,0
S01011199,Economically active: Self-employed: Part-time (1),6,6,0
S01011199,Economically active: Self-employed: Full-time (1),28,28,0
S01011199,Economically active: Unemployed (1),48,46,2
S01011199,Economically inactive,224,221,3
S01011200,All people aged 16 and over,620,613,7
S01011200,Economically active: Total,389,386,3
S01011200,Economically active: Employee: Total,326,323,3
S01011200,Economically active: Employee: Part-time (1),78,78,0
S01011200,Economically active: Employee: Full-time (1),248,245,3
S01011200,Economically active: Self-employed: Total,30,30,0
S01011200,Economically active: Self-employed: Part-time (1),8,8,0
S01011200,Economically active: Self-employed: Full-time (1),22,22,0
S01011200,Economically active: Unemployed (1),33,33,0
S01011200,Economically inactive,231,227,4
S01011201,All people aged 16 and over,508,503,5
S01011201,Economically active: Total,324,320,4
S01011201,Economically active: Employee: Total,272,270,2
S01011201,Economically active: Employee: Part-time (1),75,73,2
S01011201,Economically active: Employee: Full-time (1),197,197,0
S01011201,Economically active: Self-employed: Total,26,25,1
S01011201,Economically active: Self-employed: Part-time (1),8,8,0
S01011201,Economically active: Self-employed: Full-time (1),18,17,1
S01011201,Economically active: Unemployed (1),26,25,1
S01011201,Economically inactive,184,183,1
S01011202,All people aged 16 and over,689,673,16
S01011202,Economically active: Total,429,421,8
S01011202,Economically active: Employee: Total,350,344,6
S01011202,Economically active: Employee: Part-time (1),107,105,2
S01011202,Economically active: Employee: Full-time (1),243,239,4
S01011202,Economically active: Self-employed: Total,28,27,1
S01011202,Economically active: Self-employed: Part-time (1),14,13,1
S01011202,Economically active: Self-employed: Full-time (1),14,14,0
S01011202,Economically active: Unemployed (1),51,50,1
S01011202,Economically inactive,260,252,8
S01011203,All people aged 16 and over,664,653,11
S01011203,Economically active: Total,423,419,4
S01011203,Economically active: Employee: Total,360,359,1
S01011203,Economically active: Employee: Part-time (1),97,97,0
S01011203,Economically active: Employee: Full-time (1),263,262,1
S01011203,Economically active: Self-employed: Total,24,21,3
S01011203,Economically active: Self-employed: Part-time (1),3,3,0
S01011203,Economically active: Self-employed: Full-time (1),21,18,3
S01011203,Economically active: Unemployed (1),39,39,0
S01011203,Economically inactive,241,234,7
S01011204,All people aged 16 and over,474,455,19
S01011204,Economically active: Total,312,301,11
S01011204,Economically active: Employee: Total,269,258,11
S01011204,Economically active: Employee: Part-time (1),79,73,6
S01011204,Economically active: Employee: Full-time (1),190,185,5
S01011204,Economically active: Self-employed: Total,27,27,0
S01011204,Economically active: Self-employed: Part-time (1),4,4,0
S01011204,Economically active: Self-employed: Full-time (1),23,23,0
S01011204,Economically active: Unemployed (1),16,16,0
S01011204,Economically inactive,162,154,8
S01011205,All people aged 16 and over,496,471,25
S01011205,Economically active: Total,419,398,21
S01011205,Economically active: Employee: Total,359,342,17
S01011205,Economically active: Employee: Part-time (1),102,94,8
S01011205,Economically active: Employee: Full-time (1),257,248,9
S01011205,Economically active: Self-employed: Total,33,30,3
S01011205,Economically active: Self-employed: Part-time (1),4,4,0
S01011205,Economically active: Self-employed: Full-time (1),29,26,3
S01011205,Economically active: Unemployed (1),27,26,1
S01011205,Economically inactive,77,73,4
S01011206,All people aged 16 and over,567,536,31
S01011206,Economically active: Total,441,420,21
S01011206,Economically active: Employee: Total,357,341,16
S01011206,Economically active: Employee: Part-time (1),94,87,7
S01011206,Economically active: Employee: Full-time (1),263,254,9
S01011206,Economically active: Self-employed: Total,41,37,4
S01011206,Economically active: Self-employed: Part-time (1),6,6,0
S01011206,Economically active: Self-employed: Full-time (1),35,31,4
S01011206,Economically active: Unemployed (1),43,42,1
S01011206,Economically inactive,126,116,10
S01011207,All people aged 16 and over,622,606,16
S01011207,Economically active: Total,378,369,9
S01011207,Economically active: Employee: Total,325,316,9
S01011207,Economically active: Employee: Part-time (1),85,80,5
S01011207,Economically active: Employee: Full-time (1),240,236,4
S01011207,Economically active: Self-employed: Total,30,30,0
S01011207,Economically active: Self-employed: Part-time (1),10,10,0
S01011207,Economically active: Self-employed: Full-time (1),20,20,0
S01011207,Economically active: Unemployed (1),23,23,0
S01011207,Economically inactive,244,237,7
S01011208,All people aged 16 and over,728,711,17
S01011208,Economically active: Total,556,544,12
S01011208,Economically active: Employee: Total,479,475,4
S01011208,Economically active: Employee: Part-time (1),136,133,3
S01011208,Economically active: Employee: Full-time (1),343,342,1
S01011208,Economically active: Self-employed: Total,46,40,6
S01011208,Economically active: Self-employed: Part-time (1),10,7,3
S01011208,Economically active: Self-employed: Full-time (1),36,33,3
S01011208,Economically active: Unemployed (1),31,29,2
S01011208,Economically inactive,172,167,5
S01011209,All people aged 16 and over,514,508,6
S01011209,Economically active: Total,316,312,4
S01011209,Economically active: Employee: Total,256,254,2
S01011209,Economically active: Employee: Part-time (1),80,79,1
S01011209,Economically active: Employee: Full-time (1),176,175,1
S01011209,Economically active: Self-employed: Total,20,19,1
S01011209,Economically active: Self-employed: Part-time (1),11,10,1
S01011209,Economically active: Self-employed: Full-time (1),9,9,0
S01011209,Economically active: Unemployed (1),40,39,1
S01011209,Economically inactive,198,196,2
S01011210,All people aged 16 and over,602,569,33
S01011210,Economically active: Total,390,368,22
S01011210,Economically active: Employee: Total,300,284,16
S01011210,Economically active: Employee: Part-time (1),85,80,5
S01011210,Economically active: Employee: Full-time (1),215,204,11
S01011210,Economically active: Self-employed: Total,68,62,6
S01011210,Economically active: Self-employed: Part-time (1),19,18,1
S01011210,Economically active: Self-employed: Full-time (1),49,44,5
S01011210,Economically active: Unemployed (1),22,22,0
S01011210,Economically inactive,212,201,11
S01011211,All people aged 16 and over,547,537,10
S01011211,Economically active: Total,411,406,5
S01011211,Economically active: Employee: Total,349,345,4
S01011211,Economically active: Employee: Part-time (1),106,106,0
S01011211,Economically active: Employee: Full-time (1),243,239,4
S01011211,Economically active: Self-employed: Total,31,31,0
S01011211,Economically active: Self-employed: Part-time (1),7,7,0
S01011211,Economically active: Self-employed: Full-time (1),24,24,0
S01011211,Economically active: Unemployed (1),31,30,1
S01011211,Economically inactive,136,131,5
S01011212,All people aged 16 and over,419,414,5
S01011212,Economically active: Total,251,247,4
S01011212,Economically active: Employee: Total,205,202,3
S01011212,Economically active: Employee: Part-time (1),74,74,0
S01011212,Economically active: Employee: Full-time (1),131,128,3
S01011212,Economically active: Self-employed: Total,21,21,0
S01011212,Economically active: Self-employed: Part-time (1),5,5,0
S01011212,Economically active: Self-employed: Full-time (1),16,16,0
S01011212,Economically active: Unemployed (1),25,24,1
S01011212,Economically inactive,168,167,1
S01011213,All people aged 16 and over,815,797,18
S01011213,Economically active: Total,497,486,11
S01011213,Economically active: Employee: Total,394,386,8
S01011213,Economically active: Employee: Part-time (1),144,142,2
S01011213,Economically active: Employee: Full-time (1),250,244,6
S01011213,Economically active: Self-employed: Total,23,21,2
S01011213,Economically active: Self-employed: Part-time (1),5,5,0
S01011213,Economically active: Self-employed: Full-time (1),18,16,2
S01011213,Economically active: Unemployed (1),80,79,1
S01011213,Economically inactive,318,311,7
S01011214,All people aged 16 and over,729,716,13
S01011214,Economically active: Total,375,365,10
S01011214,Economically active: Employee: Total,289,282,7
S01011214,Economically active: Employee: Part-time (1),106,103,3
S01011214,Economically active: Employee: Full-time (1),183,179,4
S01011214,Economically active: Self-employed: Total,24,21,3
S01011214,Economically active: Self-employed: Part-time (1),11,9,2
S01011214,Economically active: Self-employed: Full-time (1),13,12,1
S01011214,Economically active: Unemployed (1),62,62,0
S01011214,Economically inactive,354,351,3
S01011215,All people aged 16 and over,459,451,8
S01011215,Economically active: Total,260,254,6
S01011215,Economically active: Employee: Total,187,184,3
S01011215,Economically active: Employee: Part-time (1),79,77,2
S01011215,Economically active: Employee: Full-time (1),108,107,1
S01011215,Economically active: Self-employed: Total,14,13,1
S01011215,Economically active: Self-employed: Part-time (1),4,3,1
S01011215,Economically active: Self-employed: Full-time (1),10,10,0
S01011215,Economically active: Unemployed (1),59,57,2
S01011215,Economically inactive,199,197,2
S01011216,All people aged 16 and over,376,367,9
S01011216,Economically active: Total,235,229,6
S01011216,Economically active: Employee: Total,168,162,6
S01011216,Economically active: Employee: Part-time (1),58,55,3
S01011216,Economically active: Employee: Full-time (1),110,107,3
S01011216,Economically active: Self-employed: Total,16,16,0
S01011216,Economically active: Self-employed: Part-time (1),7,7,0
S01011216,Economically active: Self-employed: Full-time (1),9,9,0
S01011216,Economically active: Unemployed (1),51,51,0
S01011216,Economically inactive,141,138,3
S01011217,All people aged 16 and over,643,627,16
S01011217,Economically active: Total,384,376,8
S01011217,Economically active: Employee: Total,271,266,5
S01011217,Economically active: Employee: Part-time (1),106,103,3
S01011217,Economically active: Employee: Full-time (1),165,163,2
S01011217,Economically active: Self-employed: Total,26,26,0
S01011217,Economically active: Self-employed: Part-time (1),6,6,0
S01011217,Economically active: Self-employed: Full-time (1),20,20,0
S01011217,Economically active: Unemployed (1),87,84,3
S01011217,Economically inactive,259,251,8
S01011218,All people aged 16 and over,504,495,9
S01011218,Economically active: Total,281,274,7
S01011218,Economically active: Employee: Total,198,195,3
S01011218,Economically active: Employee: Part-time (1),71,70,1
S01011218,Economically active: Employee: Full-time (1),127,125,2
S01011218,Economically active: Self-employed: Total,16,15,1
S01011218,Economically active: Self-employed: Part-time (1),6,5,1
S01011218,Economically active: Self-employed: Full-time (1),10,10,0
S01011218,Economically active: Unemployed (1),67,64,3
S01011218,Economically inactive,223,221,2
S01011219,All people aged 16 and over,644,635,9
S01011219,Economically active: Total,376,372,4
S01011219,Economically active: Employee: Total,289,287,2
S01011219,Economically active: Employee: Part-time (1),105,104,1
S01011219,Economically active: Employee: Full-time (1),184,183,1
S01011219,Economically active: Self-employed: Total,28,27,1
S01011219,Economically active: Self-employed: Part-time (1),1,1,0
S01011219,Economically active: Self-employed: Full-time (1),27,26,1
S01011219,Economically active: Unemployed (1),59,58,1
S01011219,Economically inactive,268,263,5
S01011220,All people aged 16 and over,737,726,11
S01011220,Economically active: Total,421,416,5
S01011220,Economically active: Employee: Total,336,333,3
S01011220,Economically active: Employee: Part-time (1),101,100,1
S01011220,Economically active: Employee: Full-time (1),235,233,2
S01011220,Economically active: Self-employed: Total,29,29,0
S01011220,Economically active: Self-employed: Part-time (1),8,8,0
S01011220,Economically active: Self-employed: Full-time (1),21,21,0
S01011220,Economically active: Unemployed (1),56,54,2
S01011220,Economically inactive,316,310,6
S01011221,All people aged 16 and over,767,750,17
S01011221,Economically active: Total,485,473,12
S01011221,Economically active: Employee: Total,399,388,11
S01011221,Economically active: Employee: Part-time (1),123,120,3
S01011221,Economically active: Employee: Full-time (1),276,268,8
S01011221,Economically active: Self-employed: Total,31,30,1
S01011221,Economically active: Self-employed: Part-time (1),13,13,0
S01011221,Economically active: Self-employed: Full-time (1),18,17,1
S01011221,Economically active: Unemployed (1),55,55,0
S01011221,Economically inactive,282,277,5
S01011222,All people aged 16 and over,555,537,18
S01011222,Economically active: Total,318,309,9
S01011222,Economically active: Employee: Total,257,250,7
S01011222,Economically active: Employee: Part-time (1),81,79,2
S01011222,Economically active: Employee: Full-time (1),176,171,5
S01011222,Economically active: Self-employed: Total,19,17,2
S01011222,Economically active: Self-employed: Part-time (1),4,4,0
S01011222,Economically active: Self-employed: Full-time (1),15,13,2
S01011222,Economically active: Unemployed (1),42,42,0
S01011222,Economically inactive,237,228,9
S01011223,All people aged 16 and over,646,632,14
S01011223,Economically active: Total,407,398,9
S01011223,Economically active: Employee: Total,331,322,9
S01011223,Economically active: Employee: Part-time (1),100,98,2
S01011223,Economically active: Employee: Full-time (1),231,224,7
S01011223,Economically active: Self-employed: Total,36,36,0
S01011223,Economically active: Self-employed: Part-time (1),13,13,0
S01011223,Economically active: Self-employed: Full-time (1),23,23,0
S01011223,Economically active: Unemployed (1),40,40,0
S01011223,Economically inactive,239,234,5
S01011224,All people aged 16 and over,598,572,26
S01011224,Economically active: Total,308,293,15
S01011224,Economically active: Employee: Total,240,232,8
S01011224,Economically active: Employee: Part-time (1),72,67,5
S01011224,Economically active: Employee: Full-time (1),168,165,3
S01011224,Economically active: Self-employed: Total,28,23,5
S01011224,Economically active: Self-employed: Part-time (1),10,10,0
S01011224,Economically active: Self-employed: Full-time (1),18,13,5
S01011224,Economically active: Unemployed (1),40,38,2
S01011224,Economically inactive,290,279,11
S01011225,All people aged 16 and over,564,549,15
S01011225,Economically active: Total,317,309,8
S01011225,Economically active: Employee: Total,235,230,5
S01011225,Economically active: Employee: Part-time (1),83,79,4
S01011225,Economically active: Employee: Full-time (1),152,151,1
S01011225,Economically active: Self-employed: Total,21,20,1
S01011225,Economically active: Self-employed: Part-time (1),6,6,0
S01011225,Economically active: Self-employed: Full-time (1),15,14,1
S01011225,Economically active: Unemployed (1),61,59,2
S01011225,Economically inactive,247,240,7
S01011226,All people aged 16 and over,858,843,15
S01011226,Economically active: Total,452,446,6
S01011226,Economically active: Employee: Total,367,362,5
S01011226,Economically active: Employee: Part-time (1),107,104,3
S01011226,Economically active: Employee: Full-time (1),260,258,2
S01011226,Economically active: Self-employed: Total,46,45,1
S01011226,Economically active: Self-employed: Part-time (1),12,12,0
S01011226,Economically active: Self-employed: Full-time (1),34,33,1
S01011226,Economically active: Unemployed (1),39,39,0
S01011226,Economically inactive,406,397,9
S01011227,All people aged 16 and over,603,577,26
S01011227,Economically active: Total,366,344,22
S01011227,Economically active: Employee: Total,282,261,21
S01011227,Economically active: Employee: Part-time (1),77,68,9
S01011227,Economically active: Employee: Full-time (1),205,193,12
S01011227,Economically active: Self-employed: Total,39,39,0
S01011227,Economically active: Self-employed: Part-time (1),15,15,0
S01011227,Economically active: Self-employed: Full-time (1),24,24,0
S01011227,Economically active: Unemployed (1),45,44,1
S01011227,Economically inactive,237,233,4
S01011228,All people aged 16 and over,674,662,12
S01011228,Economically active: Total,357,349,8
S01011228,Economically active: Employee: Total,289,285,4
S01011228,Economically active: Employee: Part-time (1),79,79,0
S01011228,Economically active: Employee: Full-time (1),210,206,4
S01011228,Economically active: Self-employed: Total,20,16,4
S01011228,Economically active: Self-employed: Part-time (1),6,5,1
S01011228,Economically active: Self-employed: Full-time (1),14,11,3
S01011228,Economically active: Unemployed (1),48,48,0
S01011228,Economically inactive,317,313,4
S01011229,All people aged 16 and over,445,433,12
S01011229,Economically active: Total,212,205,7
S01011229,Economically active: Employee: Total,149,144,5
S01011229,Economically active: Employee: Part-time (1),45,45,0
S01011229,Economically active: Employee: Full-time (1),104,99,5
S01011229,Economically active: Self-employed: Total,18,17,1
S01011229,Economically active: Self-employed: Part-time (1),5,5,0
S01011229,Economically active: Self-employed: Full-time (1),13,12,1
S01011229,Economically active: Unemployed (1),45,44,1
S01011229,Economically inactive,233,228,5
S01011230,All people aged 16 and over,825,808,17
S01011230,Economically active: Total,365,353,12
S01011230,Economically active: Employee: Total,235,231,4
S01011230,Economically active: Employee: Part-time (1),80,79,1
S01011230,Economically active: Employee: Full-time (1),155,152,3
S01011230,Economically active: Self-employed: Total,26,25,1
S01011230,Economically active: Self-employed: Part-time (1),11,10,1
S01011230,Economically active: Self-employed: Full-time (1),15,15,0
S01011230,Economically active: Unemployed (1),104,97,7
S01011230,Economically inactive,460,455,5
S01011231,All people aged 16 and over,503,489,14
S01011231,Economically active: Total,243,235,8
S01011231,Economically active: Employee: Total,196,190,6
S01011231,Economically active: Employee: Part-time (1),68,65,3
S01011231,Economically active: Employee: Full-time (1),128,125,3
S01011231,Economically active: Self-employed: Total,13,12,1
S01011231,Economically active: Self-employed: Part-time (1),2,2,0
S01011231,Economically active: Self-employed: Full-time (1),11,10,1
S01011231,Economically active: Unemployed (1),34,33,1
S01011231,Economically inactive,260,254,6
S01011232,All people aged 16 and over,821,797,24
S01011232,Economically active: Total,515,498,17
S01011232,Economically active: Employee: Total,389,376,13
S01011232,Economically active: Employee: Part-time (1),100,96,4
S01011232,Economically active: Employee: Full-time (1),289,280,9
S01011232,Economically active: Self-employed: Total,60,56,4
S01011232,Economically active: Self-employed: Part-time (1),20,17,3
S01011232,Economically active: Self-employed: Full-time (1),40,39,1
S01011232,Economically active: Unemployed (1),66,66,0
S01011232,Economically inactive,306,299,7
S01011233,All people aged 16 and over,311,302,9
S01011233,Economically active: Total,144,138,6
S01011233,Economically active: Employee: Total,107,101,6
S01011233,Economically active: Employee: Part-time (1),31,29,2
S01011233,Economically active: Employee: Full-time (1),76,72,4
S01011233,Economically active: Self-employed: Total,12,12,0
S01011233,Economically active: Self-employed: Part-time (1),1,1,0
S01011233,Economically active: Self-employed: Full-time (1),11,11,0
S01011233,Economically active: Unemployed (1),25,25,0
S01011233,Economically inactive,167,164,3
S01011234,All people aged 16 and over,788,770,18
S01011234,Economically active: Total,450,440,10
S01011234,Economically active: Employee: Total,339,330,9
S01011234,Economically active: Employee: Part-time (1),119,119,0
S01011234,Economically active: Employee: Full-time (1),220,211,9
S01011234,Economically active: Self-employed: Total,25,24,1
S01011234,Economically active: Self-employed: Part-time (1),7,6,1
S01011234,Economically active: Self-employed: Full-time (1),18,18,0
S01011234,Economically active: Unemployed (1),86,86,0
S01011234,Economically inactive,338,330,8
S01011235,All people aged 16 and over,311,306,5
S01011235,Economically active: Total,151,149,2
S01011235,Economically active: Employee: Total,107,105,2
S01011235,Economically active: Employee: Part-time (1),30,30,0
S01011235,Economically active: Employee: Full-time (1),77,75,2
S01011235,Economically active: Self-employed: Total,14,14,0
S01011235,Economically active: Self-employed: Part-time (1),4,4,0
S01011235,Economically active: Self-employed: Full-time (1),10,10,0
S01011235,Economically active: Unemployed (1),30,30,0
S01011235,Economically inactive,160,157,3
S01011236,All people aged 16 and over,476,468,8
S01011236,Economically active: Total,275,269,6
S01011236,Economically active: Employee: Total,219,214,5
S01011236,Economically active: Employee: Part-time (1),62,61,1
S01011236,Economically active: Employee: Full-time (1),157,153,4
S01011236,Economically active: Self-employed: Total,19,18,1
S01011236,Economically active: Self-employed: Part-time (1),8,7,1
S01011236,Economically active: Self-employed: Full-time (1),11,11,0
S01011236,Economically active: Unemployed (1),37,37,0
S01011236,Economically inactive,201,199,2
S01011237,All people aged 16 and over,596,583,13
S01011237,Economically active: Total,347,336,11
S01011237,Economically active: Employee: Total,257,248,9
S01011237,Economically active: Employee: Part-time (1),92,91,1
S01011237,Economically active: Employee: Full-time (1),165,157,8
S01011237,Economically active: Self-employed: Total,20,19,1
S01011237,Economically active: Self-employed: Part-time (1),8,8,0
S01011237,Economically active: Self-employed: Full-time (1),12,11,1
S01011237,Economically active: Unemployed (1),70,69,1
S01011237,Economically inactive,249,247,2
S01011238,All people aged 16 and over,516,498,18
S01011238,Economically active: Total,298,288,10
S01011238,Economically active: Employee: Total,195,189,6
S01011238,Economically active: Employee: Part-time (1),73,71,2
S01011238,Economically active: Employee: Full-time (1),122,118,4
S01011238,Economically active: Self-employed: Total,21,21,0
S01011238,Economically active: Self-employed: Part-time (1),6,6,0
S01011238,Economically active: Self-employed: Full-time (1),15,15,0
S01011238,Economically active: Unemployed (1),82,78,4
S01011238,Economically inactive,218,210,8
S01011239,All people aged 16 and over,628,612,16
S01011239,Economically active: Total,324,316,8
S01011239,Economically active: Employee: Total,228,223,5
S01011239,Economically active: Employee: Part-time (1),79,77,2
S01011239,Economically active: Employee: Full-time (1),149,146,3
S01011239,Economically active: Self-employed: Total,28,27,1
S01011239,Economically active: Self-employed: Part-time (1),8,7,1
S01011239,Economically active: Self-employed: Full-time (1),20,20,0
S01011239,Economically active: Unemployed (1),68,66,2
S01011239,Economically inactive,304,296,8
S01011240,All people aged 16 and over,633,612,21
S01011240,Economically active: Total,333,321,12
S01011240,Economically active: Employee: Total,224,215,9
S01011240,Economically active: Employee: Part-time (1),61,60,1
S01011240,Economically active: Employee: Full-time (1),163,155,8
S01011240,Economically active: Self-employed: Total,26,26,0
S01011240,Economically active: Self-employed: Part-time (1),4,4,0
S01011240,Economically active: Self-employed: Full-time (1),22,22,0
S01011240,Economically active: Unemployed (1),83,80,3
S01011240,Economically inactive,300,291,9
S01011241,All people aged 16 and over,914,893,21
S01011241,Economically active: Total,473,459,14
S01011241,Economically active: Employee: Total,349,339,10
S01011241,Economically active: Employee: Part-time (1),91,87,4
S01011241,Economically active: Employee: Full-time (1),258,252,6
S01011241,Economically active: Self-employed: Total,59,57,2
S01011241,Economically active: Self-employed: Part-time (1),17,15,2
S01011241,Economically active: Self-employed: Full-time (1),42,42,0
S01011241,Economically active: Unemployed (1),65,63,2
S01011241,Economically inactive,441,434,7
S01011242,All people aged 16 and over,681,660,21
S01011242,Economically active: Total,334,322,12
S01011242,Economically active: Employee: Total,265,257,8
S01011242,Economically active: Employee: Part-time (1),89,88,1
S01011242,Economically active: Employee: Full-time (1),176,169,7
S01011242,Economically active: Self-employed: Total,33,31,2
S01011242,Economically active: Self-employed: Part-time (1),7,7,0
S01011242,Economically active: Self-employed: Full-time (1),26,24,2
S01011242,Economically active: Unemployed (1),36,34,2
S01011242,Economically inactive,347,338,9
S01011243,All people aged 16 and over,757,733,24
S01011243,Economically active: Total,391,376,15
S01011243,Economically active: Employee: Total,259,249,10
S01011243,Economically active: Employee: Part-time (1),78,74,4
S01011243,Economically active: Employee: Full-time (1),181,175,6
S01011243,Economically active: Self-employed: Total,24,21,3
S01011243,Economically active: Self-employed: Part-time (1),8,8,0
S01011243,Economically active: Self-employed: Full-time (1),16,13,3
S01011243,Economically active: Unemployed (1),108,106,2
S01011243,Economically inactive,366,357,9
S01011244,All people aged 16 and over,576,562,14
S01011244,Economically active: Total,337,325,12
S01011244,Economically active: Employee: Total,231,224,7
S01011244,Economically active: Employee: Part-time (1),71,69,2
S01011244,Economically active: Employee: Full-time (1),160,155,5
S01011244,Economically active: Self-employed: Total,15,14,1
S01011244,Economically active: Self-employed: Part-time (1),5,5,0
S01011244,Economically active: Self-employed: Full-time (1),10,9,1
S01011244,Economically active: Unemployed (1),91,87,4
S01011244,Economically inactive,239,237,2
S01011245,All people aged 16 and over,720,700,20
S01011245,Economically active: Total,386,376,10
S01011245,Economically active: Employee: Total,275,271,4
S01011245,Economically active: Employee: Part-time (1),103,102,1
S01011245,Economically active: Employee: Full-time (1),172,169,3
S01011245,Economically active: Self-employed: Total,30,26,4
S01011245,Economically active: Self-employed: Part-time (1),13,11,2
S01011245,Economically active: Self-employed: Full-time (1),17,15,2
S01011245,Economically active: Unemployed (1),81,79,2
S01011245,Economically inactive,334,324,10
S01011246,All people aged 16 and over,747,727,20
S01011246,Economically active: Total,471,458,13
S01011246,Economically active: Employee: Total,351,343,8
S01011246,Economically active: Employee: Part-time (1),103,98,5
S01011246,Economically active: Employee: Full-time (1),248,245,3
S01011246,Economically active: Self-employed: Total,65,63,2
S01011246,Economically active: Self-employed: Part-time (1),15,14,1
S01011246,Economically active: Self-employed: Full-time (1),50,49,1
S01011246,Economically active: Unemployed (1),55,52,3
S01011246,Economically inactive,276,269,7
S01011247,All people aged 16 and over,721,704,17
S01011247,Economically active: Total,365,355,10
S01011247,Economically active: Employee: Total,307,301,6
S01011247,Economically active: Employee: Part-time (1),78,77,1
S01011247,Economically active: Employee: Full-time (1),229,224,5
S01011247,Economically active: Self-employed: Total,36,32,4
S01011247,Economically active: Self-employed: Part-time (1),13,11,2
S01011247,Economically active: Self-employed: Full-time (1),23,21,2
S01011247,Economically active: Unemployed (1),22,22,0
S01011247,Economically inactive,356,349,7
S01011248,All people aged 16 and over,630,611,19
S01011248,Economically active: Total,404,392,12
S01011248,Economically active: Employee: Total,359,348,11
S01011248,Economically active: Employee: Part-time (1),125,124,1
S01011248,Economically active: Employee: Full-time (1),234,224,10
S01011248,Economically active: Self-employed: Total,28,27,1
S01011248,Economically active: Self-employed: Part-time (1),5,4,1
S01011248,Economically active: Self-employed: Full-time (1),23,23,0
S01011248,Economically active: Unemployed (1),17,17,0
S01011248,Economically inactive,226,219,7
S01011249,All people aged 16 and over,617,606,11
S01011249,Economically active: Total,404,400,4
S01011249,Economically active: Employee: Total,346,343,3
S01011249,Economically active: Employee: Part-time (1),85,85,0
S01011249,Economically active: Employee: Full-time (1),261,258,3
S01011249,Economically active: Self-employed: Total,24,23,1
S01011249,Economically active: Self-employed: Part-time (1),12,11,1
S01011249,Economically active: Self-employed: Full-time (1),12,12,0
S01011249,Economically active: Unemployed (1),34,34,0
S01011249,Economically inactive,213,206,7
S01011250,All people aged 16 and over,800,782,18
S01011250,Economically active: Total,520,506,14
S01011250,Economically active: Employee: Total,387,381,6
S01011250,Economically active: Employee: Part-time (1),144,142,2
S01011250,Economically active: Employee: Full-time (1),243,239,4
S01011250,Economically active: Self-employed: Total,35,32,3
S01011250,Economically active: Self-employed: Part-time (1),12,11,1
S01011250,Economically active: Self-employed: Full-time (1),23,21,2
S01011250,Economically active: Unemployed (1),98,93,5
S01011250,Economically inactive,280,276,4
S01011251,All people aged 16 and over,700,691,9
S01011251,Economically active: Total,429,422,7
S01011251,Economically active: Employee: Total,335,332,3
S01011251,Economically active: Employee: Part-time (1),108,107,1
S01011251,Economically active: Employee: Full-time (1),227,225,2
S01011251,Economically active: Self-employed: Total,32,30,2
S01011251,Economically active: Self-employed: Part-time (1),12,11,1
S01011251,Economically active: Self-employed: Full-time (1),20,19,1
S01011251,Economically active: Unemployed (1),62,60,2
S01011251,Economically inactive,271,269,2
S01011252,All people aged 16 and over,632,616,16
S01011252,Economically active: Total,382,370,12
S01011252,Economically active: Employee: Total,294,288,6
S01011252,Economically active: Employee: Part-time (1),105,103,2
S01011252,Economically active: Employee: Full-time (1),189,185,4
S01011252,Economically active: Self-employed: Total,13,13,0
S01011252,Economically active: Self-employed: Part-time (1),2,2,0
S01011252,Economically active: Self-employed: Full-time (1),11,11,0
S01011252,Economically active: Unemployed (1),75,69,6
S01011252,Economically inactive,250,246,4
S01011253,All people aged 16 and over,692,675,17
S01011253,Economically active: Total,386,376,10
S01011253,Economically active: Employee: Total,307,298,9
S01011253,Economically active: Employee: Part-time (1),122,119,3
S01011253,Economically active: Employee: Full-time (1),185,179,6
S01011253,Economically active: Self-employed: Total,18,17,1
S01011253,Economically active: Self-employed: Part-time (1),8,8,0
S01011253,Economically active: Self-employed: Full-time (1),10,9,1
S01011253,Economically active: Unemployed (1),61,61,0
S01011253,Economically inactive,306,299,7
S01011254,All people aged 16 and over,791,778,13
S01011254,Economically active: Total,566,558,8
S01011254,Economically active: Employee: Total,495,488,7
S01011254,Economically active: Employee: Part-time (1),142,141,1
S01011254,Economically active: Employee: Full-time (1),353,347,6
S01011254,Economically active: Self-employed: Total,33,32,1
S01011254,Economically active: Self-employed: Part-time (1),7,7,0
S01011254,Economically active: Self-employed: Full-time (1),26,25,1
S01011254,Economically active: Unemployed (1),38,38,0
S01011254,Economically inactive,225,220,5
S01011255,All people aged 16 and over,576,565,11
S01011255,Economically active: Total,451,441,10
S01011255,Economically active: Employee: Total,392,385,7
S01011255,Economically active: Employee: Part-time (1),94,93,1
S01011255,Economically active: Employee: Full-time (1),298,292,6
S01011255,Economically active: Self-employed: Total,31,29,2
S01011255,Economically active: Self-employed: Part-time (1),8,8,0
S01011255,Economically active: Self-employed: Full-time (1),23,21,2
S01011255,Economically active: Unemployed (1),28,27,1
S01011255,Economically inactive,125,124,1
S01011256,All people aged 16 and over,336,326,10
S01011256,Economically active: Total,263,255,8
S01011256,Economically active: Employee: Total,225,219,6
S01011256,Economically active: Employee: Part-time (1),62,61,1
S01011256,Economically active: Employee: Full-time (1),163,158,5
S01011256,Economically active: Self-employed: Total,25,23,2
S01011256,Economically active: Self-employed: Part-time (1),6,6,0
S01011256,Economically active: Self-employed: Full-time (1),19,17,2
S01011256,Economically active: Unemployed (1),13,13,0
S01011256,Economically inactive,73,71,2
S01011257,All people aged 16 and over,372,365,7
S01011257,Economically active: Total,175,170,5
S01011257,Economically active: Employee: Total,139,137,2
S01011257,Economically active: Employee: Part-time (1),48,47,1
S01011257,Economically active: Employee: Full-time (1),91,90,1
S01011257,Economically active: Self-employed: Total,23,22,1
S01011257,Economically active: Self-employed: Part-time (1),9,9,0
S01011257,Economically active: Self-employed: Full-time (1),14,13,1
S01011257,Economically active: Unemployed (1),13,11,2
S01011257,Economically inactive,197,195,2
S01011258,All people aged 16 and over,480,468,12
S01011258,Economically active: Total,287,282,5
S01011258,Economically active: Employee: Total,235,230,5
S01011258,Economically active: Employee: Part-time (1),65,63,2
S01011258,Economically active: Employee: Full-time (1),170,167,3
S01011258,Economically active: Self-employed: Total,32,32,0
S01011258,Economically active: Self-employed: Part-time (1),6,6,0
S01011258,Economically active: Self-employed: Full-time (1),26,26,0
S01011258,Economically active: Unemployed (1),20,20,0
S01011258,Economically inactive,193,186,7
S01011259,All people aged 16 and over,664,652,12
S01011259,Economically active: Total,365,357,8
S01011259,Economically active: Employee: Total,275,268,7
S01011259,Economically active: Employee: Part-time (1),82,81,1
S01011259,Economically active: Employee: Full-time (1),193,187,6
S01011259,Economically active: Self-employed: Total,40,40,0
S01011259,Economically active: Self-employed: Part-time (1),4,4,0
S01011259,Economically active: Self-employed: Full-time (1),36,36,0
S01011259,Economically active: Unemployed (1),50,49,1
S01011259,Economically inactive,299,295,4
S01011260,All people aged 16 and over,633,618,15
S01011260,Economically active: Total,337,328,9
S01011260,Economically active: Employee: Total,272,266,6
S01011260,Economically active: Employee: Part-time (1),79,77,2
S01011260,Economically active: Employee: Full-time (1),193,189,4
S01011260,Economically active: Self-employed: Total,32,30,2
S01011260,Economically active: Self-employed: Part-time (1),13,12,1
S01011260,Economically active: Self-employed: Full-time (1),19,18,1
S01011260,Economically active: Unemployed (1),33,32,1
S01011260,Economically inactive,296,290,6
S01011261,All people aged 16 and over,614,602,12
S01011261,Economically active: Total,357,346,11
S01011261,Economically active: Employee: Total,247,236,11
S01011261,Economically active: Employee: Part-time (1),89,83,6
S01011261,Economically active: Employee: Full-time (1),158,153,5
S01011261,Economically active: Self-employed: Total,21,21,0
S01011261,Economically active: Self-employed: Part-time (1),7,7,0
S01011261,Economically active: Self-employed: Full-time (1),14,14,0
S01011261,Economically active: Unemployed (1),89,89,0
S01011261,Economically inactive,257,256,1
S01011262,All people aged 16 and over,403,394,9
S01011262,Economically active: Total,232,226,6
S01011262,Economically active: Employee: Total,187,181,6
S01011262,Economically active: Employee: Part-time (1),64,63,1
S01011262,Economically active: Employee: Full-time (1),123,118,5
S01011262,Economically active: Self-employed: Total,18,18,0
S01011262,Economically active: Self-employed: Part-time (1),6,6,0
S01011262,Economically active: Self-employed: Full-time (1),12,12,0
S01011262,Economically active: Unemployed (1),27,27,0
S01011262,Economically inactive,171,168,3
S01011263,All people aged 16 and over,918,901,17
S01011263,Economically active: Total,577,568,9
S01011263,Economically active: Employee: Total,492,485,7
S01011263,Economically active: Employee: Part-time (1),128,127,1
S01011263,Economically active: Employee: Full-time (1),364,358,6
S01011263,Economically active: Self-employed: Total,32,31,1
S01011263,Economically active: Self-employed: Part-time (1),12,12,0
S01011263,Economically active: Self-employed: Full-time (1),20,19,1
S01011263,Economically active: Unemployed (1),53,52,1
S01011263,Economically inactive,341,333,8
S01011264,All people aged 16 and over,510,499,11
S01011264,Economically active: Total,331,323,8
S01011264,Economically active: Employee: Total,248,241,7
S01011264,Economically active: Employee: Part-time (1),88,85,3
S01011264,Economically active: Employee: Full-time (1),160,156,4
S01011264,Economically active: Self-employed: Total,19,19,0
S01011264,Economically active: Self-employed: Part-time (1),10,10,0
S01011264,Economically active: Self-employed: Full-time (1),9,9,0
S01011264,Economically active: Unemployed (1),64,63,1
S01011264,Economically inactive,179,176,3
S01011265,All people aged 16 and over,799,781,18
S01011265,Economically active: Total,496,485,11
S01011265,Economically active: Employee: Total,337,331,6
S01011265,Economically active: Employee: Part-time (1),137,135,2
S01011265,Economically active: Employee: Full-time (1),200,196,4
S01011265,Economically active: Self-employed: Total,39,38,1
S01011265,Economically active: Self-employed: Part-time (1),18,18,0
S01011265,Economically active: Self-employed: Full-time (1),21,20,1
S01011265,Economically active: Unemployed (1),120,116,4
S01011265,Economically inactive,303,296,7
S01011266,All people aged 16 and over,745,729,16
S01011266,Economically active: Total,417,407,10
S01011266,Economically active: Employee: Total,356,349,7
S01011266,Economically active: Employee: Part-time (1),116,114,2
S01011266,Economically active: Employee: Full-time (1),240,235,5
S01011266,Economically active: Self-employed: Total,23,20,3
S01011266,Economically active: Self-employed: Part-time (1),5,3,2
S01011266,Economically active: Self-employed: Full-time (1),18,17,1
S01011266,Economically active: Unemployed (1),38,38,0
S01011266,Economically inactive,328,322,6
S01011267,All people aged 16 and over,500,486,14
S01011267,Economically active: Total,270,259,11
S01011267,Economically active: Employee: Total,232,222,10
S01011267,Economically active: Employee: Part-time (1),59,57,2
S01011267,Economically active: Employee: Full-time (1),173,165,8
S01011267,Economically active: Self-employed: Total,14,14,0
S01011267,Economically active: Self-employed: Part-time (1),3,3,0
S01011267,Economically active: Self-employed: Full-time (1),11,11,0
S01011267,Economically active: Unemployed (1),24,23,1
S01011267,Economically inactive,230,227,3
S01011268,All people aged 16 and over,333,324,9
S01011268,Economically active: Total,182,177,5
S01011268,Economically active: Employee: Total,143,139,4
S01011268,Economically active: Employee: Part-time (1),44,43,1
S01011268,Economically active: Employee: Full-time (1),99,96,3
S01011268,Economically active: Self-employed: Total,17,16,1
S01011268,Economically active: Self-employed: Part-time (1),2,2,0
S01011268,Economically active: Self-employed: Full-time (1),15,14,1
S01011268,Economically active: Unemployed (1),22,22,0
S01011268,Economically inactive,151,147,4
S01011269,All people aged 16 and over,441,428,13
S01011269,Economically active: Total,218,213,5
S01011269,Economically active: Employee: Total,173,169,4
S01011269,Economically active: Employee: Part-time (1),60,59,1
S01011269,Economically active: Employee: Full-time (1),113,110,3
S01011269,Economically active: Self-employed: Total,14,14,0
S01011269,Economically active: Self-employed: Part-time (1),4,4,0
S01011269,Economically active: Self-employed: Full-time (1),10,10,0
S01011269,Economically active: Unemployed (1),31,30,1
S01011269,Economically inactive,223,215,8
S01011270,All people aged 16 and over,569,552,17
S01011270,Economically active: Total,344,332,12
S01011270,Economically active: Employee: Total,258,248,10
S01011270,Economically active: Employee: Part-time (1),74,71,3
S01011270,Economically active: Employee: Full-time (1),184,177,7
S01011270,Economically active: Self-employed: Total,27,26,1
S01011270,Economically active: Self-employed: Part-time (1),1,1,0
S01011270,Economically active: Self-employed: Full-time (1),26,25,1
S01011270,Economically active: Unemployed (1),59,58,1
S01011270,Economically inactive,225,220,5
S01011271,All people aged 16 and over,714,702,12
S01011271,Economically active: Total,347,339,8
S01011271,Economically active: Employee: Total,284,277,7
S01011271,Economically active: Employee: Part-time (1),92,91,1
S01011271,Economically active: Employee: Full-time (1),192,186,6
S01011271,Economically active: Self-employed: Total,13,13,0
S01011271,Economically active: Self-employed: Part-time (1),1,1,0
S01011271,Economically active: Self-employed: Full-time (1),12,12,0
S01011271,Economically active: Unemployed (1),50,49,1
S01011271,Economically inactive,367,363,4
S01011272,All people aged 16 and over,628,614,14
S01011272,Economically active: Total,362,353,9
S01011272,Economically active: Employee: Total,271,262,9
S01011272,Economically active: Employee: Part-time (1),74,74,0
S01011272,Economically active: Employee: Full-time (1),197,188,9
S01011272,Economically active: Self-employed: Total,18,18,0
S01011272,Economically active: Self-employed: Part-time (1),5,5,0
S01011272,Economically active: Self-employed: Full-time (1),13,13,0
S01011272,Economically active: Unemployed (1),73,73,0
S01011272,Economically inactive,266,261,5
S01011273,All people aged 16 and over,648,635,13
S01011273,Economically active: Total,395,392,3
S01011273,Economically active: Employee: Total,300,299,1
S01011273,Economically active: Employee: Part-time (1),96,96,0
S01011273,Economically active: Employee: Full-time (1),204,203,1
S01011273,Economically active: Self-employed: Total,19,19,0
S01011273,Economically active: Self-employed: Part-time (1),4,4,0
S01011273,Economically active: Self-employed: Full-time (1),15,15,0
S01011273,Economically active: Unemployed (1),76,74,2
S01011273,Economically inactive,253,243,10
S01011274,All people aged 16 and over,676,649,27
S01011274,Economically active: Total,418,398,20
S01011274,Economically active: Employee: Total,324,312,12
S01011274,Economically active: Employee: Part-time (1),100,97,3
S01011274,Economically active: Employee: Full-time (1),224,215,9
S01011274,Economically active: Self-employed: Total,28,24,4
S01011274,Economically active: Self-employed: Part-time (1),10,9,1
S01011274,Economically active: Self-employed: Full-time (1),18,15,3
S01011274,Economically active: Unemployed (1),66,62,4
S01011274,Economically inactive,258,251,7
S01011275,All people aged 16 and over,514,506,8
S01011275,Economically active: Total,288,283,5
S01011275,Economically active: Employee: Total,219,216,3
S01011275,Economically active: Employee: Part-time (1),84,83,1
S01011275,Economically active: Employee: Full-time (1),135,133,2
S01011275,Economically active: Self-employed: Total,13,13,0
S01011275,Economically active: Self-employed: Part-time (1),2,2,0
S01011275,Economically active: Self-employed: Full-time (1),11,11,0
S01011275,Economically active: Unemployed (1),56,54,2
S01011275,Economically inactive,226,223,3
S01011276,All people aged 16 and over,769,755,14
S01011276,Economically active: Total,461,454,7
S01011276,Economically active: Employee: Total,347,342,5
S01011276,Economically active: Employee: Part-time (1),119,118,1
S01011276,Economically active: Employee: Full-time (1),228,224,4
S01011276,Economically active: Self-employed: Total,24,24,0
S01011276,Economically active: Self-employed: Part-time (1),8,8,0
S01011276,Economically active: Self-employed: Full-time (1),16,16,0
S01011276,Economically active: Unemployed (1),90,88,2
S01011276,Economically inactive,308,301,7
S01011277,All people aged 16 and over,579,569,10
S01011277,Economically active: Total,397,391,6
S01011277,Economically active: Employee: Total,336,332,4
S01011277,Economically active: Employee: Part-time (1),78,78,0
S01011277,Economically active: Employee: Full-time (1),258,254,4
S01011277,Economically active: Self-employed: Total,37,35,2
S01011277,Economically active: Self-employed: Part-time (1),12,12,0
S01011277,Economically active: Self-employed: Full-time (1),25,23,2
S01011277,Economically active: Unemployed (1),24,24,0
S01011277,Economically inactive,182,178,4
S01011278,All people aged 16 and over,417,404,13
S01011278,Economically active: Total,326,317,9
S01011278,Economically active: Employee: Total,291,282,9
S01011278,Economically active: Employee: Part-time (1),68,67,1
S01011278,Economically active: Employee: Full-time (1),223,215,8
S01011278,Economically active: Self-employed: Total,18,18,0
S01011278,Economically active: Self-employed: Part-time (1),5,5,0
S01011278,Economically active: Self-employed: Full-time (1),13,13,0
S01011278,Economically active: Unemployed (1),17,17,0
S01011278,Economically inactive,91,87,4
S01011279,All people aged 16 and over,561,547,14
S01011279,Economically active: Total,344,335,9
S01011279,Economically active: Employee: Total,304,297,7
S01011279,Economically active: Employee: Part-time (1),65,64,1
S01011279,Economically active: Employee: Full-time (1),239,233,6
S01011279,Economically active: Self-employed: Total,18,17,1
S01011279,Economically active: Self-employed: Part-time (1),6,6,0
S01011279,Economically active: Self-employed: Full-time (1),12,11,1
S01011279,Economically active: Unemployed (1),22,21,1
S01011279,Economically inactive,217,212,5
S01011280,All people aged 16 and over,517,505,12
S01011280,Economically active: Total,302,295,7
S01011280,Economically active: Employee: Total,256,253,3
S01011280,Economically active: Employee: Part-time (1),72,72,0
S01011280,Economically active: Employee: Full-time (1),184,181,3
S01011280,Economically active: Self-employed: Total,29,28,1
S01011280,Economically active: Self-employed: Part-time (1),5,5,0
S01011280,Economically active: Self-employed: Full-time (1),24,23,1
S01011280,Economically active: Unemployed (1),17,14,3
S01011280,Economically inactive,215,210,5
S01011281,All people aged 16 and over,519,504,15
S01011281,Economically active: Total,377,367,10
S01011281,Economically active: Employee: Total,314,308,6
S01011281,Economically active: Employee: Part-time (1),78,75,3
S01011281,Economically active: Employee: Full-time (1),236,233,3
S01011281,Economically active: Self-employed: Total,32,30,2
S01011281,Economically active: Self-employed: Part-time (1),8,8,0
S01011281,Economically active: Self-employed: Full-time (1),24,22,2
S01011281,Economically active: Unemployed (1),31,29,2
S01011281,Economically inactive,142,137,5
S01011282,All people aged 16 and over,695,672,23
S01011282,Economically active: Total,529,514,15
S01011282,Economically active: Employee: Total,453,446,7
S01011282,Economically active: Employee: Part-time (1),111,108,3
S01011282,Economically active: Employee: Full-time (1),342,338,4
S01011282,Economically active: Self-employed: Total,43,38,5
S01011282,Economically active: Self-employed: Part-time (1),13,10,3
S01011282,Economically active: Self-employed: Full-time (1),30,28,2
S01011282,Economically active: Unemployed (1),33,30,3
S01011282,Economically inactive,166,158,8
S01011283,All people aged 16 and over,549,518,31
S01011283,Economically active: Total,450,426,24
S01011283,Economically active: Employee: Total,385,365,20
S01011283,Economically active: Employee: Part-time (1),94,85,9
S01011283,Economically active: Employee: Full-time (1),291,280,11
S01011283,Economically active: Self-employed: Total,41,38,3
S01011283,Economically active: Self-employed: Part-time (1),9,9,0
S01011283,Economically active: Self-employed: Full-time (1),32,29,3
S01011283,Economically active: Unemployed (1),24,23,1
S01011283,Economically inactive,99,92,7
S01011284,All people aged 16 and over,410,394,16
S01011284,Economically active: Total,360,345,15
S01011284,Economically active: Employee: Total,314,302,12
S01011284,Economically active: Employee: Part-time (1),71,68,3
S01011284,Economically active: Employee: Full-time (1),243,234,9
S01011284,Economically active: Self-employed: Total,34,31,3
S01011284,Economically active: Self-employed: Part-time (1),11,10,1
S01011284,Economically active: Self-employed: Full-time (1),23,21,2
S01011284,Economically active: Unemployed (1),12,12,0
S01011284,Economically inactive,50,49,1
S01011285,All people aged 16 and over,549,536,13
S01011285,Economically active: Total,367,359,8
S01011285,Economically active: Employee: Total,280,276,4
S01011285,Economically active: Employee: Part-time (1),89,87,2
S01011285,Economically active: Employee: Full-time (1),191,189,2
S01011285,Economically active: Self-employed: Total,27,23,4
S01011285,Economically active: Self-employed: Part-time (1),12,11,1
S01011285,Economically active: Self-employed: Full-time (1),15,12,3
S01011285,Economically active: Unemployed (1),60,60,0
S01011285,Economically inactive,182,177,5
S01011286,All people aged 16 and over,551,534,17
S01011286,Economically active: Total,344,331,13
S01011286,Economically active: Employee: Total,265,253,12
S01011286,Economically active: Employee: Part-time (1),93,87,6
S01011286,Economically active: Employee: Full-time (1),172,166,6
S01011286,Economically active: Self-employed: Total,26,25,1
S01011286,Economically active: Self-employed: Part-time (1),6,6,0
S01011286,Economically active: Self-employed: Full-time (1),20,19,1
S01011286,Economically active: Unemployed (1),53,53,0
S01011286,Economically inactive,207,203,4
S01011287,All people aged 16 and over,633,621,12
S01011287,Economically active: Total,396,389,7
S01011287,Economically active: Employee: Total,308,304,4
S01011287,Economically active: Employee: Part-time (1),105,103,2
S01011287,Economically active: Employee: Full-time (1),203,201,2
S01011287,Economically active: Self-employed: Total,22,21,1
S01011287,Economically active: Self-employed: Part-time (1),6,6,0
S01011287,Economically active: Self-employed: Full-time (1),16,15,1
S01011287,Economically active: Unemployed (1),66,64,2
S01011287,Economically inactive,237,232,5
S01011288,All people aged 16 and over,595,581,14
S01011288,Economically active: Total,368,359,9
S01011288,Economically active: Employee: Total,299,292,7
S01011288,Economically active: Employee: Part-time (1),112,110,2
S01011288,Economically active: Employee: Full-time (1),187,182,5
S01011288,Economically active: Self-employed: Total,24,22,2
S01011288,Economically active: Self-employed: Part-time (1),5,5,0
S01011288,Economically active: Self-employed: Full-time (1),19,17,2
S01011288,Economically active: Unemployed (1),45,45,0
S01011288,Economically inactive,227,222,5
S01011289,All people aged 16 and over,753,736,17
S01011289,Economically active: Total,434,420,14
S01011289,Economically active: Employee: Total,347,337,10
S01011289,Economically active: Employee: Part-time (1),116,114,2
S01011289,Economically active: Employee: Full-time (1),231,223,8
S01011289,Economically active: Self-employed: Total,31,29,2
S01011289,Economically active: Self-employed: Part-time (1),17,16,1
S01011289,Economically active: Self-employed: Full-time (1),14,13,1
S01011289,Economically active: Unemployed (1),56,54,2
S01011289,Economically inactive,319,316,3
S01011290,All people aged 16 and over,998,983,15
S01011290,Economically active: Total,514,505,9
S01011290,Economically active: Employee: Total,390,382,8
S01011290,Economically active: Employee: Part-time (1),135,132,3
S01011290,Economically active: Employee: Full-time (1),255,250,5
S01011290,Economically active: Self-employed: Total,54,53,1
S01011290,Economically active: Self-employed: Part-time (1),18,18,0
S01011290,Economically active: Self-employed: Full-time (1),36,35,1
S01011290,Economically active: Unemployed (1),70,70,0
S01011290,Economically inactive,484,478,6
S01011291,All people aged 16 and over,673,653,20
S01011291,Economically active: Total,383,367,16
S01011291,Economically active: Employee: Total,310,296,14
S01011291,Economically active: Employee: Part-time (1),84,80,4
S01011291,Economically active: Employee: Full-time (1),226,216,10
S01011291,Economically active: Self-employed: Total,19,19,0
S01011291,Economically active: Self-employed: Part-time (1),9,9,0
S01011291,Economically active: Self-employed: Full-time (1),10,10,0
S01011291,Economically active: Unemployed (1),54,52,2
S01011291,Economically inactive,290,286,4
S01011292,All people aged 16 and over,572,565,7
S01011292,Economically active: Total,323,320,3
S01011292,Economically active: Employee: Total,222,220,2
S01011292,Economically active: Employee: Part-time (1),69,69,0
S01011292,Economically active: Employee: Full-time (1),153,151,2
S01011292,Economically active: Self-employed: Total,20,19,1
S01011292,Economically active: Self-employed: Part-time (1),5,4,1
S01011292,Economically active: Self-employed: Full-time (1),15,15,0
S01011292,Economically active: Unemployed (1),81,81,0
S01011292,Economically inactive,249,245,4
S01011293,All people aged 16 and over,591,580,11
S01011293,Economically active: Total,348,341,7
S01011293,Economically active: Employee: Total,280,275,5
S01011293,Economically active: Employee: Part-time (1),103,101,2
S01011293,Economically active: Employee: Full-time (1),177,174,3
S01011293,Economically active: Self-employed: Total,15,15,0
S01011293,Economically active: Self-employed: Part-time (1),4,4,0
S01011293,Economically active: Self-employed: Full-time (1),11,11,0
S01011293,Economically active: Unemployed (1),53,51,2
S01011293,Economically inactive,243,239,4
S01011294,All people aged 16 and over,748,729,19
S01011294,Economically active: Total,347,336,11
S01011294,Economically active: Employee: Total,248,242,6
S01011294,Economically active: Employee: Part-time (1),69,69,0
S01011294,Economically active: Employee: Full-time (1),179,173,6
S01011294,Economically active: Self-employed: Total,29,26,3
S01011294,Economically active: Self-employed: Part-time (1),7,5,2
S01011294,Economically active: Self-employed: Full-time (1),22,21,1
S01011294,Economically active: Unemployed (1),70,68,2
S01011294,Economically inactive,401,393,8
S01011295,All people aged 16 and over,821,806,15
S01011295,Economically active: Total,470,461,9
S01011295,Economically active: Employee: Total,387,381,6
S01011295,Economically active: Employee: Part-time (1),94,92,2
S01011295,Economically active: Employee: Full-time (1),293,289,4
S01011295,Economically active: Self-employed: Total,49,47,2
S01011295,Economically active: Self-employed: Part-time (1),17,17,0
S01011295,Economically active: Self-employed: Full-time (1),32,30,2
S01011295,Economically active: Unemployed (1),34,33,1
S01011295,Economically inactive,351,345,6
S01011296,All people aged 16 and over,492,488,4
S01011296,Economically active: Total,264,261,3
S01011296,Economically active: Employee: Total,190,187,3
S01011296,Economically active: Employee: Part-time (1),57,56,1
S01011296,Economically active: Employee: Full-time (1),133,131,2
S01011296,Economically active: Self-employed: Total,31,31,0
S01011296,Economically active: Self-employed: Part-time (1),11,11,0
S01011296,Economically active: Self-employed: Full-time (1),20,20,0
S01011296,Economically active: Unemployed (1),43,43,0
S01011296,Economically inactive,228,227,1
S01011297,All people aged 16 and over,650,640,10
S01011297,Economically active: Total,421,413,8
S01011297,Economically active: Employee: Total,328,320,8
S01011297,Economically active: Employee: Part-time (1),118,116,2
S01011297,Economically active: Employee: Full-time (1),210,204,6
S01011297,Economically active: Self-employed: Total,35,35,0
S01011297,Economically active: Self-employed: Part-time (1),13,13,0
S01011297,Economically active: Self-employed: Full-time (1),22,22,0
S01011297,Economically active: Unemployed (1),58,58,0
S01011297,Economically inactive,229,227,2
S01011298,All people aged 16 and over,480,468,12
S01011298,Economically active: Total,301,295,6
S01011298,Economically active: Employee: Total,213,210,3
S01011298,Economically active: Employee: Part-time (1),76,74,2
S01011298,Economically active: Employee: Full-time (1),137,136,1
S01011298,Economically active: Self-employed: Total,17,16,1
S01011298,Economically active: Self-employed: Part-time (1),8,8,0
S01011298,Economically active: Self-employed: Full-time (1),9,8,1
S01011298,Economically active: Unemployed (1),71,69,2
S01011298,Economically inactive,179,173,6
S01011299,All people aged 16 and over,415,407,8
S01011299,Economically active: Total,276,269,7
S01011299,Economically active: Employee: Total,177,172,5
S01011299,Economically active: Employee: Part-time (1),50,50,0
S01011299,Economically active: Employee: Full-time (1),127,122,5
S01011299,Economically active: Self-employed: Total,92,90,2
S01011299,Economically active: Self-employed: Part-time (1),19,18,1
S01011299,Economically active: Self-employed: Full-time (1),73,72,1
S01011299,Economically active: Unemployed (1),7,7,0
S01011299,Economically inactive,139,138,1
S01011300,All people aged 16 and over,767,754,13
S01011300,Economically active: Total,431,423,8
S01011300,Economically active: Employee: Total,332,327,5
S01011300,Economically active: Employee: Part-time (1),98,97,1
S01011300,Economically active: Employee: Full-time (1),234,230,4
S01011300,Economically active: Self-employed: Total,28,26,2
S01011300,Economically active: Self-employed: Part-time (1),13,13,0
S01011300,Economically active: Self-employed: Full-time (1),15,13,2
S01011300,Economically active: Unemployed (1),71,70,1
S01011300,Economically inactive,336,331,5
S01011301,All people aged 16 and over,594,585,9
S01011301,Economically active: Total,352,347,5
S01011301,Economically active: Employee: Total,288,283,5
S01011301,Economically active: Employee: Part-time (1),65,65,0
S01011301,Economically active: Employee: Full-time (1),223,218,5
S01011301,Economically active: Self-employed: Total,41,41,0
S01011301,Economically active: Self-employed: Part-time (1),10,10,0
S01011301,Economically active: Self-employed: Full-time (1),31,31,0
S01011301,Economically active: Unemployed (1),23,23,0
S01011301,Economically inactive,242,238,4
S01011302,All people aged 16 and over,765,747,18
S01011302,Economically active: Total,358,348,10
S01011302,Economically active: Employee: Total,272,264,8
S01011302,Economically active: Employee: Part-time (1),70,67,3
S01011302,Economically active: Employee: Full-time (1),202,197,5
S01011302,Economically active: Self-employed: Total,23,21,2
S01011302,Economically active: Self-employed: Part-time (1),5,4,1
S01011302,Economically active: Self-employed: Full-time (1),18,17,1
S01011302,Economically active: Unemployed (1),63,63,0
S01011302,Economically inactive,407,399,8
S01011303,All people aged 16 and over,847,822,25
S01011303,Economically active: Total,547,532,15
S01011303,Economically active: Employee: Total,462,451,11
S01011303,Economically active: Employee: Part-time (1),120,117,3
S01011303,Economically active: Employee: Full-time (1),342,334,8
S01011303,Economically active: Self-employed: Total,63,60,3
S01011303,Economically active: Self-employed: Part-time (1),19,18,1
S01011303,Economically active: Self-employed: Full-time (1),44,42,2
S01011303,Economically active: Unemployed (1),22,21,1
S01011303,Economically inactive,300,290,10
S01011304,All people aged 16 and over,540,526,14
S01011304,Economically active: Total,323,315,8
S01011304,Economically active: Employee: Total,261,254,7
S01011304,Economically active: Employee: Part-time (1),81,78,3
S01011304,Economically active: Employee: Full-time (1),180,176,4
S01011304,Economically active: Self-employed: Total,21,20,1
S01011304,Economically active: Self-employed: Part-time (1),5,4,1
S01011304,Economically active: Self-employed: Full-time (1),16,16,0
S01011304,Economically active: Unemployed (1),41,41,0
S01011304,Economically inactive,217,211,6
S01011305,All people aged 16 and over,641,626,15
S01011305,Economically active: Total,431,420,11
S01011305,Economically active: Employee: Total,325,318,7
S01011305,Economically active: Employee: Part-time (1),75,74,1
S01011305,Economically active: Employee: Full-time (1),250,244,6
S01011305,Economically active: Self-employed: Total,41,38,3
S01011305,Economically active: Self-employed: Part-time (1),11,11,0
S01011305,Economically active: Self-employed: Full-time (1),30,27,3
S01011305,Economically active: Unemployed (1),65,64,1
S01011305,Economically inactive,210,206,4
S01011306,All people aged 16 and over,474,463,11
S01011306,Economically active: Total,251,243,8
S01011306,Economically active: Employee: Total,191,183,8
S01011306,Economically active: Employee: Part-time (1),48,48,0
S01011306,Economically active: Employee: Full-time (1),143,135,8
S01011306,Economically active: Self-employed: Total,10,10,0
S01011306,Economically active: Self-employed: Part-time (1),2,2,0
S01011306,Economically active: Self-employed: Full-time (1),8,8,0
S01011306,Economically active: Unemployed (1),50,50,0
S01011306,Economically inactive,223,220,3
S01011307,All people aged 16 and over,382,370,12
S01011307,Economically active: Total,236,230,6
S01011307,Economically active: Employee: Total,155,151,4
S01011307,Economically active: Employee: Part-time (1),35,35,0
S01011307,Economically active: Employee: Full-time (1),120,116,4
S01011307,Economically active: Self-employed: Total,69,68,1
S01011307,Economically active: Self-employed: Part-time (1),11,11,0
S01011307,Economically active: Self-employed: Full-time (1),58,57,1
S01011307,Economically active: Unemployed (1),12,11,1
S01011307,Economically inactive,146,140,6
S01011308,All people aged 16 and over,374,359,15
S01011308,Economically active: Total,237,229,8
S01011308,Economically active: Employee: Total,145,139,6
S01011308,Economically active: Employee: Part-time (1),42,39,3
S01011308,Economically active: Employee: Full-time (1),103,100,3
S01011308,Economically active: Self-employed: Total,77,75,2
S01011308,Economically active: Self-employed: Part-time (1),16,16,0
S01011308,Economically active: Self-employed: Full-time (1),61,59,2
S01011308,Economically active: Unemployed (1),15,15,0
S01011308,Economically inactive,137,130,7
S01011309,All people aged 16 and over,618,594,24
S01011309,Economically active: Total,327,314,13
S01011309,Economically active: Employee: Total,247,237,10
S01011309,Economically active: Employee: Part-time (1),67,66,1
S01011309,Economically active: Employee: Full-time (1),180,171,9
S01011309,Economically active: Self-employed: Total,68,65,3
S01011309,Economically active: Self-employed: Part-time (1),22,21,1
S01011309,Economically active: Self-employed: Full-time (1),46,44,2
S01011309,Economically active: Unemployed (1),12,12,0
S01011309,Economically inactive,291,280,11
S01011310,All people aged 16 and over,591,565,26
S01011310,Economically active: Total,330,312,18
S01011310,Economically active: Employee: Total,242,228,14
S01011310,Economically active: Employee: Part-time (1),72,69,3
S01011310,Economically active: Employee: Full-time (1),170,159,11
S01011310,Economically active: Self-employed: Total,58,57,1
S01011310,Economically active: Self-employed: Part-time (1),14,14,0
S01011310,Economically active: Self-employed: Full-time (1),44,43,1
S01011310,Economically active: Unemployed (1),30,27,3
S01011310,Economically inactive,261,253,8
S01011311,All people aged 16 and over,606,551,55
S01011311,Economically active: Total,349,309,40
S01011311,Economically active: Employee: Total,249,236,13
S01011311,Economically active: Employee: Part-time (1),80,77,3
S01011311,Economically active: Employee: Full-time (1),169,159,10
S01011311,Economically active: Self-employed: Total,87,60,27
S01011311,Economically active: Self-employed: Part-time (1),20,17,3
S01011311,Economically active: Self-employed: Full-time (1),67,43,24
S01011311,Economically active: Unemployed (1),13,13,0
S01011311,Economically inactive,257,242,15
S01011312,All people aged 16 and over,955,921,34
S01011312,Economically active: Total,511,491,20
S01011312,Economically active: Employee: Total,363,348,15
S01011312,Economically active: Employee: Part-time (1),91,88,3
S01011312,Economically active: Employee: Full-time (1),272,260,12
S01011312,Economically active: Self-employed: Total,117,112,5
S01011312,Economically active: Self-employed: Part-time (1),36,33,3
S01011312,Economically active: Self-employed: Full-time (1),81,79,2
S01011312,Economically active: Unemployed (1),31,31,0
S01011312,Economically inactive,444,430,14
S01011313,All people aged 16 and over,614,591,23
S01011313,Economically active: Total,353,333,20
S01011313,Economically active: Employee: Total,266,254,12
S01011313,Economically active: Employee: Part-time (1),74,73,1
S01011313,Economically active: Employee: Full-time (1),192,181,11
S01011313,Economically active: Self-employed: Total,62,54,8
S01011313,Economically active: Self-employed: Part-time (1),25,20,5
S01011313,Economically active: Self-employed: Full-time (1),37,34,3
S01011313,Economically active: Unemployed (1),25,25,0
S01011313,Economically inactive,261,258,3
S01011314,All people aged 16 and over,876,843,33
S01011314,Economically active: Total,554,534,20
S01011314,Economically active: Employee: Total,436,425,11
S01011314,Economically active: Employee: Part-time (1),121,120,1
S01011314,Economically active: Employee: Full-time (1),315,305,10
S01011314,Economically active: Self-employed: Total,80,75,5
S01011314,Economically active: Self-employed: Part-time (1),32,30,2
S01011314,Economically active: Self-employed: Full-time (1),48,45,3
S01011314,Economically active: Unemployed (1),38,34,4
S01011314,Economically inactive,322,309,13
S01011315,All people aged 16 and over,320,306,14
S01011315,Economically active: Total,192,183,9
S01011315,Economically active: Employee: Total,145,141,4
S01011315,Economically active: Employee: Part-time (1),56,54,2
S01011315,Economically active: Employee: Full-time (1),89,87,2
S01011315,Economically active: Self-employed: Total,25,21,4
S01011315,Economically active: Self-employed: Part-time (1),7,4,3
S01011315,Economically active: Self-employed: Full-time (1),18,17,1
S01011315,Economically active: Unemployed (1),22,21,1
S01011315,Economically inactive,128,123,5
S01011316,All people aged 16 and over,574,557,17
S01011316,Economically active: Total,330,319,11
S01011316,Economically active: Employee: Total,255,247,8
S01011316,Economically active: Employee: Part-time (1),92,88,4
S01011316,Economically active: Employee: Full-time (1),163,159,4
S01011316,Economically active: Self-employed: Total,35,34,1
S01011316,Economically active: Self-employed: Part-time (1),7,7,0
S01011316,Economically active: Self-employed: Full-time (1),28,27,1
S01011316,Economically active: Unemployed (1),40,38,2
S01011316,Economically inactive,244,238,6
S01011317,All people aged 16 and over,744,731,13
S01011317,Economically active: Total,292,285,7
S01011317,Economically active: Employee: Total,198,196,2
S01011317,Economically active: Employee: Part-time (1),67,67,0
S01011317,Economically active: Employee: Full-time (1),131,129,2
S01011317,Economically active: Self-employed: Total,67,64,3
S01011317,Economically active: Self-employed: Part-time (1),21,19,2
S01011317,Economically active: Self-employed: Full-time (1),46,45,1
S01011317,Economically active: Unemployed (1),27,25,2
S01011317,Economically inactive,452,446,6
S01011318,All people aged 16 and over,871,827,44
S01011318,Economically active: Total,380,355,25
S01011318,Economically active: Employee: Total,289,269,20
S01011318,Economically active: Employee: Part-time (1),73,66,7
S01011318,Economically active: Employee: Full-time (1),216,203,13
S01011318,Economically active: Self-employed: Total,71,67,4
S01011318,Economically active: Self-employed: Part-time (1),22,20,2
S01011318,Economically active: Self-employed: Full-time (1),49,47,2
S01011318,Economically active: Unemployed (1),20,19,1
S01011318,Economically inactive,491,472,19
S01011319,All people aged 16 and over,758,734,24
S01011319,Economically active: Total,338,325,13
S01011319,Economically active: Employee: Total,270,263,7
S01011319,Economically active: Employee: Part-time (1),85,83,2
S01011319,Economically active: Employee: Full-time (1),185,180,5
S01011319,Economically active: Self-employed: Total,49,43,6
S01011319,Economically active: Self-employed: Part-time (1),16,15,1
S01011319,Economically active: Self-employed: Full-time (1),33,28,5
S01011319,Economically active: Unemployed (1),19,19,0
S01011319,Economically inactive,420,409,11
S01011320,All people aged 16 and over,466,454,12
S01011320,Economically active: Total,230,225,5
S01011320,Economically active: Employee: Total,190,187,3
S01011320,Economically active: Employee: Part-time (1),54,54,0
S01011320,Economically active: Employee: Full-time (1),136,133,3
S01011320,Economically active: Self-employed: Total,23,22,1
S01011320,Economically active: Self-employed: Part-time (1),8,8,0
S01011320,Economically active: Self-employed: Full-time (1),15,14,1
S01011320,Economically active: Unemployed (1),17,16,1
S01011320,Economically inactive,236,229,7
S01011321,All people aged 16 and over,487,460,27
S01011321,Economically active: Total,348,325,23
S01011321,Economically active: Employee: Total,294,272,22
S01011321,Economically active: Employee: Part-time (1),95,93,2
S01011321,Economically active: Employee: Full-time (1),199,179,20
S01011321,Economically active: Self-employed: Total,32,31,1
S01011321,Economically active: Self-employed: Part-time (1),12,12,0
S01011321,Economically active: Self-employed: Full-time (1),20,19,1
S01011321,Economically active: Unemployed (1),22,22,0
S01011321,Economically inactive,139,135,4
S01011322,All people aged 16 and over,494,474,20
S01011322,Economically active: Total,319,307,12
S01011322,Economically active: Employee: Total,268,260,8
S01011322,Economically active: Employee: Part-time (1),89,85,4
S01011322,Economically active: Employee: Full-time (1),179,175,4
S01011322,Economically active: Self-employed: Total,28,26,2
S01011322,Economically active: Self-employed: Part-time (1),10,10,0
S01011322,Economically active: Self-employed: Full-time (1),18,16,2
S01011322,Economically active: Unemployed (1),23,21,2
S01011322,Economically inactive,175,167,8
S01011323,All people aged 16 and over,737,717,20
S01011323,Economically active: Total,467,452,15
S01011323,Economically active: Employee: Total,366,351,15
S01011323,Economically active: Employee: Part-time (1),108,105,3
S01011323,Economically active: Employee: Full-time (1),258,246,12
S01011323,Economically active: Self-employed: Total,46,46,0
S01011323,Economically active: Self-employed: Part-time (1),15,15,0
S01011323,Economically active: Self-employed: Full-time (1),31,31,0
S01011323,Economically active: Unemployed (1),55,55,0
S01011323,Economically inactive,270,265,5
S01011324,All people aged 16 and over,363,331,32
S01011324,Economically active: Total,210,188,22
S01011324,Economically active: Employee: Total,162,141,21
S01011324,Economically active: Employee: Part-time (1),58,54,4
S01011324,Economically active: Employee: Full-time (1),104,87,17
S01011324,Economically active: Self-employed: Total,25,24,1
S01011324,Economically active: Self-employed: Part-time (1),12,11,1
S01011324,Economically active: Self-employed: Full-time (1),13,13,0
S01011324,Economically active: Unemployed (1),23,23,0
S01011324,Economically inactive,153,143,10
S01011325,All people aged 16 and over,652,618,34
S01011325,Economically active: Total,342,320,22
S01011325,Economically active: Employee: Total,254,241,13
S01011325,Economically active: Employee: Part-time (1),79,78,1
S01011325,Economically active: Employee: Full-time (1),175,163,12
S01011325,Economically active: Self-employed: Total,40,36,4
S01011325,Economically active: Self-employed: Part-time (1),14,13,1
S01011325,Economically active: Self-employed: Full-time (1),26,23,3
S01011325,Economically active: Unemployed (1),48,43,5
S01011325,Economically inactive,310,298,12
S01011326,All people aged 16 and over,686,645,41
S01011326,Economically active: Total,323,296,27
S01011326,Economically active: Employee: Total,233,210,23
S01011326,Economically active: Employee: Part-time (1),75,73,2
S01011326,Economically active: Employee: Full-time (1),158,137,21
S01011326,Economically active: Self-employed: Total,43,42,1
S01011326,Economically active: Self-employed: Part-time (1),14,13,1
S01011326,Economically active: Self-employed: Full-time (1),29,29,0
S01011326,Economically active: Unemployed (1),47,44,3
S01011326,Economically inactive,363,349,14
S01011327,All people aged 16 and over,624,604,20
S01011327,Economically active: Total,268,254,14
S01011327,Economically active: Employee: Total,192,185,7
S01011327,Economically active: Employee: Part-time (1),67,65,2
S01011327,Economically active: Employee: Full-time (1),125,120,5
S01011327,Economically active: Self-employed: Total,46,44,2
S01011327,Economically active: Self-employed: Part-time (1),4,4,0
S01011327,Economically active: Self-employed: Full-time (1),42,40,2
S01011327,Economically active: Unemployed (1),30,25,5
S01011327,Economically inactive,356,350,6
S01011328,All people aged 16 and over,595,577,18
S01011328,Economically active: Total,293,283,10
S01011328,Economically active: Employee: Total,204,197,7
S01011328,Economically active: Employee: Part-time (1),64,61,3
S01011328,Economically active: Employee: Full-time (1),140,136,4
S01011328,Economically active: Self-employed: Total,73,71,2
S01011328,Economically active: Self-employed: Part-time (1),19,17,2
S01011328,Economically active: Self-employed: Full-time (1),54,54,0
S01011328,Economically active: Unemployed (1),16,15,1
S01011328,Economically inactive,302,294,8
S01011329,All people aged 16 and over,796,753,43
S01011329,Economically active: Total,369,347,22
S01011329,Economically active: Employee: Total,294,279,15
S01011329,Economically active: Employee: Part-time (1),98,97,1
S01011329,Economically active: Employee: Full-time (1),196,182,14
S01011329,Economically active: Self-employed: Total,47,42,5
S01011329,Economically active: Self-employed: Part-time (1),14,14,0
S01011329,Economically active: Self-employed: Full-time (1),33,28,5
S01011329,Economically active: Unemployed (1),28,26,2
S01011329,Economically inactive,427,406,21
S01011330,All people aged 16 and over,616,595,21
S01011330,Economically active: Total,331,318,13
S01011330,Economically active: Employee: Total,273,265,8
S01011330,Economically active: Employee: Part-time (1),81,79,2
S01011330,Economically active: Employee: Full-time (1),192,186,6
S01011330,Economically active: Self-employed: Total,40,36,4
S01011330,Economically active: Self-employed: Part-time (1),17,15,2
S01011330,Economically active: Self-employed: Full-time (1),23,21,2
S01011330,Economically active: Unemployed (1),18,17,1
S01011330,Economically inactive,285,277,8
S01011331,All people aged 16 and over,636,619,17
S01011331,Economically active: Total,278,269,9
S01011331,Economically active: Employee: Total,238,230,8
S01011331,Economically active: Employee: Part-time (1),57,57,0
S01011331,Economically active: Employee: Full-time (1),181,173,8
S01011331,Economically active: Self-employed: Total,29,28,1
S01011331,Economically active: Self-employed: Part-time (1),11,11,0
S01011331,Economically active: Self-employed: Full-time (1),18,17,1
S01011331,Economically active: Unemployed (1),11,11,0
S01011331,Economically inactive,358,350,8
S01011332,All people aged 16 and over,791,770,21
S01011332,Economically active: Total,397,387,10
S01011332,Economically active: Employee: Total,311,303,8
S01011332,Economically active: Employee: Part-time (1),80,76,4
S01011332,Economically active: Employee: Full-time (1),231,227,4
S01011332,Economically active: Self-employed: Total,65,63,2
S01011332,Economically active: Self-employed: Part-time (1),20,19,1
S01011332,Economically active: Self-employed: Full-time (1),45,44,1
S01011332,Economically active: Unemployed (1),21,21,0
S01011332,Economically inactive,394,383,11
S01011333,All people aged 16 and over,672,645,27
S01011333,Economically active: Total,277,264,13
S01011333,Economically active: Employee: Total,214,203,11
S01011333,Economically active: Employee: Part-time (1),57,55,2
S01011333,Economically active: Employee: Full-time (1),157,148,9
S01011333,Economically active: Self-employed: Total,53,51,2
S01011333,Economically active: Self-employed: Part-time (1),16,14,2
S01011333,Economically active: Self-employed: Full-time (1),37,37,0
S01011333,Economically active: Unemployed (1),10,10,0
S01011333,Economically inactive,395,381,14
S01011334,All people aged 16 and over,591,572,19
S01011334,Economically active: Total,412,399,13
S01011334,Economically active: Employee: Total,271,259,12
S01011334,Economically active: Employee: Part-time (1),82,80,2
S01011334,Economically active: Employee: Full-time (1),189,179,10
S01011334,Economically active: Self-employed: Total,117,116,1
S01011334,Economically active: Self-employed: Part-time (1),15,14,1
S01011334,Economically active: Self-employed: Full-time (1),102,102,0
S01011334,Economically active: Unemployed (1),24,24,0
S01011334,Economically inactive,179,173,6
S01011335,All people aged 16 and over,826,785,41
S01011335,Economically active: Total,410,382,28
S01011335,Economically active: Employee: Total,319,297,22
S01011335,Economically active: Employee: Part-time (1),99,91,8
S01011335,Economically active: Employee: Full-time (1),220,206,14
S01011335,Economically active: Self-employed: Total,69,63,6
S01011335,Economically active: Self-employed: Part-time (1),22,20,2
S01011335,Economically active: Self-employed: Full-time (1),47,43,4
S01011335,Economically active: Unemployed (1),22,22,0
S01011335,Economically inactive,416,403,13
S01011336,All people aged 16 and over,482,463,19
S01011336,Economically active: Total,287,274,13
S01011336,Economically active: Employee: Total,235,224,11
S01011336,Economically active: Employee: Part-time (1),77,76,1
S01011336,Economically active: Employee: Full-time (1),158,148,10
S01011336,Economically active: Self-employed: Total,28,26,2
S01011336,Economically active: Self-employed: Part-time (1),10,10,0
S01011336,Economically active: Self-employed: Full-time (1),18,16,2
S01011336,Economically active: Unemployed (1),24,24,0
S01011336,Economically inactive,195,189,6
S01011337,All people aged 16 and over,588,560,28
S01011337,Economically active: Total,336,317,19
S01011337,Economically active: Employee: Total,247,234,13
S01011337,Economically active: Employee: Part-time (1),68,65,3
S01011337,Economically active: Employee: Full-time (1),179,169,10
S01011337,Economically active: Self-employed: Total,69,63,6
S01011337,Economically active: Self-employed: Part-time (1),19,18,1
S01011337,Economically active: Self-employed: Full-time (1),50,45,5
S01011337,Economically active: Unemployed (1),20,20,0
S01011337,Economically inactive,252,243,9
S01011338,All people aged 16 and over,510,500,10
S01011338,Economically active: Total,347,338,9
S01011338,Economically active: Employee: Total,271,263,8
S01011338,Economically active: Employee: Part-time (1),67,66,1
S01011338,Economically active: Employee: Full-time (1),204,197,7
S01011338,Economically active: Self-employed: Total,24,23,1
S01011338,Economically active: Self-employed: Part-time (1),4,4,0
S01011338,Economically active: Self-employed: Full-time (1),20,19,1
S01011338,Economically active: Unemployed (1),52,52,0
S01011338,Economically inactive,163,162,1
S01011339,All people aged 16 and over,454,443,11
S01011339,Economically active: Total,262,256,6
S01011339,Economically active: Employee: Total,215,209,6
S01011339,Economically active: Employee: Part-time (1),67,66,1
S01011339,Economically active: Employee: Full-time (1),148,143,5
S01011339,Economically active: Self-employed: Total,15,15,0
S01011339,Economically active: Self-employed: Part-time (1),2,2,0
S01011339,Economically active: Self-employed: Full-time (1),13,13,0
S01011339,Economically active: Unemployed (1),32,32,0
S01011339,Economically inactive,192,187,5
S01011340,All people aged 16 and over,553,542,11
S01011340,Economically active: Total,317,311,6
S01011340,Economically active: Employee: Total,246,241,5
S01011340,Economically active: Employee: Part-time (1),74,70,4
S01011340,Economically active: Employee: Full-time (1),172,171,1
S01011340,Economically active: Self-employed: Total,28,27,1
S01011340,Economically active: Self-employed: Part-time (1),6,6,0
S01011340,Economically active: Self-employed: Full-time (1),22,21,1
S01011340,Economically active: Unemployed (1),43,43,0
S01011340,Economically inactive,236,231,5
S01011341,All people aged 16 and over,595,575,20
S01011341,Economically active: Total,385,367,18
S01011341,Economically active: Employee: Total,311,297,14
S01011341,Economically active: Employee: Part-time (1),87,84,3
S01011341,Economically active: Employee: Full-time (1),224,213,11
S01011341,Economically active: Self-employed: Total,21,17,4
S01011341,Economically active: Self-employed: Part-time (1),4,2,2
S01011341,Economically active: Self-employed: Full-time (1),17,15,2
S01011341,Economically active: Unemployed (1),53,53,0
S01011341,Economically inactive,210,208,2
S01011342,All people aged 16 and over,583,573,10
S01011342,Economically active: Total,359,352,7
S01011342,Economically active: Employee: Total,302,296,6
S01011342,Economically active: Employee: Part-time (1),65,65,0
S01011342,Economically active: Employee: Full-time (1),237,231,6
S01011342,Economically active: Self-employed: Total,31,30,1
S01011342,Economically active: Self-employed: Part-time (1),7,7,0
S01011342,Economically active: Self-employed: Full-time (1),24,23,1
S01011342,Economically active: Unemployed (1),26,26,0
S01011342,Economically inactive,224,221,3
S01011343,All people aged 16 and over,698,685,13
S01011343,Economically active: Total,397,389,8
S01011343,Economically active: Employee: Total,303,298,5
S01011343,Economically active: Employee: Part-time (1),82,81,1
S01011343,Economically active: Employee: Full-time (1),221,217,4
S01011343,Economically active: Self-employed: Total,25,24,1
S01011343,Economically active: Self-employed: Part-time (1),8,7,1
S01011343,Economically active: Self-employed: Full-time (1),17,17,0
S01011343,Economically active: Unemployed (1),69,67,2
S01011343,Economically inactive,301,296,5
S01011344,All people aged 16 and over,696,684,12
S01011344,Economically active: Total,407,395,12
S01011344,Economically active: Employee: Total,299,290,9
S01011344,Economically active: Employee: Part-time (1),92,91,1
S01011344,Economically active: Employee: Full-time (1),207,199,8
S01011344,Economically active: Self-employed: Total,24,22,2
S01011344,Economically active: Self-employed: Part-time (1),10,9,1
S01011344,Economically active: Self-employed: Full-time (1),14,13,1
S01011344,Economically active: Unemployed (1),84,83,1
S01011344,Economically inactive,289,289,0
S01011345,All people aged 16 and over,598,584,14
S01011345,Economically active: Total,383,376,7
S01011345,Economically active: Employee: Total,291,284,7
S01011345,Economically active: Employee: Part-time (1),108,107,1
S01011345,Economically active: Employee: Full-time (1),183,177,6
S01011345,Economically active: Self-employed: Total,18,18,0
S01011345,Economically active: Self-employed: Part-time (1),3,3,0
S01011345,Economically active: Self-employed: Full-time (1),15,15,0
S01011345,Economically active: Unemployed (1),74,74,0
S01011345,Economically inactive,215,208,7
S01011346,All people aged 16 and over,569,560,9
S01011346,Economically active: Total,333,328,5
S01011346,Economically active: Employee: Total,261,257,4
S01011346,Economically active: Employee: Part-time (1),72,72,0
S01011346,Economically active: Employee: Full-time (1),189,185,4
S01011346,Economically active: Self-employed: Total,31,30,1
S01011346,Economically active: Self-employed: Part-time (1),9,8,1
S01011346,Economically active: Self-employed: Full-time (1),22,22,0
S01011346,Economically active: Unemployed (1),41,41,0
S01011346,Economically inactive,236,232,4
S01011347,All people aged 16 and over,886,867,19
S01011347,Economically active: Total,498,488,10
S01011347,Economically active: Employee: Total,385,377,8
S01011347,Economically active: Employee: Part-time (1),103,102,1
S01011347,Economically active: Employee: Full-time (1),282,275,7
S01011347,Economically active: Self-employed: Total,48,47,1
S01011347,Economically active: Self-employed: Part-time (1),12,12,0
S01011347,Economically active: Self-employed: Full-time (1),36,35,1
S01011347,Economically active: Unemployed (1),65,64,1
S01011347,Economically inactive,388,379,9
S01011348,All people aged 16 and over,738,723,15
S01011348,Economically active: Total,445,435,10
S01011348,Economically active: Employee: Total,344,335,9
S01011348,Economically active: Employee: Part-time (1),79,78,1
S01011348,Economically active: Employee: Full-time (1),265,257,8
S01011348,Economically active: Self-employed: Total,30,30,0
S01011348,Economically active: Self-employed: Part-time (1),11,11,0
S01011348,Economically active: Self-employed: Full-time (1),19,19,0
S01011348,Economically active: Unemployed (1),71,70,1
S01011348,Economically inactive,293,288,5
S01011349,All people aged 16 and over,741,726,15
S01011349,Economically active: Total,585,577,8
S01011349,Economically active: Employee: Total,501,497,4
S01011349,Economically active: Employee: Part-time (1),115,115,0
S01011349,Economically active: Employee: Full-time (1),386,382,4
S01011349,Economically active: Self-employed: Total,54,50,4
S01011349,Economically active: Self-employed: Part-time (1),8,8,0
S01011349,Economically active: Self-employed: Full-time (1),46,42,4
S01011349,Economically active: Unemployed (1),30,30,0
S01011349,Economically inactive,156,149,7
S01011350,All people aged 16 and over,571,559,12
S01011350,Economically active: Total,333,326,7
S01011350,Economically active: Employee: Total,261,257,4
S01011350,Economically active: Employee: Part-time (1),73,72,1
S01011350,Economically active: Employee: Full-time (1),188,185,3
S01011350,Economically active: Self-employed: Total,57,55,2
S01011350,Economically active: Self-employed: Part-time (1),14,14,0
S01011350,Economically active: Self-employed: Full-time (1),43,41,2
S01011350,Economically active: Unemployed (1),15,14,1
S01011350,Economically inactive,238,233,5
S01011351,All people aged 16 and over,576,560,16
S01011351,Economically active: Total,316,309,7
S01011351,Economically active: Employee: Total,247,242,5
S01011351,Economically active: Employee: Part-time (1),71,70,1
S01011351,Economically active: Employee: Full-time (1),176,172,4
S01011351,Economically active: Self-employed: Total,18,17,1
S01011351,Economically active: Self-employed: Part-time (1),7,7,0
S01011351,Economically active: Self-employed: Full-time (1),11,10,1
S01011351,Economically active: Unemployed (1),51,50,1
S01011351,Economically inactive,260,251,9
S01011352,All people aged 16 and over,552,540,12
S01011352,Economically active: Total,345,336,9
S01011352,Economically active: Employee: Total,267,261,6
S01011352,Economically active: Employee: Part-time (1),70,66,4
S01011352,Economically active: Employee: Full-time (1),197,195,2
S01011352,Economically active: Self-employed: Total,34,32,2
S01011352,Economically active: Self-employed: Part-time (1),11,9,2
S01011352,Economically active: Self-employed: Full-time (1),23,23,0
S01011352,Economically active: Unemployed (1),44,43,1
S01011352,Economically inactive,207,204,3
S01011353,All people aged 16 and over,556,547,9
S01011353,Economically active: Total,324,319,5
S01011353,Economically active: Employee: Total,265,262,3
S01011353,Economically active: Employee: Part-time (1),68,68,0
S01011353,Economically active: Employee: Full-time (1),197,194,3
S01011353,Economically active: Self-employed: Total,32,31,1
S01011353,Economically active: Self-employed: Part-time (1),10,10,0
S01011353,Economically active: Self-employed: Full-time (1),22,21,1
S01011353,Economically active: Unemployed (1),27,26,1
S01011353,Economically inactive,232,228,4
S01011354,All people aged 16 and over,608,590,18
S01011354,Economically active: Total,363,349,14
S01011354,Economically active: Employee: Total,294,283,11
S01011354,Economically active: Employee: Part-time (1),83,78,5
S01011354,Economically active: Employee: Full-time (1),211,205,6
S01011354,Economically active: Self-employed: Total,45,44,1
S01011354,Economically active: Self-employed: Part-time (1),15,15,0
S01011354,Economically active: Self-employed: Full-time (1),30,29,1
S01011354,Economically active: Unemployed (1),24,22,2
S01011354,Economically inactive,245,241,4
S01011355,All people aged 16 and over,805,791,14
S01011355,Economically active: Total,470,460,10
S01011355,Economically active: Employee: Total,398,390,8
S01011355,Economically active: Employee: Part-time (1),96,96,0
S01011355,Economically active: Employee: Full-time (1),302,294,8
S01011355,Economically active: Self-employed: Total,42,40,2
S01011355,Economically active: Self-employed: Part-time (1),11,10,1
S01011355,Economically active: Self-employed: Full-time (1),31,30,1
S01011355,Economically active: Unemployed (1),30,30,0
S01011355,Economically inactive,335,331,4
S01011356,All people aged 16 and over,791,771,20
S01011356,Economically active: Total,548,537,11
S01011356,Economically active: Employee: Total,373,365,8
S01011356,Economically active: Employee: Part-time (1),85,85,0
S01011356,Economically active: Employee: Full-time (1),288,280,8
S01011356,Economically active: Self-employed: Total,152,152,0
S01011356,Economically active: Self-employed: Part-time (1),26,26,0
S01011356,Economically active: Self-employed: Full-time (1),126,126,0
S01011356,Economically active: Unemployed (1),23,20,3
S01011356,Economically inactive,243,234,9
S01011357,All people aged 16 and over,711,703,8
S01011357,Economically active: Total,408,401,7
S01011357,Economically active: Employee: Total,345,338,7
S01011357,Economically active: Employee: Part-time (1),105,105,0
S01011357,Economically active: Employee: Full-time (1),240,233,7
S01011357,Economically active: Self-employed: Total,41,41,0
S01011357,Economically active: Self-employed: Part-time (1),6,6,0
S01011357,Economically active: Self-employed: Full-time (1),35,35,0
S01011357,Economically active: Unemployed (1),22,22,0
S01011357,Economically inactive,303,302,1
S01011358,All people aged 16 and over,434,425,9
S01011358,Economically active: Total,353,346,7
S01011358,Economically active: Employee: Total,318,311,7
S01011358,Economically active: Employee: Part-time (1),83,83,0
S01011358,Economically active: Employee: Full-time (1),235,228,7
S01011358,Economically active: Self-employed: Total,15,15,0
S01011358,Economically active: Self-employed: Part-time (1),5,5,0
S01011358,Economically active: Self-employed: Full-time (1),10,10,0
S01011358,Economically active: Unemployed (1),20,20,0
S01011358,Economically inactive,81,79,2
S01011359,All people aged 16 and over,646,636,10
S01011359,Economically active: Total,340,334,6
S01011359,Economically active: Employee: Total,266,263,3
S01011359,Economically active: Employee: Part-time (1),60,59,1
S01011359,Economically active: Employee: Full-time (1),206,204,2
S01011359,Economically active: Self-employed: Total,32,29,3
S01011359,Economically active: Self-employed: Part-time (1),10,9,1
S01011359,Economically active: Self-employed: Full-time (1),22,20,2
S01011359,Economically active: Unemployed (1),42,42,0
S01011359,Economically inactive,306,302,4
S01011360,All people aged 16 and over,573,478,95
S01011360,Economically active: Total,394,315,79
S01011360,Economically active: Employee: Total,302,232,70
S01011360,Economically active: Employee: Part-time (1),89,75,14
S01011360,Economically active: Employee: Full-time (1),213,157,56
S01011360,Economically active: Self-employed: Total,16,13,3
S01011360,Economically active: Self-employed: Part-time (1),5,4,1
S01011360,Economically active: Self-employed: Full-time (1),11,9,2
S01011360,Economically active: Unemployed (1),76,70,6
S01011360,Economically inactive,179,163,16
S01011361,All people aged 16 and over,464,395,69
S01011361,Economically active: Total,281,220,61
S01011361,Economically active: Employee: Total,178,125,53
S01011361,Economically active: Employee: Part-time (1),53,42,11
S01011361,Economically active: Employee: Full-time (1),125,83,42
S01011361,Economically active: Self-employed: Total,15,11,4
S01011361,Economically active: Self-employed: Part-time (1),5,4,1
S01011361,Economically active: Self-employed: Full-time (1),10,7,3
S01011361,Economically active: Unemployed (1),88,84,4
S01011361,Economically inactive,183,175,8
S01011362,All people aged 16 and over,428,401,27
S01011362,Economically active: Total,334,314,20
S01011362,Economically active: Employee: Total,271,258,13
S01011362,Economically active: Employee: Part-time (1),54,53,1
S01011362,Economically active: Employee: Full-time (1),217,205,12
S01011362,Economically active: Self-employed: Total,54,48,6
S01011362,Economically active: Self-employed: Part-time (1),12,12,0
S01011362,Economically active: Self-employed: Full-time (1),42,36,6
S01011362,Economically active: Unemployed (1),9,8,1
S01011362,Economically inactive,94,87,7
S01011363,All people aged 16 and over,764,748,16
S01011363,Economically active: Total,400,390,10
S01011363,Economically active: Employee: Total,316,308,8
S01011363,Economically active: Employee: Part-time (1),85,82,3
S01011363,Economically active: Employee: Full-time (1),231,226,5
S01011363,Economically active: Self-employed: Total,43,41,2
S01011363,Economically active: Self-employed: Part-time (1),3,3,0
S01011363,Economically active: Self-employed: Full-time (1),40,38,2
S01011363,Economically active: Unemployed (1),41,41,0
S01011363,Economically inactive,364,358,6
S01011364,All people aged 16 and over,521,513,8
S01011364,Economically active: Total,349,342,7
S01011364,Economically active: Employee: Total,304,299,5
S01011364,Economically active: Employee: Part-time (1),81,81,0
S01011364,Economically active: Employee: Full-time (1),223,218,5
S01011364,Economically active: Self-employed: Total,22,20,2
S01011364,Economically active: Self-employed: Part-time (1),7,6,1
S01011364,Economically active: Self-employed: Full-time (1),15,14,1
S01011364,Economically active: Unemployed (1),23,23,0
S01011364,Economically inactive,172,171,1
S01011365,All people aged 16 and over,449,439,10
S01011365,Economically active: Total,364,359,5
S01011365,Economically active: Employee: Total,320,316,4
S01011365,Economically active: Employee: Part-time (1),83,81,2
S01011365,Economically active: Employee: Full-time (1),237,235,2
S01011365,Economically active: Self-employed: Total,23,22,1
S01011365,Economically active: Self-employed: Part-time (1),2,2,0
S01011365,Economically active: Self-employed: Full-time (1),21,20,1
S01011365,Economically active: Unemployed (1),21,21,0
S01011365,Economically inactive,85,80,5
S01011366,All people aged 16 and over,454,447,7
S01011366,Economically active: Total,205,201,4
S01011366,Economically active: Employee: Total,178,175,3
S01011366,Economically active: Employee: Part-time (1),38,38,0
S01011366,Economically active: Employee: Full-time (1),140,137,3
S01011366,Economically active: Self-employed: Total,12,11,1
S01011366,Economically active: Self-employed: Part-time (1),2,2,0
S01011366,Economically active: Self-employed: Full-time (1),10,9,1
S01011366,Economically active: Unemployed (1),15,15,0
S01011366,Economically inactive,249,246,3
S01011367,All people aged 16 and over,688,677,11
S01011367,Economically active: Total,406,396,10
S01011367,Economically active: Employee: Total,341,331,10
S01011367,Economically active: Employee: Part-time (1),89,86,3
S01011367,Economically active: Employee: Full-time (1),252,245,7
S01011367,Economically active: Self-employed: Total,23,23,0
S01011367,Economically active: Self-employed: Part-time (1),7,7,0
S01011367,Economically active: Self-employed: Full-time (1),16,16,0
S01011367,Economically active: Unemployed (1),42,42,0
S01011367,Economically inactive,282,281,1
S01011368,All people aged 16 and over,628,592,36
S01011368,Economically active: Total,544,514,30
S01011368,Economically active: Employee: Total,480,456,24
S01011368,Economically active: Employee: Part-time (1),110,105,5
S01011368,Economically active: Employee: Full-time (1),370,351,19
S01011368,Economically active: Self-employed: Total,48,43,5
S01011368,Economically active: Self-employed: Part-time (1),8,7,1
S01011368,Economically active: Self-employed: Full-time (1),40,36,4
S01011368,Economically active: Unemployed (1),16,15,1
S01011368,Economically inactive,84,78,6
S01011369,All people aged 16 and over,677,646,31
S01011369,Economically active: Total,407,386,21
S01011369,Economically active: Employee: Total,326,309,17
S01011369,Economically active: Employee: Part-time (1),93,92,1
S01011369,Economically active: Employee: Full-time (1),233,217,16
S01011369,Economically active: Self-employed: Total,31,30,1
S01011369,Economically active: Self-employed: Part-time (1),12,11,1
S01011369,Economically active: Self-employed: Full-time (1),19,19,0
S01011369,Economically active: Unemployed (1),50,47,3
S01011369,Economically inactive,270,260,10
S01011370,All people aged 16 and over,631,598,33
S01011370,Economically active: Total,494,471,23
S01011370,Economically active: Employee: Total,444,424,20
S01011370,Economically active: Employee: Part-time (1),84,77,7
S01011370,Economically active: Employee: Full-time (1),360,347,13
S01011370,Economically active: Self-employed: Total,22,20,2
S01011370,Economically active: Self-employed: Part-time (1),4,4,0
S01011370,Economically active: Self-employed: Full-time (1),18,16,2
S01011370,Economically active: Unemployed (1),28,27,1
S01011370,Economically inactive,137,127,10
S01011371,All people aged 16 and over,763,724,39
S01011371,Economically active: Total,493,461,32
S01011371,Economically active: Employee: Total,373,352,21
S01011371,Economically active: Employee: Part-time (1),103,95,8
S01011371,Economically active: Employee: Full-time (1),270,257,13
S01011371,Economically active: Self-employed: Total,27,23,4
S01011371,Economically active: Self-employed: Part-time (1),6,4,2
S01011371,Economically active: Self-employed: Full-time (1),21,19,2
S01011371,Economically active: Unemployed (1),93,86,7
S01011371,Economically inactive,270,263,7
S01011372,All people aged 16 and over,574,524,50
S01011372,Economically active: Total,334,290,44
S01011372,Economically active: Employee: Total,244,212,32
S01011372,Economically active: Employee: Part-time (1),67,63,4
S01011372,Economically active: Employee: Full-time (1),177,149,28
S01011372,Economically active: Self-employed: Total,13,8,5
S01011372,Economically active: Self-employed: Part-time (1),3,2,1
S01011372,Economically active: Self-employed: Full-time (1),10,6,4
S01011372,Economically active: Unemployed (1),77,70,7
S01011372,Economically inactive,240,234,6
S01011373,All people aged 16 and over,554,530,24
S01011373,Economically active: Total,321,302,19
S01011373,Economically active: Employee: Total,232,220,12
S01011373,Economically active: Employee: Part-time (1),67,60,7
S01011373,Economically active: Employee: Full-time (1),165,160,5
S01011373,Economically active: Self-employed: Total,21,18,3
S01011373,Economically active: Self-employed: Part-time (1),6,6,0
S01011373,Economically active: Self-employed: Full-time (1),15,12,3
S01011373,Economically active: Unemployed (1),68,64,4
S01011373,Economically inactive,233,228,5
S01011374,All people aged 16 and over,537,521,16
S01011374,Economically active: Total,423,409,14
S01011374,Economically active: Employee: Total,371,358,13
S01011374,Economically active: Employee: Part-time (1),78,76,2
S01011374,Economically active: Employee: Full-time (1),293,282,11
S01011374,Economically active: Self-employed: Total,21,20,1
S01011374,Economically active: Self-employed: Part-time (1),6,6,0
S01011374,Economically active: Self-employed: Full-time (1),15,14,1
S01011374,Economically active: Unemployed (1),31,31,0
S01011374,Economically inactive,114,112,2
S01011375,All people aged 16 and over,535,516,19
S01011375,Economically active: Total,357,342,15
S01011375,Economically active: Employee: Total,287,274,13
S01011375,Economically active: Employee: Part-time (1),88,84,4
S01011375,Economically active: Employee: Full-time (1),199,190,9
S01011375,Economically active: Self-employed: Total,24,23,1
S01011375,Economically active: Self-employed: Part-time (1),7,7,0
S01011375,Economically active: Self-employed: Full-time (1),17,16,1
S01011375,Economically active: Unemployed (1),46,45,1
S01011375,Economically inactive,178,174,4
S01011376,All people aged 16 and over,431,419,12
S01011376,Economically active: Total,229,218,11
S01011376,Economically active: Employee: Total,188,179,9
S01011376,Economically active: Employee: Part-time (1),48,47,1
S01011376,Economically active: Employee: Full-time (1),140,132,8
S01011376,Economically active: Self-employed: Total,17,17,0
S01011376,Economically active: Self-employed: Part-time (1),11,11,0
S01011376,Economically active: Self-employed: Full-time (1),6,6,0
S01011376,Economically active: Unemployed (1),24,22,2
S01011376,Economically inactive,202,201,1
S01011377,All people aged 16 and over,506,494,12
S01011377,Economically active: Total,338,330,8
S01011377,Economically active: Employee: Total,275,270,5
S01011377,Economically active: Employee: Part-time (1),55,54,1
S01011377,Economically active: Employee: Full-time (1),220,216,4
S01011377,Economically active: Self-employed: Total,42,41,1
S01011377,Economically active: Self-employed: Part-time (1),14,14,0
S01011377,Economically active: Self-employed: Full-time (1),28,27,1
S01011377,Economically active: Unemployed (1),21,19,2
S01011377,Economically inactive,168,164,4
S01011378,All people aged 16 and over,676,664,12
S01011378,Economically active: Total,381,370,11
S01011378,Economically active: Employee: Total,318,311,7
S01011378,Economically active: Employee: Part-time (1),92,89,3
S01011378,Economically active: Employee: Full-time (1),226,222,4
S01011378,Economically active: Self-employed: Total,37,35,2
S01011378,Economically active: Self-employed: Part-time (1),12,12,0
S01011378,Economically active: Self-employed: Full-time (1),25,23,2
S01011378,Economically active: Unemployed (1),26,24,2
S01011378,Economically inactive,295,294,1
S01011379,All people aged 16 and over,740,723,17
S01011379,Economically active: Total,549,533,16
S01011379,Economically active: Employee: Total,471,457,14
S01011379,Economically active: Employee: Part-time (1),116,112,4
S01011379,Economically active: Employee: Full-time (1),355,345,10
S01011379,Economically active: Self-employed: Total,56,54,2
S01011379,Economically active: Self-employed: Part-time (1),13,13,0
S01011379,Economically active: Self-employed: Full-time (1),43,41,2
S01011379,Economically active: Unemployed (1),22,22,0
S01011379,Economically inactive,191,190,1
S01011380,All people aged 16 and over,583,550,33
S01011380,Economically active: Total,372,347,25
S01011380,Economically active: Employee: Total,315,295,20
S01011380,Economically active: Employee: Part-time (1),81,77,4
S01011380,Economically active: Employee: Full-time (1),234,218,16
S01011380,Economically active: Self-employed: Total,26,23,3
S01011380,Economically active: Self-employed: Part-time (1),10,9,1
S01011380,Economically active: Self-employed: Full-time (1),16,14,2
S01011380,Economically active: Unemployed (1),31,29,2
S01011380,Economically inactive,211,203,8
S01011381,All people aged 16 and over,528,507,21
S01011381,Economically active: Total,333,320,13
S01011381,Economically active: Employee: Total,276,265,11
S01011381,Economically active: Employee: Part-time (1),65,63,2
S01011381,Economically active: Employee: Full-time (1),211,202,9
S01011381,Economically active: Self-employed: Total,34,33,1
S01011381,Economically active: Self-employed: Part-time (1),6,5,1
S01011381,Economically active: Self-employed: Full-time (1),28,28,0
S01011381,Economically active: Unemployed (1),23,22,1
S01011381,Economically inactive,195,187,8
S01011382,All people aged 16 and over,437,409,28
S01011382,Economically active: Total,302,281,21
S01011382,Economically active: Employee: Total,239,227,12
S01011382,Economically active: Employee: Part-time (1),62,59,3
S01011382,Economically active: Employee: Full-time (1),177,168,9
S01011382,Economically active: Self-employed: Total,31,27,4
S01011382,Economically active: Self-employed: Part-time (1),7,7,0
S01011382,Economically active: Self-employed: Full-time (1),24,20,4
S01011382,Economically active: Unemployed (1),32,27,5
S01011382,Economically inactive,135,128,7
S01011383,All people aged 16 and over,568,560,8
S01011383,Economically active: Total,284,278,6
S01011383,Economically active: Employee: Total,225,221,4
S01011383,Economically active: Employee: Part-time (1),79,78,1
S01011383,Economically active: Employee: Full-time (1),146,143,3
S01011383,Economically active: Self-employed: Total,7,7,0
S01011383,Economically active: Self-employed: Part-time (1),2,2,0
S01011383,Economically active: Self-employed: Full-time (1),5,5,0
S01011383,Economically active: Unemployed (1),52,50,2
S01011383,Economically inactive,284,282,2
S01011384,All people aged 16 and over,522,516,6
S01011384,Economically active: Total,295,292,3
S01011384,Economically active: Employee: Total,187,184,3
S01011384,Economically active: Employee: Part-time (1),73,72,1
S01011384,Economically active: Employee: Full-time (1),114,112,2
S01011384,Economically active: Self-employed: Total,19,19,0
S01011384,Economically active: Self-employed: Part-time (1),5,5,0
S01011384,Economically active: Self-employed: Full-time (1),14,14,0
S01011384,Economically active: Unemployed (1),89,89,0
S01011384,Economically inactive,227,224,3
S01011385,All people aged 16 and over,770,758,12
S01011385,Economically active: Total,426,419,7
S01011385,Economically active: Employee: Total,332,325,7
S01011385,Economically active: Employee: Part-time (1),104,103,1
S01011385,Economically active: Employee: Full-time (1),228,222,6
S01011385,Economically active: Self-employed: Total,25,25,0
S01011385,Economically active: Self-employed: Part-time (1),8,8,0
S01011385,Economically active: Self-employed: Full-time (1),17,17,0
S01011385,Economically active: Unemployed (1),69,69,0
S01011385,Economically inactive,344,339,5
S01011386,All people aged 16 and over,468,464,4
S01011386,Economically active: Total,271,269,2
S01011386,Economically active: Employee: Total,195,194,1
S01011386,Economically active: Employee: Part-time (1),75,75,0
S01011386,Economically active: Employee: Full-time (1),120,119,1
S01011386,Economically active: Self-employed: Total,13,13,0
S01011386,Economically active: Self-employed: Part-time (1),6,6,0
S01011386,Economically active: Self-employed: Full-time (1),7,7,0
S01011386,Economically active: Unemployed (1),63,62,1
S01011386,Economically inactive,197,195,2
S01011387,All people aged 16 and over,657,623,34
S01011387,Economically active: Total,374,343,31
S01011387,Economically active: Employee: Total,290,262,28
S01011387,Economically active: Employee: Part-time (1),84,78,6
S01011387,Economically active: Employee: Full-time (1),206,184,22
S01011387,Economically active: Self-employed: Total,14,12,2
S01011387,Economically active: Self-employed: Part-time (1),2,2,0
S01011387,Economically active: Self-employed: Full-time (1),12,10,2
S01011387,Economically active: Unemployed (1),70,69,1
S01011387,Economically inactive,283,280,3
S01011388,All people aged 16 and over,816,787,29
S01011388,Economically active: Total,641,621,20
S01011388,Economically active: Employee: Total,563,549,14
S01011388,Economically active: Employee: Part-time (1),129,125,4
S01011388,Economically active: Employee: Full-time (1),434,424,10
S01011388,Economically active: Self-employed: Total,42,39,3
S01011388,Economically active: Self-employed: Part-time (1),11,10,1
S01011388,Economically active: Self-employed: Full-time (1),31,29,2
S01011388,Economically active: Unemployed (1),36,33,3
S01011388,Economically inactive,175,166,9
S01011389,All people aged 16 and over,667,649,18
S01011389,Economically active: Total,430,415,15
S01011389,Economically active: Employee: Total,326,312,14
S01011389,Economically active: Employee: Part-time (1),90,87,3
S01011389,Economically active: Employee: Full-time (1),236,225,11
S01011389,Economically active: Self-employed: Total,29,28,1
S01011389,Economically active: Self-employed: Part-time (1),6,6,0
S01011389,Economically active: Self-employed: Full-time (1),23,22,1
S01011389,Economically active: Unemployed (1),75,75,0
S01011389,Economically inactive,237,234,3
S01011390,All people aged 16 and over,666,659,7
S01011390,Economically active: Total,381,374,7
S01011390,Economically active: Employee: Total,312,307,5
S01011390,Economically active: Employee: Part-time (1),90,89,1
S01011390,Economically active: Employee: Full-time (1),222,218,4
S01011390,Economically active: Self-employed: Total,17,16,1
S01011390,Economically active: Self-employed: Part-time (1),7,6,1
S01011390,Economically active: Self-employed: Full-time (1),10,10,0
S01011390,Economically active: Unemployed (1),52,51,1
S01011390,Economically inactive,285,285,0
S01011391,All people aged 16 and over,509,500,9
S01011391,Economically active: Total,321,315,6
S01011391,Economically active: Employee: Total,265,260,5
S01011391,Economically active: Employee: Part-time (1),94,93,1
S01011391,Economically active: Employee: Full-time (1),171,167,4
S01011391,Economically active: Self-employed: Total,19,18,1
S01011391,Economically active: Self-employed: Part-time (1),7,6,1
S01011391,Economically active: Self-employed: Full-time (1),12,12,0
S01011391,Economically active: Unemployed (1),37,37,0
S01011391,Economically inactive,188,185,3
S01011392,All people aged 16 and over,542,528,14
S01011392,Economically active: Total,348,338,10
S01011392,Economically active: Employee: Total,260,252,8
S01011392,Economically active: Employee: Part-time (1),91,89,2
S01011392,Economically active: Employee: Full-time (1),169,163,6
S01011392,Economically active: Self-employed: Total,22,22,0
S01011392,Economically active: Self-employed: Part-time (1),4,4,0
S01011392,Economically active: Self-employed: Full-time (1),18,18,0
S01011392,Economically active: Unemployed (1),66,64,2
S01011392,Economically inactive,194,190,4
S01011393,All people aged 16 and over,713,701,12
S01011393,Economically active: Total,408,399,9
S01011393,Economically active: Employee: Total,312,304,8
S01011393,Economically active: Employee: Part-time (1),87,83,4
S01011393,Economically active: Employee: Full-time (1),225,221,4
S01011393,Economically active: Self-employed: Total,44,43,1
S01011393,Economically active: Self-employed: Part-time (1),8,7,1
S01011393,Economically active: Self-employed: Full-time (1),36,36,0
S01011393,Economically active: Unemployed (1),52,52,0
S01011393,Economically inactive,305,302,3
S01011394,All people aged 16 and over,419,408,11
S01011394,Economically active: Total,333,327,6
S01011394,Economically active: Employee: Total,297,293,4
S01011394,Economically active: Employee: Part-time (1),73,73,0
S01011394,Economically active: Employee: Full-time (1),224,220,4
S01011394,Economically active: Self-employed: Total,23,22,1
S01011394,Economically active: Self-employed: Part-time (1),6,6,0
S01011394,Economically active: Self-employed: Full-time (1),17,16,1
S01011394,Economically active: Unemployed (1),13,12,1
S01011394,Economically inactive,86,81,5
S01011395,All people aged 16 and over,646,634,12
S01011395,Economically active: Total,363,355,8
S01011395,Economically active: Employee: Total,292,286,6
S01011395,Economically active: Employee: Part-time (1),76,73,3
S01011395,Economically active: Employee: Full-time (1),216,213,3
S01011395,Economically active: Self-employed: Total,33,32,1
S01011395,Economically active: Self-employed: Part-time (1),9,9,0
S01011395,Economically active: Self-employed: Full-time (1),24,23,1
S01011395,Economically active: Unemployed (1),38,37,1
S01011395,Economically inactive,283,279,4
S01011396,All people aged 16 and over,663,648,15
S01011396,Economically active: Total,352,342,10
S01011396,Economically active: Employee: Total,289,281,8
S01011396,Economically active: Employee: Part-time (1),71,70,1
S01011396,Economically active: Employee: Full-time (1),218,211,7
S01011396,Economically active: Self-employed: Total,27,27,0
S01011396,Economically active: Self-employed: Part-time (1),3,3,0
S01011396,Economically active: Self-employed: Full-time (1),24,24,0
S01011396,Economically active: Unemployed (1),36,34,2
S01011396,Economically inactive,311,306,5
S01011397,All people aged 16 and over,689,669,20
S01011397,Economically active: Total,359,346,13
S01011397,Economically active: Employee: Total,288,281,7
S01011397,Economically active: Employee: Part-time (1),81,79,2
S01011397,Economically active: Employee: Full-time (1),207,202,5
S01011397,Economically active: Self-employed: Total,20,17,3
S01011397,Economically active: Self-employed: Part-time (1),3,2,1
S01011397,Economically active: Self-employed: Full-time (1),17,15,2
S01011397,Economically active: Unemployed (1),51,48,3
S01011397,Economically inactive,330,323,7
S01011398,All people aged 16 and over,591,581,10
S01011398,Economically active: Total,350,340,10
S01011398,Economically active: Employee: Total,261,252,9
S01011398,Economically active: Employee: Part-time (1),78,74,4
S01011398,Economically active: Employee: Full-time (1),183,178,5
S01011398,Economically active: Self-employed: Total,19,19,0
S01011398,Economically active: Self-employed: Part-time (1),5,5,0
S01011398,Economically active: Self-employed: Full-time (1),14,14,0
S01011398,Economically active: Unemployed (1),70,69,1
S01011398,Economically inactive,241,241,0
S01011399,All people aged 16 and over,423,420,3
S01011399,Economically active: Total,255,254,1
S01011399,Economically active: Employee: Total,204,203,1
S01011399,Economically active: Employee: Part-time (1),63,63,0
S01011399,Economically active: Employee: Full-time (1),141,140,1
S01011399,Economically active: Self-employed: Total,14,14,0
S01011399,Economically active: Self-employed: Part-time (1),5,5,0
S01011399,Economically active: Self-employed: Full-time (1),9,9,0
S01011399,Economically active: Unemployed (1),37,37,0
S01011399,Economically inactive,168,166,2
S01011400,All people aged 16 and over,581,559,22
S01011400,Economically active: Total,387,370,17
S01011400,Economically active: Employee: Total,334,319,15
S01011400,Economically active: Employee: Part-time (1),67,64,3
S01011400,Economically active: Employee: Full-time (1),267,255,12
S01011400,Economically active: Self-employed: Total,28,26,2
S01011400,Economically active: Self-employed: Part-time (1),5,5,0
S01011400,Economically active: Self-employed: Full-time (1),23,21,2
S01011400,Economically active: Unemployed (1),25,25,0
S01011400,Economically inactive,194,189,5
S01011401,All people aged 16 and over,552,547,5
S01011401,Economically active: Total,305,302,3
S01011401,Economically active: Employee: Total,263,261,2
S01011401,Economically active: Employee: Part-time (1),52,52,0
S01011401,Economically active: Employee: Full-time (1),211,209,2
S01011401,Economically active: Self-employed: Total,23,22,1
S01011401,Economically active: Self-employed: Part-time (1),5,5,0
S01011401,Economically active: Self-employed: Full-time (1),18,17,1
S01011401,Economically active: Unemployed (1),19,19,0
S01011401,Economically inactive,247,245,2
S01011402,All people aged 16 and over,840,804,36
S01011402,Economically active: Total,405,380,25
S01011402,Economically active: Employee: Total,330,311,19
S01011402,Economically active: Employee: Part-time (1),86,80,6
S01011402,Economically active: Employee: Full-time (1),244,231,13
S01011402,Economically active: Self-employed: Total,33,29,4
S01011402,Economically active: Self-employed: Part-time (1),11,9,2
S01011402,Economically active: Self-employed: Full-time (1),22,20,2
S01011402,Economically active: Unemployed (1),42,40,2
S01011402,Economically inactive,435,424,11
S01011403,All people aged 16 and over,424,397,27
S01011403,Economically active: Total,302,288,14
S01011403,Economically active: Employee: Total,266,255,11
S01011403,Economically active: Employee: Part-time (1),78,77,1
S01011403,Economically active: Employee: Full-time (1),188,178,10
S01011403,Economically active: Self-employed: Total,15,14,1
S01011403,Economically active: Self-employed: Part-time (1),6,6,0
S01011403,Economically active: Self-employed: Full-time (1),9,8,1
S01011403,Economically active: Unemployed (1),21,19,2
S01011403,Economically inactive,122,109,13
S01011404,All people aged 16 and over,797,777,20
S01011404,Economically active: Total,440,430,10
S01011404,Economically active: Employee: Total,359,352,7
S01011404,Economically active: Employee: Part-time (1),89,87,2
S01011404,Economically active: Employee: Full-time (1),270,265,5
S01011404,Economically active: Self-employed: Total,27,26,1
S01011404,Economically active: Self-employed: Part-time (1),8,8,0
S01011404,Economically active: Self-employed: Full-time (1),19,18,1
S01011404,Economically active: Unemployed (1),54,52,2
S01011404,Economically inactive,357,347,10
S01011405,All people aged 16 and over,525,509,16
S01011405,Economically active: Total,307,293,14
S01011405,Economically active: Employee: Total,244,235,9
S01011405,Economically active: Employee: Part-time (1),62,60,2
S01011405,Economically active: Employee: Full-time (1),182,175,7
S01011405,Economically active: Self-employed: Total,31,27,4
S01011405,Economically active: Self-employed: Part-time (1),4,3,1
S01011405,Economically active: Self-employed: Full-time (1),27,24,3
S01011405,Economically active: Unemployed (1),32,31,1
S01011405,Economically inactive,218,216,2
S01011406,All people aged 16 and over,551,541,10
S01011406,Economically active: Total,337,330,7
S01011406,Economically active: Employee: Total,275,271,4
S01011406,Economically active: Employee: Part-time (1),69,69,0
S01011406,Economically active: Employee: Full-time (1),206,202,4
S01011406,Economically active: Self-employed: Total,27,27,0
S01011406,Economically active: Self-employed: Part-time (1),10,10,0
S01011406,Economically active: Self-employed: Full-time (1),17,17,0
S01011406,Economically active: Unemployed (1),35,32,3
S01011406,Economically inactive,214,211,3
S01011407,All people aged 16 and over,936,910,26
S01011407,Economically active: Total,566,550,16
S01011407,Economically active: Employee: Total,471,459,12
S01011407,Economically active: Employee: Part-time (1),116,112,4
S01011407,Economically active: Employee: Full-time (1),355,347,8
S01011407,Economically active: Self-employed: Total,49,46,3
S01011407,Economically active: Self-employed: Part-time (1),9,8,1
S01011407,Economically active: Self-employed: Full-time (1),40,38,2
S01011407,Economically active: Unemployed (1),46,45,1
S01011407,Economically inactive,370,360,10
S01011408,All people aged 16 and over,691,683,8
S01011408,Economically active: Total,414,410,4
S01011408,Economically active: Employee: Total,342,339,3
S01011408,Economically active: Employee: Part-time (1),104,103,1
S01011408,Economically active: Employee: Full-time (1),238,236,2
S01011408,Economically active: Self-employed: Total,24,23,1
S01011408,Economically active: Self-employed: Part-time (1),11,11,0
S01011408,Economically active: Self-employed: Full-time (1),13,12,1
S01011408,Economically active: Unemployed (1),48,48,0
S01011408,Economically inactive,277,273,4
S01011409,All people aged 16 and over,631,613,18
S01011409,Economically active: Total,408,395,13
S01011409,Economically active: Employee: Total,317,311,6
S01011409,Economically active: Employee: Part-time (1),109,107,2
S01011409,Economically active: Employee: Full-time (1),208,204,4
S01011409,Economically active: Self-employed: Total,28,21,7
S01011409,Economically active: Self-employed: Part-time (1),7,5,2
S01011409,Economically active: Self-employed: Full-time (1),21,16,5
S01011409,Economically active: Unemployed (1),63,63,0
S01011409,Economically inactive,223,218,5
S01011410,All people aged 16 and over,540,532,8
S01011410,Economically active: Total,329,327,2
S01011410,Economically active: Employee: Total,283,281,2
S01011410,Economically active: Employee: Part-time (1),79,79,0
S01011410,Economically active: Employee: Full-time (1),204,202,2
S01011410,Economically active: Self-employed: Total,17,17,0
S01011410,Economically active: Self-employed: Part-time (1),3,3,0
S01011410,Economically active: Self-employed: Full-time (1),14,14,0
S01011410,Economically active: Unemployed (1),29,29,0
S01011410,Economically inactive,211,205,6
S01011411,All people aged 16 and over,555,548,7
S01011411,Economically active: Total,351,345,6
S01011411,Economically active: Employee: Total,281,276,5
S01011411,Economically active: Employee: Part-time (1),94,92,2
S01011411,Economically active: Employee: Full-time (1),187,184,3
S01011411,Economically active: Self-employed: Total,27,27,0
S01011411,Economically active: Self-employed: Part-time (1),7,7,0
S01011411,Economically active: Self-employed: Full-time (1),20,20,0
S01011411,Economically active: Unemployed (1),43,42,1
S01011411,Economically inactive,204,203,1
S01011412,All people aged 16 and over,751,738,13
S01011412,Economically active: Total,459,450,9
S01011412,Economically active: Employee: Total,385,378,7
S01011412,Economically active: Employee: Part-time (1),96,96,0
S01011412,Economically active: Employee: Full-time (1),289,282,7
S01011412,Economically active: Self-employed: Total,54,52,2
S01011412,Economically active: Self-employed: Part-time (1),11,11,0
S01011412,Economically active: Self-employed: Full-time (1),43,41,2
S01011412,Economically active: Unemployed (1),20,20,0
S01011412,Economically inactive,292,288,4
S01011413,All people aged 16 and over,459,442,17
S01011413,Economically active: Total,352,340,12
S01011413,Economically active: Employee: Total,309,302,7
S01011413,Economically active: Employee: Part-time (1),73,70,3
S01011413,Economically active: Employee: Full-time (1),236,232,4
S01011413,Economically active: Self-employed: Total,24,20,4
S01011413,Economically active: Self-employed: Part-time (1),2,1,1
S01011413,Economically active: Self-employed: Full-time (1),22,19,3
S01011413,Economically active: Unemployed (1),19,18,1
S01011413,Economically inactive,107,102,5
S01011414,All people aged 16 and over,668,643,25
S01011414,Economically active: Total,400,386,14
S01011414,Economically active: Employee: Total,322,311,11
S01011414,Economically active: Employee: Part-time (1),87,85,2
S01011414,Economically active: Employee: Full-time (1),235,226,9
S01011414,Economically active: Self-employed: Total,29,27,2
S01011414,Economically active: Self-employed: Part-time (1),8,7,1
S01011414,Economically active: Self-employed: Full-time (1),21,20,1
S01011414,Economically active: Unemployed (1),49,48,1
S01011414,Economically inactive,268,257,11
S01011415,All people aged 16 and over,728,719,9
S01011415,Economically active: Total,484,479,5
S01011415,Economically active: Employee: Total,413,408,5
S01011415,Economically active: Employee: Part-time (1),110,108,2
S01011415,Economically active: Employee: Full-time (1),303,300,3
S01011415,Economically active: Self-employed: Total,32,32,0
S01011415,Economically active: Self-employed: Part-time (1),3,3,0
S01011415,Economically active: Self-employed: Full-time (1),29,29,0
S01011415,Economically active: Unemployed (1),39,39,0
S01011415,Economically inactive,244,240,4
S01011416,All people aged 16 and over,530,517,13
S01011416,Economically active: Total,371,364,7
S01011416,Economically active: Employee: Total,323,319,4
S01011416,Economically active: Employee: Part-time (1),81,80,1
S01011416,Economically active: Employee: Full-time (1),242,239,3
S01011416,Economically active: Self-employed: Total,33,31,2
S01011416,Economically active: Self-employed: Part-time (1),5,4,1
S01011416,Economically active: Self-employed: Full-time (1),28,27,1
S01011416,Economically active: Unemployed (1),15,14,1
S01011416,Economically inactive,159,153,6
S01011417,All people aged 16 and over,686,665,21
S01011417,Economically active: Total,382,374,8
S01011417,Economically active: Employee: Total,315,308,7
S01011417,Economically active: Employee: Part-time (1),76,75,1
S01011417,Economically active: Employee: Full-time (1),239,233,6
S01011417,Economically active: Self-employed: Total,38,38,0
S01011417,Economically active: Self-employed: Part-time (1),6,6,0
S01011417,Economically active: Self-employed: Full-time (1),32,32,0
S01011417,Economically active: Unemployed (1),29,28,1
S01011417,Economically inactive,304,291,13
S01011418,All people aged 16 and over,463,455,8
S01011418,Economically active: Total,257,252,5
S01011418,Economically active: Employee: Total,218,213,5
S01011418,Economically active: Employee: Part-time (1),64,63,1
S01011418,Economically active: Employee: Full-time (1),154,150,4
S01011418,Economically active: Self-employed: Total,11,11,0
S01011418,Economically active: Self-employed: Part-time (1),2,2,0
S01011418,Economically active: Self-employed: Full-time (1),9,9,0
S01011418,Economically active: Unemployed (1),28,28,0
S01011418,Economically inactive,206,203,3
S01011419,All people aged 16 and over,471,462,9
S01011419,Economically active: Total,283,279,4
S01011419,Economically active: Employee: Total,236,235,1
S01011419,Economically active: Employee: Part-time (1),70,70,0
S01011419,Economically active: Employee: Full-time (1),166,165,1
S01011419,Economically active: Self-employed: Total,20,17,3
S01011419,Economically active: Self-employed: Part-time (1),3,3,0
S01011419,Economically active: Self-employed: Full-time (1),17,14,3
S01011419,Economically active: Unemployed (1),27,27,0
S01011419,Economically inactive,188,183,5
S01011420,All people aged 16 and over,405,393,12
S01011420,Economically active: Total,224,218,6
S01011420,Economically active: Employee: Total,167,163,4
S01011420,Economically active: Employee: Part-time (1),49,49,0
S01011420,Economically active: Employee: Full-time (1),118,114,4
S01011420,Economically active: Self-employed: Total,16,14,2
S01011420,Economically active: Self-employed: Part-time (1),3,3,0
S01011420,Economically active: Self-employed: Full-time (1),13,11,2
S01011420,Economically active: Unemployed (1),41,41,0
S01011420,Economically inactive,181,175,6
S01011421,All people aged 16 and over,445,430,15
S01011421,Economically active: Total,346,337,9
S01011421,Economically active: Employee: Total,299,290,9
S01011421,Economically active: Employee: Part-time (1),49,48,1
S01011421,Economically active: Employee: Full-time (1),250,242,8
S01011421,Economically active: Self-employed: Total,19,19,0
S01011421,Economically active: Self-employed: Part-time (1),5,5,0
S01011421,Economically active: Self-employed: Full-time (1),14,14,0
S01011421,Economically active: Unemployed (1),28,28,0
S01011421,Economically inactive,99,93,6
S01011422,All people aged 16 and over,540,529,11
S01011422,Economically active: Total,315,306,9
S01011422,Economically active: Employee: Total,250,242,8
S01011422,Economically active: Employee: Part-time (1),79,77,2
S01011422,Economically active: Employee: Full-time (1),171,165,6
S01011422,Economically active: Self-employed: Total,19,19,0
S01011422,Economically active: Self-employed: Part-time (1),0,0,0
S01011422,Economically active: Self-employed: Full-time (1),19,19,0
S01011422,Economically active: Unemployed (1),46,45,1
S01011422,Economically inactive,225,223,2
S01011423,All people aged 16 and over,416,405,11
S01011423,Economically active: Total,220,214,6
S01011423,Economically active: Employee: Total,162,158,4
S01011423,Economically active: Employee: Part-time (1),46,44,2
S01011423,Economically active: Employee: Full-time (1),116,114,2
S01011423,Economically active: Self-employed: Total,10,10,0
S01011423,Economically active: Self-employed: Part-time (1),4,4,0
S01011423,Economically active: Self-employed: Full-time (1),6,6,0
S01011423,Economically active: Unemployed (1),48,46,2
S01011423,Economically inactive,196,191,5
S01011424,All people aged 16 and over,466,459,7
S01011424,Economically active: Total,286,281,5
S01011424,Economically active: Employee: Total,246,243,3
S01011424,Economically active: Employee: Part-time (1),68,68,0
S01011424,Economically active: Employee: Full-time (1),178,175,3
S01011424,Economically active: Self-employed: Total,18,17,1
S01011424,Economically active: Self-employed: Part-time (1),5,5,0
S01011424,Economically active: Self-employed: Full-time (1),13,12,1
S01011424,Economically active: Unemployed (1),22,21,1
S01011424,Economically inactive,180,178,2
S01011425,All people aged 16 and over,691,672,19
S01011425,Economically active: Total,414,401,13
S01011425,Economically active: Employee: Total,299,290,9
S01011425,Economically active: Employee: Part-time (1),74,73,1
S01011425,Economically active: Employee: Full-time (1),225,217,8
S01011425,Economically active: Self-employed: Total,40,38,2
S01011425,Economically active: Self-employed: Part-time (1),8,7,1
S01011425,Economically active: Self-employed: Full-time (1),32,31,1
S01011425,Economically active: Unemployed (1),75,73,2
S01011425,Economically inactive,277,271,6
S01011426,All people aged 16 and over,805,791,14
S01011426,Economically active: Total,558,546,12
S01011426,Economically active: Employee: Total,459,451,8
S01011426,Economically active: Employee: Part-time (1),80,79,1
S01011426,Economically active: Employee: Full-time (1),379,372,7
S01011426,Economically active: Self-employed: Total,81,79,2
S01011426,Economically active: Self-employed: Part-time (1),22,22,0
S01011426,Economically active: Self-employed: Full-time (1),59,57,2
S01011426,Economically active: Unemployed (1),18,16,2
S01011426,Economically inactive,247,245,2
S01011427,All people aged 16 and over,562,554,8
S01011427,Economically active: Total,335,330,5
S01011427,Economically active: Employee: Total,261,257,4
S01011427,Economically active: Employee: Part-time (1),58,57,1
S01011427,Economically active: Employee: Full-time (1),203,200,3
S01011427,Economically active: Self-employed: Total,33,32,1
S01011427,Economically active: Self-employed: Part-time (1),7,7,0
S01011427,Economically active: Self-employed: Full-time (1),26,25,1
S01011427,Economically active: Unemployed (1),41,41,0
S01011427,Economically inactive,227,224,3
S01011428,All people aged 16 and over,433,430,3
S01011428,Economically active: Total,255,253,2
S01011428,Economically active: Employee: Total,218,217,1
S01011428,Economically active: Employee: Part-time (1),48,48,0
S01011428,Economically active: Employee: Full-time (1),170,169,1
S01011428,Economically active: Self-employed: Total,19,18,1
S01011428,Economically active: Self-employed: Part-time (1),5,5,0
S01011428,Economically active: Self-employed: Full-time (1),14,13,1
S01011428,Economically active: Unemployed (1),18,18,0
S01011428,Economically inactive,178,177,1
S01011429,All people aged 16 and over,1048,1008,40
S01011429,Economically active: Total,494,474,20
S01011429,Economically active: Employee: Total,398,390,8
S01011429,Economically active: Employee: Part-time (1),116,113,3
S01011429,Economically active: Employee: Full-time (1),282,277,5
S01011429,Economically active: Self-employed: Total,76,66,10
S01011429,Economically active: Self-employed: Part-time (1),10,8,2
S01011429,Economically active: Self-employed: Full-time (1),66,58,8
S01011429,Economically active: Unemployed (1),20,18,2
S01011429,Economically inactive,554,534,20
S01011430,All people aged 16 and over,762,740,22
S01011430,Economically active: Total,519,504,15
S01011430,Economically active: Employee: Total,433,423,10
S01011430,Economically active: Employee: Part-time (1),110,105,5
S01011430,Economically active: Employee: Full-time (1),323,318,5
S01011430,Economically active: Self-employed: Total,46,43,3
S01011430,Economically active: Self-employed: Part-time (1),9,8,1
S01011430,Economically active: Self-employed: Full-time (1),37,35,2
S01011430,Economically active: Unemployed (1),40,38,2
S01011430,Economically inactive,243,236,7
S01011431,All people aged 16 and over,911,899,12
S01011431,Economically active: Total,519,511,8
S01011431,Economically active: Employee: Total,433,426,7
S01011431,Economically active: Employee: Part-time (1),118,115,3
S01011431,Economically active: Employee: Full-time (1),315,311,4
S01011431,Economically active: Self-employed: Total,40,39,1
S01011431,Economically active: Self-employed: Part-time (1),8,7,1
S01011431,Economically active: Self-employed: Full-time (1),32,32,0
S01011431,Economically active: Unemployed (1),46,46,0
S01011431,Economically inactive,392,388,4
S01011432,All people aged 16 and over,872,863,9
S01011432,Economically active: Total,545,539,6
S01011432,Economically active: Employee: Total,453,449,4
S01011432,Economically active: Employee: Part-time (1),110,109,1
S01011432,Economically active: Employee: Full-time (1),343,340,3
S01011432,Economically active: Self-employed: Total,30,28,2
S01011432,Economically active: Self-employed: Part-time (1),6,5,1
S01011432,Economically active: Self-employed: Full-time (1),24,23,1
S01011432,Economically active: Unemployed (1),62,62,0
S01011432,Economically inactive,327,324,3
S01011433,All people aged 16 and over,666,645,21
S01011433,Economically active: Total,429,417,12
S01011433,Economically active: Employee: Total,329,321,8
S01011433,Economically active: Employee: Part-time (1),107,104,3
S01011433,Economically active: Employee: Full-time (1),222,217,5
S01011433,Economically active: Self-employed: Total,21,21,0
S01011433,Economically active: Self-employed: Part-time (1),9,9,0
S01011433,Economically active: Self-employed: Full-time (1),12,12,0
S01011433,Economically active: Unemployed (1),79,75,4
S01011433,Economically inactive,237,228,9
S01011434,All people aged 16 and over,484,480,4
S01011434,Economically active: Total,299,298,1
S01011434,Economically active: Employee: Total,249,248,1
S01011434,Economically active: Employee: Part-time (1),60,60,0
S01011434,Economically active: Employee: Full-time (1),189,188,1
S01011434,Economically active: Self-employed: Total,24,24,0
S01011434,Economically active: Self-employed: Part-time (1),5,5,0
S01011434,Economically active: Self-employed: Full-time (1),19,19,0
S01011434,Economically active: Unemployed (1),26,26,0
S01011434,Economically inactive,185,182,3
S01011435,All people aged 16 and over,765,751,14
S01011435,Economically active: Total,541,534,7
S01011435,Economically active: Employee: Total,463,458,5
S01011435,Economically active: Employee: Part-time (1),97,93,4
S01011435,Economically active: Employee: Full-time (1),366,365,1
S01011435,Economically active: Self-employed: Total,39,38,1
S01011435,Economically active: Self-employed: Part-time (1),9,9,0
S01011435,Economically active: Self-employed: Full-time (1),30,29,1
S01011435,Economically active: Unemployed (1),39,38,1
S01011435,Economically inactive,224,217,7
S01011436,All people aged 16 and over,604,583,21
S01011436,Economically active: Total,383,364,19
S01011436,Economically active: Employee: Total,290,271,19
S01011436,Economically active: Employee: Part-time (1),66,65,1
S01011436,Economically active: Employee: Full-time (1),224,206,18
S01011436,Economically active: Self-employed: Total,28,28,0
S01011436,Economically active: Self-employed: Part-time (1),8,8,0
S01011436,Economically active: Self-employed: Full-time (1),20,20,0
S01011436,Economically active: Unemployed (1),65,65,0
S01011436,Economically inactive,221,219,2
S01011437,All people aged 16 and over,610,590,20
S01011437,Economically active: Total,354,336,18
S01011437,Economically active: Employee: Total,285,269,16
S01011437,Economically active: Employee: Part-time (1),66,65,1
S01011437,Economically active: Employee: Full-time (1),219,204,15
S01011437,Economically active: Self-employed: Total,26,25,1
S01011437,Economically active: Self-employed: Part-time (1),5,5,0
S01011437,Economically active: Self-employed: Full-time (1),21,20,1
S01011437,Economically active: Unemployed (1),43,42,1
S01011437,Economically inactive,256,254,2
S01011438,All people aged 16 and over,427,406,21
S01011438,Economically active: Total,271,251,20
S01011438,Economically active: Employee: Total,201,187,14
S01011438,Economically active: Employee: Part-time (1),53,48,5
S01011438,Economically active: Employee: Full-time (1),148,139,9
S01011438,Economically active: Self-employed: Total,8,7,1
S01011438,Economically active: Self-employed: Part-time (1),0,0,0
S01011438,Economically active: Self-employed: Full-time (1),8,7,1
S01011438,Economically active: Unemployed (1),62,57,5
S01011438,Economically inactive,156,155,1
S01011439,All people aged 16 and over,739,730,9
S01011439,Economically active: Total,457,449,8
S01011439,Economically active: Employee: Total,356,350,6
S01011439,Economically active: Employee: Part-time (1),70,69,1
S01011439,Economically active: Employee: Full-time (1),286,281,5
S01011439,Economically active: Self-employed: Total,44,43,1
S01011439,Economically active: Self-employed: Part-time (1),14,13,1
S01011439,Economically active: Self-employed: Full-time (1),30,30,0
S01011439,Economically active: Unemployed (1),57,56,1
S01011439,Economically inactive,282,281,1
S01011440,All people aged 16 and over,485,474,11
S01011440,Economically active: Total,287,278,9
S01011440,Economically active: Employee: Total,244,236,8
S01011440,Economically active: Employee: Part-time (1),52,49,3
S01011440,Economically active: Employee: Full-time (1),192,187,5
S01011440,Economically active: Self-employed: Total,16,15,1
S01011440,Economically active: Self-employed: Part-time (1),2,2,0
S01011440,Economically active: Self-employed: Full-time (1),14,13,1
S01011440,Economically active: Unemployed (1),27,27,0
S01011440,Economically inactive,198,196,2
S01011441,All people aged 16 and over,640,625,15
S01011441,Economically active: Total,419,406,13
S01011441,Economically active: Employee: Total,332,323,9
S01011441,Economically active: Employee: Part-time (1),74,72,2
S01011441,Economically active: Employee: Full-time (1),258,251,7
S01011441,Economically active: Self-employed: Total,24,20,4
S01011441,Economically active: Self-employed: Part-time (1),4,3,1
S01011441,Economically active: Self-employed: Full-time (1),20,17,3
S01011441,Economically active: Unemployed (1),63,63,0
S01011441,Economically inactive,221,219,2
S01011442,All people aged 16 and over,567,555,12
S01011442,Economically active: Total,312,302,10
S01011442,Economically active: Employee: Total,256,249,7
S01011442,Economically active: Employee: Part-time (1),67,64,3
S01011442,Economically active: Employee: Full-time (1),189,185,4
S01011442,Economically active: Self-employed: Total,24,22,2
S01011442,Economically active: Self-employed: Part-time (1),6,6,0
S01011442,Economically active: Self-employed: Full-time (1),18,16,2
S01011442,Economically active: Unemployed (1),32,31,1
S01011442,Economically inactive,255,253,2
S01011443,All people aged 16 and over,513,508,5
S01011443,Economically active: Total,284,282,2
S01011443,Economically active: Employee: Total,233,231,2
S01011443,Economically active: Employee: Part-time (1),65,65,0
S01011443,Economically active: Employee: Full-time (1),168,166,2
S01011443,Economically active: Self-employed: Total,21,21,0
S01011443,Economically active: Self-employed: Part-time (1),4,4,0
S01011443,Economically active: Self-employed: Full-time (1),17,17,0
S01011443,Economically active: Unemployed (1),30,30,0
S01011443,Economically inactive,229,226,3
S01011444,All people aged 16 and over,611,599,12
S01011444,Economically active: Total,344,336,8
S01011444,Economically active: Employee: Total,268,262,6
S01011444,Economically active: Employee: Part-time (1),69,65,4
S01011444,Economically active: Employee: Full-time (1),199,197,2
S01011444,Economically active: Self-employed: Total,21,20,1
S01011444,Economically active: Self-employed: Part-time (1),3,3,0
S01011444,Economically active: Self-employed: Full-time (1),18,17,1
S01011444,Economically active: Unemployed (1),55,54,1
S01011444,Economically inactive,267,263,4
S01011445,All people aged 16 and over,431,420,11
S01011445,Economically active: Total,282,271,11
S01011445,Economically active: Employee: Total,229,221,8
S01011445,Economically active: Employee: Part-time (1),50,49,1
S01011445,Economically active: Employee: Full-time (1),179,172,7
S01011445,Economically active: Self-employed: Total,24,22,2
S01011445,Economically active: Self-employed: Part-time (1),7,6,1
S01011445,Economically active: Self-employed: Full-time (1),17,16,1
S01011445,Economically active: Unemployed (1),29,28,1
S01011445,Economically inactive,149,149,0
S01011446,All people aged 16 and over,425,415,10
S01011446,Economically active: Total,273,265,8
S01011446,Economically active: Employee: Total,201,196,5
S01011446,Economically active: Employee: Part-time (1),53,51,2
S01011446,Economically active: Employee: Full-time (1),148,145,3
S01011446,Economically active: Self-employed: Total,54,51,3
S01011446,Economically active: Self-employed: Part-time (1),10,9,1
S01011446,Economically active: Self-employed: Full-time (1),44,42,2
S01011446,Economically active: Unemployed (1),18,18,0
S01011446,Economically inactive,152,150,2
S01011447,All people aged 16 and over,682,669,13
S01011447,Economically active: Total,433,425,8
S01011447,Economically active: Employee: Total,348,342,6
S01011447,Economically active: Employee: Part-time (1),105,101,4
S01011447,Economically active: Employee: Full-time (1),243,241,2
S01011447,Economically active: Self-employed: Total,39,38,1
S01011447,Economically active: Self-employed: Part-time (1),5,5,0
S01011447,Economically active: Self-employed: Full-time (1),34,33,1
S01011447,Economically active: Unemployed (1),46,45,1
S01011447,Economically inactive,249,244,5
S01011448,All people aged 16 and over,760,750,10
S01011448,Economically active: Total,513,507,6
S01011448,Economically active: Employee: Total,426,422,4
S01011448,Economically active: Employee: Part-time (1),117,114,3
S01011448,Economically active: Employee: Full-time (1),309,308,1
S01011448,Economically active: Self-employed: Total,50,48,2
S01011448,Economically active: Self-employed: Part-time (1),11,11,0
S01011448,Economically active: Self-employed: Full-time (1),39,37,2
S01011448,Economically active: Unemployed (1),37,37,0
S01011448,Economically inactive,247,243,4
S01011449,All people aged 16 and over,451,439,12
S01011449,Economically active: Total,256,251,5
S01011449,Economically active: Employee: Total,206,201,5
S01011449,Economically active: Employee: Part-time (1),48,47,1
S01011449,Economically active: Employee: Full-time (1),158,154,4
S01011449,Economically active: Self-employed: Total,19,19,0
S01011449,Economically active: Self-employed: Part-time (1),4,4,0
S01011449,Economically active: Self-employed: Full-time (1),15,15,0
S01011449,Economically active: Unemployed (1),31,31,0
S01011449,Economically inactive,195,188,7
S01011450,All people aged 16 and over,493,461,32
S01011450,Economically active: Total,338,321,17
S01011450,Economically active: Employee: Total,273,260,13
S01011450,Economically active: Employee: Part-time (1),73,68,5
S01011450,Economically active: Employee: Full-time (1),200,192,8
S01011450,Economically active: Self-employed: Total,43,39,4
S01011450,Economically active: Self-employed: Part-time (1),8,8,0
S01011450,Economically active: Self-employed: Full-time (1),35,31,4
S01011450,Economically active: Unemployed (1),22,22,0
S01011450,Economically inactive,155,140,15
S01011451,All people aged 16 and over,548,497,51
S01011451,Economically active: Total,418,392,26
S01011451,Economically active: Employee: Total,300,285,15
S01011451,Economically active: Employee: Part-time (1),81,79,2
S01011451,Economically active: Employee: Full-time (1),219,206,13
S01011451,Economically active: Self-employed: Total,87,80,7
S01011451,Economically active: Self-employed: Part-time (1),24,21,3
S01011451,Economically active: Self-employed: Full-time (1),63,59,4
S01011451,Economically active: Unemployed (1),31,27,4
S01011451,Economically inactive,130,105,25
S01011452,All people aged 16 and over,778,752,26
S01011452,Economically active: Total,549,532,17
S01011452,Economically active: Employee: Total,464,454,10
S01011452,Economically active: Employee: Part-time (1),108,105,3
S01011452,Economically active: Employee: Full-time (1),356,349,7
S01011452,Economically active: Self-employed: Total,54,49,5
S01011452,Economically active: Self-employed: Part-time (1),13,11,2
S01011452,Economically active: Self-employed: Full-time (1),41,38,3
S01011452,Economically active: Unemployed (1),31,29,2
S01011452,Economically inactive,229,220,9
S01011453,All people aged 16 and over,585,562,23
S01011453,Economically active: Total,347,333,14
S01011453,Economically active: Employee: Total,294,286,8
S01011453,Economically active: Employee: Part-time (1),90,85,5
S01011453,Economically active: Employee: Full-time (1),204,201,3
S01011453,Economically active: Self-employed: Total,26,23,3
S01011453,Economically active: Self-employed: Part-time (1),6,4,2
S01011453,Economically active: Self-employed: Full-time (1),20,19,1
S01011453,Economically active: Unemployed (1),27,24,3
S01011453,Economically inactive,238,229,9
S01011454,All people aged 16 and over,634,627,7
S01011454,Economically active: Total,384,378,6
S01011454,Economically active: Employee: Total,320,316,4
S01011454,Economically active: Employee: Part-time (1),108,107,1
S01011454,Economically active: Employee: Full-time (1),212,209,3
S01011454,Economically active: Self-employed: Total,23,23,0
S01011454,Economically active: Self-employed: Part-time (1),7,7,0
S01011454,Economically active: Self-employed: Full-time (1),16,16,0
S01011454,Economically active: Unemployed (1),41,39,2
S01011454,Economically inactive,250,249,1
S01011455,All people aged 16 and over,623,608,15
S01011455,Economically active: Total,356,344,12
S01011455,Economically active: Employee: Total,279,270,9
S01011455,Economically active: Employee: Part-time (1),95,92,3
S01011455,Economically active: Employee: Full-time (1),184,178,6
S01011455,Economically active: Self-employed: Total,23,20,3
S01011455,Economically active: Self-employed: Part-time (1),9,9,0
S01011455,Economically active: Self-employed: Full-time (1),14,11,3
S01011455,Economically active: Unemployed (1),54,54,0
S01011455,Economically inactive,267,264,3
S01011456,All people aged 16 and over,690,667,23
S01011456,Economically active: Total,388,375,13
S01011456,Economically active: Employee: Total,306,298,8
S01011456,Economically active: Employee: Part-time (1),86,82,4
S01011456,Economically active: Employee: Full-time (1),220,216,4
S01011456,Economically active: Self-employed: Total,37,33,4
S01011456,Economically active: Self-employed: Part-time (1),10,9,1
S01011456,Economically active: Self-employed: Full-time (1),27,24,3
S01011456,Economically active: Unemployed (1),45,44,1
S01011456,Economically inactive,302,292,10
S01011457,All people aged 16 and over,731,716,15
S01011457,Economically active: Total,470,461,9
S01011457,Economically active: Employee: Total,386,378,8
S01011457,Economically active: Employee: Part-time (1),126,126,0
S01011457,Economically active: Employee: Full-time (1),260,252,8
S01011457,Economically active: Self-employed: Total,25,25,0
S01011457,Economically active: Self-employed: Part-time (1),6,6,0
S01011457,Economically active: Self-employed: Full-time (1),19,19,0
S01011457,Economically active: Unemployed (1),59,58,1
S01011457,Economically inactive,261,255,6
S01011458,All people aged 16 and over,873,828,45
S01011458,Economically active: Total,690,662,28
S01011458,Economically active: Employee: Total,605,584,21
S01011458,Economically active: Employee: Part-time (1),153,147,6
S01011458,Economically active: Employee: Full-time (1),452,437,15
S01011458,Economically active: Self-employed: Total,53,49,4
S01011458,Economically active: Self-employed: Part-time (1),9,8,1
S01011458,Economically active: Self-employed: Full-time (1),44,41,3
S01011458,Economically active: Unemployed (1),32,29,3
S01011458,Economically inactive,183,166,17
S01011459,All people aged 16 and over,787,765,22
S01011459,Economically active: Total,601,583,18
S01011459,Economically active: Employee: Total,512,497,15
S01011459,Economically active: Employee: Part-time (1),124,123,1
S01011459,Economically active: Employee: Full-time (1),388,374,14
S01011459,Economically active: Self-employed: Total,49,47,2
S01011459,Economically active: Self-employed: Part-time (1),15,15,0
S01011459,Economically active: Self-employed: Full-time (1),34,32,2
S01011459,Economically active: Unemployed (1),40,39,1
S01011459,Economically inactive,186,182,4
S01011460,All people aged 16 and over,554,533,21
S01011460,Economically active: Total,388,372,16
S01011460,Economically active: Employee: Total,312,301,11
S01011460,Economically active: Employee: Part-time (1),95,91,4
S01011460,Economically active: Employee: Full-time (1),217,210,7
S01011460,Economically active: Self-employed: Total,29,24,5
S01011460,Economically active: Self-employed: Part-time (1),8,8,0
S01011460,Economically active: Self-employed: Full-time (1),21,16,5
S01011460,Economically active: Unemployed (1),47,47,0
S01011460,Economically inactive,166,161,5
S01011461,All people aged 16 and over,580,554,26
S01011461,Economically active: Total,391,370,21
S01011461,Economically active: Employee: Total,319,302,17
S01011461,Economically active: Employee: Part-time (1),91,90,1
S01011461,Economically active: Employee: Full-time (1),228,212,16
S01011461,Economically active: Self-employed: Total,23,21,2
S01011461,Economically active: Self-employed: Part-time (1),4,4,0
S01011461,Economically active: Self-employed: Full-time (1),19,17,2
S01011461,Economically active: Unemployed (1),49,47,2
S01011461,Economically inactive,189,184,5
S01011462,All people aged 16 and over,760,742,18
S01011462,Economically active: Total,504,488,16
S01011462,Economically active: Employee: Total,423,409,14
S01011462,Economically active: Employee: Part-time (1),118,114,4
S01011462,Economically active: Employee: Full-time (1),305,295,10
S01011462,Economically active: Self-employed: Total,42,40,2
S01011462,Economically active: Self-employed: Part-time (1),7,6,1
S01011462,Economically active: Self-employed: Full-time (1),35,34,1
S01011462,Economically active: Unemployed (1),39,39,0
S01011462,Economically inactive,256,254,2
S01011463,All people aged 16 and over,556,541,15
S01011463,Economically active: Total,358,346,12
S01011463,Economically active: Employee: Total,301,292,9
S01011463,Economically active: Employee: Part-time (1),94,92,2
S01011463,Economically active: Employee: Full-time (1),207,200,7
S01011463,Economically active: Self-employed: Total,39,36,3
S01011463,Economically active: Self-employed: Part-time (1),12,11,1
S01011463,Economically active: Self-employed: Full-time (1),27,25,2
S01011463,Economically active: Unemployed (1),18,18,0
S01011463,Economically inactive,198,195,3
S01011464,All people aged 16 and over,436,414,22
S01011464,Economically active: Total,359,342,17
S01011464,Economically active: Employee: Total,311,301,10
S01011464,Economically active: Employee: Part-time (1),55,54,1
S01011464,Economically active: Employee: Full-time (1),256,247,9
S01011464,Economically active: Self-employed: Total,33,26,7
S01011464,Economically active: Self-employed: Part-time (1),6,4,2
S01011464,Economically active: Self-employed: Full-time (1),27,22,5
S01011464,Economically active: Unemployed (1),15,15,0
S01011464,Economically inactive,77,72,5
S01011465,All people aged 16 and over,406,387,19
S01011465,Economically active: Total,233,220,13
S01011465,Economically active: Employee: Total,179,171,8
S01011465,Economically active: Employee: Part-time (1),61,59,2
S01011465,Economically active: Employee: Full-time (1),118,112,6
S01011465,Economically active: Self-employed: Total,19,15,4
S01011465,Economically active: Self-employed: Part-time (1),9,8,1
S01011465,Economically active: Self-employed: Full-time (1),10,7,3
S01011465,Economically active: Unemployed (1),35,34,1
S01011465,Economically inactive,173,167,6
S01011466,All people aged 16 and over,494,468,26
S01011466,Economically active: Total,272,251,21
S01011466,Economically active: Employee: Total,222,208,14
S01011466,Economically active: Employee: Part-time (1),68,65,3
S01011466,Economically active: Employee: Full-time (1),154,143,11
S01011466,Economically active: Self-employed: Total,16,12,4
S01011466,Economically active: Self-employed: Part-time (1),3,2,1
S01011466,Economically active: Self-employed: Full-time (1),13,10,3
S01011466,Economically active: Unemployed (1),34,31,3
S01011466,Economically inactive,222,217,5
S01011467,All people aged 16 and over,418,390,28
S01011467,Economically active: Total,291,269,22
S01011467,Economically active: Employee: Total,244,229,15
S01011467,Economically active: Employee: Part-time (1),63,55,8
S01011467,Economically active: Employee: Full-time (1),181,174,7
S01011467,Economically active: Self-employed: Total,17,14,3
S01011467,Economically active: Self-employed: Part-time (1),3,2,1
S01011467,Economically active: Self-employed: Full-time (1),14,12,2
S01011467,Economically active: Unemployed (1),30,26,4
S01011467,Economically inactive,127,121,6
S01011468,All people aged 16 and over,623,575,48
S01011468,Economically active: Total,541,504,37
S01011468,Economically active: Employee: Total,472,449,23
S01011468,Economically active: Employee: Part-time (1),89,81,8
S01011468,Economically active: Employee: Full-time (1),383,368,15
S01011468,Economically active: Self-employed: Total,47,35,12
S01011468,Economically active: Self-employed: Part-time (1),12,9,3
S01011468,Economically active: Self-employed: Full-time (1),35,26,9
S01011468,Economically active: Unemployed (1),22,20,2
S01011468,Economically inactive,82,71,11
S01011469,All people aged 16 and over,639,566,73
S01011469,Economically active: Total,428,386,42
S01011469,Economically active: Employee: Total,331,297,34
S01011469,Economically active: Employee: Part-time (1),96,89,7
S01011469,Economically active: Employee: Full-time (1),235,208,27
S01011469,Economically active: Self-employed: Total,24,22,2
S01011469,Economically active: Self-employed: Part-time (1),6,5,1
S01011469,Economically active: Self-employed: Full-time (1),18,17,1
S01011469,Economically active: Unemployed (1),73,67,6
S01011469,Economically inactive,211,180,31
S01011470,All people aged 16 and over,928,883,45
S01011470,Economically active: Total,536,500,36
S01011470,Economically active: Employee: Total,455,430,25
S01011470,Economically active: Employee: Part-time (1),116,112,4
S01011470,Economically active: Employee: Full-time (1),339,318,21
S01011470,Economically active: Self-employed: Total,44,36,8
S01011470,Economically active: Self-employed: Part-time (1),9,6,3
S01011470,Economically active: Self-employed: Full-time (1),35,30,5
S01011470,Economically active: Unemployed (1),37,34,3
S01011470,Economically inactive,392,383,9
S01011471,All people aged 16 and over,776,749,27
S01011471,Economically active: Total,419,400,19
S01011471,Economically active: Employee: Total,360,344,16
S01011471,Economically active: Employee: Part-time (1),96,93,3
S01011471,Economically active: Employee: Full-time (1),264,251,13
S01011471,Economically active: Self-employed: Total,33,32,1
S01011471,Economically active: Self-employed: Part-time (1),10,9,1
S01011471,Economically active: Self-employed: Full-time (1),23,23,0
S01011471,Economically active: Unemployed (1),26,24,2
S01011471,Economically inactive,357,349,8
S01011472,All people aged 16 and over,768,724,44
S01011472,Economically active: Total,416,379,37
S01011472,Economically active: Employee: Total,318,296,22
S01011472,Economically active: Employee: Part-time (1),64,59,5
S01011472,Economically active: Employee: Full-time (1),254,237,17
S01011472,Economically active: Self-employed: Total,24,17,7
S01011472,Economically active: Self-employed: Part-time (1),3,3,0
S01011472,Economically active: Self-employed: Full-time (1),21,14,7
S01011472,Economically active: Unemployed (1),74,66,8
S01011472,Economically inactive,352,345,7
S01011473,All people aged 16 and over,613,597,16
S01011473,Economically active: Total,261,257,4
S01011473,Economically active: Employee: Total,210,206,4
S01011473,Economically active: Employee: Part-time (1),59,59,0
S01011473,Economically active: Employee: Full-time (1),151,147,4
S01011473,Economically active: Self-employed: Total,11,11,0
S01011473,Economically active: Self-employed: Part-time (1),3,3,0
S01011473,Economically active: Self-employed: Full-time (1),8,8,0
S01011473,Economically active: Unemployed (1),40,40,0
S01011473,Economically inactive,352,340,12
S01011474,All people aged 16 and over,690,665,25
S01011474,Economically active: Total,341,324,17
S01011474,Economically active: Employee: Total,269,254,15
S01011474,Economically active: Employee: Part-time (1),69,66,3
S01011474,Economically active: Employee: Full-time (1),200,188,12
S01011474,Economically active: Self-employed: Total,15,13,2
S01011474,Economically active: Self-employed: Part-time (1),1,1,0
S01011474,Economically active: Self-employed: Full-time (1),14,12,2
S01011474,Economically active: Unemployed (1),57,57,0
S01011474,Economically inactive,349,341,8
S01011475,All people aged 16 and over,520,487,33
S01011475,Economically active: Total,238,214,24
S01011475,Economically active: Employee: Total,185,163,22
S01011475,Economically active: Employee: Part-time (1),48,43,5
S01011475,Economically active: Employee: Full-time (1),137,120,17
S01011475,Economically active: Self-employed: Total,9,8,1
S01011475,Economically active: Self-employed: Part-time (1),4,4,0
S01011475,Economically active: Self-employed: Full-time (1),5,4,1
S01011475,Economically active: Unemployed (1),44,43,1
S01011475,Economically inactive,282,273,9
S01011476,All people aged 16 and over,413,409,4
S01011476,Economically active: Total,284,281,3
S01011476,Economically active: Employee: Total,259,256,3
S01011476,Economically active: Employee: Part-time (1),67,65,2
S01011476,Economically active: Employee: Full-time (1),192,191,1
S01011476,Economically active: Self-employed: Total,16,16,0
S01011476,Economically active: Self-employed: Part-time (1),4,4,0
S01011476,Economically active: Self-employed: Full-time (1),12,12,0
S01011476,Economically active: Unemployed (1),9,9,0
S01011476,Economically inactive,129,128,1
S01011477,All people aged 16 and over,710,691,19
S01011477,Economically active: Total,437,421,16
S01011477,Economically active: Employee: Total,382,371,11
S01011477,Economically active: Employee: Part-time (1),108,104,4
S01011477,Economically active: Employee: Full-time (1),274,267,7
S01011477,Economically active: Self-employed: Total,42,38,4
S01011477,Economically active: Self-employed: Part-time (1),7,6,1
S01011477,Economically active: Self-employed: Full-time (1),35,32,3
S01011477,Economically active: Unemployed (1),13,12,1
S01011477,Economically inactive,273,270,3
S01011478,All people aged 16 and over,861,815,46
S01011478,Economically active: Total,594,561,33
S01011478,Economically active: Employee: Total,503,479,24
S01011478,Economically active: Employee: Part-time (1),123,115,8
S01011478,Economically active: Employee: Full-time (1),380,364,16
S01011478,Economically active: Self-employed: Total,67,59,8
S01011478,Economically active: Self-employed: Part-time (1),12,10,2
S01011478,Economically active: Self-employed: Full-time (1),55,49,6
S01011478,Economically active: Unemployed (1),24,23,1
S01011478,Economically inactive,267,254,13
S01011479,All people aged 16 and over,693,670,23
S01011479,Economically active: Total,425,409,16
S01011479,Economically active: Employee: Total,362,348,14
S01011479,Economically active: Employee: Part-time (1),83,81,2
S01011479,Economically active: Employee: Full-time (1),279,267,12
S01011479,Economically active: Self-employed: Total,43,41,2
S01011479,Economically active: Self-employed: Part-time (1),7,6,1
S01011479,Economically active: Self-employed: Full-time (1),36,35,1
S01011479,Economically active: Unemployed (1),20,20,0
S01011479,Economically inactive,268,261,7
S01011480,All people aged 16 and over,856,835,21
S01011480,Economically active: Total,547,534,13
S01011480,Economically active: Employee: Total,471,462,9
S01011480,Economically active: Employee: Part-time (1),106,106,0
S01011480,Economically active: Employee: Full-time (1),365,356,9
S01011480,Economically active: Self-employed: Total,68,65,3
S01011480,Economically active: Self-employed: Part-time (1),24,24,0
S01011480,Economically active: Self-employed: Full-time (1),44,41,3
S01011480,Economically active: Unemployed (1),8,7,1
S01011480,Economically inactive,309,301,8
S01011481,All people aged 16 and over,637,614,23
S01011481,Economically active: Total,475,456,19
S01011481,Economically active: Employee: Total,405,390,15
S01011481,Economically active: Employee: Part-time (1),96,95,1
S01011481,Economically active: Employee: Full-time (1),309,295,14
S01011481,Economically active: Self-employed: Total,42,39,3
S01011481,Economically active: Self-employed: Part-time (1),14,14,0
S01011481,Economically active: Self-employed: Full-time (1),28,25,3
S01011481,Economically active: Unemployed (1),28,27,1
S01011481,Economically inactive,162,158,4
S01011482,All people aged 16 and over,747,721,26
S01011482,Economically active: Total,417,396,21
S01011482,Economically active: Employee: Total,344,324,20
S01011482,Economically active: Employee: Part-time (1),80,75,5
S01011482,Economically active: Employee: Full-time (1),264,249,15
S01011482,Economically active: Self-employed: Total,24,23,1
S01011482,Economically active: Self-employed: Part-time (1),10,10,0
S01011482,Economically active: Self-employed: Full-time (1),14,13,1
S01011482,Economically active: Unemployed (1),49,49,0
S01011482,Economically inactive,330,325,5
S01011483,All people aged 16 and over,438,416,22
S01011483,Economically active: Total,309,292,17
S01011483,Economically active: Employee: Total,260,246,14
S01011483,Economically active: Employee: Part-time (1),64,62,2
S01011483,Economically active: Employee: Full-time (1),196,184,12
S01011483,Economically active: Self-employed: Total,31,30,1
S01011483,Economically active: Self-employed: Part-time (1),6,5,1
S01011483,Economically active: Self-employed: Full-time (1),25,25,0
S01011483,Economically active: Unemployed (1),18,16,2
S01011483,Economically inactive,129,124,5
S01011484,All people aged 16 and over,710,687,23
S01011484,Economically active: Total,407,392,15
S01011484,Economically active: Employee: Total,333,323,10
S01011484,Economically active: Employee: Part-time (1),94,92,2
S01011484,Economically active: Employee: Full-time (1),239,231,8
S01011484,Economically active: Self-employed: Total,21,19,2
S01011484,Economically active: Self-employed: Part-time (1),6,6,0
S01011484,Economically active: Self-employed: Full-time (1),15,13,2
S01011484,Economically active: Unemployed (1),53,50,3
S01011484,Economically inactive,303,295,8
S01011485,All people aged 16 and over,754,731,23
S01011485,Economically active: Total,420,402,18
S01011485,Economically active: Employee: Total,329,313,16
S01011485,Economically active: Employee: Part-time (1),106,106,0
S01011485,Economically active: Employee: Full-time (1),223,207,16
S01011485,Economically active: Self-employed: Total,14,14,0
S01011485,Economically active: Self-employed: Part-time (1),5,5,0
S01011485,Economically active: Self-employed: Full-time (1),9,9,0
S01011485,Economically active: Unemployed (1),77,75,2
S01011485,Economically inactive,334,329,5
S01011486,All people aged 16 and over,437,426,11
S01011486,Economically active: Total,211,201,10
S01011486,Economically active: Employee: Total,170,161,9
S01011486,Economically active: Employee: Part-time (1),48,45,3
S01011486,Economically active: Employee: Full-time (1),122,116,6
S01011486,Economically active: Self-employed: Total,11,11,0
S01011486,Economically active: Self-employed: Part-time (1),5,5,0
S01011486,Economically active: Self-employed: Full-time (1),6,6,0
S01011486,Economically active: Unemployed (1),30,29,1
S01011486,Economically inactive,226,225,1
S01011487,All people aged 16 and over,877,838,39
S01011487,Economically active: Total,547,522,25
S01011487,Economically active: Employee: Total,452,429,23
S01011487,Economically active: Employee: Part-time (1),132,121,11
S01011487,Economically active: Employee: Full-time (1),320,308,12
S01011487,Economically active: Self-employed: Total,36,35,1
S01011487,Economically active: Self-employed: Part-time (1),8,8,0
S01011487,Economically active: Self-employed: Full-time (1),28,27,1
S01011487,Economically active: Unemployed (1),59,58,1
S01011487,Economically inactive,330,316,14
S01011488,All people aged 16 and over,519,499,20
S01011488,Economically active: Total,288,272,16
S01011488,Economically active: Employee: Total,223,214,9
S01011488,Economically active: Employee: Part-time (1),82,79,3
S01011488,Economically active: Employee: Full-time (1),141,135,6
S01011488,Economically active: Self-employed: Total,16,11,5
S01011488,Economically active: Self-employed: Part-time (1),9,8,1
S01011488,Economically active: Self-employed: Full-time (1),7,3,4
S01011488,Economically active: Unemployed (1),49,47,2
S01011488,Economically inactive,231,227,4
S01011489,All people aged 16 and over,543,536,7
S01011489,Economically active: Total,464,459,5
S01011489,Economically active: Employee: Total,385,381,4
S01011489,Economically active: Employee: Part-time (1),99,98,1
S01011489,Economically active: Employee: Full-time (1),286,283,3
S01011489,Economically active: Self-employed: Total,40,39,1
S01011489,Economically active: Self-employed: Part-time (1),10,9,1
S01011489,Economically active: Self-employed: Full-time (1),30,30,0
S01011489,Economically active: Unemployed (1),39,39,0
S01011489,Economically inactive,79,77,2
S01011490,All people aged 16 and over,864,816,48
S01011490,Economically active: Total,526,492,34
S01011490,Economically active: Employee: Total,446,418,28
S01011490,Economically active: Employee: Part-time (1),88,85,3
S01011490,Economically active: Employee: Full-time (1),358,333,25
S01011490,Economically active: Self-employed: Total,34,33,1
S01011490,Economically active: Self-employed: Part-time (1),10,9,1
S01011490,Economically active: Self-employed: Full-time (1),24,24,0
S01011490,Economically active: Unemployed (1),46,41,5
S01011490,Economically inactive,338,324,14
S01011491,All people aged 16 and over,415,380,35
S01011491,Economically active: Total,259,230,29
S01011491,Economically active: Employee: Total,201,173,28
S01011491,Economically active: Employee: Part-time (1),51,46,5
S01011491,Economically active: Employee: Full-time (1),150,127,23
S01011491,Economically active: Self-employed: Total,9,8,1
S01011491,Economically active: Self-employed: Part-time (1),4,3,1
S01011491,Economically active: Self-employed: Full-time (1),5,5,0
S01011491,Economically active: Unemployed (1),49,49,0
S01011491,Economically inactive,156,150,6
S01011492,All people aged 16 and over,597,445,152
S01011492,Economically active: Total,389,264,125
S01011492,Economically active: Employee: Total,311,206,105
S01011492,Economically active: Employee: Part-time (1),74,62,12
S01011492,Economically active: Employee: Full-time (1),237,144,93
S01011492,Economically active: Self-employed: Total,24,14,10
S01011492,Economically active: Self-employed: Part-time (1),11,5,6
S01011492,Economically active: Self-employed: Full-time (1),13,9,4
S01011492,Economically active: Unemployed (1),54,44,10
S01011492,Economically inactive,208,181,27
S01011493,All people aged 16 and over,398,378,20
S01011493,Economically active: Total,344,328,16
S01011493,Economically active: Employee: Total,302,292,10
S01011493,Economically active: Employee: Part-time (1),71,67,4
S01011493,Economically active: Employee: Full-time (1),231,225,6
S01011493,Economically active: Self-employed: Total,27,24,3
S01011493,Economically active: Self-employed: Part-time (1),5,5,0
S01011493,Economically active: Self-employed: Full-time (1),22,19,3
S01011493,Economically active: Unemployed (1),15,12,3
S01011493,Economically inactive,54,50,4
S01011494,All people aged 16 and over,617,599,18
S01011494,Economically active: Total,370,359,11
S01011494,Economically active: Employee: Total,319,310,9
S01011494,Economically active: Employee: Part-time (1),85,84,1
S01011494,Economically active: Employee: Full-time (1),234,226,8
S01011494,Economically active: Self-employed: Total,20,18,2
S01011494,Economically active: Self-employed: Part-time (1),5,5,0
S01011494,Economically active: Self-employed: Full-time (1),15,13,2
S01011494,Economically active: Unemployed (1),31,31,0
S01011494,Economically inactive,247,240,7
S01011495,All people aged 16 and over,664,631,33
S01011495,Economically active: Total,389,366,23
S01011495,Economically active: Employee: Total,315,297,18
S01011495,Economically active: Employee: Part-time (1),88,84,4
S01011495,Economically active: Employee: Full-time (1),227,213,14
S01011495,Economically active: Self-employed: Total,16,13,3
S01011495,Economically active: Self-employed: Part-time (1),4,3,1
S01011495,Economically active: Self-employed: Full-time (1),12,10,2
S01011495,Economically active: Unemployed (1),58,56,2
S01011495,Economically inactive,275,265,10
S01011496,All people aged 16 and over,494,418,76
S01011496,Economically active: Total,298,237,61
S01011496,Economically active: Employee: Total,246,193,53
S01011496,Economically active: Employee: Part-time (1),86,74,12
S01011496,Economically active: Employee: Full-time (1),160,119,41
S01011496,Economically active: Self-employed: Total,13,8,5
S01011496,Economically active: Self-employed: Part-time (1),3,1,2
S01011496,Economically active: Self-employed: Full-time (1),10,7,3
S01011496,Economically active: Unemployed (1),39,36,3
S01011496,Economically inactive,196,181,15
S01011497,All people aged 16 and over,492,461,31
S01011497,Economically active: Total,387,363,24
S01011497,Economically active: Employee: Total,328,314,14
S01011497,Economically active: Employee: Part-time (1),73,71,2
S01011497,Economically active: Employee: Full-time (1),255,243,12
S01011497,Economically active: Self-employed: Total,30,25,5
S01011497,Economically active: Self-employed: Part-time (1),6,6,0
S01011497,Economically active: Self-employed: Full-time (1),24,19,5
S01011497,Economically active: Unemployed (1),29,24,5
S01011497,Economically inactive,105,98,7
S01011498,All people aged 16 and over,539,520,19
S01011498,Economically active: Total,446,438,8
S01011498,Economically active: Employee: Total,386,381,5
S01011498,Economically active: Employee: Part-time (1),109,108,1
S01011498,Economically active: Employee: Full-time (1),277,273,4
S01011498,Economically active: Self-employed: Total,36,33,3
S01011498,Economically active: Self-employed: Part-time (1),9,7,2
S01011498,Economically active: Self-employed: Full-time (1),27,26,1
S01011498,Economically active: Unemployed (1),24,24,0
S01011498,Economically inactive,93,82,11
S01011499,All people aged 16 and over,676,655,21
S01011499,Economically active: Total,488,470,18
S01011499,Economically active: Employee: Total,416,403,13
S01011499,Economically active: Employee: Part-time (1),92,89,3
S01011499,Economically active: Employee: Full-time (1),324,314,10
S01011499,Economically active: Self-employed: Total,38,35,3
S01011499,Economically active: Self-employed: Part-time (1),9,9,0
S01011499,Economically active: Self-employed: Full-time (1),29,26,3
S01011499,Economically active: Unemployed (1),34,32,2
S01011499,Economically inactive,188,185,3
S01011500,All people aged 16 and over,424,416,8
S01011500,Economically active: Total,284,278,6
S01011500,Economically active: Employee: Total,240,238,2
S01011500,Economically active: Employee: Part-time (1),72,72,0
S01011500,Economically active: Employee: Full-time (1),168,166,2
S01011500,Economically active: Self-employed: Total,20,17,3
S01011500,Economically active: Self-employed: Part-time (1),6,6,0
S01011500,Economically active: Self-employed: Full-time (1),14,11,3
S01011500,Economically active: Unemployed (1),24,23,1
S01011500,Economically inactive,140,138,2
S01011501,All people aged 16 and over,537,529,8
S01011501,Economically active: Total,329,322,7
S01011501,Economically active: Employee: Total,245,242,3
S01011501,Economically active: Employee: Part-time (1),78,77,1
S01011501,Economically active: Employee: Full-time (1),167,165,2
S01011501,Economically active: Self-employed: Total,22,21,1
S01011501,Economically active: Self-employed: Part-time (1),3,2,1
S01011501,Economically active: Self-employed: Full-time (1),19,19,0
S01011501,Economically active: Unemployed (1),62,59,3
S01011501,Economically inactive,208,207,1
S01011502,All people aged 16 and over,610,596,14
S01011502,Economically active: Total,402,391,11
S01011502,Economically active: Employee: Total,328,321,7
S01011502,Economically active: Employee: Part-time (1),95,93,2
S01011502,Economically active: Employee: Full-time (1),233,228,5
S01011502,Economically active: Self-employed: Total,25,22,3
S01011502,Economically active: Self-employed: Part-time (1),6,6,0
S01011502,Economically active: Self-employed: Full-time (1),19,16,3
S01011502,Economically active: Unemployed (1),49,48,1
S01011502,Economically inactive,208,205,3
S01011503,All people aged 16 and over,508,501,7
S01011503,Economically active: Total,316,312,4
S01011503,Economically active: Employee: Total,257,255,2
S01011503,Economically active: Employee: Part-time (1),64,64,0
S01011503,Economically active: Employee: Full-time (1),193,191,2
S01011503,Economically active: Self-employed: Total,27,26,1
S01011503,Economically active: Self-employed: Part-time (1),9,9,0
S01011503,Economically active: Self-employed: Full-time (1),18,17,1
S01011503,Economically active: Unemployed (1),32,31,1
S01011503,Economically inactive,192,189,3
S01011504,All people aged 16 and over,483,463,20
S01011504,Economically active: Total,286,277,9
S01011504,Economically active: Employee: Total,229,221,8
S01011504,Economically active: Employee: Part-time (1),61,58,3
S01011504,Economically active: Employee: Full-time (1),168,163,5
S01011504,Economically active: Self-employed: Total,27,27,0
S01011504,Economically active: Self-employed: Part-time (1),7,7,0
S01011504,Economically active: Self-employed: Full-time (1),20,20,0
S01011504,Economically active: Unemployed (1),30,29,1
S01011504,Economically inactive,197,186,11
S01011505,All people aged 16 and over,552,530,22
S01011505,Economically active: Total,352,338,14
S01011505,Economically active: Employee: Total,281,269,12
S01011505,Economically active: Employee: Part-time (1),78,75,3
S01011505,Economically active: Employee: Full-time (1),203,194,9
S01011505,Economically active: Self-employed: Total,19,17,2
S01011505,Economically active: Self-employed: Part-time (1),5,4,1
S01011505,Economically active: Self-employed: Full-time (1),14,13,1
S01011505,Economically active: Unemployed (1),52,52,0
S01011505,Economically inactive,200,192,8
S01011506,All people aged 16 and over,432,424,8
S01011506,Economically active: Total,238,235,3
S01011506,Economically active: Employee: Total,204,201,3
S01011506,Economically active: Employee: Part-time (1),63,63,0
S01011506,Economically active: Employee: Full-time (1),141,138,3
S01011506,Economically active: Self-employed: Total,17,17,0
S01011506,Economically active: Self-employed: Part-time (1),8,8,0
S01011506,Economically active: Self-employed: Full-time (1),9,9,0
S01011506,Economically active: Unemployed (1),17,17,0
S01011506,Economically inactive,194,189,5
S01011507,All people aged 16 and over,514,499,15
S01011507,Economically active: Total,306,297,9
S01011507,Economically active: Employee: Total,259,255,4
S01011507,Economically active: Employee: Part-time (1),70,70,0
S01011507,Economically active: Employee: Full-time (1),189,185,4
S01011507,Economically active: Self-employed: Total,20,16,4
S01011507,Economically active: Self-employed: Part-time (1),6,5,1
S01011507,Economically active: Self-employed: Full-time (1),14,11,3
S01011507,Economically active: Unemployed (1),27,26,1
S01011507,Economically inactive,208,202,6
S01011508,All people aged 16 and over,788,744,44
S01011508,Economically active: Total,589,555,34
S01011508,Economically active: Employee: Total,498,472,26
S01011508,Economically active: Employee: Part-time (1),111,103,8
S01011508,Economically active: Employee: Full-time (1),387,369,18
S01011508,Economically active: Self-employed: Total,32,27,5
S01011508,Economically active: Self-employed: Part-time (1),10,7,3
S01011508,Economically active: Self-employed: Full-time (1),22,20,2
S01011508,Economically active: Unemployed (1),59,56,3
S01011508,Economically inactive,199,189,10
S01011509,All people aged 16 and over,521,513,8
S01011509,Economically active: Total,351,345,6
S01011509,Economically active: Employee: Total,294,288,6
S01011509,Economically active: Employee: Part-time (1),66,65,1
S01011509,Economically active: Employee: Full-time (1),228,223,5
S01011509,Economically active: Self-employed: Total,27,27,0
S01011509,Economically active: Self-employed: Part-time (1),8,8,0
S01011509,Economically active: Self-employed: Full-time (1),19,19,0
S01011509,Economically active: Unemployed (1),30,30,0
S01011509,Economically inactive,170,168,2
S01011510,All people aged 16 and over,840,822,18
S01011510,Economically active: Total,528,516,12
S01011510,Economically active: Employee: Total,411,401,10
S01011510,Economically active: Employee: Part-time (1),105,103,2
S01011510,Economically active: Employee: Full-time (1),306,298,8
S01011510,Economically active: Self-employed: Total,23,22,1
S01011510,Economically active: Self-employed: Part-time (1),7,7,0
S01011510,Economically active: Self-employed: Full-time (1),16,15,1
S01011510,Economically active: Unemployed (1),94,93,1
S01011510,Economically inactive,312,306,6
S01011511,All people aged 16 and over,435,423,12
S01011511,Economically active: Total,269,259,10
S01011511,Economically active: Employee: Total,200,190,10
S01011511,Economically active: Employee: Part-time (1),57,52,5
S01011511,Economically active: Employee: Full-time (1),143,138,5
S01011511,Economically active: Self-employed: Total,13,13,0
S01011511,Economically active: Self-employed: Part-time (1),5,5,0
S01011511,Economically active: Self-employed: Full-time (1),8,8,0
S01011511,Economically active: Unemployed (1),56,56,0
S01011511,Economically inactive,166,164,2
S01011512,All people aged 16 and over,693,679,14
S01011512,Economically active: Total,395,384,11
S01011512,Economically active: Employee: Total,292,283,9
S01011512,Economically active: Employee: Part-time (1),79,77,2
S01011512,Economically active: Employee: Full-time (1),213,206,7
S01011512,Economically active: Self-employed: Total,19,17,2
S01011512,Economically active: Self-employed: Part-time (1),3,3,0
S01011512,Economically active: Self-employed: Full-time (1),16,14,2
S01011512,Economically active: Unemployed (1),84,84,0
S01011512,Economically inactive,298,295,3
S01011513,All people aged 16 and over,609,576,33
S01011513,Economically active: Total,370,344,26
S01011513,Economically active: Employee: Total,292,271,21
S01011513,Economically active: Employee: Part-time (1),92,88,4
S01011513,Economically active: Employee: Full-time (1),200,183,17
S01011513,Economically active: Self-employed: Total,13,11,2
S01011513,Economically active: Self-employed: Part-time (1),2,2,0
S01011513,Economically active: Self-employed: Full-time (1),11,9,2
S01011513,Economically active: Unemployed (1),65,62,3
S01011513,Economically inactive,239,232,7
S01011514,All people aged 16 and over,732,713,19
S01011514,Economically active: Total,459,446,13
S01011514,Economically active: Employee: Total,370,360,10
S01011514,Economically active: Employee: Part-time (1),121,120,1
S01011514,Economically active: Employee: Full-time (1),249,240,9
S01011514,Economically active: Self-employed: Total,28,27,1
S01011514,Economically active: Self-employed: Part-time (1),12,12,0
S01011514,Economically active: Self-employed: Full-time (1),16,15,1
S01011514,Economically active: Unemployed (1),61,59,2
S01011514,Economically inactive,273,267,6
S01011515,All people aged 16 and over,451,438,13
S01011515,Economically active: Total,340,329,11
S01011515,Economically active: Employee: Total,287,277,10
S01011515,Economically active: Employee: Part-time (1),69,69,0
S01011515,Economically active: Employee: Full-time (1),218,208,10
S01011515,Economically active: Self-employed: Total,25,24,1
S01011515,Economically active: Self-employed: Part-time (1),8,7,1
S01011515,Economically active: Self-employed: Full-time (1),17,17,0
S01011515,Economically active: Unemployed (1),28,28,0
S01011515,Economically inactive,111,109,2
S01011516,All people aged 16 and over,718,688,30
S01011516,Economically active: Total,560,539,21
S01011516,Economically active: Employee: Total,481,468,13
S01011516,Economically active: Employee: Part-time (1),98,96,2
S01011516,Economically active: Employee: Full-time (1),383,372,11
S01011516,Economically active: Self-employed: Total,51,45,6
S01011516,Economically active: Self-employed: Part-time (1),14,11,3
S01011516,Economically active: Self-employed: Full-time (1),37,34,3
S01011516,Economically active: Unemployed (1),28,26,2
S01011516,Economically inactive,158,149,9
S01011517,All people aged 16 and over,453,437,16
S01011517,Economically active: Total,282,272,10
S01011517,Economically active: Employee: Total,241,232,9
S01011517,Economically active: Employee: Part-time (1),69,64,5
S01011517,Economically active: Employee: Full-time (1),172,168,4
S01011517,Economically active: Self-employed: Total,21,20,1
S01011517,Economically active: Self-employed: Part-time (1),6,6,0
S01011517,Economically active: Self-employed: Full-time (1),15,14,1
S01011517,Economically active: Unemployed (1),20,20,0
S01011517,Economically inactive,171,165,6
S01011518,All people aged 16 and over,552,544,8
S01011518,Economically active: Total,276,271,5
S01011518,Economically active: Employee: Total,217,212,5
S01011518,Economically active: Employee: Part-time (1),57,56,1
S01011518,Economically active: Employee: Full-time (1),160,156,4
S01011518,Economically active: Self-employed: Total,25,25,0
S01011518,Economically active: Self-employed: Part-time (1),4,4,0
S01011518,Economically active: Self-employed: Full-time (1),21,21,0
S01011518,Economically active: Unemployed (1),34,34,0
S01011518,Economically inactive,276,273,3
S01011519,All people aged 16 and over,642,635,7
S01011519,Economically active: Total,399,393,6
S01011519,Economically active: Employee: Total,332,328,4
S01011519,Economically active: Employee: Part-time (1),91,90,1
S01011519,Economically active: Employee: Full-time (1),241,238,3
S01011519,Economically active: Self-employed: Total,15,14,1
S01011519,Economically active: Self-employed: Part-time (1),7,6,1
S01011519,Economically active: Self-employed: Full-time (1),8,8,0
S01011519,Economically active: Unemployed (1),52,51,1
S01011519,Economically inactive,243,242,1
S01011520,All people aged 16 and over,470,465,5
S01011520,Economically active: Total,260,257,3
S01011520,Economically active: Employee: Total,206,203,3
S01011520,Economically active: Employee: Part-time (1),75,74,1
S01011520,Economically active: Employee: Full-time (1),131,129,2
S01011520,Economically active: Self-employed: Total,12,12,0
S01011520,Economically active: Self-employed: Part-time (1),5,5,0
S01011520,Economically active: Self-employed: Full-time (1),7,7,0
S01011520,Economically active: Unemployed (1),42,42,0
S01011520,Economically inactive,210,208,2
S01011521,All people aged 16 and over,753,728,25
S01011521,Economically active: Total,461,441,20
S01011521,Economically active: Employee: Total,365,351,14
S01011521,Economically active: Employee: Part-time (1),96,93,3
S01011521,Economically active: Employee: Full-time (1),269,258,11
S01011521,Economically active: Self-employed: Total,23,19,4
S01011521,Economically active: Self-employed: Part-time (1),7,5,2
S01011521,Economically active: Self-employed: Full-time (1),16,14,2
S01011521,Economically active: Unemployed (1),73,71,2
S01011521,Economically inactive,292,287,5
S01011522,All people aged 16 and over,744,702,42
S01011522,Economically active: Total,456,424,32
S01011522,Economically active: Employee: Total,378,353,25
S01011522,Economically active: Employee: Part-time (1),101,93,8
S01011522,Economically active: Employee: Full-time (1),277,260,17
S01011522,Economically active: Self-employed: Total,25,21,4
S01011522,Economically active: Self-employed: Part-time (1),3,3,0
S01011522,Economically active: Self-employed: Full-time (1),22,18,4
S01011522,Economically active: Unemployed (1),53,50,3
S01011522,Economically inactive,288,278,10
S01011523,All people aged 16 and over,611,593,18
S01011523,Economically active: Total,419,403,16
S01011523,Economically active: Employee: Total,339,326,13
S01011523,Economically active: Employee: Part-time (1),86,83,3
S01011523,Economically active: Employee: Full-time (1),253,243,10
S01011523,Economically active: Self-employed: Total,29,27,2
S01011523,Economically active: Self-employed: Part-time (1),7,6,1
S01011523,Economically active: Self-employed: Full-time (1),22,21,1
S01011523,Economically active: Unemployed (1),51,50,1
S01011523,Economically inactive,192,190,2
S01011524,All people aged 16 and over,762,745,17
S01011524,Economically active: Total,561,545,16
S01011524,Economically active: Employee: Total,483,472,11
S01011524,Economically active: Employee: Part-time (1),118,117,1
S01011524,Economically active: Employee: Full-time (1),365,355,10
S01011524,Economically active: Self-employed: Total,46,42,4
S01011524,Economically active: Self-employed: Part-time (1),13,13,0
S01011524,Economically active: Self-employed: Full-time (1),33,29,4
S01011524,Economically active: Unemployed (1),32,31,1
S01011524,Economically inactive,201,200,1
S01011525,All people aged 16 and over,783,758,25
S01011525,Economically active: Total,497,490,7
S01011525,Economically active: Employee: Total,447,444,3
S01011525,Economically active: Employee: Part-time (1),124,122,2
S01011525,Economically active: Employee: Full-time (1),323,322,1
S01011525,Economically active: Self-employed: Total,41,38,3
S01011525,Economically active: Self-employed: Part-time (1),13,11,2
S01011525,Economically active: Self-employed: Full-time (1),28,27,1
S01011525,Economically active: Unemployed (1),9,8,1
S01011525,Economically inactive,286,268,18
S01011526,All people aged 16 and over,814,780,34
S01011526,Economically active: Total,532,509,23
S01011526,Economically active: Employee: Total,457,440,17
S01011526,Economically active: Employee: Part-time (1),116,113,3
S01011526,Economically active: Employee: Full-time (1),341,327,14
S01011526,Economically active: Self-employed: Total,32,26,6
S01011526,Economically active: Self-employed: Part-time (1),6,5,1
S01011526,Economically active: Self-employed: Full-time (1),26,21,5
S01011526,Economically active: Unemployed (1),43,43,0
S01011526,Economically inactive,282,271,11
S01011527,All people aged 16 and over,610,595,15
S01011527,Economically active: Total,367,359,8
S01011527,Economically active: Employee: Total,302,298,4
S01011527,Economically active: Employee: Part-time (1),65,64,1
S01011527,Economically active: Employee: Full-time (1),237,234,3
S01011527,Economically active: Self-employed: Total,37,35,2
S01011527,Economically active: Self-employed: Part-time (1),9,9,0
S01011527,Economically active: Self-employed: Full-time (1),28,26,2
S01011527,Economically active: Unemployed (1),28,26,2
S01011527,Economically inactive,243,236,7
S01011528,All people aged 16 and over,830,805,25
S01011528,Economically active: Total,470,450,20
S01011528,Economically active: Employee: Total,390,375,15
S01011528,Economically active: Employee: Part-time (1),111,103,8
S01011528,Economically active: Employee: Full-time (1),279,272,7
S01011528,Economically active: Self-employed: Total,26,25,1
S01011528,Economically active: Self-employed: Part-time (1),9,8,1
S01011528,Economically active: Self-employed: Full-time (1),17,17,0
S01011528,Economically active: Unemployed (1),54,50,4
S01011528,Economically inactive,360,355,5
S01011529,All people aged 16 and over,422,413,9
S01011529,Economically active: Total,242,234,8
S01011529,Economically active: Employee: Total,183,180,3
S01011529,Economically active: Employee: Part-time (1),57,57,0
S01011529,Economically active: Employee: Full-time (1),126,123,3
S01011529,Economically active: Self-employed: Total,15,12,3
S01011529,Economically active: Self-employed: Part-time (1),6,5,1
S01011529,Economically active: Self-employed: Full-time (1),9,7,2
S01011529,Economically active: Unemployed (1),44,42,2
S01011529,Economically inactive,180,179,1
S01011530,All people aged 16 and over,810,801,9
S01011530,Economically active: Total,493,489,4
S01011530,Economically active: Employee: Total,410,406,4
S01011530,Economically active: Employee: Part-time (1),94,94,0
S01011530,Economically active: Employee: Full-time (1),316,312,4
S01011530,Economically active: Self-employed: Total,26,26,0
S01011530,Economically active: Self-employed: Part-time (1),8,8,0
S01011530,Economically active: Self-employed: Full-time (1),18,18,0
S01011530,Economically active: Unemployed (1),57,57,0
S01011530,Economically inactive,317,312,5
S01011531,All people aged 16 and over,910,868,42
S01011531,Economically active: Total,603,577,26
S01011531,Economically active: Employee: Total,505,484,21
S01011531,Economically active: Employee: Part-time (1),106,102,4
S01011531,Economically active: Employee: Full-time (1),399,382,17
S01011531,Economically active: Self-employed: Total,68,65,3
S01011531,Economically active: Self-employed: Part-time (1),18,17,1
S01011531,Economically active: Self-employed: Full-time (1),50,48,2
S01011531,Economically active: Unemployed (1),30,28,2
S01011531,Economically inactive,307,291,16
S01011532,All people aged 16 and over,475,464,11
S01011532,Economically active: Total,372,364,8
S01011532,Economically active: Employee: Total,300,295,5
S01011532,Economically active: Employee: Part-time (1),76,75,1
S01011532,Economically active: Employee: Full-time (1),224,220,4
S01011532,Economically active: Self-employed: Total,53,50,3
S01011532,Economically active: Self-employed: Part-time (1),10,10,0
S01011532,Economically active: Self-employed: Full-time (1),43,40,3
S01011532,Economically active: Unemployed (1),19,19,0
S01011532,Economically inactive,103,100,3
S01011533,All people aged 16 and over,570,559,11
S01011533,Economically active: Total,289,282,7
S01011533,Economically active: Employee: Total,218,213,5
S01011533,Economically active: Employee: Part-time (1),61,60,1
S01011533,Economically active: Employee: Full-time (1),157,153,4
S01011533,Economically active: Self-employed: Total,21,20,1
S01011533,Economically active: Self-employed: Part-time (1),6,6,0
S01011533,Economically active: Self-employed: Full-time (1),15,14,1
S01011533,Economically active: Unemployed (1),50,49,1
S01011533,Economically inactive,281,277,4
S01011534,All people aged 16 and over,596,582,14
S01011534,Economically active: Total,364,354,10
S01011534,Economically active: Employee: Total,307,298,9
S01011534,Economically active: Employee: Part-time (1),82,81,1
S01011534,Economically active: Employee: Full-time (1),225,217,8
S01011534,Economically active: Self-employed: Total,30,30,0
S01011534,Economically active: Self-employed: Part-time (1),10,10,0
S01011534,Economically active: Self-employed: Full-time (1),20,20,0
S01011534,Economically active: Unemployed (1),27,26,1
S01011534,Economically inactive,232,228,4
S01011535,All people aged 16 and over,765,744,21
S01011535,Economically active: Total,362,353,9
S01011535,Economically active: Employee: Total,262,254,8
S01011535,Economically active: Employee: Part-time (1),68,67,1
S01011535,Economically active: Employee: Full-time (1),194,187,7
S01011535,Economically active: Self-employed: Total,25,24,1
S01011535,Economically active: Self-employed: Part-time (1),5,5,0
S01011535,Economically active: Self-employed: Full-time (1),20,19,1
S01011535,Economically active: Unemployed (1),75,75,0
S01011535,Economically inactive,403,391,12
S01011536,All people aged 16 and over,573,545,28
S01011536,Economically active: Total,425,408,17
S01011536,Economically active: Employee: Total,351,341,10
S01011536,Economically active: Employee: Part-time (1),84,80,4
S01011536,Economically active: Employee: Full-time (1),267,261,6
S01011536,Economically active: Self-employed: Total,47,42,5
S01011536,Economically active: Self-employed: Part-time (1),13,11,2
S01011536,Economically active: Self-employed: Full-time (1),34,31,3
S01011536,Economically active: Unemployed (1),27,25,2
S01011536,Economically inactive,148,137,11
S01011537,All people aged 16 and over,445,427,18
S01011537,Economically active: Total,359,347,12
S01011537,Economically active: Employee: Total,317,309,8
S01011537,Economically active: Employee: Part-time (1),50,49,1
S01011537,Economically active: Employee: Full-time (1),267,260,7
S01011537,Economically active: Self-employed: Total,21,21,0
S01011537,Economically active: Self-employed: Part-time (1),3,3,0
S01011537,Economically active: Self-employed: Full-time (1),18,18,0
S01011537,Economically active: Unemployed (1),21,17,4
S01011537,Economically inactive,86,80,6
S01011538,All people aged 16 and over,559,540,19
S01011538,Economically active: Total,385,374,11
S01011538,Economically active: Employee: Total,337,327,10
S01011538,Economically active: Employee: Part-time (1),79,76,3
S01011538,Economically active: Employee: Full-time (1),258,251,7
S01011538,Economically active: Self-employed: Total,31,30,1
S01011538,Economically active: Self-employed: Part-time (1),2,2,0
S01011538,Economically active: Self-employed: Full-time (1),29,28,1
S01011538,Economically active: Unemployed (1),17,17,0
S01011538,Economically inactive,174,166,8
S01011539,All people aged 16 and over,619,612,7
S01011539,Economically active: Total,363,359,4
S01011539,Economically active: Employee: Total,287,283,4
S01011539,Economically active: Employee: Part-time (1),79,78,1
S01011539,Economically active: Employee: Full-time (1),208,205,3
S01011539,Economically active: Self-employed: Total,24,24,0
S01011539,Economically active: Self-employed: Part-time (1),4,4,0
S01011539,Economically active: Self-employed: Full-time (1),20,20,0
S01011539,Economically active: Unemployed (1),52,52,0
S01011539,Economically inactive,256,253,3
S01011540,All people aged 16 and over,849,841,8
S01011540,Economically active: Total,551,544,7
S01011540,Economically active: Employee: Total,470,465,5
S01011540,Economically active: Employee: Part-time (1),122,122,0
S01011540,Economically active: Employee: Full-time (1),348,343,5
S01011540,Economically active: Self-employed: Total,47,46,1
S01011540,Economically active: Self-employed: Part-time (1),16,16,0
S01011540,Economically active: Self-employed: Full-time (1),31,30,1
S01011540,Economically active: Unemployed (1),34,33,1
S01011540,Economically inactive,298,297,1
S01011541,All people aged 16 and over,716,705,11
S01011541,Economically active: Total,466,459,7
S01011541,Economically active: Employee: Total,371,366,5
S01011541,Economically active: Employee: Part-time (1),130,128,2
S01011541,Economically active: Employee: Full-time (1),241,238,3
S01011541,Economically active: Self-employed: Total,36,36,0
S01011541,Economically active: Self-employed: Part-time (1),7,7,0
S01011541,Economically active: Self-employed: Full-time (1),29,29,0
S01011541,Economically active: Unemployed (1),59,57,2
S01011541,Economically inactive,250,246,4
S01011542,All people aged 16 and over,735,722,13
S01011542,Economically active: Total,464,458,6
S01011542,Economically active: Employee: Total,387,383,4
S01011542,Economically active: Employee: Part-time (1),101,100,1
S01011542,Economically active: Employee: Full-time (1),286,283,3
S01011542,Economically active: Self-employed: Total,27,25,2
S01011542,Economically active: Self-employed: Part-time (1),7,7,0
S01011542,Economically active: Self-employed: Full-time (1),20,18,2
S01011542,Economically active: Unemployed (1),50,50,0
S01011542,Economically inactive,271,264,7
S01011543,All people aged 16 and over,611,604,7
S01011543,Economically active: Total,392,387,5
S01011543,Economically active: Employee: Total,308,303,5
S01011543,Economically active: Employee: Part-time (1),93,91,2
S01011543,Economically active: Employee: Full-time (1),215,212,3
S01011543,Economically active: Self-employed: Total,20,20,0
S01011543,Economically active: Self-employed: Part-time (1),1,1,0
S01011543,Economically active: Self-employed: Full-time (1),19,19,0
S01011543,Economically active: Unemployed (1),64,64,0
S01011543,Economically inactive,219,217,2
S01011544,All people aged 16 and over,550,546,4
S01011544,Economically active: Total,316,312,4
S01011544,Economically active: Employee: Total,263,259,4
S01011544,Economically active: Employee: Part-time (1),66,66,0
S01011544,Economically active: Employee: Full-time (1),197,193,4
S01011544,Economically active: Self-employed: Total,20,20,0
S01011544,Economically active: Self-employed: Part-time (1),4,4,0
S01011544,Economically active: Self-employed: Full-time (1),16,16,0
S01011544,Economically active: Unemployed (1),33,33,0
S01011544,Economically inactive,234,234,0
S01011545,All people aged 16 and over,488,481,7
S01011545,Economically active: Total,287,283,4
S01011545,Economically active: Employee: Total,249,246,3
S01011545,Economically active: Employee: Part-time (1),73,72,1
S01011545,Economically active: Employee: Full-time (1),176,174,2
S01011545,Economically active: Self-employed: Total,15,14,1
S01011545,Economically active: Self-employed: Part-time (1),6,5,1
S01011545,Economically active: Self-employed: Full-time (1),9,9,0
S01011545,Economically active: Unemployed (1),23,23,0
S01011545,Economically inactive,201,198,3
S01011546,All people aged 16 and over,550,528,22
S01011546,Economically active: Total,459,444,15
S01011546,Economically active: Employee: Total,376,367,9
S01011546,Economically active: Employee: Part-time (1),113,109,4
S01011546,Economically active: Employee: Full-time (1),263,258,5
S01011546,Economically active: Self-employed: Total,61,56,5
S01011546,Economically active: Self-employed: Part-time (1),14,14,0
S01011546,Economically active: Self-employed: Full-time (1),47,42,5
S01011546,Economically active: Unemployed (1),22,21,1
S01011546,Economically inactive,91,84,7
S01011547,All people aged 16 and over,434,425,9
S01011547,Economically active: Total,358,350,8
S01011547,Economically active: Employee: Total,301,296,5
S01011547,Economically active: Employee: Part-time (1),80,78,2
S01011547,Economically active: Employee: Full-time (1),221,218,3
S01011547,Economically active: Self-employed: Total,34,33,1
S01011547,Economically active: Self-employed: Part-time (1),13,12,1
S01011547,Economically active: Self-employed: Full-time (1),21,21,0
S01011547,Economically active: Unemployed (1),23,21,2
S01011547,Economically inactive,76,75,1
S01011548,All people aged 16 and over,614,602,12
S01011548,Economically active: Total,366,361,5
S01011548,Economically active: Employee: Total,308,304,4
S01011548,Economically active: Employee: Part-time (1),79,77,2
S01011548,Economically active: Employee: Full-time (1),229,227,2
S01011548,Economically active: Self-employed: Total,31,30,1
S01011548,Economically active: Self-employed: Part-time (1),4,3,1
S01011548,Economically active: Self-employed: Full-time (1),27,27,0
S01011548,Economically active: Unemployed (1),27,27,0
S01011548,Economically inactive,248,241,7
S01011549,All people aged 16 and over,678,669,9
S01011549,Economically active: Total,442,435,7
S01011549,Economically active: Employee: Total,370,364,6
S01011549,Economically active: Employee: Part-time (1),102,101,1
S01011549,Economically active: Employee: Full-time (1),268,263,5
S01011549,Economically active: Self-employed: Total,36,36,0
S01011549,Economically active: Self-employed: Part-time (1),8,8,0
S01011549,Economically active: Self-employed: Full-time (1),28,28,0
S01011549,Economically active: Unemployed (1),36,35,1
S01011549,Economically inactive,236,234,2
S01011550,All people aged 16 and over,607,586,21
S01011550,Economically active: Total,402,391,11
S01011550,Economically active: Employee: Total,338,331,7
S01011550,Economically active: Employee: Part-time (1),107,102,5
S01011550,Economically active: Employee: Full-time (1),231,229,2
S01011550,Economically active: Self-employed: Total,44,42,2
S01011550,Economically active: Self-employed: Part-time (1),18,17,1
S01011550,Economically active: Self-employed: Full-time (1),26,25,1
S01011550,Economically active: Unemployed (1),20,18,2
S01011550,Economically inactive,205,195,10
S01011551,All people aged 16 and over,450,438,12
S01011551,Economically active: Total,278,273,5
S01011551,Economically active: Employee: Total,231,226,5
S01011551,Economically active: Employee: Part-time (1),60,60,0
S01011551,Economically active: Employee: Full-time (1),171,166,5
S01011551,Economically active: Self-employed: Total,29,29,0
S01011551,Economically active: Self-employed: Part-time (1),2,2,0
S01011551,Economically active: Self-employed: Full-time (1),27,27,0
S01011551,Economically active: Unemployed (1),18,18,0
S01011551,Economically inactive,172,165,7
S01011552,All people aged 16 and over,602,586,16
S01011552,Economically active: Total,422,414,8
S01011552,Economically active: Employee: Total,355,348,7
S01011552,Economically active: Employee: Part-time (1),108,105,3
S01011552,Economically active: Employee: Full-time (1),247,243,4
S01011552,Economically active: Self-employed: Total,38,37,1
S01011552,Economically active: Self-employed: Part-time (1),10,10,0
S01011552,Economically active: Self-employed: Full-time (1),28,27,1
S01011552,Economically active: Unemployed (1),29,29,0
S01011552,Economically inactive,180,172,8
S01011553,All people aged 16 and over,618,571,47
S01011553,Economically active: Total,506,467,39
S01011553,Economically active: Employee: Total,407,385,22
S01011553,Economically active: Employee: Part-time (1),104,95,9
S01011553,Economically active: Employee: Full-time (1),303,290,13
S01011553,Economically active: Self-employed: Total,68,57,11
S01011553,Economically active: Self-employed: Part-time (1),9,6,3
S01011553,Economically active: Self-employed: Full-time (1),59,51,8
S01011553,Economically active: Unemployed (1),31,25,6
S01011553,Economically inactive,112,104,8
S01011554,All people aged 16 and over,733,723,10
S01011554,Economically active: Total,423,418,5
S01011554,Economically active: Employee: Total,357,352,5
S01011554,Economically active: Employee: Part-time (1),105,104,1
S01011554,Economically active: Employee: Full-time (1),252,248,4
S01011554,Economically active: Self-employed: Total,31,31,0
S01011554,Economically active: Self-employed: Part-time (1),6,6,0
S01011554,Economically active: Self-employed: Full-time (1),25,25,0
S01011554,Economically active: Unemployed (1),35,35,0
S01011554,Economically inactive,310,305,5
S01011555,All people aged 16 and over,458,451,7
S01011555,Economically active: Total,303,301,2
S01011555,Economically active: Employee: Total,254,252,2
S01011555,Economically active: Employee: Part-time (1),89,88,1
S01011555,Economically active: Employee: Full-time (1),165,164,1
S01011555,Economically active: Self-employed: Total,15,15,0
S01011555,Economically active: Self-employed: Part-time (1),3,3,0
S01011555,Economically active: Self-employed: Full-time (1),12,12,0
S01011555,Economically active: Unemployed (1),34,34,0
S01011555,Economically inactive,155,150,5
S01011556,All people aged 16 and over,402,400,2
S01011556,Economically active: Total,246,244,2
S01011556,Economically active: Employee: Total,187,186,1
S01011556,Economically active: Employee: Part-time (1),54,54,0
S01011556,Economically active: Employee: Full-time (1),133,132,1
S01011556,Economically active: Self-employed: Total,25,24,1
S01011556,Economically active: Self-employed: Part-time (1),5,5,0
S01011556,Economically active: Self-employed: Full-time (1),20,19,1
S01011556,Economically active: Unemployed (1),34,34,0
S01011556,Economically inactive,156,156,0
S01011557,All people aged 16 and over,594,586,8
S01011557,Economically active: Total,383,377,6
S01011557,Economically active: Employee: Total,326,322,4
S01011557,Economically active: Employee: Part-time (1),88,88,0
S01011557,Economically active: Employee: Full-time (1),238,234,4
S01011557,Economically active: Self-employed: Total,24,23,1
S01011557,Economically active: Self-employed: Part-time (1),6,6,0
S01011557,Economically active: Self-employed: Full-time (1),18,17,1
S01011557,Economically active: Unemployed (1),33,32,1
S01011557,Economically inactive,211,209,2
S01011558,All people aged 16 and over,457,448,9
S01011558,Economically active: Total,305,299,6
S01011558,Economically active: Employee: Total,249,245,4
S01011558,Economically active: Employee: Part-time (1),81,79,2
S01011558,Economically active: Employee: Full-time (1),168,166,2
S01011558,Economically active: Self-employed: Total,24,23,1
S01011558,Economically active: Self-employed: Part-time (1),8,8,0
S01011558,Economically active: Self-employed: Full-time (1),16,15,1
S01011558,Economically active: Unemployed (1),32,31,1
S01011558,Economically inactive,152,149,3
S01011559,All people aged 16 and over,494,486,8
S01011559,Economically active: Total,303,297,6
S01011559,Economically active: Employee: Total,236,231,5
S01011559,Economically active: Employee: Part-time (1),65,65,0
S01011559,Economically active: Employee: Full-time (1),171,166,5
S01011559,Economically active: Self-employed: Total,16,16,0
S01011559,Economically active: Self-employed: Part-time (1),2,2,0
S01011559,Economically active: Self-employed: Full-time (1),14,14,0
S01011559,Economically active: Unemployed (1),51,50,1
S01011559,Economically inactive,191,189,2
S01011560,All people aged 16 and over,618,602,16
S01011560,Economically active: Total,381,369,12
S01011560,Economically active: Employee: Total,328,319,9
S01011560,Economically active: Employee: Part-time (1),83,81,2
S01011560,Economically active: Employee: Full-time (1),245,238,7
S01011560,Economically active: Self-employed: Total,16,15,1
S01011560,Economically active: Self-employed: Part-time (1),5,5,0
S01011560,Economically active: Self-employed: Full-time (1),11,10,1
S01011560,Economically active: Unemployed (1),37,35,2
S01011560,Economically inactive,237,233,4
S01011561,All people aged 16 and over,646,636,10
S01011561,Economically active: Total,390,382,8
S01011561,Economically active: Employee: Total,313,307,6
S01011561,Economically active: Employee: Part-time (1),103,102,1
S01011561,Economically active: Employee: Full-time (1),210,205,5
S01011561,Economically active: Self-employed: Total,13,13,0
S01011561,Economically active: Self-employed: Part-time (1),0,0,0
S01011561,Economically active: Self-employed: Full-time (1),13,13,0
S01011561,Economically active: Unemployed (1),64,62,2
S01011561,Economically inactive,256,254,2
S01011562,All people aged 16 and over,485,477,8
S01011562,Economically active: Total,307,303,4
S01011562,Economically active: Employee: Total,244,241,3
S01011562,Economically active: Employee: Part-time (1),91,90,1
S01011562,Economically active: Employee: Full-time (1),153,151,2
S01011562,Economically active: Self-employed: Total,20,20,0
S01011562,Economically active: Self-employed: Part-time (1),7,7,0
S01011562,Economically active: Self-employed: Full-time (1),13,13,0
S01011562,Economically active: Unemployed (1),43,42,1
S01011562,Economically inactive,178,174,4
S01011563,All people aged 16 and over,585,572,13
S01011563,Economically active: Total,353,345,8
S01011563,Economically active: Employee: Total,283,275,8
S01011563,Economically active: Employee: Part-time (1),106,105,1
S01011563,Economically active: Employee: Full-time (1),177,170,7
S01011563,Economically active: Self-employed: Total,25,25,0
S01011563,Economically active: Self-employed: Part-time (1),6,6,0
S01011563,Economically active: Self-employed: Full-time (1),19,19,0
S01011563,Economically active: Unemployed (1),45,45,0
S01011563,Economically inactive,232,227,5
S01011564,All people aged 16 and over,771,760,11
S01011564,Economically active: Total,532,522,10
S01011564,Economically active: Employee: Total,446,438,8
S01011564,Economically active: Employee: Part-time (1),120,119,1
S01011564,Economically active: Employee: Full-time (1),326,319,7
S01011564,Economically active: Self-employed: Total,38,37,1
S01011564,Economically active: Self-employed: Part-time (1),10,10,0
S01011564,Economically active: Self-employed: Full-time (1),28,27,1
S01011564,Economically active: Unemployed (1),48,47,1
S01011564,Economically inactive,239,238,1
S01011565,All people aged 16 and over,743,729,14
S01011565,Economically active: Total,523,513,10
S01011565,Economically active: Employee: Total,441,431,10
S01011565,Economically active: Employee: Part-time (1),118,116,2
S01011565,Economically active: Employee: Full-time (1),323,315,8
S01011565,Economically active: Self-employed: Total,29,29,0
S01011565,Economically active: Self-employed: Part-time (1),7,7,0
S01011565,Economically active: Self-employed: Full-time (1),22,22,0
S01011565,Economically active: Unemployed (1),53,53,0
S01011565,Economically inactive,220,216,4
S01011566,All people aged 16 and over,695,675,20
S01011566,Economically active: Total,453,437,16
S01011566,Economically active: Employee: Total,357,345,12
S01011566,Economically active: Employee: Part-time (1),101,98,3
S01011566,Economically active: Employee: Full-time (1),256,247,9
S01011566,Economically active: Self-employed: Total,27,25,2
S01011566,Economically active: Self-employed: Part-time (1),10,10,0
S01011566,Economically active: Self-employed: Full-time (1),17,15,2
S01011566,Economically active: Unemployed (1),69,67,2
S01011566,Economically inactive,242,238,4
S01011567,All people aged 16 and over,831,826,5
S01011567,Economically active: Total,452,447,5
S01011567,Economically active: Employee: Total,371,366,5
S01011567,Economically active: Employee: Part-time (1),113,112,1
S01011567,Economically active: Employee: Full-time (1),258,254,4
S01011567,Economically active: Self-employed: Total,34,34,0
S01011567,Economically active: Self-employed: Part-time (1),10,10,0
S01011567,Economically active: Self-employed: Full-time (1),24,24,0
S01011567,Economically active: Unemployed (1),47,47,0
S01011567,Economically inactive,379,379,0
S01011568,All people aged 16 and over,652,639,13
S01011568,Economically active: Total,445,434,11
S01011568,Economically active: Employee: Total,370,359,11
S01011568,Economically active: Employee: Part-time (1),102,99,3
S01011568,Economically active: Employee: Full-time (1),268,260,8
S01011568,Economically active: Self-employed: Total,33,33,0
S01011568,Economically active: Self-employed: Part-time (1),8,8,0
S01011568,Economically active: Self-employed: Full-time (1),25,25,0
S01011568,Economically active: Unemployed (1),42,42,0
S01011568,Economically inactive,207,205,2
S01011569,All people aged 16 and over,804,780,24
S01011569,Economically active: Total,488,472,16
S01011569,Economically active: Employee: Total,419,405,14
S01011569,Economically active: Employee: Part-time (1),103,100,3
S01011569,Economically active: Employee: Full-time (1),316,305,11
S01011569,Economically active: Self-employed: Total,28,26,2
S01011569,Economically active: Self-employed: Part-time (1),9,8,1
S01011569,Economically active: Self-employed: Full-time (1),19,18,1
S01011569,Economically active: Unemployed (1),41,41,0
S01011569,Economically inactive,316,308,8
S01011570,All people aged 16 and over,606,584,22
S01011570,Economically active: Total,332,314,18
S01011570,Economically active: Employee: Total,291,277,14
S01011570,Economically active: Employee: Part-time (1),90,87,3
S01011570,Economically active: Employee: Full-time (1),201,190,11
S01011570,Economically active: Self-employed: Total,18,15,3
S01011570,Economically active: Self-employed: Part-time (1),4,4,0
S01011570,Economically active: Self-employed: Full-time (1),14,11,3
S01011570,Economically active: Unemployed (1),23,22,1
S01011570,Economically inactive,274,270,4
S01011571,All people aged 16 and over,572,543,29
S01011571,Economically active: Total,324,305,19
S01011571,Economically active: Employee: Total,267,254,13
S01011571,Economically active: Employee: Part-time (1),70,66,4
S01011571,Economically active: Employee: Full-time (1),197,188,9
S01011571,Economically active: Self-employed: Total,18,13,5
S01011571,Economically active: Self-employed: Part-time (1),7,6,1
S01011571,Economically active: Self-employed: Full-time (1),11,7,4
S01011571,Economically active: Unemployed (1),39,38,1
S01011571,Economically inactive,248,238,10
S01011572,All people aged 16 and over,486,465,21
S01011572,Economically active: Total,307,292,15
S01011572,Economically active: Employee: Total,247,236,11
S01011572,Economically active: Employee: Part-time (1),52,49,3
S01011572,Economically active: Employee: Full-time (1),195,187,8
S01011572,Economically active: Self-employed: Total,26,23,3
S01011572,Economically active: Self-employed: Part-time (1),10,9,1
S01011572,Economically active: Self-employed: Full-time (1),16,14,2
S01011572,Economically active: Unemployed (1),34,33,1
S01011572,Economically inactive,179,173,6
S01011573,All people aged 16 and over,842,828,14
S01011573,Economically active: Total,594,584,10
S01011573,Economically active: Employee: Total,500,491,9
S01011573,Economically active: Employee: Part-time (1),121,117,4
S01011573,Economically active: Employee: Full-time (1),379,374,5
S01011573,Economically active: Self-employed: Total,57,56,1
S01011573,Economically active: Self-employed: Part-time (1),13,13,0
S01011573,Economically active: Self-employed: Full-time (1),44,43,1
S01011573,Economically active: Unemployed (1),37,37,0
S01011573,Economically inactive,248,244,4
S01011574,All people aged 16 and over,606,598,8
S01011574,Economically active: Total,432,425,7
S01011574,Economically active: Employee: Total,363,356,7
S01011574,Economically active: Employee: Part-time (1),99,99,0
S01011574,Economically active: Employee: Full-time (1),264,257,7
S01011574,Economically active: Self-employed: Total,40,40,0
S01011574,Economically active: Self-employed: Part-time (1),8,8,0
S01011574,Economically active: Self-employed: Full-time (1),32,32,0
S01011574,Economically active: Unemployed (1),29,29,0
S01011574,Economically inactive,174,173,1
S01011575,All people aged 16 and over,408,403,5
S01011575,Economically active: Total,256,251,5
S01011575,Economically active: Employee: Total,201,196,5
S01011575,Economically active: Employee: Part-time (1),50,49,1
S01011575,Economically active: Employee: Full-time (1),151,147,4
S01011575,Economically active: Self-employed: Total,17,17,0
S01011575,Economically active: Self-employed: Part-time (1),3,3,0
S01011575,Economically active: Self-employed: Full-time (1),14,14,0
S01011575,Economically active: Unemployed (1),38,38,0
S01011575,Economically inactive,152,152,0
S01011576,All people aged 16 and over,737,726,11
S01011576,Economically active: Total,331,323,8
S01011576,Economically active: Employee: Total,248,243,5
S01011576,Economically active: Employee: Part-time (1),84,82,2
S01011576,Economically active: Employee: Full-time (1),164,161,3
S01011576,Economically active: Self-employed: Total,15,14,1
S01011576,Economically active: Self-employed: Part-time (1),6,6,0
S01011576,Economically active: Self-employed: Full-time (1),9,8,1
S01011576,Economically active: Unemployed (1),68,66,2
S01011576,Economically inactive,406,403,3
S01011577,All people aged 16 and over,572,535,37
S01011577,Economically active: Total,393,365,28
S01011577,Economically active: Employee: Total,321,299,22
S01011577,Economically active: Employee: Part-time (1),89,87,2
S01011577,Economically active: Employee: Full-time (1),232,212,20
S01011577,Economically active: Self-employed: Total,30,25,5
S01011577,Economically active: Self-employed: Part-time (1),6,4,2
S01011577,Economically active: Self-employed: Full-time (1),24,21,3
S01011577,Economically active: Unemployed (1),42,41,1
S01011577,Economically inactive,179,170,9
S01011578,All people aged 16 and over,676,657,19
S01011578,Economically active: Total,445,433,12
S01011578,Economically active: Employee: Total,360,349,11
S01011578,Economically active: Employee: Part-time (1),118,113,5
S01011578,Economically active: Employee: Full-time (1),242,236,6
S01011578,Economically active: Self-employed: Total,20,19,1
S01011578,Economically active: Self-employed: Part-time (1),4,4,0
S01011578,Economically active: Self-employed: Full-time (1),16,15,1
S01011578,Economically active: Unemployed (1),65,65,0
S01011578,Economically inactive,231,224,7
S01011579,All people aged 16 and over,906,889,17
S01011579,Economically active: Total,592,583,9
S01011579,Economically active: Employee: Total,481,476,5
S01011579,Economically active: Employee: Part-time (1),130,129,1
S01011579,Economically active: Employee: Full-time (1),351,347,4
S01011579,Economically active: Self-employed: Total,79,75,4
S01011579,Economically active: Self-employed: Part-time (1),15,15,0
S01011579,Economically active: Self-employed: Full-time (1),64,60,4
S01011579,Economically active: Unemployed (1),32,32,0
S01011579,Economically inactive,314,306,8
S01011580,All people aged 16 and over,557,524,33
S01011580,Economically active: Total,366,340,26
S01011580,Economically active: Employee: Total,301,279,22
S01011580,Economically active: Employee: Part-time (1),91,81,10
S01011580,Economically active: Employee: Full-time (1),210,198,12
S01011580,Economically active: Self-employed: Total,31,29,2
S01011580,Economically active: Self-employed: Part-time (1),6,5,1
S01011580,Economically active: Self-employed: Full-time (1),25,24,1
S01011580,Economically active: Unemployed (1),34,32,2
S01011580,Economically inactive,191,184,7
S01011581,All people aged 16 and over,693,660,33
S01011581,Economically active: Total,330,306,24
S01011581,Economically active: Employee: Total,264,242,22
S01011581,Economically active: Employee: Part-time (1),88,84,4
S01011581,Economically active: Employee: Full-time (1),176,158,18
S01011581,Economically active: Self-employed: Total,24,23,1
S01011581,Economically active: Self-employed: Part-time (1),7,7,0
S01011581,Economically active: Self-employed: Full-time (1),17,16,1
S01011581,Economically active: Unemployed (1),42,41,1
S01011581,Economically inactive,363,354,9
S01011582,All people aged 16 and over,957,940,17
S01011582,Economically active: Total,639,629,10
S01011582,Economically active: Employee: Total,546,539,7
S01011582,Economically active: Employee: Part-time (1),135,135,0
S01011582,Economically active: Employee: Full-time (1),411,404,7
S01011582,Economically active: Self-employed: Total,68,66,2
S01011582,Economically active: Self-employed: Part-time (1),22,21,1
S01011582,Economically active: Self-employed: Full-time (1),46,45,1
S01011582,Economically active: Unemployed (1),25,24,1
S01011582,Economically inactive,318,311,7
S01011583,All people aged 16 and over,559,543,16
S01011583,Economically active: Total,374,363,11
S01011583,Economically active: Employee: Total,317,308,9
S01011583,Economically active: Employee: Part-time (1),82,80,2
S01011583,Economically active: Employee: Full-time (1),235,228,7
S01011583,Economically active: Self-employed: Total,19,17,2
S01011583,Economically active: Self-employed: Part-time (1),5,5,0
S01011583,Economically active: Self-employed: Full-time (1),14,12,2
S01011583,Economically active: Unemployed (1),38,38,0
S01011583,Economically inactive,185,180,5
S01011584,All people aged 16 and over,591,576,15
S01011584,Economically active: Total,361,351,10
S01011584,Economically active: Employee: Total,314,312,2
S01011584,Economically active: Employee: Part-time (1),86,86,0
S01011584,Economically active: Employee: Full-time (1),228,226,2
S01011584,Economically active: Self-employed: Total,11,10,1
S01011584,Economically active: Self-employed: Part-time (1),1,1,0
S01011584,Economically active: Self-employed: Full-time (1),10,9,1
S01011584,Economically active: Unemployed (1),36,29,7
S01011584,Economically inactive,230,225,5
S01011585,All people aged 16 and over,585,570,15
S01011585,Economically active: Total,350,338,12
S01011585,Economically active: Employee: Total,300,289,11
S01011585,Economically active: Employee: Part-time (1),86,86,0
S01011585,Economically active: Employee: Full-time (1),214,203,11
S01011585,Economically active: Self-employed: Total,24,24,0
S01011585,Economically active: Self-employed: Part-time (1),8,8,0
S01011585,Economically active: Self-employed: Full-time (1),16,16,0
S01011585,Economically active: Unemployed (1),26,25,1
S01011585,Economically inactive,235,232,3
S01011586,All people aged 16 and over,482,462,20
S01011586,Economically active: Total,299,286,13
S01011586,Economically active: Employee: Total,246,235,11
S01011586,Economically active: Employee: Part-time (1),65,64,1
S01011586,Economically active: Employee: Full-time (1),181,171,10
S01011586,Economically active: Self-employed: Total,11,10,1
S01011586,Economically active: Self-employed: Part-time (1),0,0,0
S01011586,Economically active: Self-employed: Full-time (1),11,10,1
S01011586,Economically active: Unemployed (1),42,41,1
S01011586,Economically inactive,183,176,7
S01011587,All people aged 16 and over,451,440,11
S01011587,Economically active: Total,277,268,9
S01011587,Economically active: Employee: Total,237,231,6
S01011587,Economically active: Employee: Part-time (1),78,77,1
S01011587,Economically active: Employee: Full-time (1),159,154,5
S01011587,Economically active: Self-employed: Total,11,11,0
S01011587,Economically active: Self-employed: Part-time (1),3,3,0
S01011587,Economically active: Self-employed: Full-time (1),8,8,0
S01011587,Economically active: Unemployed (1),29,26,3
S01011587,Economically inactive,174,172,2
S01011588,All people aged 16 and over,609,602,7
S01011588,Economically active: Total,372,366,6
S01011588,Economically active: Employee: Total,299,294,5
S01011588,Economically active: Employee: Part-time (1),80,78,2
S01011588,Economically active: Employee: Full-time (1),219,216,3
S01011588,Economically active: Self-employed: Total,31,31,0
S01011588,Economically active: Self-employed: Part-time (1),10,10,0
S01011588,Economically active: Self-employed: Full-time (1),21,21,0
S01011588,Economically active: Unemployed (1),42,41,1
S01011588,Economically inactive,237,236,1
S01011589,All people aged 16 and over,707,692,15
S01011589,Economically active: Total,419,409,10
S01011589,Economically active: Employee: Total,364,358,6
S01011589,Economically active: Employee: Part-time (1),107,106,1
S01011589,Economically active: Employee: Full-time (1),257,252,5
S01011589,Economically active: Self-employed: Total,26,25,1
S01011589,Economically active: Self-employed: Part-time (1),4,4,0
S01011589,Economically active: Self-employed: Full-time (1),22,21,1
S01011589,Economically active: Unemployed (1),29,26,3
S01011589,Economically inactive,288,283,5
S01011590,All people aged 16 and over,552,541,11
S01011590,Economically active: Total,339,333,6
S01011590,Economically active: Employee: Total,279,273,6
S01011590,Economically active: Employee: Part-time (1),72,71,1
S01011590,Economically active: Employee: Full-time (1),207,202,5
S01011590,Economically active: Self-employed: Total,17,17,0
S01011590,Economically active: Self-employed: Part-time (1),2,2,0
S01011590,Economically active: Self-employed: Full-time (1),15,15,0
S01011590,Economically active: Unemployed (1),43,43,0
S01011590,Economically inactive,213,208,5
S01011591,All people aged 16 and over,501,489,12
S01011591,Economically active: Total,301,294,7
S01011591,Economically active: Employee: Total,227,222,5
S01011591,Economically active: Employee: Part-time (1),52,50,2
S01011591,Economically active: Employee: Full-time (1),175,172,3
S01011591,Economically active: Self-employed: Total,20,20,0
S01011591,Economically active: Self-employed: Part-time (1),6,6,0
S01011591,Economically active: Self-employed: Full-time (1),14,14,0
S01011591,Economically active: Unemployed (1),54,52,2
S01011591,Economically inactive,200,195,5
S01011592,All people aged 16 and over,563,563,0
S01011592,Economically active: Total,329,329,0
S01011592,Economically active: Employee: Total,261,261,0
S01011592,Economically active: Employee: Part-time (1),77,77,0
S01011592,Economically active: Employee: Full-time (1),184,184,0
S01011592,Economically active: Self-employed: Total,19,19,0
S01011592,Economically active: Self-employed: Part-time (1),3,3,0
S01011592,Economically active: Self-employed: Full-time (1),16,16,0
S01011592,Economically active: Unemployed (1),49,49,0
S01011592,Economically inactive,234,234,0
S01011593,All people aged 16 and over,601,590,11
S01011593,Economically active: Total,367,361,6
S01011593,Economically active: Employee: Total,312,309,3
S01011593,Economically active: Employee: Part-time (1),82,82,0
S01011593,Economically active: Employee: Full-time (1),230,227,3
S01011593,Economically active: Self-employed: Total,28,27,1
S01011593,Economically active: Self-employed: Part-time (1),4,4,0
S01011593,Economically active: Self-employed: Full-time (1),24,23,1
S01011593,Economically active: Unemployed (1),27,25,2
S01011593,Economically inactive,234,229,5
S01011594,All people aged 16 and over,385,376,9
S01011594,Economically active: Total,227,222,5
S01011594,Economically active: Employee: Total,192,188,4
S01011594,Economically active: Employee: Part-time (1),53,53,0
S01011594,Economically active: Employee: Full-time (1),139,135,4
S01011594,Economically active: Self-employed: Total,20,19,1
S01011594,Economically active: Self-employed: Part-time (1),5,4,1
S01011594,Economically active: Self-employed: Full-time (1),15,15,0
S01011594,Economically active: Unemployed (1),15,15,0
S01011594,Economically inactive,158,154,4
S01011595,All people aged 16 and over,513,501,12
S01011595,Economically active: Total,373,367,6
S01011595,Economically active: Employee: Total,302,298,4
S01011595,Economically active: Employee: Part-time (1),52,52,0
S01011595,Economically active: Employee: Full-time (1),250,246,4
S01011595,Economically active: Self-employed: Total,44,42,2
S01011595,Economically active: Self-employed: Part-time (1),10,9,1
S01011595,Economically active: Self-employed: Full-time (1),34,33,1
S01011595,Economically active: Unemployed (1),27,27,0
S01011595,Economically inactive,140,134,6
S01011596,All people aged 16 and over,865,818,47
S01011596,Economically active: Total,568,526,42
S01011596,Economically active: Employee: Total,479,448,31
S01011596,Economically active: Employee: Part-time (1),112,106,6
S01011596,Economically active: Employee: Full-time (1),367,342,25
S01011596,Economically active: Self-employed: Total,36,29,7
S01011596,Economically active: Self-employed: Part-time (1),7,6,1
S01011596,Economically active: Self-employed: Full-time (1),29,23,6
S01011596,Economically active: Unemployed (1),53,49,4
S01011596,Economically inactive,297,292,5
S01011597,All people aged 16 and over,537,520,17
S01011597,Economically active: Total,349,339,10
S01011597,Economically active: Employee: Total,301,292,9
S01011597,Economically active: Employee: Part-time (1),67,64,3
S01011597,Economically active: Employee: Full-time (1),234,228,6
S01011597,Economically active: Self-employed: Total,23,22,1
S01011597,Economically active: Self-employed: Part-time (1),7,7,0
S01011597,Economically active: Self-employed: Full-time (1),16,15,1
S01011597,Economically active: Unemployed (1),25,25,0
S01011597,Economically inactive,188,181,7
S01011598,All people aged 16 and over,682,609,73
S01011598,Economically active: Total,400,336,64
S01011598,Economically active: Employee: Total,244,191,53
S01011598,Economically active: Employee: Part-time (1),71,59,12
S01011598,Economically active: Employee: Full-time (1),173,132,41
S01011598,Economically active: Self-employed: Total,21,17,4
S01011598,Economically active: Self-employed: Part-time (1),5,4,1
S01011598,Economically active: Self-employed: Full-time (1),16,13,3
S01011598,Economically active: Unemployed (1),135,128,7
S01011598,Economically inactive,282,273,9
S01011599,All people aged 16 and over,662,635,27
S01011599,Economically active: Total,408,386,22
S01011599,Economically active: Employee: Total,342,323,19
S01011599,Economically active: Employee: Part-time (1),89,85,4
S01011599,Economically active: Employee: Full-time (1),253,238,15
S01011599,Economically active: Self-employed: Total,20,18,2
S01011599,Economically active: Self-employed: Part-time (1),3,2,1
S01011599,Economically active: Self-employed: Full-time (1),17,16,1
S01011599,Economically active: Unemployed (1),46,45,1
S01011599,Economically inactive,254,249,5
S01011600,All people aged 16 and over,644,617,27
S01011600,Economically active: Total,369,350,19
S01011600,Economically active: Employee: Total,311,295,16
S01011600,Economically active: Employee: Part-time (1),63,62,1
S01011600,Economically active: Employee: Full-time (1),248,233,15
S01011600,Economically active: Self-employed: Total,23,23,0
S01011600,Economically active: Self-employed: Part-time (1),4,4,0
S01011600,Economically active: Self-employed: Full-time (1),19,19,0
S01011600,Economically active: Unemployed (1),35,32,3
S01011600,Economically inactive,275,267,8
S01011601,All people aged 16 and over,656,637,19
S01011601,Economically active: Total,522,508,14
S01011601,Economically active: Employee: Total,454,444,10
S01011601,Economically active: Employee: Part-time (1),135,131,4
S01011601,Economically active: Employee: Full-time (1),319,313,6
S01011601,Economically active: Self-employed: Total,41,38,3
S01011601,Economically active: Self-employed: Part-time (1),4,4,0
S01011601,Economically active: Self-employed: Full-time (1),37,34,3
S01011601,Economically active: Unemployed (1),27,26,1
S01011601,Economically inactive,134,129,5
S01011602,All people aged 16 and over,495,463,32
S01011602,Economically active: Total,310,282,28
S01011602,Economically active: Employee: Total,242,218,24
S01011602,Economically active: Employee: Part-time (1),56,54,2
S01011602,Economically active: Employee: Full-time (1),186,164,22
S01011602,Economically active: Self-employed: Total,21,19,2
S01011602,Economically active: Self-employed: Part-time (1),2,2,0
S01011602,Economically active: Self-employed: Full-time (1),19,17,2
S01011602,Economically active: Unemployed (1),47,45,2
S01011602,Economically inactive,185,181,4
S01011603,All people aged 16 and over,673,658,15
S01011603,Economically active: Total,332,325,7
S01011603,Economically active: Employee: Total,265,260,5
S01011603,Economically active: Employee: Part-time (1),68,66,2
S01011603,Economically active: Employee: Full-time (1),197,194,3
S01011603,Economically active: Self-employed: Total,21,20,1
S01011603,Economically active: Self-employed: Part-time (1),6,6,0
S01011603,Economically active: Self-employed: Full-time (1),15,14,1
S01011603,Economically active: Unemployed (1),46,45,1
S01011603,Economically inactive,341,333,8
S01011604,All people aged 16 and over,528,490,38
S01011604,Economically active: Total,317,286,31
S01011604,Economically active: Employee: Total,247,223,24
S01011604,Economically active: Employee: Part-time (1),82,79,3
S01011604,Economically active: Employee: Full-time (1),165,144,21
S01011604,Economically active: Self-employed: Total,17,14,3
S01011604,Economically active: Self-employed: Part-time (1),9,8,1
S01011604,Economically active: Self-employed: Full-time (1),8,6,2
S01011604,Economically active: Unemployed (1),53,49,4
S01011604,Economically inactive,211,204,7
S01011605,All people aged 16 and over,715,696,19
S01011605,Economically active: Total,425,412,13
S01011605,Economically active: Employee: Total,333,321,12
S01011605,Economically active: Employee: Part-time (1),94,89,5
S01011605,Economically active: Employee: Full-time (1),239,232,7
S01011605,Economically active: Self-employed: Total,41,40,1
S01011605,Economically active: Self-employed: Part-time (1),11,10,1
S01011605,Economically active: Self-employed: Full-time (1),30,30,0
S01011605,Economically active: Unemployed (1),51,51,0
S01011605,Economically inactive,290,284,6
S01011606,All people aged 16 and over,730,705,25
S01011606,Economically active: Total,620,601,19
S01011606,Economically active: Employee: Total,558,542,16
S01011606,Economically active: Employee: Part-time (1),133,127,6
S01011606,Economically active: Employee: Full-time (1),425,415,10
S01011606,Economically active: Self-employed: Total,44,41,3
S01011606,Economically active: Self-employed: Part-time (1),10,10,0
S01011606,Economically active: Self-employed: Full-time (1),34,31,3
S01011606,Economically active: Unemployed (1),18,18,0
S01011606,Economically inactive,110,104,6
S01011607,All people aged 16 and over,477,463,14
S01011607,Economically active: Total,366,359,7
S01011607,Economically active: Employee: Total,308,305,3
S01011607,Economically active: Employee: Part-time (1),65,65,0
S01011607,Economically active: Employee: Full-time (1),243,240,3
S01011607,Economically active: Self-employed: Total,29,27,2
S01011607,Economically active: Self-employed: Part-time (1),8,7,1
S01011607,Economically active: Self-employed: Full-time (1),21,20,1
S01011607,Economically active: Unemployed (1),29,27,2
S01011607,Economically inactive,111,104,7
S01011608,All people aged 16 and over,741,719,22
S01011608,Economically active: Total,600,581,19
S01011608,Economically active: Employee: Total,507,492,15
S01011608,Economically active: Employee: Part-time (1),117,111,6
S01011608,Economically active: Employee: Full-time (1),390,381,9
S01011608,Economically active: Self-employed: Total,61,58,3
S01011608,Economically active: Self-employed: Part-time (1),11,11,0
S01011608,Economically active: Self-employed: Full-time (1),50,47,3
S01011608,Economically active: Unemployed (1),32,31,1
S01011608,Economically inactive,141,138,3
S01011609,All people aged 16 and over,762,686,76
S01011609,Economically active: Total,445,384,61
S01011609,Economically active: Employee: Total,331,280,51
S01011609,Economically active: Employee: Part-time (1),110,101,9
S01011609,Economically active: Employee: Full-time (1),221,179,42
S01011609,Economically active: Self-employed: Total,26,20,6
S01011609,Economically active: Self-employed: Part-time (1),7,6,1
S01011609,Economically active: Self-employed: Full-time (1),19,14,5
S01011609,Economically active: Unemployed (1),88,84,4
S01011609,Economically inactive,317,302,15
S01011610,All people aged 16 and over,653,612,41
S01011610,Economically active: Total,406,378,28
S01011610,Economically active: Employee: Total,319,297,22
S01011610,Economically active: Employee: Part-time (1),103,97,6
S01011610,Economically active: Employee: Full-time (1),216,200,16
S01011610,Economically active: Self-employed: Total,21,17,4
S01011610,Economically active: Self-employed: Part-time (1),8,6,2
S01011610,Economically active: Self-employed: Full-time (1),13,11,2
S01011610,Economically active: Unemployed (1),66,64,2
S01011610,Economically inactive,247,234,13
S01011611,All people aged 16 and over,587,577,10
S01011611,Economically active: Total,386,377,9
S01011611,Economically active: Employee: Total,328,319,9
S01011611,Economically active: Employee: Part-time (1),99,96,3
S01011611,Economically active: Employee: Full-time (1),229,223,6
S01011611,Economically active: Self-employed: Total,29,29,0
S01011611,Economically active: Self-employed: Part-time (1),8,8,0
S01011611,Economically active: Self-employed: Full-time (1),21,21,0
S01011611,Economically active: Unemployed (1),29,29,0
S01011611,Economically inactive,201,200,1
S01011612,All people aged 16 and over,453,439,14
S01011612,Economically active: Total,408,397,11
S01011612,Economically active: Employee: Total,350,340,10
S01011612,Economically active: Employee: Part-time (1),66,63,3
S01011612,Economically active: Employee: Full-time (1),284,277,7
S01011612,Economically active: Self-employed: Total,43,42,1
S01011612,Economically active: Self-employed: Part-time (1),8,8,0
S01011612,Economically active: Self-employed: Full-time (1),35,34,1
S01011612,Economically active: Unemployed (1),15,15,0
S01011612,Economically inactive,45,42,3
S01011613,All people aged 16 and over,798,777,21
S01011613,Economically active: Total,512,497,15
S01011613,Economically active: Employee: Total,426,413,13
S01011613,Economically active: Employee: Part-time (1),122,118,4
S01011613,Economically active: Employee: Full-time (1),304,295,9
S01011613,Economically active: Self-employed: Total,62,61,1
S01011613,Economically active: Self-employed: Part-time (1),20,19,1
S01011613,Economically active: Self-employed: Full-time (1),42,42,0
S01011613,Economically active: Unemployed (1),24,23,1
S01011613,Economically inactive,286,280,6
S01011614,All people aged 16 and over,379,372,7
S01011614,Economically active: Total,260,254,6
S01011614,Economically active: Employee: Total,217,213,4
S01011614,Economically active: Employee: Part-time (1),51,49,2
S01011614,Economically active: Employee: Full-time (1),166,164,2
S01011614,Economically active: Self-employed: Total,22,21,1
S01011614,Economically active: Self-employed: Part-time (1),2,2,0
S01011614,Economically active: Self-employed: Full-time (1),20,19,1
S01011614,Economically active: Unemployed (1),21,20,1
S01011614,Economically inactive,119,118,1
S01011615,All people aged 16 and over,559,551,8
S01011615,Economically active: Total,336,328,8
S01011615,Economically active: Employee: Total,265,260,5
S01011615,Economically active: Employee: Part-time (1),68,67,1
S01011615,Economically active: Employee: Full-time (1),197,193,4
S01011615,Economically active: Self-employed: Total,27,26,1
S01011615,Economically active: Self-employed: Part-time (1),8,8,0
S01011615,Economically active: Self-employed: Full-time (1),19,18,1
S01011615,Economically active: Unemployed (1),44,42,2
S01011615,Economically inactive,223,223,0
S01011616,All people aged 16 and over,343,338,5
S01011616,Economically active: Total,182,177,5
S01011616,Economically active: Employee: Total,135,132,3
S01011616,Economically active: Employee: Part-time (1),26,23,3
S01011616,Economically active: Employee: Full-time (1),109,109,0
S01011616,Economically active: Self-employed: Total,14,14,0
S01011616,Economically active: Self-employed: Part-time (1),4,4,0
S01011616,Economically active: Self-employed: Full-time (1),10,10,0
S01011616,Economically active: Unemployed (1),33,31,2
S01011616,Economically inactive,161,161,0
S01011617,All people aged 16 and over,711,707,4
S01011617,Economically active: Total,419,416,3
S01011617,Economically active: Employee: Total,341,338,3
S01011617,Economically active: Employee: Part-time (1),89,89,0
S01011617,Economically active: Employee: Full-time (1),252,249,3
S01011617,Economically active: Self-employed: Total,27,27,0
S01011617,Economically active: Self-employed: Part-time (1),7,7,0
S01011617,Economically active: Self-employed: Full-time (1),20,20,0
S01011617,Economically active: Unemployed (1),51,51,0
S01011617,Economically inactive,292,291,1
S01011618,All people aged 16 and over,491,476,15
S01011618,Economically active: Total,291,285,6
S01011618,Economically active: Employee: Total,247,242,5
S01011618,Economically active: Employee: Part-time (1),68,65,3
S01011618,Economically active: Employee: Full-time (1),179,177,2
S01011618,Economically active: Self-employed: Total,14,14,0
S01011618,Economically active: Self-employed: Part-time (1),2,2,0
S01011618,Economically active: Self-employed: Full-time (1),12,12,0
S01011618,Economically active: Unemployed (1),30,29,1
S01011618,Economically inactive,200,191,9
S01011619,All people aged 16 and over,813,778,35
S01011619,Economically active: Total,638,613,25
S01011619,Economically active: Employee: Total,562,543,19
S01011619,Economically active: Employee: Part-time (1),111,106,5
S01011619,Economically active: Employee: Full-time (1),451,437,14
S01011619,Economically active: Self-employed: Total,39,37,2
S01011619,Economically active: Self-employed: Part-time (1),6,6,0
S01011619,Economically active: Self-employed: Full-time (1),33,31,2
S01011619,Economically active: Unemployed (1),37,33,4
S01011619,Economically inactive,175,165,10
S01011620,All people aged 16 and over,806,766,40
S01011620,Economically active: Total,690,667,23
S01011620,Economically active: Employee: Total,603,587,16
S01011620,Economically active: Employee: Part-time (1),111,105,6
S01011620,Economically active: Employee: Full-time (1),492,482,10
S01011620,Economically active: Self-employed: Total,63,57,6
S01011620,Economically active: Self-employed: Part-time (1),12,10,2
S01011620,Economically active: Self-employed: Full-time (1),51,47,4
S01011620,Economically active: Unemployed (1),24,23,1
S01011620,Economically inactive,116,99,17
S01011621,All people aged 16 and over,591,571,20
S01011621,Economically active: Total,411,395,16
S01011621,Economically active: Employee: Total,350,337,13
S01011621,Economically active: Employee: Part-time (1),88,84,4
S01011621,Economically active: Employee: Full-time (1),262,253,9
S01011621,Economically active: Self-employed: Total,29,28,1
S01011621,Economically active: Self-employed: Part-time (1),5,5,0
S01011621,Economically active: Self-employed: Full-time (1),24,23,1
S01011621,Economically active: Unemployed (1),32,30,2
S01011621,Economically inactive,180,176,4
S01011622,All people aged 16 and over,482,466,16
S01011622,Economically active: Total,392,381,11
S01011622,Economically active: Employee: Total,308,298,10
S01011622,Economically active: Employee: Part-time (1),56,55,1
S01011622,Economically active: Employee: Full-time (1),252,243,9
S01011622,Economically active: Self-employed: Total,55,54,1
S01011622,Economically active: Self-employed: Part-time (1),11,11,0
S01011622,Economically active: Self-employed: Full-time (1),44,43,1
S01011622,Economically active: Unemployed (1),29,29,0
S01011622,Economically inactive,90,85,5
S01011623,All people aged 16 and over,563,540,23
S01011623,Economically active: Total,328,314,14
S01011623,Economically active: Employee: Total,265,257,8
S01011623,Economically active: Employee: Part-time (1),69,68,1
S01011623,Economically active: Employee: Full-time (1),196,189,7
S01011623,Economically active: Self-employed: Total,33,28,5
S01011623,Economically active: Self-employed: Part-time (1),10,8,2
S01011623,Economically active: Self-employed: Full-time (1),23,20,3
S01011623,Economically active: Unemployed (1),30,29,1
S01011623,Economically inactive,235,226,9
S01011624,All people aged 16 and over,550,536,14
S01011624,Economically active: Total,412,401,11
S01011624,Economically active: Employee: Total,340,333,7
S01011624,Economically active: Employee: Part-time (1),76,73,3
S01011624,Economically active: Employee: Full-time (1),264,260,4
S01011624,Economically active: Self-employed: Total,38,36,2
S01011624,Economically active: Self-employed: Part-time (1),8,7,1
S01011624,Economically active: Self-employed: Full-time (1),30,29,1
S01011624,Economically active: Unemployed (1),34,32,2
S01011624,Economically inactive,138,135,3
S01011625,All people aged 16 and over,443,433,10
S01011625,Economically active: Total,299,294,5
S01011625,Economically active: Employee: Total,250,247,3
S01011625,Economically active: Employee: Part-time (1),61,61,0
S01011625,Economically active: Employee: Full-time (1),189,186,3
S01011625,Economically active: Self-employed: Total,17,17,0
S01011625,Economically active: Self-employed: Part-time (1),4,4,0
S01011625,Economically active: Self-employed: Full-time (1),13,13,0
S01011625,Economically active: Unemployed (1),32,30,2
S01011625,Economically inactive,144,139,5
S01011626,All people aged 16 and over,634,620,14
S01011626,Economically active: Total,511,503,8
S01011626,Economically active: Employee: Total,434,428,6
S01011626,Economically active: Employee: Part-time (1),114,113,1
S01011626,Economically active: Employee: Full-time (1),320,315,5
S01011626,Economically active: Self-employed: Total,51,50,1
S01011626,Economically active: Self-employed: Part-time (1),13,12,1
S01011626,Economically active: Self-employed: Full-time (1),38,38,0
S01011626,Economically active: Unemployed (1),26,25,1
S01011626,Economically inactive,123,117,6
S01011627,All people aged 16 and over,532,515,17
S01011627,Economically active: Total,441,428,13
S01011627,Economically active: Employee: Total,395,386,9
S01011627,Economically active: Employee: Part-time (1),93,92,1
S01011627,Economically active: Employee: Full-time (1),302,294,8
S01011627,Economically active: Self-employed: Total,35,31,4
S01011627,Economically active: Self-employed: Part-time (1),12,11,1
S01011627,Economically active: Self-employed: Full-time (1),23,20,3
S01011627,Economically active: Unemployed (1),11,11,0
S01011627,Economically inactive,91,87,4
S01011628,All people aged 16 and over,889,869,20
S01011628,Economically active: Total,593,577,16
S01011628,Economically active: Employee: Total,507,495,12
S01011628,Economically active: Employee: Part-time (1),136,132,4
S01011628,Economically active: Employee: Full-time (1),371,363,8
S01011628,Economically active: Self-employed: Total,49,47,2
S01011628,Economically active: Self-employed: Part-time (1),8,8,0
S01011628,Economically active: Self-employed: Full-time (1),41,39,2
S01011628,Economically active: Unemployed (1),37,35,2
S01011628,Economically inactive,296,292,4
S01011629,All people aged 16 and over,490,481,9
S01011629,Economically active: Total,292,285,7
S01011629,Economically active: Employee: Total,234,230,4
S01011629,Economically active: Employee: Part-time (1),71,71,0
S01011629,Economically active: Employee: Full-time (1),163,159,4
S01011629,Economically active: Self-employed: Total,18,15,3
S01011629,Economically active: Self-employed: Part-time (1),4,4,0
S01011629,Economically active: Self-employed: Full-time (1),14,11,3
S01011629,Economically active: Unemployed (1),40,40,0
S01011629,Economically inactive,198,196,2
S01011630,All people aged 16 and over,506,501,5
S01011630,Economically active: Total,317,316,1
S01011630,Economically active: Employee: Total,252,252,0
S01011630,Economically active: Employee: Part-time (1),75,75,0
S01011630,Economically active: Employee: Full-time (1),177,177,0
S01011630,Economically active: Self-employed: Total,25,24,1
S01011630,Economically active: Self-employed: Part-time (1),7,7,0
S01011630,Economically active: Self-employed: Full-time (1),18,17,1
S01011630,Economically active: Unemployed (1),40,40,0
S01011630,Economically inactive,189,185,4
S01011631,All people aged 16 and over,455,442,13
S01011631,Economically active: Total,270,259,11
S01011631,Economically active: Employee: Total,213,203,10
S01011631,Economically active: Employee: Part-time (1),62,61,1
S01011631,Economically active: Employee: Full-time (1),151,142,9
S01011631,Economically active: Self-employed: Total,13,13,0
S01011631,Economically active: Self-employed: Part-time (1),3,3,0
S01011631,Economically active: Self-employed: Full-time (1),10,10,0
S01011631,Economically active: Unemployed (1),44,43,1
S01011631,Economically inactive,185,183,2
S01011632,All people aged 16 and over,580,556,24
S01011632,Economically active: Total,379,361,18
S01011632,Economically active: Employee: Total,302,287,15
S01011632,Economically active: Employee: Part-time (1),83,82,1
S01011632,Economically active: Employee: Full-time (1),219,205,14
S01011632,Economically active: Self-employed: Total,31,29,2
S01011632,Economically active: Self-employed: Part-time (1),7,7,0
S01011632,Economically active: Self-employed: Full-time (1),24,22,2
S01011632,Economically active: Unemployed (1),46,45,1
S01011632,Economically inactive,201,195,6
S01011633,All people aged 16 and over,592,570,22
S01011633,Economically active: Total,333,319,14
S01011633,Economically active: Employee: Total,262,251,11
S01011633,Economically active: Employee: Part-time (1),72,69,3
S01011633,Economically active: Employee: Full-time (1),190,182,8
S01011633,Economically active: Self-employed: Total,19,19,0
S01011633,Economically active: Self-employed: Part-time (1),9,9,0
S01011633,Economically active: Self-employed: Full-time (1),10,10,0
S01011633,Economically active: Unemployed (1),52,49,3
S01011633,Economically inactive,259,251,8
S01011634,All people aged 16 and over,435,415,20
S01011634,Economically active: Total,243,229,14
S01011634,Economically active: Employee: Total,201,191,10
S01011634,Economically active: Employee: Part-time (1),56,52,4
S01011634,Economically active: Employee: Full-time (1),145,139,6
S01011634,Economically active: Self-employed: Total,11,9,2
S01011634,Economically active: Self-employed: Part-time (1),2,2,0
S01011634,Economically active: Self-employed: Full-time (1),9,7,2
S01011634,Economically active: Unemployed (1),31,29,2
S01011634,Economically inactive,192,186,6
S01011635,All people aged 16 and over,523,501,22
S01011635,Economically active: Total,318,301,17
S01011635,Economically active: Employee: Total,263,247,16
S01011635,Economically active: Employee: Part-time (1),73,70,3
S01011635,Economically active: Employee: Full-time (1),190,177,13
S01011635,Economically active: Self-employed: Total,19,18,1
S01011635,Economically active: Self-employed: Part-time (1),3,3,0
S01011635,Economically active: Self-employed: Full-time (1),16,15,1
S01011635,Economically active: Unemployed (1),36,36,0
S01011635,Economically inactive,205,200,5
S01011636,All people aged 16 and over,550,534,16
S01011636,Economically active: Total,323,309,14
S01011636,Economically active: Employee: Total,263,251,12
S01011636,Economically active: Employee: Part-time (1),76,72,4
S01011636,Economically active: Employee: Full-time (1),187,179,8
S01011636,Economically active: Self-employed: Total,18,17,1
S01011636,Economically active: Self-employed: Part-time (1),5,5,0
S01011636,Economically active: Self-employed: Full-time (1),13,12,1
S01011636,Economically active: Unemployed (1),42,41,1
S01011636,Economically inactive,227,225,2
S01011637,All people aged 16 and over,560,549,11
S01011637,Economically active: Total,345,337,8
S01011637,Economically active: Employee: Total,268,261,7
S01011637,Economically active: Employee: Part-time (1),70,69,1
S01011637,Economically active: Employee: Full-time (1),198,192,6
S01011637,Economically active: Self-employed: Total,24,23,1
S01011637,Economically active: Self-employed: Part-time (1),8,8,0
S01011637,Economically active: Self-employed: Full-time (1),16,15,1
S01011637,Economically active: Unemployed (1),53,53,0
S01011637,Economically inactive,215,212,3
S01011638,All people aged 16 and over,429,413,16
S01011638,Economically active: Total,247,237,10
S01011638,Economically active: Employee: Total,208,199,9
S01011638,Economically active: Employee: Part-time (1),50,47,3
S01011638,Economically active: Employee: Full-time (1),158,152,6
S01011638,Economically active: Self-employed: Total,15,14,1
S01011638,Economically active: Self-employed: Part-time (1),2,2,0
S01011638,Economically active: Self-employed: Full-time (1),13,12,1
S01011638,Economically active: Unemployed (1),24,24,0
S01011638,Economically inactive,182,176,6
S01011639,All people aged 16 and over,455,443,12
S01011639,Economically active: Total,266,258,8
S01011639,Economically active: Employee: Total,221,213,8
S01011639,Economically active: Employee: Part-time (1),68,65,3
S01011639,Economically active: Employee: Full-time (1),153,148,5
S01011639,Economically active: Self-employed: Total,6,6,0
S01011639,Economically active: Self-employed: Part-time (1),3,3,0
S01011639,Economically active: Self-employed: Full-time (1),3,3,0
S01011639,Economically active: Unemployed (1),39,39,0
S01011639,Economically inactive,189,185,4
S01011640,All people aged 16 and over,535,517,18
S01011640,Economically active: Total,329,319,10
S01011640,Economically active: Employee: Total,272,263,9
S01011640,Economically active: Employee: Part-time (1),74,72,2
S01011640,Economically active: Employee: Full-time (1),198,191,7
S01011640,Economically active: Self-employed: Total,16,15,1
S01011640,Economically active: Self-employed: Part-time (1),4,4,0
S01011640,Economically active: Self-employed: Full-time (1),12,11,1
S01011640,Economically active: Unemployed (1),41,41,0
S01011640,Economically inactive,206,198,8
S01011641,All people aged 16 and over,406,398,8
S01011641,Economically active: Total,255,249,6
S01011641,Economically active: Employee: Total,224,218,6
S01011641,Economically active: Employee: Part-time (1),68,66,2
S01011641,Economically active: Employee: Full-time (1),156,152,4
S01011641,Economically active: Self-employed: Total,25,25,0
S01011641,Economically active: Self-employed: Part-time (1),6,6,0
S01011641,Economically active: Self-employed: Full-time (1),19,19,0
S01011641,Economically active: Unemployed (1),6,6,0
S01011641,Economically inactive,151,149,2
S01011642,All people aged 16 and over,668,630,38
S01011642,Economically active: Total,451,418,33
S01011642,Economically active: Employee: Total,364,338,26
S01011642,Economically active: Employee: Part-time (1),102,98,4
S01011642,Economically active: Employee: Full-time (1),262,240,22
S01011642,Economically active: Self-employed: Total,41,36,5
S01011642,Economically active: Self-employed: Part-time (1),8,8,0
S01011642,Economically active: Self-employed: Full-time (1),33,28,5
S01011642,Economically active: Unemployed (1),46,44,2
S01011642,Economically inactive,217,212,5
S01011643,All people aged 16 and over,464,443,21
S01011643,Economically active: Total,326,310,16
S01011643,Economically active: Employee: Total,265,251,14
S01011643,Economically active: Employee: Part-time (1),73,70,3
S01011643,Economically active: Employee: Full-time (1),192,181,11
S01011643,Economically active: Self-employed: Total,43,42,1
S01011643,Economically active: Self-employed: Part-time (1),11,11,0
S01011643,Economically active: Self-employed: Full-time (1),32,31,1
S01011643,Economically active: Unemployed (1),18,17,1
S01011643,Economically inactive,138,133,5
S01011644,All people aged 16 and over,602,587,15
S01011644,Economically active: Total,337,331,6
S01011644,Economically active: Employee: Total,288,283,5
S01011644,Economically active: Employee: Part-time (1),70,69,1
S01011644,Economically active: Employee: Full-time (1),218,214,4
S01011644,Economically active: Self-employed: Total,31,31,0
S01011644,Economically active: Self-employed: Part-time (1),7,7,0
S01011644,Economically active: Self-employed: Full-time (1),24,24,0
S01011644,Economically active: Unemployed (1),18,17,1
S01011644,Economically inactive,265,256,9
S01011645,All people aged 16 and over,452,446,6
S01011645,Economically active: Total,240,236,4
S01011645,Economically active: Employee: Total,207,203,4
S01011645,Economically active: Employee: Part-time (1),63,63,0
S01011645,Economically active: Employee: Full-time (1),144,140,4
S01011645,Economically active: Self-employed: Total,22,22,0
S01011645,Economically active: Self-employed: Part-time (1),9,9,0
S01011645,Economically active: Self-employed: Full-time (1),13,13,0
S01011645,Economically active: Unemployed (1),11,11,0
S01011645,Economically inactive,212,210,2
S01011646,All people aged 16 and over,589,577,12
S01011646,Economically active: Total,376,366,10
S01011646,Economically active: Employee: Total,318,312,6
S01011646,Economically active: Employee: Part-time (1),86,86,0
S01011646,Economically active: Employee: Full-time (1),232,226,6
S01011646,Economically active: Self-employed: Total,36,35,1
S01011646,Economically active: Self-employed: Part-time (1),9,9,0
S01011646,Economically active: Self-employed: Full-time (1),27,26,1
S01011646,Economically active: Unemployed (1),22,19,3
S01011646,Economically inactive,213,211,2
S01011647,All people aged 16 and over,701,686,15
S01011647,Economically active: Total,528,518,10
S01011647,Economically active: Employee: Total,467,458,9
S01011647,Economically active: Employee: Part-time (1),107,105,2
S01011647,Economically active: Employee: Full-time (1),360,353,7
S01011647,Economically active: Self-employed: Total,32,31,1
S01011647,Economically active: Self-employed: Part-time (1),4,4,0
S01011647,Economically active: Self-employed: Full-time (1),28,27,1
S01011647,Economically active: Unemployed (1),29,29,0
S01011647,Economically inactive,173,168,5
S01011648,All people aged 16 and over,514,481,33
S01011648,Economically active: Total,393,368,25
S01011648,Economically active: Employee: Total,334,318,16
S01011648,Economically active: Employee: Part-time (1),63,60,3
S01011648,Economically active: Employee: Full-time (1),271,258,13
S01011648,Economically active: Self-employed: Total,31,26,5
S01011648,Economically active: Self-employed: Part-time (1),6,5,1
S01011648,Economically active: Self-employed: Full-time (1),25,21,4
S01011648,Economically active: Unemployed (1),28,24,4
S01011648,Economically inactive,121,113,8
S01011649,All people aged 16 and over,395,371,24
S01011649,Economically active: Total,255,232,23
S01011649,Economically active: Employee: Total,222,202,20
S01011649,Economically active: Employee: Part-time (1),45,40,5
S01011649,Economically active: Employee: Full-time (1),177,162,15
S01011649,Economically active: Self-employed: Total,15,15,0
S01011649,Economically active: Self-employed: Part-time (1),5,5,0
S01011649,Economically active: Self-employed: Full-time (1),10,10,0
S01011649,Economically active: Unemployed (1),18,15,3
S01011649,Economically inactive,140,139,1
S01011650,All people aged 16 and over,583,562,21
S01011650,Economically active: Total,360,347,13
S01011650,Economically active: Employee: Total,294,286,8
S01011650,Economically active: Employee: Part-time (1),61,60,1
S01011650,Economically active: Employee: Full-time (1),233,226,7
S01011650,Economically active: Self-employed: Total,40,38,2
S01011650,Economically active: Self-employed: Part-time (1),8,8,0
S01011650,Economically active: Self-employed: Full-time (1),32,30,2
S01011650,Economically active: Unemployed (1),26,23,3
S01011650,Economically inactive,223,215,8
S01011651,All people aged 16 and over,772,746,26
S01011651,Economically active: Total,478,463,15
S01011651,Economically active: Employee: Total,409,396,13
S01011651,Economically active: Employee: Part-time (1),93,89,4
S01011651,Economically active: Employee: Full-time (1),316,307,9
S01011651,Economically active: Self-employed: Total,33,31,2
S01011651,Economically active: Self-employed: Part-time (1),9,9,0
S01011651,Economically active: Self-employed: Full-time (1),24,22,2
S01011651,Economically active: Unemployed (1),36,36,0
S01011651,Economically inactive,294,283,11
S01011652,All people aged 16 and over,642,599,43
S01011652,Economically active: Total,452,421,31
S01011652,Economically active: Employee: Total,386,364,22
S01011652,Economically active: Employee: Part-time (1),96,85,11
S01011652,Economically active: Employee: Full-time (1),290,279,11
S01011652,Economically active: Self-employed: Total,34,30,4
S01011652,Economically active: Self-employed: Part-time (1),10,9,1
S01011652,Economically active: Self-employed: Full-time (1),24,21,3
S01011652,Economically active: Unemployed (1),32,27,5
S01011652,Economically inactive,190,178,12
S01011653,All people aged 16 and over,719,705,14
S01011653,Economically active: Total,441,430,11
S01011653,Economically active: Employee: Total,346,338,8
S01011653,Economically active: Employee: Part-time (1),100,99,1
S01011653,Economically active: Employee: Full-time (1),246,239,7
S01011653,Economically active: Self-employed: Total,28,27,1
S01011653,Economically active: Self-employed: Part-time (1),6,6,0
S01011653,Economically active: Self-employed: Full-time (1),22,21,1
S01011653,Economically active: Unemployed (1),67,65,2
S01011653,Economically inactive,278,275,3
S01011654,All people aged 16 and over,827,780,47
S01011654,Economically active: Total,476,439,37
S01011654,Economically active: Employee: Total,350,322,28
S01011654,Economically active: Employee: Part-time (1),73,69,4
S01011654,Economically active: Employee: Full-time (1),277,253,24
S01011654,Economically active: Self-employed: Total,53,48,5
S01011654,Economically active: Self-employed: Part-time (1),9,8,1
S01011654,Economically active: Self-employed: Full-time (1),44,40,4
S01011654,Economically active: Unemployed (1),73,69,4
S01011654,Economically inactive,351,341,10
S01011655,All people aged 16 and over,718,695,23
S01011655,Economically active: Total,421,399,22
S01011655,Economically active: Employee: Total,318,301,17
S01011655,Economically active: Employee: Part-time (1),94,89,5
S01011655,Economically active: Employee: Full-time (1),224,212,12
S01011655,Economically active: Self-employed: Total,24,22,2
S01011655,Economically active: Self-employed: Part-time (1),7,7,0
S01011655,Economically active: Self-employed: Full-time (1),17,15,2
S01011655,Economically active: Unemployed (1),79,76,3
S01011655,Economically inactive,297,296,1
S01011656,All people aged 16 and over,492,472,20
S01011656,Economically active: Total,295,278,17
S01011656,Economically active: Employee: Total,221,209,12
S01011656,Economically active: Employee: Part-time (1),71,68,3
S01011656,Economically active: Employee: Full-time (1),150,141,9
S01011656,Economically active: Self-employed: Total,12,11,1
S01011656,Economically active: Self-employed: Part-time (1),6,5,1
S01011656,Economically active: Self-employed: Full-time (1),6,6,0
S01011656,Economically active: Unemployed (1),62,58,4
S01011656,Economically inactive,197,194,3
S01011657,All people aged 16 and over,426,400,26
S01011657,Economically active: Total,259,241,18
S01011657,Economically active: Employee: Total,188,171,17
S01011657,Economically active: Employee: Part-time (1),53,49,4
S01011657,Economically active: Employee: Full-time (1),135,122,13
S01011657,Economically active: Self-employed: Total,16,15,1
S01011657,Economically active: Self-employed: Part-time (1),4,4,0
S01011657,Economically active: Self-employed: Full-time (1),12,11,1
S01011657,Economically active: Unemployed (1),55,55,0
S01011657,Economically inactive,167,159,8
S01011658,All people aged 16 and over,552,539,13
S01011658,Economically active: Total,345,335,10
S01011658,Economically active: Employee: Total,264,259,5
S01011658,Economically active: Employee: Part-time (1),64,63,1
S01011658,Economically active: Employee: Full-time (1),200,196,4
S01011658,Economically active: Self-employed: Total,34,32,2
S01011658,Economically active: Self-employed: Part-time (1),8,6,2
S01011658,Economically active: Self-employed: Full-time (1),26,26,0
S01011658,Economically active: Unemployed (1),47,44,3
S01011658,Economically inactive,207,204,3
S01011659,All people aged 16 and over,660,643,17
S01011659,Economically active: Total,375,360,15
S01011659,Economically active: Employee: Total,294,289,5
S01011659,Economically active: Employee: Part-time (1),82,80,2
S01011659,Economically active: Employee: Full-time (1),212,209,3
S01011659,Economically active: Self-employed: Total,27,21,6
S01011659,Economically active: Self-employed: Part-time (1),12,9,3
S01011659,Economically active: Self-employed: Full-time (1),15,12,3
S01011659,Economically active: Unemployed (1),54,50,4
S01011659,Economically inactive,285,283,2
S01011660,All people aged 16 and over,790,766,24
S01011660,Economically active: Total,519,503,16
S01011660,Economically active: Employee: Total,443,431,12
S01011660,Economically active: Employee: Part-time (1),126,121,5
S01011660,Economically active: Employee: Full-time (1),317,310,7
S01011660,Economically active: Self-employed: Total,41,39,2
S01011660,Economically active: Self-employed: Part-time (1),7,7,0
S01011660,Economically active: Self-employed: Full-time (1),34,32,2
S01011660,Economically active: Unemployed (1),35,33,2
S01011660,Economically inactive,271,263,8
S01011661,All people aged 16 and over,434,428,6
S01011661,Economically active: Total,267,263,4
S01011661,Economically active: Employee: Total,210,207,3
S01011661,Economically active: Employee: Part-time (1),57,57,0
S01011661,Economically active: Employee: Full-time (1),153,150,3
S01011661,Economically active: Self-employed: Total,27,26,1
S01011661,Economically active: Self-employed: Part-time (1),5,5,0
S01011661,Economically active: Self-employed: Full-time (1),22,21,1
S01011661,Economically active: Unemployed (1),30,30,0
S01011661,Economically inactive,167,165,2
S01011662,All people aged 16 and over,487,481,6
S01011662,Economically active: Total,382,378,4
S01011662,Economically active: Employee: Total,335,333,2
S01011662,Economically active: Employee: Part-time (1),90,89,1
S01011662,Economically active: Employee: Full-time (1),245,244,1
S01011662,Economically active: Self-employed: Total,35,33,2
S01011662,Economically active: Self-employed: Part-time (1),3,3,0
S01011662,Economically active: Self-employed: Full-time (1),32,30,2
S01011662,Economically active: Unemployed (1),12,12,0
S01011662,Economically inactive,105,103,2
S01011663,All people aged 16 and over,753,692,61
S01011663,Economically active: Total,508,453,55
S01011663,Economically active: Employee: Total,379,335,44
S01011663,Economically active: Employee: Part-time (1),118,107,11
S01011663,Economically active: Employee: Full-time (1),261,228,33
S01011663,Economically active: Self-employed: Total,26,19,7
S01011663,Economically active: Self-employed: Part-time (1),6,5,1
S01011663,Economically active: Self-employed: Full-time (1),20,14,6
S01011663,Economically active: Unemployed (1),103,99,4
S01011663,Economically inactive,245,239,6
S01011664,All people aged 16 and over,834,808,26
S01011664,Economically active: Total,438,419,19
S01011664,Economically active: Employee: Total,348,334,14
S01011664,Economically active: Employee: Part-time (1),90,88,2
S01011664,Economically active: Employee: Full-time (1),258,246,12
S01011664,Economically active: Self-employed: Total,32,29,3
S01011664,Economically active: Self-employed: Part-time (1),5,4,1
S01011664,Economically active: Self-employed: Full-time (1),27,25,2
S01011664,Economically active: Unemployed (1),58,56,2
S01011664,Economically inactive,396,389,7
S01011665,All people aged 16 and over,718,696,22
S01011665,Economically active: Total,399,381,18
S01011665,Economically active: Employee: Total,336,321,15
S01011665,Economically active: Employee: Part-time (1),88,84,4
S01011665,Economically active: Employee: Full-time (1),248,237,11
S01011665,Economically active: Self-employed: Total,20,19,1
S01011665,Economically active: Self-employed: Part-time (1),8,8,0
S01011665,Economically active: Self-employed: Full-time (1),12,11,1
S01011665,Economically active: Unemployed (1),43,41,2
S01011665,Economically inactive,319,315,4
S01011666,All people aged 16 and over,736,724,12
S01011666,Economically active: Total,389,381,8
S01011666,Economically active: Employee: Total,297,290,7
S01011666,Economically active: Employee: Part-time (1),84,84,0
S01011666,Economically active: Employee: Full-time (1),213,206,7
S01011666,Economically active: Self-employed: Total,19,19,0
S01011666,Economically active: Self-employed: Part-time (1),5,5,0
S01011666,Economically active: Self-employed: Full-time (1),14,14,0
S01011666,Economically active: Unemployed (1),73,72,1
S01011666,Economically inactive,347,343,4
S01011667,All people aged 16 and over,681,643,38
S01011667,Economically active: Total,364,333,31
S01011667,Economically active: Employee: Total,289,265,24
S01011667,Economically active: Employee: Part-time (1),72,67,5
S01011667,Economically active: Employee: Full-time (1),217,198,19
S01011667,Economically active: Self-employed: Total,39,34,5
S01011667,Economically active: Self-employed: Part-time (1),10,9,1
S01011667,Economically active: Self-employed: Full-time (1),29,25,4
S01011667,Economically active: Unemployed (1),36,34,2
S01011667,Economically inactive,317,310,7
S01011668,All people aged 16 and over,782,763,19
S01011668,Economically active: Total,481,471,10
S01011668,Economically active: Employee: Total,392,384,8
S01011668,Economically active: Employee: Part-time (1),126,126,0
S01011668,Economically active: Employee: Full-time (1),266,258,8
S01011668,Economically active: Self-employed: Total,14,13,1
S01011668,Economically active: Self-employed: Part-time (1),4,4,0
S01011668,Economically active: Self-employed: Full-time (1),10,9,1
S01011668,Economically active: Unemployed (1),75,74,1
S01011668,Economically inactive,301,292,9
S01011669,All people aged 16 and over,560,539,21
S01011669,Economically active: Total,314,300,14
S01011669,Economically active: Employee: Total,245,235,10
S01011669,Economically active: Employee: Part-time (1),80,79,1
S01011669,Economically active: Employee: Full-time (1),165,156,9
S01011669,Economically active: Self-employed: Total,42,39,3
S01011669,Economically active: Self-employed: Part-time (1),9,8,1
S01011669,Economically active: Self-employed: Full-time (1),33,31,2
S01011669,Economically active: Unemployed (1),27,26,1
S01011669,Economically inactive,246,239,7
S01011670,All people aged 16 and over,406,398,8
S01011670,Economically active: Total,276,271,5
S01011670,Economically active: Employee: Total,222,218,4
S01011670,Economically active: Employee: Part-time (1),68,65,3
S01011670,Economically active: Employee: Full-time (1),154,153,1
S01011670,Economically active: Self-employed: Total,18,17,1
S01011670,Economically active: Self-employed: Part-time (1),4,4,0
S01011670,Economically active: Self-employed: Full-time (1),14,13,1
S01011670,Economically active: Unemployed (1),36,36,0
S01011670,Economically inactive,130,127,3
S01011671,All people aged 16 and over,589,573,16
S01011671,Economically active: Total,337,324,13
S01011671,Economically active: Employee: Total,273,266,7
S01011671,Economically active: Employee: Part-time (1),62,60,2
S01011671,Economically active: Employee: Full-time (1),211,206,5
S01011671,Economically active: Self-employed: Total,39,34,5
S01011671,Economically active: Self-employed: Part-time (1),11,9,2
S01011671,Economically active: Self-employed: Full-time (1),28,25,3
S01011671,Economically active: Unemployed (1),25,24,1
S01011671,Economically inactive,252,249,3
S01011672,All people aged 16 and over,498,469,29
S01011672,Economically active: Total,275,252,23
S01011672,Economically active: Employee: Total,216,201,15
S01011672,Economically active: Employee: Part-time (1),59,58,1
S01011672,Economically active: Employee: Full-time (1),157,143,14
S01011672,Economically active: Self-employed: Total,19,18,1
S01011672,Economically active: Self-employed: Part-time (1),2,2,0
S01011672,Economically active: Self-employed: Full-time (1),17,16,1
S01011672,Economically active: Unemployed (1),40,33,7
S01011672,Economically inactive,223,217,6
S01011673,All people aged 16 and over,537,517,20
S01011673,Economically active: Total,333,314,19
S01011673,Economically active: Employee: Total,271,262,9
S01011673,Economically active: Employee: Part-time (1),96,93,3
S01011673,Economically active: Employee: Full-time (1),175,169,6
S01011673,Economically active: Self-employed: Total,27,18,9
S01011673,Economically active: Self-employed: Part-time (1),11,9,2
S01011673,Economically active: Self-employed: Full-time (1),16,9,7
S01011673,Economically active: Unemployed (1),35,34,1
S01011673,Economically inactive,204,203,1
S01011674,All people aged 16 and over,825,806,19
S01011674,Economically active: Total,550,538,12
S01011674,Economically active: Employee: Total,473,462,11
S01011674,Economically active: Employee: Part-time (1),101,97,4
S01011674,Economically active: Employee: Full-time (1),372,365,7
S01011674,Economically active: Self-employed: Total,25,24,1
S01011674,Economically active: Self-employed: Part-time (1),6,6,0
S01011674,Economically active: Self-employed: Full-time (1),19,18,1
S01011674,Economically active: Unemployed (1),52,52,0
S01011674,Economically inactive,275,268,7
S01011675,All people aged 16 and over,750,739,11
S01011675,Economically active: Total,439,431,8
S01011675,Economically active: Employee: Total,358,352,6
S01011675,Economically active: Employee: Part-time (1),93,92,1
S01011675,Economically active: Employee: Full-time (1),265,260,5
S01011675,Economically active: Self-employed: Total,31,30,1
S01011675,Economically active: Self-employed: Part-time (1),5,5,0
S01011675,Economically active: Self-employed: Full-time (1),26,25,1
S01011675,Economically active: Unemployed (1),50,49,1
S01011675,Economically inactive,311,308,3
S01011676,All people aged 16 and over,567,553,14
S01011676,Economically active: Total,328,316,12
S01011676,Economically active: Employee: Total,257,250,7
S01011676,Economically active: Employee: Part-time (1),72,69,3
S01011676,Economically active: Employee: Full-time (1),185,181,4
S01011676,Economically active: Self-employed: Total,16,15,1
S01011676,Economically active: Self-employed: Part-time (1),8,7,1
S01011676,Economically active: Self-employed: Full-time (1),8,8,0
S01011676,Economically active: Unemployed (1),55,51,4
S01011676,Economically inactive,239,237,2
S01011677,All people aged 16 and over,463,452,11
S01011677,Economically active: Total,354,346,8
S01011677,Economically active: Employee: Total,275,269,6
S01011677,Economically active: Employee: Part-time (1),63,62,1
S01011677,Economically active: Employee: Full-time (1),212,207,5
S01011677,Economically active: Self-employed: Total,31,30,1
S01011677,Economically active: Self-employed: Part-time (1),11,11,0
S01011677,Economically active: Self-employed: Full-time (1),20,19,1
S01011677,Economically active: Unemployed (1),48,47,1
S01011677,Economically inactive,109,106,3
S01011678,All people aged 16 and over,380,373,7
S01011678,Economically active: Total,203,196,7
S01011678,Economically active: Employee: Total,148,143,5
S01011678,Economically active: Employee: Part-time (1),52,50,2
S01011678,Economically active: Employee: Full-time (1),96,93,3
S01011678,Economically active: Self-employed: Total,20,18,2
S01011678,Economically active: Self-employed: Part-time (1),6,5,1
S01011678,Economically active: Self-employed: Full-time (1),14,13,1
S01011678,Economically active: Unemployed (1),35,35,0
S01011678,Economically inactive,177,177,0
S01011679,All people aged 16 and over,417,401,16
S01011679,Economically active: Total,338,325,13
S01011679,Economically active: Employee: Total,300,289,11
S01011679,Economically active: Employee: Part-time (1),65,64,1
S01011679,Economically active: Employee: Full-time (1),235,225,10
S01011679,Economically active: Self-employed: Total,24,23,1
S01011679,Economically active: Self-employed: Part-time (1),6,6,0
S01011679,Economically active: Self-employed: Full-time (1),18,17,1
S01011679,Economically active: Unemployed (1),14,13,1
S01011679,Economically inactive,79,76,3
S01011680,All people aged 16 and over,864,853,11
S01011680,Economically active: Total,479,471,8
S01011680,Economically active: Employee: Total,379,374,5
S01011680,Economically active: Employee: Part-time (1),92,91,1
S01011680,Economically active: Employee: Full-time (1),287,283,4
S01011680,Economically active: Self-employed: Total,36,34,2
S01011680,Economically active: Self-employed: Part-time (1),11,11,0
S01011680,Economically active: Self-employed: Full-time (1),25,23,2
S01011680,Economically active: Unemployed (1),64,63,1
S01011680,Economically inactive,385,382,3
S01011681,All people aged 16 and over,667,655,12
S01011681,Economically active: Total,427,421,6
S01011681,Economically active: Employee: Total,361,358,3
S01011681,Economically active: Employee: Part-time (1),87,87,0
S01011681,Economically active: Employee: Full-time (1),274,271,3
S01011681,Economically active: Self-employed: Total,32,29,3
S01011681,Economically active: Self-employed: Part-time (1),4,2,2
S01011681,Economically active: Self-employed: Full-time (1),28,27,1
S01011681,Economically active: Unemployed (1),34,34,0
S01011681,Economically inactive,240,234,6
S01011682,All people aged 16 and over,429,423,6
S01011682,Economically active: Total,238,234,4
S01011682,Economically active: Employee: Total,165,162,3
S01011682,Economically active: Employee: Part-time (1),34,34,0
S01011682,Economically active: Employee: Full-time (1),131,128,3
S01011682,Economically active: Self-employed: Total,58,57,1
S01011682,Economically active: Self-employed: Part-time (1),13,12,1
S01011682,Economically active: Self-employed: Full-time (1),45,45,0
S01011682,Economically active: Unemployed (1),15,15,0
S01011682,Economically inactive,191,189,2
S01011683,All people aged 16 and over,613,598,15
S01011683,Economically active: Total,406,394,12
S01011683,Economically active: Employee: Total,303,299,4
S01011683,Economically active: Employee: Part-time (1),79,79,0
S01011683,Economically active: Employee: Full-time (1),224,220,4
S01011683,Economically active: Self-employed: Total,56,52,4
S01011683,Economically active: Self-employed: Part-time (1),9,8,1
S01011683,Economically active: Self-employed: Full-time (1),47,44,3
S01011683,Economically active: Unemployed (1),47,43,4
S01011683,Economically inactive,207,204,3
S01011684,All people aged 16 and over,437,427,10
S01011684,Economically active: Total,261,256,5
S01011684,Economically active: Employee: Total,212,208,4
S01011684,Economically active: Employee: Part-time (1),61,58,3
S01011684,Economically active: Employee: Full-time (1),151,150,1
S01011684,Economically active: Self-employed: Total,29,28,1
S01011684,Economically active: Self-employed: Part-time (1),3,3,0
S01011684,Economically active: Self-employed: Full-time (1),26,25,1
S01011684,Economically active: Unemployed (1),20,20,0
S01011684,Economically inactive,176,171,5
S01011685,All people aged 16 and over,602,588,14
S01011685,Economically active: Total,497,485,12
S01011685,Economically active: Employee: Total,410,400,10
S01011685,Economically active: Employee: Part-time (1),98,97,1
S01011685,Economically active: Employee: Full-time (1),312,303,9
S01011685,Economically active: Self-employed: Total,63,61,2
S01011685,Economically active: Self-employed: Part-time (1),14,13,1
S01011685,Economically active: Self-employed: Full-time (1),49,48,1
S01011685,Economically active: Unemployed (1),24,24,0
S01011685,Economically inactive,105,103,2
S01011686,All people aged 16 and over,703,682,21
S01011686,Economically active: Total,495,477,18
S01011686,Economically active: Employee: Total,422,410,12
S01011686,Economically active: Employee: Part-time (1),97,96,1
S01011686,Economically active: Employee: Full-time (1),325,314,11
S01011686,Economically active: Self-employed: Total,54,51,3
S01011686,Economically active: Self-employed: Part-time (1),11,10,1
S01011686,Economically active: Self-employed: Full-time (1),43,41,2
S01011686,Economically active: Unemployed (1),19,16,3
S01011686,Economically inactive,208,205,3
S01011687,All people aged 16 and over,702,697,5
S01011687,Economically active: Total,432,428,4
S01011687,Economically active: Employee: Total,354,351,3
S01011687,Economically active: Employee: Part-time (1),83,83,0
S01011687,Economically active: Employee: Full-time (1),271,268,3
S01011687,Economically active: Self-employed: Total,29,29,0
S01011687,Economically active: Self-employed: Part-time (1),6,6,0
S01011687,Economically active: Self-employed: Full-time (1),23,23,0
S01011687,Economically active: Unemployed (1),49,48,1
S01011687,Economically inactive,270,269,1
S01011688,All people aged 16 and over,631,610,21
S01011688,Economically active: Total,453,436,17
S01011688,Economically active: Employee: Total,352,340,12
S01011688,Economically active: Employee: Part-time (1),86,83,3
S01011688,Economically active: Employee: Full-time (1),266,257,9
S01011688,Economically active: Self-employed: Total,73,71,2
S01011688,Economically active: Self-employed: Part-time (1),12,11,1
S01011688,Economically active: Self-employed: Full-time (1),61,60,1
S01011688,Economically active: Unemployed (1),28,25,3
S01011688,Economically inactive,178,174,4
S01011689,All people aged 16 and over,538,516,22
S01011689,Economically active: Total,395,378,17
S01011689,Economically active: Employee: Total,317,305,12
S01011689,Economically active: Employee: Part-time (1),76,71,5
S01011689,Economically active: Employee: Full-time (1),241,234,7
S01011689,Economically active: Self-employed: Total,59,56,3
S01011689,Economically active: Self-employed: Part-time (1),15,13,2
S01011689,Economically active: Self-employed: Full-time (1),44,43,1
S01011689,Economically active: Unemployed (1),19,17,2
S01011689,Economically inactive,143,138,5
S01011690,All people aged 16 and over,747,728,19
S01011690,Economically active: Total,562,549,13
S01011690,Economically active: Employee: Total,452,443,9
S01011690,Economically active: Employee: Part-time (1),101,99,2
S01011690,Economically active: Employee: Full-time (1),351,344,7
S01011690,Economically active: Self-employed: Total,71,68,3
S01011690,Economically active: Self-employed: Part-time (1),14,14,0
S01011690,Economically active: Self-employed: Full-time (1),57,54,3
S01011690,Economically active: Unemployed (1),39,38,1
S01011690,Economically inactive,185,179,6
S01011691,All people aged 16 and over,456,436,20
S01011691,Economically active: Total,331,314,17
S01011691,Economically active: Employee: Total,287,273,14
S01011691,Economically active: Employee: Part-time (1),74,71,3
S01011691,Economically active: Employee: Full-time (1),213,202,11
S01011691,Economically active: Self-employed: Total,28,26,2
S01011691,Economically active: Self-employed: Part-time (1),5,5,0
S01011691,Economically active: Self-employed: Full-time (1),23,21,2
S01011691,Economically active: Unemployed (1),16,15,1
S01011691,Economically inactive,125,122,3
S01011692,All people aged 16 and over,860,845,15
S01011692,Economically active: Total,499,488,11
S01011692,Economically active: Employee: Total,418,412,6
S01011692,Economically active: Employee: Part-time (1),111,109,2
S01011692,Economically active: Employee: Full-time (1),307,303,4
S01011692,Economically active: Self-employed: Total,25,23,2
S01011692,Economically active: Self-employed: Part-time (1),6,5,1
S01011692,Economically active: Self-employed: Full-time (1),19,18,1
S01011692,Economically active: Unemployed (1),56,53,3
S01011692,Economically inactive,361,357,4
S01011693,All people aged 16 and over,664,635,29
S01011693,Economically active: Total,472,451,21
S01011693,Economically active: Employee: Total,398,382,16
S01011693,Economically active: Employee: Part-time (1),87,84,3
S01011693,Economically active: Employee: Full-time (1),311,298,13
S01011693,Economically active: Self-employed: Total,45,42,3
S01011693,Economically active: Self-employed: Part-time (1),8,8,0
S01011693,Economically active: Self-employed: Full-time (1),37,34,3
S01011693,Economically active: Unemployed (1),29,27,2
S01011693,Economically inactive,192,184,8
S01011694,All people aged 16 and over,383,374,9
S01011694,Economically active: Total,318,309,9
S01011694,Economically active: Employee: Total,271,263,8
S01011694,Economically active: Employee: Part-time (1),57,56,1
S01011694,Economically active: Employee: Full-time (1),214,207,7
S01011694,Economically active: Self-employed: Total,29,28,1
S01011694,Economically active: Self-employed: Part-time (1),10,10,0
S01011694,Economically active: Self-employed: Full-time (1),19,18,1
S01011694,Economically active: Unemployed (1),18,18,0
S01011694,Economically inactive,65,65,0
S01011695,All people aged 16 and over,689,679,10
S01011695,Economically active: Total,545,536,9
S01011695,Economically active: Employee: Total,458,453,5
S01011695,Economically active: Employee: Part-time (1),117,116,1
S01011695,Economically active: Employee: Full-time (1),341,337,4
S01011695,Economically active: Self-employed: Total,71,68,3
S01011695,Economically active: Self-employed: Part-time (1),13,13,0
S01011695,Economically active: Self-employed: Full-time (1),58,55,3
S01011695,Economically active: Unemployed (1),16,15,1
S01011695,Economically inactive,144,143,1
S01011696,All people aged 16 and over,728,666,62
S01011696,Economically active: Total,624,577,47
S01011696,Economically active: Employee: Total,527,498,29
S01011696,Economically active: Employee: Part-time (1),111,106,5
S01011696,Economically active: Employee: Full-time (1),416,392,24
S01011696,Economically active: Self-employed: Total,80,66,14
S01011696,Economically active: Self-employed: Part-time (1),23,18,5
S01011696,Economically active: Self-employed: Full-time (1),57,48,9
S01011696,Economically active: Unemployed (1),17,13,4
S01011696,Economically inactive,104,89,15
S01011697,All people aged 16 and over,757,725,32
S01011697,Economically active: Total,568,549,19
S01011697,Economically active: Employee: Total,479,462,17
S01011697,Economically active: Employee: Part-time (1),97,95,2
S01011697,Economically active: Employee: Full-time (1),382,367,15
S01011697,Economically active: Self-employed: Total,59,59,0
S01011697,Economically active: Self-employed: Part-time (1),7,7,0
S01011697,Economically active: Self-employed: Full-time (1),52,52,0
S01011697,Economically active: Unemployed (1),30,28,2
S01011697,Economically inactive,189,176,13
S01011698,All people aged 16 and over,537,526,11
S01011698,Economically active: Total,340,331,9
S01011698,Economically active: Employee: Total,273,266,7
S01011698,Economically active: Employee: Part-time (1),76,74,2
S01011698,Economically active: Employee: Full-time (1),197,192,5
S01011698,Economically active: Self-employed: Total,30,28,2
S01011698,Economically active: Self-employed: Part-time (1),10,9,1
S01011698,Economically active: Self-employed: Full-time (1),20,19,1
S01011698,Economically active: Unemployed (1),37,37,0
S01011698,Economically inactive,197,195,2
S01011699,All people aged 16 and over,764,740,24
S01011699,Economically active: Total,508,493,15
S01011699,Economically active: Employee: Total,425,418,7
S01011699,Economically active: Employee: Part-time (1),118,115,3
S01011699,Economically active: Employee: Full-time (1),307,303,4
S01011699,Economically active: Self-employed: Total,57,52,5
S01011699,Economically active: Self-employed: Part-time (1),7,5,2
S01011699,Economically active: Self-employed: Full-time (1),50,47,3
S01011699,Economically active: Unemployed (1),26,23,3
S01011699,Economically inactive,256,247,9
S01011700,All people aged 16 and over,661,636,25
S01011700,Economically active: Total,385,368,17
S01011700,Economically active: Employee: Total,319,304,15
S01011700,Economically active: Employee: Part-time (1),92,87,5
S01011700,Economically active: Employee: Full-time (1),227,217,10
S01011700,Economically active: Self-employed: Total,36,35,1
S01011700,Economically active: Self-employed: Part-time (1),7,7,0
S01011700,Economically active: Self-employed: Full-time (1),29,28,1
S01011700,Economically active: Unemployed (1),30,29,1
S01011700,Economically inactive,276,268,8
S01011701,All people aged 16 and over,822,786,36
S01011701,Economically active: Total,570,547,23
S01011701,Economically active: Employee: Total,466,447,19
S01011701,Economically active: Employee: Part-time (1),123,117,6
S01011701,Economically active: Employee: Full-time (1),343,330,13
S01011701,Economically active: Self-employed: Total,84,80,4
S01011701,Economically active: Self-employed: Part-time (1),23,22,1
S01011701,Economically active: Self-employed: Full-time (1),61,58,3
S01011701,Economically active: Unemployed (1),20,20,0
S01011701,Economically inactive,252,239,13
S01011702,All people aged 16 and over,626,608,18
S01011702,Economically active: Total,368,355,13
S01011702,Economically active: Employee: Total,298,288,10
S01011702,Economically active: Employee: Part-time (1),79,76,3
S01011702,Economically active: Employee: Full-time (1),219,212,7
S01011702,Economically active: Self-employed: Total,44,41,3
S01011702,Economically active: Self-employed: Part-time (1),16,15,1
S01011702,Economically active: Self-employed: Full-time (1),28,26,2
S01011702,Economically active: Unemployed (1),26,26,0
S01011702,Economically inactive,258,253,5
S01011703,All people aged 16 and over,502,473,29
S01011703,Economically active: Total,346,325,21
S01011703,Economically active: Employee: Total,259,242,17
S01011703,Economically active: Employee: Part-time (1),73,68,5
S01011703,Economically active: Employee: Full-time (1),186,174,12
S01011703,Economically active: Self-employed: Total,65,62,3
S01011703,Economically active: Self-employed: Part-time (1),18,18,0
S01011703,Economically active: Self-employed: Full-time (1),47,44,3
S01011703,Economically active: Unemployed (1),22,21,1
S01011703,Economically inactive,156,148,8
S01011704,All people aged 16 and over,555,530,25
S01011704,Economically active: Total,414,392,22
S01011704,Economically active: Employee: Total,358,342,16
S01011704,Economically active: Employee: Part-time (1),86,78,8
S01011704,Economically active: Employee: Full-time (1),272,264,8
S01011704,Economically active: Self-employed: Total,42,37,5
S01011704,Economically active: Self-employed: Part-time (1),7,5,2
S01011704,Economically active: Self-employed: Full-time (1),35,32,3
S01011704,Economically active: Unemployed (1),14,13,1
S01011704,Economically inactive,141,138,3
S01011705,All people aged 16 and over,602,587,15
S01011705,Economically active: Total,390,381,9
S01011705,Economically active: Employee: Total,305,299,6
S01011705,Economically active: Employee: Part-time (1),86,81,5
S01011705,Economically active: Employee: Full-time (1),219,218,1
S01011705,Economically active: Self-employed: Total,40,37,3
S01011705,Economically active: Self-employed: Part-time (1),8,8,0
S01011705,Economically active: Self-employed: Full-time (1),32,29,3
S01011705,Economically active: Unemployed (1),45,45,0
S01011705,Economically inactive,212,206,6
S01011706,All people aged 16 and over,883,852,31
S01011706,Economically active: Total,508,485,23
S01011706,Economically active: Employee: Total,417,402,15
S01011706,Economically active: Employee: Part-time (1),107,105,2
S01011706,Economically active: Employee: Full-time (1),310,297,13
S01011706,Economically active: Self-employed: Total,50,44,6
S01011706,Economically active: Self-employed: Part-time (1),13,12,1
S01011706,Economically active: Self-employed: Full-time (1),37,32,5
S01011706,Economically active: Unemployed (1),41,39,2
S01011706,Economically inactive,375,367,8
S01011707,All people aged 16 and over,584,571,13
S01011707,Economically active: Total,369,359,10
S01011707,Economically active: Employee: Total,305,295,10
S01011707,Economically active: Employee: Part-time (1),92,89,3
S01011707,Economically active: Employee: Full-time (1),213,206,7
S01011707,Economically active: Self-employed: Total,43,43,0
S01011707,Economically active: Self-employed: Part-time (1),16,16,0
S01011707,Economically active: Self-employed: Full-time (1),27,27,0
S01011707,Economically active: Unemployed (1),21,21,0
S01011707,Economically inactive,215,212,3
S01011708,All people aged 16 and over,797,767,30
S01011708,Economically active: Total,464,442,22
S01011708,Economically active: Employee: Total,380,361,19
S01011708,Economically active: Employee: Part-time (1),112,109,3
S01011708,Economically active: Employee: Full-time (1),268,252,16
S01011708,Economically active: Self-employed: Total,37,35,2
S01011708,Economically active: Self-employed: Part-time (1),11,9,2
S01011708,Economically active: Self-employed: Full-time (1),26,26,0
S01011708,Economically active: Unemployed (1),47,46,1
S01011708,Economically inactive,333,325,8
S01011709,All people aged 16 and over,782,748,34
S01011709,Economically active: Total,498,477,21
S01011709,Economically active: Employee: Total,401,385,16
S01011709,Economically active: Employee: Part-time (1),126,120,6
S01011709,Economically active: Employee: Full-time (1),275,265,10
S01011709,Economically active: Self-employed: Total,55,51,4
S01011709,Economically active: Self-employed: Part-time (1),7,7,0
S01011709,Economically active: Self-employed: Full-time (1),48,44,4
S01011709,Economically active: Unemployed (1),42,41,1
S01011709,Economically inactive,284,271,13
S01011710,All people aged 16 and over,477,469,8
S01011710,Economically active: Total,320,313,7
S01011710,Economically active: Employee: Total,245,241,4
S01011710,Economically active: Employee: Part-time (1),84,82,2
S01011710,Economically active: Employee: Full-time (1),161,159,2
S01011710,Economically active: Self-employed: Total,18,18,0
S01011710,Economically active: Self-employed: Part-time (1),6,6,0
S01011710,Economically active: Self-employed: Full-time (1),12,12,0
S01011710,Economically active: Unemployed (1),57,54,3
S01011710,Economically inactive,157,156,1
S01011711,All people aged 16 and over,551,545,6
S01011711,Economically active: Total,309,304,5
S01011711,Economically active: Employee: Total,246,242,4
S01011711,Economically active: Employee: Part-time (1),73,73,0
S01011711,Economically active: Employee: Full-time (1),173,169,4
S01011711,Economically active: Self-employed: Total,21,21,0
S01011711,Economically active: Self-employed: Part-time (1),4,4,0
S01011711,Economically active: Self-employed: Full-time (1),17,17,0
S01011711,Economically active: Unemployed (1),42,41,1
S01011711,Economically inactive,242,241,1
S01011712,All people aged 16 and over,461,449,12
S01011712,Economically active: Total,314,304,10
S01011712,Economically active: Employee: Total,264,254,10
S01011712,Economically active: Employee: Part-time (1),65,63,2
S01011712,Economically active: Employee: Full-time (1),199,191,8
S01011712,Economically active: Self-employed: Total,17,17,0
S01011712,Economically active: Self-employed: Part-time (1),4,4,0
S01011712,Economically active: Self-employed: Full-time (1),13,13,0
S01011712,Economically active: Unemployed (1),33,33,0
S01011712,Economically inactive,147,145,2
S01011713,All people aged 16 and over,759,740,19
S01011713,Economically active: Total,483,473,10
S01011713,Economically active: Employee: Total,413,404,9
S01011713,Economically active: Employee: Part-time (1),100,99,1
S01011713,Economically active: Employee: Full-time (1),313,305,8
S01011713,Economically active: Self-employed: Total,44,43,1
S01011713,Economically active: Self-employed: Part-time (1),11,11,0
S01011713,Economically active: Self-employed: Full-time (1),33,32,1
S01011713,Economically active: Unemployed (1),26,26,0
S01011713,Economically inactive,276,267,9
S01011714,All people aged 16 and over,396,386,10
S01011714,Economically active: Total,349,341,8
S01011714,Economically active: Employee: Total,296,289,7
S01011714,Economically active: Employee: Part-time (1),74,73,1
S01011714,Economically active: Employee: Full-time (1),222,216,6
S01011714,Economically active: Self-employed: Total,36,35,1
S01011714,Economically active: Self-employed: Part-time (1),7,7,0
S01011714,Economically active: Self-employed: Full-time (1),29,28,1
S01011714,Economically active: Unemployed (1),17,17,0
S01011714,Economically inactive,47,45,2
S01011715,All people aged 16 and over,493,489,4
S01011715,Economically active: Total,286,285,1
S01011715,Economically active: Employee: Total,245,244,1
S01011715,Economically active: Employee: Part-time (1),66,66,0
S01011715,Economically active: Employee: Full-time (1),179,178,1
S01011715,Economically active: Self-employed: Total,15,15,0
S01011715,Economically active: Self-employed: Part-time (1),5,5,0
S01011715,Economically active: Self-employed: Full-time (1),10,10,0
S01011715,Economically active: Unemployed (1),26,26,0
S01011715,Economically inactive,207,204,3
S01011716,All people aged 16 and over,701,683,18
S01011716,Economically active: Total,550,537,13
S01011716,Economically active: Employee: Total,459,450,9
S01011716,Economically active: Employee: Part-time (1),109,106,3
S01011716,Economically active: Employee: Full-time (1),350,344,6
S01011716,Economically active: Self-employed: Total,55,52,3
S01011716,Economically active: Self-employed: Part-time (1),5,5,0
S01011716,Economically active: Self-employed: Full-time (1),50,47,3
S01011716,Economically active: Unemployed (1),36,35,1
S01011716,Economically inactive,151,146,5
S01011717,All people aged 16 and over,615,602,13
S01011717,Economically active: Total,408,399,9
S01011717,Economically active: Employee: Total,346,339,7
S01011717,Economically active: Employee: Part-time (1),98,96,2
S01011717,Economically active: Employee: Full-time (1),248,243,5
S01011717,Economically active: Self-employed: Total,38,36,2
S01011717,Economically active: Self-employed: Part-time (1),9,9,0
S01011717,Economically active: Self-employed: Full-time (1),29,27,2
S01011717,Economically active: Unemployed (1),24,24,0
S01011717,Economically inactive,207,203,4
S01011718,All people aged 16 and over,577,561,16
S01011718,Economically active: Total,495,481,14
S01011718,Economically active: Employee: Total,420,411,9
S01011718,Economically active: Employee: Part-time (1),84,83,1
S01011718,Economically active: Employee: Full-time (1),336,328,8
S01011718,Economically active: Self-employed: Total,54,51,3
S01011718,Economically active: Self-employed: Part-time (1),6,6,0
S01011718,Economically active: Self-employed: Full-time (1),48,45,3
S01011718,Economically active: Unemployed (1),21,19,2
S01011718,Economically inactive,82,80,2
S01011719,All people aged 16 and over,529,504,25
S01011719,Economically active: Total,444,424,20
S01011719,Economically active: Employee: Total,381,364,17
S01011719,Economically active: Employee: Part-time (1),91,84,7
S01011719,Economically active: Employee: Full-time (1),290,280,10
S01011719,Economically active: Self-employed: Total,50,48,2
S01011719,Economically active: Self-employed: Part-time (1),10,10,0
S01011719,Economically active: Self-employed: Full-time (1),40,38,2
S01011719,Economically active: Unemployed (1),13,12,1
S01011719,Economically inactive,85,80,5
S01011720,All people aged 16 and over,465,448,17
S01011720,Economically active: Total,309,300,9
S01011720,Economically active: Employee: Total,269,261,8
S01011720,Economically active: Employee: Part-time (1),66,64,2
S01011720,Economically active: Employee: Full-time (1),203,197,6
S01011720,Economically active: Self-employed: Total,30,29,1
S01011720,Economically active: Self-employed: Part-time (1),3,3,0
S01011720,Economically active: Self-employed: Full-time (1),27,26,1
S01011720,Economically active: Unemployed (1),10,10,0
S01011720,Economically inactive,156,148,8
S01011721,All people aged 16 and over,586,579,7
S01011721,Economically active: Total,357,354,3
S01011721,Economically active: Employee: Total,307,304,3
S01011721,Economically active: Employee: Part-time (1),83,81,2
S01011721,Economically active: Employee: Full-time (1),224,223,1
S01011721,Economically active: Self-employed: Total,17,17,0
S01011721,Economically active: Self-employed: Part-time (1),2,2,0
S01011721,Economically active: Self-employed: Full-time (1),15,15,0
S01011721,Economically active: Unemployed (1),33,33,0
S01011721,Economically inactive,229,225,4
S01011722,All people aged 16 and over,589,580,9
S01011722,Economically active: Total,327,324,3
S01011722,Economically active: Employee: Total,262,260,2
S01011722,Economically active: Employee: Part-time (1),70,68,2
S01011722,Economically active: Employee: Full-time (1),192,192,0
S01011722,Economically active: Self-employed: Total,27,26,1
S01011722,Economically active: Self-employed: Part-time (1),2,2,0
S01011722,Economically active: Self-employed: Full-time (1),25,24,1
S01011722,Economically active: Unemployed (1),38,38,0
S01011722,Economically inactive,262,256,6
S01011723,All people aged 16 and over,767,755,12
S01011723,Economically active: Total,487,478,9
S01011723,Economically active: Employee: Total,411,402,9
S01011723,Economically active: Employee: Part-time (1),91,91,0
S01011723,Economically active: Employee: Full-time (1),320,311,9
S01011723,Economically active: Self-employed: Total,41,41,0
S01011723,Economically active: Self-employed: Part-time (1),13,13,0
S01011723,Economically active: Self-employed: Full-time (1),28,28,0
S01011723,Economically active: Unemployed (1),35,35,0
S01011723,Economically inactive,280,277,3
S01011724,All people aged 16 and over,525,507,18
S01011724,Economically active: Total,422,410,12
S01011724,Economically active: Employee: Total,355,346,9
S01011724,Economically active: Employee: Part-time (1),86,85,1
S01011724,Economically active: Employee: Full-time (1),269,261,8
S01011724,Economically active: Self-employed: Total,39,37,2
S01011724,Economically active: Self-employed: Part-time (1),7,7,0
S01011724,Economically active: Self-employed: Full-time (1),32,30,2
S01011724,Economically active: Unemployed (1),28,27,1
S01011724,Economically inactive,103,97,6
S01011725,All people aged 16 and over,498,478,20
S01011725,Economically active: Total,419,403,16
S01011725,Economically active: Employee: Total,355,345,10
S01011725,Economically active: Employee: Part-time (1),83,80,3
S01011725,Economically active: Employee: Full-time (1),272,265,7
S01011725,Economically active: Self-employed: Total,49,45,4
S01011725,Economically active: Self-employed: Part-time (1),8,7,1
S01011725,Economically active: Self-employed: Full-time (1),41,38,3
S01011725,Economically active: Unemployed (1),15,13,2
S01011725,Economically inactive,79,75,4
S01011726,All people aged 16 and over,424,414,10
S01011726,Economically active: Total,338,332,6
S01011726,Economically active: Employee: Total,297,291,6
S01011726,Economically active: Employee: Part-time (1),71,69,2
S01011726,Economically active: Employee: Full-time (1),226,222,4
S01011726,Economically active: Self-employed: Total,31,31,0
S01011726,Economically active: Self-employed: Part-time (1),7,7,0
S01011726,Economically active: Self-employed: Full-time (1),24,24,0
S01011726,Economically active: Unemployed (1),10,10,0
S01011726,Economically inactive,86,82,4
S01011727,All people aged 16 and over,558,537,21
S01011727,Economically active: Total,472,454,18
S01011727,Economically active: Employee: Total,382,369,13
S01011727,Economically active: Employee: Part-time (1),93,90,3
S01011727,Economically active: Employee: Full-time (1),289,279,10
S01011727,Economically active: Self-employed: Total,74,70,4
S01011727,Economically active: Self-employed: Part-time (1),17,16,1
S01011727,Economically active: Self-employed: Full-time (1),57,54,3
S01011727,Economically active: Unemployed (1),16,15,1
S01011727,Economically inactive,86,83,3
S01011728,All people aged 16 and over,767,751,16
S01011728,Economically active: Total,522,509,13
S01011728,Economically active: Employee: Total,446,435,11
S01011728,Economically active: Employee: Part-time (1),126,124,2
S01011728,Economically active: Employee: Full-time (1),320,311,9
S01011728,Economically active: Self-employed: Total,49,48,1
S01011728,Economically active: Self-employed: Part-time (1),8,8,0
S01011728,Economically active: Self-employed: Full-time (1),41,40,1
S01011728,Economically active: Unemployed (1),27,26,1
S01011728,Economically inactive,245,242,3
S01011729,All people aged 16 and over,562,549,13
S01011729,Economically active: Total,335,327,8
S01011729,Economically active: Employee: Total,261,254,7
S01011729,Economically active: Employee: Part-time (1),69,65,4
S01011729,Economically active: Employee: Full-time (1),192,189,3
S01011729,Economically active: Self-employed: Total,24,24,0
S01011729,Economically active: Self-employed: Part-time (1),7,7,0
S01011729,Economically active: Self-employed: Full-time (1),17,17,0
S01011729,Economically active: Unemployed (1),50,49,1
S01011729,Economically inactive,227,222,5
S01011730,All people aged 16 and over,782,769,13
S01011730,Economically active: Total,478,471,7
S01011730,Economically active: Employee: Total,410,404,6
S01011730,Economically active: Employee: Part-time (1),89,86,3
S01011730,Economically active: Employee: Full-time (1),321,318,3
S01011730,Economically active: Self-employed: Total,50,49,1
S01011730,Economically active: Self-employed: Part-time (1),15,14,1
S01011730,Economically active: Self-employed: Full-time (1),35,35,0
S01011730,Economically active: Unemployed (1),18,18,0
S01011730,Economically inactive,304,298,6
S01011731,All people aged 16 and over,720,702,18
S01011731,Economically active: Total,442,432,10
S01011731,Economically active: Employee: Total,369,362,7
S01011731,Economically active: Employee: Part-time (1),117,117,0
S01011731,Economically active: Employee: Full-time (1),252,245,7
S01011731,Economically active: Self-employed: Total,36,34,2
S01011731,Economically active: Self-employed: Part-time (1),12,10,2
S01011731,Economically active: Self-employed: Full-time (1),24,24,0
S01011731,Economically active: Unemployed (1),37,36,1
S01011731,Economically inactive,278,270,8
S01011732,All people aged 16 and over,680,661,19
S01011732,Economically active: Total,476,460,16
S01011732,Economically active: Employee: Total,406,393,13
S01011732,Economically active: Employee: Part-time (1),97,95,2
S01011732,Economically active: Employee: Full-time (1),309,298,11
S01011732,Economically active: Self-employed: Total,49,46,3
S01011732,Economically active: Self-employed: Part-time (1),9,9,0
S01011732,Economically active: Self-employed: Full-time (1),40,37,3
S01011732,Economically active: Unemployed (1),21,21,0
S01011732,Economically inactive,204,201,3
S01011733,All people aged 16 and over,705,696,9
S01011733,Economically active: Total,445,437,8
S01011733,Economically active: Employee: Total,370,363,7
S01011733,Economically active: Employee: Part-time (1),112,110,2
S01011733,Economically active: Employee: Full-time (1),258,253,5
S01011733,Economically active: Self-employed: Total,39,38,1
S01011733,Economically active: Self-employed: Part-time (1),13,12,1
S01011733,Economically active: Self-employed: Full-time (1),26,26,0
S01011733,Economically active: Unemployed (1),36,36,0
S01011733,Economically inactive,260,259,1
S01011734,All people aged 16 and over,646,630,16
S01011734,Economically active: Total,406,394,12
S01011734,Economically active: Employee: Total,340,330,10
S01011734,Economically active: Employee: Part-time (1),89,86,3
S01011734,Economically active: Employee: Full-time (1),251,244,7
S01011734,Economically active: Self-employed: Total,42,41,1
S01011734,Economically active: Self-employed: Part-time (1),14,14,0
S01011734,Economically active: Self-employed: Full-time (1),28,27,1
S01011734,Economically active: Unemployed (1),24,23,1
S01011734,Economically inactive,240,236,4
S01011735,All people aged 16 and over,621,600,21
S01011735,Economically active: Total,380,363,17
S01011735,Economically active: Employee: Total,310,294,16
S01011735,Economically active: Employee: Part-time (1),94,86,8
S01011735,Economically active: Employee: Full-time (1),216,208,8
S01011735,Economically active: Self-employed: Total,49,48,1
S01011735,Economically active: Self-employed: Part-time (1),8,8,0
S01011735,Economically active: Self-employed: Full-time (1),41,40,1
S01011735,Economically active: Unemployed (1),21,21,0
S01011735,Economically inactive,241,237,4
S01011736,All people aged 16 and over,578,559,19
S01011736,Economically active: Total,406,389,17
S01011736,Economically active: Employee: Total,341,326,15
S01011736,Economically active: Employee: Part-time (1),104,100,4
S01011736,Economically active: Employee: Full-time (1),237,226,11
S01011736,Economically active: Self-employed: Total,28,27,1
S01011736,Economically active: Self-employed: Part-time (1),7,7,0
S01011736,Economically active: Self-employed: Full-time (1),21,20,1
S01011736,Economically active: Unemployed (1),37,36,1
S01011736,Economically inactive,172,170,2
S01011737,All people aged 16 and over,552,506,46
S01011737,Economically active: Total,333,307,26
S01011737,Economically active: Employee: Total,257,240,17
S01011737,Economically active: Employee: Part-time (1),73,70,3
S01011737,Economically active: Employee: Full-time (1),184,170,14
S01011737,Economically active: Self-employed: Total,27,25,2
S01011737,Economically active: Self-employed: Part-time (1),6,6,0
S01011737,Economically active: Self-employed: Full-time (1),21,19,2
S01011737,Economically active: Unemployed (1),49,42,7
S01011737,Economically inactive,219,199,20
S01011738,All people aged 16 and over,851,779,72
S01011738,Economically active: Total,547,489,58
S01011738,Economically active: Employee: Total,427,384,43
S01011738,Economically active: Employee: Part-time (1),103,93,10
S01011738,Economically active: Employee: Full-time (1),324,291,33
S01011738,Economically active: Self-employed: Total,55,47,8
S01011738,Economically active: Self-employed: Part-time (1),10,10,0
S01011738,Economically active: Self-employed: Full-time (1),45,37,8
S01011738,Economically active: Unemployed (1),65,58,7
S01011738,Economically inactive,304,290,14
S01011739,All people aged 16 and over,430,415,15
S01011739,Economically active: Total,279,270,9
S01011739,Economically active: Employee: Total,225,218,7
S01011739,Economically active: Employee: Part-time (1),65,62,3
S01011739,Economically active: Employee: Full-time (1),160,156,4
S01011739,Economically active: Self-employed: Total,13,12,1
S01011739,Economically active: Self-employed: Part-time (1),5,5,0
S01011739,Economically active: Self-employed: Full-time (1),8,7,1
S01011739,Economically active: Unemployed (1),41,40,1
S01011739,Economically inactive,151,145,6
S01011740,All people aged 16 and over,602,557,45
S01011740,Economically active: Total,349,329,20
S01011740,Economically active: Employee: Total,266,249,17
S01011740,Economically active: Employee: Part-time (1),83,80,3
S01011740,Economically active: Employee: Full-time (1),183,169,14
S01011740,Economically active: Self-employed: Total,17,17,0
S01011740,Economically active: Self-employed: Part-time (1),7,7,0
S01011740,Economically active: Self-employed: Full-time (1),10,10,0
S01011740,Economically active: Unemployed (1),66,63,3
S01011740,Economically inactive,253,228,25
S01011741,All people aged 16 and over,536,518,18
S01011741,Economically active: Total,338,324,14
S01011741,Economically active: Employee: Total,277,265,12
S01011741,Economically active: Employee: Part-time (1),77,75,2
S01011741,Economically active: Employee: Full-time (1),200,190,10
S01011741,Economically active: Self-employed: Total,17,16,1
S01011741,Economically active: Self-employed: Part-time (1),2,1,1
S01011741,Economically active: Self-employed: Full-time (1),15,15,0
S01011741,Economically active: Unemployed (1),44,43,1
S01011741,Economically inactive,198,194,4
S01011742,All people aged 16 and over,614,598,16
S01011742,Economically active: Total,385,372,13
S01011742,Economically active: Employee: Total,319,310,9
S01011742,Economically active: Employee: Part-time (1),92,91,1
S01011742,Economically active: Employee: Full-time (1),227,219,8
S01011742,Economically active: Self-employed: Total,28,27,1
S01011742,Economically active: Self-employed: Part-time (1),8,8,0
S01011742,Economically active: Self-employed: Full-time (1),20,19,1
S01011742,Economically active: Unemployed (1),38,35,3
S01011742,Economically inactive,229,226,3
S01011743,All people aged 16 and over,657,647,10
S01011743,Economically active: Total,423,417,6
S01011743,Economically active: Employee: Total,373,369,4
S01011743,Economically active: Employee: Part-time (1),95,93,2
S01011743,Economically active: Employee: Full-time (1),278,276,2
S01011743,Economically active: Self-employed: Total,24,24,0
S01011743,Economically active: Self-employed: Part-time (1),3,3,0
S01011743,Economically active: Self-employed: Full-time (1),21,21,0
S01011743,Economically active: Unemployed (1),26,24,2
S01011743,Economically inactive,234,230,4
S01011744,All people aged 16 and over,715,687,28
S01011744,Economically active: Total,406,393,13
S01011744,Economically active: Employee: Total,332,321,11
S01011744,Economically active: Employee: Part-time (1),83,81,2
S01011744,Economically active: Employee: Full-time (1),249,240,9
S01011744,Economically active: Self-employed: Total,32,31,1
S01011744,Economically active: Self-employed: Part-time (1),6,6,0
S01011744,Economically active: Self-employed: Full-time (1),26,25,1
S01011744,Economically active: Unemployed (1),42,41,1
S01011744,Economically inactive,309,294,15
S01011745,All people aged 16 and over,633,601,32
S01011745,Economically active: Total,301,279,22
S01011745,Economically active: Employee: Total,252,232,20
S01011745,Economically active: Employee: Part-time (1),69,69,0
S01011745,Economically active: Employee: Full-time (1),183,163,20
S01011745,Economically active: Self-employed: Total,18,17,1
S01011745,Economically active: Self-employed: Part-time (1),4,3,1
S01011745,Economically active: Self-employed: Full-time (1),14,14,0
S01011745,Economically active: Unemployed (1),31,30,1
S01011745,Economically inactive,332,322,10
S01011746,All people aged 16 and over,412,391,21
S01011746,Economically active: Total,273,258,15
S01011746,Economically active: Employee: Total,217,204,13
S01011746,Economically active: Employee: Part-time (1),70,70,0
S01011746,Economically active: Employee: Full-time (1),147,134,13
S01011746,Economically active: Self-employed: Total,13,12,1
S01011746,Economically active: Self-employed: Part-time (1),3,2,1
S01011746,Economically active: Self-employed: Full-time (1),10,10,0
S01011746,Economically active: Unemployed (1),43,42,1
S01011746,Economically inactive,139,133,6
S01011747,All people aged 16 and over,754,688,66
S01011747,Economically active: Total,466,416,50
S01011747,Economically active: Employee: Total,351,308,43
S01011747,Economically active: Employee: Part-time (1),109,94,15
S01011747,Economically active: Employee: Full-time (1),242,214,28
S01011747,Economically active: Self-employed: Total,23,21,2
S01011747,Economically active: Self-employed: Part-time (1),5,5,0
S01011747,Economically active: Self-employed: Full-time (1),18,16,2
S01011747,Economically active: Unemployed (1),92,87,5
S01011747,Economically inactive,288,272,16
S01011748,All people aged 16 and over,647,605,42
S01011748,Economically active: Total,422,389,33
S01011748,Economically active: Employee: Total,352,325,27
S01011748,Economically active: Employee: Part-time (1),107,100,7
S01011748,Economically active: Employee: Full-time (1),245,225,20
S01011748,Economically active: Self-employed: Total,19,17,2
S01011748,Economically active: Self-employed: Part-time (1),3,3,0
S01011748,Economically active: Self-employed: Full-time (1),16,14,2
S01011748,Economically active: Unemployed (1),51,47,4
S01011748,Economically inactive,225,216,9
S01011749,All people aged 16 and over,560,514,46
S01011749,Economically active: Total,372,337,35
S01011749,Economically active: Employee: Total,279,251,28
S01011749,Economically active: Employee: Part-time (1),70,67,3
S01011749,Economically active: Employee: Full-time (1),209,184,25
S01011749,Economically active: Self-employed: Total,17,12,5
S01011749,Economically active: Self-employed: Part-time (1),2,2,0
S01011749,Economically active: Self-employed: Full-time (1),15,10,5
S01011749,Economically active: Unemployed (1),76,74,2
S01011749,Economically inactive,188,177,11
S01011750,All people aged 16 and over,709,683,26
S01011750,Economically active: Total,417,398,19
S01011750,Economically active: Employee: Total,339,324,15
S01011750,Economically active: Employee: Part-time (1),87,79,8
S01011750,Economically active: Employee: Full-time (1),252,245,7
S01011750,Economically active: Self-employed: Total,34,33,1
S01011750,Economically active: Self-employed: Part-time (1),12,12,0
S01011750,Economically active: Self-employed: Full-time (1),22,21,1
S01011750,Economically active: Unemployed (1),44,41,3
S01011750,Economically inactive,292,285,7
S01011751,All people aged 16 and over,780,711,69
S01011751,Economically active: Total,533,478,55
S01011751,Economically active: Employee: Total,431,391,40
S01011751,Economically active: Employee: Part-time (1),123,113,10
S01011751,Economically active: Employee: Full-time (1),308,278,30
S01011751,Economically active: Self-employed: Total,23,19,4
S01011751,Economically active: Self-employed: Part-time (1),4,4,0
S01011751,Economically active: Self-employed: Full-time (1),19,15,4
S01011751,Economically active: Unemployed (1),79,68,11
S01011751,Economically inactive,247,233,14
S01011752,All people aged 16 and over,750,716,34
S01011752,Economically active: Total,532,507,25
S01011752,Economically active: Employee: Total,455,432,23
S01011752,Economically active: Employee: Part-time (1),111,101,10
S01011752,Economically active: Employee: Full-time (1),344,331,13
S01011752,Economically active: Self-employed: Total,31,30,1
S01011752,Economically active: Self-employed: Part-time (1),9,9,0
S01011752,Economically active: Self-employed: Full-time (1),22,21,1
S01011752,Economically active: Unemployed (1),46,45,1
S01011752,Economically inactive,218,209,9
S01011753,All people aged 16 and over,660,635,25
S01011753,Economically active: Total,413,398,15
S01011753,Economically active: Employee: Total,340,327,13
S01011753,Economically active: Employee: Part-time (1),77,75,2
S01011753,Economically active: Employee: Full-time (1),263,252,11
S01011753,Economically active: Self-employed: Total,32,30,2
S01011753,Economically active: Self-employed: Part-time (1),9,9,0
S01011753,Economically active: Self-employed: Full-time (1),23,21,2
S01011753,Economically active: Unemployed (1),41,41,0
S01011753,Economically inactive,247,237,10
S01011754,All people aged 16 and over,619,595,24
S01011754,Economically active: Total,369,350,19
S01011754,Economically active: Employee: Total,306,292,14
S01011754,Economically active: Employee: Part-time (1),98,95,3
S01011754,Economically active: Employee: Full-time (1),208,197,11
S01011754,Economically active: Self-employed: Total,24,20,4
S01011754,Economically active: Self-employed: Part-time (1),7,6,1
S01011754,Economically active: Self-employed: Full-time (1),17,14,3
S01011754,Economically active: Unemployed (1),39,38,1
S01011754,Economically inactive,250,245,5
S01011755,All people aged 16 and over,761,743,18
S01011755,Economically active: Total,531,520,11
S01011755,Economically active: Employee: Total,450,442,8
S01011755,Economically active: Employee: Part-time (1),112,109,3
S01011755,Economically active: Employee: Full-time (1),338,333,5
S01011755,Economically active: Self-employed: Total,33,31,2
S01011755,Economically active: Self-employed: Part-time (1),5,5,0
S01011755,Economically active: Self-employed: Full-time (1),28,26,2
S01011755,Economically active: Unemployed (1),48,47,1
S01011755,Economically inactive,230,223,7
S01011756,All people aged 16 and over,783,759,24
S01011756,Economically active: Total,527,510,17
S01011756,Economically active: Employee: Total,437,422,15
S01011756,Economically active: Employee: Part-time (1),117,113,4
S01011756,Economically active: Employee: Full-time (1),320,309,11
S01011756,Economically active: Self-employed: Total,30,29,1
S01011756,Economically active: Self-employed: Part-time (1),10,9,1
S01011756,Economically active: Self-employed: Full-time (1),20,20,0
S01011756,Economically active: Unemployed (1),60,59,1
S01011756,Economically inactive,256,249,7
S01011757,All people aged 16 and over,573,559,14
S01011757,Economically active: Total,343,334,9
S01011757,Economically active: Employee: Total,291,285,6
S01011757,Economically active: Employee: Part-time (1),85,82,3
S01011757,Economically active: Employee: Full-time (1),206,203,3
S01011757,Economically active: Self-employed: Total,24,22,2
S01011757,Economically active: Self-employed: Part-time (1),3,3,0
S01011757,Economically active: Self-employed: Full-time (1),21,19,2
S01011757,Economically active: Unemployed (1),28,27,1
S01011757,Economically inactive,230,225,5
S01011758,All people aged 16 and over,498,489,9
S01011758,Economically active: Total,343,338,5
S01011758,Economically active: Employee: Total,294,291,3
S01011758,Economically active: Employee: Part-time (1),84,83,1
S01011758,Economically active: Employee: Full-time (1),210,208,2
S01011758,Economically active: Self-employed: Total,19,17,2
S01011758,Economically active: Self-employed: Part-time (1),4,4,0
S01011758,Economically active: Self-employed: Full-time (1),15,13,2
S01011758,Economically active: Unemployed (1),30,30,0
S01011758,Economically inactive,155,151,4
S01011759,All people aged 16 and over,670,662,8
S01011759,Economically active: Total,404,398,6
S01011759,Economically active: Employee: Total,342,340,2
S01011759,Economically active: Employee: Part-time (1),108,108,0
S01011759,Economically active: Employee: Full-time (1),234,232,2
S01011759,Economically active: Self-employed: Total,27,25,2
S01011759,Economically active: Self-employed: Part-time (1),9,9,0
S01011759,Economically active: Self-employed: Full-time (1),18,16,2
S01011759,Economically active: Unemployed (1),35,33,2
S01011759,Economically inactive,266,264,2
S01011760,All people aged 16 and over,729,708,21
S01011760,Economically active: Total,474,464,10
S01011760,Economically active: Employee: Total,397,388,9
S01011760,Economically active: Employee: Part-time (1),98,93,5
S01011760,Economically active: Employee: Full-time (1),299,295,4
S01011760,Economically active: Self-employed: Total,31,30,1
S01011760,Economically active: Self-employed: Part-time (1),4,3,1
S01011760,Economically active: Self-employed: Full-time (1),27,27,0
S01011760,Economically active: Unemployed (1),46,46,0
S01011760,Economically inactive,255,244,11
S01011761,All people aged 16 and over,507,491,16
S01011761,Economically active: Total,348,335,13
S01011761,Economically active: Employee: Total,292,283,9
S01011761,Economically active: Employee: Part-time (1),78,74,4
S01011761,Economically active: Employee: Full-time (1),214,209,5
S01011761,Economically active: Self-employed: Total,26,23,3
S01011761,Economically active: Self-employed: Part-time (1),3,2,1
S01011761,Economically active: Self-employed: Full-time (1),23,21,2
S01011761,Economically active: Unemployed (1),30,29,1
S01011761,Economically inactive,159,156,3
S01011762,All people aged 16 and over,532,521,11
S01011762,Economically active: Total,332,326,6
S01011762,Economically active: Employee: Total,273,269,4
S01011762,Economically active: Employee: Part-time (1),73,73,0
S01011762,Economically active: Employee: Full-time (1),200,196,4
S01011762,Economically active: Self-employed: Total,24,23,1
S01011762,Economically active: Self-employed: Part-time (1),8,7,1
S01011762,Economically active: Self-employed: Full-time (1),16,16,0
S01011762,Economically active: Unemployed (1),35,34,1
S01011762,Economically inactive,200,195,5
S01011763,All people aged 16 and over,653,648,5
S01011763,Economically active: Total,415,413,2
S01011763,Economically active: Employee: Total,354,352,2
S01011763,Economically active: Employee: Part-time (1),102,101,1
S01011763,Economically active: Employee: Full-time (1),252,251,1
S01011763,Economically active: Self-employed: Total,33,33,0
S01011763,Economically active: Self-employed: Part-time (1),8,8,0
S01011763,Economically active: Self-employed: Full-time (1),25,25,0
S01011763,Economically active: Unemployed (1),28,28,0
S01011763,Economically inactive,238,235,3
S01011764,All people aged 16 and over,332,316,16
S01011764,Economically active: Total,225,213,12
S01011764,Economically active: Employee: Total,194,183,11
S01011764,Economically active: Employee: Part-time (1),60,56,4
S01011764,Economically active: Employee: Full-time (1),134,127,7
S01011764,Economically active: Self-employed: Total,14,14,0
S01011764,Economically active: Self-employed: Part-time (1),1,1,0
S01011764,Economically active: Self-employed: Full-time (1),13,13,0
S01011764,Economically active: Unemployed (1),17,16,1
S01011764,Economically inactive,107,103,4
S01011765,All people aged 16 and over,818,801,17
S01011765,Economically active: Total,632,619,13
S01011765,Economically active: Employee: Total,543,532,11
S01011765,Economically active: Employee: Part-time (1),148,143,5
S01011765,Economically active: Employee: Full-time (1),395,389,6
S01011765,Economically active: Self-employed: Total,54,53,1
S01011765,Economically active: Self-employed: Part-time (1),12,12,0
S01011765,Economically active: Self-employed: Full-time (1),42,41,1
S01011765,Economically active: Unemployed (1),35,34,1
S01011765,Economically inactive,186,182,4
S01011766,All people aged 16 and over,416,396,20
S01011766,Economically active: Total,293,278,15
S01011766,Economically active: Employee: Total,248,235,13
S01011766,Economically active: Employee: Part-time (1),67,62,5
S01011766,Economically active: Employee: Full-time (1),181,173,8
S01011766,Economically active: Self-employed: Total,35,33,2
S01011766,Economically active: Self-employed: Part-time (1),5,5,0
S01011766,Economically active: Self-employed: Full-time (1),30,28,2
S01011766,Economically active: Unemployed (1),10,10,0
S01011766,Economically inactive,123,118,5
S01011767,All people aged 16 and over,744,731,13
S01011767,Economically active: Total,446,434,12
S01011767,Economically active: Employee: Total,350,342,8
S01011767,Economically active: Employee: Part-time (1),94,94,0
S01011767,Economically active: Employee: Full-time (1),256,248,8
S01011767,Economically active: Self-employed: Total,41,39,2
S01011767,Economically active: Self-employed: Part-time (1),10,9,1
S01011767,Economically active: Self-employed: Full-time (1),31,30,1
S01011767,Economically active: Unemployed (1),55,53,2
S01011767,Economically inactive,298,297,1
S01011768,All people aged 16 and over,591,561,30
S01011768,Economically active: Total,378,356,22
S01011768,Economically active: Employee: Total,316,295,21
S01011768,Economically active: Employee: Part-time (1),97,93,4
S01011768,Economically active: Employee: Full-time (1),219,202,17
S01011768,Economically active: Self-employed: Total,18,18,0
S01011768,Economically active: Self-employed: Part-time (1),4,4,0
S01011768,Economically active: Self-employed: Full-time (1),14,14,0
S01011768,Economically active: Unemployed (1),44,43,1
S01011768,Economically inactive,213,205,8
S01011769,All people aged 16 and over,554,538,16
S01011769,Economically active: Total,294,282,12
S01011769,Economically active: Employee: Total,240,229,11
S01011769,Economically active: Employee: Part-time (1),58,54,4
S01011769,Economically active: Employee: Full-time (1),182,175,7
S01011769,Economically active: Self-employed: Total,28,27,1
S01011769,Economically active: Self-employed: Part-time (1),5,5,0
S01011769,Economically active: Self-employed: Full-time (1),23,22,1
S01011769,Economically active: Unemployed (1),26,26,0
S01011769,Economically inactive,260,256,4
S01011770,All people aged 16 and over,680,654,26
S01011770,Economically active: Total,414,399,15
S01011770,Economically active: Employee: Total,332,319,13
S01011770,Economically active: Employee: Part-time (1),80,78,2
S01011770,Economically active: Employee: Full-time (1),252,241,11
S01011770,Economically active: Self-employed: Total,25,25,0
S01011770,Economically active: Self-employed: Part-time (1),8,8,0
S01011770,Economically active: Self-employed: Full-time (1),17,17,0
S01011770,Economically active: Unemployed (1),57,55,2
S01011770,Economically inactive,266,255,11
S01011771,All people aged 16 and over,531,511,20
S01011771,Economically active: Total,418,402,16
S01011771,Economically active: Employee: Total,358,347,11
S01011771,Economically active: Employee: Part-time (1),92,87,5
S01011771,Economically active: Employee: Full-time (1),266,260,6
S01011771,Economically active: Self-employed: Total,43,39,4
S01011771,Economically active: Self-employed: Part-time (1),13,12,1
S01011771,Economically active: Self-employed: Full-time (1),30,27,3
S01011771,Economically active: Unemployed (1),17,16,1
S01011771,Economically inactive,113,109,4
S01011772,All people aged 16 and over,886,830,56
S01011772,Economically active: Total,620,581,39
S01011772,Economically active: Employee: Total,481,456,25
S01011772,Economically active: Employee: Part-time (1),135,123,12
S01011772,Economically active: Employee: Full-time (1),346,333,13
S01011772,Economically active: Self-employed: Total,108,95,13
S01011772,Economically active: Self-employed: Part-time (1),25,21,4
S01011772,Economically active: Self-employed: Full-time (1),83,74,9
S01011772,Economically active: Unemployed (1),31,30,1
S01011772,Economically inactive,266,249,17
S01011773,All people aged 16 and over,447,428,19
S01011773,Economically active: Total,383,369,14
S01011773,Economically active: Employee: Total,336,322,14
S01011773,Economically active: Employee: Part-time (1),87,81,6
S01011773,Economically active: Employee: Full-time (1),249,241,8
S01011773,Economically active: Self-employed: Total,35,35,0
S01011773,Economically active: Self-employed: Part-time (1),6,6,0
S01011773,Economically active: Self-employed: Full-time (1),29,29,0
S01011773,Economically active: Unemployed (1),12,12,0
S01011773,Economically inactive,64,59,5
S01011774,All people aged 16 and over,692,669,23
S01011774,Economically active: Total,525,508,17
S01011774,Economically active: Employee: Total,435,420,15
S01011774,Economically active: Employee: Part-time (1),119,114,5
S01011774,Economically active: Employee: Full-time (1),316,306,10
S01011774,Economically active: Self-employed: Total,57,55,2
S01011774,Economically active: Self-employed: Part-time (1),13,13,0
S01011774,Economically active: Self-employed: Full-time (1),44,42,2
S01011774,Economically active: Unemployed (1),33,33,0
S01011774,Economically inactive,167,161,6
S01011775,All people aged 16 and over,480,460,20
S01011775,Economically active: Total,401,387,14
S01011775,Economically active: Employee: Total,337,324,13
S01011775,Economically active: Employee: Part-time (1),79,74,5
S01011775,Economically active: Employee: Full-time (1),258,250,8
S01011775,Economically active: Self-employed: Total,48,47,1
S01011775,Economically active: Self-employed: Part-time (1),13,13,0
S01011775,Economically active: Self-employed: Full-time (1),35,34,1
S01011775,Economically active: Unemployed (1),16,16,0
S01011775,Economically inactive,79,73,6
S01011776,All people aged 16 and over,789,740,49
S01011776,Economically active: Total,613,585,28
S01011776,Economically active: Employee: Total,502,483,19
S01011776,Economically active: Employee: Part-time (1),122,119,3
S01011776,Economically active: Employee: Full-time (1),380,364,16
S01011776,Economically active: Self-employed: Total,87,79,8
S01011776,Economically active: Self-employed: Part-time (1),16,14,2
S01011776,Economically active: Self-employed: Full-time (1),71,65,6
S01011776,Economically active: Unemployed (1),24,23,1
S01011776,Economically inactive,176,155,21
S01011777,All people aged 16 and over,477,462,15
S01011777,Economically active: Total,361,352,9
S01011777,Economically active: Employee: Total,317,309,8
S01011777,Economically active: Employee: Part-time (1),70,69,1
S01011777,Economically active: Employee: Full-time (1),247,240,7
S01011777,Economically active: Self-employed: Total,32,31,1
S01011777,Economically active: Self-employed: Part-time (1),10,9,1
S01011777,Economically active: Self-employed: Full-time (1),22,22,0
S01011777,Economically active: Unemployed (1),12,12,0
S01011777,Economically inactive,116,110,6
S01011778,All people aged 16 and over,493,482,11
S01011778,Economically active: Total,382,371,11
S01011778,Economically active: Employee: Total,322,312,10
S01011778,Economically active: Employee: Part-time (1),77,74,3
S01011778,Economically active: Employee: Full-time (1),245,238,7
S01011778,Economically active: Self-employed: Total,42,42,0
S01011778,Economically active: Self-employed: Part-time (1),12,12,0
S01011778,Economically active: Self-employed: Full-time (1),30,30,0
S01011778,Economically active: Unemployed (1),18,17,1
S01011778,Economically inactive,111,111,0
S01011779,All people aged 16 and over,640,624,16
S01011779,Economically active: Total,438,426,12
S01011779,Economically active: Employee: Total,374,367,7
S01011779,Economically active: Employee: Part-time (1),98,97,1
S01011779,Economically active: Employee: Full-time (1),276,270,6
S01011779,Economically active: Self-employed: Total,44,41,3
S01011779,Economically active: Self-employed: Part-time (1),14,11,3
S01011779,Economically active: Self-employed: Full-time (1),30,30,0
S01011779,Economically active: Unemployed (1),20,18,2
S01011779,Economically inactive,202,198,4
S01011780,All people aged 16 and over,728,701,27
S01011780,Economically active: Total,539,523,16
S01011780,Economically active: Employee: Total,440,429,11
S01011780,Economically active: Employee: Part-time (1),130,126,4
S01011780,Economically active: Employee: Full-time (1),310,303,7
S01011780,Economically active: Self-employed: Total,82,77,5
S01011780,Economically active: Self-employed: Part-time (1),18,18,0
S01011780,Economically active: Self-employed: Full-time (1),64,59,5
S01011780,Economically active: Unemployed (1),17,17,0
S01011780,Economically inactive,189,178,11
S01011781,All people aged 16 and over,459,452,7
S01011781,Economically active: Total,323,317,6
S01011781,Economically active: Employee: Total,276,272,4
S01011781,Economically active: Employee: Part-time (1),85,83,2
S01011781,Economically active: Employee: Full-time (1),191,189,2
S01011781,Economically active: Self-employed: Total,33,32,1
S01011781,Economically active: Self-employed: Part-time (1),8,7,1
S01011781,Economically active: Self-employed: Full-time (1),25,25,0
S01011781,Economically active: Unemployed (1),14,13,1
S01011781,Economically inactive,136,135,1
S01011782,All people aged 16 and over,582,564,18
S01011782,Economically active: Total,397,388,9
S01011782,Economically active: Employee: Total,337,332,5
S01011782,Economically active: Employee: Part-time (1),100,98,2
S01011782,Economically active: Employee: Full-time (1),237,234,3
S01011782,Economically active: Self-employed: Total,45,43,2
S01011782,Economically active: Self-employed: Part-time (1),11,11,0
S01011782,Economically active: Self-employed: Full-time (1),34,32,2
S01011782,Economically active: Unemployed (1),15,13,2
S01011782,Economically inactive,185,176,9
S01011783,All people aged 16 and over,486,467,19
S01011783,Economically active: Total,341,327,14
S01011783,Economically active: Employee: Total,282,274,8
S01011783,Economically active: Employee: Part-time (1),79,75,4
S01011783,Economically active: Employee: Full-time (1),203,199,4
S01011783,Economically active: Self-employed: Total,40,35,5
S01011783,Economically active: Self-employed: Part-time (1),8,5,3
S01011783,Economically active: Self-employed: Full-time (1),32,30,2
S01011783,Economically active: Unemployed (1),19,18,1
S01011783,Economically inactive,145,140,5
S01011784,All people aged 16 and over,660,650,10
S01011784,Economically active: Total,415,410,5
S01011784,Economically active: Employee: Total,352,348,4
S01011784,Economically active: Employee: Part-time (1),90,90,0
S01011784,Economically active: Employee: Full-time (1),262,258,4
S01011784,Economically active: Self-employed: Total,29,28,1
S01011784,Economically active: Self-employed: Part-time (1),6,6,0
S01011784,Economically active: Self-employed: Full-time (1),23,22,1
S01011784,Economically active: Unemployed (1),34,34,0
S01011784,Economically inactive,245,240,5
S01011785,All people aged 16 and over,711,688,23
S01011785,Economically active: Total,452,437,15
S01011785,Economically active: Employee: Total,383,371,12
S01011785,Economically active: Employee: Part-time (1),111,106,5
S01011785,Economically active: Employee: Full-time (1),272,265,7
S01011785,Economically active: Self-employed: Total,41,39,2
S01011785,Economically active: Self-employed: Part-time (1),7,6,1
S01011785,Economically active: Self-employed: Full-time (1),34,33,1
S01011785,Economically active: Unemployed (1),28,27,1
S01011785,Economically inactive,259,251,8
S01011786,All people aged 16 and over,296,284,12
S01011786,Economically active: Total,241,234,7
S01011786,Economically active: Employee: Total,203,197,6
S01011786,Economically active: Employee: Part-time (1),54,51,3
S01011786,Economically active: Employee: Full-time (1),149,146,3
S01011786,Economically active: Self-employed: Total,27,27,0
S01011786,Economically active: Self-employed: Part-time (1),4,4,0
S01011786,Economically active: Self-employed: Full-time (1),23,23,0
S01011786,Economically active: Unemployed (1),11,10,1
S01011786,Economically inactive,55,50,5
S01011787,All people aged 16 and over,822,808,14
S01011787,Economically active: Total,477,470,7
S01011787,Economically active: Employee: Total,350,344,6
S01011787,Economically active: Employee: Part-time (1),93,92,1
S01011787,Economically active: Employee: Full-time (1),257,252,5
S01011787,Economically active: Self-employed: Total,45,45,0
S01011787,Economically active: Self-employed: Part-time (1),10,10,0
S01011787,Economically active: Self-employed: Full-time (1),35,35,0
S01011787,Economically active: Unemployed (1),82,81,1
S01011787,Economically inactive,345,338,7
S01011788,All people aged 16 and over,513,471,42
S01011788,Economically active: Total,379,351,28
S01011788,Economically active: Employee: Total,263,251,12
S01011788,Economically active: Employee: Part-time (1),62,60,2
S01011788,Economically active: Employee: Full-time (1),201,191,10
S01011788,Economically active: Self-employed: Total,98,82,16
S01011788,Economically active: Self-employed: Part-time (1),23,16,7
S01011788,Economically active: Self-employed: Full-time (1),75,66,9
S01011788,Economically active: Unemployed (1),18,18,0
S01011788,Economically inactive,134,120,14
S01011789,All people aged 16 and over,550,535,15
S01011789,Economically active: Total,335,328,7
S01011789,Economically active: Employee: Total,260,256,4
S01011789,Economically active: Employee: Part-time (1),69,67,2
S01011789,Economically active: Employee: Full-time (1),191,189,2
S01011789,Economically active: Self-employed: Total,59,56,3
S01011789,Economically active: Self-employed: Part-time (1),18,17,1
S01011789,Economically active: Self-employed: Full-time (1),41,39,2
S01011789,Economically active: Unemployed (1),16,16,0
S01011789,Economically inactive,215,207,8
S01011790,All people aged 16 and over,778,756,22
S01011790,Economically active: Total,500,485,15
S01011790,Economically active: Employee: Total,372,362,10
S01011790,Economically active: Employee: Part-time (1),118,114,4
S01011790,Economically active: Employee: Full-time (1),254,248,6
S01011790,Economically active: Self-employed: Total,74,71,3
S01011790,Economically active: Self-employed: Part-time (1),25,24,1
S01011790,Economically active: Self-employed: Full-time (1),49,47,2
S01011790,Economically active: Unemployed (1),54,52,2
S01011790,Economically inactive,278,271,7
S01011791,All people aged 16 and over,610,594,16
S01011791,Economically active: Total,351,340,11
S01011791,Economically active: Employee: Total,285,278,7
S01011791,Economically active: Employee: Part-time (1),84,83,1
S01011791,Economically active: Employee: Full-time (1),201,195,6
S01011791,Economically active: Self-employed: Total,36,32,4
S01011791,Economically active: Self-employed: Part-time (1),10,9,1
S01011791,Economically active: Self-employed: Full-time (1),26,23,3
S01011791,Economically active: Unemployed (1),30,30,0
S01011791,Economically inactive,259,254,5
S01011792,All people aged 16 and over,784,763,21
S01011792,Economically active: Total,389,374,15
S01011792,Economically active: Employee: Total,313,303,10
S01011792,Economically active: Employee: Part-time (1),68,64,4
S01011792,Economically active: Employee: Full-time (1),245,239,6
S01011792,Economically active: Self-employed: Total,44,41,3
S01011792,Economically active: Self-employed: Part-time (1),8,7,1
S01011792,Economically active: Self-employed: Full-time (1),36,34,2
S01011792,Economically active: Unemployed (1),32,30,2
S01011792,Economically inactive,395,389,6
S01011793,All people aged 16 and over,611,602,9
S01011793,Economically active: Total,358,351,7
S01011793,Economically active: Employee: Total,287,282,5
S01011793,Economically active: Employee: Part-time (1),72,70,2
S01011793,Economically active: Employee: Full-time (1),215,212,3
S01011793,Economically active: Self-employed: Total,49,48,1
S01011793,Economically active: Self-employed: Part-time (1),16,16,0
S01011793,Economically active: Self-employed: Full-time (1),33,32,1
S01011793,Economically active: Unemployed (1),22,21,1
S01011793,Economically inactive,253,251,2
S01011794,All people aged 16 and over,709,692,17
S01011794,Economically active: Total,418,410,8
S01011794,Economically active: Employee: Total,341,335,6
S01011794,Economically active: Employee: Part-time (1),100,96,4
S01011794,Economically active: Employee: Full-time (1),241,239,2
S01011794,Economically active: Self-employed: Total,41,40,1
S01011794,Economically active: Self-employed: Part-time (1),6,6,0
S01011794,Economically active: Self-employed: Full-time (1),35,34,1
S01011794,Economically active: Unemployed (1),36,35,1
S01011794,Economically inactive,291,282,9
S01011795,All people aged 16 and over,515,503,12
S01011795,Economically active: Total,301,295,6
S01011795,Economically active: Employee: Total,241,236,5
S01011795,Economically active: Employee: Part-time (1),59,59,0
S01011795,Economically active: Employee: Full-time (1),182,177,5
S01011795,Economically active: Self-employed: Total,29,28,1
S01011795,Economically active: Self-employed: Part-time (1),5,4,1
S01011795,Economically active: Self-employed: Full-time (1),24,24,0
S01011795,Economically active: Unemployed (1),31,31,0
S01011795,Economically inactive,214,208,6
S01011796,All people aged 16 and over,599,587,12
S01011796,Economically active: Total,375,366,9
S01011796,Economically active: Employee: Total,293,286,7
S01011796,Economically active: Employee: Part-time (1),82,80,2
S01011796,Economically active: Employee: Full-time (1),211,206,5
S01011796,Economically active: Self-employed: Total,28,26,2
S01011796,Economically active: Self-employed: Part-time (1),3,2,1
S01011796,Economically active: Self-employed: Full-time (1),25,24,1
S01011796,Economically active: Unemployed (1),54,54,0
S01011796,Economically inactive,224,221,3
S01011797,All people aged 16 and over,865,843,22
S01011797,Economically active: Total,602,587,15
S01011797,Economically active: Employee: Total,507,495,12
S01011797,Economically active: Employee: Part-time (1),157,155,2
S01011797,Economically active: Employee: Full-time (1),350,340,10
S01011797,Economically active: Self-employed: Total,70,69,1
S01011797,Economically active: Self-employed: Part-time (1),14,14,0
S01011797,Economically active: Self-employed: Full-time (1),56,55,1
S01011797,Economically active: Unemployed (1),25,23,2
S01011797,Economically inactive,263,256,7
S01011798,All people aged 16 and over,453,444,9
S01011798,Economically active: Total,269,261,8
S01011798,Economically active: Employee: Total,214,209,5
S01011798,Economically active: Employee: Part-time (1),60,59,1
S01011798,Economically active: Employee: Full-time (1),154,150,4
S01011798,Economically active: Self-employed: Total,27,25,2
S01011798,Economically active: Self-employed: Part-time (1),1,1,0
S01011798,Economically active: Self-employed: Full-time (1),26,24,2
S01011798,Economically active: Unemployed (1),28,27,1
S01011798,Economically inactive,184,183,1
S01011799,All people aged 16 and over,757,749,8
S01011799,Economically active: Total,473,471,2
S01011799,Economically active: Employee: Total,398,397,1
S01011799,Economically active: Employee: Part-time (1),101,100,1
S01011799,Economically active: Employee: Full-time (1),297,297,0
S01011799,Economically active: Self-employed: Total,46,46,0
S01011799,Economically active: Self-employed: Part-time (1),7,7,0
S01011799,Economically active: Self-employed: Full-time (1),39,39,0
S01011799,Economically active: Unemployed (1),29,28,1
S01011799,Economically inactive,284,278,6
S01011800,All people aged 16 and over,425,418,7
S01011800,Economically active: Total,268,264,4
S01011800,Economically active: Employee: Total,226,222,4
S01011800,Economically active: Employee: Part-time (1),59,57,2
S01011800,Economically active: Employee: Full-time (1),167,165,2
S01011800,Economically active: Self-employed: Total,28,28,0
S01011800,Economically active: Self-employed: Part-time (1),7,7,0
S01011800,Economically active: Self-employed: Full-time (1),21,21,0
S01011800,Economically active: Unemployed (1),14,14,0
S01011800,Economically inactive,157,154,3
S01011801,All people aged 16 and over,456,439,17
S01011801,Economically active: Total,273,261,12
S01011801,Economically active: Employee: Total,214,204,10
S01011801,Economically active: Employee: Part-time (1),76,72,4
S01011801,Economically active: Employee: Full-time (1),138,132,6
S01011801,Economically active: Self-employed: Total,13,13,0
S01011801,Economically active: Self-employed: Part-time (1),2,2,0
S01011801,Economically active: Self-employed: Full-time (1),11,11,0
S01011801,Economically active: Unemployed (1),46,44,2
S01011801,Economically inactive,183,178,5
S01011802,All people aged 16 and over,582,572,10
S01011802,Economically active: Total,330,323,7
S01011802,Economically active: Employee: Total,260,254,6
S01011802,Economically active: Employee: Part-time (1),71,71,0
S01011802,Economically active: Employee: Full-time (1),189,183,6
S01011802,Economically active: Self-employed: Total,30,29,1
S01011802,Economically active: Self-employed: Part-time (1),8,8,0
S01011802,Economically active: Self-employed: Full-time (1),22,21,1
S01011802,Economically active: Unemployed (1),40,40,0
S01011802,Economically inactive,252,249,3
S01011803,All people aged 16 and over,465,457,8
S01011803,Economically active: Total,298,291,7
S01011803,Economically active: Employee: Total,231,224,7
S01011803,Economically active: Employee: Part-time (1),72,69,3
S01011803,Economically active: Employee: Full-time (1),159,155,4
S01011803,Economically active: Self-employed: Total,30,30,0
S01011803,Economically active: Self-employed: Part-time (1),5,5,0
S01011803,Economically active: Self-employed: Full-time (1),25,25,0
S01011803,Economically active: Unemployed (1),37,37,0
S01011803,Economically inactive,167,166,1
S01011804,All people aged 16 and over,631,608,23
S01011804,Economically active: Total,399,380,19
S01011804,Economically active: Employee: Total,316,300,16
S01011804,Economically active: Employee: Part-time (1),94,94,0
S01011804,Economically active: Employee: Full-time (1),222,206,16
S01011804,Economically active: Self-employed: Total,66,63,3
S01011804,Economically active: Self-employed: Part-time (1),16,15,1
S01011804,Economically active: Self-employed: Full-time (1),50,48,2
S01011804,Economically active: Unemployed (1),17,17,0
S01011804,Economically inactive,232,228,4
S01011805,All people aged 16 and over,469,428,41
S01011805,Economically active: Total,297,268,29
S01011805,Economically active: Employee: Total,216,198,18
S01011805,Economically active: Employee: Part-time (1),57,48,9
S01011805,Economically active: Employee: Full-time (1),159,150,9
S01011805,Economically active: Self-employed: Total,66,56,10
S01011805,Economically active: Self-employed: Part-time (1),14,11,3
S01011805,Economically active: Self-employed: Full-time (1),52,45,7
S01011805,Economically active: Unemployed (1),15,14,1
S01011805,Economically inactive,172,160,12
S01011806,All people aged 16 and over,627,600,27
S01011806,Economically active: Total,389,370,19
S01011806,Economically active: Employee: Total,309,290,19
S01011806,Economically active: Employee: Part-time (1),99,95,4
S01011806,Economically active: Employee: Full-time (1),210,195,15
S01011806,Economically active: Self-employed: Total,68,68,0
S01011806,Economically active: Self-employed: Part-time (1),11,11,0
S01011806,Economically active: Self-employed: Full-time (1),57,57,0
S01011806,Economically active: Unemployed (1),12,12,0
S01011806,Economically inactive,238,230,8
S01011807,All people aged 16 and over,914,883,31
S01011807,Economically active: Total,628,604,24
S01011807,Economically active: Employee: Total,424,408,16
S01011807,Economically active: Employee: Part-time (1),134,128,6
S01011807,Economically active: Employee: Full-time (1),290,280,10
S01011807,Economically active: Self-employed: Total,195,187,8
S01011807,Economically active: Self-employed: Part-time (1),41,40,1
S01011807,Economically active: Self-employed: Full-time (1),154,147,7
S01011807,Economically active: Unemployed (1),9,9,0
S01011807,Economically inactive,286,279,7
S01011808,All people aged 16 and over,521,510,11
S01011808,Economically active: Total,352,345,7
S01011808,Economically active: Employee: Total,286,279,7
S01011808,Economically active: Employee: Part-time (1),111,107,4
S01011808,Economically active: Employee: Full-time (1),175,172,3
S01011808,Economically active: Self-employed: Total,50,50,0
S01011808,Economically active: Self-employed: Part-time (1),10,10,0
S01011808,Economically active: Self-employed: Full-time (1),40,40,0
S01011808,Economically active: Unemployed (1),16,16,0
S01011808,Economically inactive,169,165,4
S01011809,All people aged 16 and over,595,570,25
S01011809,Economically active: Total,416,401,15
S01011809,Economically active: Employee: Total,313,305,8
S01011809,Economically active: Employee: Part-time (1),106,104,2
S01011809,Economically active: Employee: Full-time (1),207,201,6
S01011809,Economically active: Self-employed: Total,97,90,7
S01011809,Economically active: Self-employed: Part-time (1),29,28,1
S01011809,Economically active: Self-employed: Full-time (1),68,62,6
S01011809,Economically active: Unemployed (1),6,6,0
S01011809,Economically inactive,179,169,10
S01011810,All people aged 16 and over,785,765,20
S01011810,Economically active: Total,520,508,12
S01011810,Economically active: Employee: Total,382,373,9
S01011810,Economically active: Employee: Part-time (1),107,104,3
S01011810,Economically active: Employee: Full-time (1),275,269,6
S01011810,Economically active: Self-employed: Total,118,115,3
S01011810,Economically active: Self-employed: Part-time (1),33,32,1
S01011810,Economically active: Self-employed: Full-time (1),85,83,2
S01011810,Economically active: Unemployed (1),20,20,0
S01011810,Economically inactive,265,257,8
S01011811,All people aged 16 and over,851,822,29
S01011811,Economically active: Total,576,556,20
S01011811,Economically active: Employee: Total,404,392,12
S01011811,Economically active: Employee: Part-time (1),121,118,3
S01011811,Economically active: Employee: Full-time (1),283,274,9
S01011811,Economically active: Self-employed: Total,154,148,6
S01011811,Economically active: Self-employed: Part-time (1),31,29,2
S01011811,Economically active: Self-employed: Full-time (1),123,119,4
S01011811,Economically active: Unemployed (1),18,16,2
S01011811,Economically inactive,275,266,9
S01011812,All people aged 16 and over,545,531,14
S01011812,Economically active: Total,365,357,8
S01011812,Economically active: Employee: Total,247,245,2
S01011812,Economically active: Employee: Part-time (1),77,77,0
S01011812,Economically active: Employee: Full-time (1),170,168,2
S01011812,Economically active: Self-employed: Total,108,103,5
S01011812,Economically active: Self-employed: Part-time (1),35,34,1
S01011812,Economically active: Self-employed: Full-time (1),73,69,4
S01011812,Economically active: Unemployed (1),10,9,1
S01011812,Economically inactive,180,174,6
S01011813,All people aged 16 and over,625,610,15
S01011813,Economically active: Total,444,430,14
S01011813,Economically active: Employee: Total,332,323,9
S01011813,Economically active: Employee: Part-time (1),87,84,3
S01011813,Economically active: Employee: Full-time (1),245,239,6
S01011813,Economically active: Self-employed: Total,98,94,4
S01011813,Economically active: Self-employed: Part-time (1),20,19,1
S01011813,Economically active: Self-employed: Full-time (1),78,75,3
S01011813,Economically active: Unemployed (1),14,13,1
S01011813,Economically inactive,181,180,1
S01011814,All people aged 16 and over,575,557,18
S01011814,Economically active: Total,419,403,16
S01011814,Economically active: Employee: Total,302,294,8
S01011814,Economically active: Employee: Part-time (1),104,103,1
S01011814,Economically active: Employee: Full-time (1),198,191,7
S01011814,Economically active: Self-employed: Total,105,97,8
S01011814,Economically active: Self-employed: Part-time (1),26,21,5
S01011814,Economically active: Self-employed: Full-time (1),79,76,3
S01011814,Economically active: Unemployed (1),12,12,0
S01011814,Economically inactive,156,154,2
S01011815,All people aged 16 and over,614,592,22
S01011815,Economically active: Total,459,439,20
S01011815,Economically active: Employee: Total,365,348,17
S01011815,Economically active: Employee: Part-time (1),130,122,8
S01011815,Economically active: Employee: Full-time (1),235,226,9
S01011815,Economically active: Self-employed: Total,79,77,2
S01011815,Economically active: Self-employed: Part-time (1),24,23,1
S01011815,Economically active: Self-employed: Full-time (1),55,54,1
S01011815,Economically active: Unemployed (1),15,14,1
S01011815,Economically inactive,155,153,2
S01011816,All people aged 16 and over,530,522,8
S01011816,Economically active: Total,361,356,5
S01011816,Economically active: Employee: Total,293,290,3
S01011816,Economically active: Employee: Part-time (1),97,96,1
S01011816,Economically active: Employee: Full-time (1),196,194,2
S01011816,Economically active: Self-employed: Total,62,60,2
S01011816,Economically active: Self-employed: Part-time (1),14,14,0
S01011816,Economically active: Self-employed: Full-time (1),48,46,2
S01011816,Economically active: Unemployed (1),6,6,0
S01011816,Economically inactive,169,166,3
S01011817,All people aged 16 and over,592,581,11
S01011817,Economically active: Total,442,433,9
S01011817,Economically active: Employee: Total,345,339,6
S01011817,Economically active: Employee: Part-time (1),93,91,2
S01011817,Economically active: Employee: Full-time (1),252,248,4
S01011817,Economically active: Self-employed: Total,85,82,3
S01011817,Economically active: Self-employed: Part-time (1),16,15,1
S01011817,Economically active: Self-employed: Full-time (1),69,67,2
S01011817,Economically active: Unemployed (1),12,12,0
S01011817,Economically inactive,150,148,2
S01011818,All people aged 16 and over,894,874,20
S01011818,Economically active: Total,626,611,15
S01011818,Economically active: Employee: Total,547,534,13
S01011818,Economically active: Employee: Part-time (1),187,182,5
S01011818,Economically active: Employee: Full-time (1),360,352,8
S01011818,Economically active: Self-employed: Total,62,61,1
S01011818,Economically active: Self-employed: Part-time (1),23,22,1
S01011818,Economically active: Self-employed: Full-time (1),39,39,0
S01011818,Economically active: Unemployed (1),17,16,1
S01011818,Economically inactive,268,263,5
S01011819,All people aged 16 and over,729,703,26
S01011819,Economically active: Total,486,463,23
S01011819,Economically active: Employee: Total,424,402,22
S01011819,Economically active: Employee: Part-time (1),120,116,4
S01011819,Economically active: Employee: Full-time (1),304,286,18
S01011819,Economically active: Self-employed: Total,42,41,1
S01011819,Economically active: Self-employed: Part-time (1),13,13,0
S01011819,Economically active: Self-employed: Full-time (1),29,28,1
S01011819,Economically active: Unemployed (1),20,20,0
S01011819,Economically inactive,243,240,3
S01011820,All people aged 16 and over,640,623,17
S01011820,Economically active: Total,390,376,14
S01011820,Economically active: Employee: Total,320,309,11
S01011820,Economically active: Employee: Part-time (1),115,112,3
S01011820,Economically active: Employee: Full-time (1),205,197,8
S01011820,Economically active: Self-employed: Total,55,52,3
S01011820,Economically active: Self-employed: Part-time (1),15,14,1
S01011820,Economically active: Self-employed: Full-time (1),40,38,2
S01011820,Economically active: Unemployed (1),15,15,0
S01011820,Economically inactive,250,247,3
S01011821,All people aged 16 and over,354,343,11
S01011821,Economically active: Total,242,234,8
S01011821,Economically active: Employee: Total,200,192,8
S01011821,Economically active: Employee: Part-time (1),55,53,2
S01011821,Economically active: Employee: Full-time (1),145,139,6
S01011821,Economically active: Self-employed: Total,20,20,0
S01011821,Economically active: Self-employed: Part-time (1),7,7,0
S01011821,Economically active: Self-employed: Full-time (1),13,13,0
S01011821,Economically active: Unemployed (1),22,22,0
S01011821,Economically inactive,112,109,3
S01011822,All people aged 16 and over,615,585,30
S01011822,Economically active: Total,430,404,26
S01011822,Economically active: Employee: Total,353,331,22
S01011822,Economically active: Employee: Part-time (1),116,109,7
S01011822,Economically active: Employee: Full-time (1),237,222,15
S01011822,Economically active: Self-employed: Total,51,47,4
S01011822,Economically active: Self-employed: Part-time (1),18,18,0
S01011822,Economically active: Self-employed: Full-time (1),33,29,4
S01011822,Economically active: Unemployed (1),26,26,0
S01011822,Economically inactive,185,181,4
S01011823,All people aged 16 and over,506,481,25
S01011823,Economically active: Total,335,317,18
S01011823,Economically active: Employee: Total,291,278,13
S01011823,Economically active: Employee: Part-time (1),89,85,4
S01011823,Economically active: Employee: Full-time (1),202,193,9
S01011823,Economically active: Self-employed: Total,35,31,4
S01011823,Economically active: Self-employed: Part-time (1),10,7,3
S01011823,Economically active: Self-employed: Full-time (1),25,24,1
S01011823,Economically active: Unemployed (1),9,8,1
S01011823,Economically inactive,171,164,7
S01011824,All people aged 16 and over,553,538,15
S01011824,Economically active: Total,404,394,10
S01011824,Economically active: Employee: Total,344,335,9
S01011824,Economically active: Employee: Part-time (1),108,107,1
S01011824,Economically active: Employee: Full-time (1),236,228,8
S01011824,Economically active: Self-employed: Total,36,35,1
S01011824,Economically active: Self-employed: Part-time (1),18,17,1
S01011824,Economically active: Self-employed: Full-time (1),18,18,0
S01011824,Economically active: Unemployed (1),24,24,0
S01011824,Economically inactive,149,144,5
S01011825,All people aged 16 and over,462,449,13
S01011825,Economically active: Total,294,285,9
S01011825,Economically active: Employee: Total,248,243,5
S01011825,Economically active: Employee: Part-time (1),71,68,3
S01011825,Economically active: Employee: Full-time (1),177,175,2
S01011825,Economically active: Self-employed: Total,37,34,3
S01011825,Economically active: Self-employed: Part-time (1),8,7,1
S01011825,Economically active: Self-employed: Full-time (1),29,27,2
S01011825,Economically active: Unemployed (1),9,8,1
S01011825,Economically inactive,168,164,4
S01011826,All people aged 16 and over,550,517,33
S01011826,Economically active: Total,388,362,26
S01011826,Economically active: Employee: Total,328,303,25
S01011826,Economically active: Employee: Part-time (1),92,89,3
S01011826,Economically active: Employee: Full-time (1),236,214,22
S01011826,Economically active: Self-employed: Total,44,44,0
S01011826,Economically active: Self-employed: Part-time (1),13,13,0
S01011826,Economically active: Self-employed: Full-time (1),31,31,0
S01011826,Economically active: Unemployed (1),16,15,1
S01011826,Economically inactive,162,155,7
S01011827,All people aged 16 and over,472,451,21
S01011827,Economically active: Total,238,224,14
S01011827,Economically active: Employee: Total,155,147,8
S01011827,Economically active: Employee: Part-time (1),52,49,3
S01011827,Economically active: Employee: Full-time (1),103,98,5
S01011827,Economically active: Self-employed: Total,68,62,6
S01011827,Economically active: Self-employed: Part-time (1),17,15,2
S01011827,Economically active: Self-employed: Full-time (1),51,47,4
S01011827,Economically active: Unemployed (1),15,15,0
S01011827,Economically inactive,234,227,7
S01011828,All people aged 16 and over,764,745,19
S01011828,Economically active: Total,507,495,12
S01011828,Economically active: Employee: Total,327,319,8
S01011828,Economically active: Employee: Part-time (1),119,118,1
S01011828,Economically active: Employee: Full-time (1),208,201,7
S01011828,Economically active: Self-employed: Total,162,158,4
S01011828,Economically active: Self-employed: Part-time (1),49,47,2
S01011828,Economically active: Self-employed: Full-time (1),113,111,2
S01011828,Economically active: Unemployed (1),18,18,0
S01011828,Economically inactive,257,250,7
S01011829,All people aged 16 and over,357,343,14
S01011829,Economically active: Total,251,239,12
S01011829,Economically active: Employee: Total,184,177,7
S01011829,Economically active: Employee: Part-time (1),63,60,3
S01011829,Economically active: Employee: Full-time (1),121,117,4
S01011829,Economically active: Self-employed: Total,60,56,4
S01011829,Economically active: Self-employed: Part-time (1),17,17,0
S01011829,Economically active: Self-employed: Full-time (1),43,39,4
S01011829,Economically active: Unemployed (1),7,6,1
S01011829,Economically inactive,106,104,2
S01011830,All people aged 16 and over,480,446,34
S01011830,Economically active: Total,305,281,24
S01011830,Economically active: Employee: Total,159,144,15
S01011830,Economically active: Employee: Part-time (1),57,51,6
S01011830,Economically active: Employee: Full-time (1),102,93,9
S01011830,Economically active: Self-employed: Total,130,121,9
S01011830,Economically active: Self-employed: Part-time (1),29,24,5
S01011830,Economically active: Self-employed: Full-time (1),101,97,4
S01011830,Economically active: Unemployed (1),16,16,0
S01011830,Economically inactive,175,165,10
S01011831,All people aged 16 and over,754,714,40
S01011831,Economically active: Total,422,400,22
S01011831,Economically active: Employee: Total,226,215,11
S01011831,Economically active: Employee: Part-time (1),109,105,4
S01011831,Economically active: Employee: Full-time (1),117,110,7
S01011831,Economically active: Self-employed: Total,173,164,9
S01011831,Economically active: Self-employed: Part-time (1),45,41,4
S01011831,Economically active: Self-employed: Full-time (1),128,123,5
S01011831,Economically active: Unemployed (1),23,21,2
S01011831,Economically inactive,332,314,18
S01011832,All people aged 16 and over,719,690,29
S01011832,Economically active: Total,458,438,20
S01011832,Economically active: Employee: Total,274,260,14
S01011832,Economically active: Employee: Part-time (1),120,112,8
S01011832,Economically active: Employee: Full-time (1),154,148,6
S01011832,Economically active: Self-employed: Total,175,169,6
S01011832,Economically active: Self-employed: Part-time (1),24,21,3
S01011832,Economically active: Self-employed: Full-time (1),151,148,3
S01011832,Economically active: Unemployed (1),9,9,0
S01011832,Economically inactive,261,252,9
S01011833,All people aged 16 and over,805,776,29
S01011833,Economically active: Total,493,476,17
S01011833,Economically active: Employee: Total,364,353,11
S01011833,Economically active: Employee: Part-time (1),113,109,4
S01011833,Economically active: Employee: Full-time (1),251,244,7
S01011833,Economically active: Self-employed: Total,103,98,5
S01011833,Economically active: Self-employed: Part-time (1),29,27,2
S01011833,Economically active: Self-employed: Full-time (1),74,71,3
S01011833,Economically active: Unemployed (1),26,25,1
S01011833,Economically inactive,312,300,12
S01011834,All people aged 16 and over,376,363,13
S01011834,Economically active: Total,261,251,10
S01011834,Economically active: Employee: Total,206,197,9
S01011834,Economically active: Employee: Part-time (1),55,53,2
S01011834,Economically active: Employee: Full-time (1),151,144,7
S01011834,Economically active: Self-employed: Total,48,47,1
S01011834,Economically active: Self-employed: Part-time (1),16,15,1
S01011834,Economically active: Self-employed: Full-time (1),32,32,0
S01011834,Economically active: Unemployed (1),7,7,0
S01011834,Economically inactive,115,112,3
S01011835,All people aged 16 and over,549,524,25
S01011835,Economically active: Total,403,383,20
S01011835,Economically active: Employee: Total,297,286,11
S01011835,Economically active: Employee: Part-time (1),72,70,2
S01011835,Economically active: Employee: Full-time (1),225,216,9
S01011835,Economically active: Self-employed: Total,85,80,5
S01011835,Economically active: Self-employed: Part-time (1),24,24,0
S01011835,Economically active: Self-employed: Full-time (1),61,56,5
S01011835,Economically active: Unemployed (1),21,17,4
S01011835,Economically inactive,146,141,5
S01011836,All people aged 16 and over,661,634,27
S01011836,Economically active: Total,400,383,17
S01011836,Economically active: Employee: Total,301,288,13
S01011836,Economically active: Employee: Part-time (1),74,72,2
S01011836,Economically active: Employee: Full-time (1),227,216,11
S01011836,Economically active: Self-employed: Total,79,77,2
S01011836,Economically active: Self-employed: Part-time (1),25,24,1
S01011836,Economically active: Self-employed: Full-time (1),54,53,1
S01011836,Economically active: Unemployed (1),20,18,2
S01011836,Economically inactive,261,251,10
S01011837,All people aged 16 and over,566,542,24
S01011837,Economically active: Total,339,323,16
S01011837,Economically active: Employee: Total,247,237,10
S01011837,Economically active: Employee: Part-time (1),67,66,1
S01011837,Economically active: Employee: Full-time (1),180,171,9
S01011837,Economically active: Self-employed: Total,82,76,6
S01011837,Economically active: Self-employed: Part-time (1),21,20,1
S01011837,Economically active: Self-employed: Full-time (1),61,56,5
S01011837,Economically active: Unemployed (1),10,10,0
S01011837,Economically inactive,227,219,8
S01011838,All people aged 16 and over,693,650,43
S01011838,Economically active: Total,429,393,36
S01011838,Economically active: Employee: Total,349,317,32
S01011838,Economically active: Employee: Part-time (1),85,77,8
S01011838,Economically active: Employee: Full-time (1),264,240,24
S01011838,Economically active: Self-employed: Total,65,62,3
S01011838,Economically active: Self-employed: Part-time (1),21,20,1
S01011838,Economically active: Self-employed: Full-time (1),44,42,2
S01011838,Economically active: Unemployed (1),15,14,1
S01011838,Economically inactive,264,257,7
S01011839,All people aged 16 and over,825,782,43
S01011839,Economically active: Total,519,492,27
S01011839,Economically active: Employee: Total,431,406,25
S01011839,Economically active: Employee: Part-time (1),118,112,6
S01011839,Economically active: Employee: Full-time (1),313,294,19
S01011839,Economically active: Self-employed: Total,67,65,2
S01011839,Economically active: Self-employed: Part-time (1),19,19,0
S01011839,Economically active: Self-employed: Full-time (1),48,46,2
S01011839,Economically active: Unemployed (1),21,21,0
S01011839,Economically inactive,306,290,16
S01011840,All people aged 16 and over,788,744,44
S01011840,Economically active: Total,548,519,29
S01011840,Economically active: Employee: Total,446,421,25
S01011840,Economically active: Employee: Part-time (1),125,117,8
S01011840,Economically active: Employee: Full-time (1),321,304,17
S01011840,Economically active: Self-employed: Total,72,69,3
S01011840,Economically active: Self-employed: Part-time (1),17,16,1
S01011840,Economically active: Self-employed: Full-time (1),55,53,2
S01011840,Economically active: Unemployed (1),30,29,1
S01011840,Economically inactive,240,225,15
S01011841,All people aged 16 and over,745,710,35
S01011841,Economically active: Total,483,457,26
S01011841,Economically active: Employee: Total,384,364,20
S01011841,Economically active: Employee: Part-time (1),111,106,5
S01011841,Economically active: Employee: Full-time (1),273,258,15
S01011841,Economically active: Self-employed: Total,69,63,6
S01011841,Economically active: Self-employed: Part-time (1),17,15,2
S01011841,Economically active: Self-employed: Full-time (1),52,48,4
S01011841,Economically active: Unemployed (1),30,30,0
S01011841,Economically inactive,262,253,9
S01011842,All people aged 16 and over,791,758,33
S01011842,Economically active: Total,490,468,22
S01011842,Economically active: Employee: Total,403,385,18
S01011842,Economically active: Employee: Part-time (1),126,123,3
S01011842,Economically active: Employee: Full-time (1),277,262,15
S01011842,Economically active: Self-employed: Total,45,43,2
S01011842,Economically active: Self-employed: Part-time (1),13,12,1
S01011842,Economically active: Self-employed: Full-time (1),32,31,1
S01011842,Economically active: Unemployed (1),42,40,2
S01011842,Economically inactive,301,290,11
S01011843,All people aged 16 and over,812,764,48
S01011843,Economically active: Total,539,506,33
S01011843,Economically active: Employee: Total,336,317,19
S01011843,Economically active: Employee: Part-time (1),88,83,5
S01011843,Economically active: Employee: Full-time (1),248,234,14
S01011843,Economically active: Self-employed: Total,180,171,9
S01011843,Economically active: Self-employed: Part-time (1),49,44,5
S01011843,Economically active: Self-employed: Full-time (1),131,127,4
S01011843,Economically active: Unemployed (1),23,18,5
S01011843,Economically inactive,273,258,15
S01011844,All people aged 16 and over,611,584,27
S01011844,Economically active: Total,361,342,19
S01011844,Economically active: Employee: Total,274,258,16
S01011844,Economically active: Employee: Part-time (1),88,84,4
S01011844,Economically active: Employee: Full-time (1),186,174,12
S01011844,Economically active: Self-employed: Total,77,74,3
S01011844,Economically active: Self-employed: Part-time (1),30,29,1
S01011844,Economically active: Self-employed: Full-time (1),47,45,2
S01011844,Economically active: Unemployed (1),10,10,0
S01011844,Economically inactive,250,242,8
S01011845,All people aged 16 and over,674,647,27
S01011845,Economically active: Total,438,417,21
S01011845,Economically active: Employee: Total,351,334,17
S01011845,Economically active: Employee: Part-time (1),116,111,5
S01011845,Economically active: Employee: Full-time (1),235,223,12
S01011845,Economically active: Self-employed: Total,64,60,4
S01011845,Economically active: Self-employed: Part-time (1),18,17,1
S01011845,Economically active: Self-employed: Full-time (1),46,43,3
S01011845,Economically active: Unemployed (1),23,23,0
S01011845,Economically inactive,236,230,6
S01011846,All people aged 16 and over,724,685,39
S01011846,Economically active: Total,480,451,29
S01011846,Economically active: Employee: Total,365,343,22
S01011846,Economically active: Employee: Part-time (1),99,94,5
S01011846,Economically active: Employee: Full-time (1),266,249,17
S01011846,Economically active: Self-employed: Total,99,93,6
S01011846,Economically active: Self-employed: Part-time (1),24,22,2
S01011846,Economically active: Self-employed: Full-time (1),75,71,4
S01011846,Economically active: Unemployed (1),16,15,1
S01011846,Economically inactive,244,234,10
S01011847,All people aged 16 and over,343,321,22
S01011847,Economically active: Total,229,211,18
S01011847,Economically active: Employee: Total,162,149,13
S01011847,Economically active: Employee: Part-time (1),42,37,5
S01011847,Economically active: Employee: Full-time (1),120,112,8
S01011847,Economically active: Self-employed: Total,63,58,5
S01011847,Economically active: Self-employed: Part-time (1),18,16,2
S01011847,Economically active: Self-employed: Full-time (1),45,42,3
S01011847,Economically active: Unemployed (1),4,4,0
S01011847,Economically inactive,114,110,4
S01011848,All people aged 16 and over,588,553,35
S01011848,Economically active: Total,399,371,28
S01011848,Economically active: Employee: Total,286,265,21
S01011848,Economically active: Employee: Part-time (1),98,88,10
S01011848,Economically active: Employee: Full-time (1),188,177,11
S01011848,Economically active: Self-employed: Total,103,97,6
S01011848,Economically active: Self-employed: Part-time (1),24,20,4
S01011848,Economically active: Self-employed: Full-time (1),79,77,2
S01011848,Economically active: Unemployed (1),10,9,1
S01011848,Economically inactive,189,182,7
S01011849,All people aged 16 and over,650,615,35
S01011849,Economically active: Total,468,439,29
S01011849,Economically active: Employee: Total,376,353,23
S01011849,Economically active: Employee: Part-time (1),83,80,3
S01011849,Economically active: Employee: Full-time (1),293,273,20
S01011849,Economically active: Self-employed: Total,73,67,6
S01011849,Economically active: Self-employed: Part-time (1),19,15,4
S01011849,Economically active: Self-employed: Full-time (1),54,52,2
S01011849,Economically active: Unemployed (1),19,19,0
S01011849,Economically inactive,182,176,6
S01011850,All people aged 16 and over,583,532,51
S01011850,Economically active: Total,381,342,39
S01011850,Economically active: Employee: Total,277,241,36
S01011850,Economically active: Employee: Part-time (1),74,66,8
S01011850,Economically active: Employee: Full-time (1),203,175,28
S01011850,Economically active: Self-employed: Total,90,89,1
S01011850,Economically active: Self-employed: Part-time (1),25,25,0
S01011850,Economically active: Self-employed: Full-time (1),65,64,1
S01011850,Economically active: Unemployed (1),14,12,2
S01011850,Economically inactive,202,190,12
S01011851,All people aged 16 and over,735,703,32
S01011851,Economically active: Total,484,459,25
S01011851,Economically active: Employee: Total,345,332,13
S01011851,Economically active: Employee: Part-time (1),107,101,6
S01011851,Economically active: Employee: Full-time (1),238,231,7
S01011851,Economically active: Self-employed: Total,101,93,8
S01011851,Economically active: Self-employed: Part-time (1),28,26,2
S01011851,Economically active: Self-employed: Full-time (1),73,67,6
S01011851,Economically active: Unemployed (1),38,34,4
S01011851,Economically inactive,251,244,7
S01011852,All people aged 16 and over,847,782,65
S01011852,Economically active: Total,519,463,56
S01011852,Economically active: Employee: Total,404,351,53
S01011852,Economically active: Employee: Part-time (1),113,103,10
S01011852,Economically active: Employee: Full-time (1),291,248,43
S01011852,Economically active: Self-employed: Total,86,84,2
S01011852,Economically active: Self-employed: Part-time (1),16,16,0
S01011852,Economically active: Self-employed: Full-time (1),70,68,2
S01011852,Economically active: Unemployed (1),29,28,1
S01011852,Economically inactive,328,319,9
S01011853,All people aged 16 and over,571,545,26
S01011853,Economically active: Total,407,385,22
S01011853,Economically active: Employee: Total,318,301,17
S01011853,Economically active: Employee: Part-time (1),82,78,4
S01011853,Economically active: Employee: Full-time (1),236,223,13
S01011853,Economically active: Self-employed: Total,62,59,3
S01011853,Economically active: Self-employed: Part-time (1),16,16,0
S01011853,Economically active: Self-employed: Full-time (1),46,43,3
S01011853,Economically active: Unemployed (1),27,25,2
S01011853,Economically inactive,164,160,4
S01011854,All people aged 16 and over,712,642,70
S01011854,Economically active: Total,397,339,58
S01011854,Economically active: Employee: Total,320,275,45
S01011854,Economically active: Employee: Part-time (1),104,93,11
S01011854,Economically active: Employee: Full-time (1),216,182,34
S01011854,Economically active: Self-employed: Total,62,51,11
S01011854,Economically active: Self-employed: Part-time (1),21,19,2
S01011854,Economically active: Self-employed: Full-time (1),41,32,9
S01011854,Economically active: Unemployed (1),15,13,2
S01011854,Economically inactive,315,303,12
S01011855,All people aged 16 and over,706,659,47
S01011855,Economically active: Total,442,406,36
S01011855,Economically active: Employee: Total,371,338,33
S01011855,Economically active: Employee: Part-time (1),119,112,7
S01011855,Economically active: Employee: Full-time (1),252,226,26
S01011855,Economically active: Self-employed: Total,50,48,2
S01011855,Economically active: Self-employed: Part-time (1),11,11,0
S01011855,Economically active: Self-employed: Full-time (1),39,37,2
S01011855,Economically active: Unemployed (1),21,20,1
S01011855,Economically inactive,264,253,11
S01011856,All people aged 16 and over,597,571,26
S01011856,Economically active: Total,298,281,17
S01011856,Economically active: Employee: Total,210,196,14
S01011856,Economically active: Employee: Part-time (1),74,69,5
S01011856,Economically active: Employee: Full-time (1),136,127,9
S01011856,Economically active: Self-employed: Total,75,74,1
S01011856,Economically active: Self-employed: Part-time (1),29,29,0
S01011856,Economically active: Self-employed: Full-time (1),46,45,1
S01011856,Economically active: Unemployed (1),13,11,2
S01011856,Economically inactive,299,290,9
S01011857,All people aged 16 and over,572,549,23
S01011857,Economically active: Total,361,349,12
S01011857,Economically active: Employee: Total,250,242,8
S01011857,Economically active: Employee: Part-time (1),79,78,1
S01011857,Economically active: Employee: Full-time (1),171,164,7
S01011857,Economically active: Self-employed: Total,101,97,4
S01011857,Economically active: Self-employed: Part-time (1),41,40,1
S01011857,Economically active: Self-employed: Full-time (1),60,57,3
S01011857,Economically active: Unemployed (1),10,10,0
S01011857,Economically inactive,211,200,11
S01011858,All people aged 16 and over,753,714,39
S01011858,Economically active: Total,351,330,21
S01011858,Economically active: Employee: Total,247,232,15
S01011858,Economically active: Employee: Part-time (1),101,94,7
S01011858,Economically active: Employee: Full-time (1),146,138,8
S01011858,Economically active: Self-employed: Total,93,88,5
S01011858,Economically active: Self-employed: Part-time (1),30,28,2
S01011858,Economically active: Self-employed: Full-time (1),63,60,3
S01011858,Economically active: Unemployed (1),11,10,1
S01011858,Economically inactive,402,384,18
S01011859,All people aged 16 and over,752,720,32
S01011859,Economically active: Total,340,321,19
S01011859,Economically active: Employee: Total,251,239,12
S01011859,Economically active: Employee: Part-time (1),92,88,4
S01011859,Economically active: Employee: Full-time (1),159,151,8
S01011859,Economically active: Self-employed: Total,73,66,7
S01011859,Economically active: Self-employed: Part-time (1),24,21,3
S01011859,Economically active: Self-employed: Full-time (1),49,45,4
S01011859,Economically active: Unemployed (1),16,16,0
S01011859,Economically inactive,412,399,13
S01011860,All people aged 16 and over,529,419,110
S01011860,Economically active: Total,417,311,106
S01011860,Economically active: Employee: Total,315,217,98
S01011860,Economically active: Employee: Part-time (1),69,53,16
S01011860,Economically active: Employee: Full-time (1),246,164,82
S01011860,Economically active: Self-employed: Total,81,76,5
S01011860,Economically active: Self-employed: Part-time (1),32,29,3
S01011860,Economically active: Self-employed: Full-time (1),49,47,2
S01011860,Economically active: Unemployed (1),21,18,3
S01011860,Economically inactive,112,108,4
S01011861,All people aged 16 and over,636,582,54
S01011861,Economically active: Total,397,357,40
S01011861,Economically active: Employee: Total,259,232,27
S01011861,Economically active: Employee: Part-time (1),78,75,3
S01011861,Economically active: Employee: Full-time (1),181,157,24
S01011861,Economically active: Self-employed: Total,120,110,10
S01011861,Economically active: Self-employed: Part-time (1),26,23,3
S01011861,Economically active: Self-employed: Full-time (1),94,87,7
S01011861,Economically active: Unemployed (1),18,15,3
S01011861,Economically inactive,239,225,14
S01011862,All people aged 16 and over,827,758,69
S01011862,Economically active: Total,425,377,48
S01011862,Economically active: Employee: Total,339,299,40
S01011862,Economically active: Employee: Part-time (1),91,78,13
S01011862,Economically active: Employee: Full-time (1),248,221,27
S01011862,Economically active: Self-employed: Total,67,59,8
S01011862,Economically active: Self-employed: Part-time (1),16,14,2
S01011862,Economically active: Self-employed: Full-time (1),51,45,6
S01011862,Economically active: Unemployed (1),19,19,0
S01011862,Economically inactive,402,381,21
S01011863,All people aged 16 and over,722,669,53
S01011863,Economically active: Total,374,344,30
S01011863,Economically active: Employee: Total,277,251,26
S01011863,Economically active: Employee: Part-time (1),84,78,6
S01011863,Economically active: Employee: Full-time (1),193,173,20
S01011863,Economically active: Self-employed: Total,70,68,2
S01011863,Economically active: Self-employed: Part-time (1),24,24,0
S01011863,Economically active: Self-employed: Full-time (1),46,44,2
S01011863,Economically active: Unemployed (1),27,25,2
S01011863,Economically inactive,348,325,23
S01011864,All people aged 16 and over,612,579,33
S01011864,Economically active: Total,349,328,21
S01011864,Economically active: Employee: Total,265,251,14
S01011864,Economically active: Employee: Part-time (1),90,85,5
S01011864,Economically active: Employee: Full-time (1),175,166,9
S01011864,Economically active: Self-employed: Total,73,67,6
S01011864,Economically active: Self-employed: Part-time (1),20,18,2
S01011864,Economically active: Self-employed: Full-time (1),53,49,4
S01011864,Economically active: Unemployed (1),11,10,1
S01011864,Economically inactive,263,251,12
S01011865,All people aged 16 and over,516,488,28
S01011865,Economically active: Total,297,276,21
S01011865,Economically active: Employee: Total,227,210,17
S01011865,Economically active: Employee: Part-time (1),62,55,7
S01011865,Economically active: Employee: Full-time (1),165,155,10
S01011865,Economically active: Self-employed: Total,49,47,2
S01011865,Economically active: Self-employed: Part-time (1),14,14,0
S01011865,Economically active: Self-employed: Full-time (1),35,33,2
S01011865,Economically active: Unemployed (1),21,19,2
S01011865,Economically inactive,219,212,7
S01011866,All people aged 16 and over,636,588,48
S01011866,Economically active: Total,407,367,40
S01011866,Economically active: Employee: Total,317,286,31
S01011866,Economically active: Employee: Part-time (1),104,93,11
S01011866,Economically active: Employee: Full-time (1),213,193,20
S01011866,Economically active: Self-employed: Total,69,61,8
S01011866,Economically active: Self-employed: Part-time (1),27,20,7
S01011866,Economically active: Self-employed: Full-time (1),42,41,1
S01011866,Economically active: Unemployed (1),21,20,1
S01011866,Economically inactive,229,221,8
S01011867,All people aged 16 and over,766,702,64
S01011867,Economically active: Total,490,444,46
S01011867,Economically active: Employee: Total,418,378,40
S01011867,Economically active: Employee: Part-time (1),133,119,14
S01011867,Economically active: Employee: Full-time (1),285,259,26
S01011867,Economically active: Self-employed: Total,53,49,4
S01011867,Economically active: Self-employed: Part-time (1),13,13,0
S01011867,Economically active: Self-employed: Full-time (1),40,36,4
S01011867,Economically active: Unemployed (1),19,17,2
S01011867,Economically inactive,276,258,18
S01011868,All people aged 16 and over,717,652,65
S01011868,Economically active: Total,451,401,50
S01011868,Economically active: Employee: Total,353,309,44
S01011868,Economically active: Employee: Part-time (1),114,103,11
S01011868,Economically active: Employee: Full-time (1),239,206,33
S01011868,Economically active: Self-employed: Total,74,69,5
S01011868,Economically active: Self-employed: Part-time (1),23,22,1
S01011868,Economically active: Self-employed: Full-time (1),51,47,4
S01011868,Economically active: Unemployed (1),24,23,1
S01011868,Economically inactive,266,251,15
S01011869,All people aged 16 and over,679,604,75
S01011869,Economically active: Total,455,397,58
S01011869,Economically active: Employee: Total,351,307,44
S01011869,Economically active: Employee: Part-time (1),91,75,16
S01011869,Economically active: Employee: Full-time (1),260,232,28
S01011869,Economically active: Self-employed: Total,81,70,11
S01011869,Economically active: Self-employed: Part-time (1),30,23,7
S01011869,Economically active: Self-employed: Full-time (1),51,47,4
S01011869,Economically active: Unemployed (1),23,20,3
S01011869,Economically inactive,224,207,17
S01011870,All people aged 16 and over,565,525,40
S01011870,Economically active: Total,343,320,23
S01011870,Economically active: Employee: Total,273,250,23
S01011870,Economically active: Employee: Part-time (1),82,77,5
S01011870,Economically active: Employee: Full-time (1),191,173,18
S01011870,Economically active: Self-employed: Total,45,45,0
S01011870,Economically active: Self-employed: Part-time (1),10,10,0
S01011870,Economically active: Self-employed: Full-time (1),35,35,0
S01011870,Economically active: Unemployed (1),25,25,0
S01011870,Economically inactive,222,205,17
S01011871,All people aged 16 and over,866,797,69
S01011871,Economically active: Total,606,546,60
S01011871,Economically active: Employee: Total,425,378,47
S01011871,Economically active: Employee: Part-time (1),130,119,11
S01011871,Economically active: Employee: Full-time (1),295,259,36
S01011871,Economically active: Self-employed: Total,149,141,8
S01011871,Economically active: Self-employed: Part-time (1),39,38,1
S01011871,Economically active: Self-employed: Full-time (1),110,103,7
S01011871,Economically active: Unemployed (1),32,27,5
S01011871,Economically inactive,260,251,9
S01011872,All people aged 16 and over,723,686,37
S01011872,Economically active: Total,499,472,27
S01011872,Economically active: Employee: Total,344,326,18
S01011872,Economically active: Employee: Part-time (1),99,95,4
S01011872,Economically active: Employee: Full-time (1),245,231,14
S01011872,Economically active: Self-employed: Total,136,128,8
S01011872,Economically active: Self-employed: Part-time (1),40,35,5
S01011872,Economically active: Self-employed: Full-time (1),96,93,3
S01011872,Economically active: Unemployed (1),19,18,1
S01011872,Economically inactive,224,214,10
S01011873,All people aged 16 and over,646,610,36
S01011873,Economically active: Total,463,435,28
S01011873,Economically active: Employee: Total,373,352,21
S01011873,Economically active: Employee: Part-time (1),96,92,4
S01011873,Economically active: Employee: Full-time (1),277,260,17
S01011873,Economically active: Self-employed: Total,72,67,5
S01011873,Economically active: Self-employed: Part-time (1),22,22,0
S01011873,Economically active: Self-employed: Full-time (1),50,45,5
S01011873,Economically active: Unemployed (1),18,16,2
S01011873,Economically inactive,183,175,8
S01011874,All people aged 16 and over,542,527,15
S01011874,Economically active: Total,379,369,10
S01011874,Economically active: Employee: Total,310,300,10
S01011874,Economically active: Employee: Part-time (1),89,83,6
S01011874,Economically active: Employee: Full-time (1),221,217,4
S01011874,Economically active: Self-employed: Total,58,58,0
S01011874,Economically active: Self-employed: Part-time (1),11,11,0
S01011874,Economically active: Self-employed: Full-time (1),47,47,0
S01011874,Economically active: Unemployed (1),11,11,0
S01011874,Economically inactive,163,158,5
S01011875,All people aged 16 and over,571,554,17
S01011875,Economically active: Total,317,305,12
S01011875,Economically active: Employee: Total,262,251,11
S01011875,Economically active: Employee: Part-time (1),61,58,3
S01011875,Economically active: Employee: Full-time (1),201,193,8
S01011875,Economically active: Self-employed: Total,37,37,0
S01011875,Economically active: Self-employed: Part-time (1),12,12,0
S01011875,Economically active: Self-employed: Full-time (1),25,25,0
S01011875,Economically active: Unemployed (1),18,17,1
S01011875,Economically inactive,254,249,5
S01011876,All people aged 16 and over,770,722,48
S01011876,Economically active: Total,517,481,36
S01011876,Economically active: Employee: Total,386,358,28
S01011876,Economically active: Employee: Part-time (1),120,109,11
S01011876,Economically active: Employee: Full-time (1),266,249,17
S01011876,Economically active: Self-employed: Total,112,107,5
S01011876,Economically active: Self-employed: Part-time (1),28,25,3
S01011876,Economically active: Self-employed: Full-time (1),84,82,2
S01011876,Economically active: Unemployed (1),19,16,3
S01011876,Economically inactive,253,241,12
S01011877,All people aged 16 and over,469,445,24
S01011877,Economically active: Total,293,278,15
S01011877,Economically active: Employee: Total,232,221,11
S01011877,Economically active: Employee: Part-time (1),69,67,2
S01011877,Economically active: Employee: Full-time (1),163,154,9
S01011877,Economically active: Self-employed: Total,52,48,4
S01011877,Economically active: Self-employed: Part-time (1),16,14,2
S01011877,Economically active: Self-employed: Full-time (1),36,34,2
S01011877,Economically active: Unemployed (1),9,9,0
S01011877,Economically inactive,176,167,9
S01011878,All people aged 16 and over,976,859,117
S01011878,Economically active: Total,543,508,35
S01011878,Economically active: Employee: Total,419,391,28
S01011878,Economically active: Employee: Part-time (1),123,106,17
S01011878,Economically active: Employee: Full-time (1),296,285,11
S01011878,Economically active: Self-employed: Total,103,99,4
S01011878,Economically active: Self-employed: Part-time (1),32,30,2
S01011878,Economically active: Self-employed: Full-time (1),71,69,2
S01011878,Economically active: Unemployed (1),21,18,3
S01011878,Economically inactive,433,351,82
S01011879,All people aged 16 and over,444,423,21
S01011879,Economically active: Total,294,282,12
S01011879,Economically active: Employee: Total,217,209,8
S01011879,Economically active: Employee: Part-time (1),62,61,1
S01011879,Economically active: Employee: Full-time (1),155,148,7
S01011879,Economically active: Self-employed: Total,57,55,2
S01011879,Economically active: Self-employed: Part-time (1),13,13,0
S01011879,Economically active: Self-employed: Full-time (1),44,42,2
S01011879,Economically active: Unemployed (1),20,18,2
S01011879,Economically inactive,150,141,9
S01011880,All people aged 16 and over,482,462,20
S01011880,Economically active: Total,313,299,14
S01011880,Economically active: Employee: Total,234,223,11
S01011880,Economically active: Employee: Part-time (1),61,58,3
S01011880,Economically active: Employee: Full-time (1),173,165,8
S01011880,Economically active: Self-employed: Total,68,66,2
S01011880,Economically active: Self-employed: Part-time (1),26,24,2
S01011880,Economically active: Self-employed: Full-time (1),42,42,0
S01011880,Economically active: Unemployed (1),11,10,1
S01011880,Economically inactive,169,163,6
S01011881,All people aged 16 and over,664,644,20
S01011881,Economically active: Total,435,424,11
S01011881,Economically active: Employee: Total,365,356,9
S01011881,Economically active: Employee: Part-time (1),112,112,0
S01011881,Economically active: Employee: Full-time (1),253,244,9
S01011881,Economically active: Self-employed: Total,54,52,2
S01011881,Economically active: Self-employed: Part-time (1),16,15,1
S01011881,Economically active: Self-employed: Full-time (1),38,37,1
S01011881,Economically active: Unemployed (1),16,16,0
S01011881,Economically inactive,229,220,9
S01011882,All people aged 16 and over,810,797,13
S01011882,Economically active: Total,480,470,10
S01011882,Economically active: Employee: Total,407,401,6
S01011882,Economically active: Employee: Part-time (1),139,137,2
S01011882,Economically active: Employee: Full-time (1),268,264,4
S01011882,Economically active: Self-employed: Total,45,43,2
S01011882,Economically active: Self-employed: Part-time (1),10,10,0
S01011882,Economically active: Self-employed: Full-time (1),35,33,2
S01011882,Economically active: Unemployed (1),28,26,2
S01011882,Economically inactive,330,327,3
S01011883,All people aged 16 and over,916,828,88
S01011883,Economically active: Total,580,536,44
S01011883,Economically active: Employee: Total,478,444,34
S01011883,Economically active: Employee: Part-time (1),135,124,11
S01011883,Economically active: Employee: Full-time (1),343,320,23
S01011883,Economically active: Self-employed: Total,84,77,7
S01011883,Economically active: Self-employed: Part-time (1),20,17,3
S01011883,Economically active: Self-employed: Full-time (1),64,60,4
S01011883,Economically active: Unemployed (1),18,15,3
S01011883,Economically inactive,336,292,44
S01011884,All people aged 16 and over,347,327,20
S01011884,Economically active: Total,244,234,10
S01011884,Economically active: Employee: Total,177,170,7
S01011884,Economically active: Employee: Part-time (1),52,50,2
S01011884,Economically active: Employee: Full-time (1),125,120,5
S01011884,Economically active: Self-employed: Total,59,56,3
S01011884,Economically active: Self-employed: Part-time (1),16,15,1
S01011884,Economically active: Self-employed: Full-time (1),43,41,2
S01011884,Economically active: Unemployed (1),8,8,0
S01011884,Economically inactive,103,93,10
S01011885,All people aged 16 and over,527,496,31
S01011885,Economically active: Total,386,365,21
S01011885,Economically active: Employee: Total,303,287,16
S01011885,Economically active: Employee: Part-time (1),79,75,4
S01011885,Economically active: Employee: Full-time (1),224,212,12
S01011885,Economically active: Self-employed: Total,79,75,4
S01011885,Economically active: Self-employed: Part-time (1),25,22,3
S01011885,Economically active: Self-employed: Full-time (1),54,53,1
S01011885,Economically active: Unemployed (1),4,3,1
S01011885,Economically inactive,141,131,10
S01011886,All people aged 16 and over,703,660,43
S01011886,Economically active: Total,459,427,32
S01011886,Economically active: Employee: Total,375,345,30
S01011886,Economically active: Employee: Part-time (1),126,111,15
S01011886,Economically active: Employee: Full-time (1),249,234,15
S01011886,Economically active: Self-employed: Total,63,61,2
S01011886,Economically active: Self-employed: Part-time (1),13,12,1
S01011886,Economically active: Self-employed: Full-time (1),50,49,1
S01011886,Economically active: Unemployed (1),21,21,0
S01011886,Economically inactive,244,233,11
S01011887,All people aged 16 and over,468,454,14
S01011887,Economically active: Total,306,293,13
S01011887,Economically active: Employee: Total,247,237,10
S01011887,Economically active: Employee: Part-time (1),77,71,6
S01011887,Economically active: Employee: Full-time (1),170,166,4
S01011887,Economically active: Self-employed: Total,43,40,3
S01011887,Economically active: Self-employed: Part-time (1),10,8,2
S01011887,Economically active: Self-employed: Full-time (1),33,32,1
S01011887,Economically active: Unemployed (1),16,16,0
S01011887,Economically inactive,162,161,1
S01011888,All people aged 16 and over,669,607,62
S01011888,Economically active: Total,461,420,41
S01011888,Economically active: Employee: Total,385,353,32
S01011888,Economically active: Employee: Part-time (1),155,140,15
S01011888,Economically active: Employee: Full-time (1),230,213,17
S01011888,Economically active: Self-employed: Total,39,35,4
S01011888,Economically active: Self-employed: Part-time (1),10,8,2
S01011888,Economically active: Self-employed: Full-time (1),29,27,2
S01011888,Economically active: Unemployed (1),37,32,5
S01011888,Economically inactive,208,187,21
S01011889,All people aged 16 and over,779,736,43
S01011889,Economically active: Total,426,396,30
S01011889,Economically active: Employee: Total,353,329,24
S01011889,Economically active: Employee: Part-time (1),90,84,6
S01011889,Economically active: Employee: Full-time (1),263,245,18
S01011889,Economically active: Self-employed: Total,57,52,5
S01011889,Economically active: Self-employed: Part-time (1),13,13,0
S01011889,Economically active: Self-employed: Full-time (1),44,39,5
S01011889,Economically active: Unemployed (1),16,15,1
S01011889,Economically inactive,353,340,13
S01011890,All people aged 16 and over,570,533,37
S01011890,Economically active: Total,396,374,22
S01011890,Economically active: Employee: Total,336,315,21
S01011890,Economically active: Employee: Part-time (1),102,94,8
S01011890,Economically active: Employee: Full-time (1),234,221,13
S01011890,Economically active: Self-employed: Total,41,40,1
S01011890,Economically active: Self-employed: Part-time (1),10,10,0
S01011890,Economically active: Self-employed: Full-time (1),31,30,1
S01011890,Economically active: Unemployed (1),19,19,0
S01011890,Economically inactive,174,159,15
S01011891,All people aged 16 and over,1121,1064,57
S01011891,Economically active: Total,410,380,30
S01011891,Economically active: Employee: Total,345,315,30
S01011891,Economically active: Employee: Part-time (1),102,93,9
S01011891,Economically active: Employee: Full-time (1),243,222,21
S01011891,Economically active: Self-employed: Total,28,28,0
S01011891,Economically active: Self-employed: Part-time (1),16,16,0
S01011891,Economically active: Self-employed: Full-time (1),12,12,0
S01011891,Economically active: Unemployed (1),37,37,0
S01011891,Economically inactive,711,684,27
S01011892,All people aged 16 and over,817,745,72
S01011892,Economically active: Total,649,583,66
S01011892,Economically active: Employee: Total,563,508,55
S01011892,Economically active: Employee: Part-time (1),125,115,10
S01011892,Economically active: Employee: Full-time (1),438,393,45
S01011892,Economically active: Self-employed: Total,59,51,8
S01011892,Economically active: Self-employed: Part-time (1),16,15,1
S01011892,Economically active: Self-employed: Full-time (1),43,36,7
S01011892,Economically active: Unemployed (1),27,24,3
S01011892,Economically inactive,168,162,6
S01011893,All people aged 16 and over,798,747,51
S01011893,Economically active: Total,542,501,41
S01011893,Economically active: Employee: Total,466,433,33
S01011893,Economically active: Employee: Part-time (1),103,97,6
S01011893,Economically active: Employee: Full-time (1),363,336,27
S01011893,Economically active: Self-employed: Total,43,40,3
S01011893,Economically active: Self-employed: Part-time (1),12,11,1
S01011893,Economically active: Self-employed: Full-time (1),31,29,2
S01011893,Economically active: Unemployed (1),33,28,5
S01011893,Economically inactive,256,246,10
S01011894,All people aged 16 and over,531,485,46
S01011894,Economically active: Total,368,331,37
S01011894,Economically active: Employee: Total,318,284,34
S01011894,Economically active: Employee: Part-time (1),92,78,14
S01011894,Economically active: Employee: Full-time (1),226,206,20
S01011894,Economically active: Self-employed: Total,31,29,2
S01011894,Economically active: Self-employed: Part-time (1),7,7,0
S01011894,Economically active: Self-employed: Full-time (1),24,22,2
S01011894,Economically active: Unemployed (1),19,18,1
S01011894,Economically inactive,163,154,9
S01011895,All people aged 16 and over,579,558,21
S01011895,Economically active: Total,291,278,13
S01011895,Economically active: Employee: Total,215,206,9
S01011895,Economically active: Employee: Part-time (1),63,60,3
S01011895,Economically active: Employee: Full-time (1),152,146,6
S01011895,Economically active: Self-employed: Total,62,58,4
S01011895,Economically active: Self-employed: Part-time (1),16,12,4
S01011895,Economically active: Self-employed: Full-time (1),46,46,0
S01011895,Economically active: Unemployed (1),14,14,0
S01011895,Economically inactive,288,280,8
S01011896,All people aged 16 and over,727,702,25
S01011896,Economically active: Total,451,432,19
S01011896,Economically active: Employee: Total,384,371,13
S01011896,Economically active: Employee: Part-time (1),103,101,2
S01011896,Economically active: Employee: Full-time (1),281,270,11
S01011896,Economically active: Self-employed: Total,49,43,6
S01011896,Economically active: Self-employed: Part-time (1),15,14,1
S01011896,Economically active: Self-employed: Full-time (1),34,29,5
S01011896,Economically active: Unemployed (1),18,18,0
S01011896,Economically inactive,276,270,6
S01011897,All people aged 16 and over,826,790,36
S01011897,Economically active: Total,510,489,21
S01011897,Economically active: Employee: Total,420,404,16
S01011897,Economically active: Employee: Part-time (1),114,109,5
S01011897,Economically active: Employee: Full-time (1),306,295,11
S01011897,Economically active: Self-employed: Total,64,60,4
S01011897,Economically active: Self-employed: Part-time (1),20,19,1
S01011897,Economically active: Self-employed: Full-time (1),44,41,3
S01011897,Economically active: Unemployed (1),26,25,1
S01011897,Economically inactive,316,301,15
S01011898,All people aged 16 and over,520,497,23
S01011898,Economically active: Total,368,354,14
S01011898,Economically active: Employee: Total,300,289,11
S01011898,Economically active: Employee: Part-time (1),100,98,2
S01011898,Economically active: Employee: Full-time (1),200,191,9
S01011898,Economically active: Self-employed: Total,58,56,2
S01011898,Economically active: Self-employed: Part-time (1),11,11,0
S01011898,Economically active: Self-employed: Full-time (1),47,45,2
S01011898,Economically active: Unemployed (1),10,9,1
S01011898,Economically inactive,152,143,9
S01011899,All people aged 16 and over,662,633,29
S01011899,Economically active: Total,389,373,16
S01011899,Economically active: Employee: Total,351,339,12
S01011899,Economically active: Employee: Part-time (1),104,102,2
S01011899,Economically active: Employee: Full-time (1),247,237,10
S01011899,Economically active: Self-employed: Total,29,25,4
S01011899,Economically active: Self-employed: Part-time (1),7,7,0
S01011899,Economically active: Self-employed: Full-time (1),22,18,4
S01011899,Economically active: Unemployed (1),9,9,0
S01011899,Economically inactive,273,260,13
S01011900,All people aged 16 and over,602,566,36
S01011900,Economically active: Total,403,381,22
S01011900,Economically active: Employee: Total,349,331,18
S01011900,Economically active: Employee: Part-time (1),104,100,4
S01011900,Economically active: Employee: Full-time (1),245,231,14
S01011900,Economically active: Self-employed: Total,41,37,4
S01011900,Economically active: Self-employed: Part-time (1),19,17,2
S01011900,Economically active: Self-employed: Full-time (1),22,20,2
S01011900,Economically active: Unemployed (1),13,13,0
S01011900,Economically inactive,199,185,14
S01011901,All people aged 16 and over,729,688,41
S01011901,Economically active: Total,474,444,30
S01011901,Economically active: Employee: Total,377,359,18
S01011901,Economically active: Employee: Part-time (1),89,83,6
S01011901,Economically active: Employee: Full-time (1),288,276,12
S01011901,Economically active: Self-employed: Total,70,62,8
S01011901,Economically active: Self-employed: Part-time (1),20,16,4
S01011901,Economically active: Self-employed: Full-time (1),50,46,4
S01011901,Economically active: Unemployed (1),27,23,4
S01011901,Economically inactive,255,244,11
S01011902,All people aged 16 and over,907,853,54
S01011902,Economically active: Total,529,490,39
S01011902,Economically active: Employee: Total,452,421,31
S01011902,Economically active: Employee: Part-time (1),132,123,9
S01011902,Economically active: Employee: Full-time (1),320,298,22
S01011902,Economically active: Self-employed: Total,67,59,8
S01011902,Economically active: Self-employed: Part-time (1),20,16,4
S01011902,Economically active: Self-employed: Full-time (1),47,43,4
S01011902,Economically active: Unemployed (1),10,10,0
S01011902,Economically inactive,378,363,15
S01011903,All people aged 16 and over,678,652,26
S01011903,Economically active: Total,388,377,11
S01011903,Economically active: Employee: Total,324,313,11
S01011903,Economically active: Employee: Part-time (1),93,88,5
S01011903,Economically active: Employee: Full-time (1),231,225,6
S01011903,Economically active: Self-employed: Total,49,49,0
S01011903,Economically active: Self-employed: Part-time (1),18,18,0
S01011903,Economically active: Self-employed: Full-time (1),31,31,0
S01011903,Economically active: Unemployed (1),15,15,0
S01011903,Economically inactive,290,275,15
S01011904,All people aged 16 and over,698,659,39
S01011904,Economically active: Total,396,371,25
S01011904,Economically active: Employee: Total,345,322,23
S01011904,Economically active: Employee: Part-time (1),98,92,6
S01011904,Economically active: Employee: Full-time (1),247,230,17
S01011904,Economically active: Self-employed: Total,44,42,2
S01011904,Economically active: Self-employed: Part-time (1),15,15,0
S01011904,Economically active: Self-employed: Full-time (1),29,27,2
S01011904,Economically active: Unemployed (1),7,7,0
S01011904,Economically inactive,302,288,14
S01011905,All people aged 16 and over,641,603,38
S01011905,Economically active: Total,434,407,27
S01011905,Economically active: Employee: Total,364,345,19
S01011905,Economically active: Employee: Part-time (1),127,124,3
S01011905,Economically active: Employee: Full-time (1),237,221,16
S01011905,Economically active: Self-employed: Total,59,52,7
S01011905,Economically active: Self-employed: Part-time (1),16,15,1
S01011905,Economically active: Self-employed: Full-time (1),43,37,6
S01011905,Economically active: Unemployed (1),11,10,1
S01011905,Economically inactive,207,196,11
S01011906,All people aged 16 and over,370,351,19
S01011906,Economically active: Total,241,226,15
S01011906,Economically active: Employee: Total,207,201,6
S01011906,Economically active: Employee: Part-time (1),57,56,1
S01011906,Economically active: Employee: Full-time (1),150,145,5
S01011906,Economically active: Self-employed: Total,23,15,8
S01011906,Economically active: Self-employed: Part-time (1),7,6,1
S01011906,Economically active: Self-employed: Full-time (1),16,9,7
S01011906,Economically active: Unemployed (1),11,10,1
S01011906,Economically inactive,129,125,4
S01011907,All people aged 16 and over,632,592,40
S01011907,Economically active: Total,463,431,32
S01011907,Economically active: Employee: Total,412,391,21
S01011907,Economically active: Employee: Part-time (1),89,84,5
S01011907,Economically active: Employee: Full-time (1),323,307,16
S01011907,Economically active: Self-employed: Total,35,26,9
S01011907,Economically active: Self-employed: Part-time (1),9,8,1
S01011907,Economically active: Self-employed: Full-time (1),26,18,8
S01011907,Economically active: Unemployed (1),16,14,2
S01011907,Economically inactive,169,161,8
S01011908,All people aged 16 and over,294,280,14
S01011908,Economically active: Total,234,225,9
S01011908,Economically active: Employee: Total,218,210,8
S01011908,Economically active: Employee: Part-time (1),58,56,2
S01011908,Economically active: Employee: Full-time (1),160,154,6
S01011908,Economically active: Self-employed: Total,9,9,0
S01011908,Economically active: Self-employed: Part-time (1),0,0,0
S01011908,Economically active: Self-employed: Full-time (1),9,9,0
S01011908,Economically active: Unemployed (1),7,6,1
S01011908,Economically inactive,60,55,5
S01011909,All people aged 16 and over,783,738,45
S01011909,Economically active: Total,702,669,33
S01011909,Economically active: Employee: Total,632,606,26
S01011909,Economically active: Employee: Part-time (1),145,136,9
S01011909,Economically active: Employee: Full-time (1),487,470,17
S01011909,Economically active: Self-employed: Total,50,45,5
S01011909,Economically active: Self-employed: Part-time (1),13,11,2
S01011909,Economically active: Self-employed: Full-time (1),37,34,3
S01011909,Economically active: Unemployed (1),20,18,2
S01011909,Economically inactive,81,69,12
S01011910,All people aged 16 and over,720,665,55
S01011910,Economically active: Total,457,419,38
S01011910,Economically active: Employee: Total,374,341,33
S01011910,Economically active: Employee: Part-time (1),121,113,8
S01011910,Economically active: Employee: Full-time (1),253,228,25
S01011910,Economically active: Self-employed: Total,30,28,2
S01011910,Economically active: Self-employed: Part-time (1),9,9,0
S01011910,Economically active: Self-employed: Full-time (1),21,19,2
S01011910,Economically active: Unemployed (1),53,50,3
S01011910,Economically inactive,263,246,17
S01011911,All people aged 16 and over,538,509,29
S01011911,Economically active: Total,342,323,19
S01011911,Economically active: Employee: Total,300,284,16
S01011911,Economically active: Employee: Part-time (1),92,86,6
S01011911,Economically active: Employee: Full-time (1),208,198,10
S01011911,Economically active: Self-employed: Total,22,21,1
S01011911,Economically active: Self-employed: Part-time (1),5,4,1
S01011911,Economically active: Self-employed: Full-time (1),17,17,0
S01011911,Economically active: Unemployed (1),20,18,2
S01011911,Economically inactive,196,186,10
S01011912,All people aged 16 and over,578,530,48
S01011912,Economically active: Total,387,353,34
S01011912,Economically active: Employee: Total,341,313,28
S01011912,Economically active: Employee: Part-time (1),96,86,10
S01011912,Economically active: Employee: Full-time (1),245,227,18
S01011912,Economically active: Self-employed: Total,27,24,3
S01011912,Economically active: Self-employed: Part-time (1),9,9,0
S01011912,Economically active: Self-employed: Full-time (1),18,15,3
S01011912,Economically active: Unemployed (1),19,16,3
S01011912,Economically inactive,191,177,14
S01011913,All people aged 16 and over,581,555,26
S01011913,Economically active: Total,383,364,19
S01011913,Economically active: Employee: Total,323,307,16
S01011913,Economically active: Employee: Part-time (1),133,127,6
S01011913,Economically active: Employee: Full-time (1),190,180,10
S01011913,Economically active: Self-employed: Total,25,24,1
S01011913,Economically active: Self-employed: Part-time (1),9,9,0
S01011913,Economically active: Self-employed: Full-time (1),16,15,1
S01011913,Economically active: Unemployed (1),35,33,2
S01011913,Economically inactive,198,191,7
S01011914,All people aged 16 and over,621,566,55
S01011914,Economically active: Total,432,388,44
S01011914,Economically active: Employee: Total,335,301,34
S01011914,Economically active: Employee: Part-time (1),126,113,13
S01011914,Economically active: Employee: Full-time (1),209,188,21
S01011914,Economically active: Self-employed: Total,42,36,6
S01011914,Economically active: Self-employed: Part-time (1),14,12,2
S01011914,Economically active: Self-employed: Full-time (1),28,24,4
S01011914,Economically active: Unemployed (1),55,51,4
S01011914,Economically inactive,189,178,11
S01011915,All people aged 16 and over,643,597,46
S01011915,Economically active: Total,419,381,38
S01011915,Economically active: Employee: Total,361,330,31
S01011915,Economically active: Employee: Part-time (1),122,110,12
S01011915,Economically active: Employee: Full-time (1),239,220,19
S01011915,Economically active: Self-employed: Total,28,25,3
S01011915,Economically active: Self-employed: Part-time (1),3,2,1
S01011915,Economically active: Self-employed: Full-time (1),25,23,2
S01011915,Economically active: Unemployed (1),30,26,4
S01011915,Economically inactive,224,216,8
S01011916,All people aged 16 and over,459,429,30
S01011916,Economically active: Total,300,277,23
S01011916,Economically active: Employee: Total,252,231,21
S01011916,Economically active: Employee: Part-time (1),76,67,9
S01011916,Economically active: Employee: Full-time (1),176,164,12
S01011916,Economically active: Self-employed: Total,20,18,2
S01011916,Economically active: Self-employed: Part-time (1),4,3,1
S01011916,Economically active: Self-employed: Full-time (1),16,15,1
S01011916,Economically active: Unemployed (1),28,28,0
S01011916,Economically inactive,159,152,7
S01011917,All people aged 16 and over,421,393,28
S01011917,Economically active: Total,270,249,21
S01011917,Economically active: Employee: Total,231,213,18
S01011917,Economically active: Employee: Part-time (1),75,70,5
S01011917,Economically active: Employee: Full-time (1),156,143,13
S01011917,Economically active: Self-employed: Total,17,15,2
S01011917,Economically active: Self-employed: Part-time (1),4,3,1
S01011917,Economically active: Self-employed: Full-time (1),13,12,1
S01011917,Economically active: Unemployed (1),22,21,1
S01011917,Economically inactive,151,144,7
S01011918,All people aged 16 and over,582,513,69
S01011918,Economically active: Total,379,320,59
S01011918,Economically active: Employee: Total,286,238,48
S01011918,Economically active: Employee: Part-time (1),98,80,18
S01011918,Economically active: Employee: Full-time (1),188,158,30
S01011918,Economically active: Self-employed: Total,31,24,7
S01011918,Economically active: Self-employed: Part-time (1),11,5,6
S01011918,Economically active: Self-employed: Full-time (1),20,19,1
S01011918,Economically active: Unemployed (1),62,58,4
S01011918,Economically inactive,203,193,10
S01011919,All people aged 16 and over,758,653,105
S01011919,Economically active: Total,543,471,72
S01011919,Economically active: Employee: Total,443,389,54
S01011919,Economically active: Employee: Part-time (1),126,103,23
S01011919,Economically active: Employee: Full-time (1),317,286,31
S01011919,Economically active: Self-employed: Total,32,26,6
S01011919,Economically active: Self-employed: Part-time (1),8,6,2
S01011919,Economically active: Self-employed: Full-time (1),24,20,4
S01011919,Economically active: Unemployed (1),68,56,12
S01011919,Economically inactive,215,182,33
S01011920,All people aged 16 and over,521,471,50
S01011920,Economically active: Total,359,327,32
S01011920,Economically active: Employee: Total,304,275,29
S01011920,Economically active: Employee: Part-time (1),97,90,7
S01011920,Economically active: Employee: Full-time (1),207,185,22
S01011920,Economically active: Self-employed: Total,24,22,2
S01011920,Economically active: Self-employed: Part-time (1),9,8,1
S01011920,Economically active: Self-employed: Full-time (1),15,14,1
S01011920,Economically active: Unemployed (1),31,30,1
S01011920,Economically inactive,162,144,18
S01011921,All people aged 16 and over,465,432,33
S01011921,Economically active: Total,303,279,24
S01011921,Economically active: Employee: Total,254,236,18
S01011921,Economically active: Employee: Part-time (1),74,72,2
S01011921,Economically active: Employee: Full-time (1),180,164,16
S01011921,Economically active: Self-employed: Total,22,17,5
S01011921,Economically active: Self-employed: Part-time (1),7,6,1
S01011921,Economically active: Self-employed: Full-time (1),15,11,4
S01011921,Economically active: Unemployed (1),27,26,1
S01011921,Economically inactive,162,153,9
S01011922,All people aged 16 and over,620,576,44
S01011922,Economically active: Total,424,391,33
S01011922,Economically active: Employee: Total,362,334,28
S01011922,Economically active: Employee: Part-time (1),97,89,8
S01011922,Economically active: Employee: Full-time (1),265,245,20
S01011922,Economically active: Self-employed: Total,21,19,2
S01011922,Economically active: Self-employed: Part-time (1),11,10,1
S01011922,Economically active: Self-employed: Full-time (1),10,9,1
S01011922,Economically active: Unemployed (1),41,38,3
S01011922,Economically inactive,196,185,11
S01011923,All people aged 16 and over,730,653,77
S01011923,Economically active: Total,457,407,50
S01011923,Economically active: Employee: Total,380,341,39
S01011923,Economically active: Employee: Part-time (1),120,114,6
S01011923,Economically active: Employee: Full-time (1),260,227,33
S01011923,Economically active: Self-employed: Total,28,19,9
S01011923,Economically active: Self-employed: Part-time (1),7,4,3
S01011923,Economically active: Self-employed: Full-time (1),21,15,6
S01011923,Economically active: Unemployed (1),49,47,2
S01011923,Economically inactive,273,246,27
S01011924,All people aged 16 and over,354,324,30
S01011924,Economically active: Total,235,209,26
S01011924,Economically active: Employee: Total,200,181,19
S01011924,Economically active: Employee: Part-time (1),61,53,8
S01011924,Economically active: Employee: Full-time (1),139,128,11
S01011924,Economically active: Self-employed: Total,17,12,5
S01011924,Economically active: Self-employed: Part-time (1),7,6,1
S01011924,Economically active: Self-employed: Full-time (1),10,6,4
S01011924,Economically active: Unemployed (1),18,16,2
S01011924,Economically inactive,119,115,4
S01011925,All people aged 16 and over,551,503,48
S01011925,Economically active: Total,462,425,37
S01011925,Economically active: Employee: Total,387,359,28
S01011925,Economically active: Employee: Part-time (1),96,87,9
S01011925,Economically active: Employee: Full-time (1),291,272,19
S01011925,Economically active: Self-employed: Total,58,50,8
S01011925,Economically active: Self-employed: Part-time (1),11,8,3
S01011925,Economically active: Self-employed: Full-time (1),47,42,5
S01011925,Economically active: Unemployed (1),17,16,1
S01011925,Economically inactive,89,78,11
S01011926,All people aged 16 and over,523,486,37
S01011926,Economically active: Total,355,329,26
S01011926,Economically active: Employee: Total,301,282,19
S01011926,Economically active: Employee: Part-time (1),92,88,4
S01011926,Economically active: Employee: Full-time (1),209,194,15
S01011926,Economically active: Self-employed: Total,27,22,5
S01011926,Economically active: Self-employed: Part-time (1),7,7,0
S01011926,Economically active: Self-employed: Full-time (1),20,15,5
S01011926,Economically active: Unemployed (1),27,25,2
S01011926,Economically inactive,168,157,11
S01011927,All people aged 16 and over,502,480,22
S01011927,Economically active: Total,320,302,18
S01011927,Economically active: Employee: Total,272,256,16
S01011927,Economically active: Employee: Part-time (1),89,82,7
S01011927,Economically active: Employee: Full-time (1),183,174,9
S01011927,Economically active: Self-employed: Total,21,20,1
S01011927,Economically active: Self-employed: Part-time (1),2,2,0
S01011927,Economically active: Self-employed: Full-time (1),19,18,1
S01011927,Economically active: Unemployed (1),27,26,1
S01011927,Economically inactive,182,178,4
S01011928,All people aged 16 and over,605,579,26
S01011928,Economically active: Total,387,367,20
S01011928,Economically active: Employee: Total,328,312,16
S01011928,Economically active: Employee: Part-time (1),99,97,2
S01011928,Economically active: Employee: Full-time (1),229,215,14
S01011928,Economically active: Self-employed: Total,34,32,2
S01011928,Economically active: Self-employed: Part-time (1),2,1,1
S01011928,Economically active: Self-employed: Full-time (1),32,31,1
S01011928,Economically active: Unemployed (1),25,23,2
S01011928,Economically inactive,218,212,6
S01011929,All people aged 16 and over,588,548,40
S01011929,Economically active: Total,378,346,32
S01011929,Economically active: Employee: Total,342,313,29
S01011929,Economically active: Employee: Part-time (1),99,88,11
S01011929,Economically active: Employee: Full-time (1),243,225,18
S01011929,Economically active: Self-employed: Total,12,10,2
S01011929,Economically active: Self-employed: Part-time (1),4,4,0
S01011929,Economically active: Self-employed: Full-time (1),8,6,2
S01011929,Economically active: Unemployed (1),24,23,1
S01011929,Economically inactive,210,202,8
S01011930,All people aged 16 and over,508,469,39
S01011930,Economically active: Total,338,311,27
S01011930,Economically active: Employee: Total,295,275,20
S01011930,Economically active: Employee: Part-time (1),94,87,7
S01011930,Economically active: Employee: Full-time (1),201,188,13
S01011930,Economically active: Self-employed: Total,24,18,6
S01011930,Economically active: Self-employed: Part-time (1),7,5,2
S01011930,Economically active: Self-employed: Full-time (1),17,13,4
S01011930,Economically active: Unemployed (1),19,18,1
S01011930,Economically inactive,170,158,12
S01011931,All people aged 16 and over,474,434,40
S01011931,Economically active: Total,317,287,30
S01011931,Economically active: Employee: Total,251,229,22
S01011931,Economically active: Employee: Part-time (1),85,76,9
S01011931,Economically active: Employee: Full-time (1),166,153,13
S01011931,Economically active: Self-employed: Total,23,19,4
S01011931,Economically active: Self-employed: Part-time (1),6,5,1
S01011931,Economically active: Self-employed: Full-time (1),17,14,3
S01011931,Economically active: Unemployed (1),43,39,4
S01011931,Economically inactive,157,147,10
S01011932,All people aged 16 and over,512,414,98
S01011932,Economically active: Total,391,321,70
S01011932,Economically active: Employee: Total,355,291,64
S01011932,Economically active: Employee: Part-time (1),72,58,14
S01011932,Economically active: Employee: Full-time (1),283,233,50
S01011932,Economically active: Self-employed: Total,18,14,4
S01011932,Economically active: Self-employed: Part-time (1),3,3,0
S01011932,Economically active: Self-employed: Full-time (1),15,11,4
S01011932,Economically active: Unemployed (1),18,16,2
S01011932,Economically inactive,121,93,28
S01011933,All people aged 16 and over,561,463,98
S01011933,Economically active: Total,395,313,82
S01011933,Economically active: Employee: Total,341,267,74
S01011933,Economically active: Employee: Part-time (1),77,64,13
S01011933,Economically active: Employee: Full-time (1),264,203,61
S01011933,Economically active: Self-employed: Total,28,23,5
S01011933,Economically active: Self-employed: Part-time (1),9,6,3
S01011933,Economically active: Self-employed: Full-time (1),19,17,2
S01011933,Economically active: Unemployed (1),26,23,3
S01011933,Economically inactive,166,150,16
S01011934,All people aged 16 and over,941,734,207
S01011934,Economically active: Total,589,461,128
S01011934,Economically active: Employee: Total,477,376,101
S01011934,Economically active: Employee: Part-time (1),135,102,33
S01011934,Economically active: Employee: Full-time (1),342,274,68
S01011934,Economically active: Self-employed: Total,60,47,13
S01011934,Economically active: Self-employed: Part-time (1),18,15,3
S01011934,Economically active: Self-employed: Full-time (1),42,32,10
S01011934,Economically active: Unemployed (1),52,38,14
S01011934,Economically inactive,352,273,79
S01011935,All people aged 16 and over,751,523,228
S01011935,Economically active: Total,549,350,199
S01011935,Economically active: Employee: Total,441,271,170
S01011935,Economically active: Employee: Part-time (1),115,72,43
S01011935,Economically active: Employee: Full-time (1),326,199,127
S01011935,Economically active: Self-employed: Total,64,47,17
S01011935,Economically active: Self-employed: Part-time (1),17,10,7
S01011935,Economically active: Self-employed: Full-time (1),47,37,10
S01011935,Economically active: Unemployed (1),44,32,12
S01011935,Economically inactive,202,173,29
S01011936,All people aged 16 and over,684,589,95
S01011936,Economically active: Total,441,366,75
S01011936,Economically active: Employee: Total,352,290,62
S01011936,Economically active: Employee: Part-time (1),91,70,21
S01011936,Economically active: Employee: Full-time (1),261,220,41
S01011936,Economically active: Self-employed: Total,47,43,4
S01011936,Economically active: Self-employed: Part-time (1),14,13,1
S01011936,Economically active: Self-employed: Full-time (1),33,30,3
S01011936,Economically active: Unemployed (1),42,33,9
S01011936,Economically inactive,243,223,20
S01011937,All people aged 16 and over,615,501,114
S01011937,Economically active: Total,424,325,99
S01011937,Economically active: Employee: Total,361,278,83
S01011937,Economically active: Employee: Part-time (1),88,58,30
S01011937,Economically active: Employee: Full-time (1),273,220,53
S01011937,Economically active: Self-employed: Total,34,29,5
S01011937,Economically active: Self-employed: Part-time (1),10,9,1
S01011937,Economically active: Self-employed: Full-time (1),24,20,4
S01011937,Economically active: Unemployed (1),29,18,11
S01011937,Economically inactive,191,176,15
S01011938,All people aged 16 and over,611,511,100
S01011938,Economically active: Total,406,325,81
S01011938,Economically active: Employee: Total,327,261,66
S01011938,Economically active: Employee: Part-time (1),69,49,20
S01011938,Economically active: Employee: Full-time (1),258,212,46
S01011938,Economically active: Self-employed: Total,59,49,10
S01011938,Economically active: Self-employed: Part-time (1),13,12,1
S01011938,Economically active: Self-employed: Full-time (1),46,37,9
S01011938,Economically active: Unemployed (1),20,15,5
S01011938,Economically inactive,205,186,19
S01011939,All people aged 16 and over,666,560,106
S01011939,Economically active: Total,470,397,73
S01011939,Economically active: Employee: Total,387,321,66
S01011939,Economically active: Employee: Part-time (1),102,76,26
S01011939,Economically active: Employee: Full-time (1),285,245,40
S01011939,Economically active: Self-employed: Total,31,28,3
S01011939,Economically active: Self-employed: Part-time (1),8,8,0
S01011939,Economically active: Self-employed: Full-time (1),23,20,3
S01011939,Economically active: Unemployed (1),52,48,4
S01011939,Economically inactive,196,163,33
S01011940,All people aged 16 and over,381,274,107
S01011940,Economically active: Total,265,173,92
S01011940,Economically active: Employee: Total,225,146,79
S01011940,Economically active: Employee: Part-time (1),41,25,16
S01011940,Economically active: Employee: Full-time (1),184,121,63
S01011940,Economically active: Self-employed: Total,16,11,5
S01011940,Economically active: Self-employed: Part-time (1),4,2,2
S01011940,Economically active: Self-employed: Full-time (1),12,9,3
S01011940,Economically active: Unemployed (1),24,16,8
S01011940,Economically inactive,116,101,15
S01011941,All people aged 16 and over,650,464,186
S01011941,Economically active: Total,524,361,163
S01011941,Economically active: Employee: Total,437,294,143
S01011941,Economically active: Employee: Part-time (1),110,72,38
S01011941,Economically active: Employee: Full-time (1),327,222,105
S01011941,Economically active: Self-employed: Total,35,28,7
S01011941,Economically active: Self-employed: Part-time (1),12,9,3
S01011941,Economically active: Self-employed: Full-time (1),23,19,4
S01011941,Economically active: Unemployed (1),52,39,13
S01011941,Economically inactive,126,103,23
S01011942,All people aged 16 and over,784,621,163
S01011942,Economically active: Total,513,397,116
S01011942,Economically active: Employee: Total,436,337,99
S01011942,Economically active: Employee: Part-time (1),120,93,27
S01011942,Economically active: Employee: Full-time (1),316,244,72
S01011942,Economically active: Self-employed: Total,36,30,6
S01011942,Economically active: Self-employed: Part-time (1),7,7,0
S01011942,Economically active: Self-employed: Full-time (1),29,23,6
S01011942,Economically active: Unemployed (1),41,30,11
S01011942,Economically inactive,271,224,47
S01011943,All people aged 16 and over,1055,849,206
S01011943,Economically active: Total,691,517,174
S01011943,Economically active: Employee: Total,533,392,141
S01011943,Economically active: Employee: Part-time (1),158,102,56
S01011943,Economically active: Employee: Full-time (1),375,290,85
S01011943,Economically active: Self-employed: Total,44,30,14
S01011943,Economically active: Self-employed: Part-time (1),11,9,2
S01011943,Economically active: Self-employed: Full-time (1),33,21,12
S01011943,Economically active: Unemployed (1),114,95,19
S01011943,Economically inactive,364,332,32
S01011944,All people aged 16 and over,384,355,29
S01011944,Economically active: Total,223,207,16
S01011944,Economically active: Employee: Total,154,141,13
S01011944,Economically active: Employee: Part-time (1),46,42,4
S01011944,Economically active: Employee: Full-time (1),108,99,9
S01011944,Economically active: Self-employed: Total,57,55,2
S01011944,Economically active: Self-employed: Part-time (1),22,22,0
S01011944,Economically active: Self-employed: Full-time (1),35,33,2
S01011944,Economically active: Unemployed (1),12,11,1
S01011944,Economically inactive,161,148,13
S01011945,All people aged 16 and over,699,668,31
S01011945,Economically active: Total,355,338,17
S01011945,Economically active: Employee: Total,273,260,13
S01011945,Economically active: Employee: Part-time (1),89,86,3
S01011945,Economically active: Employee: Full-time (1),184,174,10
S01011945,Economically active: Self-employed: Total,76,72,4
S01011945,Economically active: Self-employed: Part-time (1),15,15,0
S01011945,Economically active: Self-employed: Full-time (1),61,57,4
S01011945,Economically active: Unemployed (1),6,6,0
S01011945,Economically inactive,344,330,14
S01011946,All people aged 16 and over,671,627,44
S01011946,Economically active: Total,369,335,34
S01011946,Economically active: Employee: Total,283,253,30
S01011946,Economically active: Employee: Part-time (1),93,82,11
S01011946,Economically active: Employee: Full-time (1),190,171,19
S01011946,Economically active: Self-employed: Total,46,43,3
S01011946,Economically active: Self-employed: Part-time (1),18,16,2
S01011946,Economically active: Self-employed: Full-time (1),28,27,1
S01011946,Economically active: Unemployed (1),40,39,1
S01011946,Economically inactive,302,292,10
S01011947,All people aged 16 and over,415,395,20
S01011947,Economically active: Total,228,212,16
S01011947,Economically active: Employee: Total,203,190,13
S01011947,Economically active: Employee: Part-time (1),70,64,6
S01011947,Economically active: Employee: Full-time (1),133,126,7
S01011947,Economically active: Self-employed: Total,18,15,3
S01011947,Economically active: Self-employed: Part-time (1),6,5,1
S01011947,Economically active: Self-employed: Full-time (1),12,10,2
S01011947,Economically active: Unemployed (1),7,7,0
S01011947,Economically inactive,187,183,4
S01011948,All people aged 16 and over,996,934,62
S01011948,Economically active: Total,520,484,36
S01011948,Economically active: Employee: Total,393,361,32
S01011948,Economically active: Employee: Part-time (1),117,108,9
S01011948,Economically active: Employee: Full-time (1),276,253,23
S01011948,Economically active: Self-employed: Total,97,95,2
S01011948,Economically active: Self-employed: Part-time (1),21,21,0
S01011948,Economically active: Self-employed: Full-time (1),76,74,2
S01011948,Economically active: Unemployed (1),30,28,2
S01011948,Economically inactive,476,450,26
S01011949,All people aged 16 and over,713,690,23
S01011949,Economically active: Total,318,309,9
S01011949,Economically active: Employee: Total,258,253,5
S01011949,Economically active: Employee: Part-time (1),82,82,0
S01011949,Economically active: Employee: Full-time (1),176,171,5
S01011949,Economically active: Self-employed: Total,47,44,3
S01011949,Economically active: Self-employed: Part-time (1),19,18,1
S01011949,Economically active: Self-employed: Full-time (1),28,26,2
S01011949,Economically active: Unemployed (1),13,12,1
S01011949,Economically inactive,395,381,14
S01011950,All people aged 16 and over,669,637,32
S01011950,Economically active: Total,321,305,16
S01011950,Economically active: Employee: Total,272,257,15
S01011950,Economically active: Employee: Part-time (1),77,72,5
S01011950,Economically active: Employee: Full-time (1),195,185,10
S01011950,Economically active: Self-employed: Total,37,36,1
S01011950,Economically active: Self-employed: Part-time (1),12,11,1
S01011950,Economically active: Self-employed: Full-time (1),25,25,0
S01011950,Economically active: Unemployed (1),12,12,0
S01011950,Economically inactive,348,332,16
S01011951,All people aged 16 and over,563,543,20
S01011951,Economically active: Total,341,328,13
S01011951,Economically active: Employee: Total,274,263,11
S01011951,Economically active: Employee: Part-time (1),83,79,4
S01011951,Economically active: Employee: Full-time (1),191,184,7
S01011951,Economically active: Self-employed: Total,52,51,1
S01011951,Economically active: Self-employed: Part-time (1),16,16,0
S01011951,Economically active: Self-employed: Full-time (1),36,35,1
S01011951,Economically active: Unemployed (1),15,14,1
S01011951,Economically inactive,222,215,7
S01011952,All people aged 16 and over,393,381,12
S01011952,Economically active: Total,240,232,8
S01011952,Economically active: Employee: Total,203,196,7
S01011952,Economically active: Employee: Part-time (1),52,50,2
S01011952,Economically active: Employee: Full-time (1),151,146,5
S01011952,Economically active: Self-employed: Total,31,31,0
S01011952,Economically active: Self-employed: Part-time (1),10,10,0
S01011952,Economically active: Self-employed: Full-time (1),21,21,0
S01011952,Economically active: Unemployed (1),6,5,1
S01011952,Economically inactive,153,149,4
S01011953,All people aged 16 and over,609,582,27
S01011953,Economically active: Total,372,355,17
S01011953,Economically active: Employee: Total,304,290,14
S01011953,Economically active: Employee: Part-time (1),93,88,5
S01011953,Economically active: Employee: Full-time (1),211,202,9
S01011953,Economically active: Self-employed: Total,56,54,2
S01011953,Economically active: Self-employed: Part-time (1),15,15,0
S01011953,Economically active: Self-employed: Full-time (1),41,39,2
S01011953,Economically active: Unemployed (1),12,11,1
S01011953,Economically inactive,237,227,10
S01011954,All people aged 16 and over,402,386,16
S01011954,Economically active: Total,252,241,11
S01011954,Economically active: Employee: Total,215,207,8
S01011954,Economically active: Employee: Part-time (1),67,64,3
S01011954,Economically active: Employee: Full-time (1),148,143,5
S01011954,Economically active: Self-employed: Total,17,17,0
S01011954,Economically active: Self-employed: Part-time (1),6,6,0
S01011954,Economically active: Self-employed: Full-time (1),11,11,0
S01011954,Economically active: Unemployed (1),20,17,3
S01011954,Economically inactive,150,145,5
S01011955,All people aged 16 and over,836,809,27
S01011955,Economically active: Total,490,473,17
S01011955,Economically active: Employee: Total,391,380,11
S01011955,Economically active: Employee: Part-time (1),122,118,4
S01011955,Economically active: Employee: Full-time (1),269,262,7
S01011955,Economically active: Self-employed: Total,70,64,6
S01011955,Economically active: Self-employed: Part-time (1),18,18,0
S01011955,Economically active: Self-employed: Full-time (1),52,46,6
S01011955,Economically active: Unemployed (1),29,29,0
S01011955,Economically inactive,346,336,10
S01011956,All people aged 16 and over,783,739,44
S01011956,Economically active: Total,545,517,28
S01011956,Economically active: Employee: Total,463,440,23
S01011956,Economically active: Employee: Part-time (1),135,127,8
S01011956,Economically active: Employee: Full-time (1),328,313,15
S01011956,Economically active: Self-employed: Total,68,65,3
S01011956,Economically active: Self-employed: Part-time (1),16,16,0
S01011956,Economically active: Self-employed: Full-time (1),52,49,3
S01011956,Economically active: Unemployed (1),14,12,2
S01011956,Economically inactive,238,222,16
S01011957,All people aged 16 and over,765,579,186
S01011957,Economically active: Total,526,358,168
S01011957,Economically active: Employee: Total,419,260,159
S01011957,Economically active: Employee: Part-time (1),91,67,24
S01011957,Economically active: Employee: Full-time (1),328,193,135
S01011957,Economically active: Self-employed: Total,84,76,8
S01011957,Economically active: Self-employed: Part-time (1),12,12,0
S01011957,Economically active: Self-employed: Full-time (1),72,64,8
S01011957,Economically active: Unemployed (1),23,22,1
S01011957,Economically inactive,239,221,18
S01011958,All people aged 16 and over,903,871,32
S01011958,Economically active: Total,565,538,27
S01011958,Economically active: Employee: Total,414,391,23
S01011958,Economically active: Employee: Part-time (1),109,105,4
S01011958,Economically active: Employee: Full-time (1),305,286,19
S01011958,Economically active: Self-employed: Total,136,132,4
S01011958,Economically active: Self-employed: Part-time (1),36,34,2
S01011958,Economically active: Self-employed: Full-time (1),100,98,2
S01011958,Economically active: Unemployed (1),15,15,0
S01011958,Economically inactive,338,333,5
S01011959,All people aged 16 and over,750,720,30
S01011959,Economically active: Total,445,427,18
S01011959,Economically active: Employee: Total,344,332,12
S01011959,Economically active: Employee: Part-time (1),99,98,1
S01011959,Economically active: Employee: Full-time (1),245,234,11
S01011959,Economically active: Self-employed: Total,88,82,6
S01011959,Economically active: Self-employed: Part-time (1),24,20,4
S01011959,Economically active: Self-employed: Full-time (1),64,62,2
S01011959,Economically active: Unemployed (1),13,13,0
S01011959,Economically inactive,305,293,12
S01011960,All people aged 16 and over,637,589,48
S01011960,Economically active: Total,477,437,40
S01011960,Economically active: Employee: Total,400,361,39
S01011960,Economically active: Employee: Part-time (1),104,91,13
S01011960,Economically active: Employee: Full-time (1),296,270,26
S01011960,Economically active: Self-employed: Total,69,68,1
S01011960,Economically active: Self-employed: Part-time (1),23,22,1
S01011960,Economically active: Self-employed: Full-time (1),46,46,0
S01011960,Economically active: Unemployed (1),8,8,0
S01011960,Economically inactive,160,152,8
S01011961,All people aged 16 and over,573,545,28
S01011961,Economically active: Total,424,403,21
S01011961,Economically active: Employee: Total,372,354,18
S01011961,Economically active: Employee: Part-time (1),97,92,5
S01011961,Economically active: Employee: Full-time (1),275,262,13
S01011961,Economically active: Self-employed: Total,38,36,2
S01011961,Economically active: Self-employed: Part-time (1),15,14,1
S01011961,Economically active: Self-employed: Full-time (1),23,22,1
S01011961,Economically active: Unemployed (1),14,13,1
S01011961,Economically inactive,149,142,7
S01011962,All people aged 16 and over,541,512,29
S01011962,Economically active: Total,378,360,18
S01011962,Economically active: Employee: Total,298,285,13
S01011962,Economically active: Employee: Part-time (1),61,60,1
S01011962,Economically active: Employee: Full-time (1),237,225,12
S01011962,Economically active: Self-employed: Total,71,68,3
S01011962,Economically active: Self-employed: Part-time (1),21,20,1
S01011962,Economically active: Self-employed: Full-time (1),50,48,2
S01011962,Economically active: Unemployed (1),9,7,2
S01011962,Economically inactive,163,152,11
S01011963,All people aged 16 and over,414,394,20
S01011963,Economically active: Total,261,246,15
S01011963,Economically active: Employee: Total,222,212,10
S01011963,Economically active: Employee: Part-time (1),49,47,2
S01011963,Economically active: Employee: Full-time (1),173,165,8
S01011963,Economically active: Self-employed: Total,25,21,4
S01011963,Economically active: Self-employed: Part-time (1),10,7,3
S01011963,Economically active: Self-employed: Full-time (1),15,14,1
S01011963,Economically active: Unemployed (1),14,13,1
S01011963,Economically inactive,153,148,5
S01011964,All people aged 16 and over,827,779,48
S01011964,Economically active: Total,552,511,41
S01011964,Economically active: Employee: Total,470,432,38
S01011964,Economically active: Employee: Part-time (1),108,101,7
S01011964,Economically active: Employee: Full-time (1),362,331,31
S01011964,Economically active: Self-employed: Total,52,49,3
S01011964,Economically active: Self-employed: Part-time (1),8,7,1
S01011964,Economically active: Self-employed: Full-time (1),44,42,2
S01011964,Economically active: Unemployed (1),30,30,0
S01011964,Economically inactive,275,268,7
S01011965,All people aged 16 and over,678,658,20
S01011965,Economically active: Total,343,330,13
S01011965,Economically active: Employee: Total,293,283,10
S01011965,Economically active: Employee: Part-time (1),89,88,1
S01011965,Economically active: Employee: Full-time (1),204,195,9
S01011965,Economically active: Self-employed: Total,36,35,1
S01011965,Economically active: Self-employed: Part-time (1),9,8,1
S01011965,Economically active: Self-employed: Full-time (1),27,27,0
S01011965,Economically active: Unemployed (1),14,12,2
S01011965,Economically inactive,335,328,7
S01011966,All people aged 16 and over,675,627,48
S01011966,Economically active: Total,413,381,32
S01011966,Economically active: Employee: Total,336,310,26
S01011966,Economically active: Employee: Part-time (1),99,93,6
S01011966,Economically active: Employee: Full-time (1),237,217,20
S01011966,Economically active: Self-employed: Total,55,52,3
S01011966,Economically active: Self-employed: Part-time (1),14,12,2
S01011966,Economically active: Self-employed: Full-time (1),41,40,1
S01011966,Economically active: Unemployed (1),22,19,3
S01011966,Economically inactive,262,246,16
S01011967,All people aged 16 and over,963,916,47
S01011967,Economically active: Total,576,543,33
S01011967,Economically active: Employee: Total,432,404,28
S01011967,Economically active: Employee: Part-time (1),108,106,2
S01011967,Economically active: Employee: Full-time (1),324,298,26
S01011967,Economically active: Self-employed: Total,133,128,5
S01011967,Economically active: Self-employed: Part-time (1),24,23,1
S01011967,Economically active: Self-employed: Full-time (1),109,105,4
S01011967,Economically active: Unemployed (1),11,11,0
S01011967,Economically inactive,387,373,14
S01011968,All people aged 16 and over,832,772,60
S01011968,Economically active: Total,550,499,51
S01011968,Economically active: Employee: Total,452,411,41
S01011968,Economically active: Employee: Part-time (1),114,112,2
S01011968,Economically active: Employee: Full-time (1),338,299,39
S01011968,Economically active: Self-employed: Total,59,54,5
S01011968,Economically active: Self-employed: Part-time (1),10,9,1
S01011968,Economically active: Self-employed: Full-time (1),49,45,4
S01011968,Economically active: Unemployed (1),39,34,5
S01011968,Economically inactive,282,273,9
S01011969,All people aged 16 and over,873,843,30
S01011969,Economically active: Total,521,500,21
S01011969,Economically active: Employee: Total,451,431,20
S01011969,Economically active: Employee: Part-time (1),117,114,3
S01011969,Economically active: Employee: Full-time (1),334,317,17
S01011969,Economically active: Self-employed: Total,47,47,0
S01011969,Economically active: Self-employed: Part-time (1),14,14,0
S01011969,Economically active: Self-employed: Full-time (1),33,33,0
S01011969,Economically active: Unemployed (1),23,22,1
S01011969,Economically inactive,352,343,9
S01011970,All people aged 16 and over,761,670,91
S01011970,Economically active: Total,535,457,78
S01011970,Economically active: Employee: Total,441,369,72
S01011970,Economically active: Employee: Part-time (1),109,100,9
S01011970,Economically active: Employee: Full-time (1),332,269,63
S01011970,Economically active: Self-employed: Total,52,47,5
S01011970,Economically active: Self-employed: Part-time (1),12,10,2
S01011970,Economically active: Self-employed: Full-time (1),40,37,3
S01011970,Economically active: Unemployed (1),42,41,1
S01011970,Economically inactive,226,213,13
S01011971,All people aged 16 and over,445,420,25
S01011971,Economically active: Total,294,276,18
S01011971,Economically active: Employee: Total,220,208,12
S01011971,Economically active: Employee: Part-time (1),57,55,2
S01011971,Economically active: Employee: Full-time (1),163,153,10
S01011971,Economically active: Self-employed: Total,58,54,4
S01011971,Economically active: Self-employed: Part-time (1),11,10,1
S01011971,Economically active: Self-employed: Full-time (1),47,44,3
S01011971,Economically active: Unemployed (1),16,14,2
S01011971,Economically inactive,151,144,7
S01011972,All people aged 16 and over,978,931,47
S01011972,Economically active: Total,624,588,36
S01011972,Economically active: Employee: Total,437,411,26
S01011972,Economically active: Employee: Part-time (1),124,116,8
S01011972,Economically active: Employee: Full-time (1),313,295,18
S01011972,Economically active: Self-employed: Total,159,151,8
S01011972,Economically active: Self-employed: Part-time (1),45,41,4
S01011972,Economically active: Self-employed: Full-time (1),114,110,4
S01011972,Economically active: Unemployed (1),28,26,2
S01011972,Economically inactive,354,343,11
S01011973,All people aged 16 and over,547,521,26
S01011973,Economically active: Total,345,325,20
S01011973,Economically active: Employee: Total,262,248,14
S01011973,Economically active: Employee: Part-time (1),69,65,4
S01011973,Economically active: Employee: Full-time (1),193,183,10
S01011973,Economically active: Self-employed: Total,66,62,4
S01011973,Economically active: Self-employed: Part-time (1),19,17,2
S01011973,Economically active: Self-employed: Full-time (1),47,45,2
S01011973,Economically active: Unemployed (1),17,15,2
S01011973,Economically inactive,202,196,6
S01011974,All people aged 16 and over,649,589,60
S01011974,Economically active: Total,427,383,44
S01011974,Economically active: Employee: Total,335,296,39
S01011974,Economically active: Employee: Part-time (1),90,83,7
S01011974,Economically active: Employee: Full-time (1),245,213,32
S01011974,Economically active: Self-employed: Total,81,77,4
S01011974,Economically active: Self-employed: Part-time (1),23,20,3
S01011974,Economically active: Self-employed: Full-time (1),58,57,1
S01011974,Economically active: Unemployed (1),11,10,1
S01011974,Economically inactive,222,206,16
S01011975,All people aged 16 and over,393,376,17
S01011975,Economically active: Total,238,226,12
S01011975,Economically active: Employee: Total,179,170,9
S01011975,Economically active: Employee: Part-time (1),46,44,2
S01011975,Economically active: Employee: Full-time (1),133,126,7
S01011975,Economically active: Self-employed: Total,47,45,2
S01011975,Economically active: Self-employed: Part-time (1),12,12,0
S01011975,Economically active: Self-employed: Full-time (1),35,33,2
S01011975,Economically active: Unemployed (1),12,11,1
S01011975,Economically inactive,155,150,5
S01011976,All people aged 16 and over,645,614,31
S01011976,Economically active: Total,394,371,23
S01011976,Economically active: Employee: Total,300,282,18
S01011976,Economically active: Employee: Part-time (1),76,72,4
S01011976,Economically active: Employee: Full-time (1),224,210,14
S01011976,Economically active: Self-employed: Total,71,66,5
S01011976,Economically active: Self-employed: Part-time (1),14,13,1
S01011976,Economically active: Self-employed: Full-time (1),57,53,4
S01011976,Economically active: Unemployed (1),23,23,0
S01011976,Economically inactive,251,243,8
S01011977,All people aged 16 and over,965,903,62
S01011977,Economically active: Total,588,541,47
S01011977,Economically active: Employee: Total,438,402,36
S01011977,Economically active: Employee: Part-time (1),130,119,11
S01011977,Economically active: Employee: Full-time (1),308,283,25
S01011977,Economically active: Self-employed: Total,113,105,8
S01011977,Economically active: Self-employed: Part-time (1),27,25,2
S01011977,Economically active: Self-employed: Full-time (1),86,80,6
S01011977,Economically active: Unemployed (1),37,34,3
S01011977,Economically inactive,377,362,15
S01011978,All people aged 16 and over,587,562,25
S01011978,Economically active: Total,304,283,21
S01011978,Economically active: Employee: Total,246,230,16
S01011978,Economically active: Employee: Part-time (1),72,62,10
S01011978,Economically active: Employee: Full-time (1),174,168,6
S01011978,Economically active: Self-employed: Total,36,34,2
S01011978,Economically active: Self-employed: Part-time (1),16,15,1
S01011978,Economically active: Self-employed: Full-time (1),20,19,1
S01011978,Economically active: Unemployed (1),22,19,3
S01011978,Economically inactive,283,279,4
S01011979,All people aged 16 and over,835,773,62
S01011979,Economically active: Total,536,484,52
S01011979,Economically active: Employee: Total,415,370,45
S01011979,Economically active: Employee: Part-time (1),109,103,6
S01011979,Economically active: Employee: Full-time (1),306,267,39
S01011979,Economically active: Self-employed: Total,111,106,5
S01011979,Economically active: Self-employed: Part-time (1),29,26,3
S01011979,Economically active: Self-employed: Full-time (1),82,80,2
S01011979,Economically active: Unemployed (1),10,8,2
S01011979,Economically inactive,299,289,10
S01011980,All people aged 16 and over,342,328,14
S01011980,Economically active: Total,217,205,12
S01011980,Economically active: Employee: Total,146,137,9
S01011980,Economically active: Employee: Part-time (1),30,26,4
S01011980,Economically active: Employee: Full-time (1),116,111,5
S01011980,Economically active: Self-employed: Total,60,57,3
S01011980,Economically active: Self-employed: Part-time (1),11,11,0
S01011980,Economically active: Self-employed: Full-time (1),49,46,3
S01011980,Economically active: Unemployed (1),11,11,0
S01011980,Economically inactive,125,123,2
S01011981,All people aged 16 and over,789,712,77
S01011981,Economically active: Total,542,486,56
S01011981,Economically active: Employee: Total,371,329,42
S01011981,Economically active: Employee: Part-time (1),102,97,5
S01011981,Economically active: Employee: Full-time (1),269,232,37
S01011981,Economically active: Self-employed: Total,153,143,10
S01011981,Economically active: Self-employed: Part-time (1),44,41,3
S01011981,Economically active: Self-employed: Full-time (1),109,102,7
S01011981,Economically active: Unemployed (1),18,14,4
S01011981,Economically inactive,247,226,21
S01011982,All people aged 16 and over,786,731,55
S01011982,Economically active: Total,539,495,44
S01011982,Economically active: Employee: Total,367,331,36
S01011982,Economically active: Employee: Part-time (1),122,113,9
S01011982,Economically active: Employee: Full-time (1),245,218,27
S01011982,Economically active: Self-employed: Total,150,142,8
S01011982,Economically active: Self-employed: Part-time (1),33,32,1
S01011982,Economically active: Self-employed: Full-time (1),117,110,7
S01011982,Economically active: Unemployed (1),22,22,0
S01011982,Economically inactive,247,236,11
S01011983,All people aged 16 and over,657,603,54
S01011983,Economically active: Total,393,351,42
S01011983,Economically active: Employee: Total,266,231,35
S01011983,Economically active: Employee: Part-time (1),81,73,8
S01011983,Economically active: Employee: Full-time (1),185,158,27
S01011983,Economically active: Self-employed: Total,105,99,6
S01011983,Economically active: Self-employed: Part-time (1),27,26,1
S01011983,Economically active: Self-employed: Full-time (1),78,73,5
S01011983,Economically active: Unemployed (1),22,21,1
S01011983,Economically inactive,264,252,12
S01011984,All people aged 16 and over,539,482,57
S01011984,Economically active: Total,320,273,47
S01011984,Economically active: Employee: Total,261,219,42
S01011984,Economically active: Employee: Part-time (1),79,69,10
S01011984,Economically active: Employee: Full-time (1),182,150,32
S01011984,Economically active: Self-employed: Total,36,32,4
S01011984,Economically active: Self-employed: Part-time (1),11,9,2
S01011984,Economically active: Self-employed: Full-time (1),25,23,2
S01011984,Economically active: Unemployed (1),23,22,1
S01011984,Economically inactive,219,209,10
S01011985,All people aged 16 and over,623,582,41
S01011985,Economically active: Total,388,359,29
S01011985,Economically active: Employee: Total,286,264,22
S01011985,Economically active: Employee: Part-time (1),88,83,5
S01011985,Economically active: Employee: Full-time (1),198,181,17
S01011985,Economically active: Self-employed: Total,85,79,6
S01011985,Economically active: Self-employed: Part-time (1),18,15,3
S01011985,Economically active: Self-employed: Full-time (1),67,64,3
S01011985,Economically active: Unemployed (1),17,16,1
S01011985,Economically inactive,235,223,12
S01011986,All people aged 16 and over,530,487,43
S01011986,Economically active: Total,319,283,36
S01011986,Economically active: Employee: Total,235,205,30
S01011986,Economically active: Employee: Part-time (1),72,68,4
S01011986,Economically active: Employee: Full-time (1),163,137,26
S01011986,Economically active: Self-employed: Total,45,39,6
S01011986,Economically active: Self-employed: Part-time (1),9,7,2
S01011986,Economically active: Self-employed: Full-time (1),36,32,4
S01011986,Economically active: Unemployed (1),39,39,0
S01011986,Economically inactive,211,204,7
S01011987,All people aged 16 and over,771,731,40
S01011987,Economically active: Total,471,437,34
S01011987,Economically active: Employee: Total,385,359,26
S01011987,Economically active: Employee: Part-time (1),133,128,5
S01011987,Economically active: Employee: Full-time (1),252,231,21
S01011987,Economically active: Self-employed: Total,56,52,4
S01011987,Economically active: Self-employed: Part-time (1),22,20,2
S01011987,Economically active: Self-employed: Full-time (1),34,32,2
S01011987,Economically active: Unemployed (1),30,26,4
S01011987,Economically inactive,300,294,6
S01011988,All people aged 16 and over,602,580,22
S01011988,Economically active: Total,296,284,12
S01011988,Economically active: Employee: Total,232,224,8
S01011988,Economically active: Employee: Part-time (1),70,67,3
S01011988,Economically active: Employee: Full-time (1),162,157,5
S01011988,Economically active: Self-employed: Total,56,52,4
S01011988,Economically active: Self-employed: Part-time (1),12,9,3
S01011988,Economically active: Self-employed: Full-time (1),44,43,1
S01011988,Economically active: Unemployed (1),8,8,0
S01011988,Economically inactive,306,296,10
S01011989,All people aged 16 and over,719,691,28
S01011989,Economically active: Total,440,420,20
S01011989,Economically active: Employee: Total,354,341,13
S01011989,Economically active: Employee: Part-time (1),111,108,3
S01011989,Economically active: Employee: Full-time (1),243,233,10
S01011989,Economically active: Self-employed: Total,68,62,6
S01011989,Economically active: Self-employed: Part-time (1),23,21,2
S01011989,Economically active: Self-employed: Full-time (1),45,41,4
S01011989,Economically active: Unemployed (1),18,17,1
S01011989,Economically inactive,279,271,8
S01011990,All people aged 16 and over,654,617,37
S01011990,Economically active: Total,335,315,20
S01011990,Economically active: Employee: Total,259,242,17
S01011990,Economically active: Employee: Part-time (1),78,73,5
S01011990,Economically active: Employee: Full-time (1),181,169,12
S01011990,Economically active: Self-employed: Total,54,51,3
S01011990,Economically active: Self-employed: Part-time (1),18,17,1
S01011990,Economically active: Self-employed: Full-time (1),36,34,2
S01011990,Economically active: Unemployed (1),22,22,0
S01011990,Economically inactive,319,302,17
S01011991,All people aged 16 and over,594,572,22
S01011991,Economically active: Total,372,356,16
S01011991,Economically active: Employee: Total,305,290,15
S01011991,Economically active: Employee: Part-time (1),93,88,5
S01011991,Economically active: Employee: Full-time (1),212,202,10
S01011991,Economically active: Self-employed: Total,51,50,1
S01011991,Economically active: Self-employed: Part-time (1),16,16,0
S01011991,Economically active: Self-employed: Full-time (1),35,34,1
S01011991,Economically active: Unemployed (1),16,16,0
S01011991,Economically inactive,222,216,6
S01011992,All people aged 16 and over,856,799,57
S01011992,Economically active: Total,460,433,27
S01011992,Economically active: Employee: Total,352,332,20
S01011992,Economically active: Employee: Part-time (1),103,97,6
S01011992,Economically active: Employee: Full-time (1),249,235,14
S01011992,Economically active: Self-employed: Total,84,78,6
S01011992,Economically active: Self-employed: Part-time (1),18,16,2
S01011992,Economically active: Self-employed: Full-time (1),66,62,4
S01011992,Economically active: Unemployed (1),24,23,1
S01011992,Economically inactive,396,366,30
S01011993,All people aged 16 and over,715,614,101
S01011993,Economically active: Total,446,361,85
S01011993,Economically active: Employee: Total,385,311,74
S01011993,Economically active: Employee: Part-time (1),106,89,17
S01011993,Economically active: Employee: Full-time (1),279,222,57
S01011993,Economically active: Self-employed: Total,31,24,7
S01011993,Economically active: Self-employed: Part-time (1),13,10,3
S01011993,Economically active: Self-employed: Full-time (1),18,14,4
S01011993,Economically active: Unemployed (1),30,26,4
S01011993,Economically inactive,269,253,16
S01011994,All people aged 16 and over,655,614,41
S01011994,Economically active: Total,272,261,11
S01011994,Economically active: Employee: Total,188,183,5
S01011994,Economically active: Employee: Part-time (1),69,68,1
S01011994,Economically active: Employee: Full-time (1),119,115,4
S01011994,Economically active: Self-employed: Total,71,65,6
S01011994,Economically active: Self-employed: Part-time (1),22,21,1
S01011994,Economically active: Self-employed: Full-time (1),49,44,5
S01011994,Economically active: Unemployed (1),13,13,0
S01011994,Economically inactive,383,353,30
S01011995,All people aged 16 and over,664,626,38
S01011995,Economically active: Total,470,445,25
S01011995,Economically active: Employee: Total,346,325,21
S01011995,Economically active: Employee: Part-time (1),92,89,3
S01011995,Economically active: Employee: Full-time (1),254,236,18
S01011995,Economically active: Self-employed: Total,110,108,2
S01011995,Economically active: Self-employed: Part-time (1),23,23,0
S01011995,Economically active: Self-employed: Full-time (1),87,85,2
S01011995,Economically active: Unemployed (1),14,12,2
S01011995,Economically inactive,194,181,13
S01011996,All people aged 16 and over,462,433,29
S01011996,Economically active: Total,289,268,21
S01011996,Economically active: Employee: Total,234,215,19
S01011996,Economically active: Employee: Part-time (1),69,66,3
S01011996,Economically active: Employee: Full-time (1),165,149,16
S01011996,Economically active: Self-employed: Total,36,35,1
S01011996,Economically active: Self-employed: Part-time (1),16,16,0
S01011996,Economically active: Self-employed: Full-time (1),20,19,1
S01011996,Economically active: Unemployed (1),19,18,1
S01011996,Economically inactive,173,165,8
S01011997,All people aged 16 and over,745,717,28
S01011997,Economically active: Total,499,479,20
S01011997,Economically active: Employee: Total,405,389,16
S01011997,Economically active: Employee: Part-time (1),107,103,4
S01011997,Economically active: Employee: Full-time (1),298,286,12
S01011997,Economically active: Self-employed: Total,65,61,4
S01011997,Economically active: Self-employed: Part-time (1),20,20,0
S01011997,Economically active: Self-employed: Full-time (1),45,41,4
S01011997,Economically active: Unemployed (1),29,29,0
S01011997,Economically inactive,246,238,8
S01011998,All people aged 16 and over,426,410,16
S01011998,Economically active: Total,256,247,9
S01011998,Economically active: Employee: Total,192,185,7
S01011998,Economically active: Employee: Part-time (1),58,57,1
S01011998,Economically active: Employee: Full-time (1),134,128,6
S01011998,Economically active: Self-employed: Total,55,54,1
S01011998,Economically active: Self-employed: Part-time (1),11,11,0
S01011998,Economically active: Self-employed: Full-time (1),44,43,1
S01011998,Economically active: Unemployed (1),9,8,1
S01011998,Economically inactive,170,163,7
S01011999,All people aged 16 and over,527,500,27
S01011999,Economically active: Total,376,355,21
S01011999,Economically active: Employee: Total,286,272,14
S01011999,Economically active: Employee: Part-time (1),88,86,2
S01011999,Economically active: Employee: Full-time (1),198,186,12
S01011999,Economically active: Self-employed: Total,79,74,5
S01011999,Economically active: Self-employed: Part-time (1),25,23,2
S01011999,Economically active: Self-employed: Full-time (1),54,51,3
S01011999,Economically active: Unemployed (1),11,9,2
S01011999,Economically inactive,151,145,6
S01012000,All people aged 16 and over,375,365,10
S01012000,Economically active: Total,257,249,8
S01012000,Economically active: Employee: Total,214,206,8
S01012000,Economically active: Employee: Part-time (1),55,51,4
S01012000,Economically active: Employee: Full-time (1),159,155,4
S01012000,Economically active: Self-employed: Total,39,39,0
S01012000,Economically active: Self-employed: Part-time (1),7,7,0
S01012000,Economically active: Self-employed: Full-time (1),32,32,0
S01012000,Economically active: Unemployed (1),4,4,0
S01012000,Economically inactive,118,116,2
S01012001,All people aged 16 and over,522,503,19
S01012001,Economically active: Total,352,336,16
S01012001,Economically active: Employee: Total,282,271,11
S01012001,Economically active: Employee: Part-time (1),74,72,2
S01012001,Economically active: Employee: Full-time (1),208,199,9
S01012001,Economically active: Self-employed: Total,55,50,5
S01012001,Economically active: Self-employed: Part-time (1),11,10,1
S01012001,Economically active: Self-employed: Full-time (1),44,40,4
S01012001,Economically active: Unemployed (1),15,15,0
S01012001,Economically inactive,170,167,3
S01012002,All people aged 16 and over,484,471,13
S01012002,Economically active: Total,259,255,4
S01012002,Economically active: Employee: Total,214,210,4
S01012002,Economically active: Employee: Part-time (1),59,58,1
S01012002,Economically active: Employee: Full-time (1),155,152,3
S01012002,Economically active: Self-employed: Total,36,36,0
S01012002,Economically active: Self-employed: Part-time (1),7,7,0
S01012002,Economically active: Self-employed: Full-time (1),29,29,0
S01012002,Economically active: Unemployed (1),9,9,0
S01012002,Economically inactive,225,216,9
S01012003,All people aged 16 and over,457,448,9
S01012003,Economically active: Total,310,304,6
S01012003,Economically active: Employee: Total,255,251,4
S01012003,Economically active: Employee: Part-time (1),80,78,2
S01012003,Economically active: Employee: Full-time (1),175,173,2
S01012003,Economically active: Self-employed: Total,32,30,2
S01012003,Economically active: Self-employed: Part-time (1),9,9,0
S01012003,Economically active: Self-employed: Full-time (1),23,21,2
S01012003,Economically active: Unemployed (1),23,23,0
S01012003,Economically inactive,147,144,3
S01012004,All people aged 16 and over,755,728,27
S01012004,Economically active: Total,448,431,17
S01012004,Economically active: Employee: Total,369,354,15
S01012004,Economically active: Employee: Part-time (1),112,104,8
S01012004,Economically active: Employee: Full-time (1),257,250,7
S01012004,Economically active: Self-employed: Total,64,64,0
S01012004,Economically active: Self-employed: Part-time (1),16,16,0
S01012004,Economically active: Self-employed: Full-time (1),48,48,0
S01012004,Economically active: Unemployed (1),15,13,2
S01012004,Economically inactive,307,297,10
S01012005,All people aged 16 and over,675,643,32
S01012005,Economically active: Total,500,473,27
S01012005,Economically active: Employee: Total,420,398,22
S01012005,Economically active: Employee: Part-time (1),123,116,7
S01012005,Economically active: Employee: Full-time (1),297,282,15
S01012005,Economically active: Self-employed: Total,54,50,4
S01012005,Economically active: Self-employed: Part-time (1),11,9,2
S01012005,Economically active: Self-employed: Full-time (1),43,41,2
S01012005,Economically active: Unemployed (1),26,25,1
S01012005,Economically inactive,175,170,5
S01012006,All people aged 16 and over,745,632,113
S01012006,Economically active: Total,419,372,47
S01012006,Economically active: Employee: Total,305,264,41
S01012006,Economically active: Employee: Part-time (1),76,70,6
S01012006,Economically active: Employee: Full-time (1),229,194,35
S01012006,Economically active: Self-employed: Total,96,90,6
S01012006,Economically active: Self-employed: Part-time (1),17,16,1
S01012006,Economically active: Self-employed: Full-time (1),79,74,5
S01012006,Economically active: Unemployed (1),18,18,0
S01012006,Economically inactive,326,260,66
S01012007,All people aged 16 and over,704,624,80
S01012007,Economically active: Total,412,355,57
S01012007,Economically active: Employee: Total,313,273,40
S01012007,Economically active: Employee: Part-time (1),83,76,7
S01012007,Economically active: Employee: Full-time (1),230,197,33
S01012007,Economically active: Self-employed: Total,81,66,15
S01012007,Economically active: Self-employed: Part-time (1),20,18,2
S01012007,Economically active: Self-employed: Full-time (1),61,48,13
S01012007,Economically active: Unemployed (1),18,16,2
S01012007,Economically inactive,292,269,23
S01012008,All people aged 16 and over,804,709,95
S01012008,Economically active: Total,542,465,77
S01012008,Economically active: Employee: Total,395,339,56
S01012008,Economically active: Employee: Part-time (1),114,105,9
S01012008,Economically active: Employee: Full-time (1),281,234,47
S01012008,Economically active: Self-employed: Total,125,108,17
S01012008,Economically active: Self-employed: Part-time (1),42,39,3
S01012008,Economically active: Self-employed: Full-time (1),83,69,14
S01012008,Economically active: Unemployed (1),22,18,4
S01012008,Economically inactive,262,244,18
S01012009,All people aged 16 and over,618,559,59
S01012009,Economically active: Total,444,391,53
S01012009,Economically active: Employee: Total,335,292,43
S01012009,Economically active: Employee: Part-time (1),75,71,4
S01012009,Economically active: Employee: Full-time (1),260,221,39
S01012009,Economically active: Self-employed: Total,97,89,8
S01012009,Economically active: Self-employed: Part-time (1),29,27,2
S01012009,Economically active: Self-employed: Full-time (1),68,62,6
S01012009,Economically active: Unemployed (1),12,10,2
S01012009,Economically inactive,174,168,6
S01012010,All people aged 16 and over,1080,904,176
S01012010,Economically active: Total,627,471,156
S01012010,Economically active: Employee: Total,486,341,145
S01012010,Economically active: Employee: Part-time (1),104,84,20
S01012010,Economically active: Employee: Full-time (1),382,257,125
S01012010,Economically active: Self-employed: Total,127,120,7
S01012010,Economically active: Self-employed: Part-time (1),26,25,1
S01012010,Economically active: Self-employed: Full-time (1),101,95,6
S01012010,Economically active: Unemployed (1),14,10,4
S01012010,Economically inactive,453,433,20
S01012011,All people aged 16 and over,960,836,124
S01012011,Economically active: Total,619,524,95
S01012011,Economically active: Employee: Total,479,403,76
S01012011,Economically active: Employee: Part-time (1),141,124,17
S01012011,Economically active: Employee: Full-time (1),338,279,59
S01012011,Economically active: Self-employed: Total,115,99,16
S01012011,Economically active: Self-employed: Part-time (1),23,19,4
S01012011,Economically active: Self-employed: Full-time (1),92,80,12
S01012011,Economically active: Unemployed (1),25,22,3
S01012011,Economically inactive,341,312,29
S01012012,All people aged 16 and over,588,559,29
S01012012,Economically active: Total,306,281,25
S01012012,Economically active: Employee: Total,213,192,21
S01012012,Economically active: Employee: Part-time (1),56,52,4
S01012012,Economically active: Employee: Full-time (1),157,140,17
S01012012,Economically active: Self-employed: Total,78,75,3
S01012012,Economically active: Self-employed: Part-time (1),17,16,1
S01012012,Economically active: Self-employed: Full-time (1),61,59,2
S01012012,Economically active: Unemployed (1),15,14,1
S01012012,Economically inactive,282,278,4
S01012013,All people aged 16 and over,649,593,56
S01012013,Economically active: Total,416,371,45
S01012013,Economically active: Employee: Total,275,244,31
S01012013,Economically active: Employee: Part-time (1),79,70,9
S01012013,Economically active: Employee: Full-time (1),196,174,22
S01012013,Economically active: Self-employed: Total,128,114,14
S01012013,Economically active: Self-employed: Part-time (1),28,25,3
S01012013,Economically active: Self-employed: Full-time (1),100,89,11
S01012013,Economically active: Unemployed (1),13,13,0
S01012013,Economically inactive,233,222,11
S01012014,All people aged 16 and over,715,621,94
S01012014,Economically active: Total,464,383,81
S01012014,Economically active: Employee: Total,353,285,68
S01012014,Economically active: Employee: Part-time (1),109,99,10
S01012014,Economically active: Employee: Full-time (1),244,186,58
S01012014,Economically active: Self-employed: Total,85,74,11
S01012014,Economically active: Self-employed: Part-time (1),24,23,1
S01012014,Economically active: Self-employed: Full-time (1),61,51,10
S01012014,Economically active: Unemployed (1),26,24,2
S01012014,Economically inactive,251,238,13
S01012015,All people aged 16 and over,780,733,47
S01012015,Economically active: Total,486,449,37
S01012015,Economically active: Employee: Total,370,339,31
S01012015,Economically active: Employee: Part-time (1),112,105,7
S01012015,Economically active: Employee: Full-time (1),258,234,24
S01012015,Economically active: Self-employed: Total,91,85,6
S01012015,Economically active: Self-employed: Part-time (1),20,16,4
S01012015,Economically active: Self-employed: Full-time (1),71,69,2
S01012015,Economically active: Unemployed (1),25,25,0
S01012015,Economically inactive,294,284,10
S01012016,All people aged 16 and over,740,646,94
S01012016,Economically active: Total,510,425,85
S01012016,Economically active: Employee: Total,369,294,75
S01012016,Economically active: Employee: Part-time (1),98,80,18
S01012016,Economically active: Employee: Full-time (1),271,214,57
S01012016,Economically active: Self-employed: Total,119,109,10
S01012016,Economically active: Self-employed: Part-time (1),36,33,3
S01012016,Economically active: Self-employed: Full-time (1),83,76,7
S01012016,Economically active: Unemployed (1),22,22,0
S01012016,Economically inactive,230,221,9
S01012017,All people aged 16 and over,432,392,40
S01012017,Economically active: Total,268,246,22
S01012017,Economically active: Employee: Total,137,124,13
S01012017,Economically active: Employee: Part-time (1),45,45,0
S01012017,Economically active: Employee: Full-time (1),92,79,13
S01012017,Economically active: Self-employed: Total,118,109,9
S01012017,Economically active: Self-employed: Part-time (1),35,31,4
S01012017,Economically active: Self-employed: Full-time (1),83,78,5
S01012017,Economically active: Unemployed (1),13,13,0
S01012017,Economically inactive,164,146,18
S01012018,All people aged 16 and over,725,662,63
S01012018,Economically active: Total,478,431,47
S01012018,Economically active: Employee: Total,327,290,37
S01012018,Economically active: Employee: Part-time (1),99,88,11
S01012018,Economically active: Employee: Full-time (1),228,202,26
S01012018,Economically active: Self-employed: Total,130,120,10
S01012018,Economically active: Self-employed: Part-time (1),31,27,4
S01012018,Economically active: Self-employed: Full-time (1),99,93,6
S01012018,Economically active: Unemployed (1),21,21,0
S01012018,Economically inactive,247,231,16
S01012019,All people aged 16 and over,661,637,24
S01012019,Economically active: Total,466,444,22
S01012019,Economically active: Employee: Total,385,365,20
S01012019,Economically active: Employee: Part-time (1),93,90,3
S01012019,Economically active: Employee: Full-time (1),292,275,17
S01012019,Economically active: Self-employed: Total,49,48,1
S01012019,Economically active: Self-employed: Part-time (1),10,10,0
S01012019,Economically active: Self-employed: Full-time (1),39,38,1
S01012019,Economically active: Unemployed (1),32,31,1
S01012019,Economically inactive,195,193,2
S01012020,All people aged 16 and over,586,559,27
S01012020,Economically active: Total,320,301,19
S01012020,Economically active: Employee: Total,272,254,18
S01012020,Economically active: Employee: Part-time (1),87,83,4
S01012020,Economically active: Employee: Full-time (1),185,171,14
S01012020,Economically active: Self-employed: Total,29,28,1
S01012020,Economically active: Self-employed: Part-time (1),7,7,0
S01012020,Economically active: Self-employed: Full-time (1),22,21,1
S01012020,Economically active: Unemployed (1),19,19,0
S01012020,Economically inactive,266,258,8
S01012021,All people aged 16 and over,472,463,9
S01012021,Economically active: Total,310,304,6
S01012021,Economically active: Employee: Total,246,243,3
S01012021,Economically active: Employee: Part-time (1),79,79,0
S01012021,Economically active: Employee: Full-time (1),167,164,3
S01012021,Economically active: Self-employed: Total,39,37,2
S01012021,Economically active: Self-employed: Part-time (1),15,14,1
S01012021,Economically active: Self-employed: Full-time (1),24,23,1
S01012021,Economically active: Unemployed (1),25,24,1
S01012021,Economically inactive,162,159,3
S01012022,All people aged 16 and over,529,520,9
S01012022,Economically active: Total,359,352,7
S01012022,Economically active: Employee: Total,297,294,3
S01012022,Economically active: Employee: Part-time (1),83,82,1
S01012022,Economically active: Employee: Full-time (1),214,212,2
S01012022,Economically active: Self-employed: Total,46,43,3
S01012022,Economically active: Self-employed: Part-time (1),12,11,1
S01012022,Economically active: Self-employed: Full-time (1),34,32,2
S01012022,Economically active: Unemployed (1),16,15,1
S01012022,Economically inactive,170,168,2
S01012023,All people aged 16 and over,449,428,21
S01012023,Economically active: Total,309,292,17
S01012023,Economically active: Employee: Total,198,186,12
S01012023,Economically active: Employee: Part-time (1),55,51,4
S01012023,Economically active: Employee: Full-time (1),143,135,8
S01012023,Economically active: Self-employed: Total,96,92,4
S01012023,Economically active: Self-employed: Part-time (1),21,20,1
S01012023,Economically active: Self-employed: Full-time (1),75,72,3
S01012023,Economically active: Unemployed (1),15,14,1
S01012023,Economically inactive,140,136,4
S01012024,All people aged 16 and over,690,668,22
S01012024,Economically active: Total,495,485,10
S01012024,Economically active: Employee: Total,402,393,9
S01012024,Economically active: Employee: Part-time (1),88,87,1
S01012024,Economically active: Employee: Full-time (1),314,306,8
S01012024,Economically active: Self-employed: Total,61,60,1
S01012024,Economically active: Self-employed: Part-time (1),14,14,0
S01012024,Economically active: Self-employed: Full-time (1),47,46,1
S01012024,Economically active: Unemployed (1),32,32,0
S01012024,Economically inactive,195,183,12
S01012025,All people aged 16 and over,563,553,10
S01012025,Economically active: Total,379,373,6
S01012025,Economically active: Employee: Total,322,318,4
S01012025,Economically active: Employee: Part-time (1),88,87,1
S01012025,Economically active: Employee: Full-time (1),234,231,3
S01012025,Economically active: Self-employed: Total,37,35,2
S01012025,Economically active: Self-employed: Part-time (1),9,9,0
S01012025,Economically active: Self-employed: Full-time (1),28,26,2
S01012025,Economically active: Unemployed (1),20,20,0
S01012025,Economically inactive,184,180,4
S01012026,All people aged 16 and over,465,441,24
S01012026,Economically active: Total,364,345,19
S01012026,Economically active: Employee: Total,309,294,15
S01012026,Economically active: Employee: Part-time (1),88,84,4
S01012026,Economically active: Employee: Full-time (1),221,210,11
S01012026,Economically active: Self-employed: Total,47,44,3
S01012026,Economically active: Self-employed: Part-time (1),12,12,0
S01012026,Economically active: Self-employed: Full-time (1),35,32,3
S01012026,Economically active: Unemployed (1),8,7,1
S01012026,Economically inactive,101,96,5
S01012027,All people aged 16 and over,841,801,40
S01012027,Economically active: Total,467,437,30
S01012027,Economically active: Employee: Total,370,345,25
S01012027,Economically active: Employee: Part-time (1),83,73,10
S01012027,Economically active: Employee: Full-time (1),287,272,15
S01012027,Economically active: Self-employed: Total,77,74,3
S01012027,Economically active: Self-employed: Part-time (1),14,14,0
S01012027,Economically active: Self-employed: Full-time (1),63,60,3
S01012027,Economically active: Unemployed (1),20,18,2
S01012027,Economically inactive,374,364,10
S01012028,All people aged 16 and over,780,749,31
S01012028,Economically active: Total,489,471,18
S01012028,Economically active: Employee: Total,395,382,13
S01012028,Economically active: Employee: Part-time (1),107,104,3
S01012028,Economically active: Employee: Full-time (1),288,278,10
S01012028,Economically active: Self-employed: Total,67,62,5
S01012028,Economically active: Self-employed: Part-time (1),20,20,0
S01012028,Economically active: Self-employed: Full-time (1),47,42,5
S01012028,Economically active: Unemployed (1),27,27,0
S01012028,Economically inactive,291,278,13
S01012029,All people aged 16 and over,1078,1048,30
S01012029,Economically active: Total,586,568,18
S01012029,Economically active: Employee: Total,464,449,15
S01012029,Economically active: Employee: Part-time (1),132,123,9
S01012029,Economically active: Employee: Full-time (1),332,326,6
S01012029,Economically active: Self-employed: Total,89,86,3
S01012029,Economically active: Self-employed: Part-time (1),17,15,2
S01012029,Economically active: Self-employed: Full-time (1),72,71,1
S01012029,Economically active: Unemployed (1),33,33,0
S01012029,Economically inactive,492,480,12
S01012030,All people aged 16 and over,534,516,18
S01012030,Economically active: Total,392,377,15
S01012030,Economically active: Employee: Total,290,277,13
S01012030,Economically active: Employee: Part-time (1),90,86,4
S01012030,Economically active: Employee: Full-time (1),200,191,9
S01012030,Economically active: Self-employed: Total,86,84,2
S01012030,Economically active: Self-employed: Part-time (1),16,15,1
S01012030,Economically active: Self-employed: Full-time (1),70,69,1
S01012030,Economically active: Unemployed (1),16,16,0
S01012030,Economically inactive,142,139,3
S01012031,All people aged 16 and over,461,444,17
S01012031,Economically active: Total,266,255,11
S01012031,Economically active: Employee: Total,207,198,9
S01012031,Economically active: Employee: Part-time (1),55,51,4
S01012031,Economically active: Employee: Full-time (1),152,147,5
S01012031,Economically active: Self-employed: Total,49,48,1
S01012031,Economically active: Self-employed: Part-time (1),12,12,0
S01012031,Economically active: Self-employed: Full-time (1),37,36,1
S01012031,Economically active: Unemployed (1),10,9,1
S01012031,Economically inactive,195,189,6
S01012032,All people aged 16 and over,301,288,13
S01012032,Economically active: Total,200,189,11
S01012032,Economically active: Employee: Total,145,137,8
S01012032,Economically active: Employee: Part-time (1),46,42,4
S01012032,Economically active: Employee: Full-time (1),99,95,4
S01012032,Economically active: Self-employed: Total,48,45,3
S01012032,Economically active: Self-employed: Part-time (1),8,8,0
S01012032,Economically active: Self-employed: Full-time (1),40,37,3
S01012032,Economically active: Unemployed (1),7,7,0
S01012032,Economically inactive,101,99,2
S01012033,All people aged 16 and over,696,683,13
S01012033,Economically active: Total,415,405,10
S01012033,Economically active: Employee: Total,353,346,7
S01012033,Economically active: Employee: Part-time (1),97,95,2
S01012033,Economically active: Employee: Full-time (1),256,251,5
S01012033,Economically active: Self-employed: Total,36,33,3
S01012033,Economically active: Self-employed: Part-time (1),10,8,2
S01012033,Economically active: Self-employed: Full-time (1),26,25,1
S01012033,Economically active: Unemployed (1),26,26,0
S01012033,Economically inactive,281,278,3
S01012034,All people aged 16 and over,658,636,22
S01012034,Economically active: Total,411,398,13
S01012034,Economically active: Employee: Total,330,318,12
S01012034,Economically active: Employee: Part-time (1),87,81,6
S01012034,Economically active: Employee: Full-time (1),243,237,6
S01012034,Economically active: Self-employed: Total,53,52,1
S01012034,Economically active: Self-employed: Part-time (1),15,15,0
S01012034,Economically active: Self-employed: Full-time (1),38,37,1
S01012034,Economically active: Unemployed (1),28,28,0
S01012034,Economically inactive,247,238,9
S01012035,All people aged 16 and over,772,756,16
S01012035,Economically active: Total,469,458,11
S01012035,Economically active: Employee: Total,367,361,6
S01012035,Economically active: Employee: Part-time (1),98,96,2
S01012035,Economically active: Employee: Full-time (1),269,265,4
S01012035,Economically active: Self-employed: Total,63,60,3
S01012035,Economically active: Self-employed: Part-time (1),23,21,2
S01012035,Economically active: Self-employed: Full-time (1),40,39,1
S01012035,Economically active: Unemployed (1),39,37,2
S01012035,Economically inactive,303,298,5
S01012036,All people aged 16 and over,735,712,23
S01012036,Economically active: Total,431,419,12
S01012036,Economically active: Employee: Total,360,350,10
S01012036,Economically active: Employee: Part-time (1),97,95,2
S01012036,Economically active: Employee: Full-time (1),263,255,8
S01012036,Economically active: Self-employed: Total,43,42,1
S01012036,Economically active: Self-employed: Part-time (1),11,11,0
S01012036,Economically active: Self-employed: Full-time (1),32,31,1
S01012036,Economically active: Unemployed (1),28,27,1
S01012036,Economically inactive,304,293,11
S01012037,All people aged 16 and over,762,749,13
S01012037,Economically active: Total,445,441,4
S01012037,Economically active: Employee: Total,358,354,4
S01012037,Economically active: Employee: Part-time (1),84,83,1
S01012037,Economically active: Employee: Full-time (1),274,271,3
S01012037,Economically active: Self-employed: Total,20,20,0
S01012037,Economically active: Self-employed: Part-time (1),6,6,0
S01012037,Economically active: Self-employed: Full-time (1),14,14,0
S01012037,Economically active: Unemployed (1),67,67,0
S01012037,Economically inactive,317,308,9
S01012038,All people aged 16 and over,630,609,21
S01012038,Economically active: Total,360,349,11
S01012038,Economically active: Employee: Total,263,255,8
S01012038,Economically active: Employee: Part-time (1),99,98,1
S01012038,Economically active: Employee: Full-time (1),164,157,7
S01012038,Economically active: Self-employed: Total,22,21,1
S01012038,Economically active: Self-employed: Part-time (1),8,8,0
S01012038,Economically active: Self-employed: Full-time (1),14,13,1
S01012038,Economically active: Unemployed (1),75,73,2
S01012038,Economically inactive,270,260,10
S01012039,All people aged 16 and over,801,776,25
S01012039,Economically active: Total,447,437,10
S01012039,Economically active: Employee: Total,359,349,10
S01012039,Economically active: Employee: Part-time (1),111,105,6
S01012039,Economically active: Employee: Full-time (1),248,244,4
S01012039,Economically active: Self-employed: Total,32,32,0
S01012039,Economically active: Self-employed: Part-time (1),9,9,0
S01012039,Economically active: Self-employed: Full-time (1),23,23,0
S01012039,Economically active: Unemployed (1),56,56,0
S01012039,Economically inactive,354,339,15
S01012040,All people aged 16 and over,558,525,33
S01012040,Economically active: Total,385,369,16
S01012040,Economically active: Employee: Total,330,318,12
S01012040,Economically active: Employee: Part-time (1),82,80,2
S01012040,Economically active: Employee: Full-time (1),248,238,10
S01012040,Economically active: Self-employed: Total,34,33,1
S01012040,Economically active: Self-employed: Part-time (1),7,6,1
S01012040,Economically active: Self-employed: Full-time (1),27,27,0
S01012040,Economically active: Unemployed (1),21,18,3
S01012040,Economically inactive,173,156,17
S01012041,All people aged 16 and over,721,701,20
S01012041,Economically active: Total,431,419,12
S01012041,Economically active: Employee: Total,366,355,11
S01012041,Economically active: Employee: Part-time (1),101,99,2
S01012041,Economically active: Employee: Full-time (1),265,256,9
S01012041,Economically active: Self-employed: Total,31,30,1
S01012041,Economically active: Self-employed: Part-time (1),9,8,1
S01012041,Economically active: Self-employed: Full-time (1),22,22,0
S01012041,Economically active: Unemployed (1),34,34,0
S01012041,Economically inactive,290,282,8
S01012042,All people aged 16 and over,754,737,17
S01012042,Economically active: Total,451,441,10
S01012042,Economically active: Employee: Total,376,368,8
S01012042,Economically active: Employee: Part-time (1),111,109,2
S01012042,Economically active: Employee: Full-time (1),265,259,6
S01012042,Economically active: Self-employed: Total,41,40,1
S01012042,Economically active: Self-employed: Part-time (1),11,10,1
S01012042,Economically active: Self-employed: Full-time (1),30,30,0
S01012042,Economically active: Unemployed (1),34,33,1
S01012042,Economically inactive,303,296,7
S01012043,All people aged 16 and over,687,656,31
S01012043,Economically active: Total,424,400,24
S01012043,Economically active: Employee: Total,338,322,16
S01012043,Economically active: Employee: Part-time (1),114,111,3
S01012043,Economically active: Employee: Full-time (1),224,211,13
S01012043,Economically active: Self-employed: Total,28,25,3
S01012043,Economically active: Self-employed: Part-time (1),8,6,2
S01012043,Economically active: Self-employed: Full-time (1),20,19,1
S01012043,Economically active: Unemployed (1),58,53,5
S01012043,Economically inactive,263,256,7
S01012044,All people aged 16 and over,756,738,18
S01012044,Economically active: Total,357,348,9
S01012044,Economically active: Employee: Total,282,274,8
S01012044,Economically active: Employee: Part-time (1),76,71,5
S01012044,Economically active: Employee: Full-time (1),206,203,3
S01012044,Economically active: Self-employed: Total,23,23,0
S01012044,Economically active: Self-employed: Part-time (1),7,7,0
S01012044,Economically active: Self-employed: Full-time (1),16,16,0
S01012044,Economically active: Unemployed (1),52,51,1
S01012044,Economically inactive,399,390,9
S01012045,All people aged 16 and over,903,865,38
S01012045,Economically active: Total,559,538,21
S01012045,Economically active: Employee: Total,454,437,17
S01012045,Economically active: Employee: Part-time (1),116,113,3
S01012045,Economically active: Employee: Full-time (1),338,324,14
S01012045,Economically active: Self-employed: Total,37,35,2
S01012045,Economically active: Self-employed: Part-time (1),7,7,0
S01012045,Economically active: Self-employed: Full-time (1),30,28,2
S01012045,Economically active: Unemployed (1),68,66,2
S01012045,Economically inactive,344,327,17
S01012046,All people aged 16 and over,571,555,16
S01012046,Economically active: Total,289,282,7
S01012046,Economically active: Employee: Total,230,225,5
S01012046,Economically active: Employee: Part-time (1),70,69,1
S01012046,Economically active: Employee: Full-time (1),160,156,4
S01012046,Economically active: Self-employed: Total,15,15,0
S01012046,Economically active: Self-employed: Part-time (1),2,2,0
S01012046,Economically active: Self-employed: Full-time (1),13,13,0
S01012046,Economically active: Unemployed (1),44,42,2
S01012046,Economically inactive,282,273,9
S01012047,All people aged 16 and over,805,775,30
S01012047,Economically active: Total,405,385,20
S01012047,Economically active: Employee: Total,324,311,13
S01012047,Economically active: Employee: Part-time (1),91,86,5
S01012047,Economically active: Employee: Full-time (1),233,225,8
S01012047,Economically active: Self-employed: Total,29,27,2
S01012047,Economically active: Self-employed: Part-time (1),7,7,0
S01012047,Economically active: Self-employed: Full-time (1),22,20,2
S01012047,Economically active: Unemployed (1),52,47,5
S01012047,Economically inactive,400,390,10
S01012048,All people aged 16 and over,615,590,25
S01012048,Economically active: Total,308,290,18
S01012048,Economically active: Employee: Total,251,237,14
S01012048,Economically active: Employee: Part-time (1),64,57,7
S01012048,Economically active: Employee: Full-time (1),187,180,7
S01012048,Economically active: Self-employed: Total,17,17,0
S01012048,Economically active: Self-employed: Part-time (1),3,3,0
S01012048,Economically active: Self-employed: Full-time (1),14,14,0
S01012048,Economically active: Unemployed (1),40,36,4
S01012048,Economically inactive,307,300,7
S01012049,All people aged 16 and over,575,561,14
S01012049,Economically active: Total,360,350,10
S01012049,Economically active: Employee: Total,306,301,5
S01012049,Economically active: Employee: Part-time (1),75,74,1
S01012049,Economically active: Employee: Full-time (1),231,227,4
S01012049,Economically active: Self-employed: Total,28,25,3
S01012049,Economically active: Self-employed: Part-time (1),9,7,2
S01012049,Economically active: Self-employed: Full-time (1),19,18,1
S01012049,Economically active: Unemployed (1),26,24,2
S01012049,Economically inactive,215,211,4
S01012050,All people aged 16 and over,801,783,18
S01012050,Economically active: Total,583,568,15
S01012050,Economically active: Employee: Total,502,489,13
S01012050,Economically active: Employee: Part-time (1),129,128,1
S01012050,Economically active: Employee: Full-time (1),373,361,12
S01012050,Economically active: Self-employed: Total,40,39,1
S01012050,Economically active: Self-employed: Part-time (1),7,7,0
S01012050,Economically active: Self-employed: Full-time (1),33,32,1
S01012050,Economically active: Unemployed (1),41,40,1
S01012050,Economically inactive,218,215,3
S01012051,All people aged 16 and over,427,412,15
S01012051,Economically active: Total,250,241,9
S01012051,Economically active: Employee: Total,199,193,6
S01012051,Economically active: Employee: Part-time (1),54,53,1
S01012051,Economically active: Employee: Full-time (1),145,140,5
S01012051,Economically active: Self-employed: Total,29,26,3
S01012051,Economically active: Self-employed: Part-time (1),6,5,1
S01012051,Economically active: Self-employed: Full-time (1),23,21,2
S01012051,Economically active: Unemployed (1),22,22,0
S01012051,Economically inactive,177,171,6
S01012052,All people aged 16 and over,763,739,24
S01012052,Economically active: Total,459,442,17
S01012052,Economically active: Employee: Total,401,387,14
S01012052,Economically active: Employee: Part-time (1),104,100,4
S01012052,Economically active: Employee: Full-time (1),297,287,10
S01012052,Economically active: Self-employed: Total,25,24,1
S01012052,Economically active: Self-employed: Part-time (1),5,4,1
S01012052,Economically active: Self-employed: Full-time (1),20,20,0
S01012052,Economically active: Unemployed (1),33,31,2
S01012052,Economically inactive,304,297,7
S01012053,All people aged 16 and over,750,738,12
S01012053,Economically active: Total,428,424,4
S01012053,Economically active: Employee: Total,352,348,4
S01012053,Economically active: Employee: Part-time (1),87,87,0
S01012053,Economically active: Employee: Full-time (1),265,261,4
S01012053,Economically active: Self-employed: Total,19,19,0
S01012053,Economically active: Self-employed: Part-time (1),8,8,0
S01012053,Economically active: Self-employed: Full-time (1),11,11,0
S01012053,Economically active: Unemployed (1),57,57,0
S01012053,Economically inactive,322,314,8
S01012054,All people aged 16 and over,650,595,55
S01012054,Economically active: Total,422,377,45
S01012054,Economically active: Employee: Total,305,271,34
S01012054,Economically active: Employee: Part-time (1),95,90,5
S01012054,Economically active: Employee: Full-time (1),210,181,29
S01012054,Economically active: Self-employed: Total,23,18,5
S01012054,Economically active: Self-employed: Part-time (1),10,7,3
S01012054,Economically active: Self-employed: Full-time (1),13,11,2
S01012054,Economically active: Unemployed (1),94,88,6
S01012054,Economically inactive,228,218,10
S01012055,All people aged 16 and over,735,714,21
S01012055,Economically active: Total,405,395,10
S01012055,Economically active: Employee: Total,336,329,7
S01012055,Economically active: Employee: Part-time (1),96,95,1
S01012055,Economically active: Employee: Full-time (1),240,234,6
S01012055,Economically active: Self-employed: Total,24,22,2
S01012055,Economically active: Self-employed: Part-time (1),5,4,1
S01012055,Economically active: Self-employed: Full-time (1),19,18,1
S01012055,Economically active: Unemployed (1),45,44,1
S01012055,Economically inactive,330,319,11
S01012056,All people aged 16 and over,671,652,19
S01012056,Economically active: Total,388,383,5
S01012056,Economically active: Employee: Total,323,321,2
S01012056,Economically active: Employee: Part-time (1),86,84,2
S01012056,Economically active: Employee: Full-time (1),237,237,0
S01012056,Economically active: Self-employed: Total,42,39,3
S01012056,Economically active: Self-employed: Part-time (1),12,11,1
S01012056,Economically active: Self-employed: Full-time (1),30,28,2
S01012056,Economically active: Unemployed (1),23,23,0
S01012056,Economically inactive,283,269,14
S01012057,All people aged 16 and over,669,649,20
S01012057,Economically active: Total,407,393,14
S01012057,Economically active: Employee: Total,359,347,12
S01012057,Economically active: Employee: Part-time (1),107,103,4
S01012057,Economically active: Employee: Full-time (1),252,244,8
S01012057,Economically active: Self-employed: Total,31,29,2
S01012057,Economically active: Self-employed: Part-time (1),4,4,0
S01012057,Economically active: Self-employed: Full-time (1),27,25,2
S01012057,Economically active: Unemployed (1),17,17,0
S01012057,Economically inactive,262,256,6
S01012058,All people aged 16 and over,633,612,21
S01012058,Economically active: Total,381,368,13
S01012058,Economically active: Employee: Total,313,306,7
S01012058,Economically active: Employee: Part-time (1),90,88,2
S01012058,Economically active: Employee: Full-time (1),223,218,5
S01012058,Economically active: Self-employed: Total,48,43,5
S01012058,Economically active: Self-employed: Part-time (1),9,9,0
S01012058,Economically active: Self-employed: Full-time (1),39,34,5
S01012058,Economically active: Unemployed (1),20,19,1
S01012058,Economically inactive,252,244,8
S01012059,All people aged 16 and over,706,686,20
S01012059,Economically active: Total,401,389,12
S01012059,Economically active: Employee: Total,327,319,8
S01012059,Economically active: Employee: Part-time (1),116,113,3
S01012059,Economically active: Employee: Full-time (1),211,206,5
S01012059,Economically active: Self-employed: Total,38,36,2
S01012059,Economically active: Self-employed: Part-time (1),12,11,1
S01012059,Economically active: Self-employed: Full-time (1),26,25,1
S01012059,Economically active: Unemployed (1),36,34,2
S01012059,Economically inactive,305,297,8
S01012060,All people aged 16 and over,713,697,16
S01012060,Economically active: Total,411,401,10
S01012060,Economically active: Employee: Total,332,324,8
S01012060,Economically active: Employee: Part-time (1),88,85,3
S01012060,Economically active: Employee: Full-time (1),244,239,5
S01012060,Economically active: Self-employed: Total,33,32,1
S01012060,Economically active: Self-employed: Part-time (1),8,7,1
S01012060,Economically active: Self-employed: Full-time (1),25,25,0
S01012060,Economically active: Unemployed (1),46,45,1
S01012060,Economically inactive,302,296,6
S01012061,All people aged 16 and over,830,801,29
S01012061,Economically active: Total,514,497,17
S01012061,Economically active: Employee: Total,440,425,15
S01012061,Economically active: Employee: Part-time (1),106,101,5
S01012061,Economically active: Employee: Full-time (1),334,324,10
S01012061,Economically active: Self-employed: Total,41,40,1
S01012061,Economically active: Self-employed: Part-time (1),12,12,0
S01012061,Economically active: Self-employed: Full-time (1),29,28,1
S01012061,Economically active: Unemployed (1),33,32,1
S01012061,Economically inactive,316,304,12
S01012062,All people aged 16 and over,692,657,35
S01012062,Economically active: Total,510,484,26
S01012062,Economically active: Employee: Total,434,415,19
S01012062,Economically active: Employee: Part-time (1),122,118,4
S01012062,Economically active: Employee: Full-time (1),312,297,15
S01012062,Economically active: Self-employed: Total,53,47,6
S01012062,Economically active: Self-employed: Part-time (1),11,9,2
S01012062,Economically active: Self-employed: Full-time (1),42,38,4
S01012062,Economically active: Unemployed (1),23,22,1
S01012062,Economically inactive,182,173,9
S01012063,All people aged 16 and over,406,382,24
S01012063,Economically active: Total,312,294,18
S01012063,Economically active: Employee: Total,259,242,17
S01012063,Economically active: Employee: Part-time (1),60,56,4
S01012063,Economically active: Employee: Full-time (1),199,186,13
S01012063,Economically active: Self-employed: Total,30,29,1
S01012063,Economically active: Self-employed: Part-time (1),6,6,0
S01012063,Economically active: Self-employed: Full-time (1),24,23,1
S01012063,Economically active: Unemployed (1),23,23,0
S01012063,Economically inactive,94,88,6
S01012064,All people aged 16 and over,473,441,32
S01012064,Economically active: Total,278,251,27
S01012064,Economically active: Employee: Total,185,166,19
S01012064,Economically active: Employee: Part-time (1),67,60,7
S01012064,Economically active: Employee: Full-time (1),118,106,12
S01012064,Economically active: Self-employed: Total,9,7,2
S01012064,Economically active: Self-employed: Part-time (1),5,3,2
S01012064,Economically active: Self-employed: Full-time (1),4,4,0
S01012064,Economically active: Unemployed (1),84,78,6
S01012064,Economically inactive,195,190,5
S01012065,All people aged 16 and over,416,388,28
S01012065,Economically active: Total,216,194,22
S01012065,Economically active: Employee: Total,149,133,16
S01012065,Economically active: Employee: Part-time (1),75,68,7
S01012065,Economically active: Employee: Full-time (1),74,65,9
S01012065,Economically active: Self-employed: Total,10,7,3
S01012065,Economically active: Self-employed: Part-time (1),3,2,1
S01012065,Economically active: Self-employed: Full-time (1),7,5,2
S01012065,Economically active: Unemployed (1),57,54,3
S01012065,Economically inactive,200,194,6
S01012066,All people aged 16 and over,635,574,61
S01012066,Economically active: Total,412,365,47
S01012066,Economically active: Employee: Total,340,298,42
S01012066,Economically active: Employee: Part-time (1),106,92,14
S01012066,Economically active: Employee: Full-time (1),234,206,28
S01012066,Economically active: Self-employed: Total,21,20,1
S01012066,Economically active: Self-employed: Part-time (1),8,8,0
S01012066,Economically active: Self-employed: Full-time (1),13,12,1
S01012066,Economically active: Unemployed (1),51,47,4
S01012066,Economically inactive,223,209,14
S01012067,All people aged 16 and over,419,405,14
S01012067,Economically active: Total,241,232,9
S01012067,Economically active: Employee: Total,171,163,8
S01012067,Economically active: Employee: Part-time (1),67,65,2
S01012067,Economically active: Employee: Full-time (1),104,98,6
S01012067,Economically active: Self-employed: Total,9,9,0
S01012067,Economically active: Self-employed: Part-time (1),4,4,0
S01012067,Economically active: Self-employed: Full-time (1),5,5,0
S01012067,Economically active: Unemployed (1),61,60,1
S01012067,Economically inactive,178,173,5
S01012068,All people aged 16 and over,433,411,22
S01012068,Economically active: Total,183,169,14
S01012068,Economically active: Employee: Total,121,110,11
S01012068,Economically active: Employee: Part-time (1),55,51,4
S01012068,Economically active: Employee: Full-time (1),66,59,7
S01012068,Economically active: Self-employed: Total,6,5,1
S01012068,Economically active: Self-employed: Part-time (1),3,3,0
S01012068,Economically active: Self-employed: Full-time (1),3,2,1
S01012068,Economically active: Unemployed (1),56,54,2
S01012068,Economically inactive,250,242,8
S01012069,All people aged 16 and over,403,387,16
S01012069,Economically active: Total,230,215,15
S01012069,Economically active: Employee: Total,164,154,10
S01012069,Economically active: Employee: Part-time (1),43,39,4
S01012069,Economically active: Employee: Full-time (1),121,115,6
S01012069,Economically active: Self-employed: Total,15,15,0
S01012069,Economically active: Self-employed: Part-time (1),3,3,0
S01012069,Economically active: Self-employed: Full-time (1),12,12,0
S01012069,Economically active: Unemployed (1),51,46,5
S01012069,Economically inactive,173,172,1
S01012070,All people aged 16 and over,615,548,67
S01012070,Economically active: Total,323,274,49
S01012070,Economically active: Employee: Total,234,193,41
S01012070,Economically active: Employee: Part-time (1),69,59,10
S01012070,Economically active: Employee: Full-time (1),165,134,31
S01012070,Economically active: Self-employed: Total,16,10,6
S01012070,Economically active: Self-employed: Part-time (1),6,3,3
S01012070,Economically active: Self-employed: Full-time (1),10,7,3
S01012070,Economically active: Unemployed (1),73,71,2
S01012070,Economically inactive,292,274,18
S01012071,All people aged 16 and over,915,791,124
S01012071,Economically active: Total,518,427,91
S01012071,Economically active: Employee: Total,390,317,73
S01012071,Economically active: Employee: Part-time (1),117,96,21
S01012071,Economically active: Employee: Full-time (1),273,221,52
S01012071,Economically active: Self-employed: Total,36,27,9
S01012071,Economically active: Self-employed: Part-time (1),9,6,3
S01012071,Economically active: Self-employed: Full-time (1),27,21,6
S01012071,Economically active: Unemployed (1),92,83,9
S01012071,Economically inactive,397,364,33
S01012072,All people aged 16 and over,971,891,80
S01012072,Economically active: Total,538,477,61
S01012072,Economically active: Employee: Total,403,354,49
S01012072,Economically active: Employee: Part-time (1),117,107,10
S01012072,Economically active: Employee: Full-time (1),286,247,39
S01012072,Economically active: Self-employed: Total,34,28,6
S01012072,Economically active: Self-employed: Part-time (1),8,7,1
S01012072,Economically active: Self-employed: Full-time (1),26,21,5
S01012072,Economically active: Unemployed (1),101,95,6
S01012072,Economically inactive,433,414,19
S01012073,All people aged 16 and over,564,516,48
S01012073,Economically active: Total,411,383,28
S01012073,Economically active: Employee: Total,352,328,24
S01012073,Economically active: Employee: Part-time (1),63,59,4
S01012073,Economically active: Employee: Full-time (1),289,269,20
S01012073,Economically active: Self-employed: Total,28,28,0
S01012073,Economically active: Self-employed: Part-time (1),6,6,0
S01012073,Economically active: Self-employed: Full-time (1),22,22,0
S01012073,Economically active: Unemployed (1),31,27,4
S01012073,Economically inactive,153,133,20
S01012074,All people aged 16 and over,588,553,35
S01012074,Economically active: Total,444,418,26
S01012074,Economically active: Employee: Total,378,355,23
S01012074,Economically active: Employee: Part-time (1),86,81,5
S01012074,Economically active: Employee: Full-time (1),292,274,18
S01012074,Economically active: Self-employed: Total,38,38,0
S01012074,Economically active: Self-employed: Part-time (1),4,4,0
S01012074,Economically active: Self-employed: Full-time (1),34,34,0
S01012074,Economically active: Unemployed (1),28,25,3
S01012074,Economically inactive,144,135,9
S01012075,All people aged 16 and over,582,573,9
S01012075,Economically active: Total,484,478,6
S01012075,Economically active: Employee: Total,400,396,4
S01012075,Economically active: Employee: Part-time (1),104,104,0
S01012075,Economically active: Employee: Full-time (1),296,292,4
S01012075,Economically active: Self-employed: Total,47,46,1
S01012075,Economically active: Self-employed: Part-time (1),8,8,0
S01012075,Economically active: Self-employed: Full-time (1),39,38,1
S01012075,Economically active: Unemployed (1),37,36,1
S01012075,Economically inactive,98,95,3
S01012076,All people aged 16 and over,615,603,12
S01012076,Economically active: Total,386,379,7
S01012076,Economically active: Employee: Total,332,326,6
S01012076,Economically active: Employee: Part-time (1),78,78,0
S01012076,Economically active: Employee: Full-time (1),254,248,6
S01012076,Economically active: Self-employed: Total,31,31,0
S01012076,Economically active: Self-employed: Part-time (1),6,6,0
S01012076,Economically active: Self-employed: Full-time (1),25,25,0
S01012076,Economically active: Unemployed (1),23,22,1
S01012076,Economically inactive,229,224,5
S01012077,All people aged 16 and over,587,558,29
S01012077,Economically active: Total,389,364,25
S01012077,Economically active: Employee: Total,325,303,22
S01012077,Economically active: Employee: Part-time (1),85,82,3
S01012077,Economically active: Employee: Full-time (1),240,221,19
S01012077,Economically active: Self-employed: Total,17,16,1
S01012077,Economically active: Self-employed: Part-time (1),4,4,0
S01012077,Economically active: Self-employed: Full-time (1),13,12,1
S01012077,Economically active: Unemployed (1),47,45,2
S01012077,Economically inactive,198,194,4
S01012078,All people aged 16 and over,783,752,31
S01012078,Economically active: Total,515,495,20
S01012078,Economically active: Employee: Total,439,420,19
S01012078,Economically active: Employee: Part-time (1),116,115,1
S01012078,Economically active: Employee: Full-time (1),323,305,18
S01012078,Economically active: Self-employed: Total,34,34,0
S01012078,Economically active: Self-employed: Part-time (1),7,7,0
S01012078,Economically active: Self-employed: Full-time (1),27,27,0
S01012078,Economically active: Unemployed (1),42,41,1
S01012078,Economically inactive,268,257,11
S01012079,All people aged 16 and over,763,739,24
S01012079,Economically active: Total,446,435,11
S01012079,Economically active: Employee: Total,353,345,8
S01012079,Economically active: Employee: Part-time (1),112,110,2
S01012079,Economically active: Employee: Full-time (1),241,235,6
S01012079,Economically active: Self-employed: Total,32,29,3
S01012079,Economically active: Self-employed: Part-time (1),10,10,0
S01012079,Economically active: Self-employed: Full-time (1),22,19,3
S01012079,Economically active: Unemployed (1),61,61,0
S01012079,Economically inactive,317,304,13
S01012080,All people aged 16 and over,564,514,50
S01012080,Economically active: Total,368,330,38
S01012080,Economically active: Employee: Total,294,265,29
S01012080,Economically active: Employee: Part-time (1),108,99,9
S01012080,Economically active: Employee: Full-time (1),186,166,20
S01012080,Economically active: Self-employed: Total,18,15,3
S01012080,Economically active: Self-employed: Part-time (1),4,4,0
S01012080,Economically active: Self-employed: Full-time (1),14,11,3
S01012080,Economically active: Unemployed (1),56,50,6
S01012080,Economically inactive,196,184,12
S01012081,All people aged 16 and over,581,561,20
S01012081,Economically active: Total,356,345,11
S01012081,Economically active: Employee: Total,266,256,10
S01012081,Economically active: Employee: Part-time (1),84,82,2
S01012081,Economically active: Employee: Full-time (1),182,174,8
S01012081,Economically active: Self-employed: Total,21,21,0
S01012081,Economically active: Self-employed: Part-time (1),4,4,0
S01012081,Economically active: Self-employed: Full-time (1),17,17,0
S01012081,Economically active: Unemployed (1),69,68,1
S01012081,Economically inactive,225,216,9
S01012082,All people aged 16 and over,512,496,16
S01012082,Economically active: Total,289,278,11
S01012082,Economically active: Employee: Total,229,220,9
S01012082,Economically active: Employee: Part-time (1),66,60,6
S01012082,Economically active: Employee: Full-time (1),163,160,3
S01012082,Economically active: Self-employed: Total,14,12,2
S01012082,Economically active: Self-employed: Part-time (1),5,4,1
S01012082,Economically active: Self-employed: Full-time (1),9,8,1
S01012082,Economically active: Unemployed (1),46,46,0
S01012082,Economically inactive,223,218,5
S01012083,All people aged 16 and over,643,632,11
S01012083,Economically active: Total,319,314,5
S01012083,Economically active: Employee: Total,254,250,4
S01012083,Economically active: Employee: Part-time (1),59,59,0
S01012083,Economically active: Employee: Full-time (1),195,191,4
S01012083,Economically active: Self-employed: Total,16,16,0
S01012083,Economically active: Self-employed: Part-time (1),4,4,0
S01012083,Economically active: Self-employed: Full-time (1),12,12,0
S01012083,Economically active: Unemployed (1),49,48,1
S01012083,Economically inactive,324,318,6
S01012084,All people aged 16 and over,487,473,14
S01012084,Economically active: Total,331,320,11
S01012084,Economically active: Employee: Total,286,277,9
S01012084,Economically active: Employee: Part-time (1),78,73,5
S01012084,Economically active: Employee: Full-time (1),208,204,4
S01012084,Economically active: Self-employed: Total,26,26,0
S01012084,Economically active: Self-employed: Part-time (1),7,7,0
S01012084,Economically active: Self-employed: Full-time (1),19,19,0
S01012084,Economically active: Unemployed (1),19,17,2
S01012084,Economically inactive,156,153,3
S01012085,All people aged 16 and over,588,577,11
S01012085,Economically active: Total,386,380,6
S01012085,Economically active: Employee: Total,343,337,6
S01012085,Economically active: Employee: Part-time (1),88,88,0
S01012085,Economically active: Employee: Full-time (1),255,249,6
S01012085,Economically active: Self-employed: Total,22,22,0
S01012085,Economically active: Self-employed: Part-time (1),5,5,0
S01012085,Economically active: Self-employed: Full-time (1),17,17,0
S01012085,Economically active: Unemployed (1),21,21,0
S01012085,Economically inactive,202,197,5
S01012086,All people aged 16 and over,750,727,23
S01012086,Economically active: Total,451,433,18
S01012086,Economically active: Employee: Total,371,356,15
S01012086,Economically active: Employee: Part-time (1),105,99,6
S01012086,Economically active: Employee: Full-time (1),266,257,9
S01012086,Economically active: Self-employed: Total,15,15,0
S01012086,Economically active: Self-employed: Part-time (1),3,3,0
S01012086,Economically active: Self-employed: Full-time (1),12,12,0
S01012086,Economically active: Unemployed (1),65,62,3
S01012086,Economically inactive,299,294,5
S01012087,All people aged 16 and over,608,598,10
S01012087,Economically active: Total,350,345,5
S01012087,Economically active: Employee: Total,296,293,3
S01012087,Economically active: Employee: Part-time (1),89,89,0
S01012087,Economically active: Employee: Full-time (1),207,204,3
S01012087,Economically active: Self-employed: Total,15,14,1
S01012087,Economically active: Self-employed: Part-time (1),5,5,0
S01012087,Economically active: Self-employed: Full-time (1),10,9,1
S01012087,Economically active: Unemployed (1),39,38,1
S01012087,Economically inactive,258,253,5
S01012088,All people aged 16 and over,555,535,20
S01012088,Economically active: Total,423,406,17
S01012088,Economically active: Employee: Total,356,343,13
S01012088,Economically active: Employee: Part-time (1),93,88,5
S01012088,Economically active: Employee: Full-time (1),263,255,8
S01012088,Economically active: Self-employed: Total,33,31,2
S01012088,Economically active: Self-employed: Part-time (1),6,6,0
S01012088,Economically active: Self-employed: Full-time (1),27,25,2
S01012088,Economically active: Unemployed (1),34,32,2
S01012088,Economically inactive,132,129,3
S01012089,All people aged 16 and over,692,675,17
S01012089,Economically active: Total,476,463,13
S01012089,Economically active: Employee: Total,407,396,11
S01012089,Economically active: Employee: Part-time (1),94,92,2
S01012089,Economically active: Employee: Full-time (1),313,304,9
S01012089,Economically active: Self-employed: Total,43,41,2
S01012089,Economically active: Self-employed: Part-time (1),12,11,1
S01012089,Economically active: Self-employed: Full-time (1),31,30,1
S01012089,Economically active: Unemployed (1),26,26,0
S01012089,Economically inactive,216,212,4
S01012090,All people aged 16 and over,770,740,30
S01012090,Economically active: Total,468,449,19
S01012090,Economically active: Employee: Total,379,367,12
S01012090,Economically active: Employee: Part-time (1),96,91,5
S01012090,Economically active: Employee: Full-time (1),283,276,7
S01012090,Economically active: Self-employed: Total,67,60,7
S01012090,Economically active: Self-employed: Part-time (1),16,10,6
S01012090,Economically active: Self-employed: Full-time (1),51,50,1
S01012090,Economically active: Unemployed (1),22,22,0
S01012090,Economically inactive,302,291,11
S01012091,All people aged 16 and over,465,450,15
S01012091,Economically active: Total,328,320,8
S01012091,Economically active: Employee: Total,294,287,7
S01012091,Economically active: Employee: Part-time (1),77,73,4
S01012091,Economically active: Employee: Full-time (1),217,214,3
S01012091,Economically active: Self-employed: Total,19,18,1
S01012091,Economically active: Self-employed: Part-time (1),3,3,0
S01012091,Economically active: Self-employed: Full-time (1),16,15,1
S01012091,Economically active: Unemployed (1),15,15,0
S01012091,Economically inactive,137,130,7
S01012092,All people aged 16 and over,433,412,21
S01012092,Economically active: Total,301,283,18
S01012092,Economically active: Employee: Total,263,250,13
S01012092,Economically active: Employee: Part-time (1),70,67,3
S01012092,Economically active: Employee: Full-time (1),193,183,10
S01012092,Economically active: Self-employed: Total,28,24,4
S01012092,Economically active: Self-employed: Part-time (1),7,6,1
S01012092,Economically active: Self-employed: Full-time (1),21,18,3
S01012092,Economically active: Unemployed (1),10,9,1
S01012092,Economically inactive,132,129,3
S01012093,All people aged 16 and over,478,463,15
S01012093,Economically active: Total,294,282,12
S01012093,Economically active: Employee: Total,254,244,10
S01012093,Economically active: Employee: Part-time (1),46,43,3
S01012093,Economically active: Employee: Full-time (1),208,201,7
S01012093,Economically active: Self-employed: Total,28,28,0
S01012093,Economically active: Self-employed: Part-time (1),6,6,0
S01012093,Economically active: Self-employed: Full-time (1),22,22,0
S01012093,Economically active: Unemployed (1),12,10,2
S01012093,Economically inactive,184,181,3
S01012094,All people aged 16 and over,683,661,22
S01012094,Economically active: Total,421,412,9
S01012094,Economically active: Employee: Total,342,335,7
S01012094,Economically active: Employee: Part-time (1),84,81,3
S01012094,Economically active: Employee: Full-time (1),258,254,4
S01012094,Economically active: Self-employed: Total,60,59,1
S01012094,Economically active: Self-employed: Part-time (1),5,4,1
S01012094,Economically active: Self-employed: Full-time (1),55,55,0
S01012094,Economically active: Unemployed (1),19,18,1
S01012094,Economically inactive,262,249,13
S01012095,All people aged 16 and over,874,857,17
S01012095,Economically active: Total,615,603,12
S01012095,Economically active: Employee: Total,520,511,9
S01012095,Economically active: Employee: Part-time (1),160,154,6
S01012095,Economically active: Employee: Full-time (1),360,357,3
S01012095,Economically active: Self-employed: Total,43,41,2
S01012095,Economically active: Self-employed: Part-time (1),12,12,0
S01012095,Economically active: Self-employed: Full-time (1),31,29,2
S01012095,Economically active: Unemployed (1),52,51,1
S01012095,Economically inactive,259,254,5
S01012096,All people aged 16 and over,725,706,19
S01012096,Economically active: Total,422,406,16
S01012096,Economically active: Employee: Total,340,326,14
S01012096,Economically active: Employee: Part-time (1),127,122,5
S01012096,Economically active: Employee: Full-time (1),213,204,9
S01012096,Economically active: Self-employed: Total,29,28,1
S01012096,Economically active: Self-employed: Part-time (1),4,4,0
S01012096,Economically active: Self-employed: Full-time (1),25,24,1
S01012096,Economically active: Unemployed (1),53,52,1
S01012096,Economically inactive,303,300,3
S01012097,All people aged 16 and over,537,522,15
S01012097,Economically active: Total,338,329,9
S01012097,Economically active: Employee: Total,283,277,6
S01012097,Economically active: Employee: Part-time (1),91,91,0
S01012097,Economically active: Employee: Full-time (1),192,186,6
S01012097,Economically active: Self-employed: Total,17,16,1
S01012097,Economically active: Self-employed: Part-time (1),5,5,0
S01012097,Economically active: Self-employed: Full-time (1),12,11,1
S01012097,Economically active: Unemployed (1),38,36,2
S01012097,Economically inactive,199,193,6
S01012098,All people aged 16 and over,509,491,18
S01012098,Economically active: Total,313,302,11
S01012098,Economically active: Employee: Total,272,262,10
S01012098,Economically active: Employee: Part-time (1),79,76,3
S01012098,Economically active: Employee: Full-time (1),193,186,7
S01012098,Economically active: Self-employed: Total,14,14,0
S01012098,Economically active: Self-employed: Part-time (1),6,6,0
S01012098,Economically active: Self-employed: Full-time (1),8,8,0
S01012098,Economically active: Unemployed (1),27,26,1
S01012098,Economically inactive,196,189,7
S01012099,All people aged 16 and over,737,702,35
S01012099,Economically active: Total,378,362,16
S01012099,Economically active: Employee: Total,315,300,15
S01012099,Economically active: Employee: Part-time (1),103,99,4
S01012099,Economically active: Employee: Full-time (1),212,201,11
S01012099,Economically active: Self-employed: Total,9,9,0
S01012099,Economically active: Self-employed: Part-time (1),2,2,0
S01012099,Economically active: Self-employed: Full-time (1),7,7,0
S01012099,Economically active: Unemployed (1),54,53,1
S01012099,Economically inactive,359,340,19
S01012100,All people aged 16 and over,876,841,35
S01012100,Economically active: Total,512,493,19
S01012100,Economically active: Employee: Total,420,406,14
S01012100,Economically active: Employee: Part-time (1),142,134,8
S01012100,Economically active: Employee: Full-time (1),278,272,6
S01012100,Economically active: Self-employed: Total,39,37,2
S01012100,Economically active: Self-employed: Part-time (1),15,14,1
S01012100,Economically active: Self-employed: Full-time (1),24,23,1
S01012100,Economically active: Unemployed (1),53,50,3
S01012100,Economically inactive,364,348,16
S01012101,All people aged 16 and over,662,643,19
S01012101,Economically active: Total,438,426,12
S01012101,Economically active: Employee: Total,367,356,11
S01012101,Economically active: Employee: Part-time (1),117,114,3
S01012101,Economically active: Employee: Full-time (1),250,242,8
S01012101,Economically active: Self-employed: Total,43,43,0
S01012101,Economically active: Self-employed: Part-time (1),14,14,0
S01012101,Economically active: Self-employed: Full-time (1),29,29,0
S01012101,Economically active: Unemployed (1),28,27,1
S01012101,Economically inactive,224,217,7
S01012102,All people aged 16 and over,501,484,17
S01012102,Economically active: Total,315,305,10
S01012102,Economically active: Employee: Total,258,248,10
S01012102,Economically active: Employee: Part-time (1),94,93,1
S01012102,Economically active: Employee: Full-time (1),164,155,9
S01012102,Economically active: Self-employed: Total,13,13,0
S01012102,Economically active: Self-employed: Part-time (1),5,5,0
S01012102,Economically active: Self-employed: Full-time (1),8,8,0
S01012102,Economically active: Unemployed (1),44,44,0
S01012102,Economically inactive,186,179,7
S01012103,All people aged 16 and over,763,726,37
S01012103,Economically active: Total,568,534,34
S01012103,Economically active: Employee: Total,473,444,29
S01012103,Economically active: Employee: Part-time (1),110,106,4
S01012103,Economically active: Employee: Full-time (1),363,338,25
S01012103,Economically active: Self-employed: Total,45,42,3
S01012103,Economically active: Self-employed: Part-time (1),14,13,1
S01012103,Economically active: Self-employed: Full-time (1),31,29,2
S01012103,Economically active: Unemployed (1),50,48,2
S01012103,Economically inactive,195,192,3
S01012104,All people aged 16 and over,700,668,32
S01012104,Economically active: Total,530,506,24
S01012104,Economically active: Employee: Total,453,431,22
S01012104,Economically active: Employee: Part-time (1),108,107,1
S01012104,Economically active: Employee: Full-time (1),345,324,21
S01012104,Economically active: Self-employed: Total,58,56,2
S01012104,Economically active: Self-employed: Part-time (1),20,19,1
S01012104,Economically active: Self-employed: Full-time (1),38,37,1
S01012104,Economically active: Unemployed (1),19,19,0
S01012104,Economically inactive,170,162,8
S01012105,All people aged 16 and over,928,874,54
S01012105,Economically active: Total,635,593,42
S01012105,Economically active: Employee: Total,535,504,31
S01012105,Economically active: Employee: Part-time (1),140,131,9
S01012105,Economically active: Employee: Full-time (1),395,373,22
S01012105,Economically active: Self-employed: Total,65,60,5
S01012105,Economically active: Self-employed: Part-time (1),14,14,0
S01012105,Economically active: Self-employed: Full-time (1),51,46,5
S01012105,Economically active: Unemployed (1),35,29,6
S01012105,Economically inactive,293,281,12
S01012106,All people aged 16 and over,897,844,53
S01012106,Economically active: Total,647,610,37
S01012106,Economically active: Employee: Total,548,516,32
S01012106,Economically active: Employee: Part-time (1),125,116,9
S01012106,Economically active: Employee: Full-time (1),423,400,23
S01012106,Economically active: Self-employed: Total,70,66,4
S01012106,Economically active: Self-employed: Part-time (1),13,12,1
S01012106,Economically active: Self-employed: Full-time (1),57,54,3
S01012106,Economically active: Unemployed (1),29,28,1
S01012106,Economically inactive,250,234,16
S01012107,All people aged 16 and over,587,562,25
S01012107,Economically active: Total,348,333,15
S01012107,Economically active: Employee: Total,275,264,11
S01012107,Economically active: Employee: Part-time (1),70,69,1
S01012107,Economically active: Employee: Full-time (1),205,195,10
S01012107,Economically active: Self-employed: Total,47,44,3
S01012107,Economically active: Self-employed: Part-time (1),10,9,1
S01012107,Economically active: Self-employed: Full-time (1),37,35,2
S01012107,Economically active: Unemployed (1),26,25,1
S01012107,Economically inactive,239,229,10
S01012108,All people aged 16 and over,852,816,36
S01012108,Economically active: Total,363,339,24
S01012108,Economically active: Employee: Total,296,277,19
S01012108,Economically active: Employee: Part-time (1),75,72,3
S01012108,Economically active: Employee: Full-time (1),221,205,16
S01012108,Economically active: Self-employed: Total,24,21,3
S01012108,Economically active: Self-employed: Part-time (1),7,6,1
S01012108,Economically active: Self-employed: Full-time (1),17,15,2
S01012108,Economically active: Unemployed (1),43,41,2
S01012108,Economically inactive,489,477,12
S01012109,All people aged 16 and over,766,687,79
S01012109,Economically active: Total,500,434,66
S01012109,Economically active: Employee: Total,399,342,57
S01012109,Economically active: Employee: Part-time (1),100,92,8
S01012109,Economically active: Employee: Full-time (1),299,250,49
S01012109,Economically active: Self-employed: Total,28,26,2
S01012109,Economically active: Self-employed: Part-time (1),9,9,0
S01012109,Economically active: Self-employed: Full-time (1),19,17,2
S01012109,Economically active: Unemployed (1),73,66,7
S01012109,Economically inactive,266,253,13
S01012110,All people aged 16 and over,635,611,24
S01012110,Economically active: Total,357,337,20
S01012110,Economically active: Employee: Total,295,280,15
S01012110,Economically active: Employee: Part-time (1),72,67,5
S01012110,Economically active: Employee: Full-time (1),223,213,10
S01012110,Economically active: Self-employed: Total,19,17,2
S01012110,Economically active: Self-employed: Part-time (1),8,7,1
S01012110,Economically active: Self-employed: Full-time (1),11,10,1
S01012110,Economically active: Unemployed (1),43,40,3
S01012110,Economically inactive,278,274,4
S01012111,All people aged 16 and over,461,421,40
S01012111,Economically active: Total,279,259,20
S01012111,Economically active: Employee: Total,219,202,17
S01012111,Economically active: Employee: Part-time (1),57,53,4
S01012111,Economically active: Employee: Full-time (1),162,149,13
S01012111,Economically active: Self-employed: Total,18,18,0
S01012111,Economically active: Self-employed: Part-time (1),4,4,0
S01012111,Economically active: Self-employed: Full-time (1),14,14,0
S01012111,Economically active: Unemployed (1),42,39,3
S01012111,Economically inactive,182,162,20
S01012112,All people aged 16 and over,666,645,21
S01012112,Economically active: Total,336,323,13
S01012112,Economically active: Employee: Total,282,271,11
S01012112,Economically active: Employee: Part-time (1),75,72,3
S01012112,Economically active: Employee: Full-time (1),207,199,8
S01012112,Economically active: Self-employed: Total,25,23,2
S01012112,Economically active: Self-employed: Part-time (1),3,2,1
S01012112,Economically active: Self-employed: Full-time (1),22,21,1
S01012112,Economically active: Unemployed (1),29,29,0
S01012112,Economically inactive,330,322,8
S01012113,All people aged 16 and over,866,838,28
S01012113,Economically active: Total,476,460,16
S01012113,Economically active: Employee: Total,409,397,12
S01012113,Economically active: Employee: Part-time (1),101,98,3
S01012113,Economically active: Employee: Full-time (1),308,299,9
S01012113,Economically active: Self-employed: Total,38,34,4
S01012113,Economically active: Self-employed: Part-time (1),11,9,2
S01012113,Economically active: Self-employed: Full-time (1),27,25,2
S01012113,Economically active: Unemployed (1),29,29,0
S01012113,Economically inactive,390,378,12
S01012114,All people aged 16 and over,834,696,138
S01012114,Economically active: Total,463,443,20
S01012114,Economically active: Employee: Total,365,353,12
S01012114,Economically active: Employee: Part-time (1),103,95,8
S01012114,Economically active: Employee: Full-time (1),262,258,4
S01012114,Economically active: Self-employed: Total,60,58,2
S01012114,Economically active: Self-employed: Part-time (1),15,15,0
S01012114,Economically active: Self-employed: Full-time (1),45,43,2
S01012114,Economically active: Unemployed (1),38,32,6
S01012114,Economically inactive,371,253,118
S01012115,All people aged 16 and over,429,417,12
S01012115,Economically active: Total,243,237,6
S01012115,Economically active: Employee: Total,230,224,6
S01012115,Economically active: Employee: Part-time (1),64,62,2
S01012115,Economically active: Employee: Full-time (1),166,162,4
S01012115,Economically active: Self-employed: Total,5,5,0
S01012115,Economically active: Self-employed: Part-time (1),1,1,0
S01012115,Economically active: Self-employed: Full-time (1),4,4,0
S01012115,Economically active: Unemployed (1),8,8,0
S01012115,Economically inactive,186,180,6
S01012116,All people aged 16 and over,498,475,23
S01012116,Economically active: Total,295,286,9
S01012116,Economically active: Employee: Total,254,247,7
S01012116,Economically active: Employee: Part-time (1),62,62,0
S01012116,Economically active: Employee: Full-time (1),192,185,7
S01012116,Economically active: Self-employed: Total,22,21,1
S01012116,Economically active: Self-employed: Part-time (1),7,7,0
S01012116,Economically active: Self-employed: Full-time (1),15,14,1
S01012116,Economically active: Unemployed (1),19,18,1
S01012116,Economically inactive,203,189,14
S01012117,All people aged 16 and over,575,558,17
S01012117,Economically active: Total,485,473,12
S01012117,Economically active: Employee: Total,431,421,10
S01012117,Economically active: Employee: Part-time (1),75,75,0
S01012117,Economically active: Employee: Full-time (1),356,346,10
S01012117,Economically active: Self-employed: Total,41,39,2
S01012117,Economically active: Self-employed: Part-time (1),9,9,0
S01012117,Economically active: Self-employed: Full-time (1),32,30,2
S01012117,Economically active: Unemployed (1),13,13,0
S01012117,Economically inactive,90,85,5
S01012118,All people aged 16 and over,494,473,21
S01012118,Economically active: Total,391,372,19
S01012118,Economically active: Employee: Total,346,330,16
S01012118,Economically active: Employee: Part-time (1),85,78,7
S01012118,Economically active: Employee: Full-time (1),261,252,9
S01012118,Economically active: Self-employed: Total,34,33,1
S01012118,Economically active: Self-employed: Part-time (1),11,10,1
S01012118,Economically active: Self-employed: Full-time (1),23,23,0
S01012118,Economically active: Unemployed (1),11,9,2
S01012118,Economically inactive,103,101,2
S01012119,All people aged 16 and over,741,716,25
S01012119,Economically active: Total,476,461,15
S01012119,Economically active: Employee: Total,411,400,11
S01012119,Economically active: Employee: Part-time (1),130,125,5
S01012119,Economically active: Employee: Full-time (1),281,275,6
S01012119,Economically active: Self-employed: Total,44,42,2
S01012119,Economically active: Self-employed: Part-time (1),9,9,0
S01012119,Economically active: Self-employed: Full-time (1),35,33,2
S01012119,Economically active: Unemployed (1),21,19,2
S01012119,Economically inactive,265,255,10
S01012120,All people aged 16 and over,468,444,24
S01012120,Economically active: Total,293,277,16
S01012120,Economically active: Employee: Total,242,227,15
S01012120,Economically active: Employee: Part-time (1),76,71,5
S01012120,Economically active: Employee: Full-time (1),166,156,10
S01012120,Economically active: Self-employed: Total,15,14,1
S01012120,Economically active: Self-employed: Part-time (1),5,5,0
S01012120,Economically active: Self-employed: Full-time (1),10,9,1
S01012120,Economically active: Unemployed (1),36,36,0
S01012120,Economically inactive,175,167,8
S01012121,All people aged 16 and over,787,752,35
S01012121,Economically active: Total,423,404,19
S01012121,Economically active: Employee: Total,350,335,15
S01012121,Economically active: Employee: Part-time (1),108,102,6
S01012121,Economically active: Employee: Full-time (1),242,233,9
S01012121,Economically active: Self-employed: Total,21,20,1
S01012121,Economically active: Self-employed: Part-time (1),6,6,0
S01012121,Economically active: Self-employed: Full-time (1),15,14,1
S01012121,Economically active: Unemployed (1),52,49,3
S01012121,Economically inactive,364,348,16
S01012122,All people aged 16 and over,671,660,11
S01012122,Economically active: Total,413,406,7
S01012122,Economically active: Employee: Total,350,345,5
S01012122,Economically active: Employee: Part-time (1),116,114,2
S01012122,Economically active: Employee: Full-time (1),234,231,3
S01012122,Economically active: Self-employed: Total,20,18,2
S01012122,Economically active: Self-employed: Part-time (1),3,3,0
S01012122,Economically active: Self-employed: Full-time (1),17,15,2
S01012122,Economically active: Unemployed (1),43,43,0
S01012122,Economically inactive,258,254,4
S01012123,All people aged 16 and over,429,391,38
S01012123,Economically active: Total,299,273,26
S01012123,Economically active: Employee: Total,238,217,21
S01012123,Economically active: Employee: Part-time (1),70,66,4
S01012123,Economically active: Employee: Full-time (1),168,151,17
S01012123,Economically active: Self-employed: Total,32,27,5
S01012123,Economically active: Self-employed: Part-time (1),10,8,2
S01012123,Economically active: Self-employed: Full-time (1),22,19,3
S01012123,Economically active: Unemployed (1),29,29,0
S01012123,Economically inactive,130,118,12
S01012124,All people aged 16 and over,447,417,30
S01012124,Economically active: Total,318,299,19
S01012124,Economically active: Employee: Total,283,268,15
S01012124,Economically active: Employee: Part-time (1),66,61,5
S01012124,Economically active: Employee: Full-time (1),217,207,10
S01012124,Economically active: Self-employed: Total,20,18,2
S01012124,Economically active: Self-employed: Part-time (1),9,7,2
S01012124,Economically active: Self-employed: Full-time (1),11,11,0
S01012124,Economically active: Unemployed (1),15,13,2
S01012124,Economically inactive,129,118,11
S01012125,All people aged 16 and over,665,623,42
S01012125,Economically active: Total,400,373,27
S01012125,Economically active: Employee: Total,305,284,21
S01012125,Economically active: Employee: Part-time (1),77,69,8
S01012125,Economically active: Employee: Full-time (1),228,215,13
S01012125,Economically active: Self-employed: Total,22,20,2
S01012125,Economically active: Self-employed: Part-time (1),5,5,0
S01012125,Economically active: Self-employed: Full-time (1),17,15,2
S01012125,Economically active: Unemployed (1),73,69,4
S01012125,Economically inactive,265,250,15
S01012126,All people aged 16 and over,673,622,51
S01012126,Economically active: Total,505,463,42
S01012126,Economically active: Employee: Total,425,387,38
S01012126,Economically active: Employee: Part-time (1),78,69,9
S01012126,Economically active: Employee: Full-time (1),347,318,29
S01012126,Economically active: Self-employed: Total,47,45,2
S01012126,Economically active: Self-employed: Part-time (1),8,8,0
S01012126,Economically active: Self-employed: Full-time (1),39,37,2
S01012126,Economically active: Unemployed (1),33,31,2
S01012126,Economically inactive,168,159,9
S01012127,All people aged 16 and over,745,613,132
S01012127,Economically active: Total,512,436,76
S01012127,Economically active: Employee: Total,386,328,58
S01012127,Economically active: Employee: Part-time (1),83,71,12
S01012127,Economically active: Employee: Full-time (1),303,257,46
S01012127,Economically active: Self-employed: Total,38,34,4
S01012127,Economically active: Self-employed: Part-time (1),7,7,0
S01012127,Economically active: Self-employed: Full-time (1),31,27,4
S01012127,Economically active: Unemployed (1),88,74,14
S01012127,Economically inactive,233,177,56
S01012128,All people aged 16 and over,421,367,54
S01012128,Economically active: Total,317,270,47
S01012128,Economically active: Employee: Total,262,222,40
S01012128,Economically active: Employee: Part-time (1),50,46,4
S01012128,Economically active: Employee: Full-time (1),212,176,36
S01012128,Economically active: Self-employed: Total,15,15,0
S01012128,Economically active: Self-employed: Part-time (1),4,4,0
S01012128,Economically active: Self-employed: Full-time (1),11,11,0
S01012128,Economically active: Unemployed (1),40,33,7
S01012128,Economically inactive,104,97,7
S01012129,All people aged 16 and over,607,568,39
S01012129,Economically active: Total,393,365,28
S01012129,Economically active: Employee: Total,319,293,26
S01012129,Economically active: Employee: Part-time (1),69,67,2
S01012129,Economically active: Employee: Full-time (1),250,226,24
S01012129,Economically active: Self-employed: Total,27,27,0
S01012129,Economically active: Self-employed: Part-time (1),6,6,0
S01012129,Economically active: Self-employed: Full-time (1),21,21,0
S01012129,Economically active: Unemployed (1),47,45,2
S01012129,Economically inactive,214,203,11
S01012130,All people aged 16 and over,982,932,50
S01012130,Economically active: Total,484,460,24
S01012130,Economically active: Employee: Total,408,389,19
S01012130,Economically active: Employee: Part-time (1),73,69,4
S01012130,Economically active: Employee: Full-time (1),335,320,15
S01012130,Economically active: Self-employed: Total,30,30,0
S01012130,Economically active: Self-employed: Part-time (1),6,6,0
S01012130,Economically active: Self-employed: Full-time (1),24,24,0
S01012130,Economically active: Unemployed (1),46,41,5
S01012130,Economically inactive,498,472,26
S01012131,All people aged 16 and over,997,791,206
S01012131,Economically active: Total,585,481,104
S01012131,Economically active: Employee: Total,455,384,71
S01012131,Economically active: Employee: Part-time (1),134,96,38
S01012131,Economically active: Employee: Full-time (1),321,288,33
S01012131,Economically active: Self-employed: Total,24,16,8
S01012131,Economically active: Self-employed: Part-time (1),7,4,3
S01012131,Economically active: Self-employed: Full-time (1),17,12,5
S01012131,Economically active: Unemployed (1),106,81,25
S01012131,Economically inactive,412,310,102
S01012132,All people aged 16 and over,592,474,118
S01012132,Economically active: Total,375,301,74
S01012132,Economically active: Employee: Total,285,220,65
S01012132,Economically active: Employee: Part-time (1),80,65,15
S01012132,Economically active: Employee: Full-time (1),205,155,50
S01012132,Economically active: Self-employed: Total,27,24,3
S01012132,Economically active: Self-employed: Part-time (1),6,6,0
S01012132,Economically active: Self-employed: Full-time (1),21,18,3
S01012132,Economically active: Unemployed (1),63,57,6
S01012132,Economically inactive,217,173,44
S01012133,All people aged 16 and over,788,582,206
S01012133,Economically active: Total,494,423,71
S01012133,Economically active: Employee: Total,385,333,52
S01012133,Economically active: Employee: Part-time (1),85,66,19
S01012133,Economically active: Employee: Full-time (1),300,267,33
S01012133,Economically active: Self-employed: Total,31,28,3
S01012133,Economically active: Self-employed: Part-time (1),3,2,1
S01012133,Economically active: Self-employed: Full-time (1),28,26,2
S01012133,Economically active: Unemployed (1),78,62,16
S01012133,Economically inactive,294,159,135
S01012134,All people aged 16 and over,1060,970,90
S01012134,Economically active: Total,602,555,47
S01012134,Economically active: Employee: Total,502,459,43
S01012134,Economically active: Employee: Part-time (1),127,110,17
S01012134,Economically active: Employee: Full-time (1),375,349,26
S01012134,Economically active: Self-employed: Total,57,56,1
S01012134,Economically active: Self-employed: Part-time (1),14,14,0
S01012134,Economically active: Self-employed: Full-time (1),43,42,1
S01012134,Economically active: Unemployed (1),43,40,3
S01012134,Economically inactive,458,415,43
S01012135,All people aged 16 and over,744,690,54
S01012135,Economically active: Total,433,398,35
S01012135,Economically active: Employee: Total,338,311,27
S01012135,Economically active: Employee: Part-time (1),114,109,5
S01012135,Economically active: Employee: Full-time (1),224,202,22
S01012135,Economically active: Self-employed: Total,19,18,1
S01012135,Economically active: Self-employed: Part-time (1),6,6,0
S01012135,Economically active: Self-employed: Full-time (1),13,12,1
S01012135,Economically active: Unemployed (1),76,69,7
S01012135,Economically inactive,311,292,19
S01012136,All people aged 16 and over,715,591,124
S01012136,Economically active: Total,466,396,70
S01012136,Economically active: Employee: Total,375,315,60
S01012136,Economically active: Employee: Part-time (1),109,89,20
S01012136,Economically active: Employee: Full-time (1),266,226,40
S01012136,Economically active: Self-employed: Total,19,16,3
S01012136,Economically active: Self-employed: Part-time (1),4,4,0
S01012136,Economically active: Self-employed: Full-time (1),15,12,3
S01012136,Economically active: Unemployed (1),72,65,7
S01012136,Economically inactive,249,195,54
S01012137,All people aged 16 and over,608,568,40
S01012137,Economically active: Total,307,289,18
S01012137,Economically active: Employee: Total,249,238,11
S01012137,Economically active: Employee: Part-time (1),74,70,4
S01012137,Economically active: Employee: Full-time (1),175,168,7
S01012137,Economically active: Self-employed: Total,19,15,4
S01012137,Economically active: Self-employed: Part-time (1),6,3,3
S01012137,Economically active: Self-employed: Full-time (1),13,12,1
S01012137,Economically active: Unemployed (1),39,36,3
S01012137,Economically inactive,301,279,22
S01012138,All people aged 16 and over,785,739,46
S01012138,Economically active: Total,485,462,23
S01012138,Economically active: Employee: Total,410,395,15
S01012138,Economically active: Employee: Part-time (1),112,105,7
S01012138,Economically active: Employee: Full-time (1),298,290,8
S01012138,Economically active: Self-employed: Total,41,36,5
S01012138,Economically active: Self-employed: Part-time (1),14,11,3
S01012138,Economically active: Self-employed: Full-time (1),27,25,2
S01012138,Economically active: Unemployed (1),34,31,3
S01012138,Economically inactive,300,277,23
S01012139,All people aged 16 and over,783,754,29
S01012139,Economically active: Total,456,439,17
S01012139,Economically active: Employee: Total,390,377,13
S01012139,Economically active: Employee: Part-time (1),112,109,3
S01012139,Economically active: Employee: Full-time (1),278,268,10
S01012139,Economically active: Self-employed: Total,38,35,3
S01012139,Economically active: Self-employed: Part-time (1),16,16,0
S01012139,Economically active: Self-employed: Full-time (1),22,19,3
S01012139,Economically active: Unemployed (1),28,27,1
S01012139,Economically inactive,327,315,12
S01012140,All people aged 16 and over,441,422,19
S01012140,Economically active: Total,289,277,12
S01012140,Economically active: Employee: Total,248,239,9
S01012140,Economically active: Employee: Part-time (1),60,59,1
S01012140,Economically active: Employee: Full-time (1),188,180,8
S01012140,Economically active: Self-employed: Total,26,25,1
S01012140,Economically active: Self-employed: Part-time (1),7,7,0
S01012140,Economically active: Self-employed: Full-time (1),19,18,1
S01012140,Economically active: Unemployed (1),15,13,2
S01012140,Economically inactive,152,145,7
S01012141,All people aged 16 and over,829,802,27
S01012141,Economically active: Total,515,495,20
S01012141,Economically active: Employee: Total,441,426,15
S01012141,Economically active: Employee: Part-time (1),127,121,6
S01012141,Economically active: Employee: Full-time (1),314,305,9
S01012141,Economically active: Self-employed: Total,46,44,2
S01012141,Economically active: Self-employed: Part-time (1),13,12,1
S01012141,Economically active: Self-employed: Full-time (1),33,32,1
S01012141,Economically active: Unemployed (1),28,25,3
S01012141,Economically inactive,314,307,7
S01012142,All people aged 16 and over,800,778,22
S01012142,Economically active: Total,459,444,15
S01012142,Economically active: Employee: Total,384,373,11
S01012142,Economically active: Employee: Part-time (1),95,91,4
S01012142,Economically active: Employee: Full-time (1),289,282,7
S01012142,Economically active: Self-employed: Total,55,52,3
S01012142,Economically active: Self-employed: Part-time (1),11,11,0
S01012142,Economically active: Self-employed: Full-time (1),44,41,3
S01012142,Economically active: Unemployed (1),20,19,1
S01012142,Economically inactive,341,334,7
S01012143,All people aged 16 and over,766,737,29
S01012143,Economically active: Total,429,419,10
S01012143,Economically active: Employee: Total,353,346,7
S01012143,Economically active: Employee: Part-time (1),100,95,5
S01012143,Economically active: Employee: Full-time (1),253,251,2
S01012143,Economically active: Self-employed: Total,56,53,3
S01012143,Economically active: Self-employed: Part-time (1),10,10,0
S01012143,Economically active: Self-employed: Full-time (1),46,43,3
S01012143,Economically active: Unemployed (1),20,20,0
S01012143,Economically inactive,337,318,19
S01012144,All people aged 16 and over,874,842,32
S01012144,Economically active: Total,522,500,22
S01012144,Economically active: Employee: Total,443,429,14
S01012144,Economically active: Employee: Part-time (1),123,121,2
S01012144,Economically active: Employee: Full-time (1),320,308,12
S01012144,Economically active: Self-employed: Total,54,48,6
S01012144,Economically active: Self-employed: Part-time (1),8,7,1
S01012144,Economically active: Self-employed: Full-time (1),46,41,5
S01012144,Economically active: Unemployed (1),25,23,2
S01012144,Economically inactive,352,342,10
S01012145,All people aged 16 and over,836,793,43
S01012145,Economically active: Total,506,478,28
S01012145,Economically active: Employee: Total,442,423,19
S01012145,Economically active: Employee: Part-time (1),147,141,6
S01012145,Economically active: Employee: Full-time (1),295,282,13
S01012145,Economically active: Self-employed: Total,49,42,7
S01012145,Economically active: Self-employed: Part-time (1),11,11,0
S01012145,Economically active: Self-employed: Full-time (1),38,31,7
S01012145,Economically active: Unemployed (1),15,13,2
S01012145,Economically inactive,330,315,15
S01012146,All people aged 16 and over,819,755,64
S01012146,Economically active: Total,438,395,43
S01012146,Economically active: Employee: Total,367,331,36
S01012146,Economically active: Employee: Part-time (1),90,83,7
S01012146,Economically active: Employee: Full-time (1),277,248,29
S01012146,Economically active: Self-employed: Total,28,23,5
S01012146,Economically active: Self-employed: Part-time (1),8,6,2
S01012146,Economically active: Self-employed: Full-time (1),20,17,3
S01012146,Economically active: Unemployed (1),43,41,2
S01012146,Economically inactive,381,360,21
S01012147,All people aged 16 and over,622,581,41
S01012147,Economically active: Total,336,310,26
S01012147,Economically active: Employee: Total,263,240,23
S01012147,Economically active: Employee: Part-time (1),84,79,5
S01012147,Economically active: Employee: Full-time (1),179,161,18
S01012147,Economically active: Self-employed: Total,19,18,1
S01012147,Economically active: Self-employed: Part-time (1),11,10,1
S01012147,Economically active: Self-employed: Full-time (1),8,8,0
S01012147,Economically active: Unemployed (1),54,52,2
S01012147,Economically inactive,286,271,15
S01012148,All people aged 16 and over,574,558,16
S01012148,Economically active: Total,318,308,10
S01012148,Economically active: Employee: Total,254,244,10
S01012148,Economically active: Employee: Part-time (1),88,85,3
S01012148,Economically active: Employee: Full-time (1),166,159,7
S01012148,Economically active: Self-employed: Total,11,11,0
S01012148,Economically active: Self-employed: Part-time (1),2,2,0
S01012148,Economically active: Self-employed: Full-time (1),9,9,0
S01012148,Economically active: Unemployed (1),53,53,0
S01012148,Economically inactive,256,250,6
S01012149,All people aged 16 and over,693,637,56
S01012149,Economically active: Total,422,387,35
S01012149,Economically active: Employee: Total,349,316,33
S01012149,Economically active: Employee: Part-time (1),100,88,12
S01012149,Economically active: Employee: Full-time (1),249,228,21
S01012149,Economically active: Self-employed: Total,45,44,1
S01012149,Economically active: Self-employed: Part-time (1),6,6,0
S01012149,Economically active: Self-employed: Full-time (1),39,38,1
S01012149,Economically active: Unemployed (1),28,27,1
S01012149,Economically inactive,271,250,21
S01012150,All people aged 16 and over,623,601,22
S01012150,Economically active: Total,333,320,13
S01012150,Economically active: Employee: Total,273,261,12
S01012150,Economically active: Employee: Part-time (1),70,64,6
S01012150,Economically active: Employee: Full-time (1),203,197,6
S01012150,Economically active: Self-employed: Total,17,17,0
S01012150,Economically active: Self-employed: Part-time (1),5,5,0
S01012150,Economically active: Self-employed: Full-time (1),12,12,0
S01012150,Economically active: Unemployed (1),43,42,1
S01012150,Economically inactive,290,281,9
S01012151,All people aged 16 and over,626,607,19
S01012151,Economically active: Total,331,320,11
S01012151,Economically active: Employee: Total,283,273,10
S01012151,Economically active: Employee: Part-time (1),82,79,3
S01012151,Economically active: Employee: Full-time (1),201,194,7
S01012151,Economically active: Self-employed: Total,12,12,0
S01012151,Economically active: Self-employed: Part-time (1),1,1,0
S01012151,Economically active: Self-employed: Full-time (1),11,11,0
S01012151,Economically active: Unemployed (1),36,35,1
S01012151,Economically inactive,295,287,8
S01012152,All people aged 16 and over,601,562,39
S01012152,Economically active: Total,336,311,25
S01012152,Economically active: Employee: Total,267,246,21
S01012152,Economically active: Employee: Part-time (1),88,84,4
S01012152,Economically active: Employee: Full-time (1),179,162,17
S01012152,Economically active: Self-employed: Total,19,17,2
S01012152,Economically active: Self-employed: Part-time (1),2,2,0
S01012152,Economically active: Self-employed: Full-time (1),17,15,2
S01012152,Economically active: Unemployed (1),50,48,2
S01012152,Economically inactive,265,251,14
S01012153,All people aged 16 and over,447,409,38
S01012153,Economically active: Total,285,255,30
S01012153,Economically active: Employee: Total,230,203,27
S01012153,Economically active: Employee: Part-time (1),68,59,9
S01012153,Economically active: Employee: Full-time (1),162,144,18
S01012153,Economically active: Self-employed: Total,15,14,1
S01012153,Economically active: Self-employed: Part-time (1),2,2,0
S01012153,Economically active: Self-employed: Full-time (1),13,12,1
S01012153,Economically active: Unemployed (1),40,38,2
S01012153,Economically inactive,162,154,8
S01012154,All people aged 16 and over,688,601,87
S01012154,Economically active: Total,404,340,64
S01012154,Economically active: Employee: Total,320,266,54
S01012154,Economically active: Employee: Part-time (1),68,59,9
S01012154,Economically active: Employee: Full-time (1),252,207,45
S01012154,Economically active: Self-employed: Total,18,14,4
S01012154,Economically active: Self-employed: Part-time (1),1,0,1
S01012154,Economically active: Self-employed: Full-time (1),17,14,3
S01012154,Economically active: Unemployed (1),66,60,6
S01012154,Economically inactive,284,261,23
S01012155,All people aged 16 and over,497,466,31
S01012155,Economically active: Total,312,286,26
S01012155,Economically active: Employee: Total,245,226,19
S01012155,Economically active: Employee: Part-time (1),60,56,4
S01012155,Economically active: Employee: Full-time (1),185,170,15
S01012155,Economically active: Self-employed: Total,14,10,4
S01012155,Economically active: Self-employed: Part-time (1),5,3,2
S01012155,Economically active: Self-employed: Full-time (1),9,7,2
S01012155,Economically active: Unemployed (1),53,50,3
S01012155,Economically inactive,185,180,5
S01012156,All people aged 16 and over,529,511,18
S01012156,Economically active: Total,289,273,16
S01012156,Economically active: Employee: Total,222,210,12
S01012156,Economically active: Employee: Part-time (1),54,50,4
S01012156,Economically active: Employee: Full-time (1),168,160,8
S01012156,Economically active: Self-employed: Total,20,19,1
S01012156,Economically active: Self-employed: Part-time (1),4,4,0
S01012156,Economically active: Self-employed: Full-time (1),16,15,1
S01012156,Economically active: Unemployed (1),47,44,3
S01012156,Economically inactive,240,238,2
S01012157,All people aged 16 and over,802,737,65
S01012157,Economically active: Total,548,493,55
S01012157,Economically active: Employee: Total,466,423,43
S01012157,Economically active: Employee: Part-time (1),109,100,9
S01012157,Economically active: Employee: Full-time (1),357,323,34
S01012157,Economically active: Self-employed: Total,30,24,6
S01012157,Economically active: Self-employed: Part-time (1),10,6,4
S01012157,Economically active: Self-employed: Full-time (1),20,18,2
S01012157,Economically active: Unemployed (1),52,46,6
S01012157,Economically inactive,254,244,10
S01012158,All people aged 16 and over,877,809,68
S01012158,Economically active: Total,666,616,50
S01012158,Economically active: Employee: Total,553,512,41
S01012158,Economically active: Employee: Part-time (1),123,108,15
S01012158,Economically active: Employee: Full-time (1),430,404,26
S01012158,Economically active: Self-employed: Total,61,56,5
S01012158,Economically active: Self-employed: Part-time (1),16,15,1
S01012158,Economically active: Self-employed: Full-time (1),45,41,4
S01012158,Economically active: Unemployed (1),52,48,4
S01012158,Economically inactive,211,193,18
S01012159,All people aged 16 and over,454,441,13
S01012159,Economically active: Total,272,267,5
S01012159,Economically active: Employee: Total,235,231,4
S01012159,Economically active: Employee: Part-time (1),64,63,1
S01012159,Economically active: Employee: Full-time (1),171,168,3
S01012159,Economically active: Self-employed: Total,19,18,1
S01012159,Economically active: Self-employed: Part-time (1),4,3,1
S01012159,Economically active: Self-employed: Full-time (1),15,15,0
S01012159,Economically active: Unemployed (1),18,18,0
S01012159,Economically inactive,182,174,8
S01012160,All people aged 16 and over,569,551,18
S01012160,Economically active: Total,383,372,11
S01012160,Economically active: Employee: Total,330,321,9
S01012160,Economically active: Employee: Part-time (1),86,82,4
S01012160,Economically active: Employee: Full-time (1),244,239,5
S01012160,Economically active: Self-employed: Total,30,30,0
S01012160,Economically active: Self-employed: Part-time (1),9,9,0
S01012160,Economically active: Self-employed: Full-time (1),21,21,0
S01012160,Economically active: Unemployed (1),23,21,2
S01012160,Economically inactive,186,179,7
S01012161,All people aged 16 and over,343,315,28
S01012161,Economically active: Total,210,192,18
S01012161,Economically active: Employee: Total,178,160,18
S01012161,Economically active: Employee: Part-time (1),67,62,5
S01012161,Economically active: Employee: Full-time (1),111,98,13
S01012161,Economically active: Self-employed: Total,10,10,0
S01012161,Economically active: Self-employed: Part-time (1),2,2,0
S01012161,Economically active: Self-employed: Full-time (1),8,8,0
S01012161,Economically active: Unemployed (1),22,22,0
S01012161,Economically inactive,133,123,10
S01012162,All people aged 16 and over,731,674,57
S01012162,Economically active: Total,463,423,40
S01012162,Economically active: Employee: Total,386,353,33
S01012162,Economically active: Employee: Part-time (1),96,84,12
S01012162,Economically active: Employee: Full-time (1),290,269,21
S01012162,Economically active: Self-employed: Total,25,20,5
S01012162,Economically active: Self-employed: Part-time (1),7,6,1
S01012162,Economically active: Self-employed: Full-time (1),18,14,4
S01012162,Economically active: Unemployed (1),52,50,2
S01012162,Economically inactive,268,251,17
S01012163,All people aged 16 and over,586,529,57
S01012163,Economically active: Total,386,343,43
S01012163,Economically active: Employee: Total,323,289,34
S01012163,Economically active: Employee: Part-time (1),76,67,9
S01012163,Economically active: Employee: Full-time (1),247,222,25
S01012163,Economically active: Self-employed: Total,28,22,6
S01012163,Economically active: Self-employed: Part-time (1),6,5,1
S01012163,Economically active: Self-employed: Full-time (1),22,17,5
S01012163,Economically active: Unemployed (1),35,32,3
S01012163,Economically inactive,200,186,14
S01012164,All people aged 16 and over,804,740,64
S01012164,Economically active: Total,678,632,46
S01012164,Economically active: Employee: Total,613,575,38
S01012164,Economically active: Employee: Part-time (1),139,128,11
S01012164,Economically active: Employee: Full-time (1),474,447,27
S01012164,Economically active: Self-employed: Total,44,39,5
S01012164,Economically active: Self-employed: Part-time (1),7,5,2
S01012164,Economically active: Self-employed: Full-time (1),37,34,3
S01012164,Economically active: Unemployed (1),21,18,3
S01012164,Economically inactive,126,108,18
S01012165,All people aged 16 and over,712,671,41
S01012165,Economically active: Total,447,418,29
S01012165,Economically active: Employee: Total,346,322,24
S01012165,Economically active: Employee: Part-time (1),108,102,6
S01012165,Economically active: Employee: Full-time (1),238,220,18
S01012165,Economically active: Self-employed: Total,24,21,3
S01012165,Economically active: Self-employed: Part-time (1),3,3,0
S01012165,Economically active: Self-employed: Full-time (1),21,18,3
S01012165,Economically active: Unemployed (1),77,75,2
S01012165,Economically inactive,265,253,12
S01012166,All people aged 16 and over,490,471,19
S01012166,Economically active: Total,338,323,15
S01012166,Economically active: Employee: Total,296,283,13
S01012166,Economically active: Employee: Part-time (1),108,105,3
S01012166,Economically active: Employee: Full-time (1),188,178,10
S01012166,Economically active: Self-employed: Total,18,16,2
S01012166,Economically active: Self-employed: Part-time (1),3,1,2
S01012166,Economically active: Self-employed: Full-time (1),15,15,0
S01012166,Economically active: Unemployed (1),24,24,0
S01012166,Economically inactive,152,148,4
S01012167,All people aged 16 and over,690,667,23
S01012167,Economically active: Total,444,425,19
S01012167,Economically active: Employee: Total,375,360,15
S01012167,Economically active: Employee: Part-time (1),88,85,3
S01012167,Economically active: Employee: Full-time (1),287,275,12
S01012167,Economically active: Self-employed: Total,32,30,2
S01012167,Economically active: Self-employed: Part-time (1),9,9,0
S01012167,Economically active: Self-employed: Full-time (1),23,21,2
S01012167,Economically active: Unemployed (1),37,35,2
S01012167,Economically inactive,246,242,4
S01012168,All people aged 16 and over,714,693,21
S01012168,Economically active: Total,432,422,10
S01012168,Economically active: Employee: Total,368,359,9
S01012168,Economically active: Employee: Part-time (1),87,83,4
S01012168,Economically active: Employee: Full-time (1),281,276,5
S01012168,Economically active: Self-employed: Total,33,32,1
S01012168,Economically active: Self-employed: Part-time (1),10,10,0
S01012168,Economically active: Self-employed: Full-time (1),23,22,1
S01012168,Economically active: Unemployed (1),31,31,0
S01012168,Economically inactive,282,271,11
S01012169,All people aged 16 and over,725,702,23
S01012169,Economically active: Total,394,384,10
S01012169,Economically active: Employee: Total,351,342,9
S01012169,Economically active: Employee: Part-time (1),98,92,6
S01012169,Economically active: Employee: Full-time (1),253,250,3
S01012169,Economically active: Self-employed: Total,19,18,1
S01012169,Economically active: Self-employed: Part-time (1),4,4,0
S01012169,Economically active: Self-employed: Full-time (1),15,14,1
S01012169,Economically active: Unemployed (1),24,24,0
S01012169,Economically inactive,331,318,13
S01012170,All people aged 16 and over,849,832,17
S01012170,Economically active: Total,448,440,8
S01012170,Economically active: Employee: Total,397,391,6
S01012170,Economically active: Employee: Part-time (1),118,116,2
S01012170,Economically active: Employee: Full-time (1),279,275,4
S01012170,Economically active: Self-employed: Total,25,24,1
S01012170,Economically active: Self-employed: Part-time (1),10,9,1
S01012170,Economically active: Self-employed: Full-time (1),15,15,0
S01012170,Economically active: Unemployed (1),26,25,1
S01012170,Economically inactive,401,392,9
S01012171,All people aged 16 and over,832,817,15
S01012171,Economically active: Total,505,495,10
S01012171,Economically active: Employee: Total,467,458,9
S01012171,Economically active: Employee: Part-time (1),136,134,2
S01012171,Economically active: Employee: Full-time (1),331,324,7
S01012171,Economically active: Self-employed: Total,12,11,1
S01012171,Economically active: Self-employed: Part-time (1),5,5,0
S01012171,Economically active: Self-employed: Full-time (1),7,6,1
S01012171,Economically active: Unemployed (1),26,26,0
S01012171,Economically inactive,327,322,5
S01012172,All people aged 16 and over,611,588,23
S01012172,Economically active: Total,343,331,12
S01012172,Economically active: Employee: Total,303,293,10
S01012172,Economically active: Employee: Part-time (1),87,83,4
S01012172,Economically active: Employee: Full-time (1),216,210,6
S01012172,Economically active: Self-employed: Total,15,13,2
S01012172,Economically active: Self-employed: Part-time (1),2,2,0
S01012172,Economically active: Self-employed: Full-time (1),13,11,2
S01012172,Economically active: Unemployed (1),25,25,0
S01012172,Economically inactive,268,257,11
S01012173,All people aged 16 and over,633,608,25
S01012173,Economically active: Total,309,297,12
S01012173,Economically active: Employee: Total,276,265,11
S01012173,Economically active: Employee: Part-time (1),87,80,7
S01012173,Economically active: Employee: Full-time (1),189,185,4
S01012173,Economically active: Self-employed: Total,26,25,1
S01012173,Economically active: Self-employed: Part-time (1),7,6,1
S01012173,Economically active: Self-employed: Full-time (1),19,19,0
S01012173,Economically active: Unemployed (1),7,7,0
S01012173,Economically inactive,324,311,13
S01012174,All people aged 16 and over,665,628,37
S01012174,Economically active: Total,554,527,27
S01012174,Economically active: Employee: Total,490,469,21
S01012174,Economically active: Employee: Part-time (1),152,142,10
S01012174,Economically active: Employee: Full-time (1),338,327,11
S01012174,Economically active: Self-employed: Total,49,45,4
S01012174,Economically active: Self-employed: Part-time (1),10,9,1
S01012174,Economically active: Self-employed: Full-time (1),39,36,3
S01012174,Economically active: Unemployed (1),15,13,2
S01012174,Economically inactive,111,101,10
S01012175,All people aged 16 and over,686,636,50
S01012175,Economically active: Total,503,466,37
S01012175,Economically active: Employee: Total,449,421,28
S01012175,Economically active: Employee: Part-time (1),113,108,5
S01012175,Economically active: Employee: Full-time (1),336,313,23
S01012175,Economically active: Self-employed: Total,25,18,7
S01012175,Economically active: Self-employed: Part-time (1),10,9,1
S01012175,Economically active: Self-employed: Full-time (1),15,9,6
S01012175,Economically active: Unemployed (1),29,27,2
S01012175,Economically inactive,183,170,13
S01012176,All people aged 16 and over,727,691,36
S01012176,Economically active: Total,512,489,23
S01012176,Economically active: Employee: Total,446,430,16
S01012176,Economically active: Employee: Part-time (1),118,114,4
S01012176,Economically active: Employee: Full-time (1),328,316,12
S01012176,Economically active: Self-employed: Total,35,29,6
S01012176,Economically active: Self-employed: Part-time (1),9,8,1
S01012176,Economically active: Self-employed: Full-time (1),26,21,5
S01012176,Economically active: Unemployed (1),31,30,1
S01012176,Economically inactive,215,202,13
S01012177,All people aged 16 and over,523,498,25
S01012177,Economically active: Total,342,329,13
S01012177,Economically active: Employee: Total,291,282,9
S01012177,Economically active: Employee: Part-time (1),103,101,2
S01012177,Economically active: Employee: Full-time (1),188,181,7
S01012177,Economically active: Self-employed: Total,36,34,2
S01012177,Economically active: Self-employed: Part-time (1),10,10,0
S01012177,Economically active: Self-employed: Full-time (1),26,24,2
S01012177,Economically active: Unemployed (1),15,13,2
S01012177,Economically inactive,181,169,12
S01012178,All people aged 16 and over,451,435,16
S01012178,Economically active: Total,302,296,6
S01012178,Economically active: Employee: Total,266,263,3
S01012178,Economically active: Employee: Part-time (1),89,88,1
S01012178,Economically active: Employee: Full-time (1),177,175,2
S01012178,Economically active: Self-employed: Total,25,22,3
S01012178,Economically active: Self-employed: Part-time (1),4,4,0
S01012178,Economically active: Self-employed: Full-time (1),21,18,3
S01012178,Economically active: Unemployed (1),11,11,0
S01012178,Economically inactive,149,139,10
S01012179,All people aged 16 and over,520,500,20
S01012179,Economically active: Total,283,273,10
S01012179,Economically active: Employee: Total,237,228,9
S01012179,Economically active: Employee: Part-time (1),78,74,4
S01012179,Economically active: Employee: Full-time (1),159,154,5
S01012179,Economically active: Self-employed: Total,27,27,0
S01012179,Economically active: Self-employed: Part-time (1),12,12,0
S01012179,Economically active: Self-employed: Full-time (1),15,15,0
S01012179,Economically active: Unemployed (1),19,18,1
S01012179,Economically inactive,237,227,10
S01012180,All people aged 16 and over,480,470,10
S01012180,Economically active: Total,239,233,6
S01012180,Economically active: Employee: Total,203,197,6
S01012180,Economically active: Employee: Part-time (1),55,54,1
S01012180,Economically active: Employee: Full-time (1),148,143,5
S01012180,Economically active: Self-employed: Total,22,22,0
S01012180,Economically active: Self-employed: Part-time (1),9,9,0
S01012180,Economically active: Self-employed: Full-time (1),13,13,0
S01012180,Economically active: Unemployed (1),14,14,0
S01012180,Economically inactive,241,237,4
S01012181,All people aged 16 and over,648,600,48
S01012181,Economically active: Total,365,335,30
S01012181,Economically active: Employee: Total,300,278,22
S01012181,Economically active: Employee: Part-time (1),79,76,3
S01012181,Economically active: Employee: Full-time (1),221,202,19
S01012181,Economically active: Self-employed: Total,33,27,6
S01012181,Economically active: Self-employed: Part-time (1),7,6,1
S01012181,Economically active: Self-employed: Full-time (1),26,21,5
S01012181,Economically active: Unemployed (1),32,30,2
S01012181,Economically inactive,283,265,18
S01012182,All people aged 16 and over,853,789,64
S01012182,Economically active: Total,677,631,46
S01012182,Economically active: Employee: Total,603,567,36
S01012182,Economically active: Employee: Part-time (1),152,142,10
S01012182,Economically active: Employee: Full-time (1),451,425,26
S01012182,Economically active: Self-employed: Total,52,44,8
S01012182,Economically active: Self-employed: Part-time (1),11,8,3
S01012182,Economically active: Self-employed: Full-time (1),41,36,5
S01012182,Economically active: Unemployed (1),22,20,2
S01012182,Economically inactive,176,158,18
S01012183,All people aged 16 and over,616,584,32
S01012183,Economically active: Total,402,378,24
S01012183,Economically active: Employee: Total,339,319,20
S01012183,Economically active: Employee: Part-time (1),75,70,5
S01012183,Economically active: Employee: Full-time (1),264,249,15
S01012183,Economically active: Self-employed: Total,25,24,1
S01012183,Economically active: Self-employed: Part-time (1),5,5,0
S01012183,Economically active: Self-employed: Full-time (1),20,19,1
S01012183,Economically active: Unemployed (1),38,35,3
S01012183,Economically inactive,214,206,8
S01012184,All people aged 16 and over,447,401,46
S01012184,Economically active: Total,360,324,36
S01012184,Economically active: Employee: Total,308,279,29
S01012184,Economically active: Employee: Part-time (1),50,41,9
S01012184,Economically active: Employee: Full-time (1),258,238,20
S01012184,Economically active: Self-employed: Total,24,22,2
S01012184,Economically active: Self-employed: Part-time (1),6,6,0
S01012184,Economically active: Self-employed: Full-time (1),18,16,2
S01012184,Economically active: Unemployed (1),28,23,5
S01012184,Economically inactive,87,77,10
S01012185,All people aged 16 and over,626,566,60
S01012185,Economically active: Total,429,389,40
S01012185,Economically active: Employee: Total,334,300,34
S01012185,Economically active: Employee: Part-time (1),57,46,11
S01012185,Economically active: Employee: Full-time (1),277,254,23
S01012185,Economically active: Self-employed: Total,26,25,1
S01012185,Economically active: Self-employed: Part-time (1),3,2,1
S01012185,Economically active: Self-employed: Full-time (1),23,23,0
S01012185,Economically active: Unemployed (1),69,64,5
S01012185,Economically inactive,197,177,20
S01012186,All people aged 16 and over,593,579,14
S01012186,Economically active: Total,310,303,7
S01012186,Economically active: Employee: Total,257,251,6
S01012186,Economically active: Employee: Part-time (1),79,79,0
S01012186,Economically active: Employee: Full-time (1),178,172,6
S01012186,Economically active: Self-employed: Total,18,17,1
S01012186,Economically active: Self-employed: Part-time (1),2,2,0
S01012186,Economically active: Self-employed: Full-time (1),16,15,1
S01012186,Economically active: Unemployed (1),35,35,0
S01012186,Economically inactive,283,276,7
S01012187,All people aged 16 and over,584,561,23
S01012187,Economically active: Total,344,328,16
S01012187,Economically active: Employee: Total,285,272,13
S01012187,Economically active: Employee: Part-time (1),91,86,5
S01012187,Economically active: Employee: Full-time (1),194,186,8
S01012187,Economically active: Self-employed: Total,11,11,0
S01012187,Economically active: Self-employed: Part-time (1),2,2,0
S01012187,Economically active: Self-employed: Full-time (1),9,9,0
S01012187,Economically active: Unemployed (1),48,45,3
S01012187,Economically inactive,240,233,7
S01012188,All people aged 16 and over,506,499,7
S01012188,Economically active: Total,283,279,4
S01012188,Economically active: Employee: Total,244,242,2
S01012188,Economically active: Employee: Part-time (1),63,63,0
S01012188,Economically active: Employee: Full-time (1),181,179,2
S01012188,Economically active: Self-employed: Total,21,20,1
S01012188,Economically active: Self-employed: Part-time (1),4,4,0
S01012188,Economically active: Self-employed: Full-time (1),17,16,1
S01012188,Economically active: Unemployed (1),18,17,1
S01012188,Economically inactive,223,220,3
S01012189,All people aged 16 and over,469,458,11
S01012189,Economically active: Total,323,315,8
S01012189,Economically active: Employee: Total,291,283,8
S01012189,Economically active: Employee: Part-time (1),70,70,0
S01012189,Economically active: Employee: Full-time (1),221,213,8
S01012189,Economically active: Self-employed: Total,20,20,0
S01012189,Economically active: Self-employed: Part-time (1),4,4,0
S01012189,Economically active: Self-employed: Full-time (1),16,16,0
S01012189,Economically active: Unemployed (1),12,12,0
S01012189,Economically inactive,146,143,3
S01012190,All people aged 16 and over,402,393,9
S01012190,Economically active: Total,330,324,6
S01012190,Economically active: Employee: Total,300,295,5
S01012190,Economically active: Employee: Part-time (1),85,82,3
S01012190,Economically active: Employee: Full-time (1),215,213,2
S01012190,Economically active: Self-employed: Total,23,22,1
S01012190,Economically active: Self-employed: Part-time (1),7,7,0
S01012190,Economically active: Self-employed: Full-time (1),16,15,1
S01012190,Economically active: Unemployed (1),7,7,0
S01012190,Economically inactive,72,69,3
S01012191,All people aged 16 and over,718,701,17
S01012191,Economically active: Total,505,495,10
S01012191,Economically active: Employee: Total,440,432,8
S01012191,Economically active: Employee: Part-time (1),117,115,2
S01012191,Economically active: Employee: Full-time (1),323,317,6
S01012191,Economically active: Self-employed: Total,42,40,2
S01012191,Economically active: Self-employed: Part-time (1),8,8,0
S01012191,Economically active: Self-employed: Full-time (1),34,32,2
S01012191,Economically active: Unemployed (1),23,23,0
S01012191,Economically inactive,213,206,7
S01012192,All people aged 16 and over,426,402,24
S01012192,Economically active: Total,279,264,15
S01012192,Economically active: Employee: Total,236,224,12
S01012192,Economically active: Employee: Part-time (1),69,63,6
S01012192,Economically active: Employee: Full-time (1),167,161,6
S01012192,Economically active: Self-employed: Total,30,27,3
S01012192,Economically active: Self-employed: Part-time (1),8,8,0
S01012192,Economically active: Self-employed: Full-time (1),22,19,3
S01012192,Economically active: Unemployed (1),13,13,0
S01012192,Economically inactive,147,138,9
S01012193,All people aged 16 and over,427,415,12
S01012193,Economically active: Total,371,362,9
S01012193,Economically active: Employee: Total,323,317,6
S01012193,Economically active: Employee: Part-time (1),87,87,0
S01012193,Economically active: Employee: Full-time (1),236,230,6
S01012193,Economically active: Self-employed: Total,31,29,2
S01012193,Economically active: Self-employed: Part-time (1),6,6,0
S01012193,Economically active: Self-employed: Full-time (1),25,23,2
S01012193,Economically active: Unemployed (1),17,16,1
S01012193,Economically inactive,56,53,3
S01012194,All people aged 16 and over,427,418,9
S01012194,Economically active: Total,344,336,8
S01012194,Economically active: Employee: Total,311,303,8
S01012194,Economically active: Employee: Part-time (1),86,84,2
S01012194,Economically active: Employee: Full-time (1),225,219,6
S01012194,Economically active: Self-employed: Total,14,14,0
S01012194,Economically active: Self-employed: Part-time (1),0,0,0
S01012194,Economically active: Self-employed: Full-time (1),14,14,0
S01012194,Economically active: Unemployed (1),19,19,0
S01012194,Economically inactive,83,82,1
S01012195,All people aged 16 and over,899,876,23
S01012195,Economically active: Total,648,631,17
S01012195,Economically active: Employee: Total,576,561,15
S01012195,Economically active: Employee: Part-time (1),145,142,3
S01012195,Economically active: Employee: Full-time (1),431,419,12
S01012195,Economically active: Self-employed: Total,38,38,0
S01012195,Economically active: Self-employed: Part-time (1),5,5,0
S01012195,Economically active: Self-employed: Full-time (1),33,33,0
S01012195,Economically active: Unemployed (1),34,32,2
S01012195,Economically inactive,251,245,6
S01012196,All people aged 16 and over,438,410,28
S01012196,Economically active: Total,350,332,18
S01012196,Economically active: Employee: Total,305,291,14
S01012196,Economically active: Employee: Part-time (1),84,81,3
S01012196,Economically active: Employee: Full-time (1),221,210,11
S01012196,Economically active: Self-employed: Total,33,30,3
S01012196,Economically active: Self-employed: Part-time (1),7,7,0
S01012196,Economically active: Self-employed: Full-time (1),26,23,3
S01012196,Economically active: Unemployed (1),12,11,1
S01012196,Economically inactive,88,78,10
S01012197,All people aged 16 and over,579,571,8
S01012197,Economically active: Total,346,343,3
S01012197,Economically active: Employee: Total,295,294,1
S01012197,Economically active: Employee: Part-time (1),77,77,0
S01012197,Economically active: Employee: Full-time (1),218,217,1
S01012197,Economically active: Self-employed: Total,19,19,0
S01012197,Economically active: Self-employed: Part-time (1),4,4,0
S01012197,Economically active: Self-employed: Full-time (1),15,15,0
S01012197,Economically active: Unemployed (1),32,30,2
S01012197,Economically inactive,233,228,5
S01012198,All people aged 16 and over,770,753,17
S01012198,Economically active: Total,461,445,16
S01012198,Economically active: Employee: Total,409,396,13
S01012198,Economically active: Employee: Part-time (1),115,113,2
S01012198,Economically active: Employee: Full-time (1),294,283,11
S01012198,Economically active: Self-employed: Total,33,31,2
S01012198,Economically active: Self-employed: Part-time (1),8,8,0
S01012198,Economically active: Self-employed: Full-time (1),25,23,2
S01012198,Economically active: Unemployed (1),19,18,1
S01012198,Economically inactive,309,308,1
S01012199,All people aged 16 and over,602,593,9
S01012199,Economically active: Total,389,383,6
S01012199,Economically active: Employee: Total,340,334,6
S01012199,Economically active: Employee: Part-time (1),103,100,3
S01012199,Economically active: Employee: Full-time (1),237,234,3
S01012199,Economically active: Self-employed: Total,14,14,0
S01012199,Economically active: Self-employed: Part-time (1),4,4,0
S01012199,Economically active: Self-employed: Full-time (1),10,10,0
S01012199,Economically active: Unemployed (1),35,35,0
S01012199,Economically inactive,213,210,3
S01012200,All people aged 16 and over,516,503,13
S01012200,Economically active: Total,323,316,7
S01012200,Economically active: Employee: Total,270,264,6
S01012200,Economically active: Employee: Part-time (1),92,89,3
S01012200,Economically active: Employee: Full-time (1),178,175,3
S01012200,Economically active: Self-employed: Total,23,22,1
S01012200,Economically active: Self-employed: Part-time (1),5,5,0
S01012200,Economically active: Self-employed: Full-time (1),18,17,1
S01012200,Economically active: Unemployed (1),30,30,0
S01012200,Economically inactive,193,187,6
S01012201,All people aged 16 and over,610,596,14
S01012201,Economically active: Total,378,367,11
S01012201,Economically active: Employee: Total,338,329,9
S01012201,Economically active: Employee: Part-time (1),93,88,5
S01012201,Economically active: Employee: Full-time (1),245,241,4
S01012201,Economically active: Self-employed: Total,23,22,1
S01012201,Economically active: Self-employed: Part-time (1),3,2,1
S01012201,Economically active: Self-employed: Full-time (1),20,20,0
S01012201,Economically active: Unemployed (1),17,16,1
S01012201,Economically inactive,232,229,3
S01012202,All people aged 16 and over,473,454,19
S01012202,Economically active: Total,310,295,15
S01012202,Economically active: Employee: Total,282,270,12
S01012202,Economically active: Employee: Part-time (1),73,70,3
S01012202,Economically active: Employee: Full-time (1),209,200,9
S01012202,Economically active: Self-employed: Total,16,15,1
S01012202,Economically active: Self-employed: Part-time (1),4,4,0
S01012202,Economically active: Self-employed: Full-time (1),12,11,1
S01012202,Economically active: Unemployed (1),12,10,2
S01012202,Economically inactive,163,159,4
S01012203,All people aged 16 and over,676,662,14
S01012203,Economically active: Total,439,429,10
S01012203,Economically active: Employee: Total,380,375,5
S01012203,Economically active: Employee: Part-time (1),110,110,0
S01012203,Economically active: Employee: Full-time (1),270,265,5
S01012203,Economically active: Self-employed: Total,36,33,3
S01012203,Economically active: Self-employed: Part-time (1),10,10,0
S01012203,Economically active: Self-employed: Full-time (1),26,23,3
S01012203,Economically active: Unemployed (1),23,21,2
S01012203,Economically inactive,237,233,4
S01012204,All people aged 16 and over,662,646,16
S01012204,Economically active: Total,511,498,13
S01012204,Economically active: Employee: Total,444,434,10
S01012204,Economically active: Employee: Part-time (1),115,111,4
S01012204,Economically active: Employee: Full-time (1),329,323,6
S01012204,Economically active: Self-employed: Total,42,41,1
S01012204,Economically active: Self-employed: Part-time (1),11,11,0
S01012204,Economically active: Self-employed: Full-time (1),31,30,1
S01012204,Economically active: Unemployed (1),25,23,2
S01012204,Economically inactive,151,148,3
S01012205,All people aged 16 and over,572,551,21
S01012205,Economically active: Total,418,409,9
S01012205,Economically active: Employee: Total,351,344,7
S01012205,Economically active: Employee: Part-time (1),88,87,1
S01012205,Economically active: Employee: Full-time (1),263,257,6
S01012205,Economically active: Self-employed: Total,52,50,2
S01012205,Economically active: Self-employed: Part-time (1),18,17,1
S01012205,Economically active: Self-employed: Full-time (1),34,33,1
S01012205,Economically active: Unemployed (1),15,15,0
S01012205,Economically inactive,154,142,12
S01012206,All people aged 16 and over,682,669,13
S01012206,Economically active: Total,528,517,11
S01012206,Economically active: Employee: Total,467,457,10
S01012206,Economically active: Employee: Part-time (1),145,142,3
S01012206,Economically active: Employee: Full-time (1),322,315,7
S01012206,Economically active: Self-employed: Total,36,36,0
S01012206,Economically active: Self-employed: Part-time (1),5,5,0
S01012206,Economically active: Self-employed: Full-time (1),31,31,0
S01012206,Economically active: Unemployed (1),25,24,1
S01012206,Economically inactive,154,152,2
S01012207,All people aged 16 and over,724,715,9
S01012207,Economically active: Total,425,421,4
S01012207,Economically active: Employee: Total,374,371,3
S01012207,Economically active: Employee: Part-time (1),104,103,1
S01012207,Economically active: Employee: Full-time (1),270,268,2
S01012207,Economically active: Self-employed: Total,27,26,1
S01012207,Economically active: Self-employed: Part-time (1),5,5,0
S01012207,Economically active: Self-employed: Full-time (1),22,21,1
S01012207,Economically active: Unemployed (1),24,24,0
S01012207,Economically inactive,299,294,5
S01012208,All people aged 16 and over,830,809,21
S01012208,Economically active: Total,500,487,13
S01012208,Economically active: Employee: Total,425,416,9
S01012208,Economically active: Employee: Part-time (1),128,127,1
S01012208,Economically active: Employee: Full-time (1),297,289,8
S01012208,Economically active: Self-employed: Total,42,39,3
S01012208,Economically active: Self-employed: Part-time (1),8,6,2
S01012208,Economically active: Self-employed: Full-time (1),34,33,1
S01012208,Economically active: Unemployed (1),33,32,1
S01012208,Economically inactive,330,322,8
S01012209,All people aged 16 and over,588,573,15
S01012209,Economically active: Total,376,364,12
S01012209,Economically active: Employee: Total,304,293,11
S01012209,Economically active: Employee: Part-time (1),80,80,0
S01012209,Economically active: Employee: Full-time (1),224,213,11
S01012209,Economically active: Self-employed: Total,32,31,1
S01012209,Economically active: Self-employed: Part-time (1),10,10,0
S01012209,Economically active: Self-employed: Full-time (1),22,21,1
S01012209,Economically active: Unemployed (1),40,40,0
S01012209,Economically inactive,212,209,3
S01012210,All people aged 16 and over,647,630,17
S01012210,Economically active: Total,346,334,12
S01012210,Economically active: Employee: Total,307,296,11
S01012210,Economically active: Employee: Part-time (1),98,96,2
S01012210,Economically active: Employee: Full-time (1),209,200,9
S01012210,Economically active: Self-employed: Total,16,15,1
S01012210,Economically active: Self-employed: Part-time (1),2,2,0
S01012210,Economically active: Self-employed: Full-time (1),14,13,1
S01012210,Economically active: Unemployed (1),23,23,0
S01012210,Economically inactive,301,296,5
S01012211,All people aged 16 and over,739,708,31
S01012211,Economically active: Total,477,454,23
S01012211,Economically active: Employee: Total,397,382,15
S01012211,Economically active: Employee: Part-time (1),118,115,3
S01012211,Economically active: Employee: Full-time (1),279,267,12
S01012211,Economically active: Self-employed: Total,42,37,5
S01012211,Economically active: Self-employed: Part-time (1),10,9,1
S01012211,Economically active: Self-employed: Full-time (1),32,28,4
S01012211,Economically active: Unemployed (1),38,35,3
S01012211,Economically inactive,262,254,8
S01012212,All people aged 16 and over,665,654,11
S01012212,Economically active: Total,406,400,6
S01012212,Economically active: Employee: Total,357,351,6
S01012212,Economically active: Employee: Part-time (1),91,89,2
S01012212,Economically active: Employee: Full-time (1),266,262,4
S01012212,Economically active: Self-employed: Total,24,24,0
S01012212,Economically active: Self-employed: Part-time (1),5,5,0
S01012212,Economically active: Self-employed: Full-time (1),19,19,0
S01012212,Economically active: Unemployed (1),25,25,0
S01012212,Economically inactive,259,254,5
S01012213,All people aged 16 and over,707,691,16
S01012213,Economically active: Total,454,441,13
S01012213,Economically active: Employee: Total,402,390,12
S01012213,Economically active: Employee: Part-time (1),112,110,2
S01012213,Economically active: Employee: Full-time (1),290,280,10
S01012213,Economically active: Self-employed: Total,34,34,0
S01012213,Economically active: Self-employed: Part-time (1),14,14,0
S01012213,Economically active: Self-employed: Full-time (1),20,20,0
S01012213,Economically active: Unemployed (1),18,17,1
S01012213,Economically inactive,253,250,3
S01012214,All people aged 16 and over,567,554,13
S01012214,Economically active: Total,341,330,11
S01012214,Economically active: Employee: Total,280,271,9
S01012214,Economically active: Employee: Part-time (1),80,75,5
S01012214,Economically active: Employee: Full-time (1),200,196,4
S01012214,Economically active: Self-employed: Total,49,47,2
S01012214,Economically active: Self-employed: Part-time (1),13,12,1
S01012214,Economically active: Self-employed: Full-time (1),36,35,1
S01012214,Economically active: Unemployed (1),12,12,0
S01012214,Economically inactive,226,224,2
S01012215,All people aged 16 and over,722,706,16
S01012215,Economically active: Total,505,494,11
S01012215,Economically active: Employee: Total,452,441,11
S01012215,Economically active: Employee: Part-time (1),128,125,3
S01012215,Economically active: Employee: Full-time (1),324,316,8
S01012215,Economically active: Self-employed: Total,33,33,0
S01012215,Economically active: Self-employed: Part-time (1),8,8,0
S01012215,Economically active: Self-employed: Full-time (1),25,25,0
S01012215,Economically active: Unemployed (1),20,20,0
S01012215,Economically inactive,217,212,5
S01012216,All people aged 16 and over,586,573,13
S01012216,Economically active: Total,405,397,8
S01012216,Economically active: Employee: Total,351,343,8
S01012216,Economically active: Employee: Part-time (1),111,108,3
S01012216,Economically active: Employee: Full-time (1),240,235,5
S01012216,Economically active: Self-employed: Total,40,40,0
S01012216,Economically active: Self-employed: Part-time (1),11,11,0
S01012216,Economically active: Self-employed: Full-time (1),29,29,0
S01012216,Economically active: Unemployed (1),14,14,0
S01012216,Economically inactive,181,176,5
S01012217,All people aged 16 and over,440,418,22
S01012217,Economically active: Total,270,255,15
S01012217,Economically active: Employee: Total,214,200,14
S01012217,Economically active: Employee: Part-time (1),68,66,2
S01012217,Economically active: Employee: Full-time (1),146,134,12
S01012217,Economically active: Self-employed: Total,13,13,0
S01012217,Economically active: Self-employed: Part-time (1),8,8,0
S01012217,Economically active: Self-employed: Full-time (1),5,5,0
S01012217,Economically active: Unemployed (1),43,42,1
S01012217,Economically inactive,170,163,7
S01012218,All people aged 16 and over,354,325,29
S01012218,Economically active: Total,232,215,17
S01012218,Economically active: Employee: Total,169,156,13
S01012218,Economically active: Employee: Part-time (1),59,56,3
S01012218,Economically active: Employee: Full-time (1),110,100,10
S01012218,Economically active: Self-employed: Total,8,5,3
S01012218,Economically active: Self-employed: Part-time (1),3,0,3
S01012218,Economically active: Self-employed: Full-time (1),5,5,0
S01012218,Economically active: Unemployed (1),55,54,1
S01012218,Economically inactive,122,110,12
S01012219,All people aged 16 and over,721,704,17
S01012219,Economically active: Total,354,345,9
S01012219,Economically active: Employee: Total,296,289,7
S01012219,Economically active: Employee: Part-time (1),98,95,3
S01012219,Economically active: Employee: Full-time (1),198,194,4
S01012219,Economically active: Self-employed: Total,17,16,1
S01012219,Economically active: Self-employed: Part-time (1),3,3,0
S01012219,Economically active: Self-employed: Full-time (1),14,13,1
S01012219,Economically active: Unemployed (1),41,40,1
S01012219,Economically inactive,367,359,8
S01012220,All people aged 16 and over,544,514,30
S01012220,Economically active: Total,275,255,20
S01012220,Economically active: Employee: Total,218,202,16
S01012220,Economically active: Employee: Part-time (1),52,49,3
S01012220,Economically active: Employee: Full-time (1),166,153,13
S01012220,Economically active: Self-employed: Total,17,16,1
S01012220,Economically active: Self-employed: Part-time (1),5,5,0
S01012220,Economically active: Self-employed: Full-time (1),12,11,1
S01012220,Economically active: Unemployed (1),40,37,3
S01012220,Economically inactive,269,259,10
S01012221,All people aged 16 and over,546,533,13
S01012221,Economically active: Total,282,274,8
S01012221,Economically active: Employee: Total,238,233,5
S01012221,Economically active: Employee: Part-time (1),64,63,1
S01012221,Economically active: Employee: Full-time (1),174,170,4
S01012221,Economically active: Self-employed: Total,17,17,0
S01012221,Economically active: Self-employed: Part-time (1),2,2,0
S01012221,Economically active: Self-employed: Full-time (1),15,15,0
S01012221,Economically active: Unemployed (1),27,24,3
S01012221,Economically inactive,264,259,5
S01012222,All people aged 16 and over,685,665,20
S01012222,Economically active: Total,366,359,7
S01012222,Economically active: Employee: Total,326,319,7
S01012222,Economically active: Employee: Part-time (1),80,79,1
S01012222,Economically active: Employee: Full-time (1),246,240,6
S01012222,Economically active: Self-employed: Total,20,20,0
S01012222,Economically active: Self-employed: Part-time (1),7,7,0
S01012222,Economically active: Self-employed: Full-time (1),13,13,0
S01012222,Economically active: Unemployed (1),20,20,0
S01012222,Economically inactive,319,306,13
S01012223,All people aged 16 and over,584,566,18
S01012223,Economically active: Total,320,308,12
S01012223,Economically active: Employee: Total,268,259,9
S01012223,Economically active: Employee: Part-time (1),77,74,3
S01012223,Economically active: Employee: Full-time (1),191,185,6
S01012223,Economically active: Self-employed: Total,16,14,2
S01012223,Economically active: Self-employed: Part-time (1),3,3,0
S01012223,Economically active: Self-employed: Full-time (1),13,11,2
S01012223,Economically active: Unemployed (1),36,35,1
S01012223,Economically inactive,264,258,6
S01012224,All people aged 16 and over,589,565,24
S01012224,Economically active: Total,386,371,15
S01012224,Economically active: Employee: Total,336,322,14
S01012224,Economically active: Employee: Part-time (1),89,82,7
S01012224,Economically active: Employee: Full-time (1),247,240,7
S01012224,Economically active: Self-employed: Total,22,22,0
S01012224,Economically active: Self-employed: Part-time (1),6,6,0
S01012224,Economically active: Self-employed: Full-time (1),16,16,0
S01012224,Economically active: Unemployed (1),28,27,1
S01012224,Economically inactive,203,194,9
S01012225,All people aged 16 and over,817,794,23
S01012225,Economically active: Total,514,503,11
S01012225,Economically active: Employee: Total,431,422,9
S01012225,Economically active: Employee: Part-time (1),123,122,1
S01012225,Economically active: Employee: Full-time (1),308,300,8
S01012225,Economically active: Self-employed: Total,32,32,0
S01012225,Economically active: Self-employed: Part-time (1),10,10,0
S01012225,Economically active: Self-employed: Full-time (1),22,22,0
S01012225,Economically active: Unemployed (1),51,49,2
S01012225,Economically inactive,303,291,12
S01012226,All people aged 16 and over,580,573,7
S01012226,Economically active: Total,383,378,5
S01012226,Economically active: Employee: Total,325,321,4
S01012226,Economically active: Employee: Part-time (1),106,104,2
S01012226,Economically active: Employee: Full-time (1),219,217,2
S01012226,Economically active: Self-employed: Total,27,27,0
S01012226,Economically active: Self-employed: Part-time (1),7,7,0
S01012226,Economically active: Self-employed: Full-time (1),20,20,0
S01012226,Economically active: Unemployed (1),31,30,1
S01012226,Economically inactive,197,195,2
S01012227,All people aged 16 and over,527,517,10
S01012227,Economically active: Total,343,336,7
S01012227,Economically active: Employee: Total,304,298,6
S01012227,Economically active: Employee: Part-time (1),95,92,3
S01012227,Economically active: Employee: Full-time (1),209,206,3
S01012227,Economically active: Self-employed: Total,13,13,0
S01012227,Economically active: Self-employed: Part-time (1),0,0,0
S01012227,Economically active: Self-employed: Full-time (1),13,13,0
S01012227,Economically active: Unemployed (1),26,25,1
S01012227,Economically inactive,184,181,3
S01012228,All people aged 16 and over,542,524,18
S01012228,Economically active: Total,361,351,10
S01012228,Economically active: Employee: Total,324,318,6
S01012228,Economically active: Employee: Part-time (1),103,101,2
S01012228,Economically active: Employee: Full-time (1),221,217,4
S01012228,Economically active: Self-employed: Total,17,16,1
S01012228,Economically active: Self-employed: Part-time (1),4,4,0
S01012228,Economically active: Self-employed: Full-time (1),13,12,1
S01012228,Economically active: Unemployed (1),20,17,3
S01012228,Economically inactive,181,173,8
S01012229,All people aged 16 and over,580,566,14
S01012229,Economically active: Total,430,419,11
S01012229,Economically active: Employee: Total,363,356,7
S01012229,Economically active: Employee: Part-time (1),88,86,2
S01012229,Economically active: Employee: Full-time (1),275,270,5
S01012229,Economically active: Self-employed: Total,37,35,2
S01012229,Economically active: Self-employed: Part-time (1),7,7,0
S01012229,Economically active: Self-employed: Full-time (1),30,28,2
S01012229,Economically active: Unemployed (1),30,28,2
S01012229,Economically inactive,150,147,3
S01012230,All people aged 16 and over,735,704,31
S01012230,Economically active: Total,514,495,19
S01012230,Economically active: Employee: Total,447,435,12
S01012230,Economically active: Employee: Part-time (1),116,111,5
S01012230,Economically active: Employee: Full-time (1),331,324,7
S01012230,Economically active: Self-employed: Total,47,41,6
S01012230,Economically active: Self-employed: Part-time (1),11,9,2
S01012230,Economically active: Self-employed: Full-time (1),36,32,4
S01012230,Economically active: Unemployed (1),20,19,1
S01012230,Economically inactive,221,209,12
S01012231,All people aged 16 and over,645,613,32
S01012231,Economically active: Total,457,436,21
S01012231,Economically active: Employee: Total,372,362,10
S01012231,Economically active: Employee: Part-time (1),110,104,6
S01012231,Economically active: Employee: Full-time (1),262,258,4
S01012231,Economically active: Self-employed: Total,65,58,7
S01012231,Economically active: Self-employed: Part-time (1),20,18,2
S01012231,Economically active: Self-employed: Full-time (1),45,40,5
S01012231,Economically active: Unemployed (1),20,16,4
S01012231,Economically inactive,188,177,11
S01012232,All people aged 16 and over,674,654,20
S01012232,Economically active: Total,473,456,17
S01012232,Economically active: Employee: Total,405,390,15
S01012232,Economically active: Employee: Part-time (1),109,105,4
S01012232,Economically active: Employee: Full-time (1),296,285,11
S01012232,Economically active: Self-employed: Total,47,46,1
S01012232,Economically active: Self-employed: Part-time (1),12,11,1
S01012232,Economically active: Self-employed: Full-time (1),35,35,0
S01012232,Economically active: Unemployed (1),21,20,1
S01012232,Economically inactive,201,198,3
S01012233,All people aged 16 and over,753,728,25
S01012233,Economically active: Total,501,488,13
S01012233,Economically active: Employee: Total,424,415,9
S01012233,Economically active: Employee: Part-time (1),119,116,3
S01012233,Economically active: Employee: Full-time (1),305,299,6
S01012233,Economically active: Self-employed: Total,55,52,3
S01012233,Economically active: Self-employed: Part-time (1),14,12,2
S01012233,Economically active: Self-employed: Full-time (1),41,40,1
S01012233,Economically active: Unemployed (1),22,21,1
S01012233,Economically inactive,252,240,12
S01012234,All people aged 16 and over,843,814,29
S01012234,Economically active: Total,614,591,23
S01012234,Economically active: Employee: Total,506,491,15
S01012234,Economically active: Employee: Part-time (1),146,142,4
S01012234,Economically active: Employee: Full-time (1),360,349,11
S01012234,Economically active: Self-employed: Total,74,68,6
S01012234,Economically active: Self-employed: Part-time (1),15,15,0
S01012234,Economically active: Self-employed: Full-time (1),59,53,6
S01012234,Economically active: Unemployed (1),34,32,2
S01012234,Economically inactive,229,223,6
S01012235,All people aged 16 and over,407,400,7
S01012235,Economically active: Total,210,207,3
S01012235,Economically active: Employee: Total,174,173,1
S01012235,Economically active: Employee: Part-time (1),55,55,0
S01012235,Economically active: Employee: Full-time (1),119,118,1
S01012235,Economically active: Self-employed: Total,33,31,2
S01012235,Economically active: Self-employed: Part-time (1),12,11,1
S01012235,Economically active: Self-employed: Full-time (1),21,20,1
S01012235,Economically active: Unemployed (1),3,3,0
S01012235,Economically inactive,197,193,4
S01012236,All people aged 16 and over,500,488,12
S01012236,Economically active: Total,310,303,7
S01012236,Economically active: Employee: Total,255,248,7
S01012236,Economically active: Employee: Part-time (1),67,66,1
S01012236,Economically active: Employee: Full-time (1),188,182,6
S01012236,Economically active: Self-employed: Total,36,36,0
S01012236,Economically active: Self-employed: Part-time (1),13,13,0
S01012236,Economically active: Self-employed: Full-time (1),23,23,0
S01012236,Economically active: Unemployed (1),19,19,0
S01012236,Economically inactive,190,185,5
S01012237,All people aged 16 and over,635,599,36
S01012237,Economically active: Total,390,368,22
S01012237,Economically active: Employee: Total,300,285,15
S01012237,Economically active: Employee: Part-time (1),92,86,6
S01012237,Economically active: Employee: Full-time (1),208,199,9
S01012237,Economically active: Self-employed: Total,66,62,4
S01012237,Economically active: Self-employed: Part-time (1),22,21,1
S01012237,Economically active: Self-employed: Full-time (1),44,41,3
S01012237,Economically active: Unemployed (1),24,21,3
S01012237,Economically inactive,245,231,14
S01012238,All people aged 16 and over,509,486,23
S01012238,Economically active: Total,308,293,15
S01012238,Economically active: Employee: Total,247,235,12
S01012238,Economically active: Employee: Part-time (1),62,60,2
S01012238,Economically active: Employee: Full-time (1),185,175,10
S01012238,Economically active: Self-employed: Total,34,32,2
S01012238,Economically active: Self-employed: Part-time (1),13,11,2
S01012238,Economically active: Self-employed: Full-time (1),21,21,0
S01012238,Economically active: Unemployed (1),27,26,1
S01012238,Economically inactive,201,193,8
S01012239,All people aged 16 and over,485,464,21
S01012239,Economically active: Total,288,274,14
S01012239,Economically active: Employee: Total,226,214,12
S01012239,Economically active: Employee: Part-time (1),72,70,2
S01012239,Economically active: Employee: Full-time (1),154,144,10
S01012239,Economically active: Self-employed: Total,25,25,0
S01012239,Economically active: Self-employed: Part-time (1),6,6,0
S01012239,Economically active: Self-employed: Full-time (1),19,19,0
S01012239,Economically active: Unemployed (1),37,35,2
S01012239,Economically inactive,197,190,7
S01012240,All people aged 16 and over,701,671,30
S01012240,Economically active: Total,383,370,13
S01012240,Economically active: Employee: Total,317,307,10
S01012240,Economically active: Employee: Part-time (1),83,82,1
S01012240,Economically active: Employee: Full-time (1),234,225,9
S01012240,Economically active: Self-employed: Total,36,33,3
S01012240,Economically active: Self-employed: Part-time (1),13,11,2
S01012240,Economically active: Self-employed: Full-time (1),23,22,1
S01012240,Economically active: Unemployed (1),30,30,0
S01012240,Economically inactive,318,301,17
S01012241,All people aged 16 and over,444,423,21
S01012241,Economically active: Total,268,253,15
S01012241,Economically active: Employee: Total,202,190,12
S01012241,Economically active: Employee: Part-time (1),43,41,2
S01012241,Economically active: Employee: Full-time (1),159,149,10
S01012241,Economically active: Self-employed: Total,55,53,2
S01012241,Economically active: Self-employed: Part-time (1),17,17,0
S01012241,Economically active: Self-employed: Full-time (1),38,36,2
S01012241,Economically active: Unemployed (1),11,10,1
S01012241,Economically inactive,176,170,6
S01012242,All people aged 16 and over,639,592,47
S01012242,Economically active: Total,399,370,29
S01012242,Economically active: Employee: Total,318,296,22
S01012242,Economically active: Employee: Part-time (1),87,81,6
S01012242,Economically active: Employee: Full-time (1),231,215,16
S01012242,Economically active: Self-employed: Total,63,58,5
S01012242,Economically active: Self-employed: Part-time (1),23,21,2
S01012242,Economically active: Self-employed: Full-time (1),40,37,3
S01012242,Economically active: Unemployed (1),18,16,2
S01012242,Economically inactive,240,222,18
S01012243,All people aged 16 and over,485,468,17
S01012243,Economically active: Total,309,300,9
S01012243,Economically active: Employee: Total,249,244,5
S01012243,Economically active: Employee: Part-time (1),69,66,3
S01012243,Economically active: Employee: Full-time (1),180,178,2
S01012243,Economically active: Self-employed: Total,44,41,3
S01012243,Economically active: Self-employed: Part-time (1),14,13,1
S01012243,Economically active: Self-employed: Full-time (1),30,28,2
S01012243,Economically active: Unemployed (1),16,15,1
S01012243,Economically inactive,176,168,8
S01012244,All people aged 16 and over,749,662,87
S01012244,Economically active: Total,519,453,66
S01012244,Economically active: Employee: Total,364,311,53
S01012244,Economically active: Employee: Part-time (1),96,90,6
S01012244,Economically active: Employee: Full-time (1),268,221,47
S01012244,Economically active: Self-employed: Total,139,131,8
S01012244,Economically active: Self-employed: Part-time (1),47,45,2
S01012244,Economically active: Self-employed: Full-time (1),92,86,6
S01012244,Economically active: Unemployed (1),16,11,5
S01012244,Economically inactive,230,209,21
S01012245,All people aged 16 and over,587,554,33
S01012245,Economically active: Total,350,332,18
S01012245,Economically active: Employee: Total,269,256,13
S01012245,Economically active: Employee: Part-time (1),95,90,5
S01012245,Economically active: Employee: Full-time (1),174,166,8
S01012245,Economically active: Self-employed: Total,65,61,4
S01012245,Economically active: Self-employed: Part-time (1),21,19,2
S01012245,Economically active: Self-employed: Full-time (1),44,42,2
S01012245,Economically active: Unemployed (1),16,15,1
S01012245,Economically inactive,237,222,15
S01012246,All people aged 16 and over,581,545,36
S01012246,Economically active: Total,408,382,26
S01012246,Economically active: Employee: Total,310,293,17
S01012246,Economically active: Employee: Part-time (1),110,105,5
S01012246,Economically active: Employee: Full-time (1),200,188,12
S01012246,Economically active: Self-employed: Total,84,78,6
S01012246,Economically active: Self-employed: Part-time (1),24,22,2
S01012246,Economically active: Self-employed: Full-time (1),60,56,4
S01012246,Economically active: Unemployed (1),14,11,3
S01012246,Economically inactive,173,163,10
S01012247,All people aged 16 and over,613,551,62
S01012247,Economically active: Total,413,363,50
S01012247,Economically active: Employee: Total,323,281,42
S01012247,Economically active: Employee: Part-time (1),90,78,12
S01012247,Economically active: Employee: Full-time (1),233,203,30
S01012247,Economically active: Self-employed: Total,79,71,8
S01012247,Economically active: Self-employed: Part-time (1),30,24,6
S01012247,Economically active: Self-employed: Full-time (1),49,47,2
S01012247,Economically active: Unemployed (1),11,11,0
S01012247,Economically inactive,200,188,12
S01012248,All people aged 16 and over,656,604,52
S01012248,Economically active: Total,470,425,45
S01012248,Economically active: Employee: Total,313,282,31
S01012248,Economically active: Employee: Part-time (1),95,85,10
S01012248,Economically active: Employee: Full-time (1),218,197,21
S01012248,Economically active: Self-employed: Total,136,123,13
S01012248,Economically active: Self-employed: Part-time (1),37,33,4
S01012248,Economically active: Self-employed: Full-time (1),99,90,9
S01012248,Economically active: Unemployed (1),21,20,1
S01012248,Economically inactive,186,179,7
S01012249,All people aged 16 and over,694,648,46
S01012249,Economically active: Total,488,460,28
S01012249,Economically active: Employee: Total,317,297,20
S01012249,Economically active: Employee: Part-time (1),101,96,5
S01012249,Economically active: Employee: Full-time (1),216,201,15
S01012249,Economically active: Self-employed: Total,148,143,5
S01012249,Economically active: Self-employed: Part-time (1),46,44,2
S01012249,Economically active: Self-employed: Full-time (1),102,99,3
S01012249,Economically active: Unemployed (1),23,20,3
S01012249,Economically inactive,206,188,18
S01012250,All people aged 16 and over,563,518,45
S01012250,Economically active: Total,397,365,32
S01012250,Economically active: Employee: Total,276,251,25
S01012250,Economically active: Employee: Part-time (1),86,82,4
S01012250,Economically active: Employee: Full-time (1),190,169,21
S01012250,Economically active: Self-employed: Total,108,102,6
S01012250,Economically active: Self-employed: Part-time (1),26,25,1
S01012250,Economically active: Self-employed: Full-time (1),82,77,5
S01012250,Economically active: Unemployed (1),13,12,1
S01012250,Economically inactive,166,153,13
S01012251,All people aged 16 and over,780,731,49
S01012251,Economically active: Total,499,458,41
S01012251,Economically active: Employee: Total,393,360,33
S01012251,Economically active: Employee: Part-time (1),123,116,7
S01012251,Economically active: Employee: Full-time (1),270,244,26
S01012251,Economically active: Self-employed: Total,58,52,6
S01012251,Economically active: Self-employed: Part-time (1),18,16,2
S01012251,Economically active: Self-employed: Full-time (1),40,36,4
S01012251,Economically active: Unemployed (1),48,46,2
S01012251,Economically inactive,281,273,8
S01012252,All people aged 16 and over,566,530,36
S01012252,Economically active: Total,389,357,32
S01012252,Economically active: Employee: Total,302,278,24
S01012252,Economically active: Employee: Part-time (1),115,104,11
S01012252,Economically active: Employee: Full-time (1),187,174,13
S01012252,Economically active: Self-employed: Total,55,51,4
S01012252,Economically active: Self-employed: Part-time (1),11,11,0
S01012252,Economically active: Self-employed: Full-time (1),44,40,4
S01012252,Economically active: Unemployed (1),32,28,4
S01012252,Economically inactive,177,173,4
S01012253,All people aged 16 and over,789,716,73
S01012253,Economically active: Total,469,416,53
S01012253,Economically active: Employee: Total,373,328,45
S01012253,Economically active: Employee: Part-time (1),108,101,7
S01012253,Economically active: Employee: Full-time (1),265,227,38
S01012253,Economically active: Self-employed: Total,70,65,5
S01012253,Economically active: Self-employed: Part-time (1),21,20,1
S01012253,Economically active: Self-employed: Full-time (1),49,45,4
S01012253,Economically active: Unemployed (1),26,23,3
S01012253,Economically inactive,320,300,20
S01012254,All people aged 16 and over,700,638,62
S01012254,Economically active: Total,460,405,55
S01012254,Economically active: Employee: Total,365,314,51
S01012254,Economically active: Employee: Part-time (1),98,86,12
S01012254,Economically active: Employee: Full-time (1),267,228,39
S01012254,Economically active: Self-employed: Total,69,67,2
S01012254,Economically active: Self-employed: Part-time (1),17,17,0
S01012254,Economically active: Self-employed: Full-time (1),52,50,2
S01012254,Economically active: Unemployed (1),26,24,2
S01012254,Economically inactive,240,233,7
S01012255,All people aged 16 and over,815,720,95
S01012255,Economically active: Total,436,367,69
S01012255,Economically active: Employee: Total,337,278,59
S01012255,Economically active: Employee: Part-time (1),83,77,6
S01012255,Economically active: Employee: Full-time (1),254,201,53
S01012255,Economically active: Self-employed: Total,74,66,8
S01012255,Economically active: Self-employed: Part-time (1),17,12,5
S01012255,Economically active: Self-employed: Full-time (1),57,54,3
S01012255,Economically active: Unemployed (1),25,23,2
S01012255,Economically inactive,379,353,26
S01012256,All people aged 16 and over,671,627,44
S01012256,Economically active: Total,454,423,31
S01012256,Economically active: Employee: Total,370,349,21
S01012256,Economically active: Employee: Part-time (1),122,117,5
S01012256,Economically active: Employee: Full-time (1),248,232,16
S01012256,Economically active: Self-employed: Total,65,57,8
S01012256,Economically active: Self-employed: Part-time (1),23,21,2
S01012256,Economically active: Self-employed: Full-time (1),42,36,6
S01012256,Economically active: Unemployed (1),19,17,2
S01012256,Economically inactive,217,204,13
S01012257,All people aged 16 and over,764,724,40
S01012257,Economically active: Total,503,471,32
S01012257,Economically active: Employee: Total,422,393,29
S01012257,Economically active: Employee: Part-time (1),138,134,4
S01012257,Economically active: Employee: Full-time (1),284,259,25
S01012257,Economically active: Self-employed: Total,50,48,2
S01012257,Economically active: Self-employed: Part-time (1),23,22,1
S01012257,Economically active: Self-employed: Full-time (1),27,26,1
S01012257,Economically active: Unemployed (1),31,30,1
S01012257,Economically inactive,261,253,8
S01012258,All people aged 16 and over,585,562,23
S01012258,Economically active: Total,331,316,15
S01012258,Economically active: Employee: Total,268,258,10
S01012258,Economically active: Employee: Part-time (1),90,87,3
S01012258,Economically active: Employee: Full-time (1),178,171,7
S01012258,Economically active: Self-employed: Total,51,48,3
S01012258,Economically active: Self-employed: Part-time (1),15,14,1
S01012258,Economically active: Self-employed: Full-time (1),36,34,2
S01012258,Economically active: Unemployed (1),12,10,2
S01012258,Economically inactive,254,246,8
S01012259,All people aged 16 and over,518,492,26
S01012259,Economically active: Total,273,258,15
S01012259,Economically active: Employee: Total,205,194,11
S01012259,Economically active: Employee: Part-time (1),75,70,5
S01012259,Economically active: Employee: Full-time (1),130,124,6
S01012259,Economically active: Self-employed: Total,55,52,3
S01012259,Economically active: Self-employed: Part-time (1),20,17,3
S01012259,Economically active: Self-employed: Full-time (1),35,35,0
S01012259,Economically active: Unemployed (1),13,12,1
S01012259,Economically inactive,245,234,11
S01012260,All people aged 16 and over,713,678,35
S01012260,Economically active: Total,392,371,21
S01012260,Economically active: Employee: Total,305,287,18
S01012260,Economically active: Employee: Part-time (1),94,90,4
S01012260,Economically active: Employee: Full-time (1),211,197,14
S01012260,Economically active: Self-employed: Total,67,64,3
S01012260,Economically active: Self-employed: Part-time (1),14,14,0
S01012260,Economically active: Self-employed: Full-time (1),53,50,3
S01012260,Economically active: Unemployed (1),20,20,0
S01012260,Economically inactive,321,307,14
S01012261,All people aged 16 and over,632,601,31
S01012261,Economically active: Total,455,434,21
S01012261,Economically active: Employee: Total,377,358,19
S01012261,Economically active: Employee: Part-time (1),124,119,5
S01012261,Economically active: Employee: Full-time (1),253,239,14
S01012261,Economically active: Self-employed: Total,63,61,2
S01012261,Economically active: Self-employed: Part-time (1),28,26,2
S01012261,Economically active: Self-employed: Full-time (1),35,35,0
S01012261,Economically active: Unemployed (1),15,15,0
S01012261,Economically inactive,177,167,10
S01012262,All people aged 16 and over,653,623,30
S01012262,Economically active: Total,449,423,26
S01012262,Economically active: Employee: Total,303,291,12
S01012262,Economically active: Employee: Part-time (1),79,76,3
S01012262,Economically active: Employee: Full-time (1),224,215,9
S01012262,Economically active: Self-employed: Total,130,117,13
S01012262,Economically active: Self-employed: Part-time (1),40,37,3
S01012262,Economically active: Self-employed: Full-time (1),90,80,10
S01012262,Economically active: Unemployed (1),16,15,1
S01012262,Economically inactive,204,200,4
S01012263,All people aged 16 and over,596,557,39
S01012263,Economically active: Total,407,375,32
S01012263,Economically active: Employee: Total,294,268,26
S01012263,Economically active: Employee: Part-time (1),90,86,4
S01012263,Economically active: Employee: Full-time (1),204,182,22
S01012263,Economically active: Self-employed: Total,74,69,5
S01012263,Economically active: Self-employed: Part-time (1),20,18,2
S01012263,Economically active: Self-employed: Full-time (1),54,51,3
S01012263,Economically active: Unemployed (1),39,38,1
S01012263,Economically inactive,189,182,7
S01012264,All people aged 16 and over,385,364,21
S01012264,Economically active: Total,221,209,12
S01012264,Economically active: Employee: Total,174,164,10
S01012264,Economically active: Employee: Part-time (1),56,51,5
S01012264,Economically active: Employee: Full-time (1),118,113,5
S01012264,Economically active: Self-employed: Total,34,32,2
S01012264,Economically active: Self-employed: Part-time (1),11,11,0
S01012264,Economically active: Self-employed: Full-time (1),23,21,2
S01012264,Economically active: Unemployed (1),13,13,0
S01012264,Economically inactive,164,155,9
S01012265,All people aged 16 and over,638,621,17
S01012265,Economically active: Total,396,386,10
S01012265,Economically active: Employee: Total,320,314,6
S01012265,Economically active: Employee: Part-time (1),96,93,3
S01012265,Economically active: Employee: Full-time (1),224,221,3
S01012265,Economically active: Self-employed: Total,45,43,2
S01012265,Economically active: Self-employed: Part-time (1),13,13,0
S01012265,Economically active: Self-employed: Full-time (1),32,30,2
S01012265,Economically active: Unemployed (1),31,29,2
S01012265,Economically inactive,242,235,7
S01012266,All people aged 16 and over,904,862,42
S01012266,Economically active: Total,512,484,28
S01012266,Economically active: Employee: Total,413,390,23
S01012266,Economically active: Employee: Part-time (1),122,116,6
S01012266,Economically active: Employee: Full-time (1),291,274,17
S01012266,Economically active: Self-employed: Total,76,74,2
S01012266,Economically active: Self-employed: Part-time (1),21,20,1
S01012266,Economically active: Self-employed: Full-time (1),55,54,1
S01012266,Economically active: Unemployed (1),23,20,3
S01012266,Economically inactive,392,378,14
S01012267,All people aged 16 and over,596,580,16
S01012267,Economically active: Total,370,362,8
S01012267,Economically active: Employee: Total,278,271,7
S01012267,Economically active: Employee: Part-time (1),83,83,0
S01012267,Economically active: Employee: Full-time (1),195,188,7
S01012267,Economically active: Self-employed: Total,80,79,1
S01012267,Economically active: Self-employed: Part-time (1),20,20,0
S01012267,Economically active: Self-employed: Full-time (1),60,59,1
S01012267,Economically active: Unemployed (1),12,12,0
S01012267,Economically inactive,226,218,8
S01012268,All people aged 16 and over,504,479,25
S01012268,Economically active: Total,357,337,20
S01012268,Economically active: Employee: Total,239,224,15
S01012268,Economically active: Employee: Part-time (1),62,58,4
S01012268,Economically active: Employee: Full-time (1),177,166,11
S01012268,Economically active: Self-employed: Total,105,102,3
S01012268,Economically active: Self-employed: Part-time (1),36,36,0
S01012268,Economically active: Self-employed: Full-time (1),69,66,3
S01012268,Economically active: Unemployed (1),13,11,2
S01012268,Economically inactive,147,142,5
S01012269,All people aged 16 and over,830,804,26
S01012269,Economically active: Total,519,498,21
S01012269,Economically active: Employee: Total,409,394,15
S01012269,Economically active: Employee: Part-time (1),133,126,7
S01012269,Economically active: Employee: Full-time (1),276,268,8
S01012269,Economically active: Self-employed: Total,88,83,5
S01012269,Economically active: Self-employed: Part-time (1),18,17,1
S01012269,Economically active: Self-employed: Full-time (1),70,66,4
S01012269,Economically active: Unemployed (1),22,21,1
S01012269,Economically inactive,311,306,5
S01012270,All people aged 16 and over,626,593,33
S01012270,Economically active: Total,397,373,24
S01012270,Economically active: Employee: Total,320,305,15
S01012270,Economically active: Employee: Part-time (1),103,99,4
S01012270,Economically active: Employee: Full-time (1),217,206,11
S01012270,Economically active: Self-employed: Total,53,46,7
S01012270,Economically active: Self-employed: Part-time (1),13,13,0
S01012270,Economically active: Self-employed: Full-time (1),40,33,7
S01012270,Economically active: Unemployed (1),24,22,2
S01012270,Economically inactive,229,220,9
S01012271,All people aged 16 and over,817,772,45
S01012271,Economically active: Total,603,572,31
S01012271,Economically active: Employee: Total,409,385,24
S01012271,Economically active: Employee: Part-time (1),126,118,8
S01012271,Economically active: Employee: Full-time (1),283,267,16
S01012271,Economically active: Self-employed: Total,167,160,7
S01012271,Economically active: Self-employed: Part-time (1),48,46,2
S01012271,Economically active: Self-employed: Full-time (1),119,114,5
S01012271,Economically active: Unemployed (1),27,27,0
S01012271,Economically inactive,214,200,14
S01012272,All people aged 16 and over,569,534,35
S01012272,Economically active: Total,384,354,30
S01012272,Economically active: Employee: Total,296,276,20
S01012272,Economically active: Employee: Part-time (1),91,87,4
S01012272,Economically active: Employee: Full-time (1),205,189,16
S01012272,Economically active: Self-employed: Total,69,61,8
S01012272,Economically active: Self-employed: Part-time (1),21,17,4
S01012272,Economically active: Self-employed: Full-time (1),48,44,4
S01012272,Economically active: Unemployed (1),19,17,2
S01012272,Economically inactive,185,180,5
S01012273,All people aged 16 and over,592,568,24
S01012273,Economically active: Total,381,360,21
S01012273,Economically active: Employee: Total,302,287,15
S01012273,Economically active: Employee: Part-time (1),102,99,3
S01012273,Economically active: Employee: Full-time (1),200,188,12
S01012273,Economically active: Self-employed: Total,60,55,5
S01012273,Economically active: Self-employed: Part-time (1),13,13,0
S01012273,Economically active: Self-employed: Full-time (1),47,42,5
S01012273,Economically active: Unemployed (1),19,18,1
S01012273,Economically inactive,211,208,3
S01012274,All people aged 16 and over,763,738,25
S01012274,Economically active: Total,551,533,18
S01012274,Economically active: Employee: Total,446,434,12
S01012274,Economically active: Employee: Part-time (1),147,142,5
S01012274,Economically active: Employee: Full-time (1),299,292,7
S01012274,Economically active: Self-employed: Total,67,64,3
S01012274,Economically active: Self-employed: Part-time (1),23,23,0
S01012274,Economically active: Self-employed: Full-time (1),44,41,3
S01012274,Economically active: Unemployed (1),38,35,3
S01012274,Economically inactive,212,205,7
S01012275,All people aged 16 and over,724,644,80
S01012275,Economically active: Total,517,466,51
S01012275,Economically active: Employee: Total,422,383,39
S01012275,Economically active: Employee: Part-time (1),147,136,11
S01012275,Economically active: Employee: Full-time (1),275,247,28
S01012275,Economically active: Self-employed: Total,42,36,6
S01012275,Economically active: Self-employed: Part-time (1),7,6,1
S01012275,Economically active: Self-employed: Full-time (1),35,30,5
S01012275,Economically active: Unemployed (1),53,47,6
S01012275,Economically inactive,207,178,29
S01012276,All people aged 16 and over,807,766,41
S01012276,Economically active: Total,524,499,25
S01012276,Economically active: Employee: Total,433,416,17
S01012276,Economically active: Employee: Part-time (1),121,115,6
S01012276,Economically active: Employee: Full-time (1),312,301,11
S01012276,Economically active: Self-employed: Total,55,52,3
S01012276,Economically active: Self-employed: Part-time (1),6,5,1
S01012276,Economically active: Self-employed: Full-time (1),49,47,2
S01012276,Economically active: Unemployed (1),36,31,5
S01012276,Economically inactive,283,267,16
S01012277,All people aged 16 and over,842,792,50
S01012277,Economically active: Total,595,563,32
S01012277,Economically active: Employee: Total,474,446,28
S01012277,Economically active: Employee: Part-time (1),147,140,7
S01012277,Economically active: Employee: Full-time (1),327,306,21
S01012277,Economically active: Self-employed: Total,73,70,3
S01012277,Economically active: Self-employed: Part-time (1),15,14,1
S01012277,Economically active: Self-employed: Full-time (1),58,56,2
S01012277,Economically active: Unemployed (1),48,47,1
S01012277,Economically inactive,247,229,18
S01012278,All people aged 16 and over,649,590,59
S01012278,Economically active: Total,376,333,43
S01012278,Economically active: Employee: Total,302,267,35
S01012278,Economically active: Employee: Part-time (1),93,87,6
S01012278,Economically active: Employee: Full-time (1),209,180,29
S01012278,Economically active: Self-employed: Total,35,30,5
S01012278,Economically active: Self-employed: Part-time (1),4,4,0
S01012278,Economically active: Self-employed: Full-time (1),31,26,5
S01012278,Economically active: Unemployed (1),39,36,3
S01012278,Economically inactive,273,257,16
S01012279,All people aged 16 and over,639,572,67
S01012279,Economically active: Total,428,381,47
S01012279,Economically active: Employee: Total,368,327,41
S01012279,Economically active: Employee: Part-time (1),98,88,10
S01012279,Economically active: Employee: Full-time (1),270,239,31
S01012279,Economically active: Self-employed: Total,26,25,1
S01012279,Economically active: Self-employed: Part-time (1),4,4,0
S01012279,Economically active: Self-employed: Full-time (1),22,21,1
S01012279,Economically active: Unemployed (1),34,29,5
S01012279,Economically inactive,211,191,20
S01012280,All people aged 16 and over,764,735,29
S01012280,Economically active: Total,526,507,19
S01012280,Economically active: Employee: Total,426,408,18
S01012280,Economically active: Employee: Part-time (1),152,149,3
S01012280,Economically active: Employee: Full-time (1),274,259,15
S01012280,Economically active: Self-employed: Total,44,44,0
S01012280,Economically active: Self-employed: Part-time (1),7,7,0
S01012280,Economically active: Self-employed: Full-time (1),37,37,0
S01012280,Economically active: Unemployed (1),56,55,1
S01012280,Economically inactive,238,228,10
S01012281,All people aged 16 and over,617,576,41
S01012281,Economically active: Total,420,387,33
S01012281,Economically active: Employee: Total,357,327,30
S01012281,Economically active: Employee: Part-time (1),104,94,10
S01012281,Economically active: Employee: Full-time (1),253,233,20
S01012281,Economically active: Self-employed: Total,40,37,3
S01012281,Economically active: Self-employed: Part-time (1),11,10,1
S01012281,Economically active: Self-employed: Full-time (1),29,27,2
S01012281,Economically active: Unemployed (1),23,23,0
S01012281,Economically inactive,197,189,8
S01012282,All people aged 16 and over,978,896,82
S01012282,Economically active: Total,504,469,35
S01012282,Economically active: Employee: Total,391,365,26
S01012282,Economically active: Employee: Part-time (1),150,140,10
S01012282,Economically active: Employee: Full-time (1),241,225,16
S01012282,Economically active: Self-employed: Total,65,62,3
S01012282,Economically active: Self-employed: Part-time (1),17,17,0
S01012282,Economically active: Self-employed: Full-time (1),48,45,3
S01012282,Economically active: Unemployed (1),48,42,6
S01012282,Economically inactive,474,427,47
S01012283,All people aged 16 and over,713,665,48
S01012283,Economically active: Total,469,436,33
S01012283,Economically active: Employee: Total,367,341,26
S01012283,Economically active: Employee: Part-time (1),142,131,11
S01012283,Economically active: Employee: Full-time (1),225,210,15
S01012283,Economically active: Self-employed: Total,71,66,5
S01012283,Economically active: Self-employed: Part-time (1),17,15,2
S01012283,Economically active: Self-employed: Full-time (1),54,51,3
S01012283,Economically active: Unemployed (1),31,29,2
S01012283,Economically inactive,244,229,15
S01012284,All people aged 16 and over,669,615,54
S01012284,Economically active: Total,403,361,42
S01012284,Economically active: Employee: Total,305,276,29
S01012284,Economically active: Employee: Part-time (1),93,87,6
S01012284,Economically active: Employee: Full-time (1),212,189,23
S01012284,Economically active: Self-employed: Total,40,31,9
S01012284,Economically active: Self-employed: Part-time (1),8,5,3
S01012284,Economically active: Self-employed: Full-time (1),32,26,6
S01012284,Economically active: Unemployed (1),58,54,4
S01012284,Economically inactive,266,254,12
S01012285,All people aged 16 and over,487,460,27
S01012285,Economically active: Total,272,257,15
S01012285,Economically active: Employee: Total,226,216,10
S01012285,Economically active: Employee: Part-time (1),71,70,1
S01012285,Economically active: Employee: Full-time (1),155,146,9
S01012285,Economically active: Self-employed: Total,32,29,3
S01012285,Economically active: Self-employed: Part-time (1),4,3,1
S01012285,Economically active: Self-employed: Full-time (1),28,26,2
S01012285,Economically active: Unemployed (1),14,12,2
S01012285,Economically inactive,215,203,12
S01012286,All people aged 16 and over,879,796,83
S01012286,Economically active: Total,518,464,54
S01012286,Economically active: Employee: Total,411,367,44
S01012286,Economically active: Employee: Part-time (1),143,121,22
S01012286,Economically active: Employee: Full-time (1),268,246,22
S01012286,Economically active: Self-employed: Total,49,43,6
S01012286,Economically active: Self-employed: Part-time (1),14,11,3
S01012286,Economically active: Self-employed: Full-time (1),35,32,3
S01012286,Economically active: Unemployed (1),58,54,4
S01012286,Economically inactive,361,332,29
S01012287,All people aged 16 and over,764,636,128
S01012287,Economically active: Total,452,349,103
S01012287,Economically active: Employee: Total,336,253,83
S01012287,Economically active: Employee: Part-time (1),114,92,22
S01012287,Economically active: Employee: Full-time (1),222,161,61
S01012287,Economically active: Self-employed: Total,37,27,10
S01012287,Economically active: Self-employed: Part-time (1),17,11,6
S01012287,Economically active: Self-employed: Full-time (1),20,16,4
S01012287,Economically active: Unemployed (1),79,69,10
S01012287,Economically inactive,312,287,25
S01012288,All people aged 16 and over,623,556,67
S01012288,Economically active: Total,402,352,50
S01012288,Economically active: Employee: Total,287,248,39
S01012288,Economically active: Employee: Part-time (1),100,89,11
S01012288,Economically active: Employee: Full-time (1),187,159,28
S01012288,Economically active: Self-employed: Total,29,23,6
S01012288,Economically active: Self-employed: Part-time (1),9,6,3
S01012288,Economically active: Self-employed: Full-time (1),20,17,3
S01012288,Economically active: Unemployed (1),86,81,5
S01012288,Economically inactive,221,204,17
S01012289,All people aged 16 and over,740,668,72
S01012289,Economically active: Total,371,324,47
S01012289,Economically active: Employee: Total,268,237,31
S01012289,Economically active: Employee: Part-time (1),85,73,12
S01012289,Economically active: Employee: Full-time (1),183,164,19
S01012289,Economically active: Self-employed: Total,91,77,14
S01012289,Economically active: Self-employed: Part-time (1),22,19,3
S01012289,Economically active: Self-employed: Full-time (1),69,58,11
S01012289,Economically active: Unemployed (1),12,10,2
S01012289,Economically inactive,369,344,25
S01012290,All people aged 16 and over,475,450,25
S01012290,Economically active: Total,276,260,16
S01012290,Economically active: Employee: Total,216,205,11
S01012290,Economically active: Employee: Part-time (1),63,60,3
S01012290,Economically active: Employee: Full-time (1),153,145,8
S01012290,Economically active: Self-employed: Total,38,35,3
S01012290,Economically active: Self-employed: Part-time (1),14,13,1
S01012290,Economically active: Self-employed: Full-time (1),24,22,2
S01012290,Economically active: Unemployed (1),22,20,2
S01012290,Economically inactive,199,190,9
S01012291,All people aged 16 and over,734,672,62
S01012291,Economically active: Total,505,472,33
S01012291,Economically active: Employee: Total,412,387,25
S01012291,Economically active: Employee: Part-time (1),146,136,10
S01012291,Economically active: Employee: Full-time (1),266,251,15
S01012291,Economically active: Self-employed: Total,67,60,7
S01012291,Economically active: Self-employed: Part-time (1),18,15,3
S01012291,Economically active: Self-employed: Full-time (1),49,45,4
S01012291,Economically active: Unemployed (1),26,25,1
S01012291,Economically inactive,229,200,29
S01012292,All people aged 16 and over,625,581,44
S01012292,Economically active: Total,305,277,28
S01012292,Economically active: Employee: Total,214,198,16
S01012292,Economically active: Employee: Part-time (1),75,71,4
S01012292,Economically active: Employee: Full-time (1),139,127,12
S01012292,Economically active: Self-employed: Total,85,74,11
S01012292,Economically active: Self-employed: Part-time (1),27,25,2
S01012292,Economically active: Self-employed: Full-time (1),58,49,9
S01012292,Economically active: Unemployed (1),6,5,1
S01012292,Economically inactive,320,304,16
S01012293,All people aged 16 and over,380,355,25
S01012293,Economically active: Total,241,221,20
S01012293,Economically active: Employee: Total,205,191,14
S01012293,Economically active: Employee: Part-time (1),52,47,5
S01012293,Economically active: Employee: Full-time (1),153,144,9
S01012293,Economically active: Self-employed: Total,26,22,4
S01012293,Economically active: Self-employed: Part-time (1),3,3,0
S01012293,Economically active: Self-employed: Full-time (1),23,19,4
S01012293,Economically active: Unemployed (1),10,8,2
S01012293,Economically inactive,139,134,5
S01012294,All people aged 16 and over,704,668,36
S01012294,Economically active: Total,481,456,25
S01012294,Economically active: Employee: Total,415,392,23
S01012294,Economically active: Employee: Part-time (1),130,124,6
S01012294,Economically active: Employee: Full-time (1),285,268,17
S01012294,Economically active: Self-employed: Total,41,40,1
S01012294,Economically active: Self-employed: Part-time (1),12,12,0
S01012294,Economically active: Self-employed: Full-time (1),29,28,1
S01012294,Economically active: Unemployed (1),25,24,1
S01012294,Economically inactive,223,212,11
S01012295,All people aged 16 and over,569,528,41
S01012295,Economically active: Total,423,393,30
S01012295,Economically active: Employee: Total,345,327,18
S01012295,Economically active: Employee: Part-time (1),102,97,5
S01012295,Economically active: Employee: Full-time (1),243,230,13
S01012295,Economically active: Self-employed: Total,55,45,10
S01012295,Economically active: Self-employed: Part-time (1),8,6,2
S01012295,Economically active: Self-employed: Full-time (1),47,39,8
S01012295,Economically active: Unemployed (1),23,21,2
S01012295,Economically inactive,146,135,11
S01012296,All people aged 16 and over,631,592,39
S01012296,Economically active: Total,488,458,30
S01012296,Economically active: Employee: Total,394,373,21
S01012296,Economically active: Employee: Part-time (1),110,105,5
S01012296,Economically active: Employee: Full-time (1),284,268,16
S01012296,Economically active: Self-employed: Total,83,75,8
S01012296,Economically active: Self-employed: Part-time (1),24,21,3
S01012296,Economically active: Self-employed: Full-time (1),59,54,5
S01012296,Economically active: Unemployed (1),11,10,1
S01012296,Economically inactive,143,134,9
S01012297,All people aged 16 and over,476,453,23
S01012297,Economically active: Total,337,321,16
S01012297,Economically active: Employee: Total,201,192,9
S01012297,Economically active: Employee: Part-time (1),56,53,3
S01012297,Economically active: Employee: Full-time (1),145,139,6
S01012297,Economically active: Self-employed: Total,126,119,7
S01012297,Economically active: Self-employed: Part-time (1),32,28,4
S01012297,Economically active: Self-employed: Full-time (1),94,91,3
S01012297,Economically active: Unemployed (1),10,10,0
S01012297,Economically inactive,139,132,7
S01012298,All people aged 16 and over,679,659,20
S01012298,Economically active: Total,434,418,16
S01012298,Economically active: Employee: Total,335,325,10
S01012298,Economically active: Employee: Part-time (1),86,85,1
S01012298,Economically active: Employee: Full-time (1),249,240,9
S01012298,Economically active: Self-employed: Total,82,78,4
S01012298,Economically active: Self-employed: Part-time (1),19,17,2
S01012298,Economically active: Self-employed: Full-time (1),63,61,2
S01012298,Economically active: Unemployed (1),17,15,2
S01012298,Economically inactive,245,241,4
S01012299,All people aged 16 and over,506,471,35
S01012299,Economically active: Total,364,333,31
S01012299,Economically active: Employee: Total,262,239,23
S01012299,Economically active: Employee: Part-time (1),61,55,6
S01012299,Economically active: Employee: Full-time (1),201,184,17
S01012299,Economically active: Self-employed: Total,91,84,7
S01012299,Economically active: Self-employed: Part-time (1),20,16,4
S01012299,Economically active: Self-employed: Full-time (1),71,68,3
S01012299,Economically active: Unemployed (1),11,10,1
S01012299,Economically inactive,142,138,4
S01012300,All people aged 16 and over,538,517,21
S01012300,Economically active: Total,321,310,11
S01012300,Economically active: Employee: Total,235,227,8
S01012300,Economically active: Employee: Part-time (1),78,75,3
S01012300,Economically active: Employee: Full-time (1),157,152,5
S01012300,Economically active: Self-employed: Total,68,66,2
S01012300,Economically active: Self-employed: Part-time (1),18,18,0
S01012300,Economically active: Self-employed: Full-time (1),50,48,2
S01012300,Economically active: Unemployed (1),18,17,1
S01012300,Economically inactive,217,207,10
S01012301,All people aged 16 and over,788,748,40
S01012301,Economically active: Total,508,483,25
S01012301,Economically active: Employee: Total,349,329,20
S01012301,Economically active: Employee: Part-time (1),93,89,4
S01012301,Economically active: Employee: Full-time (1),256,240,16
S01012301,Economically active: Self-employed: Total,134,131,3
S01012301,Economically active: Self-employed: Part-time (1),39,38,1
S01012301,Economically active: Self-employed: Full-time (1),95,93,2
S01012301,Economically active: Unemployed (1),25,23,2
S01012301,Economically inactive,280,265,15
S01012302,All people aged 16 and over,483,449,34
S01012302,Economically active: Total,310,287,23
S01012302,Economically active: Employee: Total,197,180,17
S01012302,Economically active: Employee: Part-time (1),50,46,4
S01012302,Economically active: Employee: Full-time (1),147,134,13
S01012302,Economically active: Self-employed: Total,94,88,6
S01012302,Economically active: Self-employed: Part-time (1),38,34,4
S01012302,Economically active: Self-employed: Full-time (1),56,54,2
S01012302,Economically active: Unemployed (1),19,19,0
S01012302,Economically inactive,173,162,11
S01012303,All people aged 16 and over,720,673,47
S01012303,Economically active: Total,494,462,32
S01012303,Economically active: Employee: Total,318,292,26
S01012303,Economically active: Employee: Part-time (1),95,89,6
S01012303,Economically active: Employee: Full-time (1),223,203,20
S01012303,Economically active: Self-employed: Total,154,149,5
S01012303,Economically active: Self-employed: Part-time (1),48,46,2
S01012303,Economically active: Self-employed: Full-time (1),106,103,3
S01012303,Economically active: Unemployed (1),22,21,1
S01012303,Economically inactive,226,211,15
S01012304,All people aged 16 and over,789,761,28
S01012304,Economically active: Total,513,495,18
S01012304,Economically active: Employee: Total,365,351,14
S01012304,Economically active: Employee: Part-time (1),111,108,3
S01012304,Economically active: Employee: Full-time (1),254,243,11
S01012304,Economically active: Self-employed: Total,125,122,3
S01012304,Economically active: Self-employed: Part-time (1),34,34,0
S01012304,Economically active: Self-employed: Full-time (1),91,88,3
S01012304,Economically active: Unemployed (1),23,22,1
S01012304,Economically inactive,276,266,10
S01012305,All people aged 16 and over,592,552,40
S01012305,Economically active: Total,328,299,29
S01012305,Economically active: Employee: Total,246,222,24
S01012305,Economically active: Employee: Part-time (1),67,65,2
S01012305,Economically active: Employee: Full-time (1),179,157,22
S01012305,Economically active: Self-employed: Total,62,58,4
S01012305,Economically active: Self-employed: Part-time (1),14,14,0
S01012305,Economically active: Self-employed: Full-time (1),48,44,4
S01012305,Economically active: Unemployed (1),20,19,1
S01012305,Economically inactive,264,253,11
S01012306,All people aged 16 and over,486,445,41
S01012306,Economically active: Total,258,231,27
S01012306,Economically active: Employee: Total,215,192,23
S01012306,Economically active: Employee: Part-time (1),73,65,8
S01012306,Economically active: Employee: Full-time (1),142,127,15
S01012306,Economically active: Self-employed: Total,32,29,3
S01012306,Economically active: Self-employed: Part-time (1),6,6,0
S01012306,Economically active: Self-employed: Full-time (1),26,23,3
S01012306,Economically active: Unemployed (1),11,10,1
S01012306,Economically inactive,228,214,14
S01012307,All people aged 16 and over,533,487,46
S01012307,Economically active: Total,313,276,37
S01012307,Economically active: Employee: Total,252,219,33
S01012307,Economically active: Employee: Part-time (1),76,67,9
S01012307,Economically active: Employee: Full-time (1),176,152,24
S01012307,Economically active: Self-employed: Total,41,38,3
S01012307,Economically active: Self-employed: Part-time (1),7,7,0
S01012307,Economically active: Self-employed: Full-time (1),34,31,3
S01012307,Economically active: Unemployed (1),20,19,1
S01012307,Economically inactive,220,211,9
S01012308,All people aged 16 and over,677,643,34
S01012308,Economically active: Total,449,427,22
S01012308,Economically active: Employee: Total,390,371,19
S01012308,Economically active: Employee: Part-time (1),106,105,1
S01012308,Economically active: Employee: Full-time (1),284,266,18
S01012308,Economically active: Self-employed: Total,44,41,3
S01012308,Economically active: Self-employed: Part-time (1),9,9,0
S01012308,Economically active: Self-employed: Full-time (1),35,32,3
S01012308,Economically active: Unemployed (1),15,15,0
S01012308,Economically inactive,228,216,12
S01012309,All people aged 16 and over,465,446,19
S01012309,Economically active: Total,264,249,15
S01012309,Economically active: Employee: Total,202,189,13
S01012309,Economically active: Employee: Part-time (1),69,67,2
S01012309,Economically active: Employee: Full-time (1),133,122,11
S01012309,Economically active: Self-employed: Total,53,51,2
S01012309,Economically active: Self-employed: Part-time (1),15,14,1
S01012309,Economically active: Self-employed: Full-time (1),38,37,1
S01012309,Economically active: Unemployed (1),9,9,0
S01012309,Economically inactive,201,197,4
S01012310,All people aged 16 and over,778,731,47
S01012310,Economically active: Total,475,446,29
S01012310,Economically active: Employee: Total,300,276,24
S01012310,Economically active: Employee: Part-time (1),92,89,3
S01012310,Economically active: Employee: Full-time (1),208,187,21
S01012310,Economically active: Self-employed: Total,156,151,5
S01012310,Economically active: Self-employed: Part-time (1),36,34,2
S01012310,Economically active: Self-employed: Full-time (1),120,117,3
S01012310,Economically active: Unemployed (1),19,19,0
S01012310,Economically inactive,303,285,18
S01012311,All people aged 16 and over,494,481,13
S01012311,Economically active: Total,246,235,11
S01012311,Economically active: Employee: Total,187,178,9
S01012311,Economically active: Employee: Part-time (1),56,53,3
S01012311,Economically active: Employee: Full-time (1),131,125,6
S01012311,Economically active: Self-employed: Total,43,42,1
S01012311,Economically active: Self-employed: Part-time (1),15,15,0
S01012311,Economically active: Self-employed: Full-time (1),28,27,1
S01012311,Economically active: Unemployed (1),16,15,1
S01012311,Economically inactive,248,246,2
S01012312,All people aged 16 and over,870,816,54
S01012312,Economically active: Total,543,512,31
S01012312,Economically active: Employee: Total,351,329,22
S01012312,Economically active: Employee: Part-time (1),93,91,2
S01012312,Economically active: Employee: Full-time (1),258,238,20
S01012312,Economically active: Self-employed: Total,171,163,8
S01012312,Economically active: Self-employed: Part-time (1),46,42,4
S01012312,Economically active: Self-employed: Full-time (1),125,121,4
S01012312,Economically active: Unemployed (1),21,20,1
S01012312,Economically inactive,327,304,23
S01012313,All people aged 16 and over,643,606,37
S01012313,Economically active: Total,423,400,23
S01012313,Economically active: Employee: Total,309,290,19
S01012313,Economically active: Employee: Part-time (1),91,88,3
S01012313,Economically active: Employee: Full-time (1),218,202,16
S01012313,Economically active: Self-employed: Total,91,88,3
S01012313,Economically active: Self-employed: Part-time (1),18,17,1
S01012313,Economically active: Self-employed: Full-time (1),73,71,2
S01012313,Economically active: Unemployed (1),23,22,1
S01012313,Economically inactive,220,206,14
S01012314,All people aged 16 and over,673,638,35
S01012314,Economically active: Total,406,381,25
S01012314,Economically active: Employee: Total,328,311,17
S01012314,Economically active: Employee: Part-time (1),135,128,7
S01012314,Economically active: Employee: Full-time (1),193,183,10
S01012314,Economically active: Self-employed: Total,51,47,4
S01012314,Economically active: Self-employed: Part-time (1),12,10,2
S01012314,Economically active: Self-employed: Full-time (1),39,37,2
S01012314,Economically active: Unemployed (1),27,23,4
S01012314,Economically inactive,267,257,10
S01012315,All people aged 16 and over,663,612,51
S01012315,Economically active: Total,335,299,36
S01012315,Economically active: Employee: Total,237,203,34
S01012315,Economically active: Employee: Part-time (1),78,70,8
S01012315,Economically active: Employee: Full-time (1),159,133,26
S01012315,Economically active: Self-employed: Total,64,63,1
S01012315,Economically active: Self-employed: Part-time (1),17,17,0
S01012315,Economically active: Self-employed: Full-time (1),47,46,1
S01012315,Economically active: Unemployed (1),34,33,1
S01012315,Economically inactive,328,313,15
S01012316,All people aged 16 and over,517,488,29
S01012316,Economically active: Total,290,267,23
S01012316,Economically active: Employee: Total,235,213,22
S01012316,Economically active: Employee: Part-time (1),76,71,5
S01012316,Economically active: Employee: Full-time (1),159,142,17
S01012316,Economically active: Self-employed: Total,29,29,0
S01012316,Economically active: Self-employed: Part-time (1),5,5,0
S01012316,Economically active: Self-employed: Full-time (1),24,24,0
S01012316,Economically active: Unemployed (1),26,25,1
S01012316,Economically inactive,227,221,6
S01012317,All people aged 16 and over,406,376,30
S01012317,Economically active: Total,256,233,23
S01012317,Economically active: Employee: Total,199,181,18
S01012317,Economically active: Employee: Part-time (1),69,64,5
S01012317,Economically active: Employee: Full-time (1),130,117,13
S01012317,Economically active: Self-employed: Total,40,37,3
S01012317,Economically active: Self-employed: Part-time (1),11,11,0
S01012317,Economically active: Self-employed: Full-time (1),29,26,3
S01012317,Economically active: Unemployed (1),17,15,2
S01012317,Economically inactive,150,143,7
S01012318,All people aged 16 and over,646,606,40
S01012318,Economically active: Total,411,383,28
S01012318,Economically active: Employee: Total,344,324,20
S01012318,Economically active: Employee: Part-time (1),113,108,5
S01012318,Economically active: Employee: Full-time (1),231,216,15
S01012318,Economically active: Self-employed: Total,39,35,4
S01012318,Economically active: Self-employed: Part-time (1),9,8,1
S01012318,Economically active: Self-employed: Full-time (1),30,27,3
S01012318,Economically active: Unemployed (1),28,24,4
S01012318,Economically inactive,235,223,12
S01012319,All people aged 16 and over,642,587,55
S01012319,Economically active: Total,434,389,45
S01012319,Economically active: Employee: Total,309,271,38
S01012319,Economically active: Employee: Part-time (1),82,76,6
S01012319,Economically active: Employee: Full-time (1),227,195,32
S01012319,Economically active: Self-employed: Total,111,105,6
S01012319,Economically active: Self-employed: Part-time (1),31,29,2
S01012319,Economically active: Self-employed: Full-time (1),80,76,4
S01012319,Economically active: Unemployed (1),14,13,1
S01012319,Economically inactive,208,198,10
S01012320,All people aged 16 and over,554,532,22
S01012320,Economically active: Total,349,330,19
S01012320,Economically active: Employee: Total,281,265,16
S01012320,Economically active: Employee: Part-time (1),86,80,6
S01012320,Economically active: Employee: Full-time (1),195,185,10
S01012320,Economically active: Self-employed: Total,44,42,2
S01012320,Economically active: Self-employed: Part-time (1),10,9,1
S01012320,Economically active: Self-employed: Full-time (1),34,33,1
S01012320,Economically active: Unemployed (1),24,23,1
S01012320,Economically inactive,205,202,3
S01012321,All people aged 16 and over,623,594,29
S01012321,Economically active: Total,354,337,17
S01012321,Economically active: Employee: Total,260,249,11
S01012321,Economically active: Employee: Part-time (1),77,77,0
S01012321,Economically active: Employee: Full-time (1),183,172,11
S01012321,Economically active: Self-employed: Total,57,57,0
S01012321,Economically active: Self-employed: Part-time (1),24,24,0
S01012321,Economically active: Self-employed: Full-time (1),33,33,0
S01012321,Economically active: Unemployed (1),37,31,6
S01012321,Economically inactive,269,257,12
S01012322,All people aged 16 and over,833,799,34
S01012322,Economically active: Total,512,485,27
S01012322,Economically active: Employee: Total,330,310,20
S01012322,Economically active: Employee: Part-time (1),102,99,3
S01012322,Economically active: Employee: Full-time (1),228,211,17
S01012322,Economically active: Self-employed: Total,159,153,6
S01012322,Economically active: Self-employed: Part-time (1),59,57,2
S01012322,Economically active: Self-employed: Full-time (1),100,96,4
S01012322,Economically active: Unemployed (1),23,22,1
S01012322,Economically inactive,321,314,7
S01012323,All people aged 16 and over,763,720,43
S01012323,Economically active: Total,435,402,33
S01012323,Economically active: Employee: Total,282,260,22
S01012323,Economically active: Employee: Part-time (1),98,90,8
S01012323,Economically active: Employee: Full-time (1),184,170,14
S01012323,Economically active: Self-employed: Total,132,126,6
S01012323,Economically active: Self-employed: Part-time (1),23,23,0
S01012323,Economically active: Self-employed: Full-time (1),109,103,6
S01012323,Economically active: Unemployed (1),21,16,5
S01012323,Economically inactive,328,318,10
S01012324,All people aged 16 and over,692,668,24
S01012324,Economically active: Total,402,382,20
S01012324,Economically active: Employee: Total,253,240,13
S01012324,Economically active: Employee: Part-time (1),93,86,7
S01012324,Economically active: Employee: Full-time (1),160,154,6
S01012324,Economically active: Self-employed: Total,129,123,6
S01012324,Economically active: Self-employed: Part-time (1),41,38,3
S01012324,Economically active: Self-employed: Full-time (1),88,85,3
S01012324,Economically active: Unemployed (1),20,19,1
S01012324,Economically inactive,290,286,4
S01012325,All people aged 16 and over,533,518,15
S01012325,Economically active: Total,213,206,7
S01012325,Economically active: Employee: Total,175,170,5
S01012325,Economically active: Employee: Part-time (1),56,54,2
S01012325,Economically active: Employee: Full-time (1),119,116,3
S01012325,Economically active: Self-employed: Total,22,21,1
S01012325,Economically active: Self-employed: Part-time (1),8,8,0
S01012325,Economically active: Self-employed: Full-time (1),14,13,1
S01012325,Economically active: Unemployed (1),16,15,1
S01012325,Economically inactive,320,312,8
S01012326,All people aged 16 and over,489,461,28
S01012326,Economically active: Total,263,248,15
S01012326,Economically active: Employee: Total,190,177,13
S01012326,Economically active: Employee: Part-time (1),58,54,4
S01012326,Economically active: Employee: Full-time (1),132,123,9
S01012326,Economically active: Self-employed: Total,42,41,1
S01012326,Economically active: Self-employed: Part-time (1),10,10,0
S01012326,Economically active: Self-employed: Full-time (1),32,31,1
S01012326,Economically active: Unemployed (1),31,30,1
S01012326,Economically inactive,226,213,13
S01012327,All people aged 16 and over,659,619,40
S01012327,Economically active: Total,389,364,25
S01012327,Economically active: Employee: Total,306,289,17
S01012327,Economically active: Employee: Part-time (1),110,105,5
S01012327,Economically active: Employee: Full-time (1),196,184,12
S01012327,Economically active: Self-employed: Total,55,50,5
S01012327,Economically active: Self-employed: Part-time (1),16,13,3
S01012327,Economically active: Self-employed: Full-time (1),39,37,2
S01012327,Economically active: Unemployed (1),28,25,3
S01012327,Economically inactive,270,255,15
S01012328,All people aged 16 and over,489,468,21
S01012328,Economically active: Total,225,213,12
S01012328,Economically active: Employee: Total,160,153,7
S01012328,Economically active: Employee: Part-time (1),45,43,2
S01012328,Economically active: Employee: Full-time (1),115,110,5
S01012328,Economically active: Self-employed: Total,51,47,4
S01012328,Economically active: Self-employed: Part-time (1),16,16,0
S01012328,Economically active: Self-employed: Full-time (1),35,31,4
S01012328,Economically active: Unemployed (1),14,13,1
S01012328,Economically inactive,264,255,9
S01012329,All people aged 16 and over,694,666,28
S01012329,Economically active: Total,412,389,23
S01012329,Economically active: Employee: Total,259,245,14
S01012329,Economically active: Employee: Part-time (1),89,85,4
S01012329,Economically active: Employee: Full-time (1),170,160,10
S01012329,Economically active: Self-employed: Total,133,126,7
S01012329,Economically active: Self-employed: Part-time (1),41,37,4
S01012329,Economically active: Self-employed: Full-time (1),92,89,3
S01012329,Economically active: Unemployed (1),20,18,2
S01012329,Economically inactive,282,277,5
S01012330,All people aged 16 and over,508,494,14
S01012330,Economically active: Total,284,276,8
S01012330,Economically active: Employee: Total,219,213,6
S01012330,Economically active: Employee: Part-time (1),63,61,2
S01012330,Economically active: Employee: Full-time (1),156,152,4
S01012330,Economically active: Self-employed: Total,51,49,2
S01012330,Economically active: Self-employed: Part-time (1),18,17,1
S01012330,Economically active: Self-employed: Full-time (1),33,32,1
S01012330,Economically active: Unemployed (1),14,14,0
S01012330,Economically inactive,224,218,6
S01012331,All people aged 16 and over,492,478,14
S01012331,Economically active: Total,353,343,10
S01012331,Economically active: Employee: Total,297,287,10
S01012331,Economically active: Employee: Part-time (1),92,89,3
S01012331,Economically active: Employee: Full-time (1),205,198,7
S01012331,Economically active: Self-employed: Total,45,45,0
S01012331,Economically active: Self-employed: Part-time (1),7,7,0
S01012331,Economically active: Self-employed: Full-time (1),38,38,0
S01012331,Economically active: Unemployed (1),11,11,0
S01012331,Economically inactive,139,135,4
S01012332,All people aged 16 and over,830,805,25
S01012332,Economically active: Total,563,545,18
S01012332,Economically active: Employee: Total,379,368,11
S01012332,Economically active: Employee: Part-time (1),123,121,2
S01012332,Economically active: Employee: Full-time (1),256,247,9
S01012332,Economically active: Self-employed: Total,159,152,7
S01012332,Economically active: Self-employed: Part-time (1),41,36,5
S01012332,Economically active: Self-employed: Full-time (1),118,116,2
S01012332,Economically active: Unemployed (1),25,25,0
S01012332,Economically inactive,267,260,7
S01012333,All people aged 16 and over,817,778,39
S01012333,Economically active: Total,501,475,26
S01012333,Economically active: Employee: Total,334,313,21
S01012333,Economically active: Employee: Part-time (1),110,102,8
S01012333,Economically active: Employee: Full-time (1),224,211,13
S01012333,Economically active: Self-employed: Total,138,134,4
S01012333,Economically active: Self-employed: Part-time (1),38,35,3
S01012333,Economically active: Self-employed: Full-time (1),100,99,1
S01012333,Economically active: Unemployed (1),29,28,1
S01012333,Economically inactive,316,303,13
S01012334,All people aged 16 and over,711,686,25
S01012334,Economically active: Total,403,387,16
S01012334,Economically active: Employee: Total,320,310,10
S01012334,Economically active: Employee: Part-time (1),97,95,2
S01012334,Economically active: Employee: Full-time (1),223,215,8
S01012334,Economically active: Self-employed: Total,55,51,4
S01012334,Economically active: Self-employed: Part-time (1),19,18,1
S01012334,Economically active: Self-employed: Full-time (1),36,33,3
S01012334,Economically active: Unemployed (1),28,26,2
S01012334,Economically inactive,308,299,9
S01012335,All people aged 16 and over,799,763,36
S01012335,Economically active: Total,590,566,24
S01012335,Economically active: Employee: Total,516,498,18
S01012335,Economically active: Employee: Part-time (1),158,154,4
S01012335,Economically active: Employee: Full-time (1),358,344,14
S01012335,Economically active: Self-employed: Total,49,47,2
S01012335,Economically active: Self-employed: Part-time (1),12,12,0
S01012335,Economically active: Self-employed: Full-time (1),37,35,2
S01012335,Economically active: Unemployed (1),25,21,4
S01012335,Economically inactive,209,197,12
S01012336,All people aged 16 and over,512,502,10
S01012336,Economically active: Total,298,289,9
S01012336,Economically active: Employee: Total,260,253,7
S01012336,Economically active: Employee: Part-time (1),77,74,3
S01012336,Economically active: Employee: Full-time (1),183,179,4
S01012336,Economically active: Self-employed: Total,30,29,1
S01012336,Economically active: Self-employed: Part-time (1),7,6,1
S01012336,Economically active: Self-employed: Full-time (1),23,23,0
S01012336,Economically active: Unemployed (1),8,7,1
S01012336,Economically inactive,214,213,1
S01012337,All people aged 16 and over,748,715,33
S01012337,Economically active: Total,405,379,26
S01012337,Economically active: Employee: Total,315,294,21
S01012337,Economically active: Employee: Part-time (1),88,85,3
S01012337,Economically active: Employee: Full-time (1),227,209,18
S01012337,Economically active: Self-employed: Total,44,40,4
S01012337,Economically active: Self-employed: Part-time (1),14,11,3
S01012337,Economically active: Self-employed: Full-time (1),30,29,1
S01012337,Economically active: Unemployed (1),46,45,1
S01012337,Economically inactive,343,336,7
S01012338,All people aged 16 and over,631,594,37
S01012338,Economically active: Total,350,324,26
S01012338,Economically active: Employee: Total,273,254,19
S01012338,Economically active: Employee: Part-time (1),75,69,6
S01012338,Economically active: Employee: Full-time (1),198,185,13
S01012338,Economically active: Self-employed: Total,55,50,5
S01012338,Economically active: Self-employed: Part-time (1),17,14,3
S01012338,Economically active: Self-employed: Full-time (1),38,36,2
S01012338,Economically active: Unemployed (1),22,20,2
S01012338,Economically inactive,281,270,11
S01012339,All people aged 16 and over,525,484,41
S01012339,Economically active: Total,305,281,24
S01012339,Economically active: Employee: Total,236,217,19
S01012339,Economically active: Employee: Part-time (1),47,44,3
S01012339,Economically active: Employee: Full-time (1),189,173,16
S01012339,Economically active: Self-employed: Total,37,35,2
S01012339,Economically active: Self-employed: Part-time (1),15,14,1
S01012339,Economically active: Self-employed: Full-time (1),22,21,1
S01012339,Economically active: Unemployed (1),32,29,3
S01012339,Economically inactive,220,203,17
S01012340,All people aged 16 and over,830,799,31
S01012340,Economically active: Total,482,468,14
S01012340,Economically active: Employee: Total,378,371,7
S01012340,Economically active: Employee: Part-time (1),126,123,3
S01012340,Economically active: Employee: Full-time (1),252,248,4
S01012340,Economically active: Self-employed: Total,74,67,7
S01012340,Economically active: Self-employed: Part-time (1),25,21,4
S01012340,Economically active: Self-employed: Full-time (1),49,46,3
S01012340,Economically active: Unemployed (1),30,30,0
S01012340,Economically inactive,348,331,17
S01012341,All people aged 16 and over,796,761,35
S01012341,Economically active: Total,570,544,26
S01012341,Economically active: Employee: Total,343,328,15
S01012341,Economically active: Employee: Part-time (1),112,108,4
S01012341,Economically active: Employee: Full-time (1),231,220,11
S01012341,Economically active: Self-employed: Total,203,193,10
S01012341,Economically active: Self-employed: Part-time (1),36,32,4
S01012341,Economically active: Self-employed: Full-time (1),167,161,6
S01012341,Economically active: Unemployed (1),24,23,1
S01012341,Economically inactive,226,217,9
S01012342,All people aged 16 and over,786,753,33
S01012342,Economically active: Total,464,448,16
S01012342,Economically active: Employee: Total,335,325,10
S01012342,Economically active: Employee: Part-time (1),94,89,5
S01012342,Economically active: Employee: Full-time (1),241,236,5
S01012342,Economically active: Self-employed: Total,112,107,5
S01012342,Economically active: Self-employed: Part-time (1),37,35,2
S01012342,Economically active: Self-employed: Full-time (1),75,72,3
S01012342,Economically active: Unemployed (1),17,16,1
S01012342,Economically inactive,322,305,17
S01012343,All people aged 16 and over,821,786,35
S01012343,Economically active: Total,543,517,26
S01012343,Economically active: Employee: Total,357,341,16
S01012343,Economically active: Employee: Part-time (1),105,100,5
S01012343,Economically active: Employee: Full-time (1),252,241,11
S01012343,Economically active: Self-employed: Total,158,148,10
S01012343,Economically active: Self-employed: Part-time (1),45,42,3
S01012343,Economically active: Self-employed: Full-time (1),113,106,7
S01012343,Economically active: Unemployed (1),28,28,0
S01012343,Economically inactive,278,269,9
S01012344,All people aged 16 and over,483,461,22
S01012344,Economically active: Total,335,323,12
S01012344,Economically active: Employee: Total,264,254,10
S01012344,Economically active: Employee: Part-time (1),74,70,4
S01012344,Economically active: Employee: Full-time (1),190,184,6
S01012344,Economically active: Self-employed: Total,37,35,2
S01012344,Economically active: Self-employed: Part-time (1),7,7,0
S01012344,Economically active: Self-employed: Full-time (1),30,28,2
S01012344,Economically active: Unemployed (1),34,34,0
S01012344,Economically inactive,148,138,10
S01012345,All people aged 16 and over,586,573,13
S01012345,Economically active: Total,381,373,8
S01012345,Economically active: Employee: Total,307,303,4
S01012345,Economically active: Employee: Part-time (1),83,83,0
S01012345,Economically active: Employee: Full-time (1),224,220,4
S01012345,Economically active: Self-employed: Total,56,54,2
S01012345,Economically active: Self-employed: Part-time (1),9,8,1
S01012345,Economically active: Self-employed: Full-time (1),47,46,1
S01012345,Economically active: Unemployed (1),18,16,2
S01012345,Economically inactive,205,200,5
S01012346,All people aged 16 and over,708,664,44
S01012346,Economically active: Total,425,402,23
S01012346,Economically active: Employee: Total,287,271,16
S01012346,Economically active: Employee: Part-time (1),81,75,6
S01012346,Economically active: Employee: Full-time (1),206,196,10
S01012346,Economically active: Self-employed: Total,125,119,6
S01012346,Economically active: Self-employed: Part-time (1),30,29,1
S01012346,Economically active: Self-employed: Full-time (1),95,90,5
S01012346,Economically active: Unemployed (1),13,12,1
S01012346,Economically inactive,283,262,21
S01012347,All people aged 16 and over,639,608,31
S01012347,Economically active: Total,391,372,19
S01012347,Economically active: Employee: Total,309,297,12
S01012347,Economically active: Employee: Part-time (1),91,87,4
S01012347,Economically active: Employee: Full-time (1),218,210,8
S01012347,Economically active: Self-employed: Total,56,51,5
S01012347,Economically active: Self-employed: Part-time (1),11,11,0
S01012347,Economically active: Self-employed: Full-time (1),45,40,5
S01012347,Economically active: Unemployed (1),26,24,2
S01012347,Economically inactive,248,236,12
S01012348,All people aged 16 and over,587,560,27
S01012348,Economically active: Total,333,316,17
S01012348,Economically active: Employee: Total,256,244,12
S01012348,Economically active: Employee: Part-time (1),73,72,1
S01012348,Economically active: Employee: Full-time (1),183,172,11
S01012348,Economically active: Self-employed: Total,63,58,5
S01012348,Economically active: Self-employed: Part-time (1),25,22,3
S01012348,Economically active: Self-employed: Full-time (1),38,36,2
S01012348,Economically active: Unemployed (1),14,14,0
S01012348,Economically inactive,254,244,10
S01012349,All people aged 16 and over,746,727,19
S01012349,Economically active: Total,463,452,11
S01012349,Economically active: Employee: Total,384,375,9
S01012349,Economically active: Employee: Part-time (1),125,121,4
S01012349,Economically active: Employee: Full-time (1),259,254,5
S01012349,Economically active: Self-employed: Total,47,46,1
S01012349,Economically active: Self-employed: Part-time (1),14,13,1
S01012349,Economically active: Self-employed: Full-time (1),33,33,0
S01012349,Economically active: Unemployed (1),32,31,1
S01012349,Economically inactive,283,275,8
S01012350,All people aged 16 and over,625,601,24
S01012350,Economically active: Total,352,334,18
S01012350,Economically active: Employee: Total,279,264,15
S01012350,Economically active: Employee: Part-time (1),99,95,4
S01012350,Economically active: Employee: Full-time (1),180,169,11
S01012350,Economically active: Self-employed: Total,57,55,2
S01012350,Economically active: Self-employed: Part-time (1),19,19,0
S01012350,Economically active: Self-employed: Full-time (1),38,36,2
S01012350,Economically active: Unemployed (1),16,15,1
S01012350,Economically inactive,273,267,6
S01012351,All people aged 16 and over,674,639,35
S01012351,Economically active: Total,433,409,24
S01012351,Economically active: Employee: Total,357,338,19
S01012351,Economically active: Employee: Part-time (1),130,122,8
S01012351,Economically active: Employee: Full-time (1),227,216,11
S01012351,Economically active: Self-employed: Total,48,47,1
S01012351,Economically active: Self-employed: Part-time (1),14,13,1
S01012351,Economically active: Self-employed: Full-time (1),34,34,0
S01012351,Economically active: Unemployed (1),28,24,4
S01012351,Economically inactive,241,230,11
S01012352,All people aged 16 and over,630,605,25
S01012352,Economically active: Total,361,346,15
S01012352,Economically active: Employee: Total,275,264,11
S01012352,Economically active: Employee: Part-time (1),94,90,4
S01012352,Economically active: Employee: Full-time (1),181,174,7
S01012352,Economically active: Self-employed: Total,67,64,3
S01012352,Economically active: Self-employed: Part-time (1),12,11,1
S01012352,Economically active: Self-employed: Full-time (1),55,53,2
S01012352,Economically active: Unemployed (1),19,18,1
S01012352,Economically inactive,269,259,10
S01012353,All people aged 16 and over,670,633,37
S01012353,Economically active: Total,407,382,25
S01012353,Economically active: Employee: Total,312,297,15
S01012353,Economically active: Employee: Part-time (1),92,86,6
S01012353,Economically active: Employee: Full-time (1),220,211,9
S01012353,Economically active: Self-employed: Total,55,50,5
S01012353,Economically active: Self-employed: Part-time (1),16,14,2
S01012353,Economically active: Self-employed: Full-time (1),39,36,3
S01012353,Economically active: Unemployed (1),40,35,5
S01012353,Economically inactive,263,251,12
S01012354,All people aged 16 and over,668,646,22
S01012354,Economically active: Total,354,340,14
S01012354,Economically active: Employee: Total,260,251,9
S01012354,Economically active: Employee: Part-time (1),86,84,2
S01012354,Economically active: Employee: Full-time (1),174,167,7
S01012354,Economically active: Self-employed: Total,77,74,3
S01012354,Economically active: Self-employed: Part-time (1),17,16,1
S01012354,Economically active: Self-employed: Full-time (1),60,58,2
S01012354,Economically active: Unemployed (1),17,15,2
S01012354,Economically inactive,314,306,8
S01012355,All people aged 16 and over,768,731,37
S01012355,Economically active: Total,505,486,19
S01012355,Economically active: Employee: Total,305,291,14
S01012355,Economically active: Employee: Part-time (1),102,97,5
S01012355,Economically active: Employee: Full-time (1),203,194,9
S01012355,Economically active: Self-employed: Total,187,183,4
S01012355,Economically active: Self-employed: Part-time (1),38,37,1
S01012355,Economically active: Self-employed: Full-time (1),149,146,3
S01012355,Economically active: Unemployed (1),13,12,1
S01012355,Economically inactive,263,245,18
S01012356,All people aged 16 and over,555,541,14
S01012356,Economically active: Total,306,297,9
S01012356,Economically active: Employee: Total,231,229,2
S01012356,Economically active: Employee: Part-time (1),71,71,0
S01012356,Economically active: Employee: Full-time (1),160,158,2
S01012356,Economically active: Self-employed: Total,66,60,6
S01012356,Economically active: Self-employed: Part-time (1),18,15,3
S01012356,Economically active: Self-employed: Full-time (1),48,45,3
S01012356,Economically active: Unemployed (1),9,8,1
S01012356,Economically inactive,249,244,5
S01012357,All people aged 16 and over,740,694,46
S01012357,Economically active: Total,467,435,32
S01012357,Economically active: Employee: Total,291,266,25
S01012357,Economically active: Employee: Part-time (1),93,87,6
S01012357,Economically active: Employee: Full-time (1),198,179,19
S01012357,Economically active: Self-employed: Total,160,155,5
S01012357,Economically active: Self-employed: Part-time (1),45,44,1
S01012357,Economically active: Self-employed: Full-time (1),115,111,4
S01012357,Economically active: Unemployed (1),16,14,2
S01012357,Economically inactive,273,259,14
S01012358,All people aged 16 and over,680,651,29
S01012358,Economically active: Total,409,394,15
S01012358,Economically active: Employee: Total,234,226,8
S01012358,Economically active: Employee: Part-time (1),77,73,4
S01012358,Economically active: Employee: Full-time (1),157,153,4
S01012358,Economically active: Self-employed: Total,161,155,6
S01012358,Economically active: Self-employed: Part-time (1),45,44,1
S01012358,Economically active: Self-employed: Full-time (1),116,111,5
S01012358,Economically active: Unemployed (1),14,13,1
S01012358,Economically inactive,271,257,14
S01012359,All people aged 16 and over,619,588,31
S01012359,Economically active: Total,357,334,23
S01012359,Economically active: Employee: Total,287,268,19
S01012359,Economically active: Employee: Part-time (1),102,95,7
S01012359,Economically active: Employee: Full-time (1),185,173,12
S01012359,Economically active: Self-employed: Total,27,25,2
S01012359,Economically active: Self-employed: Part-time (1),10,8,2
S01012359,Economically active: Self-employed: Full-time (1),17,17,0
S01012359,Economically active: Unemployed (1),43,41,2
S01012359,Economically inactive,262,254,8
S01012360,All people aged 16 and over,590,530,60
S01012360,Economically active: Total,375,332,43
S01012360,Economically active: Employee: Total,286,255,31
S01012360,Economically active: Employee: Part-time (1),107,99,8
S01012360,Economically active: Employee: Full-time (1),179,156,23
S01012360,Economically active: Self-employed: Total,30,26,4
S01012360,Economically active: Self-employed: Part-time (1),7,7,0
S01012360,Economically active: Self-employed: Full-time (1),23,19,4
S01012360,Economically active: Unemployed (1),59,51,8
S01012360,Economically inactive,215,198,17
S01012361,All people aged 16 and over,487,446,41
S01012361,Economically active: Total,290,259,31
S01012361,Economically active: Employee: Total,210,189,21
S01012361,Economically active: Employee: Part-time (1),76,70,6
S01012361,Economically active: Employee: Full-time (1),134,119,15
S01012361,Economically active: Self-employed: Total,29,26,3
S01012361,Economically active: Self-employed: Part-time (1),12,11,1
S01012361,Economically active: Self-employed: Full-time (1),17,15,2
S01012361,Economically active: Unemployed (1),51,44,7
S01012361,Economically inactive,197,187,10
S01012362,All people aged 16 and over,579,508,71
S01012362,Economically active: Total,357,309,48
S01012362,Economically active: Employee: Total,277,235,42
S01012362,Economically active: Employee: Part-time (1),102,85,17
S01012362,Economically active: Employee: Full-time (1),175,150,25
S01012362,Economically active: Self-employed: Total,32,27,5
S01012362,Economically active: Self-employed: Part-time (1),12,11,1
S01012362,Economically active: Self-employed: Full-time (1),20,16,4
S01012362,Economically active: Unemployed (1),48,47,1
S01012362,Economically inactive,222,199,23
S01012363,All people aged 16 and over,845,773,72
S01012363,Economically active: Total,466,422,44
S01012363,Economically active: Employee: Total,345,319,26
S01012363,Economically active: Employee: Part-time (1),99,91,8
S01012363,Economically active: Employee: Full-time (1),246,228,18
S01012363,Economically active: Self-employed: Total,57,51,6
S01012363,Economically active: Self-employed: Part-time (1),15,13,2
S01012363,Economically active: Self-employed: Full-time (1),42,38,4
S01012363,Economically active: Unemployed (1),64,52,12
S01012363,Economically inactive,379,351,28
S01012364,All people aged 16 and over,595,560,35
S01012364,Economically active: Total,352,324,28
S01012364,Economically active: Employee: Total,283,263,20
S01012364,Economically active: Employee: Part-time (1),80,78,2
S01012364,Economically active: Employee: Full-time (1),203,185,18
S01012364,Economically active: Self-employed: Total,36,33,3
S01012364,Economically active: Self-employed: Part-time (1),18,16,2
S01012364,Economically active: Self-employed: Full-time (1),18,17,1
S01012364,Economically active: Unemployed (1),33,28,5
S01012364,Economically inactive,243,236,7
S01012365,All people aged 16 and over,792,763,29
S01012365,Economically active: Total,510,490,20
S01012365,Economically active: Employee: Total,433,418,15
S01012365,Economically active: Employee: Part-time (1),127,124,3
S01012365,Economically active: Employee: Full-time (1),306,294,12
S01012365,Economically active: Self-employed: Total,61,58,3
S01012365,Economically active: Self-employed: Part-time (1),13,12,1
S01012365,Economically active: Self-employed: Full-time (1),48,46,2
S01012365,Economically active: Unemployed (1),16,14,2
S01012365,Economically inactive,282,273,9
S01012366,All people aged 16 and over,783,751,32
S01012366,Economically active: Total,468,444,24
S01012366,Economically active: Employee: Total,380,361,19
S01012366,Economically active: Employee: Part-time (1),99,97,2
S01012366,Economically active: Employee: Full-time (1),281,264,17
S01012366,Economically active: Self-employed: Total,54,51,3
S01012366,Economically active: Self-employed: Part-time (1),17,17,0
S01012366,Economically active: Self-employed: Full-time (1),37,34,3
S01012366,Economically active: Unemployed (1),34,32,2
S01012366,Economically inactive,315,307,8
S01012367,All people aged 16 and over,787,765,22
S01012367,Economically active: Total,466,453,13
S01012367,Economically active: Employee: Total,400,388,12
S01012367,Economically active: Employee: Part-time (1),128,123,5
S01012367,Economically active: Employee: Full-time (1),272,265,7
S01012367,Economically active: Self-employed: Total,44,44,0
S01012367,Economically active: Self-employed: Part-time (1),11,11,0
S01012367,Economically active: Self-employed: Full-time (1),33,33,0
S01012367,Economically active: Unemployed (1),22,21,1
S01012367,Economically inactive,321,312,9
S01012368,All people aged 16 and over,531,505,26
S01012368,Economically active: Total,295,276,19
S01012368,Economically active: Employee: Total,233,218,15
S01012368,Economically active: Employee: Part-time (1),84,78,6
S01012368,Economically active: Employee: Full-time (1),149,140,9
S01012368,Economically active: Self-employed: Total,45,42,3
S01012368,Economically active: Self-employed: Part-time (1),13,13,0
S01012368,Economically active: Self-employed: Full-time (1),32,29,3
S01012368,Economically active: Unemployed (1),17,16,1
S01012368,Economically inactive,236,229,7
S01012369,All people aged 16 and over,726,702,24
S01012369,Economically active: Total,438,418,20
S01012369,Economically active: Employee: Total,343,331,12
S01012369,Economically active: Employee: Part-time (1),105,102,3
S01012369,Economically active: Employee: Full-time (1),238,229,9
S01012369,Economically active: Self-employed: Total,75,69,6
S01012369,Economically active: Self-employed: Part-time (1),20,16,4
S01012369,Economically active: Self-employed: Full-time (1),55,53,2
S01012369,Economically active: Unemployed (1),20,18,2
S01012369,Economically inactive,288,284,4
S01012370,All people aged 16 and over,818,790,28
S01012370,Economically active: Total,476,456,20
S01012370,Economically active: Employee: Total,386,370,16
S01012370,Economically active: Employee: Part-time (1),128,123,5
S01012370,Economically active: Employee: Full-time (1),258,247,11
S01012370,Economically active: Self-employed: Total,61,60,1
S01012370,Economically active: Self-employed: Part-time (1),13,12,1
S01012370,Economically active: Self-employed: Full-time (1),48,48,0
S01012370,Economically active: Unemployed (1),29,26,3
S01012370,Economically inactive,342,334,8
S01012371,All people aged 16 and over,813,764,49
S01012371,Economically active: Total,447,408,39
S01012371,Economically active: Employee: Total,366,342,24
S01012371,Economically active: Employee: Part-time (1),114,109,5
S01012371,Economically active: Employee: Full-time (1),252,233,19
S01012371,Economically active: Self-employed: Total,45,40,5
S01012371,Economically active: Self-employed: Part-time (1),17,16,1
S01012371,Economically active: Self-employed: Full-time (1),28,24,4
S01012371,Economically active: Unemployed (1),36,26,10
S01012371,Economically inactive,366,356,10
S01012372,All people aged 16 and over,657,632,25
S01012372,Economically active: Total,380,363,17
S01012372,Economically active: Employee: Total,295,281,14
S01012372,Economically active: Employee: Part-time (1),74,72,2
S01012372,Economically active: Employee: Full-time (1),221,209,12
S01012372,Economically active: Self-employed: Total,50,49,1
S01012372,Economically active: Self-employed: Part-time (1),17,17,0
S01012372,Economically active: Self-employed: Full-time (1),33,32,1
S01012372,Economically active: Unemployed (1),35,33,2
S01012372,Economically inactive,277,269,8
S01012373,All people aged 16 and over,848,816,32
S01012373,Economically active: Total,503,481,22
S01012373,Economically active: Employee: Total,408,390,18
S01012373,Economically active: Employee: Part-time (1),124,119,5
S01012373,Economically active: Employee: Full-time (1),284,271,13
S01012373,Economically active: Self-employed: Total,54,51,3
S01012373,Economically active: Self-employed: Part-time (1),13,13,0
S01012373,Economically active: Self-employed: Full-time (1),41,38,3
S01012373,Economically active: Unemployed (1),41,40,1
S01012373,Economically inactive,345,335,10
S01012374,All people aged 16 and over,742,721,21
S01012374,Economically active: Total,499,484,15
S01012374,Economically active: Employee: Total,410,398,12
S01012374,Economically active: Employee: Part-time (1),139,134,5
S01012374,Economically active: Employee: Full-time (1),271,264,7
S01012374,Economically active: Self-employed: Total,59,57,2
S01012374,Economically active: Self-employed: Part-time (1),19,18,1
S01012374,Economically active: Self-employed: Full-time (1),40,39,1
S01012374,Economically active: Unemployed (1),30,29,1
S01012374,Economically inactive,243,237,6
S01012375,All people aged 16 and over,755,733,22
S01012375,Economically active: Total,485,467,18
S01012375,Economically active: Employee: Total,399,384,15
S01012375,Economically active: Employee: Part-time (1),121,118,3
S01012375,Economically active: Employee: Full-time (1),278,266,12
S01012375,Economically active: Self-employed: Total,36,33,3
S01012375,Economically active: Self-employed: Part-time (1),11,9,2
S01012375,Economically active: Self-employed: Full-time (1),25,24,1
S01012375,Economically active: Unemployed (1),50,50,0
S01012375,Economically inactive,270,266,4
S01012376,All people aged 16 and over,790,741,49
S01012376,Economically active: Total,530,495,35
S01012376,Economically active: Employee: Total,350,326,24
S01012376,Economically active: Employee: Part-time (1),116,111,5
S01012376,Economically active: Employee: Full-time (1),234,215,19
S01012376,Economically active: Self-employed: Total,154,146,8
S01012376,Economically active: Self-employed: Part-time (1),41,39,2
S01012376,Economically active: Self-employed: Full-time (1),113,107,6
S01012376,Economically active: Unemployed (1),26,23,3
S01012376,Economically inactive,260,246,14
S01012377,All people aged 16 and over,608,555,53
S01012377,Economically active: Total,379,340,39
S01012377,Economically active: Employee: Total,258,228,30
S01012377,Economically active: Employee: Part-time (1),80,73,7
S01012377,Economically active: Employee: Full-time (1),178,155,23
S01012377,Economically active: Self-employed: Total,117,109,8
S01012377,Economically active: Self-employed: Part-time (1),40,37,3
S01012377,Economically active: Self-employed: Full-time (1),77,72,5
S01012377,Economically active: Unemployed (1),4,3,1
S01012377,Economically inactive,229,215,14
S01012378,All people aged 16 and over,494,463,31
S01012378,Economically active: Total,308,290,18
S01012378,Economically active: Employee: Total,202,190,12
S01012378,Economically active: Employee: Part-time (1),68,61,7
S01012378,Economically active: Employee: Full-time (1),134,129,5
S01012378,Economically active: Self-employed: Total,96,92,4
S01012378,Economically active: Self-employed: Part-time (1),25,24,1
S01012378,Economically active: Self-employed: Full-time (1),71,68,3
S01012378,Economically active: Unemployed (1),10,8,2
S01012378,Economically inactive,186,173,13
S01012379,All people aged 16 and over,427,390,37
S01012379,Economically active: Total,254,231,23
S01012379,Economically active: Employee: Total,171,155,16
S01012379,Economically active: Employee: Part-time (1),44,40,4
S01012379,Economically active: Employee: Full-time (1),127,115,12
S01012379,Economically active: Self-employed: Total,71,65,6
S01012379,Economically active: Self-employed: Part-time (1),19,17,2
S01012379,Economically active: Self-employed: Full-time (1),52,48,4
S01012379,Economically active: Unemployed (1),12,11,1
S01012379,Economically inactive,173,159,14
S01012380,All people aged 16 and over,731,713,18
S01012380,Economically active: Total,486,473,13
S01012380,Economically active: Employee: Total,401,389,12
S01012380,Economically active: Employee: Part-time (1),113,111,2
S01012380,Economically active: Employee: Full-time (1),288,278,10
S01012380,Economically active: Self-employed: Total,54,53,1
S01012380,Economically active: Self-employed: Part-time (1),18,18,0
S01012380,Economically active: Self-employed: Full-time (1),36,35,1
S01012380,Economically active: Unemployed (1),31,31,0
S01012380,Economically inactive,245,240,5
S01012381,All people aged 16 and over,713,674,39
S01012381,Economically active: Total,374,350,24
S01012381,Economically active: Employee: Total,306,290,16
S01012381,Economically active: Employee: Part-time (1),109,104,5
S01012381,Economically active: Employee: Full-time (1),197,186,11
S01012381,Economically active: Self-employed: Total,46,44,2
S01012381,Economically active: Self-employed: Part-time (1),15,15,0
S01012381,Economically active: Self-employed: Full-time (1),31,29,2
S01012381,Economically active: Unemployed (1),22,16,6
S01012381,Economically inactive,339,324,15
S01012382,All people aged 16 and over,811,797,14
S01012382,Economically active: Total,522,514,8
S01012382,Economically active: Employee: Total,416,410,6
S01012382,Economically active: Employee: Part-time (1),139,136,3
S01012382,Economically active: Employee: Full-time (1),277,274,3
S01012382,Economically active: Self-employed: Total,90,88,2
S01012382,Economically active: Self-employed: Part-time (1),27,27,0
S01012382,Economically active: Self-employed: Full-time (1),63,61,2
S01012382,Economically active: Unemployed (1),16,16,0
S01012382,Economically inactive,289,283,6
S01012383,All people aged 16 and over,734,708,26
S01012383,Economically active: Total,406,388,18
S01012383,Economically active: Employee: Total,340,324,16
S01012383,Economically active: Employee: Part-time (1),103,102,1
S01012383,Economically active: Employee: Full-time (1),237,222,15
S01012383,Economically active: Self-employed: Total,52,50,2
S01012383,Economically active: Self-employed: Part-time (1),17,15,2
S01012383,Economically active: Self-employed: Full-time (1),35,35,0
S01012383,Economically active: Unemployed (1),14,14,0
S01012383,Economically inactive,328,320,8
S01012384,All people aged 16 and over,433,414,19
S01012384,Economically active: Total,269,253,16
S01012384,Economically active: Employee: Total,210,196,14
S01012384,Economically active: Employee: Part-time (1),52,50,2
S01012384,Economically active: Employee: Full-time (1),158,146,12
S01012384,Economically active: Self-employed: Total,40,39,1
S01012384,Economically active: Self-employed: Part-time (1),18,18,0
S01012384,Economically active: Self-employed: Full-time (1),22,21,1
S01012384,Economically active: Unemployed (1),19,18,1
S01012384,Economically inactive,164,161,3
S01012385,All people aged 16 and over,595,559,36
S01012385,Economically active: Total,422,395,27
S01012385,Economically active: Employee: Total,326,305,21
S01012385,Economically active: Employee: Part-time (1),87,80,7
S01012385,Economically active: Employee: Full-time (1),239,225,14
S01012385,Economically active: Self-employed: Total,72,68,4
S01012385,Economically active: Self-employed: Part-time (1),22,20,2
S01012385,Economically active: Self-employed: Full-time (1),50,48,2
S01012385,Economically active: Unemployed (1),24,22,2
S01012385,Economically inactive,173,164,9
S01012386,All people aged 16 and over,806,768,38
S01012386,Economically active: Total,497,467,30
S01012386,Economically active: Employee: Total,387,359,28
S01012386,Economically active: Employee: Part-time (1),127,119,8
S01012386,Economically active: Employee: Full-time (1),260,240,20
S01012386,Economically active: Self-employed: Total,48,47,1
S01012386,Economically active: Self-employed: Part-time (1),16,16,0
S01012386,Economically active: Self-employed: Full-time (1),32,31,1
S01012386,Economically active: Unemployed (1),62,61,1
S01012386,Economically inactive,309,301,8
S01012387,All people aged 16 and over,755,718,37
S01012387,Economically active: Total,543,514,29
S01012387,Economically active: Employee: Total,452,431,21
S01012387,Economically active: Employee: Part-time (1),114,110,4
S01012387,Economically active: Employee: Full-time (1),338,321,17
S01012387,Economically active: Self-employed: Total,79,71,8
S01012387,Economically active: Self-employed: Part-time (1),18,16,2
S01012387,Economically active: Self-employed: Full-time (1),61,55,6
S01012387,Economically active: Unemployed (1),12,12,0
S01012387,Economically inactive,212,204,8
S01012388,All people aged 16 and over,579,546,33
S01012388,Economically active: Total,410,386,24
S01012388,Economically active: Employee: Total,348,327,21
S01012388,Economically active: Employee: Part-time (1),98,93,5
S01012388,Economically active: Employee: Full-time (1),250,234,16
S01012388,Economically active: Self-employed: Total,61,58,3
S01012388,Economically active: Self-employed: Part-time (1),17,15,2
S01012388,Economically active: Self-employed: Full-time (1),44,43,1
S01012388,Economically active: Unemployed (1),1,1,0
S01012388,Economically inactive,169,160,9
S01012389,All people aged 16 and over,661,640,21
S01012389,Economically active: Total,501,481,20
S01012389,Economically active: Employee: Total,433,415,18
S01012389,Economically active: Employee: Part-time (1),132,126,6
S01012389,Economically active: Employee: Full-time (1),301,289,12
S01012389,Economically active: Self-employed: Total,56,55,1
S01012389,Economically active: Self-employed: Part-time (1),17,16,1
S01012389,Economically active: Self-employed: Full-time (1),39,39,0
S01012389,Economically active: Unemployed (1),12,11,1
S01012389,Economically inactive,160,159,1
S01012390,All people aged 16 and over,620,601,19
S01012390,Economically active: Total,452,437,15
S01012390,Economically active: Employee: Total,407,392,15
S01012390,Economically active: Employee: Part-time (1),122,117,5
S01012390,Economically active: Employee: Full-time (1),285,275,10
S01012390,Economically active: Self-employed: Total,40,40,0
S01012390,Economically active: Self-employed: Part-time (1),13,13,0
S01012390,Economically active: Self-employed: Full-time (1),27,27,0
S01012390,Economically active: Unemployed (1),5,5,0
S01012390,Economically inactive,168,164,4
S01012391,All people aged 16 and over,785,736,49
S01012391,Economically active: Total,614,571,43
S01012391,Economically active: Employee: Total,539,504,35
S01012391,Economically active: Employee: Part-time (1),169,157,12
S01012391,Economically active: Employee: Full-time (1),370,347,23
S01012391,Economically active: Self-employed: Total,59,53,6
S01012391,Economically active: Self-employed: Part-time (1),23,23,0
S01012391,Economically active: Self-employed: Full-time (1),36,30,6
S01012391,Economically active: Unemployed (1),16,14,2
S01012391,Economically inactive,171,165,6
S01012392,All people aged 16 and over,606,581,25
S01012392,Economically active: Total,446,427,19
S01012392,Economically active: Employee: Total,402,385,17
S01012392,Economically active: Employee: Part-time (1),128,126,2
S01012392,Economically active: Employee: Full-time (1),274,259,15
S01012392,Economically active: Self-employed: Total,30,28,2
S01012392,Economically active: Self-employed: Part-time (1),9,9,0
S01012392,Economically active: Self-employed: Full-time (1),21,19,2
S01012392,Economically active: Unemployed (1),14,14,0
S01012392,Economically inactive,160,154,6
S01012393,All people aged 16 and over,728,654,74
S01012393,Economically active: Total,537,473,64
S01012393,Economically active: Employee: Total,467,411,56
S01012393,Economically active: Employee: Part-time (1),141,127,14
S01012393,Economically active: Employee: Full-time (1),326,284,42
S01012393,Economically active: Self-employed: Total,65,58,7
S01012393,Economically active: Self-employed: Part-time (1),21,20,1
S01012393,Economically active: Self-employed: Full-time (1),44,38,6
S01012393,Economically active: Unemployed (1),5,4,1
S01012393,Economically inactive,191,181,10
S01012394,All people aged 16 and over,531,511,20
S01012394,Economically active: Total,363,346,17
S01012394,Economically active: Employee: Total,315,301,14
S01012394,Economically active: Employee: Part-time (1),88,84,4
S01012394,Economically active: Employee: Full-time (1),227,217,10
S01012394,Economically active: Self-employed: Total,27,26,1
S01012394,Economically active: Self-employed: Part-time (1),6,6,0
S01012394,Economically active: Self-employed: Full-time (1),21,20,1
S01012394,Economically active: Unemployed (1),21,19,2
S01012394,Economically inactive,168,165,3
S01012395,All people aged 16 and over,514,473,41
S01012395,Economically active: Total,357,322,35
S01012395,Economically active: Employee: Total,310,281,29
S01012395,Economically active: Employee: Part-time (1),99,90,9
S01012395,Economically active: Employee: Full-time (1),211,191,20
S01012395,Economically active: Self-employed: Total,38,34,4
S01012395,Economically active: Self-employed: Part-time (1),13,12,1
S01012395,Economically active: Self-employed: Full-time (1),25,22,3
S01012395,Economically active: Unemployed (1),9,7,2
S01012395,Economically inactive,157,151,6
S01012396,All people aged 16 and over,533,495,38
S01012396,Economically active: Total,354,323,31
S01012396,Economically active: Employee: Total,307,278,29
S01012396,Economically active: Employee: Part-time (1),66,56,10
S01012396,Economically active: Employee: Full-time (1),241,222,19
S01012396,Economically active: Self-employed: Total,32,31,1
S01012396,Economically active: Self-employed: Part-time (1),8,7,1
S01012396,Economically active: Self-employed: Full-time (1),24,24,0
S01012396,Economically active: Unemployed (1),15,14,1
S01012396,Economically inactive,179,172,7
S01012397,All people aged 16 and over,730,687,43
S01012397,Economically active: Total,481,447,34
S01012397,Economically active: Employee: Total,400,375,25
S01012397,Economically active: Employee: Part-time (1),115,107,8
S01012397,Economically active: Employee: Full-time (1),285,268,17
S01012397,Economically active: Self-employed: Total,60,56,4
S01012397,Economically active: Self-employed: Part-time (1),14,14,0
S01012397,Economically active: Self-employed: Full-time (1),46,42,4
S01012397,Economically active: Unemployed (1),21,16,5
S01012397,Economically inactive,249,240,9
S01012398,All people aged 16 and over,768,694,74
S01012398,Economically active: Total,555,487,68
S01012398,Economically active: Employee: Total,506,444,62
S01012398,Economically active: Employee: Part-time (1),112,101,11
S01012398,Economically active: Employee: Full-time (1),394,343,51
S01012398,Economically active: Self-employed: Total,37,32,5
S01012398,Economically active: Self-employed: Part-time (1),6,6,0
S01012398,Economically active: Self-employed: Full-time (1),31,26,5
S01012398,Economically active: Unemployed (1),12,11,1
S01012398,Economically inactive,213,207,6
S01012399,All people aged 16 and over,505,472,33
S01012399,Economically active: Total,348,316,32
S01012399,Economically active: Employee: Total,330,298,32
S01012399,Economically active: Employee: Part-time (1),86,82,4
S01012399,Economically active: Employee: Full-time (1),244,216,28
S01012399,Economically active: Self-employed: Total,14,14,0
S01012399,Economically active: Self-employed: Part-time (1),2,2,0
S01012399,Economically active: Self-employed: Full-time (1),12,12,0
S01012399,Economically active: Unemployed (1),4,4,0
S01012399,Economically inactive,157,156,1
S01012400,All people aged 16 and over,487,422,65
S01012400,Economically active: Total,375,314,61
S01012400,Economically active: Employee: Total,326,279,47
S01012400,Economically active: Employee: Part-time (1),87,81,6
S01012400,Economically active: Employee: Full-time (1),239,198,41
S01012400,Economically active: Self-employed: Total,34,22,12
S01012400,Economically active: Self-employed: Part-time (1),5,2,3
S01012400,Economically active: Self-employed: Full-time (1),29,20,9
S01012400,Economically active: Unemployed (1),15,13,2
S01012400,Economically inactive,112,108,4
S01012401,All people aged 16 and over,662,618,44
S01012401,Economically active: Total,499,464,35
S01012401,Economically active: Employee: Total,443,415,28
S01012401,Economically active: Employee: Part-time (1),118,111,7
S01012401,Economically active: Employee: Full-time (1),325,304,21
S01012401,Economically active: Self-employed: Total,28,22,6
S01012401,Economically active: Self-employed: Part-time (1),5,3,2
S01012401,Economically active: Self-employed: Full-time (1),23,19,4
S01012401,Economically active: Unemployed (1),28,27,1
S01012401,Economically inactive,163,154,9
S01012402,All people aged 16 and over,352,328,24
S01012402,Economically active: Total,284,263,21
S01012402,Economically active: Employee: Total,243,223,20
S01012402,Economically active: Employee: Part-time (1),60,58,2
S01012402,Economically active: Employee: Full-time (1),183,165,18
S01012402,Economically active: Self-employed: Total,36,35,1
S01012402,Economically active: Self-employed: Part-time (1),4,4,0
S01012402,Economically active: Self-employed: Full-time (1),32,31,1
S01012402,Economically active: Unemployed (1),5,5,0
S01012402,Economically inactive,68,65,3
S01012403,All people aged 16 and over,860,803,57
S01012403,Economically active: Total,663,615,48
S01012403,Economically active: Employee: Total,546,504,42
S01012403,Economically active: Employee: Part-time (1),158,154,4
S01012403,Economically active: Employee: Full-time (1),388,350,38
S01012403,Economically active: Self-employed: Total,106,101,5
S01012403,Economically active: Self-employed: Part-time (1),32,29,3
S01012403,Economically active: Self-employed: Full-time (1),74,72,2
S01012403,Economically active: Unemployed (1),11,10,1
S01012403,Economically inactive,197,188,9
S01012404,All people aged 16 and over,826,745,81
S01012404,Economically active: Total,587,514,73
S01012404,Economically active: Employee: Total,505,435,70
S01012404,Economically active: Employee: Part-time (1),122,112,10
S01012404,Economically active: Employee: Full-time (1),383,323,60
S01012404,Economically active: Self-employed: Total,59,56,3
S01012404,Economically active: Self-employed: Part-time (1),22,22,0
S01012404,Economically active: Self-employed: Full-time (1),37,34,3
S01012404,Economically active: Unemployed (1),23,23,0
S01012404,Economically inactive,239,231,8
S01012405,All people aged 16 and over,554,535,19
S01012405,Economically active: Total,432,418,14
S01012405,Economically active: Employee: Total,368,358,10
S01012405,Economically active: Employee: Part-time (1),85,81,4
S01012405,Economically active: Employee: Full-time (1),283,277,6
S01012405,Economically active: Self-employed: Total,60,56,4
S01012405,Economically active: Self-employed: Part-time (1),18,15,3
S01012405,Economically active: Self-employed: Full-time (1),42,41,1
S01012405,Economically active: Unemployed (1),4,4,0
S01012405,Economically inactive,122,117,5
S01012406,All people aged 16 and over,500,473,27
S01012406,Economically active: Total,345,328,17
S01012406,Economically active: Employee: Total,290,276,14
S01012406,Economically active: Employee: Part-time (1),80,78,2
S01012406,Economically active: Employee: Full-time (1),210,198,12
S01012406,Economically active: Self-employed: Total,48,45,3
S01012406,Economically active: Self-employed: Part-time (1),5,5,0
S01012406,Economically active: Self-employed: Full-time (1),43,40,3
S01012406,Economically active: Unemployed (1),7,7,0
S01012406,Economically inactive,155,145,10
S01012407,All people aged 16 and over,639,613,26
S01012407,Economically active: Total,475,452,23
S01012407,Economically active: Employee: Total,398,376,22
S01012407,Economically active: Employee: Part-time (1),121,115,6
S01012407,Economically active: Employee: Full-time (1),277,261,16
S01012407,Economically active: Self-employed: Total,62,61,1
S01012407,Economically active: Self-employed: Part-time (1),13,12,1
S01012407,Economically active: Self-employed: Full-time (1),49,49,0
S01012407,Economically active: Unemployed (1),15,15,0
S01012407,Economically inactive,164,161,3
S01012408,All people aged 16 and over,502,491,11
S01012408,Economically active: Total,359,354,5
S01012408,Economically active: Employee: Total,288,284,4
S01012408,Economically active: Employee: Part-time (1),93,92,1
S01012408,Economically active: Employee: Full-time (1),195,192,3
S01012408,Economically active: Self-employed: Total,66,65,1
S01012408,Economically active: Self-employed: Part-time (1),15,15,0
S01012408,Economically active: Self-employed: Full-time (1),51,50,1
S01012408,Economically active: Unemployed (1),5,5,0
S01012408,Economically inactive,143,137,6
S01012409,All people aged 16 and over,563,535,28
S01012409,Economically active: Total,390,371,19
S01012409,Economically active: Employee: Total,312,297,15
S01012409,Economically active: Employee: Part-time (1),96,94,2
S01012409,Economically active: Employee: Full-time (1),216,203,13
S01012409,Economically active: Self-employed: Total,66,62,4
S01012409,Economically active: Self-employed: Part-time (1),17,17,0
S01012409,Economically active: Self-employed: Full-time (1),49,45,4
S01012409,Economically active: Unemployed (1),12,12,0
S01012409,Economically inactive,173,164,9
S01012410,All people aged 16 and over,843,804,39
S01012410,Economically active: Total,646,610,36
S01012410,Economically active: Employee: Total,576,542,34
S01012410,Economically active: Employee: Part-time (1),155,146,9
S01012410,Economically active: Employee: Full-time (1),421,396,25
S01012410,Economically active: Self-employed: Total,56,56,0
S01012410,Economically active: Self-employed: Part-time (1),11,11,0
S01012410,Economically active: Self-employed: Full-time (1),45,45,0
S01012410,Economically active: Unemployed (1),14,12,2
S01012410,Economically inactive,197,194,3
S01012411,All people aged 16 and over,763,739,24
S01012411,Economically active: Total,569,549,20
S01012411,Economically active: Employee: Total,500,481,19
S01012411,Economically active: Employee: Part-time (1),124,122,2
S01012411,Economically active: Employee: Full-time (1),376,359,17
S01012411,Economically active: Self-employed: Total,45,44,1
S01012411,Economically active: Self-employed: Part-time (1),10,10,0
S01012411,Economically active: Self-employed: Full-time (1),35,34,1
S01012411,Economically active: Unemployed (1),24,24,0
S01012411,Economically inactive,194,190,4
S01012412,All people aged 16 and over,540,521,19
S01012412,Economically active: Total,379,363,16
S01012412,Economically active: Employee: Total,301,289,12
S01012412,Economically active: Employee: Part-time (1),107,102,5
S01012412,Economically active: Employee: Full-time (1),194,187,7
S01012412,Economically active: Self-employed: Total,68,65,3
S01012412,Economically active: Self-employed: Part-time (1),18,18,0
S01012412,Economically active: Self-employed: Full-time (1),50,47,3
S01012412,Economically active: Unemployed (1),10,9,1
S01012412,Economically inactive,161,158,3
S01012413,All people aged 16 and over,794,768,26
S01012413,Economically active: Total,494,479,15
S01012413,Economically active: Employee: Total,432,421,11
S01012413,Economically active: Employee: Part-time (1),127,125,2
S01012413,Economically active: Employee: Full-time (1),305,296,9
S01012413,Economically active: Self-employed: Total,55,52,3
S01012413,Economically active: Self-employed: Part-time (1),6,4,2
S01012413,Economically active: Self-employed: Full-time (1),49,48,1
S01012413,Economically active: Unemployed (1),7,6,1
S01012413,Economically inactive,300,289,11
S01012414,All people aged 16 and over,589,560,29
S01012414,Economically active: Total,370,355,15
S01012414,Economically active: Employee: Total,288,274,14
S01012414,Economically active: Employee: Part-time (1),101,95,6
S01012414,Economically active: Employee: Full-time (1),187,179,8
S01012414,Economically active: Self-employed: Total,59,59,0
S01012414,Economically active: Self-employed: Part-time (1),13,13,0
S01012414,Economically active: Self-employed: Full-time (1),46,46,0
S01012414,Economically active: Unemployed (1),23,22,1
S01012414,Economically inactive,219,205,14
S01012415,All people aged 16 and over,451,442,9
S01012415,Economically active: Total,284,278,6
S01012415,Economically active: Employee: Total,207,201,6
S01012415,Economically active: Employee: Part-time (1),66,64,2
S01012415,Economically active: Employee: Full-time (1),141,137,4
S01012415,Economically active: Self-employed: Total,68,68,0
S01012415,Economically active: Self-employed: Part-time (1),9,9,0
S01012415,Economically active: Self-employed: Full-time (1),59,59,0
S01012415,Economically active: Unemployed (1),9,9,0
S01012415,Economically inactive,167,164,3
S01012416,All people aged 16 and over,456,434,22
S01012416,Economically active: Total,288,272,16
S01012416,Economically active: Employee: Total,217,201,16
S01012416,Economically active: Employee: Part-time (1),76,71,5
S01012416,Economically active: Employee: Full-time (1),141,130,11
S01012416,Economically active: Self-employed: Total,66,66,0
S01012416,Economically active: Self-employed: Part-time (1),11,11,0
S01012416,Economically active: Self-employed: Full-time (1),55,55,0
S01012416,Economically active: Unemployed (1),5,5,0
S01012416,Economically inactive,168,162,6
S01012417,All people aged 16 and over,544,514,30
S01012417,Economically active: Total,277,262,15
S01012417,Economically active: Employee: Total,200,185,15
S01012417,Economically active: Employee: Part-time (1),78,74,4
S01012417,Economically active: Employee: Full-time (1),122,111,11
S01012417,Economically active: Self-employed: Total,64,64,0
S01012417,Economically active: Self-employed: Part-time (1),15,15,0
S01012417,Economically active: Self-employed: Full-time (1),49,49,0
S01012417,Economically active: Unemployed (1),13,13,0
S01012417,Economically inactive,267,252,15
S01012418,All people aged 16 and over,680,645,35
S01012418,Economically active: Total,413,392,21
S01012418,Economically active: Employee: Total,236,224,12
S01012418,Economically active: Employee: Part-time (1),68,67,1
S01012418,Economically active: Employee: Full-time (1),168,157,11
S01012418,Economically active: Self-employed: Total,146,138,8
S01012418,Economically active: Self-employed: Part-time (1),35,34,1
S01012418,Economically active: Self-employed: Full-time (1),111,104,7
S01012418,Economically active: Unemployed (1),31,30,1
S01012418,Economically inactive,267,253,14
S01012419,All people aged 16 and over,678,654,24
S01012419,Economically active: Total,372,359,13
S01012419,Economically active: Employee: Total,215,204,11
S01012419,Economically active: Employee: Part-time (1),74,72,2
S01012419,Economically active: Employee: Full-time (1),141,132,9
S01012419,Economically active: Self-employed: Total,129,127,2
S01012419,Economically active: Self-employed: Part-time (1),28,27,1
S01012419,Economically active: Self-employed: Full-time (1),101,100,1
S01012419,Economically active: Unemployed (1),28,28,0
S01012419,Economically inactive,306,295,11
S01012420,All people aged 16 and over,694,687,7
S01012420,Economically active: Total,418,414,4
S01012420,Economically active: Employee: Total,332,328,4
S01012420,Economically active: Employee: Part-time (1),108,106,2
S01012420,Economically active: Employee: Full-time (1),224,222,2
S01012420,Economically active: Self-employed: Total,52,52,0
S01012420,Economically active: Self-employed: Part-time (1),13,13,0
S01012420,Economically active: Self-employed: Full-time (1),39,39,0
S01012420,Economically active: Unemployed (1),34,34,0
S01012420,Economically inactive,276,273,3
S01012421,All people aged 16 and over,629,599,30
S01012421,Economically active: Total,382,358,24
S01012421,Economically active: Employee: Total,278,256,22
S01012421,Economically active: Employee: Part-time (1),68,66,2
S01012421,Economically active: Employee: Full-time (1),210,190,20
S01012421,Economically active: Self-employed: Total,79,78,1
S01012421,Economically active: Self-employed: Part-time (1),13,13,0
S01012421,Economically active: Self-employed: Full-time (1),66,65,1
S01012421,Economically active: Unemployed (1),25,24,1
S01012421,Economically inactive,247,241,6
S01012422,All people aged 16 and over,725,692,33
S01012422,Economically active: Total,443,418,25
S01012422,Economically active: Employee: Total,316,295,21
S01012422,Economically active: Employee: Part-time (1),98,93,5
S01012422,Economically active: Employee: Full-time (1),218,202,16
S01012422,Economically active: Self-employed: Total,94,92,2
S01012422,Economically active: Self-employed: Part-time (1),28,28,0
S01012422,Economically active: Self-employed: Full-time (1),66,64,2
S01012422,Economically active: Unemployed (1),33,31,2
S01012422,Economically inactive,282,274,8
S01012423,All people aged 16 and over,696,676,20
S01012423,Economically active: Total,423,412,11
S01012423,Economically active: Employee: Total,310,303,7
S01012423,Economically active: Employee: Part-time (1),93,89,4
S01012423,Economically active: Employee: Full-time (1),217,214,3
S01012423,Economically active: Self-employed: Total,85,83,2
S01012423,Economically active: Self-employed: Part-time (1),18,17,1
S01012423,Economically active: Self-employed: Full-time (1),67,66,1
S01012423,Economically active: Unemployed (1),28,26,2
S01012423,Economically inactive,273,264,9
S01012424,All people aged 16 and over,752,739,13
S01012424,Economically active: Total,473,464,9
S01012424,Economically active: Employee: Total,383,374,9
S01012424,Economically active: Employee: Part-time (1),145,139,6
S01012424,Economically active: Employee: Full-time (1),238,235,3
S01012424,Economically active: Self-employed: Total,40,40,0
S01012424,Economically active: Self-employed: Part-time (1),16,16,0
S01012424,Economically active: Self-employed: Full-time (1),24,24,0
S01012424,Economically active: Unemployed (1),50,50,0
S01012424,Economically inactive,279,275,4
S01012425,All people aged 16 and over,497,484,13
S01012425,Economically active: Total,210,202,8
S01012425,Economically active: Employee: Total,176,170,6
S01012425,Economically active: Employee: Part-time (1),63,63,0
S01012425,Economically active: Employee: Full-time (1),113,107,6
S01012425,Economically active: Self-employed: Total,16,15,1
S01012425,Economically active: Self-employed: Part-time (1),2,2,0
S01012425,Economically active: Self-employed: Full-time (1),14,13,1
S01012425,Economically active: Unemployed (1),18,17,1
S01012425,Economically inactive,287,282,5
S01012426,All people aged 16 and over,383,372,11
S01012426,Economically active: Total,206,198,8
S01012426,Economically active: Employee: Total,154,147,7
S01012426,Economically active: Employee: Part-time (1),68,63,5
S01012426,Economically active: Employee: Full-time (1),86,84,2
S01012426,Economically active: Self-employed: Total,15,15,0
S01012426,Economically active: Self-employed: Part-time (1),2,2,0
S01012426,Economically active: Self-employed: Full-time (1),13,13,0
S01012426,Economically active: Unemployed (1),37,36,1
S01012426,Economically inactive,177,174,3
S01012427,All people aged 16 and over,523,516,7
S01012427,Economically active: Total,289,287,2
S01012427,Economically active: Employee: Total,234,232,2
S01012427,Economically active: Employee: Part-time (1),101,100,1
S01012427,Economically active: Employee: Full-time (1),133,132,1
S01012427,Economically active: Self-employed: Total,16,16,0
S01012427,Economically active: Self-employed: Part-time (1),3,3,0
S01012427,Economically active: Self-employed: Full-time (1),13,13,0
S01012427,Economically active: Unemployed (1),39,39,0
S01012427,Economically inactive,234,229,5
S01012428,All people aged 16 and over,539,517,22
S01012428,Economically active: Total,316,299,17
S01012428,Economically active: Employee: Total,267,251,16
S01012428,Economically active: Employee: Part-time (1),100,93,7
S01012428,Economically active: Employee: Full-time (1),167,158,9
S01012428,Economically active: Self-employed: Total,26,25,1
S01012428,Economically active: Self-employed: Part-time (1),6,6,0
S01012428,Economically active: Self-employed: Full-time (1),20,19,1
S01012428,Economically active: Unemployed (1),23,23,0
S01012428,Economically inactive,223,218,5
S01012429,All people aged 16 and over,466,457,9
S01012429,Economically active: Total,228,222,6
S01012429,Economically active: Employee: Total,184,178,6
S01012429,Economically active: Employee: Part-time (1),53,52,1
S01012429,Economically active: Employee: Full-time (1),131,126,5
S01012429,Economically active: Self-employed: Total,22,22,0
S01012429,Economically active: Self-employed: Part-time (1),4,4,0
S01012429,Economically active: Self-employed: Full-time (1),18,18,0
S01012429,Economically active: Unemployed (1),22,22,0
S01012429,Economically inactive,238,235,3
S01012430,All people aged 16 and over,475,464,11
S01012430,Economically active: Total,267,261,6
S01012430,Economically active: Employee: Total,223,219,4
S01012430,Economically active: Employee: Part-time (1),72,70,2
S01012430,Economically active: Employee: Full-time (1),151,149,2
S01012430,Economically active: Self-employed: Total,29,27,2
S01012430,Economically active: Self-employed: Part-time (1),7,6,1
S01012430,Economically active: Self-employed: Full-time (1),22,21,1
S01012430,Economically active: Unemployed (1),15,15,0
S01012430,Economically inactive,208,203,5
S01012431,All people aged 16 and over,790,751,39
S01012431,Economically active: Total,413,386,27
S01012431,Economically active: Employee: Total,290,273,17
S01012431,Economically active: Employee: Part-time (1),101,94,7
S01012431,Economically active: Employee: Full-time (1),189,179,10
S01012431,Economically active: Self-employed: Total,93,86,7
S01012431,Economically active: Self-employed: Part-time (1),19,17,2
S01012431,Economically active: Self-employed: Full-time (1),74,69,5
S01012431,Economically active: Unemployed (1),30,27,3
S01012431,Economically inactive,377,365,12
S01012432,All people aged 16 and over,622,602,20
S01012432,Economically active: Total,281,272,9
S01012432,Economically active: Employee: Total,224,217,7
S01012432,Economically active: Employee: Part-time (1),75,70,5
S01012432,Economically active: Employee: Full-time (1),149,147,2
S01012432,Economically active: Self-employed: Total,30,28,2
S01012432,Economically active: Self-employed: Part-time (1),7,6,1
S01012432,Economically active: Self-employed: Full-time (1),23,22,1
S01012432,Economically active: Unemployed (1),27,27,0
S01012432,Economically inactive,341,330,11
S01012433,All people aged 16 and over,440,426,14
S01012433,Economically active: Total,253,246,7
S01012433,Economically active: Employee: Total,206,201,5
S01012433,Economically active: Employee: Part-time (1),64,63,1
S01012433,Economically active: Employee: Full-time (1),142,138,4
S01012433,Economically active: Self-employed: Total,29,28,1
S01012433,Economically active: Self-employed: Part-time (1),10,10,0
S01012433,Economically active: Self-employed: Full-time (1),19,18,1
S01012433,Economically active: Unemployed (1),18,17,1
S01012433,Economically inactive,187,180,7
S01012434,All people aged 16 and over,578,567,11
S01012434,Economically active: Total,349,341,8
S01012434,Economically active: Employee: Total,282,276,6
S01012434,Economically active: Employee: Part-time (1),82,81,1
S01012434,Economically active: Employee: Full-time (1),200,195,5
S01012434,Economically active: Self-employed: Total,29,29,0
S01012434,Economically active: Self-employed: Part-time (1),13,13,0
S01012434,Economically active: Self-employed: Full-time (1),16,16,0
S01012434,Economically active: Unemployed (1),38,36,2
S01012434,Economically inactive,229,226,3
S01012435,All people aged 16 and over,527,517,10
S01012435,Economically active: Total,328,322,6
S01012435,Economically active: Employee: Total,253,248,5
S01012435,Economically active: Employee: Part-time (1),86,85,1
S01012435,Economically active: Employee: Full-time (1),167,163,4
S01012435,Economically active: Self-employed: Total,32,31,1
S01012435,Economically active: Self-employed: Part-time (1),8,7,1
S01012435,Economically active: Self-employed: Full-time (1),24,24,0
S01012435,Economically active: Unemployed (1),43,43,0
S01012435,Economically inactive,199,195,4
S01012436,All people aged 16 and over,595,568,27
S01012436,Economically active: Total,349,331,18
S01012436,Economically active: Employee: Total,270,258,12
S01012436,Economically active: Employee: Part-time (1),92,90,2
S01012436,Economically active: Employee: Full-time (1),178,168,10
S01012436,Economically active: Self-employed: Total,29,27,2
S01012436,Economically active: Self-employed: Part-time (1),8,7,1
S01012436,Economically active: Self-employed: Full-time (1),21,20,1
S01012436,Economically active: Unemployed (1),50,46,4
S01012436,Economically inactive,246,237,9
S01012437,All people aged 16 and over,616,612,4
S01012437,Economically active: Total,370,368,2
S01012437,Economically active: Employee: Total,301,300,1
S01012437,Economically active: Employee: Part-time (1),93,92,1
S01012437,Economically active: Employee: Full-time (1),208,208,0
S01012437,Economically active: Self-employed: Total,34,33,1
S01012437,Economically active: Self-employed: Part-time (1),7,7,0
S01012437,Economically active: Self-employed: Full-time (1),27,26,1
S01012437,Economically active: Unemployed (1),35,35,0
S01012437,Economically inactive,246,244,2
S01012438,All people aged 16 and over,534,514,20
S01012438,Economically active: Total,351,339,12
S01012438,Economically active: Employee: Total,263,257,6
S01012438,Economically active: Employee: Part-time (1),78,76,2
S01012438,Economically active: Employee: Full-time (1),185,181,4
S01012438,Economically active: Self-employed: Total,47,41,6
S01012438,Economically active: Self-employed: Part-time (1),13,13,0
S01012438,Economically active: Self-employed: Full-time (1),34,28,6
S01012438,Economically active: Unemployed (1),41,41,0
S01012438,Economically inactive,183,175,8
S01012439,All people aged 16 and over,645,629,16
S01012439,Economically active: Total,341,330,11
S01012439,Economically active: Employee: Total,266,260,6
S01012439,Economically active: Employee: Part-time (1),81,79,2
S01012439,Economically active: Employee: Full-time (1),185,181,4
S01012439,Economically active: Self-employed: Total,33,32,1
S01012439,Economically active: Self-employed: Part-time (1),6,6,0
S01012439,Economically active: Self-employed: Full-time (1),27,26,1
S01012439,Economically active: Unemployed (1),42,38,4
S01012439,Economically inactive,304,299,5
S01012440,All people aged 16 and over,444,429,15
S01012440,Economically active: Total,285,278,7
S01012440,Economically active: Employee: Total,221,217,4
S01012440,Economically active: Employee: Part-time (1),62,61,1
S01012440,Economically active: Employee: Full-time (1),159,156,3
S01012440,Economically active: Self-employed: Total,47,44,3
S01012440,Economically active: Self-employed: Part-time (1),15,14,1
S01012440,Economically active: Self-employed: Full-time (1),32,30,2
S01012440,Economically active: Unemployed (1),17,17,0
S01012440,Economically inactive,159,151,8
S01012441,All people aged 16 and over,764,743,21
S01012441,Economically active: Total,482,466,16
S01012441,Economically active: Employee: Total,340,330,10
S01012441,Economically active: Employee: Part-time (1),112,109,3
S01012441,Economically active: Employee: Full-time (1),228,221,7
S01012441,Economically active: Self-employed: Total,120,117,3
S01012441,Economically active: Self-employed: Part-time (1),30,29,1
S01012441,Economically active: Self-employed: Full-time (1),90,88,2
S01012441,Economically active: Unemployed (1),22,19,3
S01012441,Economically inactive,282,277,5
S01012442,All people aged 16 and over,808,758,50
S01012442,Economically active: Total,515,483,32
S01012442,Economically active: Employee: Total,386,359,27
S01012442,Economically active: Employee: Part-time (1),109,103,6
S01012442,Economically active: Employee: Full-time (1),277,256,21
S01012442,Economically active: Self-employed: Total,100,96,4
S01012442,Economically active: Self-employed: Part-time (1),27,26,1
S01012442,Economically active: Self-employed: Full-time (1),73,70,3
S01012442,Economically active: Unemployed (1),29,28,1
S01012442,Economically inactive,293,275,18
S01012443,All people aged 16 and over,616,595,21
S01012443,Economically active: Total,423,407,16
S01012443,Economically active: Employee: Total,319,304,15
S01012443,Economically active: Employee: Part-time (1),96,92,4
S01012443,Economically active: Employee: Full-time (1),223,212,11
S01012443,Economically active: Self-employed: Total,81,81,0
S01012443,Economically active: Self-employed: Part-time (1),15,15,0
S01012443,Economically active: Self-employed: Full-time (1),66,66,0
S01012443,Economically active: Unemployed (1),23,22,1
S01012443,Economically inactive,193,188,5
S01012444,All people aged 16 and over,712,682,30
S01012444,Economically active: Total,350,330,20
S01012444,Economically active: Employee: Total,274,258,16
S01012444,Economically active: Employee: Part-time (1),76,73,3
S01012444,Economically active: Employee: Full-time (1),198,185,13
S01012444,Economically active: Self-employed: Total,57,55,2
S01012444,Economically active: Self-employed: Part-time (1),14,13,1
S01012444,Economically active: Self-employed: Full-time (1),43,42,1
S01012444,Economically active: Unemployed (1),19,17,2
S01012444,Economically inactive,362,352,10
S01012445,All people aged 16 and over,403,373,30
S01012445,Economically active: Total,280,258,22
S01012445,Economically active: Employee: Total,208,191,17
S01012445,Economically active: Employee: Part-time (1),61,55,6
S01012445,Economically active: Employee: Full-time (1),147,136,11
S01012445,Economically active: Self-employed: Total,54,50,4
S01012445,Economically active: Self-employed: Part-time (1),17,17,0
S01012445,Economically active: Self-employed: Full-time (1),37,33,4
S01012445,Economically active: Unemployed (1),18,17,1
S01012445,Economically inactive,123,115,8
S01012446,All people aged 16 and over,430,418,12
S01012446,Economically active: Total,258,253,5
S01012446,Economically active: Employee: Total,212,208,4
S01012446,Economically active: Employee: Part-time (1),67,67,0
S01012446,Economically active: Employee: Full-time (1),145,141,4
S01012446,Economically active: Self-employed: Total,21,20,1
S01012446,Economically active: Self-employed: Part-time (1),6,5,1
S01012446,Economically active: Self-employed: Full-time (1),15,15,0
S01012446,Economically active: Unemployed (1),25,25,0
S01012446,Economically inactive,172,165,7
S01012447,All people aged 16 and over,725,713,12
S01012447,Economically active: Total,470,462,8
S01012447,Economically active: Employee: Total,389,384,5
S01012447,Economically active: Employee: Part-time (1),103,102,1
S01012447,Economically active: Employee: Full-time (1),286,282,4
S01012447,Economically active: Self-employed: Total,59,57,2
S01012447,Economically active: Self-employed: Part-time (1),26,24,2
S01012447,Economically active: Self-employed: Full-time (1),33,33,0
S01012447,Economically active: Unemployed (1),22,21,1
S01012447,Economically inactive,255,251,4
S01012448,All people aged 16 and over,712,686,26
S01012448,Economically active: Total,470,455,15
S01012448,Economically active: Employee: Total,368,355,13
S01012448,Economically active: Employee: Part-time (1),93,90,3
S01012448,Economically active: Employee: Full-time (1),275,265,10
S01012448,Economically active: Self-employed: Total,73,72,1
S01012448,Economically active: Self-employed: Part-time (1),16,16,0
S01012448,Economically active: Self-employed: Full-time (1),57,56,1
S01012448,Economically active: Unemployed (1),29,28,1
S01012448,Economically inactive,242,231,11
S01012449,All people aged 16 and over,482,469,13
S01012449,Economically active: Total,329,320,9
S01012449,Economically active: Employee: Total,276,269,7
S01012449,Economically active: Employee: Part-time (1),68,66,2
S01012449,Economically active: Employee: Full-time (1),208,203,5
S01012449,Economically active: Self-employed: Total,34,33,1
S01012449,Economically active: Self-employed: Part-time (1),4,4,0
S01012449,Economically active: Self-employed: Full-time (1),30,29,1
S01012449,Economically active: Unemployed (1),19,18,1
S01012449,Economically inactive,153,149,4
S01012450,All people aged 16 and over,700,677,23
S01012450,Economically active: Total,447,431,16
S01012450,Economically active: Employee: Total,331,319,12
S01012450,Economically active: Employee: Part-time (1),88,87,1
S01012450,Economically active: Employee: Full-time (1),243,232,11
S01012450,Economically active: Self-employed: Total,98,96,2
S01012450,Economically active: Self-employed: Part-time (1),22,22,0
S01012450,Economically active: Self-employed: Full-time (1),76,74,2
S01012450,Economically active: Unemployed (1),18,16,2
S01012450,Economically inactive,253,246,7
S01012451,All people aged 16 and over,787,757,30
S01012451,Economically active: Total,330,317,13
S01012451,Economically active: Employee: Total,250,239,11
S01012451,Economically active: Employee: Part-time (1),77,73,4
S01012451,Economically active: Employee: Full-time (1),173,166,7
S01012451,Economically active: Self-employed: Total,64,62,2
S01012451,Economically active: Self-employed: Part-time (1),18,18,0
S01012451,Economically active: Self-employed: Full-time (1),46,44,2
S01012451,Economically active: Unemployed (1),16,16,0
S01012451,Economically inactive,457,440,17
S01012452,All people aged 16 and over,505,488,17
S01012452,Economically active: Total,265,255,10
S01012452,Economically active: Employee: Total,221,212,9
S01012452,Economically active: Employee: Part-time (1),66,63,3
S01012452,Economically active: Employee: Full-time (1),155,149,6
S01012452,Economically active: Self-employed: Total,36,35,1
S01012452,Economically active: Self-employed: Part-time (1),13,12,1
S01012452,Economically active: Self-employed: Full-time (1),23,23,0
S01012452,Economically active: Unemployed (1),8,8,0
S01012452,Economically inactive,240,233,7
S01012453,All people aged 16 and over,699,670,29
S01012453,Economically active: Total,392,376,16
S01012453,Economically active: Employee: Total,299,286,13
S01012453,Economically active: Employee: Part-time (1),90,88,2
S01012453,Economically active: Employee: Full-time (1),209,198,11
S01012453,Economically active: Self-employed: Total,75,72,3
S01012453,Economically active: Self-employed: Part-time (1),23,23,0
S01012453,Economically active: Self-employed: Full-time (1),52,49,3
S01012453,Economically active: Unemployed (1),18,18,0
S01012453,Economically inactive,307,294,13
S01012454,All people aged 16 and over,578,556,22
S01012454,Economically active: Total,293,279,14
S01012454,Economically active: Employee: Total,233,222,11
S01012454,Economically active: Employee: Part-time (1),81,78,3
S01012454,Economically active: Employee: Full-time (1),152,144,8
S01012454,Economically active: Self-employed: Total,40,38,2
S01012454,Economically active: Self-employed: Part-time (1),13,13,0
S01012454,Economically active: Self-employed: Full-time (1),27,25,2
S01012454,Economically active: Unemployed (1),20,19,1
S01012454,Economically inactive,285,277,8
S01012455,All people aged 16 and over,498,468,30
S01012455,Economically active: Total,256,234,22
S01012455,Economically active: Employee: Total,180,170,10
S01012455,Economically active: Employee: Part-time (1),62,61,1
S01012455,Economically active: Employee: Full-time (1),118,109,9
S01012455,Economically active: Self-employed: Total,65,54,11
S01012455,Economically active: Self-employed: Part-time (1),16,13,3
S01012455,Economically active: Self-employed: Full-time (1),49,41,8
S01012455,Economically active: Unemployed (1),11,10,1
S01012455,Economically inactive,242,234,8
S01012456,All people aged 16 and over,649,617,32
S01012456,Economically active: Total,318,303,15
S01012456,Economically active: Employee: Total,250,238,12
S01012456,Economically active: Employee: Part-time (1),87,83,4
S01012456,Economically active: Employee: Full-time (1),163,155,8
S01012456,Economically active: Self-employed: Total,49,48,1
S01012456,Economically active: Self-employed: Part-time (1),8,8,0
S01012456,Economically active: Self-employed: Full-time (1),41,40,1
S01012456,Economically active: Unemployed (1),19,17,2
S01012456,Economically inactive,331,314,17
S01012457,All people aged 16 and over,757,730,27
S01012457,Economically active: Total,338,323,15
S01012457,Economically active: Employee: Total,261,251,10
S01012457,Economically active: Employee: Part-time (1),81,79,2
S01012457,Economically active: Employee: Full-time (1),180,172,8
S01012457,Economically active: Self-employed: Total,60,55,5
S01012457,Economically active: Self-employed: Part-time (1),19,18,1
S01012457,Economically active: Self-employed: Full-time (1),41,37,4
S01012457,Economically active: Unemployed (1),17,17,0
S01012457,Economically inactive,419,407,12
S01012458,All people aged 16 and over,669,644,25
S01012458,Economically active: Total,353,338,15
S01012458,Economically active: Employee: Total,265,254,11
S01012458,Economically active: Employee: Part-time (1),77,74,3
S01012458,Economically active: Employee: Full-time (1),188,180,8
S01012458,Economically active: Self-employed: Total,69,66,3
S01012458,Economically active: Self-employed: Part-time (1),20,19,1
S01012458,Economically active: Self-employed: Full-time (1),49,47,2
S01012458,Economically active: Unemployed (1),19,18,1
S01012458,Economically inactive,316,306,10
S01012459,All people aged 16 and over,584,554,30
S01012459,Economically active: Total,405,381,24
S01012459,Economically active: Employee: Total,346,324,22
S01012459,Economically active: Employee: Part-time (1),115,103,12
S01012459,Economically active: Employee: Full-time (1),231,221,10
S01012459,Economically active: Self-employed: Total,41,39,2
S01012459,Economically active: Self-employed: Part-time (1),13,11,2
S01012459,Economically active: Self-employed: Full-time (1),28,28,0
S01012459,Economically active: Unemployed (1),18,18,0
S01012459,Economically inactive,179,173,6
S01012460,All people aged 16 and over,473,452,21
S01012460,Economically active: Total,251,237,14
S01012460,Economically active: Employee: Total,200,189,11
S01012460,Economically active: Employee: Part-time (1),62,61,1
S01012460,Economically active: Employee: Full-time (1),138,128,10
S01012460,Economically active: Self-employed: Total,34,34,0
S01012460,Economically active: Self-employed: Part-time (1),6,6,0
S01012460,Economically active: Self-employed: Full-time (1),28,28,0
S01012460,Economically active: Unemployed (1),17,14,3
S01012460,Economically inactive,222,215,7
S01012461,All people aged 16 and over,450,433,17
S01012461,Economically active: Total,283,271,12
S01012461,Economically active: Employee: Total,238,226,12
S01012461,Economically active: Employee: Part-time (1),81,75,6
S01012461,Economically active: Employee: Full-time (1),157,151,6
S01012461,Economically active: Self-employed: Total,26,26,0
S01012461,Economically active: Self-employed: Part-time (1),5,5,0
S01012461,Economically active: Self-employed: Full-time (1),21,21,0
S01012461,Economically active: Unemployed (1),19,19,0
S01012461,Economically inactive,167,162,5
S01012462,All people aged 16 and over,653,643,10
S01012462,Economically active: Total,373,365,8
S01012462,Economically active: Employee: Total,293,288,5
S01012462,Economically active: Employee: Part-time (1),99,98,1
S01012462,Economically active: Employee: Full-time (1),194,190,4
S01012462,Economically active: Self-employed: Total,24,22,2
S01012462,Economically active: Self-employed: Part-time (1),9,8,1
S01012462,Economically active: Self-employed: Full-time (1),15,14,1
S01012462,Economically active: Unemployed (1),56,55,1
S01012462,Economically inactive,280,278,2
S01012463,All people aged 16 and over,480,467,13
S01012463,Economically active: Total,291,279,12
S01012463,Economically active: Employee: Total,225,215,10
S01012463,Economically active: Employee: Part-time (1),76,71,5
S01012463,Economically active: Employee: Full-time (1),149,144,5
S01012463,Economically active: Self-employed: Total,30,30,0
S01012463,Economically active: Self-employed: Part-time (1),8,8,0
S01012463,Economically active: Self-employed: Full-time (1),22,22,0
S01012463,Economically active: Unemployed (1),36,34,2
S01012463,Economically inactive,189,188,1
S01012464,All people aged 16 and over,491,467,24
S01012464,Economically active: Total,345,331,14
S01012464,Economically active: Employee: Total,266,256,10
S01012464,Economically active: Employee: Part-time (1),101,99,2
S01012464,Economically active: Employee: Full-time (1),165,157,8
S01012464,Economically active: Self-employed: Total,24,23,1
S01012464,Economically active: Self-employed: Part-time (1),6,6,0
S01012464,Economically active: Self-employed: Full-time (1),18,17,1
S01012464,Economically active: Unemployed (1),55,52,3
S01012464,Economically inactive,146,136,10
S01012465,All people aged 16 and over,566,555,11
S01012465,Economically active: Total,350,344,6
S01012465,Economically active: Employee: Total,288,283,5
S01012465,Economically active: Employee: Part-time (1),80,79,1
S01012465,Economically active: Employee: Full-time (1),208,204,4
S01012465,Economically active: Self-employed: Total,26,26,0
S01012465,Economically active: Self-employed: Part-time (1),3,3,0
S01012465,Economically active: Self-employed: Full-time (1),23,23,0
S01012465,Economically active: Unemployed (1),36,35,1
S01012465,Economically inactive,216,211,5
S01012466,All people aged 16 and over,673,651,22
S01012466,Economically active: Total,374,361,13
S01012466,Economically active: Employee: Total,278,269,9
S01012466,Economically active: Employee: Part-time (1),96,92,4
S01012466,Economically active: Employee: Full-time (1),182,177,5
S01012466,Economically active: Self-employed: Total,57,56,1
S01012466,Economically active: Self-employed: Part-time (1),17,17,0
S01012466,Economically active: Self-employed: Full-time (1),40,39,1
S01012466,Economically active: Unemployed (1),39,36,3
S01012466,Economically inactive,299,290,9
S01012467,All people aged 16 and over,562,538,24
S01012467,Economically active: Total,333,316,17
S01012467,Economically active: Employee: Total,267,254,13
S01012467,Economically active: Employee: Part-time (1),83,78,5
S01012467,Economically active: Employee: Full-time (1),184,176,8
S01012467,Economically active: Self-employed: Total,38,36,2
S01012467,Economically active: Self-employed: Part-time (1),14,14,0
S01012467,Economically active: Self-employed: Full-time (1),24,22,2
S01012467,Economically active: Unemployed (1),28,26,2
S01012467,Economically inactive,229,222,7
S01012468,All people aged 16 and over,618,597,21
S01012468,Economically active: Total,377,367,10
S01012468,Economically active: Employee: Total,309,299,10
S01012468,Economically active: Employee: Part-time (1),95,94,1
S01012468,Economically active: Employee: Full-time (1),214,205,9
S01012468,Economically active: Self-employed: Total,40,40,0
S01012468,Economically active: Self-employed: Part-time (1),10,10,0
S01012468,Economically active: Self-employed: Full-time (1),30,30,0
S01012468,Economically active: Unemployed (1),28,28,0
S01012468,Economically inactive,241,230,11
S01012469,All people aged 16 and over,676,640,36
S01012469,Economically active: Total,362,341,21
S01012469,Economically active: Employee: Total,281,265,16
S01012469,Economically active: Employee: Part-time (1),90,84,6
S01012469,Economically active: Employee: Full-time (1),191,181,10
S01012469,Economically active: Self-employed: Total,65,62,3
S01012469,Economically active: Self-employed: Part-time (1),16,16,0
S01012469,Economically active: Self-employed: Full-time (1),49,46,3
S01012469,Economically active: Unemployed (1),16,14,2
S01012469,Economically inactive,314,299,15
S01012470,All people aged 16 and over,827,805,22
S01012470,Economically active: Total,443,433,10
S01012470,Economically active: Employee: Total,366,358,8
S01012470,Economically active: Employee: Part-time (1),108,105,3
S01012470,Economically active: Employee: Full-time (1),258,253,5
S01012470,Economically active: Self-employed: Total,41,39,2
S01012470,Economically active: Self-employed: Part-time (1),15,15,0
S01012470,Economically active: Self-employed: Full-time (1),26,24,2
S01012470,Economically active: Unemployed (1),36,36,0
S01012470,Economically inactive,384,372,12
S01012471,All people aged 16 and over,732,701,31
S01012471,Economically active: Total,390,376,14
S01012471,Economically active: Employee: Total,283,269,14
S01012471,Economically active: Employee: Part-time (1),84,82,2
S01012471,Economically active: Employee: Full-time (1),199,187,12
S01012471,Economically active: Self-employed: Total,95,95,0
S01012471,Economically active: Self-employed: Part-time (1),21,21,0
S01012471,Economically active: Self-employed: Full-time (1),74,74,0
S01012471,Economically active: Unemployed (1),12,12,0
S01012471,Economically inactive,342,325,17
S01012472,All people aged 16 and over,614,589,25
S01012472,Economically active: Total,296,283,13
S01012472,Economically active: Employee: Total,243,232,11
S01012472,Economically active: Employee: Part-time (1),71,66,5
S01012472,Economically active: Employee: Full-time (1),172,166,6
S01012472,Economically active: Self-employed: Total,39,38,1
S01012472,Economically active: Self-employed: Part-time (1),12,12,0
S01012472,Economically active: Self-employed: Full-time (1),27,26,1
S01012472,Economically active: Unemployed (1),14,13,1
S01012472,Economically inactive,318,306,12
S01012473,All people aged 16 and over,470,443,27
S01012473,Economically active: Total,284,265,19
S01012473,Economically active: Employee: Total,241,225,16
S01012473,Economically active: Employee: Part-time (1),69,67,2
S01012473,Economically active: Employee: Full-time (1),172,158,14
S01012473,Economically active: Self-employed: Total,31,29,2
S01012473,Economically active: Self-employed: Part-time (1),7,7,0
S01012473,Economically active: Self-employed: Full-time (1),24,22,2
S01012473,Economically active: Unemployed (1),12,11,1
S01012473,Economically inactive,186,178,8
S01012474,All people aged 16 and over,629,603,26
S01012474,Economically active: Total,323,307,16
S01012474,Economically active: Employee: Total,266,252,14
S01012474,Economically active: Employee: Part-time (1),92,86,6
S01012474,Economically active: Employee: Full-time (1),174,166,8
S01012474,Economically active: Self-employed: Total,34,32,2
S01012474,Economically active: Self-employed: Part-time (1),12,11,1
S01012474,Economically active: Self-employed: Full-time (1),22,21,1
S01012474,Economically active: Unemployed (1),23,23,0
S01012474,Economically inactive,306,296,10
S01012475,All people aged 16 and over,558,540,18
S01012475,Economically active: Total,286,277,9
S01012475,Economically active: Employee: Total,244,237,7
S01012475,Economically active: Employee: Part-time (1),73,72,1
S01012475,Economically active: Employee: Full-time (1),171,165,6
S01012475,Economically active: Self-employed: Total,26,24,2
S01012475,Economically active: Self-employed: Part-time (1),8,7,1
S01012475,Economically active: Self-employed: Full-time (1),18,17,1
S01012475,Economically active: Unemployed (1),16,16,0
S01012475,Economically inactive,272,263,9
S01012476,All people aged 16 and over,770,745,25
S01012476,Economically active: Total,448,433,15
S01012476,Economically active: Employee: Total,373,359,14
S01012476,Economically active: Employee: Part-time (1),122,118,4
S01012476,Economically active: Employee: Full-time (1),251,241,10
S01012476,Economically active: Self-employed: Total,33,33,0
S01012476,Economically active: Self-employed: Part-time (1),10,10,0
S01012476,Economically active: Self-employed: Full-time (1),23,23,0
S01012476,Economically active: Unemployed (1),42,41,1
S01012476,Economically inactive,322,312,10
S01012477,All people aged 16 and over,571,554,17
S01012477,Economically active: Total,370,359,11
S01012477,Economically active: Employee: Total,326,317,9
S01012477,Economically active: Employee: Part-time (1),99,96,3
S01012477,Economically active: Employee: Full-time (1),227,221,6
S01012477,Economically active: Self-employed: Total,27,25,2
S01012477,Economically active: Self-employed: Part-time (1),5,4,1
S01012477,Economically active: Self-employed: Full-time (1),22,21,1
S01012477,Economically active: Unemployed (1),17,17,0
S01012477,Economically inactive,201,195,6
S01012478,All people aged 16 and over,690,673,17
S01012478,Economically active: Total,440,427,13
S01012478,Economically active: Employee: Total,368,359,9
S01012478,Economically active: Employee: Part-time (1),142,140,2
S01012478,Economically active: Employee: Full-time (1),226,219,7
S01012478,Economically active: Self-employed: Total,43,40,3
S01012478,Economically active: Self-employed: Part-time (1),19,18,1
S01012478,Economically active: Self-employed: Full-time (1),24,22,2
S01012478,Economically active: Unemployed (1),29,28,1
S01012478,Economically inactive,250,246,4
S01012479,All people aged 16 and over,554,537,17
S01012479,Economically active: Total,409,395,14
S01012479,Economically active: Employee: Total,339,326,13
S01012479,Economically active: Employee: Part-time (1),106,101,5
S01012479,Economically active: Employee: Full-time (1),233,225,8
S01012479,Economically active: Self-employed: Total,53,53,0
S01012479,Economically active: Self-employed: Part-time (1),19,19,0
S01012479,Economically active: Self-employed: Full-time (1),34,34,0
S01012479,Economically active: Unemployed (1),17,16,1
S01012479,Economically inactive,145,142,3
S01012480,All people aged 16 and over,480,433,47
S01012480,Economically active: Total,306,269,37
S01012480,Economically active: Employee: Total,250,219,31
S01012480,Economically active: Employee: Part-time (1),58,51,7
S01012480,Economically active: Employee: Full-time (1),192,168,24
S01012480,Economically active: Self-employed: Total,34,30,4
S01012480,Economically active: Self-employed: Part-time (1),5,5,0
S01012480,Economically active: Self-employed: Full-time (1),29,25,4
S01012480,Economically active: Unemployed (1),22,20,2
S01012480,Economically inactive,174,164,10
S01012481,All people aged 16 and over,714,641,73
S01012481,Economically active: Total,471,417,54
S01012481,Economically active: Employee: Total,362,320,42
S01012481,Economically active: Employee: Part-time (1),100,87,13
S01012481,Economically active: Employee: Full-time (1),262,233,29
S01012481,Economically active: Self-employed: Total,49,46,3
S01012481,Economically active: Self-employed: Part-time (1),16,15,1
S01012481,Economically active: Self-employed: Full-time (1),33,31,2
S01012481,Economically active: Unemployed (1),60,51,9
S01012481,Economically inactive,243,224,19
S01012482,All people aged 16 and over,741,696,45
S01012482,Economically active: Total,359,328,31
S01012482,Economically active: Employee: Total,251,225,26
S01012482,Economically active: Employee: Part-time (1),71,67,4
S01012482,Economically active: Employee: Full-time (1),180,158,22
S01012482,Economically active: Self-employed: Total,62,57,5
S01012482,Economically active: Self-employed: Part-time (1),16,15,1
S01012482,Economically active: Self-employed: Full-time (1),46,42,4
S01012482,Economically active: Unemployed (1),46,46,0
S01012482,Economically inactive,382,368,14
S01012483,All people aged 16 and over,811,738,73
S01012483,Economically active: Total,434,386,48
S01012483,Economically active: Employee: Total,338,297,41
S01012483,Economically active: Employee: Part-time (1),108,98,10
S01012483,Economically active: Employee: Full-time (1),230,199,31
S01012483,Economically active: Self-employed: Total,40,35,5
S01012483,Economically active: Self-employed: Part-time (1),15,14,1
S01012483,Economically active: Self-employed: Full-time (1),25,21,4
S01012483,Economically active: Unemployed (1),56,54,2
S01012483,Economically inactive,377,352,25
S01012484,All people aged 16 and over,674,636,38
S01012484,Economically active: Total,373,348,25
S01012484,Economically active: Employee: Total,278,259,19
S01012484,Economically active: Employee: Part-time (1),80,75,5
S01012484,Economically active: Employee: Full-time (1),198,184,14
S01012484,Economically active: Self-employed: Total,70,66,4
S01012484,Economically active: Self-employed: Part-time (1),20,20,0
S01012484,Economically active: Self-employed: Full-time (1),50,46,4
S01012484,Economically active: Unemployed (1),25,23,2
S01012484,Economically inactive,301,288,13
S01012485,All people aged 16 and over,743,699,44
S01012485,Economically active: Total,381,350,31
S01012485,Economically active: Employee: Total,283,261,22
S01012485,Economically active: Employee: Part-time (1),78,74,4
S01012485,Economically active: Employee: Full-time (1),205,187,18
S01012485,Economically active: Self-employed: Total,81,74,7
S01012485,Economically active: Self-employed: Part-time (1),18,15,3
S01012485,Economically active: Self-employed: Full-time (1),63,59,4
S01012485,Economically active: Unemployed (1),17,15,2
S01012485,Economically inactive,362,349,13
S01012486,All people aged 16 and over,587,562,25
S01012486,Economically active: Total,206,195,11
S01012486,Economically active: Employee: Total,151,143,8
S01012486,Economically active: Employee: Part-time (1),50,46,4
S01012486,Economically active: Employee: Full-time (1),101,97,4
S01012486,Economically active: Self-employed: Total,47,44,3
S01012486,Economically active: Self-employed: Part-time (1),18,18,0
S01012486,Economically active: Self-employed: Full-time (1),29,26,3
S01012486,Economically active: Unemployed (1),8,8,0
S01012486,Economically inactive,381,367,14
S01012487,All people aged 16 and over,529,504,25
S01012487,Economically active: Total,336,319,17
S01012487,Economically active: Employee: Total,267,257,10
S01012487,Economically active: Employee: Part-time (1),84,79,5
S01012487,Economically active: Employee: Full-time (1),183,178,5
S01012487,Economically active: Self-employed: Total,37,35,2
S01012487,Economically active: Self-employed: Part-time (1),7,6,1
S01012487,Economically active: Self-employed: Full-time (1),30,29,1
S01012487,Economically active: Unemployed (1),32,27,5
S01012487,Economically inactive,193,185,8
S01012488,All people aged 16 and over,807,784,23
S01012488,Economically active: Total,471,457,14
S01012488,Economically active: Employee: Total,399,389,10
S01012488,Economically active: Employee: Part-time (1),116,113,3
S01012488,Economically active: Employee: Full-time (1),283,276,7
S01012488,Economically active: Self-employed: Total,36,33,3
S01012488,Economically active: Self-employed: Part-time (1),4,4,0
S01012488,Economically active: Self-employed: Full-time (1),32,29,3
S01012488,Economically active: Unemployed (1),36,35,1
S01012488,Economically inactive,336,327,9
S01012489,All people aged 16 and over,845,793,52
S01012489,Economically active: Total,516,478,38
S01012489,Economically active: Employee: Total,386,358,28
S01012489,Economically active: Employee: Part-time (1),128,118,10
S01012489,Economically active: Employee: Full-time (1),258,240,18
S01012489,Economically active: Self-employed: Total,32,26,6
S01012489,Economically active: Self-employed: Part-time (1),10,9,1
S01012489,Economically active: Self-employed: Full-time (1),22,17,5
S01012489,Economically active: Unemployed (1),98,94,4
S01012489,Economically inactive,329,315,14
S01012490,All people aged 16 and over,860,809,51
S01012490,Economically active: Total,505,461,44
S01012490,Economically active: Employee: Total,387,347,40
S01012490,Economically active: Employee: Part-time (1),116,106,10
S01012490,Economically active: Employee: Full-time (1),271,241,30
S01012490,Economically active: Self-employed: Total,32,30,2
S01012490,Economically active: Self-employed: Part-time (1),6,6,0
S01012490,Economically active: Self-employed: Full-time (1),26,24,2
S01012490,Economically active: Unemployed (1),86,84,2
S01012490,Economically inactive,355,348,7
S01012491,All people aged 16 and over,359,343,16
S01012491,Economically active: Total,233,223,10
S01012491,Economically active: Employee: Total,161,153,8
S01012491,Economically active: Employee: Part-time (1),58,57,1
S01012491,Economically active: Employee: Full-time (1),103,96,7
S01012491,Economically active: Self-employed: Total,9,8,1
S01012491,Economically active: Self-employed: Part-time (1),3,3,0
S01012491,Economically active: Self-employed: Full-time (1),6,5,1
S01012491,Economically active: Unemployed (1),63,62,1
S01012491,Economically inactive,126,120,6
S01012492,All people aged 16 and over,699,664,35
S01012492,Economically active: Total,341,318,23
S01012492,Economically active: Employee: Total,231,214,17
S01012492,Economically active: Employee: Part-time (1),81,74,7
S01012492,Economically active: Employee: Full-time (1),150,140,10
S01012492,Economically active: Self-employed: Total,23,19,4
S01012492,Economically active: Self-employed: Part-time (1),6,6,0
S01012492,Economically active: Self-employed: Full-time (1),17,13,4
S01012492,Economically active: Unemployed (1),87,85,2
S01012492,Economically inactive,358,346,12
S01012493,All people aged 16 and over,606,577,29
S01012493,Economically active: Total,230,216,14
S01012493,Economically active: Employee: Total,194,180,14
S01012493,Economically active: Employee: Part-time (1),59,48,11
S01012493,Economically active: Employee: Full-time (1),135,132,3
S01012493,Economically active: Self-employed: Total,18,18,0
S01012493,Economically active: Self-employed: Part-time (1),4,4,0
S01012493,Economically active: Self-employed: Full-time (1),14,14,0
S01012493,Economically active: Unemployed (1),18,18,0
S01012493,Economically inactive,376,361,15
S01012494,All people aged 16 and over,802,758,44
S01012494,Economically active: Total,464,442,22
S01012494,Economically active: Employee: Total,377,360,17
S01012494,Economically active: Employee: Part-time (1),150,140,10
S01012494,Economically active: Employee: Full-time (1),227,220,7
S01012494,Economically active: Self-employed: Total,33,32,1
S01012494,Economically active: Self-employed: Part-time (1),13,12,1
S01012494,Economically active: Self-employed: Full-time (1),20,20,0
S01012494,Economically active: Unemployed (1),54,50,4
S01012494,Economically inactive,338,316,22
S01012495,All people aged 16 and over,862,845,17
S01012495,Economically active: Total,498,487,11
S01012495,Economically active: Employee: Total,401,392,9
S01012495,Economically active: Employee: Part-time (1),145,143,2
S01012495,Economically active: Employee: Full-time (1),256,249,7
S01012495,Economically active: Self-employed: Total,29,27,2
S01012495,Economically active: Self-employed: Part-time (1),9,9,0
S01012495,Economically active: Self-employed: Full-time (1),20,18,2
S01012495,Economically active: Unemployed (1),68,68,0
S01012495,Economically inactive,364,358,6
S01012496,All people aged 16 and over,639,627,12
S01012496,Economically active: Total,369,361,8
S01012496,Economically active: Employee: Total,300,294,6
S01012496,Economically active: Employee: Part-time (1),128,128,0
S01012496,Economically active: Employee: Full-time (1),172,166,6
S01012496,Economically active: Self-employed: Total,22,21,1
S01012496,Economically active: Self-employed: Part-time (1),8,7,1
S01012496,Economically active: Self-employed: Full-time (1),14,14,0
S01012496,Economically active: Unemployed (1),47,46,1
S01012496,Economically inactive,270,266,4
S01012497,All people aged 16 and over,426,421,5
S01012497,Economically active: Total,229,224,5
S01012497,Economically active: Employee: Total,179,174,5
S01012497,Economically active: Employee: Part-time (1),75,72,3
S01012497,Economically active: Employee: Full-time (1),104,102,2
S01012497,Economically active: Self-employed: Total,12,12,0
S01012497,Economically active: Self-employed: Part-time (1),2,2,0
S01012497,Economically active: Self-employed: Full-time (1),10,10,0
S01012497,Economically active: Unemployed (1),38,38,0
S01012497,Economically inactive,197,197,0
S01012498,All people aged 16 and over,637,619,18
S01012498,Economically active: Total,352,344,8
S01012498,Economically active: Employee: Total,265,259,6
S01012498,Economically active: Employee: Part-time (1),110,109,1
S01012498,Economically active: Employee: Full-time (1),155,150,5
S01012498,Economically active: Self-employed: Total,14,14,0
S01012498,Economically active: Self-employed: Part-time (1),5,5,0
S01012498,Economically active: Self-employed: Full-time (1),9,9,0
S01012498,Economically active: Unemployed (1),73,71,2
S01012498,Economically inactive,285,275,10
S01012499,All people aged 16 and over,589,576,13
S01012499,Economically active: Total,334,324,10
S01012499,Economically active: Employee: Total,257,251,6
S01012499,Economically active: Employee: Part-time (1),94,89,5
S01012499,Economically active: Employee: Full-time (1),163,162,1
S01012499,Economically active: Self-employed: Total,21,18,3
S01012499,Economically active: Self-employed: Part-time (1),4,3,1
S01012499,Economically active: Self-employed: Full-time (1),17,15,2
S01012499,Economically active: Unemployed (1),56,55,1
S01012499,Economically inactive,255,252,3
S01012500,All people aged 16 and over,377,364,13
S01012500,Economically active: Total,227,217,10
S01012500,Economically active: Employee: Total,172,164,8
S01012500,Economically active: Employee: Part-time (1),71,70,1
S01012500,Economically active: Employee: Full-time (1),101,94,7
S01012500,Economically active: Self-employed: Total,11,11,0
S01012500,Economically active: Self-employed: Part-time (1),1,1,0
S01012500,Economically active: Self-employed: Full-time (1),10,10,0
S01012500,Economically active: Unemployed (1),44,42,2
S01012500,Economically inactive,150,147,3
S01012501,All people aged 16 and over,449,440,9
S01012501,Economically active: Total,243,239,4
S01012501,Economically active: Employee: Total,199,196,3
S01012501,Economically active: Employee: Part-time (1),85,83,2
S01012501,Economically active: Employee: Full-time (1),114,113,1
S01012501,Economically active: Self-employed: Total,1,1,0
S01012501,Economically active: Self-employed: Part-time (1),1,1,0
S01012501,Economically active: Self-employed: Full-time (1),0,0,0
S01012501,Economically active: Unemployed (1),43,42,1
S01012501,Economically inactive,206,201,5
S01012502,All people aged 16 and over,602,591,11
S01012502,Economically active: Total,351,344,7
S01012502,Economically active: Employee: Total,235,231,4
S01012502,Economically active: Employee: Part-time (1),116,114,2
S01012502,Economically active: Employee: Full-time (1),119,117,2
S01012502,Economically active: Self-employed: Total,24,23,1
S01012502,Economically active: Self-employed: Part-time (1),7,7,0
S01012502,Economically active: Self-employed: Full-time (1),17,16,1
S01012502,Economically active: Unemployed (1),92,90,2
S01012502,Economically inactive,251,247,4
S01012503,All people aged 16 and over,523,517,6
S01012503,Economically active: Total,282,278,4
S01012503,Economically active: Employee: Total,221,218,3
S01012503,Economically active: Employee: Part-time (1),97,96,1
S01012503,Economically active: Employee: Full-time (1),124,122,2
S01012503,Economically active: Self-employed: Total,19,19,0
S01012503,Economically active: Self-employed: Part-time (1),7,7,0
S01012503,Economically active: Self-employed: Full-time (1),12,12,0
S01012503,Economically active: Unemployed (1),42,41,1
S01012503,Economically inactive,241,239,2
S01012504,All people aged 16 and over,489,479,10
S01012504,Economically active: Total,295,291,4
S01012504,Economically active: Employee: Total,226,222,4
S01012504,Economically active: Employee: Part-time (1),82,80,2
S01012504,Economically active: Employee: Full-time (1),144,142,2
S01012504,Economically active: Self-employed: Total,17,17,0
S01012504,Economically active: Self-employed: Part-time (1),4,4,0
S01012504,Economically active: Self-employed: Full-time (1),13,13,0
S01012504,Economically active: Unemployed (1),52,52,0
S01012504,Economically inactive,194,188,6
S01012505,All people aged 16 and over,869,847,22
S01012505,Economically active: Total,502,487,15
S01012505,Economically active: Employee: Total,389,374,15
S01012505,Economically active: Employee: Part-time (1),130,124,6
S01012505,Economically active: Employee: Full-time (1),259,250,9
S01012505,Economically active: Self-employed: Total,43,43,0
S01012505,Economically active: Self-employed: Part-time (1),10,10,0
S01012505,Economically active: Self-employed: Full-time (1),33,33,0
S01012505,Economically active: Unemployed (1),70,70,0
S01012505,Economically inactive,367,360,7
S01012506,All people aged 16 and over,434,419,15
S01012506,Economically active: Total,231,218,13
S01012506,Economically active: Employee: Total,189,178,11
S01012506,Economically active: Employee: Part-time (1),57,53,4
S01012506,Economically active: Employee: Full-time (1),132,125,7
S01012506,Economically active: Self-employed: Total,27,25,2
S01012506,Economically active: Self-employed: Part-time (1),4,4,0
S01012506,Economically active: Self-employed: Full-time (1),23,21,2
S01012506,Economically active: Unemployed (1),15,15,0
S01012506,Economically inactive,203,201,2
S01012507,All people aged 16 and over,815,799,16
S01012507,Economically active: Total,465,455,10
S01012507,Economically active: Employee: Total,388,380,8
S01012507,Economically active: Employee: Part-time (1),121,120,1
S01012507,Economically active: Employee: Full-time (1),267,260,7
S01012507,Economically active: Self-employed: Total,36,34,2
S01012507,Economically active: Self-employed: Part-time (1),11,10,1
S01012507,Economically active: Self-employed: Full-time (1),25,24,1
S01012507,Economically active: Unemployed (1),41,41,0
S01012507,Economically inactive,350,344,6
S01012508,All people aged 16 and over,653,628,25
S01012508,Economically active: Total,407,389,18
S01012508,Economically active: Employee: Total,341,325,16
S01012508,Economically active: Employee: Part-time (1),94,88,6
S01012508,Economically active: Employee: Full-time (1),247,237,10
S01012508,Economically active: Self-employed: Total,31,30,1
S01012508,Economically active: Self-employed: Part-time (1),4,4,0
S01012508,Economically active: Self-employed: Full-time (1),27,26,1
S01012508,Economically active: Unemployed (1),35,34,1
S01012508,Economically inactive,246,239,7
S01012509,All people aged 16 and over,459,447,12
S01012509,Economically active: Total,286,281,5
S01012509,Economically active: Employee: Total,236,232,4
S01012509,Economically active: Employee: Part-time (1),87,84,3
S01012509,Economically active: Employee: Full-time (1),149,148,1
S01012509,Economically active: Self-employed: Total,35,34,1
S01012509,Economically active: Self-employed: Part-time (1),8,8,0
S01012509,Economically active: Self-employed: Full-time (1),27,26,1
S01012509,Economically active: Unemployed (1),15,15,0
S01012509,Economically inactive,173,166,7
S01012510,All people aged 16 and over,710,695,15
S01012510,Economically active: Total,486,476,10
S01012510,Economically active: Employee: Total,424,417,7
S01012510,Economically active: Employee: Part-time (1),119,118,1
S01012510,Economically active: Employee: Full-time (1),305,299,6
S01012510,Economically active: Self-employed: Total,31,29,2
S01012510,Economically active: Self-employed: Part-time (1),12,10,2
S01012510,Economically active: Self-employed: Full-time (1),19,19,0
S01012510,Economically active: Unemployed (1),31,30,1
S01012510,Economically inactive,224,219,5
S01012511,All people aged 16 and over,552,539,13
S01012511,Economically active: Total,359,349,10
S01012511,Economically active: Employee: Total,331,324,7
S01012511,Economically active: Employee: Part-time (1),109,106,3
S01012511,Economically active: Employee: Full-time (1),222,218,4
S01012511,Economically active: Self-employed: Total,13,13,0
S01012511,Economically active: Self-employed: Part-time (1),5,5,0
S01012511,Economically active: Self-employed: Full-time (1),8,8,0
S01012511,Economically active: Unemployed (1),15,12,3
S01012511,Economically inactive,193,190,3
S01012512,All people aged 16 and over,515,493,22
S01012512,Economically active: Total,326,309,17
S01012512,Economically active: Employee: Total,250,236,14
S01012512,Economically active: Employee: Part-time (1),81,78,3
S01012512,Economically active: Employee: Full-time (1),169,158,11
S01012512,Economically active: Self-employed: Total,36,35,1
S01012512,Economically active: Self-employed: Part-time (1),14,13,1
S01012512,Economically active: Self-employed: Full-time (1),22,22,0
S01012512,Economically active: Unemployed (1),40,38,2
S01012512,Economically inactive,189,184,5
S01012513,All people aged 16 and over,446,427,19
S01012513,Economically active: Total,324,314,10
S01012513,Economically active: Employee: Total,291,281,10
S01012513,Economically active: Employee: Part-time (1),94,91,3
S01012513,Economically active: Employee: Full-time (1),197,190,7
S01012513,Economically active: Self-employed: Total,22,22,0
S01012513,Economically active: Self-employed: Part-time (1),5,5,0
S01012513,Economically active: Self-employed: Full-time (1),17,17,0
S01012513,Economically active: Unemployed (1),11,11,0
S01012513,Economically inactive,122,113,9
S01012514,All people aged 16 and over,738,716,22
S01012514,Economically active: Total,616,598,18
S01012514,Economically active: Employee: Total,535,522,13
S01012514,Economically active: Employee: Part-time (1),144,139,5
S01012514,Economically active: Employee: Full-time (1),391,383,8
S01012514,Economically active: Self-employed: Total,56,52,4
S01012514,Economically active: Self-employed: Part-time (1),16,16,0
S01012514,Economically active: Self-employed: Full-time (1),40,36,4
S01012514,Economically active: Unemployed (1),25,24,1
S01012514,Economically inactive,122,118,4
S01012515,All people aged 16 and over,529,513,16
S01012515,Economically active: Total,281,270,11
S01012515,Economically active: Employee: Total,230,221,9
S01012515,Economically active: Employee: Part-time (1),85,83,2
S01012515,Economically active: Employee: Full-time (1),145,138,7
S01012515,Economically active: Self-employed: Total,21,20,1
S01012515,Economically active: Self-employed: Part-time (1),2,2,0
S01012515,Economically active: Self-employed: Full-time (1),19,18,1
S01012515,Economically active: Unemployed (1),30,29,1
S01012515,Economically inactive,248,243,5
S01012516,All people aged 16 and over,536,511,25
S01012516,Economically active: Total,298,283,15
S01012516,Economically active: Employee: Total,246,234,12
S01012516,Economically active: Employee: Part-time (1),86,82,4
S01012516,Economically active: Employee: Full-time (1),160,152,8
S01012516,Economically active: Self-employed: Total,24,22,2
S01012516,Economically active: Self-employed: Part-time (1),6,5,1
S01012516,Economically active: Self-employed: Full-time (1),18,17,1
S01012516,Economically active: Unemployed (1),28,27,1
S01012516,Economically inactive,238,228,10
S01012517,All people aged 16 and over,694,657,37
S01012517,Economically active: Total,455,428,27
S01012517,Economically active: Employee: Total,377,360,17
S01012517,Economically active: Employee: Part-time (1),132,126,6
S01012517,Economically active: Employee: Full-time (1),245,234,11
S01012517,Economically active: Self-employed: Total,36,30,6
S01012517,Economically active: Self-employed: Part-time (1),14,10,4
S01012517,Economically active: Self-employed: Full-time (1),22,20,2
S01012517,Economically active: Unemployed (1),42,38,4
S01012517,Economically inactive,239,229,10
S01012518,All people aged 16 and over,488,470,18
S01012518,Economically active: Total,288,275,13
S01012518,Economically active: Employee: Total,227,216,11
S01012518,Economically active: Employee: Part-time (1),69,66,3
S01012518,Economically active: Employee: Full-time (1),158,150,8
S01012518,Economically active: Self-employed: Total,41,40,1
S01012518,Economically active: Self-employed: Part-time (1),6,6,0
S01012518,Economically active: Self-employed: Full-time (1),35,34,1
S01012518,Economically active: Unemployed (1),20,19,1
S01012518,Economically inactive,200,195,5
S01012519,All people aged 16 and over,460,424,36
S01012519,Economically active: Total,261,240,21
S01012519,Economically active: Employee: Total,199,187,12
S01012519,Economically active: Employee: Part-time (1),61,56,5
S01012519,Economically active: Employee: Full-time (1),138,131,7
S01012519,Economically active: Self-employed: Total,44,37,7
S01012519,Economically active: Self-employed: Part-time (1),10,7,3
S01012519,Economically active: Self-employed: Full-time (1),34,30,4
S01012519,Economically active: Unemployed (1),18,16,2
S01012519,Economically inactive,199,184,15
S01012520,All people aged 16 and over,715,693,22
S01012520,Economically active: Total,386,375,11
S01012520,Economically active: Employee: Total,319,310,9
S01012520,Economically active: Employee: Part-time (1),100,95,5
S01012520,Economically active: Employee: Full-time (1),219,215,4
S01012520,Economically active: Self-employed: Total,48,47,1
S01012520,Economically active: Self-employed: Part-time (1),17,16,1
S01012520,Economically active: Self-employed: Full-time (1),31,31,0
S01012520,Economically active: Unemployed (1),19,18,1
S01012520,Economically inactive,329,318,11
S01012521,All people aged 16 and over,437,418,19
S01012521,Economically active: Total,264,248,16
S01012521,Economically active: Employee: Total,208,195,13
S01012521,Economically active: Employee: Part-time (1),47,45,2
S01012521,Economically active: Employee: Full-time (1),161,150,11
S01012521,Economically active: Self-employed: Total,39,36,3
S01012521,Economically active: Self-employed: Part-time (1),10,9,1
S01012521,Economically active: Self-employed: Full-time (1),29,27,2
S01012521,Economically active: Unemployed (1),17,17,0
S01012521,Economically inactive,173,170,3
S01012522,All people aged 16 and over,737,704,33
S01012522,Economically active: Total,425,404,21
S01012522,Economically active: Employee: Total,321,305,16
S01012522,Economically active: Employee: Part-time (1),106,101,5
S01012522,Economically active: Employee: Full-time (1),215,204,11
S01012522,Economically active: Self-employed: Total,82,78,4
S01012522,Economically active: Self-employed: Part-time (1),27,26,1
S01012522,Economically active: Self-employed: Full-time (1),55,52,3
S01012522,Economically active: Unemployed (1),22,21,1
S01012522,Economically inactive,312,300,12
S01012523,All people aged 16 and over,750,733,17
S01012523,Economically active: Total,452,442,10
S01012523,Economically active: Employee: Total,381,372,9
S01012523,Economically active: Employee: Part-time (1),128,126,2
S01012523,Economically active: Employee: Full-time (1),253,246,7
S01012523,Economically active: Self-employed: Total,43,42,1
S01012523,Economically active: Self-employed: Part-time (1),11,11,0
S01012523,Economically active: Self-employed: Full-time (1),32,31,1
S01012523,Economically active: Unemployed (1),28,28,0
S01012523,Economically inactive,298,291,7
S01012524,All people aged 16 and over,785,761,24
S01012524,Economically active: Total,402,391,11
S01012524,Economically active: Employee: Total,334,326,8
S01012524,Economically active: Employee: Part-time (1),92,89,3
S01012524,Economically active: Employee: Full-time (1),242,237,5
S01012524,Economically active: Self-employed: Total,49,46,3
S01012524,Economically active: Self-employed: Part-time (1),9,8,1
S01012524,Economically active: Self-employed: Full-time (1),40,38,2
S01012524,Economically active: Unemployed (1),19,19,0
S01012524,Economically inactive,383,370,13
S01012525,All people aged 16 and over,632,611,21
S01012525,Economically active: Total,399,385,14
S01012525,Economically active: Employee: Total,341,328,13
S01012525,Economically active: Employee: Part-time (1),87,81,6
S01012525,Economically active: Employee: Full-time (1),254,247,7
S01012525,Economically active: Self-employed: Total,42,41,1
S01012525,Economically active: Self-employed: Part-time (1),12,12,0
S01012525,Economically active: Self-employed: Full-time (1),30,29,1
S01012525,Economically active: Unemployed (1),16,16,0
S01012525,Economically inactive,233,226,7
S01012526,All people aged 16 and over,665,645,20
S01012526,Economically active: Total,369,359,10
S01012526,Economically active: Employee: Total,304,298,6
S01012526,Economically active: Employee: Part-time (1),97,96,1
S01012526,Economically active: Employee: Full-time (1),207,202,5
S01012526,Economically active: Self-employed: Total,50,47,3
S01012526,Economically active: Self-employed: Part-time (1),10,9,1
S01012526,Economically active: Self-employed: Full-time (1),40,38,2
S01012526,Economically active: Unemployed (1),15,14,1
S01012526,Economically inactive,296,286,10
S01012527,All people aged 16 and over,539,527,12
S01012527,Economically active: Total,295,287,8
S01012527,Economically active: Employee: Total,243,235,8
S01012527,Economically active: Employee: Part-time (1),77,72,5
S01012527,Economically active: Employee: Full-time (1),166,163,3
S01012527,Economically active: Self-employed: Total,37,37,0
S01012527,Economically active: Self-employed: Part-time (1),14,14,0
S01012527,Economically active: Self-employed: Full-time (1),23,23,0
S01012527,Economically active: Unemployed (1),15,15,0
S01012527,Economically inactive,244,240,4
S01012528,All people aged 16 and over,660,633,27
S01012528,Economically active: Total,430,412,18
S01012528,Economically active: Employee: Total,374,363,11
S01012528,Economically active: Employee: Part-time (1),134,130,4
S01012528,Economically active: Employee: Full-time (1),240,233,7
S01012528,Economically active: Self-employed: Total,32,29,3
S01012528,Economically active: Self-employed: Part-time (1),6,5,1
S01012528,Economically active: Self-employed: Full-time (1),26,24,2
S01012528,Economically active: Unemployed (1),24,20,4
S01012528,Economically inactive,230,221,9
S01012529,All people aged 16 and over,621,605,16
S01012529,Economically active: Total,372,362,10
S01012529,Economically active: Employee: Total,310,301,9
S01012529,Economically active: Employee: Part-time (1),113,111,2
S01012529,Economically active: Employee: Full-time (1),197,190,7
S01012529,Economically active: Self-employed: Total,33,32,1
S01012529,Economically active: Self-employed: Part-time (1),8,8,0
S01012529,Economically active: Self-employed: Full-time (1),25,24,1
S01012529,Economically active: Unemployed (1),29,29,0
S01012529,Economically inactive,249,243,6
S01012530,All people aged 16 and over,759,740,19
S01012530,Economically active: Total,412,401,11
S01012530,Economically active: Employee: Total,354,345,9
S01012530,Economically active: Employee: Part-time (1),106,103,3
S01012530,Economically active: Employee: Full-time (1),248,242,6
S01012530,Economically active: Self-employed: Total,33,31,2
S01012530,Economically active: Self-employed: Part-time (1),9,9,0
S01012530,Economically active: Self-employed: Full-time (1),24,22,2
S01012530,Economically active: Unemployed (1),25,25,0
S01012530,Economically inactive,347,339,8
S01012531,All people aged 16 and over,621,591,30
S01012531,Economically active: Total,408,383,25
S01012531,Economically active: Employee: Total,325,302,23
S01012531,Economically active: Employee: Part-time (1),83,78,5
S01012531,Economically active: Employee: Full-time (1),242,224,18
S01012531,Economically active: Self-employed: Total,55,53,2
S01012531,Economically active: Self-employed: Part-time (1),26,26,0
S01012531,Economically active: Self-employed: Full-time (1),29,27,2
S01012531,Economically active: Unemployed (1),28,28,0
S01012531,Economically inactive,213,208,5
S01012532,All people aged 16 and over,660,646,14
S01012532,Economically active: Total,409,400,9
S01012532,Economically active: Employee: Total,318,310,8
S01012532,Economically active: Employee: Part-time (1),92,92,0
S01012532,Economically active: Employee: Full-time (1),226,218,8
S01012532,Economically active: Self-employed: Total,66,65,1
S01012532,Economically active: Self-employed: Part-time (1),22,21,1
S01012532,Economically active: Self-employed: Full-time (1),44,44,0
S01012532,Economically active: Unemployed (1),25,25,0
S01012532,Economically inactive,251,246,5
S01012533,All people aged 16 and over,467,445,22
S01012533,Economically active: Total,291,277,14
S01012533,Economically active: Employee: Total,248,238,10
S01012533,Economically active: Employee: Part-time (1),57,55,2
S01012533,Economically active: Employee: Full-time (1),191,183,8
S01012533,Economically active: Self-employed: Total,27,25,2
S01012533,Economically active: Self-employed: Part-time (1),8,7,1
S01012533,Economically active: Self-employed: Full-time (1),19,18,1
S01012533,Economically active: Unemployed (1),16,14,2
S01012533,Economically inactive,176,168,8
S01012534,All people aged 16 and over,537,521,16
S01012534,Economically active: Total,285,275,10
S01012534,Economically active: Employee: Total,245,236,9
S01012534,Economically active: Employee: Part-time (1),64,63,1
S01012534,Economically active: Employee: Full-time (1),181,173,8
S01012534,Economically active: Self-employed: Total,21,20,1
S01012534,Economically active: Self-employed: Part-time (1),8,7,1
S01012534,Economically active: Self-employed: Full-time (1),13,13,0
S01012534,Economically active: Unemployed (1),19,19,0
S01012534,Economically inactive,252,246,6
S01012535,All people aged 16 and over,685,679,6
S01012535,Economically active: Total,440,436,4
S01012535,Economically active: Employee: Total,366,364,2
S01012535,Economically active: Employee: Part-time (1),118,117,1
S01012535,Economically active: Employee: Full-time (1),248,247,1
S01012535,Economically active: Self-employed: Total,36,36,0
S01012535,Economically active: Self-employed: Part-time (1),6,6,0
S01012535,Economically active: Self-employed: Full-time (1),30,30,0
S01012535,Economically active: Unemployed (1),38,36,2
S01012535,Economically inactive,245,243,2
S01012536,All people aged 16 and over,623,605,18
S01012536,Economically active: Total,400,391,9
S01012536,Economically active: Employee: Total,312,306,6
S01012536,Economically active: Employee: Part-time (1),114,113,1
S01012536,Economically active: Employee: Full-time (1),198,193,5
S01012536,Economically active: Self-employed: Total,48,45,3
S01012536,Economically active: Self-employed: Part-time (1),17,15,2
S01012536,Economically active: Self-employed: Full-time (1),31,30,1
S01012536,Economically active: Unemployed (1),40,40,0
S01012536,Economically inactive,223,214,9
S01012537,All people aged 16 and over,674,646,28
S01012537,Economically active: Total,391,371,20
S01012537,Economically active: Employee: Total,299,286,13
S01012537,Economically active: Employee: Part-time (1),104,102,2
S01012537,Economically active: Employee: Full-time (1),195,184,11
S01012537,Economically active: Self-employed: Total,35,34,1
S01012537,Economically active: Self-employed: Part-time (1),16,16,0
S01012537,Economically active: Self-employed: Full-time (1),19,18,1
S01012537,Economically active: Unemployed (1),57,51,6
S01012537,Economically inactive,283,275,8
S01012538,All people aged 16 and over,909,888,21
S01012538,Economically active: Total,526,513,13
S01012538,Economically active: Employee: Total,422,412,10
S01012538,Economically active: Employee: Part-time (1),133,129,4
S01012538,Economically active: Employee: Full-time (1),289,283,6
S01012538,Economically active: Self-employed: Total,47,45,2
S01012538,Economically active: Self-employed: Part-time (1),9,8,1
S01012538,Economically active: Self-employed: Full-time (1),38,37,1
S01012538,Economically active: Unemployed (1),57,56,1
S01012538,Economically inactive,383,375,8
S01012539,All people aged 16 and over,584,571,13
S01012539,Economically active: Total,367,358,9
S01012539,Economically active: Employee: Total,267,262,5
S01012539,Economically active: Employee: Part-time (1),78,76,2
S01012539,Economically active: Employee: Full-time (1),189,186,3
S01012539,Economically active: Self-employed: Total,75,73,2
S01012539,Economically active: Self-employed: Part-time (1),17,16,1
S01012539,Economically active: Self-employed: Full-time (1),58,57,1
S01012539,Economically active: Unemployed (1),25,23,2
S01012539,Economically inactive,217,213,4
S01012540,All people aged 16 and over,568,560,8
S01012540,Economically active: Total,332,329,3
S01012540,Economically active: Employee: Total,254,252,2
S01012540,Economically active: Employee: Part-time (1),77,76,1
S01012540,Economically active: Employee: Full-time (1),177,176,1
S01012540,Economically active: Self-employed: Total,32,32,0
S01012540,Economically active: Self-employed: Part-time (1),14,14,0
S01012540,Economically active: Self-employed: Full-time (1),18,18,0
S01012540,Economically active: Unemployed (1),46,45,1
S01012540,Economically inactive,236,231,5
S01012541,All people aged 16 and over,859,842,17
S01012541,Economically active: Total,598,587,11
S01012541,Economically active: Employee: Total,418,409,9
S01012541,Economically active: Employee: Part-time (1),156,155,1
S01012541,Economically active: Employee: Full-time (1),262,254,8
S01012541,Economically active: Self-employed: Total,144,143,1
S01012541,Economically active: Self-employed: Part-time (1),30,29,1
S01012541,Economically active: Self-employed: Full-time (1),114,114,0
S01012541,Economically active: Unemployed (1),36,35,1
S01012541,Economically inactive,261,255,6
S01012542,All people aged 16 and over,797,777,20
S01012542,Economically active: Total,421,417,4
S01012542,Economically active: Employee: Total,336,332,4
S01012542,Economically active: Employee: Part-time (1),100,99,1
S01012542,Economically active: Employee: Full-time (1),236,233,3
S01012542,Economically active: Self-employed: Total,55,55,0
S01012542,Economically active: Self-employed: Part-time (1),11,11,0
S01012542,Economically active: Self-employed: Full-time (1),44,44,0
S01012542,Economically active: Unemployed (1),30,30,0
S01012542,Economically inactive,376,360,16
S01012543,All people aged 16 and over,549,524,25
S01012543,Economically active: Total,376,357,19
S01012543,Economically active: Employee: Total,282,269,13
S01012543,Economically active: Employee: Part-time (1),79,76,3
S01012543,Economically active: Employee: Full-time (1),203,193,10
S01012543,Economically active: Self-employed: Total,74,70,4
S01012543,Economically active: Self-employed: Part-time (1),22,20,2
S01012543,Economically active: Self-employed: Full-time (1),52,50,2
S01012543,Economically active: Unemployed (1),20,18,2
S01012543,Economically inactive,173,167,6
S01012544,All people aged 16 and over,670,659,11
S01012544,Economically active: Total,397,389,8
S01012544,Economically active: Employee: Total,318,312,6
S01012544,Economically active: Employee: Part-time (1),99,97,2
S01012544,Economically active: Employee: Full-time (1),219,215,4
S01012544,Economically active: Self-employed: Total,57,55,2
S01012544,Economically active: Self-employed: Part-time (1),19,17,2
S01012544,Economically active: Self-employed: Full-time (1),38,38,0
S01012544,Economically active: Unemployed (1),22,22,0
S01012544,Economically inactive,273,270,3
S01012545,All people aged 16 and over,377,366,11
S01012545,Economically active: Total,239,234,5
S01012545,Economically active: Employee: Total,187,182,5
S01012545,Economically active: Employee: Part-time (1),64,62,2
S01012545,Economically active: Employee: Full-time (1),123,120,3
S01012545,Economically active: Self-employed: Total,26,26,0
S01012545,Economically active: Self-employed: Part-time (1),7,7,0
S01012545,Economically active: Self-employed: Full-time (1),19,19,0
S01012545,Economically active: Unemployed (1),26,26,0
S01012545,Economically inactive,138,132,6
S01012546,All people aged 16 and over,648,627,21
S01012546,Economically active: Total,419,410,9
S01012546,Economically active: Employee: Total,319,313,6
S01012546,Economically active: Employee: Part-time (1),97,96,1
S01012546,Economically active: Employee: Full-time (1),222,217,5
S01012546,Economically active: Self-employed: Total,59,57,2
S01012546,Economically active: Self-employed: Part-time (1),16,15,1
S01012546,Economically active: Self-employed: Full-time (1),43,42,1
S01012546,Economically active: Unemployed (1),41,40,1
S01012546,Economically inactive,229,217,12
S01012547,All people aged 16 and over,627,610,17
S01012547,Economically active: Total,322,313,9
S01012547,Economically active: Employee: Total,255,246,9
S01012547,Economically active: Employee: Part-time (1),75,71,4
S01012547,Economically active: Employee: Full-time (1),180,175,5
S01012547,Economically active: Self-employed: Total,46,46,0
S01012547,Economically active: Self-employed: Part-time (1),18,18,0
S01012547,Economically active: Self-employed: Full-time (1),28,28,0
S01012547,Economically active: Unemployed (1),21,21,0
S01012547,Economically inactive,305,297,8
S01012548,All people aged 16 and over,712,687,25
S01012548,Economically active: Total,397,381,16
S01012548,Economically active: Employee: Total,322,307,15
S01012548,Economically active: Employee: Part-time (1),83,82,1
S01012548,Economically active: Employee: Full-time (1),239,225,14
S01012548,Economically active: Self-employed: Total,50,49,1
S01012548,Economically active: Self-employed: Part-time (1),8,8,0
S01012548,Economically active: Self-employed: Full-time (1),42,41,1
S01012548,Economically active: Unemployed (1),25,25,0
S01012548,Economically inactive,315,306,9
S01012549,All people aged 16 and over,438,419,19
S01012549,Economically active: Total,275,263,12
S01012549,Economically active: Employee: Total,226,216,10
S01012549,Economically active: Employee: Part-time (1),73,70,3
S01012549,Economically active: Employee: Full-time (1),153,146,7
S01012549,Economically active: Self-employed: Total,17,16,1
S01012549,Economically active: Self-employed: Part-time (1),4,4,0
S01012549,Economically active: Self-employed: Full-time (1),13,12,1
S01012549,Economically active: Unemployed (1),32,31,1
S01012549,Economically inactive,163,156,7
S01012550,All people aged 16 and over,670,648,22
S01012550,Economically active: Total,418,408,10
S01012550,Economically active: Employee: Total,332,323,9
S01012550,Economically active: Employee: Part-time (1),113,111,2
S01012550,Economically active: Employee: Full-time (1),219,212,7
S01012550,Economically active: Self-employed: Total,46,45,1
S01012550,Economically active: Self-employed: Part-time (1),20,20,0
S01012550,Economically active: Self-employed: Full-time (1),26,25,1
S01012550,Economically active: Unemployed (1),40,40,0
S01012550,Economically inactive,252,240,12
S01012551,All people aged 16 and over,677,643,34
S01012551,Economically active: Total,467,444,23
S01012551,Economically active: Employee: Total,401,385,16
S01012551,Economically active: Employee: Part-time (1),126,120,6
S01012551,Economically active: Employee: Full-time (1),275,265,10
S01012551,Economically active: Self-employed: Total,52,47,5
S01012551,Economically active: Self-employed: Part-time (1),19,18,1
S01012551,Economically active: Self-employed: Full-time (1),33,29,4
S01012551,Economically active: Unemployed (1),14,12,2
S01012551,Economically inactive,210,199,11
S01012552,All people aged 16 and over,761,749,12
S01012552,Economically active: Total,482,473,9
S01012552,Economically active: Employee: Total,397,390,7
S01012552,Economically active: Employee: Part-time (1),109,109,0
S01012552,Economically active: Employee: Full-time (1),288,281,7
S01012552,Economically active: Self-employed: Total,66,65,1
S01012552,Economically active: Self-employed: Part-time (1),29,28,1
S01012552,Economically active: Self-employed: Full-time (1),37,37,0
S01012552,Economically active: Unemployed (1),19,18,1
S01012552,Economically inactive,279,276,3
S01012553,All people aged 16 and over,652,629,23
S01012553,Economically active: Total,487,477,10
S01012553,Economically active: Employee: Total,415,405,10
S01012553,Economically active: Employee: Part-time (1),115,111,4
S01012553,Economically active: Employee: Full-time (1),300,294,6
S01012553,Economically active: Self-employed: Total,49,49,0
S01012553,Economically active: Self-employed: Part-time (1),18,18,0
S01012553,Economically active: Self-employed: Full-time (1),31,31,0
S01012553,Economically active: Unemployed (1),23,23,0
S01012553,Economically inactive,165,152,13
S01012554,All people aged 16 and over,387,375,12
S01012554,Economically active: Total,247,240,7
S01012554,Economically active: Employee: Total,210,204,6
S01012554,Economically active: Employee: Part-time (1),71,69,2
S01012554,Economically active: Employee: Full-time (1),139,135,4
S01012554,Economically active: Self-employed: Total,26,26,0
S01012554,Economically active: Self-employed: Part-time (1),6,6,0
S01012554,Economically active: Self-employed: Full-time (1),20,20,0
S01012554,Economically active: Unemployed (1),11,10,1
S01012554,Economically inactive,140,135,5
S01012555,All people aged 16 and over,437,422,15
S01012555,Economically active: Total,286,274,12
S01012555,Economically active: Employee: Total,252,240,12
S01012555,Economically active: Employee: Part-time (1),76,72,4
S01012555,Economically active: Employee: Full-time (1),176,168,8
S01012555,Economically active: Self-employed: Total,26,26,0
S01012555,Economically active: Self-employed: Part-time (1),5,5,0
S01012555,Economically active: Self-employed: Full-time (1),21,21,0
S01012555,Economically active: Unemployed (1),8,8,0
S01012555,Economically inactive,151,148,3
S01012556,All people aged 16 and over,486,475,11
S01012556,Economically active: Total,294,285,9
S01012556,Economically active: Employee: Total,242,234,8
S01012556,Economically active: Employee: Part-time (1),67,65,2
S01012556,Economically active: Employee: Full-time (1),175,169,6
S01012556,Economically active: Self-employed: Total,38,37,1
S01012556,Economically active: Self-employed: Part-time (1),13,12,1
S01012556,Economically active: Self-employed: Full-time (1),25,25,0
S01012556,Economically active: Unemployed (1),14,14,0
S01012556,Economically inactive,192,190,2
S01012557,All people aged 16 and over,533,516,17
S01012557,Economically active: Total,288,278,10
S01012557,Economically active: Employee: Total,224,216,8
S01012557,Economically active: Employee: Part-time (1),69,67,2
S01012557,Economically active: Employee: Full-time (1),155,149,6
S01012557,Economically active: Self-employed: Total,40,38,2
S01012557,Economically active: Self-employed: Part-time (1),9,7,2
S01012557,Economically active: Self-employed: Full-time (1),31,31,0
S01012557,Economically active: Unemployed (1),24,24,0
S01012557,Economically inactive,245,238,7
S01012558,All people aged 16 and over,489,465,24
S01012558,Economically active: Total,314,294,20
S01012558,Economically active: Employee: Total,257,241,16
S01012558,Economically active: Employee: Part-time (1),86,82,4
S01012558,Economically active: Employee: Full-time (1),171,159,12
S01012558,Economically active: Self-employed: Total,20,18,2
S01012558,Economically active: Self-employed: Part-time (1),8,8,0
S01012558,Economically active: Self-employed: Full-time (1),12,10,2
S01012558,Economically active: Unemployed (1),37,35,2
S01012558,Economically inactive,175,171,4
S01012559,All people aged 16 and over,661,629,32
S01012559,Economically active: Total,335,311,24
S01012559,Economically active: Employee: Total,257,238,19
S01012559,Economically active: Employee: Part-time (1),69,67,2
S01012559,Economically active: Employee: Full-time (1),188,171,17
S01012559,Economically active: Self-employed: Total,36,32,4
S01012559,Economically active: Self-employed: Part-time (1),10,9,1
S01012559,Economically active: Self-employed: Full-time (1),26,23,3
S01012559,Economically active: Unemployed (1),42,41,1
S01012559,Economically inactive,326,318,8
S01012560,All people aged 16 and over,446,438,8
S01012560,Economically active: Total,230,225,5
S01012560,Economically active: Employee: Total,195,191,4
S01012560,Economically active: Employee: Part-time (1),59,59,0
S01012560,Economically active: Employee: Full-time (1),136,132,4
S01012560,Economically active: Self-employed: Total,19,19,0
S01012560,Economically active: Self-employed: Part-time (1),6,6,0
S01012560,Economically active: Self-employed: Full-time (1),13,13,0
S01012560,Economically active: Unemployed (1),16,15,1
S01012560,Economically inactive,216,213,3
S01012561,All people aged 16 and over,626,607,19
S01012561,Economically active: Total,341,330,11
S01012561,Economically active: Employee: Total,295,286,9
S01012561,Economically active: Employee: Part-time (1),82,78,4
S01012561,Economically active: Employee: Full-time (1),213,208,5
S01012561,Economically active: Self-employed: Total,24,24,0
S01012561,Economically active: Self-employed: Part-time (1),6,6,0
S01012561,Economically active: Self-employed: Full-time (1),18,18,0
S01012561,Economically active: Unemployed (1),22,20,2
S01012561,Economically inactive,285,277,8
S01012562,All people aged 16 and over,641,618,23
S01012562,Economically active: Total,377,362,15
S01012562,Economically active: Employee: Total,304,290,14
S01012562,Economically active: Employee: Part-time (1),80,76,4
S01012562,Economically active: Employee: Full-time (1),224,214,10
S01012562,Economically active: Self-employed: Total,32,31,1
S01012562,Economically active: Self-employed: Part-time (1),12,12,0
S01012562,Economically active: Self-employed: Full-time (1),20,19,1
S01012562,Economically active: Unemployed (1),41,41,0
S01012562,Economically inactive,264,256,8
S01012563,All people aged 16 and over,560,536,24
S01012563,Economically active: Total,260,244,16
S01012563,Economically active: Employee: Total,206,193,13
S01012563,Economically active: Employee: Part-time (1),64,61,3
S01012563,Economically active: Employee: Full-time (1),142,132,10
S01012563,Economically active: Self-employed: Total,43,40,3
S01012563,Economically active: Self-employed: Part-time (1),7,6,1
S01012563,Economically active: Self-employed: Full-time (1),36,34,2
S01012563,Economically active: Unemployed (1),11,11,0
S01012563,Economically inactive,300,292,8
S01012564,All people aged 16 and over,703,665,38
S01012564,Economically active: Total,371,354,17
S01012564,Economically active: Employee: Total,283,270,13
S01012564,Economically active: Employee: Part-time (1),94,88,6
S01012564,Economically active: Employee: Full-time (1),189,182,7
S01012564,Economically active: Self-employed: Total,73,70,3
S01012564,Economically active: Self-employed: Part-time (1),26,25,1
S01012564,Economically active: Self-employed: Full-time (1),47,45,2
S01012564,Economically active: Unemployed (1),15,14,1
S01012564,Economically inactive,332,311,21
S01012565,All people aged 16 and over,663,643,20
S01012565,Economically active: Total,331,321,10
S01012565,Economically active: Employee: Total,264,256,8
S01012565,Economically active: Employee: Part-time (1),86,84,2
S01012565,Economically active: Employee: Full-time (1),178,172,6
S01012565,Economically active: Self-employed: Total,57,55,2
S01012565,Economically active: Self-employed: Part-time (1),19,17,2
S01012565,Economically active: Self-employed: Full-time (1),38,38,0
S01012565,Economically active: Unemployed (1),10,10,0
S01012565,Economically inactive,332,322,10
S01012566,All people aged 16 and over,642,594,48
S01012566,Economically active: Total,379,345,34
S01012566,Economically active: Employee: Total,294,265,29
S01012566,Economically active: Employee: Part-time (1),71,62,9
S01012566,Economically active: Employee: Full-time (1),223,203,20
S01012566,Economically active: Self-employed: Total,58,54,4
S01012566,Economically active: Self-employed: Part-time (1),10,8,2
S01012566,Economically active: Self-employed: Full-time (1),48,46,2
S01012566,Economically active: Unemployed (1),27,26,1
S01012566,Economically inactive,263,249,14
S01012567,All people aged 16 and over,897,851,46
S01012567,Economically active: Total,525,491,34
S01012567,Economically active: Employee: Total,410,380,30
S01012567,Economically active: Employee: Part-time (1),122,115,7
S01012567,Economically active: Employee: Full-time (1),288,265,23
S01012567,Economically active: Self-employed: Total,64,61,3
S01012567,Economically active: Self-employed: Part-time (1),20,19,1
S01012567,Economically active: Self-employed: Full-time (1),44,42,2
S01012567,Economically active: Unemployed (1),51,50,1
S01012567,Economically inactive,372,360,12
S01012568,All people aged 16 and over,519,501,18
S01012568,Economically active: Total,252,241,11
S01012568,Economically active: Employee: Total,183,174,9
S01012568,Economically active: Employee: Part-time (1),44,43,1
S01012568,Economically active: Employee: Full-time (1),139,131,8
S01012568,Economically active: Self-employed: Total,50,48,2
S01012568,Economically active: Self-employed: Part-time (1),16,16,0
S01012568,Economically active: Self-employed: Full-time (1),34,32,2
S01012568,Economically active: Unemployed (1),19,19,0
S01012568,Economically inactive,267,260,7
S01012569,All people aged 16 and over,709,683,26
S01012569,Economically active: Total,339,324,15
S01012569,Economically active: Employee: Total,237,227,10
S01012569,Economically active: Employee: Part-time (1),87,84,3
S01012569,Economically active: Employee: Full-time (1),150,143,7
S01012569,Economically active: Self-employed: Total,89,86,3
S01012569,Economically active: Self-employed: Part-time (1),26,25,1
S01012569,Economically active: Self-employed: Full-time (1),63,61,2
S01012569,Economically active: Unemployed (1),13,11,2
S01012569,Economically inactive,370,359,11
S01012570,All people aged 16 and over,392,380,12
S01012570,Economically active: Total,254,246,8
S01012570,Economically active: Employee: Total,192,184,8
S01012570,Economically active: Employee: Part-time (1),57,55,2
S01012570,Economically active: Employee: Full-time (1),135,129,6
S01012570,Economically active: Self-employed: Total,49,49,0
S01012570,Economically active: Self-employed: Part-time (1),9,9,0
S01012570,Economically active: Self-employed: Full-time (1),40,40,0
S01012570,Economically active: Unemployed (1),13,13,0
S01012570,Economically inactive,138,134,4
S01012571,All people aged 16 and over,672,648,24
S01012571,Economically active: Total,440,423,17
S01012571,Economically active: Employee: Total,302,293,9
S01012571,Economically active: Employee: Part-time (1),76,74,2
S01012571,Economically active: Employee: Full-time (1),226,219,7
S01012571,Economically active: Self-employed: Total,102,94,8
S01012571,Economically active: Self-employed: Part-time (1),27,23,4
S01012571,Economically active: Self-employed: Full-time (1),75,71,4
S01012571,Economically active: Unemployed (1),36,36,0
S01012571,Economically inactive,232,225,7
S01012572,All people aged 16 and over,435,415,20
S01012572,Economically active: Total,287,273,14
S01012572,Economically active: Employee: Total,204,193,11
S01012572,Economically active: Employee: Part-time (1),53,49,4
S01012572,Economically active: Employee: Full-time (1),151,144,7
S01012572,Economically active: Self-employed: Total,61,59,2
S01012572,Economically active: Self-employed: Part-time (1),11,10,1
S01012572,Economically active: Self-employed: Full-time (1),50,49,1
S01012572,Economically active: Unemployed (1),22,21,1
S01012572,Economically inactive,148,142,6
S01012573,All people aged 16 and over,677,646,31
S01012573,Economically active: Total,453,435,18
S01012573,Economically active: Employee: Total,335,320,15
S01012573,Economically active: Employee: Part-time (1),80,75,5
S01012573,Economically active: Employee: Full-time (1),255,245,10
S01012573,Economically active: Self-employed: Total,111,108,3
S01012573,Economically active: Self-employed: Part-time (1),20,19,1
S01012573,Economically active: Self-employed: Full-time (1),91,89,2
S01012573,Economically active: Unemployed (1),7,7,0
S01012573,Economically inactive,224,211,13
S01012574,All people aged 16 and over,715,700,15
S01012574,Economically active: Total,469,459,10
S01012574,Economically active: Employee: Total,355,349,6
S01012574,Economically active: Employee: Part-time (1),89,87,2
S01012574,Economically active: Employee: Full-time (1),266,262,4
S01012574,Economically active: Self-employed: Total,94,91,3
S01012574,Economically active: Self-employed: Part-time (1),25,23,2
S01012574,Economically active: Self-employed: Full-time (1),69,68,1
S01012574,Economically active: Unemployed (1),20,19,1
S01012574,Economically inactive,246,241,5
S01012575,All people aged 16 and over,542,516,26
S01012575,Economically active: Total,356,337,19
S01012575,Economically active: Employee: Total,267,253,14
S01012575,Economically active: Employee: Part-time (1),87,84,3
S01012575,Economically active: Employee: Full-time (1),180,169,11
S01012575,Economically active: Self-employed: Total,66,61,5
S01012575,Economically active: Self-employed: Part-time (1),19,18,1
S01012575,Economically active: Self-employed: Full-time (1),47,43,4
S01012575,Economically active: Unemployed (1),23,23,0
S01012575,Economically inactive,186,179,7
S01012576,All people aged 16 and over,646,618,28
S01012576,Economically active: Total,400,382,18
S01012576,Economically active: Employee: Total,308,295,13
S01012576,Economically active: Employee: Part-time (1),77,72,5
S01012576,Economically active: Employee: Full-time (1),231,223,8
S01012576,Economically active: Self-employed: Total,78,73,5
S01012576,Economically active: Self-employed: Part-time (1),21,18,3
S01012576,Economically active: Self-employed: Full-time (1),57,55,2
S01012576,Economically active: Unemployed (1),14,14,0
S01012576,Economically inactive,246,236,10
S01012577,All people aged 16 and over,618,594,24
S01012577,Economically active: Total,425,404,21
S01012577,Economically active: Employee: Total,320,302,18
S01012577,Economically active: Employee: Part-time (1),95,88,7
S01012577,Economically active: Employee: Full-time (1),225,214,11
S01012577,Economically active: Self-employed: Total,88,85,3
S01012577,Economically active: Self-employed: Part-time (1),16,14,2
S01012577,Economically active: Self-employed: Full-time (1),72,71,1
S01012577,Economically active: Unemployed (1),17,17,0
S01012577,Economically inactive,193,190,3
S01012578,All people aged 16 and over,851,813,38
S01012578,Economically active: Total,438,412,26
S01012578,Economically active: Employee: Total,339,319,20
S01012578,Economically active: Employee: Part-time (1),97,92,5
S01012578,Economically active: Employee: Full-time (1),242,227,15
S01012578,Economically active: Self-employed: Total,80,74,6
S01012578,Economically active: Self-employed: Part-time (1),22,18,4
S01012578,Economically active: Self-employed: Full-time (1),58,56,2
S01012578,Economically active: Unemployed (1),19,19,0
S01012578,Economically inactive,413,401,12
S01012579,All people aged 16 and over,547,523,24
S01012579,Economically active: Total,369,352,17
S01012579,Economically active: Employee: Total,275,260,15
S01012579,Economically active: Employee: Part-time (1),82,76,6
S01012579,Economically active: Employee: Full-time (1),193,184,9
S01012579,Economically active: Self-employed: Total,67,65,2
S01012579,Economically active: Self-employed: Part-time (1),16,14,2
S01012579,Economically active: Self-employed: Full-time (1),51,51,0
S01012579,Economically active: Unemployed (1),27,27,0
S01012579,Economically inactive,178,171,7
S01012580,All people aged 16 and over,620,592,28
S01012580,Economically active: Total,442,420,22
S01012580,Economically active: Employee: Total,304,291,13
S01012580,Economically active: Employee: Part-time (1),70,69,1
S01012580,Economically active: Employee: Full-time (1),234,222,12
S01012580,Economically active: Self-employed: Total,116,107,9
S01012580,Economically active: Self-employed: Part-time (1),29,24,5
S01012580,Economically active: Self-employed: Full-time (1),87,83,4
S01012580,Economically active: Unemployed (1),22,22,0
S01012580,Economically inactive,178,172,6
S01012581,All people aged 16 and over,577,558,19
S01012581,Economically active: Total,381,371,10
S01012581,Economically active: Employee: Total,288,282,6
S01012581,Economically active: Employee: Part-time (1),70,69,1
S01012581,Economically active: Employee: Full-time (1),218,213,5
S01012581,Economically active: Self-employed: Total,34,32,2
S01012581,Economically active: Self-employed: Part-time (1),10,9,1
S01012581,Economically active: Self-employed: Full-time (1),24,23,1
S01012581,Economically active: Unemployed (1),59,57,2
S01012581,Economically inactive,196,187,9
S01012582,All people aged 16 and over,732,694,38
S01012582,Economically active: Total,523,497,26
S01012582,Economically active: Employee: Total,405,389,16
S01012582,Economically active: Employee: Part-time (1),119,111,8
S01012582,Economically active: Employee: Full-time (1),286,278,8
S01012582,Economically active: Self-employed: Total,91,83,8
S01012582,Economically active: Self-employed: Part-time (1),13,11,2
S01012582,Economically active: Self-employed: Full-time (1),78,72,6
S01012582,Economically active: Unemployed (1),27,25,2
S01012582,Economically inactive,209,197,12
S01012583,All people aged 16 and over,584,568,16
S01012583,Economically active: Total,388,378,10
S01012583,Economically active: Employee: Total,323,315,8
S01012583,Economically active: Employee: Part-time (1),83,83,0
S01012583,Economically active: Employee: Full-time (1),240,232,8
S01012583,Economically active: Self-employed: Total,26,24,2
S01012583,Economically active: Self-employed: Part-time (1),5,3,2
S01012583,Economically active: Self-employed: Full-time (1),21,21,0
S01012583,Economically active: Unemployed (1),39,39,0
S01012583,Economically inactive,196,190,6
S01012584,All people aged 16 and over,621,609,12
S01012584,Economically active: Total,394,386,8
S01012584,Economically active: Employee: Total,302,295,7
S01012584,Economically active: Employee: Part-time (1),81,79,2
S01012584,Economically active: Employee: Full-time (1),221,216,5
S01012584,Economically active: Self-employed: Total,69,68,1
S01012584,Economically active: Self-employed: Part-time (1),19,19,0
S01012584,Economically active: Self-employed: Full-time (1),50,49,1
S01012584,Economically active: Unemployed (1),23,23,0
S01012584,Economically inactive,227,223,4
S01012585,All people aged 16 and over,676,649,27
S01012585,Economically active: Total,435,420,15
S01012585,Economically active: Employee: Total,346,337,9
S01012585,Economically active: Employee: Part-time (1),90,87,3
S01012585,Economically active: Employee: Full-time (1),256,250,6
S01012585,Economically active: Self-employed: Total,44,42,2
S01012585,Economically active: Self-employed: Part-time (1),9,9,0
S01012585,Economically active: Self-employed: Full-time (1),35,33,2
S01012585,Economically active: Unemployed (1),45,41,4
S01012585,Economically inactive,241,229,12
S01012586,All people aged 16 and over,790,774,16
S01012586,Economically active: Total,480,471,9
S01012586,Economically active: Employee: Total,373,366,7
S01012586,Economically active: Employee: Part-time (1),88,86,2
S01012586,Economically active: Employee: Full-time (1),285,280,5
S01012586,Economically active: Self-employed: Total,86,84,2
S01012586,Economically active: Self-employed: Part-time (1),22,21,1
S01012586,Economically active: Self-employed: Full-time (1),64,63,1
S01012586,Economically active: Unemployed (1),21,21,0
S01012586,Economically inactive,310,303,7
S01012587,All people aged 16 and over,708,699,9
S01012587,Economically active: Total,485,480,5
S01012587,Economically active: Employee: Total,363,359,4
S01012587,Economically active: Employee: Part-time (1),97,97,0
S01012587,Economically active: Employee: Full-time (1),266,262,4
S01012587,Economically active: Self-employed: Total,101,101,0
S01012587,Economically active: Self-employed: Part-time (1),20,20,0
S01012587,Economically active: Self-employed: Full-time (1),81,81,0
S01012587,Economically active: Unemployed (1),21,20,1
S01012587,Economically inactive,223,219,4
S01012588,All people aged 16 and over,520,507,13
S01012588,Economically active: Total,354,345,9
S01012588,Economically active: Employee: Total,270,265,5
S01012588,Economically active: Employee: Part-time (1),58,57,1
S01012588,Economically active: Employee: Full-time (1),212,208,4
S01012588,Economically active: Self-employed: Total,70,67,3
S01012588,Economically active: Self-employed: Part-time (1),13,12,1
S01012588,Economically active: Self-employed: Full-time (1),57,55,2
S01012588,Economically active: Unemployed (1),14,13,1
S01012588,Economically inactive,166,162,4
S01012589,All people aged 16 and over,565,552,13
S01012589,Economically active: Total,364,353,11
S01012589,Economically active: Employee: Total,315,306,9
S01012589,Economically active: Employee: Part-time (1),79,78,1
S01012589,Economically active: Employee: Full-time (1),236,228,8
S01012589,Economically active: Self-employed: Total,24,22,2
S01012589,Economically active: Self-employed: Part-time (1),4,3,1
S01012589,Economically active: Self-employed: Full-time (1),20,19,1
S01012589,Economically active: Unemployed (1),25,25,0
S01012589,Economically inactive,201,199,2
S01012590,All people aged 16 and over,653,645,8
S01012590,Economically active: Total,392,386,6
S01012590,Economically active: Employee: Total,311,306,5
S01012590,Economically active: Employee: Part-time (1),83,80,3
S01012590,Economically active: Employee: Full-time (1),228,226,2
S01012590,Economically active: Self-employed: Total,32,31,1
S01012590,Economically active: Self-employed: Part-time (1),4,3,1
S01012590,Economically active: Self-employed: Full-time (1),28,28,0
S01012590,Economically active: Unemployed (1),49,49,0
S01012590,Economically inactive,261,259,2
S01012591,All people aged 16 and over,653,637,16
S01012591,Economically active: Total,312,301,11
S01012591,Economically active: Employee: Total,259,250,9
S01012591,Economically active: Employee: Part-time (1),69,68,1
S01012591,Economically active: Employee: Full-time (1),190,182,8
S01012591,Economically active: Self-employed: Total,15,14,1
S01012591,Economically active: Self-employed: Part-time (1),5,5,0
S01012591,Economically active: Self-employed: Full-time (1),10,9,1
S01012591,Economically active: Unemployed (1),38,37,1
S01012591,Economically inactive,341,336,5
S01012592,All people aged 16 and over,455,439,16
S01012592,Economically active: Total,311,302,9
S01012592,Economically active: Employee: Total,248,242,6
S01012592,Economically active: Employee: Part-time (1),64,62,2
S01012592,Economically active: Employee: Full-time (1),184,180,4
S01012592,Economically active: Self-employed: Total,53,51,2
S01012592,Economically active: Self-employed: Part-time (1),9,9,0
S01012592,Economically active: Self-employed: Full-time (1),44,42,2
S01012592,Economically active: Unemployed (1),10,9,1
S01012592,Economically inactive,144,137,7
S01012593,All people aged 16 and over,676,668,8
S01012593,Economically active: Total,494,490,4
S01012593,Economically active: Employee: Total,437,433,4
S01012593,Economically active: Employee: Part-time (1),97,97,0
S01012593,Economically active: Employee: Full-time (1),340,336,4
S01012593,Economically active: Self-employed: Total,34,34,0
S01012593,Economically active: Self-employed: Part-time (1),7,7,0
S01012593,Economically active: Self-employed: Full-time (1),27,27,0
S01012593,Economically active: Unemployed (1),23,23,0
S01012593,Economically inactive,182,178,4
S01012594,All people aged 16 and over,395,391,4
S01012594,Economically active: Total,224,222,2
S01012594,Economically active: Employee: Total,199,198,1
S01012594,Economically active: Employee: Part-time (1),53,53,0
S01012594,Economically active: Employee: Full-time (1),146,145,1
S01012594,Economically active: Self-employed: Total,13,13,0
S01012594,Economically active: Self-employed: Part-time (1),2,2,0
S01012594,Economically active: Self-employed: Full-time (1),11,11,0
S01012594,Economically active: Unemployed (1),12,11,1
S01012594,Economically inactive,171,169,2
S01012595,All people aged 16 and over,532,521,11
S01012595,Economically active: Total,323,317,6
S01012595,Economically active: Employee: Total,266,263,3
S01012595,Economically active: Employee: Part-time (1),64,63,1
S01012595,Economically active: Employee: Full-time (1),202,200,2
S01012595,Economically active: Self-employed: Total,31,30,1
S01012595,Economically active: Self-employed: Part-time (1),6,6,0
S01012595,Economically active: Self-employed: Full-time (1),25,24,1
S01012595,Economically active: Unemployed (1),26,24,2
S01012595,Economically inactive,209,204,5
S01012596,All people aged 16 and over,614,607,7
S01012596,Economically active: Total,385,382,3
S01012596,Economically active: Employee: Total,309,306,3
S01012596,Economically active: Employee: Part-time (1),95,93,2
S01012596,Economically active: Employee: Full-time (1),214,213,1
S01012596,Economically active: Self-employed: Total,28,28,0
S01012596,Economically active: Self-employed: Part-time (1),11,11,0
S01012596,Economically active: Self-employed: Full-time (1),17,17,0
S01012596,Economically active: Unemployed (1),48,48,0
S01012596,Economically inactive,229,225,4
S01012597,All people aged 16 and over,351,335,16
S01012597,Economically active: Total,276,264,12
S01012597,Economically active: Employee: Total,231,222,9
S01012597,Economically active: Employee: Part-time (1),49,45,4
S01012597,Economically active: Employee: Full-time (1),182,177,5
S01012597,Economically active: Self-employed: Total,20,19,1
S01012597,Economically active: Self-employed: Part-time (1),3,3,0
S01012597,Economically active: Self-employed: Full-time (1),17,16,1
S01012597,Economically active: Unemployed (1),25,23,2
S01012597,Economically inactive,75,71,4
S01012598,All people aged 16 and over,585,576,9
S01012598,Economically active: Total,401,394,7
S01012598,Economically active: Employee: Total,355,351,4
S01012598,Economically active: Employee: Part-time (1),74,74,0
S01012598,Economically active: Employee: Full-time (1),281,277,4
S01012598,Economically active: Self-employed: Total,34,31,3
S01012598,Economically active: Self-employed: Part-time (1),10,9,1
S01012598,Economically active: Self-employed: Full-time (1),24,22,2
S01012598,Economically active: Unemployed (1),12,12,0
S01012598,Economically inactive,184,182,2
S01012599,All people aged 16 and over,565,546,19
S01012599,Economically active: Total,335,327,8
S01012599,Economically active: Employee: Total,282,277,5
S01012599,Economically active: Employee: Part-time (1),61,61,0
S01012599,Economically active: Employee: Full-time (1),221,216,5
S01012599,Economically active: Self-employed: Total,38,35,3
S01012599,Economically active: Self-employed: Part-time (1),12,10,2
S01012599,Economically active: Self-employed: Full-time (1),26,25,1
S01012599,Economically active: Unemployed (1),15,15,0
S01012599,Economically inactive,230,219,11
S01012600,All people aged 16 and over,595,573,22
S01012600,Economically active: Total,425,410,15
S01012600,Economically active: Employee: Total,365,352,13
S01012600,Economically active: Employee: Part-time (1),101,96,5
S01012600,Economically active: Employee: Full-time (1),264,256,8
S01012600,Economically active: Self-employed: Total,34,34,0
S01012600,Economically active: Self-employed: Part-time (1),12,12,0
S01012600,Economically active: Self-employed: Full-time (1),22,22,0
S01012600,Economically active: Unemployed (1),26,24,2
S01012600,Economically inactive,170,163,7
S01012601,All people aged 16 and over,724,704,20
S01012601,Economically active: Total,538,524,14
S01012601,Economically active: Employee: Total,472,462,10
S01012601,Economically active: Employee: Part-time (1),123,121,2
S01012601,Economically active: Employee: Full-time (1),349,341,8
S01012601,Economically active: Self-employed: Total,50,47,3
S01012601,Economically active: Self-employed: Part-time (1),7,7,0
S01012601,Economically active: Self-employed: Full-time (1),43,40,3
S01012601,Economically active: Unemployed (1),16,15,1
S01012601,Economically inactive,186,180,6
S01012602,All people aged 16 and over,537,522,15
S01012602,Economically active: Total,271,265,6
S01012602,Economically active: Employee: Total,231,228,3
S01012602,Economically active: Employee: Part-time (1),40,40,0
S01012602,Economically active: Employee: Full-time (1),191,188,3
S01012602,Economically active: Self-employed: Total,13,11,2
S01012602,Economically active: Self-employed: Part-time (1),3,3,0
S01012602,Economically active: Self-employed: Full-time (1),10,8,2
S01012602,Economically active: Unemployed (1),27,26,1
S01012602,Economically inactive,266,257,9
S01012603,All people aged 16 and over,588,580,8
S01012603,Economically active: Total,338,333,5
S01012603,Economically active: Employee: Total,273,268,5
S01012603,Economically active: Employee: Part-time (1),70,70,0
S01012603,Economically active: Employee: Full-time (1),203,198,5
S01012603,Economically active: Self-employed: Total,28,28,0
S01012603,Economically active: Self-employed: Part-time (1),5,5,0
S01012603,Economically active: Self-employed: Full-time (1),23,23,0
S01012603,Economically active: Unemployed (1),37,37,0
S01012603,Economically inactive,250,247,3
S01012604,All people aged 16 and over,561,545,16
S01012604,Economically active: Total,336,330,6
S01012604,Economically active: Employee: Total,282,279,3
S01012604,Economically active: Employee: Part-time (1),79,78,1
S01012604,Economically active: Employee: Full-time (1),203,201,2
S01012604,Economically active: Self-employed: Total,17,15,2
S01012604,Economically active: Self-employed: Part-time (1),3,2,1
S01012604,Economically active: Self-employed: Full-time (1),14,13,1
S01012604,Economically active: Unemployed (1),37,36,1
S01012604,Economically inactive,225,215,10
S01012605,All people aged 16 and over,436,430,6
S01012605,Economically active: Total,228,225,3
S01012605,Economically active: Employee: Total,197,196,1
S01012605,Economically active: Employee: Part-time (1),60,60,0
S01012605,Economically active: Employee: Full-time (1),137,136,1
S01012605,Economically active: Self-employed: Total,15,15,0
S01012605,Economically active: Self-employed: Part-time (1),5,5,0
S01012605,Economically active: Self-employed: Full-time (1),10,10,0
S01012605,Economically active: Unemployed (1),16,14,2
S01012605,Economically inactive,208,205,3
S01012606,All people aged 16 and over,550,541,9
S01012606,Economically active: Total,499,490,9
S01012606,Economically active: Employee: Total,454,447,7
S01012606,Economically active: Employee: Part-time (1),100,100,0
S01012606,Economically active: Employee: Full-time (1),354,347,7
S01012606,Economically active: Self-employed: Total,32,31,1
S01012606,Economically active: Self-employed: Part-time (1),10,9,1
S01012606,Economically active: Self-employed: Full-time (1),22,22,0
S01012606,Economically active: Unemployed (1),13,12,1
S01012606,Economically inactive,51,51,0
S01012607,All people aged 16 and over,624,611,13
S01012607,Economically active: Total,420,412,8
S01012607,Economically active: Employee: Total,341,334,7
S01012607,Economically active: Employee: Part-time (1),91,88,3
S01012607,Economically active: Employee: Full-time (1),250,246,4
S01012607,Economically active: Self-employed: Total,46,45,1
S01012607,Economically active: Self-employed: Part-time (1),15,14,1
S01012607,Economically active: Self-employed: Full-time (1),31,31,0
S01012607,Economically active: Unemployed (1),33,33,0
S01012607,Economically inactive,204,199,5
S01012608,All people aged 16 and over,674,669,5
S01012608,Economically active: Total,435,431,4
S01012608,Economically active: Employee: Total,359,356,3
S01012608,Economically active: Employee: Part-time (1),104,104,0
S01012608,Economically active: Employee: Full-time (1),255,252,3
S01012608,Economically active: Self-employed: Total,32,32,0
S01012608,Economically active: Self-employed: Part-time (1),4,4,0
S01012608,Economically active: Self-employed: Full-time (1),28,28,0
S01012608,Economically active: Unemployed (1),44,43,1
S01012608,Economically inactive,239,238,1
S01012609,All people aged 16 and over,680,676,4
S01012609,Economically active: Total,405,401,4
S01012609,Economically active: Employee: Total,337,333,4
S01012609,Economically active: Employee: Part-time (1),101,100,1
S01012609,Economically active: Employee: Full-time (1),236,233,3
S01012609,Economically active: Self-employed: Total,24,24,0
S01012609,Economically active: Self-employed: Part-time (1),11,11,0
S01012609,Economically active: Self-employed: Full-time (1),13,13,0
S01012609,Economically active: Unemployed (1),44,44,0
S01012609,Economically inactive,275,275,0
S01012610,All people aged 16 and over,748,737,11
S01012610,Economically active: Total,438,431,7
S01012610,Economically active: Employee: Total,358,356,2
S01012610,Economically active: Employee: Part-time (1),106,105,1
S01012610,Economically active: Employee: Full-time (1),252,251,1
S01012610,Economically active: Self-employed: Total,27,25,2
S01012610,Economically active: Self-employed: Part-time (1),7,7,0
S01012610,Economically active: Self-employed: Full-time (1),20,18,2
S01012610,Economically active: Unemployed (1),53,50,3
S01012610,Economically inactive,310,306,4
S01012611,All people aged 16 and over,697,685,12
S01012611,Economically active: Total,435,425,10
S01012611,Economically active: Employee: Total,366,359,7
S01012611,Economically active: Employee: Part-time (1),97,97,0
S01012611,Economically active: Employee: Full-time (1),269,262,7
S01012611,Economically active: Self-employed: Total,42,39,3
S01012611,Economically active: Self-employed: Part-time (1),10,10,0
S01012611,Economically active: Self-employed: Full-time (1),32,29,3
S01012611,Economically active: Unemployed (1),27,27,0
S01012611,Economically inactive,262,260,2
S01012612,All people aged 16 and over,606,579,27
S01012612,Economically active: Total,338,323,15
S01012612,Economically active: Employee: Total,271,258,13
S01012612,Economically active: Employee: Part-time (1),73,68,5
S01012612,Economically active: Employee: Full-time (1),198,190,8
S01012612,Economically active: Self-employed: Total,25,24,1
S01012612,Economically active: Self-employed: Part-time (1),6,5,1
S01012612,Economically active: Self-employed: Full-time (1),19,19,0
S01012612,Economically active: Unemployed (1),42,41,1
S01012612,Economically inactive,268,256,12
S01012613,All people aged 16 and over,549,542,7
S01012613,Economically active: Total,365,360,5
S01012613,Economically active: Employee: Total,301,296,5
S01012613,Economically active: Employee: Part-time (1),85,85,0
S01012613,Economically active: Employee: Full-time (1),216,211,5
S01012613,Economically active: Self-employed: Total,21,21,0
S01012613,Economically active: Self-employed: Part-time (1),4,4,0
S01012613,Economically active: Self-employed: Full-time (1),17,17,0
S01012613,Economically active: Unemployed (1),43,43,0
S01012613,Economically inactive,184,182,2
S01012614,All people aged 16 and over,884,864,20
S01012614,Economically active: Total,539,529,10
S01012614,Economically active: Employee: Total,458,450,8
S01012614,Economically active: Employee: Part-time (1),124,121,3
S01012614,Economically active: Employee: Full-time (1),334,329,5
S01012614,Economically active: Self-employed: Total,38,36,2
S01012614,Economically active: Self-employed: Part-time (1),10,8,2
S01012614,Economically active: Self-employed: Full-time (1),28,28,0
S01012614,Economically active: Unemployed (1),43,43,0
S01012614,Economically inactive,345,335,10
S01012615,All people aged 16 and over,572,561,11
S01012615,Economically active: Total,357,351,6
S01012615,Economically active: Employee: Total,266,262,4
S01012615,Economically active: Employee: Part-time (1),80,78,2
S01012615,Economically active: Employee: Full-time (1),186,184,2
S01012615,Economically active: Self-employed: Total,68,66,2
S01012615,Economically active: Self-employed: Part-time (1),18,18,0
S01012615,Economically active: Self-employed: Full-time (1),50,48,2
S01012615,Economically active: Unemployed (1),23,23,0
S01012615,Economically inactive,215,210,5
S01012616,All people aged 16 and over,789,767,22
S01012616,Economically active: Total,481,467,14
S01012616,Economically active: Employee: Total,364,355,9
S01012616,Economically active: Employee: Part-time (1),109,107,2
S01012616,Economically active: Employee: Full-time (1),255,248,7
S01012616,Economically active: Self-employed: Total,90,87,3
S01012616,Economically active: Self-employed: Part-time (1),21,20,1
S01012616,Economically active: Self-employed: Full-time (1),69,67,2
S01012616,Economically active: Unemployed (1),27,25,2
S01012616,Economically inactive,308,300,8
S01012617,All people aged 16 and over,354,346,8
S01012617,Economically active: Total,236,232,4
S01012617,Economically active: Employee: Total,185,182,3
S01012617,Economically active: Employee: Part-time (1),45,43,2
S01012617,Economically active: Employee: Full-time (1),140,139,1
S01012617,Economically active: Self-employed: Total,43,42,1
S01012617,Economically active: Self-employed: Part-time (1),6,6,0
S01012617,Economically active: Self-employed: Full-time (1),37,36,1
S01012617,Economically active: Unemployed (1),8,8,0
S01012617,Economically inactive,118,114,4
S01012618,All people aged 16 and over,443,434,9
S01012618,Economically active: Total,311,305,6
S01012618,Economically active: Employee: Total,253,249,4
S01012618,Economically active: Employee: Part-time (1),59,59,0
S01012618,Economically active: Employee: Full-time (1),194,190,4
S01012618,Economically active: Self-employed: Total,39,38,1
S01012618,Economically active: Self-employed: Part-time (1),7,7,0
S01012618,Economically active: Self-employed: Full-time (1),32,31,1
S01012618,Economically active: Unemployed (1),19,18,1
S01012618,Economically inactive,132,129,3
S01012619,All people aged 16 and over,490,471,19
S01012619,Economically active: Total,257,245,12
S01012619,Economically active: Employee: Total,199,190,9
S01012619,Economically active: Employee: Part-time (1),54,51,3
S01012619,Economically active: Employee: Full-time (1),145,139,6
S01012619,Economically active: Self-employed: Total,26,24,2
S01012619,Economically active: Self-employed: Part-time (1),3,2,1
S01012619,Economically active: Self-employed: Full-time (1),23,22,1
S01012619,Economically active: Unemployed (1),32,31,1
S01012619,Economically inactive,233,226,7
S01012620,All people aged 16 and over,646,619,27
S01012620,Economically active: Total,388,369,19
S01012620,Economically active: Employee: Total,310,295,15
S01012620,Economically active: Employee: Part-time (1),94,89,5
S01012620,Economically active: Employee: Full-time (1),216,206,10
S01012620,Economically active: Self-employed: Total,62,59,3
S01012620,Economically active: Self-employed: Part-time (1),20,18,2
S01012620,Economically active: Self-employed: Full-time (1),42,41,1
S01012620,Economically active: Unemployed (1),16,15,1
S01012620,Economically inactive,258,250,8
S01012621,All people aged 16 and over,512,496,16
S01012621,Economically active: Total,277,265,12
S01012621,Economically active: Employee: Total,225,217,8
S01012621,Economically active: Employee: Part-time (1),55,55,0
S01012621,Economically active: Employee: Full-time (1),170,162,8
S01012621,Economically active: Self-employed: Total,33,30,3
S01012621,Economically active: Self-employed: Part-time (1),13,13,0
S01012621,Economically active: Self-employed: Full-time (1),20,17,3
S01012621,Economically active: Unemployed (1),19,18,1
S01012621,Economically inactive,235,231,4
S01012622,All people aged 16 and over,600,582,18
S01012622,Economically active: Total,376,358,18
S01012622,Economically active: Employee: Total,304,288,16
S01012622,Economically active: Employee: Part-time (1),87,84,3
S01012622,Economically active: Employee: Full-time (1),217,204,13
S01012622,Economically active: Self-employed: Total,41,40,1
S01012622,Economically active: Self-employed: Part-time (1),8,8,0
S01012622,Economically active: Self-employed: Full-time (1),33,32,1
S01012622,Economically active: Unemployed (1),31,30,1
S01012622,Economically inactive,224,224,0
S01012623,All people aged 16 and over,555,531,24
S01012623,Economically active: Total,324,307,17
S01012623,Economically active: Employee: Total,274,259,15
S01012623,Economically active: Employee: Part-time (1),85,82,3
S01012623,Economically active: Employee: Full-time (1),189,177,12
S01012623,Economically active: Self-employed: Total,27,26,1
S01012623,Economically active: Self-employed: Part-time (1),8,8,0
S01012623,Economically active: Self-employed: Full-time (1),19,18,1
S01012623,Economically active: Unemployed (1),23,22,1
S01012623,Economically inactive,231,224,7
S01012624,All people aged 16 and over,588,575,13
S01012624,Economically active: Total,367,358,9
S01012624,Economically active: Employee: Total,302,299,3
S01012624,Economically active: Employee: Part-time (1),75,74,1
S01012624,Economically active: Employee: Full-time (1),227,225,2
S01012624,Economically active: Self-employed: Total,30,26,4
S01012624,Economically active: Self-employed: Part-time (1),6,5,1
S01012624,Economically active: Self-employed: Full-time (1),24,21,3
S01012624,Economically active: Unemployed (1),35,33,2
S01012624,Economically inactive,221,217,4
S01012625,All people aged 16 and over,455,450,5
S01012625,Economically active: Total,286,283,3
S01012625,Economically active: Employee: Total,238,236,2
S01012625,Economically active: Employee: Part-time (1),69,69,0
S01012625,Economically active: Employee: Full-time (1),169,167,2
S01012625,Economically active: Self-employed: Total,21,21,0
S01012625,Economically active: Self-employed: Part-time (1),6,6,0
S01012625,Economically active: Self-employed: Full-time (1),15,15,0
S01012625,Economically active: Unemployed (1),27,26,1
S01012625,Economically inactive,169,167,2
S01012626,All people aged 16 and over,412,400,12
S01012626,Economically active: Total,267,261,6
S01012626,Economically active: Employee: Total,226,222,4
S01012626,Economically active: Employee: Part-time (1),66,65,1
S01012626,Economically active: Employee: Full-time (1),160,157,3
S01012626,Economically active: Self-employed: Total,24,23,1
S01012626,Economically active: Self-employed: Part-time (1),7,6,1
S01012626,Economically active: Self-employed: Full-time (1),17,17,0
S01012626,Economically active: Unemployed (1),17,16,1
S01012626,Economically inactive,145,139,6
S01012627,All people aged 16 and over,431,421,10
S01012627,Economically active: Total,277,271,6
S01012627,Economically active: Employee: Total,208,203,5
S01012627,Economically active: Employee: Part-time (1),67,66,1
S01012627,Economically active: Employee: Full-time (1),141,137,4
S01012627,Economically active: Self-employed: Total,30,30,0
S01012627,Economically active: Self-employed: Part-time (1),6,6,0
S01012627,Economically active: Self-employed: Full-time (1),24,24,0
S01012627,Economically active: Unemployed (1),39,38,1
S01012627,Economically inactive,154,150,4
S01012628,All people aged 16 and over,795,774,21
S01012628,Economically active: Total,510,495,15
S01012628,Economically active: Employee: Total,417,408,9
S01012628,Economically active: Employee: Part-time (1),92,90,2
S01012628,Economically active: Employee: Full-time (1),325,318,7
S01012628,Economically active: Self-employed: Total,69,64,5
S01012628,Economically active: Self-employed: Part-time (1),23,22,1
S01012628,Economically active: Self-employed: Full-time (1),46,42,4
S01012628,Economically active: Unemployed (1),24,23,1
S01012628,Economically inactive,285,279,6
S01012629,All people aged 16 and over,401,379,22
S01012629,Economically active: Total,268,256,12
S01012629,Economically active: Employee: Total,215,209,6
S01012629,Economically active: Employee: Part-time (1),57,56,1
S01012629,Economically active: Employee: Full-time (1),158,153,5
S01012629,Economically active: Self-employed: Total,39,35,4
S01012629,Economically active: Self-employed: Part-time (1),10,8,2
S01012629,Economically active: Self-employed: Full-time (1),29,27,2
S01012629,Economically active: Unemployed (1),14,12,2
S01012629,Economically inactive,133,123,10
S01012630,All people aged 16 and over,769,755,14
S01012630,Economically active: Total,402,393,9
S01012630,Economically active: Employee: Total,307,299,8
S01012630,Economically active: Employee: Part-time (1),66,65,1
S01012630,Economically active: Employee: Full-time (1),241,234,7
S01012630,Economically active: Self-employed: Total,56,56,0
S01012630,Economically active: Self-employed: Part-time (1),19,19,0
S01012630,Economically active: Self-employed: Full-time (1),37,37,0
S01012630,Economically active: Unemployed (1),39,38,1
S01012630,Economically inactive,367,362,5
S01012631,All people aged 16 and over,727,706,21
S01012631,Economically active: Total,484,469,15
S01012631,Economically active: Employee: Total,393,382,11
S01012631,Economically active: Employee: Part-time (1),117,114,3
S01012631,Economically active: Employee: Full-time (1),276,268,8
S01012631,Economically active: Self-employed: Total,34,33,1
S01012631,Economically active: Self-employed: Part-time (1),10,10,0
S01012631,Economically active: Self-employed: Full-time (1),24,23,1
S01012631,Economically active: Unemployed (1),57,54,3
S01012631,Economically inactive,243,237,6
S01012632,All people aged 16 and over,590,569,21
S01012632,Economically active: Total,394,380,14
S01012632,Economically active: Employee: Total,284,276,8
S01012632,Economically active: Employee: Part-time (1),78,75,3
S01012632,Economically active: Employee: Full-time (1),206,201,5
S01012632,Economically active: Self-employed: Total,97,92,5
S01012632,Economically active: Self-employed: Part-time (1),12,11,1
S01012632,Economically active: Self-employed: Full-time (1),85,81,4
S01012632,Economically active: Unemployed (1),13,12,1
S01012632,Economically inactive,196,189,7
S01012633,All people aged 16 and over,568,548,20
S01012633,Economically active: Total,365,350,15
S01012633,Economically active: Employee: Total,243,233,10
S01012633,Economically active: Employee: Part-time (1),67,66,1
S01012633,Economically active: Employee: Full-time (1),176,167,9
S01012633,Economically active: Self-employed: Total,96,91,5
S01012633,Economically active: Self-employed: Part-time (1),27,25,2
S01012633,Economically active: Self-employed: Full-time (1),69,66,3
S01012633,Economically active: Unemployed (1),26,26,0
S01012633,Economically inactive,203,198,5
S01012634,All people aged 16 and over,574,549,25
S01012634,Economically active: Total,332,312,20
S01012634,Economically active: Employee: Total,257,242,15
S01012634,Economically active: Employee: Part-time (1),76,73,3
S01012634,Economically active: Employee: Full-time (1),181,169,12
S01012634,Economically active: Self-employed: Total,42,38,4
S01012634,Economically active: Self-employed: Part-time (1),10,10,0
S01012634,Economically active: Self-employed: Full-time (1),32,28,4
S01012634,Economically active: Unemployed (1),33,32,1
S01012634,Economically inactive,242,237,5
S01012635,All people aged 16 and over,878,862,16
S01012635,Economically active: Total,573,560,13
S01012635,Economically active: Employee: Total,453,444,9
S01012635,Economically active: Employee: Part-time (1),103,102,1
S01012635,Economically active: Employee: Full-time (1),350,342,8
S01012635,Economically active: Self-employed: Total,85,83,2
S01012635,Economically active: Self-employed: Part-time (1),25,25,0
S01012635,Economically active: Self-employed: Full-time (1),60,58,2
S01012635,Economically active: Unemployed (1),35,33,2
S01012635,Economically inactive,305,302,3
S01012636,All people aged 16 and over,502,482,20
S01012636,Economically active: Total,358,341,17
S01012636,Economically active: Employee: Total,262,248,14
S01012636,Economically active: Employee: Part-time (1),77,68,9
S01012636,Economically active: Employee: Full-time (1),185,180,5
S01012636,Economically active: Self-employed: Total,86,83,3
S01012636,Economically active: Self-employed: Part-time (1),31,29,2
S01012636,Economically active: Self-employed: Full-time (1),55,54,1
S01012636,Economically active: Unemployed (1),10,10,0
S01012636,Economically inactive,144,141,3
S01012637,All people aged 16 and over,664,653,11
S01012637,Economically active: Total,392,385,7
S01012637,Economically active: Employee: Total,318,313,5
S01012637,Economically active: Employee: Part-time (1),95,93,2
S01012637,Economically active: Employee: Full-time (1),223,220,3
S01012637,Economically active: Self-employed: Total,22,21,1
S01012637,Economically active: Self-employed: Part-time (1),9,8,1
S01012637,Economically active: Self-employed: Full-time (1),13,13,0
S01012637,Economically active: Unemployed (1),52,51,1
S01012637,Economically inactive,272,268,4
S01012638,All people aged 16 and over,723,706,17
S01012638,Economically active: Total,413,403,10
S01012638,Economically active: Employee: Total,329,320,9
S01012638,Economically active: Employee: Part-time (1),74,73,1
S01012638,Economically active: Employee: Full-time (1),255,247,8
S01012638,Economically active: Self-employed: Total,46,45,1
S01012638,Economically active: Self-employed: Part-time (1),11,11,0
S01012638,Economically active: Self-employed: Full-time (1),35,34,1
S01012638,Economically active: Unemployed (1),38,38,0
S01012638,Economically inactive,310,303,7
S01012639,All people aged 16 and over,683,674,9
S01012639,Economically active: Total,427,421,6
S01012639,Economically active: Employee: Total,345,340,5
S01012639,Economically active: Employee: Part-time (1),93,90,3
S01012639,Economically active: Employee: Full-time (1),252,250,2
S01012639,Economically active: Self-employed: Total,41,41,0
S01012639,Economically active: Self-employed: Part-time (1),12,12,0
S01012639,Economically active: Self-employed: Full-time (1),29,29,0
S01012639,Economically active: Unemployed (1),41,40,1
S01012639,Economically inactive,256,253,3
S01012640,All people aged 16 and over,775,746,29
S01012640,Economically active: Total,427,405,22
S01012640,Economically active: Employee: Total,279,260,19
S01012640,Economically active: Employee: Part-time (1),87,83,4
S01012640,Economically active: Employee: Full-time (1),192,177,15
S01012640,Economically active: Self-employed: Total,53,50,3
S01012640,Economically active: Self-employed: Part-time (1),11,11,0
S01012640,Economically active: Self-employed: Full-time (1),42,39,3
S01012640,Economically active: Unemployed (1),95,95,0
S01012640,Economically inactive,348,341,7
S01012641,All people aged 16 and over,944,919,25
S01012641,Economically active: Total,460,445,15
S01012641,Economically active: Employee: Total,364,351,13
S01012641,Economically active: Employee: Part-time (1),102,100,2
S01012641,Economically active: Employee: Full-time (1),262,251,11
S01012641,Economically active: Self-employed: Total,44,42,2
S01012641,Economically active: Self-employed: Part-time (1),10,10,0
S01012641,Economically active: Self-employed: Full-time (1),34,32,2
S01012641,Economically active: Unemployed (1),52,52,0
S01012641,Economically inactive,484,474,10
S01012642,All people aged 16 and over,653,626,27
S01012642,Economically active: Total,361,343,18
S01012642,Economically active: Employee: Total,277,259,18
S01012642,Economically active: Employee: Part-time (1),77,75,2
S01012642,Economically active: Employee: Full-time (1),200,184,16
S01012642,Economically active: Self-employed: Total,19,19,0
S01012642,Economically active: Self-employed: Part-time (1),5,5,0
S01012642,Economically active: Self-employed: Full-time (1),14,14,0
S01012642,Economically active: Unemployed (1),65,65,0
S01012642,Economically inactive,292,283,9
S01012643,All people aged 16 and over,375,367,8
S01012643,Economically active: Total,229,226,3
S01012643,Economically active: Employee: Total,190,187,3
S01012643,Economically active: Employee: Part-time (1),50,48,2
S01012643,Economically active: Employee: Full-time (1),140,139,1
S01012643,Economically active: Self-employed: Total,14,14,0
S01012643,Economically active: Self-employed: Part-time (1),6,6,0
S01012643,Economically active: Self-employed: Full-time (1),8,8,0
S01012643,Economically active: Unemployed (1),25,25,0
S01012643,Economically inactive,146,141,5
S01012644,All people aged 16 and over,536,510,26
S01012644,Economically active: Total,322,303,19
S01012644,Economically active: Employee: Total,267,254,13
S01012644,Economically active: Employee: Part-time (1),81,77,4
S01012644,Economically active: Employee: Full-time (1),186,177,9
S01012644,Economically active: Self-employed: Total,25,21,4
S01012644,Economically active: Self-employed: Part-time (1),5,4,1
S01012644,Economically active: Self-employed: Full-time (1),20,17,3
S01012644,Economically active: Unemployed (1),30,28,2
S01012644,Economically inactive,214,207,7
S01012645,All people aged 16 and over,684,662,22
S01012645,Economically active: Total,414,397,17
S01012645,Economically active: Employee: Total,326,313,13
S01012645,Economically active: Employee: Part-time (1),87,84,3
S01012645,Economically active: Employee: Full-time (1),239,229,10
S01012645,Economically active: Self-employed: Total,58,54,4
S01012645,Economically active: Self-employed: Part-time (1),10,9,1
S01012645,Economically active: Self-employed: Full-time (1),48,45,3
S01012645,Economically active: Unemployed (1),30,30,0
S01012645,Economically inactive,270,265,5
S01012646,All people aged 16 and over,764,737,27
S01012646,Economically active: Total,517,497,20
S01012646,Economically active: Employee: Total,428,413,15
S01012646,Economically active: Employee: Part-time (1),101,96,5
S01012646,Economically active: Employee: Full-time (1),327,317,10
S01012646,Economically active: Self-employed: Total,70,67,3
S01012646,Economically active: Self-employed: Part-time (1),20,19,1
S01012646,Economically active: Self-employed: Full-time (1),50,48,2
S01012646,Economically active: Unemployed (1),19,17,2
S01012646,Economically inactive,247,240,7
S01012647,All people aged 16 and over,529,506,23
S01012647,Economically active: Total,444,424,20
S01012647,Economically active: Employee: Total,390,372,18
S01012647,Economically active: Employee: Part-time (1),69,65,4
S01012647,Economically active: Employee: Full-time (1),321,307,14
S01012647,Economically active: Self-employed: Total,32,32,0
S01012647,Economically active: Self-employed: Part-time (1),8,8,0
S01012647,Economically active: Self-employed: Full-time (1),24,24,0
S01012647,Economically active: Unemployed (1),22,20,2
S01012647,Economically inactive,85,82,3
S01012648,All people aged 16 and over,438,429,9
S01012648,Economically active: Total,265,258,7
S01012648,Economically active: Employee: Total,215,211,4
S01012648,Economically active: Employee: Part-time (1),60,59,1
S01012648,Economically active: Employee: Full-time (1),155,152,3
S01012648,Economically active: Self-employed: Total,17,15,2
S01012648,Economically active: Self-employed: Part-time (1),2,2,0
S01012648,Economically active: Self-employed: Full-time (1),15,13,2
S01012648,Economically active: Unemployed (1),33,32,1
S01012648,Economically inactive,173,171,2
S01012649,All people aged 16 and over,550,527,23
S01012649,Economically active: Total,340,321,19
S01012649,Economically active: Employee: Total,274,257,17
S01012649,Economically active: Employee: Part-time (1),89,81,8
S01012649,Economically active: Employee: Full-time (1),185,176,9
S01012649,Economically active: Self-employed: Total,34,33,1
S01012649,Economically active: Self-employed: Part-time (1),7,7,0
S01012649,Economically active: Self-employed: Full-time (1),27,26,1
S01012649,Economically active: Unemployed (1),32,31,1
S01012649,Economically inactive,210,206,4
S01012650,All people aged 16 and over,497,489,8
S01012650,Economically active: Total,320,314,6
S01012650,Economically active: Employee: Total,259,255,4
S01012650,Economically active: Employee: Part-time (1),62,61,1
S01012650,Economically active: Employee: Full-time (1),197,194,3
S01012650,Economically active: Self-employed: Total,44,42,2
S01012650,Economically active: Self-employed: Part-time (1),9,9,0
S01012650,Economically active: Self-employed: Full-time (1),35,33,2
S01012650,Economically active: Unemployed (1),17,17,0
S01012650,Economically inactive,177,175,2
S01012651,All people aged 16 and over,523,512,11
S01012651,Economically active: Total,308,298,10
S01012651,Economically active: Employee: Total,251,242,9
S01012651,Economically active: Employee: Part-time (1),88,87,1
S01012651,Economically active: Employee: Full-time (1),163,155,8
S01012651,Economically active: Self-employed: Total,13,13,0
S01012651,Economically active: Self-employed: Part-time (1),4,4,0
S01012651,Economically active: Self-employed: Full-time (1),9,9,0
S01012651,Economically active: Unemployed (1),44,43,1
S01012651,Economically inactive,215,214,1
S01012652,All people aged 16 and over,883,861,22
S01012652,Economically active: Total,615,599,16
S01012652,Economically active: Employee: Total,522,508,14
S01012652,Economically active: Employee: Part-time (1),143,141,2
S01012652,Economically active: Employee: Full-time (1),379,367,12
S01012652,Economically active: Self-employed: Total,55,54,1
S01012652,Economically active: Self-employed: Part-time (1),16,16,0
S01012652,Economically active: Self-employed: Full-time (1),39,38,1
S01012652,Economically active: Unemployed (1),38,37,1
S01012652,Economically inactive,268,262,6
S01012653,All people aged 16 and over,704,693,11
S01012653,Economically active: Total,469,462,7
S01012653,Economically active: Employee: Total,354,351,3
S01012653,Economically active: Employee: Part-time (1),96,96,0
S01012653,Economically active: Employee: Full-time (1),258,255,3
S01012653,Economically active: Self-employed: Total,55,52,3
S01012653,Economically active: Self-employed: Part-time (1),8,7,1
S01012653,Economically active: Self-employed: Full-time (1),47,45,2
S01012653,Economically active: Unemployed (1),60,59,1
S01012653,Economically inactive,235,231,4
S01012654,All people aged 16 and over,614,593,21
S01012654,Economically active: Total,434,416,18
S01012654,Economically active: Employee: Total,334,322,12
S01012654,Economically active: Employee: Part-time (1),84,80,4
S01012654,Economically active: Employee: Full-time (1),250,242,8
S01012654,Economically active: Self-employed: Total,73,70,3
S01012654,Economically active: Self-employed: Part-time (1),21,19,2
S01012654,Economically active: Self-employed: Full-time (1),52,51,1
S01012654,Economically active: Unemployed (1),27,24,3
S01012654,Economically inactive,180,177,3
S01012655,All people aged 16 and over,964,947,17
S01012655,Economically active: Total,541,529,12
S01012655,Economically active: Employee: Total,431,420,11
S01012655,Economically active: Employee: Part-time (1),110,108,2
S01012655,Economically active: Employee: Full-time (1),321,312,9
S01012655,Economically active: Self-employed: Total,65,64,1
S01012655,Economically active: Self-employed: Part-time (1),12,12,0
S01012655,Economically active: Self-employed: Full-time (1),53,52,1
S01012655,Economically active: Unemployed (1),45,45,0
S01012655,Economically inactive,423,418,5
S01012656,All people aged 16 and over,673,667,6
S01012656,Economically active: Total,386,383,3
S01012656,Economically active: Employee: Total,316,313,3
S01012656,Economically active: Employee: Part-time (1),84,84,0
S01012656,Economically active: Employee: Full-time (1),232,229,3
S01012656,Economically active: Self-employed: Total,30,30,0
S01012656,Economically active: Self-employed: Part-time (1),6,6,0
S01012656,Economically active: Self-employed: Full-time (1),24,24,0
S01012656,Economically active: Unemployed (1),40,40,0
S01012656,Economically inactive,287,284,3
S01012657,All people aged 16 and over,455,445,10
S01012657,Economically active: Total,252,244,8
S01012657,Economically active: Employee: Total,219,212,7
S01012657,Economically active: Employee: Part-time (1),64,60,4
S01012657,Economically active: Employee: Full-time (1),155,152,3
S01012657,Economically active: Self-employed: Total,17,16,1
S01012657,Economically active: Self-employed: Part-time (1),5,5,0
S01012657,Economically active: Self-employed: Full-time (1),12,11,1
S01012657,Economically active: Unemployed (1),16,16,0
S01012657,Economically inactive,203,201,2
S01012658,All people aged 16 and over,818,800,18
S01012658,Economically active: Total,508,496,12
S01012658,Economically active: Employee: Total,432,424,8
S01012658,Economically active: Employee: Part-time (1),102,98,4
S01012658,Economically active: Employee: Full-time (1),330,326,4
S01012658,Economically active: Self-employed: Total,55,52,3
S01012658,Economically active: Self-employed: Part-time (1),18,15,3
S01012658,Economically active: Self-employed: Full-time (1),37,37,0
S01012658,Economically active: Unemployed (1),21,20,1
S01012658,Economically inactive,310,304,6
S01012659,All people aged 16 and over,771,748,23
S01012659,Economically active: Total,611,594,17
S01012659,Economically active: Employee: Total,539,526,13
S01012659,Economically active: Employee: Part-time (1),155,152,3
S01012659,Economically active: Employee: Full-time (1),384,374,10
S01012659,Economically active: Self-employed: Total,54,50,4
S01012659,Economically active: Self-employed: Part-time (1),10,10,0
S01012659,Economically active: Self-employed: Full-time (1),44,40,4
S01012659,Economically active: Unemployed (1),18,18,0
S01012659,Economically inactive,160,154,6
S01012660,All people aged 16 and over,591,576,15
S01012660,Economically active: Total,356,346,10
S01012660,Economically active: Employee: Total,299,292,7
S01012660,Economically active: Employee: Part-time (1),73,73,0
S01012660,Economically active: Employee: Full-time (1),226,219,7
S01012660,Economically active: Self-employed: Total,32,29,3
S01012660,Economically active: Self-employed: Part-time (1),5,5,0
S01012660,Economically active: Self-employed: Full-time (1),27,24,3
S01012660,Economically active: Unemployed (1),25,25,0
S01012660,Economically inactive,235,230,5
S01012661,All people aged 16 and over,645,636,9
S01012661,Economically active: Total,435,431,4
S01012661,Economically active: Employee: Total,351,350,1
S01012661,Economically active: Employee: Part-time (1),85,85,0
S01012661,Economically active: Employee: Full-time (1),266,265,1
S01012661,Economically active: Self-employed: Total,59,56,3
S01012661,Economically active: Self-employed: Part-time (1),11,10,1
S01012661,Economically active: Self-employed: Full-time (1),48,46,2
S01012661,Economically active: Unemployed (1),25,25,0
S01012661,Economically inactive,210,205,5
S01012662,All people aged 16 and over,633,625,8
S01012662,Economically active: Total,346,340,6
S01012662,Economically active: Employee: Total,281,277,4
S01012662,Economically active: Employee: Part-time (1),72,72,0
S01012662,Economically active: Employee: Full-time (1),209,205,4
S01012662,Economically active: Self-employed: Total,31,31,0
S01012662,Economically active: Self-employed: Part-time (1),3,3,0
S01012662,Economically active: Self-employed: Full-time (1),28,28,0
S01012662,Economically active: Unemployed (1),34,32,2
S01012662,Economically inactive,287,285,2
S01012663,All people aged 16 and over,597,590,7
S01012663,Economically active: Total,360,357,3
S01012663,Economically active: Employee: Total,295,293,2
S01012663,Economically active: Employee: Part-time (1),71,71,0
S01012663,Economically active: Employee: Full-time (1),224,222,2
S01012663,Economically active: Self-employed: Total,43,43,0
S01012663,Economically active: Self-employed: Part-time (1),10,10,0
S01012663,Economically active: Self-employed: Full-time (1),33,33,0
S01012663,Economically active: Unemployed (1),22,21,1
S01012663,Economically inactive,237,233,4
S01012664,All people aged 16 and over,815,796,19
S01012664,Economically active: Total,519,507,12
S01012664,Economically active: Employee: Total,404,393,11
S01012664,Economically active: Employee: Part-time (1),113,110,3
S01012664,Economically active: Employee: Full-time (1),291,283,8
S01012664,Economically active: Self-employed: Total,71,70,1
S01012664,Economically active: Self-employed: Part-time (1),18,17,1
S01012664,Economically active: Self-employed: Full-time (1),53,53,0
S01012664,Economically active: Unemployed (1),44,44,0
S01012664,Economically inactive,296,289,7
S01012665,All people aged 16 and over,565,559,6
S01012665,Economically active: Total,309,306,3
S01012665,Economically active: Employee: Total,237,235,2
S01012665,Economically active: Employee: Part-time (1),75,74,1
S01012665,Economically active: Employee: Full-time (1),162,161,1
S01012665,Economically active: Self-employed: Total,26,26,0
S01012665,Economically active: Self-employed: Part-time (1),7,7,0
S01012665,Economically active: Self-employed: Full-time (1),19,19,0
S01012665,Economically active: Unemployed (1),46,45,1
S01012665,Economically inactive,256,253,3
S01012666,All people aged 16 and over,553,549,4
S01012666,Economically active: Total,295,294,1
S01012666,Economically active: Employee: Total,227,226,1
S01012666,Economically active: Employee: Part-time (1),62,62,0
S01012666,Economically active: Employee: Full-time (1),165,164,1
S01012666,Economically active: Self-employed: Total,26,26,0
S01012666,Economically active: Self-employed: Part-time (1),4,4,0
S01012666,Economically active: Self-employed: Full-time (1),22,22,0
S01012666,Economically active: Unemployed (1),42,42,0
S01012666,Economically inactive,258,255,3
S01012667,All people aged 16 and over,482,472,10
S01012667,Economically active: Total,268,260,8
S01012667,Economically active: Employee: Total,197,192,5
S01012667,Economically active: Employee: Part-time (1),59,59,0
S01012667,Economically active: Employee: Full-time (1),138,133,5
S01012667,Economically active: Self-employed: Total,26,23,3
S01012667,Economically active: Self-employed: Part-time (1),2,2,0
S01012667,Economically active: Self-employed: Full-time (1),24,21,3
S01012667,Economically active: Unemployed (1),45,45,0
S01012667,Economically inactive,214,212,2
S01012668,All people aged 16 and over,597,585,12
S01012668,Economically active: Total,368,358,10
S01012668,Economically active: Employee: Total,281,274,7
S01012668,Economically active: Employee: Part-time (1),79,76,3
S01012668,Economically active: Employee: Full-time (1),202,198,4
S01012668,Economically active: Self-employed: Total,35,33,2
S01012668,Economically active: Self-employed: Part-time (1),11,11,0
S01012668,Economically active: Self-employed: Full-time (1),24,22,2
S01012668,Economically active: Unemployed (1),52,51,1
S01012668,Economically inactive,229,227,2
S01012669,All people aged 16 and over,618,610,8
S01012669,Economically active: Total,379,376,3
S01012669,Economically active: Employee: Total,353,350,3
S01012669,Economically active: Employee: Part-time (1),80,79,1
S01012669,Economically active: Employee: Full-time (1),273,271,2
S01012669,Economically active: Self-employed: Total,11,11,0
S01012669,Economically active: Self-employed: Part-time (1),4,4,0
S01012669,Economically active: Self-employed: Full-time (1),7,7,0
S01012669,Economically active: Unemployed (1),15,15,0
S01012669,Economically inactive,239,234,5
S01012670,All people aged 16 and over,613,605,8
S01012670,Economically active: Total,355,349,6
S01012670,Economically active: Employee: Total,309,304,5
S01012670,Economically active: Employee: Part-time (1),94,93,1
S01012670,Economically active: Employee: Full-time (1),215,211,4
S01012670,Economically active: Self-employed: Total,35,34,1
S01012670,Economically active: Self-employed: Part-time (1),9,9,0
S01012670,Economically active: Self-employed: Full-time (1),26,25,1
S01012670,Economically active: Unemployed (1),11,11,0
S01012670,Economically inactive,258,256,2
S01012671,All people aged 16 and over,762,749,13
S01012671,Economically active: Total,475,468,7
S01012671,Economically active: Employee: Total,397,394,3
S01012671,Economically active: Employee: Part-time (1),117,117,0
S01012671,Economically active: Employee: Full-time (1),280,277,3
S01012671,Economically active: Self-employed: Total,43,40,3
S01012671,Economically active: Self-employed: Part-time (1),7,7,0
S01012671,Economically active: Self-employed: Full-time (1),36,33,3
S01012671,Economically active: Unemployed (1),35,34,1
S01012671,Economically inactive,287,281,6
S01012672,All people aged 16 and over,588,583,5
S01012672,Economically active: Total,292,288,4
S01012672,Economically active: Employee: Total,227,223,4
S01012672,Economically active: Employee: Part-time (1),66,63,3
S01012672,Economically active: Employee: Full-time (1),161,160,1
S01012672,Economically active: Self-employed: Total,20,20,0
S01012672,Economically active: Self-employed: Part-time (1),3,3,0
S01012672,Economically active: Self-employed: Full-time (1),17,17,0
S01012672,Economically active: Unemployed (1),45,45,0
S01012672,Economically inactive,296,295,1
S01012673,All people aged 16 and over,478,472,6
S01012673,Economically active: Total,287,281,6
S01012673,Economically active: Employee: Total,235,229,6
S01012673,Economically active: Employee: Part-time (1),78,78,0
S01012673,Economically active: Employee: Full-time (1),157,151,6
S01012673,Economically active: Self-employed: Total,13,13,0
S01012673,Economically active: Self-employed: Part-time (1),4,4,0
S01012673,Economically active: Self-employed: Full-time (1),9,9,0
S01012673,Economically active: Unemployed (1),39,39,0
S01012673,Economically inactive,191,191,0
S01012674,All people aged 16 and over,441,435,6
S01012674,Economically active: Total,253,248,5
S01012674,Economically active: Employee: Total,179,175,4
S01012674,Economically active: Employee: Part-time (1),67,67,0
S01012674,Economically active: Employee: Full-time (1),112,108,4
S01012674,Economically active: Self-employed: Total,12,12,0
S01012674,Economically active: Self-employed: Part-time (1),4,4,0
S01012674,Economically active: Self-employed: Full-time (1),8,8,0
S01012674,Economically active: Unemployed (1),62,61,1
S01012674,Economically inactive,188,187,1
S01012675,All people aged 16 and over,641,628,13
S01012675,Economically active: Total,381,370,11
S01012675,Economically active: Employee: Total,299,293,6
S01012675,Economically active: Employee: Part-time (1),78,75,3
S01012675,Economically active: Employee: Full-time (1),221,218,3
S01012675,Economically active: Self-employed: Total,32,29,3
S01012675,Economically active: Self-employed: Part-time (1),11,9,2
S01012675,Economically active: Self-employed: Full-time (1),21,20,1
S01012675,Economically active: Unemployed (1),50,48,2
S01012675,Economically inactive,260,258,2
S01012676,All people aged 16 and over,634,621,13
S01012676,Economically active: Total,448,442,6
S01012676,Economically active: Employee: Total,358,355,3
S01012676,Economically active: Employee: Part-time (1),101,101,0
S01012676,Economically active: Employee: Full-time (1),257,254,3
S01012676,Economically active: Self-employed: Total,37,37,0
S01012676,Economically active: Self-employed: Part-time (1),11,11,0
S01012676,Economically active: Self-employed: Full-time (1),26,26,0
S01012676,Economically active: Unemployed (1),53,50,3
S01012676,Economically inactive,186,179,7
S01012677,All people aged 16 and over,476,469,7
S01012677,Economically active: Total,280,275,5
S01012677,Economically active: Employee: Total,220,216,4
S01012677,Economically active: Employee: Part-time (1),66,64,2
S01012677,Economically active: Employee: Full-time (1),154,152,2
S01012677,Economically active: Self-employed: Total,24,24,0
S01012677,Economically active: Self-employed: Part-time (1),5,5,0
S01012677,Economically active: Self-employed: Full-time (1),19,19,0
S01012677,Economically active: Unemployed (1),36,35,1
S01012677,Economically inactive,196,194,2
S01012678,All people aged 16 and over,575,571,4
S01012678,Economically active: Total,440,438,2
S01012678,Economically active: Employee: Total,376,374,2
S01012678,Economically active: Employee: Part-time (1),108,108,0
S01012678,Economically active: Employee: Full-time (1),268,266,2
S01012678,Economically active: Self-employed: Total,40,40,0
S01012678,Economically active: Self-employed: Part-time (1),11,11,0
S01012678,Economically active: Self-employed: Full-time (1),29,29,0
S01012678,Economically active: Unemployed (1),24,24,0
S01012678,Economically inactive,135,133,2
S01012679,All people aged 16 and over,668,646,22
S01012679,Economically active: Total,395,377,18
S01012679,Economically active: Employee: Total,330,317,13
S01012679,Economically active: Employee: Part-time (1),90,85,5
S01012679,Economically active: Employee: Full-time (1),240,232,8
S01012679,Economically active: Self-employed: Total,42,38,4
S01012679,Economically active: Self-employed: Part-time (1),11,8,3
S01012679,Economically active: Self-employed: Full-time (1),31,30,1
S01012679,Economically active: Unemployed (1),23,22,1
S01012679,Economically inactive,273,269,4
S01012680,All people aged 16 and over,437,429,8
S01012680,Economically active: Total,320,315,5
S01012680,Economically active: Employee: Total,278,273,5
S01012680,Economically active: Employee: Part-time (1),71,69,2
S01012680,Economically active: Employee: Full-time (1),207,204,3
S01012680,Economically active: Self-employed: Total,32,32,0
S01012680,Economically active: Self-employed: Part-time (1),9,9,0
S01012680,Economically active: Self-employed: Full-time (1),23,23,0
S01012680,Economically active: Unemployed (1),10,10,0
S01012680,Economically inactive,117,114,3
S01012681,All people aged 16 and over,568,553,15
S01012681,Economically active: Total,366,358,8
S01012681,Economically active: Employee: Total,271,265,6
S01012681,Economically active: Employee: Part-time (1),71,69,2
S01012681,Economically active: Employee: Full-time (1),200,196,4
S01012681,Economically active: Self-employed: Total,61,61,0
S01012681,Economically active: Self-employed: Part-time (1),12,12,0
S01012681,Economically active: Self-employed: Full-time (1),49,49,0
S01012681,Economically active: Unemployed (1),34,32,2
S01012681,Economically inactive,202,195,7
S01012682,All people aged 16 and over,665,652,13
S01012682,Economically active: Total,353,346,7
S01012682,Economically active: Employee: Total,291,285,6
S01012682,Economically active: Employee: Part-time (1),81,79,2
S01012682,Economically active: Employee: Full-time (1),210,206,4
S01012682,Economically active: Self-employed: Total,46,46,0
S01012682,Economically active: Self-employed: Part-time (1),6,6,0
S01012682,Economically active: Self-employed: Full-time (1),40,40,0
S01012682,Economically active: Unemployed (1),16,15,1
S01012682,Economically inactive,312,306,6
S01012683,All people aged 16 and over,604,599,5
S01012683,Economically active: Total,415,412,3
S01012683,Economically active: Employee: Total,327,325,2
S01012683,Economically active: Employee: Part-time (1),111,110,1
S01012683,Economically active: Employee: Full-time (1),216,215,1
S01012683,Economically active: Self-employed: Total,29,29,0
S01012683,Economically active: Self-employed: Part-time (1),7,7,0
S01012683,Economically active: Self-employed: Full-time (1),22,22,0
S01012683,Economically active: Unemployed (1),59,58,1
S01012683,Economically inactive,189,187,2
S01012684,All people aged 16 and over,441,434,7
S01012684,Economically active: Total,284,278,6
S01012684,Economically active: Employee: Total,233,230,3
S01012684,Economically active: Employee: Part-time (1),62,61,1
S01012684,Economically active: Employee: Full-time (1),171,169,2
S01012684,Economically active: Self-employed: Total,37,34,3
S01012684,Economically active: Self-employed: Part-time (1),5,5,0
S01012684,Economically active: Self-employed: Full-time (1),32,29,3
S01012684,Economically active: Unemployed (1),14,14,0
S01012684,Economically inactive,157,156,1
S01012685,All people aged 16 and over,623,612,11
S01012685,Economically active: Total,415,407,8
S01012685,Economically active: Employee: Total,333,326,7
S01012685,Economically active: Employee: Part-time (1),94,94,0
S01012685,Economically active: Employee: Full-time (1),239,232,7
S01012685,Economically active: Self-employed: Total,38,38,0
S01012685,Economically active: Self-employed: Part-time (1),8,8,0
S01012685,Economically active: Self-employed: Full-time (1),30,30,0
S01012685,Economically active: Unemployed (1),44,43,1
S01012685,Economically inactive,208,205,3
S01012686,All people aged 16 and over,794,762,32
S01012686,Economically active: Total,529,507,22
S01012686,Economically active: Employee: Total,419,398,21
S01012686,Economically active: Employee: Part-time (1),109,105,4
S01012686,Economically active: Employee: Full-time (1),310,293,17
S01012686,Economically active: Self-employed: Total,82,81,1
S01012686,Economically active: Self-employed: Part-time (1),22,22,0
S01012686,Economically active: Self-employed: Full-time (1),60,59,1
S01012686,Economically active: Unemployed (1),28,28,0
S01012686,Economically inactive,265,255,10
S01012687,All people aged 16 and over,456,448,8
S01012687,Economically active: Total,218,213,5
S01012687,Economically active: Employee: Total,167,164,3
S01012687,Economically active: Employee: Part-time (1),58,58,0
S01012687,Economically active: Employee: Full-time (1),109,106,3
S01012687,Economically active: Self-employed: Total,45,43,2
S01012687,Economically active: Self-employed: Part-time (1),18,17,1
S01012687,Economically active: Self-employed: Full-time (1),27,26,1
S01012687,Economically active: Unemployed (1),6,6,0
S01012687,Economically inactive,238,235,3
S01012688,All people aged 16 and over,692,648,44
S01012688,Economically active: Total,408,374,34
S01012688,Economically active: Employee: Total,328,298,30
S01012688,Economically active: Employee: Part-time (1),56,47,9
S01012688,Economically active: Employee: Full-time (1),272,251,21
S01012688,Economically active: Self-employed: Total,46,44,2
S01012688,Economically active: Self-employed: Part-time (1),16,16,0
S01012688,Economically active: Self-employed: Full-time (1),30,28,2
S01012688,Economically active: Unemployed (1),34,32,2
S01012688,Economically inactive,284,274,10
S01012689,All people aged 16 and over,392,384,8
S01012689,Economically active: Total,243,238,5
S01012689,Economically active: Employee: Total,195,190,5
S01012689,Economically active: Employee: Part-time (1),65,65,0
S01012689,Economically active: Employee: Full-time (1),130,125,5
S01012689,Economically active: Self-employed: Total,39,39,0
S01012689,Economically active: Self-employed: Part-time (1),11,11,0
S01012689,Economically active: Self-employed: Full-time (1),28,28,0
S01012689,Economically active: Unemployed (1),9,9,0
S01012689,Economically inactive,149,146,3
S01012690,All people aged 16 and over,424,413,11
S01012690,Economically active: Total,277,269,8
S01012690,Economically active: Employee: Total,234,227,7
S01012690,Economically active: Employee: Part-time (1),65,64,1
S01012690,Economically active: Employee: Full-time (1),169,163,6
S01012690,Economically active: Self-employed: Total,32,32,0
S01012690,Economically active: Self-employed: Part-time (1),11,11,0
S01012690,Economically active: Self-employed: Full-time (1),21,21,0
S01012690,Economically active: Unemployed (1),11,10,1
S01012690,Economically inactive,147,144,3
S01012691,All people aged 16 and over,595,566,29
S01012691,Economically active: Total,389,364,25
S01012691,Economically active: Employee: Total,312,295,17
S01012691,Economically active: Employee: Part-time (1),89,87,2
S01012691,Economically active: Employee: Full-time (1),223,208,15
S01012691,Economically active: Self-employed: Total,49,48,1
S01012691,Economically active: Self-employed: Part-time (1),12,12,0
S01012691,Economically active: Self-employed: Full-time (1),37,36,1
S01012691,Economically active: Unemployed (1),28,21,7
S01012691,Economically inactive,206,202,4
S01012692,All people aged 16 and over,625,610,15
S01012692,Economically active: Total,357,346,11
S01012692,Economically active: Employee: Total,296,287,9
S01012692,Economically active: Employee: Part-time (1),76,72,4
S01012692,Economically active: Employee: Full-time (1),220,215,5
S01012692,Economically active: Self-employed: Total,43,41,2
S01012692,Economically active: Self-employed: Part-time (1),10,9,1
S01012692,Economically active: Self-employed: Full-time (1),33,32,1
S01012692,Economically active: Unemployed (1),18,18,0
S01012692,Economically inactive,268,264,4
S01012693,All people aged 16 and over,701,676,25
S01012693,Economically active: Total,498,476,22
S01012693,Economically active: Employee: Total,405,387,18
S01012693,Economically active: Employee: Part-time (1),120,115,5
S01012693,Economically active: Employee: Full-time (1),285,272,13
S01012693,Economically active: Self-employed: Total,68,66,2
S01012693,Economically active: Self-employed: Part-time (1),16,15,1
S01012693,Economically active: Self-employed: Full-time (1),52,51,1
S01012693,Economically active: Unemployed (1),25,23,2
S01012693,Economically inactive,203,200,3
S01012694,All people aged 16 and over,363,351,12
S01012694,Economically active: Total,238,231,7
S01012694,Economically active: Employee: Total,210,205,5
S01012694,Economically active: Employee: Part-time (1),62,60,2
S01012694,Economically active: Employee: Full-time (1),148,145,3
S01012694,Economically active: Self-employed: Total,20,19,1
S01012694,Economically active: Self-employed: Part-time (1),6,6,0
S01012694,Economically active: Self-employed: Full-time (1),14,13,1
S01012694,Economically active: Unemployed (1),8,7,1
S01012694,Economically inactive,125,120,5
S01012695,All people aged 16 and over,651,632,19
S01012695,Economically active: Total,445,435,10
S01012695,Economically active: Employee: Total,301,292,9
S01012695,Economically active: Employee: Part-time (1),94,93,1
S01012695,Economically active: Employee: Full-time (1),207,199,8
S01012695,Economically active: Self-employed: Total,119,119,0
S01012695,Economically active: Self-employed: Part-time (1),18,18,0
S01012695,Economically active: Self-employed: Full-time (1),101,101,0
S01012695,Economically active: Unemployed (1),25,24,1
S01012695,Economically inactive,206,197,9
S01012696,All people aged 16 and over,734,546,188
S01012696,Economically active: Total,440,403,37
S01012696,Economically active: Employee: Total,294,268,26
S01012696,Economically active: Employee: Part-time (1),88,80,8
S01012696,Economically active: Employee: Full-time (1),206,188,18
S01012696,Economically active: Self-employed: Total,127,122,5
S01012696,Economically active: Self-employed: Part-time (1),27,24,3
S01012696,Economically active: Self-employed: Full-time (1),100,98,2
S01012696,Economically active: Unemployed (1),19,13,6
S01012696,Economically inactive,294,143,151
S01012697,All people aged 16 and over,405,388,17
S01012697,Economically active: Total,269,258,11
S01012697,Economically active: Employee: Total,189,183,6
S01012697,Economically active: Employee: Part-time (1),52,51,1
S01012697,Economically active: Employee: Full-time (1),137,132,5
S01012697,Economically active: Self-employed: Total,76,72,4
S01012697,Economically active: Self-employed: Part-time (1),14,12,2
S01012697,Economically active: Self-employed: Full-time (1),62,60,2
S01012697,Economically active: Unemployed (1),4,3,1
S01012697,Economically inactive,136,130,6
S01012698,All people aged 16 and over,653,634,19
S01012698,Economically active: Total,425,414,11
S01012698,Economically active: Employee: Total,320,312,8
S01012698,Economically active: Employee: Part-time (1),108,106,2
S01012698,Economically active: Employee: Full-time (1),212,206,6
S01012698,Economically active: Self-employed: Total,83,81,2
S01012698,Economically active: Self-employed: Part-time (1),13,13,0
S01012698,Economically active: Self-employed: Full-time (1),70,68,2
S01012698,Economically active: Unemployed (1),22,21,1
S01012698,Economically inactive,228,220,8
S01012699,All people aged 16 and over,847,829,18
S01012699,Economically active: Total,581,565,16
S01012699,Economically active: Employee: Total,424,415,9
S01012699,Economically active: Employee: Part-time (1),122,119,3
S01012699,Economically active: Employee: Full-time (1),302,296,6
S01012699,Economically active: Self-employed: Total,127,120,7
S01012699,Economically active: Self-employed: Part-time (1),20,18,2
S01012699,Economically active: Self-employed: Full-time (1),107,102,5
S01012699,Economically active: Unemployed (1),30,30,0
S01012699,Economically inactive,266,264,2
S01012700,All people aged 16 and over,671,646,25
S01012700,Economically active: Total,428,409,19
S01012700,Economically active: Employee: Total,331,317,14
S01012700,Economically active: Employee: Part-time (1),98,92,6
S01012700,Economically active: Employee: Full-time (1),233,225,8
S01012700,Economically active: Self-employed: Total,73,68,5
S01012700,Economically active: Self-employed: Part-time (1),13,13,0
S01012700,Economically active: Self-employed: Full-time (1),60,55,5
S01012700,Economically active: Unemployed (1),24,24,0
S01012700,Economically inactive,243,237,6
S01012701,All people aged 16 and over,467,456,11
S01012701,Economically active: Total,277,270,7
S01012701,Economically active: Employee: Total,232,228,4
S01012701,Economically active: Employee: Part-time (1),69,69,0
S01012701,Economically active: Employee: Full-time (1),163,159,4
S01012701,Economically active: Self-employed: Total,34,32,2
S01012701,Economically active: Self-employed: Part-time (1),10,9,1
S01012701,Economically active: Self-employed: Full-time (1),24,23,1
S01012701,Economically active: Unemployed (1),11,10,1
S01012701,Economically inactive,190,186,4
S01012702,All people aged 16 and over,483,471,12
S01012702,Economically active: Total,340,331,9
S01012702,Economically active: Employee: Total,274,268,6
S01012702,Economically active: Employee: Part-time (1),59,58,1
S01012702,Economically active: Employee: Full-time (1),215,210,5
S01012702,Economically active: Self-employed: Total,43,41,2
S01012702,Economically active: Self-employed: Part-time (1),6,5,1
S01012702,Economically active: Self-employed: Full-time (1),37,36,1
S01012702,Economically active: Unemployed (1),23,22,1
S01012702,Economically inactive,143,140,3
S01012703,All people aged 16 and over,464,448,16
S01012703,Economically active: Total,382,372,10
S01012703,Economically active: Employee: Total,327,318,9
S01012703,Economically active: Employee: Part-time (1),96,92,4
S01012703,Economically active: Employee: Full-time (1),231,226,5
S01012703,Economically active: Self-employed: Total,34,34,0
S01012703,Economically active: Self-employed: Part-time (1),6,6,0
S01012703,Economically active: Self-employed: Full-time (1),28,28,0
S01012703,Economically active: Unemployed (1),21,20,1
S01012703,Economically inactive,82,76,6
S01012704,All people aged 16 and over,597,588,9
S01012704,Economically active: Total,391,383,8
S01012704,Economically active: Employee: Total,309,301,8
S01012704,Economically active: Employee: Part-time (1),83,82,1
S01012704,Economically active: Employee: Full-time (1),226,219,7
S01012704,Economically active: Self-employed: Total,30,30,0
S01012704,Economically active: Self-employed: Part-time (1),13,13,0
S01012704,Economically active: Self-employed: Full-time (1),17,17,0
S01012704,Economically active: Unemployed (1),52,52,0
S01012704,Economically inactive,206,205,1
S01012705,All people aged 16 and over,584,549,35
S01012705,Economically active: Total,470,445,25
S01012705,Economically active: Employee: Total,412,391,21
S01012705,Economically active: Employee: Part-time (1),113,109,4
S01012705,Economically active: Employee: Full-time (1),299,282,17
S01012705,Economically active: Self-employed: Total,47,44,3
S01012705,Economically active: Self-employed: Part-time (1),11,10,1
S01012705,Economically active: Self-employed: Full-time (1),36,34,2
S01012705,Economically active: Unemployed (1),11,10,1
S01012705,Economically inactive,114,104,10
S01012706,All people aged 16 and over,557,547,10
S01012706,Economically active: Total,349,341,8
S01012706,Economically active: Employee: Total,284,277,7
S01012706,Economically active: Employee: Part-time (1),88,84,4
S01012706,Economically active: Employee: Full-time (1),196,193,3
S01012706,Economically active: Self-employed: Total,25,25,0
S01012706,Economically active: Self-employed: Part-time (1),7,7,0
S01012706,Economically active: Self-employed: Full-time (1),18,18,0
S01012706,Economically active: Unemployed (1),40,39,1
S01012706,Economically inactive,208,206,2
S01012707,All people aged 16 and over,728,702,26
S01012707,Economically active: Total,531,511,20
S01012707,Economically active: Employee: Total,458,443,15
S01012707,Economically active: Employee: Part-time (1),140,137,3
S01012707,Economically active: Employee: Full-time (1),318,306,12
S01012707,Economically active: Self-employed: Total,57,53,4
S01012707,Economically active: Self-employed: Part-time (1),19,19,0
S01012707,Economically active: Self-employed: Full-time (1),38,34,4
S01012707,Economically active: Unemployed (1),16,15,1
S01012707,Economically inactive,197,191,6
S01012708,All people aged 16 and over,595,584,11
S01012708,Economically active: Total,354,346,8
S01012708,Economically active: Employee: Total,275,271,4
S01012708,Economically active: Employee: Part-time (1),73,71,2
S01012708,Economically active: Employee: Full-time (1),202,200,2
S01012708,Economically active: Self-employed: Total,25,25,0
S01012708,Economically active: Self-employed: Part-time (1),3,3,0
S01012708,Economically active: Self-employed: Full-time (1),22,22,0
S01012708,Economically active: Unemployed (1),54,50,4
S01012708,Economically inactive,241,238,3
S01012709,All people aged 16 and over,430,415,15
S01012709,Economically active: Total,238,230,8
S01012709,Economically active: Employee: Total,202,196,6
S01012709,Economically active: Employee: Part-time (1),64,62,2
S01012709,Economically active: Employee: Full-time (1),138,134,4
S01012709,Economically active: Self-employed: Total,15,14,1
S01012709,Economically active: Self-employed: Part-time (1),2,1,1
S01012709,Economically active: Self-employed: Full-time (1),13,13,0
S01012709,Economically active: Unemployed (1),21,20,1
S01012709,Economically inactive,192,185,7
S01012710,All people aged 16 and over,605,587,18
S01012710,Economically active: Total,367,354,13
S01012710,Economically active: Employee: Total,305,295,10
S01012710,Economically active: Employee: Part-time (1),85,83,2
S01012710,Economically active: Employee: Full-time (1),220,212,8
S01012710,Economically active: Self-employed: Total,33,31,2
S01012710,Economically active: Self-employed: Part-time (1),5,4,1
S01012710,Economically active: Self-employed: Full-time (1),28,27,1
S01012710,Economically active: Unemployed (1),29,28,1
S01012710,Economically inactive,238,233,5
S01012711,All people aged 16 and over,716,701,15
S01012711,Economically active: Total,396,385,11
S01012711,Economically active: Employee: Total,308,300,8
S01012711,Economically active: Employee: Part-time (1),92,85,7
S01012711,Economically active: Employee: Full-time (1),216,215,1
S01012711,Economically active: Self-employed: Total,25,24,1
S01012711,Economically active: Self-employed: Part-time (1),12,11,1
S01012711,Economically active: Self-employed: Full-time (1),13,13,0
S01012711,Economically active: Unemployed (1),63,61,2
S01012711,Economically inactive,320,316,4
S01012712,All people aged 16 and over,695,668,27
S01012712,Economically active: Total,394,379,15
S01012712,Economically active: Employee: Total,328,317,11
S01012712,Economically active: Employee: Part-time (1),93,89,4
S01012712,Economically active: Employee: Full-time (1),235,228,7
S01012712,Economically active: Self-employed: Total,39,35,4
S01012712,Economically active: Self-employed: Part-time (1),7,6,1
S01012712,Economically active: Self-employed: Full-time (1),32,29,3
S01012712,Economically active: Unemployed (1),27,27,0
S01012712,Economically inactive,301,289,12
S01012713,All people aged 16 and over,614,590,24
S01012713,Economically active: Total,347,329,18
S01012713,Economically active: Employee: Total,294,282,12
S01012713,Economically active: Employee: Part-time (1),70,68,2
S01012713,Economically active: Employee: Full-time (1),224,214,10
S01012713,Economically active: Self-employed: Total,36,33,3
S01012713,Economically active: Self-employed: Part-time (1),11,10,1
S01012713,Economically active: Self-employed: Full-time (1),25,23,2
S01012713,Economically active: Unemployed (1),17,14,3
S01012713,Economically inactive,267,261,6
S01012714,All people aged 16 and over,516,501,15
S01012714,Economically active: Total,278,269,9
S01012714,Economically active: Employee: Total,235,229,6
S01012714,Economically active: Employee: Part-time (1),67,65,2
S01012714,Economically active: Employee: Full-time (1),168,164,4
S01012714,Economically active: Self-employed: Total,33,32,1
S01012714,Economically active: Self-employed: Part-time (1),6,6,0
S01012714,Economically active: Self-employed: Full-time (1),27,26,1
S01012714,Economically active: Unemployed (1),10,8,2
S01012714,Economically inactive,238,232,6
S01012715,All people aged 16 and over,624,586,38
S01012715,Economically active: Total,370,338,32
S01012715,Economically active: Employee: Total,306,276,30
S01012715,Economically active: Employee: Part-time (1),69,64,5
S01012715,Economically active: Employee: Full-time (1),237,212,25
S01012715,Economically active: Self-employed: Total,27,26,1
S01012715,Economically active: Self-employed: Part-time (1),8,7,1
S01012715,Economically active: Self-employed: Full-time (1),19,19,0
S01012715,Economically active: Unemployed (1),37,36,1
S01012715,Economically inactive,254,248,6
S01012716,All people aged 16 and over,739,709,30
S01012716,Economically active: Total,394,378,16
S01012716,Economically active: Employee: Total,301,291,10
S01012716,Economically active: Employee: Part-time (1),84,80,4
S01012716,Economically active: Employee: Full-time (1),217,211,6
S01012716,Economically active: Self-employed: Total,73,68,5
S01012716,Economically active: Self-employed: Part-time (1),17,13,4
S01012716,Economically active: Self-employed: Full-time (1),56,55,1
S01012716,Economically active: Unemployed (1),20,19,1
S01012716,Economically inactive,345,331,14
S01012717,All people aged 16 and over,869,826,43
S01012717,Economically active: Total,483,450,33
S01012717,Economically active: Employee: Total,387,356,31
S01012717,Economically active: Employee: Part-time (1),77,73,4
S01012717,Economically active: Employee: Full-time (1),310,283,27
S01012717,Economically active: Self-employed: Total,47,47,0
S01012717,Economically active: Self-employed: Part-time (1),13,13,0
S01012717,Economically active: Self-employed: Full-time (1),34,34,0
S01012717,Economically active: Unemployed (1),49,47,2
S01012717,Economically inactive,386,376,10
S01012718,All people aged 16 and over,868,807,61
S01012718,Economically active: Total,509,460,49
S01012718,Economically active: Employee: Total,410,375,35
S01012718,Economically active: Employee: Part-time (1),85,82,3
S01012718,Economically active: Employee: Full-time (1),325,293,32
S01012718,Economically active: Self-employed: Total,60,52,8
S01012718,Economically active: Self-employed: Part-time (1),18,17,1
S01012718,Economically active: Self-employed: Full-time (1),42,35,7
S01012718,Economically active: Unemployed (1),39,33,6
S01012718,Economically inactive,359,347,12
S01012719,All people aged 16 and over,695,629,66
S01012719,Economically active: Total,452,404,48
S01012719,Economically active: Employee: Total,365,330,35
S01012719,Economically active: Employee: Part-time (1),75,67,8
S01012719,Economically active: Employee: Full-time (1),290,263,27
S01012719,Economically active: Self-employed: Total,46,38,8
S01012719,Economically active: Self-employed: Part-time (1),7,4,3
S01012719,Economically active: Self-employed: Full-time (1),39,34,5
S01012719,Economically active: Unemployed (1),41,36,5
S01012719,Economically inactive,243,225,18
S01012720,All people aged 16 and over,464,415,49
S01012720,Economically active: Total,347,310,37
S01012720,Economically active: Employee: Total,283,257,26
S01012720,Economically active: Employee: Part-time (1),51,47,4
S01012720,Economically active: Employee: Full-time (1),232,210,22
S01012720,Economically active: Self-employed: Total,35,27,8
S01012720,Economically active: Self-employed: Part-time (1),7,5,2
S01012720,Economically active: Self-employed: Full-time (1),28,22,6
S01012720,Economically active: Unemployed (1),29,26,3
S01012720,Economically inactive,117,105,12
S01012721,All people aged 16 and over,538,515,23
S01012721,Economically active: Total,323,307,16
S01012721,Economically active: Employee: Total,279,266,13
S01012721,Economically active: Employee: Part-time (1),71,67,4
S01012721,Economically active: Employee: Full-time (1),208,199,9
S01012721,Economically active: Self-employed: Total,28,25,3
S01012721,Economically active: Self-employed: Part-time (1),7,7,0
S01012721,Economically active: Self-employed: Full-time (1),21,18,3
S01012721,Economically active: Unemployed (1),16,16,0
S01012721,Economically inactive,215,208,7
S01012722,All people aged 16 and over,631,604,27
S01012722,Economically active: Total,327,309,18
S01012722,Economically active: Employee: Total,257,246,11
S01012722,Economically active: Employee: Part-time (1),63,60,3
S01012722,Economically active: Employee: Full-time (1),194,186,8
S01012722,Economically active: Self-employed: Total,19,18,1
S01012722,Economically active: Self-employed: Part-time (1),4,4,0
S01012722,Economically active: Self-employed: Full-time (1),15,14,1
S01012722,Economically active: Unemployed (1),51,45,6
S01012722,Economically inactive,304,295,9
S01012723,All people aged 16 and over,572,558,14
S01012723,Economically active: Total,329,317,12
S01012723,Economically active: Employee: Total,250,242,8
S01012723,Economically active: Employee: Part-time (1),76,74,2
S01012723,Economically active: Employee: Full-time (1),174,168,6
S01012723,Economically active: Self-employed: Total,41,40,1
S01012723,Economically active: Self-employed: Part-time (1),15,15,0
S01012723,Economically active: Self-employed: Full-time (1),26,25,1
S01012723,Economically active: Unemployed (1),38,35,3
S01012723,Economically inactive,243,241,2
S01012724,All people aged 16 and over,631,598,33
S01012724,Economically active: Total,384,360,24
S01012724,Economically active: Employee: Total,319,300,19
S01012724,Economically active: Employee: Part-time (1),75,69,6
S01012724,Economically active: Employee: Full-time (1),244,231,13
S01012724,Economically active: Self-employed: Total,43,38,5
S01012724,Economically active: Self-employed: Part-time (1),11,11,0
S01012724,Economically active: Self-employed: Full-time (1),32,27,5
S01012724,Economically active: Unemployed (1),22,22,0
S01012724,Economically inactive,247,238,9
S01012725,All people aged 16 and over,767,702,65
S01012725,Economically active: Total,513,464,49
S01012725,Economically active: Employee: Total,428,389,39
S01012725,Economically active: Employee: Part-time (1),97,89,8
S01012725,Economically active: Employee: Full-time (1),331,300,31
S01012725,Economically active: Self-employed: Total,46,41,5
S01012725,Economically active: Self-employed: Part-time (1),11,8,3
S01012725,Economically active: Self-employed: Full-time (1),35,33,2
S01012725,Economically active: Unemployed (1),39,34,5
S01012725,Economically inactive,254,238,16
S01012726,All people aged 16 and over,519,506,13
S01012726,Economically active: Total,283,275,8
S01012726,Economically active: Employee: Total,225,221,4
S01012726,Economically active: Employee: Part-time (1),55,54,1
S01012726,Economically active: Employee: Full-time (1),170,167,3
S01012726,Economically active: Self-employed: Total,26,24,2
S01012726,Economically active: Self-employed: Part-time (1),7,6,1
S01012726,Economically active: Self-employed: Full-time (1),19,18,1
S01012726,Economically active: Unemployed (1),32,30,2
S01012726,Economically inactive,236,231,5
S01012727,All people aged 16 and over,566,549,17
S01012727,Economically active: Total,335,322,13
S01012727,Economically active: Employee: Total,247,236,11
S01012727,Economically active: Employee: Part-time (1),76,75,1
S01012727,Economically active: Employee: Full-time (1),171,161,10
S01012727,Economically active: Self-employed: Total,25,24,1
S01012727,Economically active: Self-employed: Part-time (1),7,7,0
S01012727,Economically active: Self-employed: Full-time (1),18,17,1
S01012727,Economically active: Unemployed (1),63,62,1
S01012727,Economically inactive,231,227,4
S01012728,All people aged 16 and over,572,542,30
S01012728,Economically active: Total,346,325,21
S01012728,Economically active: Employee: Total,264,247,17
S01012728,Economically active: Employee: Part-time (1),92,86,6
S01012728,Economically active: Employee: Full-time (1),172,161,11
S01012728,Economically active: Self-employed: Total,22,21,1
S01012728,Economically active: Self-employed: Part-time (1),6,6,0
S01012728,Economically active: Self-employed: Full-time (1),16,15,1
S01012728,Economically active: Unemployed (1),60,57,3
S01012728,Economically inactive,226,217,9
S01012729,All people aged 16 and over,671,642,29
S01012729,Economically active: Total,463,439,24
S01012729,Economically active: Employee: Total,391,374,17
S01012729,Economically active: Employee: Part-time (1),96,92,4
S01012729,Economically active: Employee: Full-time (1),295,282,13
S01012729,Economically active: Self-employed: Total,42,37,5
S01012729,Economically active: Self-employed: Part-time (1),10,8,2
S01012729,Economically active: Self-employed: Full-time (1),32,29,3
S01012729,Economically active: Unemployed (1),30,28,2
S01012729,Economically inactive,208,203,5
S01012730,All people aged 16 and over,451,443,8
S01012730,Economically active: Total,291,284,7
S01012730,Economically active: Employee: Total,239,235,4
S01012730,Economically active: Employee: Part-time (1),65,65,0
S01012730,Economically active: Employee: Full-time (1),174,170,4
S01012730,Economically active: Self-employed: Total,17,15,2
S01012730,Economically active: Self-employed: Part-time (1),5,4,1
S01012730,Economically active: Self-employed: Full-time (1),12,11,1
S01012730,Economically active: Unemployed (1),35,34,1
S01012730,Economically inactive,160,159,1
S01012731,All people aged 16 and over,626,605,21
S01012731,Economically active: Total,381,371,10
S01012731,Economically active: Employee: Total,325,319,6
S01012731,Economically active: Employee: Part-time (1),88,87,1
S01012731,Economically active: Employee: Full-time (1),237,232,5
S01012731,Economically active: Self-employed: Total,24,21,3
S01012731,Economically active: Self-employed: Part-time (1),11,10,1
S01012731,Economically active: Self-employed: Full-time (1),13,11,2
S01012731,Economically active: Unemployed (1),32,31,1
S01012731,Economically inactive,245,234,11
S01012732,All people aged 16 and over,550,540,10
S01012732,Economically active: Total,349,340,9
S01012732,Economically active: Employee: Total,289,283,6
S01012732,Economically active: Employee: Part-time (1),86,85,1
S01012732,Economically active: Employee: Full-time (1),203,198,5
S01012732,Economically active: Self-employed: Total,21,20,1
S01012732,Economically active: Self-employed: Part-time (1),6,5,1
S01012732,Economically active: Self-employed: Full-time (1),15,15,0
S01012732,Economically active: Unemployed (1),39,37,2
S01012732,Economically inactive,201,200,1
S01012733,All people aged 16 and over,764,732,32
S01012733,Economically active: Total,657,632,25
S01012733,Economically active: Employee: Total,547,526,21
S01012733,Economically active: Employee: Part-time (1),116,110,6
S01012733,Economically active: Employee: Full-time (1),431,416,15
S01012733,Economically active: Self-employed: Total,86,83,3
S01012733,Economically active: Self-employed: Part-time (1),14,14,0
S01012733,Economically active: Self-employed: Full-time (1),72,69,3
S01012733,Economically active: Unemployed (1),24,23,1
S01012733,Economically inactive,107,100,7
S01012734,All people aged 16 and over,425,400,25
S01012734,Economically active: Total,358,339,19
S01012734,Economically active: Employee: Total,303,287,16
S01012734,Economically active: Employee: Part-time (1),66,61,5
S01012734,Economically active: Employee: Full-time (1),237,226,11
S01012734,Economically active: Self-employed: Total,40,37,3
S01012734,Economically active: Self-employed: Part-time (1),2,2,0
S01012734,Economically active: Self-employed: Full-time (1),38,35,3
S01012734,Economically active: Unemployed (1),15,15,0
S01012734,Economically inactive,67,61,6
S01012735,All people aged 16 and over,401,392,9
S01012735,Economically active: Total,231,223,8
S01012735,Economically active: Employee: Total,198,192,6
S01012735,Economically active: Employee: Part-time (1),45,45,0
S01012735,Economically active: Employee: Full-time (1),153,147,6
S01012735,Economically active: Self-employed: Total,10,9,1
S01012735,Economically active: Self-employed: Part-time (1),1,0,1
S01012735,Economically active: Self-employed: Full-time (1),9,9,0
S01012735,Economically active: Unemployed (1),23,22,1
S01012735,Economically inactive,170,169,1
S01012736,All people aged 16 and over,739,711,28
S01012736,Economically active: Total,521,495,26
S01012736,Economically active: Employee: Total,454,434,20
S01012736,Economically active: Employee: Part-time (1),100,99,1
S01012736,Economically active: Employee: Full-time (1),354,335,19
S01012736,Economically active: Self-employed: Total,31,30,1
S01012736,Economically active: Self-employed: Part-time (1),11,10,1
S01012736,Economically active: Self-employed: Full-time (1),20,20,0
S01012736,Economically active: Unemployed (1),36,31,5
S01012736,Economically inactive,218,216,2
S01012737,All people aged 16 and over,634,601,33
S01012737,Economically active: Total,466,444,22
S01012737,Economically active: Employee: Total,403,386,17
S01012737,Economically active: Employee: Part-time (1),77,73,4
S01012737,Economically active: Employee: Full-time (1),326,313,13
S01012737,Economically active: Self-employed: Total,46,43,3
S01012737,Economically active: Self-employed: Part-time (1),9,9,0
S01012737,Economically active: Self-employed: Full-time (1),37,34,3
S01012737,Economically active: Unemployed (1),17,15,2
S01012737,Economically inactive,168,157,11
S01012738,All people aged 16 and over,506,485,21
S01012738,Economically active: Total,320,306,14
S01012738,Economically active: Employee: Total,270,262,8
S01012738,Economically active: Employee: Part-time (1),78,74,4
S01012738,Economically active: Employee: Full-time (1),192,188,4
S01012738,Economically active: Self-employed: Total,29,25,4
S01012738,Economically active: Self-employed: Part-time (1),8,8,0
S01012738,Economically active: Self-employed: Full-time (1),21,17,4
S01012738,Economically active: Unemployed (1),21,19,2
S01012738,Economically inactive,186,179,7
S01012739,All people aged 16 and over,614,557,57
S01012739,Economically active: Total,527,487,40
S01012739,Economically active: Employee: Total,429,403,26
S01012739,Economically active: Employee: Part-time (1),103,96,7
S01012739,Economically active: Employee: Full-time (1),326,307,19
S01012739,Economically active: Self-employed: Total,72,60,12
S01012739,Economically active: Self-employed: Part-time (1),12,11,1
S01012739,Economically active: Self-employed: Full-time (1),60,49,11
S01012739,Economically active: Unemployed (1),26,24,2
S01012739,Economically inactive,87,70,17
S01012740,All people aged 16 and over,624,589,35
S01012740,Economically active: Total,524,494,30
S01012740,Economically active: Employee: Total,430,408,22
S01012740,Economically active: Employee: Part-time (1),90,85,5
S01012740,Economically active: Employee: Full-time (1),340,323,17
S01012740,Economically active: Self-employed: Total,71,64,7
S01012740,Economically active: Self-employed: Part-time (1),13,12,1
S01012740,Economically active: Self-employed: Full-time (1),58,52,6
S01012740,Economically active: Unemployed (1),23,22,1
S01012740,Economically inactive,100,95,5
S01012741,All people aged 16 and over,489,478,11
S01012741,Economically active: Total,385,377,8
S01012741,Economically active: Employee: Total,335,328,7
S01012741,Economically active: Employee: Part-time (1),67,64,3
S01012741,Economically active: Employee: Full-time (1),268,264,4
S01012741,Economically active: Self-employed: Total,37,37,0
S01012741,Economically active: Self-employed: Part-time (1),5,5,0
S01012741,Economically active: Self-employed: Full-time (1),32,32,0
S01012741,Economically active: Unemployed (1),13,12,1
S01012741,Economically inactive,104,101,3
S01012742,All people aged 16 and over,593,564,29
S01012742,Economically active: Total,398,379,19
S01012742,Economically active: Employee: Total,347,333,14
S01012742,Economically active: Employee: Part-time (1),89,86,3
S01012742,Economically active: Employee: Full-time (1),258,247,11
S01012742,Economically active: Self-employed: Total,41,37,4
S01012742,Economically active: Self-employed: Part-time (1),13,11,2
S01012742,Economically active: Self-employed: Full-time (1),28,26,2
S01012742,Economically active: Unemployed (1),10,9,1
S01012742,Economically inactive,195,185,10
S01012743,All people aged 16 and over,506,497,9
S01012743,Economically active: Total,334,331,3
S01012743,Economically active: Employee: Total,291,288,3
S01012743,Economically active: Employee: Part-time (1),85,85,0
S01012743,Economically active: Employee: Full-time (1),206,203,3
S01012743,Economically active: Self-employed: Total,32,32,0
S01012743,Economically active: Self-employed: Part-time (1),11,11,0
S01012743,Economically active: Self-employed: Full-time (1),21,21,0
S01012743,Economically active: Unemployed (1),11,11,0
S01012743,Economically inactive,172,166,6
S01012744,All people aged 16 and over,575,556,19
S01012744,Economically active: Total,441,425,16
S01012744,Economically active: Employee: Total,393,379,14
S01012744,Economically active: Employee: Part-time (1),85,84,1
S01012744,Economically active: Employee: Full-time (1),308,295,13
S01012744,Economically active: Self-employed: Total,35,34,1
S01012744,Economically active: Self-employed: Part-time (1),7,6,1
S01012744,Economically active: Self-employed: Full-time (1),28,28,0
S01012744,Economically active: Unemployed (1),13,12,1
S01012744,Economically inactive,134,131,3
S01012745,All people aged 16 and over,602,572,30
S01012745,Economically active: Total,373,352,21
S01012745,Economically active: Employee: Total,319,305,14
S01012745,Economically active: Employee: Part-time (1),74,70,4
S01012745,Economically active: Employee: Full-time (1),245,235,10
S01012745,Economically active: Self-employed: Total,37,33,4
S01012745,Economically active: Self-employed: Part-time (1),5,4,1
S01012745,Economically active: Self-employed: Full-time (1),32,29,3
S01012745,Economically active: Unemployed (1),17,14,3
S01012745,Economically inactive,229,220,9
S01012746,All people aged 16 and over,630,604,26
S01012746,Economically active: Total,474,456,18
S01012746,Economically active: Employee: Total,406,390,16
S01012746,Economically active: Employee: Part-time (1),93,90,3
S01012746,Economically active: Employee: Full-time (1),313,300,13
S01012746,Economically active: Self-employed: Total,44,43,1
S01012746,Economically active: Self-employed: Part-time (1),9,9,0
S01012746,Economically active: Self-employed: Full-time (1),35,34,1
S01012746,Economically active: Unemployed (1),24,23,1
S01012746,Economically inactive,156,148,8
S01012747,All people aged 16 and over,684,660,24
S01012747,Economically active: Total,432,413,19
S01012747,Economically active: Employee: Total,347,335,12
S01012747,Economically active: Employee: Part-time (1),90,88,2
S01012747,Economically active: Employee: Full-time (1),257,247,10
S01012747,Economically active: Self-employed: Total,33,30,3
S01012747,Economically active: Self-employed: Part-time (1),9,9,0
S01012747,Economically active: Self-employed: Full-time (1),24,21,3
S01012747,Economically active: Unemployed (1),52,48,4
S01012747,Economically inactive,252,247,5
S01012748,All people aged 16 and over,648,627,21
S01012748,Economically active: Total,372,360,12
S01012748,Economically active: Employee: Total,283,275,8
S01012748,Economically active: Employee: Part-time (1),98,96,2
S01012748,Economically active: Employee: Full-time (1),185,179,6
S01012748,Economically active: Self-employed: Total,30,27,3
S01012748,Economically active: Self-employed: Part-time (1),8,6,2
S01012748,Economically active: Self-employed: Full-time (1),22,21,1
S01012748,Economically active: Unemployed (1),59,58,1
S01012748,Economically inactive,276,267,9
S01012749,All people aged 16 and over,685,627,58
S01012749,Economically active: Total,428,384,44
S01012749,Economically active: Employee: Total,307,271,36
S01012749,Economically active: Employee: Part-time (1),86,77,9
S01012749,Economically active: Employee: Full-time (1),221,194,27
S01012749,Economically active: Self-employed: Total,39,33,6
S01012749,Economically active: Self-employed: Part-time (1),12,9,3
S01012749,Economically active: Self-employed: Full-time (1),27,24,3
S01012749,Economically active: Unemployed (1),82,80,2
S01012749,Economically inactive,257,243,14
S01012750,All people aged 16 and over,615,561,54
S01012750,Economically active: Total,402,359,43
S01012750,Economically active: Employee: Total,315,283,32
S01012750,Economically active: Employee: Part-time (1),113,104,9
S01012750,Economically active: Employee: Full-time (1),202,179,23
S01012750,Economically active: Self-employed: Total,23,22,1
S01012750,Economically active: Self-employed: Part-time (1),7,7,0
S01012750,Economically active: Self-employed: Full-time (1),16,15,1
S01012750,Economically active: Unemployed (1),64,54,10
S01012750,Economically inactive,213,202,11
S01012751,All people aged 16 and over,706,683,23
S01012751,Economically active: Total,379,364,15
S01012751,Economically active: Employee: Total,307,294,13
S01012751,Economically active: Employee: Part-time (1),80,77,3
S01012751,Economically active: Employee: Full-time (1),227,217,10
S01012751,Economically active: Self-employed: Total,28,27,1
S01012751,Economically active: Self-employed: Part-time (1),11,10,1
S01012751,Economically active: Self-employed: Full-time (1),17,17,0
S01012751,Economically active: Unemployed (1),44,43,1
S01012751,Economically inactive,327,319,8
S01012752,All people aged 16 and over,670,651,19
S01012752,Economically active: Total,451,442,9
S01012752,Economically active: Employee: Total,367,362,5
S01012752,Economically active: Employee: Part-time (1),95,95,0
S01012752,Economically active: Employee: Full-time (1),272,267,5
S01012752,Economically active: Self-employed: Total,37,35,2
S01012752,Economically active: Self-employed: Part-time (1),5,5,0
S01012752,Economically active: Self-employed: Full-time (1),32,30,2
S01012752,Economically active: Unemployed (1),47,45,2
S01012752,Economically inactive,219,209,10
S01012753,All people aged 16 and over,386,377,9
S01012753,Economically active: Total,227,225,2
S01012753,Economically active: Employee: Total,182,180,2
S01012753,Economically active: Employee: Part-time (1),62,61,1
S01012753,Economically active: Employee: Full-time (1),120,119,1
S01012753,Economically active: Self-employed: Total,15,15,0
S01012753,Economically active: Self-employed: Part-time (1),5,5,0
S01012753,Economically active: Self-employed: Full-time (1),10,10,0
S01012753,Economically active: Unemployed (1),30,30,0
S01012753,Economically inactive,159,152,7
S01012754,All people aged 16 and over,476,470,6
S01012754,Economically active: Total,280,276,4
S01012754,Economically active: Employee: Total,220,216,4
S01012754,Economically active: Employee: Part-time (1),51,50,1
S01012754,Economically active: Employee: Full-time (1),169,166,3
S01012754,Economically active: Self-employed: Total,24,24,0
S01012754,Economically active: Self-employed: Part-time (1),9,9,0
S01012754,Economically active: Self-employed: Full-time (1),15,15,0
S01012754,Economically active: Unemployed (1),36,36,0
S01012754,Economically inactive,196,194,2
S01012755,All people aged 16 and over,442,430,12
S01012755,Economically active: Total,217,207,10
S01012755,Economically active: Employee: Total,165,158,7
S01012755,Economically active: Employee: Part-time (1),53,51,2
S01012755,Economically active: Employee: Full-time (1),112,107,5
S01012755,Economically active: Self-employed: Total,9,7,2
S01012755,Economically active: Self-employed: Part-time (1),4,3,1
S01012755,Economically active: Self-employed: Full-time (1),5,4,1
S01012755,Economically active: Unemployed (1),43,42,1
S01012755,Economically inactive,225,223,2
S01012756,All people aged 16 and over,460,448,12
S01012756,Economically active: Total,220,213,7
S01012756,Economically active: Employee: Total,183,178,5
S01012756,Economically active: Employee: Part-time (1),42,40,2
S01012756,Economically active: Employee: Full-time (1),141,138,3
S01012756,Economically active: Self-employed: Total,22,22,0
S01012756,Economically active: Self-employed: Part-time (1),3,3,0
S01012756,Economically active: Self-employed: Full-time (1),19,19,0
S01012756,Economically active: Unemployed (1),15,13,2
S01012756,Economically inactive,240,235,5
S01012757,All people aged 16 and over,400,391,9
S01012757,Economically active: Total,229,222,7
S01012757,Economically active: Employee: Total,193,186,7
S01012757,Economically active: Employee: Part-time (1),56,55,1
S01012757,Economically active: Employee: Full-time (1),137,131,6
S01012757,Economically active: Self-employed: Total,17,17,0
S01012757,Economically active: Self-employed: Part-time (1),3,3,0
S01012757,Economically active: Self-employed: Full-time (1),14,14,0
S01012757,Economically active: Unemployed (1),19,19,0
S01012757,Economically inactive,171,169,2
S01012758,All people aged 16 and over,499,477,22
S01012758,Economically active: Total,296,278,18
S01012758,Economically active: Employee: Total,237,227,10
S01012758,Economically active: Employee: Part-time (1),65,64,1
S01012758,Economically active: Employee: Full-time (1),172,163,9
S01012758,Economically active: Self-employed: Total,28,25,3
S01012758,Economically active: Self-employed: Part-time (1),5,5,0
S01012758,Economically active: Self-employed: Full-time (1),23,20,3
S01012758,Economically active: Unemployed (1),31,26,5
S01012758,Economically inactive,203,199,4
S01012759,All people aged 16 and over,585,578,7
S01012759,Economically active: Total,345,342,3
S01012759,Economically active: Employee: Total,278,276,2
S01012759,Economically active: Employee: Part-time (1),88,88,0
S01012759,Economically active: Employee: Full-time (1),190,188,2
S01012759,Economically active: Self-employed: Total,24,23,1
S01012759,Economically active: Self-employed: Part-time (1),6,6,0
S01012759,Economically active: Self-employed: Full-time (1),18,17,1
S01012759,Economically active: Unemployed (1),43,43,0
S01012759,Economically inactive,240,236,4
S01012760,All people aged 16 and over,784,757,27
S01012760,Economically active: Total,438,423,15
S01012760,Economically active: Employee: Total,342,331,11
S01012760,Economically active: Employee: Part-time (1),102,99,3
S01012760,Economically active: Employee: Full-time (1),240,232,8
S01012760,Economically active: Self-employed: Total,25,24,1
S01012760,Economically active: Self-employed: Part-time (1),7,7,0
S01012760,Economically active: Self-employed: Full-time (1),18,17,1
S01012760,Economically active: Unemployed (1),71,68,3
S01012760,Economically inactive,346,334,12
S01012761,All people aged 16 and over,654,632,22
S01012761,Economically active: Total,418,404,14
S01012761,Economically active: Employee: Total,341,329,12
S01012761,Economically active: Employee: Part-time (1),86,82,4
S01012761,Economically active: Employee: Full-time (1),255,247,8
S01012761,Economically active: Self-employed: Total,34,33,1
S01012761,Economically active: Self-employed: Part-time (1),9,9,0
S01012761,Economically active: Self-employed: Full-time (1),25,24,1
S01012761,Economically active: Unemployed (1),43,42,1
S01012761,Economically inactive,236,228,8
S01012762,All people aged 16 and over,609,589,20
S01012762,Economically active: Total,372,360,12
S01012762,Economically active: Employee: Total,325,314,11
S01012762,Economically active: Employee: Part-time (1),82,78,4
S01012762,Economically active: Employee: Full-time (1),243,236,7
S01012762,Economically active: Self-employed: Total,28,27,1
S01012762,Economically active: Self-employed: Part-time (1),7,7,0
S01012762,Economically active: Self-employed: Full-time (1),21,20,1
S01012762,Economically active: Unemployed (1),19,19,0
S01012762,Economically inactive,237,229,8
S01012763,All people aged 16 and over,349,343,6
S01012763,Economically active: Total,210,206,4
S01012763,Economically active: Employee: Total,183,179,4
S01012763,Economically active: Employee: Part-time (1),50,49,1
S01012763,Economically active: Employee: Full-time (1),133,130,3
S01012763,Economically active: Self-employed: Total,11,11,0
S01012763,Economically active: Self-employed: Part-time (1),2,2,0
S01012763,Economically active: Self-employed: Full-time (1),9,9,0
S01012763,Economically active: Unemployed (1),16,16,0
S01012763,Economically inactive,139,137,2
S01012764,All people aged 16 and over,623,611,12
S01012764,Economically active: Total,372,362,10
S01012764,Economically active: Employee: Total,305,297,8
S01012764,Economically active: Employee: Part-time (1),77,73,4
S01012764,Economically active: Employee: Full-time (1),228,224,4
S01012764,Economically active: Self-employed: Total,26,25,1
S01012764,Economically active: Self-employed: Part-time (1),6,6,0
S01012764,Economically active: Self-employed: Full-time (1),20,19,1
S01012764,Economically active: Unemployed (1),41,40,1
S01012764,Economically inactive,251,249,2
S01012765,All people aged 16 and over,586,565,21
S01012765,Economically active: Total,379,362,17
S01012765,Economically active: Employee: Total,319,306,13
S01012765,Economically active: Employee: Part-time (1),90,87,3
S01012765,Economically active: Employee: Full-time (1),229,219,10
S01012765,Economically active: Self-employed: Total,27,24,3
S01012765,Economically active: Self-employed: Part-time (1),5,5,0
S01012765,Economically active: Self-employed: Full-time (1),22,19,3
S01012765,Economically active: Unemployed (1),33,32,1
S01012765,Economically inactive,207,203,4
S01012766,All people aged 16 and over,693,678,15
S01012766,Economically active: Total,470,456,14
S01012766,Economically active: Employee: Total,393,379,14
S01012766,Economically active: Employee: Part-time (1),107,105,2
S01012766,Economically active: Employee: Full-time (1),286,274,12
S01012766,Economically active: Self-employed: Total,37,37,0
S01012766,Economically active: Self-employed: Part-time (1),11,11,0
S01012766,Economically active: Self-employed: Full-time (1),26,26,0
S01012766,Economically active: Unemployed (1),40,40,0
S01012766,Economically inactive,223,222,1
S01012767,All people aged 16 and over,483,482,1
S01012767,Economically active: Total,323,322,1
S01012767,Economically active: Employee: Total,279,278,1
S01012767,Economically active: Employee: Part-time (1),69,69,0
S01012767,Economically active: Employee: Full-time (1),210,209,1
S01012767,Economically active: Self-employed: Total,30,30,0
S01012767,Economically active: Self-employed: Part-time (1),8,8,0
S01012767,Economically active: Self-employed: Full-time (1),22,22,0
S01012767,Economically active: Unemployed (1),14,14,0
S01012767,Economically inactive,160,160,0
S01012768,All people aged 16 and over,616,605,11
S01012768,Economically active: Total,433,426,7
S01012768,Economically active: Employee: Total,384,379,5
S01012768,Economically active: Employee: Part-time (1),105,103,2
S01012768,Economically active: Employee: Full-time (1),279,276,3
S01012768,Economically active: Self-employed: Total,33,31,2
S01012768,Economically active: Self-employed: Part-time (1),6,6,0
S01012768,Economically active: Self-employed: Full-time (1),27,25,2
S01012768,Economically active: Unemployed (1),16,16,0
S01012768,Economically inactive,183,179,4
S01012769,All people aged 16 and over,358,351,7
S01012769,Economically active: Total,251,244,7
S01012769,Economically active: Employee: Total,209,203,6
S01012769,Economically active: Employee: Part-time (1),47,47,0
S01012769,Economically active: Employee: Full-time (1),162,156,6
S01012769,Economically active: Self-employed: Total,36,35,1
S01012769,Economically active: Self-employed: Part-time (1),8,8,0
S01012769,Economically active: Self-employed: Full-time (1),28,27,1
S01012769,Economically active: Unemployed (1),6,6,0
S01012769,Economically inactive,107,107,0
S01012770,All people aged 16 and over,698,677,21
S01012770,Economically active: Total,431,418,13
S01012770,Economically active: Employee: Total,354,346,8
S01012770,Economically active: Employee: Part-time (1),85,84,1
S01012770,Economically active: Employee: Full-time (1),269,262,7
S01012770,Economically active: Self-employed: Total,39,37,2
S01012770,Economically active: Self-employed: Part-time (1),7,7,0
S01012770,Economically active: Self-employed: Full-time (1),32,30,2
S01012770,Economically active: Unemployed (1),38,35,3
S01012770,Economically inactive,267,259,8
S01012771,All people aged 16 and over,602,588,14
S01012771,Economically active: Total,372,363,9
S01012771,Economically active: Employee: Total,305,297,8
S01012771,Economically active: Employee: Part-time (1),79,76,3
S01012771,Economically active: Employee: Full-time (1),226,221,5
S01012771,Economically active: Self-employed: Total,30,29,1
S01012771,Economically active: Self-employed: Part-time (1),10,9,1
S01012771,Economically active: Self-employed: Full-time (1),20,20,0
S01012771,Economically active: Unemployed (1),37,37,0
S01012771,Economically inactive,230,225,5
S01012772,All people aged 16 and over,544,537,7
S01012772,Economically active: Total,333,328,5
S01012772,Economically active: Employee: Total,270,266,4
S01012772,Economically active: Employee: Part-time (1),100,99,1
S01012772,Economically active: Employee: Full-time (1),170,167,3
S01012772,Economically active: Self-employed: Total,23,23,0
S01012772,Economically active: Self-employed: Part-time (1),6,6,0
S01012772,Economically active: Self-employed: Full-time (1),17,17,0
S01012772,Economically active: Unemployed (1),40,39,1
S01012772,Economically inactive,211,209,2
S01012773,All people aged 16 and over,731,712,19
S01012773,Economically active: Total,437,425,12
S01012773,Economically active: Employee: Total,358,347,11
S01012773,Economically active: Employee: Part-time (1),72,71,1
S01012773,Economically active: Employee: Full-time (1),286,276,10
S01012773,Economically active: Self-employed: Total,36,36,0
S01012773,Economically active: Self-employed: Part-time (1),9,9,0
S01012773,Economically active: Self-employed: Full-time (1),27,27,0
S01012773,Economically active: Unemployed (1),43,42,1
S01012773,Economically inactive,294,287,7
S01012774,All people aged 16 and over,745,724,21
S01012774,Economically active: Total,516,500,16
S01012774,Economically active: Employee: Total,427,414,13
S01012774,Economically active: Employee: Part-time (1),94,91,3
S01012774,Economically active: Employee: Full-time (1),333,323,10
S01012774,Economically active: Self-employed: Total,33,32,1
S01012774,Economically active: Self-employed: Part-time (1),3,3,0
S01012774,Economically active: Self-employed: Full-time (1),30,29,1
S01012774,Economically active: Unemployed (1),56,54,2
S01012774,Economically inactive,229,224,5
S01012775,All people aged 16 and over,369,362,7
S01012775,Economically active: Total,227,224,3
S01012775,Economically active: Employee: Total,179,177,2
S01012775,Economically active: Employee: Part-time (1),40,40,0
S01012775,Economically active: Employee: Full-time (1),139,137,2
S01012775,Economically active: Self-employed: Total,24,23,1
S01012775,Economically active: Self-employed: Part-time (1),3,3,0
S01012775,Economically active: Self-employed: Full-time (1),21,20,1
S01012775,Economically active: Unemployed (1),24,24,0
S01012775,Economically inactive,142,138,4
S01012776,All people aged 16 and over,637,625,12
S01012776,Economically active: Total,391,382,9
S01012776,Economically active: Employee: Total,325,319,6
S01012776,Economically active: Employee: Part-time (1),104,101,3
S01012776,Economically active: Employee: Full-time (1),221,218,3
S01012776,Economically active: Self-employed: Total,23,21,2
S01012776,Economically active: Self-employed: Part-time (1),5,5,0
S01012776,Economically active: Self-employed: Full-time (1),18,16,2
S01012776,Economically active: Unemployed (1),43,42,1
S01012776,Economically inactive,246,243,3
S01012777,All people aged 16 and over,710,687,23
S01012777,Economically active: Total,566,546,20
S01012777,Economically active: Employee: Total,485,468,17
S01012777,Economically active: Employee: Part-time (1),105,103,2
S01012777,Economically active: Employee: Full-time (1),380,365,15
S01012777,Economically active: Self-employed: Total,51,49,2
S01012777,Economically active: Self-employed: Part-time (1),10,10,0
S01012777,Economically active: Self-employed: Full-time (1),41,39,2
S01012777,Economically active: Unemployed (1),30,29,1
S01012777,Economically inactive,144,141,3
S01012778,All people aged 16 and over,543,526,17
S01012778,Economically active: Total,385,371,14
S01012778,Economically active: Employee: Total,311,299,12
S01012778,Economically active: Employee: Part-time (1),73,66,7
S01012778,Economically active: Employee: Full-time (1),238,233,5
S01012778,Economically active: Self-employed: Total,24,23,1
S01012778,Economically active: Self-employed: Part-time (1),8,8,0
S01012778,Economically active: Self-employed: Full-time (1),16,15,1
S01012778,Economically active: Unemployed (1),50,49,1
S01012778,Economically inactive,158,155,3
S01012779,All people aged 16 and over,340,324,16
S01012779,Economically active: Total,244,230,14
S01012779,Economically active: Employee: Total,189,177,12
S01012779,Economically active: Employee: Part-time (1),61,58,3
S01012779,Economically active: Employee: Full-time (1),128,119,9
S01012779,Economically active: Self-employed: Total,21,20,1
S01012779,Economically active: Self-employed: Part-time (1),7,6,1
S01012779,Economically active: Self-employed: Full-time (1),14,14,0
S01012779,Economically active: Unemployed (1),34,33,1
S01012779,Economically inactive,96,94,2
S01012780,All people aged 16 and over,567,540,27
S01012780,Economically active: Total,335,313,22
S01012780,Economically active: Employee: Total,268,247,21
S01012780,Economically active: Employee: Part-time (1),80,76,4
S01012780,Economically active: Employee: Full-time (1),188,171,17
S01012780,Economically active: Self-employed: Total,19,18,1
S01012780,Economically active: Self-employed: Part-time (1),8,8,0
S01012780,Economically active: Self-employed: Full-time (1),11,10,1
S01012780,Economically active: Unemployed (1),48,48,0
S01012780,Economically inactive,232,227,5
S01012781,All people aged 16 and over,554,533,21
S01012781,Economically active: Total,360,346,14
S01012781,Economically active: Employee: Total,300,291,9
S01012781,Economically active: Employee: Part-time (1),67,65,2
S01012781,Economically active: Employee: Full-time (1),233,226,7
S01012781,Economically active: Self-employed: Total,39,35,4
S01012781,Economically active: Self-employed: Part-time (1),15,14,1
S01012781,Economically active: Self-employed: Full-time (1),24,21,3
S01012781,Economically active: Unemployed (1),21,20,1
S01012781,Economically inactive,194,187,7
S01012782,All people aged 16 and over,509,488,21
S01012782,Economically active: Total,291,277,14
S01012782,Economically active: Employee: Total,231,218,13
S01012782,Economically active: Employee: Part-time (1),73,67,6
S01012782,Economically active: Employee: Full-time (1),158,151,7
S01012782,Economically active: Self-employed: Total,16,16,0
S01012782,Economically active: Self-employed: Part-time (1),5,5,0
S01012782,Economically active: Self-employed: Full-time (1),11,11,0
S01012782,Economically active: Unemployed (1),44,43,1
S01012782,Economically inactive,218,211,7
S01012783,All people aged 16 and over,558,539,19
S01012783,Economically active: Total,351,334,17
S01012783,Economically active: Employee: Total,269,252,17
S01012783,Economically active: Employee: Part-time (1),95,91,4
S01012783,Economically active: Employee: Full-time (1),174,161,13
S01012783,Economically active: Self-employed: Total,22,22,0
S01012783,Economically active: Self-employed: Part-time (1),6,6,0
S01012783,Economically active: Self-employed: Full-time (1),16,16,0
S01012783,Economically active: Unemployed (1),60,60,0
S01012783,Economically inactive,207,205,2
S01012784,All people aged 16 and over,629,604,25
S01012784,Economically active: Total,408,387,21
S01012784,Economically active: Employee: Total,344,328,16
S01012784,Economically active: Employee: Part-time (1),69,66,3
S01012784,Economically active: Employee: Full-time (1),275,262,13
S01012784,Economically active: Self-employed: Total,17,17,0
S01012784,Economically active: Self-employed: Part-time (1),2,2,0
S01012784,Economically active: Self-employed: Full-time (1),15,15,0
S01012784,Economically active: Unemployed (1),47,42,5
S01012784,Economically inactive,221,217,4
S01012785,All people aged 16 and over,617,581,36
S01012785,Economically active: Total,341,307,34
S01012785,Economically active: Employee: Total,260,232,28
S01012785,Economically active: Employee: Part-time (1),66,62,4
S01012785,Economically active: Employee: Full-time (1),194,170,24
S01012785,Economically active: Self-employed: Total,20,17,3
S01012785,Economically active: Self-employed: Part-time (1),7,6,1
S01012785,Economically active: Self-employed: Full-time (1),13,11,2
S01012785,Economically active: Unemployed (1),61,58,3
S01012785,Economically inactive,276,274,2
S01012786,All people aged 16 and over,589,525,64
S01012786,Economically active: Total,347,293,54
S01012786,Economically active: Employee: Total,242,193,49
S01012786,Economically active: Employee: Part-time (1),69,61,8
S01012786,Economically active: Employee: Full-time (1),173,132,41
S01012786,Economically active: Self-employed: Total,15,11,4
S01012786,Economically active: Self-employed: Part-time (1),3,2,1
S01012786,Economically active: Self-employed: Full-time (1),12,9,3
S01012786,Economically active: Unemployed (1),90,89,1
S01012786,Economically inactive,242,232,10
S01012787,All people aged 16 and over,447,428,19
S01012787,Economically active: Total,332,314,18
S01012787,Economically active: Employee: Total,293,277,16
S01012787,Economically active: Employee: Part-time (1),64,57,7
S01012787,Economically active: Employee: Full-time (1),229,220,9
S01012787,Economically active: Self-employed: Total,24,22,2
S01012787,Economically active: Self-employed: Part-time (1),6,5,1
S01012787,Economically active: Self-employed: Full-time (1),18,17,1
S01012787,Economically active: Unemployed (1),15,15,0
S01012787,Economically inactive,115,114,1
S01012788,All people aged 16 and over,495,474,21
S01012788,Economically active: Total,300,286,14
S01012788,Economically active: Employee: Total,227,219,8
S01012788,Economically active: Employee: Part-time (1),60,59,1
S01012788,Economically active: Employee: Full-time (1),167,160,7
S01012788,Economically active: Self-employed: Total,20,17,3
S01012788,Economically active: Self-employed: Part-time (1),1,1,0
S01012788,Economically active: Self-employed: Full-time (1),19,16,3
S01012788,Economically active: Unemployed (1),53,50,3
S01012788,Economically inactive,195,188,7
S01012789,All people aged 16 and over,619,577,42
S01012789,Economically active: Total,389,357,32
S01012789,Economically active: Employee: Total,317,294,23
S01012789,Economically active: Employee: Part-time (1),98,90,8
S01012789,Economically active: Employee: Full-time (1),219,204,15
S01012789,Economically active: Self-employed: Total,40,34,6
S01012789,Economically active: Self-employed: Part-time (1),11,11,0
S01012789,Economically active: Self-employed: Full-time (1),29,23,6
S01012789,Economically active: Unemployed (1),32,29,3
S01012789,Economically inactive,230,220,10
S01012790,All people aged 16 and over,507,486,21
S01012790,Economically active: Total,368,350,18
S01012790,Economically active: Employee: Total,319,301,18
S01012790,Economically active: Employee: Part-time (1),77,75,2
S01012790,Economically active: Employee: Full-time (1),242,226,16
S01012790,Economically active: Self-employed: Total,37,37,0
S01012790,Economically active: Self-employed: Part-time (1),5,5,0
S01012790,Economically active: Self-employed: Full-time (1),32,32,0
S01012790,Economically active: Unemployed (1),12,12,0
S01012790,Economically inactive,139,136,3
S01012791,All people aged 16 and over,607,589,18
S01012791,Economically active: Total,332,321,11
S01012791,Economically active: Employee: Total,284,275,9
S01012791,Economically active: Employee: Part-time (1),76,72,4
S01012791,Economically active: Employee: Full-time (1),208,203,5
S01012791,Economically active: Self-employed: Total,36,35,1
S01012791,Economically active: Self-employed: Part-time (1),4,4,0
S01012791,Economically active: Self-employed: Full-time (1),32,31,1
S01012791,Economically active: Unemployed (1),12,11,1
S01012791,Economically inactive,275,268,7
S01012792,All people aged 16 and over,872,830,42
S01012792,Economically active: Total,465,429,36
S01012792,Economically active: Employee: Total,387,356,31
S01012792,Economically active: Employee: Part-time (1),96,87,9
S01012792,Economically active: Employee: Full-time (1),291,269,22
S01012792,Economically active: Self-employed: Total,37,36,1
S01012792,Economically active: Self-employed: Part-time (1),7,7,0
S01012792,Economically active: Self-employed: Full-time (1),30,29,1
S01012792,Economically active: Unemployed (1),41,37,4
S01012792,Economically inactive,407,401,6
S01012793,All people aged 16 and over,690,602,88
S01012793,Economically active: Total,356,305,51
S01012793,Economically active: Employee: Total,264,220,44
S01012793,Economically active: Employee: Part-time (1),64,61,3
S01012793,Economically active: Employee: Full-time (1),200,159,41
S01012793,Economically active: Self-employed: Total,23,21,2
S01012793,Economically active: Self-employed: Part-time (1),6,5,1
S01012793,Economically active: Self-employed: Full-time (1),17,16,1
S01012793,Economically active: Unemployed (1),69,64,5
S01012793,Economically inactive,334,297,37
S01012794,All people aged 16 and over,551,492,59
S01012794,Economically active: Total,361,318,43
S01012794,Economically active: Employee: Total,301,262,39
S01012794,Economically active: Employee: Part-time (1),41,33,8
S01012794,Economically active: Employee: Full-time (1),260,229,31
S01012794,Economically active: Self-employed: Total,39,36,3
S01012794,Economically active: Self-employed: Part-time (1),3,3,0
S01012794,Economically active: Self-employed: Full-time (1),36,33,3
S01012794,Economically active: Unemployed (1),21,20,1
S01012794,Economically inactive,190,174,16
S01012795,All people aged 16 and over,868,835,33
S01012795,Economically active: Total,494,471,23
S01012795,Economically active: Employee: Total,377,362,15
S01012795,Economically active: Employee: Part-time (1),115,115,0
S01012795,Economically active: Employee: Full-time (1),262,247,15
S01012795,Economically active: Self-employed: Total,41,35,6
S01012795,Economically active: Self-employed: Part-time (1),10,8,2
S01012795,Economically active: Self-employed: Full-time (1),31,27,4
S01012795,Economically active: Unemployed (1),76,74,2
S01012795,Economically inactive,374,364,10
S01012796,All people aged 16 and over,611,556,55
S01012796,Economically active: Total,449,403,46
S01012796,Economically active: Employee: Total,365,328,37
S01012796,Economically active: Employee: Part-time (1),88,80,8
S01012796,Economically active: Employee: Full-time (1),277,248,29
S01012796,Economically active: Self-employed: Total,37,32,5
S01012796,Economically active: Self-employed: Part-time (1),11,11,0
S01012796,Economically active: Self-employed: Full-time (1),26,21,5
S01012796,Economically active: Unemployed (1),47,43,4
S01012796,Economically inactive,162,153,9
S01012797,All people aged 16 and over,548,510,38
S01012797,Economically active: Total,389,356,33
S01012797,Economically active: Employee: Total,317,286,31
S01012797,Economically active: Employee: Part-time (1),80,75,5
S01012797,Economically active: Employee: Full-time (1),237,211,26
S01012797,Economically active: Self-employed: Total,18,17,1
S01012797,Economically active: Self-employed: Part-time (1),2,1,1
S01012797,Economically active: Self-employed: Full-time (1),16,16,0
S01012797,Economically active: Unemployed (1),54,53,1
S01012797,Economically inactive,159,154,5
S01012798,All people aged 16 and over,593,568,25
S01012798,Economically active: Total,359,348,11
S01012798,Economically active: Employee: Total,275,267,8
S01012798,Economically active: Employee: Part-time (1),66,64,2
S01012798,Economically active: Employee: Full-time (1),209,203,6
S01012798,Economically active: Self-employed: Total,67,66,1
S01012798,Economically active: Self-employed: Part-time (1),17,16,1
S01012798,Economically active: Self-employed: Full-time (1),50,50,0
S01012798,Economically active: Unemployed (1),17,15,2
S01012798,Economically inactive,234,220,14
S01012799,All people aged 16 and over,666,617,49
S01012799,Economically active: Total,388,349,39
S01012799,Economically active: Employee: Total,294,262,32
S01012799,Economically active: Employee: Part-time (1),75,65,10
S01012799,Economically active: Employee: Full-time (1),219,197,22
S01012799,Economically active: Self-employed: Total,83,76,7
S01012799,Economically active: Self-employed: Part-time (1),18,15,3
S01012799,Economically active: Self-employed: Full-time (1),65,61,4
S01012799,Economically active: Unemployed (1),11,11,0
S01012799,Economically inactive,278,268,10
S01012800,All people aged 16 and over,734,695,39
S01012800,Economically active: Total,474,448,26
S01012800,Economically active: Employee: Total,350,332,18
S01012800,Economically active: Employee: Part-time (1),91,85,6
S01012800,Economically active: Employee: Full-time (1),259,247,12
S01012800,Economically active: Self-employed: Total,100,93,7
S01012800,Economically active: Self-employed: Part-time (1),23,21,2
S01012800,Economically active: Self-employed: Full-time (1),77,72,5
S01012800,Economically active: Unemployed (1),24,23,1
S01012800,Economically inactive,260,247,13
S01012801,All people aged 16 and over,390,370,20
S01012801,Economically active: Total,202,191,11
S01012801,Economically active: Employee: Total,150,139,11
S01012801,Economically active: Employee: Part-time (1),32,27,5
S01012801,Economically active: Employee: Full-time (1),118,112,6
S01012801,Economically active: Self-employed: Total,40,40,0
S01012801,Economically active: Self-employed: Part-time (1),7,7,0
S01012801,Economically active: Self-employed: Full-time (1),33,33,0
S01012801,Economically active: Unemployed (1),12,12,0
S01012801,Economically inactive,188,179,9
S01012802,All people aged 16 and over,486,452,34
S01012802,Economically active: Total,331,309,22
S01012802,Economically active: Employee: Total,241,225,16
S01012802,Economically active: Employee: Part-time (1),80,78,2
S01012802,Economically active: Employee: Full-time (1),161,147,14
S01012802,Economically active: Self-employed: Total,74,68,6
S01012802,Economically active: Self-employed: Part-time (1),11,10,1
S01012802,Economically active: Self-employed: Full-time (1),63,58,5
S01012802,Economically active: Unemployed (1),16,16,0
S01012802,Economically inactive,155,143,12
S01012803,All people aged 16 and over,573,555,18
S01012803,Economically active: Total,383,371,12
S01012803,Economically active: Employee: Total,333,323,10
S01012803,Economically active: Employee: Part-time (1),89,86,3
S01012803,Economically active: Employee: Full-time (1),244,237,7
S01012803,Economically active: Self-employed: Total,33,31,2
S01012803,Economically active: Self-employed: Part-time (1),8,8,0
S01012803,Economically active: Self-employed: Full-time (1),25,23,2
S01012803,Economically active: Unemployed (1),17,17,0
S01012803,Economically inactive,190,184,6
S01012804,All people aged 16 and over,624,607,17
S01012804,Economically active: Total,392,382,10
S01012804,Economically active: Employee: Total,309,302,7
S01012804,Economically active: Employee: Part-time (1),93,91,2
S01012804,Economically active: Employee: Full-time (1),216,211,5
S01012804,Economically active: Self-employed: Total,46,44,2
S01012804,Economically active: Self-employed: Part-time (1),19,19,0
S01012804,Economically active: Self-employed: Full-time (1),27,25,2
S01012804,Economically active: Unemployed (1),37,36,1
S01012804,Economically inactive,232,225,7
S01012805,All people aged 16 and over,742,723,19
S01012805,Economically active: Total,479,468,11
S01012805,Economically active: Employee: Total,395,389,6
S01012805,Economically active: Employee: Part-time (1),108,107,1
S01012805,Economically active: Employee: Full-time (1),287,282,5
S01012805,Economically active: Self-employed: Total,32,28,4
S01012805,Economically active: Self-employed: Part-time (1),9,8,1
S01012805,Economically active: Self-employed: Full-time (1),23,20,3
S01012805,Economically active: Unemployed (1),52,51,1
S01012805,Economically inactive,263,255,8
S01012806,All people aged 16 and over,583,553,30
S01012806,Economically active: Total,385,365,20
S01012806,Economically active: Employee: Total,309,293,16
S01012806,Economically active: Employee: Part-time (1),77,74,3
S01012806,Economically active: Employee: Full-time (1),232,219,13
S01012806,Economically active: Self-employed: Total,40,38,2
S01012806,Economically active: Self-employed: Part-time (1),9,7,2
S01012806,Economically active: Self-employed: Full-time (1),31,31,0
S01012806,Economically active: Unemployed (1),36,34,2
S01012806,Economically inactive,198,188,10
S01012807,All people aged 16 and over,474,442,32
S01012807,Economically active: Total,329,305,24
S01012807,Economically active: Employee: Total,254,237,17
S01012807,Economically active: Employee: Part-time (1),82,74,8
S01012807,Economically active: Employee: Full-time (1),172,163,9
S01012807,Economically active: Self-employed: Total,68,62,6
S01012807,Economically active: Self-employed: Part-time (1),18,16,2
S01012807,Economically active: Self-employed: Full-time (1),50,46,4
S01012807,Economically active: Unemployed (1),7,6,1
S01012807,Economically inactive,145,137,8
S01012808,All people aged 16 and over,873,859,14
S01012808,Economically active: Total,545,534,11
S01012808,Economically active: Employee: Total,425,416,9
S01012808,Economically active: Employee: Part-time (1),103,101,2
S01012808,Economically active: Employee: Full-time (1),322,315,7
S01012808,Economically active: Self-employed: Total,85,83,2
S01012808,Economically active: Self-employed: Part-time (1),18,18,0
S01012808,Economically active: Self-employed: Full-time (1),67,65,2
S01012808,Economically active: Unemployed (1),35,35,0
S01012808,Economically inactive,328,325,3
S01012809,All people aged 16 and over,531,509,22
S01012809,Economically active: Total,351,343,8
S01012809,Economically active: Employee: Total,292,286,6
S01012809,Economically active: Employee: Part-time (1),64,62,2
S01012809,Economically active: Employee: Full-time (1),228,224,4
S01012809,Economically active: Self-employed: Total,31,30,1
S01012809,Economically active: Self-employed: Part-time (1),5,5,0
S01012809,Economically active: Self-employed: Full-time (1),26,25,1
S01012809,Economically active: Unemployed (1),28,27,1
S01012809,Economically inactive,180,166,14
S01012810,All people aged 16 and over,786,769,17
S01012810,Economically active: Total,425,415,10
S01012810,Economically active: Employee: Total,337,331,6
S01012810,Economically active: Employee: Part-time (1),75,73,2
S01012810,Economically active: Employee: Full-time (1),262,258,4
S01012810,Economically active: Self-employed: Total,38,36,2
S01012810,Economically active: Self-employed: Part-time (1),11,10,1
S01012810,Economically active: Self-employed: Full-time (1),27,26,1
S01012810,Economically active: Unemployed (1),50,48,2
S01012810,Economically inactive,361,354,7
S01012811,All people aged 16 and over,663,640,23
S01012811,Economically active: Total,388,373,15
S01012811,Economically active: Employee: Total,318,305,13
S01012811,Economically active: Employee: Part-time (1),72,72,0
S01012811,Economically active: Employee: Full-time (1),246,233,13
S01012811,Economically active: Self-employed: Total,37,36,1
S01012811,Economically active: Self-employed: Part-time (1),12,12,0
S01012811,Economically active: Self-employed: Full-time (1),25,24,1
S01012811,Economically active: Unemployed (1),33,32,1
S01012811,Economically inactive,275,267,8
S01012812,All people aged 16 and over,557,539,18
S01012812,Economically active: Total,400,387,13
S01012812,Economically active: Employee: Total,342,331,11
S01012812,Economically active: Employee: Part-time (1),86,85,1
S01012812,Economically active: Employee: Full-time (1),256,246,10
S01012812,Economically active: Self-employed: Total,41,40,1
S01012812,Economically active: Self-employed: Part-time (1),11,11,0
S01012812,Economically active: Self-employed: Full-time (1),30,29,1
S01012812,Economically active: Unemployed (1),17,16,1
S01012812,Economically inactive,157,152,5
S01012813,All people aged 16 and over,768,747,21
S01012813,Economically active: Total,455,441,14
S01012813,Economically active: Employee: Total,378,367,11
S01012813,Economically active: Employee: Part-time (1),99,95,4
S01012813,Economically active: Employee: Full-time (1),279,272,7
S01012813,Economically active: Self-employed: Total,63,60,3
S01012813,Economically active: Self-employed: Part-time (1),12,12,0
S01012813,Economically active: Self-employed: Full-time (1),51,48,3
S01012813,Economically active: Unemployed (1),14,14,0
S01012813,Economically inactive,313,306,7
S01012814,All people aged 16 and over,640,618,22
S01012814,Economically active: Total,513,496,17
S01012814,Economically active: Employee: Total,437,424,13
S01012814,Economically active: Employee: Part-time (1),98,96,2
S01012814,Economically active: Employee: Full-time (1),339,328,11
S01012814,Economically active: Self-employed: Total,50,47,3
S01012814,Economically active: Self-employed: Part-time (1),10,10,0
S01012814,Economically active: Self-employed: Full-time (1),40,37,3
S01012814,Economically active: Unemployed (1),26,25,1
S01012814,Economically inactive,127,122,5
S01012815,All people aged 16 and over,625,580,45
S01012815,Economically active: Total,539,504,35
S01012815,Economically active: Employee: Total,467,437,30
S01012815,Economically active: Employee: Part-time (1),104,96,8
S01012815,Economically active: Employee: Full-time (1),363,341,22
S01012815,Economically active: Self-employed: Total,48,45,3
S01012815,Economically active: Self-employed: Part-time (1),11,11,0
S01012815,Economically active: Self-employed: Full-time (1),37,34,3
S01012815,Economically active: Unemployed (1),24,22,2
S01012815,Economically inactive,86,76,10
S01012816,All people aged 16 and over,434,405,29
S01012816,Economically active: Total,336,316,20
S01012816,Economically active: Employee: Total,274,260,14
S01012816,Economically active: Employee: Part-time (1),70,67,3
S01012816,Economically active: Employee: Full-time (1),204,193,11
S01012816,Economically active: Self-employed: Total,41,37,4
S01012816,Economically active: Self-employed: Part-time (1),5,5,0
S01012816,Economically active: Self-employed: Full-time (1),36,32,4
S01012816,Economically active: Unemployed (1),21,19,2
S01012816,Economically inactive,98,89,9
S01012817,All people aged 16 and over,383,360,23
S01012817,Economically active: Total,334,323,11
S01012817,Economically active: Employee: Total,290,281,9
S01012817,Economically active: Employee: Part-time (1),78,75,3
S01012817,Economically active: Employee: Full-time (1),212,206,6
S01012817,Economically active: Self-employed: Total,34,32,2
S01012817,Economically active: Self-employed: Part-time (1),8,8,0
S01012817,Economically active: Self-employed: Full-time (1),26,24,2
S01012817,Economically active: Unemployed (1),10,10,0
S01012817,Economically inactive,49,37,12
S01012818,All people aged 16 and over,627,586,41
S01012818,Economically active: Total,471,443,28
S01012818,Economically active: Employee: Total,401,384,17
S01012818,Economically active: Employee: Part-time (1),94,90,4
S01012818,Economically active: Employee: Full-time (1),307,294,13
S01012818,Economically active: Self-employed: Total,45,39,6
S01012818,Economically active: Self-employed: Part-time (1),12,9,3
S01012818,Economically active: Self-employed: Full-time (1),33,30,3
S01012818,Economically active: Unemployed (1),25,20,5
S01012818,Economically inactive,156,143,13
S01012819,All people aged 16 and over,606,595,11
S01012819,Economically active: Total,327,321,6
S01012819,Economically active: Employee: Total,258,254,4
S01012819,Economically active: Employee: Part-time (1),55,55,0
S01012819,Economically active: Employee: Full-time (1),203,199,4
S01012819,Economically active: Self-employed: Total,16,16,0
S01012819,Economically active: Self-employed: Part-time (1),1,1,0
S01012819,Economically active: Self-employed: Full-time (1),15,15,0
S01012819,Economically active: Unemployed (1),53,51,2
S01012819,Economically inactive,279,274,5
S01012820,All people aged 16 and over,778,723,55
S01012820,Economically active: Total,660,622,38
S01012820,Economically active: Employee: Total,549,518,31
S01012820,Economically active: Employee: Part-time (1),120,109,11
S01012820,Economically active: Employee: Full-time (1),429,409,20
S01012820,Economically active: Self-employed: Total,71,67,4
S01012820,Economically active: Self-employed: Part-time (1),24,23,1
S01012820,Economically active: Self-employed: Full-time (1),47,44,3
S01012820,Economically active: Unemployed (1),40,37,3
S01012820,Economically inactive,118,101,17
S01012821,All people aged 16 and over,553,471,82
S01012821,Economically active: Total,455,406,49
S01012821,Economically active: Employee: Total,367,331,36
S01012821,Economically active: Employee: Part-time (1),75,67,8
S01012821,Economically active: Employee: Full-time (1),292,264,28
S01012821,Economically active: Self-employed: Total,56,50,6
S01012821,Economically active: Self-employed: Part-time (1),19,14,5
S01012821,Economically active: Self-employed: Full-time (1),37,36,1
S01012821,Economically active: Unemployed (1),32,25,7
S01012821,Economically inactive,98,65,33
S01012822,All people aged 16 and over,365,347,18
S01012822,Economically active: Total,218,206,12
S01012822,Economically active: Employee: Total,158,147,11
S01012822,Economically active: Employee: Part-time (1),50,48,2
S01012822,Economically active: Employee: Full-time (1),108,99,9
S01012822,Economically active: Self-employed: Total,13,13,0
S01012822,Economically active: Self-employed: Part-time (1),4,4,0
S01012822,Economically active: Self-employed: Full-time (1),9,9,0
S01012822,Economically active: Unemployed (1),47,46,1
S01012822,Economically inactive,147,141,6
S01012823,All people aged 16 and over,635,595,40
S01012823,Economically active: Total,525,495,30
S01012823,Economically active: Employee: Total,447,423,24
S01012823,Economically active: Employee: Part-time (1),115,110,5
S01012823,Economically active: Employee: Full-time (1),332,313,19
S01012823,Economically active: Self-employed: Total,46,41,5
S01012823,Economically active: Self-employed: Part-time (1),14,11,3
S01012823,Economically active: Self-employed: Full-time (1),32,30,2
S01012823,Economically active: Unemployed (1),32,31,1
S01012823,Economically inactive,110,100,10
S01012824,All people aged 16 and over,521,497,24
S01012824,Economically active: Total,372,355,17
S01012824,Economically active: Employee: Total,317,303,14
S01012824,Economically active: Employee: Part-time (1),73,69,4
S01012824,Economically active: Employee: Full-time (1),244,234,10
S01012824,Economically active: Self-employed: Total,30,29,1
S01012824,Economically active: Self-employed: Part-time (1),8,8,0
S01012824,Economically active: Self-employed: Full-time (1),22,21,1
S01012824,Economically active: Unemployed (1),25,23,2
S01012824,Economically inactive,149,142,7
S01012825,All people aged 16 and over,420,404,16
S01012825,Economically active: Total,240,231,9
S01012825,Economically active: Employee: Total,204,195,9
S01012825,Economically active: Employee: Part-time (1),45,44,1
S01012825,Economically active: Employee: Full-time (1),159,151,8
S01012825,Economically active: Self-employed: Total,10,10,0
S01012825,Economically active: Self-employed: Part-time (1),0,0,0
S01012825,Economically active: Self-employed: Full-time (1),10,10,0
S01012825,Economically active: Unemployed (1),26,26,0
S01012825,Economically inactive,180,173,7
S01012826,All people aged 16 and over,439,420,19
S01012826,Economically active: Total,285,274,11
S01012826,Economically active: Employee: Total,206,198,8
S01012826,Economically active: Employee: Part-time (1),82,80,2
S01012826,Economically active: Employee: Full-time (1),124,118,6
S01012826,Economically active: Self-employed: Total,16,16,0
S01012826,Economically active: Self-employed: Part-time (1),4,4,0
S01012826,Economically active: Self-employed: Full-time (1),12,12,0
S01012826,Economically active: Unemployed (1),63,60,3
S01012826,Economically inactive,154,146,8
S01012827,All people aged 16 and over,478,432,46
S01012827,Economically active: Total,403,369,34
S01012827,Economically active: Employee: Total,349,320,29
S01012827,Economically active: Employee: Part-time (1),76,70,6
S01012827,Economically active: Employee: Full-time (1),273,250,23
S01012827,Economically active: Self-employed: Total,37,34,3
S01012827,Economically active: Self-employed: Part-time (1),9,7,2
S01012827,Economically active: Self-employed: Full-time (1),28,27,1
S01012827,Economically active: Unemployed (1),17,15,2
S01012827,Economically inactive,75,63,12
S01012828,All people aged 16 and over,462,432,30
S01012828,Economically active: Total,402,380,22
S01012828,Economically active: Employee: Total,354,335,19
S01012828,Economically active: Employee: Part-time (1),56,53,3
S01012828,Economically active: Employee: Full-time (1),298,282,16
S01012828,Economically active: Self-employed: Total,34,32,2
S01012828,Economically active: Self-employed: Part-time (1),13,11,2
S01012828,Economically active: Self-employed: Full-time (1),21,21,0
S01012828,Economically active: Unemployed (1),14,13,1
S01012828,Economically inactive,60,52,8
S01012829,All people aged 16 and over,653,628,25
S01012829,Economically active: Total,397,378,19
S01012829,Economically active: Employee: Total,306,290,16
S01012829,Economically active: Employee: Part-time (1),95,89,6
S01012829,Economically active: Employee: Full-time (1),211,201,10
S01012829,Economically active: Self-employed: Total,31,30,1
S01012829,Economically active: Self-employed: Part-time (1),12,11,1
S01012829,Economically active: Self-employed: Full-time (1),19,19,0
S01012829,Economically active: Unemployed (1),60,58,2
S01012829,Economically inactive,256,250,6
S01012830,All people aged 16 and over,565,547,18
S01012830,Economically active: Total,327,313,14
S01012830,Economically active: Employee: Total,261,251,10
S01012830,Economically active: Employee: Part-time (1),69,68,1
S01012830,Economically active: Employee: Full-time (1),192,183,9
S01012830,Economically active: Self-employed: Total,40,37,3
S01012830,Economically active: Self-employed: Part-time (1),11,11,0
S01012830,Economically active: Self-employed: Full-time (1),29,26,3
S01012830,Economically active: Unemployed (1),26,25,1
S01012830,Economically inactive,238,234,4
S01012831,All people aged 16 and over,560,539,21
S01012831,Economically active: Total,263,249,14
S01012831,Economically active: Employee: Total,212,201,11
S01012831,Economically active: Employee: Part-time (1),56,50,6
S01012831,Economically active: Employee: Full-time (1),156,151,5
S01012831,Economically active: Self-employed: Total,23,21,2
S01012831,Economically active: Self-employed: Part-time (1),6,5,1
S01012831,Economically active: Self-employed: Full-time (1),17,16,1
S01012831,Economically active: Unemployed (1),28,27,1
S01012831,Economically inactive,297,290,7
S01012832,All people aged 16 and over,436,426,10
S01012832,Economically active: Total,288,280,8
S01012832,Economically active: Employee: Total,228,221,7
S01012832,Economically active: Employee: Part-time (1),64,62,2
S01012832,Economically active: Employee: Full-time (1),164,159,5
S01012832,Economically active: Self-employed: Total,32,31,1
S01012832,Economically active: Self-employed: Part-time (1),15,14,1
S01012832,Economically active: Self-employed: Full-time (1),17,17,0
S01012832,Economically active: Unemployed (1),28,28,0
S01012832,Economically inactive,148,146,2
S01012833,All people aged 16 and over,572,553,19
S01012833,Economically active: Total,306,291,15
S01012833,Economically active: Employee: Total,247,234,13
S01012833,Economically active: Employee: Part-time (1),78,76,2
S01012833,Economically active: Employee: Full-time (1),169,158,11
S01012833,Economically active: Self-employed: Total,13,13,0
S01012833,Economically active: Self-employed: Part-time (1),5,5,0
S01012833,Economically active: Self-employed: Full-time (1),8,8,0
S01012833,Economically active: Unemployed (1),46,44,2
S01012833,Economically inactive,266,262,4
S01012834,All people aged 16 and over,561,548,13
S01012834,Economically active: Total,335,323,12
S01012834,Economically active: Employee: Total,249,241,8
S01012834,Economically active: Employee: Part-time (1),68,67,1
S01012834,Economically active: Employee: Full-time (1),181,174,7
S01012834,Economically active: Self-employed: Total,39,36,3
S01012834,Economically active: Self-employed: Part-time (1),10,10,0
S01012834,Economically active: Self-employed: Full-time (1),29,26,3
S01012834,Economically active: Unemployed (1),47,46,1
S01012834,Economically inactive,226,225,1
S01012835,All people aged 16 and over,771,740,31
S01012835,Economically active: Total,429,411,18
S01012835,Economically active: Employee: Total,355,340,15
S01012835,Economically active: Employee: Part-time (1),65,63,2
S01012835,Economically active: Employee: Full-time (1),290,277,13
S01012835,Economically active: Self-employed: Total,39,37,2
S01012835,Economically active: Self-employed: Part-time (1),10,10,0
S01012835,Economically active: Self-employed: Full-time (1),29,27,2
S01012835,Economically active: Unemployed (1),35,34,1
S01012835,Economically inactive,342,329,13
S01012836,All people aged 16 and over,527,498,29
S01012836,Economically active: Total,405,384,21
S01012836,Economically active: Employee: Total,339,331,8
S01012836,Economically active: Employee: Part-time (1),86,85,1
S01012836,Economically active: Employee: Full-time (1),253,246,7
S01012836,Economically active: Self-employed: Total,54,41,13
S01012836,Economically active: Self-employed: Part-time (1),5,3,2
S01012836,Economically active: Self-employed: Full-time (1),49,38,11
S01012836,Economically active: Unemployed (1),12,12,0
S01012836,Economically inactive,122,114,8
S01012837,All people aged 16 and over,579,557,22
S01012837,Economically active: Total,355,342,13
S01012837,Economically active: Employee: Total,236,228,8
S01012837,Economically active: Employee: Part-time (1),78,76,2
S01012837,Economically active: Employee: Full-time (1),158,152,6
S01012837,Economically active: Self-employed: Total,20,17,3
S01012837,Economically active: Self-employed: Part-time (1),8,5,3
S01012837,Economically active: Self-employed: Full-time (1),12,12,0
S01012837,Economically active: Unemployed (1),99,97,2
S01012837,Economically inactive,224,215,9
S01012838,All people aged 16 and over,708,658,50
S01012838,Economically active: Total,425,384,41
S01012838,Economically active: Employee: Total,284,252,32
S01012838,Economically active: Employee: Part-time (1),81,79,2
S01012838,Economically active: Employee: Full-time (1),203,173,30
S01012838,Economically active: Self-employed: Total,17,16,1
S01012838,Economically active: Self-employed: Part-time (1),7,6,1
S01012838,Economically active: Self-employed: Full-time (1),10,10,0
S01012838,Economically active: Unemployed (1),124,116,8
S01012838,Economically inactive,283,274,9
S01012839,All people aged 16 and over,578,567,11
S01012839,Economically active: Total,424,415,9
S01012839,Economically active: Employee: Total,359,353,6
S01012839,Economically active: Employee: Part-time (1),94,91,3
S01012839,Economically active: Employee: Full-time (1),265,262,3
S01012839,Economically active: Self-employed: Total,49,47,2
S01012839,Economically active: Self-employed: Part-time (1),15,14,1
S01012839,Economically active: Self-employed: Full-time (1),34,33,1
S01012839,Economically active: Unemployed (1),16,15,1
S01012839,Economically inactive,154,152,2
S01012840,All people aged 16 and over,584,548,36
S01012840,Economically active: Total,476,449,27
S01012840,Economically active: Employee: Total,409,388,21
S01012840,Economically active: Employee: Part-time (1),102,98,4
S01012840,Economically active: Employee: Full-time (1),307,290,17
S01012840,Economically active: Self-employed: Total,52,46,6
S01012840,Economically active: Self-employed: Part-time (1),7,7,0
S01012840,Economically active: Self-employed: Full-time (1),45,39,6
S01012840,Economically active: Unemployed (1),15,15,0
S01012840,Economically inactive,108,99,9
S01012841,All people aged 16 and over,497,471,26
S01012841,Economically active: Total,358,338,20
S01012841,Economically active: Employee: Total,299,285,14
S01012841,Economically active: Employee: Part-time (1),73,70,3
S01012841,Economically active: Employee: Full-time (1),226,215,11
S01012841,Economically active: Self-employed: Total,39,36,3
S01012841,Economically active: Self-employed: Part-time (1),6,5,1
S01012841,Economically active: Self-employed: Full-time (1),33,31,2
S01012841,Economically active: Unemployed (1),20,17,3
S01012841,Economically inactive,139,133,6
S01012842,All people aged 16 and over,407,394,13
S01012842,Economically active: Total,309,300,9
S01012842,Economically active: Employee: Total,271,265,6
S01012842,Economically active: Employee: Part-time (1),70,68,2
S01012842,Economically active: Employee: Full-time (1),201,197,4
S01012842,Economically active: Self-employed: Total,29,26,3
S01012842,Economically active: Self-employed: Part-time (1),7,5,2
S01012842,Economically active: Self-employed: Full-time (1),22,21,1
S01012842,Economically active: Unemployed (1),9,9,0
S01012842,Economically inactive,98,94,4
S01012843,All people aged 16 and over,774,733,41
S01012843,Economically active: Total,511,484,27
S01012843,Economically active: Employee: Total,419,399,20
S01012843,Economically active: Employee: Part-time (1),113,111,2
S01012843,Economically active: Employee: Full-time (1),306,288,18
S01012843,Economically active: Self-employed: Total,72,66,6
S01012843,Economically active: Self-employed: Part-time (1),16,16,0
S01012843,Economically active: Self-employed: Full-time (1),56,50,6
S01012843,Economically active: Unemployed (1),20,19,1
S01012843,Economically inactive,263,249,14
S01012844,All people aged 16 and over,561,528,33
S01012844,Economically active: Total,387,363,24
S01012844,Economically active: Employee: Total,301,281,20
S01012844,Economically active: Employee: Part-time (1),77,76,1
S01012844,Economically active: Employee: Full-time (1),224,205,19
S01012844,Economically active: Self-employed: Total,70,68,2
S01012844,Economically active: Self-employed: Part-time (1),13,13,0
S01012844,Economically active: Self-employed: Full-time (1),57,55,2
S01012844,Economically active: Unemployed (1),16,14,2
S01012844,Economically inactive,174,165,9
S01012845,All people aged 16 and over,554,539,15
S01012845,Economically active: Total,348,338,10
S01012845,Economically active: Employee: Total,269,261,8
S01012845,Economically active: Employee: Part-time (1),75,73,2
S01012845,Economically active: Employee: Full-time (1),194,188,6
S01012845,Economically active: Self-employed: Total,62,60,2
S01012845,Economically active: Self-employed: Part-time (1),20,20,0
S01012845,Economically active: Self-employed: Full-time (1),42,40,2
S01012845,Economically active: Unemployed (1),17,17,0
S01012845,Economically inactive,206,201,5
S01012846,All people aged 16 and over,807,788,19
S01012846,Economically active: Total,406,395,11
S01012846,Economically active: Employee: Total,323,314,9
S01012846,Economically active: Employee: Part-time (1),72,67,5
S01012846,Economically active: Employee: Full-time (1),251,247,4
S01012846,Economically active: Self-employed: Total,36,34,2
S01012846,Economically active: Self-employed: Part-time (1),10,10,0
S01012846,Economically active: Self-employed: Full-time (1),26,24,2
S01012846,Economically active: Unemployed (1),47,47,0
S01012846,Economically inactive,401,393,8
S01012847,All people aged 16 and over,456,446,10
S01012847,Economically active: Total,288,283,5
S01012847,Economically active: Employee: Total,232,228,4
S01012847,Economically active: Employee: Part-time (1),65,64,1
S01012847,Economically active: Employee: Full-time (1),167,164,3
S01012847,Economically active: Self-employed: Total,34,33,1
S01012847,Economically active: Self-employed: Part-time (1),8,8,0
S01012847,Economically active: Self-employed: Full-time (1),26,25,1
S01012847,Economically active: Unemployed (1),22,22,0
S01012847,Economically inactive,168,163,5
S01012848,All people aged 16 and over,582,550,32
S01012848,Economically active: Total,404,384,20
S01012848,Economically active: Employee: Total,333,317,16
S01012848,Economically active: Employee: Part-time (1),93,89,4
S01012848,Economically active: Employee: Full-time (1),240,228,12
S01012848,Economically active: Self-employed: Total,50,46,4
S01012848,Economically active: Self-employed: Part-time (1),13,13,0
S01012848,Economically active: Self-employed: Full-time (1),37,33,4
S01012848,Economically active: Unemployed (1),21,21,0
S01012848,Economically inactive,178,166,12
S01012849,All people aged 16 and over,564,528,36
S01012849,Economically active: Total,388,361,27
S01012849,Economically active: Employee: Total,333,310,23
S01012849,Economically active: Employee: Part-time (1),82,74,8
S01012849,Economically active: Employee: Full-time (1),251,236,15
S01012849,Economically active: Self-employed: Total,18,17,1
S01012849,Economically active: Self-employed: Part-time (1),5,5,0
S01012849,Economically active: Self-employed: Full-time (1),13,12,1
S01012849,Economically active: Unemployed (1),37,34,3
S01012849,Economically inactive,176,167,9
S01012850,All people aged 16 and over,623,610,13
S01012850,Economically active: Total,332,325,7
S01012850,Economically active: Employee: Total,282,276,6
S01012850,Economically active: Employee: Part-time (1),75,73,2
S01012850,Economically active: Employee: Full-time (1),207,203,4
S01012850,Economically active: Self-employed: Total,23,23,0
S01012850,Economically active: Self-employed: Part-time (1),5,5,0
S01012850,Economically active: Self-employed: Full-time (1),18,18,0
S01012850,Economically active: Unemployed (1),27,26,1
S01012850,Economically inactive,291,285,6
S01012851,All people aged 16 and over,698,679,19
S01012851,Economically active: Total,398,387,11
S01012851,Economically active: Employee: Total,331,321,10
S01012851,Economically active: Employee: Part-time (1),101,98,3
S01012851,Economically active: Employee: Full-time (1),230,223,7
S01012851,Economically active: Self-employed: Total,39,39,0
S01012851,Economically active: Self-employed: Part-time (1),11,11,0
S01012851,Economically active: Self-employed: Full-time (1),28,28,0
S01012851,Economically active: Unemployed (1),28,27,1
S01012851,Economically inactive,300,292,8
S01012852,All people aged 16 and over,592,562,30
S01012852,Economically active: Total,382,358,24
S01012852,Economically active: Employee: Total,322,307,15
S01012852,Economically active: Employee: Part-time (1),90,83,7
S01012852,Economically active: Employee: Full-time (1),232,224,8
S01012852,Economically active: Self-employed: Total,39,36,3
S01012852,Economically active: Self-employed: Part-time (1),11,11,0
S01012852,Economically active: Self-employed: Full-time (1),28,25,3
S01012852,Economically active: Unemployed (1),21,15,6
S01012852,Economically inactive,210,204,6
S01012853,All people aged 16 and over,688,668,20
S01012853,Economically active: Total,404,391,13
S01012853,Economically active: Employee: Total,337,327,10
S01012853,Economically active: Employee: Part-time (1),107,107,0
S01012853,Economically active: Employee: Full-time (1),230,220,10
S01012853,Economically active: Self-employed: Total,45,45,0
S01012853,Economically active: Self-employed: Part-time (1),14,14,0
S01012853,Economically active: Self-employed: Full-time (1),31,31,0
S01012853,Economically active: Unemployed (1),22,19,3
S01012853,Economically inactive,284,277,7
S01012854,All people aged 16 and over,695,672,23
S01012854,Economically active: Total,512,492,20
S01012854,Economically active: Employee: Total,441,425,16
S01012854,Economically active: Employee: Part-time (1),98,94,4
S01012854,Economically active: Employee: Full-time (1),343,331,12
S01012854,Economically active: Self-employed: Total,48,47,1
S01012854,Economically active: Self-employed: Part-time (1),11,11,0
S01012854,Economically active: Self-employed: Full-time (1),37,36,1
S01012854,Economically active: Unemployed (1),23,20,3
S01012854,Economically inactive,183,180,3
S01012855,All people aged 16 and over,539,508,31
S01012855,Economically active: Total,425,402,23
S01012855,Economically active: Employee: Total,360,339,21
S01012855,Economically active: Employee: Part-time (1),75,69,6
S01012855,Economically active: Employee: Full-time (1),285,270,15
S01012855,Economically active: Self-employed: Total,38,37,1
S01012855,Economically active: Self-employed: Part-time (1),9,9,0
S01012855,Economically active: Self-employed: Full-time (1),29,28,1
S01012855,Economically active: Unemployed (1),27,26,1
S01012855,Economically inactive,114,106,8
S01012856,All people aged 16 and over,608,587,21
S01012856,Economically active: Total,326,312,14
S01012856,Economically active: Employee: Total,273,262,11
S01012856,Economically active: Employee: Part-time (1),59,58,1
S01012856,Economically active: Employee: Full-time (1),214,204,10
S01012856,Economically active: Self-employed: Total,26,25,1
S01012856,Economically active: Self-employed: Part-time (1),0,0,0
S01012856,Economically active: Self-employed: Full-time (1),26,25,1
S01012856,Economically active: Unemployed (1),27,25,2
S01012856,Economically inactive,282,275,7
S01012857,All people aged 16 and over,765,753,12
S01012857,Economically active: Total,345,340,5
S01012857,Economically active: Employee: Total,293,289,4
S01012857,Economically active: Employee: Part-time (1),59,58,1
S01012857,Economically active: Employee: Full-time (1),234,231,3
S01012857,Economically active: Self-employed: Total,18,18,0
S01012857,Economically active: Self-employed: Part-time (1),4,4,0
S01012857,Economically active: Self-employed: Full-time (1),14,14,0
S01012857,Economically active: Unemployed (1),34,33,1
S01012857,Economically inactive,420,413,7
S01012858,All people aged 16 and over,621,600,21
S01012858,Economically active: Total,370,353,17
S01012858,Economically active: Employee: Total,309,299,10
S01012858,Economically active: Employee: Part-time (1),68,67,1
S01012858,Economically active: Employee: Full-time (1),241,232,9
S01012858,Economically active: Self-employed: Total,26,25,1
S01012858,Economically active: Self-employed: Part-time (1),6,6,0
S01012858,Economically active: Self-employed: Full-time (1),20,19,1
S01012858,Economically active: Unemployed (1),35,29,6
S01012858,Economically inactive,251,247,4
S01012859,All people aged 16 and over,845,781,64
S01012859,Economically active: Total,565,517,48
S01012859,Economically active: Employee: Total,444,407,37
S01012859,Economically active: Employee: Part-time (1),93,91,2
S01012859,Economically active: Employee: Full-time (1),351,316,35
S01012859,Economically active: Self-employed: Total,58,51,7
S01012859,Economically active: Self-employed: Part-time (1),5,4,1
S01012859,Economically active: Self-employed: Full-time (1),53,47,6
S01012859,Economically active: Unemployed (1),63,59,4
S01012859,Economically inactive,280,264,16
S01012860,All people aged 16 and over,948,917,31
S01012860,Economically active: Total,403,394,9
S01012860,Economically active: Employee: Total,332,324,8
S01012860,Economically active: Employee: Part-time (1),98,97,1
S01012860,Economically active: Employee: Full-time (1),234,227,7
S01012860,Economically active: Self-employed: Total,52,51,1
S01012860,Economically active: Self-employed: Part-time (1),17,17,0
S01012860,Economically active: Self-employed: Full-time (1),35,34,1
S01012860,Economically active: Unemployed (1),19,19,0
S01012860,Economically inactive,545,523,22
S01012861,All people aged 16 and over,592,556,36
S01012861,Economically active: Total,400,375,25
S01012861,Economically active: Employee: Total,327,307,20
S01012861,Economically active: Employee: Part-time (1),78,72,6
S01012861,Economically active: Employee: Full-time (1),249,235,14
S01012861,Economically active: Self-employed: Total,48,45,3
S01012861,Economically active: Self-employed: Part-time (1),10,10,0
S01012861,Economically active: Self-employed: Full-time (1),38,35,3
S01012861,Economically active: Unemployed (1),25,23,2
S01012861,Economically inactive,192,181,11
S01012862,All people aged 16 and over,519,459,60
S01012862,Economically active: Total,284,246,38
S01012862,Economically active: Employee: Total,227,197,30
S01012862,Economically active: Employee: Part-time (1),56,53,3
S01012862,Economically active: Employee: Full-time (1),171,144,27
S01012862,Economically active: Self-employed: Total,16,14,2
S01012862,Economically active: Self-employed: Part-time (1),3,2,1
S01012862,Economically active: Self-employed: Full-time (1),13,12,1
S01012862,Economically active: Unemployed (1),41,35,6
S01012862,Economically inactive,235,213,22
S01012863,All people aged 16 and over,556,524,32
S01012863,Economically active: Total,357,327,30
S01012863,Economically active: Employee: Total,280,260,20
S01012863,Economically active: Employee: Part-time (1),63,58,5
S01012863,Economically active: Employee: Full-time (1),217,202,15
S01012863,Economically active: Self-employed: Total,11,10,1
S01012863,Economically active: Self-employed: Part-time (1),2,1,1
S01012863,Economically active: Self-employed: Full-time (1),9,9,0
S01012863,Economically active: Unemployed (1),66,57,9
S01012863,Economically inactive,199,197,2
S01012864,All people aged 16 and over,660,623,37
S01012864,Economically active: Total,417,395,22
S01012864,Economically active: Employee: Total,319,305,14
S01012864,Economically active: Employee: Part-time (1),76,68,8
S01012864,Economically active: Employee: Full-time (1),243,237,6
S01012864,Economically active: Self-employed: Total,28,24,4
S01012864,Economically active: Self-employed: Part-time (1),4,3,1
S01012864,Economically active: Self-employed: Full-time (1),24,21,3
S01012864,Economically active: Unemployed (1),70,66,4
S01012864,Economically inactive,243,228,15
S01012865,All people aged 16 and over,670,652,18
S01012865,Economically active: Total,344,337,7
S01012865,Economically active: Employee: Total,290,284,6
S01012865,Economically active: Employee: Part-time (1),82,81,1
S01012865,Economically active: Employee: Full-time (1),208,203,5
S01012865,Economically active: Self-employed: Total,35,34,1
S01012865,Economically active: Self-employed: Part-time (1),9,9,0
S01012865,Economically active: Self-employed: Full-time (1),26,25,1
S01012865,Economically active: Unemployed (1),19,19,0
S01012865,Economically inactive,326,315,11
S01012866,All people aged 16 and over,638,592,46
S01012866,Economically active: Total,413,388,25
S01012866,Economically active: Employee: Total,340,318,22
S01012866,Economically active: Employee: Part-time (1),92,84,8
S01012866,Economically active: Employee: Full-time (1),248,234,14
S01012866,Economically active: Self-employed: Total,28,26,2
S01012866,Economically active: Self-employed: Part-time (1),6,6,0
S01012866,Economically active: Self-employed: Full-time (1),22,20,2
S01012866,Economically active: Unemployed (1),45,44,1
S01012866,Economically inactive,225,204,21
S01012867,All people aged 16 and over,645,628,17
S01012867,Economically active: Total,299,289,10
S01012867,Economically active: Employee: Total,245,238,7
S01012867,Economically active: Employee: Part-time (1),60,60,0
S01012867,Economically active: Employee: Full-time (1),185,178,7
S01012867,Economically active: Self-employed: Total,15,12,3
S01012867,Economically active: Self-employed: Part-time (1),5,3,2
S01012867,Economically active: Self-employed: Full-time (1),10,9,1
S01012867,Economically active: Unemployed (1),39,39,0
S01012867,Economically inactive,346,339,7
S01012868,All people aged 16 and over,501,482,19
S01012868,Economically active: Total,298,285,13
S01012868,Economically active: Employee: Total,234,224,10
S01012868,Economically active: Employee: Part-time (1),64,61,3
S01012868,Economically active: Employee: Full-time (1),170,163,7
S01012868,Economically active: Self-employed: Total,19,17,2
S01012868,Economically active: Self-employed: Part-time (1),2,2,0
S01012868,Economically active: Self-employed: Full-time (1),17,15,2
S01012868,Economically active: Unemployed (1),45,44,1
S01012868,Economically inactive,203,197,6
S01012869,All people aged 16 and over,424,405,19
S01012869,Economically active: Total,258,242,16
S01012869,Economically active: Employee: Total,185,172,13
S01012869,Economically active: Employee: Part-time (1),64,60,4
S01012869,Economically active: Employee: Full-time (1),121,112,9
S01012869,Economically active: Self-employed: Total,10,8,2
S01012869,Economically active: Self-employed: Part-time (1),3,1,2
S01012869,Economically active: Self-employed: Full-time (1),7,7,0
S01012869,Economically active: Unemployed (1),63,62,1
S01012869,Economically inactive,166,163,3
S01012870,All people aged 16 and over,806,783,23
S01012870,Economically active: Total,469,454,15
S01012870,Economically active: Employee: Total,397,388,9
S01012870,Economically active: Employee: Part-time (1),113,108,5
S01012870,Economically active: Employee: Full-time (1),284,280,4
S01012870,Economically active: Self-employed: Total,48,45,3
S01012870,Economically active: Self-employed: Part-time (1),12,11,1
S01012870,Economically active: Self-employed: Full-time (1),36,34,2
S01012870,Economically active: Unemployed (1),24,21,3
S01012870,Economically inactive,337,329,8
S01012871,All people aged 16 and over,699,648,51
S01012871,Economically active: Total,424,393,31
S01012871,Economically active: Employee: Total,353,329,24
S01012871,Economically active: Employee: Part-time (1),98,93,5
S01012871,Economically active: Employee: Full-time (1),255,236,19
S01012871,Economically active: Self-employed: Total,42,36,6
S01012871,Economically active: Self-employed: Part-time (1),9,8,1
S01012871,Economically active: Self-employed: Full-time (1),33,28,5
S01012871,Economically active: Unemployed (1),29,28,1
S01012871,Economically inactive,275,255,20
S01012872,All people aged 16 and over,577,520,57
S01012872,Economically active: Total,414,368,46
S01012872,Economically active: Employee: Total,353,310,43
S01012872,Economically active: Employee: Part-time (1),99,83,16
S01012872,Economically active: Employee: Full-time (1),254,227,27
S01012872,Economically active: Self-employed: Total,27,25,2
S01012872,Economically active: Self-employed: Part-time (1),5,4,1
S01012872,Economically active: Self-employed: Full-time (1),22,21,1
S01012872,Economically active: Unemployed (1),34,33,1
S01012872,Economically inactive,163,152,11
S01012873,All people aged 16 and over,655,613,42
S01012873,Economically active: Total,465,433,32
S01012873,Economically active: Employee: Total,398,375,23
S01012873,Economically active: Employee: Part-time (1),110,107,3
S01012873,Economically active: Employee: Full-time (1),288,268,20
S01012873,Economically active: Self-employed: Total,36,28,8
S01012873,Economically active: Self-employed: Part-time (1),6,3,3
S01012873,Economically active: Self-employed: Full-time (1),30,25,5
S01012873,Economically active: Unemployed (1),31,30,1
S01012873,Economically inactive,190,180,10
S01012874,All people aged 16 and over,638,614,24
S01012874,Economically active: Total,373,357,16
S01012874,Economically active: Employee: Total,297,283,14
S01012874,Economically active: Employee: Part-time (1),88,88,0
S01012874,Economically active: Employee: Full-time (1),209,195,14
S01012874,Economically active: Self-employed: Total,30,29,1
S01012874,Economically active: Self-employed: Part-time (1),5,5,0
S01012874,Economically active: Self-employed: Full-time (1),25,24,1
S01012874,Economically active: Unemployed (1),46,45,1
S01012874,Economically inactive,265,257,8
S01012875,All people aged 16 and over,486,454,32
S01012875,Economically active: Total,311,285,26
S01012875,Economically active: Employee: Total,245,223,22
S01012875,Economically active: Employee: Part-time (1),52,46,6
S01012875,Economically active: Employee: Full-time (1),193,177,16
S01012875,Economically active: Self-employed: Total,26,23,3
S01012875,Economically active: Self-employed: Part-time (1),5,4,1
S01012875,Economically active: Self-employed: Full-time (1),21,19,2
S01012875,Economically active: Unemployed (1),40,39,1
S01012875,Economically inactive,175,169,6
S01012876,All people aged 16 and over,665,641,24
S01012876,Economically active: Total,348,332,16
S01012876,Economically active: Employee: Total,295,281,14
S01012876,Economically active: Employee: Part-time (1),93,90,3
S01012876,Economically active: Employee: Full-time (1),202,191,11
S01012876,Economically active: Self-employed: Total,21,19,2
S01012876,Economically active: Self-employed: Part-time (1),5,5,0
S01012876,Economically active: Self-employed: Full-time (1),16,14,2
S01012876,Economically active: Unemployed (1),32,32,0
S01012876,Economically inactive,317,309,8
S01012877,All people aged 16 and over,631,620,11
S01012877,Economically active: Total,345,336,9
S01012877,Economically active: Employee: Total,295,287,8
S01012877,Economically active: Employee: Part-time (1),90,89,1
S01012877,Economically active: Employee: Full-time (1),205,198,7
S01012877,Economically active: Self-employed: Total,23,22,1
S01012877,Economically active: Self-employed: Part-time (1),10,9,1
S01012877,Economically active: Self-employed: Full-time (1),13,13,0
S01012877,Economically active: Unemployed (1),27,27,0
S01012877,Economically inactive,286,284,2
S01012878,All people aged 16 and over,774,753,21
S01012878,Economically active: Total,548,535,13
S01012878,Economically active: Employee: Total,459,447,12
S01012878,Economically active: Employee: Part-time (1),127,125,2
S01012878,Economically active: Employee: Full-time (1),332,322,10
S01012878,Economically active: Self-employed: Total,64,63,1
S01012878,Economically active: Self-employed: Part-time (1),15,15,0
S01012878,Economically active: Self-employed: Full-time (1),49,48,1
S01012878,Economically active: Unemployed (1),25,25,0
S01012878,Economically inactive,226,218,8
S01012879,All people aged 16 and over,609,589,20
S01012879,Economically active: Total,381,366,15
S01012879,Economically active: Employee: Total,318,306,12
S01012879,Economically active: Employee: Part-time (1),79,76,3
S01012879,Economically active: Employee: Full-time (1),239,230,9
S01012879,Economically active: Self-employed: Total,37,36,1
S01012879,Economically active: Self-employed: Part-time (1),11,11,0
S01012879,Economically active: Self-employed: Full-time (1),26,25,1
S01012879,Economically active: Unemployed (1),26,24,2
S01012879,Economically inactive,228,223,5
S01012880,All people aged 16 and over,759,730,29
S01012880,Economically active: Total,463,447,16
S01012880,Economically active: Employee: Total,385,373,12
S01012880,Economically active: Employee: Part-time (1),117,114,3
S01012880,Economically active: Employee: Full-time (1),268,259,9
S01012880,Economically active: Self-employed: Total,60,56,4
S01012880,Economically active: Self-employed: Part-time (1),17,17,0
S01012880,Economically active: Self-employed: Full-time (1),43,39,4
S01012880,Economically active: Unemployed (1),18,18,0
S01012880,Economically inactive,296,283,13
S01012881,All people aged 16 and over,774,740,34
S01012881,Economically active: Total,401,382,19
S01012881,Economically active: Employee: Total,323,309,14
S01012881,Economically active: Employee: Part-time (1),87,84,3
S01012881,Economically active: Employee: Full-time (1),236,225,11
S01012881,Economically active: Self-employed: Total,57,52,5
S01012881,Economically active: Self-employed: Part-time (1),17,16,1
S01012881,Economically active: Self-employed: Full-time (1),40,36,4
S01012881,Economically active: Unemployed (1),21,21,0
S01012881,Economically inactive,373,358,15
S01012882,All people aged 16 and over,494,484,10
S01012882,Economically active: Total,291,283,8
S01012882,Economically active: Employee: Total,230,223,7
S01012882,Economically active: Employee: Part-time (1),84,82,2
S01012882,Economically active: Employee: Full-time (1),146,141,5
S01012882,Economically active: Self-employed: Total,22,21,1
S01012882,Economically active: Self-employed: Part-time (1),10,10,0
S01012882,Economically active: Self-employed: Full-time (1),12,11,1
S01012882,Economically active: Unemployed (1),39,39,0
S01012882,Economically inactive,203,201,2
S01012883,All people aged 16 and over,529,514,15
S01012883,Economically active: Total,247,241,6
S01012883,Economically active: Employee: Total,166,161,5
S01012883,Economically active: Employee: Part-time (1),47,45,2
S01012883,Economically active: Employee: Full-time (1),119,116,3
S01012883,Economically active: Self-employed: Total,21,21,0
S01012883,Economically active: Self-employed: Part-time (1),13,13,0
S01012883,Economically active: Self-employed: Full-time (1),8,8,0
S01012883,Economically active: Unemployed (1),60,59,1
S01012883,Economically inactive,282,273,9
S01012884,All people aged 16 and over,451,438,13
S01012884,Economically active: Total,224,215,9
S01012884,Economically active: Employee: Total,173,167,6
S01012884,Economically active: Employee: Part-time (1),47,46,1
S01012884,Economically active: Employee: Full-time (1),126,121,5
S01012884,Economically active: Self-employed: Total,27,27,0
S01012884,Economically active: Self-employed: Part-time (1),7,7,0
S01012884,Economically active: Self-employed: Full-time (1),20,20,0
S01012884,Economically active: Unemployed (1),24,21,3
S01012884,Economically inactive,227,223,4
S01012885,All people aged 16 and over,391,373,18
S01012885,Economically active: Total,232,221,11
S01012885,Economically active: Employee: Total,179,170,9
S01012885,Economically active: Employee: Part-time (1),44,42,2
S01012885,Economically active: Employee: Full-time (1),135,128,7
S01012885,Economically active: Self-employed: Total,18,17,1
S01012885,Economically active: Self-employed: Part-time (1),7,7,0
S01012885,Economically active: Self-employed: Full-time (1),11,10,1
S01012885,Economically active: Unemployed (1),35,34,1
S01012885,Economically inactive,159,152,7
S01012886,All people aged 16 and over,651,616,35
S01012886,Economically active: Total,410,392,18
S01012886,Economically active: Employee: Total,345,330,15
S01012886,Economically active: Employee: Part-time (1),92,90,2
S01012886,Economically active: Employee: Full-time (1),253,240,13
S01012886,Economically active: Self-employed: Total,45,43,2
S01012886,Economically active: Self-employed: Part-time (1),15,15,0
S01012886,Economically active: Self-employed: Full-time (1),30,28,2
S01012886,Economically active: Unemployed (1),20,19,1
S01012886,Economically inactive,241,224,17
S01012887,All people aged 16 and over,631,608,23
S01012887,Economically active: Total,372,359,13
S01012887,Economically active: Employee: Total,323,315,8
S01012887,Economically active: Employee: Part-time (1),81,79,2
S01012887,Economically active: Employee: Full-time (1),242,236,6
S01012887,Economically active: Self-employed: Total,38,34,4
S01012887,Economically active: Self-employed: Part-time (1),10,8,2
S01012887,Economically active: Self-employed: Full-time (1),28,26,2
S01012887,Economically active: Unemployed (1),11,10,1
S01012887,Economically inactive,259,249,10
S01012888,All people aged 16 and over,694,668,26
S01012888,Economically active: Total,396,382,14
S01012888,Economically active: Employee: Total,317,305,12
S01012888,Economically active: Employee: Part-time (1),85,84,1
S01012888,Economically active: Employee: Full-time (1),232,221,11
S01012888,Economically active: Self-employed: Total,60,59,1
S01012888,Economically active: Self-employed: Part-time (1),17,16,1
S01012888,Economically active: Self-employed: Full-time (1),43,43,0
S01012888,Economically active: Unemployed (1),19,18,1
S01012888,Economically inactive,298,286,12
S01012889,All people aged 16 and over,661,628,33
S01012889,Economically active: Total,507,484,23
S01012889,Economically active: Employee: Total,430,412,18
S01012889,Economically active: Employee: Part-time (1),98,93,5
S01012889,Economically active: Employee: Full-time (1),332,319,13
S01012889,Economically active: Self-employed: Total,57,53,4
S01012889,Economically active: Self-employed: Part-time (1),12,11,1
S01012889,Economically active: Self-employed: Full-time (1),45,42,3
S01012889,Economically active: Unemployed (1),20,19,1
S01012889,Economically inactive,154,144,10
S01012890,All people aged 16 and over,549,530,19
S01012890,Economically active: Total,322,309,13
S01012890,Economically active: Employee: Total,254,246,8
S01012890,Economically active: Employee: Part-time (1),65,63,2
S01012890,Economically active: Employee: Full-time (1),189,183,6
S01012890,Economically active: Self-employed: Total,24,24,0
S01012890,Economically active: Self-employed: Part-time (1),7,7,0
S01012890,Economically active: Self-employed: Full-time (1),17,17,0
S01012890,Economically active: Unemployed (1),44,39,5
S01012890,Economically inactive,227,221,6
S01012891,All people aged 16 and over,456,443,13
S01012891,Economically active: Total,265,255,10
S01012891,Economically active: Employee: Total,210,203,7
S01012891,Economically active: Employee: Part-time (1),58,54,4
S01012891,Economically active: Employee: Full-time (1),152,149,3
S01012891,Economically active: Self-employed: Total,33,31,2
S01012891,Economically active: Self-employed: Part-time (1),11,11,0
S01012891,Economically active: Self-employed: Full-time (1),22,20,2
S01012891,Economically active: Unemployed (1),22,21,1
S01012891,Economically inactive,191,188,3
S01012892,All people aged 16 and over,930,889,41
S01012892,Economically active: Total,521,492,29
S01012892,Economically active: Employee: Total,410,389,21
S01012892,Economically active: Employee: Part-time (1),113,109,4
S01012892,Economically active: Employee: Full-time (1),297,280,17
S01012892,Economically active: Self-employed: Total,31,26,5
S01012892,Economically active: Self-employed: Part-time (1),8,7,1
S01012892,Economically active: Self-employed: Full-time (1),23,19,4
S01012892,Economically active: Unemployed (1),80,77,3
S01012892,Economically inactive,409,397,12
S01012893,All people aged 16 and over,598,574,24
S01012893,Economically active: Total,336,327,9
S01012893,Economically active: Employee: Total,275,269,6
S01012893,Economically active: Employee: Part-time (1),91,90,1
S01012893,Economically active: Employee: Full-time (1),184,179,5
S01012893,Economically active: Self-employed: Total,14,12,2
S01012893,Economically active: Self-employed: Part-time (1),5,5,0
S01012893,Economically active: Self-employed: Full-time (1),9,7,2
S01012893,Economically active: Unemployed (1),47,46,1
S01012893,Economically inactive,262,247,15
S01012894,All people aged 16 and over,606,575,31
S01012894,Economically active: Total,446,419,27
S01012894,Economically active: Employee: Total,365,345,20
S01012894,Economically active: Employee: Part-time (1),109,105,4
S01012894,Economically active: Employee: Full-time (1),256,240,16
S01012894,Economically active: Self-employed: Total,56,51,5
S01012894,Economically active: Self-employed: Part-time (1),11,10,1
S01012894,Economically active: Self-employed: Full-time (1),45,41,4
S01012894,Economically active: Unemployed (1),25,23,2
S01012894,Economically inactive,160,156,4
S01012895,All people aged 16 and over,411,387,24
S01012895,Economically active: Total,322,304,18
S01012895,Economically active: Employee: Total,256,241,15
S01012895,Economically active: Employee: Part-time (1),71,67,4
S01012895,Economically active: Employee: Full-time (1),185,174,11
S01012895,Economically active: Self-employed: Total,52,50,2
S01012895,Economically active: Self-employed: Part-time (1),5,5,0
S01012895,Economically active: Self-employed: Full-time (1),47,45,2
S01012895,Economically active: Unemployed (1),14,13,1
S01012895,Economically inactive,89,83,6
S01012896,All people aged 16 and over,761,738,23
S01012896,Economically active: Total,416,404,12
S01012896,Economically active: Employee: Total,333,322,11
S01012896,Economically active: Employee: Part-time (1),91,88,3
S01012896,Economically active: Employee: Full-time (1),242,234,8
S01012896,Economically active: Self-employed: Total,35,34,1
S01012896,Economically active: Self-employed: Part-time (1),13,12,1
S01012896,Economically active: Self-employed: Full-time (1),22,22,0
S01012896,Economically active: Unemployed (1),48,48,0
S01012896,Economically inactive,345,334,11
S01012897,All people aged 16 and over,473,449,24
S01012897,Economically active: Total,355,338,17
S01012897,Economically active: Employee: Total,299,288,11
S01012897,Economically active: Employee: Part-time (1),71,67,4
S01012897,Economically active: Employee: Full-time (1),228,221,7
S01012897,Economically active: Self-employed: Total,40,37,3
S01012897,Economically active: Self-employed: Part-time (1),10,9,1
S01012897,Economically active: Self-employed: Full-time (1),30,28,2
S01012897,Economically active: Unemployed (1),16,13,3
S01012897,Economically inactive,118,111,7
S01012898,All people aged 16 and over,401,379,22
S01012898,Economically active: Total,345,330,15
S01012898,Economically active: Employee: Total,295,281,14
S01012898,Economically active: Employee: Part-time (1),71,68,3
S01012898,Economically active: Employee: Full-time (1),224,213,11
S01012898,Economically active: Self-employed: Total,38,37,1
S01012898,Economically active: Self-employed: Part-time (1),10,10,0
S01012898,Economically active: Self-employed: Full-time (1),28,27,1
S01012898,Economically active: Unemployed (1),12,12,0
S01012898,Economically inactive,56,49,7
S01012899,All people aged 16 and over,477,466,11
S01012899,Economically active: Total,280,272,8
S01012899,Economically active: Employee: Total,224,217,7
S01012899,Economically active: Employee: Part-time (1),65,64,1
S01012899,Economically active: Employee: Full-time (1),159,153,6
S01012899,Economically active: Self-employed: Total,18,17,1
S01012899,Economically active: Self-employed: Part-time (1),6,6,0
S01012899,Economically active: Self-employed: Full-time (1),12,11,1
S01012899,Economically active: Unemployed (1),38,38,0
S01012899,Economically inactive,197,194,3
S01012900,All people aged 16 and over,618,591,27
S01012900,Economically active: Total,320,301,19
S01012900,Economically active: Employee: Total,251,233,18
S01012900,Economically active: Employee: Part-time (1),68,65,3
S01012900,Economically active: Employee: Full-time (1),183,168,15
S01012900,Economically active: Self-employed: Total,54,53,1
S01012900,Economically active: Self-employed: Part-time (1),12,12,0
S01012900,Economically active: Self-employed: Full-time (1),42,41,1
S01012900,Economically active: Unemployed (1),15,15,0
S01012900,Economically inactive,298,290,8
S01012901,All people aged 16 and over,569,548,21
S01012901,Economically active: Total,381,369,12
S01012901,Economically active: Employee: Total,309,301,8
S01012901,Economically active: Employee: Part-time (1),74,71,3
S01012901,Economically active: Employee: Full-time (1),235,230,5
S01012901,Economically active: Self-employed: Total,34,30,4
S01012901,Economically active: Self-employed: Part-time (1),13,13,0
S01012901,Economically active: Self-employed: Full-time (1),21,17,4
S01012901,Economically active: Unemployed (1),38,38,0
S01012901,Economically inactive,188,179,9
S01012902,All people aged 16 and over,629,610,19
S01012902,Economically active: Total,426,416,10
S01012902,Economically active: Employee: Total,345,337,8
S01012902,Economically active: Employee: Part-time (1),75,73,2
S01012902,Economically active: Employee: Full-time (1),270,264,6
S01012902,Economically active: Self-employed: Total,35,35,0
S01012902,Economically active: Self-employed: Part-time (1),6,6,0
S01012902,Economically active: Self-employed: Full-time (1),29,29,0
S01012902,Economically active: Unemployed (1),46,44,2
S01012902,Economically inactive,203,194,9
S01012903,All people aged 16 and over,683,654,29
S01012903,Economically active: Total,443,417,26
S01012903,Economically active: Employee: Total,369,349,20
S01012903,Economically active: Employee: Part-time (1),98,91,7
S01012903,Economically active: Employee: Full-time (1),271,258,13
S01012903,Economically active: Self-employed: Total,32,30,2
S01012903,Economically active: Self-employed: Part-time (1),8,8,0
S01012903,Economically active: Self-employed: Full-time (1),24,22,2
S01012903,Economically active: Unemployed (1),42,38,4
S01012903,Economically inactive,240,237,3
S01012904,All people aged 16 and over,633,611,22
S01012904,Economically active: Total,414,397,17
S01012904,Economically active: Employee: Total,337,325,12
S01012904,Economically active: Employee: Part-time (1),90,88,2
S01012904,Economically active: Employee: Full-time (1),247,237,10
S01012904,Economically active: Self-employed: Total,36,32,4
S01012904,Economically active: Self-employed: Part-time (1),14,14,0
S01012904,Economically active: Self-employed: Full-time (1),22,18,4
S01012904,Economically active: Unemployed (1),41,40,1
S01012904,Economically inactive,219,214,5
S01012905,All people aged 16 and over,490,482,8
S01012905,Economically active: Total,331,324,7
S01012905,Economically active: Employee: Total,267,261,6
S01012905,Economically active: Employee: Part-time (1),76,75,1
S01012905,Economically active: Employee: Full-time (1),191,186,5
S01012905,Economically active: Self-employed: Total,24,23,1
S01012905,Economically active: Self-employed: Part-time (1),10,9,1
S01012905,Economically active: Self-employed: Full-time (1),14,14,0
S01012905,Economically active: Unemployed (1),40,40,0
S01012905,Economically inactive,159,158,1
S01012906,All people aged 16 and over,783,758,25
S01012906,Economically active: Total,537,517,20
S01012906,Economically active: Employee: Total,459,446,13
S01012906,Economically active: Employee: Part-time (1),98,94,4
S01012906,Economically active: Employee: Full-time (1),361,352,9
S01012906,Economically active: Self-employed: Total,40,35,5
S01012906,Economically active: Self-employed: Part-time (1),5,5,0
S01012906,Economically active: Self-employed: Full-time (1),35,30,5
S01012906,Economically active: Unemployed (1),38,36,2
S01012906,Economically inactive,246,241,5
S01012907,All people aged 16 and over,736,713,23
S01012907,Economically active: Total,430,413,17
S01012907,Economically active: Employee: Total,363,349,14
S01012907,Economically active: Employee: Part-time (1),88,85,3
S01012907,Economically active: Employee: Full-time (1),275,264,11
S01012907,Economically active: Self-employed: Total,33,30,3
S01012907,Economically active: Self-employed: Part-time (1),9,9,0
S01012907,Economically active: Self-employed: Full-time (1),24,21,3
S01012907,Economically active: Unemployed (1),34,34,0
S01012907,Economically inactive,306,300,6
S01012908,All people aged 16 and over,603,595,8
S01012908,Economically active: Total,338,333,5
S01012908,Economically active: Employee: Total,278,273,5
S01012908,Economically active: Employee: Part-time (1),82,81,1
S01012908,Economically active: Employee: Full-time (1),196,192,4
S01012908,Economically active: Self-employed: Total,20,20,0
S01012908,Economically active: Self-employed: Part-time (1),6,6,0
S01012908,Economically active: Self-employed: Full-time (1),14,14,0
S01012908,Economically active: Unemployed (1),40,40,0
S01012908,Economically inactive,265,262,3
S01012909,All people aged 16 and over,512,492,20
S01012909,Economically active: Total,293,280,13
S01012909,Economically active: Employee: Total,250,239,11
S01012909,Economically active: Employee: Part-time (1),54,51,3
S01012909,Economically active: Employee: Full-time (1),196,188,8
S01012909,Economically active: Self-employed: Total,16,16,0
S01012909,Economically active: Self-employed: Part-time (1),2,2,0
S01012909,Economically active: Self-employed: Full-time (1),14,14,0
S01012909,Economically active: Unemployed (1),27,25,2
S01012909,Economically inactive,219,212,7
S01012910,All people aged 16 and over,774,757,17
S01012910,Economically active: Total,420,414,6
S01012910,Economically active: Employee: Total,325,322,3
S01012910,Economically active: Employee: Part-time (1),86,86,0
S01012910,Economically active: Employee: Full-time (1),239,236,3
S01012910,Economically active: Self-employed: Total,40,37,3
S01012910,Economically active: Self-employed: Part-time (1),10,10,0
S01012910,Economically active: Self-employed: Full-time (1),30,27,3
S01012910,Economically active: Unemployed (1),55,55,0
S01012910,Economically inactive,354,343,11
S01012911,All people aged 16 and over,631,598,33
S01012911,Economically active: Total,365,348,17
S01012911,Economically active: Employee: Total,315,301,14
S01012911,Economically active: Employee: Part-time (1),96,93,3
S01012911,Economically active: Employee: Full-time (1),219,208,11
S01012911,Economically active: Self-employed: Total,27,27,0
S01012911,Economically active: Self-employed: Part-time (1),4,4,0
S01012911,Economically active: Self-employed: Full-time (1),23,23,0
S01012911,Economically active: Unemployed (1),23,20,3
S01012911,Economically inactive,266,250,16
S01012912,All people aged 16 and over,580,570,10
S01012912,Economically active: Total,319,310,9
S01012912,Economically active: Employee: Total,264,255,9
S01012912,Economically active: Employee: Part-time (1),69,67,2
S01012912,Economically active: Employee: Full-time (1),195,188,7
S01012912,Economically active: Self-employed: Total,25,25,0
S01012912,Economically active: Self-employed: Part-time (1),6,6,0
S01012912,Economically active: Self-employed: Full-time (1),19,19,0
S01012912,Economically active: Unemployed (1),30,30,0
S01012912,Economically inactive,261,260,1
S01012913,All people aged 16 and over,732,710,22
S01012913,Economically active: Total,437,423,14
S01012913,Economically active: Employee: Total,378,367,11
S01012913,Economically active: Employee: Part-time (1),107,107,0
S01012913,Economically active: Employee: Full-time (1),271,260,11
S01012913,Economically active: Self-employed: Total,29,28,1
S01012913,Economically active: Self-employed: Part-time (1),7,7,0
S01012913,Economically active: Self-employed: Full-time (1),22,21,1
S01012913,Economically active: Unemployed (1),30,28,2
S01012913,Economically inactive,295,287,8
S01012914,All people aged 16 and over,711,685,26
S01012914,Economically active: Total,457,438,19
S01012914,Economically active: Employee: Total,380,369,11
S01012914,Economically active: Employee: Part-time (1),86,84,2
S01012914,Economically active: Employee: Full-time (1),294,285,9
S01012914,Economically active: Self-employed: Total,40,36,4
S01012914,Economically active: Self-employed: Part-time (1),13,13,0
S01012914,Economically active: Self-employed: Full-time (1),27,23,4
S01012914,Economically active: Unemployed (1),37,33,4
S01012914,Economically inactive,254,247,7
S01012915,All people aged 16 and over,810,783,27
S01012915,Economically active: Total,600,579,21
S01012915,Economically active: Employee: Total,508,494,14
S01012915,Economically active: Employee: Part-time (1),130,123,7
S01012915,Economically active: Employee: Full-time (1),378,371,7
S01012915,Economically active: Self-employed: Total,49,42,7
S01012915,Economically active: Self-employed: Part-time (1),18,14,4
S01012915,Economically active: Self-employed: Full-time (1),31,28,3
S01012915,Economically active: Unemployed (1),43,43,0
S01012915,Economically inactive,210,204,6
S01012916,All people aged 16 and over,572,552,20
S01012916,Economically active: Total,325,311,14
S01012916,Economically active: Employee: Total,278,268,10
S01012916,Economically active: Employee: Part-time (1),75,73,2
S01012916,Economically active: Employee: Full-time (1),203,195,8
S01012916,Economically active: Self-employed: Total,22,18,4
S01012916,Economically active: Self-employed: Part-time (1),3,3,0
S01012916,Economically active: Self-employed: Full-time (1),19,15,4
S01012916,Economically active: Unemployed (1),25,25,0
S01012916,Economically inactive,247,241,6
S01012917,All people aged 16 and over,587,565,22
S01012917,Economically active: Total,386,372,14
S01012917,Economically active: Employee: Total,327,314,13
S01012917,Economically active: Employee: Part-time (1),114,113,1
S01012917,Economically active: Employee: Full-time (1),213,201,12
S01012917,Economically active: Self-employed: Total,47,47,0
S01012917,Economically active: Self-employed: Part-time (1),15,15,0
S01012917,Economically active: Self-employed: Full-time (1),32,32,0
S01012917,Economically active: Unemployed (1),12,11,1
S01012917,Economically inactive,201,193,8
S01012918,All people aged 16 and over,417,409,8
S01012918,Economically active: Total,278,271,7
S01012918,Economically active: Employee: Total,242,235,7
S01012918,Economically active: Employee: Part-time (1),71,68,3
S01012918,Economically active: Employee: Full-time (1),171,167,4
S01012918,Economically active: Self-employed: Total,18,18,0
S01012918,Economically active: Self-employed: Part-time (1),7,7,0
S01012918,Economically active: Self-employed: Full-time (1),11,11,0
S01012918,Economically active: Unemployed (1),18,18,0
S01012918,Economically inactive,139,138,1
S01012919,All people aged 16 and over,397,387,10
S01012919,Economically active: Total,225,216,9
S01012919,Economically active: Employee: Total,189,181,8
S01012919,Economically active: Employee: Part-time (1),51,50,1
S01012919,Economically active: Employee: Full-time (1),138,131,7
S01012919,Economically active: Self-employed: Total,15,14,1
S01012919,Economically active: Self-employed: Part-time (1),5,5,0
S01012919,Economically active: Self-employed: Full-time (1),10,9,1
S01012919,Economically active: Unemployed (1),21,21,0
S01012919,Economically inactive,172,171,1
S01012920,All people aged 16 and over,506,483,23
S01012920,Economically active: Total,283,268,15
S01012920,Economically active: Employee: Total,220,211,9
S01012920,Economically active: Employee: Part-time (1),56,54,2
S01012920,Economically active: Employee: Full-time (1),164,157,7
S01012920,Economically active: Self-employed: Total,44,41,3
S01012920,Economically active: Self-employed: Part-time (1),14,14,0
S01012920,Economically active: Self-employed: Full-time (1),30,27,3
S01012920,Economically active: Unemployed (1),19,16,3
S01012920,Economically inactive,223,215,8
S01012921,All people aged 16 and over,594,568,26
S01012921,Economically active: Total,370,351,19
S01012921,Economically active: Employee: Total,318,301,17
S01012921,Economically active: Employee: Part-time (1),96,90,6
S01012921,Economically active: Employee: Full-time (1),222,211,11
S01012921,Economically active: Self-employed: Total,20,19,1
S01012921,Economically active: Self-employed: Part-time (1),10,9,1
S01012921,Economically active: Self-employed: Full-time (1),10,10,0
S01012921,Economically active: Unemployed (1),32,31,1
S01012921,Economically inactive,224,217,7
S01012922,All people aged 16 and over,784,763,21
S01012922,Economically active: Total,545,534,11
S01012922,Economically active: Employee: Total,468,459,9
S01012922,Economically active: Employee: Part-time (1),142,140,2
S01012922,Economically active: Employee: Full-time (1),326,319,7
S01012922,Economically active: Self-employed: Total,32,32,0
S01012922,Economically active: Self-employed: Part-time (1),2,2,0
S01012922,Economically active: Self-employed: Full-time (1),30,30,0
S01012922,Economically active: Unemployed (1),45,43,2
S01012922,Economically inactive,239,229,10
S01012923,All people aged 16 and over,578,559,19
S01012923,Economically active: Total,395,379,16
S01012923,Economically active: Employee: Total,335,323,12
S01012923,Economically active: Employee: Part-time (1),105,100,5
S01012923,Economically active: Employee: Full-time (1),230,223,7
S01012923,Economically active: Self-employed: Total,33,31,2
S01012923,Economically active: Self-employed: Part-time (1),10,9,1
S01012923,Economically active: Self-employed: Full-time (1),23,22,1
S01012923,Economically active: Unemployed (1),27,25,2
S01012923,Economically inactive,183,180,3
S01012924,All people aged 16 and over,422,408,14
S01012924,Economically active: Total,286,275,11
S01012924,Economically active: Employee: Total,237,229,8
S01012924,Economically active: Employee: Part-time (1),64,63,1
S01012924,Economically active: Employee: Full-time (1),173,166,7
S01012924,Economically active: Self-employed: Total,32,29,3
S01012924,Economically active: Self-employed: Part-time (1),13,10,3
S01012924,Economically active: Self-employed: Full-time (1),19,19,0
S01012924,Economically active: Unemployed (1),17,17,0
S01012924,Economically inactive,136,133,3
S01012925,All people aged 16 and over,413,402,11
S01012925,Economically active: Total,271,264,7
S01012925,Economically active: Employee: Total,235,231,4
S01012925,Economically active: Employee: Part-time (1),67,65,2
S01012925,Economically active: Employee: Full-time (1),168,166,2
S01012925,Economically active: Self-employed: Total,23,21,2
S01012925,Economically active: Self-employed: Part-time (1),7,7,0
S01012925,Economically active: Self-employed: Full-time (1),16,14,2
S01012925,Economically active: Unemployed (1),13,12,1
S01012925,Economically inactive,142,138,4
S01012926,All people aged 16 and over,593,576,17
S01012926,Economically active: Total,411,395,16
S01012926,Economically active: Employee: Total,343,332,11
S01012926,Economically active: Employee: Part-time (1),89,86,3
S01012926,Economically active: Employee: Full-time (1),254,246,8
S01012926,Economically active: Self-employed: Total,46,42,4
S01012926,Economically active: Self-employed: Part-time (1),15,13,2
S01012926,Economically active: Self-employed: Full-time (1),31,29,2
S01012926,Economically active: Unemployed (1),22,21,1
S01012926,Economically inactive,182,181,1
S01012927,All people aged 16 and over,628,606,22
S01012927,Economically active: Total,408,392,16
S01012927,Economically active: Employee: Total,340,330,10
S01012927,Economically active: Employee: Part-time (1),97,94,3
S01012927,Economically active: Employee: Full-time (1),243,236,7
S01012927,Economically active: Self-employed: Total,36,31,5
S01012927,Economically active: Self-employed: Part-time (1),8,7,1
S01012927,Economically active: Self-employed: Full-time (1),28,24,4
S01012927,Economically active: Unemployed (1),32,31,1
S01012927,Economically inactive,220,214,6
S01012928,All people aged 16 and over,675,649,26
S01012928,Economically active: Total,433,416,17
S01012928,Economically active: Employee: Total,371,359,12
S01012928,Economically active: Employee: Part-time (1),124,119,5
S01012928,Economically active: Employee: Full-time (1),247,240,7
S01012928,Economically active: Self-employed: Total,37,34,3
S01012928,Economically active: Self-employed: Part-time (1),10,8,2
S01012928,Economically active: Self-employed: Full-time (1),27,26,1
S01012928,Economically active: Unemployed (1),25,23,2
S01012928,Economically inactive,242,233,9
S01012929,All people aged 16 and over,641,624,17
S01012929,Economically active: Total,370,360,10
S01012929,Economically active: Employee: Total,325,315,10
S01012929,Economically active: Employee: Part-time (1),114,113,1
S01012929,Economically active: Employee: Full-time (1),211,202,9
S01012929,Economically active: Self-employed: Total,23,23,0
S01012929,Economically active: Self-employed: Part-time (1),7,7,0
S01012929,Economically active: Self-employed: Full-time (1),16,16,0
S01012929,Economically active: Unemployed (1),22,22,0
S01012929,Economically inactive,271,264,7
S01012930,All people aged 16 and over,779,738,41
S01012930,Economically active: Total,410,382,28
S01012930,Economically active: Employee: Total,333,312,21
S01012930,Economically active: Employee: Part-time (1),70,66,4
S01012930,Economically active: Employee: Full-time (1),263,246,17
S01012930,Economically active: Self-employed: Total,44,41,3
S01012930,Economically active: Self-employed: Part-time (1),13,11,2
S01012930,Economically active: Self-employed: Full-time (1),31,30,1
S01012930,Economically active: Unemployed (1),33,29,4
S01012930,Economically inactive,369,356,13
S01012931,All people aged 16 and over,730,693,37
S01012931,Economically active: Total,445,422,23
S01012931,Economically active: Employee: Total,380,362,18
S01012931,Economically active: Employee: Part-time (1),106,100,6
S01012931,Economically active: Employee: Full-time (1),274,262,12
S01012931,Economically active: Self-employed: Total,36,32,4
S01012931,Economically active: Self-employed: Part-time (1),12,11,1
S01012931,Economically active: Self-employed: Full-time (1),24,21,3
S01012931,Economically active: Unemployed (1),29,28,1
S01012931,Economically inactive,285,271,14
S01012932,All people aged 16 and over,423,411,12
S01012932,Economically active: Total,281,274,7
S01012932,Economically active: Employee: Total,218,213,5
S01012932,Economically active: Employee: Part-time (1),70,70,0
S01012932,Economically active: Employee: Full-time (1),148,143,5
S01012932,Economically active: Self-employed: Total,46,44,2
S01012932,Economically active: Self-employed: Part-time (1),11,10,1
S01012932,Economically active: Self-employed: Full-time (1),35,34,1
S01012932,Economically active: Unemployed (1),17,17,0
S01012932,Economically inactive,142,137,5
S01012933,All people aged 16 and over,675,666,9
S01012933,Economically active: Total,429,423,6
S01012933,Economically active: Employee: Total,364,361,3
S01012933,Economically active: Employee: Part-time (1),91,91,0
S01012933,Economically active: Employee: Full-time (1),273,270,3
S01012933,Economically active: Self-employed: Total,34,32,2
S01012933,Economically active: Self-employed: Part-time (1),8,7,1
S01012933,Economically active: Self-employed: Full-time (1),26,25,1
S01012933,Economically active: Unemployed (1),31,30,1
S01012933,Economically inactive,246,243,3
S01012934,All people aged 16 and over,605,588,17
S01012934,Economically active: Total,317,309,8
S01012934,Economically active: Employee: Total,260,252,8
S01012934,Economically active: Employee: Part-time (1),66,65,1
S01012934,Economically active: Employee: Full-time (1),194,187,7
S01012934,Economically active: Self-employed: Total,35,35,0
S01012934,Economically active: Self-employed: Part-time (1),12,12,0
S01012934,Economically active: Self-employed: Full-time (1),23,23,0
S01012934,Economically active: Unemployed (1),22,22,0
S01012934,Economically inactive,288,279,9
S01012935,All people aged 16 and over,717,688,29
S01012935,Economically active: Total,466,439,27
S01012935,Economically active: Employee: Total,394,373,21
S01012935,Economically active: Employee: Part-time (1),136,129,7
S01012935,Economically active: Employee: Full-time (1),258,244,14
S01012935,Economically active: Self-employed: Total,31,29,2
S01012935,Economically active: Self-employed: Part-time (1),9,9,0
S01012935,Economically active: Self-employed: Full-time (1),22,20,2
S01012935,Economically active: Unemployed (1),41,37,4
S01012935,Economically inactive,251,249,2
S01012936,All people aged 16 and over,619,588,31
S01012936,Economically active: Total,382,364,18
S01012936,Economically active: Employee: Total,318,303,15
S01012936,Economically active: Employee: Part-time (1),81,79,2
S01012936,Economically active: Employee: Full-time (1),237,224,13
S01012936,Economically active: Self-employed: Total,38,37,1
S01012936,Economically active: Self-employed: Part-time (1),13,13,0
S01012936,Economically active: Self-employed: Full-time (1),25,24,1
S01012936,Economically active: Unemployed (1),26,24,2
S01012936,Economically inactive,237,224,13
S01012937,All people aged 16 and over,581,555,26
S01012937,Economically active: Total,397,380,17
S01012937,Economically active: Employee: Total,323,313,10
S01012937,Economically active: Employee: Part-time (1),85,82,3
S01012937,Economically active: Employee: Full-time (1),238,231,7
S01012937,Economically active: Self-employed: Total,23,18,5
S01012937,Economically active: Self-employed: Part-time (1),9,8,1
S01012937,Economically active: Self-employed: Full-time (1),14,10,4
S01012937,Economically active: Unemployed (1),51,49,2
S01012937,Economically inactive,184,175,9
S01012938,All people aged 16 and over,600,573,27
S01012938,Economically active: Total,348,330,18
S01012938,Economically active: Employee: Total,276,263,13
S01012938,Economically active: Employee: Part-time (1),83,78,5
S01012938,Economically active: Employee: Full-time (1),193,185,8
S01012938,Economically active: Self-employed: Total,44,42,2
S01012938,Economically active: Self-employed: Part-time (1),8,7,1
S01012938,Economically active: Self-employed: Full-time (1),36,35,1
S01012938,Economically active: Unemployed (1),28,25,3
S01012938,Economically inactive,252,243,9
S01012939,All people aged 16 and over,500,471,29
S01012939,Economically active: Total,360,343,17
S01012939,Economically active: Employee: Total,305,293,12
S01012939,Economically active: Employee: Part-time (1),100,97,3
S01012939,Economically active: Employee: Full-time (1),205,196,9
S01012939,Economically active: Self-employed: Total,37,32,5
S01012939,Economically active: Self-employed: Part-time (1),12,9,3
S01012939,Economically active: Self-employed: Full-time (1),25,23,2
S01012939,Economically active: Unemployed (1),18,18,0
S01012939,Economically inactive,140,128,12
S01012940,All people aged 16 and over,579,552,27
S01012940,Economically active: Total,432,411,21
S01012940,Economically active: Employee: Total,360,343,17
S01012940,Economically active: Employee: Part-time (1),101,95,6
S01012940,Economically active: Employee: Full-time (1),259,248,11
S01012940,Economically active: Self-employed: Total,61,57,4
S01012940,Economically active: Self-employed: Part-time (1),17,15,2
S01012940,Economically active: Self-employed: Full-time (1),44,42,2
S01012940,Economically active: Unemployed (1),11,11,0
S01012940,Economically inactive,147,141,6
S01012941,All people aged 16 and over,600,575,25
S01012941,Economically active: Total,461,446,15
S01012941,Economically active: Employee: Total,382,371,11
S01012941,Economically active: Employee: Part-time (1),102,99,3
S01012941,Economically active: Employee: Full-time (1),280,272,8
S01012941,Economically active: Self-employed: Total,58,56,2
S01012941,Economically active: Self-employed: Part-time (1),17,17,0
S01012941,Economically active: Self-employed: Full-time (1),41,39,2
S01012941,Economically active: Unemployed (1),21,19,2
S01012941,Economically inactive,139,129,10
S01012942,All people aged 16 and over,624,599,25
S01012942,Economically active: Total,392,375,17
S01012942,Economically active: Employee: Total,325,308,17
S01012942,Economically active: Employee: Part-time (1),90,85,5
S01012942,Economically active: Employee: Full-time (1),235,223,12
S01012942,Economically active: Self-employed: Total,22,22,0
S01012942,Economically active: Self-employed: Part-time (1),7,7,0
S01012942,Economically active: Self-employed: Full-time (1),15,15,0
S01012942,Economically active: Unemployed (1),45,45,0
S01012942,Economically inactive,232,224,8
S01012943,All people aged 16 and over,575,553,22
S01012943,Economically active: Total,411,395,16
S01012943,Economically active: Employee: Total,359,347,12
S01012943,Economically active: Employee: Part-time (1),104,103,1
S01012943,Economically active: Employee: Full-time (1),255,244,11
S01012943,Economically active: Self-employed: Total,33,30,3
S01012943,Economically active: Self-employed: Part-time (1),13,12,1
S01012943,Economically active: Self-employed: Full-time (1),20,18,2
S01012943,Economically active: Unemployed (1),19,18,1
S01012943,Economically inactive,164,158,6
S01012944,All people aged 16 and over,418,410,8
S01012944,Economically active: Total,263,258,5
S01012944,Economically active: Employee: Total,224,220,4
S01012944,Economically active: Employee: Part-time (1),64,63,1
S01012944,Economically active: Employee: Full-time (1),160,157,3
S01012944,Economically active: Self-employed: Total,28,27,1
S01012944,Economically active: Self-employed: Part-time (1),9,9,0
S01012944,Economically active: Self-employed: Full-time (1),19,18,1
S01012944,Economically active: Unemployed (1),11,11,0
S01012944,Economically inactive,155,152,3
S01012945,All people aged 16 and over,568,531,37
S01012945,Economically active: Total,420,391,29
S01012945,Economically active: Employee: Total,346,324,22
S01012945,Economically active: Employee: Part-time (1),94,87,7
S01012945,Economically active: Employee: Full-time (1),252,237,15
S01012945,Economically active: Self-employed: Total,56,51,5
S01012945,Economically active: Self-employed: Part-time (1),15,12,3
S01012945,Economically active: Self-employed: Full-time (1),41,39,2
S01012945,Economically active: Unemployed (1),18,16,2
S01012945,Economically inactive,148,140,8
S01012946,All people aged 16 and over,691,656,35
S01012946,Economically active: Total,522,493,29
S01012946,Economically active: Employee: Total,450,426,24
S01012946,Economically active: Employee: Part-time (1),114,108,6
S01012946,Economically active: Employee: Full-time (1),336,318,18
S01012946,Economically active: Self-employed: Total,51,47,4
S01012946,Economically active: Self-employed: Part-time (1),16,15,1
S01012946,Economically active: Self-employed: Full-time (1),35,32,3
S01012946,Economically active: Unemployed (1),21,20,1
S01012946,Economically inactive,169,163,6
S01012947,All people aged 16 and over,372,349,23
S01012947,Economically active: Total,273,257,16
S01012947,Economically active: Employee: Total,212,203,9
S01012947,Economically active: Employee: Part-time (1),66,63,3
S01012947,Economically active: Employee: Full-time (1),146,140,6
S01012947,Economically active: Self-employed: Total,49,44,5
S01012947,Economically active: Self-employed: Part-time (1),16,16,0
S01012947,Economically active: Self-employed: Full-time (1),33,28,5
S01012947,Economically active: Unemployed (1),12,10,2
S01012947,Economically inactive,99,92,7
S01012948,All people aged 16 and over,572,562,10
S01012948,Economically active: Total,422,415,7
S01012948,Economically active: Employee: Total,352,346,6
S01012948,Economically active: Employee: Part-time (1),122,121,1
S01012948,Economically active: Employee: Full-time (1),230,225,5
S01012948,Economically active: Self-employed: Total,50,50,0
S01012948,Economically active: Self-employed: Part-time (1),16,16,0
S01012948,Economically active: Self-employed: Full-time (1),34,34,0
S01012948,Economically active: Unemployed (1),20,19,1
S01012948,Economically inactive,150,147,3
S01012949,All people aged 16 and over,595,578,17
S01012949,Economically active: Total,424,412,12
S01012949,Economically active: Employee: Total,361,352,9
S01012949,Economically active: Employee: Part-time (1),103,102,1
S01012949,Economically active: Employee: Full-time (1),258,250,8
S01012949,Economically active: Self-employed: Total,47,44,3
S01012949,Economically active: Self-employed: Part-time (1),10,10,0
S01012949,Economically active: Self-employed: Full-time (1),37,34,3
S01012949,Economically active: Unemployed (1),16,16,0
S01012949,Economically inactive,171,166,5
S01012950,All people aged 16 and over,678,646,32
S01012950,Economically active: Total,542,520,22
S01012950,Economically active: Employee: Total,460,443,17
S01012950,Economically active: Employee: Part-time (1),136,135,1
S01012950,Economically active: Employee: Full-time (1),324,308,16
S01012950,Economically active: Self-employed: Total,57,53,4
S01012950,Economically active: Self-employed: Part-time (1),12,11,1
S01012950,Economically active: Self-employed: Full-time (1),45,42,3
S01012950,Economically active: Unemployed (1),25,24,1
S01012950,Economically inactive,136,126,10
S01012951,All people aged 16 and over,649,606,43
S01012951,Economically active: Total,563,532,31
S01012951,Economically active: Employee: Total,471,449,22
S01012951,Economically active: Employee: Part-time (1),111,110,1
S01012951,Economically active: Employee: Full-time (1),360,339,21
S01012951,Economically active: Self-employed: Total,72,67,5
S01012951,Economically active: Self-employed: Part-time (1),15,15,0
S01012951,Economically active: Self-employed: Full-time (1),57,52,5
S01012951,Economically active: Unemployed (1),20,16,4
S01012951,Economically inactive,86,74,12
S01012952,All people aged 16 and over,525,491,34
S01012952,Economically active: Total,297,276,21
S01012952,Economically active: Employee: Total,188,174,14
S01012952,Economically active: Employee: Part-time (1),51,48,3
S01012952,Economically active: Employee: Full-time (1),137,126,11
S01012952,Economically active: Self-employed: Total,106,99,7
S01012952,Economically active: Self-employed: Part-time (1),24,23,1
S01012952,Economically active: Self-employed: Full-time (1),82,76,6
S01012952,Economically active: Unemployed (1),3,3,0
S01012952,Economically inactive,228,215,13
S01012953,All people aged 16 and over,568,548,20
S01012953,Economically active: Total,417,403,14
S01012953,Economically active: Employee: Total,367,356,11
S01012953,Economically active: Employee: Part-time (1),105,100,5
S01012953,Economically active: Employee: Full-time (1),262,256,6
S01012953,Economically active: Self-employed: Total,34,33,1
S01012953,Economically active: Self-employed: Part-time (1),8,8,0
S01012953,Economically active: Self-employed: Full-time (1),26,25,1
S01012953,Economically active: Unemployed (1),16,14,2
S01012953,Economically inactive,151,145,6
S01012954,All people aged 16 and over,392,376,16
S01012954,Economically active: Total,307,295,12
S01012954,Economically active: Employee: Total,259,250,9
S01012954,Economically active: Employee: Part-time (1),74,70,4
S01012954,Economically active: Employee: Full-time (1),185,180,5
S01012954,Economically active: Self-employed: Total,26,23,3
S01012954,Economically active: Self-employed: Part-time (1),9,8,1
S01012954,Economically active: Self-employed: Full-time (1),17,15,2
S01012954,Economically active: Unemployed (1),22,22,0
S01012954,Economically inactive,85,81,4
S01012955,All people aged 16 and over,763,711,52
S01012955,Economically active: Total,528,481,47
S01012955,Economically active: Employee: Total,456,414,42
S01012955,Economically active: Employee: Part-time (1),107,102,5
S01012955,Economically active: Employee: Full-time (1),349,312,37
S01012955,Economically active: Self-employed: Total,48,43,5
S01012955,Economically active: Self-employed: Part-time (1),5,4,1
S01012955,Economically active: Self-employed: Full-time (1),43,39,4
S01012955,Economically active: Unemployed (1),24,24,0
S01012955,Economically inactive,235,230,5
S01012956,All people aged 16 and over,851,808,43
S01012956,Economically active: Total,432,403,29
S01012956,Economically active: Employee: Total,357,335,22
S01012956,Economically active: Employee: Part-time (1),117,111,6
S01012956,Economically active: Employee: Full-time (1),240,224,16
S01012956,Economically active: Self-employed: Total,35,34,1
S01012956,Economically active: Self-employed: Part-time (1),16,15,1
S01012956,Economically active: Self-employed: Full-time (1),19,19,0
S01012956,Economically active: Unemployed (1),40,34,6
S01012956,Economically inactive,419,405,14
S01012957,All people aged 16 and over,540,517,23
S01012957,Economically active: Total,338,320,18
S01012957,Economically active: Employee: Total,278,261,17
S01012957,Economically active: Employee: Part-time (1),75,70,5
S01012957,Economically active: Employee: Full-time (1),203,191,12
S01012957,Economically active: Self-employed: Total,30,30,0
S01012957,Economically active: Self-employed: Part-time (1),6,6,0
S01012957,Economically active: Self-employed: Full-time (1),24,24,0
S01012957,Economically active: Unemployed (1),30,29,1
S01012957,Economically inactive,202,197,5
S01012958,All people aged 16 and over,435,430,5
S01012958,Economically active: Total,315,313,2
S01012958,Economically active: Employee: Total,263,261,2
S01012958,Economically active: Employee: Part-time (1),71,71,0
S01012958,Economically active: Employee: Full-time (1),192,190,2
S01012958,Economically active: Self-employed: Total,31,31,0
S01012958,Economically active: Self-employed: Part-time (1),9,9,0
S01012958,Economically active: Self-employed: Full-time (1),22,22,0
S01012958,Economically active: Unemployed (1),21,21,0
S01012958,Economically inactive,120,117,3
S01012959,All people aged 16 and over,466,455,11
S01012959,Economically active: Total,373,365,8
S01012959,Economically active: Employee: Total,320,313,7
S01012959,Economically active: Employee: Part-time (1),92,90,2
S01012959,Economically active: Employee: Full-time (1),228,223,5
S01012959,Economically active: Self-employed: Total,33,33,0
S01012959,Economically active: Self-employed: Part-time (1),5,5,0
S01012959,Economically active: Self-employed: Full-time (1),28,28,0
S01012959,Economically active: Unemployed (1),20,19,1
S01012959,Economically inactive,93,90,3
S01012960,All people aged 16 and over,502,487,15
S01012960,Economically active: Total,350,340,10
S01012960,Economically active: Employee: Total,285,279,6
S01012960,Economically active: Employee: Part-time (1),91,89,2
S01012960,Economically active: Employee: Full-time (1),194,190,4
S01012960,Economically active: Self-employed: Total,27,23,4
S01012960,Economically active: Self-employed: Part-time (1),7,6,1
S01012960,Economically active: Self-employed: Full-time (1),20,17,3
S01012960,Economically active: Unemployed (1),38,38,0
S01012960,Economically inactive,152,147,5
S01012961,All people aged 16 and over,416,406,10
S01012961,Economically active: Total,311,302,9
S01012961,Economically active: Employee: Total,260,252,8
S01012961,Economically active: Employee: Part-time (1),75,73,2
S01012961,Economically active: Employee: Full-time (1),185,179,6
S01012961,Economically active: Self-employed: Total,40,40,0
S01012961,Economically active: Self-employed: Part-time (1),11,11,0
S01012961,Economically active: Self-employed: Full-time (1),29,29,0
S01012961,Economically active: Unemployed (1),11,10,1
S01012961,Economically inactive,105,104,1
S01012962,All people aged 16 and over,555,526,29
S01012962,Economically active: Total,395,376,19
S01012962,Economically active: Employee: Total,340,326,14
S01012962,Economically active: Employee: Part-time (1),111,108,3
S01012962,Economically active: Employee: Full-time (1),229,218,11
S01012962,Economically active: Self-employed: Total,36,32,4
S01012962,Economically active: Self-employed: Part-time (1),7,5,2
S01012962,Economically active: Self-employed: Full-time (1),29,27,2
S01012962,Economically active: Unemployed (1),19,18,1
S01012962,Economically inactive,160,150,10
S01012963,All people aged 16 and over,616,588,28
S01012963,Economically active: Total,488,465,23
S01012963,Economically active: Employee: Total,417,401,16
S01012963,Economically active: Employee: Part-time (1),118,110,8
S01012963,Economically active: Employee: Full-time (1),299,291,8
S01012963,Economically active: Self-employed: Total,48,43,5
S01012963,Economically active: Self-employed: Part-time (1),13,11,2
S01012963,Economically active: Self-employed: Full-time (1),35,32,3
S01012963,Economically active: Unemployed (1),23,21,2
S01012963,Economically inactive,128,123,5
S01012964,All people aged 16 and over,449,421,28
S01012964,Economically active: Total,380,356,24
S01012964,Economically active: Employee: Total,322,307,15
S01012964,Economically active: Employee: Part-time (1),90,86,4
S01012964,Economically active: Employee: Full-time (1),232,221,11
S01012964,Economically active: Self-employed: Total,43,37,6
S01012964,Economically active: Self-employed: Part-time (1),8,7,1
S01012964,Economically active: Self-employed: Full-time (1),35,30,5
S01012964,Economically active: Unemployed (1),15,12,3
S01012964,Economically inactive,69,65,4
S01012965,All people aged 16 and over,563,552,11
S01012965,Economically active: Total,350,347,3
S01012965,Economically active: Employee: Total,295,293,2
S01012965,Economically active: Employee: Part-time (1),78,77,1
S01012965,Economically active: Employee: Full-time (1),217,216,1
S01012965,Economically active: Self-employed: Total,29,29,0
S01012965,Economically active: Self-employed: Part-time (1),9,9,0
S01012965,Economically active: Self-employed: Full-time (1),20,20,0
S01012965,Economically active: Unemployed (1),26,25,1
S01012965,Economically inactive,213,205,8
S01012966,All people aged 16 and over,593,569,24
S01012966,Economically active: Total,420,404,16
S01012966,Economically active: Employee: Total,351,339,12
S01012966,Economically active: Employee: Part-time (1),93,89,4
S01012966,Economically active: Employee: Full-time (1),258,250,8
S01012966,Economically active: Self-employed: Total,45,43,2
S01012966,Economically active: Self-employed: Part-time (1),16,16,0
S01012966,Economically active: Self-employed: Full-time (1),29,27,2
S01012966,Economically active: Unemployed (1),24,22,2
S01012966,Economically inactive,173,165,8
S01012967,All people aged 16 and over,397,391,6
S01012967,Economically active: Total,285,279,6
S01012967,Economically active: Employee: Total,241,236,5
S01012967,Economically active: Employee: Part-time (1),67,65,2
S01012967,Economically active: Employee: Full-time (1),174,171,3
S01012967,Economically active: Self-employed: Total,22,21,1
S01012967,Economically active: Self-employed: Part-time (1),7,6,1
S01012967,Economically active: Self-employed: Full-time (1),15,15,0
S01012967,Economically active: Unemployed (1),22,22,0
S01012967,Economically inactive,112,112,0
S01012968,All people aged 16 and over,517,490,27
S01012968,Economically active: Total,365,348,17
S01012968,Economically active: Employee: Total,301,287,14
S01012968,Economically active: Employee: Part-time (1),92,90,2
S01012968,Economically active: Employee: Full-time (1),209,197,12
S01012968,Economically active: Self-employed: Total,31,30,1
S01012968,Economically active: Self-employed: Part-time (1),4,4,0
S01012968,Economically active: Self-employed: Full-time (1),27,26,1
S01012968,Economically active: Unemployed (1),33,31,2
S01012968,Economically inactive,152,142,10
S01012969,All people aged 16 and over,570,547,23
S01012969,Economically active: Total,355,335,20
S01012969,Economically active: Employee: Total,296,281,15
S01012969,Economically active: Employee: Part-time (1),87,84,3
S01012969,Economically active: Employee: Full-time (1),209,197,12
S01012969,Economically active: Self-employed: Total,26,21,5
S01012969,Economically active: Self-employed: Part-time (1),7,3,4
S01012969,Economically active: Self-employed: Full-time (1),19,18,1
S01012969,Economically active: Unemployed (1),33,33,0
S01012969,Economically inactive,215,212,3
S01012970,All people aged 16 and over,489,473,16
S01012970,Economically active: Total,337,322,15
S01012970,Economically active: Employee: Total,280,266,14
S01012970,Economically active: Employee: Part-time (1),70,65,5
S01012970,Economically active: Employee: Full-time (1),210,201,9
S01012970,Economically active: Self-employed: Total,30,30,0
S01012970,Economically active: Self-employed: Part-time (1),7,7,0
S01012970,Economically active: Self-employed: Full-time (1),23,23,0
S01012970,Economically active: Unemployed (1),27,26,1
S01012970,Economically inactive,152,151,1
S01012971,All people aged 16 and over,638,619,19
S01012971,Economically active: Total,433,420,13
S01012971,Economically active: Employee: Total,348,336,12
S01012971,Economically active: Employee: Part-time (1),107,103,4
S01012971,Economically active: Employee: Full-time (1),241,233,8
S01012971,Economically active: Self-employed: Total,28,28,0
S01012971,Economically active: Self-employed: Part-time (1),6,6,0
S01012971,Economically active: Self-employed: Full-time (1),22,22,0
S01012971,Economically active: Unemployed (1),57,56,1
S01012971,Economically inactive,205,199,6
S01012972,All people aged 16 and over,612,589,23
S01012972,Economically active: Total,398,379,19
S01012972,Economically active: Employee: Total,334,317,17
S01012972,Economically active: Employee: Part-time (1),106,103,3
S01012972,Economically active: Employee: Full-time (1),228,214,14
S01012972,Economically active: Self-employed: Total,33,31,2
S01012972,Economically active: Self-employed: Part-time (1),10,9,1
S01012972,Economically active: Self-employed: Full-time (1),23,22,1
S01012972,Economically active: Unemployed (1),31,31,0
S01012972,Economically inactive,214,210,4
S01012973,All people aged 16 and over,647,631,16
S01012973,Economically active: Total,419,408,11
S01012973,Economically active: Employee: Total,364,354,10
S01012973,Economically active: Employee: Part-time (1),108,107,1
S01012973,Economically active: Employee: Full-time (1),256,247,9
S01012973,Economically active: Self-employed: Total,25,25,0
S01012973,Economically active: Self-employed: Part-time (1),5,5,0
S01012973,Economically active: Self-employed: Full-time (1),20,20,0
S01012973,Economically active: Unemployed (1),30,29,1
S01012973,Economically inactive,228,223,5
S01012974,All people aged 16 and over,884,868,16
S01012974,Economically active: Total,458,452,6
S01012974,Economically active: Employee: Total,367,361,6
S01012974,Economically active: Employee: Part-time (1),102,102,0
S01012974,Economically active: Employee: Full-time (1),265,259,6
S01012974,Economically active: Self-employed: Total,38,38,0
S01012974,Economically active: Self-employed: Part-time (1),11,11,0
S01012974,Economically active: Self-employed: Full-time (1),27,27,0
S01012974,Economically active: Unemployed (1),53,53,0
S01012974,Economically inactive,426,416,10
S01012975,All people aged 16 and over,491,471,20
S01012975,Economically active: Total,294,281,13
S01012975,Economically active: Employee: Total,255,243,12
S01012975,Economically active: Employee: Part-time (1),66,64,2
S01012975,Economically active: Employee: Full-time (1),189,179,10
S01012975,Economically active: Self-employed: Total,15,15,0
S01012975,Economically active: Self-employed: Part-time (1),4,4,0
S01012975,Economically active: Self-employed: Full-time (1),11,11,0
S01012975,Economically active: Unemployed (1),24,23,1
S01012975,Economically inactive,197,190,7
S01012976,All people aged 16 and over,427,417,10
S01012976,Economically active: Total,266,256,10
S01012976,Economically active: Employee: Total,222,213,9
S01012976,Economically active: Employee: Part-time (1),67,65,2
S01012976,Economically active: Employee: Full-time (1),155,148,7
S01012976,Economically active: Self-employed: Total,16,15,1
S01012976,Economically active: Self-employed: Part-time (1),1,1,0
S01012976,Economically active: Self-employed: Full-time (1),15,14,1
S01012976,Economically active: Unemployed (1),28,28,0
S01012976,Economically inactive,161,161,0
S01012977,All people aged 16 and over,559,541,18
S01012977,Economically active: Total,395,380,15
S01012977,Economically active: Employee: Total,322,310,12
S01012977,Economically active: Employee: Part-time (1),98,95,3
S01012977,Economically active: Employee: Full-time (1),224,215,9
S01012977,Economically active: Self-employed: Total,28,26,2
S01012977,Economically active: Self-employed: Part-time (1),11,10,1
S01012977,Economically active: Self-employed: Full-time (1),17,16,1
S01012977,Economically active: Unemployed (1),45,44,1
S01012977,Economically inactive,164,161,3
S01012978,All people aged 16 and over,647,636,11
S01012978,Economically active: Total,427,419,8
S01012978,Economically active: Employee: Total,339,331,8
S01012978,Economically active: Employee: Part-time (1),100,97,3
S01012978,Economically active: Employee: Full-time (1),239,234,5
S01012978,Economically active: Self-employed: Total,33,33,0
S01012978,Economically active: Self-employed: Part-time (1),9,9,0
S01012978,Economically active: Self-employed: Full-time (1),24,24,0
S01012978,Economically active: Unemployed (1),55,55,0
S01012978,Economically inactive,220,217,3
S01012979,All people aged 16 and over,516,494,22
S01012979,Economically active: Total,349,336,13
S01012979,Economically active: Employee: Total,302,292,10
S01012979,Economically active: Employee: Part-time (1),89,84,5
S01012979,Economically active: Employee: Full-time (1),213,208,5
S01012979,Economically active: Self-employed: Total,30,28,2
S01012979,Economically active: Self-employed: Part-time (1),8,8,0
S01012979,Economically active: Self-employed: Full-time (1),22,20,2
S01012979,Economically active: Unemployed (1),17,16,1
S01012979,Economically inactive,167,158,9
S01012980,All people aged 16 and over,527,509,18
S01012980,Economically active: Total,373,362,11
S01012980,Economically active: Employee: Total,307,298,9
S01012980,Economically active: Employee: Part-time (1),83,83,0
S01012980,Economically active: Employee: Full-time (1),224,215,9
S01012980,Economically active: Self-employed: Total,23,22,1
S01012980,Economically active: Self-employed: Part-time (1),6,6,0
S01012980,Economically active: Self-employed: Full-time (1),17,16,1
S01012980,Economically active: Unemployed (1),43,42,1
S01012980,Economically inactive,154,147,7
S01012981,All people aged 16 and over,622,587,35
S01012981,Economically active: Total,445,420,25
S01012981,Economically active: Employee: Total,378,357,21
S01012981,Economically active: Employee: Part-time (1),107,103,4
S01012981,Economically active: Employee: Full-time (1),271,254,17
S01012981,Economically active: Self-employed: Total,29,28,1
S01012981,Economically active: Self-employed: Part-time (1),8,8,0
S01012981,Economically active: Self-employed: Full-time (1),21,20,1
S01012981,Economically active: Unemployed (1),38,35,3
S01012981,Economically inactive,177,167,10
S01012982,All people aged 16 and over,662,635,27
S01012982,Economically active: Total,460,436,24
S01012982,Economically active: Employee: Total,401,379,22
S01012982,Economically active: Employee: Part-time (1),103,99,4
S01012982,Economically active: Employee: Full-time (1),298,280,18
S01012982,Economically active: Self-employed: Total,20,18,2
S01012982,Economically active: Self-employed: Part-time (1),7,7,0
S01012982,Economically active: Self-employed: Full-time (1),13,11,2
S01012982,Economically active: Unemployed (1),39,39,0
S01012982,Economically inactive,202,199,3
S01012983,All people aged 16 and over,633,614,19
S01012983,Economically active: Total,396,381,15
S01012983,Economically active: Employee: Total,334,321,13
S01012983,Economically active: Employee: Part-time (1),99,97,2
S01012983,Economically active: Employee: Full-time (1),235,224,11
S01012983,Economically active: Self-employed: Total,33,33,0
S01012983,Economically active: Self-employed: Part-time (1),7,7,0
S01012983,Economically active: Self-employed: Full-time (1),26,26,0
S01012983,Economically active: Unemployed (1),29,27,2
S01012983,Economically inactive,237,233,4
S01012984,All people aged 16 and over,530,502,28
S01012984,Economically active: Total,368,350,18
S01012984,Economically active: Employee: Total,316,300,16
S01012984,Economically active: Employee: Part-time (1),74,68,6
S01012984,Economically active: Employee: Full-time (1),242,232,10
S01012984,Economically active: Self-employed: Total,26,25,1
S01012984,Economically active: Self-employed: Part-time (1),6,6,0
S01012984,Economically active: Self-employed: Full-time (1),20,19,1
S01012984,Economically active: Unemployed (1),26,25,1
S01012984,Economically inactive,162,152,10
S01012985,All people aged 16 and over,659,641,18
S01012985,Economically active: Total,427,413,14
S01012985,Economically active: Employee: Total,362,350,12
S01012985,Economically active: Employee: Part-time (1),99,98,1
S01012985,Economically active: Employee: Full-time (1),263,252,11
S01012985,Economically active: Self-employed: Total,34,32,2
S01012985,Economically active: Self-employed: Part-time (1),10,8,2
S01012985,Economically active: Self-employed: Full-time (1),24,24,0
S01012985,Economically active: Unemployed (1),31,31,0
S01012985,Economically inactive,232,228,4
S01012986,All people aged 16 and over,626,610,16
S01012986,Economically active: Total,396,382,14
S01012986,Economically active: Employee: Total,344,330,14
S01012986,Economically active: Employee: Part-time (1),71,65,6
S01012986,Economically active: Employee: Full-time (1),273,265,8
S01012986,Economically active: Self-employed: Total,25,25,0
S01012986,Economically active: Self-employed: Part-time (1),5,5,0
S01012986,Economically active: Self-employed: Full-time (1),20,20,0
S01012986,Economically active: Unemployed (1),27,27,0
S01012986,Economically inactive,230,228,2
S01012987,All people aged 16 and over,632,604,28
S01012987,Economically active: Total,385,364,21
S01012987,Economically active: Employee: Total,314,301,13
S01012987,Economically active: Employee: Part-time (1),88,85,3
S01012987,Economically active: Employee: Full-time (1),226,216,10
S01012987,Economically active: Self-employed: Total,38,33,5
S01012987,Economically active: Self-employed: Part-time (1),11,11,0
S01012987,Economically active: Self-employed: Full-time (1),27,22,5
S01012987,Economically active: Unemployed (1),33,30,3
S01012987,Economically inactive,247,240,7
S01012988,All people aged 16 and over,744,709,35
S01012988,Economically active: Total,421,401,20
S01012988,Economically active: Employee: Total,357,339,18
S01012988,Economically active: Employee: Part-time (1),96,94,2
S01012988,Economically active: Employee: Full-time (1),261,245,16
S01012988,Economically active: Self-employed: Total,31,29,2
S01012988,Economically active: Self-employed: Part-time (1),11,10,1
S01012988,Economically active: Self-employed: Full-time (1),20,19,1
S01012988,Economically active: Unemployed (1),33,33,0
S01012988,Economically inactive,323,308,15
S01012989,All people aged 16 and over,809,782,27
S01012989,Economically active: Total,493,473,20
S01012989,Economically active: Employee: Total,415,398,17
S01012989,Economically active: Employee: Part-time (1),105,101,4
S01012989,Economically active: Employee: Full-time (1),310,297,13
S01012989,Economically active: Self-employed: Total,31,31,0
S01012989,Economically active: Self-employed: Part-time (1),10,10,0
S01012989,Economically active: Self-employed: Full-time (1),21,21,0
S01012989,Economically active: Unemployed (1),47,44,3
S01012989,Economically inactive,316,309,7
S01012990,All people aged 16 and over,516,492,24
S01012990,Economically active: Total,302,287,15
S01012990,Economically active: Employee: Total,262,250,12
S01012990,Economically active: Employee: Part-time (1),79,78,1
S01012990,Economically active: Employee: Full-time (1),183,172,11
S01012990,Economically active: Self-employed: Total,17,16,1
S01012990,Economically active: Self-employed: Part-time (1),2,2,0
S01012990,Economically active: Self-employed: Full-time (1),15,14,1
S01012990,Economically active: Unemployed (1),23,21,2
S01012990,Economically inactive,214,205,9
S01012991,All people aged 16 and over,669,641,28
S01012991,Economically active: Total,410,389,21
S01012991,Economically active: Employee: Total,331,316,15
S01012991,Economically active: Employee: Part-time (1),118,118,0
S01012991,Economically active: Employee: Full-time (1),213,198,15
S01012991,Economically active: Self-employed: Total,37,32,5
S01012991,Economically active: Self-employed: Part-time (1),9,7,2
S01012991,Economically active: Self-employed: Full-time (1),28,25,3
S01012991,Economically active: Unemployed (1),42,41,1
S01012991,Economically inactive,259,252,7
S01012992,All people aged 16 and over,659,637,22
S01012992,Economically active: Total,394,379,15
S01012992,Economically active: Employee: Total,332,322,10
S01012992,Economically active: Employee: Part-time (1),91,89,2
S01012992,Economically active: Employee: Full-time (1),241,233,8
S01012992,Economically active: Self-employed: Total,26,26,0
S01012992,Economically active: Self-employed: Part-time (1),8,8,0
S01012992,Economically active: Self-employed: Full-time (1),18,18,0
S01012992,Economically active: Unemployed (1),36,31,5
S01012992,Economically inactive,265,258,7
S01012993,All people aged 16 and over,585,568,17
S01012993,Economically active: Total,335,323,12
S01012993,Economically active: Employee: Total,284,272,12
S01012993,Economically active: Employee: Part-time (1),75,70,5
S01012993,Economically active: Employee: Full-time (1),209,202,7
S01012993,Economically active: Self-employed: Total,20,20,0
S01012993,Economically active: Self-employed: Part-time (1),4,4,0
S01012993,Economically active: Self-employed: Full-time (1),16,16,0
S01012993,Economically active: Unemployed (1),31,31,0
S01012993,Economically inactive,250,245,5
S01012994,All people aged 16 and over,760,726,34
S01012994,Economically active: Total,477,449,28
S01012994,Economically active: Employee: Total,381,358,23
S01012994,Economically active: Employee: Part-time (1),110,102,8
S01012994,Economically active: Employee: Full-time (1),271,256,15
S01012994,Economically active: Self-employed: Total,37,32,5
S01012994,Economically active: Self-employed: Part-time (1),8,7,1
S01012994,Economically active: Self-employed: Full-time (1),29,25,4
S01012994,Economically active: Unemployed (1),59,59,0
S01012994,Economically inactive,283,277,6
S01012995,All people aged 16 and over,662,645,17
S01012995,Economically active: Total,504,491,13
S01012995,Economically active: Employee: Total,438,427,11
S01012995,Economically active: Employee: Part-time (1),105,101,4
S01012995,Economically active: Employee: Full-time (1),333,326,7
S01012995,Economically active: Self-employed: Total,34,32,2
S01012995,Economically active: Self-employed: Part-time (1),5,5,0
S01012995,Economically active: Self-employed: Full-time (1),29,27,2
S01012995,Economically active: Unemployed (1),32,32,0
S01012995,Economically inactive,158,154,4
S01012996,All people aged 16 and over,550,528,22
S01012996,Economically active: Total,422,400,22
S01012996,Economically active: Employee: Total,352,335,17
S01012996,Economically active: Employee: Part-time (1),109,105,4
S01012996,Economically active: Employee: Full-time (1),243,230,13
S01012996,Economically active: Self-employed: Total,36,34,2
S01012996,Economically active: Self-employed: Part-time (1),9,8,1
S01012996,Economically active: Self-employed: Full-time (1),27,26,1
S01012996,Economically active: Unemployed (1),34,31,3
S01012996,Economically inactive,128,128,0
S01012997,All people aged 16 and over,392,383,9
S01012997,Economically active: Total,229,222,7
S01012997,Economically active: Employee: Total,201,194,7
S01012997,Economically active: Employee: Part-time (1),54,50,4
S01012997,Economically active: Employee: Full-time (1),147,144,3
S01012997,Economically active: Self-employed: Total,8,8,0
S01012997,Economically active: Self-employed: Part-time (1),1,1,0
S01012997,Economically active: Self-employed: Full-time (1),7,7,0
S01012997,Economically active: Unemployed (1),20,20,0
S01012997,Economically inactive,163,161,2
S01012998,All people aged 16 and over,837,812,25
S01012998,Economically active: Total,597,576,21
S01012998,Economically active: Employee: Total,509,489,20
S01012998,Economically active: Employee: Part-time (1),150,147,3
S01012998,Economically active: Employee: Full-time (1),359,342,17
S01012998,Economically active: Self-employed: Total,54,54,0
S01012998,Economically active: Self-employed: Part-time (1),11,11,0
S01012998,Economically active: Self-employed: Full-time (1),43,43,0
S01012998,Economically active: Unemployed (1),34,33,1
S01012998,Economically inactive,240,236,4
S01012999,All people aged 16 and over,397,375,22
S01012999,Economically active: Total,255,236,19
S01012999,Economically active: Employee: Total,220,203,17
S01012999,Economically active: Employee: Part-time (1),60,54,6
S01012999,Economically active: Employee: Full-time (1),160,149,11
S01012999,Economically active: Self-employed: Total,18,17,1
S01012999,Economically active: Self-employed: Part-time (1),7,7,0
S01012999,Economically active: Self-employed: Full-time (1),11,10,1
S01012999,Economically active: Unemployed (1),17,16,1
S01012999,Economically inactive,142,139,3
S01013000,All people aged 16 and over,549,527,22
S01013000,Economically active: Total,345,330,15
S01013000,Economically active: Employee: Total,290,277,13
S01013000,Economically active: Employee: Part-time (1),79,75,4
S01013000,Economically active: Employee: Full-time (1),211,202,9
S01013000,Economically active: Self-employed: Total,25,25,0
S01013000,Economically active: Self-employed: Part-time (1),4,4,0
S01013000,Economically active: Self-employed: Full-time (1),21,21,0
S01013000,Economically active: Unemployed (1),30,28,2
S01013000,Economically inactive,204,197,7
S01013001,All people aged 16 and over,321,289,32
S01013001,Economically active: Total,214,191,23
S01013001,Economically active: Employee: Total,134,116,18
S01013001,Economically active: Employee: Part-time (1),38,30,8
S01013001,Economically active: Employee: Full-time (1),96,86,10
S01013001,Economically active: Self-employed: Total,67,62,5
S01013001,Economically active: Self-employed: Part-time (1),20,20,0
S01013001,Economically active: Self-employed: Full-time (1),47,42,5
S01013001,Economically active: Unemployed (1),13,13,0
S01013001,Economically inactive,107,98,9
S01013002,All people aged 16 and over,405,390,15
S01013002,Economically active: Total,261,250,11
S01013002,Economically active: Employee: Total,178,169,9
S01013002,Economically active: Employee: Part-time (1),42,40,2
S01013002,Economically active: Employee: Full-time (1),136,129,7
S01013002,Economically active: Self-employed: Total,75,73,2
S01013002,Economically active: Self-employed: Part-time (1),17,16,1
S01013002,Economically active: Self-employed: Full-time (1),58,57,1
S01013002,Economically active: Unemployed (1),8,8,0
S01013002,Economically inactive,144,140,4
S01013003,All people aged 16 and over,522,501,21
S01013003,Economically active: Total,302,289,13
S01013003,Economically active: Employee: Total,237,226,11
S01013003,Economically active: Employee: Part-time (1),80,76,4
S01013003,Economically active: Employee: Full-time (1),157,150,7
S01013003,Economically active: Self-employed: Total,55,53,2
S01013003,Economically active: Self-employed: Part-time (1),19,18,1
S01013003,Economically active: Self-employed: Full-time (1),36,35,1
S01013003,Economically active: Unemployed (1),10,10,0
S01013003,Economically inactive,220,212,8
S01013004,All people aged 16 and over,533,514,19
S01013004,Economically active: Total,338,326,12
S01013004,Economically active: Employee: Total,252,241,11
S01013004,Economically active: Employee: Part-time (1),74,70,4
S01013004,Economically active: Employee: Full-time (1),178,171,7
S01013004,Economically active: Self-employed: Total,72,71,1
S01013004,Economically active: Self-employed: Part-time (1),18,18,0
S01013004,Economically active: Self-employed: Full-time (1),54,53,1
S01013004,Economically active: Unemployed (1),14,14,0
S01013004,Economically inactive,195,188,7
S01013005,All people aged 16 and over,575,550,25
S01013005,Economically active: Total,355,339,16
S01013005,Economically active: Employee: Total,245,233,12
S01013005,Economically active: Employee: Part-time (1),66,63,3
S01013005,Economically active: Employee: Full-time (1),179,170,9
S01013005,Economically active: Self-employed: Total,95,91,4
S01013005,Economically active: Self-employed: Part-time (1),34,32,2
S01013005,Economically active: Self-employed: Full-time (1),61,59,2
S01013005,Economically active: Unemployed (1),15,15,0
S01013005,Economically inactive,220,211,9
S01013006,All people aged 16 and over,503,470,33
S01013006,Economically active: Total,327,305,22
S01013006,Economically active: Employee: Total,235,220,15
S01013006,Economically active: Employee: Part-time (1),73,69,4
S01013006,Economically active: Employee: Full-time (1),162,151,11
S01013006,Economically active: Self-employed: Total,78,71,7
S01013006,Economically active: Self-employed: Part-time (1),18,17,1
S01013006,Economically active: Self-employed: Full-time (1),60,54,6
S01013006,Economically active: Unemployed (1),14,14,0
S01013006,Economically inactive,176,165,11
S01013007,All people aged 16 and over,798,767,31
S01013007,Economically active: Total,428,411,17
S01013007,Economically active: Employee: Total,332,321,11
S01013007,Economically active: Employee: Part-time (1),100,97,3
S01013007,Economically active: Employee: Full-time (1),232,224,8
S01013007,Economically active: Self-employed: Total,73,71,2
S01013007,Economically active: Self-employed: Part-time (1),26,26,0
S01013007,Economically active: Self-employed: Full-time (1),47,45,2
S01013007,Economically active: Unemployed (1),23,19,4
S01013007,Economically inactive,370,356,14
S01013008,All people aged 16 and over,616,578,38
S01013008,Economically active: Total,367,345,22
S01013008,Economically active: Employee: Total,272,257,15
S01013008,Economically active: Employee: Part-time (1),83,80,3
S01013008,Economically active: Employee: Full-time (1),189,177,12
S01013008,Economically active: Self-employed: Total,71,66,5
S01013008,Economically active: Self-employed: Part-time (1),23,21,2
S01013008,Economically active: Self-employed: Full-time (1),48,45,3
S01013008,Economically active: Unemployed (1),24,22,2
S01013008,Economically inactive,249,233,16
S01013009,All people aged 16 and over,526,510,16
S01013009,Economically active: Total,291,284,7
S01013009,Economically active: Employee: Total,228,221,7
S01013009,Economically active: Employee: Part-time (1),62,60,2
S01013009,Economically active: Employee: Full-time (1),166,161,5
S01013009,Economically active: Self-employed: Total,46,46,0
S01013009,Economically active: Self-employed: Part-time (1),18,18,0
S01013009,Economically active: Self-employed: Full-time (1),28,28,0
S01013009,Economically active: Unemployed (1),17,17,0
S01013009,Economically inactive,235,226,9
S01013010,All people aged 16 and over,481,456,25
S01013010,Economically active: Total,329,308,21
S01013010,Economically active: Employee: Total,210,195,15
S01013010,Economically active: Employee: Part-time (1),55,52,3
S01013010,Economically active: Employee: Full-time (1),155,143,12
S01013010,Economically active: Self-employed: Total,105,99,6
S01013010,Economically active: Self-employed: Part-time (1),25,23,2
S01013010,Economically active: Self-employed: Full-time (1),80,76,4
S01013010,Economically active: Unemployed (1),14,14,0
S01013010,Economically inactive,152,148,4
S01013011,All people aged 16 and over,512,494,18
S01013011,Economically active: Total,364,347,17
S01013011,Economically active: Employee: Total,268,254,14
S01013011,Economically active: Employee: Part-time (1),68,65,3
S01013011,Economically active: Employee: Full-time (1),200,189,11
S01013011,Economically active: Self-employed: Total,77,74,3
S01013011,Economically active: Self-employed: Part-time (1),26,23,3
S01013011,Economically active: Self-employed: Full-time (1),51,51,0
S01013011,Economically active: Unemployed (1),19,19,0
S01013011,Economically inactive,148,147,1
S01013012,All people aged 16 and over,540,508,32
S01013012,Economically active: Total,321,304,17
S01013012,Economically active: Employee: Total,259,245,14
S01013012,Economically active: Employee: Part-time (1),73,68,5
S01013012,Economically active: Employee: Full-time (1),186,177,9
S01013012,Economically active: Self-employed: Total,48,45,3
S01013012,Economically active: Self-employed: Part-time (1),19,18,1
S01013012,Economically active: Self-employed: Full-time (1),29,27,2
S01013012,Economically active: Unemployed (1),14,14,0
S01013012,Economically inactive,219,204,15
S01013013,All people aged 16 and over,566,537,29
S01013013,Economically active: Total,379,360,19
S01013013,Economically active: Employee: Total,275,261,14
S01013013,Economically active: Employee: Part-time (1),88,82,6
S01013013,Economically active: Employee: Full-time (1),187,179,8
S01013013,Economically active: Self-employed: Total,86,81,5
S01013013,Economically active: Self-employed: Part-time (1),31,28,3
S01013013,Economically active: Self-employed: Full-time (1),55,53,2
S01013013,Economically active: Unemployed (1),18,18,0
S01013013,Economically inactive,187,177,10
S01013014,All people aged 16 and over,607,578,29
S01013014,Economically active: Total,362,344,18
S01013014,Economically active: Employee: Total,251,240,11
S01013014,Economically active: Employee: Part-time (1),68,63,5
S01013014,Economically active: Employee: Full-time (1),183,177,6
S01013014,Economically active: Self-employed: Total,88,83,5
S01013014,Economically active: Self-employed: Part-time (1),24,22,2
S01013014,Economically active: Self-employed: Full-time (1),64,61,3
S01013014,Economically active: Unemployed (1),23,21,2
S01013014,Economically inactive,245,234,11
S01013015,All people aged 16 and over,608,572,36
S01013015,Economically active: Total,417,390,27
S01013015,Economically active: Employee: Total,285,265,20
S01013015,Economically active: Employee: Part-time (1),87,81,6
S01013015,Economically active: Employee: Full-time (1),198,184,14
S01013015,Economically active: Self-employed: Total,113,107,6
S01013015,Economically active: Self-employed: Part-time (1),25,24,1
S01013015,Economically active: Self-employed: Full-time (1),88,83,5
S01013015,Economically active: Unemployed (1),19,18,1
S01013015,Economically inactive,191,182,9
S01013016,All people aged 16 and over,497,473,24
S01013016,Economically active: Total,340,323,17
S01013016,Economically active: Employee: Total,217,207,10
S01013016,Economically active: Employee: Part-time (1),74,72,2
S01013016,Economically active: Employee: Full-time (1),143,135,8
S01013016,Economically active: Self-employed: Total,111,105,6
S01013016,Economically active: Self-employed: Part-time (1),19,19,0
S01013016,Economically active: Self-employed: Full-time (1),92,86,6
S01013016,Economically active: Unemployed (1),12,11,1
S01013016,Economically inactive,157,150,7
S01013017,All people aged 16 and over,659,637,22
S01013017,Economically active: Total,396,383,13
S01013017,Economically active: Employee: Total,303,294,9
S01013017,Economically active: Employee: Part-time (1),95,90,5
S01013017,Economically active: Employee: Full-time (1),208,204,4
S01013017,Economically active: Self-employed: Total,78,74,4
S01013017,Economically active: Self-employed: Part-time (1),28,25,3
S01013017,Economically active: Self-employed: Full-time (1),50,49,1
S01013017,Economically active: Unemployed (1),15,15,0
S01013017,Economically inactive,263,254,9
S01013018,All people aged 16 and over,770,729,41
S01013018,Economically active: Total,499,471,28
S01013018,Economically active: Employee: Total,360,341,19
S01013018,Economically active: Employee: Part-time (1),123,118,5
S01013018,Economically active: Employee: Full-time (1),237,223,14
S01013018,Economically active: Self-employed: Total,113,106,7
S01013018,Economically active: Self-employed: Part-time (1),33,31,2
S01013018,Economically active: Self-employed: Full-time (1),80,75,5
S01013018,Economically active: Unemployed (1),26,24,2
S01013018,Economically inactive,271,258,13
S01013019,All people aged 16 and over,687,652,35
S01013019,Economically active: Total,483,460,23
S01013019,Economically active: Employee: Total,385,365,20
S01013019,Economically active: Employee: Part-time (1),87,84,3
S01013019,Economically active: Employee: Full-time (1),298,281,17
S01013019,Economically active: Self-employed: Total,76,74,2
S01013019,Economically active: Self-employed: Part-time (1),16,16,0
S01013019,Economically active: Self-employed: Full-time (1),60,58,2
S01013019,Economically active: Unemployed (1),22,21,1
S01013019,Economically inactive,204,192,12
S01013020,All people aged 16 and over,405,389,16
S01013020,Economically active: Total,254,244,10
S01013020,Economically active: Employee: Total,221,212,9
S01013020,Economically active: Employee: Part-time (1),63,61,2
S01013020,Economically active: Employee: Full-time (1),158,151,7
S01013020,Economically active: Self-employed: Total,21,21,0
S01013020,Economically active: Self-employed: Part-time (1),7,7,0
S01013020,Economically active: Self-employed: Full-time (1),14,14,0
S01013020,Economically active: Unemployed (1),12,11,1
S01013020,Economically inactive,151,145,6
S01013021,All people aged 16 and over,376,355,21
S01013021,Economically active: Total,257,244,13
S01013021,Economically active: Employee: Total,217,206,11
S01013021,Economically active: Employee: Part-time (1),62,58,4
S01013021,Economically active: Employee: Full-time (1),155,148,7
S01013021,Economically active: Self-employed: Total,26,24,2
S01013021,Economically active: Self-employed: Part-time (1),9,8,1
S01013021,Economically active: Self-employed: Full-time (1),17,16,1
S01013021,Economically active: Unemployed (1),14,14,0
S01013021,Economically inactive,119,111,8
S01013022,All people aged 16 and over,324,307,17
S01013022,Economically active: Total,231,218,13
S01013022,Economically active: Employee: Total,192,185,7
S01013022,Economically active: Employee: Part-time (1),61,60,1
S01013022,Economically active: Employee: Full-time (1),131,125,6
S01013022,Economically active: Self-employed: Total,19,15,4
S01013022,Economically active: Self-employed: Part-time (1),7,5,2
S01013022,Economically active: Self-employed: Full-time (1),12,10,2
S01013022,Economically active: Unemployed (1),20,18,2
S01013022,Economically inactive,93,89,4
S01013023,All people aged 16 and over,709,677,32
S01013023,Economically active: Total,414,398,16
S01013023,Economically active: Employee: Total,348,338,10
S01013023,Economically active: Employee: Part-time (1),105,104,1
S01013023,Economically active: Employee: Full-time (1),243,234,9
S01013023,Economically active: Self-employed: Total,54,51,3
S01013023,Economically active: Self-employed: Part-time (1),12,11,1
S01013023,Economically active: Self-employed: Full-time (1),42,40,2
S01013023,Economically active: Unemployed (1),12,9,3
S01013023,Economically inactive,295,279,16
S01013024,All people aged 16 and over,422,405,17
S01013024,Economically active: Total,255,239,16
S01013024,Economically active: Employee: Total,206,193,13
S01013024,Economically active: Employee: Part-time (1),52,44,8
S01013024,Economically active: Employee: Full-time (1),154,149,5
S01013024,Economically active: Self-employed: Total,36,34,2
S01013024,Economically active: Self-employed: Part-time (1),10,10,0
S01013024,Economically active: Self-employed: Full-time (1),26,24,2
S01013024,Economically active: Unemployed (1),13,12,1
S01013024,Economically inactive,167,166,1
S01013025,All people aged 16 and over,478,454,24
S01013025,Economically active: Total,302,287,15
S01013025,Economically active: Employee: Total,182,173,9
S01013025,Economically active: Employee: Part-time (1),50,49,1
S01013025,Economically active: Employee: Full-time (1),132,124,8
S01013025,Economically active: Self-employed: Total,109,105,4
S01013025,Economically active: Self-employed: Part-time (1),22,19,3
S01013025,Economically active: Self-employed: Full-time (1),87,86,1
S01013025,Economically active: Unemployed (1),11,9,2
S01013025,Economically inactive,176,167,9
S01013026,All people aged 16 and over,812,776,36
S01013026,Economically active: Total,545,522,23
S01013026,Economically active: Employee: Total,472,450,22
S01013026,Economically active: Employee: Part-time (1),109,106,3
S01013026,Economically active: Employee: Full-time (1),363,344,19
S01013026,Economically active: Self-employed: Total,38,37,1
S01013026,Economically active: Self-employed: Part-time (1),10,9,1
S01013026,Economically active: Self-employed: Full-time (1),28,28,0
S01013026,Economically active: Unemployed (1),35,35,0
S01013026,Economically inactive,267,254,13
S01013027,All people aged 16 and over,794,782,12
S01013027,Economically active: Total,464,461,3
S01013027,Economically active: Employee: Total,365,363,2
S01013027,Economically active: Employee: Part-time (1),124,124,0
S01013027,Economically active: Employee: Full-time (1),241,239,2
S01013027,Economically active: Self-employed: Total,28,27,1
S01013027,Economically active: Self-employed: Part-time (1),11,11,0
S01013027,Economically active: Self-employed: Full-time (1),17,16,1
S01013027,Economically active: Unemployed (1),71,71,0
S01013027,Economically inactive,330,321,9
S01013028,All people aged 16 and over,393,367,26
S01013028,Economically active: Total,287,265,22
S01013028,Economically active: Employee: Total,218,200,18
S01013028,Economically active: Employee: Part-time (1),54,50,4
S01013028,Economically active: Employee: Full-time (1),164,150,14
S01013028,Economically active: Self-employed: Total,52,51,1
S01013028,Economically active: Self-employed: Part-time (1),11,11,0
S01013028,Economically active: Self-employed: Full-time (1),41,40,1
S01013028,Economically active: Unemployed (1),17,14,3
S01013028,Economically inactive,106,102,4
S01013029,All people aged 16 and over,490,477,13
S01013029,Economically active: Total,269,260,9
S01013029,Economically active: Employee: Total,241,236,5
S01013029,Economically active: Employee: Part-time (1),75,74,1
S01013029,Economically active: Employee: Full-time (1),166,162,4
S01013029,Economically active: Self-employed: Total,11,10,1
S01013029,Economically active: Self-employed: Part-time (1),2,1,1
S01013029,Economically active: Self-employed: Full-time (1),9,9,0
S01013029,Economically active: Unemployed (1),17,14,3
S01013029,Economically inactive,221,217,4
S01013030,All people aged 16 and over,481,470,11
S01013030,Economically active: Total,315,306,9
S01013030,Economically active: Employee: Total,247,240,7
S01013030,Economically active: Employee: Part-time (1),78,77,1
S01013030,Economically active: Employee: Full-time (1),169,163,6
S01013030,Economically active: Self-employed: Total,27,25,2
S01013030,Economically active: Self-employed: Part-time (1),9,8,1
S01013030,Economically active: Self-employed: Full-time (1),18,17,1
S01013030,Economically active: Unemployed (1),41,41,0
S01013030,Economically inactive,166,164,2
S01013031,All people aged 16 and over,505,498,7
S01013031,Economically active: Total,337,333,4
S01013031,Economically active: Employee: Total,283,280,3
S01013031,Economically active: Employee: Part-time (1),90,90,0
S01013031,Economically active: Employee: Full-time (1),193,190,3
S01013031,Economically active: Self-employed: Total,19,18,1
S01013031,Economically active: Self-employed: Part-time (1),5,5,0
S01013031,Economically active: Self-employed: Full-time (1),14,13,1
S01013031,Economically active: Unemployed (1),35,35,0
S01013031,Economically inactive,168,165,3
S01013032,All people aged 16 and over,571,532,39
S01013032,Economically active: Total,478,446,32
S01013032,Economically active: Employee: Total,409,382,27
S01013032,Economically active: Employee: Part-time (1),100,93,7
S01013032,Economically active: Employee: Full-time (1),309,289,20
S01013032,Economically active: Self-employed: Total,52,48,4
S01013032,Economically active: Self-employed: Part-time (1),8,7,1
S01013032,Economically active: Self-employed: Full-time (1),44,41,3
S01013032,Economically active: Unemployed (1),17,16,1
S01013032,Economically inactive,93,86,7
S01013033,All people aged 16 and over,512,482,30
S01013033,Economically active: Total,395,371,24
S01013033,Economically active: Employee: Total,340,319,21
S01013033,Economically active: Employee: Part-time (1),87,85,2
S01013033,Economically active: Employee: Full-time (1),253,234,19
S01013033,Economically active: Self-employed: Total,33,30,3
S01013033,Economically active: Self-employed: Part-time (1),10,9,1
S01013033,Economically active: Self-employed: Full-time (1),23,21,2
S01013033,Economically active: Unemployed (1),22,22,0
S01013033,Economically inactive,117,111,6
S01013034,All people aged 16 and over,576,564,12
S01013034,Economically active: Total,365,354,11
S01013034,Economically active: Employee: Total,316,306,10
S01013034,Economically active: Employee: Part-time (1),102,99,3
S01013034,Economically active: Employee: Full-time (1),214,207,7
S01013034,Economically active: Self-employed: Total,19,19,0
S01013034,Economically active: Self-employed: Part-time (1),8,8,0
S01013034,Economically active: Self-employed: Full-time (1),11,11,0
S01013034,Economically active: Unemployed (1),30,29,1
S01013034,Economically inactive,211,210,1
S01013035,All people aged 16 and over,548,534,14
S01013035,Economically active: Total,336,327,9
S01013035,Economically active: Employee: Total,277,269,8
S01013035,Economically active: Employee: Part-time (1),107,105,2
S01013035,Economically active: Employee: Full-time (1),170,164,6
S01013035,Economically active: Self-employed: Total,16,15,1
S01013035,Economically active: Self-employed: Part-time (1),5,4,1
S01013035,Economically active: Self-employed: Full-time (1),11,11,0
S01013035,Economically active: Unemployed (1),43,43,0
S01013035,Economically inactive,212,207,5
S01013036,All people aged 16 and over,605,600,5
S01013036,Economically active: Total,413,409,4
S01013036,Economically active: Employee: Total,317,314,3
S01013036,Economically active: Employee: Part-time (1),108,107,1
S01013036,Economically active: Employee: Full-time (1),209,207,2
S01013036,Economically active: Self-employed: Total,27,26,1
S01013036,Economically active: Self-employed: Part-time (1),10,10,0
S01013036,Economically active: Self-employed: Full-time (1),17,16,1
S01013036,Economically active: Unemployed (1),69,69,0
S01013036,Economically inactive,192,191,1
S01013037,All people aged 16 and over,654,636,18
S01013037,Economically active: Total,424,410,14
S01013037,Economically active: Employee: Total,353,344,9
S01013037,Economically active: Employee: Part-time (1),80,78,2
S01013037,Economically active: Employee: Full-time (1),273,266,7
S01013037,Economically active: Self-employed: Total,44,40,4
S01013037,Economically active: Self-employed: Part-time (1),12,11,1
S01013037,Economically active: Self-employed: Full-time (1),32,29,3
S01013037,Economically active: Unemployed (1),27,26,1
S01013037,Economically inactive,230,226,4
S01013038,All people aged 16 and over,811,780,31
S01013038,Economically active: Total,512,489,23
S01013038,Economically active: Employee: Total,427,409,18
S01013038,Economically active: Employee: Part-time (1),109,104,5
S01013038,Economically active: Employee: Full-time (1),318,305,13
S01013038,Economically active: Self-employed: Total,36,33,3
S01013038,Economically active: Self-employed: Part-time (1),9,7,2
S01013038,Economically active: Self-employed: Full-time (1),27,26,1
S01013038,Economically active: Unemployed (1),49,47,2
S01013038,Economically inactive,299,291,8
S01013039,All people aged 16 and over,427,404,23
S01013039,Economically active: Total,340,322,18
S01013039,Economically active: Employee: Total,299,285,14
S01013039,Economically active: Employee: Part-time (1),87,80,7
S01013039,Economically active: Employee: Full-time (1),212,205,7
S01013039,Economically active: Self-employed: Total,25,23,2
S01013039,Economically active: Self-employed: Part-time (1),8,7,1
S01013039,Economically active: Self-employed: Full-time (1),17,16,1
S01013039,Economically active: Unemployed (1),16,14,2
S01013039,Economically inactive,87,82,5
S01013040,All people aged 16 and over,544,529,15
S01013040,Economically active: Total,305,295,10
S01013040,Economically active: Employee: Total,255,249,6
S01013040,Economically active: Employee: Part-time (1),70,69,1
S01013040,Economically active: Employee: Full-time (1),185,180,5
S01013040,Economically active: Self-employed: Total,32,29,3
S01013040,Economically active: Self-employed: Part-time (1),7,7,0
S01013040,Economically active: Self-employed: Full-time (1),25,22,3
S01013040,Economically active: Unemployed (1),18,17,1
S01013040,Economically inactive,239,234,5
S01013041,All people aged 16 and over,485,463,22
S01013041,Economically active: Total,350,332,18
S01013041,Economically active: Employee: Total,297,281,16
S01013041,Economically active: Employee: Part-time (1),75,72,3
S01013041,Economically active: Employee: Full-time (1),222,209,13
S01013041,Economically active: Self-employed: Total,29,28,1
S01013041,Economically active: Self-employed: Part-time (1),7,7,0
S01013041,Economically active: Self-employed: Full-time (1),22,21,1
S01013041,Economically active: Unemployed (1),24,23,1
S01013041,Economically inactive,135,131,4
S01013042,All people aged 16 and over,650,632,18
S01013042,Economically active: Total,475,459,16
S01013042,Economically active: Employee: Total,391,380,11
S01013042,Economically active: Employee: Part-time (1),109,106,3
S01013042,Economically active: Employee: Full-time (1),282,274,8
S01013042,Economically active: Self-employed: Total,57,52,5
S01013042,Economically active: Self-employed: Part-time (1),16,15,1
S01013042,Economically active: Self-employed: Full-time (1),41,37,4
S01013042,Economically active: Unemployed (1),27,27,0
S01013042,Economically inactive,175,173,2
S01013043,All people aged 16 and over,558,527,31
S01013043,Economically active: Total,342,325,17
S01013043,Economically active: Employee: Total,270,256,14
S01013043,Economically active: Employee: Part-time (1),80,77,3
S01013043,Economically active: Employee: Full-time (1),190,179,11
S01013043,Economically active: Self-employed: Total,27,24,3
S01013043,Economically active: Self-employed: Part-time (1),9,9,0
S01013043,Economically active: Self-employed: Full-time (1),18,15,3
S01013043,Economically active: Unemployed (1),45,45,0
S01013043,Economically inactive,216,202,14
S01013044,All people aged 16 and over,649,625,24
S01013044,Economically active: Total,405,389,16
S01013044,Economically active: Employee: Total,336,322,14
S01013044,Economically active: Employee: Part-time (1),100,98,2
S01013044,Economically active: Employee: Full-time (1),236,224,12
S01013044,Economically active: Self-employed: Total,27,27,0
S01013044,Economically active: Self-employed: Part-time (1),8,8,0
S01013044,Economically active: Self-employed: Full-time (1),19,19,0
S01013044,Economically active: Unemployed (1),42,40,2
S01013044,Economically inactive,244,236,8
S01013045,All people aged 16 and over,541,509,32
S01013045,Economically active: Total,374,352,22
S01013045,Economically active: Employee: Total,318,300,18
S01013045,Economically active: Employee: Part-time (1),77,70,7
S01013045,Economically active: Employee: Full-time (1),241,230,11
S01013045,Economically active: Self-employed: Total,32,29,3
S01013045,Economically active: Self-employed: Part-time (1),7,6,1
S01013045,Economically active: Self-employed: Full-time (1),25,23,2
S01013045,Economically active: Unemployed (1),24,23,1
S01013045,Economically inactive,167,157,10
S01013046,All people aged 16 and over,421,404,17
S01013046,Economically active: Total,250,242,8
S01013046,Economically active: Employee: Total,220,215,5
S01013046,Economically active: Employee: Part-time (1),77,73,4
S01013046,Economically active: Employee: Full-time (1),143,142,1
S01013046,Economically active: Self-employed: Total,14,12,2
S01013046,Economically active: Self-employed: Part-time (1),3,2,1
S01013046,Economically active: Self-employed: Full-time (1),11,10,1
S01013046,Economically active: Unemployed (1),16,15,1
S01013046,Economically inactive,171,162,9
S01013047,All people aged 16 and over,703,659,44
S01013047,Economically active: Total,557,525,32
S01013047,Economically active: Employee: Total,485,459,26
S01013047,Economically active: Employee: Part-time (1),127,119,8
S01013047,Economically active: Employee: Full-time (1),358,340,18
S01013047,Economically active: Self-employed: Total,54,50,4
S01013047,Economically active: Self-employed: Part-time (1),19,18,1
S01013047,Economically active: Self-employed: Full-time (1),35,32,3
S01013047,Economically active: Unemployed (1),18,16,2
S01013047,Economically inactive,146,134,12
S01013048,All people aged 16 and over,684,641,43
S01013048,Economically active: Total,539,504,35
S01013048,Economically active: Employee: Total,486,453,33
S01013048,Economically active: Employee: Part-time (1),94,85,9
S01013048,Economically active: Employee: Full-time (1),392,368,24
S01013048,Economically active: Self-employed: Total,26,26,0
S01013048,Economically active: Self-employed: Part-time (1),8,8,0
S01013048,Economically active: Self-employed: Full-time (1),18,18,0
S01013048,Economically active: Unemployed (1),27,25,2
S01013048,Economically inactive,145,137,8
S01013049,All people aged 16 and over,685,647,38
S01013049,Economically active: Total,465,445,20
S01013049,Economically active: Employee: Total,400,380,20
S01013049,Economically active: Employee: Part-time (1),87,84,3
S01013049,Economically active: Employee: Full-time (1),313,296,17
S01013049,Economically active: Self-employed: Total,41,41,0
S01013049,Economically active: Self-employed: Part-time (1),12,12,0
S01013049,Economically active: Self-employed: Full-time (1),29,29,0
S01013049,Economically active: Unemployed (1),24,24,0
S01013049,Economically inactive,220,202,18
S01013050,All people aged 16 and over,649,624,25
S01013050,Economically active: Total,364,344,20
S01013050,Economically active: Employee: Total,293,277,16
S01013050,Economically active: Employee: Part-time (1),65,63,2
S01013050,Economically active: Employee: Full-time (1),228,214,14
S01013050,Economically active: Self-employed: Total,35,33,2
S01013050,Economically active: Self-employed: Part-time (1),15,15,0
S01013050,Economically active: Self-employed: Full-time (1),20,18,2
S01013050,Economically active: Unemployed (1),36,34,2
S01013050,Economically inactive,285,280,5
S01013051,All people aged 16 and over,763,745,18
S01013051,Economically active: Total,462,452,10
S01013051,Economically active: Employee: Total,386,378,8
S01013051,Economically active: Employee: Part-time (1),111,111,0
S01013051,Economically active: Employee: Full-time (1),275,267,8
S01013051,Economically active: Self-employed: Total,33,33,0
S01013051,Economically active: Self-employed: Part-time (1),6,6,0
S01013051,Economically active: Self-employed: Full-time (1),27,27,0
S01013051,Economically active: Unemployed (1),43,41,2
S01013051,Economically inactive,301,293,8
S01013052,All people aged 16 and over,637,624,13
S01013052,Economically active: Total,348,339,9
S01013052,Economically active: Employee: Total,298,293,5
S01013052,Economically active: Employee: Part-time (1),88,88,0
S01013052,Economically active: Employee: Full-time (1),210,205,5
S01013052,Economically active: Self-employed: Total,23,20,3
S01013052,Economically active: Self-employed: Part-time (1),5,4,1
S01013052,Economically active: Self-employed: Full-time (1),18,16,2
S01013052,Economically active: Unemployed (1),27,26,1
S01013052,Economically inactive,289,285,4
S01013053,All people aged 16 and over,526,495,31
S01013053,Economically active: Total,296,271,25
S01013053,Economically active: Employee: Total,232,210,22
S01013053,Economically active: Employee: Part-time (1),64,55,9
S01013053,Economically active: Employee: Full-time (1),168,155,13
S01013053,Economically active: Self-employed: Total,31,29,2
S01013053,Economically active: Self-employed: Part-time (1),7,7,0
S01013053,Economically active: Self-employed: Full-time (1),24,22,2
S01013053,Economically active: Unemployed (1),33,32,1
S01013053,Economically inactive,230,224,6
S01013054,All people aged 16 and over,577,553,24
S01013054,Economically active: Total,358,344,14
S01013054,Economically active: Employee: Total,300,288,12
S01013054,Economically active: Employee: Part-time (1),80,75,5
S01013054,Economically active: Employee: Full-time (1),220,213,7
S01013054,Economically active: Self-employed: Total,32,32,0
S01013054,Economically active: Self-employed: Part-time (1),7,7,0
S01013054,Economically active: Self-employed: Full-time (1),25,25,0
S01013054,Economically active: Unemployed (1),26,24,2
S01013054,Economically inactive,219,209,10
S01013055,All people aged 16 and over,581,546,35
S01013055,Economically active: Total,337,313,24
S01013055,Economically active: Employee: Total,269,250,19
S01013055,Economically active: Employee: Part-time (1),76,70,6
S01013055,Economically active: Employee: Full-time (1),193,180,13
S01013055,Economically active: Self-employed: Total,38,35,3
S01013055,Economically active: Self-employed: Part-time (1),10,10,0
S01013055,Economically active: Self-employed: Full-time (1),28,25,3
S01013055,Economically active: Unemployed (1),30,28,2
S01013055,Economically inactive,244,233,11
S01013056,All people aged 16 and over,774,737,37
S01013056,Economically active: Total,461,430,31
S01013056,Economically active: Employee: Total,371,341,30
S01013056,Economically active: Employee: Part-time (1),116,103,13
S01013056,Economically active: Employee: Full-time (1),255,238,17
S01013056,Economically active: Self-employed: Total,54,53,1
S01013056,Economically active: Self-employed: Part-time (1),11,11,0
S01013056,Economically active: Self-employed: Full-time (1),43,42,1
S01013056,Economically active: Unemployed (1),36,36,0
S01013056,Economically inactive,313,307,6
S01013057,All people aged 16 and over,641,613,28
S01013057,Economically active: Total,387,364,23
S01013057,Economically active: Employee: Total,282,265,17
S01013057,Economically active: Employee: Part-time (1),95,91,4
S01013057,Economically active: Employee: Full-time (1),187,174,13
S01013057,Economically active: Self-employed: Total,32,29,3
S01013057,Economically active: Self-employed: Part-time (1),12,12,0
S01013057,Economically active: Self-employed: Full-time (1),20,17,3
S01013057,Economically active: Unemployed (1),73,70,3
S01013057,Economically inactive,254,249,5
S01013058,All people aged 16 and over,420,381,39
S01013058,Economically active: Total,355,330,25
S01013058,Economically active: Employee: Total,305,284,21
S01013058,Economically active: Employee: Part-time (1),74,63,11
S01013058,Economically active: Employee: Full-time (1),231,221,10
S01013058,Economically active: Self-employed: Total,33,31,2
S01013058,Economically active: Self-employed: Part-time (1),12,12,0
S01013058,Economically active: Self-employed: Full-time (1),21,19,2
S01013058,Economically active: Unemployed (1),17,15,2
S01013058,Economically inactive,65,51,14
S01013059,All people aged 16 and over,669,636,33
S01013059,Economically active: Total,327,305,22
S01013059,Economically active: Employee: Total,267,249,18
S01013059,Economically active: Employee: Part-time (1),62,56,6
S01013059,Economically active: Employee: Full-time (1),205,193,12
S01013059,Economically active: Self-employed: Total,43,40,3
S01013059,Economically active: Self-employed: Part-time (1),10,9,1
S01013059,Economically active: Self-employed: Full-time (1),33,31,2
S01013059,Economically active: Unemployed (1),17,16,1
S01013059,Economically inactive,342,331,11
S01013060,All people aged 16 and over,449,417,32
S01013060,Economically active: Total,251,232,19
S01013060,Economically active: Employee: Total,196,181,15
S01013060,Economically active: Employee: Part-time (1),62,56,6
S01013060,Economically active: Employee: Full-time (1),134,125,9
S01013060,Economically active: Self-employed: Total,41,38,3
S01013060,Economically active: Self-employed: Part-time (1),11,10,1
S01013060,Economically active: Self-employed: Full-time (1),30,28,2
S01013060,Economically active: Unemployed (1),14,13,1
S01013060,Economically inactive,198,185,13
S01013061,All people aged 16 and over,683,650,33
S01013061,Economically active: Total,351,334,17
S01013061,Economically active: Employee: Total,303,288,15
S01013061,Economically active: Employee: Part-time (1),87,82,5
S01013061,Economically active: Employee: Full-time (1),216,206,10
S01013061,Economically active: Self-employed: Total,40,39,1
S01013061,Economically active: Self-employed: Part-time (1),12,12,0
S01013061,Economically active: Self-employed: Full-time (1),28,27,1
S01013061,Economically active: Unemployed (1),8,7,1
S01013061,Economically inactive,332,316,16
S01013062,All people aged 16 and over,746,677,69
S01013062,Economically active: Total,388,352,36
S01013062,Economically active: Employee: Total,297,271,26
S01013062,Economically active: Employee: Part-time (1),76,65,11
S01013062,Economically active: Employee: Full-time (1),221,206,15
S01013062,Economically active: Self-employed: Total,79,71,8
S01013062,Economically active: Self-employed: Part-time (1),28,26,2
S01013062,Economically active: Self-employed: Full-time (1),51,45,6
S01013062,Economically active: Unemployed (1),12,10,2
S01013062,Economically inactive,358,325,33
S01013063,All people aged 16 and over,678,609,69
S01013063,Economically active: Total,391,356,35
S01013063,Economically active: Employee: Total,293,263,30
S01013063,Economically active: Employee: Part-time (1),83,79,4
S01013063,Economically active: Employee: Full-time (1),210,184,26
S01013063,Economically active: Self-employed: Total,77,72,5
S01013063,Economically active: Self-employed: Part-time (1),20,18,2
S01013063,Economically active: Self-employed: Full-time (1),57,54,3
S01013063,Economically active: Unemployed (1),21,21,0
S01013063,Economically inactive,287,253,34
S01013064,All people aged 16 and over,714,680,34
S01013064,Economically active: Total,412,391,21
S01013064,Economically active: Employee: Total,340,322,18
S01013064,Economically active: Employee: Part-time (1),90,85,5
S01013064,Economically active: Employee: Full-time (1),250,237,13
S01013064,Economically active: Self-employed: Total,39,37,2
S01013064,Economically active: Self-employed: Part-time (1),11,11,0
S01013064,Economically active: Self-employed: Full-time (1),28,26,2
S01013064,Economically active: Unemployed (1),33,32,1
S01013064,Economically inactive,302,289,13
S01013065,All people aged 16 and over,731,683,48
S01013065,Economically active: Total,430,406,24
S01013065,Economically active: Employee: Total,359,340,19
S01013065,Economically active: Employee: Part-time (1),115,111,4
S01013065,Economically active: Employee: Full-time (1),244,229,15
S01013065,Economically active: Self-employed: Total,33,32,1
S01013065,Economically active: Self-employed: Part-time (1),13,13,0
S01013065,Economically active: Self-employed: Full-time (1),20,19,1
S01013065,Economically active: Unemployed (1),38,34,4
S01013065,Economically inactive,301,277,24
S01013066,All people aged 16 and over,614,577,37
S01013066,Economically active: Total,411,383,28
S01013066,Economically active: Employee: Total,323,298,25
S01013066,Economically active: Employee: Part-time (1),84,74,10
S01013066,Economically active: Employee: Full-time (1),239,224,15
S01013066,Economically active: Self-employed: Total,43,41,2
S01013066,Economically active: Self-employed: Part-time (1),13,13,0
S01013066,Economically active: Self-employed: Full-time (1),30,28,2
S01013066,Economically active: Unemployed (1),45,44,1
S01013066,Economically inactive,203,194,9
S01013067,All people aged 16 and over,774,542,232
S01013067,Economically active: Total,498,387,111
S01013067,Economically active: Employee: Total,392,298,94
S01013067,Economically active: Employee: Part-time (1),178,147,31
S01013067,Economically active: Employee: Full-time (1),214,151,63
S01013067,Economically active: Self-employed: Total,32,27,5
S01013067,Economically active: Self-employed: Part-time (1),9,9,0
S01013067,Economically active: Self-employed: Full-time (1),23,18,5
S01013067,Economically active: Unemployed (1),74,62,12
S01013067,Economically inactive,276,155,121
S01013068,All people aged 16 and over,659,544,115
S01013068,Economically active: Total,418,352,66
S01013068,Economically active: Employee: Total,311,257,54
S01013068,Economically active: Employee: Part-time (1),122,108,14
S01013068,Economically active: Employee: Full-time (1),189,149,40
S01013068,Economically active: Self-employed: Total,29,25,4
S01013068,Economically active: Self-employed: Part-time (1),10,8,2
S01013068,Economically active: Self-employed: Full-time (1),19,17,2
S01013068,Economically active: Unemployed (1),78,70,8
S01013068,Economically inactive,241,192,49
S01013069,All people aged 16 and over,670,531,139
S01013069,Economically active: Total,426,357,69
S01013069,Economically active: Employee: Total,329,274,55
S01013069,Economically active: Employee: Part-time (1),155,138,17
S01013069,Economically active: Employee: Full-time (1),174,136,38
S01013069,Economically active: Self-employed: Total,28,21,7
S01013069,Economically active: Self-employed: Part-time (1),10,9,1
S01013069,Economically active: Self-employed: Full-time (1),18,12,6
S01013069,Economically active: Unemployed (1),69,62,7
S01013069,Economically inactive,244,174,70
S01013070,All people aged 16 and over,561,424,137
S01013070,Economically active: Total,312,272,40
S01013070,Economically active: Employee: Total,249,222,27
S01013070,Economically active: Employee: Part-time (1),126,114,12
S01013070,Economically active: Employee: Full-time (1),123,108,15
S01013070,Economically active: Self-employed: Total,16,15,1
S01013070,Economically active: Self-employed: Part-time (1),6,5,1
S01013070,Economically active: Self-employed: Full-time (1),10,10,0
S01013070,Economically active: Unemployed (1),47,35,12
S01013070,Economically inactive,249,152,97
S01013071,All people aged 16 and over,924,664,260
S01013071,Economically active: Total,569,450,119
S01013071,Economically active: Employee: Total,446,347,99
S01013071,Economically active: Employee: Part-time (1),253,214,39
S01013071,Economically active: Employee: Full-time (1),193,133,60
S01013071,Economically active: Self-employed: Total,22,16,6
S01013071,Economically active: Self-employed: Part-time (1),9,6,3
S01013071,Economically active: Self-employed: Full-time (1),13,10,3
S01013071,Economically active: Unemployed (1),101,87,14
S01013071,Economically inactive,355,214,141
S01013072,All people aged 16 and over,433,425,8
S01013072,Economically active: Total,237,229,8
S01013072,Economically active: Employee: Total,195,188,7
S01013072,Economically active: Employee: Part-time (1),67,64,3
S01013072,Economically active: Employee: Full-time (1),128,124,4
S01013072,Economically active: Self-employed: Total,9,8,1
S01013072,Economically active: Self-employed: Part-time (1),2,1,1
S01013072,Economically active: Self-employed: Full-time (1),7,7,0
S01013072,Economically active: Unemployed (1),33,33,0
S01013072,Economically inactive,196,196,0
S01013073,All people aged 16 and over,639,577,62
S01013073,Economically active: Total,400,357,43
S01013073,Economically active: Employee: Total,328,294,34
S01013073,Economically active: Employee: Part-time (1),97,85,12
S01013073,Economically active: Employee: Full-time (1),231,209,22
S01013073,Economically active: Self-employed: Total,18,13,5
S01013073,Economically active: Self-employed: Part-time (1),3,3,0
S01013073,Economically active: Self-employed: Full-time (1),15,10,5
S01013073,Economically active: Unemployed (1),54,50,4
S01013073,Economically inactive,239,220,19
S01013074,All people aged 16 and over,526,497,29
S01013074,Economically active: Total,307,293,14
S01013074,Economically active: Employee: Total,216,206,10
S01013074,Economically active: Employee: Part-time (1),96,94,2
S01013074,Economically active: Employee: Full-time (1),120,112,8
S01013074,Economically active: Self-employed: Total,33,30,3
S01013074,Economically active: Self-employed: Part-time (1),8,7,1
S01013074,Economically active: Self-employed: Full-time (1),25,23,2
S01013074,Economically active: Unemployed (1),58,57,1
S01013074,Economically inactive,219,204,15
S01013075,All people aged 16 and over,750,700,50
S01013075,Economically active: Total,362,337,25
S01013075,Economically active: Employee: Total,261,242,19
S01013075,Economically active: Employee: Part-time (1),86,83,3
S01013075,Economically active: Employee: Full-time (1),175,159,16
S01013075,Economically active: Self-employed: Total,35,30,5
S01013075,Economically active: Self-employed: Part-time (1),9,9,0
S01013075,Economically active: Self-employed: Full-time (1),26,21,5
S01013075,Economically active: Unemployed (1),66,65,1
S01013075,Economically inactive,388,363,25
S01013076,All people aged 16 and over,652,450,202
S01013076,Economically active: Total,381,313,68
S01013076,Economically active: Employee: Total,281,239,42
S01013076,Economically active: Employee: Part-time (1),135,112,23
S01013076,Economically active: Employee: Full-time (1),146,127,19
S01013076,Economically active: Self-employed: Total,40,36,4
S01013076,Economically active: Self-employed: Part-time (1),14,13,1
S01013076,Economically active: Self-employed: Full-time (1),26,23,3
S01013076,Economically active: Unemployed (1),60,38,22
S01013076,Economically inactive,271,137,134
S01013077,All people aged 16 and over,544,507,37
S01013077,Economically active: Total,305,281,24
S01013077,Economically active: Employee: Total,249,227,22
S01013077,Economically active: Employee: Part-time (1),84,80,4
S01013077,Economically active: Employee: Full-time (1),165,147,18
S01013077,Economically active: Self-employed: Total,11,10,1
S01013077,Economically active: Self-employed: Part-time (1),2,1,1
S01013077,Economically active: Self-employed: Full-time (1),9,9,0
S01013077,Economically active: Unemployed (1),45,44,1
S01013077,Economically inactive,239,226,13
S01013078,All people aged 16 and over,436,406,30
S01013078,Economically active: Total,264,243,21
S01013078,Economically active: Employee: Total,203,184,19
S01013078,Economically active: Employee: Part-time (1),74,66,8
S01013078,Economically active: Employee: Full-time (1),129,118,11
S01013078,Economically active: Self-employed: Total,18,18,0
S01013078,Economically active: Self-employed: Part-time (1),6,6,0
S01013078,Economically active: Self-employed: Full-time (1),12,12,0
S01013078,Economically active: Unemployed (1),43,41,2
S01013078,Economically inactive,172,163,9
S01013079,All people aged 16 and over,1086,1001,85
S01013079,Economically active: Total,644,592,52
S01013079,Economically active: Employee: Total,524,484,40
S01013079,Economically active: Employee: Part-time (1),154,141,13
S01013079,Economically active: Employee: Full-time (1),370,343,27
S01013079,Economically active: Self-employed: Total,75,65,10
S01013079,Economically active: Self-employed: Part-time (1),20,18,2
S01013079,Economically active: Self-employed: Full-time (1),55,47,8
S01013079,Economically active: Unemployed (1),45,43,2
S01013079,Economically inactive,442,409,33
S01013080,All people aged 16 and over,738,645,93
S01013080,Economically active: Total,436,393,43
S01013080,Economically active: Employee: Total,345,307,38
S01013080,Economically active: Employee: Part-time (1),104,92,12
S01013080,Economically active: Employee: Full-time (1),241,215,26
S01013080,Economically active: Self-employed: Total,65,61,4
S01013080,Economically active: Self-employed: Part-time (1),24,24,0
S01013080,Economically active: Self-employed: Full-time (1),41,37,4
S01013080,Economically active: Unemployed (1),26,25,1
S01013080,Economically inactive,302,252,50
S01013081,All people aged 16 and over,548,525,23
S01013081,Economically active: Total,346,332,14
S01013081,Economically active: Employee: Total,282,272,10
S01013081,Economically active: Employee: Part-time (1),65,64,1
S01013081,Economically active: Employee: Full-time (1),217,208,9
S01013081,Economically active: Self-employed: Total,46,44,2
S01013081,Economically active: Self-employed: Part-time (1),11,11,0
S01013081,Economically active: Self-employed: Full-time (1),35,33,2
S01013081,Economically active: Unemployed (1),18,16,2
S01013081,Economically inactive,202,193,9
S01013082,All people aged 16 and over,736,696,40
S01013082,Economically active: Total,449,424,25
S01013082,Economically active: Employee: Total,392,374,18
S01013082,Economically active: Employee: Part-time (1),102,96,6
S01013082,Economically active: Employee: Full-time (1),290,278,12
S01013082,Economically active: Self-employed: Total,45,40,5
S01013082,Economically active: Self-employed: Part-time (1),10,7,3
S01013082,Economically active: Self-employed: Full-time (1),35,33,2
S01013082,Economically active: Unemployed (1),12,10,2
S01013082,Economically inactive,287,272,15
S01013083,All people aged 16 and over,2207,1757,450
S01013083,Economically active: Total,1093,954,139
S01013083,Economically active: Employee: Total,686,606,80
S01013083,Economically active: Employee: Part-time (1),530,466,64
S01013083,Economically active: Employee: Full-time (1),156,140,16
S01013083,Economically active: Self-employed: Total,40,35,5
S01013083,Economically active: Self-employed: Part-time (1),12,9,3
S01013083,Economically active: Self-employed: Full-time (1),28,26,2
S01013083,Economically active: Unemployed (1),367,313,54
S01013083,Economically inactive,1114,803,311
S01013084,All people aged 16 and over,624,586,38
S01013084,Economically active: Total,369,346,23
S01013084,Economically active: Employee: Total,298,282,16
S01013084,Economically active: Employee: Part-time (1),96,91,5
S01013084,Economically active: Employee: Full-time (1),202,191,11
S01013084,Economically active: Self-employed: Total,56,52,4
S01013084,Economically active: Self-employed: Part-time (1),17,14,3
S01013084,Economically active: Self-employed: Full-time (1),39,38,1
S01013084,Economically active: Unemployed (1),15,12,3
S01013084,Economically inactive,255,240,15
S01013085,All people aged 16 and over,596,415,181
S01013085,Economically active: Total,233,196,37
S01013085,Economically active: Employee: Total,177,160,17
S01013085,Economically active: Employee: Part-time (1),43,37,6
S01013085,Economically active: Employee: Full-time (1),134,123,11
S01013085,Economically active: Self-employed: Total,28,24,4
S01013085,Economically active: Self-employed: Part-time (1),14,11,3
S01013085,Economically active: Self-employed: Full-time (1),14,13,1
S01013085,Economically active: Unemployed (1),28,12,16
S01013085,Economically inactive,363,219,144
S01013086,All people aged 16 and over,760,634,126
S01013086,Economically active: Total,474,410,64
S01013086,Economically active: Employee: Total,381,326,55
S01013086,Economically active: Employee: Part-time (1),100,86,14
S01013086,Economically active: Employee: Full-time (1),281,240,41
S01013086,Economically active: Self-employed: Total,64,59,5
S01013086,Economically active: Self-employed: Part-time (1),21,17,4
S01013086,Economically active: Self-employed: Full-time (1),43,42,1
S01013086,Economically active: Unemployed (1),29,25,4
S01013086,Economically inactive,286,224,62
S01013087,All people aged 16 and over,689,558,131
S01013087,Economically active: Total,374,320,54
S01013087,Economically active: Employee: Total,260,224,36
S01013087,Economically active: Employee: Part-time (1),70,59,11
S01013087,Economically active: Employee: Full-time (1),190,165,25
S01013087,Economically active: Self-employed: Total,92,81,11
S01013087,Economically active: Self-employed: Part-time (1),37,31,6
S01013087,Economically active: Self-employed: Full-time (1),55,50,5
S01013087,Economically active: Unemployed (1),22,15,7
S01013087,Economically inactive,315,238,77
S01013088,All people aged 16 and over,773,722,51
S01013088,Economically active: Total,446,424,22
S01013088,Economically active: Employee: Total,326,311,15
S01013088,Economically active: Employee: Part-time (1),92,86,6
S01013088,Economically active: Employee: Full-time (1),234,225,9
S01013088,Economically active: Self-employed: Total,102,96,6
S01013088,Economically active: Self-employed: Part-time (1),26,23,3
S01013088,Economically active: Self-employed: Full-time (1),76,73,3
S01013088,Economically active: Unemployed (1),18,17,1
S01013088,Economically inactive,327,298,29
S01013089,All people aged 16 and over,633,571,62
S01013089,Economically active: Total,364,324,40
S01013089,Economically active: Employee: Total,307,275,32
S01013089,Economically active: Employee: Part-time (1),77,70,7
S01013089,Economically active: Employee: Full-time (1),230,205,25
S01013089,Economically active: Self-employed: Total,33,31,2
S01013089,Economically active: Self-employed: Part-time (1),9,8,1
S01013089,Economically active: Self-employed: Full-time (1),24,23,1
S01013089,Economically active: Unemployed (1),24,18,6
S01013089,Economically inactive,269,247,22
S01013090,All people aged 16 and over,688,565,123
S01013090,Economically active: Total,460,391,69
S01013090,Economically active: Employee: Total,376,318,58
S01013090,Economically active: Employee: Part-time (1),137,115,22
S01013090,Economically active: Employee: Full-time (1),239,203,36
S01013090,Economically active: Self-employed: Total,51,44,7
S01013090,Economically active: Self-employed: Part-time (1),19,18,1
S01013090,Economically active: Self-employed: Full-time (1),32,26,6
S01013090,Economically active: Unemployed (1),33,29,4
S01013090,Economically inactive,228,174,54
S01013091,All people aged 16 and over,462,354,108
S01013091,Economically active: Total,302,255,47
S01013091,Economically active: Employee: Total,263,221,42
S01013091,Economically active: Employee: Part-time (1),80,70,10
S01013091,Economically active: Employee: Full-time (1),183,151,32
S01013091,Economically active: Self-employed: Total,22,20,2
S01013091,Economically active: Self-employed: Part-time (1),7,7,0
S01013091,Economically active: Self-employed: Full-time (1),15,13,2
S01013091,Economically active: Unemployed (1),17,14,3
S01013091,Economically inactive,160,99,61
S01013092,All people aged 16 and over,741,652,89
S01013092,Economically active: Total,480,432,48
S01013092,Economically active: Employee: Total,391,349,42
S01013092,Economically active: Employee: Part-time (1),107,98,9
S01013092,Economically active: Employee: Full-time (1),284,251,33
S01013092,Economically active: Self-employed: Total,52,50,2
S01013092,Economically active: Self-employed: Part-time (1),12,12,0
S01013092,Economically active: Self-employed: Full-time (1),40,38,2
S01013092,Economically active: Unemployed (1),37,33,4
S01013092,Economically inactive,261,220,41
S01013093,All people aged 16 and over,410,376,34
S01013093,Economically active: Total,240,220,20
S01013093,Economically active: Employee: Total,168,154,14
S01013093,Economically active: Employee: Part-time (1),42,37,5
S01013093,Economically active: Employee: Full-time (1),126,117,9
S01013093,Economically active: Self-employed: Total,65,59,6
S01013093,Economically active: Self-employed: Part-time (1),22,19,3
S01013093,Economically active: Self-employed: Full-time (1),43,40,3
S01013093,Economically active: Unemployed (1),7,7,0
S01013093,Economically inactive,170,156,14
S01013094,All people aged 16 and over,477,462,15
S01013094,Economically active: Total,287,274,13
S01013094,Economically active: Employee: Total,237,227,10
S01013094,Economically active: Employee: Part-time (1),71,66,5
S01013094,Economically active: Employee: Full-time (1),166,161,5
S01013094,Economically active: Self-employed: Total,38,35,3
S01013094,Economically active: Self-employed: Part-time (1),13,12,1
S01013094,Economically active: Self-employed: Full-time (1),25,23,2
S01013094,Economically active: Unemployed (1),12,12,0
S01013094,Economically inactive,190,188,2
S01013095,All people aged 16 and over,632,589,43
S01013095,Economically active: Total,422,390,32
S01013095,Economically active: Employee: Total,358,332,26
S01013095,Economically active: Employee: Part-time (1),101,93,8
S01013095,Economically active: Employee: Full-time (1),257,239,18
S01013095,Economically active: Self-employed: Total,57,51,6
S01013095,Economically active: Self-employed: Part-time (1),14,14,0
S01013095,Economically active: Self-employed: Full-time (1),43,37,6
S01013095,Economically active: Unemployed (1),7,7,0
S01013095,Economically inactive,210,199,11
S01013096,All people aged 16 and over,448,392,56
S01013096,Economically active: Total,256,224,32
S01013096,Economically active: Employee: Total,219,190,29
S01013096,Economically active: Employee: Part-time (1),67,53,14
S01013096,Economically active: Employee: Full-time (1),152,137,15
S01013096,Economically active: Self-employed: Total,21,19,2
S01013096,Economically active: Self-employed: Part-time (1),7,6,1
S01013096,Economically active: Self-employed: Full-time (1),14,13,1
S01013096,Economically active: Unemployed (1),16,15,1
S01013096,Economically inactive,192,168,24
S01013097,All people aged 16 and over,494,460,34
S01013097,Economically active: Total,358,332,26
S01013097,Economically active: Employee: Total,261,242,19
S01013097,Economically active: Employee: Part-time (1),62,58,4
S01013097,Economically active: Employee: Full-time (1),199,184,15
S01013097,Economically active: Self-employed: Total,88,82,6
S01013097,Economically active: Self-employed: Part-time (1),25,21,4
S01013097,Economically active: Self-employed: Full-time (1),63,61,2
S01013097,Economically active: Unemployed (1),9,8,1
S01013097,Economically inactive,136,128,8
S01013098,All people aged 16 and over,421,398,23
S01013098,Economically active: Total,330,311,19
S01013098,Economically active: Employee: Total,281,263,18
S01013098,Economically active: Employee: Part-time (1),88,79,9
S01013098,Economically active: Employee: Full-time (1),193,184,9
S01013098,Economically active: Self-employed: Total,42,41,1
S01013098,Economically active: Self-employed: Part-time (1),13,13,0
S01013098,Economically active: Self-employed: Full-time (1),29,28,1
S01013098,Economically active: Unemployed (1),7,7,0
S01013098,Economically inactive,91,87,4
S01013099,All people aged 16 and over,791,724,67
S01013099,Economically active: Total,446,400,46
S01013099,Economically active: Employee: Total,349,311,38
S01013099,Economically active: Employee: Part-time (1),82,72,10
S01013099,Economically active: Employee: Full-time (1),267,239,28
S01013099,Economically active: Self-employed: Total,72,68,4
S01013099,Economically active: Self-employed: Part-time (1),22,21,1
S01013099,Economically active: Self-employed: Full-time (1),50,47,3
S01013099,Economically active: Unemployed (1),25,21,4
S01013099,Economically inactive,345,324,21
S01013100,All people aged 16 and over,495,459,36
S01013100,Economically active: Total,243,229,14
S01013100,Economically active: Employee: Total,182,169,13
S01013100,Economically active: Employee: Part-time (1),50,48,2
S01013100,Economically active: Employee: Full-time (1),132,121,11
S01013100,Economically active: Self-employed: Total,54,53,1
S01013100,Economically active: Self-employed: Part-time (1),19,19,0
S01013100,Economically active: Self-employed: Full-time (1),35,34,1
S01013100,Economically active: Unemployed (1),7,7,0
S01013100,Economically inactive,252,230,22
S01013101,All people aged 16 and over,835,803,32
S01013101,Economically active: Total,482,464,18
S01013101,Economically active: Employee: Total,377,362,15
S01013101,Economically active: Employee: Part-time (1),88,87,1
S01013101,Economically active: Employee: Full-time (1),289,275,14
S01013101,Economically active: Self-employed: Total,55,52,3
S01013101,Economically active: Self-employed: Part-time (1),20,19,1
S01013101,Economically active: Self-employed: Full-time (1),35,33,2
S01013101,Economically active: Unemployed (1),50,50,0
S01013101,Economically inactive,353,339,14
S01013102,All people aged 16 and over,501,469,32
S01013102,Economically active: Total,265,246,19
S01013102,Economically active: Employee: Total,228,211,17
S01013102,Economically active: Employee: Part-time (1),60,53,7
S01013102,Economically active: Employee: Full-time (1),168,158,10
S01013102,Economically active: Self-employed: Total,27,25,2
S01013102,Economically active: Self-employed: Part-time (1),15,14,1
S01013102,Economically active: Self-employed: Full-time (1),12,11,1
S01013102,Economically active: Unemployed (1),10,10,0
S01013102,Economically inactive,236,223,13
S01013103,All people aged 16 and over,619,597,22
S01013103,Economically active: Total,458,441,17
S01013103,Economically active: Employee: Total,376,362,14
S01013103,Economically active: Employee: Part-time (1),110,105,5
S01013103,Economically active: Employee: Full-time (1),266,257,9
S01013103,Economically active: Self-employed: Total,58,55,3
S01013103,Economically active: Self-employed: Part-time (1),14,13,1
S01013103,Economically active: Self-employed: Full-time (1),44,42,2
S01013103,Economically active: Unemployed (1),24,24,0
S01013103,Economically inactive,161,156,5
S01013104,All people aged 16 and over,795,761,34
S01013104,Economically active: Total,503,478,25
S01013104,Economically active: Employee: Total,400,380,20
S01013104,Economically active: Employee: Part-time (1),106,105,1
S01013104,Economically active: Employee: Full-time (1),294,275,19
S01013104,Economically active: Self-employed: Total,77,73,4
S01013104,Economically active: Self-employed: Part-time (1),28,27,1
S01013104,Economically active: Self-employed: Full-time (1),49,46,3
S01013104,Economically active: Unemployed (1),26,25,1
S01013104,Economically inactive,292,283,9
S01013105,All people aged 16 and over,732,688,44
S01013105,Economically active: Total,438,409,29
S01013105,Economically active: Employee: Total,344,320,24
S01013105,Economically active: Employee: Part-time (1),92,86,6
S01013105,Economically active: Employee: Full-time (1),252,234,18
S01013105,Economically active: Self-employed: Total,76,71,5
S01013105,Economically active: Self-employed: Part-time (1),28,24,4
S01013105,Economically active: Self-employed: Full-time (1),48,47,1
S01013105,Economically active: Unemployed (1),18,18,0
S01013105,Economically inactive,294,279,15
S01013106,All people aged 16 and over,659,634,25
S01013106,Economically active: Total,427,407,20
S01013106,Economically active: Employee: Total,333,318,15
S01013106,Economically active: Employee: Part-time (1),96,91,5
S01013106,Economically active: Employee: Full-time (1),237,227,10
S01013106,Economically active: Self-employed: Total,75,71,4
S01013106,Economically active: Self-employed: Part-time (1),16,14,2
S01013106,Economically active: Self-employed: Full-time (1),59,57,2
S01013106,Economically active: Unemployed (1),19,18,1
S01013106,Economically inactive,232,227,5
S01013107,All people aged 16 and over,556,540,16
S01013107,Economically active: Total,352,341,11
S01013107,Economically active: Employee: Total,263,253,10
S01013107,Economically active: Employee: Part-time (1),77,74,3
S01013107,Economically active: Employee: Full-time (1),186,179,7
S01013107,Economically active: Self-employed: Total,80,79,1
S01013107,Economically active: Self-employed: Part-time (1),19,19,0
S01013107,Economically active: Self-employed: Full-time (1),61,60,1
S01013107,Economically active: Unemployed (1),9,9,0
S01013107,Economically inactive,204,199,5
S01013108,All people aged 16 and over,478,459,19
S01013108,Economically active: Total,280,270,10
S01013108,Economically active: Employee: Total,214,207,7
S01013108,Economically active: Employee: Part-time (1),57,56,1
S01013108,Economically active: Employee: Full-time (1),157,151,6
S01013108,Economically active: Self-employed: Total,46,43,3
S01013108,Economically active: Self-employed: Part-time (1),11,11,0
S01013108,Economically active: Self-employed: Full-time (1),35,32,3
S01013108,Economically active: Unemployed (1),20,20,0
S01013108,Economically inactive,198,189,9
S01013109,All people aged 16 and over,888,818,70
S01013109,Economically active: Total,600,555,45
S01013109,Economically active: Employee: Total,425,390,35
S01013109,Economically active: Employee: Part-time (1),115,113,2
S01013109,Economically active: Employee: Full-time (1),310,277,33
S01013109,Economically active: Self-employed: Total,152,146,6
S01013109,Economically active: Self-employed: Part-time (1),35,32,3
S01013109,Economically active: Self-employed: Full-time (1),117,114,3
S01013109,Economically active: Unemployed (1),23,19,4
S01013109,Economically inactive,288,263,25
S01013110,All people aged 16 and over,488,454,34
S01013110,Economically active: Total,316,294,22
S01013110,Economically active: Employee: Total,197,179,18
S01013110,Economically active: Employee: Part-time (1),64,56,8
S01013110,Economically active: Employee: Full-time (1),133,123,10
S01013110,Economically active: Self-employed: Total,109,105,4
S01013110,Economically active: Self-employed: Part-time (1),22,19,3
S01013110,Economically active: Self-employed: Full-time (1),87,86,1
S01013110,Economically active: Unemployed (1),10,10,0
S01013110,Economically inactive,172,160,12
S01013111,All people aged 16 and over,376,358,18
S01013111,Economically active: Total,236,222,14
S01013111,Economically active: Employee: Total,155,143,12
S01013111,Economically active: Employee: Part-time (1),48,46,2
S01013111,Economically active: Employee: Full-time (1),107,97,10
S01013111,Economically active: Self-employed: Total,75,73,2
S01013111,Economically active: Self-employed: Part-time (1),25,24,1
S01013111,Economically active: Self-employed: Full-time (1),50,49,1
S01013111,Economically active: Unemployed (1),6,6,0
S01013111,Economically inactive,140,136,4
S01013112,All people aged 16 and over,489,466,23
S01013112,Economically active: Total,330,315,15
S01013112,Economically active: Employee: Total,265,254,11
S01013112,Economically active: Employee: Part-time (1),79,75,4
S01013112,Economically active: Employee: Full-time (1),186,179,7
S01013112,Economically active: Self-employed: Total,46,43,3
S01013112,Economically active: Self-employed: Part-time (1),17,15,2
S01013112,Economically active: Self-employed: Full-time (1),29,28,1
S01013112,Economically active: Unemployed (1),19,18,1
S01013112,Economically inactive,159,151,8
S01013113,All people aged 16 and over,680,643,37
S01013113,Economically active: Total,380,360,20
S01013113,Economically active: Employee: Total,295,281,14
S01013113,Economically active: Employee: Part-time (1),108,103,5
S01013113,Economically active: Employee: Full-time (1),187,178,9
S01013113,Economically active: Self-employed: Total,60,56,4
S01013113,Economically active: Self-employed: Part-time (1),8,8,0
S01013113,Economically active: Self-employed: Full-time (1),52,48,4
S01013113,Economically active: Unemployed (1),25,23,2
S01013113,Economically inactive,300,283,17
S01013114,All people aged 16 and over,676,595,81
S01013114,Economically active: Total,442,372,70
S01013114,Economically active: Employee: Total,320,260,60
S01013114,Economically active: Employee: Part-time (1),85,76,9
S01013114,Economically active: Employee: Full-time (1),235,184,51
S01013114,Economically active: Self-employed: Total,101,95,6
S01013114,Economically active: Self-employed: Part-time (1),25,22,3
S01013114,Economically active: Self-employed: Full-time (1),76,73,3
S01013114,Economically active: Unemployed (1),21,17,4
S01013114,Economically inactive,234,223,11
S01013115,All people aged 16 and over,574,526,48
S01013115,Economically active: Total,327,295,32
S01013115,Economically active: Employee: Total,241,216,25
S01013115,Economically active: Employee: Part-time (1),71,62,9
S01013115,Economically active: Employee: Full-time (1),170,154,16
S01013115,Economically active: Self-employed: Total,66,63,3
S01013115,Economically active: Self-employed: Part-time (1),17,16,1
S01013115,Economically active: Self-employed: Full-time (1),49,47,2
S01013115,Economically active: Unemployed (1),20,16,4
S01013115,Economically inactive,247,231,16
S01013116,All people aged 16 and over,682,642,40
S01013116,Economically active: Total,354,328,26
S01013116,Economically active: Employee: Total,261,241,20
S01013116,Economically active: Employee: Part-time (1),76,71,5
S01013116,Economically active: Employee: Full-time (1),185,170,15
S01013116,Economically active: Self-employed: Total,81,75,6
S01013116,Economically active: Self-employed: Part-time (1),23,21,2
S01013116,Economically active: Self-employed: Full-time (1),58,54,4
S01013116,Economically active: Unemployed (1),12,12,0
S01013116,Economically inactive,328,314,14
S01013117,All people aged 16 and over,510,466,44
S01013117,Economically active: Total,373,339,34
S01013117,Economically active: Employee: Total,297,265,32
S01013117,Economically active: Employee: Part-time (1),86,79,7
S01013117,Economically active: Employee: Full-time (1),211,186,25
S01013117,Economically active: Self-employed: Total,63,62,1
S01013117,Economically active: Self-employed: Part-time (1),22,22,0
S01013117,Economically active: Self-employed: Full-time (1),41,40,1
S01013117,Economically active: Unemployed (1),13,12,1
S01013117,Economically inactive,137,127,10
S01013118,All people aged 16 and over,454,385,69
S01013118,Economically active: Total,326,262,64
S01013118,Economically active: Employee: Total,240,183,57
S01013118,Economically active: Employee: Part-time (1),45,41,4
S01013118,Economically active: Employee: Full-time (1),195,142,53
S01013118,Economically active: Self-employed: Total,74,67,7
S01013118,Economically active: Self-employed: Part-time (1),27,23,4
S01013118,Economically active: Self-employed: Full-time (1),47,44,3
S01013118,Economically active: Unemployed (1),12,12,0
S01013118,Economically inactive,128,123,5
S01013119,All people aged 16 and over,668,625,43
S01013119,Economically active: Total,413,382,31
S01013119,Economically active: Employee: Total,249,223,26
S01013119,Economically active: Employee: Part-time (1),68,65,3
S01013119,Economically active: Employee: Full-time (1),181,158,23
S01013119,Economically active: Self-employed: Total,150,145,5
S01013119,Economically active: Self-employed: Part-time (1),34,33,1
S01013119,Economically active: Self-employed: Full-time (1),116,112,4
S01013119,Economically active: Unemployed (1),14,14,0
S01013119,Economically inactive,255,243,12
S01013120,All people aged 16 and over,832,768,64
S01013120,Economically active: Total,556,511,45
S01013120,Economically active: Employee: Total,389,353,36
S01013120,Economically active: Employee: Part-time (1),128,120,8
S01013120,Economically active: Employee: Full-time (1),261,233,28
S01013120,Economically active: Self-employed: Total,146,138,8
S01013120,Economically active: Self-employed: Part-time (1),22,21,1
S01013120,Economically active: Self-employed: Full-time (1),124,117,7
S01013120,Economically active: Unemployed (1),21,20,1
S01013120,Economically inactive,276,257,19
S01013121,All people aged 16 and over,332,281,51
S01013121,Economically active: Total,250,202,48
S01013121,Economically active: Employee: Total,162,121,41
S01013121,Economically active: Employee: Part-time (1),35,31,4
S01013121,Economically active: Employee: Full-time (1),127,90,37
S01013121,Economically active: Self-employed: Total,66,61,5
S01013121,Economically active: Self-employed: Part-time (1),9,7,2
S01013121,Economically active: Self-employed: Full-time (1),57,54,3
S01013121,Economically active: Unemployed (1),22,20,2
S01013121,Economically inactive,82,79,3
S01013122,All people aged 16 and over,481,384,97
S01013122,Economically active: Total,286,208,78
S01013122,Economically active: Employee: Total,206,139,67
S01013122,Economically active: Employee: Part-time (1),71,48,23
S01013122,Economically active: Employee: Full-time (1),135,91,44
S01013122,Economically active: Self-employed: Total,12,8,4
S01013122,Economically active: Self-employed: Part-time (1),5,3,2
S01013122,Economically active: Self-employed: Full-time (1),7,5,2
S01013122,Economically active: Unemployed (1),68,61,7
S01013122,Economically inactive,195,176,19
S01013123,All people aged 16 and over,614,587,27
S01013123,Economically active: Total,389,372,17
S01013123,Economically active: Employee: Total,314,298,16
S01013123,Economically active: Employee: Part-time (1),92,89,3
S01013123,Economically active: Employee: Full-time (1),222,209,13
S01013123,Economically active: Self-employed: Total,17,16,1
S01013123,Economically active: Self-employed: Part-time (1),2,2,0
S01013123,Economically active: Self-employed: Full-time (1),15,14,1
S01013123,Economically active: Unemployed (1),58,58,0
S01013123,Economically inactive,225,215,10
S01013124,All people aged 16 and over,597,573,24
S01013124,Economically active: Total,360,350,10
S01013124,Economically active: Employee: Total,316,307,9
S01013124,Economically active: Employee: Part-time (1),81,78,3
S01013124,Economically active: Employee: Full-time (1),235,229,6
S01013124,Economically active: Self-employed: Total,17,17,0
S01013124,Economically active: Self-employed: Part-time (1),3,3,0
S01013124,Economically active: Self-employed: Full-time (1),14,14,0
S01013124,Economically active: Unemployed (1),27,26,1
S01013124,Economically inactive,237,223,14
S01013125,All people aged 16 and over,688,661,27
S01013125,Economically active: Total,360,348,12
S01013125,Economically active: Employee: Total,283,278,5
S01013125,Economically active: Employee: Part-time (1),81,79,2
S01013125,Economically active: Employee: Full-time (1),202,199,3
S01013125,Economically active: Self-employed: Total,41,37,4
S01013125,Economically active: Self-employed: Part-time (1),7,7,0
S01013125,Economically active: Self-employed: Full-time (1),34,30,4
S01013125,Economically active: Unemployed (1),36,33,3
S01013125,Economically inactive,328,313,15
S01013126,All people aged 16 and over,580,559,21
S01013126,Economically active: Total,340,329,11
S01013126,Economically active: Employee: Total,247,238,9
S01013126,Economically active: Employee: Part-time (1),80,80,0
S01013126,Economically active: Employee: Full-time (1),167,158,9
S01013126,Economically active: Self-employed: Total,17,17,0
S01013126,Economically active: Self-employed: Part-time (1),5,5,0
S01013126,Economically active: Self-employed: Full-time (1),12,12,0
S01013126,Economically active: Unemployed (1),76,74,2
S01013126,Economically inactive,240,230,10
S01013127,All people aged 16 and over,625,591,34
S01013127,Economically active: Total,345,327,18
S01013127,Economically active: Employee: Total,253,242,11
S01013127,Economically active: Employee: Part-time (1),89,83,6
S01013127,Economically active: Employee: Full-time (1),164,159,5
S01013127,Economically active: Self-employed: Total,19,15,4
S01013127,Economically active: Self-employed: Part-time (1),8,5,3
S01013127,Economically active: Self-employed: Full-time (1),11,10,1
S01013127,Economically active: Unemployed (1),73,70,3
S01013127,Economically inactive,280,264,16
S01013128,All people aged 16 and over,559,533,26
S01013128,Economically active: Total,375,353,22
S01013128,Economically active: Employee: Total,313,297,16
S01013128,Economically active: Employee: Part-time (1),67,63,4
S01013128,Economically active: Employee: Full-time (1),246,234,12
S01013128,Economically active: Self-employed: Total,9,9,0
S01013128,Economically active: Self-employed: Part-time (1),1,1,0
S01013128,Economically active: Self-employed: Full-time (1),8,8,0
S01013128,Economically active: Unemployed (1),53,47,6
S01013128,Economically inactive,184,180,4
S01013129,All people aged 16 and over,972,927,45
S01013129,Economically active: Total,576,552,24
S01013129,Economically active: Employee: Total,483,466,17
S01013129,Economically active: Employee: Part-time (1),122,118,4
S01013129,Economically active: Employee: Full-time (1),361,348,13
S01013129,Economically active: Self-employed: Total,32,29,3
S01013129,Economically active: Self-employed: Part-time (1),8,5,3
S01013129,Economically active: Self-employed: Full-time (1),24,24,0
S01013129,Economically active: Unemployed (1),61,57,4
S01013129,Economically inactive,396,375,21
S01013130,All people aged 16 and over,541,504,37
S01013130,Economically active: Total,339,312,27
S01013130,Economically active: Employee: Total,248,227,21
S01013130,Economically active: Employee: Part-time (1),77,71,6
S01013130,Economically active: Employee: Full-time (1),171,156,15
S01013130,Economically active: Self-employed: Total,21,18,3
S01013130,Economically active: Self-employed: Part-time (1),2,2,0
S01013130,Economically active: Self-employed: Full-time (1),19,16,3
S01013130,Economically active: Unemployed (1),70,67,3
S01013130,Economically inactive,202,192,10
S01013131,All people aged 16 and over,507,485,22
S01013131,Economically active: Total,350,340,10
S01013131,Economically active: Employee: Total,290,281,9
S01013131,Economically active: Employee: Part-time (1),96,93,3
S01013131,Economically active: Employee: Full-time (1),194,188,6
S01013131,Economically active: Self-employed: Total,14,14,0
S01013131,Economically active: Self-employed: Part-time (1),2,2,0
S01013131,Economically active: Self-employed: Full-time (1),12,12,0
S01013131,Economically active: Unemployed (1),46,45,1
S01013131,Economically inactive,157,145,12
S01013132,All people aged 16 and over,481,463,18
S01013132,Economically active: Total,289,281,8
S01013132,Economically active: Employee: Total,218,212,6
S01013132,Economically active: Employee: Part-time (1),70,69,1
S01013132,Economically active: Employee: Full-time (1),148,143,5
S01013132,Economically active: Self-employed: Total,21,20,1
S01013132,Economically active: Self-employed: Part-time (1),8,7,1
S01013132,Economically active: Self-employed: Full-time (1),13,13,0
S01013132,Economically active: Unemployed (1),50,49,1
S01013132,Economically inactive,192,182,10
S01013133,All people aged 16 and over,774,746,28
S01013133,Economically active: Total,380,365,15
S01013133,Economically active: Employee: Total,310,298,12
S01013133,Economically active: Employee: Part-time (1),77,75,2
S01013133,Economically active: Employee: Full-time (1),233,223,10
S01013133,Economically active: Self-employed: Total,19,19,0
S01013133,Economically active: Self-employed: Part-time (1),5,5,0
S01013133,Economically active: Self-employed: Full-time (1),14,14,0
S01013133,Economically active: Unemployed (1),51,48,3
S01013133,Economically inactive,394,381,13
S01013134,All people aged 16 and over,669,643,26
S01013134,Economically active: Total,410,399,11
S01013134,Economically active: Employee: Total,339,333,6
S01013134,Economically active: Employee: Part-time (1),103,101,2
S01013134,Economically active: Employee: Full-time (1),236,232,4
S01013134,Economically active: Self-employed: Total,43,42,1
S01013134,Economically active: Self-employed: Part-time (1),11,11,0
S01013134,Economically active: Self-employed: Full-time (1),32,31,1
S01013134,Economically active: Unemployed (1),28,24,4
S01013134,Economically inactive,259,244,15
S01013135,All people aged 16 and over,604,572,32
S01013135,Economically active: Total,348,329,19
S01013135,Economically active: Employee: Total,269,255,14
S01013135,Economically active: Employee: Part-time (1),112,103,9
S01013135,Economically active: Employee: Full-time (1),157,152,5
S01013135,Economically active: Self-employed: Total,20,19,1
S01013135,Economically active: Self-employed: Part-time (1),5,4,1
S01013135,Economically active: Self-employed: Full-time (1),15,15,0
S01013135,Economically active: Unemployed (1),59,55,4
S01013135,Economically inactive,256,243,13
S01013136,All people aged 16 and over,787,759,28
S01013136,Economically active: Total,435,419,16
S01013136,Economically active: Employee: Total,368,357,11
S01013136,Economically active: Employee: Part-time (1),114,112,2
S01013136,Economically active: Employee: Full-time (1),254,245,9
S01013136,Economically active: Self-employed: Total,22,19,3
S01013136,Economically active: Self-employed: Part-time (1),6,5,1
S01013136,Economically active: Self-employed: Full-time (1),16,14,2
S01013136,Economically active: Unemployed (1),45,43,2
S01013136,Economically inactive,352,340,12
S01013137,All people aged 16 and over,627,598,29
S01013137,Economically active: Total,340,331,9
S01013137,Economically active: Employee: Total,280,272,8
S01013137,Economically active: Employee: Part-time (1),88,86,2
S01013137,Economically active: Employee: Full-time (1),192,186,6
S01013137,Economically active: Self-employed: Total,24,24,0
S01013137,Economically active: Self-employed: Part-time (1),5,5,0
S01013137,Economically active: Self-employed: Full-time (1),19,19,0
S01013137,Economically active: Unemployed (1),36,35,1
S01013137,Economically inactive,287,267,20
S01013138,All people aged 16 and over,517,493,24
S01013138,Economically active: Total,320,303,17
S01013138,Economically active: Employee: Total,233,221,12
S01013138,Economically active: Employee: Part-time (1),84,82,2
S01013138,Economically active: Employee: Full-time (1),149,139,10
S01013138,Economically active: Self-employed: Total,17,15,2
S01013138,Economically active: Self-employed: Part-time (1),5,4,1
S01013138,Economically active: Self-employed: Full-time (1),12,11,1
S01013138,Economically active: Unemployed (1),70,67,3
S01013138,Economically inactive,197,190,7
S01013139,All people aged 16 and over,710,674,36
S01013139,Economically active: Total,370,355,15
S01013139,Economically active: Employee: Total,279,269,10
S01013139,Economically active: Employee: Part-time (1),89,85,4
S01013139,Economically active: Employee: Full-time (1),190,184,6
S01013139,Economically active: Self-employed: Total,22,22,0
S01013139,Economically active: Self-employed: Part-time (1),10,10,0
S01013139,Economically active: Self-employed: Full-time (1),12,12,0
S01013139,Economically active: Unemployed (1),69,64,5
S01013139,Economically inactive,340,319,21
S01013140,All people aged 16 and over,672,648,24
S01013140,Economically active: Total,350,338,12
S01013140,Economically active: Employee: Total,278,267,11
S01013140,Economically active: Employee: Part-time (1),92,86,6
S01013140,Economically active: Employee: Full-time (1),186,181,5
S01013140,Economically active: Self-employed: Total,24,24,0
S01013140,Economically active: Self-employed: Part-time (1),4,4,0
S01013140,Economically active: Self-employed: Full-time (1),20,20,0
S01013140,Economically active: Unemployed (1),48,47,1
S01013140,Economically inactive,322,310,12
S01013141,All people aged 16 and over,539,523,16
S01013141,Economically active: Total,294,282,12
S01013141,Economically active: Employee: Total,233,222,11
S01013141,Economically active: Employee: Part-time (1),67,67,0
S01013141,Economically active: Employee: Full-time (1),166,155,11
S01013141,Economically active: Self-employed: Total,17,17,0
S01013141,Economically active: Self-employed: Part-time (1),4,4,0
S01013141,Economically active: Self-employed: Full-time (1),13,13,0
S01013141,Economically active: Unemployed (1),44,43,1
S01013141,Economically inactive,245,241,4
S01013142,All people aged 16 and over,750,723,27
S01013142,Economically active: Total,311,293,18
S01013142,Economically active: Employee: Total,236,221,15
S01013142,Economically active: Employee: Part-time (1),69,65,4
S01013142,Economically active: Employee: Full-time (1),167,156,11
S01013142,Economically active: Self-employed: Total,21,20,1
S01013142,Economically active: Self-employed: Part-time (1),3,3,0
S01013142,Economically active: Self-employed: Full-time (1),18,17,1
S01013142,Economically active: Unemployed (1),54,52,2
S01013142,Economically inactive,439,430,9
S01013143,All people aged 16 and over,728,699,29
S01013143,Economically active: Total,423,409,14
S01013143,Economically active: Employee: Total,358,347,11
S01013143,Economically active: Employee: Part-time (1),102,100,2
S01013143,Economically active: Employee: Full-time (1),256,247,9
S01013143,Economically active: Self-employed: Total,27,26,1
S01013143,Economically active: Self-employed: Part-time (1),8,8,0
S01013143,Economically active: Self-employed: Full-time (1),19,18,1
S01013143,Economically active: Unemployed (1),38,36,2
S01013143,Economically inactive,305,290,15
S01013144,All people aged 16 and over,782,756,26
S01013144,Economically active: Total,423,411,12
S01013144,Economically active: Employee: Total,354,345,9
S01013144,Economically active: Employee: Part-time (1),111,109,2
S01013144,Economically active: Employee: Full-time (1),243,236,7
S01013144,Economically active: Self-employed: Total,25,24,1
S01013144,Economically active: Self-employed: Part-time (1),6,6,0
S01013144,Economically active: Self-employed: Full-time (1),19,18,1
S01013144,Economically active: Unemployed (1),44,42,2
S01013144,Economically inactive,359,345,14
S01013145,All people aged 16 and over,608,589,19
S01013145,Economically active: Total,326,317,9
S01013145,Economically active: Employee: Total,275,271,4
S01013145,Economically active: Employee: Part-time (1),92,91,1
S01013145,Economically active: Employee: Full-time (1),183,180,3
S01013145,Economically active: Self-employed: Total,22,18,4
S01013145,Economically active: Self-employed: Part-time (1),6,4,2
S01013145,Economically active: Self-employed: Full-time (1),16,14,2
S01013145,Economically active: Unemployed (1),29,28,1
S01013145,Economically inactive,282,272,10
S01013146,All people aged 16 and over,369,363,6
S01013146,Economically active: Total,211,209,2
S01013146,Economically active: Employee: Total,170,169,1
S01013146,Economically active: Employee: Part-time (1),48,48,0
S01013146,Economically active: Employee: Full-time (1),122,121,1
S01013146,Economically active: Self-employed: Total,22,22,0
S01013146,Economically active: Self-employed: Part-time (1),5,5,0
S01013146,Economically active: Self-employed: Full-time (1),17,17,0
S01013146,Economically active: Unemployed (1),19,18,1
S01013146,Economically inactive,158,154,4
S01013147,All people aged 16 and over,595,556,39
S01013147,Economically active: Total,360,335,25
S01013147,Economically active: Employee: Total,304,283,21
S01013147,Economically active: Employee: Part-time (1),108,103,5
S01013147,Economically active: Employee: Full-time (1),196,180,16
S01013147,Economically active: Self-employed: Total,37,33,4
S01013147,Economically active: Self-employed: Part-time (1),13,12,1
S01013147,Economically active: Self-employed: Full-time (1),24,21,3
S01013147,Economically active: Unemployed (1),19,19,0
S01013147,Economically inactive,235,221,14
S01013148,All people aged 16 and over,649,626,23
S01013148,Economically active: Total,410,396,14
S01013148,Economically active: Employee: Total,359,348,11
S01013148,Economically active: Employee: Part-time (1),76,74,2
S01013148,Economically active: Employee: Full-time (1),283,274,9
S01013148,Economically active: Self-employed: Total,26,24,2
S01013148,Economically active: Self-employed: Part-time (1),4,4,0
S01013148,Economically active: Self-employed: Full-time (1),22,20,2
S01013148,Economically active: Unemployed (1),25,24,1
S01013148,Economically inactive,239,230,9
S01013149,All people aged 16 and over,692,673,19
S01013149,Economically active: Total,445,433,12
S01013149,Economically active: Employee: Total,394,385,9
S01013149,Economically active: Employee: Part-time (1),91,91,0
S01013149,Economically active: Employee: Full-time (1),303,294,9
S01013149,Economically active: Self-employed: Total,20,19,1
S01013149,Economically active: Self-employed: Part-time (1),4,4,0
S01013149,Economically active: Self-employed: Full-time (1),16,15,1
S01013149,Economically active: Unemployed (1),31,29,2
S01013149,Economically inactive,247,240,7
S01013150,All people aged 16 and over,729,710,19
S01013150,Economically active: Total,408,396,12
S01013150,Economically active: Employee: Total,351,342,9
S01013150,Economically active: Employee: Part-time (1),112,109,3
S01013150,Economically active: Employee: Full-time (1),239,233,6
S01013150,Economically active: Self-employed: Total,26,25,1
S01013150,Economically active: Self-employed: Part-time (1),9,9,0
S01013150,Economically active: Self-employed: Full-time (1),17,16,1
S01013150,Economically active: Unemployed (1),31,29,2
S01013150,Economically inactive,321,314,7
S01013151,All people aged 16 and over,476,464,12
S01013151,Economically active: Total,314,309,5
S01013151,Economically active: Employee: Total,268,264,4
S01013151,Economically active: Employee: Part-time (1),61,60,1
S01013151,Economically active: Employee: Full-time (1),207,204,3
S01013151,Economically active: Self-employed: Total,31,30,1
S01013151,Economically active: Self-employed: Part-time (1),10,9,1
S01013151,Economically active: Self-employed: Full-time (1),21,21,0
S01013151,Economically active: Unemployed (1),15,15,0
S01013151,Economically inactive,162,155,7
S01013152,All people aged 16 and over,736,716,20
S01013152,Economically active: Total,462,448,14
S01013152,Economically active: Employee: Total,385,373,12
S01013152,Economically active: Employee: Part-time (1),118,115,3
S01013152,Economically active: Employee: Full-time (1),267,258,9
S01013152,Economically active: Self-employed: Total,41,41,0
S01013152,Economically active: Self-employed: Part-time (1),8,8,0
S01013152,Economically active: Self-employed: Full-time (1),33,33,0
S01013152,Economically active: Unemployed (1),36,34,2
S01013152,Economically inactive,274,268,6
S01013153,All people aged 16 and over,677,657,20
S01013153,Economically active: Total,375,364,11
S01013153,Economically active: Employee: Total,289,280,9
S01013153,Economically active: Employee: Part-time (1),88,86,2
S01013153,Economically active: Employee: Full-time (1),201,194,7
S01013153,Economically active: Self-employed: Total,22,21,1
S01013153,Economically active: Self-employed: Part-time (1),8,8,0
S01013153,Economically active: Self-employed: Full-time (1),14,13,1
S01013153,Economically active: Unemployed (1),64,63,1
S01013153,Economically inactive,302,293,9
S01013154,All people aged 16 and over,783,754,29
S01013154,Economically active: Total,508,485,23
S01013154,Economically active: Employee: Total,408,391,17
S01013154,Economically active: Employee: Part-time (1),155,146,9
S01013154,Economically active: Employee: Full-time (1),253,245,8
S01013154,Economically active: Self-employed: Total,20,20,0
S01013154,Economically active: Self-employed: Part-time (1),3,3,0
S01013154,Economically active: Self-employed: Full-time (1),17,17,0
S01013154,Economically active: Unemployed (1),80,74,6
S01013154,Economically inactive,275,269,6
S01013155,All people aged 16 and over,666,609,57
S01013155,Economically active: Total,438,394,44
S01013155,Economically active: Employee: Total,340,300,40
S01013155,Economically active: Employee: Part-time (1),122,107,15
S01013155,Economically active: Employee: Full-time (1),218,193,25
S01013155,Economically active: Self-employed: Total,22,21,1
S01013155,Economically active: Self-employed: Part-time (1),5,4,1
S01013155,Economically active: Self-employed: Full-time (1),17,17,0
S01013155,Economically active: Unemployed (1),76,73,3
S01013155,Economically inactive,228,215,13
S01013156,All people aged 16 and over,647,625,22
S01013156,Economically active: Total,401,390,11
S01013156,Economically active: Employee: Total,323,314,9
S01013156,Economically active: Employee: Part-time (1),121,117,4
S01013156,Economically active: Employee: Full-time (1),202,197,5
S01013156,Economically active: Self-employed: Total,13,13,0
S01013156,Economically active: Self-employed: Part-time (1),3,3,0
S01013156,Economically active: Self-employed: Full-time (1),10,10,0
S01013156,Economically active: Unemployed (1),65,63,2
S01013156,Economically inactive,246,235,11
S01013157,All people aged 16 and over,740,675,65
S01013157,Economically active: Total,451,410,41
S01013157,Economically active: Employee: Total,353,324,29
S01013157,Economically active: Employee: Part-time (1),111,102,9
S01013157,Economically active: Employee: Full-time (1),242,222,20
S01013157,Economically active: Self-employed: Total,19,16,3
S01013157,Economically active: Self-employed: Part-time (1),6,4,2
S01013157,Economically active: Self-employed: Full-time (1),13,12,1
S01013157,Economically active: Unemployed (1),79,70,9
S01013157,Economically inactive,289,265,24
S01013158,All people aged 16 and over,495,484,11
S01013158,Economically active: Total,310,303,7
S01013158,Economically active: Employee: Total,253,247,6
S01013158,Economically active: Employee: Part-time (1),72,70,2
S01013158,Economically active: Employee: Full-time (1),181,177,4
S01013158,Economically active: Self-employed: Total,42,41,1
S01013158,Economically active: Self-employed: Part-time (1),11,11,0
S01013158,Economically active: Self-employed: Full-time (1),31,30,1
S01013158,Economically active: Unemployed (1),15,15,0
S01013158,Economically inactive,185,181,4
S01013159,All people aged 16 and over,604,573,31
S01013159,Economically active: Total,388,370,18
S01013159,Economically active: Employee: Total,331,316,15
S01013159,Economically active: Employee: Part-time (1),106,100,6
S01013159,Economically active: Employee: Full-time (1),225,216,9
S01013159,Economically active: Self-employed: Total,37,36,1
S01013159,Economically active: Self-employed: Part-time (1),10,9,1
S01013159,Economically active: Self-employed: Full-time (1),27,27,0
S01013159,Economically active: Unemployed (1),20,18,2
S01013159,Economically inactive,216,203,13
S01013160,All people aged 16 and over,581,571,10
S01013160,Economically active: Total,412,403,9
S01013160,Economically active: Employee: Total,350,342,8
S01013160,Economically active: Employee: Part-time (1),122,122,0
S01013160,Economically active: Employee: Full-time (1),228,220,8
S01013160,Economically active: Self-employed: Total,46,45,1
S01013160,Economically active: Self-employed: Part-time (1),9,9,0
S01013160,Economically active: Self-employed: Full-time (1),37,36,1
S01013160,Economically active: Unemployed (1),16,16,0
S01013160,Economically inactive,169,168,1
S01013161,All people aged 16 and over,836,818,18
S01013161,Economically active: Total,548,532,16
S01013161,Economically active: Employee: Total,469,454,15
S01013161,Economically active: Employee: Part-time (1),127,124,3
S01013161,Economically active: Employee: Full-time (1),342,330,12
S01013161,Economically active: Self-employed: Total,37,36,1
S01013161,Economically active: Self-employed: Part-time (1),12,12,0
S01013161,Economically active: Self-employed: Full-time (1),25,24,1
S01013161,Economically active: Unemployed (1),42,42,0
S01013161,Economically inactive,288,286,2
S01013162,All people aged 16 and over,704,688,16
S01013162,Economically active: Total,385,377,8
S01013162,Economically active: Employee: Total,308,300,8
S01013162,Economically active: Employee: Part-time (1),83,81,2
S01013162,Economically active: Employee: Full-time (1),225,219,6
S01013162,Economically active: Self-employed: Total,32,32,0
S01013162,Economically active: Self-employed: Part-time (1),8,8,0
S01013162,Economically active: Self-employed: Full-time (1),24,24,0
S01013162,Economically active: Unemployed (1),45,45,0
S01013162,Economically inactive,319,311,8
S01013163,All people aged 16 and over,577,570,7
S01013163,Economically active: Total,425,421,4
S01013163,Economically active: Employee: Total,377,374,3
S01013163,Economically active: Employee: Part-time (1),100,100,0
S01013163,Economically active: Employee: Full-time (1),277,274,3
S01013163,Economically active: Self-employed: Total,26,25,1
S01013163,Economically active: Self-employed: Part-time (1),4,3,1
S01013163,Economically active: Self-employed: Full-time (1),22,22,0
S01013163,Economically active: Unemployed (1),22,22,0
S01013163,Economically inactive,152,149,3
S01013164,All people aged 16 and over,858,832,26
S01013164,Economically active: Total,504,486,18
S01013164,Economically active: Employee: Total,390,376,14
S01013164,Economically active: Employee: Part-time (1),115,110,5
S01013164,Economically active: Employee: Full-time (1),275,266,9
S01013164,Economically active: Self-employed: Total,62,60,2
S01013164,Economically active: Self-employed: Part-time (1),17,17,0
S01013164,Economically active: Self-employed: Full-time (1),45,43,2
S01013164,Economically active: Unemployed (1),52,50,2
S01013164,Economically inactive,354,346,8
S01013165,All people aged 16 and over,772,741,31
S01013165,Economically active: Total,437,419,18
S01013165,Economically active: Employee: Total,361,347,14
S01013165,Economically active: Employee: Part-time (1),113,109,4
S01013165,Economically active: Employee: Full-time (1),248,238,10
S01013165,Economically active: Self-employed: Total,45,44,1
S01013165,Economically active: Self-employed: Part-time (1),10,9,1
S01013165,Economically active: Self-employed: Full-time (1),35,35,0
S01013165,Economically active: Unemployed (1),31,28,3
S01013165,Economically inactive,335,322,13
S01013166,All people aged 16 and over,531,516,15
S01013166,Economically active: Total,309,300,9
S01013166,Economically active: Employee: Total,230,223,7
S01013166,Economically active: Employee: Part-time (1),72,69,3
S01013166,Economically active: Employee: Full-time (1),158,154,4
S01013166,Economically active: Self-employed: Total,17,17,0
S01013166,Economically active: Self-employed: Part-time (1),4,4,0
S01013166,Economically active: Self-employed: Full-time (1),13,13,0
S01013166,Economically active: Unemployed (1),62,60,2
S01013166,Economically inactive,222,216,6
S01013167,All people aged 16 and over,529,494,35
S01013167,Economically active: Total,351,322,29
S01013167,Economically active: Employee: Total,234,210,24
S01013167,Economically active: Employee: Part-time (1),67,63,4
S01013167,Economically active: Employee: Full-time (1),167,147,20
S01013167,Economically active: Self-employed: Total,19,16,3
S01013167,Economically active: Self-employed: Part-time (1),6,4,2
S01013167,Economically active: Self-employed: Full-time (1),13,12,1
S01013167,Economically active: Unemployed (1),98,96,2
S01013167,Economically inactive,178,172,6
S01013168,All people aged 16 and over,760,729,31
S01013168,Economically active: Total,403,384,19
S01013168,Economically active: Employee: Total,323,307,16
S01013168,Economically active: Employee: Part-time (1),103,99,4
S01013168,Economically active: Employee: Full-time (1),220,208,12
S01013168,Economically active: Self-employed: Total,21,20,1
S01013168,Economically active: Self-employed: Part-time (1),10,9,1
S01013168,Economically active: Self-employed: Full-time (1),11,11,0
S01013168,Economically active: Unemployed (1),59,57,2
S01013168,Economically inactive,357,345,12
S01013169,All people aged 16 and over,723,700,23
S01013169,Economically active: Total,358,346,12
S01013169,Economically active: Employee: Total,291,281,10
S01013169,Economically active: Employee: Part-time (1),92,84,8
S01013169,Economically active: Employee: Full-time (1),199,197,2
S01013169,Economically active: Self-employed: Total,31,30,1
S01013169,Economically active: Self-employed: Part-time (1),8,7,1
S01013169,Economically active: Self-employed: Full-time (1),23,23,0
S01013169,Economically active: Unemployed (1),36,35,1
S01013169,Economically inactive,365,354,11
S01013170,All people aged 16 and over,437,424,13
S01013170,Economically active: Total,252,245,7
S01013170,Economically active: Employee: Total,185,178,7
S01013170,Economically active: Employee: Part-time (1),56,54,2
S01013170,Economically active: Employee: Full-time (1),129,124,5
S01013170,Economically active: Self-employed: Total,15,15,0
S01013170,Economically active: Self-employed: Part-time (1),0,0,0
S01013170,Economically active: Self-employed: Full-time (1),15,15,0
S01013170,Economically active: Unemployed (1),52,52,0
S01013170,Economically inactive,185,179,6
S01013171,All people aged 16 and over,523,508,15
S01013171,Economically active: Total,366,360,6
S01013171,Economically active: Employee: Total,306,303,3
S01013171,Economically active: Employee: Part-time (1),88,87,1
S01013171,Economically active: Employee: Full-time (1),218,216,2
S01013171,Economically active: Self-employed: Total,30,30,0
S01013171,Economically active: Self-employed: Part-time (1),7,7,0
S01013171,Economically active: Self-employed: Full-time (1),23,23,0
S01013171,Economically active: Unemployed (1),30,27,3
S01013171,Economically inactive,157,148,9
S01013172,All people aged 16 and over,613,594,19
S01013172,Economically active: Total,388,374,14
S01013172,Economically active: Employee: Total,332,320,12
S01013172,Economically active: Employee: Part-time (1),97,94,3
S01013172,Economically active: Employee: Full-time (1),235,226,9
S01013172,Economically active: Self-employed: Total,17,16,1
S01013172,Economically active: Self-employed: Part-time (1),4,4,0
S01013172,Economically active: Self-employed: Full-time (1),13,12,1
S01013172,Economically active: Unemployed (1),39,38,1
S01013172,Economically inactive,225,220,5
S01013173,All people aged 16 and over,658,640,18
S01013173,Economically active: Total,466,450,16
S01013173,Economically active: Employee: Total,411,397,14
S01013173,Economically active: Employee: Part-time (1),107,102,5
S01013173,Economically active: Employee: Full-time (1),304,295,9
S01013173,Economically active: Self-employed: Total,25,23,2
S01013173,Economically active: Self-employed: Part-time (1),6,5,1
S01013173,Economically active: Self-employed: Full-time (1),19,18,1
S01013173,Economically active: Unemployed (1),30,30,0
S01013173,Economically inactive,192,190,2
S01013174,All people aged 16 and over,625,617,8
S01013174,Economically active: Total,491,484,7
S01013174,Economically active: Employee: Total,420,413,7
S01013174,Economically active: Employee: Part-time (1),109,109,0
S01013174,Economically active: Employee: Full-time (1),311,304,7
S01013174,Economically active: Self-employed: Total,40,40,0
S01013174,Economically active: Self-employed: Part-time (1),14,14,0
S01013174,Economically active: Self-employed: Full-time (1),26,26,0
S01013174,Economically active: Unemployed (1),31,31,0
S01013174,Economically inactive,134,133,1
S01013175,All people aged 16 and over,659,642,17
S01013175,Economically active: Total,475,465,10
S01013175,Economically active: Employee: Total,420,410,10
S01013175,Economically active: Employee: Part-time (1),95,95,0
S01013175,Economically active: Employee: Full-time (1),325,315,10
S01013175,Economically active: Self-employed: Total,34,34,0
S01013175,Economically active: Self-employed: Part-time (1),4,4,0
S01013175,Economically active: Self-employed: Full-time (1),30,30,0
S01013175,Economically active: Unemployed (1),21,21,0
S01013175,Economically inactive,184,177,7
S01013176,All people aged 16 and over,702,677,25
S01013176,Economically active: Total,405,389,16
S01013176,Economically active: Employee: Total,342,330,12
S01013176,Economically active: Employee: Part-time (1),79,77,2
S01013176,Economically active: Employee: Full-time (1),263,253,10
S01013176,Economically active: Self-employed: Total,33,31,2
S01013176,Economically active: Self-employed: Part-time (1),7,6,1
S01013176,Economically active: Self-employed: Full-time (1),26,25,1
S01013176,Economically active: Unemployed (1),30,28,2
S01013176,Economically inactive,297,288,9
S01013177,All people aged 16 and over,532,521,11
S01013177,Economically active: Total,357,352,5
S01013177,Economically active: Employee: Total,316,311,5
S01013177,Economically active: Employee: Part-time (1),62,62,0
S01013177,Economically active: Employee: Full-time (1),254,249,5
S01013177,Economically active: Self-employed: Total,23,23,0
S01013177,Economically active: Self-employed: Part-time (1),5,5,0
S01013177,Economically active: Self-employed: Full-time (1),18,18,0
S01013177,Economically active: Unemployed (1),18,18,0
S01013177,Economically inactive,175,169,6
S01013178,All people aged 16 and over,623,608,15
S01013178,Economically active: Total,402,391,11
S01013178,Economically active: Employee: Total,351,343,8
S01013178,Economically active: Employee: Part-time (1),93,91,2
S01013178,Economically active: Employee: Full-time (1),258,252,6
S01013178,Economically active: Self-employed: Total,29,27,2
S01013178,Economically active: Self-employed: Part-time (1),4,4,0
S01013178,Economically active: Self-employed: Full-time (1),25,23,2
S01013178,Economically active: Unemployed (1),22,21,1
S01013178,Economically inactive,221,217,4
S01013179,All people aged 16 and over,706,681,25
S01013179,Economically active: Total,439,421,18
S01013179,Economically active: Employee: Total,362,347,15
S01013179,Economically active: Employee: Part-time (1),98,94,4
S01013179,Economically active: Employee: Full-time (1),264,253,11
S01013179,Economically active: Self-employed: Total,48,46,2
S01013179,Economically active: Self-employed: Part-time (1),11,10,1
S01013179,Economically active: Self-employed: Full-time (1),37,36,1
S01013179,Economically active: Unemployed (1),29,28,1
S01013179,Economically inactive,267,260,7
S01013180,All people aged 16 and over,360,352,8
S01013180,Economically active: Total,273,267,6
S01013180,Economically active: Employee: Total,233,228,5
S01013180,Economically active: Employee: Part-time (1),68,65,3
S01013180,Economically active: Employee: Full-time (1),165,163,2
S01013180,Economically active: Self-employed: Total,20,19,1
S01013180,Economically active: Self-employed: Part-time (1),6,5,1
S01013180,Economically active: Self-employed: Full-time (1),14,14,0
S01013180,Economically active: Unemployed (1),20,20,0
S01013180,Economically inactive,87,85,2
S01013181,All people aged 16 and over,611,593,18
S01013181,Economically active: Total,384,373,11
S01013181,Economically active: Employee: Total,339,328,11
S01013181,Economically active: Employee: Part-time (1),84,80,4
S01013181,Economically active: Employee: Full-time (1),255,248,7
S01013181,Economically active: Self-employed: Total,24,24,0
S01013181,Economically active: Self-employed: Part-time (1),7,7,0
S01013181,Economically active: Self-employed: Full-time (1),17,17,0
S01013181,Economically active: Unemployed (1),21,21,0
S01013181,Economically inactive,227,220,7
S01013182,All people aged 16 and over,633,622,11
S01013182,Economically active: Total,341,336,5
S01013182,Economically active: Employee: Total,296,291,5
S01013182,Economically active: Employee: Part-time (1),83,81,2
S01013182,Economically active: Employee: Full-time (1),213,210,3
S01013182,Economically active: Self-employed: Total,17,17,0
S01013182,Economically active: Self-employed: Part-time (1),3,3,0
S01013182,Economically active: Self-employed: Full-time (1),14,14,0
S01013182,Economically active: Unemployed (1),28,28,0
S01013182,Economically inactive,292,286,6
S01013183,All people aged 16 and over,706,681,25
S01013183,Economically active: Total,483,470,13
S01013183,Economically active: Employee: Total,428,418,10
S01013183,Economically active: Employee: Part-time (1),111,108,3
S01013183,Economically active: Employee: Full-time (1),317,310,7
S01013183,Economically active: Self-employed: Total,31,31,0
S01013183,Economically active: Self-employed: Part-time (1),9,9,0
S01013183,Economically active: Self-employed: Full-time (1),22,22,0
S01013183,Economically active: Unemployed (1),24,21,3
S01013183,Economically inactive,223,211,12
S01013184,All people aged 16 and over,439,427,12
S01013184,Economically active: Total,270,265,5
S01013184,Economically active: Employee: Total,201,197,4
S01013184,Economically active: Employee: Part-time (1),68,67,1
S01013184,Economically active: Employee: Full-time (1),133,130,3
S01013184,Economically active: Self-employed: Total,12,12,0
S01013184,Economically active: Self-employed: Part-time (1),3,3,0
S01013184,Economically active: Self-employed: Full-time (1),9,9,0
S01013184,Economically active: Unemployed (1),57,56,1
S01013184,Economically inactive,169,162,7
S01013185,All people aged 16 and over,618,606,12
S01013185,Economically active: Total,386,379,7
S01013185,Economically active: Employee: Total,309,302,7
S01013185,Economically active: Employee: Part-time (1),95,92,3
S01013185,Economically active: Employee: Full-time (1),214,210,4
S01013185,Economically active: Self-employed: Total,15,15,0
S01013185,Economically active: Self-employed: Part-time (1),11,11,0
S01013185,Economically active: Self-employed: Full-time (1),4,4,0
S01013185,Economically active: Unemployed (1),62,62,0
S01013185,Economically inactive,232,227,5
S01013186,All people aged 16 and over,522,503,19
S01013186,Economically active: Total,354,343,11
S01013186,Economically active: Employee: Total,276,265,11
S01013186,Economically active: Employee: Part-time (1),87,85,2
S01013186,Economically active: Employee: Full-time (1),189,180,9
S01013186,Economically active: Self-employed: Total,17,17,0
S01013186,Economically active: Self-employed: Part-time (1),4,4,0
S01013186,Economically active: Self-employed: Full-time (1),13,13,0
S01013186,Economically active: Unemployed (1),61,61,0
S01013186,Economically inactive,168,160,8
S01013187,All people aged 16 and over,659,650,9
S01013187,Economically active: Total,411,405,6
S01013187,Economically active: Employee: Total,332,327,5
S01013187,Economically active: Employee: Part-time (1),93,91,2
S01013187,Economically active: Employee: Full-time (1),239,236,3
S01013187,Economically active: Self-employed: Total,20,19,1
S01013187,Economically active: Self-employed: Part-time (1),7,6,1
S01013187,Economically active: Self-employed: Full-time (1),13,13,0
S01013187,Economically active: Unemployed (1),59,59,0
S01013187,Economically inactive,248,245,3
S01013188,All people aged 16 and over,733,711,22
S01013188,Economically active: Total,500,481,19
S01013188,Economically active: Employee: Total,445,427,18
S01013188,Economically active: Employee: Part-time (1),118,112,6
S01013188,Economically active: Employee: Full-time (1),327,315,12
S01013188,Economically active: Self-employed: Total,25,24,1
S01013188,Economically active: Self-employed: Part-time (1),9,9,0
S01013188,Economically active: Self-employed: Full-time (1),16,15,1
S01013188,Economically active: Unemployed (1),30,30,0
S01013188,Economically inactive,233,230,3
S01013189,All people aged 16 and over,524,513,11
S01013189,Economically active: Total,340,333,7
S01013189,Economically active: Employee: Total,296,292,4
S01013189,Economically active: Employee: Part-time (1),91,89,2
S01013189,Economically active: Employee: Full-time (1),205,203,2
S01013189,Economically active: Self-employed: Total,26,25,1
S01013189,Economically active: Self-employed: Part-time (1),2,2,0
S01013189,Economically active: Self-employed: Full-time (1),24,23,1
S01013189,Economically active: Unemployed (1),18,16,2
S01013189,Economically inactive,184,180,4
S01013190,All people aged 16 and over,652,635,17
S01013190,Economically active: Total,408,397,11
S01013190,Economically active: Employee: Total,355,345,10
S01013190,Economically active: Employee: Part-time (1),110,109,1
S01013190,Economically active: Employee: Full-time (1),245,236,9
S01013190,Economically active: Self-employed: Total,25,24,1
S01013190,Economically active: Self-employed: Part-time (1),7,7,0
S01013190,Economically active: Self-employed: Full-time (1),18,17,1
S01013190,Economically active: Unemployed (1),28,28,0
S01013190,Economically inactive,244,238,6
S01013191,All people aged 16 and over,834,812,22
S01013191,Economically active: Total,619,601,18
S01013191,Economically active: Employee: Total,542,528,14
S01013191,Economically active: Employee: Part-time (1),142,139,3
S01013191,Economically active: Employee: Full-time (1),400,389,11
S01013191,Economically active: Self-employed: Total,46,43,3
S01013191,Economically active: Self-employed: Part-time (1),9,8,1
S01013191,Economically active: Self-employed: Full-time (1),37,35,2
S01013191,Economically active: Unemployed (1),31,30,1
S01013191,Economically inactive,215,211,4
S01013192,All people aged 16 and over,819,788,31
S01013192,Economically active: Total,477,454,23
S01013192,Economically active: Employee: Total,414,396,18
S01013192,Economically active: Employee: Part-time (1),104,100,4
S01013192,Economically active: Employee: Full-time (1),310,296,14
S01013192,Economically active: Self-employed: Total,34,33,1
S01013192,Economically active: Self-employed: Part-time (1),14,14,0
S01013192,Economically active: Self-employed: Full-time (1),20,19,1
S01013192,Economically active: Unemployed (1),29,25,4
S01013192,Economically inactive,342,334,8
S01013193,All people aged 16 and over,557,529,28
S01013193,Economically active: Total,389,368,21
S01013193,Economically active: Employee: Total,335,317,18
S01013193,Economically active: Employee: Part-time (1),73,68,5
S01013193,Economically active: Employee: Full-time (1),262,249,13
S01013193,Economically active: Self-employed: Total,29,28,1
S01013193,Economically active: Self-employed: Part-time (1),6,5,1
S01013193,Economically active: Self-employed: Full-time (1),23,23,0
S01013193,Economically active: Unemployed (1),25,23,2
S01013193,Economically inactive,168,161,7
S01013194,All people aged 16 and over,495,477,18
S01013194,Economically active: Total,355,345,10
S01013194,Economically active: Employee: Total,301,294,7
S01013194,Economically active: Employee: Part-time (1),79,78,1
S01013194,Economically active: Employee: Full-time (1),222,216,6
S01013194,Economically active: Self-employed: Total,27,25,2
S01013194,Economically active: Self-employed: Part-time (1),7,6,1
S01013194,Economically active: Self-employed: Full-time (1),20,19,1
S01013194,Economically active: Unemployed (1),27,26,1
S01013194,Economically inactive,140,132,8
S01013195,All people aged 16 and over,891,844,47
S01013195,Economically active: Total,569,542,27
S01013195,Economically active: Employee: Total,489,464,25
S01013195,Economically active: Employee: Part-time (1),92,85,7
S01013195,Economically active: Employee: Full-time (1),397,379,18
S01013195,Economically active: Self-employed: Total,38,36,2
S01013195,Economically active: Self-employed: Part-time (1),9,9,0
S01013195,Economically active: Self-employed: Full-time (1),29,27,2
S01013195,Economically active: Unemployed (1),42,42,0
S01013195,Economically inactive,322,302,20
S01013196,All people aged 16 and over,563,543,20
S01013196,Economically active: Total,415,403,12
S01013196,Economically active: Employee: Total,362,355,7
S01013196,Economically active: Employee: Part-time (1),75,74,1
S01013196,Economically active: Employee: Full-time (1),287,281,6
S01013196,Economically active: Self-employed: Total,29,24,5
S01013196,Economically active: Self-employed: Part-time (1),9,7,2
S01013196,Economically active: Self-employed: Full-time (1),20,17,3
S01013196,Economically active: Unemployed (1),24,24,0
S01013196,Economically inactive,148,140,8
S01013197,All people aged 16 and over,502,485,17
S01013197,Economically active: Total,270,263,7
S01013197,Economically active: Employee: Total,231,224,7
S01013197,Economically active: Employee: Part-time (1),67,64,3
S01013197,Economically active: Employee: Full-time (1),164,160,4
S01013197,Economically active: Self-employed: Total,24,24,0
S01013197,Economically active: Self-employed: Part-time (1),6,6,0
S01013197,Economically active: Self-employed: Full-time (1),18,18,0
S01013197,Economically active: Unemployed (1),15,15,0
S01013197,Economically inactive,232,222,10
S01013198,All people aged 16 and over,701,680,21
S01013198,Economically active: Total,383,368,15
S01013198,Economically active: Employee: Total,299,290,9
S01013198,Economically active: Employee: Part-time (1),74,72,2
S01013198,Economically active: Employee: Full-time (1),225,218,7
S01013198,Economically active: Self-employed: Total,41,37,4
S01013198,Economically active: Self-employed: Part-time (1),8,7,1
S01013198,Economically active: Self-employed: Full-time (1),33,30,3
S01013198,Economically active: Unemployed (1),43,41,2
S01013198,Economically inactive,318,312,6
S01013199,All people aged 16 and over,816,778,38
S01013199,Economically active: Total,442,417,25
S01013199,Economically active: Employee: Total,346,326,20
S01013199,Economically active: Employee: Part-time (1),72,69,3
S01013199,Economically active: Employee: Full-time (1),274,257,17
S01013199,Economically active: Self-employed: Total,65,63,2
S01013199,Economically active: Self-employed: Part-time (1),16,16,0
S01013199,Economically active: Self-employed: Full-time (1),49,47,2
S01013199,Economically active: Unemployed (1),31,28,3
S01013199,Economically inactive,374,361,13
S01013200,All people aged 16 and over,597,577,20
S01013200,Economically active: Total,342,335,7
S01013200,Economically active: Employee: Total,278,272,6
S01013200,Economically active: Employee: Part-time (1),82,79,3
S01013200,Economically active: Employee: Full-time (1),196,193,3
S01013200,Economically active: Self-employed: Total,28,28,0
S01013200,Economically active: Self-employed: Part-time (1),7,7,0
S01013200,Economically active: Self-employed: Full-time (1),21,21,0
S01013200,Economically active: Unemployed (1),36,35,1
S01013200,Economically inactive,255,242,13
S01013201,All people aged 16 and over,600,593,7
S01013201,Economically active: Total,337,333,4
S01013201,Economically active: Employee: Total,247,243,4
S01013201,Economically active: Employee: Part-time (1),72,70,2
S01013201,Economically active: Employee: Full-time (1),175,173,2
S01013201,Economically active: Self-employed: Total,16,16,0
S01013201,Economically active: Self-employed: Part-time (1),3,3,0
S01013201,Economically active: Self-employed: Full-time (1),13,13,0
S01013201,Economically active: Unemployed (1),74,74,0
S01013201,Economically inactive,263,260,3
S01013202,All people aged 16 and over,466,451,15
S01013202,Economically active: Total,269,262,7
S01013202,Economically active: Employee: Total,193,188,5
S01013202,Economically active: Employee: Part-time (1),60,60,0
S01013202,Economically active: Employee: Full-time (1),133,128,5
S01013202,Economically active: Self-employed: Total,12,10,2
S01013202,Economically active: Self-employed: Part-time (1),4,3,1
S01013202,Economically active: Self-employed: Full-time (1),8,7,1
S01013202,Economically active: Unemployed (1),64,64,0
S01013202,Economically inactive,197,189,8
S01013203,All people aged 16 and over,576,553,23
S01013203,Economically active: Total,353,339,14
S01013203,Economically active: Employee: Total,283,270,13
S01013203,Economically active: Employee: Part-time (1),71,68,3
S01013203,Economically active: Employee: Full-time (1),212,202,10
S01013203,Economically active: Self-employed: Total,16,15,1
S01013203,Economically active: Self-employed: Part-time (1),5,5,0
S01013203,Economically active: Self-employed: Full-time (1),11,10,1
S01013203,Economically active: Unemployed (1),54,54,0
S01013203,Economically inactive,223,214,9
S01013204,All people aged 16 and over,633,613,20
S01013204,Economically active: Total,467,452,15
S01013204,Economically active: Employee: Total,404,394,10
S01013204,Economically active: Employee: Part-time (1),93,88,5
S01013204,Economically active: Employee: Full-time (1),311,306,5
S01013204,Economically active: Self-employed: Total,19,17,2
S01013204,Economically active: Self-employed: Part-time (1),6,4,2
S01013204,Economically active: Self-employed: Full-time (1),13,13,0
S01013204,Economically active: Unemployed (1),44,41,3
S01013204,Economically inactive,166,161,5
S01013205,All people aged 16 and over,463,452,11
S01013205,Economically active: Total,278,271,7
S01013205,Economically active: Employee: Total,204,199,5
S01013205,Economically active: Employee: Part-time (1),65,61,4
S01013205,Economically active: Employee: Full-time (1),139,138,1
S01013205,Economically active: Self-employed: Total,12,11,1
S01013205,Economically active: Self-employed: Part-time (1),1,1,0
S01013205,Economically active: Self-employed: Full-time (1),11,10,1
S01013205,Economically active: Unemployed (1),62,61,1
S01013205,Economically inactive,185,181,4
S01013206,All people aged 16 and over,519,501,18
S01013206,Economically active: Total,300,290,10
S01013206,Economically active: Employee: Total,242,235,7
S01013206,Economically active: Employee: Part-time (1),76,74,2
S01013206,Economically active: Employee: Full-time (1),166,161,5
S01013206,Economically active: Self-employed: Total,13,11,2
S01013206,Economically active: Self-employed: Part-time (1),3,3,0
S01013206,Economically active: Self-employed: Full-time (1),10,8,2
S01013206,Economically active: Unemployed (1),45,44,1
S01013206,Economically inactive,219,211,8
S01013207,All people aged 16 and over,664,642,22
S01013207,Economically active: Total,392,378,14
S01013207,Economically active: Employee: Total,305,295,10
S01013207,Economically active: Employee: Part-time (1),97,95,2
S01013207,Economically active: Employee: Full-time (1),208,200,8
S01013207,Economically active: Self-employed: Total,48,46,2
S01013207,Economically active: Self-employed: Part-time (1),9,8,1
S01013207,Economically active: Self-employed: Full-time (1),39,38,1
S01013207,Economically active: Unemployed (1),39,37,2
S01013207,Economically inactive,272,264,8
S01013208,All people aged 16 and over,741,718,23
S01013208,Economically active: Total,447,430,17
S01013208,Economically active: Employee: Total,364,349,15
S01013208,Economically active: Employee: Part-time (1),107,105,2
S01013208,Economically active: Employee: Full-time (1),257,244,13
S01013208,Economically active: Self-employed: Total,27,27,0
S01013208,Economically active: Self-employed: Part-time (1),6,6,0
S01013208,Economically active: Self-employed: Full-time (1),21,21,0
S01013208,Economically active: Unemployed (1),56,54,2
S01013208,Economically inactive,294,288,6
S01013209,All people aged 16 and over,708,697,11
S01013209,Economically active: Total,421,412,9
S01013209,Economically active: Employee: Total,351,343,8
S01013209,Economically active: Employee: Part-time (1),94,90,4
S01013209,Economically active: Employee: Full-time (1),257,253,4
S01013209,Economically active: Self-employed: Total,36,35,1
S01013209,Economically active: Self-employed: Part-time (1),6,6,0
S01013209,Economically active: Self-employed: Full-time (1),30,29,1
S01013209,Economically active: Unemployed (1),34,34,0
S01013209,Economically inactive,287,285,2
S01013210,All people aged 16 and over,512,502,10
S01013210,Economically active: Total,339,333,6
S01013210,Economically active: Employee: Total,279,275,4
S01013210,Economically active: Employee: Part-time (1),81,81,0
S01013210,Economically active: Employee: Full-time (1),198,194,4
S01013210,Economically active: Self-employed: Total,38,36,2
S01013210,Economically active: Self-employed: Part-time (1),8,8,0
S01013210,Economically active: Self-employed: Full-time (1),30,28,2
S01013210,Economically active: Unemployed (1),22,22,0
S01013210,Economically inactive,173,169,4
S01013211,All people aged 16 and over,733,712,21
S01013211,Economically active: Total,497,482,15
S01013211,Economically active: Employee: Total,433,424,9
S01013211,Economically active: Employee: Part-time (1),100,99,1
S01013211,Economically active: Employee: Full-time (1),333,325,8
S01013211,Economically active: Self-employed: Total,29,26,3
S01013211,Economically active: Self-employed: Part-time (1),8,8,0
S01013211,Economically active: Self-employed: Full-time (1),21,18,3
S01013211,Economically active: Unemployed (1),35,32,3
S01013211,Economically inactive,236,230,6
S01013212,All people aged 16 and over,473,451,22
S01013212,Economically active: Total,397,379,18
S01013212,Economically active: Employee: Total,349,333,16
S01013212,Economically active: Employee: Part-time (1),88,84,4
S01013212,Economically active: Employee: Full-time (1),261,249,12
S01013212,Economically active: Self-employed: Total,31,30,1
S01013212,Economically active: Self-employed: Part-time (1),6,5,1
S01013212,Economically active: Self-employed: Full-time (1),25,25,0
S01013212,Economically active: Unemployed (1),17,16,1
S01013212,Economically inactive,76,72,4
S01013213,All people aged 16 and over,459,448,11
S01013213,Economically active: Total,359,349,10
S01013213,Economically active: Employee: Total,295,286,9
S01013213,Economically active: Employee: Part-time (1),84,83,1
S01013213,Economically active: Employee: Full-time (1),211,203,8
S01013213,Economically active: Self-employed: Total,44,44,0
S01013213,Economically active: Self-employed: Part-time (1),9,9,0
S01013213,Economically active: Self-employed: Full-time (1),35,35,0
S01013213,Economically active: Unemployed (1),20,19,1
S01013213,Economically inactive,100,99,1
S01013214,All people aged 16 and over,348,340,8
S01013214,Economically active: Total,284,279,5
S01013214,Economically active: Employee: Total,251,246,5
S01013214,Economically active: Employee: Part-time (1),53,52,1
S01013214,Economically active: Employee: Full-time (1),198,194,4
S01013214,Economically active: Self-employed: Total,23,23,0
S01013214,Economically active: Self-employed: Part-time (1),5,5,0
S01013214,Economically active: Self-employed: Full-time (1),18,18,0
S01013214,Economically active: Unemployed (1),10,10,0
S01013214,Economically inactive,64,61,3
S01013215,All people aged 16 and over,650,628,22
S01013215,Economically active: Total,481,466,15
S01013215,Economically active: Employee: Total,413,400,13
S01013215,Economically active: Employee: Part-time (1),91,90,1
S01013215,Economically active: Employee: Full-time (1),322,310,12
S01013215,Economically active: Self-employed: Total,26,24,2
S01013215,Economically active: Self-employed: Part-time (1),6,5,1
S01013215,Economically active: Self-employed: Full-time (1),20,19,1
S01013215,Economically active: Unemployed (1),42,42,0
S01013215,Economically inactive,169,162,7
S01013216,All people aged 16 and over,451,439,12
S01013216,Economically active: Total,305,297,8
S01013216,Economically active: Employee: Total,249,244,5
S01013216,Economically active: Employee: Part-time (1),77,77,0
S01013216,Economically active: Employee: Full-time (1),172,167,5
S01013216,Economically active: Self-employed: Total,16,15,1
S01013216,Economically active: Self-employed: Part-time (1),5,4,1
S01013216,Economically active: Self-employed: Full-time (1),11,11,0
S01013216,Economically active: Unemployed (1),40,38,2
S01013216,Economically inactive,146,142,4
S01013217,All people aged 16 and over,542,527,15
S01013217,Economically active: Total,365,359,6
S01013217,Economically active: Employee: Total,315,309,6
S01013217,Economically active: Employee: Part-time (1),91,88,3
S01013217,Economically active: Employee: Full-time (1),224,221,3
S01013217,Economically active: Self-employed: Total,18,18,0
S01013217,Economically active: Self-employed: Part-time (1),3,3,0
S01013217,Economically active: Self-employed: Full-time (1),15,15,0
S01013217,Economically active: Unemployed (1),32,32,0
S01013217,Economically inactive,177,168,9
S01013218,All people aged 16 and over,455,446,9
S01013218,Economically active: Total,281,273,8
S01013218,Economically active: Employee: Total,221,219,2
S01013218,Economically active: Employee: Part-time (1),70,70,0
S01013218,Economically active: Employee: Full-time (1),151,149,2
S01013218,Economically active: Self-employed: Total,18,15,3
S01013218,Economically active: Self-employed: Part-time (1),7,6,1
S01013218,Economically active: Self-employed: Full-time (1),11,9,2
S01013218,Economically active: Unemployed (1),42,39,3
S01013218,Economically inactive,174,173,1
S01013219,All people aged 16 and over,424,414,10
S01013219,Economically active: Total,275,269,6
S01013219,Economically active: Employee: Total,219,215,4
S01013219,Economically active: Employee: Part-time (1),80,79,1
S01013219,Economically active: Employee: Full-time (1),139,136,3
S01013219,Economically active: Self-employed: Total,12,11,1
S01013219,Economically active: Self-employed: Part-time (1),3,3,0
S01013219,Economically active: Self-employed: Full-time (1),9,8,1
S01013219,Economically active: Unemployed (1),44,43,1
S01013219,Economically inactive,149,145,4
S01013220,All people aged 16 and over,524,518,6
S01013220,Economically active: Total,297,291,6
S01013220,Economically active: Employee: Total,230,225,5
S01013220,Economically active: Employee: Part-time (1),76,73,3
S01013220,Economically active: Employee: Full-time (1),154,152,2
S01013220,Economically active: Self-employed: Total,18,18,0
S01013220,Economically active: Self-employed: Part-time (1),6,6,0
S01013220,Economically active: Self-employed: Full-time (1),12,12,0
S01013220,Economically active: Unemployed (1),49,48,1
S01013220,Economically inactive,227,227,0
S01013221,All people aged 16 and over,721,695,26
S01013221,Economically active: Total,447,430,17
S01013221,Economically active: Employee: Total,351,338,13
S01013221,Economically active: Employee: Part-time (1),115,111,4
S01013221,Economically active: Employee: Full-time (1),236,227,9
S01013221,Economically active: Self-employed: Total,46,46,0
S01013221,Economically active: Self-employed: Part-time (1),8,8,0
S01013221,Economically active: Self-employed: Full-time (1),38,38,0
S01013221,Economically active: Unemployed (1),50,46,4
S01013221,Economically inactive,274,265,9
S01013222,All people aged 16 and over,477,454,23
S01013222,Economically active: Total,249,234,15
S01013222,Economically active: Employee: Total,198,188,10
S01013222,Economically active: Employee: Part-time (1),64,60,4
S01013222,Economically active: Employee: Full-time (1),134,128,6
S01013222,Economically active: Self-employed: Total,18,17,1
S01013222,Economically active: Self-employed: Part-time (1),6,5,1
S01013222,Economically active: Self-employed: Full-time (1),12,12,0
S01013222,Economically active: Unemployed (1),33,29,4
S01013222,Economically inactive,228,220,8
S01013223,All people aged 16 and over,938,914,24
S01013223,Economically active: Total,519,505,14
S01013223,Economically active: Employee: Total,399,388,11
S01013223,Economically active: Employee: Part-time (1),98,93,5
S01013223,Economically active: Employee: Full-time (1),301,295,6
S01013223,Economically active: Self-employed: Total,46,44,2
S01013223,Economically active: Self-employed: Part-time (1),9,9,0
S01013223,Economically active: Self-employed: Full-time (1),37,35,2
S01013223,Economically active: Unemployed (1),74,73,1
S01013223,Economically inactive,419,409,10
S01013224,All people aged 16 and over,674,659,15
S01013224,Economically active: Total,458,446,12
S01013224,Economically active: Employee: Total,382,372,10
S01013224,Economically active: Employee: Part-time (1),99,97,2
S01013224,Economically active: Employee: Full-time (1),283,275,8
S01013224,Economically active: Self-employed: Total,33,32,1
S01013224,Economically active: Self-employed: Part-time (1),8,8,0
S01013224,Economically active: Self-employed: Full-time (1),25,24,1
S01013224,Economically active: Unemployed (1),43,42,1
S01013224,Economically inactive,216,213,3
S01013225,All people aged 16 and over,620,597,23
S01013225,Economically active: Total,382,363,19
S01013225,Economically active: Employee: Total,310,295,15
S01013225,Economically active: Employee: Part-time (1),91,88,3
S01013225,Economically active: Employee: Full-time (1),219,207,12
S01013225,Economically active: Self-employed: Total,20,16,4
S01013225,Economically active: Self-employed: Part-time (1),9,8,1
S01013225,Economically active: Self-employed: Full-time (1),11,8,3
S01013225,Economically active: Unemployed (1),52,52,0
S01013225,Economically inactive,238,234,4
S01013226,All people aged 16 and over,402,388,14
S01013226,Economically active: Total,312,302,10
S01013226,Economically active: Employee: Total,265,256,9
S01013226,Economically active: Employee: Part-time (1),67,67,0
S01013226,Economically active: Employee: Full-time (1),198,189,9
S01013226,Economically active: Self-employed: Total,22,22,0
S01013226,Economically active: Self-employed: Part-time (1),4,4,0
S01013226,Economically active: Self-employed: Full-time (1),18,18,0
S01013226,Economically active: Unemployed (1),25,24,1
S01013226,Economically inactive,90,86,4
S01013227,All people aged 16 and over,564,556,8
S01013227,Economically active: Total,293,289,4
S01013227,Economically active: Employee: Total,241,237,4
S01013227,Economically active: Employee: Part-time (1),63,62,1
S01013227,Economically active: Employee: Full-time (1),178,175,3
S01013227,Economically active: Self-employed: Total,17,17,0
S01013227,Economically active: Self-employed: Part-time (1),8,8,0
S01013227,Economically active: Self-employed: Full-time (1),9,9,0
S01013227,Economically active: Unemployed (1),35,35,0
S01013227,Economically inactive,271,267,4
S01013228,All people aged 16 and over,606,592,14
S01013228,Economically active: Total,409,397,12
S01013228,Economically active: Employee: Total,318,308,10
S01013228,Economically active: Employee: Part-time (1),79,77,2
S01013228,Economically active: Employee: Full-time (1),239,231,8
S01013228,Economically active: Self-employed: Total,39,37,2
S01013228,Economically active: Self-employed: Part-time (1),13,13,0
S01013228,Economically active: Self-employed: Full-time (1),26,24,2
S01013228,Economically active: Unemployed (1),52,52,0
S01013228,Economically inactive,197,195,2
S01013229,All people aged 16 and over,620,605,15
S01013229,Economically active: Total,381,370,11
S01013229,Economically active: Employee: Total,322,311,11
S01013229,Economically active: Employee: Part-time (1),107,105,2
S01013229,Economically active: Employee: Full-time (1),215,206,9
S01013229,Economically active: Self-employed: Total,15,15,0
S01013229,Economically active: Self-employed: Part-time (1),4,4,0
S01013229,Economically active: Self-employed: Full-time (1),11,11,0
S01013229,Economically active: Unemployed (1),44,44,0
S01013229,Economically inactive,239,235,4
S01013230,All people aged 16 and over,563,555,8
S01013230,Economically active: Total,297,290,7
S01013230,Economically active: Employee: Total,269,264,5
S01013230,Economically active: Employee: Part-time (1),72,72,0
S01013230,Economically active: Employee: Full-time (1),197,192,5
S01013230,Economically active: Self-employed: Total,14,13,1
S01013230,Economically active: Self-employed: Part-time (1),2,1,1
S01013230,Economically active: Self-employed: Full-time (1),12,12,0
S01013230,Economically active: Unemployed (1),14,13,1
S01013230,Economically inactive,266,265,1
S01013231,All people aged 16 and over,622,604,18
S01013231,Economically active: Total,374,361,13
S01013231,Economically active: Employee: Total,331,320,11
S01013231,Economically active: Employee: Part-time (1),96,89,7
S01013231,Economically active: Employee: Full-time (1),235,231,4
S01013231,Economically active: Self-employed: Total,20,18,2
S01013231,Economically active: Self-employed: Part-time (1),3,2,1
S01013231,Economically active: Self-employed: Full-time (1),17,16,1
S01013231,Economically active: Unemployed (1),23,23,0
S01013231,Economically inactive,248,243,5
S01013232,All people aged 16 and over,603,589,14
S01013232,Economically active: Total,320,313,7
S01013232,Economically active: Employee: Total,275,268,7
S01013232,Economically active: Employee: Part-time (1),71,68,3
S01013232,Economically active: Employee: Full-time (1),204,200,4
S01013232,Economically active: Self-employed: Total,20,20,0
S01013232,Economically active: Self-employed: Part-time (1),4,4,0
S01013232,Economically active: Self-employed: Full-time (1),16,16,0
S01013232,Economically active: Unemployed (1),25,25,0
S01013232,Economically inactive,283,276,7
S01013233,All people aged 16 and over,510,483,27
S01013233,Economically active: Total,308,293,15
S01013233,Economically active: Employee: Total,267,255,12
S01013233,Economically active: Employee: Part-time (1),75,72,3
S01013233,Economically active: Employee: Full-time (1),192,183,9
S01013233,Economically active: Self-employed: Total,25,23,2
S01013233,Economically active: Self-employed: Part-time (1),8,8,0
S01013233,Economically active: Self-employed: Full-time (1),17,15,2
S01013233,Economically active: Unemployed (1),16,15,1
S01013233,Economically inactive,202,190,12
S01013234,All people aged 16 and over,311,293,18
S01013234,Economically active: Total,241,229,12
S01013234,Economically active: Employee: Total,208,196,12
S01013234,Economically active: Employee: Part-time (1),66,62,4
S01013234,Economically active: Employee: Full-time (1),142,134,8
S01013234,Economically active: Self-employed: Total,28,28,0
S01013234,Economically active: Self-employed: Part-time (1),3,3,0
S01013234,Economically active: Self-employed: Full-time (1),25,25,0
S01013234,Economically active: Unemployed (1),5,5,0
S01013234,Economically inactive,70,64,6
S01013235,All people aged 16 and over,681,664,17
S01013235,Economically active: Total,421,411,10
S01013235,Economically active: Employee: Total,359,352,7
S01013235,Economically active: Employee: Part-time (1),74,71,3
S01013235,Economically active: Employee: Full-time (1),285,281,4
S01013235,Economically active: Self-employed: Total,38,35,3
S01013235,Economically active: Self-employed: Part-time (1),11,11,0
S01013235,Economically active: Self-employed: Full-time (1),27,24,3
S01013235,Economically active: Unemployed (1),24,24,0
S01013235,Economically inactive,260,253,7
S01013236,All people aged 16 and over,763,741,22
S01013236,Economically active: Total,425,410,15
S01013236,Economically active: Employee: Total,334,323,11
S01013236,Economically active: Employee: Part-time (1),110,105,5
S01013236,Economically active: Employee: Full-time (1),224,218,6
S01013236,Economically active: Self-employed: Total,65,61,4
S01013236,Economically active: Self-employed: Part-time (1),13,12,1
S01013236,Economically active: Self-employed: Full-time (1),52,49,3
S01013236,Economically active: Unemployed (1),26,26,0
S01013236,Economically inactive,338,331,7
S01013237,All people aged 16 and over,648,625,23
S01013237,Economically active: Total,460,448,12
S01013237,Economically active: Employee: Total,391,381,10
S01013237,Economically active: Employee: Part-time (1),97,94,3
S01013237,Economically active: Employee: Full-time (1),294,287,7
S01013237,Economically active: Self-employed: Total,41,40,1
S01013237,Economically active: Self-employed: Part-time (1),13,12,1
S01013237,Economically active: Self-employed: Full-time (1),28,28,0
S01013237,Economically active: Unemployed (1),28,27,1
S01013237,Economically inactive,188,177,11
S01013238,All people aged 16 and over,627,609,18
S01013238,Economically active: Total,329,321,8
S01013238,Economically active: Employee: Total,244,239,5
S01013238,Economically active: Employee: Part-time (1),86,84,2
S01013238,Economically active: Employee: Full-time (1),158,155,3
S01013238,Economically active: Self-employed: Total,18,16,2
S01013238,Economically active: Self-employed: Part-time (1),2,2,0
S01013238,Economically active: Self-employed: Full-time (1),16,14,2
S01013238,Economically active: Unemployed (1),67,66,1
S01013238,Economically inactive,298,288,10
S01013239,All people aged 16 and over,709,691,18
S01013239,Economically active: Total,403,391,12
S01013239,Economically active: Employee: Total,322,313,9
S01013239,Economically active: Employee: Part-time (1),111,109,2
S01013239,Economically active: Employee: Full-time (1),211,204,7
S01013239,Economically active: Self-employed: Total,16,14,2
S01013239,Economically active: Self-employed: Part-time (1),5,4,1
S01013239,Economically active: Self-employed: Full-time (1),11,10,1
S01013239,Economically active: Unemployed (1),65,64,1
S01013239,Economically inactive,306,300,6
S01013240,All people aged 16 and over,433,415,18
S01013240,Economically active: Total,249,237,12
S01013240,Economically active: Employee: Total,189,179,10
S01013240,Economically active: Employee: Part-time (1),70,64,6
S01013240,Economically active: Employee: Full-time (1),119,115,4
S01013240,Economically active: Self-employed: Total,15,14,1
S01013240,Economically active: Self-employed: Part-time (1),5,5,0
S01013240,Economically active: Self-employed: Full-time (1),10,9,1
S01013240,Economically active: Unemployed (1),45,44,1
S01013240,Economically inactive,184,178,6
S01013241,All people aged 16 and over,727,707,20
S01013241,Economically active: Total,473,459,14
S01013241,Economically active: Employee: Total,409,399,10
S01013241,Economically active: Employee: Part-time (1),104,101,3
S01013241,Economically active: Employee: Full-time (1),305,298,7
S01013241,Economically active: Self-employed: Total,50,48,2
S01013241,Economically active: Self-employed: Part-time (1),12,12,0
S01013241,Economically active: Self-employed: Full-time (1),38,36,2
S01013241,Economically active: Unemployed (1),14,12,2
S01013241,Economically inactive,254,248,6
S01013242,All people aged 16 and over,509,497,12
S01013242,Economically active: Total,321,314,7
S01013242,Economically active: Employee: Total,216,212,4
S01013242,Economically active: Employee: Part-time (1),71,69,2
S01013242,Economically active: Employee: Full-time (1),145,143,2
S01013242,Economically active: Self-employed: Total,92,89,3
S01013242,Economically active: Self-employed: Part-time (1),21,20,1
S01013242,Economically active: Self-employed: Full-time (1),71,69,2
S01013242,Economically active: Unemployed (1),13,13,0
S01013242,Economically inactive,188,183,5
S01013243,All people aged 16 and over,600,566,34
S01013243,Economically active: Total,380,359,21
S01013243,Economically active: Employee: Total,297,279,18
S01013243,Economically active: Employee: Part-time (1),76,70,6
S01013243,Economically active: Employee: Full-time (1),221,209,12
S01013243,Economically active: Self-employed: Total,33,31,2
S01013243,Economically active: Self-employed: Part-time (1),5,5,0
S01013243,Economically active: Self-employed: Full-time (1),28,26,2
S01013243,Economically active: Unemployed (1),50,49,1
S01013243,Economically inactive,220,207,13
S01013244,All people aged 16 and over,617,607,10
S01013244,Economically active: Total,319,313,6
S01013244,Economically active: Employee: Total,255,253,2
S01013244,Economically active: Employee: Part-time (1),60,59,1
S01013244,Economically active: Employee: Full-time (1),195,194,1
S01013244,Economically active: Self-employed: Total,29,26,3
S01013244,Economically active: Self-employed: Part-time (1),10,10,0
S01013244,Economically active: Self-employed: Full-time (1),19,16,3
S01013244,Economically active: Unemployed (1),35,34,1
S01013244,Economically inactive,298,294,4
S01013245,All people aged 16 and over,797,781,16
S01013245,Economically active: Total,547,533,14
S01013245,Economically active: Employee: Total,451,442,9
S01013245,Economically active: Employee: Part-time (1),123,121,2
S01013245,Economically active: Employee: Full-time (1),328,321,7
S01013245,Economically active: Self-employed: Total,57,53,4
S01013245,Economically active: Self-employed: Part-time (1),12,11,1
S01013245,Economically active: Self-employed: Full-time (1),45,42,3
S01013245,Economically active: Unemployed (1),39,38,1
S01013245,Economically inactive,250,248,2
S01013246,All people aged 16 and over,366,362,4
S01013246,Economically active: Total,252,249,3
S01013246,Economically active: Employee: Total,212,209,3
S01013246,Economically active: Employee: Part-time (1),42,41,1
S01013246,Economically active: Employee: Full-time (1),170,168,2
S01013246,Economically active: Self-employed: Total,30,30,0
S01013246,Economically active: Self-employed: Part-time (1),11,11,0
S01013246,Economically active: Self-employed: Full-time (1),19,19,0
S01013246,Economically active: Unemployed (1),10,10,0
S01013246,Economically inactive,114,113,1
S01013247,All people aged 16 and over,629,615,14
S01013247,Economically active: Total,372,362,10
S01013247,Economically active: Employee: Total,292,284,8
S01013247,Economically active: Employee: Part-time (1),82,79,3
S01013247,Economically active: Employee: Full-time (1),210,205,5
S01013247,Economically active: Self-employed: Total,28,26,2
S01013247,Economically active: Self-employed: Part-time (1),4,3,1
S01013247,Economically active: Self-employed: Full-time (1),24,23,1
S01013247,Economically active: Unemployed (1),52,52,0
S01013247,Economically inactive,257,253,4
S01013248,All people aged 16 and over,511,499,12
S01013248,Economically active: Total,314,309,5
S01013248,Economically active: Employee: Total,249,245,4
S01013248,Economically active: Employee: Part-time (1),76,75,1
S01013248,Economically active: Employee: Full-time (1),173,170,3
S01013248,Economically active: Self-employed: Total,16,16,0
S01013248,Economically active: Self-employed: Part-time (1),3,3,0
S01013248,Economically active: Self-employed: Full-time (1),13,13,0
S01013248,Economically active: Unemployed (1),49,48,1
S01013248,Economically inactive,197,190,7
S01013249,All people aged 16 and over,375,371,4
S01013249,Economically active: Total,244,241,3
S01013249,Economically active: Employee: Total,209,207,2
S01013249,Economically active: Employee: Part-time (1),48,48,0
S01013249,Economically active: Employee: Full-time (1),161,159,2
S01013249,Economically active: Self-employed: Total,17,16,1
S01013249,Economically active: Self-employed: Part-time (1),4,3,1
S01013249,Economically active: Self-employed: Full-time (1),13,13,0
S01013249,Economically active: Unemployed (1),18,18,0
S01013249,Economically inactive,131,130,1
S01013250,All people aged 16 and over,705,671,34
S01013250,Economically active: Total,503,476,27
S01013250,Economically active: Employee: Total,359,340,19
S01013250,Economically active: Employee: Part-time (1),93,88,5
S01013250,Economically active: Employee: Full-time (1),266,252,14
S01013250,Economically active: Self-employed: Total,113,109,4
S01013250,Economically active: Self-employed: Part-time (1),30,30,0
S01013250,Economically active: Self-employed: Full-time (1),83,79,4
S01013250,Economically active: Unemployed (1),31,27,4
S01013250,Economically inactive,202,195,7
S01013251,All people aged 16 and over,558,535,23
S01013251,Economically active: Total,335,318,17
S01013251,Economically active: Employee: Total,272,257,15
S01013251,Economically active: Employee: Part-time (1),78,73,5
S01013251,Economically active: Employee: Full-time (1),194,184,10
S01013251,Economically active: Self-employed: Total,19,17,2
S01013251,Economically active: Self-employed: Part-time (1),8,6,2
S01013251,Economically active: Self-employed: Full-time (1),11,11,0
S01013251,Economically active: Unemployed (1),44,44,0
S01013251,Economically inactive,223,217,6
S01013252,All people aged 16 and over,546,524,22
S01013252,Economically active: Total,349,332,17
S01013252,Economically active: Employee: Total,277,264,13
S01013252,Economically active: Employee: Part-time (1),75,73,2
S01013252,Economically active: Employee: Full-time (1),202,191,11
S01013252,Economically active: Self-employed: Total,37,35,2
S01013252,Economically active: Self-employed: Part-time (1),9,8,1
S01013252,Economically active: Self-employed: Full-time (1),28,27,1
S01013252,Economically active: Unemployed (1),35,33,2
S01013252,Economically inactive,197,192,5
S01013253,All people aged 16 and over,585,569,16
S01013253,Economically active: Total,376,362,14
S01013253,Economically active: Employee: Total,316,306,10
S01013253,Economically active: Employee: Part-time (1),72,69,3
S01013253,Economically active: Employee: Full-time (1),244,237,7
S01013253,Economically active: Self-employed: Total,28,26,2
S01013253,Economically active: Self-employed: Part-time (1),6,5,1
S01013253,Economically active: Self-employed: Full-time (1),22,21,1
S01013253,Economically active: Unemployed (1),32,30,2
S01013253,Economically inactive,209,207,2
S01013254,All people aged 16 and over,499,481,18
S01013254,Economically active: Total,295,280,15
S01013254,Economically active: Employee: Total,237,225,12
S01013254,Economically active: Employee: Part-time (1),63,59,4
S01013254,Economically active: Employee: Full-time (1),174,166,8
S01013254,Economically active: Self-employed: Total,26,24,2
S01013254,Economically active: Self-employed: Part-time (1),11,10,1
S01013254,Economically active: Self-employed: Full-time (1),15,14,1
S01013254,Economically active: Unemployed (1),32,31,1
S01013254,Economically inactive,204,201,3
S01013255,All people aged 16 and over,1200,1146,54
S01013255,Economically active: Total,497,467,30
S01013255,Economically active: Employee: Total,403,385,18
S01013255,Economically active: Employee: Part-time (1),111,103,8
S01013255,Economically active: Employee: Full-time (1),292,282,10
S01013255,Economically active: Self-employed: Total,51,46,5
S01013255,Economically active: Self-employed: Part-time (1),12,11,1
S01013255,Economically active: Self-employed: Full-time (1),39,35,4
S01013255,Economically active: Unemployed (1),43,36,7
S01013255,Economically inactive,703,679,24
S01013256,All people aged 16 and over,604,580,24
S01013256,Economically active: Total,374,356,18
S01013256,Economically active: Employee: Total,306,291,15
S01013256,Economically active: Employee: Part-time (1),75,68,7
S01013256,Economically active: Employee: Full-time (1),231,223,8
S01013256,Economically active: Self-employed: Total,47,45,2
S01013256,Economically active: Self-employed: Part-time (1),12,12,0
S01013256,Economically active: Self-employed: Full-time (1),35,33,2
S01013256,Economically active: Unemployed (1),21,20,1
S01013256,Economically inactive,230,224,6
S01013257,All people aged 16 and over,696,675,21
S01013257,Economically active: Total,392,375,17
S01013257,Economically active: Employee: Total,324,312,12
S01013257,Economically active: Employee: Part-time (1),81,79,2
S01013257,Economically active: Employee: Full-time (1),243,233,10
S01013257,Economically active: Self-employed: Total,41,37,4
S01013257,Economically active: Self-employed: Part-time (1),8,7,1
S01013257,Economically active: Self-employed: Full-time (1),33,30,3
S01013257,Economically active: Unemployed (1),27,26,1
S01013257,Economically inactive,304,300,4
S01013258,All people aged 16 and over,638,614,24
S01013258,Economically active: Total,408,389,19
S01013258,Economically active: Employee: Total,350,335,15
S01013258,Economically active: Employee: Part-time (1),100,94,6
S01013258,Economically active: Employee: Full-time (1),250,241,9
S01013258,Economically active: Self-employed: Total,43,41,2
S01013258,Economically active: Self-employed: Part-time (1),7,7,0
S01013258,Economically active: Self-employed: Full-time (1),36,34,2
S01013258,Economically active: Unemployed (1),15,13,2
S01013258,Economically inactive,230,225,5
S01013259,All people aged 16 and over,678,661,17
S01013259,Economically active: Total,444,432,12
S01013259,Economically active: Employee: Total,365,357,8
S01013259,Economically active: Employee: Part-time (1),110,110,0
S01013259,Economically active: Employee: Full-time (1),255,247,8
S01013259,Economically active: Self-employed: Total,35,33,2
S01013259,Economically active: Self-employed: Part-time (1),8,7,1
S01013259,Economically active: Self-employed: Full-time (1),27,26,1
S01013259,Economically active: Unemployed (1),44,42,2
S01013259,Economically inactive,234,229,5
S01013260,All people aged 16 and over,677,658,19
S01013260,Economically active: Total,442,426,16
S01013260,Economically active: Employee: Total,371,358,13
S01013260,Economically active: Employee: Part-time (1),90,88,2
S01013260,Economically active: Employee: Full-time (1),281,270,11
S01013260,Economically active: Self-employed: Total,17,17,0
S01013260,Economically active: Self-employed: Part-time (1),4,4,0
S01013260,Economically active: Self-employed: Full-time (1),13,13,0
S01013260,Economically active: Unemployed (1),54,51,3
S01013260,Economically inactive,235,232,3
S01013261,All people aged 16 and over,622,609,13
S01013261,Economically active: Total,399,391,8
S01013261,Economically active: Employee: Total,331,325,6
S01013261,Economically active: Employee: Part-time (1),87,85,2
S01013261,Economically active: Employee: Full-time (1),244,240,4
S01013261,Economically active: Self-employed: Total,25,25,0
S01013261,Economically active: Self-employed: Part-time (1),8,8,0
S01013261,Economically active: Self-employed: Full-time (1),17,17,0
S01013261,Economically active: Unemployed (1),43,41,2
S01013261,Economically inactive,223,218,5
S01013262,All people aged 16 and over,529,503,26
S01013262,Economically active: Total,324,302,22
S01013262,Economically active: Employee: Total,257,239,18
S01013262,Economically active: Employee: Part-time (1),68,61,7
S01013262,Economically active: Employee: Full-time (1),189,178,11
S01013262,Economically active: Self-employed: Total,33,31,2
S01013262,Economically active: Self-employed: Part-time (1),9,8,1
S01013262,Economically active: Self-employed: Full-time (1),24,23,1
S01013262,Economically active: Unemployed (1),34,32,2
S01013262,Economically inactive,205,201,4
S01013263,All people aged 16 and over,407,394,13
S01013263,Economically active: Total,293,281,12
S01013263,Economically active: Employee: Total,243,234,9
S01013263,Economically active: Employee: Part-time (1),63,60,3
S01013263,Economically active: Employee: Full-time (1),180,174,6
S01013263,Economically active: Self-employed: Total,40,37,3
S01013263,Economically active: Self-employed: Part-time (1),15,14,1
S01013263,Economically active: Self-employed: Full-time (1),25,23,2
S01013263,Economically active: Unemployed (1),10,10,0
S01013263,Economically inactive,114,113,1
S01013264,All people aged 16 and over,381,361,20
S01013264,Economically active: Total,304,289,15
S01013264,Economically active: Employee: Total,263,249,14
S01013264,Economically active: Employee: Part-time (1),89,84,5
S01013264,Economically active: Employee: Full-time (1),174,165,9
S01013264,Economically active: Self-employed: Total,30,29,1
S01013264,Economically active: Self-employed: Part-time (1),11,11,0
S01013264,Economically active: Self-employed: Full-time (1),19,18,1
S01013264,Economically active: Unemployed (1),11,11,0
S01013264,Economically inactive,77,72,5
S01013265,All people aged 16 and over,485,426,59
S01013265,Economically active: Total,399,358,41
S01013265,Economically active: Employee: Total,326,305,21
S01013265,Economically active: Employee: Part-time (1),77,76,1
S01013265,Economically active: Employee: Full-time (1),249,229,20
S01013265,Economically active: Self-employed: Total,55,38,17
S01013265,Economically active: Self-employed: Part-time (1),15,9,6
S01013265,Economically active: Self-employed: Full-time (1),40,29,11
S01013265,Economically active: Unemployed (1),18,15,3
S01013265,Economically inactive,86,68,18
S01013266,All people aged 16 and over,425,400,25
S01013266,Economically active: Total,349,333,16
S01013266,Economically active: Employee: Total,298,285,13
S01013266,Economically active: Employee: Part-time (1),73,68,5
S01013266,Economically active: Employee: Full-time (1),225,217,8
S01013266,Economically active: Self-employed: Total,35,33,2
S01013266,Economically active: Self-employed: Part-time (1),7,7,0
S01013266,Economically active: Self-employed: Full-time (1),28,26,2
S01013266,Economically active: Unemployed (1),16,15,1
S01013266,Economically inactive,76,67,9
S01013267,All people aged 16 and over,462,445,17
S01013267,Economically active: Total,277,262,15
S01013267,Economically active: Employee: Total,222,209,13
S01013267,Economically active: Employee: Part-time (1),66,64,2
S01013267,Economically active: Employee: Full-time (1),156,145,11
S01013267,Economically active: Self-employed: Total,24,23,1
S01013267,Economically active: Self-employed: Part-time (1),11,10,1
S01013267,Economically active: Self-employed: Full-time (1),13,13,0
S01013267,Economically active: Unemployed (1),31,30,1
S01013267,Economically inactive,185,183,2
S01013268,All people aged 16 and over,657,617,40
S01013268,Economically active: Total,455,424,31
S01013268,Economically active: Employee: Total,389,363,26
S01013268,Economically active: Employee: Part-time (1),110,99,11
S01013268,Economically active: Employee: Full-time (1),279,264,15
S01013268,Economically active: Self-employed: Total,34,33,1
S01013268,Economically active: Self-employed: Part-time (1),13,13,0
S01013268,Economically active: Self-employed: Full-time (1),21,20,1
S01013268,Economically active: Unemployed (1),32,28,4
S01013268,Economically inactive,202,193,9
S01013269,All people aged 16 and over,748,664,84
S01013269,Economically active: Total,598,533,65
S01013269,Economically active: Employee: Total,511,459,52
S01013269,Economically active: Employee: Part-time (1),121,110,11
S01013269,Economically active: Employee: Full-time (1),390,349,41
S01013269,Economically active: Self-employed: Total,60,52,8
S01013269,Economically active: Self-employed: Part-time (1),21,18,3
S01013269,Economically active: Self-employed: Full-time (1),39,34,5
S01013269,Economically active: Unemployed (1),27,22,5
S01013269,Economically inactive,150,131,19
S01013270,All people aged 16 and over,611,580,31
S01013270,Economically active: Total,483,464,19
S01013270,Economically active: Employee: Total,411,395,16
S01013270,Economically active: Employee: Part-time (1),98,95,3
S01013270,Economically active: Employee: Full-time (1),313,300,13
S01013270,Economically active: Self-employed: Total,57,54,3
S01013270,Economically active: Self-employed: Part-time (1),11,11,0
S01013270,Economically active: Self-employed: Full-time (1),46,43,3
S01013270,Economically active: Unemployed (1),15,15,0
S01013270,Economically inactive,128,116,12
S01013271,All people aged 16 and over,501,470,31
S01013271,Economically active: Total,308,285,23
S01013271,Economically active: Employee: Total,246,232,14
S01013271,Economically active: Employee: Part-time (1),51,49,2
S01013271,Economically active: Employee: Full-time (1),195,183,12
S01013271,Economically active: Self-employed: Total,50,42,8
S01013271,Economically active: Self-employed: Part-time (1),19,17,2
S01013271,Economically active: Self-employed: Full-time (1),31,25,6
S01013271,Economically active: Unemployed (1),12,11,1
S01013271,Economically inactive,193,185,8
S01013272,All people aged 16 and over,565,542,23
S01013272,Economically active: Total,442,425,17
S01013272,Economically active: Employee: Total,375,362,13
S01013272,Economically active: Employee: Part-time (1),93,91,2
S01013272,Economically active: Employee: Full-time (1),282,271,11
S01013272,Economically active: Self-employed: Total,46,42,4
S01013272,Economically active: Self-employed: Part-time (1),9,9,0
S01013272,Economically active: Self-employed: Full-time (1),37,33,4
S01013272,Economically active: Unemployed (1),21,21,0
S01013272,Economically inactive,123,117,6
S01013273,All people aged 16 and over,641,588,53
S01013273,Economically active: Total,553,504,49
S01013273,Economically active: Employee: Total,462,428,34
S01013273,Economically active: Employee: Part-time (1),123,108,15
S01013273,Economically active: Employee: Full-time (1),339,320,19
S01013273,Economically active: Self-employed: Total,76,62,14
S01013273,Economically active: Self-employed: Part-time (1),16,15,1
S01013273,Economically active: Self-employed: Full-time (1),60,47,13
S01013273,Economically active: Unemployed (1),15,14,1
S01013273,Economically inactive,88,84,4
S01013274,All people aged 16 and over,686,651,35
S01013274,Economically active: Total,474,450,24
S01013274,Economically active: Employee: Total,409,389,20
S01013274,Economically active: Employee: Part-time (1),70,68,2
S01013274,Economically active: Employee: Full-time (1),339,321,18
S01013274,Economically active: Self-employed: Total,41,40,1
S01013274,Economically active: Self-employed: Part-time (1),9,9,0
S01013274,Economically active: Self-employed: Full-time (1),32,31,1
S01013274,Economically active: Unemployed (1),24,21,3
S01013274,Economically inactive,212,201,11
S01013275,All people aged 16 and over,569,527,42
S01013275,Economically active: Total,382,352,30
S01013275,Economically active: Employee: Total,309,289,20
S01013275,Economically active: Employee: Part-time (1),84,83,1
S01013275,Economically active: Employee: Full-time (1),225,206,19
S01013275,Economically active: Self-employed: Total,60,52,8
S01013275,Economically active: Self-employed: Part-time (1),18,15,3
S01013275,Economically active: Self-employed: Full-time (1),42,37,5
S01013275,Economically active: Unemployed (1),13,11,2
S01013275,Economically inactive,187,175,12
S01013276,All people aged 16 and over,501,483,18
S01013276,Economically active: Total,403,388,15
S01013276,Economically active: Employee: Total,348,336,12
S01013276,Economically active: Employee: Part-time (1),78,75,3
S01013276,Economically active: Employee: Full-time (1),270,261,9
S01013276,Economically active: Self-employed: Total,31,29,2
S01013276,Economically active: Self-employed: Part-time (1),10,8,2
S01013276,Economically active: Self-employed: Full-time (1),21,21,0
S01013276,Economically active: Unemployed (1),24,23,1
S01013276,Economically inactive,98,95,3
S01013277,All people aged 16 and over,719,659,60
S01013277,Economically active: Total,477,438,39
S01013277,Economically active: Employee: Total,425,389,36
S01013277,Economically active: Employee: Part-time (1),116,111,5
S01013277,Economically active: Employee: Full-time (1),309,278,31
S01013277,Economically active: Self-employed: Total,26,24,2
S01013277,Economically active: Self-employed: Part-time (1),8,7,1
S01013277,Economically active: Self-employed: Full-time (1),18,17,1
S01013277,Economically active: Unemployed (1),26,25,1
S01013277,Economically inactive,242,221,21
S01013278,All people aged 16 and over,704,657,47
S01013278,Economically active: Total,416,379,37
S01013278,Economically active: Employee: Total,324,294,30
S01013278,Economically active: Employee: Part-time (1),103,98,5
S01013278,Economically active: Employee: Full-time (1),221,196,25
S01013278,Economically active: Self-employed: Total,29,25,4
S01013278,Economically active: Self-employed: Part-time (1),7,6,1
S01013278,Economically active: Self-employed: Full-time (1),22,19,3
S01013278,Economically active: Unemployed (1),63,60,3
S01013278,Economically inactive,288,278,10
S01013279,All people aged 16 and over,550,498,52
S01013279,Economically active: Total,352,311,41
S01013279,Economically active: Employee: Total,294,260,34
S01013279,Economically active: Employee: Part-time (1),95,86,9
S01013279,Economically active: Employee: Full-time (1),199,174,25
S01013279,Economically active: Self-employed: Total,17,15,2
S01013279,Economically active: Self-employed: Part-time (1),4,4,0
S01013279,Economically active: Self-employed: Full-time (1),13,11,2
S01013279,Economically active: Unemployed (1),41,36,5
S01013279,Economically inactive,198,187,11
S01013280,All people aged 16 and over,456,407,49
S01013280,Economically active: Total,295,253,42
S01013280,Economically active: Employee: Total,251,215,36
S01013280,Economically active: Employee: Part-time (1),64,57,7
S01013280,Economically active: Employee: Full-time (1),187,158,29
S01013280,Economically active: Self-employed: Total,21,16,5
S01013280,Economically active: Self-employed: Part-time (1),12,9,3
S01013280,Economically active: Self-employed: Full-time (1),9,7,2
S01013280,Economically active: Unemployed (1),23,22,1
S01013280,Economically inactive,161,154,7
S01013281,All people aged 16 and over,741,670,71
S01013281,Economically active: Total,471,421,50
S01013281,Economically active: Employee: Total,383,341,42
S01013281,Economically active: Employee: Part-time (1),122,112,10
S01013281,Economically active: Employee: Full-time (1),261,229,32
S01013281,Economically active: Self-employed: Total,34,29,5
S01013281,Economically active: Self-employed: Part-time (1),11,11,0
S01013281,Economically active: Self-employed: Full-time (1),23,18,5
S01013281,Economically active: Unemployed (1),54,51,3
S01013281,Economically inactive,270,249,21
S01013282,All people aged 16 and over,629,568,61
S01013282,Economically active: Total,449,404,45
S01013282,Economically active: Employee: Total,367,334,33
S01013282,Economically active: Employee: Part-time (1),104,97,7
S01013282,Economically active: Employee: Full-time (1),263,237,26
S01013282,Economically active: Self-employed: Total,17,13,4
S01013282,Economically active: Self-employed: Part-time (1),6,5,1
S01013282,Economically active: Self-employed: Full-time (1),11,8,3
S01013282,Economically active: Unemployed (1),65,57,8
S01013282,Economically inactive,180,164,16
S01013283,All people aged 16 and over,535,408,127
S01013283,Economically active: Total,413,306,107
S01013283,Economically active: Employee: Total,364,267,97
S01013283,Economically active: Employee: Part-time (1),68,59,9
S01013283,Economically active: Employee: Full-time (1),296,208,88
S01013283,Economically active: Self-employed: Total,23,16,7
S01013283,Economically active: Self-employed: Part-time (1),7,5,2
S01013283,Economically active: Self-employed: Full-time (1),16,11,5
S01013283,Economically active: Unemployed (1),26,23,3
S01013283,Economically inactive,122,102,20
S01013284,All people aged 16 and over,538,508,30
S01013284,Economically active: Total,429,404,25
S01013284,Economically active: Employee: Total,387,364,23
S01013284,Economically active: Employee: Part-time (1),80,76,4
S01013284,Economically active: Employee: Full-time (1),307,288,19
S01013284,Economically active: Self-employed: Total,33,31,2
S01013284,Economically active: Self-employed: Part-time (1),11,10,1
S01013284,Economically active: Self-employed: Full-time (1),22,21,1
S01013284,Economically active: Unemployed (1),9,9,0
S01013284,Economically inactive,109,104,5
S01013285,All people aged 16 and over,542,516,26
S01013285,Economically active: Total,409,387,22
S01013285,Economically active: Employee: Total,377,361,16
S01013285,Economically active: Employee: Part-time (1),103,97,6
S01013285,Economically active: Employee: Full-time (1),274,264,10
S01013285,Economically active: Self-employed: Total,18,16,2
S01013285,Economically active: Self-employed: Part-time (1),4,3,1
S01013285,Economically active: Self-employed: Full-time (1),14,13,1
S01013285,Economically active: Unemployed (1),14,10,4
S01013285,Economically inactive,133,129,4
S01013286,All people aged 16 and over,556,530,26
S01013286,Economically active: Total,419,400,19
S01013286,Economically active: Employee: Total,373,356,17
S01013286,Economically active: Employee: Part-time (1),90,85,5
S01013286,Economically active: Employee: Full-time (1),283,271,12
S01013286,Economically active: Self-employed: Total,35,34,1
S01013286,Economically active: Self-employed: Part-time (1),10,10,0
S01013286,Economically active: Self-employed: Full-time (1),25,24,1
S01013286,Economically active: Unemployed (1),11,10,1
S01013286,Economically inactive,137,130,7
S01013287,All people aged 16 and over,634,610,24
S01013287,Economically active: Total,504,481,23
S01013287,Economically active: Employee: Total,442,423,19
S01013287,Economically active: Employee: Part-time (1),121,118,3
S01013287,Economically active: Employee: Full-time (1),321,305,16
S01013287,Economically active: Self-employed: Total,51,47,4
S01013287,Economically active: Self-employed: Part-time (1),11,11,0
S01013287,Economically active: Self-employed: Full-time (1),40,36,4
S01013287,Economically active: Unemployed (1),11,11,0
S01013287,Economically inactive,130,129,1
S01013288,All people aged 16 and over,544,526,18
S01013288,Economically active: Total,338,324,14
S01013288,Economically active: Employee: Total,275,266,9
S01013288,Economically active: Employee: Part-time (1),57,56,1
S01013288,Economically active: Employee: Full-time (1),218,210,8
S01013288,Economically active: Self-employed: Total,38,35,3
S01013288,Economically active: Self-employed: Part-time (1),15,13,2
S01013288,Economically active: Self-employed: Full-time (1),23,22,1
S01013288,Economically active: Unemployed (1),25,23,2
S01013288,Economically inactive,206,202,4
S01013289,All people aged 16 and over,594,550,44
S01013289,Economically active: Total,412,383,29
S01013289,Economically active: Employee: Total,313,288,25
S01013289,Economically active: Employee: Part-time (1),91,83,8
S01013289,Economically active: Employee: Full-time (1),222,205,17
S01013289,Economically active: Self-employed: Total,84,80,4
S01013289,Economically active: Self-employed: Part-time (1),16,16,0
S01013289,Economically active: Self-employed: Full-time (1),68,64,4
S01013289,Economically active: Unemployed (1),15,15,0
S01013289,Economically inactive,182,167,15
S01013290,All people aged 16 and over,692,640,52
S01013290,Economically active: Total,525,479,46
S01013290,Economically active: Employee: Total,447,405,42
S01013290,Economically active: Employee: Part-time (1),125,120,5
S01013290,Economically active: Employee: Full-time (1),322,285,37
S01013290,Economically active: Self-employed: Total,44,42,2
S01013290,Economically active: Self-employed: Part-time (1),12,11,1
S01013290,Economically active: Self-employed: Full-time (1),32,31,1
S01013290,Economically active: Unemployed (1),34,32,2
S01013290,Economically inactive,167,161,6
S01013291,All people aged 16 and over,527,497,30
S01013291,Economically active: Total,441,414,27
S01013291,Economically active: Employee: Total,372,352,20
S01013291,Economically active: Employee: Part-time (1),87,82,5
S01013291,Economically active: Employee: Full-time (1),285,270,15
S01013291,Economically active: Self-employed: Total,47,41,6
S01013291,Economically active: Self-employed: Part-time (1),20,19,1
S01013291,Economically active: Self-employed: Full-time (1),27,22,5
S01013291,Economically active: Unemployed (1),22,21,1
S01013291,Economically inactive,86,83,3
S01013292,All people aged 16 and over,620,600,20
S01013292,Economically active: Total,475,459,16
S01013292,Economically active: Employee: Total,402,390,12
S01013292,Economically active: Employee: Part-time (1),111,109,2
S01013292,Economically active: Employee: Full-time (1),291,281,10
S01013292,Economically active: Self-employed: Total,37,35,2
S01013292,Economically active: Self-employed: Part-time (1),10,10,0
S01013292,Economically active: Self-employed: Full-time (1),27,25,2
S01013292,Economically active: Unemployed (1),36,34,2
S01013292,Economically inactive,145,141,4
S01013293,All people aged 16 and over,582,563,19
S01013293,Economically active: Total,429,414,15
S01013293,Economically active: Employee: Total,361,350,11
S01013293,Economically active: Employee: Part-time (1),83,80,3
S01013293,Economically active: Employee: Full-time (1),278,270,8
S01013293,Economically active: Self-employed: Total,51,48,3
S01013293,Economically active: Self-employed: Part-time (1),12,12,0
S01013293,Economically active: Self-employed: Full-time (1),39,36,3
S01013293,Economically active: Unemployed (1),17,16,1
S01013293,Economically inactive,153,149,4
S01013294,All people aged 16 and over,599,572,27
S01013294,Economically active: Total,444,423,21
S01013294,Economically active: Employee: Total,383,366,17
S01013294,Economically active: Employee: Part-time (1),105,101,4
S01013294,Economically active: Employee: Full-time (1),278,265,13
S01013294,Economically active: Self-employed: Total,36,34,2
S01013294,Economically active: Self-employed: Part-time (1),13,13,0
S01013294,Economically active: Self-employed: Full-time (1),23,21,2
S01013294,Economically active: Unemployed (1),25,23,2
S01013294,Economically inactive,155,149,6
S01013295,All people aged 16 and over,627,599,28
S01013295,Economically active: Total,482,458,24
S01013295,Economically active: Employee: Total,419,401,18
S01013295,Economically active: Employee: Part-time (1),109,104,5
S01013295,Economically active: Employee: Full-time (1),310,297,13
S01013295,Economically active: Self-employed: Total,42,39,3
S01013295,Economically active: Self-employed: Part-time (1),11,10,1
S01013295,Economically active: Self-employed: Full-time (1),31,29,2
S01013295,Economically active: Unemployed (1),21,18,3
S01013295,Economically inactive,145,141,4
S01013296,All people aged 16 and over,597,574,23
S01013296,Economically active: Total,362,346,16
S01013296,Economically active: Employee: Total,294,282,12
S01013296,Economically active: Employee: Part-time (1),84,82,2
S01013296,Economically active: Employee: Full-time (1),210,200,10
S01013296,Economically active: Self-employed: Total,28,27,1
S01013296,Economically active: Self-employed: Part-time (1),8,7,1
S01013296,Economically active: Self-employed: Full-time (1),20,20,0
S01013296,Economically active: Unemployed (1),40,37,3
S01013296,Economically inactive,235,228,7
S01013297,All people aged 16 and over,575,547,28
S01013297,Economically active: Total,375,357,18
S01013297,Economically active: Employee: Total,313,300,13
S01013297,Economically active: Employee: Part-time (1),96,93,3
S01013297,Economically active: Employee: Full-time (1),217,207,10
S01013297,Economically active: Self-employed: Total,35,32,3
S01013297,Economically active: Self-employed: Part-time (1),6,5,1
S01013297,Economically active: Self-employed: Full-time (1),29,27,2
S01013297,Economically active: Unemployed (1),27,25,2
S01013297,Economically inactive,200,190,10
S01013298,All people aged 16 and over,581,554,27
S01013298,Economically active: Total,347,325,22
S01013298,Economically active: Employee: Total,273,257,16
S01013298,Economically active: Employee: Part-time (1),79,74,5
S01013298,Economically active: Employee: Full-time (1),194,183,11
S01013298,Economically active: Self-employed: Total,51,47,4
S01013298,Economically active: Self-employed: Part-time (1),17,15,2
S01013298,Economically active: Self-employed: Full-time (1),34,32,2
S01013298,Economically active: Unemployed (1),23,21,2
S01013298,Economically inactive,234,229,5
S01013299,All people aged 16 and over,822,794,28
S01013299,Economically active: Total,569,550,19
S01013299,Economically active: Employee: Total,485,467,18
S01013299,Economically active: Employee: Part-time (1),129,124,5
S01013299,Economically active: Employee: Full-time (1),356,343,13
S01013299,Economically active: Self-employed: Total,38,37,1
S01013299,Economically active: Self-employed: Part-time (1),14,14,0
S01013299,Economically active: Self-employed: Full-time (1),24,23,1
S01013299,Economically active: Unemployed (1),46,46,0
S01013299,Economically inactive,253,244,9
S01013300,All people aged 16 and over,485,456,29
S01013300,Economically active: Total,297,275,22
S01013300,Economically active: Employee: Total,244,229,15
S01013300,Economically active: Employee: Part-time (1),55,50,5
S01013300,Economically active: Employee: Full-time (1),189,179,10
S01013300,Economically active: Self-employed: Total,27,23,4
S01013300,Economically active: Self-employed: Part-time (1),3,2,1
S01013300,Economically active: Self-employed: Full-time (1),24,21,3
S01013300,Economically active: Unemployed (1),26,23,3
S01013300,Economically inactive,188,181,7
S01013301,All people aged 16 and over,409,390,19
S01013301,Economically active: Total,263,248,15
S01013301,Economically active: Employee: Total,213,202,11
S01013301,Economically active: Employee: Part-time (1),50,50,0
S01013301,Economically active: Employee: Full-time (1),163,152,11
S01013301,Economically active: Self-employed: Total,22,20,2
S01013301,Economically active: Self-employed: Part-time (1),5,5,0
S01013301,Economically active: Self-employed: Full-time (1),17,15,2
S01013301,Economically active: Unemployed (1),28,26,2
S01013301,Economically inactive,146,142,4
S01013302,All people aged 16 and over,515,490,25
S01013302,Economically active: Total,353,333,20
S01013302,Economically active: Employee: Total,284,266,18
S01013302,Economically active: Employee: Part-time (1),56,54,2
S01013302,Economically active: Employee: Full-time (1),228,212,16
S01013302,Economically active: Self-employed: Total,49,48,1
S01013302,Economically active: Self-employed: Part-time (1),17,17,0
S01013302,Economically active: Self-employed: Full-time (1),32,31,1
S01013302,Economically active: Unemployed (1),20,19,1
S01013302,Economically inactive,162,157,5
S01013303,All people aged 16 and over,761,700,61
S01013303,Economically active: Total,459,414,45
S01013303,Economically active: Employee: Total,393,351,42
S01013303,Economically active: Employee: Part-time (1),102,95,7
S01013303,Economically active: Employee: Full-time (1),291,256,35
S01013303,Economically active: Self-employed: Total,37,35,2
S01013303,Economically active: Self-employed: Part-time (1),8,8,0
S01013303,Economically active: Self-employed: Full-time (1),29,27,2
S01013303,Economically active: Unemployed (1),29,28,1
S01013303,Economically inactive,302,286,16
S01013304,All people aged 16 and over,747,670,77
S01013304,Economically active: Total,502,436,66
S01013304,Economically active: Employee: Total,413,351,62
S01013304,Economically active: Employee: Part-time (1),115,100,15
S01013304,Economically active: Employee: Full-time (1),298,251,47
S01013304,Economically active: Self-employed: Total,21,18,3
S01013304,Economically active: Self-employed: Part-time (1),5,2,3
S01013304,Economically active: Self-employed: Full-time (1),16,16,0
S01013304,Economically active: Unemployed (1),68,67,1
S01013304,Economically inactive,245,234,11
S01013305,All people aged 16 and over,790,660,130
S01013305,Economically active: Total,511,396,115
S01013305,Economically active: Employee: Total,450,343,107
S01013305,Economically active: Employee: Part-time (1),130,108,22
S01013305,Economically active: Employee: Full-time (1),320,235,85
S01013305,Economically active: Self-employed: Total,24,23,1
S01013305,Economically active: Self-employed: Part-time (1),2,2,0
S01013305,Economically active: Self-employed: Full-time (1),22,21,1
S01013305,Economically active: Unemployed (1),37,30,7
S01013305,Economically inactive,279,264,15
S01013306,All people aged 16 and over,756,699,57
S01013306,Economically active: Total,473,429,44
S01013306,Economically active: Employee: Total,357,320,37
S01013306,Economically active: Employee: Part-time (1),104,99,5
S01013306,Economically active: Employee: Full-time (1),253,221,32
S01013306,Economically active: Self-employed: Total,20,18,2
S01013306,Economically active: Self-employed: Part-time (1),5,5,0
S01013306,Economically active: Self-employed: Full-time (1),15,13,2
S01013306,Economically active: Unemployed (1),96,91,5
S01013306,Economically inactive,283,270,13
S01013307,All people aged 16 and over,815,665,150
S01013307,Economically active: Total,554,433,121
S01013307,Economically active: Employee: Total,435,324,111
S01013307,Economically active: Employee: Part-time (1),118,94,24
S01013307,Economically active: Employee: Full-time (1),317,230,87
S01013307,Economically active: Self-employed: Total,27,24,3
S01013307,Economically active: Self-employed: Part-time (1),6,6,0
S01013307,Economically active: Self-employed: Full-time (1),21,18,3
S01013307,Economically active: Unemployed (1),92,85,7
S01013307,Economically inactive,261,232,29
S01013308,All people aged 16 and over,709,656,53
S01013308,Economically active: Total,460,417,43
S01013308,Economically active: Employee: Total,347,311,36
S01013308,Economically active: Employee: Part-time (1),123,110,13
S01013308,Economically active: Employee: Full-time (1),224,201,23
S01013308,Economically active: Self-employed: Total,20,18,2
S01013308,Economically active: Self-employed: Part-time (1),7,7,0
S01013308,Economically active: Self-employed: Full-time (1),13,11,2
S01013308,Economically active: Unemployed (1),93,88,5
S01013308,Economically inactive,249,239,10
S01013309,All people aged 16 and over,493,446,47
S01013309,Economically active: Total,369,330,39
S01013309,Economically active: Employee: Total,319,285,34
S01013309,Economically active: Employee: Part-time (1),79,69,10
S01013309,Economically active: Employee: Full-time (1),240,216,24
S01013309,Economically active: Self-employed: Total,31,26,5
S01013309,Economically active: Self-employed: Part-time (1),9,9,0
S01013309,Economically active: Self-employed: Full-time (1),22,17,5
S01013309,Economically active: Unemployed (1),19,19,0
S01013309,Economically inactive,124,116,8
S01013310,All people aged 16 and over,506,465,41
S01013310,Economically active: Total,356,316,40
S01013310,Economically active: Employee: Total,302,270,32
S01013310,Economically active: Employee: Part-time (1),69,62,7
S01013310,Economically active: Employee: Full-time (1),233,208,25
S01013310,Economically active: Self-employed: Total,17,11,6
S01013310,Economically active: Self-employed: Part-time (1),6,4,2
S01013310,Economically active: Self-employed: Full-time (1),11,7,4
S01013310,Economically active: Unemployed (1),37,35,2
S01013310,Economically inactive,150,149,1
S01013311,All people aged 16 and over,619,587,32
S01013311,Economically active: Total,419,396,23
S01013311,Economically active: Employee: Total,343,323,20
S01013311,Economically active: Employee: Part-time (1),95,91,4
S01013311,Economically active: Employee: Full-time (1),248,232,16
S01013311,Economically active: Self-employed: Total,29,28,1
S01013311,Economically active: Self-employed: Part-time (1),8,8,0
S01013311,Economically active: Self-employed: Full-time (1),21,20,1
S01013311,Economically active: Unemployed (1),47,45,2
S01013311,Economically inactive,200,191,9
S01013312,All people aged 16 and over,833,746,87
S01013312,Economically active: Total,531,464,67
S01013312,Economically active: Employee: Total,432,382,50
S01013312,Economically active: Employee: Part-time (1),102,96,6
S01013312,Economically active: Employee: Full-time (1),330,286,44
S01013312,Economically active: Self-employed: Total,40,30,10
S01013312,Economically active: Self-employed: Part-time (1),7,6,1
S01013312,Economically active: Self-employed: Full-time (1),33,24,9
S01013312,Economically active: Unemployed (1),59,52,7
S01013312,Economically inactive,302,282,20
S01013313,All people aged 16 and over,538,455,83
S01013313,Economically active: Total,343,276,67
S01013313,Economically active: Employee: Total,287,231,56
S01013313,Economically active: Employee: Part-time (1),81,75,6
S01013313,Economically active: Employee: Full-time (1),206,156,50
S01013313,Economically active: Self-employed: Total,20,16,4
S01013313,Economically active: Self-employed: Part-time (1),8,5,3
S01013313,Economically active: Self-employed: Full-time (1),12,11,1
S01013313,Economically active: Unemployed (1),36,29,7
S01013313,Economically inactive,195,179,16
S01013314,All people aged 16 and over,537,480,57
S01013314,Economically active: Total,328,279,49
S01013314,Economically active: Employee: Total,287,240,47
S01013314,Economically active: Employee: Part-time (1),87,80,7
S01013314,Economically active: Employee: Full-time (1),200,160,40
S01013314,Economically active: Self-employed: Total,21,19,2
S01013314,Economically active: Self-employed: Part-time (1),7,7,0
S01013314,Economically active: Self-employed: Full-time (1),14,12,2
S01013314,Economically active: Unemployed (1),20,20,0
S01013314,Economically inactive,209,201,8
S01013315,All people aged 16 and over,382,347,35
S01013315,Economically active: Total,319,291,28
S01013315,Economically active: Employee: Total,270,250,20
S01013315,Economically active: Employee: Part-time (1),62,58,4
S01013315,Economically active: Employee: Full-time (1),208,192,16
S01013315,Economically active: Self-employed: Total,39,33,6
S01013315,Economically active: Self-employed: Part-time (1),7,6,1
S01013315,Economically active: Self-employed: Full-time (1),32,27,5
S01013315,Economically active: Unemployed (1),10,8,2
S01013315,Economically inactive,63,56,7
S01013316,All people aged 16 and over,548,529,19
S01013316,Economically active: Total,331,322,9
S01013316,Economically active: Employee: Total,279,271,8
S01013316,Economically active: Employee: Part-time (1),69,66,3
S01013316,Economically active: Employee: Full-time (1),210,205,5
S01013316,Economically active: Self-employed: Total,40,40,0
S01013316,Economically active: Self-employed: Part-time (1),11,11,0
S01013316,Economically active: Self-employed: Full-time (1),29,29,0
S01013316,Economically active: Unemployed (1),12,11,1
S01013316,Economically inactive,217,207,10
S01013317,All people aged 16 and over,459,443,16
S01013317,Economically active: Total,311,301,10
S01013317,Economically active: Employee: Total,273,264,9
S01013317,Economically active: Employee: Part-time (1),64,64,0
S01013317,Economically active: Employee: Full-time (1),209,200,9
S01013317,Economically active: Self-employed: Total,25,24,1
S01013317,Economically active: Self-employed: Part-time (1),8,7,1
S01013317,Economically active: Self-employed: Full-time (1),17,17,0
S01013317,Economically active: Unemployed (1),13,13,0
S01013317,Economically inactive,148,142,6
S01013318,All people aged 16 and over,480,434,46
S01013318,Economically active: Total,375,338,37
S01013318,Economically active: Employee: Total,334,303,31
S01013318,Economically active: Employee: Part-time (1),73,64,9
S01013318,Economically active: Employee: Full-time (1),261,239,22
S01013318,Economically active: Self-employed: Total,22,18,4
S01013318,Economically active: Self-employed: Part-time (1),6,5,1
S01013318,Economically active: Self-employed: Full-time (1),16,13,3
S01013318,Economically active: Unemployed (1),19,17,2
S01013318,Economically inactive,105,96,9
S01013319,All people aged 16 and over,430,392,38
S01013319,Economically active: Total,330,302,28
S01013319,Economically active: Employee: Total,281,256,25
S01013319,Economically active: Employee: Part-time (1),65,56,9
S01013319,Economically active: Employee: Full-time (1),216,200,16
S01013319,Economically active: Self-employed: Total,29,28,1
S01013319,Economically active: Self-employed: Part-time (1),5,5,0
S01013319,Economically active: Self-employed: Full-time (1),24,23,1
S01013319,Economically active: Unemployed (1),20,18,2
S01013319,Economically inactive,100,90,10
S01013320,All people aged 16 and over,733,639,94
S01013320,Economically active: Total,632,552,80
S01013320,Economically active: Employee: Total,551,482,69
S01013320,Economically active: Employee: Part-time (1),117,100,17
S01013320,Economically active: Employee: Full-time (1),434,382,52
S01013320,Economically active: Self-employed: Total,53,48,5
S01013320,Economically active: Self-employed: Part-time (1),15,13,2
S01013320,Economically active: Self-employed: Full-time (1),38,35,3
S01013320,Economically active: Unemployed (1),28,22,6
S01013320,Economically inactive,101,87,14
S01013321,All people aged 16 and over,368,346,22
S01013321,Economically active: Total,231,209,22
S01013321,Economically active: Employee: Total,193,173,20
S01013321,Economically active: Employee: Part-time (1),38,36,2
S01013321,Economically active: Employee: Full-time (1),155,137,18
S01013321,Economically active: Self-employed: Total,10,10,0
S01013321,Economically active: Self-employed: Part-time (1),6,6,0
S01013321,Economically active: Self-employed: Full-time (1),4,4,0
S01013321,Economically active: Unemployed (1),28,26,2
S01013321,Economically inactive,137,137,0
S01013322,All people aged 16 and over,642,604,38
S01013322,Economically active: Total,412,382,30
S01013322,Economically active: Employee: Total,362,342,20
S01013322,Economically active: Employee: Part-time (1),114,108,6
S01013322,Economically active: Employee: Full-time (1),248,234,14
S01013322,Economically active: Self-employed: Total,26,17,9
S01013322,Economically active: Self-employed: Part-time (1),10,7,3
S01013322,Economically active: Self-employed: Full-time (1),16,10,6
S01013322,Economically active: Unemployed (1),24,23,1
S01013322,Economically inactive,230,222,8
S01013323,All people aged 16 and over,770,705,65
S01013323,Economically active: Total,516,455,61
S01013323,Economically active: Employee: Total,426,375,51
S01013323,Economically active: Employee: Part-time (1),127,114,13
S01013323,Economically active: Employee: Full-time (1),299,261,38
S01013323,Economically active: Self-employed: Total,31,25,6
S01013323,Economically active: Self-employed: Part-time (1),9,7,2
S01013323,Economically active: Self-employed: Full-time (1),22,18,4
S01013323,Economically active: Unemployed (1),59,55,4
S01013323,Economically inactive,254,250,4
S01013324,All people aged 16 and over,500,441,59
S01013324,Economically active: Total,332,290,42
S01013324,Economically active: Employee: Total,263,227,36
S01013324,Economically active: Employee: Part-time (1),79,69,10
S01013324,Economically active: Employee: Full-time (1),184,158,26
S01013324,Economically active: Self-employed: Total,17,12,5
S01013324,Economically active: Self-employed: Part-time (1),5,3,2
S01013324,Economically active: Self-employed: Full-time (1),12,9,3
S01013324,Economically active: Unemployed (1),52,51,1
S01013324,Economically inactive,168,151,17
S01013325,All people aged 16 and over,662,626,36
S01013325,Economically active: Total,399,367,32
S01013325,Economically active: Employee: Total,321,292,29
S01013325,Economically active: Employee: Part-time (1),106,100,6
S01013325,Economically active: Employee: Full-time (1),215,192,23
S01013325,Economically active: Self-employed: Total,24,22,2
S01013325,Economically active: Self-employed: Part-time (1),12,10,2
S01013325,Economically active: Self-employed: Full-time (1),12,12,0
S01013325,Economically active: Unemployed (1),54,53,1
S01013325,Economically inactive,263,259,4
S01013326,All people aged 16 and over,429,375,54
S01013326,Economically active: Total,281,236,45
S01013326,Economically active: Employee: Total,223,183,40
S01013326,Economically active: Employee: Part-time (1),60,52,8
S01013326,Economically active: Employee: Full-time (1),163,131,32
S01013326,Economically active: Self-employed: Total,17,15,2
S01013326,Economically active: Self-employed: Part-time (1),5,5,0
S01013326,Economically active: Self-employed: Full-time (1),12,10,2
S01013326,Economically active: Unemployed (1),41,38,3
S01013326,Economically inactive,148,139,9
S01013327,All people aged 16 and over,542,498,44
S01013327,Economically active: Total,382,343,39
S01013327,Economically active: Employee: Total,300,270,30
S01013327,Economically active: Employee: Part-time (1),104,98,6
S01013327,Economically active: Employee: Full-time (1),196,172,24
S01013327,Economically active: Self-employed: Total,30,26,4
S01013327,Economically active: Self-employed: Part-time (1),8,5,3
S01013327,Economically active: Self-employed: Full-time (1),22,21,1
S01013327,Economically active: Unemployed (1),52,47,5
S01013327,Economically inactive,160,155,5
S01013328,All people aged 16 and over,480,447,33
S01013328,Economically active: Total,319,294,25
S01013328,Economically active: Employee: Total,269,250,19
S01013328,Economically active: Employee: Part-time (1),88,83,5
S01013328,Economically active: Employee: Full-time (1),181,167,14
S01013328,Economically active: Self-employed: Total,18,14,4
S01013328,Economically active: Self-employed: Part-time (1),5,5,0
S01013328,Economically active: Self-employed: Full-time (1),13,9,4
S01013328,Economically active: Unemployed (1),32,30,2
S01013328,Economically inactive,161,153,8
S01013329,All people aged 16 and over,435,408,27
S01013329,Economically active: Total,268,248,20
S01013329,Economically active: Employee: Total,230,211,19
S01013329,Economically active: Employee: Part-time (1),71,66,5
S01013329,Economically active: Employee: Full-time (1),159,145,14
S01013329,Economically active: Self-employed: Total,14,13,1
S01013329,Economically active: Self-employed: Part-time (1),3,3,0
S01013329,Economically active: Self-employed: Full-time (1),11,10,1
S01013329,Economically active: Unemployed (1),24,24,0
S01013329,Economically inactive,167,160,7
S01013330,All people aged 16 and over,819,721,98
S01013330,Economically active: Total,688,598,90
S01013330,Economically active: Employee: Total,621,538,83
S01013330,Economically active: Employee: Part-time (1),127,119,8
S01013330,Economically active: Employee: Full-time (1),494,419,75
S01013330,Economically active: Self-employed: Total,44,39,5
S01013330,Economically active: Self-employed: Part-time (1),12,9,3
S01013330,Economically active: Self-employed: Full-time (1),32,30,2
S01013330,Economically active: Unemployed (1),23,21,2
S01013330,Economically inactive,131,123,8
S01013331,All people aged 16 and over,481,376,105
S01013331,Economically active: Total,403,326,77
S01013331,Economically active: Employee: Total,340,274,66
S01013331,Economically active: Employee: Part-time (1),72,61,11
S01013331,Economically active: Employee: Full-time (1),268,213,55
S01013331,Economically active: Self-employed: Total,34,29,5
S01013331,Economically active: Self-employed: Part-time (1),7,5,2
S01013331,Economically active: Self-employed: Full-time (1),27,24,3
S01013331,Economically active: Unemployed (1),29,23,6
S01013331,Economically inactive,78,50,28
S01013332,All people aged 16 and over,536,504,32
S01013332,Economically active: Total,364,340,24
S01013332,Economically active: Employee: Total,302,284,18
S01013332,Economically active: Employee: Part-time (1),94,91,3
S01013332,Economically active: Employee: Full-time (1),208,193,15
S01013332,Economically active: Self-employed: Total,27,24,3
S01013332,Economically active: Self-employed: Part-time (1),14,12,2
S01013332,Economically active: Self-employed: Full-time (1),13,12,1
S01013332,Economically active: Unemployed (1),35,32,3
S01013332,Economically inactive,172,164,8
S01013333,All people aged 16 and over,643,591,52
S01013333,Economically active: Total,472,436,36
S01013333,Economically active: Employee: Total,410,380,30
S01013333,Economically active: Employee: Part-time (1),101,93,8
S01013333,Economically active: Employee: Full-time (1),309,287,22
S01013333,Economically active: Self-employed: Total,36,31,5
S01013333,Economically active: Self-employed: Part-time (1),9,8,1
S01013333,Economically active: Self-employed: Full-time (1),27,23,4
S01013333,Economically active: Unemployed (1),26,25,1
S01013333,Economically inactive,171,155,16
S01013334,All people aged 16 and over,570,530,40
S01013334,Economically active: Total,397,365,32
S01013334,Economically active: Employee: Total,324,301,23
S01013334,Economically active: Employee: Part-time (1),95,90,5
S01013334,Economically active: Employee: Full-time (1),229,211,18
S01013334,Economically active: Self-employed: Total,26,22,4
S01013334,Economically active: Self-employed: Part-time (1),9,8,1
S01013334,Economically active: Self-employed: Full-time (1),17,14,3
S01013334,Economically active: Unemployed (1),47,42,5
S01013334,Economically inactive,173,165,8
S01013335,All people aged 16 and over,571,518,53
S01013335,Economically active: Total,383,344,39
S01013335,Economically active: Employee: Total,294,263,31
S01013335,Economically active: Employee: Part-time (1),93,85,8
S01013335,Economically active: Employee: Full-time (1),201,178,23
S01013335,Economically active: Self-employed: Total,25,18,7
S01013335,Economically active: Self-employed: Part-time (1),7,4,3
S01013335,Economically active: Self-employed: Full-time (1),18,14,4
S01013335,Economically active: Unemployed (1),64,63,1
S01013335,Economically inactive,188,174,14
S01013336,All people aged 16 and over,660,597,63
S01013336,Economically active: Total,435,382,53
S01013336,Economically active: Employee: Total,342,297,45
S01013336,Economically active: Employee: Part-time (1),94,92,2
S01013336,Economically active: Employee: Full-time (1),248,205,43
S01013336,Economically active: Self-employed: Total,30,25,5
S01013336,Economically active: Self-employed: Part-time (1),2,2,0
S01013336,Economically active: Self-employed: Full-time (1),28,23,5
S01013336,Economically active: Unemployed (1),63,60,3
S01013336,Economically inactive,225,215,10
S01013337,All people aged 16 and over,784,708,76
S01013337,Economically active: Total,527,468,59
S01013337,Economically active: Employee: Total,447,395,52
S01013337,Economically active: Employee: Part-time (1),114,107,7
S01013337,Economically active: Employee: Full-time (1),333,288,45
S01013337,Economically active: Self-employed: Total,49,42,7
S01013337,Economically active: Self-employed: Part-time (1),10,9,1
S01013337,Economically active: Self-employed: Full-time (1),39,33,6
S01013337,Economically active: Unemployed (1),31,31,0
S01013337,Economically inactive,257,240,17
S01013338,All people aged 16 and over,388,337,51
S01013338,Economically active: Total,313,279,34
S01013338,Economically active: Employee: Total,262,239,23
S01013338,Economically active: Employee: Part-time (1),71,64,7
S01013338,Economically active: Employee: Full-time (1),191,175,16
S01013338,Economically active: Self-employed: Total,36,28,8
S01013338,Economically active: Self-employed: Part-time (1),5,5,0
S01013338,Economically active: Self-employed: Full-time (1),31,23,8
S01013338,Economically active: Unemployed (1),15,12,3
S01013338,Economically inactive,75,58,17
S01013339,All people aged 16 and over,473,434,39
S01013339,Economically active: Total,347,318,29
S01013339,Economically active: Employee: Total,302,278,24
S01013339,Economically active: Employee: Part-time (1),70,65,5
S01013339,Economically active: Employee: Full-time (1),232,213,19
S01013339,Economically active: Self-employed: Total,30,26,4
S01013339,Economically active: Self-employed: Part-time (1),9,7,2
S01013339,Economically active: Self-employed: Full-time (1),21,19,2
S01013339,Economically active: Unemployed (1),15,14,1
S01013339,Economically inactive,126,116,10
S01013340,All people aged 16 and over,695,648,47
S01013340,Economically active: Total,471,441,30
S01013340,Economically active: Employee: Total,400,374,26
S01013340,Economically active: Employee: Part-time (1),93,85,8
S01013340,Economically active: Employee: Full-time (1),307,289,18
S01013340,Economically active: Self-employed: Total,53,50,3
S01013340,Economically active: Self-employed: Part-time (1),15,15,0
S01013340,Economically active: Self-employed: Full-time (1),38,35,3
S01013340,Economically active: Unemployed (1),18,17,1
S01013340,Economically inactive,224,207,17
S01013341,All people aged 16 and over,726,653,73
S01013341,Economically active: Total,549,496,53
S01013341,Economically active: Employee: Total,449,405,44
S01013341,Economically active: Employee: Part-time (1),84,74,10
S01013341,Economically active: Employee: Full-time (1),365,331,34
S01013341,Economically active: Self-employed: Total,67,61,6
S01013341,Economically active: Self-employed: Part-time (1),15,14,1
S01013341,Economically active: Self-employed: Full-time (1),52,47,5
S01013341,Economically active: Unemployed (1),33,30,3
S01013341,Economically inactive,177,157,20
S01013342,All people aged 16 and over,516,488,28
S01013342,Economically active: Total,330,307,23
S01013342,Economically active: Employee: Total,281,259,22
S01013342,Economically active: Employee: Part-time (1),85,79,6
S01013342,Economically active: Employee: Full-time (1),196,180,16
S01013342,Economically active: Self-employed: Total,13,13,0
S01013342,Economically active: Self-employed: Part-time (1),3,3,0
S01013342,Economically active: Self-employed: Full-time (1),10,10,0
S01013342,Economically active: Unemployed (1),36,35,1
S01013342,Economically inactive,186,181,5
S01013343,All people aged 16 and over,526,484,42
S01013343,Economically active: Total,375,342,33
S01013343,Economically active: Employee: Total,326,296,30
S01013343,Economically active: Employee: Part-time (1),76,71,5
S01013343,Economically active: Employee: Full-time (1),250,225,25
S01013343,Economically active: Self-employed: Total,23,22,1
S01013343,Economically active: Self-employed: Part-time (1),8,8,0
S01013343,Economically active: Self-employed: Full-time (1),15,14,1
S01013343,Economically active: Unemployed (1),26,24,2
S01013343,Economically inactive,151,142,9
S01013344,All people aged 16 and over,654,628,26
S01013344,Economically active: Total,336,317,19
S01013344,Economically active: Employee: Total,289,273,16
S01013344,Economically active: Employee: Part-time (1),74,71,3
S01013344,Economically active: Employee: Full-time (1),215,202,13
S01013344,Economically active: Self-employed: Total,22,20,2
S01013344,Economically active: Self-employed: Part-time (1),6,5,1
S01013344,Economically active: Self-employed: Full-time (1),16,15,1
S01013344,Economically active: Unemployed (1),25,24,1
S01013344,Economically inactive,318,311,7
S01013345,All people aged 16 and over,575,521,54
S01013345,Economically active: Total,399,354,45
S01013345,Economically active: Employee: Total,348,308,40
S01013345,Economically active: Employee: Part-time (1),92,85,7
S01013345,Economically active: Employee: Full-time (1),256,223,33
S01013345,Economically active: Self-employed: Total,18,16,2
S01013345,Economically active: Self-employed: Part-time (1),7,6,1
S01013345,Economically active: Self-employed: Full-time (1),11,10,1
S01013345,Economically active: Unemployed (1),33,30,3
S01013345,Economically inactive,176,167,9
S01013346,All people aged 16 and over,621,557,64
S01013346,Economically active: Total,501,454,47
S01013346,Economically active: Employee: Total,440,400,40
S01013346,Economically active: Employee: Part-time (1),128,119,9
S01013346,Economically active: Employee: Full-time (1),312,281,31
S01013346,Economically active: Self-employed: Total,31,28,3
S01013346,Economically active: Self-employed: Part-time (1),4,3,1
S01013346,Economically active: Self-employed: Full-time (1),27,25,2
S01013346,Economically active: Unemployed (1),30,26,4
S01013346,Economically inactive,120,103,17
S01013347,All people aged 16 and over,575,523,52
S01013347,Economically active: Total,451,405,46
S01013347,Economically active: Employee: Total,390,354,36
S01013347,Economically active: Employee: Part-time (1),85,78,7
S01013347,Economically active: Employee: Full-time (1),305,276,29
S01013347,Economically active: Self-employed: Total,31,26,5
S01013347,Economically active: Self-employed: Part-time (1),7,6,1
S01013347,Economically active: Self-employed: Full-time (1),24,20,4
S01013347,Economically active: Unemployed (1),30,25,5
S01013347,Economically inactive,124,118,6
S01013348,All people aged 16 and over,343,323,20
S01013348,Economically active: Total,282,268,14
S01013348,Economically active: Employee: Total,241,231,10
S01013348,Economically active: Employee: Part-time (1),56,56,0
S01013348,Economically active: Employee: Full-time (1),185,175,10
S01013348,Economically active: Self-employed: Total,33,30,3
S01013348,Economically active: Self-employed: Part-time (1),7,6,1
S01013348,Economically active: Self-employed: Full-time (1),26,24,2
S01013348,Economically active: Unemployed (1),8,7,1
S01013348,Economically inactive,61,55,6
S01013349,All people aged 16 and over,615,445,170
S01013349,Economically active: Total,509,362,147
S01013349,Economically active: Employee: Total,450,323,127
S01013349,Economically active: Employee: Part-time (1),72,54,18
S01013349,Economically active: Employee: Full-time (1),378,269,109
S01013349,Economically active: Self-employed: Total,25,15,10
S01013349,Economically active: Self-employed: Part-time (1),7,5,2
S01013349,Economically active: Self-employed: Full-time (1),18,10,8
S01013349,Economically active: Unemployed (1),34,24,10
S01013349,Economically inactive,106,83,23
S01013350,All people aged 16 and over,551,510,41
S01013350,Economically active: Total,395,366,29
S01013350,Economically active: Employee: Total,329,305,24
S01013350,Economically active: Employee: Part-time (1),80,74,6
S01013350,Economically active: Employee: Full-time (1),249,231,18
S01013350,Economically active: Self-employed: Total,28,24,4
S01013350,Economically active: Self-employed: Part-time (1),12,10,2
S01013350,Economically active: Self-employed: Full-time (1),16,14,2
S01013350,Economically active: Unemployed (1),38,37,1
S01013350,Economically inactive,156,144,12
S01013351,All people aged 16 and over,631,569,62
S01013351,Economically active: Total,439,386,53
S01013351,Economically active: Employee: Total,391,341,50
S01013351,Economically active: Employee: Part-time (1),93,86,7
S01013351,Economically active: Employee: Full-time (1),298,255,43
S01013351,Economically active: Self-employed: Total,24,24,0
S01013351,Economically active: Self-employed: Part-time (1),8,8,0
S01013351,Economically active: Self-employed: Full-time (1),16,16,0
S01013351,Economically active: Unemployed (1),24,21,3
S01013351,Economically inactive,192,183,9
S01013352,All people aged 16 and over,715,669,46
S01013352,Economically active: Total,496,458,38
S01013352,Economically active: Employee: Total,432,398,34
S01013352,Economically active: Employee: Part-time (1),114,111,3
S01013352,Economically active: Employee: Full-time (1),318,287,31
S01013352,Economically active: Self-employed: Total,35,33,2
S01013352,Economically active: Self-employed: Part-time (1),13,12,1
S01013352,Economically active: Self-employed: Full-time (1),22,21,1
S01013352,Economically active: Unemployed (1),29,27,2
S01013352,Economically inactive,219,211,8
S01013353,All people aged 16 and over,510,481,29
S01013353,Economically active: Total,341,316,25
S01013353,Economically active: Employee: Total,281,262,19
S01013353,Economically active: Employee: Part-time (1),68,65,3
S01013353,Economically active: Employee: Full-time (1),213,197,16
S01013353,Economically active: Self-employed: Total,30,27,3
S01013353,Economically active: Self-employed: Part-time (1),6,6,0
S01013353,Economically active: Self-employed: Full-time (1),24,21,3
S01013353,Economically active: Unemployed (1),30,27,3
S01013353,Economically inactive,169,165,4
S01013354,All people aged 16 and over,589,561,28
S01013354,Economically active: Total,419,394,25
S01013354,Economically active: Employee: Total,366,344,22
S01013354,Economically active: Employee: Part-time (1),81,74,7
S01013354,Economically active: Employee: Full-time (1),285,270,15
S01013354,Economically active: Self-employed: Total,36,35,1
S01013354,Economically active: Self-employed: Part-time (1),7,7,0
S01013354,Economically active: Self-employed: Full-time (1),29,28,1
S01013354,Economically active: Unemployed (1),17,15,2
S01013354,Economically inactive,170,167,3
S01013355,All people aged 16 and over,522,514,8
S01013355,Economically active: Total,345,342,3
S01013355,Economically active: Employee: Total,285,283,2
S01013355,Economically active: Employee: Part-time (1),64,64,0
S01013355,Economically active: Employee: Full-time (1),221,219,2
S01013355,Economically active: Self-employed: Total,35,35,0
S01013355,Economically active: Self-employed: Part-time (1),14,14,0
S01013355,Economically active: Self-employed: Full-time (1),21,21,0
S01013355,Economically active: Unemployed (1),25,24,1
S01013355,Economically inactive,177,172,5
S01013356,All people aged 16 and over,583,552,31
S01013356,Economically active: Total,393,371,22
S01013356,Economically active: Employee: Total,295,277,18
S01013356,Economically active: Employee: Part-time (1),93,88,5
S01013356,Economically active: Employee: Full-time (1),202,189,13
S01013356,Economically active: Self-employed: Total,32,28,4
S01013356,Economically active: Self-employed: Part-time (1),5,5,0
S01013356,Economically active: Self-employed: Full-time (1),27,23,4
S01013356,Economically active: Unemployed (1),66,66,0
S01013356,Economically inactive,190,181,9
S01013357,All people aged 16 and over,658,615,43
S01013357,Economically active: Total,455,418,37
S01013357,Economically active: Employee: Total,389,355,34
S01013357,Economically active: Employee: Part-time (1),96,86,10
S01013357,Economically active: Employee: Full-time (1),293,269,24
S01013357,Economically active: Self-employed: Total,38,37,1
S01013357,Economically active: Self-employed: Part-time (1),8,8,0
S01013357,Economically active: Self-employed: Full-time (1),30,29,1
S01013357,Economically active: Unemployed (1),28,26,2
S01013357,Economically inactive,203,197,6
S01013358,All people aged 16 and over,677,643,34
S01013358,Economically active: Total,428,401,27
S01013358,Economically active: Employee: Total,360,335,25
S01013358,Economically active: Employee: Part-time (1),82,79,3
S01013358,Economically active: Employee: Full-time (1),278,256,22
S01013358,Economically active: Self-employed: Total,39,37,2
S01013358,Economically active: Self-employed: Part-time (1),11,10,1
S01013358,Economically active: Self-employed: Full-time (1),28,27,1
S01013358,Economically active: Unemployed (1),29,29,0
S01013358,Economically inactive,249,242,7
S01013359,All people aged 16 and over,503,473,30
S01013359,Economically active: Total,294,275,19
S01013359,Economically active: Employee: Total,241,226,15
S01013359,Economically active: Employee: Part-time (1),71,67,4
S01013359,Economically active: Employee: Full-time (1),170,159,11
S01013359,Economically active: Self-employed: Total,26,24,2
S01013359,Economically active: Self-employed: Part-time (1),7,6,1
S01013359,Economically active: Self-employed: Full-time (1),19,18,1
S01013359,Economically active: Unemployed (1),27,25,2
S01013359,Economically inactive,209,198,11
S01013360,All people aged 16 and over,573,556,17
S01013360,Economically active: Total,341,328,13
S01013360,Economically active: Employee: Total,272,263,9
S01013360,Economically active: Employee: Part-time (1),76,74,2
S01013360,Economically active: Employee: Full-time (1),196,189,7
S01013360,Economically active: Self-employed: Total,23,21,2
S01013360,Economically active: Self-employed: Part-time (1),5,5,0
S01013360,Economically active: Self-employed: Full-time (1),18,16,2
S01013360,Economically active: Unemployed (1),46,44,2
S01013360,Economically inactive,232,228,4
S01013361,All people aged 16 and over,482,465,17
S01013361,Economically active: Total,287,272,15
S01013361,Economically active: Employee: Total,245,230,15
S01013361,Economically active: Employee: Part-time (1),59,57,2
S01013361,Economically active: Employee: Full-time (1),186,173,13
S01013361,Economically active: Self-employed: Total,10,10,0
S01013361,Economically active: Self-employed: Part-time (1),3,3,0
S01013361,Economically active: Self-employed: Full-time (1),7,7,0
S01013361,Economically active: Unemployed (1),32,32,0
S01013361,Economically inactive,195,193,2
S01013362,All people aged 16 and over,389,372,17
S01013362,Economically active: Total,221,210,11
S01013362,Economically active: Employee: Total,185,177,8
S01013362,Economically active: Employee: Part-time (1),43,42,1
S01013362,Economically active: Employee: Full-time (1),142,135,7
S01013362,Economically active: Self-employed: Total,15,14,1
S01013362,Economically active: Self-employed: Part-time (1),4,3,1
S01013362,Economically active: Self-employed: Full-time (1),11,11,0
S01013362,Economically active: Unemployed (1),21,19,2
S01013362,Economically inactive,168,162,6
S01013363,All people aged 16 and over,610,576,34
S01013363,Economically active: Total,362,332,30
S01013363,Economically active: Employee: Total,279,253,26
S01013363,Economically active: Employee: Part-time (1),75,71,4
S01013363,Economically active: Employee: Full-time (1),204,182,22
S01013363,Economically active: Self-employed: Total,20,19,1
S01013363,Economically active: Self-employed: Part-time (1),10,9,1
S01013363,Economically active: Self-employed: Full-time (1),10,10,0
S01013363,Economically active: Unemployed (1),63,60,3
S01013363,Economically inactive,248,244,4
S01013364,All people aged 16 and over,719,698,21
S01013364,Economically active: Total,487,473,14
S01013364,Economically active: Employee: Total,424,414,10
S01013364,Economically active: Employee: Part-time (1),89,89,0
S01013364,Economically active: Employee: Full-time (1),335,325,10
S01013364,Economically active: Self-employed: Total,37,33,4
S01013364,Economically active: Self-employed: Part-time (1),9,9,0
S01013364,Economically active: Self-employed: Full-time (1),28,24,4
S01013364,Economically active: Unemployed (1),26,26,0
S01013364,Economically inactive,232,225,7
S01013365,All people aged 16 and over,668,638,30
S01013365,Economically active: Total,480,451,29
S01013365,Economically active: Employee: Total,392,369,23
S01013365,Economically active: Employee: Part-time (1),95,91,4
S01013365,Economically active: Employee: Full-time (1),297,278,19
S01013365,Economically active: Self-employed: Total,58,54,4
S01013365,Economically active: Self-employed: Part-time (1),11,10,1
S01013365,Economically active: Self-employed: Full-time (1),47,44,3
S01013365,Economically active: Unemployed (1),30,28,2
S01013365,Economically inactive,188,187,1
S01013366,All people aged 16 and over,699,683,16
S01013366,Economically active: Total,530,517,13
S01013366,Economically active: Employee: Total,463,453,10
S01013366,Economically active: Employee: Part-time (1),131,128,3
S01013366,Economically active: Employee: Full-time (1),332,325,7
S01013366,Economically active: Self-employed: Total,45,43,2
S01013366,Economically active: Self-employed: Part-time (1),15,14,1
S01013366,Economically active: Self-employed: Full-time (1),30,29,1
S01013366,Economically active: Unemployed (1),22,21,1
S01013366,Economically inactive,169,166,3
S01013367,All people aged 16 and over,470,448,22
S01013367,Economically active: Total,362,346,16
S01013367,Economically active: Employee: Total,305,293,12
S01013367,Economically active: Employee: Part-time (1),70,66,4
S01013367,Economically active: Employee: Full-time (1),235,227,8
S01013367,Economically active: Self-employed: Total,43,40,3
S01013367,Economically active: Self-employed: Part-time (1),13,12,1
S01013367,Economically active: Self-employed: Full-time (1),30,28,2
S01013367,Economically active: Unemployed (1),14,13,1
S01013367,Economically inactive,108,102,6
S01013368,All people aged 16 and over,639,628,11
S01013368,Economically active: Total,402,396,6
S01013368,Economically active: Employee: Total,317,313,4
S01013368,Economically active: Employee: Part-time (1),80,78,2
S01013368,Economically active: Employee: Full-time (1),237,235,2
S01013368,Economically active: Self-employed: Total,52,50,2
S01013368,Economically active: Self-employed: Part-time (1),18,16,2
S01013368,Economically active: Self-employed: Full-time (1),34,34,0
S01013368,Economically active: Unemployed (1),33,33,0
S01013368,Economically inactive,237,232,5
S01013369,All people aged 16 and over,711,696,15
S01013369,Economically active: Total,392,379,13
S01013369,Economically active: Employee: Total,326,316,10
S01013369,Economically active: Employee: Part-time (1),89,86,3
S01013369,Economically active: Employee: Full-time (1),237,230,7
S01013369,Economically active: Self-employed: Total,21,20,1
S01013369,Economically active: Self-employed: Part-time (1),8,7,1
S01013369,Economically active: Self-employed: Full-time (1),13,13,0
S01013369,Economically active: Unemployed (1),45,43,2
S01013369,Economically inactive,319,317,2
S01013370,All people aged 16 and over,499,477,22
S01013370,Economically active: Total,276,264,12
S01013370,Economically active: Employee: Total,221,211,10
S01013370,Economically active: Employee: Part-time (1),63,61,2
S01013370,Economically active: Employee: Full-time (1),158,150,8
S01013370,Economically active: Self-employed: Total,13,12,1
S01013370,Economically active: Self-employed: Part-time (1),4,4,0
S01013370,Economically active: Self-employed: Full-time (1),9,8,1
S01013370,Economically active: Unemployed (1),42,41,1
S01013370,Economically inactive,223,213,10
S01013371,All people aged 16 and over,558,545,13
S01013371,Economically active: Total,265,259,6
S01013371,Economically active: Employee: Total,228,223,5
S01013371,Economically active: Employee: Part-time (1),66,63,3
S01013371,Economically active: Employee: Full-time (1),162,160,2
S01013371,Economically active: Self-employed: Total,19,18,1
S01013371,Economically active: Self-employed: Part-time (1),6,5,1
S01013371,Economically active: Self-employed: Full-time (1),13,13,0
S01013371,Economically active: Unemployed (1),18,18,0
S01013371,Economically inactive,293,286,7
S01013372,All people aged 16 and over,843,817,26
S01013372,Economically active: Total,520,503,17
S01013372,Economically active: Employee: Total,396,381,15
S01013372,Economically active: Employee: Part-time (1),135,130,5
S01013372,Economically active: Employee: Full-time (1),261,251,10
S01013372,Economically active: Self-employed: Total,23,23,0
S01013372,Economically active: Self-employed: Part-time (1),9,9,0
S01013372,Economically active: Self-employed: Full-time (1),14,14,0
S01013372,Economically active: Unemployed (1),101,99,2
S01013372,Economically inactive,323,314,9
S01013373,All people aged 16 and over,757,746,11
S01013373,Economically active: Total,436,429,7
S01013373,Economically active: Employee: Total,352,346,6
S01013373,Economically active: Employee: Part-time (1),87,85,2
S01013373,Economically active: Employee: Full-time (1),265,261,4
S01013373,Economically active: Self-employed: Total,30,29,1
S01013373,Economically active: Self-employed: Part-time (1),10,9,1
S01013373,Economically active: Self-employed: Full-time (1),20,20,0
S01013373,Economically active: Unemployed (1),54,54,0
S01013373,Economically inactive,321,317,4
S01013374,All people aged 16 and over,747,726,21
S01013374,Economically active: Total,415,402,13
S01013374,Economically active: Employee: Total,308,298,10
S01013374,Economically active: Employee: Part-time (1),104,100,4
S01013374,Economically active: Employee: Full-time (1),204,198,6
S01013374,Economically active: Self-employed: Total,24,22,2
S01013374,Economically active: Self-employed: Part-time (1),4,4,0
S01013374,Economically active: Self-employed: Full-time (1),20,18,2
S01013374,Economically active: Unemployed (1),83,82,1
S01013374,Economically inactive,332,324,8
S01013375,All people aged 16 and over,467,449,18
S01013375,Economically active: Total,297,285,12
S01013375,Economically active: Employee: Total,249,237,12
S01013375,Economically active: Employee: Part-time (1),73,71,2
S01013375,Economically active: Employee: Full-time (1),176,166,10
S01013375,Economically active: Self-employed: Total,15,15,0
S01013375,Economically active: Self-employed: Part-time (1),5,5,0
S01013375,Economically active: Self-employed: Full-time (1),10,10,0
S01013375,Economically active: Unemployed (1),33,33,0
S01013375,Economically inactive,170,164,6
S01013376,All people aged 16 and over,480,470,10
S01013376,Economically active: Total,279,270,9
S01013376,Economically active: Employee: Total,228,222,6
S01013376,Economically active: Employee: Part-time (1),72,70,2
S01013376,Economically active: Employee: Full-time (1),156,152,4
S01013376,Economically active: Self-employed: Total,20,18,2
S01013376,Economically active: Self-employed: Part-time (1),2,2,0
S01013376,Economically active: Self-employed: Full-time (1),18,16,2
S01013376,Economically active: Unemployed (1),31,30,1
S01013376,Economically inactive,201,200,1
S01013377,All people aged 16 and over,654,638,16
S01013377,Economically active: Total,358,344,14
S01013377,Economically active: Employee: Total,292,279,13
S01013377,Economically active: Employee: Part-time (1),67,65,2
S01013377,Economically active: Employee: Full-time (1),225,214,11
S01013377,Economically active: Self-employed: Total,17,17,0
S01013377,Economically active: Self-employed: Part-time (1),6,6,0
S01013377,Economically active: Self-employed: Full-time (1),11,11,0
S01013377,Economically active: Unemployed (1),49,48,1
S01013377,Economically inactive,296,294,2
S01013378,All people aged 16 and over,788,766,22
S01013378,Economically active: Total,540,524,16
S01013378,Economically active: Employee: Total,428,415,13
S01013378,Economically active: Employee: Part-time (1),111,108,3
S01013378,Economically active: Employee: Full-time (1),317,307,10
S01013378,Economically active: Self-employed: Total,34,33,1
S01013378,Economically active: Self-employed: Part-time (1),8,8,0
S01013378,Economically active: Self-employed: Full-time (1),26,25,1
S01013378,Economically active: Unemployed (1),78,76,2
S01013378,Economically inactive,248,242,6
S01013379,All people aged 16 and over,705,675,30
S01013379,Economically active: Total,467,444,23
S01013379,Economically active: Employee: Total,401,384,17
S01013379,Economically active: Employee: Part-time (1),100,99,1
S01013379,Economically active: Employee: Full-time (1),301,285,16
S01013379,Economically active: Self-employed: Total,34,29,5
S01013379,Economically active: Self-employed: Part-time (1),7,6,1
S01013379,Economically active: Self-employed: Full-time (1),27,23,4
S01013379,Economically active: Unemployed (1),32,31,1
S01013379,Economically inactive,238,231,7
S01013380,All people aged 16 and over,126,125,1
S01013380,Economically active: Total,54,53,1
S01013380,Economically active: Employee: Total,38,38,0
S01013380,Economically active: Employee: Part-time (1),7,7,0
S01013380,Economically active: Employee: Full-time (1),31,31,0
S01013380,Economically active: Self-employed: Total,15,14,1
S01013380,Economically active: Self-employed: Part-time (1),3,3,0
S01013380,Economically active: Self-employed: Full-time (1),12,11,1
S01013380,Economically active: Unemployed (1),1,1,0
S01013380,Economically inactive,72,72,0
S01013381,All people aged 16 and over,403,391,12
S01013381,Economically active: Total,257,245,12
S01013381,Economically active: Employee: Total,197,192,5
S01013381,Economically active: Employee: Part-time (1),41,41,0
S01013381,Economically active: Employee: Full-time (1),156,151,5
S01013381,Economically active: Self-employed: Total,30,23,7
S01013381,Economically active: Self-employed: Part-time (1),12,8,4
S01013381,Economically active: Self-employed: Full-time (1),18,15,3
S01013381,Economically active: Unemployed (1),30,30,0
S01013381,Economically inactive,146,146,0
S01013382,All people aged 16 and over,446,414,32
S01013382,Economically active: Total,320,291,29
S01013382,Economically active: Employee: Total,273,252,21
S01013382,Economically active: Employee: Part-time (1),56,54,2
S01013382,Economically active: Employee: Full-time (1),217,198,19
S01013382,Economically active: Self-employed: Total,31,25,6
S01013382,Economically active: Self-employed: Part-time (1),13,10,3
S01013382,Economically active: Self-employed: Full-time (1),18,15,3
S01013382,Economically active: Unemployed (1),16,14,2
S01013382,Economically inactive,126,123,3
S01013383,All people aged 16 and over,581,565,16
S01013383,Economically active: Total,318,307,11
S01013383,Economically active: Employee: Total,266,257,9
S01013383,Economically active: Employee: Part-time (1),67,64,3
S01013383,Economically active: Employee: Full-time (1),199,193,6
S01013383,Economically active: Self-employed: Total,17,16,1
S01013383,Economically active: Self-employed: Part-time (1),5,4,1
S01013383,Economically active: Self-employed: Full-time (1),12,12,0
S01013383,Economically active: Unemployed (1),35,34,1
S01013383,Economically inactive,263,258,5
S01013384,All people aged 16 and over,619,594,25
S01013384,Economically active: Total,355,338,17
S01013384,Economically active: Employee: Total,300,287,13
S01013384,Economically active: Employee: Part-time (1),66,63,3
S01013384,Economically active: Employee: Full-time (1),234,224,10
S01013384,Economically active: Self-employed: Total,30,29,1
S01013384,Economically active: Self-employed: Part-time (1),12,11,1
S01013384,Economically active: Self-employed: Full-time (1),18,18,0
S01013384,Economically active: Unemployed (1),25,22,3
S01013384,Economically inactive,264,256,8
S01013385,All people aged 16 and over,407,398,9
S01013385,Economically active: Total,277,271,6
S01013385,Economically active: Employee: Total,241,236,5
S01013385,Economically active: Employee: Part-time (1),47,46,1
S01013385,Economically active: Employee: Full-time (1),194,190,4
S01013385,Economically active: Self-employed: Total,20,19,1
S01013385,Economically active: Self-employed: Part-time (1),7,6,1
S01013385,Economically active: Self-employed: Full-time (1),13,13,0
S01013385,Economically active: Unemployed (1),16,16,0
S01013385,Economically inactive,130,127,3
S01013386,All people aged 16 and over,689,676,13
S01013386,Economically active: Total,481,471,10
S01013386,Economically active: Employee: Total,422,413,9
S01013386,Economically active: Employee: Part-time (1),96,92,4
S01013386,Economically active: Employee: Full-time (1),326,321,5
S01013386,Economically active: Self-employed: Total,42,42,0
S01013386,Economically active: Self-employed: Part-time (1),8,8,0
S01013386,Economically active: Self-employed: Full-time (1),34,34,0
S01013386,Economically active: Unemployed (1),17,16,1
S01013386,Economically inactive,208,205,3
S01013387,All people aged 16 and over,471,460,11
S01013387,Economically active: Total,270,263,7
S01013387,Economically active: Employee: Total,221,215,6
S01013387,Economically active: Employee: Part-time (1),55,54,1
S01013387,Economically active: Employee: Full-time (1),166,161,5
S01013387,Economically active: Self-employed: Total,13,13,0
S01013387,Economically active: Self-employed: Part-time (1),1,1,0
S01013387,Economically active: Self-employed: Full-time (1),12,12,0
S01013387,Economically active: Unemployed (1),36,35,1
S01013387,Economically inactive,201,197,4
S01013388,All people aged 16 and over,639,625,14
S01013388,Economically active: Total,348,340,8
S01013388,Economically active: Employee: Total,284,279,5
S01013388,Economically active: Employee: Part-time (1),78,78,0
S01013388,Economically active: Employee: Full-time (1),206,201,5
S01013388,Economically active: Self-employed: Total,37,35,2
S01013388,Economically active: Self-employed: Part-time (1),6,5,1
S01013388,Economically active: Self-employed: Full-time (1),31,30,1
S01013388,Economically active: Unemployed (1),27,26,1
S01013388,Economically inactive,291,285,6
S01013389,All people aged 16 and over,623,615,8
S01013389,Economically active: Total,443,439,4
S01013389,Economically active: Employee: Total,385,383,2
S01013389,Economically active: Employee: Part-time (1),94,93,1
S01013389,Economically active: Employee: Full-time (1),291,290,1
S01013389,Economically active: Self-employed: Total,27,26,1
S01013389,Economically active: Self-employed: Part-time (1),10,9,1
S01013389,Economically active: Self-employed: Full-time (1),17,17,0
S01013389,Economically active: Unemployed (1),31,30,1
S01013389,Economically inactive,180,176,4
S01013390,All people aged 16 and over,382,376,6
S01013390,Economically active: Total,251,249,2
S01013390,Economically active: Employee: Total,210,208,2
S01013390,Economically active: Employee: Part-time (1),48,48,0
S01013390,Economically active: Employee: Full-time (1),162,160,2
S01013390,Economically active: Self-employed: Total,19,19,0
S01013390,Economically active: Self-employed: Part-time (1),1,1,0
S01013390,Economically active: Self-employed: Full-time (1),18,18,0
S01013390,Economically active: Unemployed (1),22,22,0
S01013390,Economically inactive,131,127,4
S01013391,All people aged 16 and over,356,349,7
S01013391,Economically active: Total,231,225,6
S01013391,Economically active: Employee: Total,179,176,3
S01013391,Economically active: Employee: Part-time (1),53,53,0
S01013391,Economically active: Employee: Full-time (1),126,123,3
S01013391,Economically active: Self-employed: Total,33,32,1
S01013391,Economically active: Self-employed: Part-time (1),7,7,0
S01013391,Economically active: Self-employed: Full-time (1),26,25,1
S01013391,Economically active: Unemployed (1),19,17,2
S01013391,Economically inactive,125,124,1
S01013392,All people aged 16 and over,549,523,26
S01013392,Economically active: Total,490,467,23
S01013392,Economically active: Employee: Total,425,405,20
S01013392,Economically active: Employee: Part-time (1),79,77,2
S01013392,Economically active: Employee: Full-time (1),346,328,18
S01013392,Economically active: Self-employed: Total,50,47,3
S01013392,Economically active: Self-employed: Part-time (1),13,13,0
S01013392,Economically active: Self-employed: Full-time (1),37,34,3
S01013392,Economically active: Unemployed (1),15,15,0
S01013392,Economically inactive,59,56,3
S01013393,All people aged 16 and over,563,535,28
S01013393,Economically active: Total,343,321,22
S01013393,Economically active: Employee: Total,276,256,20
S01013393,Economically active: Employee: Part-time (1),66,64,2
S01013393,Economically active: Employee: Full-time (1),210,192,18
S01013393,Economically active: Self-employed: Total,33,31,2
S01013393,Economically active: Self-employed: Part-time (1),8,8,0
S01013393,Economically active: Self-employed: Full-time (1),25,23,2
S01013393,Economically active: Unemployed (1),34,34,0
S01013393,Economically inactive,220,214,6
S01013394,All people aged 16 and over,534,504,30
S01013394,Economically active: Total,313,288,25
S01013394,Economically active: Employee: Total,255,231,24
S01013394,Economically active: Employee: Part-time (1),65,57,8
S01013394,Economically active: Employee: Full-time (1),190,174,16
S01013394,Economically active: Self-employed: Total,23,23,0
S01013394,Economically active: Self-employed: Part-time (1),7,7,0
S01013394,Economically active: Self-employed: Full-time (1),16,16,0
S01013394,Economically active: Unemployed (1),35,34,1
S01013394,Economically inactive,221,216,5
S01013395,All people aged 16 and over,518,483,35
S01013395,Economically active: Total,309,281,28
S01013395,Economically active: Employee: Total,221,200,21
S01013395,Economically active: Employee: Part-time (1),67,63,4
S01013395,Economically active: Employee: Full-time (1),154,137,17
S01013395,Economically active: Self-employed: Total,17,14,3
S01013395,Economically active: Self-employed: Part-time (1),3,2,1
S01013395,Economically active: Self-employed: Full-time (1),14,12,2
S01013395,Economically active: Unemployed (1),71,67,4
S01013395,Economically inactive,209,202,7
S01013396,All people aged 16 and over,501,457,44
S01013396,Economically active: Total,455,416,39
S01013396,Economically active: Employee: Total,386,355,31
S01013396,Economically active: Employee: Part-time (1),66,62,4
S01013396,Economically active: Employee: Full-time (1),320,293,27
S01013396,Economically active: Self-employed: Total,53,47,6
S01013396,Economically active: Self-employed: Part-time (1),9,9,0
S01013396,Economically active: Self-employed: Full-time (1),44,38,6
S01013396,Economically active: Unemployed (1),16,14,2
S01013396,Economically inactive,46,41,5
S01013397,All people aged 16 and over,705,665,40
S01013397,Economically active: Total,481,445,36
S01013397,Economically active: Employee: Total,399,375,24
S01013397,Economically active: Employee: Part-time (1),83,79,4
S01013397,Economically active: Employee: Full-time (1),316,296,20
S01013397,Economically active: Self-employed: Total,47,43,4
S01013397,Economically active: Self-employed: Part-time (1),12,11,1
S01013397,Economically active: Self-employed: Full-time (1),35,32,3
S01013397,Economically active: Unemployed (1),35,27,8
S01013397,Economically inactive,224,220,4
S01013398,All people aged 16 and over,446,410,36
S01013398,Economically active: Total,372,338,34
S01013398,Economically active: Employee: Total,326,297,29
S01013398,Economically active: Employee: Part-time (1),68,60,8
S01013398,Economically active: Employee: Full-time (1),258,237,21
S01013398,Economically active: Self-employed: Total,24,20,4
S01013398,Economically active: Self-employed: Part-time (1),5,4,1
S01013398,Economically active: Self-employed: Full-time (1),19,16,3
S01013398,Economically active: Unemployed (1),22,21,1
S01013398,Economically inactive,74,72,2
S01013399,All people aged 16 and over,839,798,41
S01013399,Economically active: Total,622,585,37
S01013399,Economically active: Employee: Total,560,533,27
S01013399,Economically active: Employee: Part-time (1),113,109,4
S01013399,Economically active: Employee: Full-time (1),447,424,23
S01013399,Economically active: Self-employed: Total,39,32,7
S01013399,Economically active: Self-employed: Part-time (1),13,9,4
S01013399,Economically active: Self-employed: Full-time (1),26,23,3
S01013399,Economically active: Unemployed (1),23,20,3
S01013399,Economically inactive,217,213,4
S01013400,All people aged 16 and over,537,507,30
S01013400,Economically active: Total,379,355,24
S01013400,Economically active: Employee: Total,319,297,22
S01013400,Economically active: Employee: Part-time (1),67,65,2
S01013400,Economically active: Employee: Full-time (1),252,232,20
S01013400,Economically active: Self-employed: Total,27,25,2
S01013400,Economically active: Self-employed: Part-time (1),6,5,1
S01013400,Economically active: Self-employed: Full-time (1),21,20,1
S01013400,Economically active: Unemployed (1),33,33,0
S01013400,Economically inactive,158,152,6
S01013401,All people aged 16 and over,616,562,54
S01013401,Economically active: Total,530,486,44
S01013401,Economically active: Employee: Total,455,416,39
S01013401,Economically active: Employee: Part-time (1),77,72,5
S01013401,Economically active: Employee: Full-time (1),378,344,34
S01013401,Economically active: Self-employed: Total,49,45,4
S01013401,Economically active: Self-employed: Part-time (1),10,10,0
S01013401,Economically active: Self-employed: Full-time (1),39,35,4
S01013401,Economically active: Unemployed (1),26,25,1
S01013401,Economically inactive,86,76,10
S01013402,All people aged 16 and over,769,668,101
S01013402,Economically active: Total,688,593,95
S01013402,Economically active: Employee: Total,625,539,86
S01013402,Economically active: Employee: Part-time (1),98,83,15
S01013402,Economically active: Employee: Full-time (1),527,456,71
S01013402,Economically active: Self-employed: Total,43,40,3
S01013402,Economically active: Self-employed: Part-time (1),12,12,0
S01013402,Economically active: Self-employed: Full-time (1),31,28,3
S01013402,Economically active: Unemployed (1),20,14,6
S01013402,Economically inactive,81,75,6
S01013403,All people aged 16 and over,622,569,53
S01013403,Economically active: Total,544,497,47
S01013403,Economically active: Employee: Total,490,447,43
S01013403,Economically active: Employee: Part-time (1),90,87,3
S01013403,Economically active: Employee: Full-time (1),400,360,40
S01013403,Economically active: Self-employed: Total,35,31,4
S01013403,Economically active: Self-employed: Part-time (1),9,9,0
S01013403,Economically active: Self-employed: Full-time (1),26,22,4
S01013403,Economically active: Unemployed (1),19,19,0
S01013403,Economically inactive,78,72,6
S01013404,All people aged 16 and over,422,383,39
S01013404,Economically active: Total,337,307,30
S01013404,Economically active: Employee: Total,297,271,26
S01013404,Economically active: Employee: Part-time (1),59,54,5
S01013404,Economically active: Employee: Full-time (1),238,217,21
S01013404,Economically active: Self-employed: Total,20,16,4
S01013404,Economically active: Self-employed: Part-time (1),5,4,1
S01013404,Economically active: Self-employed: Full-time (1),15,12,3
S01013404,Economically active: Unemployed (1),20,20,0
S01013404,Economically inactive,85,76,9
S01013405,All people aged 16 and over,571,516,55
S01013405,Economically active: Total,341,301,40
S01013405,Economically active: Employee: Total,278,241,37
S01013405,Economically active: Employee: Part-time (1),68,65,3
S01013405,Economically active: Employee: Full-time (1),210,176,34
S01013405,Economically active: Self-employed: Total,26,25,1
S01013405,Economically active: Self-employed: Part-time (1),7,6,1
S01013405,Economically active: Self-employed: Full-time (1),19,19,0
S01013405,Economically active: Unemployed (1),37,35,2
S01013405,Economically inactive,230,215,15
S01013406,All people aged 16 and over,505,465,40
S01013406,Economically active: Total,313,283,30
S01013406,Economically active: Employee: Total,254,229,25
S01013406,Economically active: Employee: Part-time (1),67,63,4
S01013406,Economically active: Employee: Full-time (1),187,166,21
S01013406,Economically active: Self-employed: Total,13,10,3
S01013406,Economically active: Self-employed: Part-time (1),5,4,1
S01013406,Economically active: Self-employed: Full-time (1),8,6,2
S01013406,Economically active: Unemployed (1),46,44,2
S01013406,Economically inactive,192,182,10
S01013407,All people aged 16 and over,436,392,44
S01013407,Economically active: Total,265,228,37
S01013407,Economically active: Employee: Total,226,192,34
S01013407,Economically active: Employee: Part-time (1),50,48,2
S01013407,Economically active: Employee: Full-time (1),176,144,32
S01013407,Economically active: Self-employed: Total,15,12,3
S01013407,Economically active: Self-employed: Part-time (1),2,1,1
S01013407,Economically active: Self-employed: Full-time (1),13,11,2
S01013407,Economically active: Unemployed (1),24,24,0
S01013407,Economically inactive,171,164,7
S01013408,All people aged 16 and over,519,470,49
S01013408,Economically active: Total,310,267,43
S01013408,Economically active: Employee: Total,241,210,31
S01013408,Economically active: Employee: Part-time (1),71,68,3
S01013408,Economically active: Employee: Full-time (1),170,142,28
S01013408,Economically active: Self-employed: Total,18,13,5
S01013408,Economically active: Self-employed: Part-time (1),4,3,1
S01013408,Economically active: Self-employed: Full-time (1),14,10,4
S01013408,Economically active: Unemployed (1),51,44,7
S01013408,Economically inactive,209,203,6
S01013409,All people aged 16 and over,834,766,68
S01013409,Economically active: Total,605,545,60
S01013409,Economically active: Employee: Total,490,432,58
S01013409,Economically active: Employee: Part-time (1),129,118,11
S01013409,Economically active: Employee: Full-time (1),361,314,47
S01013409,Economically active: Self-employed: Total,64,64,0
S01013409,Economically active: Self-employed: Part-time (1),17,17,0
S01013409,Economically active: Self-employed: Full-time (1),47,47,0
S01013409,Economically active: Unemployed (1),51,49,2
S01013409,Economically inactive,229,221,8
S01013410,All people aged 16 and over,486,444,42
S01013410,Economically active: Total,336,301,35
S01013410,Economically active: Employee: Total,260,232,28
S01013410,Economically active: Employee: Part-time (1),83,75,8
S01013410,Economically active: Employee: Full-time (1),177,157,20
S01013410,Economically active: Self-employed: Total,15,12,3
S01013410,Economically active: Self-employed: Part-time (1),4,3,1
S01013410,Economically active: Self-employed: Full-time (1),11,9,2
S01013410,Economically active: Unemployed (1),61,57,4
S01013410,Economically inactive,150,143,7
S01013411,All people aged 16 and over,604,532,72
S01013411,Economically active: Total,420,360,60
S01013411,Economically active: Employee: Total,354,303,51
S01013411,Economically active: Employee: Part-time (1),82,75,7
S01013411,Economically active: Employee: Full-time (1),272,228,44
S01013411,Economically active: Self-employed: Total,39,33,6
S01013411,Economically active: Self-employed: Part-time (1),6,5,1
S01013411,Economically active: Self-employed: Full-time (1),33,28,5
S01013411,Economically active: Unemployed (1),27,24,3
S01013411,Economically inactive,184,172,12
S01013412,All people aged 16 and over,661,619,42
S01013412,Economically active: Total,445,412,33
S01013412,Economically active: Employee: Total,368,342,26
S01013412,Economically active: Employee: Part-time (1),97,93,4
S01013412,Economically active: Employee: Full-time (1),271,249,22
S01013412,Economically active: Self-employed: Total,29,25,4
S01013412,Economically active: Self-employed: Part-time (1),4,3,1
S01013412,Economically active: Self-employed: Full-time (1),25,22,3
S01013412,Economically active: Unemployed (1),48,45,3
S01013412,Economically inactive,216,207,9
S01013413,All people aged 16 and over,636,620,16
S01013413,Economically active: Total,408,398,10
S01013413,Economically active: Employee: Total,358,349,9
S01013413,Economically active: Employee: Part-time (1),76,74,2
S01013413,Economically active: Employee: Full-time (1),282,275,7
S01013413,Economically active: Self-employed: Total,34,33,1
S01013413,Economically active: Self-employed: Part-time (1),13,12,1
S01013413,Economically active: Self-employed: Full-time (1),21,21,0
S01013413,Economically active: Unemployed (1),16,16,0
S01013413,Economically inactive,228,222,6
S01013414,All people aged 16 and over,766,694,72
S01013414,Economically active: Total,415,356,59
S01013414,Economically active: Employee: Total,343,290,53
S01013414,Economically active: Employee: Part-time (1),59,50,9
S01013414,Economically active: Employee: Full-time (1),284,240,44
S01013414,Economically active: Self-employed: Total,33,30,3
S01013414,Economically active: Self-employed: Part-time (1),5,5,0
S01013414,Economically active: Self-employed: Full-time (1),28,25,3
S01013414,Economically active: Unemployed (1),39,36,3
S01013414,Economically inactive,351,338,13
S01013415,All people aged 16 and over,566,536,30
S01013415,Economically active: Total,289,266,23
S01013415,Economically active: Employee: Total,223,207,16
S01013415,Economically active: Employee: Part-time (1),54,52,2
S01013415,Economically active: Employee: Full-time (1),169,155,14
S01013415,Economically active: Self-employed: Total,25,22,3
S01013415,Economically active: Self-employed: Part-time (1),9,8,1
S01013415,Economically active: Self-employed: Full-time (1),16,14,2
S01013415,Economically active: Unemployed (1),41,37,4
S01013415,Economically inactive,277,270,7
S01013416,All people aged 16 and over,491,449,42
S01013416,Economically active: Total,306,275,31
S01013416,Economically active: Employee: Total,247,223,24
S01013416,Economically active: Employee: Part-time (1),52,47,5
S01013416,Economically active: Employee: Full-time (1),195,176,19
S01013416,Economically active: Self-employed: Total,22,17,5
S01013416,Economically active: Self-employed: Part-time (1),9,8,1
S01013416,Economically active: Self-employed: Full-time (1),13,9,4
S01013416,Economically active: Unemployed (1),37,35,2
S01013416,Economically inactive,185,174,11
S01013417,All people aged 16 and over,730,646,84
S01013417,Economically active: Total,479,401,78
S01013417,Economically active: Employee: Total,406,332,74
S01013417,Economically active: Employee: Part-time (1),77,72,5
S01013417,Economically active: Employee: Full-time (1),329,260,69
S01013417,Economically active: Self-employed: Total,26,24,2
S01013417,Economically active: Self-employed: Part-time (1),9,9,0
S01013417,Economically active: Self-employed: Full-time (1),17,15,2
S01013417,Economically active: Unemployed (1),47,45,2
S01013417,Economically inactive,251,245,6
S01013418,All people aged 16 and over,510,482,28
S01013418,Economically active: Total,343,323,20
S01013418,Economically active: Employee: Total,276,259,17
S01013418,Economically active: Employee: Part-time (1),58,54,4
S01013418,Economically active: Employee: Full-time (1),218,205,13
S01013418,Economically active: Self-employed: Total,37,34,3
S01013418,Economically active: Self-employed: Part-time (1),8,8,0
S01013418,Economically active: Self-employed: Full-time (1),29,26,3
S01013418,Economically active: Unemployed (1),30,30,0
S01013418,Economically inactive,167,159,8
S01013419,All people aged 16 and over,387,374,13
S01013419,Economically active: Total,272,262,10
S01013419,Economically active: Employee: Total,230,221,9
S01013419,Economically active: Employee: Part-time (1),56,54,2
S01013419,Economically active: Employee: Full-time (1),174,167,7
S01013419,Economically active: Self-employed: Total,27,26,1
S01013419,Economically active: Self-employed: Part-time (1),5,5,0
S01013419,Economically active: Self-employed: Full-time (1),22,21,1
S01013419,Economically active: Unemployed (1),15,15,0
S01013419,Economically inactive,115,112,3
S01013420,All people aged 16 and over,468,451,17
S01013420,Economically active: Total,331,318,13
S01013420,Economically active: Employee: Total,296,284,12
S01013420,Economically active: Employee: Part-time (1),54,53,1
S01013420,Economically active: Employee: Full-time (1),242,231,11
S01013420,Economically active: Self-employed: Total,15,15,0
S01013420,Economically active: Self-employed: Part-time (1),2,2,0
S01013420,Economically active: Self-employed: Full-time (1),13,13,0
S01013420,Economically active: Unemployed (1),20,19,1
S01013420,Economically inactive,137,133,4
S01013421,All people aged 16 and over,565,531,34
S01013421,Economically active: Total,484,455,29
S01013421,Economically active: Employee: Total,427,403,24
S01013421,Economically active: Employee: Part-time (1),97,95,2
S01013421,Economically active: Employee: Full-time (1),330,308,22
S01013421,Economically active: Self-employed: Total,38,36,2
S01013421,Economically active: Self-employed: Part-time (1),7,7,0
S01013421,Economically active: Self-employed: Full-time (1),31,29,2
S01013421,Economically active: Unemployed (1),19,16,3
S01013421,Economically inactive,81,76,5
S01013422,All people aged 16 and over,591,566,25
S01013422,Economically active: Total,395,372,23
S01013422,Economically active: Employee: Total,339,320,19
S01013422,Economically active: Employee: Part-time (1),111,108,3
S01013422,Economically active: Employee: Full-time (1),228,212,16
S01013422,Economically active: Self-employed: Total,30,27,3
S01013422,Economically active: Self-employed: Part-time (1),13,12,1
S01013422,Economically active: Self-employed: Full-time (1),17,15,2
S01013422,Economically active: Unemployed (1),26,25,1
S01013422,Economically inactive,196,194,2
S01013423,All people aged 16 and over,668,642,26
S01013423,Economically active: Total,449,428,21
S01013423,Economically active: Employee: Total,384,365,19
S01013423,Economically active: Employee: Part-time (1),112,109,3
S01013423,Economically active: Employee: Full-time (1),272,256,16
S01013423,Economically active: Self-employed: Total,38,37,1
S01013423,Economically active: Self-employed: Part-time (1),8,8,0
S01013423,Economically active: Self-employed: Full-time (1),30,29,1
S01013423,Economically active: Unemployed (1),27,26,1
S01013423,Economically inactive,219,214,5
S01013424,All people aged 16 and over,386,371,15
S01013424,Economically active: Total,283,274,9
S01013424,Economically active: Employee: Total,248,244,4
S01013424,Economically active: Employee: Part-time (1),70,68,2
S01013424,Economically active: Employee: Full-time (1),178,176,2
S01013424,Economically active: Self-employed: Total,26,23,3
S01013424,Economically active: Self-employed: Part-time (1),7,7,0
S01013424,Economically active: Self-employed: Full-time (1),19,16,3
S01013424,Economically active: Unemployed (1),9,7,2
S01013424,Economically inactive,103,97,6
S01013425,All people aged 16 and over,358,344,14
S01013425,Economically active: Total,235,224,11
S01013425,Economically active: Employee: Total,196,188,8
S01013425,Economically active: Employee: Part-time (1),40,37,3
S01013425,Economically active: Employee: Full-time (1),156,151,5
S01013425,Economically active: Self-employed: Total,22,19,3
S01013425,Economically active: Self-employed: Part-time (1),5,3,2
S01013425,Economically active: Self-employed: Full-time (1),17,16,1
S01013425,Economically active: Unemployed (1),17,17,0
S01013425,Economically inactive,123,120,3
S01013426,All people aged 16 and over,671,647,24
S01013426,Economically active: Total,409,387,22
S01013426,Economically active: Employee: Total,332,312,20
S01013426,Economically active: Employee: Part-time (1),98,96,2
S01013426,Economically active: Employee: Full-time (1),234,216,18
S01013426,Economically active: Self-employed: Total,33,31,2
S01013426,Economically active: Self-employed: Part-time (1),9,9,0
S01013426,Economically active: Self-employed: Full-time (1),24,22,2
S01013426,Economically active: Unemployed (1),44,44,0
S01013426,Economically inactive,262,260,2
S01013427,All people aged 16 and over,348,335,13
S01013427,Economically active: Total,284,275,9
S01013427,Economically active: Employee: Total,234,227,7
S01013427,Economically active: Employee: Part-time (1),48,46,2
S01013427,Economically active: Employee: Full-time (1),186,181,5
S01013427,Economically active: Self-employed: Total,40,40,0
S01013427,Economically active: Self-employed: Part-time (1),10,10,0
S01013427,Economically active: Self-employed: Full-time (1),30,30,0
S01013427,Economically active: Unemployed (1),10,8,2
S01013427,Economically inactive,64,60,4
S01013428,All people aged 16 and over,739,685,54
S01013428,Economically active: Total,491,446,45
S01013428,Economically active: Employee: Total,389,351,38
S01013428,Economically active: Employee: Part-time (1),93,89,4
S01013428,Economically active: Employee: Full-time (1),296,262,34
S01013428,Economically active: Self-employed: Total,39,35,4
S01013428,Economically active: Self-employed: Part-time (1),10,8,2
S01013428,Economically active: Self-employed: Full-time (1),29,27,2
S01013428,Economically active: Unemployed (1),63,60,3
S01013428,Economically inactive,248,239,9
S01013429,All people aged 16 and over,549,520,29
S01013429,Economically active: Total,384,358,26
S01013429,Economically active: Employee: Total,316,294,22
S01013429,Economically active: Employee: Part-time (1),64,58,6
S01013429,Economically active: Employee: Full-time (1),252,236,16
S01013429,Economically active: Self-employed: Total,35,32,3
S01013429,Economically active: Self-employed: Part-time (1),5,5,0
S01013429,Economically active: Self-employed: Full-time (1),30,27,3
S01013429,Economically active: Unemployed (1),33,32,1
S01013429,Economically inactive,165,162,3
S01013430,All people aged 16 and over,552,533,19
S01013430,Economically active: Total,401,385,16
S01013430,Economically active: Employee: Total,329,317,12
S01013430,Economically active: Employee: Part-time (1),73,71,2
S01013430,Economically active: Employee: Full-time (1),256,246,10
S01013430,Economically active: Self-employed: Total,41,40,1
S01013430,Economically active: Self-employed: Part-time (1),7,7,0
S01013430,Economically active: Self-employed: Full-time (1),34,33,1
S01013430,Economically active: Unemployed (1),31,28,3
S01013430,Economically inactive,151,148,3
S01013431,All people aged 16 and over,563,549,14
S01013431,Economically active: Total,356,344,12
S01013431,Economically active: Employee: Total,272,262,10
S01013431,Economically active: Employee: Part-time (1),65,62,3
S01013431,Economically active: Employee: Full-time (1),207,200,7
S01013431,Economically active: Self-employed: Total,44,43,1
S01013431,Economically active: Self-employed: Part-time (1),11,11,0
S01013431,Economically active: Self-employed: Full-time (1),33,32,1
S01013431,Economically active: Unemployed (1),40,39,1
S01013431,Economically inactive,207,205,2
S01013432,All people aged 16 and over,591,572,19
S01013432,Economically active: Total,392,376,16
S01013432,Economically active: Employee: Total,306,297,9
S01013432,Economically active: Employee: Part-time (1),70,66,4
S01013432,Economically active: Employee: Full-time (1),236,231,5
S01013432,Economically active: Self-employed: Total,59,52,7
S01013432,Economically active: Self-employed: Part-time (1),15,13,2
S01013432,Economically active: Self-employed: Full-time (1),44,39,5
S01013432,Economically active: Unemployed (1),27,27,0
S01013432,Economically inactive,199,196,3
S01013433,All people aged 16 and over,601,581,20
S01013433,Economically active: Total,391,376,15
S01013433,Economically active: Employee: Total,319,310,9
S01013433,Economically active: Employee: Part-time (1),82,79,3
S01013433,Economically active: Employee: Full-time (1),237,231,6
S01013433,Economically active: Self-employed: Total,56,51,5
S01013433,Economically active: Self-employed: Part-time (1),13,13,0
S01013433,Economically active: Self-employed: Full-time (1),43,38,5
S01013433,Economically active: Unemployed (1),16,15,1
S01013433,Economically inactive,210,205,5
S01013434,All people aged 16 and over,421,390,31
S01013434,Economically active: Total,311,292,19
S01013434,Economically active: Employee: Total,213,200,13
S01013434,Economically active: Employee: Part-time (1),60,57,3
S01013434,Economically active: Employee: Full-time (1),153,143,10
S01013434,Economically active: Self-employed: Total,89,84,5
S01013434,Economically active: Self-employed: Part-time (1),20,20,0
S01013434,Economically active: Self-employed: Full-time (1),69,64,5
S01013434,Economically active: Unemployed (1),9,8,1
S01013434,Economically inactive,110,98,12
S01013435,All people aged 16 and over,488,459,29
S01013435,Economically active: Total,373,353,20
S01013435,Economically active: Employee: Total,316,300,16
S01013435,Economically active: Employee: Part-time (1),103,97,6
S01013435,Economically active: Employee: Full-time (1),213,203,10
S01013435,Economically active: Self-employed: Total,52,48,4
S01013435,Economically active: Self-employed: Part-time (1),22,20,2
S01013435,Economically active: Self-employed: Full-time (1),30,28,2
S01013435,Economically active: Unemployed (1),5,5,0
S01013435,Economically inactive,115,106,9
S01013436,All people aged 16 and over,662,636,26
S01013436,Economically active: Total,458,437,21
S01013436,Economically active: Employee: Total,392,375,17
S01013436,Economically active: Employee: Part-time (1),130,124,6
S01013436,Economically active: Employee: Full-time (1),262,251,11
S01013436,Economically active: Self-employed: Total,41,39,2
S01013436,Economically active: Self-employed: Part-time (1),11,10,1
S01013436,Economically active: Self-employed: Full-time (1),30,29,1
S01013436,Economically active: Unemployed (1),25,23,2
S01013436,Economically inactive,204,199,5
S01013437,All people aged 16 and over,561,527,34
S01013437,Economically active: Total,392,367,25
S01013437,Economically active: Employee: Total,343,324,19
S01013437,Economically active: Employee: Part-time (1),85,81,4
S01013437,Economically active: Employee: Full-time (1),258,243,15
S01013437,Economically active: Self-employed: Total,31,28,3
S01013437,Economically active: Self-employed: Part-time (1),9,6,3
S01013437,Economically active: Self-employed: Full-time (1),22,22,0
S01013437,Economically active: Unemployed (1),18,15,3
S01013437,Economically inactive,169,160,9
S01013438,All people aged 16 and over,469,437,32
S01013438,Economically active: Total,287,265,22
S01013438,Economically active: Employee: Total,225,211,14
S01013438,Economically active: Employee: Part-time (1),74,70,4
S01013438,Economically active: Employee: Full-time (1),151,141,10
S01013438,Economically active: Self-employed: Total,36,31,5
S01013438,Economically active: Self-employed: Part-time (1),11,11,0
S01013438,Economically active: Self-employed: Full-time (1),25,20,5
S01013438,Economically active: Unemployed (1),26,23,3
S01013438,Economically inactive,182,172,10
S01013439,All people aged 16 and over,738,702,36
S01013439,Economically active: Total,436,406,30
S01013439,Economically active: Employee: Total,363,339,24
S01013439,Economically active: Employee: Part-time (1),113,108,5
S01013439,Economically active: Employee: Full-time (1),250,231,19
S01013439,Economically active: Self-employed: Total,53,49,4
S01013439,Economically active: Self-employed: Part-time (1),27,24,3
S01013439,Economically active: Self-employed: Full-time (1),26,25,1
S01013439,Economically active: Unemployed (1),20,18,2
S01013439,Economically inactive,302,296,6
S01013440,All people aged 16 and over,827,803,24
S01013440,Economically active: Total,502,484,18
S01013440,Economically active: Employee: Total,427,412,15
S01013440,Economically active: Employee: Part-time (1),128,123,5
S01013440,Economically active: Employee: Full-time (1),299,289,10
S01013440,Economically active: Self-employed: Total,61,58,3
S01013440,Economically active: Self-employed: Part-time (1),20,20,0
S01013440,Economically active: Self-employed: Full-time (1),41,38,3
S01013440,Economically active: Unemployed (1),14,14,0
S01013440,Economically inactive,325,319,6
S01013441,All people aged 16 and over,639,603,36
S01013441,Economically active: Total,402,376,26
S01013441,Economically active: Employee: Total,331,311,20
S01013441,Economically active: Employee: Part-time (1),82,74,8
S01013441,Economically active: Employee: Full-time (1),249,237,12
S01013441,Economically active: Self-employed: Total,60,56,4
S01013441,Economically active: Self-employed: Part-time (1),23,21,2
S01013441,Economically active: Self-employed: Full-time (1),37,35,2
S01013441,Economically active: Unemployed (1),11,9,2
S01013441,Economically inactive,237,227,10
S01013442,All people aged 16 and over,633,598,35
S01013442,Economically active: Total,450,424,26
S01013442,Economically active: Employee: Total,392,371,21
S01013442,Economically active: Employee: Part-time (1),105,100,5
S01013442,Economically active: Employee: Full-time (1),287,271,16
S01013442,Economically active: Self-employed: Total,46,41,5
S01013442,Economically active: Self-employed: Part-time (1),13,13,0
S01013442,Economically active: Self-employed: Full-time (1),33,28,5
S01013442,Economically active: Unemployed (1),12,12,0
S01013442,Economically inactive,183,174,9
S01013443,All people aged 16 and over,509,486,23
S01013443,Economically active: Total,339,324,15
S01013443,Economically active: Employee: Total,283,272,11
S01013443,Economically active: Employee: Part-time (1),71,68,3
S01013443,Economically active: Employee: Full-time (1),212,204,8
S01013443,Economically active: Self-employed: Total,42,39,3
S01013443,Economically active: Self-employed: Part-time (1),11,11,0
S01013443,Economically active: Self-employed: Full-time (1),31,28,3
S01013443,Economically active: Unemployed (1),14,13,1
S01013443,Economically inactive,170,162,8
S01013444,All people aged 16 and over,814,737,77
S01013444,Economically active: Total,510,456,54
S01013444,Economically active: Employee: Total,402,353,49
S01013444,Economically active: Employee: Part-time (1),103,92,11
S01013444,Economically active: Employee: Full-time (1),299,261,38
S01013444,Economically active: Self-employed: Total,69,65,4
S01013444,Economically active: Self-employed: Part-time (1),10,10,0
S01013444,Economically active: Self-employed: Full-time (1),59,55,4
S01013444,Economically active: Unemployed (1),39,38,1
S01013444,Economically inactive,304,281,23
S01013445,All people aged 16 and over,580,563,17
S01013445,Economically active: Total,298,286,12
S01013445,Economically active: Employee: Total,247,238,9
S01013445,Economically active: Employee: Part-time (1),72,70,2
S01013445,Economically active: Employee: Full-time (1),175,168,7
S01013445,Economically active: Self-employed: Total,44,41,3
S01013445,Economically active: Self-employed: Part-time (1),11,10,1
S01013445,Economically active: Self-employed: Full-time (1),33,31,2
S01013445,Economically active: Unemployed (1),7,7,0
S01013445,Economically inactive,282,277,5
S01013446,All people aged 16 and over,578,550,28
S01013446,Economically active: Total,363,346,17
S01013446,Economically active: Employee: Total,304,291,13
S01013446,Economically active: Employee: Part-time (1),90,84,6
S01013446,Economically active: Employee: Full-time (1),214,207,7
S01013446,Economically active: Self-employed: Total,28,26,2
S01013446,Economically active: Self-employed: Part-time (1),10,9,1
S01013446,Economically active: Self-employed: Full-time (1),18,17,1
S01013446,Economically active: Unemployed (1),31,29,2
S01013446,Economically inactive,215,204,11
S01013447,All people aged 16 and over,421,392,29
S01013447,Economically active: Total,351,327,24
S01013447,Economically active: Employee: Total,302,281,21
S01013447,Economically active: Employee: Part-time (1),91,81,10
S01013447,Economically active: Employee: Full-time (1),211,200,11
S01013447,Economically active: Self-employed: Total,38,35,3
S01013447,Economically active: Self-employed: Part-time (1),8,7,1
S01013447,Economically active: Self-employed: Full-time (1),30,28,2
S01013447,Economically active: Unemployed (1),11,11,0
S01013447,Economically inactive,70,65,5
S01013448,All people aged 16 and over,688,650,38
S01013448,Economically active: Total,389,364,25
S01013448,Economically active: Employee: Total,321,300,21
S01013448,Economically active: Employee: Part-time (1),75,68,7
S01013448,Economically active: Employee: Full-time (1),246,232,14
S01013448,Economically active: Self-employed: Total,50,46,4
S01013448,Economically active: Self-employed: Part-time (1),20,18,2
S01013448,Economically active: Self-employed: Full-time (1),30,28,2
S01013448,Economically active: Unemployed (1),18,18,0
S01013448,Economically inactive,299,286,13
S01013449,All people aged 16 and over,524,494,30
S01013449,Economically active: Total,380,357,23
S01013449,Economically active: Employee: Total,334,316,18
S01013449,Economically active: Employee: Part-time (1),107,103,4
S01013449,Economically active: Employee: Full-time (1),227,213,14
S01013449,Economically active: Self-employed: Total,39,34,5
S01013449,Economically active: Self-employed: Part-time (1),16,13,3
S01013449,Economically active: Self-employed: Full-time (1),23,21,2
S01013449,Economically active: Unemployed (1),7,7,0
S01013449,Economically inactive,144,137,7
S01013450,All people aged 16 and over,470,440,30
S01013450,Economically active: Total,356,330,26
S01013450,Economically active: Employee: Total,324,302,22
S01013450,Economically active: Employee: Part-time (1),88,84,4
S01013450,Economically active: Employee: Full-time (1),236,218,18
S01013450,Economically active: Self-employed: Total,23,20,3
S01013450,Economically active: Self-employed: Part-time (1),9,8,1
S01013450,Economically active: Self-employed: Full-time (1),14,12,2
S01013450,Economically active: Unemployed (1),9,8,1
S01013450,Economically inactive,114,110,4
S01013451,All people aged 16 and over,668,635,33
S01013451,Economically active: Total,522,496,26
S01013451,Economically active: Employee: Total,446,424,22
S01013451,Economically active: Employee: Part-time (1),145,139,6
S01013451,Economically active: Employee: Full-time (1),301,285,16
S01013451,Economically active: Self-employed: Total,53,51,2
S01013451,Economically active: Self-employed: Part-time (1),16,16,0
S01013451,Economically active: Self-employed: Full-time (1),37,35,2
S01013451,Economically active: Unemployed (1),23,21,2
S01013451,Economically inactive,146,139,7
S01013452,All people aged 16 and over,606,575,31
S01013452,Economically active: Total,436,412,24
S01013452,Economically active: Employee: Total,360,344,16
S01013452,Economically active: Employee: Part-time (1),92,87,5
S01013452,Economically active: Employee: Full-time (1),268,257,11
S01013452,Economically active: Self-employed: Total,59,54,5
S01013452,Economically active: Self-employed: Part-time (1),20,18,2
S01013452,Economically active: Self-employed: Full-time (1),39,36,3
S01013452,Economically active: Unemployed (1),17,14,3
S01013452,Economically inactive,170,163,7
S01013453,All people aged 16 and over,599,573,26
S01013453,Economically active: Total,368,348,20
S01013453,Economically active: Employee: Total,295,278,17
S01013453,Economically active: Employee: Part-time (1),80,73,7
S01013453,Economically active: Employee: Full-time (1),215,205,10
S01013453,Economically active: Self-employed: Total,24,22,2
S01013453,Economically active: Self-employed: Part-time (1),9,8,1
S01013453,Economically active: Self-employed: Full-time (1),15,14,1
S01013453,Economically active: Unemployed (1),49,48,1
S01013453,Economically inactive,231,225,6
S01013454,All people aged 16 and over,600,575,25
S01013454,Economically active: Total,425,402,23
S01013454,Economically active: Employee: Total,350,329,21
S01013454,Economically active: Employee: Part-time (1),75,70,5
S01013454,Economically active: Employee: Full-time (1),275,259,16
S01013454,Economically active: Self-employed: Total,60,58,2
S01013454,Economically active: Self-employed: Part-time (1),15,15,0
S01013454,Economically active: Self-employed: Full-time (1),45,43,2
S01013454,Economically active: Unemployed (1),15,15,0
S01013454,Economically inactive,175,173,2
S01013455,All people aged 16 and over,467,438,29
S01013455,Economically active: Total,308,285,23
S01013455,Economically active: Employee: Total,244,225,19
S01013455,Economically active: Employee: Part-time (1),47,41,6
S01013455,Economically active: Employee: Full-time (1),197,184,13
S01013455,Economically active: Self-employed: Total,44,41,3
S01013455,Economically active: Self-employed: Part-time (1),15,14,1
S01013455,Economically active: Self-employed: Full-time (1),29,27,2
S01013455,Economically active: Unemployed (1),20,19,1
S01013455,Economically inactive,159,153,6
S01013456,All people aged 16 and over,649,625,24
S01013456,Economically active: Total,406,388,18
S01013456,Economically active: Employee: Total,336,321,15
S01013456,Economically active: Employee: Part-time (1),72,70,2
S01013456,Economically active: Employee: Full-time (1),264,251,13
S01013456,Economically active: Self-employed: Total,29,28,1
S01013456,Economically active: Self-employed: Part-time (1),5,5,0
S01013456,Economically active: Self-employed: Full-time (1),24,23,1
S01013456,Economically active: Unemployed (1),41,39,2
S01013456,Economically inactive,243,237,6
S01013457,All people aged 16 and over,728,706,22
S01013457,Economically active: Total,448,427,21
S01013457,Economically active: Employee: Total,380,365,15
S01013457,Economically active: Employee: Part-time (1),107,103,4
S01013457,Economically active: Employee: Full-time (1),273,262,11
S01013457,Economically active: Self-employed: Total,25,22,3
S01013457,Economically active: Self-employed: Part-time (1),4,2,2
S01013457,Economically active: Self-employed: Full-time (1),21,20,1
S01013457,Economically active: Unemployed (1),43,40,3
S01013457,Economically inactive,280,279,1
S01013458,All people aged 16 and over,588,546,42
S01013458,Economically active: Total,418,386,32
S01013458,Economically active: Employee: Total,335,312,23
S01013458,Economically active: Employee: Part-time (1),74,70,4
S01013458,Economically active: Employee: Full-time (1),261,242,19
S01013458,Economically active: Self-employed: Total,45,39,6
S01013458,Economically active: Self-employed: Part-time (1),8,7,1
S01013458,Economically active: Self-employed: Full-time (1),37,32,5
S01013458,Economically active: Unemployed (1),38,35,3
S01013458,Economically inactive,170,160,10
S01013459,All people aged 16 and over,723,662,61
S01013459,Economically active: Total,422,381,41
S01013459,Economically active: Employee: Total,359,322,37
S01013459,Economically active: Employee: Part-time (1),87,84,3
S01013459,Economically active: Employee: Full-time (1),272,238,34
S01013459,Economically active: Self-employed: Total,35,32,3
S01013459,Economically active: Self-employed: Part-time (1),10,10,0
S01013459,Economically active: Self-employed: Full-time (1),25,22,3
S01013459,Economically active: Unemployed (1),28,27,1
S01013459,Economically inactive,301,281,20
S01013460,All people aged 16 and over,653,625,28
S01013460,Economically active: Total,413,391,22
S01013460,Economically active: Employee: Total,342,325,17
S01013460,Economically active: Employee: Part-time (1),93,89,4
S01013460,Economically active: Employee: Full-time (1),249,236,13
S01013460,Economically active: Self-employed: Total,33,31,2
S01013460,Economically active: Self-employed: Part-time (1),5,4,1
S01013460,Economically active: Self-employed: Full-time (1),28,27,1
S01013460,Economically active: Unemployed (1),38,35,3
S01013460,Economically inactive,240,234,6
S01013461,All people aged 16 and over,829,755,74
S01013461,Economically active: Total,620,559,61
S01013461,Economically active: Employee: Total,534,482,52
S01013461,Economically active: Employee: Part-time (1),138,126,12
S01013461,Economically active: Employee: Full-time (1),396,356,40
S01013461,Economically active: Self-employed: Total,41,35,6
S01013461,Economically active: Self-employed: Part-time (1),11,10,1
S01013461,Economically active: Self-employed: Full-time (1),30,25,5
S01013461,Economically active: Unemployed (1),45,42,3
S01013461,Economically inactive,209,196,13
S01013462,All people aged 16 and over,681,630,51
S01013462,Economically active: Total,539,494,45
S01013462,Economically active: Employee: Total,474,434,40
S01013462,Economically active: Employee: Part-time (1),95,88,7
S01013462,Economically active: Employee: Full-time (1),379,346,33
S01013462,Economically active: Self-employed: Total,42,38,4
S01013462,Economically active: Self-employed: Part-time (1),11,11,0
S01013462,Economically active: Self-employed: Full-time (1),31,27,4
S01013462,Economically active: Unemployed (1),23,22,1
S01013462,Economically inactive,142,136,6
S01013463,All people aged 16 and over,404,344,60
S01013463,Economically active: Total,308,256,52
S01013463,Economically active: Employee: Total,253,210,43
S01013463,Economically active: Employee: Part-time (1),70,67,3
S01013463,Economically active: Employee: Full-time (1),183,143,40
S01013463,Economically active: Self-employed: Total,20,15,5
S01013463,Economically active: Self-employed: Part-time (1),6,4,2
S01013463,Economically active: Self-employed: Full-time (1),14,11,3
S01013463,Economically active: Unemployed (1),35,31,4
S01013463,Economically inactive,96,88,8
S01013464,All people aged 16 and over,620,592,28
S01013464,Economically active: Total,374,353,21
S01013464,Economically active: Employee: Total,326,308,18
S01013464,Economically active: Employee: Part-time (1),74,73,1
S01013464,Economically active: Employee: Full-time (1),252,235,17
S01013464,Economically active: Self-employed: Total,37,35,2
S01013464,Economically active: Self-employed: Part-time (1),13,12,1
S01013464,Economically active: Self-employed: Full-time (1),24,23,1
S01013464,Economically active: Unemployed (1),11,10,1
S01013464,Economically inactive,246,239,7
S01013465,All people aged 16 and over,587,564,23
S01013465,Economically active: Total,335,324,11
S01013465,Economically active: Employee: Total,290,280,10
S01013465,Economically active: Employee: Part-time (1),70,70,0
S01013465,Economically active: Employee: Full-time (1),220,210,10
S01013465,Economically active: Self-employed: Total,28,28,0
S01013465,Economically active: Self-employed: Part-time (1),9,9,0
S01013465,Economically active: Self-employed: Full-time (1),19,19,0
S01013465,Economically active: Unemployed (1),17,16,1
S01013465,Economically inactive,252,240,12
S01013466,All people aged 16 and over,401,383,18
S01013466,Economically active: Total,203,193,10
S01013466,Economically active: Employee: Total,140,131,9
S01013466,Economically active: Employee: Part-time (1),44,42,2
S01013466,Economically active: Employee: Full-time (1),96,89,7
S01013466,Economically active: Self-employed: Total,35,35,0
S01013466,Economically active: Self-employed: Part-time (1),7,7,0
S01013466,Economically active: Self-employed: Full-time (1),28,28,0
S01013466,Economically active: Unemployed (1),28,27,1
S01013466,Economically inactive,198,190,8
S01013467,All people aged 16 and over,721,678,43
S01013467,Economically active: Total,519,478,41
S01013467,Economically active: Employee: Total,462,425,37
S01013467,Economically active: Employee: Part-time (1),102,93,9
S01013467,Economically active: Employee: Full-time (1),360,332,28
S01013467,Economically active: Self-employed: Total,44,42,2
S01013467,Economically active: Self-employed: Part-time (1),13,12,1
S01013467,Economically active: Self-employed: Full-time (1),31,30,1
S01013467,Economically active: Unemployed (1),13,11,2
S01013467,Economically inactive,202,200,2
S01013468,All people aged 16 and over,586,566,20
S01013468,Economically active: Total,334,320,14
S01013468,Economically active: Employee: Total,274,267,7
S01013468,Economically active: Employee: Part-time (1),76,76,0
S01013468,Economically active: Employee: Full-time (1),198,191,7
S01013468,Economically active: Self-employed: Total,35,32,3
S01013468,Economically active: Self-employed: Part-time (1),9,8,1
S01013468,Economically active: Self-employed: Full-time (1),26,24,2
S01013468,Economically active: Unemployed (1),25,21,4
S01013468,Economically inactive,252,246,6
S01013469,All people aged 16 and over,645,614,31
S01013469,Economically active: Total,400,378,22
S01013469,Economically active: Employee: Total,340,323,17
S01013469,Economically active: Employee: Part-time (1),104,102,2
S01013469,Economically active: Employee: Full-time (1),236,221,15
S01013469,Economically active: Self-employed: Total,47,43,4
S01013469,Economically active: Self-employed: Part-time (1),13,13,0
S01013469,Economically active: Self-employed: Full-time (1),34,30,4
S01013469,Economically active: Unemployed (1),13,12,1
S01013469,Economically inactive,245,236,9
S01013470,All people aged 16 and over,577,516,61
S01013470,Economically active: Total,381,326,55
S01013470,Economically active: Employee: Total,318,268,50
S01013470,Economically active: Employee: Part-time (1),78,74,4
S01013470,Economically active: Employee: Full-time (1),240,194,46
S01013470,Economically active: Self-employed: Total,26,24,2
S01013470,Economically active: Self-employed: Part-time (1),13,12,1
S01013470,Economically active: Self-employed: Full-time (1),13,12,1
S01013470,Economically active: Unemployed (1),37,34,3
S01013470,Economically inactive,196,190,6
S01013471,All people aged 16 and over,743,710,33
S01013471,Economically active: Total,502,477,25
S01013471,Economically active: Employee: Total,424,401,23
S01013471,Economically active: Employee: Part-time (1),122,116,6
S01013471,Economically active: Employee: Full-time (1),302,285,17
S01013471,Economically active: Self-employed: Total,33,33,0
S01013471,Economically active: Self-employed: Part-time (1),9,9,0
S01013471,Economically active: Self-employed: Full-time (1),24,24,0
S01013471,Economically active: Unemployed (1),45,43,2
S01013471,Economically inactive,241,233,8
S01013472,All people aged 16 and over,469,426,43
S01013472,Economically active: Total,374,340,34
S01013472,Economically active: Employee: Total,313,290,23
S01013472,Economically active: Employee: Part-time (1),80,74,6
S01013472,Economically active: Employee: Full-time (1),233,216,17
S01013472,Economically active: Self-employed: Total,43,35,8
S01013472,Economically active: Self-employed: Part-time (1),10,8,2
S01013472,Economically active: Self-employed: Full-time (1),33,27,6
S01013472,Economically active: Unemployed (1),18,15,3
S01013472,Economically inactive,95,86,9
S01013473,All people aged 16 and over,469,428,41
S01013473,Economically active: Total,395,359,36
S01013473,Economically active: Employee: Total,343,313,30
S01013473,Economically active: Employee: Part-time (1),91,84,7
S01013473,Economically active: Employee: Full-time (1),252,229,23
S01013473,Economically active: Self-employed: Total,38,32,6
S01013473,Economically active: Self-employed: Part-time (1),5,3,2
S01013473,Economically active: Self-employed: Full-time (1),33,29,4
S01013473,Economically active: Unemployed (1),14,14,0
S01013473,Economically inactive,74,69,5
S01013474,All people aged 16 and over,465,412,53
S01013474,Economically active: Total,362,326,36
S01013474,Economically active: Employee: Total,314,283,31
S01013474,Economically active: Employee: Part-time (1),73,69,4
S01013474,Economically active: Employee: Full-time (1),241,214,27
S01013474,Economically active: Self-employed: Total,35,33,2
S01013474,Economically active: Self-employed: Part-time (1),8,8,0
S01013474,Economically active: Self-employed: Full-time (1),27,25,2
S01013474,Economically active: Unemployed (1),13,10,3
S01013474,Economically inactive,103,86,17
S01013475,All people aged 16 and over,511,488,23
S01013475,Economically active: Total,348,331,17
S01013475,Economically active: Employee: Total,286,273,13
S01013475,Economically active: Employee: Part-time (1),90,88,2
S01013475,Economically active: Employee: Full-time (1),196,185,11
S01013475,Economically active: Self-employed: Total,37,34,3
S01013475,Economically active: Self-employed: Part-time (1),9,7,2
S01013475,Economically active: Self-employed: Full-time (1),28,27,1
S01013475,Economically active: Unemployed (1),25,24,1
S01013475,Economically inactive,163,157,6
S01013476,All people aged 16 and over,538,504,34
S01013476,Economically active: Total,341,310,31
S01013476,Economically active: Employee: Total,295,270,25
S01013476,Economically active: Employee: Part-time (1),78,77,1
S01013476,Economically active: Employee: Full-time (1),217,193,24
S01013476,Economically active: Self-employed: Total,24,23,1
S01013476,Economically active: Self-employed: Part-time (1),1,1,0
S01013476,Economically active: Self-employed: Full-time (1),23,22,1
S01013476,Economically active: Unemployed (1),22,17,5
S01013476,Economically inactive,197,194,3
S01013477,All people aged 16 and over,512,453,59
S01013477,Economically active: Total,316,271,45
S01013477,Economically active: Employee: Total,257,220,37
S01013477,Economically active: Employee: Part-time (1),55,50,5
S01013477,Economically active: Employee: Full-time (1),202,170,32
S01013477,Economically active: Self-employed: Total,31,28,3
S01013477,Economically active: Self-employed: Part-time (1),7,7,0
S01013477,Economically active: Self-employed: Full-time (1),24,21,3
S01013477,Economically active: Unemployed (1),28,23,5
S01013477,Economically inactive,196,182,14
S01013478,All people aged 16 and over,671,621,50
S01013478,Economically active: Total,502,459,43
S01013478,Economically active: Employee: Total,414,375,39
S01013478,Economically active: Employee: Part-time (1),112,107,5
S01013478,Economically active: Employee: Full-time (1),302,268,34
S01013478,Economically active: Self-employed: Total,47,45,2
S01013478,Economically active: Self-employed: Part-time (1),12,12,0
S01013478,Economically active: Self-employed: Full-time (1),35,33,2
S01013478,Economically active: Unemployed (1),41,39,2
S01013478,Economically inactive,169,162,7
S01013479,All people aged 16 and over,683,605,78
S01013479,Economically active: Total,407,342,65
S01013479,Economically active: Employee: Total,341,281,60
S01013479,Economically active: Employee: Part-time (1),67,60,7
S01013479,Economically active: Employee: Full-time (1),274,221,53
S01013479,Economically active: Self-employed: Total,27,22,5
S01013479,Economically active: Self-employed: Part-time (1),8,6,2
S01013479,Economically active: Self-employed: Full-time (1),19,16,3
S01013479,Economically active: Unemployed (1),39,39,0
S01013479,Economically inactive,276,263,13
S01013480,All people aged 16 and over,566,514,52
S01013480,Economically active: Total,322,280,42
S01013480,Economically active: Employee: Total,274,237,37
S01013480,Economically active: Employee: Part-time (1),65,62,3
S01013480,Economically active: Employee: Full-time (1),209,175,34
S01013480,Economically active: Self-employed: Total,21,19,2
S01013480,Economically active: Self-employed: Part-time (1),5,5,0
S01013480,Economically active: Self-employed: Full-time (1),16,14,2
S01013480,Economically active: Unemployed (1),27,24,3
S01013480,Economically inactive,244,234,10
S01013481,All people aged 16 and over,393,370,23
S01013481,Economically active: Total,242,223,19
S01013481,Economically active: Employee: Total,196,181,15
S01013481,Economically active: Employee: Part-time (1),37,35,2
S01013481,Economically active: Employee: Full-time (1),159,146,13
S01013481,Economically active: Self-employed: Total,30,27,3
S01013481,Economically active: Self-employed: Part-time (1),6,5,1
S01013481,Economically active: Self-employed: Full-time (1),24,22,2
S01013481,Economically active: Unemployed (1),16,15,1
S01013481,Economically inactive,151,147,4
