,LC6210SC0001,LC6210SC0002,LC6210SC0003,LC6210SC0004,LC6210SC0005,LC6210SC0006,LC6210SC0007,LC6210SC0008,LC6210SC0009,LC6210SC0010,LC6210SC0011,LC6210SC0012,LC6210SC0013,LC6210SC0014,LC6210SC0015,LC6210SC0016,LC6210SC0017,LC6210SC0018,LC6210SC0019,LC6210SC0020,LC6210SC0021,LC6210SC0022,LC6210SC0023,LC6210SC0024,LC6210SC0025,LC6210SC0026,LC6210SC0027,LC6210SC0028,LC6210SC0029,LC6210SC0030
S92000003,4379072,4044246,334826,2750136,2529567,220569,2222098,2048093,174005,628024,579609,48415,1594074,1468484,125590,305722,279015,26707,81708,73356,8352,224014,205659,18355,222316,202459,19857,1628936,1514679,114257
S01006506,749,675,74,527,465,62,427,384,43,97,84,13,330,300,30,82,68,14,24,19,5,58,49,9,18,13,5,222,210,12
S01006507,696,637,59,471,430,41,406,372,34,136,127,9,270,245,25,57,51,6,17,14,3,40,37,3,8,7,1,225,207,18
S01006508,552,501,51,435,390,45,377,340,37,67,56,11,310,284,26,48,43,5,11,9,2,37,34,3,10,7,3,117,111,6
S01006509,479,448,31,320,298,22,270,253,17,71,67,4,199,186,13,35,32,3,12,10,2,23,22,1,15,13,2,159,150,9
S01006510,549,520,29,305,283,22,258,242,16,71,68,3,187,174,13,33,29,4,13,10,3,20,19,1,14,12,2,244,237,7
S01006511,633,587,46,371,336,35,308,281,27,94,87,7,214,194,20,46,39,7,11,9,2,35,30,5,17,16,1,262,251,11
S01006512,360,313,47,256,228,28,198,177,21,60,54,6,138,123,15,54,47,7,15,13,2,39,34,5,4,4,0,104,85,19
S01006513,529,477,52,280,250,30,241,214,27,76,73,3,165,141,24,36,34,2,15,14,1,21,20,1,3,2,1,249,227,22
S01006514,809,644,165,490,380,110,395,302,93,115,94,21,280,208,72,85,71,14,18,16,2,67,55,12,10,7,3,319,264,55
S01006515,569,484,85,378,324,54,306,259,47,95,85,10,211,174,37,66,59,7,24,22,2,42,37,5,6,6,0,191,160,31
S01006516,452,346,106,280,206,74,187,149,38,41,35,6,146,114,32,90,54,36,20,13,7,70,41,29,3,3,0,172,140,32
S01006517,808,716,92,532,470,62,433,380,53,139,127,12,294,253,41,85,77,8,25,23,2,60,54,6,14,13,1,276,246,30
S01006518,514,447,67,317,270,47,249,216,33,78,68,10,171,148,23,58,45,13,15,11,4,43,34,9,10,9,1,197,177,20
S01006519,675,556,119,438,351,87,348,277,71,123,104,19,225,173,52,82,68,14,20,17,3,62,51,11,8,6,2,237,205,32
S01006520,505,379,126,351,274,77,294,220,74,92,70,22,202,150,52,50,47,3,16,15,1,34,32,2,7,7,0,154,105,49
S01006521,513,423,90,349,290,59,265,219,46,57,51,6,208,168,40,73,62,11,23,19,4,50,43,7,11,9,2,164,133,31
S01006522,438,385,53,304,266,38,250,216,34,75,64,11,175,152,23,45,42,3,16,14,2,29,28,1,9,8,1,134,119,15
S01006523,766,663,103,471,407,64,404,343,61,96,84,12,308,259,49,53,51,2,17,16,1,36,35,1,14,13,1,295,256,39
S01006524,772,621,151,400,283,117,292,216,76,76,62,14,216,154,62,90,56,34,22,16,6,68,40,28,18,11,7,372,338,34
S01006525,650,539,111,389,311,78,314,251,63,84,70,14,230,181,49,62,50,12,20,16,4,42,34,8,13,10,3,261,228,33
S01006526,784,680,104,488,400,88,416,343,73,138,111,27,278,232,46,26,20,6,6,3,3,20,17,3,46,37,9,296,280,16
S01006527,559,496,63,346,308,38,295,267,28,93,85,8,202,182,20,24,22,2,6,6,0,18,16,2,27,19,8,213,188,25
S01006528,876,675,201,535,413,122,470,368,102,184,144,40,286,224,62,20,16,4,8,6,2,12,10,2,45,29,16,341,262,79
S01006529,790,630,160,511,402,109,438,346,92,106,84,22,332,262,70,34,30,4,6,6,0,28,24,4,39,26,13,279,228,51
S01006530,671,596,75,433,381,52,366,329,37,115,106,9,251,223,28,31,26,5,11,9,2,20,17,3,36,26,10,238,215,23
S01006531,811,688,123,484,401,83,416,342,74,145,120,25,271,222,49,21,16,5,6,6,0,15,10,5,47,43,4,327,287,40
S01006532,644,579,65,374,325,49,316,275,41,82,76,6,234,199,35,42,38,4,7,7,0,35,31,4,16,12,4,270,254,16
S01006533,594,524,70,411,358,53,344,299,45,86,73,13,258,226,32,59,54,5,12,12,0,47,42,5,8,5,3,183,166,17
S01006534,729,639,90,504,440,64,434,378,56,86,78,8,348,300,48,62,55,7,19,18,1,43,37,6,8,7,1,225,199,26
S01006535,912,754,158,718,599,119,612,516,96,111,86,25,501,430,71,67,57,10,13,10,3,54,47,7,39,26,13,194,155,39
S01006536,920,735,185,760,598,162,678,536,142,121,100,21,557,436,121,55,47,8,6,5,1,49,42,7,27,15,12,160,137,23
S01006537,638,593,45,369,342,27,314,290,24,99,93,6,215,197,18,48,46,2,13,12,1,35,34,1,7,6,1,269,251,18
S01006538,480,448,32,304,280,24,252,238,14,69,65,4,183,173,10,42,33,9,12,12,0,30,21,9,10,9,1,176,168,8
S01006539,626,574,52,378,341,37,333,300,33,101,89,12,232,211,21,39,36,3,11,10,1,28,26,2,6,5,1,248,233,15
S01006540,825,717,108,555,471,84,494,420,74,114,95,19,380,325,55,46,42,4,13,11,2,33,31,2,15,9,6,270,246,24
S01006541,680,630,50,377,344,33,326,296,30,80,74,6,246,222,24,42,41,1,17,17,0,25,24,1,9,7,2,303,286,17
S01006542,874,751,123,481,402,79,420,348,72,94,85,9,326,263,63,53,47,6,16,16,0,37,31,6,8,7,1,393,349,44
S01006543,678,635,43,386,352,34,329,301,28,84,76,8,245,225,20,45,41,4,10,9,1,35,32,3,12,10,2,292,283,9
S01006544,930,741,189,663,523,140,543,425,118,97,85,12,446,340,106,102,87,15,16,13,3,86,74,12,18,11,7,267,218,49
S01006545,935,797,138,582,480,102,478,393,85,97,82,15,381,311,70,85,75,10,21,17,4,64,58,6,19,12,7,353,317,36
S01006546,526,501,25,325,306,19,277,261,16,75,70,5,202,191,11,41,38,3,10,9,1,31,29,2,7,7,0,201,195,6
S01006547,769,683,86,443,380,63,374,317,57,97,87,10,277,230,47,44,41,3,14,13,1,30,28,2,25,22,3,326,303,23
S01006548,618,582,36,349,323,26,300,278,22,92,87,5,208,191,17,42,38,4,9,9,0,33,29,4,7,7,0,269,259,10
S01006549,699,624,75,417,368,49,337,302,35,95,87,8,242,215,27,62,54,8,12,8,4,50,46,4,18,12,6,282,256,26
S01006550,821,757,64,445,408,37,382,350,32,112,103,9,270,247,23,52,48,4,16,15,1,36,33,3,11,10,1,376,349,27
S01006551,591,511,80,337,280,57,273,226,47,74,70,4,199,156,43,46,39,7,11,11,0,35,28,7,18,15,3,254,231,23
S01006552,753,668,85,540,474,66,458,402,56,114,105,9,344,297,47,66,60,6,8,7,1,58,53,5,16,12,4,213,194,19
S01006553,726,673,53,369,334,35,304,273,31,83,82,1,221,191,30,46,44,2,8,7,1,38,37,1,19,17,2,357,339,18
S01006554,615,550,65,403,347,56,344,291,53,66,57,9,278,234,44,33,32,1,8,7,1,25,25,0,26,24,2,212,203,9
S01006555,656,513,143,475,351,124,429,311,118,96,79,17,333,232,101,27,23,4,5,3,2,22,20,2,19,17,2,181,162,19
S01006556,707,643,64,413,360,53,351,303,48,88,76,12,263,227,36,37,33,4,11,10,1,26,23,3,25,24,1,294,283,11
S01006557,581,522,59,385,343,42,337,298,39,104,90,14,233,208,25,23,21,2,8,6,2,15,15,0,25,24,1,196,179,17
S01006558,563,474,89,414,336,78,377,308,69,55,44,11,322,264,58,34,27,7,8,6,2,26,21,5,3,1,2,149,138,11
S01006559,513,401,112,337,276,61,278,224,54,55,46,9,223,178,45,48,44,4,16,15,1,32,29,3,11,8,3,176,125,51
S01006560,847,736,111,534,444,90,442,373,69,110,97,13,332,276,56,76,59,17,17,11,6,59,48,11,16,12,4,313,292,21
S01006561,615,551,64,413,370,43,346,308,38,96,84,12,250,224,26,54,51,3,11,9,2,43,42,1,13,11,2,202,181,21
S01006562,608,549,59,367,326,41,305,270,35,96,89,7,209,181,28,50,45,5,15,14,1,35,31,4,12,11,1,241,223,18
S01006563,671,550,121,432,340,92,372,289,83,91,73,18,281,216,65,40,34,6,8,8,0,32,26,6,20,17,3,239,210,29
S01006564,891,689,202,623,472,151,547,423,124,126,86,40,421,337,84,39,26,13,5,3,2,34,23,11,37,23,14,268,217,51
S01006565,953,652,301,659,476,183,577,414,163,132,91,41,445,323,122,34,27,7,4,3,1,30,24,6,48,35,13,294,176,118
S01006566,684,529,155,505,390,115,452,344,108,75,61,14,377,283,94,33,31,2,12,12,0,21,19,2,20,15,5,179,139,40
S01006567,789,612,177,548,421,127,478,366,112,117,84,33,361,282,79,22,17,5,11,8,3,11,9,2,48,38,10,241,191,50
S01006568,876,634,242,739,544,195,665,492,173,108,64,44,557,428,129,41,32,9,15,14,1,26,18,8,33,20,13,137,90,47
S01006569,495,348,147,367,254,113,322,219,103,61,48,13,261,171,90,29,24,5,8,7,1,21,17,4,16,11,5,128,94,34
S01006570,657,518,139,464,358,106,389,293,96,69,50,19,320,243,77,56,52,4,15,13,2,41,39,2,19,13,6,193,160,33
S01006571,748,632,116,554,472,82,472,398,74,106,91,15,366,307,59,62,59,3,12,12,0,50,47,3,20,15,5,194,160,34
S01006572,718,600,118,470,389,81,379,306,73,106,88,18,273,218,55,80,73,7,24,21,3,56,52,4,11,10,1,248,211,37
S01006573,566,474,92,406,335,71,335,273,62,88,74,14,247,199,48,58,53,5,12,10,2,46,43,3,13,9,4,160,139,21
S01006574,809,658,151,537,433,104,435,342,93,81,73,8,354,269,85,80,72,8,24,21,3,56,51,5,22,19,3,272,225,47
S01006575,768,647,121,564,468,96,453,379,74,82,63,19,371,316,55,80,66,14,16,13,3,64,53,11,31,23,8,204,179,25
S01006576,577,455,122,451,350,101,377,293,84,84,67,17,293,226,67,58,44,14,11,9,2,47,35,12,16,13,3,126,105,21
S01006577,682,527,155,540,415,125,456,359,97,66,53,13,390,306,84,58,49,9,15,11,4,43,38,5,26,7,19,142,112,30
S01006578,1025,784,241,782,586,196,707,535,172,125,94,31,582,441,141,37,28,9,7,5,2,30,23,7,38,23,15,243,198,45
S01006579,914,637,277,741,523,218,672,476,196,120,70,50,552,406,146,39,30,9,4,3,1,35,27,8,30,17,13,173,114,59
S01006580,643,506,137,512,401,111,455,357,98,80,66,14,375,291,84,37,32,5,7,6,1,30,26,4,20,12,8,131,105,26
S01006581,745,663,82,493,439,54,401,355,46,98,92,6,303,263,40,78,70,8,14,13,1,64,57,7,14,14,0,252,224,28
S01006582,817,545,272,660,441,219,547,358,189,111,44,67,436,314,122,64,48,16,12,10,2,52,38,14,49,35,14,157,104,53
S01006583,678,498,180,548,401,147,486,354,132,111,74,37,375,280,95,22,16,6,5,4,1,17,12,5,40,31,9,130,97,33
S01006584,573,424,149,466,343,123,408,303,105,89,59,30,319,244,75,33,28,5,6,5,1,27,23,4,25,12,13,107,81,26
S01006585,734,564,170,515,382,133,431,318,113,116,82,34,315,236,79,42,34,8,9,7,2,33,27,6,42,30,12,219,182,37
S01006586,991,742,249,683,508,175,613,464,149,157,111,46,456,353,103,37,27,10,4,2,2,33,25,8,33,17,16,308,234,74
S01006587,504,322,182,406,263,143,347,221,126,72,38,34,275,183,92,24,17,7,4,2,2,20,15,5,35,25,10,98,59,39
S01006588,551,342,209,458,299,159,405,268,137,114,62,52,291,206,85,19,12,7,3,1,2,16,11,5,34,19,15,93,43,50
S01006589,630,415,215,484,312,172,405,261,144,134,68,66,271,193,78,33,23,10,5,3,2,28,20,8,46,28,18,146,103,43
S01006590,656,458,198,521,365,156,432,306,126,79,54,25,353,252,101,50,36,14,11,5,6,39,31,8,39,23,16,135,93,42
S01006591,654,474,180,555,401,154,489,347,142,104,73,31,385,274,111,42,34,8,6,6,0,36,28,8,24,20,4,99,73,26
S01006592,607,476,131,521,423,98,462,385,77,66,55,11,396,330,66,50,34,16,9,5,4,41,29,12,9,4,5,86,53,33
S01006593,707,542,165,572,436,136,508,387,121,82,68,14,426,319,107,42,37,5,7,6,1,35,31,4,22,12,10,135,106,29
S01006594,508,430,78,349,292,57,313,260,53,71,56,15,242,204,38,26,22,4,7,6,1,19,16,3,10,10,0,159,138,21
S01006595,852,676,176,710,567,143,629,505,124,88,72,16,541,433,108,58,46,12,9,5,4,49,41,8,23,16,7,142,109,33
S01006596,639,484,155,524,390,134,442,330,112,63,46,17,379,284,95,66,49,17,12,7,5,54,42,12,16,11,5,115,94,21
S01006597,498,395,103,420,328,92,382,294,88,61,37,24,321,257,64,26,24,2,7,7,0,19,17,2,12,10,2,78,67,11
S01006598,805,669,136,589,486,103,509,417,92,101,93,8,408,324,84,66,59,7,13,11,2,53,48,5,14,10,4,216,183,33
S01006599,751,628,123,477,393,84,415,348,67,92,78,14,323,270,53,37,30,7,7,6,1,30,24,6,25,15,10,274,235,39
S01006600,978,842,136,624,513,111,539,447,92,110,94,16,429,353,76,66,58,8,18,16,2,48,42,6,19,8,11,354,329,25
S01006601,899,757,142,681,563,118,591,494,97,116,98,18,475,396,79,53,44,9,13,9,4,40,35,5,37,25,12,218,194,24
S01006602,737,609,128,448,359,89,364,291,73,95,74,21,269,217,52,70,56,14,17,15,2,53,41,12,14,12,2,289,250,39
S01006603,704,644,60,428,380,48,371,326,45,102,92,10,269,234,35,23,21,2,9,9,0,14,12,2,34,33,1,276,264,12
S01006604,587,546,41,379,345,34,323,294,29,104,96,8,219,198,21,32,29,3,8,8,0,24,21,3,24,22,2,208,201,7
S01006605,658,604,54,399,359,40,341,306,35,84,80,4,257,226,31,23,20,3,5,4,1,18,16,2,35,33,2,259,245,14
S01006606,732,673,59,425,386,39,356,323,33,89,80,9,267,243,24,50,45,5,9,9,0,41,36,5,19,18,1,307,287,20
S01006607,769,728,41,518,483,35,456,424,32,125,119,6,331,305,26,40,38,2,10,9,1,30,29,1,22,21,1,251,245,6
S01006608,598,529,69,409,360,49,332,290,42,91,80,11,241,210,31,61,57,4,8,7,1,53,50,3,16,13,3,189,169,20
S01006609,886,838,48,556,523,33,489,462,27,124,117,7,365,345,20,46,42,4,15,12,3,31,30,1,21,19,2,330,315,15
S01006610,386,365,21,242,222,20,219,200,19,55,50,5,164,150,14,12,11,1,7,6,1,5,5,0,11,11,0,144,143,1
S01006611,772,712,60,476,426,50,406,363,43,111,98,13,295,265,30,32,26,6,9,7,2,23,19,4,38,37,1,296,286,10
S01006612,741,700,41,521,487,34,457,427,30,126,120,6,331,307,24,35,33,2,11,9,2,24,24,0,29,27,2,220,213,7
S01006613,493,469,24,412,390,22,366,347,19,75,72,3,291,275,16,36,34,2,9,9,0,27,25,2,10,9,1,81,79,2
S01006614,491,441,50,425,382,43,378,339,39,78,70,8,300,269,31,32,30,2,3,3,0,29,27,2,15,13,2,66,59,7
S01006615,563,498,65,464,407,57,407,357,50,108,94,14,299,263,36,46,43,3,3,3,0,43,40,3,11,7,4,99,91,8
S01006616,665,624,41,587,554,33,526,498,28,116,110,6,410,388,22,47,43,4,15,14,1,32,29,3,14,13,1,78,70,8
S01006617,574,549,25,418,396,22,361,341,20,94,88,6,267,253,14,39,38,1,4,3,1,35,35,0,18,17,1,156,153,3
S01006618,469,444,25,342,324,18,302,287,15,74,71,3,228,216,12,32,31,1,5,5,0,27,26,1,8,6,2,127,120,7
S01006619,744,705,39,549,516,33,470,441,29,120,116,4,350,325,25,64,60,4,21,18,3,43,42,1,15,15,0,195,189,6
S01006620,738,702,36,563,528,35,512,482,30,120,115,5,392,367,25,35,32,3,9,7,2,26,25,1,16,14,2,175,174,1
S01006621,428,407,21,327,310,17,291,276,15,75,72,3,216,204,12,24,23,1,4,4,0,20,19,1,12,11,1,101,97,4
S01006622,549,509,40,472,439,33,424,398,26,83,78,5,341,320,21,39,33,6,5,4,1,34,29,5,9,8,1,77,70,7
S01006623,670,594,76,441,380,61,391,339,52,75,60,15,316,279,37,28,22,6,3,3,0,25,19,6,22,19,3,229,214,15
S01006624,891,685,206,582,405,177,509,345,164,116,76,40,393,269,124,32,26,6,7,6,1,25,20,5,41,34,7,309,280,29
S01006625,547,454,93,392,309,83,337,261,76,93,76,17,244,185,59,32,29,3,6,5,1,26,24,2,23,19,4,155,145,10
S01006626,614,526,88,417,333,84,364,292,72,100,82,18,264,210,54,22,16,6,11,9,2,11,7,4,31,25,6,197,193,4
S01006627,773,527,246,615,396,219,532,337,195,93,43,50,439,294,145,32,22,10,11,6,5,21,16,5,51,37,14,158,131,27
S01006628,978,585,393,808,460,348,699,399,300,132,54,78,567,345,222,32,17,15,17,9,8,15,8,7,77,44,33,170,125,45
S01006629,650,521,129,409,300,109,342,250,92,97,66,31,245,184,61,19,16,3,7,6,1,12,10,2,48,34,14,241,221,20
S01006630,489,462,27,309,283,26,263,240,23,86,79,7,177,161,16,20,20,0,7,7,0,13,13,0,26,23,3,180,179,1
S01006631,805,705,100,533,445,88,468,390,78,115,101,14,353,289,64,27,26,1,8,8,0,19,18,1,38,29,9,272,260,12
S01006632,658,509,149,452,328,124,385,274,111,92,68,24,293,206,87,23,16,7,11,6,5,12,10,2,44,38,6,206,181,25
S01006633,529,455,74,339,286,53,298,250,48,94,80,14,204,170,34,11,9,2,1,1,0,10,8,2,30,27,3,190,169,21
S01006634,465,363,102,304,222,82,262,189,73,80,56,24,182,133,49,9,4,5,2,1,1,7,3,4,33,29,4,161,141,20
S01006635,522,432,90,360,283,77,304,231,73,85,64,21,219,167,52,25,23,2,10,9,1,15,14,1,31,29,2,162,149,13
S01006636,641,524,117,429,323,106,352,265,87,102,82,20,250,183,67,22,13,9,10,8,2,12,5,7,55,45,10,212,201,11
S01006637,699,536,163,457,331,126,387,277,110,88,53,35,299,224,75,40,33,7,9,8,1,31,25,6,30,21,9,242,205,37
S01006638,795,608,187,560,415,145,506,372,134,125,84,41,381,288,93,16,10,6,4,4,0,12,6,6,38,33,5,235,193,42
S01006639,900,693,207,578,417,161,498,365,133,149,107,42,349,258,91,30,19,11,9,4,5,21,15,6,50,33,17,322,276,46
S01006640,684,485,199,506,354,152,449,317,132,103,76,27,346,241,105,27,20,7,7,6,1,20,14,6,30,17,13,178,131,47
S01006641,980,735,245,723,550,173,636,488,148,155,103,52,481,385,96,39,29,10,6,5,1,33,24,9,48,33,15,257,185,72
S01006642,1332,935,397,773,599,174,613,495,118,273,221,52,340,274,66,25,18,7,6,4,2,19,14,5,135,86,49,559,336,223
S01006643,709,544,165,529,426,103,467,380,87,181,149,32,286,231,55,31,27,4,11,9,2,20,18,2,31,19,12,180,118,62
S01006644,915,705,210,642,507,135,564,448,116,166,125,41,398,323,75,33,25,8,7,7,0,26,18,8,45,34,11,273,198,75
S01006645,577,439,138,390,282,108,333,243,90,100,74,26,233,169,64,17,9,8,3,1,2,14,8,6,40,30,10,187,157,30
S01006646,979,646,333,568,391,177,424,309,115,170,126,44,254,183,71,9,8,1,2,1,1,7,7,0,135,74,61,411,255,156
S01006647,550,445,105,384,304,80,326,254,72,96,75,21,230,179,51,19,17,2,7,6,1,12,11,1,39,33,6,166,141,25
S01006648,1730,1152,578,1096,749,347,891,607,284,370,253,117,521,354,167,39,23,16,16,7,9,23,16,7,166,119,47,634,403,231
S01006649,892,673,219,673,503,170,591,439,152,152,109,43,439,330,109,33,24,9,6,4,2,27,20,7,49,40,9,219,170,49
S01006650,813,553,260,580,392,188,495,338,157,145,90,55,350,248,102,38,23,15,6,4,2,32,19,13,47,31,16,233,161,72
S01006651,612,435,177,383,280,103,326,238,88,85,53,32,241,185,56,13,10,3,7,6,1,6,4,2,44,32,12,229,155,74
S01006652,516,385,131,391,293,98,337,255,82,92,67,25,245,188,57,29,20,9,6,5,1,23,15,8,25,18,7,125,92,33
S01006653,513,373,140,375,276,99,335,248,87,68,46,22,267,202,65,22,17,5,4,4,0,18,13,5,18,11,7,138,97,41
S01006654,798,664,134,510,401,109,438,343,95,116,90,26,322,253,69,28,19,9,4,3,1,24,16,8,44,39,5,288,263,25
S01006655,650,512,138,396,304,92,348,269,79,70,58,12,278,211,67,30,22,8,3,2,1,27,20,7,18,13,5,254,208,46
S01006656,858,639,219,650,490,160,575,430,145,121,84,37,454,346,108,35,27,8,9,8,1,26,19,7,40,33,7,208,149,59
S01006657,482,355,127,350,261,89,309,233,76,94,64,30,215,169,46,18,12,6,6,3,3,12,9,3,23,16,7,132,94,38
S01006658,878,561,317,615,380,235,523,324,199,194,119,75,329,205,124,28,12,16,10,6,4,18,6,12,64,44,20,263,181,82
S01006659,594,472,122,357,288,69,308,250,58,112,82,30,196,168,28,25,20,5,14,11,3,11,9,2,24,18,6,237,184,53
S01006660,425,252,173,286,175,111,240,148,92,78,42,36,162,106,56,16,6,10,6,1,5,10,5,5,30,21,9,139,77,62
S01006661,590,431,159,363,259,104,318,231,87,109,84,25,209,147,62,16,10,6,6,3,3,10,7,3,29,18,11,227,172,55
S01006662,738,472,266,403,262,141,309,204,105,124,79,45,185,125,60,24,12,12,15,8,7,9,4,5,70,46,24,335,210,125
S01006663,522,373,149,315,238,77,264,205,59,104,79,25,160,126,34,22,15,7,4,4,0,18,11,7,29,18,11,207,135,72
S01006664,471,333,138,311,209,102,278,188,90,113,73,40,165,115,50,12,10,2,5,5,0,7,5,2,21,11,10,160,124,36
S01006665,681,480,201,407,293,114,346,252,94,155,115,40,191,137,54,22,16,6,7,5,2,15,11,4,39,25,14,274,187,87
S01006666,742,543,199,424,254,170,340,199,141,100,50,50,240,149,91,28,14,14,7,3,4,21,11,10,56,41,15,318,289,29
S01006667,653,474,179,405,269,136,321,206,115,86,47,39,235,159,76,21,14,7,6,5,1,15,9,6,63,49,14,248,205,43
S01006668,858,634,224,550,426,124,468,370,98,183,143,40,285,227,58,19,16,3,5,5,0,14,11,3,63,40,23,308,208,100
S01006669,1161,734,427,522,334,188,394,252,142,144,98,46,250,154,96,28,22,6,8,5,3,20,17,3,100,60,40,639,400,239
S01006670,901,711,190,549,443,106,450,376,74,208,172,36,242,204,38,20,18,2,9,8,1,11,10,1,79,49,30,352,268,84
S01006671,2355,1344,1011,988,666,322,580,417,163,415,298,117,165,119,46,26,21,5,13,11,2,13,10,3,382,228,154,1367,678,689
S01006672,685,514,171,422,300,122,358,254,104,138,84,54,220,170,50,19,13,6,8,6,2,11,7,4,45,33,12,263,214,49
S01006673,760,502,258,499,332,167,392,272,120,141,92,49,251,180,71,43,21,22,11,5,6,32,16,16,64,39,25,261,170,91
S01006674,779,588,191,453,301,152,368,248,120,111,62,49,257,186,71,33,18,15,14,9,5,19,9,10,52,35,17,326,287,39
S01006675,530,274,256,387,165,222,317,130,187,110,38,72,207,92,115,16,6,10,6,2,4,10,4,6,54,29,25,143,109,34
S01006676,606,430,176,386,243,143,322,194,128,109,64,45,213,130,83,21,12,9,4,3,1,17,9,8,43,37,6,220,187,33
S01006677,621,466,155,417,297,120,339,237,102,114,73,41,225,164,61,26,17,9,13,8,5,13,9,4,52,43,9,204,169,35
S01006678,935,660,275,627,413,214,523,332,191,150,78,72,373,254,119,25,12,13,5,3,2,20,9,11,79,69,10,308,247,61
S01006679,581,518,63,398,346,52,361,317,44,90,78,12,271,239,32,21,17,4,6,4,2,15,13,2,16,12,4,183,172,11
S01006680,668,395,273,471,246,225,391,193,198,114,52,62,277,141,136,26,15,11,5,3,2,21,12,9,54,38,16,197,149,48
S01006681,765,696,69,497,442,55,444,398,46,101,87,14,343,311,32,24,19,5,5,4,1,19,15,4,29,25,4,268,254,14
S01006682,662,414,248,459,251,208,374,189,185,111,54,57,263,135,128,28,19,9,11,10,1,17,9,8,57,43,14,203,163,40
S01006683,697,466,231,509,329,180,431,271,160,141,87,54,290,184,106,24,14,10,5,2,3,19,12,7,54,44,10,188,137,51
S01006684,605,432,173,429,283,146,366,239,127,95,53,42,271,186,85,17,11,6,2,1,1,15,10,5,46,33,13,176,149,27
S01006685,638,536,102,457,374,83,388,315,73,92,72,20,296,243,53,21,15,6,9,4,5,12,11,1,48,44,4,181,162,19
S01006686,521,447,74,348,286,62,305,248,57,81,69,12,224,179,45,22,20,2,8,6,2,14,14,0,21,18,3,173,161,12
S01006687,719,625,94,475,400,75,422,360,62,119,103,16,303,257,46,18,14,4,5,3,2,13,11,2,35,26,9,244,225,19
S01006688,851,802,49,430,395,35,366,338,28,90,85,5,276,253,23,46,42,4,8,7,1,38,35,3,18,15,3,421,407,14
S01006689,546,438,108,405,324,81,341,273,68,76,65,11,265,208,57,47,40,7,8,8,0,39,32,7,17,11,6,141,114,27
S01006690,533,436,97,348,279,69,305,245,60,88,76,12,217,169,48,18,16,2,3,3,0,15,13,2,25,18,7,185,157,28
S01006691,497,389,108,350,273,77,311,241,70,84,61,23,227,180,47,26,23,3,7,6,1,19,17,2,13,9,4,147,116,31
S01006692,669,590,79,396,348,48,350,308,42,77,68,9,273,240,33,32,28,4,10,8,2,22,20,2,14,12,2,273,242,31
S01006693,834,646,188,609,460,149,531,403,128,128,94,34,403,309,94,35,31,4,15,14,1,20,17,3,43,26,17,225,186,39
S01006694,735,688,47,354,313,41,304,266,38,84,73,11,220,193,27,26,24,2,8,7,1,18,17,1,24,23,1,381,375,6
S01006695,608,540,68,376,323,53,335,290,45,88,80,8,247,210,37,29,26,3,7,7,0,22,19,3,12,7,5,232,217,15
S01006696,695,576,119,437,341,96,377,295,82,124,104,20,253,191,62,20,14,6,7,5,2,13,9,4,40,32,8,258,235,23
S01006697,772,646,126,499,398,101,441,353,88,138,111,27,303,242,61,36,29,7,9,7,2,27,22,5,22,16,6,273,248,25
S01006698,608,511,97,339,262,77,313,245,68,81,66,15,232,179,53,8,6,2,3,2,1,5,4,1,18,11,7,269,249,20
S01006699,410,341,69,288,231,57,252,201,51,73,54,19,179,147,32,17,17,0,0,0,0,17,17,0,19,13,6,122,110,12
S01006700,754,630,124,450,347,103,386,296,90,90,73,17,296,223,73,34,26,8,10,8,2,24,18,6,30,25,5,304,283,21
S01006701,554,520,34,376,346,30,319,292,27,101,96,5,218,196,22,15,15,0,7,7,0,8,8,0,42,39,3,178,174,4
S01006702,635,604,31,433,404,29,370,346,24,110,104,6,260,242,18,34,33,1,12,11,1,22,22,0,29,25,4,202,200,2
S01006703,522,461,61,356,308,48,303,263,40,80,69,11,223,194,29,19,18,1,2,2,0,17,16,1,34,27,7,166,153,13
S01006704,481,448,33,297,273,24,261,240,21,68,63,5,193,177,16,11,9,2,4,4,0,7,5,2,25,24,1,184,175,9
S01006705,627,589,38,373,347,26,328,308,20,95,91,4,233,217,16,27,25,2,7,6,1,20,19,1,18,14,4,254,242,12
S01006706,495,452,43,343,303,40,296,259,37,78,72,6,218,187,31,27,25,2,6,6,0,21,19,2,20,19,1,152,149,3
S01006707,543,485,58,363,314,49,310,264,46,86,74,12,224,190,34,23,21,2,4,4,0,19,17,2,30,29,1,180,171,9
S01006708,668,594,74,405,347,58,359,304,55,93,82,11,266,222,44,27,26,1,7,7,0,20,19,1,19,17,2,263,247,16
S01006709,678,628,50,443,401,42,379,341,38,123,111,12,256,230,26,33,30,3,8,6,2,25,24,1,31,30,1,235,227,8
S01006710,753,722,31,464,439,25,418,396,22,113,105,8,305,291,14,31,28,3,3,3,0,28,25,3,15,15,0,289,283,6
S01006711,807,778,29,508,482,26,424,405,19,113,107,6,311,298,13,53,49,4,16,14,2,37,35,2,31,28,3,299,296,3
S01006712,454,434,20,266,249,17,240,226,14,59,56,3,181,170,11,13,10,3,3,2,1,10,8,2,13,13,0,188,185,3
S01006713,788,736,52,488,448,40,437,401,36,106,96,10,331,305,26,30,27,3,10,10,0,20,17,3,21,20,1,300,288,12
S01006714,589,559,30,367,342,25,328,306,22,91,86,5,237,220,17,16,15,1,4,3,1,12,12,0,23,21,2,222,217,5
S01006715,439,397,42,295,262,33,252,222,30,87,75,12,165,147,18,15,12,3,3,3,0,12,9,3,28,28,0,144,135,9
S01006716,496,457,39,344,308,36,289,260,29,96,88,8,193,172,21,30,24,6,11,9,2,19,15,4,25,24,1,152,149,3
S01006717,819,770,49,516,477,39,453,416,37,133,119,14,320,297,23,27,26,1,7,6,1,20,20,0,36,35,1,303,293,10
S01006718,519,460,59,345,297,48,284,249,35,85,71,14,199,178,21,27,20,7,5,3,2,22,17,5,34,28,6,174,163,11
S01006719,724,685,39,491,457,34,419,389,30,111,107,4,308,282,26,40,37,3,18,16,2,22,21,1,32,31,1,233,228,5
S01006720,477,431,46,339,300,39,291,259,32,79,69,10,212,190,22,20,17,3,3,3,0,17,14,3,28,24,4,138,131,7
S01006721,735,685,50,489,442,47,424,385,39,104,95,9,320,290,30,27,21,6,7,5,2,20,16,4,38,36,2,246,243,3
S01006722,619,555,64,406,352,54,353,307,46,94,85,9,259,222,37,19,17,2,6,6,0,13,11,2,34,28,6,213,203,10
S01006723,553,517,36,354,325,29,303,281,22,70,66,4,233,215,18,26,23,3,7,6,1,19,17,2,25,21,4,199,192,7
S01006724,687,601,86,470,402,68,375,322,53,139,122,17,236,200,36,28,17,11,7,3,4,21,14,7,67,63,4,217,199,18
S01006725,532,491,41,352,318,34,315,286,29,91,85,6,224,201,23,19,14,5,7,5,2,12,9,3,18,18,0,180,173,7
S01006726,985,680,305,717,467,250,584,360,224,193,122,71,391,238,153,33,17,16,11,5,6,22,12,10,100,90,10,268,213,55
S01006727,784,603,181,483,327,156,392,263,129,138,88,50,254,175,79,23,13,10,6,4,2,17,9,8,68,51,17,301,276,25
S01006728,588,509,79,399,334,65,351,299,52,101,93,8,250,206,44,16,12,4,3,2,1,13,10,3,32,23,9,189,175,14
S01006729,639,538,101,410,321,89,347,270,77,103,91,12,244,179,65,14,12,2,5,4,1,9,8,1,49,39,10,229,217,12
S01006730,579,517,62,417,363,54,374,328,46,105,84,21,269,244,25,16,16,0,2,2,0,14,14,0,27,19,8,162,154,8
S01006731,482,457,25,313,293,20,273,254,19,70,65,5,203,189,14,18,17,1,1,1,0,17,16,1,22,22,0,169,164,5
S01006732,858,756,102,573,501,72,463,403,60,145,133,12,318,270,48,84,74,10,14,11,3,70,63,7,26,24,2,285,255,30
S01006733,646,558,88,482,417,65,402,347,55,109,100,9,293,247,46,63,55,8,11,10,1,52,45,7,17,15,2,164,141,23
S01006734,756,643,113,545,462,83,449,381,68,103,97,6,346,284,62,79,65,14,21,18,3,58,47,11,17,16,1,211,181,30
S01006735,501,440,61,297,251,46,260,221,39,67,57,10,193,164,29,29,23,6,11,7,4,18,16,2,8,7,1,204,189,15
S01006736,772,667,105,675,585,90,578,503,75,144,125,19,434,378,56,76,66,10,22,19,3,54,47,7,21,16,5,97,82,15
S01006737,544,472,72,352,308,44,293,258,35,75,68,7,218,190,28,45,38,7,14,12,2,31,26,5,14,12,2,192,164,28
S01006738,714,639,75,608,537,71,542,475,67,74,64,10,468,411,57,41,41,0,11,11,0,30,30,0,25,21,4,106,102,4
S01006739,529,464,65,427,370,57,375,325,50,67,58,9,308,267,41,35,29,6,9,8,1,26,21,5,17,16,1,102,94,8
S01006740,637,605,32,420,393,27,373,350,23,89,82,7,284,268,16,22,20,2,5,5,0,17,15,2,25,23,2,217,212,5
S01006741,596,570,26,325,305,20,294,275,19,96,89,7,198,186,12,26,26,0,7,7,0,19,19,0,5,4,1,271,265,6
S01006742,388,366,22,218,197,21,191,172,19,56,48,8,135,124,11,18,16,2,3,3,0,15,13,2,9,9,0,170,169,1
S01006743,481,459,22,326,308,18,297,280,17,55,54,1,242,226,16,25,24,1,4,4,0,21,20,1,4,4,0,155,151,4
S01006744,524,489,35,401,373,28,350,330,20,85,79,6,265,251,14,34,27,7,6,6,0,28,21,7,17,16,1,123,116,7
S01006745,707,660,47,429,399,30,374,350,24,93,88,5,281,262,19,35,32,3,10,9,1,25,23,2,20,17,3,278,261,17
S01006746,712,684,28,455,430,25,401,382,19,112,110,2,289,272,17,29,25,4,11,7,4,18,18,0,25,23,2,257,254,3
S01006747,728,691,37,425,398,27,380,357,23,115,113,2,265,244,21,30,29,1,8,7,1,22,22,0,15,12,3,303,293,10
S01006748,772,707,65,500,443,57,431,379,52,105,97,8,326,282,44,52,48,4,10,8,2,42,40,2,17,16,1,272,264,8
S01006749,773,704,69,536,482,54,483,437,46,106,102,4,377,335,42,31,26,5,9,6,3,22,20,2,22,19,3,237,222,15
S01006750,627,596,31,374,356,18,329,312,17,87,80,7,242,232,10,26,25,1,5,5,0,21,20,1,19,19,0,253,240,13
S01006751,436,413,23,258,239,19,234,218,16,73,68,5,161,150,11,19,17,2,8,8,0,11,9,2,5,4,1,178,174,4
S01006752,596,555,41,366,334,32,338,310,28,93,83,10,245,227,18,13,12,1,5,4,1,8,8,0,15,12,3,230,221,9
S01006753,779,742,37,507,475,32,447,419,28,118,112,6,329,307,22,52,49,3,11,9,2,41,40,1,8,7,1,272,267,5
S01006754,808,773,35,511,483,28,462,434,28,120,116,4,342,318,24,34,34,0,6,6,0,28,28,0,15,15,0,297,290,7
S01006755,574,519,55,451,408,43,377,339,38,94,89,5,283,250,33,66,62,4,16,15,1,50,47,3,8,7,1,123,111,12
S01006756,616,526,90,444,385,59,390,342,48,46,41,5,344,301,43,41,34,7,8,6,2,33,28,5,13,9,4,172,141,31
S01006757,749,708,41,521,488,33,468,437,31,117,112,5,351,325,26,34,33,1,6,5,1,28,28,0,19,18,1,228,220,8
S01006758,599,576,23,470,453,17,427,413,14,105,100,5,322,313,9,33,31,2,6,6,0,27,25,2,10,9,1,129,123,6
S01006759,492,464,28,363,342,21,322,305,17,93,86,7,229,219,10,30,27,3,7,7,0,23,20,3,11,10,1,129,122,7
S01006760,421,394,27,340,317,23,306,286,20,64,62,2,242,224,18,22,20,2,7,7,0,15,13,2,12,11,1,81,77,4
S01006761,629,606,23,458,439,19,397,383,14,112,111,1,285,272,13,44,41,3,8,7,1,36,34,2,17,15,2,171,167,4
S01006762,718,672,46,397,363,34,340,311,29,91,86,5,249,225,24,45,41,4,12,10,2,33,31,2,12,11,1,321,309,12
S01006763,667,588,79,590,531,59,529,477,52,140,130,10,389,347,42,41,37,4,7,6,1,34,31,3,20,17,3,77,57,20
S01006764,665,605,60,560,515,45,521,482,39,128,121,7,393,361,32,23,21,2,4,3,1,19,18,1,16,12,4,105,90,15
S01006765,500,472,28,414,391,23,381,360,21,78,75,3,303,285,18,23,23,0,6,6,0,17,17,0,10,8,2,86,81,5
S01006766,505,475,30,397,377,20,353,337,16,97,92,5,256,245,11,34,30,4,9,8,1,25,22,3,10,10,0,108,98,10
S01006767,591,556,35,438,407,31,393,367,26,117,108,9,276,259,17,32,28,4,10,9,1,22,19,3,13,12,1,153,149,4
S01006768,507,475,32,388,362,26,342,324,18,111,106,5,231,218,13,41,34,7,8,7,1,33,27,6,5,4,1,119,113,6
S01006769,793,753,40,580,553,27,522,499,23,147,143,4,375,356,19,47,43,4,10,9,1,37,34,3,11,11,0,213,200,13
S01006770,567,545,22,406,389,17,367,353,14,112,111,1,255,242,13,33,32,1,11,11,0,22,21,1,6,4,2,161,156,5
S01006771,378,331,47,297,261,36,260,232,28,76,69,7,184,163,21,29,22,7,9,6,3,20,16,4,8,7,1,81,70,11
S01006772,728,675,53,561,523,38,489,461,28,115,111,4,374,350,24,57,50,7,16,13,3,41,37,4,15,12,3,167,152,15
S01006773,604,555,49,408,369,39,356,324,32,111,102,9,245,222,23,43,39,4,10,9,1,33,30,3,9,6,3,196,186,10
S01006774,540,491,49,432,394,38,382,354,28,124,120,4,258,234,24,38,30,8,14,11,3,24,19,5,12,10,2,108,97,11
S01006775,549,506,43,392,350,42,348,312,36,83,75,8,265,237,28,29,25,4,5,4,1,24,21,3,15,13,2,157,156,1
S01006776,447,410,37,264,233,31,231,206,25,59,53,6,172,153,19,21,17,4,9,7,2,12,10,2,12,10,2,183,177,6
S01006777,553,533,20,391,374,17,354,340,14,114,110,4,240,230,10,35,32,3,13,10,3,22,22,0,2,2,0,162,159,3
S01006778,566,548,18,385,369,16,350,334,16,99,95,4,251,239,12,20,20,0,2,2,0,18,18,0,15,15,0,181,179,2
S01006779,527,490,37,335,308,27,296,273,23,98,89,9,198,184,14,19,18,1,3,3,0,16,15,1,20,17,3,192,182,10
S01006780,498,470,28,335,313,22,274,254,20,74,71,3,200,183,17,42,41,1,14,14,0,28,27,1,19,18,1,163,157,6
S01006781,607,567,40,379,352,27,320,297,23,116,109,7,204,188,16,44,40,4,13,12,1,31,28,3,15,15,0,228,215,13
S01006782,624,557,67,463,416,47,406,368,38,88,79,9,318,289,29,47,41,6,8,8,0,39,33,6,10,7,3,161,141,20
S01006783,585,544,41,340,305,35,296,268,28,98,91,7,198,177,21,26,21,5,7,6,1,19,15,4,18,16,2,245,239,6
S01006784,548,484,64,399,344,55,338,291,47,74,58,16,264,233,31,38,32,6,6,4,2,32,28,4,23,21,2,149,140,9
S01006785,495,455,40,390,356,34,354,324,30,106,96,10,248,228,20,27,25,2,8,6,2,19,19,0,9,7,2,105,99,6
S01006786,672,603,69,497,448,49,428,390,38,120,108,12,308,282,26,54,44,10,18,13,5,36,31,5,15,14,1,175,155,20
S01006787,569,530,39,376,348,28,312,289,23,72,69,3,240,220,20,49,44,5,17,14,3,32,30,2,15,15,0,193,182,11
S01006788,662,598,64,491,448,43,424,391,33,100,93,7,324,298,26,54,47,7,15,14,1,39,33,6,13,10,3,171,150,21
S01006789,552,500,52,325,282,43,259,222,37,71,66,5,188,156,32,56,52,4,8,8,0,48,44,4,10,8,2,227,218,9
S01006790,766,726,40,426,400,26,341,318,23,110,104,6,231,214,17,68,66,2,24,23,1,44,43,1,17,16,1,340,326,14
S01006791,446,427,19,293,279,14,189,179,10,63,58,5,126,121,5,89,85,4,20,19,1,69,66,3,15,15,0,153,148,5
S01006792,416,387,29,279,258,21,202,185,17,61,55,6,141,130,11,68,64,4,19,17,2,49,47,2,9,9,0,137,129,8
S01006793,478,417,61,322,270,52,247,199,48,54,45,9,193,154,39,71,67,4,7,7,0,64,60,4,4,4,0,156,147,9
S01006794,499,467,32,287,268,19,233,215,18,64,62,2,169,153,16,43,42,1,9,8,1,34,34,0,11,11,0,212,199,13
S01006795,587,529,58,349,308,41,273,242,31,95,85,10,178,157,21,67,57,10,26,23,3,41,34,7,9,9,0,238,221,17
S01006796,436,394,42,291,264,27,232,207,25,66,57,9,166,150,16,51,49,2,16,14,2,35,35,0,8,8,0,145,130,15
S01006797,500,460,40,360,327,33,258,234,24,63,57,6,195,177,18,92,84,8,31,27,4,61,57,4,10,9,1,140,133,7
S01006798,493,459,34,369,343,26,265,246,19,82,79,3,183,167,16,97,90,7,21,19,2,76,71,5,7,7,0,124,116,8
S01006799,745,710,35,466,446,20,389,372,17,118,111,7,271,261,10,62,59,3,23,22,1,39,37,2,15,15,0,279,264,15
S01006800,687,633,54,450,409,41,358,327,31,115,105,10,243,222,21,80,73,7,23,22,1,57,51,6,12,9,3,237,224,13
S01006801,796,756,40,495,462,33,384,355,29,97,90,7,287,265,22,96,92,4,27,26,1,69,66,3,15,15,0,301,294,7
S01006802,556,515,41,376,342,34,280,261,19,82,80,2,198,181,17,75,67,8,19,16,3,56,51,5,21,14,7,180,173,7
S01006803,571,550,21,360,347,13,308,296,12,71,67,4,237,229,8,37,36,1,15,15,0,22,21,1,15,15,0,211,203,8
S01006804,578,550,28,422,397,25,367,342,25,77,73,4,290,269,21,42,42,0,13,13,0,29,29,0,13,13,0,156,153,3
S01006805,894,798,96,644,560,84,521,446,75,147,141,6,374,305,69,100,94,6,24,22,2,76,72,4,23,20,3,250,238,12
S01006806,849,811,38,603,579,24,464,445,19,97,91,6,367,354,13,123,118,5,25,23,2,98,95,3,16,16,0,246,232,14
S01006807,484,441,43,369,340,29,276,258,18,65,58,7,211,200,11,70,64,6,18,17,1,52,47,5,23,18,5,115,101,14
S01006808,507,476,31,339,312,27,260,237,23,80,68,12,180,169,11,70,66,4,10,9,1,60,57,3,9,9,0,168,164,4
S01006809,656,623,33,397,371,26,318,297,21,91,87,4,227,210,17,57,54,3,19,17,2,38,37,1,22,20,2,259,252,7
S01006810,704,667,37,468,436,32,341,319,22,89,85,4,252,234,18,101,92,9,32,30,2,69,62,7,26,25,1,236,231,5
S01006811,841,790,51,608,566,42,485,452,33,123,116,7,362,336,26,102,96,6,29,28,1,73,68,5,21,18,3,233,224,9
S01006812,601,562,39,452,421,31,367,346,21,82,78,4,285,268,17,74,64,10,16,12,4,58,52,6,11,11,0,149,141,8
S01006813,626,595,31,436,413,23,353,333,20,91,87,4,262,246,16,67,64,3,16,15,1,51,49,2,16,16,0,190,182,8
S01006814,624,594,30,425,403,22,375,356,19,103,96,7,272,260,12,44,41,3,11,11,0,33,30,3,6,6,0,199,191,8
S01006815,485,464,21,308,290,18,272,256,16,76,71,5,196,185,11,19,17,2,5,4,1,14,13,1,17,17,0,177,174,3
S01006816,586,566,20,380,367,13,325,315,10,90,83,7,235,232,3,48,46,2,7,7,0,41,39,2,7,6,1,206,199,7
S01006817,517,473,44,377,343,34,307,278,29,78,74,4,229,204,25,58,54,4,11,10,1,47,44,3,12,11,1,140,130,10
S01006818,580,560,20,429,414,15,343,330,13,80,75,5,263,255,8,74,74,0,10,10,0,64,64,0,12,10,2,151,146,5
S01006819,655,614,41,509,478,31,378,352,26,118,108,10,260,244,16,123,118,5,33,30,3,90,88,2,8,8,0,146,136,10
S01006820,383,356,27,269,245,24,234,213,21,53,48,5,181,165,16,25,22,3,5,4,1,20,18,2,10,10,0,114,111,3
S01006821,484,438,46,375,345,30,282,260,22,82,78,4,200,182,18,80,73,7,18,17,1,62,56,6,13,12,1,109,93,16
S01006822,609,574,35,469,447,22,339,319,20,111,105,6,228,214,14,115,113,2,22,21,1,93,92,1,15,15,0,140,127,13
S01006823,613,576,37,382,358,24,319,299,20,90,85,5,229,214,15,51,48,3,6,6,0,45,42,3,12,11,1,231,218,13
S01006824,652,622,30,444,424,20,388,369,19,108,103,5,280,266,14,29,28,1,9,9,0,20,19,1,27,27,0,208,198,10
S01006825,678,644,34,493,467,26,441,418,23,120,115,5,321,303,18,35,32,3,12,10,2,23,22,1,17,17,0,185,177,8
S01006826,785,759,26,503,482,21,429,411,18,140,135,5,289,276,13,65,63,2,18,17,1,47,46,1,9,8,1,282,277,5
S01006827,735,699,36,482,458,24,425,403,22,113,103,10,312,300,12,35,33,2,9,9,0,26,24,2,22,22,0,253,241,12
S01006828,799,744,55,534,495,39,449,416,33,98,94,4,351,322,29,59,55,4,15,15,0,44,40,4,26,24,2,265,249,16
S01006829,291,268,23,244,225,19,213,198,15,56,53,3,157,145,12,25,22,3,5,3,2,20,19,1,6,5,1,47,43,4
S01006830,627,608,19,416,402,14,352,341,11,116,111,5,236,230,6,51,49,2,9,9,0,42,40,2,13,12,1,211,206,5
S01006831,452,433,19,278,266,12,244,236,8,64,62,2,180,174,6,23,22,1,9,9,0,14,13,1,11,8,3,174,167,7
S01006832,862,824,38,548,517,31,462,435,27,137,131,6,325,304,21,67,64,3,19,16,3,48,48,0,19,18,1,314,307,7
S01006833,373,335,38,225,198,27,179,157,22,57,53,4,122,104,18,41,36,5,17,17,0,24,19,5,5,5,0,148,137,11
S01006834,375,341,34,315,286,29,277,250,27,86,75,11,191,175,16,28,26,2,2,1,1,26,25,1,10,10,0,60,55,5
S01006835,745,687,58,422,374,48,345,310,35,83,74,9,262,236,26,62,53,9,10,9,1,52,44,8,15,11,4,323,313,10
S01006836,372,355,17,308,296,12,257,247,10,69,67,2,188,180,8,38,37,1,14,14,0,24,23,1,13,12,1,64,59,5
S01006837,466,433,33,317,291,26,268,246,22,87,81,6,181,165,16,46,44,2,15,15,0,31,29,2,3,1,2,149,142,7
S01006838,510,486,24,376,358,18,331,316,15,94,93,1,237,223,14,39,36,3,5,5,0,34,31,3,6,6,0,134,128,6
S01006839,864,826,38,613,586,27,534,510,24,152,147,5,382,363,19,57,55,2,20,18,2,37,37,0,22,21,1,251,240,11
S01006840,793,768,25,575,554,21,502,482,20,168,164,4,334,318,16,57,56,1,12,11,1,45,45,0,16,16,0,218,214,4
S01006841,729,682,47,580,542,38,498,470,28,142,135,7,356,335,21,59,51,8,21,18,3,38,33,5,23,21,2,149,140,9
S01006842,680,650,30,508,489,19,453,435,18,135,132,3,318,303,15,45,44,1,8,7,1,37,37,0,10,10,0,172,161,11
S01006843,669,640,29,527,500,27,463,437,26,119,112,7,344,325,19,51,50,1,12,11,1,39,39,0,13,13,0,142,140,2
S01006844,587,556,31,467,441,26,416,390,26,96,92,4,320,298,22,42,42,0,5,5,0,37,37,0,9,9,0,120,115,5
S01006845,778,745,33,622,592,30,564,538,26,174,168,6,390,370,20,43,41,2,8,8,0,35,33,2,15,13,2,156,153,3
S01006846,474,448,26,357,334,23,319,297,22,86,83,3,233,214,19,28,27,1,8,8,0,20,19,1,10,10,0,117,114,3
S01006847,583,557,26,421,403,18,380,363,17,106,104,2,274,259,15,33,33,0,7,7,0,26,26,0,8,7,1,162,154,8
S01006848,787,678,109,513,437,76,394,333,61,99,84,15,295,249,46,97,85,12,28,25,3,69,60,9,22,19,3,274,241,33
S01006849,700,651,49,610,569,41,543,505,38,117,110,7,426,395,31,41,40,1,6,5,1,35,35,0,26,24,2,90,82,8
S01006850,767,716,51,628,585,43,561,525,36,149,140,9,412,385,27,41,36,5,10,10,0,31,26,5,26,24,2,139,131,8
S01006851,651,621,30,447,426,21,388,371,17,118,111,7,270,260,10,37,34,3,12,11,1,25,23,2,22,21,1,204,195,9
S01006852,492,468,24,355,337,18,284,270,14,79,74,5,205,196,9,55,51,4,15,14,1,40,37,3,16,16,0,137,131,6
S01006853,666,575,91,487,417,70,363,306,57,96,82,14,267,224,43,114,103,11,29,23,6,85,80,5,10,8,2,179,158,21
S01006854,707,665,42,456,429,27,371,348,23,108,104,4,263,244,19,65,62,3,16,16,0,49,46,3,20,19,1,251,236,15
S01006855,622,576,46,443,412,31,328,305,23,94,90,4,234,215,19,108,101,7,20,16,4,88,85,3,7,6,1,179,164,15
S01006856,518,486,32,387,363,24,301,280,21,79,72,7,222,208,14,75,72,3,15,13,2,60,59,1,11,11,0,131,123,8
S01006857,809,743,66,601,552,49,430,394,36,115,106,9,315,288,27,157,147,10,47,43,4,110,104,6,14,11,3,208,191,17
S01006858,518,466,52,362,331,31,251,226,25,68,62,6,183,164,19,104,99,5,21,20,1,83,79,4,7,6,1,156,135,21
S01006859,861,788,73,587,530,57,497,450,47,147,138,9,350,312,38,74,69,5,20,20,0,54,49,5,16,11,5,274,258,16
S01006860,465,435,30,306,280,26,267,243,24,79,76,3,188,167,21,28,26,2,9,9,0,19,17,2,11,11,0,159,155,4
S01006861,413,365,48,331,292,39,278,245,33,71,67,4,207,178,29,42,37,5,13,11,2,29,26,3,11,10,1,82,73,9
S01006862,575,529,46,378,345,33,313,285,28,106,96,10,207,189,18,53,50,3,16,15,1,37,35,2,12,10,2,197,184,13
S01006863,560,529,31,360,338,22,306,284,22,62,56,6,244,228,16,42,42,0,10,10,0,32,32,0,12,12,0,200,191,9
S01006864,311,287,24,241,221,20,210,192,18,50,49,1,160,143,17,20,18,2,3,3,0,17,15,2,11,11,0,70,66,4
S01006865,802,700,102,516,436,80,422,353,69,99,83,16,323,270,53,84,76,8,23,20,3,61,56,5,10,7,3,286,264,22
S01006866,455,422,33,259,232,27,222,198,24,88,83,5,134,115,19,33,30,3,16,16,0,17,14,3,4,4,0,196,190,6
S01006867,614,564,50,352,320,32,265,239,26,91,83,8,174,156,18,69,65,4,29,28,1,40,37,3,18,16,2,262,244,18
S01006868,709,680,29,455,432,23,395,374,21,118,106,12,277,268,9,52,51,1,13,12,1,39,39,0,8,7,1,254,248,6
S01006869,405,372,33,282,256,26,212,192,20,70,63,7,142,129,13,52,46,6,15,12,3,37,34,3,18,18,0,123,116,7
S01006870,397,370,27,258,237,21,194,176,18,79,72,7,115,104,11,51,48,3,16,14,2,35,34,1,13,13,0,139,133,6
S01006871,571,542,29,354,333,21,302,282,20,98,93,5,204,189,15,39,38,1,8,8,0,31,30,1,13,13,0,217,209,8
S01006872,537,508,29,381,359,22,288,269,19,86,79,7,202,190,12,88,86,2,29,29,0,59,57,2,5,4,1,156,149,7
S01006873,833,771,62,417,389,28,303,279,24,100,93,7,203,186,17,103,99,4,34,33,1,69,66,3,11,11,0,416,382,34
S01006874,490,450,40,343,314,29,264,237,27,76,69,7,188,168,20,73,71,2,18,17,1,55,54,1,6,6,0,147,136,11
S01006875,569,531,38,351,322,29,253,236,17,76,71,5,177,165,12,70,63,7,17,15,2,53,48,5,28,23,5,218,209,9
S01006876,795,765,30,562,536,26,424,408,16,128,125,3,296,283,13,123,115,8,24,21,3,99,94,5,15,13,2,233,229,4
S01006877,780,733,47,561,528,33,402,381,21,104,99,5,298,282,16,141,132,9,29,27,2,112,105,7,18,15,3,219,205,14
S01006878,587,557,30,402,380,22,253,236,17,70,65,5,183,171,12,133,128,5,26,24,2,107,104,3,16,16,0,185,177,8
S01006879,659,622,37,444,413,31,303,281,22,86,81,5,217,200,17,127,119,8,30,26,4,97,93,4,14,13,1,215,209,6
S01006880,470,443,27,361,340,21,298,285,13,85,81,4,213,204,9,57,50,7,17,13,4,40,37,3,6,5,1,109,103,6
S01006881,461,437,24,334,317,17,252,241,11,73,67,6,179,174,5,76,70,6,18,16,2,58,54,4,6,6,0,127,120,7
S01006882,336,331,5,189,187,2,164,162,2,48,47,1,116,115,1,16,16,0,4,4,0,12,12,0,9,9,0,147,144,3
S01006883,381,370,11,251,242,9,210,201,9,61,59,2,149,142,7,31,31,0,3,3,0,28,28,0,10,10,0,130,128,2
S01006884,727,702,25,471,449,22,406,388,18,125,118,7,281,270,11,55,51,4,13,13,0,42,38,4,10,10,0,256,253,3
S01006885,448,434,14,275,266,9,211,204,7,64,61,3,147,143,4,63,61,2,19,18,1,44,43,1,1,1,0,173,168,5
S01006886,617,581,36,430,400,30,322,300,22,92,89,3,230,211,19,89,82,7,26,23,3,63,59,4,19,18,1,187,181,6
S01006887,434,411,23,328,312,16,259,247,12,78,73,5,181,174,7,57,54,3,15,14,1,42,40,2,12,11,1,106,99,7
S01006888,624,603,21,456,439,17,336,324,12,97,91,6,239,233,6,104,100,4,24,24,0,80,76,4,16,15,1,168,164,4
S01006889,659,620,39,443,417,26,383,360,23,111,106,5,272,254,18,31,29,2,13,11,2,18,18,0,29,28,1,216,203,13
S01006890,521,491,30,380,356,24,319,296,23,93,89,4,226,207,19,42,41,1,9,8,1,33,33,0,19,19,0,141,135,6
S01006891,797,755,42,532,504,28,469,444,25,134,127,7,335,317,18,51,48,3,17,16,1,34,32,2,12,12,0,265,251,14
S01006892,493,476,17,341,328,13,304,293,11,76,73,3,228,220,8,25,24,1,8,8,0,17,16,1,12,11,1,152,148,4
S01006893,417,412,5,286,282,4,245,241,4,81,79,2,164,162,2,28,28,0,4,4,0,24,24,0,13,13,0,131,130,1
S01006894,820,789,31,492,465,27,438,414,24,122,113,9,316,301,15,40,38,2,11,10,1,29,28,1,14,13,1,328,324,4
S01006895,450,422,28,326,302,24,290,269,21,61,57,4,229,212,17,23,22,1,3,3,0,20,19,1,13,11,2,124,120,4
S01006896,681,625,56,460,414,46,417,374,43,113,102,11,304,272,32,31,29,2,10,10,0,21,19,2,12,11,1,221,211,10
S01006897,604,578,26,444,424,20,394,376,18,105,100,5,289,276,13,36,35,1,10,10,0,26,25,1,14,13,1,160,154,6
S01006898,613,583,30,443,419,24,396,376,20,106,102,4,290,274,16,34,32,2,12,12,0,22,20,2,13,11,2,170,164,6
S01006899,490,468,22,397,379,18,358,342,16,97,93,4,261,249,12,30,28,2,14,13,1,16,15,1,9,9,0,93,89,4
S01006900,504,478,26,379,358,21,353,333,20,91,87,4,262,246,16,20,20,0,3,3,0,17,17,0,6,5,1,125,120,5
S01006901,517,494,23,364,342,22,331,311,20,87,81,6,244,230,14,17,16,1,3,3,0,14,13,1,16,15,1,153,152,1
S01006902,540,508,32,388,359,29,348,324,24,105,101,4,243,223,20,27,22,5,7,4,3,20,18,2,13,13,0,152,149,3
S01006903,672,643,29,448,425,23,393,373,20,109,102,7,284,271,13,36,35,1,11,11,0,25,24,1,19,17,2,224,218,6
S01006904,604,554,50,379,340,39,330,300,30,92,91,1,238,209,29,34,28,6,7,5,2,27,23,4,15,12,3,225,214,11
S01006905,763,731,32,451,427,24,386,366,20,98,96,2,288,270,18,55,52,3,15,14,1,40,38,2,10,9,1,312,304,8
S01006906,732,714,18,412,399,13,355,342,13,106,101,5,249,241,8,35,35,0,11,11,0,24,24,0,22,22,0,320,315,5
S01006907,534,453,81,386,311,75,334,263,71,68,59,9,266,204,62,41,37,4,10,9,1,31,28,3,11,11,0,148,142,6
S01006908,713,649,64,471,417,54,417,366,51,100,98,2,317,268,49,32,30,2,4,3,1,28,27,1,22,21,1,242,232,10
S01006909,578,528,50,452,416,36,389,359,30,98,88,10,291,271,20,54,49,5,15,14,1,39,35,4,9,8,1,126,112,14
S01006910,701,644,57,541,496,45,430,389,41,110,98,12,320,291,29,99,95,4,27,25,2,72,70,2,12,12,0,160,148,12
S01006911,451,417,34,397,366,31,353,325,28,80,74,6,273,251,22,35,34,1,10,10,0,25,24,1,9,7,2,54,51,3
S01006912,378,352,26,285,265,20,214,195,19,51,44,7,163,151,12,59,59,0,9,9,0,50,50,0,12,11,1,93,87,6
S01006913,385,353,32,328,299,29,277,252,25,73,66,7,204,186,18,45,43,2,9,8,1,36,35,1,6,4,2,57,54,3
S01006914,590,527,63,466,412,54,370,320,50,120,106,14,250,214,36,88,84,4,23,21,2,65,63,2,8,8,0,124,115,9
S01006915,640,615,25,484,463,21,395,379,16,107,104,3,288,275,13,81,79,2,20,20,0,61,59,2,8,5,3,156,152,4
S01006916,397,365,32,307,283,24,272,251,21,74,71,3,198,180,18,25,23,2,5,4,1,20,19,1,10,9,1,90,82,8
S01006917,643,610,33,564,539,25,487,467,20,133,131,2,354,336,18,65,62,3,17,17,0,48,45,3,12,10,2,79,71,8
S01006918,376,351,25,269,250,19,231,216,15,66,64,2,165,152,13,30,29,1,10,10,0,20,19,1,8,5,3,107,101,6
S01006919,418,391,27,265,250,15,229,215,14,67,62,5,162,153,9,32,31,1,10,10,0,22,21,1,4,4,0,153,141,12
S01006920,409,387,22,272,252,20,240,221,19,57,54,3,183,167,16,26,25,1,6,6,0,20,19,1,6,6,0,137,135,2
S01006921,560,519,41,474,439,35,431,400,31,129,126,3,302,274,28,37,33,4,12,10,2,25,23,2,6,6,0,86,80,6
S01006922,407,390,17,278,265,13,225,216,9,69,68,1,156,148,8,46,44,2,9,9,0,37,35,2,7,5,2,129,125,4
S01006923,667,634,33,414,391,23,326,306,20,97,92,5,229,214,15,74,72,2,22,21,1,52,51,1,14,13,1,253,243,10
S01006924,439,410,29,348,323,25,257,239,18,59,53,6,198,186,12,83,77,6,25,23,2,58,54,4,8,7,1,91,87,4
S01006925,410,389,21,283,265,18,253,240,13,75,71,4,178,169,9,24,19,5,3,2,1,21,17,4,6,6,0,127,124,3
S01006926,538,490,48,444,403,41,387,351,36,110,99,11,277,252,25,40,38,2,6,6,0,34,32,2,17,14,3,94,87,7
S01006927,707,621,86,633,564,69,563,505,58,95,83,12,468,422,46,51,43,8,14,13,1,37,30,7,19,16,3,74,57,17
S01006928,825,752,73,637,577,60,553,497,56,147,145,2,406,352,54,71,69,2,18,17,1,53,52,1,13,11,2,188,175,13
S01006929,647,583,64,480,437,43,410,373,37,122,116,6,288,257,31,58,52,6,18,16,2,40,36,4,12,12,0,167,146,21
S01006930,762,727,35,546,522,24,462,445,17,134,131,3,328,314,14,67,62,5,15,13,2,52,49,3,17,15,2,216,205,11
S01006931,318,297,21,229,213,16,177,164,13,48,42,6,129,122,7,46,43,3,12,10,2,34,33,1,6,6,0,89,84,5
S01006932,433,403,30,354,330,24,297,276,21,89,81,8,208,195,13,42,39,3,13,12,1,29,27,2,15,15,0,79,73,6
S01006933,481,455,26,394,374,20,360,342,18,108,104,4,252,238,14,28,27,1,13,13,0,15,14,1,6,5,1,87,81,6
S01006934,527,491,36,324,303,21,252,236,16,56,51,5,196,185,11,64,60,4,10,10,0,54,50,4,8,7,1,203,188,15
S01006935,598,568,30,402,381,21,352,335,17,99,97,2,253,238,15,42,39,3,13,12,1,29,27,2,8,7,1,196,187,9
S01006936,521,499,22,358,342,16,311,296,15,91,88,3,220,208,12,32,31,1,8,7,1,24,24,0,15,15,0,163,157,6
S01006937,613,552,61,459,410,49,400,359,41,101,92,9,299,267,32,42,37,5,8,7,1,34,30,4,17,14,3,154,142,12
S01006938,456,410,46,311,283,28,276,249,27,84,78,6,192,171,21,26,26,0,9,9,0,17,17,0,9,8,1,145,127,18
S01006939,512,482,30,372,348,24,335,315,20,97,90,7,238,225,13,30,27,3,10,10,0,20,17,3,7,6,1,140,134,6
S01006940,787,716,71,568,510,58,494,442,52,144,132,12,350,310,40,61,57,4,13,12,1,48,45,3,13,11,2,219,206,13
S01006941,490,448,42,348,311,37,305,272,33,81,76,5,224,196,28,32,28,4,9,8,1,23,20,3,11,11,0,142,137,5
S01006942,842,779,63,618,566,52,531,486,45,171,157,14,360,329,31,77,71,6,14,13,1,63,58,5,10,9,1,224,213,11
S01006943,442,398,44,374,338,36,326,294,32,80,76,4,246,218,28,34,33,1,7,7,0,27,26,1,14,11,3,68,60,8
S01006944,621,539,82,546,484,62,488,432,56,108,101,7,380,331,49,49,44,5,8,7,1,41,37,4,9,8,1,75,55,20
S01006945,427,402,25,307,288,19,261,244,17,56,54,2,205,190,15,38,38,0,15,15,0,23,23,0,8,6,2,120,114,6
S01006946,650,610,40,505,473,32,437,408,29,92,88,4,345,320,25,56,55,1,14,14,0,42,41,1,12,10,2,145,137,8
S01006947,621,580,41,544,505,39,491,455,36,131,121,10,360,334,26,39,36,3,10,9,1,29,27,2,14,14,0,77,75,2
S01006948,732,698,34,490,469,21,403,387,16,95,93,2,308,294,14,79,75,4,22,19,3,57,56,1,8,7,1,242,229,13
S01006949,505,480,25,386,367,19,310,293,17,92,88,4,218,205,13,68,66,2,18,17,1,50,49,1,8,8,0,119,113,6
S01006950,382,357,25,336,313,23,307,287,20,67,64,3,240,223,17,24,21,3,2,1,1,22,20,2,5,5,0,46,44,2
S01006951,384,362,22,303,285,18,272,256,16,67,64,3,205,192,13,20,19,1,7,7,0,13,12,1,11,10,1,81,77,4
S01006952,712,680,32,489,464,25,397,375,22,114,109,5,283,266,17,78,75,3,19,17,2,59,58,1,14,14,0,223,216,7
S01006953,629,591,38,495,464,31,418,391,27,122,118,4,296,273,23,65,63,2,13,13,0,52,50,2,12,10,2,134,127,7
S01006954,665,632,33,506,480,26,431,414,17,127,125,2,304,289,15,63,58,5,19,17,2,44,41,3,12,8,4,159,152,7
S01006955,484,463,21,360,343,17,324,310,14,72,72,0,252,238,14,27,25,2,3,3,0,24,22,2,9,8,1,124,120,4
S01006956,815,726,89,675,603,72,596,535,61,156,142,14,440,393,47,58,49,9,12,9,3,46,40,6,21,19,2,140,123,17
S01006957,847,791,56,649,604,45,515,477,38,143,135,8,372,342,30,112,105,7,22,20,2,90,85,5,22,22,0,198,187,11
S01006958,790,759,31,458,438,20,395,377,18,108,103,5,287,274,13,52,51,1,11,10,1,41,41,0,11,10,1,332,321,11
S01006959,625,602,23,339,326,13,289,279,10,84,82,2,205,197,8,33,30,3,9,8,1,24,22,2,17,17,0,286,276,10
S01006960,677,644,33,571,547,24,492,472,20,141,137,4,351,335,16,64,61,3,18,17,1,46,44,2,15,14,1,106,97,9
S01006961,673,631,42,575,541,34,511,480,31,120,113,7,391,367,24,53,51,2,9,9,0,44,42,2,11,10,1,98,90,8
S01006962,778,742,36,502,474,28,450,426,24,104,99,5,346,327,19,35,32,3,11,10,1,24,22,2,17,16,1,276,268,8
S01006963,572,560,12,402,391,11,347,338,9,99,98,1,248,240,8,32,32,0,5,5,0,27,27,0,23,21,2,170,169,1
S01006964,638,598,40,499,462,37,448,417,31,99,94,5,349,323,26,37,34,3,4,4,0,33,30,3,14,11,3,139,136,3
S01006965,434,414,20,271,254,17,235,221,14,68,64,4,167,157,10,27,25,2,6,6,0,21,19,2,9,8,1,163,160,3
S01006966,489,473,16,347,335,12,302,292,10,104,100,4,198,192,6,22,22,0,7,7,0,15,15,0,23,21,2,142,138,4
S01006967,507,493,14,395,383,12,352,340,12,109,108,1,243,232,11,34,34,0,8,8,0,26,26,0,9,9,0,112,110,2
S01006968,434,424,10,312,305,7,283,278,5,93,90,3,190,188,2,25,24,1,4,4,0,21,20,1,4,3,1,122,119,3
S01006969,826,784,42,532,504,28,464,441,23,105,101,4,359,340,19,44,41,3,12,11,1,32,30,2,24,22,2,294,280,14
S01006970,568,536,32,422,399,23,387,369,18,105,97,8,282,272,10,28,23,5,7,4,3,21,19,2,7,7,0,146,137,9
S01006971,453,442,11,269,261,8,236,231,5,76,72,4,160,159,1,20,18,2,4,4,0,16,14,2,13,12,1,184,181,3
S01006972,422,414,8,322,316,6,245,242,3,76,76,0,169,166,3,65,63,2,18,17,1,47,46,1,12,11,1,100,98,2
S01006973,461,445,16,318,304,14,271,260,11,75,72,3,196,188,8,37,35,2,8,8,0,29,27,2,10,9,1,143,141,2
S01006974,814,750,64,621,569,52,514,474,40,135,120,15,379,354,25,84,74,10,32,28,4,52,46,6,23,21,2,193,181,12
S01006975,777,738,39,607,574,33,475,446,29,139,132,7,336,314,22,115,112,3,22,21,1,93,91,2,17,16,1,170,164,6
S01006976,375,356,19,285,271,14,216,206,10,60,57,3,156,149,7,63,59,4,13,13,0,50,46,4,6,6,0,90,85,5
S01006977,652,629,23,504,485,19,381,367,14,105,99,6,276,268,8,108,106,2,22,21,1,86,85,1,15,12,3,148,144,4
S01006978,718,691,27,492,474,18,399,384,15,90,85,5,309,299,10,77,76,1,11,11,0,66,65,1,16,14,2,226,217,9
S01006979,699,677,22,465,453,12,361,352,9,97,94,3,264,258,6,84,82,2,26,24,2,58,58,0,20,19,1,234,224,10
S01006980,687,643,44,503,466,37,409,382,27,103,97,6,306,285,21,76,68,8,16,15,1,60,53,7,18,16,2,184,177,7
S01006981,649,619,30,501,478,23,412,392,20,111,104,7,301,288,13,76,74,2,12,12,0,64,62,2,13,12,1,148,141,7
S01006982,683,646,37,527,500,27,449,428,21,122,114,8,327,314,13,61,56,5,12,12,0,49,44,5,17,16,1,156,146,10
S01006983,581,556,25,442,421,21,362,347,15,91,86,5,271,261,10,65,61,4,19,19,0,46,42,4,15,13,2,139,135,4
S01006984,566,520,46,436,400,36,338,309,29,83,78,5,255,231,24,89,85,4,21,20,1,68,65,3,9,6,3,130,120,10
S01006985,839,811,28,574,552,22,477,461,16,142,134,8,335,327,8,79,73,6,24,21,3,55,52,3,18,18,0,265,259,6
S01006986,514,482,32,379,355,24,332,312,20,86,79,7,246,233,13,32,29,3,3,3,0,29,26,3,15,14,1,135,127,8
S01006987,546,513,33,355,335,20,309,294,15,78,76,2,231,218,13,29,28,1,7,7,0,22,21,1,17,13,4,191,178,13
S01006988,455,428,27,362,341,21,284,268,16,76,73,3,208,195,13,63,58,5,15,12,3,48,46,2,15,15,0,93,87,6
S01006989,794,755,39,605,583,22,478,461,17,129,124,5,349,337,12,113,109,4,31,30,1,82,79,3,14,13,1,189,172,17
S01006990,657,594,63,540,491,49,439,397,42,93,85,8,346,312,34,83,80,3,14,14,0,69,66,3,18,14,4,117,103,14
S01006991,371,355,16,212,198,14,174,164,10,49,48,1,125,116,9,32,30,2,6,5,1,26,25,1,6,4,2,159,157,2
S01006992,501,473,28,368,346,22,276,257,19,66,64,2,210,193,17,83,80,3,17,17,0,66,63,3,9,9,0,133,127,6
S01006993,433,411,22,319,303,16,240,226,14,61,56,5,179,170,9,75,73,2,16,15,1,59,58,1,4,4,0,114,108,6
S01006994,495,475,20,361,344,17,293,280,13,84,83,1,209,197,12,58,56,2,8,8,0,50,48,2,10,8,2,134,131,3
S01006995,673,642,31,526,499,27,392,372,20,96,89,7,296,283,13,121,114,7,31,30,1,90,84,6,13,13,0,147,143,4
S01006996,604,582,22,442,425,17,364,350,14,103,99,4,261,251,10,64,62,2,19,17,2,45,45,0,14,13,1,162,157,5
S01006997,603,557,46,477,433,44,377,343,34,113,107,6,264,236,28,89,79,10,25,23,2,64,56,8,11,11,0,126,124,2
S01006998,899,847,52,670,629,41,528,491,37,139,130,9,389,361,28,126,124,2,28,28,0,98,96,2,16,14,2,229,218,11
S01006999,724,694,30,522,501,21,370,354,16,114,107,7,256,247,9,143,138,5,25,25,0,118,113,5,9,9,0,202,193,9
S01007000,766,735,31,526,502,24,443,422,21,125,122,3,318,300,18,62,59,3,14,12,2,48,47,1,21,21,0,240,233,7
S01007001,775,746,29,485,462,23,394,378,16,103,102,1,291,276,15,72,66,6,16,15,1,56,51,5,19,18,1,290,284,6
S01007002,450,428,22,315,301,14,248,234,14,74,72,2,174,162,12,55,55,0,7,7,0,48,48,0,12,12,0,135,127,8
S01007003,425,413,12,317,307,10,217,207,10,72,67,5,145,140,5,91,91,0,19,19,0,72,72,0,9,9,0,108,106,2
S01007004,588,555,33,419,395,24,320,300,20,83,81,2,237,219,18,96,92,4,18,17,1,78,75,3,3,3,0,169,160,9
S01007005,729,704,25,537,518,19,404,387,17,113,106,7,291,281,10,114,113,1,22,22,0,92,91,1,19,18,1,192,186,6
S01007006,735,689,46,483,450,33,363,343,20,103,91,12,260,252,8,93,84,9,27,24,3,66,60,6,27,23,4,252,239,13
S01007007,672,633,39,478,447,31,312,289,23,83,77,6,229,212,17,142,136,6,41,37,4,101,99,2,24,22,2,194,186,8
S01007008,870,836,34,529,502,27,455,431,24,135,127,8,320,304,16,56,54,2,11,10,1,45,44,1,18,17,1,341,334,7
S01007009,874,833,41,547,514,33,456,430,26,130,126,4,326,304,22,63,57,6,16,13,3,47,44,3,28,27,1,327,319,8
S01007010,720,690,30,381,364,17,306,292,14,82,78,4,224,214,10,51,48,3,9,8,1,42,40,2,24,24,0,339,326,13
S01007011,730,693,37,447,420,27,363,340,23,102,95,7,261,245,16,45,42,3,12,11,1,33,31,2,39,38,1,283,273,10
S01007012,571,553,18,341,330,11,292,286,6,105,101,4,187,185,2,14,13,1,5,4,1,9,9,0,35,31,4,230,223,7
S01007013,458,434,24,327,308,19,222,207,15,67,63,4,155,144,11,98,94,4,22,22,0,76,72,4,7,7,0,131,126,5
S01007014,806,757,49,604,566,38,466,436,30,131,122,9,335,314,21,118,110,8,26,23,3,92,87,5,20,20,0,202,191,11
S01007015,505,475,30,369,346,23,255,239,16,73,70,3,182,169,13,106,100,6,22,21,1,84,79,5,8,7,1,136,129,7
S01007016,478,446,32,368,341,27,275,254,21,71,69,2,204,185,19,79,74,5,15,13,2,64,61,3,14,13,1,110,105,5
S01007017,829,783,46,525,487,38,449,416,33,119,114,5,330,302,28,49,46,3,14,11,3,35,35,0,27,25,2,304,296,8
S01007018,793,752,41,503,470,33,431,402,29,127,118,9,304,284,20,54,51,3,16,16,0,38,35,3,18,17,1,290,282,8
S01007019,574,509,65,352,298,54,300,249,51,76,70,6,224,179,45,33,31,2,8,8,0,25,23,2,19,18,1,222,211,11
S01007020,675,606,69,409,348,61,340,285,55,72,63,9,268,222,46,48,44,4,8,8,0,40,36,4,21,19,2,266,258,8
S01007021,774,718,56,456,410,46,400,359,41,111,106,5,289,253,36,40,36,4,12,11,1,28,25,3,16,15,1,318,308,10
S01007022,391,373,18,231,218,13,186,173,13,70,67,3,116,106,10,32,32,0,12,12,0,20,20,0,13,13,0,160,155,5
S01007023,394,380,14,246,235,11,161,153,8,53,50,3,108,103,5,71,70,1,20,20,0,51,50,1,14,12,2,148,145,3
S01007024,877,853,24,540,523,17,376,365,11,122,118,4,254,247,7,145,140,5,39,38,1,106,102,4,19,18,1,337,330,7
S01007025,708,682,26,425,411,14,350,339,11,103,99,4,247,240,7,52,50,2,22,20,2,30,30,0,23,22,1,283,271,12
S01007026,774,746,28,407,388,19,327,315,12,97,91,6,230,224,6,61,59,2,10,10,0,51,49,2,19,14,5,367,358,9
S01007027,880,846,34,528,507,21,418,404,14,135,130,5,283,274,9,84,80,4,16,16,0,68,64,4,26,23,3,352,339,13
S01007028,614,577,37,404,379,25,282,258,24,106,95,11,176,163,13,108,107,1,23,22,1,85,85,0,14,14,0,210,198,12
S01007029,458,443,15,310,302,8,192,188,4,62,61,1,130,127,3,104,101,3,15,15,0,89,86,3,14,13,1,148,141,7
S01007030,663,631,32,417,391,26,340,319,21,117,114,3,223,205,18,58,55,3,15,14,1,43,41,2,19,17,2,246,240,6
S01007031,517,484,33,317,296,21,243,227,16,75,70,5,168,157,11,53,50,3,11,10,1,42,40,2,21,19,2,200,188,12
S01007032,833,751,82,488,427,61,383,326,57,101,90,11,282,236,46,57,55,2,14,14,0,43,41,2,48,46,2,345,324,21
S01007033,603,581,22,381,366,15,342,328,14,113,110,3,229,218,11,15,15,0,6,6,0,9,9,0,24,23,1,222,215,7
S01007034,494,451,43,324,291,33,271,245,26,96,89,7,175,156,19,32,29,3,12,11,1,20,18,2,21,17,4,170,160,10
S01007035,643,586,57,374,325,49,317,273,44,120,113,7,197,160,37,33,30,3,10,9,1,23,21,2,24,22,2,269,261,8
S01007036,800,750,50,452,415,37,364,330,34,111,103,8,253,227,26,74,71,3,10,10,0,64,61,3,14,14,0,348,335,13
S01007037,830,797,33,528,501,27,455,431,24,167,162,5,288,269,19,49,48,1,11,11,0,38,37,1,24,22,2,302,296,6
S01007038,613,532,81,418,350,68,340,277,63,89,79,10,251,198,53,54,50,4,10,10,0,44,40,4,24,23,1,195,182,13
S01007039,685,663,22,435,418,17,360,345,15,108,105,3,252,240,12,42,41,1,7,7,0,35,34,1,33,32,1,250,245,5
S01007040,537,518,19,324,308,16,269,254,15,83,81,2,186,173,13,31,31,0,10,10,0,21,21,0,24,23,1,213,210,3
S01007041,628,606,22,406,389,17,324,310,14,99,98,1,225,212,13,50,47,3,11,11,0,39,36,3,32,32,0,222,217,5
S01007042,598,580,18,374,362,12,287,278,9,89,85,4,198,193,5,60,59,1,11,11,0,49,48,1,27,25,2,224,218,6
S01007043,835,792,43,600,568,32,425,401,24,111,107,4,314,294,20,160,153,7,29,26,3,131,127,4,15,14,1,235,224,11
S01007044,581,557,24,321,303,18,229,214,15,79,76,3,150,138,12,82,81,1,21,20,1,61,61,0,10,8,2,260,254,6
S01007045,683,653,30,454,431,23,284,268,16,91,85,6,193,183,10,144,140,4,37,37,0,107,103,4,26,23,3,229,222,7
S01007046,509,491,18,328,314,14,267,253,14,70,67,3,197,186,11,58,58,0,14,14,0,44,44,0,3,3,0,181,177,4
S01007047,550,535,15,377,365,12,265,256,9,75,72,3,190,184,6,97,96,1,16,16,0,81,80,1,15,13,2,173,170,3
S01007048,775,748,27,532,517,15,380,369,11,102,100,2,278,269,9,128,124,4,23,23,0,105,101,4,24,24,0,243,231,12
S01007049,767,734,33,493,467,26,413,396,17,124,121,3,289,275,14,52,45,7,14,14,0,38,31,7,28,26,2,274,267,7
S01007050,547,516,31,334,312,22,258,238,20,74,71,3,184,167,17,61,61,0,10,10,0,51,51,0,15,13,2,213,204,9
S01007051,614,596,18,435,425,10,376,368,8,115,110,5,261,258,3,47,46,1,6,6,0,41,40,1,12,11,1,179,171,8
S01007052,473,464,9,320,313,7,255,250,5,72,71,1,183,179,4,50,50,0,12,12,0,38,38,0,15,13,2,153,151,2
S01007053,402,396,6,278,273,5,202,197,5,51,51,0,151,146,5,63,63,0,22,22,0,41,41,0,13,13,0,124,123,1
S01007054,803,777,26,506,486,20,430,413,17,137,135,2,293,278,15,49,49,0,9,9,0,40,40,0,27,24,3,297,291,6
S01007055,422,405,17,321,306,15,219,208,11,68,66,2,151,142,9,91,87,4,17,15,2,74,72,2,11,11,0,101,99,2
S01007056,528,501,27,378,356,22,251,236,15,60,55,5,191,181,10,107,102,5,25,23,2,82,79,3,20,18,2,150,145,5
S01007057,459,442,17,249,237,12,212,201,11,54,53,1,158,148,10,25,24,1,6,5,1,19,19,0,12,12,0,210,205,5
S01007058,502,495,7,269,265,4,235,231,4,70,69,1,165,162,3,23,23,0,5,5,0,18,18,0,11,11,0,233,230,3
S01007059,813,783,30,510,495,15,432,422,10,111,110,1,321,312,9,56,52,4,14,14,0,42,38,4,22,21,1,303,288,15
S01007060,485,470,15,316,305,11,257,248,9,103,99,4,154,149,5,24,23,1,1,1,0,23,22,1,35,34,1,169,165,4
S01007061,739,706,33,576,547,29,449,423,26,101,95,6,348,328,20,109,107,2,31,31,0,78,76,2,18,17,1,163,159,4
S01007062,565,530,35,423,397,26,305,282,23,88,81,7,217,201,16,104,101,3,27,26,1,77,75,2,14,14,0,142,133,9
S01007063,549,530,19,361,346,15,305,292,13,99,94,5,206,198,8,46,46,0,7,7,0,39,39,0,10,8,2,188,184,4
S01007064,528,491,37,392,363,29,279,256,23,77,75,2,202,181,21,101,96,5,23,22,1,78,74,4,12,11,1,136,128,8
S01007065,474,447,27,325,303,22,269,252,17,73,68,5,196,184,12,50,46,4,15,13,2,35,33,2,6,5,1,149,144,5
S01007066,537,514,23,386,370,16,291,276,15,86,78,8,205,198,7,82,81,1,21,21,0,61,60,1,13,13,0,151,144,7
S01007067,489,475,14,339,329,10,294,284,10,62,61,1,232,223,9,30,30,0,12,12,0,18,18,0,15,15,0,150,146,4
S01007068,625,604,21,378,364,14,301,292,9,76,73,3,225,219,6,59,55,4,13,11,2,46,44,2,18,17,1,247,240,7
S01007069,644,598,46,435,398,37,364,331,33,97,86,11,267,245,22,47,46,1,10,10,0,37,36,1,24,21,3,209,200,9
S01007070,429,416,13,288,278,10,239,229,10,57,55,2,182,174,8,26,26,0,3,3,0,23,23,0,23,23,0,141,138,3
S01007071,688,662,26,497,477,20,438,422,16,104,99,5,334,323,11,44,41,3,9,9,0,35,32,3,15,14,1,191,185,6
S01007072,513,504,9,399,391,8,338,333,5,98,97,1,240,236,4,44,43,1,7,7,0,37,36,1,17,15,2,114,113,1
S01007073,903,882,21,524,510,14,447,435,12,133,132,1,314,303,11,57,55,2,16,15,1,41,40,1,20,20,0,379,372,7
S01007074,549,519,30,393,371,22,333,314,19,110,105,5,223,209,14,30,29,1,8,7,1,22,22,0,30,28,2,156,148,8
S01007075,585,547,38,398,367,31,371,340,31,106,103,3,265,237,28,8,8,0,3,3,0,5,5,0,19,19,0,187,180,7
S01007076,599,560,39,441,413,28,385,362,23,122,119,3,263,243,20,31,28,3,16,13,3,15,15,0,25,23,2,158,147,11
S01007077,594,575,19,379,363,16,337,323,14,110,104,6,227,219,8,21,19,2,6,6,0,15,13,2,21,21,0,215,212,3
S01007078,717,677,40,436,402,34,361,333,28,131,125,6,230,208,22,34,33,1,7,7,0,27,26,1,41,36,5,281,275,6
S01007079,858,793,65,488,432,56,413,363,50,102,97,5,311,266,45,38,35,3,11,9,2,27,26,1,37,34,3,370,361,9
S01007080,669,629,40,388,355,33,330,298,32,101,95,6,229,203,26,22,21,1,0,0,0,22,21,1,36,36,0,281,274,7
S01007081,734,627,107,500,424,76,425,360,65,105,98,7,320,262,58,40,34,6,4,3,1,36,31,5,35,30,5,234,203,31
S01007082,439,368,71,300,241,59,251,199,52,73,58,15,178,141,37,26,25,1,5,5,0,21,20,1,23,17,6,139,127,12
S01007083,794,685,109,429,334,95,367,278,89,97,88,9,270,190,80,27,22,5,9,4,5,18,18,0,35,34,1,365,351,14
S01007084,557,511,46,302,265,37,260,226,34,81,72,9,179,154,25,33,31,2,7,7,0,26,24,2,9,8,1,255,246,9
S01007085,684,565,119,490,388,102,390,297,93,91,71,20,299,226,73,54,47,7,17,13,4,37,34,3,46,44,2,194,177,17
S01007086,917,679,238,665,457,208,540,357,183,141,108,33,399,249,150,32,25,7,12,9,3,20,16,4,93,75,18,252,222,30
S01007087,753,579,174,497,341,156,416,282,134,111,90,21,305,192,113,34,21,13,6,4,2,28,17,11,47,38,9,256,238,18
S01007088,437,365,72,263,208,55,209,161,48,50,46,4,159,115,44,19,15,4,9,6,3,10,9,1,35,32,3,174,157,17
S01007089,423,402,21,284,268,16,238,230,8,68,67,1,170,163,7,37,31,6,5,5,0,32,26,6,9,7,2,139,134,5
S01007090,451,421,30,346,323,23,298,277,21,67,62,5,231,215,16,35,33,2,5,5,0,30,28,2,13,13,0,105,98,7
S01007091,587,538,49,446,414,32,390,361,29,130,122,8,260,239,21,27,24,3,6,6,0,21,18,3,29,29,0,141,124,17
S01007092,537,524,13,311,300,11,274,264,10,94,93,1,180,171,9,18,18,0,6,6,0,12,12,0,19,18,1,226,224,2
S01007093,853,808,45,549,520,29,489,462,27,140,136,4,349,326,23,48,47,1,9,9,0,39,38,1,12,11,1,304,288,16
S01007094,759,724,35,498,472,26,419,398,21,147,145,2,272,253,19,69,65,4,20,18,2,49,47,2,10,9,1,261,252,9
S01007095,447,433,14,301,293,8,220,213,7,63,63,0,157,150,7,74,74,0,15,15,0,59,59,0,7,6,1,146,140,6
S01007096,645,621,24,475,459,16,392,376,16,102,99,3,290,277,13,73,73,0,19,19,0,54,54,0,10,10,0,170,162,8
S01007097,396,382,14,293,280,13,235,224,11,63,60,3,172,164,8,50,49,1,10,10,0,40,39,1,8,7,1,103,102,1
S01007098,640,618,22,455,440,15,350,341,9,95,94,1,255,247,8,97,91,6,18,16,2,79,75,4,8,8,0,185,178,7
S01007099,694,675,19,504,487,17,383,373,10,110,104,6,273,269,4,105,100,5,24,23,1,81,77,4,16,14,2,190,188,2
S01007100,601,583,18,406,393,13,332,321,11,88,87,1,244,234,10,60,58,2,9,8,1,51,50,1,14,14,0,195,190,5
S01007101,706,684,22,438,423,15,359,347,12,101,97,4,258,250,8,40,38,2,11,10,1,29,28,1,39,38,1,268,261,7
S01007102,590,575,15,386,375,11,303,299,4,85,85,0,218,214,4,66,61,5,8,7,1,58,54,4,17,15,2,204,200,4
S01007103,678,672,6,435,430,5,350,346,4,120,120,0,230,226,4,69,68,1,14,14,0,55,54,1,16,16,0,243,242,1
S01007104,398,381,17,250,238,12,178,169,9,56,54,2,122,115,7,66,64,2,13,12,1,53,52,1,6,5,1,148,143,5
S01007105,447,433,14,257,252,5,218,214,4,80,80,0,138,134,4,30,29,1,7,6,1,23,23,0,9,9,0,190,181,9
S01007106,615,596,19,357,346,11,289,282,7,89,88,1,200,194,6,46,45,1,7,7,0,39,38,1,22,19,3,258,250,8
S01007107,543,519,24,374,354,20,280,261,19,79,70,9,201,191,10,84,83,1,23,23,0,61,60,1,10,10,0,169,165,4
S01007108,468,457,11,315,306,9,211,206,5,62,61,1,149,145,4,92,90,2,13,12,1,79,78,1,12,10,2,153,151,2
S01007109,668,614,54,404,366,38,329,302,27,102,95,7,227,207,20,47,38,9,17,12,5,30,26,4,28,26,2,264,248,16
S01007110,608,568,40,396,366,30,326,302,24,101,92,9,225,210,15,45,41,4,12,12,0,33,29,4,25,23,2,212,202,10
S01007111,435,418,17,268,254,14,231,220,11,69,66,3,162,154,8,23,21,2,7,7,0,16,14,2,14,13,1,167,164,3
S01007112,475,456,19,300,284,16,228,215,13,76,75,1,152,140,12,58,56,2,15,13,2,43,43,0,14,13,1,175,172,3
S01007113,488,442,46,268,237,31,209,184,25,55,51,4,154,133,21,48,46,2,12,12,0,36,34,2,11,7,4,220,205,15
S01007114,745,716,29,464,438,26,420,398,22,141,137,4,279,261,18,35,32,3,3,3,0,32,29,3,9,8,1,281,278,3
S01007115,584,566,18,347,334,13,303,294,9,97,95,2,206,199,7,31,29,2,8,7,1,23,22,1,13,11,2,237,232,5
S01007116,732,713,19,557,539,18,441,427,14,155,150,5,286,277,9,92,90,2,15,13,2,77,77,0,24,22,2,175,174,1
S01007117,398,389,9,252,244,8,203,197,6,69,69,0,134,128,6,43,42,1,9,8,1,34,34,0,6,5,1,146,145,1
S01007118,531,468,63,365,312,53,315,270,45,100,91,9,215,179,36,20,18,2,3,3,0,17,15,2,30,24,6,166,156,10
S01007119,658,630,28,422,401,21,365,345,20,120,118,2,245,227,18,29,28,1,6,6,0,23,22,1,28,28,0,236,229,7
S01007120,907,780,127,591,481,110,513,410,103,127,119,8,386,291,95,27,27,0,3,3,0,24,24,0,51,44,7,316,299,17
S01007121,466,378,88,226,152,74,194,126,68,49,41,8,145,85,60,16,15,1,2,2,0,14,13,1,16,11,5,240,226,14
S01007122,506,461,45,311,271,40,265,227,38,72,61,11,193,166,27,35,33,2,6,6,0,29,27,2,11,11,0,195,190,5
S01007123,566,523,43,328,294,34,291,260,31,96,89,7,195,171,24,21,20,1,3,3,0,18,17,1,16,14,2,238,229,9
S01007124,749,694,55,500,459,41,433,396,37,117,110,7,316,286,30,41,39,2,7,7,0,34,32,2,26,24,2,249,235,14
S01007125,676,552,124,418,316,102,351,268,83,111,93,18,240,175,65,33,25,8,13,9,4,20,16,4,34,23,11,258,236,22
S01007126,723,511,212,454,273,181,383,218,165,88,64,24,295,154,141,25,19,6,4,2,2,21,17,4,46,36,10,269,238,31
S01007127,833,522,311,599,327,272,503,247,256,84,65,19,419,182,237,41,36,5,8,8,0,33,28,5,55,44,11,234,195,39
S01007128,696,637,59,392,351,41,329,294,35,112,105,7,217,189,28,27,23,4,7,6,1,20,17,3,36,34,2,304,286,18
S01007129,739,685,54,517,480,37,431,400,31,113,105,8,318,295,23,75,70,5,21,19,2,54,51,3,11,10,1,222,205,17
S01007130,530,509,21,327,317,10,272,263,9,75,73,2,197,190,7,41,41,0,13,13,0,28,28,0,14,13,1,203,192,11
S01007131,655,633,22,417,398,19,368,352,16,97,89,8,271,263,8,34,33,1,10,9,1,24,24,0,15,13,2,238,235,3
S01007132,590,566,24,370,356,14,320,308,12,100,95,5,220,213,7,42,41,1,16,15,1,26,26,0,8,7,1,220,210,10
S01007133,554,535,19,379,367,12,287,277,10,78,76,2,209,201,8,84,82,2,28,27,1,56,55,1,8,8,0,175,168,7
S01007134,611,589,22,409,392,17,305,290,15,85,83,2,220,207,13,88,86,2,17,16,1,71,70,1,16,16,0,202,197,5
S01007135,437,409,28,291,271,20,218,201,17,57,53,4,161,148,13,63,60,3,16,16,0,47,44,3,10,10,0,146,138,8
S01007136,403,370,33,294,272,22,210,196,14,57,55,2,153,141,12,72,64,8,14,12,2,58,52,6,12,12,0,109,98,11
S01007137,519,486,33,439,419,20,360,346,14,91,87,4,269,259,10,58,54,4,16,15,1,42,39,3,21,19,2,80,67,13
S01007138,477,460,17,333,320,13,261,250,11,77,73,4,184,177,7,59,57,2,10,9,1,49,48,1,13,13,0,144,140,4
S01007139,627,609,18,414,399,15,316,305,11,87,87,0,229,218,11,70,67,3,12,12,0,58,55,3,28,27,1,213,210,3
S01007140,826,792,34,523,500,23,404,387,17,119,119,0,285,268,17,93,88,5,34,32,2,59,56,3,26,25,1,303,292,11
S01007141,541,513,28,368,345,23,295,280,15,87,84,3,208,196,12,63,59,4,16,15,1,47,44,3,10,6,4,173,168,5
S01007142,453,428,25,315,298,17,275,259,16,77,75,2,198,184,14,33,32,1,14,13,1,19,19,0,7,7,0,138,130,8
S01007143,435,410,25,374,354,20,331,314,17,89,84,5,242,230,12,37,35,2,10,10,0,27,25,2,6,5,1,61,56,5
S01007144,614,556,58,398,364,34,283,255,28,80,68,12,203,187,16,92,86,6,24,22,2,68,64,4,23,23,0,216,192,24
S01007145,773,737,36,414,394,20,351,340,11,111,106,5,240,234,6,43,37,6,9,9,0,34,28,6,20,17,3,359,343,16
S01007146,606,590,16,346,338,8,301,295,6,100,99,1,201,196,5,29,27,2,7,7,0,22,20,2,16,16,0,260,252,8
S01007147,607,579,28,364,345,19,317,300,17,94,86,8,223,214,9,33,32,1,9,9,0,24,23,1,14,13,1,243,234,9
S01007148,444,415,29,289,268,21,239,223,16,76,68,8,163,155,8,33,31,2,10,9,1,23,22,1,17,14,3,155,147,8
S01007149,472,450,22,264,244,20,236,219,17,73,69,4,163,150,13,21,19,2,9,9,0,12,10,2,7,6,1,208,206,2
S01007150,697,661,36,292,269,23,233,216,17,79,71,8,154,145,9,50,47,3,15,14,1,35,33,2,9,6,3,405,392,13
S01007151,714,689,25,464,449,15,395,383,12,119,117,2,276,266,10,48,45,3,10,10,0,38,35,3,21,21,0,250,240,10
S01007152,476,462,14,279,270,9,241,235,6,68,65,3,173,170,3,25,23,2,3,2,1,22,21,1,13,12,1,197,192,5
S01007153,526,506,20,304,293,11,259,249,10,69,67,2,190,182,8,35,34,1,11,11,0,24,23,1,10,10,0,222,213,9
S01007154,712,680,32,349,332,17,295,282,13,73,71,2,222,211,11,33,31,2,12,11,1,21,20,1,21,19,2,363,348,15
S01007155,541,513,28,301,285,16,255,244,11,81,75,6,174,169,5,34,32,2,9,8,1,25,24,1,12,9,3,240,228,12
S01007156,608,591,17,383,369,14,325,313,12,84,82,2,241,231,10,35,34,1,12,12,0,23,22,1,23,22,1,225,222,3
S01007157,503,482,21,365,349,16,304,289,15,76,70,6,228,219,9,35,35,0,7,7,0,28,28,0,26,25,1,138,133,5
S01007158,740,710,30,535,515,20,463,448,15,122,117,5,341,331,10,40,38,2,15,14,1,25,24,1,32,29,3,205,195,10
S01007159,687,656,31,430,410,20,350,335,15,98,98,0,252,237,15,46,43,3,10,10,0,36,33,3,34,32,2,257,246,11
S01007160,676,657,19,399,383,16,319,306,13,102,94,8,217,212,5,40,38,2,17,15,2,23,23,0,40,39,1,277,274,3
S01007161,576,552,24,351,332,19,287,272,15,70,68,2,217,204,13,39,37,2,10,9,1,29,28,1,25,23,2,225,220,5
S01007162,422,402,20,255,240,15,218,203,15,59,57,2,159,146,13,19,19,0,6,6,0,13,13,0,18,18,0,167,162,5
S01007163,745,723,22,413,398,15,346,333,13,93,90,3,253,243,10,44,42,2,14,13,1,30,29,1,23,23,0,332,325,7
S01007164,503,486,17,278,268,10,232,222,10,75,74,1,157,148,9,29,29,0,7,7,0,22,22,0,17,17,0,225,218,7
S01007165,707,676,31,407,387,20,323,308,15,102,99,3,221,209,12,63,59,4,16,15,1,47,44,3,21,20,1,300,289,11
S01007166,562,529,33,316,297,19,266,248,18,73,70,3,193,178,15,37,36,1,14,14,0,23,22,1,13,13,0,246,232,14
S01007167,679,659,20,415,401,14,345,333,12,106,103,3,239,230,9,57,55,2,18,18,0,39,37,2,13,13,0,264,258,6
S01007168,842,815,27,516,493,23,448,431,17,143,141,2,305,290,15,52,47,5,19,17,2,33,30,3,16,15,1,326,322,4
S01007169,636,611,25,393,379,14,335,324,11,111,106,5,224,218,6,35,34,1,9,9,0,26,25,1,23,21,2,243,232,11
S01007170,542,519,23,385,368,17,258,248,10,76,75,1,182,173,9,96,91,5,31,29,2,65,62,3,31,29,2,157,151,6
S01007171,742,621,121,526,428,98,413,326,87,86,79,7,327,247,80,96,86,10,29,25,4,67,61,6,17,16,1,216,193,23
S01007172,701,670,31,385,367,18,289,276,13,74,71,3,215,205,10,74,70,4,12,11,1,62,59,3,22,21,1,316,303,13
S01007173,670,649,21,511,496,15,438,425,13,120,116,4,318,309,9,50,49,1,12,11,1,38,38,0,23,22,1,159,153,6
S01007174,681,658,23,456,441,15,376,366,10,120,116,4,256,250,6,48,47,1,12,12,0,36,35,1,32,28,4,225,217,8
S01007175,548,537,11,281,272,9,251,242,9,74,72,2,177,170,7,19,19,0,6,6,0,13,13,0,11,11,0,267,265,2
S01007176,557,537,20,340,325,15,295,283,12,96,89,7,199,194,5,25,22,3,7,6,1,18,16,2,20,20,0,217,212,5
S01007177,508,477,31,300,277,23,236,219,17,79,72,7,157,147,10,18,13,5,4,3,1,14,10,4,46,45,1,208,200,8
S01007178,837,803,34,518,496,22,406,387,19,120,119,1,286,268,18,49,48,1,14,14,0,35,34,1,63,61,2,319,307,12
S01007179,870,836,34,510,487,23,446,428,18,153,142,11,293,286,7,42,38,4,15,11,4,27,27,0,22,21,1,360,349,11
S01007180,634,613,21,337,321,16,269,258,11,89,86,3,180,172,8,47,42,5,17,14,3,30,28,2,21,21,0,297,292,5
S01007181,704,684,20,372,356,16,282,269,13,91,86,5,191,183,8,68,66,2,23,21,2,45,45,0,22,21,1,332,328,4
S01007182,907,863,44,532,498,34,437,410,27,113,106,7,324,304,20,66,61,5,15,14,1,51,47,4,29,27,2,375,365,10
S01007183,939,899,40,529,506,23,434,411,23,112,105,7,322,306,16,56,56,0,21,21,0,35,35,0,39,39,0,410,393,17
S01007184,916,858,58,553,511,42,450,410,40,103,96,7,347,314,33,37,36,1,11,10,1,26,26,0,66,65,1,363,347,16
S01007185,692,657,35,389,361,28,304,281,23,101,97,4,203,184,19,38,37,1,12,11,1,26,26,0,47,43,4,303,296,7
S01007186,494,450,44,308,273,35,232,206,26,85,82,3,147,124,23,24,20,4,5,3,2,19,17,2,52,47,5,186,177,9
S01007187,707,632,75,422,359,63,327,277,50,96,88,8,231,189,42,43,41,2,9,9,0,34,32,2,52,41,11,285,273,12
S01007188,515,464,51,350,307,43,281,247,34,68,62,6,213,185,28,42,34,8,15,14,1,27,20,7,27,26,1,165,157,8
S01007189,710,674,36,348,323,25,264,251,13,75,72,3,189,179,10,38,37,1,9,9,0,29,28,1,46,35,11,362,351,11
S01007190,711,693,18,364,351,13,299,288,11,103,101,2,196,187,9,51,49,2,11,9,2,40,40,0,14,14,0,347,342,5
S01007191,511,465,46,335,295,40,268,236,32,94,90,4,174,146,28,33,27,6,9,9,0,24,18,6,34,32,2,176,170,6
S01007192,501,485,16,307,300,7,251,244,7,94,90,4,157,154,3,20,20,0,7,7,0,13,13,0,36,36,0,194,185,9
S01007193,608,579,29,376,359,17,303,287,16,87,83,4,216,204,12,35,35,0,7,7,0,28,28,0,38,37,1,232,220,12
S01007194,463,429,34,277,249,28,206,182,24,85,78,7,121,104,17,17,16,1,4,3,1,13,13,0,54,51,3,186,180,6
S01007195,436,412,24,259,240,19,197,186,11,63,60,3,134,126,8,24,19,5,5,3,2,19,16,3,38,35,3,177,172,5
S01007196,540,521,19,369,353,16,297,283,14,84,79,5,213,204,9,19,19,0,7,7,0,12,12,0,53,51,2,171,168,3
S01007197,457,424,33,308,283,25,223,201,22,86,74,12,137,127,10,18,18,0,7,7,0,11,11,0,67,64,3,149,141,8
S01007198,402,383,19,258,244,14,190,179,11,63,58,5,127,121,6,22,20,2,8,7,1,14,13,1,46,45,1,144,139,5
S01007199,601,573,28,366,350,16,282,268,14,111,107,4,171,161,10,17,17,0,2,2,0,15,15,0,67,65,2,235,223,12
S01007200,715,700,15,477,466,11,408,398,10,119,117,2,289,281,8,35,34,1,9,8,1,26,26,0,34,34,0,238,234,4
S01007201,625,605,20,352,336,16,297,284,13,79,75,4,218,209,9,24,23,1,7,6,1,17,17,0,31,29,2,273,269,4
S01007202,619,603,16,384,370,14,302,292,10,81,78,3,221,214,7,31,28,3,10,10,0,21,18,3,51,50,1,235,233,2
S01007203,518,507,11,344,335,9,288,281,7,102,99,3,186,182,4,32,31,1,7,6,1,25,25,0,24,23,1,174,172,2
S01007204,825,781,44,538,501,37,406,381,25,126,118,8,280,263,17,111,101,10,31,29,2,80,72,8,21,19,2,287,280,7
S01007205,583,549,34,356,331,25,261,240,21,78,73,5,183,167,16,75,71,4,20,17,3,55,54,1,20,20,0,227,218,9
S01007206,331,320,11,193,183,10,164,155,9,43,40,3,121,115,6,17,16,1,9,8,1,8,8,0,12,12,0,138,137,1
S01007207,754,729,25,478,460,18,400,386,14,133,130,3,267,256,11,53,51,2,19,19,0,34,32,2,25,23,2,276,269,7
S01007208,808,743,65,517,475,42,419,381,38,115,103,12,304,278,26,24,21,3,2,1,1,22,20,2,74,73,1,291,268,23
S01007209,671,626,45,391,357,34,313,289,24,89,78,11,224,211,13,46,38,8,9,8,1,37,30,7,32,30,2,280,269,11
S01007210,628,601,27,416,397,19,343,326,17,107,99,8,236,227,9,30,29,1,10,10,0,20,19,1,43,42,1,212,204,8
S01007211,805,757,48,457,424,33,374,349,25,121,116,5,253,233,20,37,33,4,11,10,1,26,23,3,46,42,4,348,333,15
S01007212,456,426,30,295,272,23,240,222,18,69,64,5,171,158,13,35,30,5,13,10,3,22,20,2,20,20,0,161,154,7
S01007213,789,736,53,422,387,35,346,316,30,111,106,5,235,210,25,48,45,3,15,15,0,33,30,3,28,26,2,367,349,18
S01007214,656,608,48,358,323,35,289,263,26,71,63,8,218,200,18,35,27,8,6,5,1,29,22,7,34,33,1,298,285,13
S01007215,650,575,75,403,343,60,332,284,48,97,85,12,235,199,36,40,34,6,11,10,1,29,24,5,31,25,6,247,232,15
S01007216,616,595,21,371,356,15,309,296,13,93,87,6,216,209,7,41,40,1,12,11,1,29,29,0,21,20,1,245,239,6
S01007217,787,751,36,481,454,27,394,373,21,136,131,5,258,242,16,44,42,2,9,9,0,35,33,2,43,39,4,306,297,9
S01007218,722,692,30,446,427,19,372,354,18,123,117,6,249,237,12,59,59,0,12,12,0,47,47,0,15,14,1,276,265,11
S01007219,675,653,22,406,392,14,346,334,12,108,104,4,238,230,8,34,32,2,5,5,0,29,27,2,26,26,0,269,261,8
S01007220,556,540,16,364,352,12,309,297,12,108,108,0,201,189,12,29,29,0,10,10,0,19,19,0,26,26,0,192,188,4
S01007221,525,497,28,323,303,20,261,244,17,76,72,4,185,172,13,47,44,3,12,12,0,35,32,3,15,15,0,202,194,8
S01007222,640,618,22,417,403,14,350,341,9,101,99,2,249,242,7,39,35,4,7,6,1,32,29,3,28,27,1,223,215,8
S01007223,416,402,14,280,269,11,239,231,8,76,73,3,163,158,5,28,27,1,7,6,1,21,21,0,13,11,2,136,133,3
S01007224,491,468,23,284,272,12,232,224,8,75,74,1,157,150,7,42,38,4,14,13,1,28,25,3,10,10,0,207,196,11
S01007225,721,689,32,491,472,19,379,362,17,116,109,7,263,253,10,96,94,2,20,20,0,76,74,2,16,16,0,230,217,13
S01007226,669,636,33,453,427,26,305,288,17,88,83,5,217,205,12,123,116,7,33,30,3,90,86,4,25,23,2,216,209,7
S01007227,780,754,26,484,463,21,388,372,16,113,109,4,275,263,12,65,60,5,21,20,1,44,40,4,31,31,0,296,291,5
S01007228,517,492,25,348,338,10,245,237,8,69,68,1,176,169,7,84,82,2,19,18,1,65,64,1,19,19,0,169,154,15
S01007229,915,880,35,632,605,27,470,447,23,124,118,6,346,329,17,138,134,4,28,27,1,110,107,3,24,24,0,283,275,8
S01007230,588,499,89,365,296,69,292,235,57,71,63,8,221,172,49,23,18,5,6,2,4,17,16,1,50,43,7,223,203,20
S01007231,576,528,48,312,270,42,251,211,40,65,60,5,186,151,35,22,21,1,10,10,0,12,11,1,39,38,1,264,258,6
S01007232,601,554,47,350,316,34,285,256,29,91,83,8,194,173,21,15,13,2,1,1,0,14,12,2,50,47,3,251,238,13
S01007233,647,608,39,428,397,31,338,316,22,84,82,2,254,234,20,53,48,5,18,15,3,35,33,2,37,33,4,219,211,8
S01007234,505,479,26,297,275,22,245,231,14,81,78,3,164,153,11,25,22,3,5,4,1,20,18,2,27,22,5,208,204,4
S01007235,659,612,47,395,357,38,326,292,34,91,84,7,235,208,27,36,35,1,11,11,0,25,24,1,33,30,3,264,255,9
S01007236,521,502,19,335,323,12,277,267,10,74,71,3,203,196,7,37,35,2,6,6,0,31,29,2,21,21,0,186,179,7
S01007237,608,587,21,371,354,17,317,302,15,84,81,3,233,221,12,41,39,2,9,9,0,32,30,2,13,13,0,237,233,4
S01007238,778,751,27,487,469,18,421,406,15,113,111,2,308,295,13,38,35,3,9,8,1,29,27,2,28,28,0,291,282,9
S01007239,745,718,27,373,363,10,307,299,8,70,67,3,237,232,5,55,53,2,10,10,0,45,43,2,11,11,0,372,355,17
S01007240,463,437,26,310,291,19,225,211,14,57,53,4,168,158,10,71,67,4,14,14,0,57,53,4,14,13,1,153,146,7
S01007241,507,482,25,352,332,20,254,241,13,65,60,5,189,181,8,90,84,6,22,21,1,68,63,5,8,7,1,155,150,5
S01007242,833,804,29,496,475,21,401,382,19,124,121,3,277,261,16,69,68,1,15,15,0,54,53,1,26,25,1,337,329,8
S01007243,504,487,17,312,301,11,254,245,9,65,63,2,189,182,7,38,38,0,8,8,0,30,30,0,20,18,2,192,186,6
S01007244,620,592,28,372,351,21,282,268,14,75,68,7,207,200,7,74,70,4,24,22,2,50,48,2,16,13,3,248,241,7
S01007245,583,557,26,368,349,19,278,264,14,77,71,6,201,193,8,77,73,4,13,11,2,64,62,2,13,12,1,215,208,7
S01007246,473,462,11,324,316,8,249,243,6,54,52,2,195,191,4,58,57,1,9,9,0,49,48,1,17,16,1,149,146,3
S01007247,530,512,18,350,336,14,276,265,11,71,71,0,205,194,11,62,59,3,19,17,2,43,42,1,12,12,0,180,176,4
S01007248,643,621,22,366,351,15,297,285,12,92,87,5,205,198,7,57,55,2,18,18,0,39,37,2,12,11,1,277,270,7
S01007249,371,356,15,186,177,9,157,149,8,52,48,4,105,101,4,20,20,0,2,2,0,18,18,0,9,8,1,185,179,6
S01007250,716,681,35,490,459,31,415,389,26,101,97,4,314,292,22,44,41,3,11,10,1,33,31,2,31,29,2,226,222,4
S01007251,422,404,18,247,236,11,199,191,8,54,51,3,145,140,5,34,34,0,11,11,0,23,23,0,14,11,3,175,168,7
S01007252,642,622,20,421,408,13,346,334,12,103,98,5,243,236,7,54,53,1,14,14,0,40,39,1,21,21,0,221,214,7
S01007253,687,671,16,405,393,12,339,329,10,106,104,2,233,225,8,42,40,2,11,10,1,31,30,1,24,24,0,282,278,4
S01007254,679,634,45,376,345,31,314,286,28,89,82,7,225,204,21,29,27,2,11,10,1,18,17,1,33,32,1,303,289,14
S01007255,613,572,41,414,382,32,318,295,23,102,96,6,216,199,17,21,19,2,2,2,0,19,17,2,75,68,7,199,190,9
S01007256,647,591,56,428,384,44,357,321,36,87,83,4,270,238,32,35,30,5,8,6,2,27,24,3,36,33,3,219,207,12
S01007257,486,438,48,317,276,41,254,220,34,71,66,5,183,154,29,30,25,5,6,5,1,24,20,4,33,31,2,169,162,7
S01007258,733,683,50,417,384,33,332,304,28,99,96,3,233,208,25,52,48,4,17,14,3,35,34,1,33,32,1,316,299,17
S01007259,722,683,39,418,390,28,348,323,25,107,96,11,241,227,14,34,33,1,11,10,1,23,23,0,36,34,2,304,293,11
S01007260,719,687,32,489,464,25,373,357,16,117,113,4,256,244,12,37,32,5,8,7,1,29,25,4,79,75,4,230,223,7
S01007261,683,659,24,399,384,15,335,322,13,93,92,1,242,230,12,42,41,1,7,7,0,35,34,1,22,21,1,284,275,9
S01007262,585,560,25,385,365,20,331,313,18,100,96,4,231,217,14,12,11,1,2,2,0,10,9,1,42,41,1,200,195,5
S01007263,653,639,14,393,382,11,348,341,7,106,105,1,242,236,6,22,22,0,5,5,0,17,17,0,23,19,4,260,257,3
S01007264,663,649,14,364,356,8,322,317,5,84,84,0,238,233,5,29,27,2,10,9,1,19,18,1,13,12,1,299,293,6
S01007265,902,864,38,553,521,32,472,443,29,130,124,6,342,319,23,49,47,2,14,13,1,35,34,1,32,31,1,349,343,6
S01007266,569,547,22,378,363,15,328,314,14,92,90,2,236,224,12,39,39,0,9,9,0,30,30,0,11,10,1,191,184,7
S01007267,439,419,20,313,298,15,220,209,11,58,54,4,162,155,7,76,73,3,17,16,1,59,57,2,17,16,1,126,121,5
S01007268,496,481,15,333,323,10,226,218,8,69,69,0,157,149,8,88,86,2,15,14,1,73,72,1,19,19,0,163,158,5
S01007269,440,423,17,251,240,11,196,187,9,52,52,0,144,135,9,46,45,1,11,11,0,35,34,1,9,8,1,189,183,6
S01007270,384,365,19,277,262,15,191,182,9,42,39,3,149,143,6,76,70,6,17,16,1,59,54,5,10,10,0,107,103,4
S01007271,836,804,32,518,498,20,416,402,14,102,100,2,314,302,12,74,69,5,14,12,2,60,57,3,28,27,1,318,306,12
S01007272,672,652,20,407,390,17,331,318,13,84,80,4,247,238,9,32,30,2,10,9,1,22,21,1,44,42,2,265,262,3
S01007273,547,535,12,338,327,11,280,272,8,70,68,2,210,204,6,39,38,1,9,9,0,30,29,1,19,17,2,209,208,1
S01007274,717,671,46,432,404,28,335,314,21,86,84,2,249,230,19,55,51,4,12,12,0,43,39,4,42,39,3,285,267,18
S01007275,499,460,39,262,239,23,214,198,16,61,58,3,153,140,13,35,31,4,10,7,3,25,24,1,13,10,3,237,221,16
S01007276,678,651,27,417,400,17,347,333,14,96,94,2,251,239,12,42,41,1,13,13,0,29,28,1,28,26,2,261,251,10
S01007277,637,618,19,373,361,12,317,306,11,96,95,1,221,211,10,42,41,1,11,11,0,31,30,1,14,14,0,264,257,7
S01007278,449,441,8,273,270,3,226,223,3,72,72,0,154,151,3,39,39,0,10,10,0,29,29,0,8,8,0,176,171,5
S01007279,466,440,26,318,300,18,200,193,7,65,64,1,135,129,6,106,95,11,22,19,3,84,76,8,12,12,0,148,140,8
S01007280,445,423,22,306,290,16,204,193,11,58,55,3,146,138,8,79,74,5,27,27,0,52,47,5,23,23,0,139,133,6
S01007281,805,768,37,522,500,22,394,375,19,115,111,4,279,264,15,109,107,2,21,21,0,88,86,2,19,18,1,283,268,15
S01007282,436,418,18,312,301,11,220,213,7,58,55,3,162,158,4,78,76,2,16,16,0,62,60,2,14,12,2,124,117,7
S01007283,866,822,44,406,383,23,310,297,13,82,77,5,228,220,8,81,74,7,18,15,3,63,59,4,15,12,3,460,439,21
S01007284,702,684,18,427,415,12,275,264,11,103,99,4,172,165,7,141,140,1,35,35,0,106,105,1,11,11,0,275,269,6
S01007285,724,674,50,456,424,32,267,247,20,88,83,5,179,164,15,176,165,11,36,33,3,140,132,8,13,12,1,268,250,18
S01007286,787,742,45,513,476,37,345,320,25,96,91,5,249,229,20,146,134,12,26,24,2,120,110,10,22,22,0,274,266,8
S01007287,523,471,52,360,318,42,204,176,28,47,40,7,157,136,21,140,130,10,36,32,4,104,98,6,16,12,4,163,153,10
S01007288,487,453,34,318,294,24,189,171,18,54,48,6,135,123,12,117,111,6,30,29,1,87,82,5,12,12,0,169,159,10
S01007289,674,649,25,455,435,20,352,337,15,102,100,2,250,237,13,95,90,5,15,13,2,80,77,3,8,8,0,219,214,5
S01007290,515,476,39,394,363,31,303,279,24,99,93,6,204,186,18,56,52,4,16,15,1,40,37,3,35,32,3,121,113,8
S01007291,583,561,22,336,318,18,267,255,12,85,81,4,182,174,8,49,44,5,10,8,2,39,36,3,20,19,1,247,243,4
S01007292,632,609,23,440,422,18,365,351,14,114,110,4,251,241,10,61,58,3,16,15,1,45,43,2,14,13,1,192,187,5
S01007293,577,536,41,449,415,34,375,343,32,144,140,4,231,203,28,34,34,0,11,11,0,23,23,0,40,38,2,128,121,7
S01007294,745,716,29,501,480,21,411,396,15,137,134,3,274,262,12,69,63,6,8,4,4,61,59,2,21,21,0,244,236,8
S01007295,432,395,37,257,224,33,206,179,27,60,54,6,146,125,21,24,21,3,7,6,1,17,15,2,27,24,3,175,171,4
S01007296,519,484,35,352,324,28,270,245,25,56,47,9,214,198,16,52,49,3,7,6,1,45,43,2,30,30,0,167,160,7
S01007297,783,692,91,567,485,82,450,378,72,116,104,12,334,274,60,96,86,10,16,14,2,80,72,8,21,21,0,216,207,9
S01007298,437,413,24,293,275,18,240,224,16,92,90,2,148,134,14,39,37,2,5,5,0,34,32,2,14,14,0,144,138,6
S01007299,733,635,98,521,431,90,406,322,84,130,100,30,276,222,54,78,74,4,14,14,0,64,60,4,37,35,2,212,204,8
S01007300,411,377,34,282,254,28,212,186,26,83,71,12,129,115,14,38,36,2,6,6,0,32,30,2,32,32,0,129,123,6
S01007301,626,580,46,399,368,31,291,268,23,87,81,6,204,187,17,99,92,7,32,30,2,67,62,5,9,8,1,227,212,15
S01007302,512,496,16,345,334,11,278,270,8,97,93,4,181,177,4,42,40,2,15,14,1,27,26,1,25,24,1,167,162,5
S01007303,779,724,55,476,436,40,346,311,35,92,87,5,254,224,30,113,108,5,32,29,3,81,79,2,17,17,0,303,288,15
S01007304,584,535,49,343,307,36,215,192,23,73,67,6,142,125,17,118,107,11,32,26,6,86,81,5,10,8,2,241,228,13
S01007305,608,572,36,407,379,28,298,277,21,106,102,4,192,175,17,100,93,7,21,20,1,79,73,6,9,9,0,201,193,8
S01007306,612,591,21,396,378,18,294,283,11,98,96,2,196,187,9,81,75,6,20,18,2,61,57,4,21,20,1,216,213,3
S01007307,663,630,33,439,412,27,299,281,18,92,85,7,207,196,11,129,120,9,31,28,3,98,92,6,11,11,0,224,218,6
S01007308,686,609,77,439,379,60,326,274,52,68,65,3,258,209,49,91,85,6,27,25,2,64,60,4,22,20,2,247,230,17
S01007309,550,500,50,365,323,42,248,211,37,61,52,9,187,159,28,101,96,5,23,22,1,78,74,4,16,16,0,185,177,8
S01007310,686,650,36,384,365,19,231,218,13,77,72,5,154,146,8,125,120,5,35,32,3,90,88,2,28,27,1,302,285,17
S01007311,653,599,54,474,422,52,361,314,47,96,87,9,265,227,38,89,85,4,16,16,0,73,69,4,24,23,1,179,177,2
S01007312,626,597,29,371,349,22,278,263,15,83,79,4,195,184,11,71,65,6,21,19,2,50,46,4,22,21,1,255,248,7
S01007313,826,779,47,533,498,35,345,325,20,111,104,7,234,221,13,171,157,14,48,42,6,123,115,8,17,16,1,293,281,12
S01007314,528,502,26,386,364,22,290,272,18,76,70,6,214,202,12,84,80,4,26,24,2,58,56,2,12,12,0,142,138,4
S01007315,781,755,26,532,513,19,456,441,15,105,102,3,351,339,12,49,46,3,7,6,1,42,40,2,27,26,1,249,242,7
S01007316,733,715,18,431,416,15,348,336,12,77,76,1,271,260,11,48,47,1,6,6,0,42,41,1,35,33,2,302,299,3
S01007317,530,508,22,376,357,19,315,301,14,76,73,3,239,228,11,41,37,4,17,16,1,24,21,3,20,19,1,154,151,3
S01007318,475,456,19,318,302,16,242,230,12,68,63,5,174,167,7,56,52,4,11,11,0,45,41,4,20,20,0,157,154,3
S01007319,632,602,30,396,373,23,310,296,14,81,77,4,229,219,10,64,57,7,14,12,2,50,45,5,22,20,2,236,229,7
S01007320,640,591,49,400,365,35,269,247,22,79,73,6,190,174,16,108,96,12,31,29,2,77,67,10,23,22,1,240,226,14
S01007321,528,500,28,330,311,19,204,195,9,61,58,3,143,137,6,111,103,8,26,21,5,85,82,3,15,13,2,198,189,9
S01007322,634,609,25,395,376,19,274,260,14,66,62,4,208,198,10,95,90,5,19,18,1,76,72,4,26,26,0,239,233,6
S01007323,394,377,17,266,252,14,209,200,9,54,51,3,155,149,6,48,43,5,7,6,1,41,37,4,9,9,0,128,125,3
S01007324,290,267,23,180,163,17,126,116,10,51,49,2,75,67,8,43,40,3,13,12,1,30,28,2,11,7,4,110,104,6
S01007325,685,643,42,411,382,29,274,253,21,93,89,4,181,164,17,121,114,7,18,17,1,103,97,6,16,15,1,274,261,13
S01007326,659,649,10,410,404,6,294,291,3,82,81,1,212,210,2,97,94,3,15,15,0,82,79,3,19,19,0,249,245,4
S01007327,657,633,24,396,376,20,305,290,15,70,67,3,235,223,12,66,63,3,8,6,2,58,57,1,25,23,2,261,257,4
S01007328,713,684,29,448,423,25,334,312,22,105,100,5,229,212,17,87,84,3,16,16,0,71,68,3,27,27,0,265,261,4
S01007329,568,541,27,364,346,18,227,216,11,81,80,1,146,136,10,119,116,3,28,26,2,91,90,1,18,14,4,204,195,9
S01007330,690,665,25,369,356,13,231,224,7,88,84,4,143,140,3,114,108,6,24,21,3,90,87,3,24,24,0,321,309,12
S01007331,815,780,35,545,521,24,380,364,16,106,104,2,274,260,14,135,131,4,21,20,1,114,111,3,30,26,4,270,259,11
S01007332,435,422,13,254,246,8,137,132,5,51,48,3,86,84,2,104,102,2,19,18,1,85,84,1,13,12,1,181,176,5
S01007333,688,666,22,385,372,13,296,287,9,88,86,2,208,201,7,70,67,3,15,13,2,55,54,1,19,18,1,303,294,9
S01007334,591,568,23,327,310,17,243,236,7,90,90,0,153,146,7,33,26,7,13,8,5,20,18,2,51,48,3,264,258,6
S01007335,667,654,13,379,370,9,315,306,9,107,103,4,208,203,5,27,27,0,2,2,0,25,25,0,37,37,0,288,284,4
S01007336,458,430,28,269,246,23,190,172,18,57,51,6,133,121,12,37,34,3,6,6,0,31,28,3,42,40,2,189,184,5
S01007337,562,547,15,285,274,11,218,209,9,77,71,6,141,138,3,44,43,1,10,10,0,34,33,1,23,22,1,277,273,4
S01007338,606,594,12,384,376,8,321,315,6,113,110,3,208,205,3,42,40,2,9,7,2,33,33,0,21,21,0,222,218,4
S01007339,527,514,13,289,282,7,229,224,5,82,79,3,147,145,2,53,52,1,6,6,0,47,46,1,7,6,1,238,232,6
S01007340,404,391,13,200,192,8,146,141,5,45,43,2,101,98,3,38,36,2,11,10,1,27,26,1,16,15,1,204,199,5
S01007341,654,634,20,295,280,15,217,206,11,64,61,3,153,145,8,58,55,3,12,11,1,46,44,2,20,19,1,359,354,5
S01007342,724,680,44,383,351,32,272,247,25,116,100,16,156,147,9,99,93,6,23,22,1,76,71,5,12,11,1,341,329,12
S01007343,569,547,22,337,323,14,204,195,9,63,61,2,141,134,7,125,121,4,23,22,1,102,99,3,8,7,1,232,224,8
S01007344,394,374,20,193,181,12,148,138,10,42,40,2,106,98,8,38,37,1,8,7,1,30,30,0,7,6,1,201,193,8
S01007345,454,444,10,272,266,6,197,192,5,85,83,2,112,109,3,30,30,0,8,8,0,22,22,0,45,44,1,182,178,4
S01007346,487,461,26,258,237,21,191,179,12,61,56,5,130,123,7,25,18,7,5,5,0,20,13,7,42,40,2,229,224,5
S01007347,543,530,13,265,257,8,199,194,5,71,68,3,128,126,2,32,30,2,7,5,2,25,25,0,34,33,1,278,273,5
S01007348,491,481,10,279,274,5,217,214,3,86,86,0,131,128,3,32,30,2,13,12,1,19,18,1,30,30,0,212,207,5
S01007349,340,331,9,207,204,3,168,166,2,60,59,1,108,107,1,18,18,0,2,2,0,16,16,0,21,20,1,133,127,6
S01007350,506,481,25,274,253,21,198,180,18,67,67,0,131,113,18,50,49,1,16,15,1,34,34,0,26,24,2,232,228,4
S01007351,592,557,35,281,260,21,170,156,14,50,44,6,120,112,8,97,92,5,27,24,3,70,68,2,14,12,2,311,297,14
S01007352,442,399,43,262,230,32,142,121,21,37,33,4,105,88,17,102,94,8,20,18,2,82,76,6,18,15,3,180,169,11
S01007353,538,509,29,286,268,18,200,191,9,61,60,1,139,131,8,66,58,8,19,17,2,47,41,6,20,19,1,252,241,11
S01007354,707,678,29,340,321,19,258,246,12,76,68,8,182,178,4,62,58,4,21,20,1,41,38,3,20,17,3,367,357,10
S01007355,854,805,49,459,432,27,311,290,21,81,76,5,230,214,16,124,119,5,27,25,2,97,94,3,24,23,1,395,373,22
S01007356,625,590,35,320,300,20,221,208,13,78,72,6,143,136,7,70,65,5,21,20,1,49,45,4,29,27,2,305,290,15
S01007357,681,629,52,386,350,36,263,239,24,83,78,5,180,161,19,108,97,11,29,25,4,79,72,7,15,14,1,295,279,16
S01007358,765,699,66,537,482,55,420,367,53,105,91,14,315,276,39,91,89,2,24,24,0,67,65,2,26,26,0,228,217,11
S01007359,668,636,32,364,344,20,290,275,15,90,83,7,200,192,8,43,39,4,17,16,1,26,23,3,31,30,1,304,292,12
S01007360,481,445,36,234,209,25,178,162,16,50,46,4,128,116,12,42,36,6,13,11,2,29,25,4,14,11,3,247,236,11
S01007361,884,841,43,475,449,26,339,319,20,103,96,7,236,223,13,98,92,6,21,19,2,77,73,4,38,38,0,409,392,17
S01007362,659,628,31,349,333,16,281,270,11,76,73,3,205,197,8,48,45,3,14,12,2,34,33,1,20,18,2,310,295,15
S01007363,608,577,31,283,267,16,219,207,12,67,62,5,152,145,7,35,32,3,7,6,1,28,26,2,29,28,1,325,310,15
S01007364,687,661,26,404,386,18,317,301,16,110,108,2,207,193,14,27,26,1,5,4,1,22,22,0,60,59,1,283,275,8
S01007365,392,385,7,230,225,5,178,174,4,61,59,2,117,115,2,25,25,0,4,4,0,21,21,0,27,26,1,162,160,2
S01007366,398,383,15,173,167,6,132,127,5,47,46,1,85,81,4,17,17,0,6,6,0,11,11,0,24,23,1,225,216,9
S01007367,474,440,34,273,248,25,212,192,20,72,65,7,140,127,13,41,38,3,11,11,0,30,27,3,20,18,2,201,192,9
S01007368,404,381,23,240,228,12,174,164,10,62,61,1,112,103,9,26,24,2,7,5,2,19,19,0,40,40,0,164,153,11
S01007369,628,595,33,394,378,16,311,299,12,95,92,3,216,207,9,49,48,1,15,14,1,34,34,0,34,31,3,234,217,17
S01007370,640,603,37,433,401,32,330,308,22,99,94,5,231,214,17,50,46,4,14,11,3,36,35,1,53,47,6,207,202,5
S01007371,563,532,31,370,347,23,293,272,21,101,95,6,192,177,15,44,43,1,6,6,0,38,37,1,33,32,1,193,185,8
S01007372,759,702,57,398,356,42,310,277,33,100,89,11,210,188,22,61,55,6,17,16,1,44,39,5,27,24,3,361,346,15
S01007373,536,517,19,278,270,8,189,185,4,55,55,0,134,130,4,70,66,4,24,21,3,46,45,1,19,19,0,258,247,11
S01007374,435,420,15,286,277,9,223,218,5,56,55,1,167,163,4,47,44,3,14,13,1,33,31,2,16,15,1,149,143,6
S01007375,406,381,25,223,206,17,159,146,13,39,35,4,120,111,9,47,45,2,11,10,1,36,35,1,17,15,2,183,175,8
S01007376,688,664,24,416,400,16,328,316,12,96,92,4,232,224,8,33,31,2,8,7,1,25,24,1,55,53,2,272,264,8
S01007377,553,518,35,356,334,22,280,266,14,73,67,6,207,199,8,61,57,4,22,20,2,39,37,2,15,11,4,197,184,13
S01007378,1367,1297,70,1180,1126,54,1116,1067,49,68,61,7,1048,1006,42,49,44,5,15,12,3,34,32,2,15,15,0,187,171,16
S01007379,405,390,15,235,229,6,194,188,6,52,49,3,142,139,3,15,15,0,0,0,0,15,15,0,26,26,0,170,161,9
S01007380,448,439,9,314,308,6,270,265,5,63,60,3,207,205,2,20,20,0,7,7,0,13,13,0,24,23,1,134,131,3
S01007381,423,394,29,208,192,16,170,157,13,41,38,3,129,119,10,28,26,2,15,14,1,13,12,1,10,9,1,215,202,13
S01007382,534,515,19,336,326,10,273,266,7,75,72,3,198,194,4,53,50,3,15,14,1,38,36,2,10,10,0,198,189,9
S01007383,637,602,35,369,348,21,286,268,18,67,64,3,219,204,15,63,61,2,18,17,1,45,44,1,20,19,1,268,254,14
S01007384,611,577,34,419,401,18,353,340,13,100,98,2,253,242,11,33,31,2,14,12,2,19,19,0,33,30,3,192,176,16
S01007385,729,696,33,388,366,22,312,296,16,80,78,2,232,218,14,56,50,6,16,15,1,40,35,5,20,20,0,341,330,11
S01007386,684,648,36,369,352,17,263,253,10,79,75,4,184,178,6,94,90,4,38,37,1,56,53,3,12,9,3,315,296,19
S01007387,664,630,34,376,358,18,302,287,15,84,78,6,218,209,9,64,61,3,20,19,1,44,42,2,10,10,0,288,272,16
S01007388,572,552,20,366,352,14,301,289,12,86,83,3,215,206,9,41,39,2,12,12,0,29,27,2,24,24,0,206,200,6
S01007389,388,354,34,292,272,20,242,226,16,54,49,5,188,177,11,16,16,0,8,8,0,8,8,0,34,30,4,96,82,14
S01007390,363,340,23,277,259,18,229,217,12,82,79,3,147,138,9,29,25,4,11,10,1,18,15,3,19,17,2,86,81,5
S01007391,487,467,20,303,291,12,254,243,11,70,66,4,184,177,7,31,31,0,11,11,0,20,20,0,18,17,1,184,176,8
S01007392,413,396,17,219,209,10,176,170,6,38,36,2,138,134,4,32,29,3,10,8,2,22,21,1,11,10,1,194,187,7
S01007393,665,607,58,271,243,28,191,169,22,54,49,5,137,120,17,61,57,4,18,16,2,43,41,2,19,17,2,394,364,30
S01007394,559,523,36,264,247,17,212,200,12,67,64,3,145,136,9,34,30,4,7,7,0,27,23,4,18,17,1,295,276,19
S01007395,714,682,32,433,417,16,341,327,14,70,67,3,271,260,11,52,51,1,11,11,0,41,40,1,40,39,1,281,265,16
S01007396,691,646,45,409,383,26,334,313,21,82,77,5,252,236,16,44,39,5,21,19,2,23,20,3,31,31,0,282,263,19
S01007397,794,740,54,455,420,35,369,339,30,102,93,9,267,246,21,69,65,4,23,22,1,46,43,3,17,16,1,339,320,19
S01007398,515,497,18,330,319,11,265,258,7,98,95,3,167,163,4,23,20,3,6,5,1,17,15,2,42,41,1,185,178,7
S01007399,503,489,14,312,302,10,222,216,6,81,79,2,141,137,4,27,25,2,10,9,1,17,16,1,63,61,2,191,187,4
S01007400,605,566,39,362,334,28,285,265,20,91,85,6,194,180,14,47,42,5,14,13,1,33,29,4,30,27,3,243,232,11
S01007401,570,534,36,373,346,27,314,292,22,87,79,8,227,213,14,37,33,4,8,7,1,29,26,3,22,21,1,197,188,9
S01007402,521,500,21,321,310,11,274,263,11,83,79,4,191,184,7,39,39,0,11,11,0,28,28,0,8,8,0,200,190,10
S01007403,551,524,27,434,414,20,377,360,17,106,101,5,271,259,12,32,31,1,12,12,0,20,19,1,25,23,2,117,110,7
S01007404,371,351,20,241,231,10,151,144,7,38,37,1,113,107,6,75,73,2,11,11,0,64,62,2,15,14,1,130,120,10
S01007405,550,526,24,376,363,13,288,281,7,71,68,3,217,213,4,73,69,4,13,13,0,60,56,4,15,13,2,174,163,11
S01007406,521,489,32,309,290,19,249,236,13,78,74,4,171,162,9,47,41,6,7,6,1,40,35,5,13,13,0,212,199,13
S01007407,598,574,24,358,341,17,291,275,16,79,79,0,212,196,16,54,53,1,10,10,0,44,43,1,13,13,0,240,233,7
S01007408,484,466,18,313,301,12,249,240,9,75,74,1,174,166,8,34,33,1,9,8,1,25,25,0,30,28,2,171,165,6
S01007409,614,605,9,390,382,8,340,334,6,85,84,1,255,250,5,34,32,2,8,8,0,26,24,2,16,16,0,224,223,1
S01007410,541,509,32,302,281,21,244,225,19,72,70,2,172,155,17,17,16,1,3,3,0,14,13,1,41,40,1,239,228,11
S01007411,699,668,31,411,388,23,318,300,18,86,82,4,232,218,14,29,26,3,4,3,1,25,23,2,64,62,2,288,280,8
S01007412,396,389,7,230,224,6,194,189,5,40,40,0,154,149,5,12,11,1,1,0,1,11,11,0,24,24,0,166,165,1
S01007413,721,694,27,564,541,23,476,464,12,105,98,7,371,366,5,53,46,7,9,6,3,44,40,4,35,31,4,157,153,4
S01007414,525,498,27,410,389,21,367,348,19,95,92,3,272,256,16,32,31,1,10,9,1,22,22,0,11,10,1,115,109,6
S01007415,677,657,20,414,399,15,341,331,10,84,81,3,257,250,7,27,24,3,12,11,1,15,13,2,46,44,2,263,258,5
S01007416,423,403,20,247,232,15,185,171,14,61,58,3,124,113,11,14,13,1,4,4,0,10,9,1,48,48,0,176,171,5
S01007417,793,738,55,579,539,40,502,470,32,104,96,8,398,374,24,47,42,5,8,7,1,39,35,4,30,27,3,214,199,15
S01007418,534,514,20,330,315,15,279,267,12,85,82,3,194,185,9,18,17,1,5,5,0,13,12,1,33,31,2,204,199,5
S01007419,650,605,45,437,410,27,337,317,20,102,94,8,235,223,12,23,19,4,5,5,0,18,14,4,77,74,3,213,195,18
S01007420,1283,1229,54,607,570,37,500,474,26,141,136,5,359,338,21,64,57,7,12,9,3,52,48,4,43,39,4,676,659,17
S01007421,524,507,17,381,367,14,305,292,13,66,64,2,239,228,11,49,48,1,14,14,0,35,34,1,27,27,0,143,140,3
S01007422,492,462,30,299,276,23,242,222,20,63,59,4,179,163,16,37,35,2,10,10,0,27,25,2,20,19,1,193,186,7
S01007423,600,579,21,432,413,19,374,359,15,82,78,4,292,281,11,37,35,2,8,7,1,29,28,1,21,19,2,168,166,2
S01007424,673,655,18,413,401,12,376,367,9,103,102,1,273,265,8,29,26,3,11,11,0,18,15,3,8,8,0,260,254,6
S01007425,724,705,19,459,445,14,380,367,13,120,116,4,260,251,9,41,40,1,10,9,1,31,31,0,38,38,0,265,260,5
S01007426,543,505,38,317,297,20,254,237,17,66,62,4,188,175,13,35,32,3,12,11,1,23,21,2,28,28,0,226,208,18
S01007427,550,537,13,312,307,5,246,243,3,73,72,1,173,171,2,19,18,1,6,6,0,13,12,1,47,46,1,238,230,8
S01007428,749,722,27,456,436,20,379,363,16,105,99,6,274,264,10,36,36,0,13,13,0,23,23,0,41,37,4,293,286,7
S01007429,601,577,24,423,405,18,344,330,14,89,85,4,255,245,10,40,37,3,8,7,1,32,30,2,39,38,1,178,172,6
S01007430,395,379,16,238,229,9,191,186,5,62,61,1,129,125,4,30,26,4,6,5,1,24,21,3,17,17,0,157,150,7
S01007431,478,470,8,326,321,5,282,278,4,78,77,1,204,201,3,21,20,1,6,6,0,15,14,1,23,23,0,152,149,3
S01007432,708,689,19,415,398,17,350,334,16,92,87,5,258,247,11,41,40,1,12,11,1,29,29,0,24,24,0,293,291,2
S01007433,659,646,13,390,380,10,309,304,5,89,88,1,220,216,4,57,53,4,11,10,1,46,43,3,24,23,1,269,266,3
S01007434,402,390,12,262,252,10,196,189,7,61,60,1,135,129,6,26,25,1,7,7,0,19,18,1,40,38,2,140,138,2
S01007435,574,547,27,377,357,20,308,295,13,70,69,1,238,226,12,34,30,4,14,13,1,20,17,3,35,32,3,197,190,7
S01007436,543,523,20,336,323,13,279,271,8,86,85,1,193,186,7,20,18,2,9,8,1,11,10,1,37,34,3,207,200,7
S01007437,370,350,20,234,221,13,179,167,12,57,51,6,122,116,6,24,24,0,4,4,0,20,20,0,31,30,1,136,129,7
S01007438,572,545,27,348,329,19,280,264,16,60,57,3,220,207,13,25,24,1,4,4,0,21,20,1,43,41,2,224,216,8
S01007439,600,576,24,352,332,20,296,281,15,70,65,5,226,216,10,29,27,2,9,7,2,20,20,0,27,24,3,248,244,4
S01007440,539,509,30,335,318,17,281,267,14,81,77,4,200,190,10,28,26,2,4,4,0,24,22,2,26,25,1,204,191,13
S01007441,462,443,19,303,292,11,265,256,9,62,60,2,203,196,7,25,23,2,9,9,0,16,14,2,13,13,0,159,151,8
S01007442,418,400,18,258,242,16,216,203,13,54,52,2,162,151,11,35,34,1,11,11,0,24,23,1,7,5,2,160,158,2
S01007443,758,685,73,379,346,33,290,269,21,88,81,7,202,188,14,62,55,7,11,9,2,51,46,5,27,22,5,379,339,40
S01007444,773,725,48,424,392,32,319,299,20,90,84,6,229,215,14,89,78,11,23,22,1,66,56,10,16,15,1,349,333,16
S01007445,505,477,28,298,281,17,239,227,12,66,65,1,173,162,11,50,46,4,18,18,0,32,28,4,9,8,1,207,196,11
S01007446,422,389,33,268,249,19,201,189,12,60,56,4,141,133,8,52,46,6,13,11,2,39,35,4,15,14,1,154,140,14
S01007447,411,384,27,250,233,17,176,166,10,56,54,2,120,112,8,64,62,2,18,17,1,46,45,1,10,5,5,161,151,10
S01007448,736,716,20,454,440,14,347,338,9,87,84,3,260,254,6,80,76,4,23,22,1,57,54,3,27,26,1,282,276,6
S01007449,821,799,22,515,499,16,402,390,12,110,108,2,292,282,10,38,34,4,16,15,1,22,19,3,75,75,0,306,300,6
S01007450,598,587,11,357,349,8,276,268,8,92,87,5,184,181,3,25,25,0,10,10,0,15,15,0,56,56,0,241,238,3
S01007451,524,510,14,330,322,8,280,273,7,84,81,3,196,192,4,25,25,0,5,5,0,20,20,0,25,24,1,194,188,6
S01007452,414,399,15,257,246,11,180,174,6,49,48,1,131,126,5,37,33,4,3,3,0,34,30,4,40,39,1,157,153,4
S01007453,458,424,34,358,335,23,311,289,22,61,57,4,250,232,18,34,33,1,6,6,0,28,27,1,13,13,0,100,89,11
S01007454,418,405,13,279,269,10,223,215,8,60,56,4,163,159,4,28,26,2,6,5,1,22,21,1,28,28,0,139,136,3
S01007455,677,645,32,428,401,27,345,323,22,91,85,6,254,238,16,21,18,3,8,7,1,13,11,2,62,60,2,249,244,5
S01007456,702,662,40,430,400,30,347,317,30,109,104,5,238,213,25,22,22,0,5,5,0,17,17,0,61,61,0,272,262,10
S01007457,870,823,47,553,516,37,440,410,30,91,84,7,349,326,23,41,37,4,15,11,4,26,26,0,72,69,3,317,307,10
S01007458,443,433,10,288,280,8,259,251,8,72,71,1,187,180,7,19,19,0,4,4,0,15,15,0,10,10,0,155,153,2
S01007459,551,533,18,313,301,12,262,254,8,69,67,2,193,187,6,31,27,4,10,9,1,21,18,3,20,20,0,238,232,6
S01007460,619,603,16,364,353,11,282,273,9,68,62,6,214,211,3,43,41,2,12,12,0,31,29,2,39,39,0,255,250,5
S01007461,568,545,23,327,308,19,235,219,16,77,70,7,158,149,9,21,20,1,9,8,1,12,12,0,71,69,2,241,237,4
S01007462,661,620,41,462,430,32,388,361,27,79,72,7,309,289,20,43,40,3,10,10,0,33,30,3,31,29,2,199,190,9
S01007463,721,684,37,419,390,29,292,273,19,103,99,4,189,174,15,35,30,5,6,6,0,29,24,5,92,87,5,302,294,8
S01007464,548,509,39,286,259,27,232,208,24,61,56,5,171,152,19,10,7,3,3,2,1,7,5,2,44,44,0,262,250,12
S01007465,594,563,31,324,298,26,215,193,22,77,74,3,138,119,19,18,16,2,3,3,0,15,13,2,91,89,2,270,265,5
S01007466,851,780,71,490,436,54,372,322,50,115,102,13,257,220,37,31,29,2,4,4,0,27,25,2,87,85,2,361,344,17
S01007467,824,769,55,469,429,40,397,365,32,106,94,12,291,271,20,32,27,5,12,11,1,20,16,4,40,37,3,355,340,15
S01007468,607,581,26,429,409,20,376,360,16,90,87,3,286,273,13,36,33,3,8,8,0,28,25,3,17,16,1,178,172,6
S01007469,465,448,17,311,301,10,260,252,8,71,69,2,189,183,6,18,17,1,8,8,0,10,9,1,33,32,1,154,147,7
S01007470,572,524,48,320,292,28,248,223,25,67,64,3,181,159,22,26,25,1,8,8,0,18,17,1,46,44,2,252,232,20
S01007471,382,375,7,264,259,5,236,233,3,66,65,1,170,168,2,14,13,1,8,7,1,6,6,0,14,13,1,118,116,2
S01007472,458,442,16,256,246,10,210,203,7,58,57,1,152,146,6,13,11,2,7,6,1,6,5,1,33,32,1,202,196,6
S01007473,370,364,6,227,222,5,197,194,3,53,52,1,144,142,2,11,9,2,4,4,0,7,5,2,19,19,0,143,142,1
S01007474,445,435,10,313,305,8,263,258,5,81,81,0,182,177,5,35,32,3,11,9,2,24,23,1,15,15,0,132,130,2
S01007475,491,464,27,337,316,21,290,274,16,75,70,5,215,204,11,24,20,4,6,6,0,18,14,4,23,22,1,154,148,6
S01007476,565,546,19,313,302,11,264,257,7,72,72,0,192,185,7,29,26,3,8,6,2,21,20,1,20,19,1,252,244,8
S01007477,437,422,15,291,282,9,238,230,8,43,43,0,195,187,8,37,36,1,13,13,0,24,23,1,16,16,0,146,140,6
S01007478,751,714,37,474,449,25,398,377,21,88,78,10,310,299,11,46,42,4,7,5,2,39,37,2,30,30,0,277,265,12
S01007479,458,436,22,331,317,14,294,280,14,66,62,4,228,218,10,14,14,0,4,4,0,10,10,0,23,23,0,127,119,8
S01007480,609,575,34,476,452,24,428,406,22,97,91,6,331,315,16,25,24,1,5,5,0,20,19,1,23,22,1,133,123,10
S01007481,740,721,19,359,351,8,288,281,7,91,89,2,197,192,5,59,58,1,17,16,1,42,42,0,12,12,0,381,370,11
S01007482,408,400,8,197,194,3,167,165,2,54,54,0,113,111,2,18,18,0,7,7,0,11,11,0,12,11,1,211,206,5
S01007483,629,615,14,402,394,8,311,304,7,104,102,2,207,202,5,57,57,0,22,22,0,35,35,0,34,33,1,227,221,6
S01007484,470,450,20,277,261,16,193,181,12,61,59,2,132,122,10,36,33,3,8,8,0,28,25,3,48,47,1,193,189,4
S01007485,359,350,9,210,202,8,154,146,8,72,68,4,82,78,4,13,13,0,4,4,0,9,9,0,43,43,0,149,148,1
S01007486,382,376,6,193,191,2,134,132,2,74,73,1,60,59,1,8,8,0,2,2,0,6,6,0,51,51,0,189,185,4
S01007487,763,735,28,452,428,24,336,316,20,108,104,4,228,212,16,50,47,3,13,12,1,37,35,2,66,65,1,311,307,4
S01007488,838,810,28,535,513,22,420,403,17,135,129,6,285,274,11,71,67,4,8,8,0,63,59,4,44,43,1,303,297,6
S01007489,725,713,12,429,421,8,339,334,5,136,134,2,203,200,3,58,57,1,11,11,0,47,46,1,32,30,2,296,292,4
S01007490,757,741,16,397,389,8,318,312,6,127,125,2,191,187,4,46,45,1,14,14,0,32,31,1,33,32,1,360,352,8
S01007491,886,852,34,570,547,23,470,452,18,169,163,6,301,289,12,42,40,2,7,7,0,35,33,2,58,55,3,316,305,11
S01007492,597,584,13,358,349,9,301,294,7,107,104,3,194,190,4,29,28,1,9,8,1,20,20,0,28,27,1,239,235,4
S01007493,677,669,8,433,428,5,369,366,3,127,125,2,242,241,1,31,29,2,8,7,1,23,22,1,33,33,0,244,241,3
S01007494,448,438,10,258,251,7,164,160,4,59,57,2,105,103,2,79,77,2,9,9,0,70,68,2,15,14,1,190,187,3
S01007495,677,647,30,449,428,21,309,295,14,116,113,3,193,182,11,129,122,7,23,20,3,106,102,4,11,11,0,228,219,9
S01007496,882,850,32,481,463,18,313,302,11,118,115,3,195,187,8,142,136,6,37,34,3,105,102,3,26,25,1,401,387,14
S01007497,481,470,11,274,266,8,201,195,6,62,59,3,139,136,3,60,58,2,16,15,1,44,43,1,13,13,0,207,204,3
S01007498,737,721,16,393,385,8,294,288,6,94,93,1,200,195,5,72,70,2,16,16,0,56,54,2,27,27,0,344,336,8
S01007499,687,668,19,444,431,13,309,299,10,101,98,3,208,201,7,103,101,2,20,19,1,83,82,1,32,31,1,243,237,6
S01007500,516,502,14,260,252,8,168,164,4,60,59,1,108,105,3,71,69,2,9,8,1,62,61,1,21,19,2,256,250,6
S01007501,598,577,21,296,291,5,167,164,3,67,65,2,100,99,1,102,101,1,19,19,0,83,82,1,27,26,1,302,286,16
S01007502,447,438,9,261,257,4,177,174,3,71,71,0,106,103,3,72,71,1,13,13,0,59,58,1,12,12,0,186,181,5
S01007503,870,841,29,485,465,20,309,294,15,102,96,6,207,198,9,136,131,5,27,25,2,109,106,3,40,40,0,385,376,9
S01007504,588,573,15,351,343,8,204,196,8,81,80,1,123,116,7,124,124,0,27,27,0,97,97,0,23,23,0,237,230,7
S01007505,346,332,14,226,217,9,131,125,6,46,43,3,85,82,3,78,75,3,10,9,1,68,66,2,17,17,0,120,115,5
S01007506,426,412,14,240,233,7,140,133,7,46,46,0,94,87,7,91,91,0,12,12,0,79,79,0,9,9,0,186,179,7
S01007507,793,766,27,436,421,15,297,287,10,107,101,6,190,186,4,107,102,5,18,16,2,89,86,3,32,32,0,357,345,12
S01007508,604,584,20,348,339,9,234,225,9,84,83,1,150,142,8,98,98,0,24,24,0,74,74,0,16,16,0,256,245,11
S01007509,528,513,15,316,308,8,187,182,5,70,66,4,117,116,1,108,106,2,29,29,0,79,77,2,21,20,1,212,205,7
S01007510,862,829,33,416,405,11,269,262,7,118,115,3,151,147,4,125,123,2,36,35,1,89,88,1,22,20,2,446,424,22
S01007511,675,653,22,350,332,18,226,214,12,88,87,1,138,127,11,81,77,4,24,21,3,57,56,1,43,41,2,325,321,4
S01007512,449,434,15,247,239,8,143,138,5,57,54,3,86,84,2,90,90,0,23,23,0,67,67,0,14,11,3,202,195,7
S01007513,825,794,31,501,476,25,393,371,22,139,137,2,254,234,20,61,59,2,14,13,1,47,46,1,47,46,1,324,318,6
S01007514,445,393,52,274,229,45,210,168,42,68,66,2,142,102,40,46,43,3,7,6,1,39,37,2,18,18,0,171,164,7
S01007515,519,493,26,263,253,10,196,192,4,63,63,0,133,129,4,44,39,5,9,8,1,35,31,4,23,22,1,256,240,16
S01007516,475,447,28,305,287,18,240,226,14,83,77,6,157,149,8,36,32,4,10,8,2,26,24,2,29,29,0,170,160,10
S01007517,426,418,8,182,180,2,144,144,0,51,51,0,93,93,0,30,28,2,4,3,1,26,25,1,8,8,0,244,238,6
S01007518,699,684,15,393,382,11,318,310,8,104,102,2,214,208,6,47,45,2,8,8,0,39,37,2,28,27,1,306,302,4
S01007519,406,389,17,209,201,8,130,125,5,39,39,0,91,86,5,70,67,3,14,13,1,56,54,2,9,9,0,197,188,9
S01007520,810,760,50,433,399,34,310,287,23,96,91,5,214,196,18,94,83,11,20,15,5,74,68,6,29,29,0,377,361,16
S01007521,380,359,21,225,216,9,159,153,6,53,51,2,106,102,4,61,58,3,10,9,1,51,49,2,5,5,0,155,143,12
S01007522,868,815,53,436,411,25,317,295,22,111,100,11,206,195,11,92,89,3,30,29,1,62,60,2,27,27,0,432,404,28
S01007523,457,431,26,272,260,12,187,178,9,70,66,4,117,112,5,67,65,2,15,14,1,52,51,1,18,17,1,185,171,14
S01007524,818,795,23,496,484,12,325,317,8,106,105,1,219,212,7,150,146,4,29,29,0,121,117,4,21,21,0,322,311,11
S01007525,465,447,18,251,243,8,198,190,8,65,62,3,133,128,5,38,38,0,6,6,0,32,32,0,15,15,0,214,204,10
S01007526,633,582,51,311,283,28,226,203,23,84,77,7,142,126,16,61,57,4,15,15,0,46,42,4,24,23,1,322,299,23
S01007527,679,656,23,398,385,13,293,284,9,106,105,1,187,179,8,76,73,3,29,27,2,47,46,1,29,28,1,281,271,10
S01007528,633,593,40,393,360,33,289,259,30,104,89,15,185,170,15,75,72,3,23,23,0,52,49,3,29,29,0,240,233,7
S01007529,582,557,25,290,272,18,210,197,13,72,67,5,138,130,8,70,66,4,19,18,1,51,48,3,10,9,1,292,285,7
S01007530,446,421,25,278,259,19,175,164,11,62,59,3,113,105,8,95,87,8,25,22,3,70,65,5,8,8,0,168,162,6
S01007531,581,552,29,343,322,21,219,202,17,73,65,8,146,137,9,113,109,4,26,25,1,87,84,3,11,11,0,238,230,8
S01007532,480,461,19,302,291,11,196,190,6,67,66,1,129,124,5,90,85,5,20,18,2,70,67,3,16,16,0,178,170,8
S01007533,471,451,20,295,282,13,183,175,8,58,56,2,125,119,6,99,95,4,24,22,2,75,73,2,13,12,1,176,169,7
S01007534,790,772,18,440,427,13,334,324,10,118,114,4,216,210,6,78,76,2,17,16,1,61,60,1,28,27,1,350,345,5
S01007535,862,840,22,487,475,12,380,371,9,150,145,5,230,226,4,72,69,3,20,18,2,52,51,1,35,35,0,375,365,10
S01007536,783,763,20,482,470,12,373,366,7,130,129,1,243,237,6,79,75,4,12,12,0,67,63,4,30,29,1,301,293,8
S01007537,906,870,36,472,445,27,367,348,19,115,108,7,252,240,12,79,76,3,18,16,2,61,60,1,26,21,5,434,425,9
S01007538,760,739,21,476,463,13,320,311,9,111,109,2,209,202,7,134,130,4,37,36,1,97,94,3,22,22,0,284,276,8
S01007539,584,568,16,289,283,6,230,225,5,69,68,1,161,157,4,48,48,0,15,15,0,33,33,0,11,10,1,295,285,10
S01007540,722,709,13,384,377,7,304,298,6,107,105,2,197,193,4,53,52,1,14,13,1,39,39,0,27,27,0,338,332,6
S01007541,672,665,7,352,348,4,288,284,4,95,94,1,193,190,3,44,44,0,11,11,0,33,33,0,20,20,0,320,317,3
S01007542,712,687,25,464,447,17,341,328,13,113,108,5,228,220,8,67,65,2,18,18,0,49,47,2,56,54,2,248,240,8
S01007543,869,851,18,562,549,13,453,445,8,178,176,2,275,269,6,64,59,5,15,15,0,49,44,5,45,45,0,307,302,5
S01007544,930,882,48,437,413,24,259,247,12,85,80,5,174,167,7,162,150,12,40,37,3,122,113,9,16,16,0,493,469,24
S01007545,682,662,20,405,392,13,258,250,8,91,90,1,167,160,7,130,127,3,35,33,2,95,94,1,17,15,2,277,270,7
S01007546,458,448,10,302,297,5,211,207,4,74,71,3,137,136,1,78,77,1,18,18,0,60,59,1,13,13,0,156,151,5
S01007547,459,425,34,317,293,24,200,182,18,53,49,4,147,133,14,105,100,5,22,19,3,83,81,2,12,11,1,142,132,10
S01007548,578,550,28,361,345,16,264,253,11,93,89,4,171,164,7,71,66,5,24,20,4,47,46,1,26,26,0,217,205,12
S01007549,519,498,21,274,261,13,179,167,12,66,60,6,113,107,6,70,70,0,18,18,0,52,52,0,25,24,1,245,237,8
S01007550,789,761,28,381,367,14,264,254,10,89,86,3,175,168,7,98,95,3,37,35,2,61,60,1,19,18,1,408,394,14
S01007551,766,725,41,462,437,25,272,255,17,94,90,4,178,165,13,171,165,6,45,42,3,126,123,3,19,17,2,304,288,16
S01007552,737,721,16,439,429,10,333,327,6,105,103,2,228,224,4,51,47,4,9,9,0,42,38,4,55,55,0,298,292,6
S01007553,709,701,8,368,365,3,290,288,2,91,90,1,199,198,1,26,25,1,6,6,0,20,19,1,52,52,0,341,336,5
S01007554,371,367,4,159,155,4,125,121,4,28,26,2,97,95,2,9,9,0,2,2,0,7,7,0,25,25,0,212,212,0
S01007555,446,432,14,259,250,9,199,194,5,52,51,1,147,143,4,40,38,2,5,5,0,35,33,2,20,18,2,187,182,5
S01007556,439,428,11,230,219,11,176,168,8,60,59,1,116,109,7,29,28,1,3,3,0,26,25,1,25,23,2,209,209,0
S01007557,899,887,12,513,506,7,426,421,5,147,143,4,279,278,1,32,30,2,6,6,0,26,24,2,55,55,0,386,381,5
S01007558,366,355,11,202,196,6,132,129,3,42,42,0,90,87,3,58,55,3,12,11,1,46,44,2,12,12,0,164,159,5
S01007559,591,568,23,411,395,16,275,266,9,86,82,4,189,184,5,111,105,6,33,29,4,78,76,2,25,24,1,180,173,7
S01007560,796,769,27,432,414,18,343,334,9,127,123,4,216,211,5,70,61,9,20,16,4,50,45,5,19,19,0,364,355,9
S01007561,640,618,22,314,301,13,243,235,8,94,90,4,149,145,4,41,37,4,11,9,2,30,28,2,30,29,1,326,317,9
S01007562,688,666,22,420,412,8,297,291,6,101,100,1,196,191,5,97,95,2,27,26,1,70,69,1,26,26,0,268,254,14
S01007563,729,690,39,422,395,27,280,266,14,107,102,5,173,164,9,116,106,10,40,38,2,76,68,8,26,23,3,307,295,12
S01007564,652,632,20,410,401,9,256,250,6,104,102,2,152,148,4,132,130,2,41,40,1,91,90,1,22,21,1,242,231,11
S01007565,794,771,23,482,470,12,362,351,11,111,106,5,251,245,6,87,86,1,20,20,0,67,66,1,33,33,0,312,301,11
S01007566,603,581,22,376,363,13,262,253,9,86,83,3,176,170,6,93,89,4,9,9,0,84,80,4,21,21,0,227,218,9
S01007567,483,474,9,338,329,9,236,228,8,90,86,4,146,142,4,86,86,0,17,17,0,69,69,0,16,15,1,145,145,0
S01007568,550,518,32,355,334,21,276,261,15,83,74,9,193,187,6,68,63,5,19,17,2,49,46,3,11,10,1,195,184,11
S01007569,698,666,32,414,389,25,321,301,20,98,93,5,223,208,15,80,76,4,18,16,2,62,60,2,13,12,1,284,277,7
S01007570,567,548,19,365,351,14,283,272,11,83,78,5,200,194,6,59,57,2,14,14,0,45,43,2,23,22,1,202,197,5
S01007571,465,448,17,303,292,11,218,211,7,78,75,3,140,136,4,73,70,3,17,15,2,56,55,1,12,11,1,162,156,6
S01007572,788,768,20,459,448,11,357,348,9,120,117,3,237,231,6,67,67,0,17,17,0,50,50,0,35,33,2,329,320,9
S01007573,646,611,35,543,517,26,490,469,21,122,116,6,368,353,15,45,40,5,8,7,1,37,33,4,8,8,0,103,94,9
S01007574,820,805,15,514,505,9,431,426,5,166,164,2,265,262,3,35,32,3,9,8,1,26,24,2,48,47,1,306,300,6
S01007575,704,681,23,393,375,18,308,295,13,115,110,5,193,185,8,30,26,4,6,4,2,24,22,2,55,54,1,311,306,5
S01007576,542,521,21,319,301,18,212,201,11,92,88,4,120,113,7,17,14,3,6,4,2,11,10,1,90,86,4,223,220,3
S01007577,527,512,15,305,300,5,235,231,4,87,86,1,148,145,3,16,15,1,3,3,0,13,12,1,54,54,0,222,212,10
S01007578,540,515,25,325,306,19,257,246,11,95,92,3,162,154,8,22,21,1,3,3,0,19,18,1,46,39,7,215,209,6
S01007579,495,476,19,329,319,10,269,261,8,103,100,3,166,161,5,13,12,1,3,3,0,10,9,1,47,46,1,166,157,9
S01007580,638,600,38,389,361,28,319,296,23,115,106,9,204,190,14,16,14,2,3,3,0,13,11,2,54,51,3,249,239,10
S01007581,392,384,8,241,235,6,197,191,6,79,77,2,118,114,4,21,21,0,4,4,0,17,17,0,23,23,0,151,149,2
S01007582,533,516,17,339,326,13,278,266,12,93,89,4,185,177,8,23,22,1,6,6,0,17,16,1,38,38,0,194,190,4
S01007583,833,801,32,493,468,25,389,369,20,157,149,8,232,220,12,30,29,1,4,4,0,26,25,1,74,70,4,340,333,7
S01007584,493,455,38,330,301,29,264,242,22,103,94,9,161,148,13,30,27,3,6,6,0,24,21,3,36,32,4,163,154,9
S01007585,811,775,36,435,417,18,367,355,12,116,115,1,251,240,11,44,40,4,10,8,2,34,32,2,24,22,2,376,358,18
S01007586,670,643,27,422,402,20,345,334,11,138,135,3,207,199,8,29,24,5,12,10,2,17,14,3,48,44,4,248,241,7
S01007587,732,694,38,353,336,17,286,271,15,87,81,6,199,190,9,39,38,1,6,6,0,33,32,1,28,27,1,379,358,21
S01007588,711,677,34,410,393,17,337,322,15,122,117,5,215,205,10,62,60,2,9,9,0,53,51,2,11,11,0,301,284,17
S01007589,679,621,58,453,405,48,376,339,37,106,95,11,270,244,26,49,38,11,14,9,5,35,29,6,28,28,0,226,216,10
S01007590,539,513,26,295,281,14,239,227,12,66,63,3,173,164,9,46,44,2,7,6,1,39,38,1,10,10,0,244,232,12
S01007591,490,451,39,336,302,34,286,257,29,84,75,9,202,182,20,32,29,3,10,9,1,22,20,2,18,16,2,154,149,5
S01007592,580,542,38,366,338,28,310,283,27,116,104,12,194,179,15,22,21,1,4,4,0,18,17,1,34,34,0,214,204,10
S01007593,922,858,64,519,472,47,427,393,34,146,136,10,281,257,24,72,63,9,22,18,4,50,45,5,20,16,4,403,386,17
S01007594,712,687,25,454,436,18,361,347,14,112,110,2,249,237,12,75,71,4,25,23,2,50,48,2,18,18,0,258,251,7
S01007595,901,836,65,588,541,47,378,367,11,110,106,4,268,261,7,191,159,32,40,39,1,151,120,31,19,15,4,313,295,18
S01007596,483,457,26,253,242,11,172,164,8,65,65,0,107,99,8,68,66,2,12,12,0,56,54,2,13,12,1,230,215,15
S01007597,529,513,16,345,332,13,259,249,10,74,71,3,185,178,7,70,68,2,17,17,0,53,51,2,16,15,1,184,181,3
S01007598,551,532,19,355,339,16,272,258,14,91,81,10,181,177,4,64,62,2,15,14,1,49,48,1,19,19,0,196,193,3
S01007599,697,645,52,457,423,34,389,362,27,150,140,10,239,222,17,42,38,4,10,8,2,32,30,2,26,23,3,240,222,18
S01007600,952,872,80,542,495,47,448,409,39,116,110,6,332,299,33,73,65,8,16,15,1,57,50,7,21,21,0,410,377,33
S01007601,526,507,19,421,405,16,371,357,14,104,101,3,267,256,11,30,29,1,10,10,0,20,19,1,20,19,1,105,102,3
S01007602,528,510,18,385,371,14,333,324,9,111,107,4,222,217,5,36,33,3,10,9,1,26,24,2,16,14,2,143,139,4
S01007603,646,628,18,504,493,11,450,441,9,139,137,2,311,304,7,36,34,2,11,10,1,25,24,1,18,18,0,142,135,7
S01007604,760,737,23,469,452,17,418,408,10,126,120,6,292,288,4,41,35,6,14,13,1,27,22,5,10,9,1,291,285,6
S01007605,713,694,19,469,453,16,425,411,14,127,122,5,298,289,9,36,35,1,9,9,0,27,26,1,8,7,1,244,241,3
S01007606,522,493,29,331,312,19,277,261,16,82,78,4,195,183,12,32,31,1,7,7,0,25,24,1,22,20,2,191,181,10
S01007607,590,571,19,403,390,13,359,346,13,106,104,2,253,242,11,30,30,0,7,7,0,23,23,0,14,14,0,187,181,6
S01007608,640,618,22,414,397,17,374,358,16,113,109,4,261,249,12,32,31,1,7,6,1,25,25,0,8,8,0,226,221,5
S01007609,738,702,36,469,450,19,401,384,17,146,136,10,255,248,7,25,23,2,7,6,1,18,17,1,43,43,0,269,252,17
S01007610,450,434,16,246,236,10,205,198,7,68,67,1,137,131,6,15,13,2,3,3,0,12,10,2,26,25,1,204,198,6
S01007611,795,749,46,433,398,35,364,332,32,109,99,10,255,233,22,24,22,2,5,4,1,19,18,1,45,44,1,362,351,11
S01007612,938,843,95,619,543,76,477,423,54,159,151,8,318,272,46,55,44,11,11,11,0,44,33,11,87,76,11,319,300,19
S01007613,662,636,26,433,414,19,311,298,13,91,87,4,220,211,9,81,77,4,15,15,0,66,62,4,41,39,2,229,222,7
S01007614,695,667,28,440,418,22,376,361,15,126,119,7,250,242,8,49,44,5,15,13,2,34,31,3,15,13,2,255,249,6
S01007615,881,830,51,569,528,41,465,432,33,145,135,10,320,297,23,67,63,4,13,12,1,54,51,3,37,33,4,312,302,10
S01007616,610,584,26,402,383,19,341,327,14,102,97,5,239,230,9,29,27,2,5,4,1,24,23,1,32,29,3,208,201,7
S01007617,441,428,13,276,267,9,226,217,9,91,88,3,135,129,6,23,23,0,5,5,0,18,18,0,27,27,0,165,161,4
S01007618,517,511,6,291,290,1,252,251,1,100,99,1,152,152,0,15,15,0,4,4,0,11,11,0,24,24,0,226,221,5
S01007619,518,504,14,325,315,10,280,271,9,104,98,6,176,173,3,18,18,0,6,6,0,12,12,0,27,26,1,193,189,4
S01007620,507,494,13,324,315,9,272,267,5,72,69,3,200,198,2,42,39,3,12,11,1,30,28,2,10,9,1,183,179,4
S01007621,558,546,12,343,335,8,297,291,6,94,89,5,203,202,1,33,31,2,6,6,0,27,25,2,13,13,0,215,211,4
S01007622,471,460,11,290,281,9,244,238,6,80,79,1,164,159,5,33,30,3,11,8,3,22,22,0,13,13,0,181,179,2
S01007623,510,480,30,333,314,19,279,263,16,81,72,9,198,191,7,40,37,3,13,12,1,27,25,2,14,14,0,177,166,11
S01007624,539,522,17,400,389,11,361,352,9,117,112,5,244,240,4,33,31,2,10,9,1,23,22,1,6,6,0,139,133,6
S01007625,431,417,14,287,277,10,251,245,6,68,65,3,183,180,3,27,24,3,5,4,1,22,20,2,9,8,1,144,140,4
S01007626,501,482,19,407,391,16,365,354,11,102,97,5,263,257,6,32,27,5,5,3,2,27,24,3,10,10,0,94,91,3
S01007627,445,414,31,304,283,21,258,241,17,68,64,4,190,177,13,38,34,4,11,10,1,27,24,3,8,8,0,141,131,10
S01007628,605,586,19,346,331,15,279,266,13,82,81,1,197,185,12,54,53,1,13,13,0,41,40,1,13,12,1,259,255,4
S01007629,578,568,10,381,375,6,287,283,4,87,87,0,200,196,4,74,73,1,15,14,1,59,59,0,20,19,1,197,193,4
S01007630,696,676,20,483,469,14,348,341,7,110,108,2,238,233,5,118,113,5,21,21,0,97,92,5,17,15,2,213,207,6
S01007631,518,497,21,325,306,19,211,200,11,74,70,4,137,130,7,103,96,7,29,27,2,74,69,5,11,10,1,193,191,2
S01007632,803,778,25,500,488,12,410,399,11,112,108,4,298,291,7,60,60,0,21,21,0,39,39,0,30,29,1,303,290,13
S01007633,822,792,30,498,475,23,399,383,16,126,118,8,273,265,8,61,55,6,14,13,1,47,42,5,38,37,1,324,317,7
S01007634,485,476,9,314,307,7,236,231,5,69,68,1,167,163,4,59,57,2,17,16,1,42,41,1,19,19,0,171,169,2
S01007635,649,638,11,276,272,4,223,221,2,71,69,2,152,152,0,45,45,0,12,12,0,33,33,0,8,6,2,373,366,7
S01007636,743,722,21,398,382,16,310,297,13,79,75,4,231,222,9,55,53,2,20,20,0,35,33,2,33,32,1,345,340,5
S01007637,703,690,13,435,424,11,352,341,11,99,96,3,253,245,8,52,52,0,13,13,0,39,39,0,31,31,0,268,266,2
S01007638,653,623,30,395,376,19,321,304,17,95,84,11,226,220,6,44,44,0,8,8,0,36,36,0,30,28,2,258,247,11
S01007639,846,824,22,564,551,13,476,464,12,150,146,4,326,318,8,39,38,1,8,8,0,31,30,1,49,49,0,282,273,9
S01007640,600,582,18,390,381,9,257,250,7,74,74,0,183,176,7,109,108,1,20,20,0,89,88,1,24,23,1,210,201,9
S01007641,679,649,30,434,411,23,319,304,15,122,115,7,197,189,8,90,86,4,21,20,1,69,66,3,25,21,4,245,238,7
S01007642,718,667,51,381,342,39,265,237,28,80,71,9,185,166,19,100,91,9,29,27,2,71,64,7,16,14,2,337,325,12
S01007643,761,736,25,463,447,16,346,334,12,121,116,5,225,218,7,85,81,4,20,20,0,65,61,4,32,32,0,298,289,9
S01007644,698,676,22,371,359,12,288,278,10,113,107,6,175,171,4,60,59,1,17,17,0,43,42,1,23,22,1,327,317,10
S01007645,449,432,17,299,291,8,182,176,6,55,55,0,127,121,6,91,91,0,20,20,0,71,71,0,26,24,2,150,141,9
S01007646,534,496,38,323,306,17,203,193,10,51,45,6,152,148,4,98,94,4,23,21,2,75,73,2,22,19,3,211,190,21
S01007647,620,598,22,360,350,10,282,276,6,71,69,2,211,207,4,56,52,4,17,16,1,39,36,3,22,22,0,260,248,12
S01007648,743,721,22,459,447,12,366,356,10,102,99,3,264,257,7,70,68,2,22,22,0,48,46,2,23,23,0,284,274,10
S01007649,620,607,13,399,389,10,318,311,7,102,100,2,216,211,5,64,62,2,9,8,1,55,54,1,17,16,1,221,218,3
S01007650,827,799,28,518,500,18,373,359,14,118,115,3,255,244,11,120,119,1,29,28,1,91,91,0,25,22,3,309,299,10
S01007651,475,461,14,329,320,9,205,200,5,66,65,1,139,135,4,108,106,2,19,18,1,89,88,1,16,14,2,146,141,5
S01007652,503,492,11,268,260,8,200,194,6,65,63,2,135,131,4,52,50,2,8,8,0,44,42,2,16,16,0,235,232,3
S01007653,758,745,13,491,481,10,345,337,8,110,107,3,235,230,5,120,120,0,28,28,0,92,92,0,26,24,2,267,264,3
S01007654,907,881,26,533,514,19,409,393,16,137,131,6,272,262,10,93,90,3,18,17,1,75,73,2,31,31,0,374,367,7
S01007655,663,629,34,425,401,24,239,223,16,74,71,3,165,152,13,166,159,7,34,32,2,132,127,5,20,19,1,238,228,10
S01007656,716,694,22,436,420,16,302,289,13,95,92,3,207,197,10,112,109,3,16,16,0,96,93,3,22,22,0,280,274,6
S01007657,360,350,10,248,240,8,184,177,7,62,56,6,122,121,1,55,54,1,3,3,0,52,51,1,9,9,0,112,110,2
S01007658,429,421,8,264,258,6,184,180,4,59,59,0,125,121,4,65,64,1,11,11,0,54,53,1,15,14,1,165,163,2
S01007659,667,641,26,388,369,19,286,272,14,99,96,3,187,176,11,79,75,4,16,16,0,63,59,4,23,22,1,279,272,7
S01007660,680,641,39,429,395,34,359,330,29,110,107,3,249,223,26,35,31,4,10,8,2,25,23,2,35,34,1,251,246,5
S01007661,564,527,37,351,323,28,278,255,23,98,93,5,180,162,18,50,48,2,13,13,0,37,35,2,23,20,3,213,204,9
S01007662,775,737,38,422,394,28,343,315,28,103,100,3,240,215,25,40,40,0,13,13,0,27,27,0,39,39,0,353,343,10
S01007663,725,703,22,415,404,11,354,348,6,119,118,1,235,230,5,43,38,5,11,11,0,32,27,5,18,18,0,310,299,11
S01007664,485,456,29,292,266,26,238,216,22,78,75,3,160,141,19,29,27,2,11,10,1,18,17,1,25,23,2,193,190,3
S01007665,502,494,8,341,335,6,296,294,2,85,84,1,211,210,1,22,19,3,8,7,1,14,12,2,23,22,1,161,159,2
S01007666,415,409,6,247,245,2,220,218,2,61,61,0,159,157,2,23,23,0,6,6,0,17,17,0,4,4,0,168,164,4
S01007667,586,559,27,390,372,18,332,318,14,94,89,5,238,229,9,46,42,4,15,14,1,31,28,3,12,12,0,196,187,9
S01007668,879,856,23,516,496,20,440,425,15,138,136,2,302,289,13,29,26,3,5,3,2,24,23,1,47,45,2,363,360,3
S01007669,480,442,38,307,275,32,238,210,28,72,67,5,166,143,23,22,21,1,9,8,1,13,13,0,47,44,3,173,167,6
S01007670,539,494,45,355,322,33,283,252,31,90,81,9,193,171,22,19,18,1,3,2,1,16,16,0,53,52,1,184,172,12
S01007671,623,613,10,397,390,7,305,299,6,81,80,1,224,219,5,88,87,1,16,16,0,72,71,1,4,4,0,226,223,3
S01007672,770,752,18,398,385,13,325,315,10,109,108,1,216,207,9,61,60,1,9,9,0,52,51,1,12,10,2,372,367,5
S01007673,586,565,21,405,390,15,342,329,13,97,94,3,245,235,10,54,54,0,15,15,0,39,39,0,9,7,2,181,175,6
S01007674,665,644,21,399,386,13,334,322,12,94,93,1,240,229,11,24,24,0,5,5,0,19,19,0,41,40,1,266,258,8
S01007675,525,513,12,331,324,7,264,259,5,78,76,2,186,183,3,49,48,1,10,9,1,39,39,0,18,17,1,194,189,5
S01007676,573,560,13,401,389,12,277,268,9,89,86,3,188,182,6,112,110,2,24,23,1,88,87,1,12,11,1,172,171,1
S01007677,412,403,9,258,252,6,220,215,5,67,64,3,153,151,2,32,32,0,7,7,0,25,25,0,6,5,1,154,151,3
S01007678,668,651,17,373,360,13,315,303,12,95,95,0,220,208,12,33,33,0,7,7,0,26,26,0,25,24,1,295,291,4
S01007679,683,660,23,353,334,19,285,269,16,92,88,4,193,181,12,29,28,1,5,5,0,24,23,1,39,37,2,330,326,4
S01007680,783,756,27,522,503,19,438,421,17,143,136,7,295,285,10,65,63,2,17,17,0,48,46,2,19,19,0,261,253,8
S01007681,365,346,19,230,212,18,185,170,15,44,44,0,141,126,15,33,31,2,7,7,0,26,24,2,12,11,1,135,134,1
S01007682,766,635,131,478,397,81,375,311,64,95,82,13,280,229,51,76,63,13,24,21,3,52,42,10,27,23,4,288,238,50
S01007683,584,423,161,357,264,93,291,212,79,76,66,10,215,146,69,41,33,8,13,10,3,28,23,5,25,19,6,227,159,68
S01007684,694,637,57,369,337,32,310,284,26,105,97,8,205,187,18,43,38,5,15,13,2,28,25,3,16,15,1,325,300,25
S01007685,801,667,134,440,378,62,304,270,34,100,94,6,204,176,28,69,59,10,17,13,4,52,46,6,67,49,18,361,289,72
S01007686,591,518,73,344,299,45,297,258,39,82,74,8,215,184,31,37,33,4,6,5,1,31,28,3,10,8,2,247,219,28
S01007687,776,667,109,461,388,73,381,321,60,120,106,14,261,215,46,45,39,6,15,13,2,30,26,4,35,28,7,315,279,36
S01007688,930,739,191,557,459,98,455,377,78,154,133,21,301,244,57,44,40,4,16,16,0,28,24,4,58,42,16,373,280,93
S01007689,559,436,123,328,264,64,261,217,44,88,74,14,173,143,30,34,27,7,11,9,2,23,18,5,33,20,13,231,172,59
S01007690,822,691,131,399,349,50,331,292,39,156,145,11,175,147,28,31,25,6,12,10,2,19,15,4,37,32,5,423,342,81
S01007691,2819,1955,864,1118,882,236,701,585,116,446,387,59,255,198,57,41,32,9,18,15,3,23,17,6,376,265,111,1701,1073,628
S01007692,865,714,151,441,361,80,346,289,57,164,139,25,182,150,32,31,28,3,12,12,0,19,16,3,64,44,20,424,353,71
S01007693,931,690,241,387,306,81,274,213,61,168,135,33,106,78,28,19,12,7,10,7,3,9,5,4,94,81,13,544,384,160
S01007694,1011,786,225,502,406,96,406,328,78,203,165,38,203,163,40,28,21,7,14,12,2,14,9,5,68,57,11,509,380,129
S01007695,894,711,183,461,362,99,372,295,77,102,84,18,270,211,59,35,31,4,10,9,1,25,22,3,54,36,18,433,349,84
S01007696,719,522,197,340,266,74,253,198,55,119,101,18,134,97,37,18,11,7,4,3,1,14,8,6,69,57,12,379,256,123
S01007697,886,744,142,461,388,73,389,325,64,110,95,15,279,230,49,34,28,6,14,10,4,20,18,2,38,35,3,425,356,69
S01007698,984,718,266,615,460,155,489,361,128,194,133,61,295,228,67,40,33,7,8,6,2,32,27,5,86,66,20,369,258,111
S01007699,691,508,183,427,336,91,349,278,71,127,105,22,222,173,49,23,13,10,11,8,3,12,5,7,55,45,10,264,172,92
S01007700,858,762,96,557,490,67,453,408,45,109,97,12,344,311,33,62,52,10,17,16,1,45,36,9,42,30,12,301,272,29
S01007701,492,399,93,258,211,47,189,154,35,84,66,18,105,88,17,7,5,2,3,1,2,4,4,0,62,52,10,234,188,46
S01007702,963,755,208,508,435,73,329,279,50,167,149,18,162,130,32,32,28,4,9,7,2,23,21,2,147,128,19,455,320,135
S01007703,696,619,77,405,367,38,330,303,27,86,76,10,244,227,17,38,31,7,15,11,4,23,20,3,37,33,4,291,252,39
S01007704,799,673,126,438,364,74,285,229,56,125,99,26,160,130,30,23,19,4,8,6,2,15,13,2,130,116,14,361,309,52
S01007705,735,474,261,389,288,101,277,208,69,143,113,30,134,95,39,15,9,6,9,5,4,6,4,2,97,71,26,346,186,160
S01007706,757,569,188,396,323,73,315,261,54,197,162,35,118,99,19,13,9,4,4,2,2,9,7,2,68,53,15,361,246,115
S01007707,766,555,211,506,410,96,433,359,74,84,73,11,349,286,63,38,25,13,9,8,1,29,17,12,35,26,9,260,145,115
S01007708,550,472,78,368,315,53,294,250,44,88,71,17,206,179,27,27,23,4,8,6,2,19,17,2,47,42,5,182,157,25
S01007709,530,449,81,292,239,53,226,183,43,62,50,12,164,133,31,14,11,3,3,2,1,11,9,2,52,45,7,238,210,28
S01007710,741,577,164,451,388,63,362,318,44,139,127,12,223,191,32,24,18,6,10,6,4,14,12,2,65,52,13,290,189,101
S01007711,980,767,213,535,446,89,432,361,71,211,178,33,221,183,38,20,15,5,7,5,2,13,10,3,83,70,13,445,321,124
S01007712,631,477,154,371,283,88,297,230,67,97,72,25,200,158,42,23,15,8,8,5,3,15,10,5,51,38,13,260,194,66
S01007713,417,338,79,249,196,53,185,147,38,68,58,10,117,89,28,29,20,9,7,6,1,22,14,8,35,29,6,168,142,26
S01007714,547,465,82,376,319,57,327,280,47,96,76,20,231,204,27,15,9,6,6,2,4,9,7,2,34,30,4,171,146,25
S01007715,434,337,97,250,191,59,196,145,51,77,55,22,119,90,29,11,7,4,2,1,1,9,6,3,43,39,4,184,146,38
S01007716,943,746,197,472,344,128,347,249,98,122,89,33,225,160,65,39,29,10,8,5,3,31,24,7,86,66,20,471,402,69
S01007717,840,698,142,470,391,79,345,282,63,119,94,25,226,188,38,38,28,10,7,3,4,31,25,6,87,81,6,370,307,63
S01007718,633,537,96,330,271,59,262,220,42,78,66,12,184,154,30,22,17,5,3,2,1,19,15,4,46,34,12,303,266,37
S01007719,880,823,57,491,449,42,402,372,30,104,90,14,298,282,16,28,25,3,4,4,0,24,21,3,61,52,9,389,374,15
S01007720,647,626,21,296,283,13,241,233,8,68,67,1,173,166,7,24,23,1,6,6,0,18,17,1,31,27,4,351,343,8
S01007721,646,602,44,389,357,32,315,289,26,87,79,8,228,210,18,32,29,3,10,10,0,22,19,3,42,39,3,257,245,12
S01007722,733,681,52,390,353,37,307,280,27,89,79,10,218,201,17,25,20,5,5,5,0,20,15,5,58,53,5,343,328,15
S01007723,851,766,85,396,340,56,331,282,49,99,81,18,232,201,31,16,12,4,2,1,1,14,11,3,49,46,3,455,426,29
S01007724,528,381,147,353,245,108,276,189,87,108,68,40,168,121,47,15,7,8,3,2,1,12,5,7,62,49,13,175,136,39
S01007725,690,602,88,416,361,55,325,278,47,89,77,12,236,201,35,21,20,1,4,4,0,17,16,1,70,63,7,274,241,33
S01007726,677,532,145,421,325,96,330,255,75,126,96,30,204,159,45,22,13,9,2,2,0,20,11,9,69,57,12,256,207,49
S01007727,876,713,163,507,400,107,372,294,78,137,106,31,235,188,47,41,23,18,9,4,5,32,19,13,94,83,11,369,313,56
S01007728,684,507,177,437,339,98,322,250,72,100,80,20,222,170,52,27,19,8,15,10,5,12,9,3,88,70,18,247,168,79
S01007729,664,496,168,470,352,118,362,267,95,109,77,32,253,190,63,29,18,11,5,5,0,24,13,11,79,67,12,194,144,50
S01007730,674,540,134,494,387,107,410,319,91,101,82,19,309,237,72,33,28,5,10,10,0,23,18,5,51,40,11,180,153,27
S01007731,615,500,115,472,377,95,407,323,84,119,92,27,288,231,57,26,18,8,8,6,2,18,12,6,39,36,3,143,123,20
S01007732,594,483,111,400,317,83,319,252,67,88,67,21,231,185,46,21,14,7,6,2,4,15,12,3,60,51,9,194,166,28
S01007733,685,611,74,479,435,44,389,360,29,104,95,9,285,265,20,59,45,14,11,8,3,48,37,11,31,30,1,206,176,30
S01007734,725,671,54,440,407,33,341,315,26,89,84,5,252,231,21,70,64,6,16,14,2,54,50,4,29,28,1,285,264,21
S01007735,716,657,59,452,418,34,375,351,24,123,113,10,252,238,14,49,42,7,16,14,2,33,28,5,28,25,3,264,239,25
S01007736,618,560,58,413,377,36,338,317,21,113,105,8,225,212,13,59,44,15,11,6,5,48,38,10,16,16,0,205,183,22
S01007737,887,790,97,525,468,57,422,386,36,132,114,18,290,272,18,56,44,12,16,12,4,40,32,8,47,38,9,362,322,40
S01007738,626,597,29,343,324,19,286,271,15,83,81,2,203,190,13,22,19,3,3,2,1,19,17,2,35,34,1,283,273,10
S01007739,541,523,18,237,228,9,198,191,7,52,48,4,146,143,3,18,17,1,3,3,0,15,14,1,21,20,1,304,295,9
S01007740,497,471,26,270,250,20,238,221,17,62,57,5,176,164,12,20,18,2,10,9,1,10,9,1,12,11,1,227,221,6
S01007741,658,621,37,308,282,26,253,236,17,84,74,10,169,162,7,21,17,4,7,7,0,14,10,4,34,29,5,350,339,11
S01007742,552,525,27,292,274,18,249,234,15,79,74,5,170,160,10,24,21,3,4,4,0,20,17,3,19,19,0,260,251,9
S01007743,724,690,34,463,437,26,375,354,21,116,109,7,259,245,14,32,30,2,7,5,2,25,25,0,56,53,3,261,253,8
S01007744,617,580,37,318,294,24,251,228,23,79,71,8,172,157,15,14,13,1,7,6,1,7,7,0,53,53,0,299,286,13
S01007745,583,558,25,349,329,20,287,268,19,95,89,6,192,179,13,25,25,0,7,7,0,18,18,0,37,36,1,234,229,5
S01007746,720,695,25,467,449,18,367,355,12,134,128,6,233,227,6,28,28,0,9,9,0,19,19,0,72,66,6,253,246,7
S01007747,417,396,21,254,238,16,194,183,11,64,58,6,130,125,5,15,13,2,4,3,1,11,10,1,45,42,3,163,158,5
S01007748,543,516,27,318,303,15,242,228,14,95,89,6,147,139,8,17,17,0,7,7,0,10,10,0,59,58,1,225,213,12
S01007749,583,540,43,355,330,25,306,288,18,111,103,8,195,185,10,31,27,4,12,11,1,19,16,3,18,15,3,228,210,18
S01007750,720,650,70,365,317,48,306,266,40,84,74,10,222,192,30,46,39,7,12,11,1,34,28,6,13,12,1,355,333,22
S01007751,676,624,52,294,263,31,225,201,24,62,57,5,163,144,19,58,52,6,16,15,1,42,37,5,11,10,1,382,361,21
S01007752,658,635,23,282,266,16,227,214,13,73,72,1,154,142,12,42,39,3,11,10,1,31,29,2,13,13,0,376,369,7
S01007753,416,392,24,251,235,16,208,195,13,69,64,5,139,131,8,16,13,3,1,1,0,15,12,3,27,27,0,165,157,8
S01007754,690,664,26,376,357,19,287,274,13,109,106,3,178,168,10,20,15,5,4,3,1,16,12,4,69,68,1,314,307,7
S01007755,676,657,19,345,335,10,270,261,9,91,87,4,179,174,5,16,15,1,5,5,0,11,10,1,59,59,0,331,322,9
S01007756,481,464,17,261,247,14,210,197,13,85,82,3,125,115,10,18,18,0,12,12,0,6,6,0,33,32,1,220,217,3
S01007757,718,667,51,361,333,28,300,283,17,81,73,8,219,210,9,48,38,10,16,10,6,32,28,4,13,12,1,357,334,23
S01007758,791,740,51,372,342,30,296,271,25,78,69,9,218,202,16,64,59,5,21,19,2,43,40,3,12,12,0,419,398,21
S01007759,869,820,49,494,464,30,406,383,23,106,100,6,300,283,17,48,47,1,16,16,0,32,31,1,40,34,6,375,356,19
S01007760,518,495,23,258,243,15,205,193,12,55,53,2,150,140,10,48,45,3,12,11,1,36,34,2,5,5,0,260,252,8
S01007761,727,662,65,464,416,48,370,333,37,102,90,12,268,243,25,76,69,7,19,18,1,57,51,6,18,14,4,263,246,17
S01007762,729,686,43,398,365,33,336,309,27,76,70,6,260,239,21,36,34,2,10,9,1,26,25,1,26,22,4,331,321,10
S01007763,483,463,20,193,178,15,158,146,12,41,37,4,117,109,8,21,18,3,10,9,1,11,9,2,14,14,0,290,285,5
S01007764,634,607,27,431,411,20,363,350,13,109,108,1,254,242,12,53,47,6,17,15,2,36,32,4,15,14,1,203,196,7
S01007765,568,549,19,308,301,7,271,264,7,78,76,2,193,188,5,24,24,0,8,8,0,16,16,0,13,13,0,260,248,12
S01007766,777,742,35,436,414,22,379,362,17,117,111,6,262,251,11,36,31,5,15,12,3,21,19,2,21,21,0,341,328,13
S01007767,762,730,32,446,431,15,379,368,11,119,117,2,260,251,9,56,53,3,17,15,2,39,38,1,11,10,1,316,299,17
S01007768,572,541,31,313,294,19,258,244,14,63,59,4,195,185,10,36,32,4,10,8,2,26,24,2,19,18,1,259,247,12
S01007769,641,609,32,335,314,21,266,253,13,80,76,4,186,177,9,53,46,7,16,14,2,37,32,5,16,15,1,306,295,11
S01007770,613,584,29,362,341,21,286,272,14,87,85,2,199,187,12,58,52,6,17,16,1,41,36,5,18,17,1,251,243,8
S01007771,450,432,18,220,209,11,183,175,8,61,61,0,122,114,8,26,25,1,8,8,0,18,17,1,11,9,2,230,223,7
S01007772,846,815,31,457,441,16,377,365,12,109,105,4,268,260,8,37,34,3,13,11,2,24,23,1,43,42,1,389,374,15
S01007773,642,617,25,399,384,15,344,334,10,98,97,1,246,237,9,40,37,3,11,10,1,29,27,2,15,13,2,243,233,10
S01007774,681,646,35,578,551,27,511,489,22,119,113,6,392,376,16,51,47,4,12,10,2,39,37,2,16,15,1,103,95,8
S01007775,755,707,48,484,456,28,417,390,27,111,102,9,306,288,18,42,41,1,12,11,1,30,30,0,25,25,0,271,251,20
S01007776,561,527,34,412,390,22,350,334,16,102,98,4,248,236,12,42,37,5,9,7,2,33,30,3,20,19,1,149,137,12
S01007777,671,624,47,571,533,38,494,463,31,142,131,11,352,332,20,60,53,7,18,16,2,42,37,5,17,17,0,100,91,9
S01007778,372,351,21,269,254,15,218,205,13,52,51,1,166,154,12,44,43,1,7,7,0,37,36,1,7,6,1,103,97,6
S01007779,608,596,12,428,418,10,371,364,7,91,91,0,280,273,7,33,32,1,10,10,0,23,22,1,24,22,2,180,178,2
S01007780,649,627,22,501,484,17,430,415,15,83,82,1,347,333,14,43,41,2,12,12,0,31,29,2,28,28,0,148,143,5
S01007781,736,713,23,580,561,19,499,481,18,124,120,4,375,361,14,37,36,1,5,5,0,32,31,1,44,44,0,156,152,4
S01007782,375,334,41,243,215,28,171,150,21,53,48,5,118,102,16,19,14,5,2,1,1,17,13,4,53,51,2,132,119,13
S01007783,637,619,18,288,277,11,211,204,7,81,80,1,130,124,6,11,8,3,6,4,2,5,4,1,66,65,1,349,342,7
S01007784,531,502,29,419,393,26,343,320,23,94,89,5,249,231,18,29,26,3,11,10,1,18,16,2,47,47,0,112,109,3
S01007785,438,428,10,252,244,8,187,180,7,70,66,4,117,114,3,10,10,0,6,6,0,4,4,0,55,54,1,186,184,2
S01007786,612,601,11,353,346,7,293,286,7,115,110,5,178,176,2,24,24,0,12,12,0,12,12,0,36,36,0,259,255,4
S01007787,522,508,14,317,308,9,251,245,6,96,93,3,155,152,3,26,24,2,8,7,1,18,17,1,40,39,1,205,200,5
S01007788,466,445,21,280,261,19,181,164,17,79,73,6,102,91,11,17,17,0,10,10,0,7,7,0,82,80,2,186,184,2
S01007789,459,447,12,288,280,8,221,215,6,96,95,1,125,120,5,18,18,0,2,2,0,16,16,0,49,47,2,171,167,4
S01007790,560,539,21,362,346,16,280,268,12,110,106,4,170,162,8,12,11,1,5,4,1,7,7,0,70,67,3,198,193,5
S01007791,400,390,10,300,293,7,254,247,7,62,57,5,192,190,2,35,35,0,8,8,0,27,27,0,11,11,0,100,97,3
S01007792,709,692,17,424,410,14,346,333,13,108,105,3,238,228,10,21,21,0,7,7,0,14,14,0,57,56,1,285,282,3
S01007793,724,673,51,369,334,35,285,258,27,113,101,12,172,157,15,24,20,4,8,6,2,16,14,2,60,56,4,355,339,16
S01007794,448,437,11,275,267,8,221,214,7,81,80,1,140,134,6,16,15,1,4,4,0,12,11,1,38,38,0,173,170,3
S01007795,458,442,16,303,289,14,256,242,14,100,97,3,156,145,11,14,14,0,3,3,0,11,11,0,33,33,0,155,153,2
S01007796,528,496,32,341,325,16,281,268,13,111,106,5,170,162,8,17,15,2,5,5,0,12,10,2,43,42,1,187,171,16
S01007797,406,383,23,225,208,17,177,163,14,84,77,7,93,86,7,11,10,1,4,3,1,7,7,0,37,35,2,181,175,6
S01007798,494,460,34,399,374,25,332,319,13,103,94,9,229,225,4,48,38,10,11,7,4,37,31,6,19,17,2,95,86,9
S01007799,430,389,41,365,336,29,306,283,23,89,80,9,217,203,14,36,34,2,4,4,0,32,30,2,23,19,4,65,53,12
S01007800,720,698,22,404,388,16,302,291,11,121,116,5,181,175,6,26,22,4,10,8,2,16,14,2,76,75,1,316,310,6
S01007801,799,757,42,398,384,14,266,255,11,113,110,3,153,145,8,16,16,0,6,6,0,10,10,0,116,113,3,401,373,28
S01007802,403,361,42,348,314,34,308,280,28,80,68,12,228,212,16,27,24,3,7,7,0,20,17,3,13,10,3,55,47,8
S01007803,808,780,28,408,390,18,308,298,10,118,115,3,190,183,7,17,15,2,6,5,1,11,10,1,83,77,6,400,390,10
S01007804,452,435,17,246,237,9,195,189,6,76,75,1,119,114,5,13,13,0,4,4,0,9,9,0,38,35,3,206,198,8
S01007805,366,357,9,244,235,9,190,183,7,71,70,1,119,113,6,11,11,0,2,2,0,9,9,0,43,41,2,122,122,0
S01007806,520,498,22,311,293,18,264,250,14,84,79,5,180,171,9,17,13,4,2,2,0,15,11,4,30,30,0,209,205,4
S01007807,548,533,15,392,382,10,337,330,7,83,81,2,254,249,5,32,31,1,5,5,0,27,26,1,23,21,2,156,151,5
S01007808,635,608,27,432,409,23,347,329,18,108,102,6,239,227,12,32,28,4,14,13,1,18,15,3,53,52,1,203,199,4
S01007809,790,760,30,489,469,20,426,412,14,120,113,7,306,299,7,45,41,4,12,11,1,33,30,3,18,16,2,301,291,10
S01007810,690,673,17,359,345,14,283,271,12,95,90,5,188,181,7,19,18,1,7,7,0,12,11,1,57,56,1,331,328,3
S01007811,638,614,24,417,399,18,347,335,12,118,115,3,229,220,9,15,11,4,6,5,1,9,6,3,55,53,2,221,215,6
S01007812,589,548,41,371,340,31,269,242,27,113,106,7,156,136,20,22,19,3,1,1,0,21,18,3,80,79,1,218,208,10
S01007813,580,545,35,347,317,30,272,247,25,99,92,7,173,155,18,13,11,2,3,3,0,10,8,2,62,59,3,233,228,5
S01007814,468,452,16,279,268,11,237,230,7,81,81,0,156,149,7,21,19,2,4,3,1,17,16,1,21,19,2,189,184,5
S01007815,808,787,21,501,489,12,437,427,10,114,110,4,323,317,6,39,37,2,12,11,1,27,26,1,25,25,0,307,298,9
S01007816,558,551,7,375,369,6,324,318,6,91,88,3,233,230,3,35,35,0,13,13,0,22,22,0,16,16,0,183,182,1
S01007817,393,389,4,209,205,4,184,180,4,69,66,3,115,114,1,13,13,0,4,4,0,9,9,0,12,12,0,184,184,0
S01007818,607,590,17,415,406,9,358,351,7,89,89,0,269,262,7,38,37,1,9,9,0,29,28,1,19,18,1,192,184,8
S01007819,675,660,15,418,411,7,358,351,7,100,98,2,258,253,5,38,38,0,13,13,0,25,25,0,22,22,0,257,249,8
S01007820,808,766,42,459,434,25,380,358,22,123,110,13,257,248,9,40,40,0,10,10,0,30,30,0,39,36,3,349,332,17
S01007821,469,455,14,299,290,9,263,255,8,77,75,2,186,180,6,21,21,0,7,7,0,14,14,0,15,14,1,170,165,5
S01007822,634,619,15,359,350,9,315,308,7,84,81,3,231,227,4,29,27,2,5,5,0,24,22,2,15,15,0,275,269,6
S01007823,611,587,24,400,387,13,344,334,10,103,101,2,241,233,8,35,33,2,6,6,0,29,27,2,21,20,1,211,200,11
S01007824,632,586,46,362,332,30,323,302,21,102,94,8,221,208,13,34,25,9,11,10,1,23,15,8,5,5,0,270,254,16
S01007825,876,826,50,511,483,28,424,405,19,116,109,7,308,296,12,59,53,6,11,11,0,48,42,6,28,25,3,365,343,22
S01007826,465,454,11,236,227,9,187,181,6,61,57,4,126,124,2,17,15,2,7,7,0,10,8,2,32,31,1,229,227,2
S01007827,495,459,36,368,343,25,308,285,23,73,70,3,235,215,20,24,23,1,7,7,0,17,16,1,36,35,1,127,116,11
S01007828,889,824,65,465,419,46,383,341,42,94,84,10,289,257,32,32,29,3,11,8,3,21,21,0,50,49,1,424,405,19
S01007829,539,512,27,233,215,18,204,190,14,59,55,4,145,135,10,19,17,2,7,7,0,12,10,2,10,8,2,306,297,9
S01007830,818,750,68,405,361,44,342,304,38,105,95,10,237,209,28,23,21,2,7,7,0,16,14,2,40,36,4,413,389,24
S01007831,742,676,66,350,316,34,279,257,22,83,78,5,196,179,17,23,18,5,10,6,4,13,12,1,48,41,7,392,360,32
S01007832,551,514,37,300,279,21,240,221,19,70,67,3,170,154,16,19,18,1,7,7,0,12,11,1,41,40,1,251,235,16
S01007833,731,696,35,255,237,18,210,197,13,60,52,8,150,145,5,21,19,2,6,5,1,15,14,1,24,21,3,476,459,17
S01007834,625,548,77,373,321,52,301,254,47,76,66,10,225,188,37,20,19,1,0,0,0,20,19,1,52,48,4,252,227,25
S01007835,580,544,36,353,327,26,295,278,17,89,84,5,206,194,12,28,23,5,4,4,0,24,19,5,30,26,4,227,217,10
S01007836,468,430,38,248,228,20,214,194,20,52,48,4,162,146,16,17,17,0,3,3,0,14,14,0,17,17,0,220,202,18
S01007837,695,664,31,382,369,13,328,318,10,95,90,5,233,228,5,44,42,2,9,9,0,35,33,2,10,9,1,313,295,18
S01007838,738,692,46,402,381,21,345,329,16,88,86,2,257,243,14,38,35,3,9,9,0,29,26,3,19,17,2,336,311,25
S01007839,651,546,105,284,223,61,231,177,54,59,48,11,172,129,43,24,20,4,2,2,0,22,18,4,29,26,3,367,323,44
S01007840,647,595,52,376,345,31,326,299,27,90,80,10,236,219,17,18,16,2,6,6,0,12,10,2,32,30,2,271,250,21
S01007841,566,530,36,365,343,22,296,280,16,101,95,6,195,185,10,21,20,1,8,7,1,13,13,0,48,43,5,201,187,14
S01007842,575,530,45,372,339,33,275,245,30,103,96,7,172,149,23,20,19,1,8,8,0,12,11,1,77,75,2,203,191,12
S01007843,578,510,68,347,305,42,279,248,31,80,70,10,199,178,21,17,14,3,2,1,1,15,13,2,51,43,8,231,205,26
S01007844,773,686,87,493,444,49,383,346,37,111,103,8,272,243,29,32,28,4,9,9,0,23,19,4,78,70,8,280,242,38
S01007845,669,623,46,388,356,32,308,280,28,110,99,11,198,181,17,23,21,2,8,8,0,15,13,2,57,55,2,281,267,14
S01007846,576,546,30,334,313,21,279,267,12,87,85,2,192,182,10,16,11,5,3,2,1,13,9,4,39,35,4,242,233,9
S01007847,737,690,47,438,405,33,361,336,25,113,108,5,248,228,20,23,19,4,5,5,0,18,14,4,54,50,4,299,285,14
S01007848,643,598,45,364,336,28,278,254,24,91,84,7,187,170,17,12,11,1,5,5,0,7,6,1,74,71,3,279,262,17
S01007849,688,656,32,422,396,26,354,331,23,132,120,12,222,211,11,21,20,1,6,6,0,15,14,1,47,45,2,266,260,6
S01007850,615,599,16,345,333,12,273,264,9,82,79,3,191,185,6,27,24,3,9,7,2,18,17,1,45,45,0,270,266,4
S01007851,811,791,20,378,364,14,319,308,11,87,83,4,232,225,7,34,31,3,14,13,1,20,18,2,25,25,0,433,427,6
S01007852,540,513,27,328,309,19,229,214,15,87,82,5,142,132,10,21,20,1,3,3,0,18,17,1,78,75,3,212,204,8
S01007853,576,555,21,252,237,15,175,165,10,56,51,5,119,114,5,14,14,0,4,4,0,10,10,0,63,58,5,324,318,6
S01007854,891,840,51,484,459,25,343,320,23,99,91,8,244,229,15,30,28,2,11,10,1,19,18,1,111,111,0,407,381,26
S01007855,428,389,39,265,236,29,194,174,20,65,57,8,129,117,12,19,17,2,8,8,0,11,9,2,52,45,7,163,153,10
S01007856,674,653,21,423,406,17,364,352,12,116,111,5,248,241,7,27,25,2,6,5,1,21,20,1,32,29,3,251,247,4
S01007857,384,371,13,215,206,9,178,170,8,76,71,5,102,99,3,12,12,0,5,5,0,7,7,0,25,24,1,169,165,4
S01007858,879,844,35,475,454,21,364,352,12,147,145,2,217,207,10,38,34,4,17,15,2,21,19,2,73,68,5,404,390,14
S01007859,389,375,14,214,205,9,164,156,8,61,59,2,103,97,6,17,16,1,3,3,0,14,13,1,33,33,0,175,170,5
S01007860,445,422,23,332,316,16,258,244,14,80,77,3,178,167,11,31,30,1,3,3,0,28,27,1,43,42,1,113,106,7
S01007861,533,521,12,320,312,8,262,255,7,88,85,3,174,170,4,14,13,1,2,2,0,12,11,1,44,44,0,213,209,4
S01007862,575,560,15,346,337,9,279,272,7,103,103,0,176,169,7,23,22,1,5,5,0,18,17,1,44,43,1,229,223,6
S01007863,676,659,17,382,372,10,287,280,7,90,85,5,197,195,2,17,16,1,6,6,0,11,10,1,78,76,2,294,287,7
S01007864,771,745,26,441,422,19,368,353,15,116,112,4,252,241,11,24,21,3,4,4,0,20,17,3,49,48,1,330,323,7
S01007865,487,461,26,417,399,18,369,353,16,94,88,6,275,265,10,28,27,1,6,5,1,22,22,0,20,19,1,70,62,8
S01007866,450,436,14,397,383,14,339,328,11,75,72,3,264,256,8,38,37,1,8,7,1,30,30,0,20,18,2,53,53,0
S01007867,411,374,37,251,228,23,206,186,20,38,34,4,168,152,16,34,31,3,5,5,0,29,26,3,11,11,0,160,146,14
S01007868,758,714,44,501,470,31,429,401,28,136,125,11,293,276,17,44,43,1,10,10,0,34,33,1,28,26,2,257,244,13
S01007869,782,673,109,524,446,78,443,382,61,98,82,16,345,300,45,53,44,9,14,10,4,39,34,5,28,20,8,258,227,31
S01007870,458,449,9,289,281,8,223,216,7,58,55,3,165,161,4,53,52,1,13,13,0,40,39,1,13,13,0,169,168,1
S01007871,524,511,13,264,252,12,182,173,9,70,66,4,112,107,5,27,25,2,9,9,0,18,16,2,55,54,1,260,259,1
S01007872,558,548,10,286,280,6,209,205,4,91,88,3,118,117,1,13,12,1,2,2,0,11,10,1,64,63,1,272,268,4
S01007873,598,584,14,330,320,10,271,264,7,98,96,2,173,168,5,37,34,3,11,10,1,26,24,2,22,22,0,268,264,4
S01007874,638,629,9,335,329,6,273,268,5,96,95,1,177,173,4,25,24,1,1,1,0,24,23,1,37,37,0,303,300,3
S01007875,442,436,6,285,283,2,237,236,1,84,84,0,153,152,1,20,19,1,4,4,0,16,15,1,28,28,0,157,153,4
S01007876,776,765,11,516,505,11,409,399,10,117,115,2,292,284,8,59,58,1,22,22,0,37,36,1,48,48,0,260,260,0
S01007877,642,634,8,364,358,6,292,287,5,99,99,0,193,188,5,34,33,1,7,7,0,27,26,1,38,38,0,278,276,2
S01007878,560,552,8,282,280,2,231,231,0,78,78,0,153,153,0,19,18,1,3,3,0,16,15,1,32,31,1,278,272,6
S01007879,588,578,10,319,313,6,261,256,5,93,90,3,168,166,2,13,13,0,4,4,0,9,9,0,45,44,1,269,265,4
S01007880,336,328,8,210,203,7,148,145,3,44,44,0,104,101,3,50,48,2,11,10,1,39,38,1,12,10,2,126,125,1
S01007881,452,450,2,256,254,2,177,175,2,47,46,1,130,129,1,41,41,0,8,8,0,33,33,0,38,38,0,196,196,0
S01007882,614,598,16,440,429,11,319,309,10,83,80,3,236,229,7,104,103,1,11,11,0,93,92,1,17,17,0,174,169,5
S01007883,873,852,21,576,565,11,475,464,11,101,98,3,374,366,8,63,63,0,10,10,0,53,53,0,38,38,0,297,287,10
S01007884,514,505,9,330,324,6,270,266,4,81,80,1,189,186,3,32,31,1,3,2,1,29,29,0,28,27,1,184,181,3
S01007885,613,598,15,345,333,12,242,237,5,63,62,1,179,175,4,26,25,1,7,7,0,19,18,1,77,71,6,268,265,3
S01007886,742,725,17,430,417,13,344,332,12,88,86,2,256,246,10,50,49,1,11,11,0,39,38,1,36,36,0,312,308,4
S01007887,481,472,9,321,315,6,231,227,4,65,65,0,166,162,4,79,78,1,14,14,0,65,64,1,11,10,1,160,157,3
S01007888,829,813,16,514,506,8,394,386,8,144,143,1,250,243,7,24,24,0,8,8,0,16,16,0,96,96,0,315,307,8
S01007889,443,438,5,244,243,1,208,207,1,70,70,0,138,137,1,11,11,0,5,5,0,6,6,0,25,25,0,199,195,4
S01007890,594,584,10,381,373,8,304,298,6,104,101,3,200,197,3,44,43,1,6,6,0,38,37,1,33,32,1,213,211,2
S01007891,714,701,13,452,443,9,387,379,8,109,109,0,278,270,8,35,34,1,5,5,0,30,29,1,30,30,0,262,258,4
S01007892,634,619,15,404,393,11,330,321,9,108,107,1,222,214,8,50,49,1,18,17,1,32,32,0,24,23,1,230,226,4
S01007893,868,848,20,521,510,11,409,400,9,121,117,4,288,283,5,81,80,1,16,16,0,65,64,1,31,30,1,347,338,9
S01007894,761,747,14,488,478,10,405,399,6,122,120,2,283,279,4,47,45,2,12,11,1,35,34,1,36,34,2,273,269,4
S01007895,462,452,10,259,251,8,210,205,5,52,52,0,158,153,5,31,29,2,9,8,1,22,21,1,18,17,1,203,201,2
S01007896,701,699,2,386,385,1,298,298,0,85,85,0,213,213,0,35,35,0,14,14,0,21,21,0,53,52,1,315,314,1
S01007897,358,351,7,245,241,4,163,159,4,38,38,0,125,121,4,69,69,0,10,10,0,59,59,0,13,13,0,113,110,3
S01007898,363,360,3,249,247,2,169,169,0,52,52,0,117,117,0,65,63,2,15,13,2,50,50,0,15,15,0,114,113,1
S01007899,308,305,3,211,210,1,136,136,0,36,36,0,100,100,0,66,66,0,2,2,0,64,64,0,9,8,1,97,95,2
S01007900,451,444,7,248,244,4,199,198,1,56,56,0,143,142,1,15,13,2,3,3,0,12,10,2,34,33,1,203,200,3
S01007901,576,563,13,334,326,8,264,260,4,89,87,2,175,173,2,27,25,2,7,7,0,20,18,2,43,41,2,242,237,5
S01007902,732,713,19,372,359,13,298,290,8,84,83,1,214,207,7,28,23,5,5,5,0,23,18,5,46,46,0,360,354,6
S01007903,563,560,3,262,259,3,199,198,1,55,55,0,144,143,1,30,28,2,7,7,0,23,21,2,33,33,0,301,301,0
S01007904,697,679,18,418,407,11,300,290,10,78,74,4,222,216,6,102,101,1,12,11,1,90,90,0,16,16,0,279,272,7
S01007905,547,542,5,302,298,4,226,222,4,71,70,1,155,152,3,9,9,0,2,2,0,7,7,0,67,67,0,245,244,1
S01007906,625,618,7,308,304,4,240,236,4,66,65,1,174,171,3,26,26,0,8,8,0,18,18,0,42,42,0,317,314,3
S01007907,475,474,1,246,245,1,203,203,0,53,53,0,150,150,0,15,15,0,4,4,0,11,11,0,28,27,1,229,229,0
S01007908,796,790,6,426,423,3,339,338,1,89,89,0,250,249,1,43,41,2,9,9,0,34,32,2,44,44,0,370,367,3
S01007909,422,418,4,264,262,2,222,220,2,60,60,0,162,160,2,20,20,0,5,5,0,15,15,0,22,22,0,158,156,2
S01007910,695,685,10,419,412,7,323,318,5,107,104,3,216,214,2,29,28,1,9,9,0,20,19,1,67,66,1,276,273,3
S01007911,633,630,3,381,380,1,326,325,1,88,88,0,238,237,1,30,30,0,8,8,0,22,22,0,25,25,0,252,250,2
S01007912,662,656,6,397,395,2,324,323,1,98,98,0,226,225,1,27,27,0,8,8,0,19,19,0,46,45,1,265,261,4
S01007913,509,505,4,274,272,2,214,212,2,72,71,1,142,141,1,23,23,0,6,6,0,17,17,0,37,37,0,235,233,2
S01007914,517,514,3,295,294,1,219,219,0,66,66,0,153,153,0,21,20,1,3,3,0,18,17,1,55,55,0,222,220,2
S01007915,686,673,13,426,419,7,342,338,4,116,112,4,226,226,0,32,30,2,8,6,2,24,24,0,52,51,1,260,254,6
S01007916,704,695,9,333,327,6,274,268,6,89,86,3,185,182,3,29,29,0,3,3,0,26,26,0,30,30,0,371,368,3
S01007917,731,725,6,420,415,5,340,336,4,97,96,1,243,240,3,30,30,0,7,7,0,23,23,0,50,49,1,311,310,1
S01007918,794,780,14,465,458,7,373,366,7,105,102,3,268,264,4,42,42,0,9,9,0,33,33,0,50,50,0,329,322,7
S01007919,649,639,10,402,397,5,339,335,4,71,70,1,268,265,3,45,44,1,12,12,0,33,32,1,18,18,0,247,242,5
S01007920,493,470,23,327,312,15,282,273,9,67,63,4,215,210,5,32,27,5,9,8,1,23,19,4,13,12,1,166,158,8
S01007921,776,765,11,420,415,5,321,318,3,100,99,1,221,219,2,39,37,2,14,14,0,25,23,2,60,60,0,356,350,6
S01007922,718,701,17,396,389,7,295,290,5,104,102,2,191,188,3,38,37,1,8,8,0,30,29,1,63,62,1,322,312,10
S01007923,814,785,29,527,505,22,438,418,20,132,124,8,306,294,12,58,56,2,12,12,0,46,44,2,31,31,0,287,280,7
S01007924,826,803,23,461,444,17,351,340,11,120,112,8,231,228,3,30,27,3,3,3,0,27,24,3,80,77,3,365,359,6
S01007925,387,376,11,272,266,6,164,160,4,36,35,1,128,125,3,91,89,2,17,16,1,74,73,1,17,17,0,115,110,5
S01007926,393,383,10,277,267,10,194,187,7,52,51,1,142,136,6,74,72,2,15,15,0,59,57,2,9,8,1,116,116,0
S01007927,525,507,18,376,366,10,246,238,8,69,66,3,177,172,5,117,115,2,26,25,1,91,90,1,13,13,0,149,141,8
S01007928,850,822,28,495,474,21,381,363,18,111,107,4,270,256,14,93,91,2,22,22,0,71,69,2,21,20,1,355,348,7
S01007929,598,577,21,437,423,14,293,280,13,84,79,5,209,201,8,129,128,1,19,18,1,110,110,0,15,15,0,161,154,7
S01007930,473,458,15,357,344,13,238,231,7,76,73,3,162,158,4,111,107,4,21,20,1,90,87,3,8,6,2,116,114,2
S01007931,912,863,49,535,507,28,445,419,26,122,109,13,323,310,13,65,63,2,18,17,1,47,46,1,25,25,0,377,356,21
S01007932,725,709,16,414,408,6,327,322,5,70,70,0,257,252,5,59,59,0,21,21,0,38,38,0,28,27,1,311,301,10
S01007933,650,622,28,437,418,19,347,334,13,97,89,8,250,245,5,52,48,4,16,13,3,36,35,1,38,36,2,213,204,9
S01007934,561,548,13,355,348,7,284,277,7,83,79,4,201,198,3,36,36,0,10,10,0,26,26,0,35,35,0,206,200,6
S01007935,678,654,24,417,398,19,316,300,16,54,48,6,262,252,10,52,52,0,12,12,0,40,40,0,49,46,3,261,256,5
S01007936,791,763,28,567,547,20,491,474,17,114,110,4,377,364,13,56,54,2,21,20,1,35,34,1,20,19,1,224,216,8
S01007937,865,844,21,603,592,11,495,485,10,125,121,4,370,364,6,73,72,1,16,16,0,57,56,1,35,35,0,262,252,10
S01007938,632,622,10,372,367,5,295,292,3,89,87,2,206,205,1,39,37,2,19,18,1,20,19,1,38,38,0,260,255,5
S01007939,713,698,15,424,415,9,318,312,6,88,88,0,230,224,6,30,29,1,12,11,1,18,18,0,76,74,2,289,283,6
S01007940,871,852,19,508,496,12,400,390,10,99,99,0,301,291,10,60,58,2,15,15,0,45,43,2,48,48,0,363,356,7
S01007941,544,531,13,368,360,8,308,302,6,83,81,2,225,221,4,40,38,2,17,17,0,23,21,2,20,20,0,176,171,5
S01007942,362,356,6,262,258,4,211,207,4,67,66,1,144,141,3,25,25,0,6,6,0,19,19,0,26,26,0,100,98,2
S01007943,564,552,12,312,304,8,250,243,7,66,62,4,184,181,3,32,31,1,9,9,0,23,22,1,30,30,0,252,248,4
S01007944,764,750,14,467,460,7,358,351,7,94,93,1,264,258,6,53,53,0,13,13,0,40,40,0,56,56,0,297,290,7
S01007945,723,706,17,401,394,7,282,278,4,73,70,3,209,208,1,63,61,2,16,15,1,47,46,1,56,55,1,322,312,10
S01007946,663,656,7,402,396,6,302,298,4,85,84,1,217,214,3,42,41,1,8,8,0,34,33,1,58,57,1,261,260,1
S01007947,618,598,20,364,354,10,290,284,6,87,86,1,203,198,5,43,40,3,12,10,2,31,30,1,31,30,1,254,244,10
S01007948,526,509,17,283,269,14,194,185,9,53,53,0,141,132,9,29,27,2,13,12,1,16,15,1,60,57,3,243,240,3
S01007949,654,644,10,401,394,7,342,336,6,96,93,3,246,243,3,27,26,1,5,5,0,22,21,1,32,32,0,253,250,3
S01007950,735,724,11,473,466,7,395,389,6,99,99,0,296,290,6,58,58,0,11,11,0,47,47,0,20,19,1,262,258,4
S01007951,619,605,14,404,393,11,329,319,10,89,86,3,240,233,7,35,35,0,8,8,0,27,27,0,40,39,1,215,212,3
S01007952,543,528,15,297,289,8,208,202,6,59,57,2,149,145,4,44,43,1,10,10,0,34,33,1,45,44,1,246,239,7
S01007953,763,756,7,487,482,5,387,382,5,110,109,1,277,273,4,47,47,0,14,14,0,33,33,0,53,53,0,276,274,2
S01007954,586,576,10,337,333,4,263,259,4,85,83,2,178,176,2,17,17,0,4,4,0,13,13,0,57,57,0,249,243,6
S01007955,636,619,17,442,427,15,347,337,10,123,119,4,224,218,6,24,23,1,4,4,0,20,19,1,71,67,4,194,192,2
S01007956,577,565,12,376,368,8,295,288,7,109,106,3,186,182,4,25,25,0,4,4,0,21,21,0,56,55,1,201,197,4
S01007957,795,766,29,436,417,19,370,353,17,114,108,6,256,245,11,28,26,2,9,8,1,19,18,1,38,38,0,359,349,10
S01007958,740,729,11,426,418,8,322,317,5,83,81,2,239,236,3,22,20,2,7,6,1,15,14,1,82,81,1,314,311,3
S01007959,690,671,19,417,403,14,356,345,11,100,97,3,256,248,8,36,34,2,14,12,2,22,22,0,25,24,1,273,268,5
S01007960,571,566,5,370,366,4,309,305,4,92,91,1,217,214,3,22,22,0,8,8,0,14,14,0,39,39,0,201,200,1
S01007961,1103,1079,24,477,471,6,296,291,5,77,76,1,219,215,4,155,154,1,36,36,0,119,118,1,26,26,0,626,608,18
S01007962,443,427,16,284,278,6,218,213,5,69,66,3,149,147,2,28,27,1,8,8,0,20,19,1,38,38,0,159,149,10
S01007963,702,674,28,369,352,17,222,210,12,92,89,3,130,121,9,27,23,4,7,5,2,20,18,2,120,119,1,333,322,11
S01007964,643,630,13,358,348,10,275,270,5,105,102,3,170,168,2,25,23,2,7,7,0,18,16,2,58,55,3,285,282,3
S01007965,456,445,11,274,268,6,224,221,3,79,77,2,145,144,1,14,12,2,6,6,0,8,6,2,36,35,1,182,177,5
S01007966,733,713,20,400,389,11,309,303,6,116,113,3,193,190,3,19,17,2,7,5,2,12,12,0,72,69,3,333,324,9
S01007967,464,448,16,296,286,10,223,215,8,99,96,3,124,119,5,14,14,0,3,3,0,11,11,0,59,57,2,168,162,6
S01007968,741,722,19,421,409,12,352,340,12,107,103,4,245,237,8,24,24,0,5,5,0,19,19,0,45,45,0,320,313,7
S01007969,700,684,16,404,394,10,337,330,7,101,98,3,236,232,4,29,28,1,3,3,0,26,25,1,38,36,2,296,290,6
S01007970,707,695,12,451,442,9,373,367,6,103,103,0,270,264,6,25,24,1,9,9,0,16,15,1,53,51,2,256,253,3
S01007971,796,779,17,450,442,8,363,358,5,104,103,1,259,255,4,23,22,1,14,14,0,9,8,1,64,62,2,346,337,9
S01007972,705,697,8,447,441,6,371,366,5,116,114,2,255,252,3,26,25,1,8,8,0,18,17,1,50,50,0,258,256,2
S01007973,724,712,12,485,478,7,431,424,7,119,117,2,312,307,5,38,38,0,16,16,0,22,22,0,16,16,0,239,234,5
S01007974,699,687,12,376,370,6,314,311,3,100,99,1,214,212,2,22,21,1,4,4,0,18,17,1,40,38,2,323,317,6
S01007975,561,549,12,321,311,10,256,246,10,83,83,0,173,163,10,23,23,0,9,9,0,14,14,0,42,42,0,240,238,2
S01007976,645,626,19,354,341,13,274,266,8,61,58,3,213,208,5,27,26,1,10,10,0,17,16,1,53,49,4,291,285,6
S01007977,558,549,9,392,383,9,343,334,9,88,87,1,255,247,8,31,31,0,5,5,0,26,26,0,18,18,0,166,166,0
S01007978,505,494,11,348,341,7,289,284,5,58,57,1,231,227,4,19,17,2,2,2,0,17,15,2,40,40,0,157,153,4
S01007979,707,683,24,469,453,16,386,372,14,88,83,5,298,289,9,53,51,2,11,10,1,42,41,1,30,30,0,238,230,8
S01007980,611,596,15,370,360,10,304,294,10,84,80,4,220,214,6,35,35,0,10,10,0,25,25,0,31,31,0,241,236,5
S01007981,488,478,10,267,261,6,216,212,4,67,65,2,149,147,2,37,35,2,7,5,2,30,30,0,14,14,0,221,217,4
S01007982,439,435,4,260,258,2,226,224,2,73,73,0,153,151,2,23,23,0,4,4,0,19,19,0,11,11,0,179,177,2
S01007983,649,633,16,335,327,8,257,252,5,108,104,4,149,148,1,26,24,2,6,6,0,20,18,2,52,51,1,314,306,8
S01007984,681,662,19,396,381,15,328,316,12,106,103,3,222,213,9,30,29,1,8,7,1,22,22,0,38,36,2,285,281,4
S01007985,744,723,21,430,419,11,330,325,5,100,98,2,230,227,3,25,23,2,1,1,0,24,22,2,75,71,4,314,304,10
S01007986,475,467,8,279,273,6,240,234,6,72,71,1,168,163,5,17,17,0,3,3,0,14,14,0,22,22,0,196,194,2
S01007987,621,606,15,419,406,13,357,346,11,108,104,4,249,242,7,30,30,0,5,5,0,25,25,0,32,30,2,202,200,2
S01007988,667,651,16,375,363,12,316,308,8,104,101,3,212,207,5,21,19,2,5,5,0,16,14,2,38,36,2,292,288,4
S01007989,551,531,20,369,355,14,297,285,12,103,94,9,194,191,3,27,25,2,8,8,0,19,17,2,45,45,0,182,176,6
S01007990,683,660,23,509,493,16,422,406,16,131,126,5,291,280,11,27,27,0,11,11,0,16,16,0,60,60,0,174,167,7
S01007991,720,681,39,594,568,26,516,498,18,138,135,3,378,363,15,52,47,5,18,14,4,34,33,1,26,23,3,126,113,13
S01007992,494,458,36,396,368,28,338,316,22,93,85,8,245,231,14,46,41,5,11,11,0,35,30,5,12,11,1,98,90,8
S01007993,703,690,13,503,492,11,429,420,9,117,114,3,312,306,6,47,45,2,10,10,0,37,35,2,27,27,0,200,198,2
S01007994,605,569,36,507,478,29,434,412,22,102,99,3,332,313,19,52,48,4,18,16,2,34,32,2,21,18,3,98,91,7
S01007995,683,658,25,540,519,21,482,465,17,149,141,8,333,324,9,35,33,2,12,12,0,23,21,2,23,21,2,143,139,4
S01007996,392,376,16,251,241,10,202,196,6,55,53,2,147,143,4,39,37,2,10,10,0,29,27,2,10,8,2,141,135,6
S01007997,581,553,28,358,338,20,288,273,15,71,68,3,217,205,12,51,47,4,16,16,0,35,31,4,19,18,1,223,215,8
S01007998,451,435,16,274,260,14,218,212,6,52,51,1,166,161,5,45,38,7,12,10,2,33,28,5,11,10,1,177,175,2
S01007999,544,535,9,353,348,5,289,286,3,92,92,0,197,194,3,29,27,2,8,7,1,21,20,1,35,35,0,191,187,4
S01008000,733,722,11,415,408,7,329,323,6,107,104,3,222,219,3,20,20,0,6,6,0,14,14,0,66,65,1,318,314,4
S01008001,655,641,14,367,359,8,272,270,2,102,101,1,170,169,1,14,14,0,6,6,0,8,8,0,81,75,6,288,282,6
S01008002,611,594,17,377,364,13,245,239,6,85,82,3,160,157,3,39,34,5,21,19,2,18,15,3,93,91,2,234,230,4
S01008003,533,502,31,316,296,20,255,241,14,61,57,4,194,184,10,29,25,4,6,5,1,23,20,3,32,30,2,217,206,11
S01008004,465,440,25,354,336,18,305,289,16,78,72,6,227,217,10,24,22,2,5,4,1,19,18,1,25,25,0,111,104,7
S01008005,397,375,22,322,308,14,270,259,11,65,63,2,205,196,9,27,25,2,8,7,1,19,18,1,25,24,1,75,67,8
S01008006,445,437,8,217,212,5,158,156,2,45,45,0,113,111,2,15,15,0,8,8,0,7,7,0,44,41,3,228,225,3
S01008007,336,326,10,221,216,5,161,156,5,54,54,0,107,102,5,7,7,0,2,2,0,5,5,0,53,53,0,115,110,5
S01008008,459,428,31,294,268,26,228,207,21,76,70,6,152,137,15,24,21,3,8,7,1,16,14,2,42,40,2,165,160,5
S01008009,590,573,17,363,348,15,271,261,10,86,83,3,185,178,7,31,26,5,11,8,3,20,18,2,61,61,0,227,225,2
S01008010,747,709,38,487,459,28,351,332,19,82,79,3,269,253,16,43,38,5,10,9,1,33,29,4,93,89,4,260,250,10
S01008011,612,589,23,311,295,16,231,220,11,54,52,2,177,168,9,19,17,2,3,3,0,16,14,2,61,58,3,301,294,7
S01008012,701,680,21,460,441,19,369,357,12,77,77,0,292,280,12,47,42,5,9,9,0,38,33,5,44,42,2,241,239,2
S01008013,620,604,16,338,325,13,279,268,11,70,67,3,209,201,8,36,34,2,11,11,0,25,23,2,23,23,0,282,279,3
S01008014,545,528,17,350,338,12,289,279,10,74,73,1,215,206,9,33,33,0,7,7,0,26,26,0,28,26,2,195,190,5
S01008015,663,646,17,394,390,4,330,326,4,76,76,0,254,250,4,19,19,0,9,9,0,10,10,0,45,45,0,269,256,13
S01008016,689,674,15,394,386,8,313,307,6,83,81,2,230,226,4,41,39,2,8,8,0,33,31,2,40,40,0,295,288,7
S01008017,787,764,23,427,412,15,364,351,13,110,107,3,254,244,10,46,46,0,14,14,0,32,32,0,17,15,2,360,352,8
S01008018,573,551,22,321,306,15,272,258,14,74,69,5,198,189,9,38,37,1,12,12,0,26,25,1,11,11,0,252,245,7
S01008019,620,600,20,386,378,8,307,302,5,90,90,0,217,212,5,60,57,3,13,13,0,47,44,3,19,19,0,234,222,12
S01008020,524,500,24,367,347,20,309,292,17,76,68,8,233,224,9,42,40,2,10,10,0,32,30,2,16,15,1,157,153,4
S01008021,482,470,12,288,281,7,233,228,5,71,69,2,162,159,3,43,41,2,16,14,2,27,27,0,12,12,0,194,189,5
S01008022,605,584,21,391,374,17,326,313,13,91,85,6,235,228,7,47,44,3,18,17,1,29,27,2,18,17,1,214,210,4
S01008023,549,529,20,421,405,16,351,340,11,111,107,4,240,233,7,51,46,5,8,8,0,43,38,5,19,19,0,128,124,4
S01008024,482,463,19,430,415,15,367,354,13,94,91,3,273,263,10,48,47,1,14,14,0,34,33,1,15,14,1,52,48,4
S01008025,583,574,9,405,397,8,356,350,6,107,105,2,249,245,4,38,36,2,9,8,1,29,28,1,11,11,0,178,177,1
S01008026,853,841,12,535,524,11,440,433,7,135,131,4,305,302,3,48,48,0,14,14,0,34,34,0,47,43,4,318,317,1
S01008027,475,465,10,289,281,8,252,247,5,74,73,1,178,174,4,11,9,2,4,4,0,7,5,2,26,25,1,186,184,2
S01008028,469,449,20,332,318,14,277,266,11,77,75,2,200,191,9,38,35,3,4,3,1,34,32,2,17,17,0,137,131,6
S01008029,784,762,22,472,457,15,351,338,13,101,99,2,250,239,11,91,89,2,18,17,1,73,72,1,30,30,0,312,305,7
S01008030,912,883,29,557,539,18,427,411,16,102,94,8,325,317,8,92,91,1,27,27,0,65,64,1,38,37,1,355,344,11
S01008031,730,716,14,446,437,9,366,359,7,111,109,2,255,250,5,37,35,2,12,12,0,25,23,2,43,43,0,284,279,5
S01008032,733,715,18,472,460,12,401,389,12,119,115,4,282,274,8,40,40,0,10,10,0,30,30,0,31,31,0,261,255,6
S01008033,625,582,43,468,443,25,368,350,18,125,121,4,243,229,14,86,79,7,17,15,2,69,64,5,14,14,0,157,139,18
S01008034,599,540,59,461,419,42,370,342,28,112,106,6,258,236,22,75,66,9,27,24,3,48,42,6,16,11,5,138,121,17
S01008035,531,518,13,332,322,10,278,270,8,82,80,2,196,190,6,34,32,2,10,10,0,24,22,2,20,20,0,199,196,3
S01008036,567,553,14,357,346,11,300,290,10,99,95,4,201,195,6,38,37,1,12,12,0,26,25,1,19,19,0,210,207,3
S01008037,833,798,35,512,497,15,422,411,11,139,137,2,283,274,9,57,53,4,20,18,2,37,35,2,33,33,0,321,301,20
S01008038,592,574,18,400,385,15,323,314,9,109,104,5,214,210,4,47,41,6,13,9,4,34,32,2,30,30,0,192,189,3
S01008039,715,679,36,467,439,28,381,356,25,130,124,6,251,232,19,46,43,3,14,13,1,32,30,2,40,40,0,248,240,8
S01008040,653,621,32,376,354,22,300,283,17,99,93,6,201,190,11,57,52,5,21,19,2,36,33,3,19,19,0,277,267,10
S01008041,600,561,39,320,298,22,266,249,17,87,84,3,179,165,14,41,38,3,7,6,1,34,32,2,13,11,2,280,263,17
S01008042,480,444,36,265,241,24,200,180,20,62,51,11,138,129,9,58,54,4,18,17,1,40,37,3,7,7,0,215,203,12
S01008043,767,730,37,449,424,25,339,322,17,115,109,6,224,213,11,102,96,6,45,42,3,57,54,3,8,6,2,318,306,12
S01008044,815,778,37,487,459,28,388,365,23,119,110,9,269,255,14,87,83,4,27,24,3,60,59,1,12,11,1,328,319,9
S01008045,828,769,59,449,417,32,310,289,21,93,87,6,217,202,15,111,100,11,26,25,1,85,75,10,28,28,0,379,352,27
S01008046,755,729,26,347,335,12,276,268,8,92,88,4,184,180,4,38,36,2,17,16,1,21,20,1,33,31,2,408,394,14
S01008047,581,559,22,319,308,11,251,241,10,84,80,4,167,161,6,55,54,1,17,17,0,38,37,1,13,13,0,262,251,11
S01008048,488,472,16,252,243,9,213,206,7,62,61,1,151,145,6,29,28,1,9,8,1,20,20,0,10,9,1,236,229,7
S01008049,709,678,31,382,365,17,309,295,14,78,73,5,231,222,9,63,61,2,25,24,1,38,37,1,10,9,1,327,313,14
S01008050,508,454,54,273,246,27,220,201,19,69,66,3,151,135,16,45,40,5,17,16,1,28,24,4,8,5,3,235,208,27
S01008051,690,649,41,445,417,28,379,356,23,104,98,6,275,258,17,51,48,3,12,11,1,39,37,2,15,13,2,245,232,13
S01008052,668,635,33,448,427,21,368,352,16,79,75,4,289,277,12,67,62,5,17,15,2,50,47,3,13,13,0,220,208,12
S01008053,507,473,34,261,241,20,210,191,19,68,64,4,142,127,15,41,40,1,14,13,1,27,27,0,10,10,0,246,232,14
S01008054,662,615,47,360,337,23,275,260,15,79,76,3,196,184,12,75,67,8,21,17,4,54,50,4,10,10,0,302,278,24
S01008055,835,784,51,507,471,36,408,381,27,128,121,7,280,260,20,85,78,7,38,33,5,47,45,2,14,12,2,328,313,15
S01008056,623,566,57,321,290,31,261,237,24,84,81,3,177,156,21,53,46,7,17,13,4,36,33,3,7,7,0,302,276,26
S01008057,758,701,57,449,408,41,364,332,32,94,85,9,270,247,23,74,67,7,18,18,0,56,49,7,11,9,2,309,293,16
S01008058,718,634,84,507,449,58,377,343,34,136,122,14,241,221,20,111,88,23,29,21,8,82,67,15,19,18,1,211,185,26
S01008059,559,525,34,359,338,21,294,277,17,93,90,3,201,187,14,55,52,3,19,18,1,36,34,2,10,9,1,200,187,13
S01008060,725,679,46,481,452,29,401,379,22,109,105,4,292,274,18,62,55,7,19,17,2,43,38,5,18,18,0,244,227,17
S01008061,627,585,42,399,368,31,330,309,21,99,96,3,231,213,18,52,44,8,13,12,1,39,32,7,17,15,2,228,217,11
S01008062,714,682,32,444,422,22,387,371,16,117,113,4,270,258,12,43,37,6,9,9,0,34,28,6,14,14,0,270,260,10
S01008063,764,696,68,471,426,45,394,361,33,112,96,16,282,265,17,63,53,10,17,14,3,46,39,7,14,12,2,293,270,23
S01008064,568,529,39,365,334,31,286,260,26,105,94,11,181,166,15,32,29,3,7,7,0,25,22,3,47,45,2,203,195,8
S01008065,775,706,69,510,466,44,410,375,35,119,110,9,291,265,26,76,68,8,24,22,2,52,46,6,24,23,1,265,240,25
S01008066,727,677,50,445,412,33,318,295,23,87,82,5,231,213,18,108,100,8,39,34,5,69,66,3,19,17,2,282,265,17
S01008067,524,487,37,318,297,21,251,235,16,62,60,2,189,175,14,59,54,5,22,18,4,37,36,1,8,8,0,206,190,16
S01008068,777,721,56,489,459,30,392,372,20,108,102,6,284,270,14,76,69,7,24,21,3,52,48,4,21,18,3,288,262,26
S01008069,777,732,45,521,487,34,437,411,26,117,108,9,320,303,17,49,45,4,15,13,2,34,32,2,35,31,4,256,245,11
S01008070,742,715,27,506,485,21,436,422,14,130,125,5,306,297,9,43,39,4,10,10,0,33,29,4,27,24,3,236,230,6
S01008071,580,556,24,396,380,16,342,328,14,82,78,4,260,250,10,42,40,2,11,10,1,31,30,1,12,12,0,184,176,8
S01008072,706,645,61,422,382,40,335,305,30,69,66,3,266,239,27,68,60,8,13,11,2,55,49,6,19,17,2,284,263,21
S01008073,403,359,44,247,220,27,187,167,20,50,46,4,137,121,16,50,43,7,11,9,2,39,34,5,10,10,0,156,139,17
S01008074,809,755,54,519,483,36,409,381,28,127,120,7,282,261,21,93,88,5,26,24,2,67,64,3,17,14,3,290,272,18
S01008075,492,459,33,237,219,18,174,160,14,62,57,5,112,103,9,59,56,3,10,10,0,49,46,3,4,3,1,255,240,15
S01008076,582,541,41,241,221,20,172,156,16,48,43,5,124,113,11,61,57,4,18,16,2,43,41,2,8,8,0,341,320,21
S01008077,679,630,49,372,347,25,265,249,16,84,78,6,181,171,10,87,79,8,25,24,1,62,55,7,20,19,1,307,283,24
S01008078,699,644,55,392,356,36,306,286,20,100,93,7,206,193,13,72,59,13,17,15,2,55,44,11,14,11,3,307,288,19
S01008079,735,674,61,415,386,29,324,300,24,101,96,5,223,204,19,70,65,5,26,25,1,44,40,4,21,21,0,320,288,32
S01008080,560,518,42,352,331,21,272,257,15,80,77,3,192,180,12,67,61,6,13,11,2,54,50,4,13,13,0,208,187,21
S01008081,492,450,42,296,268,28,231,210,21,61,55,6,170,155,15,48,42,6,17,13,4,31,29,2,17,16,1,196,182,14
S01008082,686,616,70,423,384,39,355,328,27,99,91,8,256,237,19,54,44,10,12,10,2,42,34,8,14,12,2,263,232,31
S01008083,586,530,56,352,317,35,296,271,25,102,97,5,194,174,20,46,38,8,16,14,2,30,24,6,10,8,2,234,213,21
S01008084,712,694,18,451,438,13,348,336,12,106,102,4,242,234,8,72,71,1,18,18,0,54,53,1,31,31,0,261,256,5
S01008085,794,770,24,550,532,18,429,414,15,129,124,5,300,290,10,106,103,3,26,26,0,80,77,3,15,15,0,244,238,6
S01008086,861,830,31,614,588,26,489,470,19,134,130,4,355,340,15,90,84,6,21,20,1,69,64,5,35,34,1,247,242,5
S01008087,694,654,40,389,369,20,330,310,20,87,84,3,243,226,17,43,43,0,12,12,0,31,31,0,16,16,0,305,285,20
S01008088,780,745,35,447,425,22,389,374,15,112,108,4,277,266,11,39,34,5,11,11,0,28,23,5,19,17,2,333,320,13
S01008089,543,513,30,331,315,16,280,266,14,76,74,2,204,192,12,30,28,2,6,6,0,24,22,2,21,21,0,212,198,14
S01008090,622,583,39,405,383,22,344,326,18,106,98,8,238,228,10,38,35,3,7,7,0,31,28,3,23,22,1,217,200,17
S01008091,332,326,6,197,192,5,169,164,5,47,46,1,122,118,4,22,22,0,5,5,0,17,17,0,6,6,0,135,134,1
S01008092,767,729,38,422,402,20,354,342,12,114,112,2,240,230,10,47,40,7,14,12,2,33,28,5,21,20,1,345,327,18
S01008093,672,651,21,378,363,15,325,314,11,95,93,2,230,221,9,36,33,3,8,7,1,28,26,2,17,16,1,294,288,6
S01008094,555,525,30,332,317,15,257,245,12,80,78,2,177,167,10,61,58,3,19,19,0,42,39,3,14,14,0,223,208,15
S01008095,645,624,21,373,362,11,316,308,8,92,88,4,224,220,4,38,36,2,11,11,0,27,25,2,19,18,1,272,262,10
S01008096,676,663,13,358,348,10,298,290,8,88,86,2,210,204,6,41,39,2,9,8,1,32,31,1,19,19,0,318,315,3
S01008097,543,526,17,294,283,11,233,226,7,78,74,4,155,152,3,43,39,4,13,11,2,30,28,2,18,18,0,249,243,6
S01008098,620,594,26,394,381,13,337,328,9,87,85,2,250,243,7,42,38,4,12,12,0,30,26,4,15,15,0,226,213,13
S01008099,444,437,7,289,284,5,235,230,5,68,65,3,167,165,2,36,36,0,12,12,0,24,24,0,18,18,0,155,153,2
S01008100,800,740,60,432,404,28,332,315,17,80,72,8,252,243,9,70,61,9,10,9,1,60,52,8,30,28,2,368,336,32
S01008101,629,602,27,459,437,22,379,362,17,90,88,2,289,274,15,46,41,5,7,6,1,39,35,4,34,34,0,170,165,5
S01008102,695,666,29,414,394,20,335,322,13,84,82,2,251,240,11,45,42,3,9,8,1,36,34,2,34,30,4,281,272,9
S01008103,524,502,22,314,299,15,254,245,9,69,68,1,185,177,8,38,32,6,10,7,3,28,25,3,22,22,0,210,203,7
S01008104,718,701,17,451,445,6,365,361,4,112,109,3,253,252,1,42,40,2,11,10,1,31,30,1,44,44,0,267,256,11
S01008105,856,829,27,531,513,18,420,408,12,118,114,4,302,294,8,44,39,5,9,7,2,35,32,3,67,66,1,325,316,9
S01008106,639,620,19,361,350,11,287,278,9,79,79,0,208,199,9,28,27,1,10,10,0,18,17,1,46,45,1,278,270,8
S01008107,625,538,87,509,439,70,401,355,46,111,97,14,290,258,32,86,66,20,15,10,5,71,56,15,22,18,4,116,99,17
S01008108,540,506,34,410,386,24,343,325,18,107,100,7,236,225,11,51,46,5,12,12,0,39,34,5,16,15,1,130,120,10
S01008109,756,731,25,514,504,10,438,430,8,124,123,1,314,307,7,49,47,2,12,10,2,37,37,0,27,27,0,242,227,15
S01008110,697,650,47,513,484,29,434,411,23,112,104,8,322,307,15,50,46,4,15,15,0,35,31,4,29,27,2,184,166,18
S01008111,751,714,37,445,427,18,395,379,16,113,109,4,282,270,12,42,40,2,11,11,0,31,29,2,8,8,0,306,287,19
S01008112,713,678,35,413,397,16,350,339,11,118,113,5,232,226,6,36,33,3,8,6,2,28,27,1,27,25,2,300,281,19
S01008113,779,738,41,471,449,22,402,387,15,127,123,4,275,264,11,48,41,7,17,16,1,31,25,6,21,21,0,308,289,19
S01008114,578,561,17,357,348,9,301,292,9,96,91,5,205,201,4,37,37,0,9,9,0,28,28,0,19,19,0,221,213,8
S01008115,761,704,57,551,516,35,462,438,24,139,129,10,323,309,14,54,44,10,11,10,1,43,34,9,35,34,1,210,188,22
S01008116,753,705,48,500,473,27,430,407,23,124,121,3,306,286,20,46,43,3,12,11,1,34,32,2,24,23,1,253,232,21
S01008117,676,650,26,402,386,16,323,314,9,108,106,2,215,208,7,54,49,5,14,14,0,40,35,5,25,23,2,274,264,10
S01008118,690,669,21,421,410,11,340,331,9,79,78,1,261,253,8,50,48,2,16,16,0,34,32,2,31,31,0,269,259,10
S01008119,542,523,19,316,309,7,261,255,6,67,66,1,194,189,5,18,17,1,5,4,1,13,13,0,37,37,0,226,214,12
S01008120,518,495,23,290,274,16,237,225,12,68,67,1,169,158,11,37,33,4,7,6,1,30,27,3,16,16,0,228,221,7
S01008121,556,539,17,316,303,13,264,251,13,82,79,3,182,172,10,44,44,0,9,9,0,35,35,0,8,8,0,240,236,4
S01008122,592,556,36,366,344,22,272,255,17,83,76,7,189,179,10,75,71,4,24,21,3,51,50,1,19,18,1,226,212,14
S01008123,763,739,24,451,439,12,354,346,8,112,109,3,242,237,5,85,81,4,19,18,1,66,63,3,12,12,0,312,300,12
S01008124,667,642,25,448,429,19,392,374,18,132,128,4,260,246,14,41,40,1,9,9,0,32,31,1,15,15,0,219,213,6
S01008125,728,699,29,468,447,21,404,387,17,143,134,9,261,253,8,51,48,3,16,16,0,35,32,3,13,12,1,260,252,8
S01008126,668,653,15,477,464,13,398,387,11,125,125,0,273,262,11,61,59,2,21,19,2,40,40,0,18,18,0,191,189,2
S01008127,411,398,13,267,258,9,225,216,9,65,61,4,160,155,5,26,26,0,8,8,0,18,18,0,16,16,0,144,140,4
S01008128,750,734,16,464,455,9,391,383,8,132,129,3,259,254,5,52,52,0,17,17,0,35,35,0,21,20,1,286,279,7
S01008129,748,722,26,474,456,18,385,372,13,93,89,4,292,283,9,49,45,4,8,6,2,41,39,2,40,39,1,274,266,8
S01008130,815,780,35,537,514,23,429,408,21,117,115,2,312,293,19,46,45,1,14,14,0,32,31,1,62,61,1,278,266,12
S01008131,642,624,18,395,383,12,320,313,7,77,77,0,243,236,7,33,29,4,9,8,1,24,21,3,42,41,1,247,241,6
S01008132,850,817,33,490,472,18,400,384,16,113,109,4,287,275,12,70,69,1,20,20,0,50,49,1,20,19,1,360,345,15
S01008133,540,509,31,268,250,18,211,195,16,61,54,7,150,141,9,40,39,1,9,9,0,31,30,1,17,16,1,272,259,13
S01008134,520,495,25,348,325,23,289,267,22,55,50,5,234,217,17,36,36,0,7,7,0,29,29,0,23,22,1,172,170,2
S01008135,916,876,40,639,605,34,539,511,28,137,130,7,402,381,21,59,56,3,10,8,2,49,48,1,41,38,3,277,271,6
S01008136,756,736,20,469,457,12,392,381,11,100,96,4,292,285,7,42,42,0,4,4,0,38,38,0,35,34,1,287,279,8
S01008137,667,655,12,394,387,7,301,295,6,111,110,1,190,185,5,24,24,0,12,12,0,12,12,0,69,68,1,273,268,5
S01008138,645,631,14,390,383,7,304,299,5,102,99,3,202,200,2,25,23,2,4,3,1,21,20,1,61,61,0,255,248,7
S01008139,713,698,15,427,417,10,333,326,7,104,101,3,229,225,4,32,31,1,7,7,0,25,24,1,62,60,2,286,281,5
S01008140,407,401,6,236,232,4,194,190,4,65,63,2,129,127,2,13,13,0,1,1,0,12,12,0,29,29,0,171,169,2
S01008141,712,694,18,446,436,10,373,365,8,97,92,5,276,273,3,54,52,2,18,18,0,36,34,2,19,19,0,266,258,8
S01008142,664,657,7,477,470,7,408,404,4,116,116,0,292,288,4,37,36,1,14,13,1,23,23,0,32,30,2,187,187,0
S01008143,755,732,23,452,439,13,359,351,8,95,94,1,264,257,7,35,33,2,12,12,0,23,21,2,58,55,3,303,293,10
S01008144,505,499,6,326,324,2,257,255,2,79,78,1,178,177,1,53,53,0,14,14,0,39,39,0,16,16,0,179,175,4
S01008145,646,637,9,432,426,6,343,340,3,93,92,1,250,248,2,40,37,3,11,9,2,29,28,1,49,49,0,214,211,3
S01008146,414,408,6,236,232,4,188,185,3,58,57,1,130,128,2,23,22,1,5,5,0,18,17,1,25,25,0,178,176,2
S01008147,664,653,11,437,431,6,366,360,6,98,95,3,268,265,3,40,40,0,9,9,0,31,31,0,31,31,0,227,222,5
S01008148,648,640,8,445,441,4,379,376,3,105,104,1,274,272,2,41,40,1,11,10,1,30,30,0,25,25,0,203,199,4
S01008149,568,555,13,373,363,10,312,304,8,85,83,2,227,221,6,23,22,1,2,2,0,21,20,1,38,37,1,195,192,3
S01008150,764,750,14,447,437,10,375,367,8,99,98,1,276,269,7,32,31,1,9,9,0,23,22,1,40,39,1,317,313,4
S01008151,589,575,14,354,345,9,295,289,6,76,74,2,219,215,4,23,21,2,7,6,1,16,15,1,36,35,1,235,230,5
S01008152,891,862,29,498,486,12,407,397,10,104,104,0,303,293,10,36,36,0,9,9,0,27,27,0,55,53,2,393,376,17
S01008153,769,751,18,501,491,10,423,416,7,125,124,1,298,292,6,48,46,2,11,9,2,37,37,0,30,29,1,268,260,8
S01008154,710,699,11,407,401,6,333,330,3,89,88,1,244,242,2,46,43,3,13,12,1,33,31,2,28,28,0,303,298,5
S01008155,576,554,22,379,365,14,309,299,10,78,74,4,231,225,6,41,38,3,13,11,2,28,27,1,29,28,1,197,189,8
S01008156,771,752,19,487,476,11,364,359,5,111,109,2,253,250,3,79,76,3,16,15,1,63,61,2,44,41,3,284,276,8
S01008157,592,572,20,415,402,13,343,334,9,104,101,3,239,233,6,42,41,1,16,15,1,26,26,0,30,27,3,177,170,7
S01008158,627,599,28,486,467,19,416,402,14,90,88,2,326,314,12,46,42,4,11,10,1,35,32,3,24,23,1,141,132,9
S01008159,781,760,21,448,436,12,347,337,10,101,98,3,246,239,7,40,40,0,9,9,0,31,31,0,61,59,2,333,324,9
S01008160,771,755,16,449,436,13,354,346,8,91,88,3,263,258,5,39,36,3,14,14,0,25,22,3,56,54,2,322,319,3
S01008161,815,779,36,627,597,30,513,486,27,110,103,7,403,383,20,90,88,2,22,22,0,68,66,2,24,23,1,188,182,6
S01008162,831,803,28,547,522,25,463,444,19,114,105,9,349,339,10,60,56,4,12,11,1,48,45,3,24,22,2,284,281,3
S01008163,601,580,21,368,354,14,290,279,11,83,82,1,207,197,10,43,41,2,13,11,2,30,30,0,35,34,1,233,226,7
S01008164,1318,954,364,731,600,131,490,424,66,258,215,43,232,209,23,42,36,6,10,7,3,32,29,3,199,140,59,587,354,233
S01008165,580,534,46,459,424,35,372,347,25,97,90,7,275,257,18,70,65,5,21,20,1,49,45,4,17,12,5,121,110,11
S01008166,443,432,11,293,286,7,233,226,7,71,71,0,162,155,7,26,26,0,8,8,0,18,18,0,34,34,0,150,146,4
S01008167,561,535,26,362,345,17,285,270,15,93,89,4,192,181,11,25,24,1,10,10,0,15,14,1,52,51,1,199,190,9
S01008168,668,627,41,412,378,34,348,318,30,105,95,10,243,223,20,24,21,3,9,8,1,15,13,2,40,39,1,256,249,7
S01008169,584,561,23,409,392,17,350,333,17,106,103,3,244,230,14,30,30,0,8,8,0,22,22,0,29,29,0,175,169,6
S01008170,492,479,13,341,333,8,282,277,5,87,86,1,195,191,4,46,43,3,11,11,0,35,32,3,13,13,0,151,146,5
S01008171,616,568,48,373,343,30,325,299,26,85,77,8,240,222,18,25,22,3,7,7,0,18,15,3,23,22,1,243,225,18
S01008172,457,438,19,284,271,13,238,227,11,75,75,0,163,152,11,29,28,1,8,7,1,21,21,0,17,16,1,173,167,6
S01008173,521,504,17,376,364,12,329,317,12,112,107,5,217,210,7,29,29,0,5,5,0,24,24,0,18,18,0,145,140,5
S01008174,448,434,14,319,308,11,270,263,7,83,82,1,187,181,6,36,32,4,9,7,2,27,25,2,13,13,0,129,126,3
S01008175,615,572,43,439,409,30,372,345,27,100,94,6,272,251,21,38,37,1,10,10,0,28,27,1,29,27,2,176,163,13
S01008176,610,569,41,403,374,29,315,288,27,96,89,7,219,199,20,70,69,1,26,26,0,44,43,1,18,17,1,207,195,12
S01008177,635,604,31,365,345,20,310,292,18,108,106,2,202,186,16,31,30,1,10,10,0,21,20,1,24,23,1,270,259,11
S01008178,560,541,19,325,310,15,285,274,11,93,89,4,192,185,7,25,22,3,5,5,0,20,17,3,15,14,1,235,231,4
S01008179,390,371,19,308,296,12,252,246,6,84,82,2,168,164,4,42,39,3,5,4,1,37,35,2,14,11,3,82,75,7
S01008180,381,373,8,295,288,7,245,241,4,71,70,1,174,171,3,41,38,3,14,12,2,27,26,1,9,9,0,86,85,1
S01008181,579,554,25,354,334,20,289,274,15,103,96,7,186,178,8,48,46,2,11,11,0,37,35,2,17,14,3,225,220,5
S01008182,833,728,105,576,501,75,478,419,59,98,89,9,380,330,50,47,41,6,21,18,3,26,23,3,51,41,10,257,227,30
S01008183,521,464,57,377,326,51,309,269,40,96,80,16,213,189,24,33,28,5,10,8,2,23,20,3,35,29,6,144,138,6
S01008184,735,667,68,442,387,55,351,306,45,83,73,10,268,233,35,50,47,3,18,17,1,32,30,2,41,34,7,293,280,13
S01008185,887,799,88,562,489,73,456,396,60,114,106,8,342,290,52,52,50,2,16,15,1,36,35,1,54,43,11,325,310,15
S01008186,722,612,110,370,326,44,287,253,34,61,55,6,226,198,28,40,37,3,13,12,1,27,25,2,43,36,7,352,286,66
S01008187,501,463,38,326,300,26,266,245,21,88,81,7,178,164,14,32,29,3,10,8,2,22,21,1,28,26,2,175,163,12
S01008188,769,707,62,433,387,46,350,317,33,114,109,5,236,208,28,38,30,8,12,11,1,26,19,7,45,40,5,336,320,16
S01008189,491,461,30,294,280,14,231,223,8,80,77,3,151,146,5,43,39,4,9,8,1,34,31,3,20,18,2,197,181,16
S01008190,709,675,34,446,424,22,365,348,17,131,124,7,234,224,10,38,34,4,10,9,1,28,25,3,43,42,1,263,251,12
S01008191,387,371,16,249,236,13,201,191,10,78,75,3,123,116,7,23,20,3,5,4,1,18,16,2,25,25,0,138,135,3
S01008192,680,597,83,471,407,64,395,341,54,109,90,19,286,251,35,38,32,6,14,11,3,24,21,3,38,34,4,209,190,19
S01008193,678,638,40,421,394,27,342,320,22,104,95,9,238,225,13,49,46,3,20,18,2,29,28,1,30,28,2,257,244,13
S01008194,509,468,41,321,295,26,268,246,22,83,78,5,185,168,17,29,25,4,5,4,1,24,21,3,24,24,0,188,173,15
S01008195,623,577,46,433,398,35,342,321,21,120,113,7,222,208,14,44,34,10,14,8,6,30,26,4,47,43,4,190,179,11
S01008196,596,563,33,409,384,25,321,308,13,112,109,3,209,199,10,35,27,8,11,8,3,24,19,5,53,49,4,187,179,8
S01008197,740,674,66,636,582,54,549,502,47,89,80,9,460,422,38,47,42,5,12,10,2,35,32,3,40,38,2,104,92,12
S01008198,575,554,21,347,337,10,293,284,9,88,86,2,205,198,7,27,27,0,9,9,0,18,18,0,27,26,1,228,217,11
S01008199,608,585,23,379,360,19,308,290,18,90,86,4,218,204,14,24,23,1,6,6,0,18,17,1,47,47,0,229,225,4
S01008200,511,493,18,276,263,13,225,214,11,71,69,2,154,145,9,24,23,1,8,7,1,16,16,0,27,26,1,235,230,5
S01008201,632,595,37,386,356,30,312,285,27,87,82,5,225,203,22,17,16,1,7,7,0,10,9,1,57,55,2,246,239,7
S01008202,487,469,18,288,275,13,247,239,8,61,59,2,186,180,6,22,19,3,2,2,0,20,17,3,19,17,2,199,194,5
S01008203,460,438,22,295,278,17,213,201,12,55,51,4,158,150,8,28,24,4,10,7,3,18,17,1,54,53,1,165,160,5
S01008204,776,758,18,373,365,8,302,294,8,82,80,2,220,214,6,41,41,0,10,10,0,31,31,0,30,30,0,403,393,10
S01008205,565,546,19,367,354,13,300,292,8,105,100,5,195,192,3,36,33,3,8,8,0,28,25,3,31,29,2,198,192,6
S01008206,529,517,12,318,308,10,265,257,8,82,81,1,183,176,7,31,30,1,11,10,1,20,20,0,22,21,1,211,209,2
S01008207,453,446,7,310,303,7,246,241,5,75,75,0,171,166,5,31,29,2,10,9,1,21,20,1,33,33,0,143,143,0
S01008208,622,577,45,514,473,41,436,406,30,93,86,7,343,320,23,42,38,4,9,9,0,33,29,4,36,29,7,108,104,4
S01008209,412,390,22,342,325,17,276,266,10,75,72,3,201,194,7,53,46,7,11,10,1,42,36,6,13,13,0,70,65,5
S01008210,753,723,30,495,474,21,397,381,16,111,108,3,286,273,13,60,56,4,21,18,3,39,38,1,38,37,1,258,249,9
S01008211,744,697,47,479,447,32,372,346,26,103,94,9,269,252,17,66,62,4,23,21,2,43,41,2,41,39,2,265,250,15
S01008212,447,433,14,354,343,11,305,294,11,96,96,0,209,198,11,36,36,0,6,6,0,30,30,0,13,13,0,93,90,3
S01008213,777,759,18,566,550,16,471,458,13,130,126,4,341,332,9,60,59,1,20,20,0,40,39,1,35,33,2,211,209,2
S01008214,611,598,13,318,312,6,259,254,5,81,79,2,178,175,3,32,31,1,10,10,0,22,21,1,27,27,0,293,286,7
S01008215,620,591,29,408,391,17,348,335,13,96,94,2,252,241,11,33,30,3,9,7,2,24,23,1,27,26,1,212,200,12
S01008216,419,403,16,307,298,9,254,247,7,76,73,3,178,174,4,38,36,2,8,8,0,30,28,2,15,15,0,112,105,7
S01008217,472,448,24,333,317,16,267,252,15,77,73,4,190,179,11,54,53,1,23,22,1,31,31,0,12,12,0,139,131,8
S01008218,821,798,23,674,654,20,547,532,15,147,142,5,400,390,10,99,95,4,26,25,1,73,70,3,28,27,1,147,144,3
S01008219,857,809,48,571,536,35,448,420,28,125,118,7,323,302,21,78,72,6,26,23,3,52,49,3,45,44,1,286,273,13
S01008220,459,439,20,298,284,14,240,226,14,81,78,3,159,148,11,25,25,0,4,4,0,21,21,0,33,33,0,161,155,6
S01008221,539,504,35,355,323,32,257,239,18,76,71,5,181,168,13,28,25,3,8,6,2,20,19,1,70,59,11,184,181,3
S01008222,506,492,14,275,267,8,224,217,7,73,72,1,151,145,6,19,18,1,4,3,1,15,15,0,32,32,0,231,225,6
S01008223,510,493,17,270,259,11,235,226,9,68,65,3,167,161,6,15,13,2,3,3,0,12,10,2,20,20,0,240,234,6
S01008224,783,750,33,583,556,27,503,480,23,141,134,7,362,346,16,51,49,2,16,16,0,35,33,2,29,27,2,200,194,6
S01008225,594,583,11,396,389,7,349,342,7,113,111,2,236,231,5,31,31,0,5,5,0,26,26,0,16,16,0,198,194,4
S01008226,638,619,19,367,354,13,293,283,10,98,96,2,195,187,8,30,27,3,8,8,0,22,19,3,44,44,0,271,265,6
S01008227,681,662,19,396,383,13,348,338,10,94,94,0,254,244,10,27,24,3,9,8,1,18,16,2,21,21,0,285,279,6
S01008228,539,505,34,360,331,29,289,268,21,86,80,6,203,188,15,51,47,4,8,7,1,43,40,3,20,16,4,179,174,5
S01008229,551,534,17,347,332,15,301,289,12,86,81,5,215,208,7,25,22,3,10,9,1,15,13,2,21,21,0,204,202,2
S01008230,614,576,38,511,479,32,427,400,27,103,96,7,324,304,20,61,56,5,18,17,1,43,39,4,23,23,0,103,97,6
S01008231,524,503,21,460,444,16,385,372,13,108,103,5,277,269,8,59,56,3,9,9,0,50,47,3,16,16,0,64,59,5
S01008232,486,462,24,423,403,20,355,336,19,87,83,4,268,253,15,35,34,1,2,2,0,33,32,1,33,33,0,63,59,4
S01008233,350,324,26,285,266,19,239,222,17,52,47,5,187,175,12,33,31,2,3,3,0,30,28,2,13,13,0,65,58,7
S01008234,340,331,9,184,178,6,156,152,4,41,41,0,115,111,4,18,17,1,2,2,0,16,15,1,10,9,1,156,153,3
S01008235,690,674,16,420,409,11,352,343,9,109,109,0,243,234,9,51,50,1,10,10,0,41,40,1,17,16,1,270,265,5
S01008236,691,663,28,454,434,20,347,337,10,93,90,3,254,247,7,69,60,9,17,15,2,52,45,7,38,37,1,237,229,8
S01008237,695,666,29,467,446,21,351,334,17,113,112,1,238,222,16,79,77,2,25,23,2,54,54,0,37,35,2,228,220,8
S01008238,631,617,14,383,371,12,309,301,8,93,92,1,216,209,7,35,33,2,7,6,1,28,27,1,39,37,2,248,246,2
S01008239,630,618,12,422,412,10,341,332,9,106,100,6,235,232,3,70,69,1,12,11,1,58,58,0,11,11,0,208,206,2
S01008240,732,707,25,423,406,17,337,323,14,91,89,2,246,234,12,62,60,2,21,21,0,41,39,2,24,23,1,309,301,8
S01008241,557,529,28,317,299,18,247,235,12,68,66,2,179,169,10,56,51,5,21,19,2,35,32,3,14,13,1,240,230,10
S01008242,787,758,29,416,396,20,315,295,20,101,94,7,214,201,13,74,74,0,24,24,0,50,50,0,27,27,0,371,362,9
S01008243,705,664,41,473,446,27,355,330,25,101,99,2,254,231,23,107,106,1,36,36,0,71,70,1,11,10,1,232,218,14
S01008244,470,445,25,258,246,12,183,177,6,54,53,1,129,124,5,61,56,5,32,28,4,29,28,1,14,13,1,212,199,13
S01008245,790,751,39,522,490,32,410,384,26,120,116,4,290,268,22,98,92,6,43,41,2,55,51,4,14,14,0,268,261,7
S01008246,787,744,43,540,504,36,419,390,29,124,118,6,295,272,23,106,99,7,38,37,1,68,62,6,15,15,0,247,240,7
S01008247,642,604,38,456,436,20,323,308,15,88,84,4,235,224,11,116,112,4,41,38,3,75,74,1,17,16,1,186,168,18
S01008248,742,698,44,449,418,31,328,309,19,102,93,9,226,216,10,100,92,8,27,26,1,73,66,7,21,17,4,293,280,13
S01008249,747,682,65,466,423,43,327,293,34,88,78,10,239,215,24,122,113,9,36,33,3,86,80,6,17,17,0,281,259,22
S01008250,835,784,51,555,514,41,403,368,35,119,111,8,284,257,27,133,129,4,36,36,0,97,93,4,19,17,2,280,270,10
S01008251,544,523,21,395,383,12,329,321,8,124,120,4,205,201,4,56,54,2,15,14,1,41,40,1,10,8,2,149,140,9
S01008252,689,662,27,423,403,20,348,330,18,124,116,8,224,214,10,60,58,2,18,18,0,42,40,2,15,15,0,266,259,7
S01008253,648,619,29,378,361,17,315,301,14,89,87,2,226,214,12,37,36,1,5,5,0,32,31,1,26,24,2,270,258,12
S01008254,819,778,41,478,447,31,397,370,27,106,98,8,291,272,19,48,45,3,18,17,1,30,28,2,33,32,1,341,331,10
S01008255,576,549,27,385,366,19,307,295,12,92,90,2,215,205,10,53,48,5,14,13,1,39,35,4,25,23,2,191,183,8
S01008256,665,609,56,439,395,44,341,307,34,109,102,7,232,205,27,59,54,5,20,18,2,39,36,3,39,34,5,226,214,12
S01008257,581,550,31,272,257,15,204,192,12,59,57,2,145,135,10,55,53,2,19,19,0,36,34,2,13,12,1,309,293,16
S01008258,710,665,45,499,463,36,427,395,32,102,94,8,325,301,24,50,47,3,13,12,1,37,35,2,22,21,1,211,202,9
S01008259,637,563,74,417,357,60,320,279,41,91,76,15,229,203,26,74,61,13,19,14,5,55,47,8,23,17,6,220,206,14
S01008260,650,605,45,422,388,34,355,325,30,95,88,7,260,237,23,35,34,1,12,12,0,23,22,1,32,29,3,228,217,11
S01008261,708,678,30,475,451,24,385,372,13,126,119,7,259,253,6,53,48,5,21,19,2,32,29,3,37,31,6,233,227,6
S01008262,493,468,25,348,327,21,249,232,17,82,77,5,167,155,12,86,82,4,26,24,2,60,58,2,13,13,0,145,141,4
S01008263,522,482,40,297,265,32,223,200,23,59,53,6,164,147,17,64,56,8,18,16,2,46,40,6,10,9,1,225,217,8
S01008264,575,547,28,364,340,24,304,282,22,98,92,6,206,190,16,41,39,2,15,14,1,26,25,1,19,19,0,211,207,4
S01008265,563,528,35,292,266,26,219,197,22,56,52,4,163,145,18,63,60,3,26,25,1,37,35,2,10,9,1,271,262,9
S01008266,577,542,35,296,280,16,209,196,13,65,62,3,144,134,10,78,76,2,30,30,0,48,46,2,9,8,1,281,262,19
S01008267,667,618,49,424,386,38,312,280,32,94,85,9,218,195,23,96,92,4,30,29,1,66,63,3,16,14,2,243,232,11
S01008268,724,653,71,382,326,56,257,213,44,71,65,6,186,148,38,112,104,8,43,42,1,69,62,7,13,9,4,342,327,15
S01008269,754,718,36,299,280,19,234,219,15,78,73,5,156,146,10,54,51,3,20,20,0,34,31,3,11,10,1,455,438,17
S01008270,705,656,49,320,292,28,226,205,21,79,74,5,147,131,16,75,70,5,22,20,2,53,50,3,19,17,2,385,364,21
S01008271,586,507,79,353,297,56,246,202,44,62,55,7,184,147,37,72,63,9,22,18,4,50,45,5,35,32,3,233,210,23
S01008272,816,759,57,500,461,39,401,371,30,139,131,8,262,240,22,83,75,8,23,20,3,60,55,5,16,15,1,316,298,18
S01008273,673,632,41,388,356,32,300,276,24,102,98,4,198,178,20,71,65,6,32,29,3,39,36,3,17,15,2,285,276,9
S01008274,593,563,30,343,319,24,264,246,18,98,94,4,166,152,14,40,36,4,11,11,0,29,25,4,39,37,2,250,244,6
S01008275,462,430,32,270,248,22,192,176,16,60,56,4,132,120,12,66,63,3,29,29,0,37,34,3,12,9,3,192,182,10
S01008276,423,402,21,288,270,18,216,202,14,75,71,4,141,131,10,61,57,4,26,24,2,35,33,2,11,11,0,135,132,3
S01008277,408,383,25,280,264,16,170,162,8,59,57,2,111,105,6,97,89,8,36,33,3,61,56,5,13,13,0,128,119,9
S01008278,637,592,45,386,359,27,282,262,20,81,73,8,201,189,12,91,87,4,32,31,1,59,56,3,13,10,3,251,233,18
S01008279,605,585,20,357,342,15,283,269,14,74,72,2,209,197,12,54,54,0,24,24,0,30,30,0,20,19,1,248,243,5
S01008280,778,730,48,511,472,39,350,323,27,103,97,6,247,226,21,138,127,11,43,41,2,95,86,9,23,22,1,267,258,9
S01008281,584,541,43,417,381,36,300,270,30,72,65,7,228,205,23,97,91,6,26,26,0,71,65,6,20,20,0,167,160,7
S01008282,587,544,43,390,356,34,259,236,23,77,70,7,182,166,16,109,100,9,35,33,2,74,67,7,22,20,2,197,188,9
S01008283,395,367,28,303,281,22,231,213,18,73,66,7,158,147,11,49,45,4,14,13,1,35,32,3,23,23,0,92,86,6
S01008284,672,647,25,460,439,21,373,354,19,119,113,6,254,241,13,65,64,1,21,20,1,44,44,0,22,21,1,212,208,4
S01008285,628,596,32,355,340,15,274,263,11,107,102,5,167,161,6,42,39,3,11,9,2,31,30,1,39,38,1,273,256,17
S01008286,620,594,26,374,357,17,307,295,12,96,95,1,211,200,11,47,43,4,9,9,0,38,34,4,20,19,1,246,237,9
S01008287,617,582,35,418,389,29,336,309,27,110,108,2,226,201,25,43,41,2,16,14,2,27,27,0,39,39,0,199,193,6
S01008288,753,695,58,432,395,37,334,308,26,110,103,7,224,205,19,69,61,8,23,21,2,46,40,6,29,26,3,321,300,21
S01008289,525,493,32,366,340,26,290,269,21,76,71,5,214,198,16,53,49,4,17,16,1,36,33,3,23,22,1,159,153,6
S01008290,737,672,65,455,411,44,337,308,29,91,86,5,246,222,24,82,73,9,24,19,5,58,54,4,36,30,6,282,261,21
S01008291,644,625,19,334,323,11,291,282,9,72,71,1,219,211,8,25,23,2,2,2,0,23,21,2,18,18,0,310,302,8
S01008292,592,565,27,428,406,22,354,338,16,136,130,6,218,208,10,35,32,3,10,9,1,25,23,2,39,36,3,164,159,5
S01008293,428,412,16,305,291,14,256,244,12,79,77,2,177,167,10,41,40,1,9,8,1,32,32,0,8,7,1,123,121,2
S01008294,683,641,42,491,460,31,402,376,26,118,114,4,284,262,22,63,60,3,13,13,0,50,47,3,26,24,2,192,181,11
S01008295,795,773,22,582,567,15,519,505,14,154,151,3,365,354,11,35,34,1,11,10,1,24,24,0,28,28,0,213,206,7
S01008296,567,556,11,317,312,5,247,245,2,77,76,1,170,169,1,37,35,2,13,11,2,24,24,0,33,32,1,250,244,6
S01008297,586,572,14,409,403,6,352,347,5,104,104,0,248,243,5,41,40,1,13,12,1,28,28,0,16,16,0,177,169,8
S01008298,608,592,16,403,388,15,333,319,14,89,87,2,244,232,12,52,51,1,22,21,1,30,30,0,18,18,0,205,204,1
S01008299,616,599,17,334,326,8,245,240,5,74,73,1,171,167,4,36,33,3,12,10,2,24,23,1,53,53,0,282,273,9
S01008300,710,696,14,405,395,10,318,313,5,102,99,3,216,214,2,45,42,3,12,12,0,33,30,3,42,40,2,305,301,4
S01008301,687,672,15,492,481,11,410,402,8,115,114,1,295,288,7,54,52,2,11,10,1,43,42,1,28,27,1,195,191,4
S01008302,617,600,17,391,381,10,293,285,8,78,75,3,215,210,5,78,76,2,26,26,0,52,50,2,20,20,0,226,219,7
S01008303,471,454,17,299,290,9,248,239,9,59,56,3,189,183,6,27,27,0,6,6,0,21,21,0,24,24,0,172,164,8
S01008304,411,391,20,252,241,11,209,201,8,56,56,0,153,145,8,23,20,3,1,1,0,22,19,3,20,20,0,159,150,9
S01008305,678,660,18,450,437,13,394,381,13,117,116,1,277,265,12,35,35,0,11,11,0,24,24,0,21,21,0,228,223,5
S01008306,538,528,10,369,361,8,314,308,6,102,101,1,212,207,5,37,35,2,3,3,0,34,32,2,18,18,0,169,167,2
S01008307,493,479,14,331,324,7,283,276,7,79,77,2,204,199,5,30,30,0,11,11,0,19,19,0,18,18,0,162,155,7
S01008308,501,480,21,294,283,11,254,244,10,67,63,4,187,181,6,28,27,1,5,5,0,23,22,1,12,12,0,207,197,10
S01008309,603,583,20,323,310,13,254,242,12,70,66,4,184,176,8,19,18,1,4,4,0,15,14,1,50,50,0,280,273,7
S01008310,818,799,19,482,470,12,406,397,9,112,110,2,294,287,7,38,35,3,9,9,0,29,26,3,38,38,0,336,329,7
S01008311,313,303,10,212,205,7,176,169,7,41,41,0,135,128,7,13,13,0,5,5,0,8,8,0,23,23,0,101,98,3
S01008312,329,320,9,222,215,7,190,184,6,52,50,2,138,134,4,17,16,1,2,1,1,15,15,0,15,15,0,107,105,2
S01008313,748,723,25,391,378,13,307,296,11,89,83,6,218,213,5,31,29,2,8,7,1,23,22,1,53,53,0,357,345,12
S01008314,470,451,19,312,297,15,250,238,12,76,72,4,174,166,8,21,18,3,3,2,1,18,16,2,41,41,0,158,154,4
S01008315,617,599,18,367,357,10,288,280,8,62,61,1,226,219,7,29,27,2,7,7,0,22,20,2,50,50,0,250,242,8
S01008316,421,392,29,234,215,19,178,164,14,55,51,4,123,113,10,15,12,3,5,4,1,10,8,2,41,39,2,187,177,10
S01008317,560,529,31,389,365,24,317,298,19,78,74,4,239,224,15,37,36,1,7,6,1,30,30,0,35,31,4,171,164,7
S01008318,799,772,27,505,485,20,422,405,17,112,107,5,310,298,12,66,64,2,15,14,1,51,50,1,17,16,1,294,287,7
S01008319,622,604,18,336,324,12,286,276,10,84,81,3,202,195,7,27,27,0,3,3,0,24,24,0,23,21,2,286,280,6
S01008320,574,562,12,281,272,9,240,232,8,73,72,1,167,160,7,28,27,1,7,7,0,21,20,1,13,13,0,293,290,3
S01008321,436,422,14,321,313,8,272,267,5,73,71,2,199,196,3,31,29,2,7,7,0,24,22,2,18,17,1,115,109,6
S01008322,839,818,21,516,498,18,436,420,16,120,117,3,316,303,13,38,37,1,7,7,0,31,30,1,42,41,1,323,320,3
S01008323,610,593,17,353,338,15,266,254,12,89,84,5,177,170,7,39,38,1,17,17,0,22,21,1,48,46,2,257,255,2
S01008324,496,489,7,311,305,6,252,246,6,69,66,3,183,180,3,30,30,0,8,8,0,22,22,0,29,29,0,185,184,1
S01008325,554,512,42,367,334,33,298,271,27,92,86,6,206,185,21,10,9,1,5,4,1,5,5,0,59,54,5,187,178,9
S01008326,753,719,34,459,439,20,371,352,19,121,116,5,250,236,14,27,27,0,8,8,0,19,19,0,61,60,1,294,280,14
S01008327,712,695,17,424,416,8,346,339,7,95,93,2,251,246,5,29,29,0,5,5,0,24,24,0,49,48,1,288,279,9
S01008328,501,452,49,384,348,36,303,277,26,86,74,12,217,203,14,60,53,7,19,17,2,41,36,5,21,18,3,117,104,13
S01008329,679,614,65,488,453,35,391,371,20,118,110,8,273,261,12,70,61,9,21,19,2,49,42,7,27,21,6,191,161,30
S01008330,685,603,82,496,446,50,399,369,30,145,131,14,254,238,16,59,45,14,20,14,6,39,31,8,38,32,6,189,157,32
S01008331,477,421,56,360,321,39,287,259,28,93,84,9,194,175,19,58,51,7,14,12,2,44,39,5,15,11,4,117,100,17
S01008332,814,743,71,446,409,37,350,324,26,119,113,6,231,211,20,80,69,11,24,20,4,56,49,7,16,16,0,368,334,34
S01008333,859,810,49,413,388,25,308,293,15,99,93,6,209,200,9,87,79,8,30,26,4,57,53,4,18,16,2,446,422,24
S01008334,602,545,57,345,323,22,278,262,16,79,72,7,199,190,9,49,47,2,11,11,0,38,36,2,18,14,4,257,222,35
S01008335,590,542,48,332,312,20,267,252,15,97,90,7,170,162,8,41,39,2,14,13,1,27,26,1,24,21,3,258,230,28
S01008336,508,460,48,326,294,32,241,222,19,89,81,8,152,141,11,61,48,13,24,20,4,37,28,9,24,24,0,182,166,16
S01008337,663,609,54,492,452,40,436,402,34,119,109,10,317,293,24,31,27,4,10,9,1,21,18,3,25,23,2,171,157,14
S01008338,620,532,88,480,414,66,397,347,50,138,119,19,259,228,31,55,42,13,10,8,2,45,34,11,28,25,3,140,118,22
S01008339,493,448,45,405,374,31,335,313,22,117,110,7,218,203,15,43,40,3,14,12,2,29,28,1,27,21,6,88,74,14
S01008340,643,580,63,491,448,43,403,381,22,121,115,6,282,266,16,69,51,18,25,18,7,44,33,11,19,16,3,152,132,20
S01008341,484,442,42,391,362,29,297,280,17,102,96,6,195,184,11,72,61,11,17,14,3,55,47,8,22,21,1,93,80,13
S01008342,694,633,61,439,404,35,348,327,21,111,107,4,237,220,17,62,52,10,14,11,3,48,41,7,29,25,4,255,229,26
S01008343,702,663,39,428,402,26,318,300,18,113,109,4,205,191,14,83,77,6,27,26,1,56,51,5,27,25,2,274,261,13
S01008344,711,655,56,436,406,30,288,268,20,101,91,10,187,177,10,130,121,9,38,36,2,92,85,7,18,17,1,275,249,26
S01008345,765,711,54,416,384,32,280,260,20,89,85,4,191,175,16,115,105,10,35,32,3,80,73,7,21,19,2,349,327,22
S01008346,774,723,51,477,448,29,344,324,20,122,115,7,222,209,13,108,101,7,37,35,2,71,66,5,25,23,2,297,275,22
S01008347,832,791,41,439,413,26,328,309,19,100,97,3,228,212,16,76,70,6,25,24,1,51,46,5,35,34,1,393,378,15
S01008348,618,585,33,342,323,19,257,245,12,79,77,2,178,168,10,60,54,6,21,19,2,39,35,4,25,24,1,276,262,14
S01008349,696,646,50,405,382,23,303,292,11,111,110,1,192,182,10,91,81,10,18,13,5,73,68,5,11,9,2,291,264,27
S01008350,504,488,16,255,245,10,190,183,7,60,59,1,130,124,6,55,52,3,15,15,0,40,37,3,10,10,0,249,243,6
S01008351,727,689,38,453,434,19,359,344,15,116,112,4,243,232,11,67,65,2,15,15,0,52,50,2,27,25,2,274,255,19
S01008352,529,490,39,304,285,19,241,227,14,72,69,3,169,158,11,51,47,4,16,16,0,35,31,4,12,11,1,225,205,20
S01008353,406,362,44,242,208,34,168,147,21,56,46,10,112,101,11,60,51,9,14,11,3,46,40,6,14,10,4,164,154,10
S01008354,540,493,47,357,329,28,251,232,19,67,64,3,184,168,16,91,83,8,27,24,3,64,59,5,15,14,1,183,164,19
S01008355,540,531,9,301,294,7,231,224,7,67,65,2,164,159,5,49,49,0,12,12,0,37,37,0,21,21,0,239,237,2
S01008356,457,443,14,342,332,10,274,267,7,84,83,1,190,184,6,54,52,2,15,13,2,39,39,0,14,13,1,115,111,4
S01008357,566,552,14,355,343,12,292,281,11,89,87,2,203,194,9,53,52,1,8,8,0,45,44,1,10,10,0,211,209,2
S01008358,582,564,18,333,320,13,260,252,8,77,73,4,183,179,4,45,41,4,12,10,2,33,31,2,28,27,1,249,244,5
S01008359,492,483,9,324,319,5,239,237,2,67,65,2,172,172,0,73,71,2,19,19,0,54,52,2,12,11,1,168,164,4
S01008360,687,649,38,437,410,27,331,313,18,121,117,4,210,196,14,87,79,8,19,15,4,68,64,4,19,18,1,250,239,11
S01008361,424,412,12,289,281,8,245,239,6,69,67,2,176,172,4,31,29,2,8,8,0,23,21,2,13,13,0,135,131,4
S01008362,721,670,51,523,487,36,431,407,24,126,120,6,305,287,18,67,63,4,16,15,1,51,48,3,25,17,8,198,183,15
S01008363,601,572,29,388,368,20,328,310,18,96,90,6,232,220,12,43,41,2,14,13,1,29,28,1,17,17,0,213,204,9
S01008364,628,578,50,390,366,24,297,278,19,102,96,6,195,182,13,71,69,2,22,22,0,49,47,2,22,19,3,238,212,26
S01008365,567,539,28,313,297,16,217,206,11,78,72,6,139,134,5,76,72,4,28,27,1,48,45,3,20,19,1,254,242,12
S01008366,746,716,30,396,381,15,330,317,13,102,100,2,228,217,11,37,36,1,11,11,0,26,25,1,29,28,1,350,335,15
S01008367,617,583,34,370,349,21,306,287,19,101,97,4,205,190,15,34,32,2,9,9,0,25,23,2,30,30,0,247,234,13
S01008368,541,517,24,361,345,16,304,292,12,79,75,4,225,217,8,41,38,3,11,9,2,30,29,1,16,15,1,180,172,8
S01008369,421,401,20,268,253,15,227,215,12,64,62,2,163,153,10,23,22,1,7,6,1,16,16,0,18,16,2,153,148,5
S01008370,553,520,33,373,347,26,288,266,22,90,84,6,198,182,16,64,60,4,17,15,2,47,45,2,21,21,0,180,173,7
S01008371,618,590,28,404,389,15,340,330,10,116,113,3,224,217,7,49,45,4,19,17,2,30,28,2,15,14,1,214,201,13
S01008372,613,575,38,412,389,23,355,337,18,115,111,4,240,226,14,39,35,4,7,6,1,32,29,3,18,17,1,201,186,15
S01008373,614,588,26,437,418,19,378,362,16,128,125,3,250,237,13,39,38,1,14,13,1,25,25,0,20,18,2,177,170,7
S01008374,558,538,20,370,357,13,322,311,11,111,109,2,211,202,9,40,38,2,10,10,0,30,28,2,8,8,0,188,181,7
S01008375,633,605,28,418,397,21,356,337,19,129,122,7,227,215,12,46,45,1,11,11,0,35,34,1,16,15,1,215,208,7
S01008376,415,404,11,284,277,7,222,216,6,65,63,2,157,153,4,43,42,1,16,16,0,27,26,1,19,19,0,131,127,4
S01008377,584,550,34,404,386,18,332,320,12,96,91,5,236,229,7,50,45,5,9,7,2,41,38,3,22,21,1,180,164,16
S01008378,811,763,48,494,462,32,406,382,24,119,116,3,287,266,21,72,64,8,20,18,2,52,46,6,16,16,0,317,301,16
S01008379,434,419,15,238,232,6,191,187,4,66,65,1,125,122,3,30,30,0,8,8,0,22,22,0,17,15,2,196,187,9
S01008380,512,491,21,354,337,17,292,278,14,100,97,3,192,181,11,45,42,3,13,12,1,32,30,2,17,17,0,158,154,4
S01008381,489,466,23,370,353,17,305,292,13,96,89,7,209,203,6,54,50,4,16,14,2,38,36,2,11,11,0,119,113,6
S01008382,502,489,13,310,305,5,255,250,5,80,79,1,175,171,4,43,43,0,16,16,0,27,27,0,12,12,0,192,184,8
S01008383,378,361,17,265,251,14,214,203,11,64,62,2,150,141,9,35,33,2,10,9,1,25,24,1,16,15,1,113,110,3
S01008384,779,753,26,521,507,14,454,443,11,136,132,4,318,311,7,49,46,3,13,13,0,36,33,3,18,18,0,258,246,12
S01008385,542,518,24,332,315,17,260,252,8,79,77,2,181,175,6,57,51,6,9,6,3,48,45,3,15,12,3,210,203,7
S01008386,661,633,28,446,432,14,378,367,11,112,107,5,266,260,6,45,43,2,13,12,1,32,31,1,23,22,1,215,201,14
S01008387,476,456,20,342,327,15,297,287,10,83,82,1,214,205,9,32,30,2,11,11,0,21,19,2,13,10,3,134,129,5
S01008388,488,472,16,381,368,13,326,313,13,92,87,5,234,226,8,41,41,0,8,8,0,33,33,0,14,14,0,107,104,3
S01008389,570,549,21,218,207,11,173,164,9,48,45,3,125,119,6,39,37,2,14,14,0,25,23,2,6,6,0,352,342,10
S01008390,515,508,7,327,321,6,269,264,5,81,79,2,188,185,3,45,44,1,14,14,0,31,30,1,13,13,0,188,187,1
S01008391,627,591,36,333,309,24,273,257,16,82,80,2,191,177,14,41,35,6,16,14,2,25,21,4,19,17,2,294,282,12
S01008392,707,682,25,500,483,17,421,407,14,127,123,4,294,284,10,65,63,2,20,19,1,45,44,1,14,13,1,207,199,8
S01008393,669,634,35,358,339,19,296,280,16,97,93,4,199,187,12,49,47,2,18,17,1,31,30,1,13,12,1,311,295,16
S01008394,600,564,36,415,391,24,343,328,15,99,96,3,244,232,12,62,53,9,20,15,5,42,38,4,10,10,0,185,173,12
S01008395,413,381,32,303,279,24,269,254,15,88,84,4,181,170,11,27,18,9,8,6,2,19,12,7,7,7,0,110,102,8
S01008396,554,519,35,274,256,18,208,198,10,51,48,3,157,150,7,50,43,7,17,15,2,33,28,5,16,15,1,280,263,17
S01008397,762,721,41,498,471,27,408,388,20,119,113,6,289,275,14,62,56,6,21,20,1,41,36,5,28,27,1,264,250,14
S01008398,479,448,31,276,258,18,224,213,11,67,65,2,157,148,9,41,34,7,10,9,1,31,25,6,11,11,0,203,190,13
S01008399,463,416,47,237,218,19,191,177,14,52,49,3,139,128,11,37,32,5,14,13,1,23,19,4,9,9,0,226,198,28
S01008400,536,482,54,335,303,32,274,253,21,93,84,9,181,169,12,41,31,10,12,8,4,29,23,6,20,19,1,201,179,22
S01008401,807,742,65,468,433,35,388,361,27,115,106,9,273,255,18,60,53,7,20,19,1,40,34,6,20,19,1,339,309,30
S01008402,900,843,57,513,485,28,337,322,15,101,99,2,236,223,13,162,150,12,66,61,5,96,89,7,14,13,1,387,358,29
S01008403,473,454,19,293,281,12,227,219,8,82,79,3,145,140,5,54,50,4,9,9,0,45,41,4,12,12,0,180,173,7
S01008404,799,763,36,431,411,20,339,321,18,102,95,7,237,226,11,77,75,2,22,22,0,55,53,2,15,15,0,368,352,16
S01008405,584,560,24,407,390,17,293,283,10,99,92,7,194,191,3,96,91,5,29,27,2,67,64,3,18,16,2,177,170,7
S01008406,791,743,48,392,371,21,306,291,15,87,82,5,219,209,10,67,63,4,27,25,2,40,38,2,19,17,2,399,372,27
S01008407,456,430,26,226,217,9,184,177,7,51,49,2,133,128,5,31,29,2,7,7,0,24,22,2,11,11,0,230,213,17
S01008408,512,484,28,368,351,17,299,287,12,96,92,4,203,195,8,44,40,4,12,11,1,32,29,3,25,24,1,144,133,11
S01008409,719,679,40,417,399,18,351,336,15,102,96,6,249,240,9,28,26,2,10,9,1,18,17,1,38,37,1,302,280,22
S01008410,495,425,70,261,218,43,196,173,23,60,48,12,136,125,11,44,30,14,8,4,4,36,26,10,21,15,6,234,207,27
S01008411,500,473,27,332,318,14,275,265,10,88,85,3,187,180,7,41,37,4,12,12,0,29,25,4,16,16,0,168,155,13
S01008412,561,527,34,347,327,20,283,271,12,101,97,4,182,174,8,43,36,7,11,8,3,32,28,4,21,20,1,214,200,14
S01008413,442,408,34,283,262,21,224,210,14,73,69,4,151,141,10,41,35,6,14,13,1,27,22,5,18,17,1,159,146,13
S01008414,361,324,37,232,208,24,185,166,19,58,53,5,127,113,14,34,31,3,7,6,1,27,25,2,13,11,2,129,116,13
S01008415,680,617,63,468,422,46,383,352,31,123,107,16,260,245,15,52,40,12,18,14,4,34,26,8,33,30,3,212,195,17
S01008416,780,718,62,491,462,29,386,368,18,116,111,5,270,257,13,46,38,8,8,6,2,38,32,6,59,56,3,289,256,33
S01008417,586,544,42,363,336,27,288,268,20,101,95,6,187,173,14,65,58,7,28,24,4,37,34,3,10,10,0,223,208,15
S01008418,584,539,45,386,353,33,323,297,26,98,88,10,225,209,16,55,50,5,18,16,2,37,34,3,8,6,2,198,186,12
S01008419,373,351,22,250,234,16,199,192,7,69,65,4,130,127,3,43,35,8,14,14,0,29,21,8,8,7,1,123,117,6
S01008420,396,364,32,249,233,16,214,202,12,67,64,3,147,138,9,26,22,4,12,8,4,14,14,0,9,9,0,147,131,16
S01008421,687,645,42,465,438,27,393,369,24,112,103,9,281,266,15,38,36,2,10,10,0,28,26,2,34,33,1,222,207,15
S01008422,490,460,30,273,258,15,220,207,13,75,70,5,145,137,8,51,49,2,18,17,1,33,32,1,2,2,0,217,202,15
S01008423,826,760,66,517,480,37,395,365,30,113,107,6,282,258,24,95,88,7,31,29,2,64,59,5,27,27,0,309,280,29
S01008424,698,660,38,346,326,20,279,265,14,99,94,5,180,171,9,55,51,4,20,19,1,35,32,3,12,10,2,352,334,18
S01008425,2308,1404,904,861,699,162,612,531,81,297,252,45,315,279,36,70,63,7,27,23,4,43,40,3,179,105,74,1447,705,742
S01008426,482,455,27,274,254,20,232,215,17,69,63,6,163,152,11,24,22,2,6,5,1,18,17,1,18,17,1,208,201,7
S01008427,868,822,46,671,638,33,570,544,26,171,162,9,399,382,17,78,74,4,28,27,1,50,47,3,23,20,3,197,184,13
S01008428,561,529,32,317,299,18,269,254,15,76,72,4,193,182,11,34,33,1,8,8,0,26,25,1,14,12,2,244,230,14
S01008429,707,674,33,407,389,18,353,336,17,111,105,6,242,231,11,41,41,0,13,13,0,28,28,0,13,12,1,300,285,15
S01008430,555,514,41,330,297,33,270,244,26,87,75,12,183,169,14,34,30,4,8,8,0,26,22,4,26,23,3,225,217,8
S01008431,698,675,23,406,391,15,349,340,9,119,116,3,230,224,6,41,37,4,16,14,2,25,23,2,16,14,2,292,284,8
S01008432,590,564,26,320,302,18,256,241,15,88,85,3,168,156,12,46,43,3,21,19,2,25,24,1,18,18,0,270,262,8
S01008433,685,650,35,461,437,24,395,376,19,124,120,4,271,256,15,56,52,4,15,15,0,41,37,4,10,9,1,224,213,11
S01008434,661,621,40,437,408,29,365,347,18,103,93,10,262,254,8,50,41,9,19,15,4,31,26,5,22,20,2,224,213,11
S01008435,652,602,50,376,342,34,329,305,24,98,90,8,231,215,16,39,29,10,8,6,2,31,23,8,8,8,0,276,260,16
S01008436,723,675,48,432,400,32,350,322,28,104,100,4,246,222,24,62,59,3,15,14,1,47,45,2,20,19,1,291,275,16
S01008437,606,552,54,371,331,40,299,269,30,74,69,5,225,200,25,52,46,6,13,11,2,39,35,4,20,16,4,235,221,14
S01008438,363,331,32,251,225,26,199,176,23,54,52,2,145,124,21,48,46,2,11,11,0,37,35,2,4,3,1,112,106,6
S01008439,848,776,72,544,495,49,451,411,40,132,125,7,319,286,33,81,74,7,26,22,4,55,52,3,12,10,2,304,281,23
S01008440,808,748,60,460,425,35,360,339,21,93,88,5,267,251,16,85,74,11,40,35,5,45,39,6,15,12,3,348,323,25
S01008441,374,356,18,229,220,9,183,174,9,60,56,4,123,118,5,41,41,0,18,18,0,23,23,0,5,5,0,145,136,9
S01008442,554,481,73,403,350,53,316,279,37,66,59,7,250,220,30,71,58,13,24,19,5,47,39,8,16,13,3,151,131,20
S01008443,486,445,41,274,246,28,208,190,18,57,50,7,151,140,11,50,44,6,14,11,3,36,33,3,16,12,4,212,199,13
S01008444,513,464,49,357,323,34,293,265,28,83,76,7,210,189,21,44,39,5,11,9,2,33,30,3,20,19,1,156,141,15
S01008445,690,606,84,327,279,48,280,241,39,84,73,11,196,168,28,32,27,5,7,6,1,25,21,4,15,11,4,363,327,36
S01008446,810,693,117,410,378,32,326,299,27,90,82,8,236,217,19,76,71,5,27,26,1,49,45,4,8,8,0,400,315,85
S01008447,556,521,35,354,329,25,274,256,18,78,74,4,196,182,14,67,62,5,11,11,0,56,51,5,13,11,2,202,192,10
S01008448,637,574,63,386,348,38,297,271,26,92,86,6,205,185,20,70,60,10,24,20,4,46,40,6,19,17,2,251,226,25
S01008449,594,445,149,377,263,114,279,188,91,89,62,27,190,126,64,31,20,11,11,6,5,20,14,6,67,55,12,217,182,35
S01008450,429,329,100,254,180,74,203,149,54,84,60,24,119,89,30,21,10,11,7,5,2,14,5,9,30,21,9,175,149,26
S01008451,505,400,105,308,236,72,218,166,52,98,72,26,120,94,26,14,9,5,2,2,0,12,7,5,76,61,15,197,164,33
S01008452,442,300,142,275,183,92,212,138,74,73,48,25,139,90,49,22,15,7,8,4,4,14,11,3,41,30,11,167,117,50
S01008453,379,225,154,295,167,128,245,139,106,63,31,32,182,108,74,26,11,15,6,1,5,20,10,10,24,17,7,84,58,26
S01008454,688,582,106,426,352,74,326,267,59,122,92,30,204,175,29,30,21,9,11,7,4,19,14,5,70,64,6,262,230,32
S01008455,806,642,164,447,353,94,333,258,75,94,71,23,239,187,52,31,27,4,11,9,2,20,18,2,83,68,15,359,289,70
S01008456,775,609,166,467,350,117,327,235,92,130,84,46,197,151,46,33,23,10,11,8,3,22,15,7,107,92,15,308,259,49
S01008457,534,472,62,283,243,40,234,201,33,59,52,7,175,149,26,11,8,3,7,6,1,4,2,2,38,34,4,251,229,22
S01008458,779,685,94,516,456,60,429,385,44,112,101,11,317,284,33,36,28,8,13,11,2,23,17,6,51,43,8,263,229,34
S01008459,606,506,100,382,311,71,278,225,53,88,66,22,190,159,31,21,18,3,9,8,1,12,10,2,83,68,15,224,195,29
S01008460,567,461,106,344,260,84,244,173,71,96,63,33,148,110,38,15,11,4,7,3,4,8,8,0,85,76,9,223,201,22
S01008461,708,592,116,440,358,82,339,279,60,101,82,19,238,197,41,21,13,8,9,3,6,12,10,2,80,66,14,268,234,34
S01008462,486,428,58,239,201,38,178,149,29,53,44,9,125,105,20,11,9,2,3,3,0,8,6,2,50,43,7,247,227,20
S01008463,552,454,98,339,270,69,255,201,54,84,66,18,171,135,36,23,16,7,10,6,4,13,10,3,61,53,8,213,184,29
S01008464,695,631,64,458,409,49,394,352,42,104,89,15,290,263,27,27,26,1,7,6,1,20,20,0,37,31,6,237,222,15
S01008465,610,546,64,414,377,37,358,325,33,95,85,10,263,240,23,31,28,3,10,8,2,21,20,1,25,24,1,196,169,27
S01008466,596,503,93,387,335,52,332,288,44,93,87,6,239,201,38,20,17,3,7,6,1,13,11,2,35,30,5,209,168,41
S01008467,639,586,53,412,385,27,333,316,17,109,103,6,224,213,11,41,37,4,11,9,2,30,28,2,38,32,6,227,201,26
S01008468,529,455,74,283,242,41,236,201,35,76,68,8,160,133,27,22,19,3,5,5,0,17,14,3,25,22,3,246,213,33
S01008469,480,347,133,311,235,76,262,202,60,83,67,16,179,135,44,29,20,9,7,5,2,22,15,7,20,13,7,169,112,57
S01008470,586,488,98,336,273,63,260,212,48,78,69,9,182,143,39,23,11,12,9,3,6,14,8,6,53,50,3,250,215,35
S01008471,626,497,129,412,317,95,325,254,71,115,88,27,210,166,44,24,14,10,10,5,5,14,9,5,63,49,14,214,180,34
S01008472,541,435,106,328,269,59,252,210,42,63,47,16,189,163,26,35,25,10,11,6,5,24,19,5,41,34,7,213,166,47
S01008473,550,460,90,340,284,56,285,238,47,90,73,17,195,165,30,22,16,6,10,7,3,12,9,3,33,30,3,210,176,34
S01008474,666,566,100,372,297,75,314,255,59,83,65,18,231,190,41,16,9,7,10,6,4,6,3,3,42,33,9,294,269,25
S01008475,500,436,64,284,235,49,237,193,44,77,60,17,160,133,27,19,16,3,7,6,1,12,10,2,28,26,2,216,201,15
S01008476,614,538,76,336,285,51,283,249,34,72,63,9,211,186,25,26,15,11,3,2,1,23,13,10,27,21,6,278,253,25
S01008477,680,602,78,383,324,59,337,290,47,79,61,18,258,229,29,25,18,7,7,6,1,18,12,6,21,16,5,297,278,19
S01008478,706,601,105,355,281,74,289,227,62,86,68,18,203,159,44,30,25,5,8,8,0,22,17,5,36,29,7,351,320,31
S01008479,660,570,90,371,304,67,301,248,53,79,60,19,222,188,34,21,18,3,5,4,1,16,14,2,49,38,11,289,266,23
S01008480,503,393,110,334,265,69,289,228,61,71,51,20,218,177,41,11,9,2,3,2,1,8,7,1,34,28,6,169,128,41
S01008481,1408,1308,100,520,476,44,418,384,34,140,123,17,278,261,17,60,53,7,17,14,3,43,39,4,42,39,3,888,832,56
S01008482,522,485,37,280,257,23,231,213,18,68,63,5,163,150,13,24,22,2,11,11,0,13,11,2,25,22,3,242,228,14
S01008483,531,454,77,299,263,36,250,219,31,61,51,10,189,168,21,32,28,4,11,9,2,21,19,2,17,16,1,232,191,41
S01008484,628,576,52,389,358,31,315,291,24,90,84,6,225,207,18,46,40,6,19,15,4,27,25,2,28,27,1,239,218,21
S01008485,798,722,76,539,486,53,451,410,41,134,126,8,317,284,33,49,42,7,12,9,3,37,33,4,39,34,5,259,236,23
S01008486,777,695,82,414,369,45,341,306,35,81,76,5,260,230,30,47,43,4,9,7,2,38,36,2,26,20,6,363,326,37
S01008487,678,583,95,522,453,69,461,403,58,74,65,9,387,338,49,46,42,4,11,9,2,35,33,2,15,8,7,156,130,26
S01008488,675,557,118,409,334,75,353,294,59,80,62,18,273,232,41,36,24,12,8,4,4,28,20,8,20,16,4,266,223,43
S01008489,544,463,81,342,286,56,281,237,44,87,73,14,194,164,30,24,16,8,7,5,2,17,11,6,37,33,4,202,177,25
S01008490,795,649,146,584,476,108,500,416,84,96,75,21,404,341,63,44,31,13,15,9,6,29,22,7,40,29,11,211,173,38
S01008491,826,567,259,539,395,144,458,345,113,110,67,43,348,278,70,39,26,13,14,11,3,25,15,10,42,24,18,287,172,115
S01008492,814,662,152,619,516,103,545,457,88,106,81,25,439,376,63,39,29,10,17,13,4,22,16,6,35,30,5,195,146,49
S01008493,693,589,104,422,358,64,362,310,52,101,82,19,261,228,33,26,19,7,7,3,4,19,16,3,34,29,5,271,231,40
S01008494,598,429,169,413,294,119,343,247,96,60,31,29,283,216,67,33,22,11,12,5,7,21,17,4,37,25,12,185,135,50
S01008495,850,550,300,650,432,218,548,375,173,94,50,44,454,325,129,32,19,13,8,4,4,24,15,9,70,38,32,200,118,82
S01008496,929,570,359,719,473,246,622,410,212,103,51,52,519,359,160,38,20,18,11,9,2,27,11,16,59,43,16,210,97,113
S01008497,754,518,236,617,432,185,539,378,161,112,63,49,427,315,112,28,21,7,12,9,3,16,12,4,50,33,17,137,86,51
S01008498,732,549,183,555,419,136,463,346,117,118,81,37,345,265,80,45,39,6,10,8,2,35,31,4,47,34,13,177,130,47
S01008499,935,600,335,683,464,219,583,399,184,126,88,38,457,311,146,40,25,15,12,6,6,28,19,9,60,40,20,252,136,116
S01008500,352,265,87,236,180,56,197,150,47,48,35,13,149,115,34,15,9,6,7,3,4,8,6,2,24,21,3,116,85,31
S01008501,556,368,188,433,299,134,383,267,116,78,49,29,305,218,87,25,14,11,9,4,5,16,10,6,25,18,7,123,69,54
S01008502,604,393,211,463,346,117,420,318,102,74,48,26,346,270,76,20,15,5,9,6,3,11,9,2,23,13,10,141,47,94
S01008503,751,588,163,615,496,119,536,438,98,111,87,24,425,351,74,48,37,11,20,15,5,28,22,6,31,21,10,136,92,44
S01008504,950,783,167,733,615,118,630,538,92,138,110,28,492,428,64,69,55,14,24,18,6,45,37,8,34,22,12,217,168,49
S01008505,599,513,86,471,407,64,397,341,56,101,88,13,296,253,43,47,44,3,13,13,0,34,31,3,27,22,5,128,106,22
S01008506,760,641,119,439,362,77,368,299,69,92,74,18,276,225,51,56,54,2,12,11,1,44,43,1,15,9,6,321,279,42
S01008507,801,626,175,587,463,124,484,389,95,117,96,21,367,293,74,50,36,14,15,12,3,35,24,11,53,38,15,214,163,51
S01008508,682,613,69,450,403,47,367,332,35,106,95,11,261,237,24,70,63,7,13,13,0,57,50,7,13,8,5,232,210,22
S01008509,862,779,83,533,492,41,437,409,28,85,78,7,352,331,21,79,71,8,28,27,1,51,44,7,17,12,5,329,287,42
S01008510,755,688,67,474,444,30,390,370,20,112,105,7,278,265,13,67,61,6,22,20,2,45,41,4,17,13,4,281,244,37
S01008511,709,629,80,419,370,49,326,292,34,101,93,8,225,199,26,83,68,15,26,21,5,57,47,10,10,10,0,290,259,31
S01008512,410,376,34,253,230,23,191,175,16,60,58,2,131,117,14,50,46,4,19,19,0,31,27,4,12,9,3,157,146,11
S01008513,567,511,56,304,270,34,235,209,26,76,67,9,159,142,17,58,52,6,27,23,4,31,29,2,11,9,2,263,241,22
S01008514,757,679,78,412,358,54,321,282,39,88,79,9,233,203,30,77,65,12,30,27,3,47,38,9,14,11,3,345,321,24
S01008515,563,512,51,414,376,38,342,307,35,99,89,10,243,218,25,59,56,3,24,23,1,35,33,2,13,13,0,149,136,13
S01008516,827,638,189,572,454,118,496,396,100,91,71,20,405,325,80,46,35,11,17,13,4,29,22,7,30,23,7,255,184,71
S01008517,789,619,170,503,406,97,436,348,88,94,70,24,342,278,64,46,39,7,15,11,4,31,28,3,21,19,2,286,213,73
S01008518,733,608,125,478,402,76,385,331,54,93,79,14,292,252,40,76,61,15,27,19,8,49,42,7,17,10,7,255,206,49
S01008519,625,559,66,399,350,49,303,269,34,85,75,10,218,194,24,80,69,11,29,26,3,51,43,8,16,12,4,226,209,17
S01008520,868,795,73,500,453,47,377,346,31,106,88,18,271,258,13,105,92,13,29,26,3,76,66,10,18,15,3,368,342,26
S01008521,706,657,49,424,404,20,335,317,18,95,93,2,240,224,16,81,79,2,17,17,0,64,62,2,8,8,0,282,253,29
S01008522,434,380,54,258,227,31,195,170,25,45,42,3,150,128,22,52,47,5,15,14,1,37,33,4,11,10,1,176,153,23
S01008523,756,663,93,496,430,66,398,347,51,88,70,18,310,277,33,80,67,13,29,22,7,51,45,6,18,16,2,260,233,27
S01008524,714,641,73,436,391,45,350,316,34,115,100,15,235,216,19,39,35,4,12,11,1,27,24,3,47,40,7,278,250,28
S01008525,602,526,76,326,269,57,259,213,46,85,65,20,174,148,26,24,18,6,13,11,2,11,7,4,43,38,5,276,257,19
S01008526,737,661,76,454,404,50,384,347,37,107,99,8,277,248,29,39,31,8,9,5,4,30,26,4,31,26,5,283,257,26
S01008527,595,538,57,412,382,30,366,340,26,103,96,7,263,244,19,26,24,2,8,7,1,18,17,1,20,18,2,183,156,27
S01008528,540,494,46,386,349,37,316,287,29,108,98,10,208,189,19,39,33,6,10,8,2,29,25,4,31,29,2,154,145,9
S01008529,623,592,31,400,378,22,333,315,18,98,90,8,235,225,10,39,36,3,14,14,0,25,22,3,28,27,1,223,214,9
S01008530,570,502,68,347,301,46,288,250,38,90,79,11,198,171,27,25,22,3,11,10,1,14,12,2,34,29,5,223,201,22
S01008531,619,554,65,368,319,49,306,264,42,119,98,21,187,166,21,29,26,3,8,7,1,21,19,2,33,29,4,251,235,16
S01008532,369,343,26,208,187,21,166,152,14,58,51,7,108,101,7,20,16,4,4,3,1,16,13,3,22,19,3,161,156,5
S01008533,372,300,72,267,216,51,238,196,42,49,41,8,189,155,34,16,12,4,4,4,0,12,8,4,13,8,5,105,84,21
S01008534,576,524,52,413,379,34,340,318,22,96,90,6,244,228,16,47,40,7,20,18,2,27,22,5,26,21,5,163,145,18
S01008535,597,564,33,392,366,26,315,299,16,107,99,8,208,200,8,55,47,8,13,11,2,42,36,6,22,20,2,205,198,7
S01008536,484,452,32,273,249,24,227,207,20,63,59,4,164,148,16,37,35,2,15,14,1,22,21,1,9,7,2,211,203,8
S01008537,570,540,30,330,316,14,275,265,10,87,87,0,188,178,10,45,41,4,16,16,0,29,25,4,10,10,0,240,224,16
S01008538,467,438,29,239,224,15,193,180,13,68,65,3,125,115,10,39,37,2,14,13,1,25,24,1,7,7,0,228,214,14
S01008539,691,630,61,455,415,40,379,345,34,102,90,12,277,255,22,60,57,3,22,20,2,38,37,1,16,13,3,236,215,21
S01008540,728,684,44,415,386,29,322,302,20,97,92,5,225,210,15,84,76,8,27,24,3,57,52,5,9,8,1,313,298,15
S01008541,676,624,52,456,422,34,380,354,26,111,105,6,269,249,20,58,53,5,21,19,2,37,34,3,18,15,3,220,202,18
S01008542,721,666,55,498,459,39,421,392,29,153,141,12,268,251,17,58,48,10,23,22,1,35,26,9,19,19,0,223,207,16
S01008543,563,508,55,416,376,40,354,323,31,117,109,8,237,214,23,52,44,8,11,11,0,41,33,8,10,9,1,147,132,15
S01008544,479,435,44,375,341,34,307,286,21,92,87,5,215,199,16,52,43,9,15,10,5,37,33,4,16,12,4,104,94,10
S01008545,689,635,54,420,388,32,326,303,23,90,80,10,236,223,13,84,77,7,20,20,0,64,57,7,10,8,2,269,247,22
S01008546,701,648,53,412,384,28,313,292,21,97,93,4,216,199,17,77,72,5,21,21,0,56,51,5,22,20,2,289,264,25
S01008547,817,719,98,624,552,72,520,461,59,134,115,19,386,346,40,68,60,8,20,18,2,48,42,6,36,31,5,193,167,26
S01008548,653,571,82,521,456,65,432,379,53,95,82,13,337,297,40,60,51,9,16,16,0,44,35,9,29,26,3,132,115,17
S01008549,801,725,76,540,483,57,430,389,41,116,105,11,314,284,30,80,70,10,17,14,3,63,56,7,30,24,6,261,242,19
S01008550,660,570,90,443,381,62,375,329,46,92,82,10,283,247,36,53,38,15,9,8,1,44,30,14,15,14,1,217,189,28
S01008551,873,783,90,555,487,68,455,407,48,120,100,20,335,307,28,84,67,17,19,15,4,65,52,13,16,13,3,318,296,22
S01008552,745,677,68,462,413,49,379,341,38,113,100,13,266,241,25,59,51,8,17,13,4,42,38,4,24,21,3,283,264,19
S01008553,460,410,50,272,234,38,218,186,32,62,49,13,156,137,19,35,32,3,12,11,1,23,21,2,19,16,3,188,176,12
S01008554,765,658,107,464,387,77,342,283,59,103,87,16,239,196,43,40,30,10,14,10,4,26,20,6,82,74,8,301,271,30
S01008555,796,698,98,470,388,82,366,295,71,123,103,20,243,192,51,31,24,7,11,8,3,20,16,4,73,69,4,326,310,16
S01008556,590,514,76,324,272,52,256,209,47,78,65,13,178,144,34,27,24,3,9,9,0,18,15,3,41,39,2,266,242,24
S01008557,682,568,114,357,278,79,281,216,65,92,69,23,189,147,42,27,19,8,9,5,4,18,14,4,49,43,6,325,290,35
S01008558,712,627,85,400,351,49,326,286,40,99,86,13,227,200,27,38,35,3,13,11,2,25,24,1,36,30,6,312,276,36
S01008559,554,508,46,326,295,31,265,236,29,78,69,9,187,167,20,27,27,0,9,9,0,18,18,0,34,32,2,228,213,15
S01008560,550,477,73,332,279,53,275,226,49,93,80,13,182,146,36,25,22,3,5,5,0,20,17,3,32,31,1,218,198,20
S01008561,528,474,54,324,290,34,269,241,28,80,74,6,189,167,22,22,18,4,7,6,1,15,12,3,33,31,2,204,184,20
S01008562,489,443,46,247,214,33,188,159,29,68,57,11,120,102,18,20,18,2,5,5,0,15,13,2,39,37,2,242,229,13
S01008563,652,572,80,400,343,57,329,282,47,85,72,13,244,210,34,32,24,8,8,4,4,24,20,4,39,37,2,252,229,23
S01008564,527,490,37,290,264,26,244,224,20,39,36,3,205,188,17,25,21,4,7,5,2,18,16,2,21,19,2,237,226,11
S01008565,721,621,100,414,341,73,328,269,59,112,97,15,216,172,44,36,27,9,10,6,4,26,21,5,50,45,5,307,280,27
S01008566,817,743,74,497,438,59,395,351,44,114,100,14,281,251,30,55,44,11,19,15,4,36,29,7,47,43,4,320,305,15
S01008567,574,508,66,351,307,44,287,249,38,73,62,11,214,187,27,35,31,4,14,14,0,21,17,4,29,27,2,223,201,22
S01008568,627,516,111,444,363,81,372,303,69,116,90,26,256,213,43,46,38,8,11,11,0,35,27,8,26,22,4,183,153,30
S01008569,517,422,95,319,243,76,210,158,52,71,57,14,139,101,38,29,15,14,15,6,9,14,9,5,80,70,10,198,179,19
S01008570,719,612,107,420,341,79,312,249,63,108,90,18,204,159,45,45,35,10,17,14,3,28,21,7,63,57,6,299,271,28
S01008571,564,512,52,311,274,37,251,223,28,96,88,8,155,135,20,34,27,7,9,6,3,25,21,4,26,24,2,253,238,15
S01008572,735,623,112,395,324,71,317,256,61,93,67,26,224,189,35,48,42,6,13,12,1,35,30,5,30,26,4,340,299,41
S01008573,700,581,119,453,366,87,355,292,63,99,75,24,256,217,39,81,60,21,19,14,5,62,46,16,17,14,3,247,215,32
S01008574,624,539,85,447,380,67,386,330,56,106,87,19,280,243,37,44,34,10,9,8,1,35,26,9,17,16,1,177,159,18
S01008575,644,549,95,415,347,68,323,275,48,79,68,11,244,207,37,70,55,15,17,15,2,53,40,13,22,17,5,229,202,27
S01008576,725,641,84,460,406,54,383,338,45,123,105,18,260,233,27,63,55,8,18,16,2,45,39,6,14,13,1,265,235,30
S01008577,787,736,51,402,373,29,296,277,19,91,86,5,205,191,14,79,74,5,21,20,1,58,54,4,27,22,5,385,363,22
S01008578,659,595,64,371,333,38,289,261,28,78,73,5,211,188,23,70,60,10,23,20,3,47,40,7,12,12,0,288,262,26
S01008579,677,612,65,299,261,38,232,203,29,69,61,8,163,142,21,59,50,9,24,20,4,35,30,5,8,8,0,378,351,27
S01008580,466,381,85,299,245,54,250,203,47,63,55,8,187,148,39,29,23,6,15,9,6,14,14,0,20,19,1,167,136,31
S01008581,771,661,110,436,361,75,359,295,64,96,85,11,263,210,53,32,27,5,13,13,0,19,14,5,45,39,6,335,300,35
S01008582,837,724,113,504,432,72,410,352,58,126,107,19,284,245,39,48,40,8,9,8,1,39,32,7,46,40,6,333,292,41
S01008583,595,463,132,331,248,83,279,206,73,69,54,15,210,152,58,29,24,5,8,6,2,21,18,3,23,18,5,264,215,49
S01008584,685,565,120,393,328,65,320,271,49,86,78,8,234,193,41,38,26,12,12,8,4,26,18,8,35,31,4,292,237,55
S01008585,469,372,97,289,223,66,244,185,59,68,51,17,176,134,42,21,17,4,8,6,2,13,11,2,24,21,3,180,149,31
S01008586,665,587,78,366,319,47,301,259,42,98,84,14,203,175,28,29,25,4,11,10,1,18,15,3,36,35,1,299,268,31
S01008587,802,548,254,410,318,92,317,259,58,102,81,21,215,178,37,53,40,13,20,17,3,33,23,10,40,19,21,392,230,162
S01008588,621,547,74,366,322,44,298,267,31,91,79,12,207,188,19,48,43,5,17,16,1,31,27,4,20,12,8,255,225,30
S01008589,313,278,35,180,157,23,152,132,20,48,43,5,104,89,15,20,19,1,6,5,1,14,14,0,8,6,2,133,121,12
S01008590,646,528,118,316,257,59,280,225,55,66,54,12,214,171,43,29,25,4,10,7,3,19,18,1,7,7,0,330,271,59
S01008591,677,543,134,413,342,71,336,281,55,104,83,21,232,198,34,57,49,8,23,20,3,34,29,5,20,12,8,264,201,63
S01008592,612,472,140,334,262,72,282,223,59,98,75,23,184,148,36,36,28,8,11,4,7,25,24,1,16,11,5,278,210,68
S01008593,622,540,82,377,329,48,281,248,33,69,64,5,212,184,28,84,72,12,35,30,5,49,42,7,12,9,3,245,211,34
S01008594,881,694,187,516,422,94,401,328,73,90,70,20,311,258,53,92,80,12,32,25,7,60,55,5,23,14,9,365,272,93
S01008595,818,679,139,368,290,78,315,249,66,87,68,19,228,181,47,24,19,5,11,9,2,13,10,3,29,22,7,450,389,61
S01008596,746,602,144,394,301,93,317,247,70,82,67,15,235,180,55,28,21,7,11,8,3,17,13,4,49,33,16,352,301,51
S01008597,740,677,63,450,401,49,357,315,42,102,86,16,255,229,26,74,67,7,26,23,3,48,44,4,19,19,0,290,276,14
S01008598,746,558,188,381,284,97,304,228,76,111,79,32,193,149,44,40,35,5,8,8,0,32,27,5,37,21,16,365,274,91
S01008599,806,588,218,485,377,108,381,297,84,106,78,28,275,219,56,75,60,15,16,12,4,59,48,11,29,20,9,321,211,110
S01008600,665,481,184,356,273,83,241,182,59,64,45,19,177,137,40,93,77,16,35,23,12,58,54,4,22,14,8,309,208,101
S01008601,2471,1613,858,693,532,161,455,355,100,266,224,42,189,131,58,45,35,10,29,21,8,16,14,2,193,142,51,1778,1081,697
S01008602,608,434,174,336,263,73,252,198,54,84,65,19,168,133,35,44,35,9,13,12,1,31,23,8,40,30,10,272,171,101
S01008603,1069,773,296,582,429,153,472,346,126,146,98,48,326,248,78,53,41,12,22,14,8,31,27,4,57,42,15,487,344,143
S01008604,830,588,242,459,360,99,351,274,77,105,90,15,246,184,62,80,68,12,22,18,4,58,50,8,28,18,10,371,228,143
S01008605,629,478,151,401,321,80,315,256,59,67,55,12,248,201,47,58,45,13,23,17,6,35,28,7,28,20,8,228,157,71
S01008606,607,494,113,393,328,65,302,252,50,99,88,11,203,164,39,79,65,14,33,27,6,46,38,8,12,11,1,214,166,48
S01008607,513,447,66,285,245,40,194,164,30,57,46,11,137,118,19,77,70,7,33,29,4,44,41,3,14,11,3,228,202,26
S01008608,637,553,84,326,274,52,251,211,40,68,55,13,183,156,27,66,57,9,28,23,5,38,34,4,9,6,3,311,279,32
S01008609,800,704,96,403,357,46,302,268,34,77,69,8,225,199,26,89,79,10,21,18,3,68,61,7,12,10,2,397,347,50
S01008610,734,629,105,350,298,52,279,239,40,80,67,13,199,172,27,62,50,12,20,17,3,42,33,9,9,9,0,384,331,53
S01008611,1329,856,473,664,504,160,511,393,118,179,135,44,332,258,74,73,57,16,39,29,10,34,28,6,80,54,26,665,352,313
S01008612,725,528,197,409,302,107,338,252,86,112,90,22,226,162,64,40,27,13,15,8,7,25,19,6,31,23,8,316,226,90
S01008613,693,515,178,383,294,89,307,237,70,115,92,23,192,145,47,57,42,15,16,11,5,41,31,10,19,15,4,310,221,89
S01008614,643,490,153,320,252,68,263,209,54,100,82,18,163,127,36,33,24,9,19,13,6,14,11,3,24,19,5,323,238,85
S01008615,782,589,193,392,301,91,317,247,70,118,101,17,199,146,53,51,40,11,21,17,4,30,23,7,24,14,10,390,288,102
S01008616,676,519,157,342,269,73,278,218,60,125,103,22,153,115,38,41,32,9,17,14,3,24,18,6,23,19,4,334,250,84
S01008617,754,607,147,338,273,65,254,207,47,118,100,18,136,107,29,52,42,10,27,21,6,25,21,4,32,24,8,416,334,82
S01008618,681,522,159,330,248,82,270,204,66,116,95,21,154,109,45,27,18,9,9,6,3,18,12,6,33,26,7,351,274,77
S01008619,493,367,126,282,210,72,226,165,61,82,61,21,144,104,40,34,29,5,16,13,3,18,16,2,22,16,6,211,157,54
S01008620,766,549,217,398,292,106,314,227,87,111,84,27,203,143,60,47,35,12,19,14,5,28,21,7,37,30,7,368,257,111
S01008621,710,551,159,362,285,77,272,214,58,126,103,23,146,111,35,56,47,9,23,20,3,33,27,6,34,24,10,348,266,82
S01008622,468,349,119,276,207,69,219,159,60,68,52,16,151,107,44,34,30,4,16,13,3,18,17,1,23,18,5,192,142,50
S01008623,858,608,250,425,314,111,308,241,67,126,101,25,182,140,42,77,51,26,23,15,8,54,36,18,40,22,18,433,294,139
S01008624,670,590,80,278,239,39,207,180,27,53,50,3,154,130,24,64,54,10,32,27,5,32,27,5,7,5,2,392,351,41
S01008625,464,412,52,274,248,26,207,185,22,62,55,7,145,130,15,57,53,4,15,14,1,42,39,3,10,10,0,190,164,26
S01008626,744,616,128,498,402,96,410,336,74,100,84,16,310,252,58,75,56,19,22,15,7,53,41,12,13,10,3,246,214,32
S01008627,581,485,96,348,288,60,259,218,41,78,63,15,181,155,26,78,62,16,17,13,4,61,49,12,11,8,3,233,197,36
S01008628,551,435,116,348,277,71,283,228,55,72,58,14,211,170,41,51,38,13,12,7,5,39,31,8,14,11,3,203,158,45
S01008629,492,389,103,312,245,67,260,200,60,76,59,17,184,141,43,37,32,5,13,11,2,24,21,3,15,13,2,180,144,36
S01008630,503,390,113,318,256,62,261,212,49,72,59,13,189,153,36,34,30,4,9,8,1,25,22,3,23,14,9,185,134,51
S01008631,712,546,166,538,412,126,447,346,101,97,65,32,350,281,69,65,47,18,19,15,4,46,32,14,26,19,7,174,134,40
S01008632,865,731,134,495,398,97,401,323,78,88,68,20,313,255,58,59,48,11,17,12,5,42,36,6,35,27,8,370,333,37
S01008633,785,670,115,390,327,63,292,248,44,87,68,19,205,180,25,76,62,14,19,16,3,57,46,11,22,17,5,395,343,52
S01008634,612,470,142,376,307,69,282,236,46,93,76,17,189,160,29,72,54,18,22,17,5,50,37,13,22,17,5,236,163,73
S01008635,746,565,181,479,363,116,365,283,82,90,67,23,275,216,59,89,66,23,30,23,7,59,43,16,25,14,11,267,202,65
S01008636,749,585,164,452,352,100,354,271,83,106,83,23,248,188,60,76,63,13,24,20,4,52,43,9,22,18,4,297,233,64
S01008637,608,500,108,360,294,66,286,231,55,54,43,11,232,188,44,59,51,8,17,14,3,42,37,5,15,12,3,248,206,42
S01008638,775,574,201,391,275,116,321,226,95,94,66,28,227,160,67,50,41,9,16,13,3,34,28,6,20,8,12,384,299,85
S01008639,795,584,211,596,449,147,484,367,117,123,88,35,361,279,82,74,54,20,21,16,5,53,38,15,38,28,10,199,135,64
S01008640,699,537,162,484,384,100,400,317,83,91,76,15,309,241,68,57,46,11,23,17,6,34,29,5,27,21,6,215,153,62
S01008641,784,605,179,472,358,114,406,313,93,125,98,27,281,215,66,41,32,9,13,10,3,28,22,6,25,13,12,312,247,65
S01008642,830,647,183,593,477,116,493,407,86,133,108,25,360,299,61,65,46,19,22,18,4,43,28,15,35,24,11,237,170,67
S01008643,608,479,129,461,360,101,374,296,78,80,66,14,294,230,64,64,49,15,23,17,6,41,32,9,23,15,8,147,119,28
S01008644,706,497,209,445,337,108,380,294,86,82,67,15,298,227,71,40,29,11,18,10,8,22,19,3,25,14,11,261,160,101
S01008645,730,522,208,489,367,122,427,321,106,126,92,34,301,229,72,34,25,9,10,7,3,24,18,6,28,21,7,241,155,86
S01008646,739,551,188,560,421,139,482,363,119,131,89,42,351,274,77,44,35,9,14,11,3,30,24,6,34,23,11,179,130,49
S01008647,548,395,153,439,334,105,391,296,95,76,54,22,315,242,73,31,25,6,7,4,3,24,21,3,17,13,4,109,61,48
S01008648,572,419,153,419,302,117,376,274,102,81,59,22,295,215,80,19,14,5,5,3,2,14,11,3,24,14,10,153,117,36
S01008649,869,633,236,628,463,165,553,419,134,75,46,29,478,373,105,31,21,10,10,6,4,21,15,6,44,23,21,241,170,71
S01008650,703,486,217,546,383,163,483,343,140,103,61,42,380,282,98,32,21,11,11,8,3,21,13,8,31,19,12,157,103,54
S01008651,946,662,284,583,447,136,461,354,107,147,102,45,314,252,62,51,40,11,19,14,5,32,26,6,71,53,18,363,215,148
S01008652,548,407,141,423,311,112,350,258,92,84,61,23,266,197,69,31,21,10,13,10,3,18,11,7,42,32,10,125,96,29
S01008653,640,452,188,435,307,128,367,256,111,85,65,20,282,191,91,23,18,5,10,6,4,13,12,1,45,33,12,205,145,60
S01008654,887,556,331,647,422,225,547,351,196,137,79,58,410,272,138,44,30,14,21,13,8,23,17,6,56,41,15,240,134,106
S01008655,754,500,254,545,361,184,478,318,160,96,76,20,382,242,140,36,25,11,10,5,5,26,20,6,31,18,13,209,139,70
S01008656,606,418,188,427,299,128,348,246,102,82,49,33,266,197,69,35,22,13,11,7,4,24,15,9,44,31,13,179,119,60
S01008657,690,520,170,458,350,108,375,296,79,113,83,30,262,213,49,39,25,14,15,10,5,24,15,9,44,29,15,232,170,62
S01008658,1066,748,318,667,483,184,520,374,146,165,111,54,355,263,92,41,28,13,18,11,7,23,17,6,106,81,25,399,265,134
S01008659,784,546,238,521,376,145,422,305,117,155,110,45,267,195,72,37,32,5,9,9,0,28,23,5,62,39,23,263,170,93
S01008660,877,599,278,575,404,171,445,322,123,146,110,36,299,212,87,62,44,18,22,16,6,40,28,12,68,38,30,302,195,107
S01008661,948,635,313,532,374,158,415,290,125,147,103,44,268,187,81,47,33,14,18,11,7,29,22,7,70,51,19,416,261,155
S01008662,727,463,264,421,278,143,310,210,100,138,110,28,172,100,72,31,15,16,13,6,7,18,9,9,80,53,27,306,185,121
S01008663,817,576,241,466,328,138,362,258,104,109,75,34,253,183,70,58,39,19,18,13,5,40,26,14,46,31,15,351,248,103
S01008664,671,474,197,470,331,139,384,272,112,103,80,23,281,192,89,50,32,18,18,13,5,32,19,13,36,27,9,201,143,58
S01008665,1113,763,350,727,504,223,545,372,173,167,120,47,378,252,126,70,48,22,24,12,12,46,36,10,112,84,28,386,259,127
S01008666,941,560,381,483,334,149,379,264,115,147,100,47,232,164,68,56,40,16,26,20,6,30,20,10,48,30,18,458,226,232
S01008667,922,599,323,423,332,91,315,252,63,118,91,27,197,161,36,47,31,16,17,13,4,30,18,12,61,49,12,499,267,232
S01008668,593,372,221,311,228,83,247,185,62,71,52,19,176,133,43,44,32,12,15,8,7,29,24,5,20,11,9,282,144,138
S01008669,544,410,134,206,168,38,168,138,30,91,82,9,77,56,21,9,8,1,3,3,0,6,5,1,29,22,7,338,242,96
S01008670,844,577,267,342,258,84,265,203,62,133,107,26,132,96,36,31,22,9,15,10,5,16,12,4,46,33,13,502,319,183
S01008671,738,475,263,326,222,104,260,176,84,120,85,35,140,91,49,27,22,5,15,14,1,12,8,4,39,24,15,412,253,159
S01008672,654,406,248,308,220,88,259,188,71,89,62,27,170,126,44,22,15,7,11,8,3,11,7,4,27,17,10,346,186,160
S01008673,990,584,406,472,340,132,349,256,93,122,94,28,227,162,65,72,53,19,23,16,7,49,37,12,51,31,20,518,244,274
S01008674,929,494,435,448,291,157,338,225,113,133,88,45,205,137,68,52,35,17,18,12,6,34,23,11,58,31,27,481,203,278
S01008675,691,437,254,421,280,141,322,214,108,67,47,20,255,167,88,56,37,19,17,10,7,39,27,12,43,29,14,270,157,113
S01008676,739,514,225,468,340,128,359,263,96,70,50,20,289,213,76,77,58,19,23,16,7,54,42,12,32,19,13,271,174,97
S01008677,791,459,332,486,299,187,378,228,150,99,58,41,279,170,109,62,43,19,24,18,6,38,25,13,46,28,18,305,160,145
S01008678,1163,617,546,488,325,163,340,232,108,159,111,48,181,121,60,50,23,27,21,11,10,29,12,17,98,70,28,675,292,383
S01008679,1132,719,413,492,343,149,349,244,105,148,96,52,201,148,53,55,44,11,20,14,6,35,30,5,88,55,33,640,376,264
S01008680,600,368,232,302,199,103,235,153,82,81,59,22,154,94,60,23,16,7,11,8,3,12,8,4,44,30,14,298,169,129
S01008681,933,649,284,384,263,121,300,202,98,93,54,39,207,148,59,31,21,10,15,10,5,16,11,5,53,40,13,549,386,163
S01008682,717,468,249,417,288,129,331,224,107,102,62,40,229,162,67,44,37,7,16,13,3,28,24,4,42,27,15,300,180,120
S01008683,1370,680,690,510,332,178,360,244,116,139,86,53,221,158,63,49,23,26,26,11,15,23,12,11,101,65,36,860,348,512
S01008684,862,570,292,483,323,160,353,231,122,126,81,45,227,150,77,49,30,19,17,7,10,32,23,9,81,62,19,379,247,132
S01008685,975,683,292,522,369,153,390,279,111,141,100,41,249,179,70,50,31,19,15,8,7,35,23,12,82,59,23,453,314,139
S01008686,878,690,188,490,364,126,383,288,95,102,76,26,281,212,69,59,37,22,19,10,9,40,27,13,48,39,9,388,326,62
S01008687,621,417,204,473,329,144,412,293,119,77,51,26,335,242,93,36,19,17,12,6,6,24,13,11,25,17,8,148,88,60
S01008688,811,584,227,587,421,166,473,343,130,89,52,37,384,291,93,70,44,26,24,13,11,46,31,15,44,34,10,224,163,61
S01008689,805,612,193,613,446,167,511,370,141,104,69,35,407,301,106,53,39,14,16,10,6,37,29,8,49,37,12,192,166,26
S01008690,910,661,249,713,519,194,590,437,153,128,82,46,462,355,107,83,57,26,28,16,12,55,41,14,40,25,15,197,142,55
S01008691,989,728,261,789,568,221,660,484,176,117,72,45,543,412,131,79,49,30,33,18,15,46,31,15,50,35,15,200,160,40
S01008692,656,518,138,464,360,104,389,297,92,76,56,20,313,241,72,34,26,8,13,9,4,21,17,4,41,37,4,192,158,34
S01008693,422,408,14,249,242,7,200,194,6,68,68,0,132,126,6,40,39,1,9,9,0,31,30,1,9,9,0,173,166,7
S01008694,898,696,202,722,565,157,620,483,137,126,98,28,494,385,109,57,47,10,19,16,3,38,31,7,45,35,10,176,131,45
S01008695,578,498,80,436,379,57,372,322,50,95,79,16,277,243,34,34,30,4,10,8,2,24,22,2,30,27,3,142,119,23
S01008696,550,503,47,392,359,33,319,295,24,80,74,6,239,221,18,52,47,5,19,18,1,33,29,4,21,17,4,158,144,14
S01008697,907,819,88,555,491,64,461,413,48,125,115,10,336,298,38,75,62,13,21,18,3,54,44,10,19,16,3,352,328,24
S01008698,420,389,31,273,255,18,218,206,12,83,78,5,135,128,7,41,37,4,12,12,0,29,25,4,14,12,2,147,134,13
S01008699,762,683,79,433,370,63,362,314,48,98,85,13,264,229,35,36,25,11,11,8,3,25,17,8,35,31,4,329,313,16
S01008700,469,409,60,256,214,42,187,161,26,48,39,9,139,122,17,52,43,9,18,14,4,34,29,5,17,10,7,213,195,18
S01008701,304,251,53,196,157,39,147,114,33,52,44,8,95,70,25,10,7,3,4,3,1,6,4,2,39,36,3,108,94,14
S01008702,496,355,141,353,253,100,294,205,89,76,53,23,218,152,66,25,16,9,8,5,3,17,11,6,34,32,2,143,102,41
S01008703,757,560,197,426,291,135,322,211,111,111,74,37,211,137,74,37,18,19,17,8,9,20,10,10,67,62,5,331,269,62
S01008704,535,426,109,303,221,82,238,169,69,77,59,18,161,110,51,30,20,10,7,4,3,23,16,7,35,32,3,232,205,27
S01008705,395,308,87,215,159,56,178,131,47,57,39,18,121,92,29,20,14,6,7,6,1,13,8,5,17,14,3,180,149,31
S01008706,404,341,63,254,206,48,189,151,38,67,57,10,122,94,28,21,15,6,8,4,4,13,11,2,44,40,4,150,135,15
S01008707,604,501,103,325,254,71,244,190,54,101,72,29,143,118,25,27,15,12,7,4,3,20,11,9,54,49,5,279,247,32
S01008708,733,628,105,374,307,67,271,216,55,108,77,31,163,139,24,22,16,6,7,5,2,15,11,4,81,75,6,359,321,38
S01008709,546,475,71,320,268,52,261,221,40,93,81,12,168,140,28,23,17,6,10,6,4,13,11,2,36,30,6,226,207,19
S01008710,365,274,91,222,159,63,168,118,50,53,34,19,115,84,31,18,9,9,10,6,4,8,3,5,36,32,4,143,115,28
S01008711,570,482,88,305,243,62,259,209,50,88,61,27,171,148,23,18,14,4,6,6,0,12,8,4,28,20,8,265,239,26
S01008712,928,827,101,385,325,60,281,238,43,103,84,19,178,154,24,30,20,10,12,6,6,18,14,4,74,67,7,543,502,41
S01008713,470,433,37,295,263,32,223,197,26,73,66,7,150,131,19,26,25,1,9,9,0,17,16,1,46,41,5,175,170,5
S01008714,485,444,41,267,241,26,204,183,21,65,61,4,139,122,17,22,20,2,6,5,1,16,15,1,41,38,3,218,203,15
S01008715,648,623,25,346,326,20,289,273,16,97,90,7,192,183,9,27,25,2,9,7,2,18,18,0,30,28,2,302,297,5
S01008716,468,436,32,241,218,23,194,174,20,59,56,3,135,118,17,27,25,2,9,9,0,18,16,2,20,19,1,227,218,9
S01008717,339,306,33,245,227,18,204,189,15,56,53,3,148,136,12,24,22,2,3,3,0,21,19,2,17,16,1,94,79,15
S01008718,429,382,47,293,258,35,239,216,23,58,50,8,181,166,15,36,26,10,11,9,2,25,17,8,18,16,2,136,124,12
S01008719,783,675,108,547,472,75,421,369,52,128,108,20,293,261,32,88,71,17,15,10,5,73,61,12,38,32,6,236,203,33
S01008720,443,418,25,274,259,15,210,200,10,63,59,4,147,141,6,37,35,2,11,10,1,26,25,1,27,24,3,169,159,10
S01008721,641,610,31,506,485,21,426,410,16,113,109,4,313,301,12,69,64,5,19,17,2,50,47,3,11,11,0,135,125,10
S01008722,903,849,54,470,432,38,364,336,28,106,98,8,258,238,20,84,74,10,21,20,1,63,54,9,22,22,0,433,417,16
S01008723,581,531,50,392,355,37,322,297,25,94,87,7,228,210,18,54,47,7,11,8,3,43,39,4,16,11,5,189,176,13
S01008724,780,722,58,460,415,45,353,316,37,103,87,16,250,229,21,91,83,8,30,27,3,61,56,5,16,16,0,320,307,13
S01008725,614,565,49,420,385,35,321,295,26,84,80,4,237,215,22,72,67,5,22,21,1,50,46,4,27,23,4,194,180,14
S01008726,452,427,25,315,295,20,242,227,15,64,61,3,178,166,12,64,59,5,21,19,2,43,40,3,9,9,0,137,132,5
S01008727,910,816,94,538,476,62,422,381,41,112,100,12,310,281,29,95,82,13,33,26,7,62,56,6,21,13,8,372,340,32
S01008728,400,369,31,252,227,25,195,172,23,63,56,7,132,116,16,36,35,1,12,12,0,24,23,1,21,20,1,148,142,6
S01008729,551,510,41,373,340,33,283,259,24,86,75,11,197,184,13,77,70,7,33,31,2,44,39,5,13,11,2,178,170,8
S01008730,649,554,95,494,423,71,398,342,56,92,81,11,306,261,45,56,44,12,16,10,6,40,34,6,40,37,3,155,131,24
S01008731,386,356,30,199,175,24,159,138,21,45,38,7,114,100,14,21,19,2,13,11,2,8,8,0,19,18,1,187,181,6
S01008732,503,453,50,317,280,37,241,220,21,55,53,2,186,167,19,43,29,14,15,11,4,28,18,10,33,31,2,186,173,13
S01008733,716,608,108,536,446,90,470,390,80,98,86,12,372,304,68,43,35,8,13,10,3,30,25,5,23,21,2,180,162,18
S01008734,467,423,44,286,257,29,231,206,25,60,52,8,171,154,17,43,39,4,10,10,0,33,29,4,12,12,0,181,166,15
S01008735,806,720,86,469,416,53,354,314,40,113,97,16,241,217,24,94,85,9,31,31,0,63,54,9,21,17,4,337,304,33
S01008736,606,534,72,340,303,37,279,251,28,93,82,11,186,169,17,43,36,7,13,11,2,30,25,5,18,16,2,266,231,35
S01008737,674,631,43,391,363,28,322,299,23,111,99,12,211,200,11,54,50,4,21,20,1,33,30,3,15,14,1,283,268,15
S01008738,648,605,43,350,328,22,279,268,11,96,95,1,183,173,10,57,49,8,19,19,0,38,30,8,14,11,3,298,277,21
S01008739,471,449,22,303,288,15,250,240,10,84,82,2,166,158,8,39,34,5,11,10,1,28,24,4,14,14,0,168,161,7
S01008740,465,433,32,279,260,19,238,226,12,80,76,4,158,150,8,33,27,6,10,9,1,23,18,5,8,7,1,186,173,13
S01008741,792,749,43,473,442,31,390,367,23,118,111,7,272,256,16,58,54,4,15,13,2,43,41,2,25,21,4,319,307,12
S01008742,446,411,35,225,203,22,189,170,19,52,50,2,137,120,17,29,27,2,9,8,1,20,19,1,7,6,1,221,208,13
S01008743,773,679,94,481,410,71,392,331,61,109,87,22,283,244,39,41,32,9,11,9,2,30,23,7,48,47,1,292,269,23
S01008744,881,813,68,532,489,43,449,413,36,117,114,3,332,299,33,42,38,4,10,8,2,32,30,2,41,38,3,349,324,25
S01008745,402,351,51,259,225,34,218,185,33,48,41,7,170,144,26,26,25,1,7,7,0,19,18,1,15,15,0,143,126,17
S01008746,895,697,198,555,419,136,450,341,109,119,86,33,331,255,76,35,20,15,13,5,8,22,15,7,70,58,12,340,278,62
S01008747,421,387,34,246,228,18,192,178,14,60,57,3,132,121,11,44,42,2,8,8,0,36,34,2,10,8,2,175,159,16
S01008748,567,532,35,327,309,18,270,257,13,90,84,6,180,173,7,42,38,4,11,9,2,31,29,2,15,14,1,240,223,17
S01008749,841,757,84,494,435,59,390,349,41,125,108,17,265,241,24,79,64,15,19,15,4,60,49,11,25,22,3,347,322,25
S01008750,611,579,32,343,328,15,278,268,10,92,87,5,186,181,5,46,42,4,11,11,0,35,31,4,19,18,1,268,251,17
S01008751,504,467,37,289,262,27,230,210,20,64,60,4,166,150,16,36,30,6,13,12,1,23,18,5,23,22,1,215,205,10
S01008752,664,615,49,354,322,32,283,258,25,87,79,8,196,179,17,22,16,6,3,1,2,19,15,4,49,48,1,310,293,17
S01008753,458,418,40,260,230,30,212,192,20,62,57,5,150,135,15,18,10,8,3,0,3,15,10,5,30,28,2,198,188,10
S01008754,543,459,84,378,304,74,327,264,63,65,50,15,262,214,48,28,20,8,7,6,1,21,14,7,23,20,3,165,155,10
S01008755,815,640,175,563,412,151,466,335,131,114,80,34,352,255,97,42,27,15,14,8,6,28,19,9,55,50,5,252,228,24
S01008756,624,518,106,384,302,82,307,243,64,78,57,21,229,186,43,31,18,13,12,5,7,19,13,6,46,41,5,240,216,24
S01008757,539,493,46,257,227,30,190,166,24,55,48,7,135,118,17,17,14,3,3,2,1,14,12,2,50,47,3,282,266,16
S01008758,694,603,91,385,320,65,299,253,46,92,83,9,207,170,37,43,33,10,11,6,5,32,27,5,43,34,9,309,283,26
S01008759,464,430,34,256,229,27,197,175,22,60,53,7,137,122,15,21,20,1,7,6,1,14,14,0,38,34,4,208,201,7
S01008760,763,667,96,434,379,55,345,303,42,132,115,17,213,188,25,27,20,7,9,7,2,18,13,5,62,56,6,329,288,41
S01008761,599,411,188,438,282,156,368,241,127,97,66,31,271,175,96,51,29,22,9,5,4,42,24,18,19,12,7,161,129,32
S01008762,527,495,32,336,308,28,289,267,22,81,74,7,208,193,15,33,30,3,8,6,2,25,24,1,14,11,3,191,187,4
S01008763,766,672,94,606,522,84,520,447,73,125,106,19,395,341,54,63,56,7,17,17,0,46,39,7,23,19,4,160,150,10
S01008764,586,524,62,429,378,51,356,314,42,84,76,8,272,238,34,51,44,7,14,11,3,37,33,4,22,20,2,157,146,11
S01008765,688,619,69,526,467,59,421,377,44,105,94,11,316,283,33,76,66,10,13,12,1,63,54,9,29,24,5,162,152,10
S01008766,863,808,55,552,514,38,428,402,26,140,129,11,288,273,15,100,89,11,35,32,3,65,57,8,24,23,1,311,294,17
S01008767,462,428,34,306,285,21,250,236,14,73,70,3,177,166,11,35,33,2,9,8,1,26,25,1,21,16,5,156,143,13
S01008768,453,394,59,280,234,46,234,193,41,56,52,4,178,141,37,32,29,3,5,4,1,27,25,2,14,12,2,173,160,13
S01008769,621,496,125,545,441,104,456,367,89,53,36,17,403,331,72,65,56,9,9,8,1,56,48,8,24,18,6,76,55,21
S01008770,725,506,219,594,436,158,492,367,125,70,56,14,422,311,111,75,48,27,21,14,7,54,34,20,27,21,6,131,70,61
S01008771,644,507,137,479,374,105,373,295,78,68,48,20,305,247,58,76,53,23,17,11,6,59,42,17,30,26,4,165,133,32
S01008772,669,592,77,439,380,59,355,308,47,70,58,12,285,250,35,60,52,8,17,16,1,43,36,7,24,20,4,230,212,18
S01008773,908,770,138,654,530,124,557,450,107,113,81,32,444,369,75,54,44,10,13,10,3,41,34,7,43,36,7,254,240,14
S01008774,789,606,183,565,416,149,467,345,122,95,65,30,372,280,92,54,37,17,20,13,7,34,24,10,44,34,10,224,190,34
S01008775,412,359,53,299,258,41,236,202,34,54,42,12,182,160,22,46,41,5,17,17,0,29,24,5,17,15,2,113,101,12
S01008776,755,607,148,487,374,113,374,287,87,95,69,26,279,218,61,47,36,11,11,7,4,36,29,7,66,51,15,268,233,35
S01008777,949,752,197,564,408,156,443,320,123,112,64,48,331,256,75,51,34,17,18,12,6,33,22,11,70,54,16,385,344,41
S01008778,999,763,236,837,625,212,680,503,177,109,76,33,571,427,144,107,81,26,25,21,4,82,60,22,50,41,9,162,138,24
S01008779,662,522,140,578,462,116,479,392,87,73,54,19,406,338,68,71,54,17,17,13,4,54,41,13,28,16,12,84,60,24
S01008780,529,398,131,437,323,114,366,271,95,59,42,17,307,229,78,54,38,16,15,10,5,39,28,11,17,14,3,92,75,17
S01008781,787,592,195,669,488,181,573,418,155,104,68,36,469,350,119,45,32,13,15,10,5,30,22,8,51,38,13,118,104,14
S01008782,697,551,146,543,426,117,447,347,100,61,47,14,386,300,86,64,51,13,10,8,2,54,43,11,32,28,4,154,125,29
S01008783,366,308,58,317,264,53,265,224,41,38,32,6,227,192,35,43,35,8,11,9,2,32,26,6,9,5,4,49,44,5
S01008784,395,311,84,342,263,79,285,222,63,47,34,13,238,188,50,37,27,10,14,8,6,23,19,4,20,14,6,53,48,5
S01008785,732,556,176,452,307,145,350,239,111,90,55,35,260,184,76,45,22,23,20,8,12,25,14,11,57,46,11,280,249,31
S01008786,857,660,197,684,524,160,559,427,132,77,50,27,482,377,105,66,53,13,14,13,1,52,40,12,59,44,15,173,136,37
S01008787,280,227,53,151,114,37,111,77,34,55,35,20,56,42,14,12,9,3,3,2,1,9,7,2,28,28,0,129,113,16
S01008788,614,471,143,513,390,123,434,327,107,68,44,24,366,283,83,53,39,14,9,7,2,44,32,12,26,24,2,101,81,20
S01008789,582,497,85,303,238,65,254,199,55,55,49,6,199,150,49,30,23,7,6,5,1,24,18,6,19,16,3,279,259,20
S01008790,576,444,132,421,313,108,323,252,71,96,68,28,227,184,43,41,29,12,12,7,5,29,22,7,57,32,25,155,131,24
S01008791,779,428,351,608,327,281,510,283,227,99,44,55,411,239,172,57,19,38,18,7,11,39,12,27,41,25,16,171,101,70
S01008792,685,524,161,514,377,137,422,307,115,103,67,36,319,240,79,56,44,12,18,15,3,38,29,9,36,26,10,171,147,24
S01008793,388,289,99,239,164,75,172,111,61,46,26,20,126,85,41,21,16,5,8,6,2,13,10,3,46,37,9,149,125,24
S01008794,773,639,134,468,359,109,399,305,94,86,66,20,313,239,74,33,20,13,8,6,2,25,14,11,36,34,2,305,280,25
S01008795,1000,694,306,795,549,246,667,469,198,143,89,54,524,380,144,74,47,27,24,15,9,50,32,18,54,33,21,205,145,60
S01008796,950,716,234,670,485,185,568,413,155,144,99,45,424,314,110,54,33,21,13,5,8,41,28,13,48,39,9,280,231,49
S01008797,888,647,241,660,459,201,573,397,176,139,78,61,434,319,115,44,30,14,9,5,4,35,25,10,43,32,11,228,188,40
S01008798,724,546,178,509,368,141,420,306,114,96,59,37,324,247,77,43,26,17,14,7,7,29,19,10,46,36,10,215,178,37
S01008799,565,335,230,435,250,185,373,214,159,89,43,46,284,171,113,33,18,15,13,6,7,20,12,8,29,18,11,130,85,45
S01008800,970,663,307,831,560,271,704,475,229,135,77,58,569,398,171,64,46,18,14,9,5,50,37,13,63,39,24,139,103,36
S01008801,870,584,286,706,473,233,604,412,192,110,60,50,494,352,142,49,30,19,12,4,8,37,26,11,53,31,22,164,111,53
S01008802,892,647,245,666,474,192,549,394,155,110,65,45,439,329,110,60,39,21,24,19,5,36,20,16,57,41,16,226,173,53
S01008803,862,655,207,640,476,164,510,373,137,120,85,35,390,288,102,66,49,17,25,21,4,41,28,13,64,54,10,222,179,43
S01008804,608,370,238,372,206,166,317,173,144,65,23,42,252,150,102,23,12,11,4,1,3,19,11,8,32,21,11,236,164,72
S01008805,589,352,237,441,277,164,374,241,133,102,60,42,272,181,91,31,17,14,11,6,5,20,11,9,36,19,17,148,75,73
S01008806,919,604,315,751,495,256,649,431,218,132,79,53,517,352,165,67,42,25,20,13,7,47,29,18,35,22,13,168,109,59
S01008807,742,539,203,559,401,158,471,345,126,91,64,27,380,281,99,57,40,17,17,10,7,40,30,10,31,16,15,183,138,45
S01008808,614,469,145,445,333,112,344,255,89,67,46,21,277,209,68,75,59,16,25,19,6,50,40,10,26,19,7,169,136,33
S01008809,570,423,147,402,298,104,287,207,80,67,54,13,220,153,67,90,74,16,26,20,6,64,54,10,25,17,8,168,125,43
S01008810,654,467,187,515,383,132,418,312,106,91,66,25,327,246,81,68,51,17,20,15,5,48,36,12,29,20,9,139,84,55
S01008811,794,558,236,600,426,174,478,335,143,116,74,42,362,261,101,86,62,24,21,12,9,65,50,15,36,29,7,194,132,62
S01008812,436,319,117,338,247,91,272,190,82,59,33,26,213,157,56,42,39,3,11,10,1,31,29,2,24,18,6,98,72,26
S01008813,828,608,220,592,430,162,440,320,120,131,87,44,309,233,76,74,59,15,24,18,6,50,41,9,78,51,27,236,178,58
S01008814,732,501,231,567,373,194,457,304,153,137,79,58,320,225,95,62,38,24,15,7,8,47,31,16,48,31,17,165,128,37
S01008815,806,574,232,617,429,188,518,366,152,99,62,37,419,304,115,51,30,21,19,11,8,32,19,13,48,33,15,189,145,44
S01008816,473,400,73,316,260,56,264,223,41,33,25,8,231,198,33,22,20,2,3,3,0,19,17,2,30,17,13,157,140,17
S01008817,658,505,153,492,360,132,419,306,113,90,62,28,329,244,85,40,27,13,13,6,7,27,21,6,33,27,6,166,145,21
S01008818,641,556,85,514,447,67,445,386,59,99,84,15,346,302,44,50,44,6,19,16,3,31,28,3,19,17,2,127,109,18
S01008819,646,560,86,470,392,78,385,322,63,72,56,16,313,266,47,64,53,11,20,19,1,44,34,10,21,17,4,176,168,8
S01008820,962,790,172,692,564,128,542,445,97,99,81,18,443,364,79,79,61,18,30,26,4,49,35,14,71,58,13,270,226,44
S01008821,550,458,92,409,340,69,339,281,58,90,68,22,249,213,36,51,41,10,14,10,4,37,31,6,19,18,1,141,118,23
S01008822,585,528,57,396,347,49,304,271,33,84,73,11,220,198,22,70,59,11,23,20,3,47,39,8,22,17,5,189,181,8
S01008823,556,494,62,350,303,47,265,233,32,69,63,6,196,170,26,71,59,12,21,18,3,50,41,9,14,11,3,206,191,15
S01008824,833,750,83,581,519,62,482,430,52,107,98,9,375,332,43,74,64,10,27,26,1,47,38,9,25,25,0,252,231,21
S01008825,512,460,52,361,315,46,297,259,38,69,60,9,228,199,29,58,53,5,13,11,2,45,42,3,6,3,3,151,145,6
S01008826,589,520,69,427,367,60,334,287,47,73,61,12,261,226,35,63,55,8,12,11,1,51,44,7,30,25,5,162,153,9
S01008827,570,517,53,337,305,32,255,232,23,74,70,4,181,162,19,71,63,8,20,19,1,51,44,7,11,10,1,233,212,21
S01008828,751,674,77,498,439,59,393,350,43,89,79,10,304,271,33,85,72,13,30,27,3,55,45,10,20,17,3,253,235,18
S01008829,564,490,74,344,305,39,277,247,30,86,76,10,191,171,20,46,39,7,14,10,4,32,29,3,21,19,2,220,185,35
S01008830,561,505,56,358,315,43,288,252,36,73,64,9,215,188,27,59,54,5,13,12,1,46,42,4,11,9,2,203,190,13
S01008831,658,620,38,367,341,26,271,253,18,87,78,9,184,175,9,80,73,7,25,24,1,55,49,6,16,15,1,291,279,12
S01008832,655,561,94,335,285,50,242,206,36,39,35,4,203,171,32,61,50,11,12,11,1,49,39,10,32,29,3,320,276,44
S01008833,863,732,131,542,445,97,435,361,74,88,75,13,347,286,61,80,69,11,30,26,4,50,43,7,27,15,12,321,287,34
S01008834,977,828,149,608,496,112,468,390,78,104,93,11,364,297,67,118,90,28,40,30,10,78,60,18,22,16,6,369,332,37
S01008835,695,643,52,434,391,43,372,339,33,103,91,12,269,248,21,40,32,8,13,11,2,27,21,6,22,20,2,261,252,9
S01008836,606,479,127,432,323,109,359,266,93,83,56,27,276,210,66,44,36,8,7,5,2,37,31,6,29,21,8,174,156,18
S01008837,939,723,216,767,585,182,646,491,155,101,72,29,545,419,126,77,62,15,22,19,3,55,43,12,44,32,12,172,138,34
S01008838,933,737,196,716,569,147,600,478,122,107,80,27,493,398,95,81,68,13,29,22,7,52,46,6,35,23,12,217,168,49
S01008839,918,735,183,680,542,138,575,460,115,111,88,23,464,372,92,81,63,18,30,20,10,51,43,8,24,19,5,238,193,45
S01008840,934,753,181,688,555,133,569,460,109,123,99,24,446,361,85,81,68,13,25,22,3,56,46,10,38,27,11,246,198,48
S01008841,502,373,129,389,288,101,331,247,84,68,48,20,263,199,64,48,33,15,2,2,0,46,31,15,10,8,2,113,85,28
S01008842,789,517,272,648,434,214,530,371,159,112,64,48,418,307,111,70,39,31,17,10,7,53,29,24,48,24,24,141,83,58
S01008843,912,593,319,685,477,208,565,399,166,118,80,38,447,319,128,66,47,19,18,12,6,48,35,13,54,31,23,227,116,111
S01008844,617,440,177,479,346,133,400,292,108,68,47,21,332,245,87,45,35,10,10,9,1,35,26,9,34,19,15,138,94,44
S01008845,795,542,253,531,381,150,429,312,117,110,83,27,319,229,90,73,54,19,15,8,7,58,46,12,29,15,14,264,161,103
S01008846,741,563,178,508,395,113,383,301,82,95,69,26,288,232,56,100,80,20,34,27,7,66,53,13,25,14,11,233,168,65
S01008847,537,394,143,360,282,78,267,200,67,46,32,14,221,168,53,71,65,6,15,13,2,56,52,4,22,17,5,177,112,65
S01008848,711,579,132,482,396,86,353,292,61,71,56,15,282,236,46,104,90,14,23,20,3,81,70,11,25,14,11,229,183,46
S01008849,663,491,172,465,341,124,343,248,95,54,34,20,289,214,75,105,85,20,38,29,9,67,56,11,17,8,9,198,150,48
S01008850,739,609,130,442,358,84,315,255,60,53,40,13,262,215,47,109,94,15,34,27,7,75,67,8,18,9,9,297,251,46
S01008851,952,752,200,628,488,140,464,355,109,72,55,17,392,300,92,124,99,25,40,34,6,84,65,19,40,34,6,324,264,60
S01008852,884,689,195,576,467,109,389,308,81,83,66,17,306,242,64,164,141,23,51,47,4,113,94,19,23,18,5,308,222,86
S01008853,607,409,198,476,330,146,380,264,116,73,52,21,307,212,95,72,52,20,24,17,7,48,35,13,24,14,10,131,79,52
S01008854,846,651,195,577,453,124,407,318,89,64,46,18,343,272,71,137,110,27,35,26,9,102,84,18,33,25,8,269,198,71
S01008855,985,772,213,739,588,151,595,470,125,68,55,13,527,415,112,119,97,22,25,21,4,94,76,18,25,21,4,246,184,62
S01008856,507,352,155,410,291,119,338,234,104,56,42,14,282,192,90,53,42,11,26,17,9,27,25,2,19,15,4,97,61,36
S01008857,693,575,118,547,451,96,440,372,68,96,75,21,344,297,47,85,64,21,24,20,4,61,44,17,22,15,7,146,124,22
S01008858,499,418,81,367,304,63,275,233,42,51,42,9,224,191,33,82,63,19,27,21,6,55,42,13,10,8,2,132,114,18
S01008859,1041,819,222,747,572,175,590,457,133,72,47,25,518,410,108,123,92,31,30,23,7,93,69,24,34,23,11,294,247,47
S01008860,806,658,148,597,493,104,488,404,84,90,72,18,398,332,66,69,55,14,13,11,2,56,44,12,40,34,6,209,165,44
S01008861,639,552,87,430,375,55,296,260,36,66,53,13,230,207,23,123,109,14,35,32,3,88,77,11,11,6,5,209,177,32
S01008862,828,673,155,662,533,129,527,424,103,75,47,28,452,377,75,104,86,18,32,25,7,72,61,11,31,23,8,166,140,26
S01008863,641,518,123,487,385,102,401,320,81,63,47,16,338,273,65,74,58,16,19,16,3,55,42,13,12,7,5,154,133,21
S01008864,880,646,234,436,349,87,370,299,71,47,39,8,323,260,63,50,38,12,14,11,3,36,27,9,16,12,4,444,297,147
S01008865,744,604,140,528,430,98,446,361,85,87,65,22,359,296,63,59,56,3,27,25,2,32,31,1,23,13,10,216,174,42
S01008866,711,561,150,573,445,128,466,370,96,48,34,14,418,336,82,86,64,22,27,21,6,59,43,16,21,11,10,138,116,22
S01008867,697,575,122,504,413,91,389,320,69,62,53,9,327,267,60,100,82,18,29,24,5,71,58,13,15,11,4,193,162,31
S01008868,728,458,270,559,367,192,432,277,155,78,47,31,354,230,124,95,77,18,28,23,5,67,54,13,32,13,19,169,91,78
S01008869,937,720,217,653,506,147,493,375,118,87,66,21,406,309,97,130,111,19,36,32,4,94,79,15,30,20,10,284,214,70
S01008870,697,565,132,498,393,105,394,303,91,71,55,16,323,248,75,93,82,11,26,21,5,67,61,6,11,8,3,199,172,27
S01008871,973,761,212,683,540,143,524,408,116,117,90,27,407,318,89,123,104,19,44,35,9,79,69,10,36,28,8,290,221,69
S01008872,767,603,164,544,438,106,417,331,86,108,87,21,309,244,65,91,75,16,27,18,9,64,57,7,36,32,4,223,165,58
S01008873,588,494,94,418,345,73,300,249,51,58,52,6,242,197,45,106,87,19,32,27,5,74,60,14,12,9,3,170,149,21
S01008874,774,619,155,533,419,114,437,348,89,66,42,24,371,306,65,77,57,20,23,14,9,54,43,11,19,14,5,241,200,41
S01008875,756,588,168,529,394,135,443,340,103,82,58,24,361,282,79,56,38,18,13,9,4,43,29,14,30,16,14,227,194,33
S01008876,497,459,38,294,271,23,236,215,21,76,75,1,160,140,20,44,44,0,17,17,0,27,27,0,14,12,2,203,188,15
S01008877,444,394,50,306,275,31,244,218,26,59,54,5,185,164,21,51,48,3,11,10,1,40,38,2,11,9,2,138,119,19
S01008878,778,713,65,444,389,55,358,317,41,113,102,11,245,215,30,64,52,12,25,19,6,39,33,6,22,20,2,334,324,10
S01008879,696,621,75,448,392,56,385,343,42,93,79,14,292,264,28,44,35,9,19,15,4,25,20,5,19,14,5,248,229,19
S01008880,533,477,56,344,306,38,296,262,34,71,63,8,225,199,26,36,32,4,11,10,1,25,22,3,12,12,0,189,171,18
S01008881,518,448,70,266,222,44,191,160,31,52,41,11,139,119,20,57,49,8,15,13,2,42,36,6,18,13,5,252,226,26
S01008882,851,761,90,504,453,51,369,328,41,76,70,6,293,258,35,124,116,8,30,27,3,94,89,5,11,9,2,347,308,39
S01008883,790,729,61,400,365,35,279,252,27,70,62,8,209,190,19,110,105,5,41,38,3,69,67,2,11,8,3,390,364,26
S01008884,590,530,60,285,255,30,206,183,23,59,52,7,147,131,16,67,62,5,19,18,1,48,44,4,12,10,2,305,275,30
S01008885,680,609,71,425,377,48,320,290,30,100,94,6,220,196,24,87,74,13,20,17,3,67,57,10,18,13,5,255,232,23
S01008886,712,587,125,441,355,86,362,297,65,77,63,14,285,234,51,56,44,12,14,12,2,42,32,10,23,14,9,271,232,39
S01008887,643,568,75,400,347,53,323,280,43,95,82,13,228,198,30,59,54,5,18,16,2,41,38,3,18,13,5,243,221,22
S01008888,542,436,106,408,326,82,337,272,65,51,40,11,286,232,54,48,35,13,12,11,1,36,24,12,23,19,4,134,110,24
S01008889,459,401,58,322,279,43,262,229,33,63,56,7,199,173,26,49,43,6,10,7,3,39,36,3,11,7,4,137,122,15
S01008890,599,550,49,356,325,31,291,269,22,101,90,11,190,179,11,53,44,9,9,7,2,44,37,7,12,12,0,243,225,18
S01008891,628,576,52,373,335,38,301,271,30,97,86,11,204,185,19,64,57,7,20,17,3,44,40,4,8,7,1,255,241,14
S01008892,837,740,97,490,424,66,400,347,53,94,76,18,306,271,35,66,57,9,26,21,5,40,36,4,24,20,4,347,316,31
S01008893,724,651,73,456,418,38,357,329,28,104,98,6,253,231,22,84,77,7,20,20,0,64,57,7,15,12,3,268,233,35
S01008894,688,639,49,416,388,28,314,294,20,96,89,7,218,205,13,90,82,8,34,31,3,56,51,5,12,12,0,272,251,21
S01008895,632,564,68,321,279,42,255,226,29,77,69,8,178,157,21,62,49,13,14,12,2,48,37,11,4,4,0,311,285,26
S01008896,410,360,50,264,231,33,230,201,29,48,44,4,182,157,25,30,27,3,3,2,1,27,25,2,4,3,1,146,129,17
S01008897,551,482,69,326,291,35,259,231,28,72,60,12,187,171,16,49,44,5,12,11,1,37,33,4,18,16,2,225,191,34
S01008898,689,610,79,411,352,59,308,267,41,102,92,10,206,175,31,84,73,11,29,27,2,55,46,9,19,12,7,278,258,20
S01008899,669,612,57,391,345,46,297,263,34,101,87,14,196,176,20,39,31,8,13,10,3,26,21,5,55,51,4,278,267,11
S01008900,789,696,93,516,435,81,440,372,68,120,100,20,320,272,48,37,30,7,14,11,3,23,19,4,39,33,6,273,261,12
S01008901,685,618,67,407,358,49,333,294,39,100,90,10,233,204,29,41,33,8,11,8,3,30,25,5,33,31,2,278,260,18
S01008902,831,686,145,515,412,103,425,343,82,124,99,25,301,244,57,46,34,12,11,9,2,35,25,10,44,35,9,316,274,42
S01008903,811,752,59,469,424,45,405,365,40,127,117,10,278,248,30,32,29,3,7,6,1,25,23,2,32,30,2,342,328,14
S01008904,810,512,298,523,304,219,421,254,167,137,76,61,284,178,106,38,14,24,11,4,7,27,10,17,64,36,28,287,208,79
S01008905,843,682,161,505,383,122,396,293,103,143,107,36,253,186,67,25,17,8,7,3,4,18,14,4,84,73,11,338,299,39
S01008906,616,454,162,407,285,122,305,206,99,93,45,48,212,161,51,28,17,11,7,4,3,21,13,8,74,62,12,209,169,40
S01008907,437,338,99,225,153,72,171,113,58,69,45,24,102,68,34,18,14,4,10,8,2,8,6,2,36,26,10,212,185,27
S01008908,717,568,149,440,333,107,350,272,78,97,73,24,253,199,54,45,28,17,20,10,10,25,18,7,45,33,12,277,235,42
S01008909,639,569,70,438,382,56,370,324,46,119,98,21,251,226,25,34,28,6,11,10,1,23,18,5,34,30,4,201,187,14
S01008910,374,327,47,266,231,35,226,195,31,56,51,5,170,144,26,25,21,4,8,8,0,17,13,4,15,15,0,108,96,12
S01008911,787,602,185,611,466,145,505,388,117,80,53,27,425,335,90,79,57,22,16,13,3,63,44,19,27,21,6,176,136,40
S01008912,640,579,61,448,396,52,362,321,41,102,87,15,260,234,26,65,57,8,18,15,3,47,42,5,21,18,3,192,183,9
S01008913,514,446,68,404,342,62,337,287,50,75,59,16,262,228,34,40,36,4,14,12,2,26,24,2,27,19,8,110,104,6
S01008914,739,685,54,458,413,45,386,348,38,122,112,10,264,236,28,55,48,7,16,13,3,39,35,4,17,17,0,281,272,9
S01008915,463,415,48,298,270,28,236,214,22,83,72,11,153,142,11,49,44,5,16,15,1,33,29,4,13,12,1,165,145,20
S01008916,906,811,95,464,395,69,363,311,52,122,104,18,241,207,34,42,34,8,12,11,1,30,23,7,59,50,9,442,416,26
S01008917,562,486,76,333,274,59,250,210,40,96,78,18,154,132,22,29,20,9,12,6,6,17,14,3,54,44,10,229,212,17
S01008918,423,285,138,262,156,106,181,102,79,73,42,31,108,60,48,22,8,14,8,5,3,14,3,11,59,46,13,161,129,32
S01008919,404,301,103,248,163,85,176,114,62,75,45,30,101,69,32,15,8,7,8,5,3,7,3,4,57,41,16,156,138,18
S01008920,948,731,217,792,614,178,658,516,142,111,79,32,547,437,110,88,64,24,23,18,5,65,46,19,46,34,12,156,117,39
S01008921,589,465,124,334,240,94,247,171,76,68,43,25,179,128,51,21,14,7,5,5,0,16,9,7,66,55,11,255,225,30
S01008922,648,568,80,385,322,63,304,258,46,85,69,16,219,189,30,28,22,6,10,7,3,18,15,3,53,42,11,263,246,17
S01008923,611,528,83,379,309,70,306,252,54,97,72,25,209,180,29,34,21,13,10,9,1,24,12,12,39,36,3,232,219,13
S01008924,704,585,119,445,359,86,351,284,67,143,111,32,208,173,35,19,13,6,8,4,4,11,9,2,75,62,13,259,226,33
S01008925,502,376,126,387,287,100,326,245,81,95,71,24,231,174,57,29,16,13,7,6,1,22,10,12,32,26,6,115,89,26
S01008926,475,414,61,356,307,49,303,266,37,68,60,8,235,206,29,34,24,10,10,5,5,24,19,5,19,17,2,119,107,12
S01008927,657,458,199,528,364,164,465,326,139,95,68,27,370,258,112,31,10,21,8,1,7,23,9,14,32,28,4,129,94,35
S01008928,628,534,94,378,298,80,298,233,65,93,66,27,205,167,38,33,25,8,6,3,3,27,22,5,47,40,7,250,236,14
S01008929,631,521,110,345,266,79,223,166,57,80,53,27,143,113,30,11,6,5,6,3,3,5,3,2,111,94,17,286,255,31
S01008930,683,584,99,398,314,84,289,225,64,116,84,32,173,141,32,19,12,7,1,1,0,18,11,7,90,77,13,285,270,15
S01008931,594,533,61,356,307,49,296,253,43,102,86,16,194,167,27,12,8,4,6,5,1,6,3,3,48,46,2,238,226,12
S01008932,694,535,159,525,389,136,439,331,108,112,81,31,327,250,77,49,30,19,14,8,6,35,22,13,37,28,9,169,146,23
S01008933,505,391,114,350,261,89,268,195,73,104,79,25,164,116,48,17,12,5,6,4,2,11,8,3,65,54,11,155,130,25
S01008934,594,468,126,400,304,96,319,246,73,94,68,26,225,178,47,41,27,14,16,10,6,25,17,8,40,31,9,194,164,30
S01008935,732,659,73,432,384,48,363,333,30,116,110,6,247,223,24,48,34,14,17,14,3,31,20,11,21,17,4,300,275,25
S01008936,300,280,20,191,175,16,155,141,14,53,47,6,102,94,8,35,33,2,10,9,1,25,24,1,1,1,0,109,105,4
S01008937,694,631,63,423,377,46,335,300,35,91,79,12,244,221,23,58,53,5,16,15,1,42,38,4,30,24,6,271,254,17
S01008938,583,557,26,344,325,19,276,261,15,90,87,3,186,174,12,56,53,3,18,17,1,38,36,2,12,11,1,239,232,7
S01008939,659,621,38,381,352,29,308,287,21,103,92,11,205,195,10,55,47,8,14,12,2,41,35,6,18,18,0,278,269,9
S01008940,508,461,47,274,244,30,196,175,21,59,52,7,137,123,14,68,60,8,21,19,2,47,41,6,10,9,1,234,217,17
S01008941,659,615,44,386,359,27,289,274,15,88,85,3,201,189,12,88,76,12,25,21,4,63,55,8,9,9,0,273,256,17
S01008942,581,532,49,379,350,29,311,292,19,85,77,8,226,215,11,55,49,6,19,18,1,36,31,5,13,9,4,202,182,20
S01008943,672,616,56,357,323,34,249,224,25,84,74,10,165,150,15,88,82,6,31,29,2,57,53,4,20,17,3,315,293,22
S01008944,809,727,82,428,377,51,312,275,37,79,66,13,233,209,24,101,91,10,38,34,4,63,57,6,15,11,4,381,350,31
S01008945,630,574,56,402,363,39,308,284,24,102,96,6,206,188,18,86,72,14,26,22,4,60,50,10,8,7,1,228,211,17
S01008946,769,702,67,403,358,45,298,273,25,86,76,10,212,197,15,82,67,15,20,19,1,62,48,14,23,18,5,366,344,22
S01008947,870,772,98,473,404,69,369,316,53,102,87,15,267,229,38,84,72,12,33,27,6,51,45,6,20,16,4,397,368,29
S01008948,573,489,84,388,331,57,302,264,38,80,73,7,222,191,31,69,55,14,23,17,6,46,38,8,17,12,5,185,158,27
S01008949,752,709,43,467,431,36,389,356,33,123,113,10,266,243,23,47,45,2,12,12,0,35,33,2,31,30,1,285,278,7
S01008950,775,717,58,470,430,40,388,354,34,130,119,11,258,235,23,46,44,2,15,14,1,31,30,1,36,32,4,305,287,18
S01008951,708,614,94,427,356,71,365,307,58,100,87,13,265,220,45,28,23,5,12,8,4,16,15,1,34,26,8,281,258,23
S01008952,663,579,84,434,361,73,347,289,58,106,90,16,241,199,42,37,27,10,13,12,1,24,15,9,50,45,5,229,218,11
S01008953,752,676,76,444,388,56,351,307,44,112,96,16,239,211,28,51,41,10,18,15,3,33,26,7,42,40,2,308,288,20
S01008954,747,682,65,397,352,45,315,279,36,105,95,10,210,184,26,41,34,7,11,7,4,30,27,3,41,39,2,350,330,20
S01008955,527,483,44,357,330,27,299,277,22,84,75,9,215,202,13,51,47,4,20,19,1,31,28,3,7,6,1,170,153,17
S01008956,727,663,64,551,501,50,473,436,37,117,105,12,356,331,25,40,30,10,7,7,0,33,23,10,38,35,3,176,162,14
S01008957,809,722,87,509,445,64,430,375,55,125,101,24,305,274,31,49,41,8,16,11,5,33,30,3,30,29,1,300,277,23
S01008958,605,532,73,355,304,51,303,260,43,76,65,11,227,195,32,32,29,3,6,6,0,26,23,3,20,15,5,250,228,22
S01008959,719,676,43,476,451,25,414,393,21,107,100,7,307,293,14,42,38,4,15,14,1,27,24,3,20,20,0,243,225,18
S01008960,672,598,74,545,490,55,464,418,46,114,97,17,350,321,29,69,63,6,10,9,1,59,54,5,12,9,3,127,108,19
S01008961,601,545,56,401,361,40,341,310,31,89,83,6,252,227,25,39,33,6,9,6,3,30,27,3,21,18,3,200,184,16
S01008962,530,489,41,349,321,28,302,278,24,84,76,8,218,202,16,34,32,2,7,6,1,27,26,1,13,11,2,181,168,13
S01008963,670,628,42,404,369,35,340,315,25,97,91,6,243,224,19,44,40,4,13,10,3,31,30,1,20,14,6,266,259,7
S01008964,437,412,25,257,237,20,212,197,15,79,74,5,133,123,10,35,31,4,11,10,1,24,21,3,10,9,1,180,175,5
S01008965,628,596,32,329,307,22,260,243,17,81,74,7,179,169,10,64,59,5,21,19,2,43,40,3,5,5,0,299,289,10
S01008966,483,456,27,303,285,18,258,243,15,79,74,5,179,169,10,33,31,2,6,6,0,27,25,2,12,11,1,180,171,9
S01008967,848,792,56,492,458,34,417,391,26,123,116,7,294,275,19,62,55,7,16,16,0,46,39,7,13,12,1,356,334,22
S01008968,824,781,43,516,490,26,438,415,23,149,143,6,289,272,17,63,60,3,20,19,1,43,41,2,15,15,0,308,291,17
S01008969,897,813,84,557,489,68,477,419,58,141,120,21,336,299,37,57,48,9,15,10,5,42,38,4,23,22,1,340,324,16
S01008970,838,774,64,561,505,56,476,428,48,122,113,9,354,315,39,73,65,8,27,23,4,46,42,4,12,12,0,277,269,8
S01008971,568,517,51,383,343,40,318,294,24,79,71,8,239,223,16,51,36,15,14,9,5,37,27,10,14,13,1,185,174,11
S01008972,633,575,58,381,336,45,299,269,30,76,67,9,223,202,21,69,57,12,22,19,3,47,38,9,13,10,3,252,239,13
S01008973,727,644,83,408,338,70,340,281,59,53,49,4,287,232,55,59,52,7,17,16,1,42,36,6,9,5,4,319,306,13
S01008974,652,585,67,374,332,42,317,282,35,85,76,9,232,206,26,43,38,5,11,11,0,32,27,5,14,12,2,278,253,25
S01008975,657,607,50,293,265,28,252,227,25,56,56,0,196,171,25,29,26,3,7,7,0,22,19,3,12,12,0,364,342,22
S01008976,426,390,36,262,243,19,207,193,14,55,50,5,152,143,9,40,38,2,11,9,2,29,29,0,15,12,3,164,147,17
S01008977,514,488,26,324,304,20,276,261,15,80,77,3,196,184,12,35,33,2,9,9,0,26,24,2,13,10,3,190,184,6
S01008978,473,426,47,330,294,36,277,247,30,89,78,11,188,169,19,35,33,2,8,8,0,27,25,2,18,14,4,143,132,11
S01008979,573,489,84,438,372,66,369,314,55,94,80,14,275,234,41,45,37,8,13,9,4,32,28,4,24,21,3,135,117,18
S01008980,620,523,97,454,374,80,388,326,62,105,85,20,283,241,42,46,32,14,11,7,4,35,25,10,20,16,4,166,149,17
S01008981,601,577,24,332,314,18,280,266,14,90,84,6,190,182,8,44,40,4,12,10,2,32,30,2,8,8,0,269,263,6
S01008982,629,570,59,447,403,44,386,348,38,111,101,10,275,247,28,37,32,5,12,9,3,25,23,2,24,23,1,182,167,15
S01008983,529,449,80,434,375,59,384,336,48,74,61,13,310,275,35,29,21,8,10,7,3,19,14,5,21,18,3,95,74,21
S01008984,390,364,26,279,261,18,238,224,14,72,69,3,166,155,11,18,17,1,7,6,1,11,11,0,23,20,3,111,103,8
S01008985,585,543,42,420,385,35,361,331,30,92,84,8,269,247,22,34,31,3,10,8,2,24,23,1,25,23,2,165,158,7
S01008986,661,622,39,416,384,32,348,324,24,119,116,3,229,208,21,48,43,5,23,20,3,25,23,2,20,17,3,245,238,7
S01008987,710,689,21,441,428,13,370,358,12,112,106,6,258,252,6,52,51,1,13,13,0,39,38,1,19,19,0,269,261,8
S01008988,928,824,104,507,427,80,429,365,64,111,93,18,318,272,46,49,39,10,10,8,2,39,31,8,29,23,6,421,397,24
S01008989,557,488,69,460,406,54,394,347,47,75,67,8,319,280,39,39,36,3,10,9,1,29,27,2,27,23,4,97,82,15
S01008990,643,555,88,535,464,71,468,407,61,85,77,8,383,330,53,45,39,6,9,6,3,36,33,3,22,18,4,108,91,17
S01008991,758,674,84,614,560,54,528,488,40,138,123,15,390,365,25,62,52,10,12,10,2,50,42,8,24,20,4,144,114,30
S01008992,487,425,62,305,266,39,257,221,36,61,52,9,196,169,27,31,29,2,15,14,1,16,15,1,17,16,1,182,159,23
S01008993,880,794,86,597,532,65,468,416,52,118,106,12,350,310,40,104,94,10,33,30,3,71,64,7,25,22,3,283,262,21
S01008994,628,598,30,412,390,22,330,312,18,105,98,7,225,214,11,50,48,2,12,10,2,38,38,0,32,30,2,216,208,8
S01008995,699,650,49,502,465,37,424,394,30,99,93,6,325,301,24,54,52,2,13,13,0,41,39,2,24,19,5,197,185,12
S01008996,483,456,27,303,283,20,258,239,19,72,65,7,186,174,12,24,23,1,9,9,0,15,14,1,21,21,0,180,173,7
S01008997,780,737,43,575,541,34,471,446,25,121,113,8,350,333,17,75,67,8,17,14,3,58,53,5,29,28,1,205,196,9
S01008998,464,445,19,309,296,13,246,236,10,74,69,5,172,167,5,19,17,2,4,3,1,15,14,1,44,43,1,155,149,6
S01008999,708,672,36,395,370,25,334,314,20,86,79,7,248,235,13,30,28,2,8,7,1,22,21,1,31,28,3,313,302,11
S01009000,757,731,26,483,464,19,395,379,16,93,90,3,302,289,13,71,68,3,19,18,1,52,50,2,17,17,0,274,267,7
S01009001,653,618,35,423,397,26,356,332,24,119,112,7,237,220,17,56,55,1,22,21,1,34,34,0,11,10,1,230,221,9
S01009002,657,622,35,451,423,28,367,343,24,95,86,9,272,257,15,59,55,4,17,15,2,42,40,2,25,25,0,206,199,7
S01009003,751,677,74,538,488,50,429,387,42,95,89,6,334,298,36,88,81,7,29,27,2,59,54,5,21,20,1,213,189,24
S01009004,534,516,18,389,375,14,332,320,12,80,79,1,252,241,11,45,43,2,12,11,1,33,32,1,12,12,0,145,141,4
S01009005,590,553,37,404,370,34,350,323,27,86,81,5,264,242,22,35,30,5,12,10,2,23,20,3,19,17,2,186,183,3
S01009006,602,557,45,357,320,37,300,266,34,86,73,13,214,193,21,33,32,1,13,13,0,20,19,1,24,22,2,245,237,8
S01009007,552,517,35,348,321,27,293,270,23,75,70,5,218,200,18,31,28,3,9,9,0,22,19,3,24,23,1,204,196,8
S01009008,780,733,47,469,435,34,383,354,29,90,84,6,293,270,23,61,56,5,23,21,2,38,35,3,25,25,0,311,298,13
S01009009,381,363,18,221,208,13,184,174,10,47,45,2,137,129,8,18,15,3,8,6,2,10,9,1,19,19,0,160,155,5
S01009010,820,773,47,629,593,36,562,532,30,169,162,7,393,370,23,53,48,5,18,15,3,35,33,2,14,13,1,191,180,11
S01009011,692,666,26,571,548,23,496,478,18,140,137,3,356,341,15,51,47,4,17,17,0,34,30,4,24,23,1,121,118,3
S01009012,609,576,33,456,435,21,393,377,16,119,114,5,274,263,11,50,46,4,11,10,1,39,36,3,13,12,1,153,141,12
S01009013,739,681,58,547,508,39,456,429,27,132,124,8,324,305,19,57,48,9,15,13,2,42,35,7,34,31,3,192,173,19
S01009014,497,486,11,333,325,8,249,243,6,89,84,5,160,159,1,58,56,2,11,10,1,47,46,1,26,26,0,164,161,3
S01009015,511,504,7,302,297,5,231,228,3,82,80,2,149,148,1,49,47,2,9,8,1,40,39,1,22,22,0,209,207,2
S01009016,436,429,7,249,248,1,188,187,1,47,46,1,141,141,0,43,43,0,15,15,0,28,28,0,18,18,0,187,181,6
S01009017,499,489,10,308,301,7,234,231,3,57,56,1,177,175,2,46,44,2,12,12,0,34,32,2,28,26,2,191,188,3
S01009018,601,588,13,408,401,7,321,318,3,84,84,0,237,234,3,70,68,2,24,23,1,46,45,1,17,15,2,193,187,6
S01009019,421,402,19,296,282,14,244,233,11,64,60,4,180,173,7,35,35,0,6,6,0,29,29,0,17,14,3,125,120,5
S01009020,635,590,45,487,450,37,402,369,33,114,103,11,288,266,22,50,48,2,12,11,1,38,37,1,35,33,2,148,140,8
S01009021,634,616,18,394,378,16,296,290,6,99,99,0,197,191,6,82,74,8,14,11,3,68,63,5,16,14,2,240,238,2
S01009022,788,764,24,482,468,14,363,353,10,105,102,3,258,251,7,89,87,2,16,15,1,73,72,1,30,28,2,306,296,10
S01009023,810,786,24,456,445,11,292,283,9,95,93,2,197,190,7,132,130,2,40,40,0,92,90,2,32,32,0,354,341,13
S01009024,844,825,19,467,456,11,353,345,8,100,97,3,253,248,5,86,83,3,20,18,2,66,65,1,28,28,0,377,369,8
S01009025,761,736,25,488,473,15,348,344,4,112,111,1,236,233,3,93,87,6,24,23,1,69,64,5,47,42,5,273,263,10
S01009026,770,742,28,465,447,18,357,342,15,104,98,6,253,244,9,69,67,2,17,17,0,52,50,2,39,38,1,305,295,10
S01009027,670,647,23,360,351,9,251,245,6,80,78,2,171,167,4,88,86,2,30,30,0,58,56,2,21,20,1,310,296,14
S01009028,430,422,8,256,251,5,189,186,3,51,50,1,138,136,2,48,46,2,13,13,0,35,33,2,19,19,0,174,171,3
S01009029,529,507,22,315,301,14,229,217,12,60,57,3,169,160,9,58,58,0,12,12,0,46,46,0,28,26,2,214,206,8
S01009030,611,596,15,386,373,13,296,286,10,87,82,5,209,204,5,62,59,3,20,19,1,42,40,2,28,28,0,225,223,2
S01009031,656,643,13,388,383,5,316,312,4,73,72,1,243,240,3,52,51,1,11,11,0,41,40,1,20,20,0,268,260,8
S01009032,559,553,6,303,300,3,239,236,3,69,67,2,170,169,1,45,45,0,9,9,0,36,36,0,19,19,0,256,253,3
S01009033,657,638,19,371,360,11,292,282,10,99,96,3,193,186,7,59,58,1,14,14,0,45,44,1,20,20,0,286,278,8
S01009034,558,544,14,324,315,9,274,266,8,79,78,1,195,188,7,39,39,0,15,15,0,24,24,0,11,10,1,234,229,5
S01009035,760,739,21,490,474,16,398,387,11,111,108,3,287,279,8,63,59,4,16,16,0,47,43,4,29,28,1,270,265,5
S01009036,814,786,28,561,541,20,462,448,14,131,129,2,331,319,12,63,58,5,17,16,1,46,42,4,36,35,1,253,245,8
S01009037,705,689,16,498,485,13,407,396,11,116,114,2,291,282,9,59,58,1,14,13,1,45,45,0,32,31,1,207,204,3
S01009038,868,846,22,583,567,16,488,479,9,160,157,3,328,322,6,62,57,5,12,11,1,50,46,4,33,31,2,285,279,6
S01009039,535,511,24,375,357,18,294,276,18,95,87,8,199,189,10,37,37,0,7,7,0,30,30,0,44,44,0,160,154,6
S01009040,560,527,33,348,323,25,284,262,22,82,76,6,202,186,16,40,39,1,12,11,1,28,28,0,24,22,2,212,204,8
S01009041,765,710,55,469,428,41,374,340,34,86,81,5,288,259,29,65,61,4,14,13,1,51,48,3,30,27,3,296,282,14
S01009042,724,698,26,464,444,20,385,367,18,110,103,7,275,264,11,41,39,2,14,14,0,27,25,2,38,38,0,260,254,6
S01009043,547,523,24,357,336,21,296,283,13,98,93,5,198,190,8,32,26,6,7,7,0,25,19,6,29,27,2,190,187,3
S01009044,749,726,23,385,372,13,330,322,8,93,88,5,237,234,3,37,34,3,9,8,1,28,26,2,18,16,2,364,354,10
S01009045,556,533,23,340,324,16,279,263,16,84,77,7,195,186,9,44,44,0,8,8,0,36,36,0,17,17,0,216,209,7
S01009046,710,691,19,460,449,11,377,368,9,107,105,2,270,263,7,64,63,1,14,13,1,50,50,0,19,18,1,250,242,8
S01009047,648,634,14,433,428,5,369,365,4,102,100,2,267,265,2,45,44,1,11,10,1,34,34,0,19,19,0,215,206,9
S01009048,686,675,11,440,432,8,377,371,6,102,101,1,275,270,5,42,41,1,15,15,0,27,26,1,21,20,1,246,243,3
S01009049,502,483,19,307,293,14,260,248,12,73,68,5,187,180,7,36,34,2,10,10,0,26,24,2,11,11,0,195,190,5
S01009050,676,668,8,427,423,4,360,357,3,95,95,0,265,262,3,38,37,1,9,9,0,29,28,1,29,29,0,249,245,4
S01009051,564,553,11,400,393,7,328,322,6,86,86,0,242,236,6,42,41,1,5,5,0,37,36,1,30,30,0,164,160,4
S01009052,539,527,12,336,326,10,285,275,10,78,76,2,207,199,8,36,36,0,7,7,0,29,29,0,15,15,0,203,201,2
S01009053,424,412,12,251,241,10,181,173,8,58,56,2,123,117,6,11,10,1,3,3,0,8,7,1,59,58,1,173,171,2
S01009054,480,457,23,304,288,16,254,239,15,66,61,5,188,178,10,16,15,1,5,5,0,11,10,1,34,34,0,176,169,7
S01009055,693,683,10,484,477,7,378,375,3,88,88,0,290,287,3,79,75,4,9,9,0,70,66,4,27,27,0,209,206,3
S01009056,432,415,17,259,250,9,191,184,7,57,53,4,134,131,3,28,26,2,4,4,0,24,22,2,40,40,0,173,165,8
S01009057,461,438,23,284,272,12,214,209,5,62,62,0,152,147,5,23,20,3,3,2,1,20,18,2,47,43,4,177,166,11
S01009058,674,635,39,388,362,26,336,317,19,76,72,4,260,245,15,23,19,4,9,8,1,14,11,3,29,26,3,286,273,13
S01009059,700,663,37,508,482,26,417,396,21,104,100,4,313,296,17,60,58,2,10,10,0,50,48,2,31,28,3,192,181,11
S01009060,411,396,15,339,329,10,278,270,8,59,56,3,219,214,5,51,49,2,10,10,0,41,39,2,10,10,0,72,67,5
S01009061,650,630,20,473,460,13,409,398,11,133,129,4,276,269,7,27,27,0,8,8,0,19,19,0,37,35,2,177,170,7
S01009062,538,528,10,319,312,7,250,244,6,84,83,1,166,161,5,21,20,1,5,5,0,16,15,1,48,48,0,219,216,3
S01009063,614,597,17,405,393,12,358,347,11,103,101,2,255,246,9,33,33,0,5,5,0,28,28,0,14,13,1,209,204,5
S01009064,473,465,8,298,291,7,258,252,6,64,63,1,194,189,5,14,14,0,2,2,0,12,12,0,26,25,1,175,174,1
S01009065,544,533,11,324,316,8,243,235,8,74,71,3,169,164,5,25,25,0,7,7,0,18,18,0,56,56,0,220,217,3
S01009066,594,584,10,367,357,10,301,293,8,87,85,2,214,208,6,24,23,1,7,6,1,17,17,0,42,41,1,227,227,0
S01009067,649,637,12,529,519,10,445,437,8,112,111,1,333,326,7,57,55,2,9,9,0,48,46,2,27,27,0,120,118,2
S01009068,732,716,16,497,485,12,428,418,10,108,104,4,320,314,6,35,33,2,6,6,0,29,27,2,34,34,0,235,231,4
S01009069,525,513,12,392,386,6,337,334,3,75,74,1,262,260,2,44,41,3,6,6,0,38,35,3,11,11,0,133,127,6
S01009070,525,508,17,370,360,10,310,303,7,79,78,1,231,225,6,44,41,3,11,10,1,33,31,2,16,16,0,155,148,7
S01009071,413,404,9,277,270,7,218,213,5,61,59,2,157,154,3,41,40,1,6,5,1,35,35,0,18,17,1,136,134,2
S01009072,413,394,19,283,269,14,225,219,6,59,57,2,166,162,4,39,33,6,9,9,0,30,24,6,19,17,2,130,125,5
S01009073,539,529,10,290,283,7,232,229,3,76,73,3,156,156,0,26,22,4,8,7,1,18,15,3,32,32,0,249,246,3
S01009074,582,567,15,380,371,9,305,296,9,102,99,3,203,197,6,25,25,0,3,3,0,22,22,0,50,50,0,202,196,6
S01009075,453,448,5,270,265,5,212,207,5,63,62,1,149,145,4,31,31,0,7,7,0,24,24,0,27,27,0,183,183,0
S01009076,768,735,33,580,556,24,487,465,22,118,113,5,369,352,17,63,62,1,12,12,0,51,50,1,30,29,1,188,179,9
S01009077,521,504,17,346,335,11,285,279,6,74,73,1,211,206,5,32,27,5,10,10,0,22,17,5,29,29,0,175,169,6
S01009078,571,552,19,484,467,17,421,410,11,85,83,2,336,327,9,40,37,3,10,9,1,30,28,2,23,20,3,87,85,2
S01009079,757,735,22,437,422,15,344,332,12,98,95,3,246,237,9,35,33,2,6,6,0,29,27,2,58,57,1,320,313,7
S01009080,775,763,12,455,448,7,374,367,7,113,111,2,261,256,5,43,43,0,13,13,0,30,30,0,38,38,0,320,315,5
S01009081,565,556,9,349,345,4,292,289,3,59,57,2,233,232,1,40,39,1,6,6,0,34,33,1,17,17,0,216,211,5
S01009082,832,812,20,519,501,18,411,395,16,116,113,3,295,282,13,56,55,1,10,10,0,46,45,1,52,51,1,313,311,2
S01009083,625,601,24,406,389,17,344,330,14,86,84,2,258,246,12,28,27,1,8,8,0,20,19,1,34,32,2,219,212,7
S01009084,385,374,11,268,260,8,203,197,6,49,49,0,154,148,6,52,50,2,5,5,0,47,45,2,13,13,0,117,114,3
S01009085,575,552,23,514,495,19,459,446,13,100,99,1,359,347,12,39,35,4,7,6,1,32,29,3,16,14,2,61,57,4
S01009086,564,551,13,382,371,11,316,307,9,92,90,2,224,217,7,35,33,2,15,14,1,20,19,1,31,31,0,182,180,2
S01009087,474,458,16,300,288,12,254,244,10,70,69,1,184,175,9,20,19,1,7,6,1,13,13,0,26,25,1,174,170,4
S01009088,838,807,31,546,525,21,446,425,21,122,116,6,324,309,15,76,76,0,14,14,0,62,62,0,24,24,0,292,282,10
S01009089,692,639,53,544,513,31,469,445,24,132,126,6,337,319,18,61,55,6,12,12,0,49,43,6,14,13,1,148,126,22
S01009090,643,615,28,539,515,24,481,462,19,88,85,3,393,377,16,51,47,4,7,5,2,44,42,2,7,6,1,104,100,4
S01009091,476,453,23,402,383,19,352,336,16,102,96,6,250,240,10,36,33,3,8,7,1,28,26,2,14,14,0,74,70,4
S01009092,872,846,26,537,521,16,462,448,14,125,123,2,337,325,12,38,37,1,10,9,1,28,28,0,37,36,1,335,325,10
S01009093,600,581,19,417,402,15,339,326,13,111,108,3,228,218,10,36,35,1,12,11,1,24,24,0,42,41,1,183,179,4
S01009094,576,562,14,302,295,7,272,266,6,67,67,0,205,199,6,23,23,0,10,10,0,13,13,0,7,6,1,274,267,7
S01009095,664,643,21,414,398,16,332,319,13,92,90,2,240,229,11,63,60,3,18,18,0,45,42,3,19,19,0,250,245,5
S01009096,779,748,31,549,527,22,467,447,20,109,106,3,358,341,17,62,60,2,15,15,0,47,45,2,20,20,0,230,221,9
S01009097,699,685,14,515,502,13,466,459,7,113,111,2,353,348,5,32,26,6,11,8,3,21,18,3,17,17,0,184,183,1
S01009098,426,417,9,263,255,8,213,207,6,60,59,1,153,148,5,34,34,0,17,17,0,17,17,0,16,14,2,163,162,1
S01009099,662,647,15,384,375,9,339,331,8,91,89,2,248,242,6,25,24,1,4,4,0,21,20,1,20,20,0,278,272,6
S01009100,651,635,16,336,324,12,286,275,11,83,80,3,203,195,8,30,29,1,6,5,1,24,24,0,20,20,0,315,311,4
S01009101,763,745,18,507,495,12,416,408,8,128,125,3,288,283,5,36,33,3,17,15,2,19,18,1,55,54,1,256,250,6
S01009102,600,584,16,407,394,13,321,310,11,109,107,2,212,203,9,22,22,0,5,5,0,17,17,0,64,62,2,193,190,3
S01009103,487,481,6,291,285,6,258,252,6,68,65,3,190,187,3,16,16,0,4,4,0,12,12,0,17,17,0,196,196,0
S01009104,650,634,16,408,396,12,353,341,12,108,104,4,245,237,8,28,28,0,9,9,0,19,19,0,27,27,0,242,238,4
S01009105,639,616,23,439,425,14,380,367,13,91,88,3,289,279,10,39,38,1,5,5,0,34,33,1,20,20,0,200,191,9
S01009106,457,444,13,298,288,10,253,245,8,57,54,3,196,191,5,23,22,1,3,3,0,20,19,1,22,21,1,159,156,3
S01009107,672,649,23,494,475,19,438,423,15,118,113,5,320,310,10,25,24,1,7,7,0,18,17,1,31,28,3,178,174,4
S01009108,612,597,15,404,391,13,355,345,10,102,99,3,253,246,7,33,30,3,8,6,2,25,24,1,16,16,0,208,206,2
S01009109,569,561,8,393,389,4,348,344,4,103,102,1,245,242,3,30,30,0,7,7,0,23,23,0,15,15,0,176,172,4
S01009110,499,488,11,301,293,8,269,261,8,72,70,2,197,191,6,21,21,0,2,2,0,19,19,0,11,11,0,198,195,3
S01009111,698,678,20,537,522,15,467,455,12,121,118,3,346,337,9,44,43,1,9,9,0,35,34,1,26,24,2,161,156,5
S01009112,470,460,10,279,273,6,240,237,3,71,70,1,169,167,2,33,30,3,5,5,0,28,25,3,6,6,0,191,187,4
S01009113,790,764,26,481,462,19,421,406,15,98,95,3,323,311,12,44,40,4,9,5,4,35,35,0,16,16,0,309,302,7
S01009114,615,578,37,481,449,32,412,391,21,104,98,6,308,293,15,36,31,5,6,4,2,30,27,3,33,27,6,134,129,5
S01009115,474,460,14,356,344,12,310,301,9,83,80,3,227,221,6,30,27,3,11,11,0,19,16,3,16,16,0,118,116,2
S01009116,405,394,11,281,273,8,248,241,7,70,67,3,178,174,4,17,16,1,3,3,0,14,13,1,16,16,0,124,121,3
S01009117,671,649,22,490,472,18,417,403,14,102,96,6,315,307,8,37,34,3,13,11,2,24,23,1,36,35,1,181,177,4
S01009118,471,449,22,387,374,13,349,338,11,101,96,5,248,242,6,27,26,1,7,6,1,20,20,0,11,10,1,84,75,9
S01009119,600,579,21,374,354,20,306,290,16,92,86,6,214,204,10,30,28,2,4,4,0,26,24,2,38,36,2,226,225,1
S01009120,444,434,10,287,277,10,243,234,9,67,63,4,176,171,5,17,16,1,4,4,0,13,12,1,27,27,0,157,157,0
S01009121,690,674,16,450,442,8,387,381,6,100,100,0,287,281,6,34,32,2,5,4,1,29,28,1,29,29,0,240,232,8
S01009122,778,763,15,511,502,9,383,376,7,112,109,3,271,267,4,80,79,1,16,16,0,64,63,1,48,47,1,267,261,6
S01009123,446,430,16,329,315,14,265,253,12,65,62,3,200,191,9,39,37,2,15,14,1,24,23,1,25,25,0,117,115,2
S01009124,407,395,12,306,296,10,259,251,8,71,70,1,188,181,7,36,36,0,12,12,0,24,24,0,11,9,2,101,99,2
S01009125,608,591,17,328,315,13,279,267,12,74,71,3,205,196,9,20,19,1,4,3,1,16,16,0,29,29,0,280,276,4
S01009126,461,438,23,290,275,15,210,198,12,68,65,3,142,133,9,18,18,0,9,9,0,9,9,0,62,59,3,171,163,8
S01009127,463,423,40,305,273,32,232,206,26,72,64,8,160,142,18,17,14,3,4,3,1,13,11,2,56,53,3,158,150,8
S01009128,687,651,36,373,347,26,288,265,23,76,69,7,212,196,16,24,22,2,6,4,2,18,18,0,61,60,1,314,304,10
S01009129,386,374,12,246,237,9,204,196,8,66,62,4,138,134,4,7,6,1,4,3,1,3,3,0,35,35,0,140,137,3
S01009130,504,467,37,357,327,30,291,270,21,80,71,9,211,199,12,28,21,7,4,3,1,24,18,6,38,36,2,147,140,7
S01009131,413,391,22,264,243,21,221,200,21,50,47,3,171,153,18,16,16,0,9,9,0,7,7,0,27,27,0,149,148,1
S01009132,633,592,41,493,465,28,435,412,23,114,109,5,321,303,18,32,28,4,7,6,1,25,22,3,26,25,1,140,127,13
S01009133,480,437,43,306,270,36,255,224,31,61,55,6,194,169,25,22,19,3,9,8,1,13,11,2,29,27,2,174,167,7
S01009134,764,724,40,506,478,28,438,411,27,111,102,9,327,309,18,38,38,0,8,8,0,30,30,0,30,29,1,258,246,12
S01009135,447,414,33,373,347,26,319,298,21,69,62,7,250,236,14,28,26,2,7,6,1,21,20,1,26,23,3,74,67,7
S01009136,620,567,53,416,390,26,348,332,16,80,75,5,268,257,11,42,36,6,9,7,2,33,29,4,26,22,4,204,177,27
S01009137,437,419,18,395,381,14,340,328,12,87,84,3,253,244,9,46,45,1,8,8,0,38,37,1,9,8,1,42,38,4
S01009138,712,648,64,516,463,53,428,387,41,91,81,10,337,306,31,60,51,9,13,12,1,47,39,8,28,25,3,196,185,11
S01009139,350,318,32,254,228,26,197,176,21,52,47,5,145,129,16,17,15,2,3,3,0,14,12,2,40,37,3,96,90,6
S01009140,616,558,58,398,359,39,340,306,34,82,76,6,258,230,28,26,23,3,6,6,0,20,17,3,32,30,2,218,199,19
S01009141,719,674,45,434,399,35,351,323,28,81,78,3,270,245,25,33,30,3,7,7,0,26,23,3,50,46,4,285,275,10
S01009142,548,485,63,340,290,50,274,240,34,52,43,9,222,197,25,22,13,9,4,3,1,18,10,8,44,37,7,208,195,13
S01009143,501,482,19,275,266,9,224,217,7,75,72,3,149,145,4,20,18,2,6,6,0,14,12,2,31,31,0,226,216,10
S01009144,542,487,55,470,430,40,415,380,35,64,61,3,351,319,32,36,34,2,9,8,1,27,26,1,19,16,3,72,57,15
S01009145,883,839,44,494,470,24,427,407,20,118,112,6,309,295,14,32,29,3,6,6,0,26,23,3,35,34,1,389,369,20
S01009146,758,699,59,507,468,39,414,381,33,112,100,12,302,281,21,34,33,1,10,9,1,24,24,0,59,54,5,251,231,20
S01009147,648,612,36,379,355,24,310,292,18,92,85,7,218,207,11,22,19,3,9,8,1,13,11,2,47,44,3,269,257,12
S01009148,549,530,19,347,332,15,300,287,13,102,100,2,198,187,11,13,12,1,1,1,0,12,11,1,34,33,1,202,198,4
S01009149,682,637,45,439,408,31,365,339,26,93,88,5,272,251,21,49,46,3,17,16,1,32,30,2,25,23,2,243,229,14
S01009150,745,731,14,102,100,2,82,80,2,28,27,1,54,53,1,13,13,0,2,2,0,11,11,0,7,7,0,643,631,12
S01009151,766,736,30,372,356,16,302,288,14,68,66,2,234,222,12,42,40,2,12,11,1,30,29,1,28,28,0,394,380,14
S01009152,625,573,52,325,289,36,270,243,27,43,38,5,227,205,22,26,20,6,4,3,1,22,17,5,29,26,3,300,284,16
S01009153,420,366,54,298,253,45,232,201,31,48,39,9,184,162,22,46,33,13,11,9,2,35,24,11,20,19,1,122,113,9
S01009154,852,802,50,480,446,34,384,359,25,97,89,8,287,270,17,77,69,8,16,16,0,61,53,8,19,18,1,372,356,16
S01009155,450,429,21,278,265,13,234,224,10,60,59,1,174,165,9,26,26,0,6,6,0,20,20,0,18,15,3,172,164,8
S01009156,461,445,16,276,264,12,226,218,8,66,65,1,160,153,7,34,33,1,9,8,1,25,25,0,16,13,3,185,181,4
S01009157,684,660,24,431,414,17,366,353,13,103,99,4,263,254,9,36,33,3,13,13,0,23,20,3,29,28,1,253,246,7
S01009158,465,454,11,287,281,6,249,243,6,61,59,2,188,184,4,16,16,0,9,9,0,7,7,0,22,22,0,178,173,5
S01009159,399,385,14,230,224,6,179,174,5,62,58,4,117,116,1,16,15,1,1,1,0,15,14,1,35,35,0,169,161,8
S01009160,583,548,35,344,313,31,279,254,25,77,65,12,202,189,13,24,22,2,5,4,1,19,18,1,41,37,4,239,235,4
S01009161,543,510,33,306,283,23,235,218,17,81,75,6,154,143,11,13,8,5,3,2,1,10,6,4,58,57,1,237,227,10
S01009162,643,603,40,376,344,32,321,295,26,67,62,5,254,233,21,15,12,3,5,5,0,10,7,3,40,37,3,267,259,8
S01009163,440,418,22,258,243,15,208,195,13,54,51,3,154,144,10,18,16,2,5,5,0,13,11,2,32,32,0,182,175,7
S01009164,598,581,17,392,383,9,327,320,7,85,84,1,242,236,6,19,19,0,3,3,0,16,16,0,46,44,2,206,198,8
S01009165,591,554,37,364,339,25,285,265,20,78,69,9,207,196,11,15,13,2,5,5,0,10,8,2,64,61,3,227,215,12
S01009166,673,650,23,406,389,17,325,310,15,112,108,4,213,202,11,16,15,1,4,4,0,12,11,1,65,64,1,267,261,6
S01009167,410,392,18,273,257,16,217,205,12,63,60,3,154,145,9,22,19,3,8,8,0,14,11,3,34,33,1,137,135,2
S01009168,562,552,10,333,325,8,291,285,6,81,80,1,210,205,5,28,26,2,13,12,1,15,14,1,14,14,0,229,227,2
S01009169,689,669,20,278,267,11,234,224,10,78,75,3,156,149,7,22,21,1,3,3,0,19,18,1,22,22,0,411,402,9
S01009170,529,518,11,362,356,6,289,284,5,90,90,0,199,194,5,34,33,1,11,10,1,23,23,0,39,39,0,167,162,5
S01009171,529,506,23,387,369,18,306,291,15,81,79,2,225,212,13,29,26,3,9,8,1,20,18,2,52,52,0,142,137,5
S01009172,556,532,24,364,343,21,293,278,15,61,61,0,232,217,15,55,52,3,20,20,0,35,32,3,16,13,3,192,189,3
S01009173,626,601,25,438,422,16,386,374,12,98,96,2,288,278,10,44,40,4,11,10,1,33,30,3,8,8,0,188,179,9
S01009174,346,329,17,305,297,8,252,245,7,62,57,5,190,188,2,39,39,0,5,5,0,34,34,0,14,13,1,41,32,9
S01009175,637,615,22,531,515,16,469,456,13,120,118,2,349,338,11,46,44,2,8,8,0,38,36,2,16,15,1,106,100,6
S01009176,801,771,30,499,476,23,410,391,19,117,112,5,293,279,14,70,66,4,13,11,2,57,55,2,19,19,0,302,295,7
S01009177,648,609,39,449,423,26,343,329,14,98,94,4,245,235,10,44,38,6,9,7,2,35,31,4,62,56,6,199,186,13
S01009178,568,542,26,390,370,20,305,287,18,97,89,8,208,198,10,26,24,2,8,8,0,18,16,2,59,59,0,178,172,6
S01009179,539,517,22,374,358,16,306,292,14,89,84,5,217,208,9,20,20,0,2,2,0,18,18,0,48,46,2,165,159,6
S01009180,805,790,15,512,501,11,430,420,10,147,142,5,283,278,5,39,38,1,16,15,1,23,23,0,43,43,0,293,289,4
S01009181,691,670,21,452,437,15,360,347,13,116,111,5,244,236,8,49,49,0,15,15,0,34,34,0,43,41,2,239,233,6
S01009182,808,784,24,581,567,14,472,463,9,95,93,2,377,370,7,66,65,1,12,12,0,54,53,1,43,39,4,227,217,10
S01009183,598,576,22,480,463,17,424,411,13,103,100,3,321,311,10,35,32,3,8,7,1,27,25,2,21,20,1,118,113,5
S01009184,693,671,22,420,401,19,286,272,14,86,81,5,200,191,9,74,71,3,18,17,1,56,54,2,60,58,2,273,270,3
S01009185,696,671,25,447,433,14,336,328,8,94,94,0,242,234,8,64,60,4,19,18,1,45,42,3,47,45,2,249,238,11
S01009186,656,623,33,434,412,22,338,320,18,73,67,6,265,253,12,51,48,3,14,12,2,37,36,1,45,44,1,222,211,11
S01009187,418,395,23,264,248,16,191,179,12,48,45,3,143,134,9,62,60,2,10,9,1,52,51,1,11,9,2,154,147,7
S01009188,713,689,24,469,456,13,363,355,8,104,103,1,259,252,7,71,68,3,14,13,1,57,55,2,35,33,2,244,233,11
S01009189,610,591,19,381,365,16,304,292,12,83,80,3,221,212,9,27,25,2,7,7,0,20,18,2,50,48,2,229,226,3
S01009190,639,614,25,492,468,24,406,384,22,107,98,9,299,286,13,72,70,2,20,20,0,52,50,2,14,14,0,147,146,1
S01009191,499,478,21,428,411,17,372,360,12,89,88,1,283,272,11,43,40,3,14,12,2,29,28,1,13,11,2,71,67,4
S01009192,994,976,18,392,384,8,316,310,6,100,98,2,216,212,4,42,41,1,12,12,0,30,29,1,34,33,1,602,592,10
S01009193,240,230,10,208,200,8,189,181,8,37,34,3,152,147,5,11,11,0,4,4,0,7,7,0,8,8,0,32,30,2
S01009194,673,657,16,440,430,10,372,366,6,97,95,2,275,271,4,53,49,4,17,16,1,36,33,3,15,15,0,233,227,6
S01009195,679,643,36,514,487,27,450,427,23,93,90,3,357,337,20,48,44,4,16,15,1,32,29,3,16,16,0,165,156,9
S01009196,584,562,22,361,349,12,288,278,10,77,74,3,211,204,7,43,41,2,15,14,1,28,27,1,30,30,0,223,213,10
S01009197,794,762,32,575,547,28,489,465,24,127,117,10,362,348,14,58,54,4,14,14,0,44,40,4,28,28,0,219,215,4
S01009198,612,602,10,411,403,8,340,334,6,102,101,1,238,233,5,49,49,0,10,10,0,39,39,0,22,20,2,201,199,2
S01009199,486,471,15,345,333,12,292,283,9,76,71,5,216,212,4,37,37,0,5,5,0,32,32,0,16,13,3,141,138,3
S01009200,892,848,44,579,545,34,508,477,31,142,135,7,366,342,24,44,43,1,8,8,0,36,35,1,27,25,2,313,303,10
S01009201,513,468,45,366,336,30,292,273,19,87,77,10,205,196,9,32,26,6,11,7,4,21,19,2,42,37,5,147,132,15
S01009202,402,380,22,299,284,15,251,244,7,49,47,2,202,197,5,34,28,6,10,9,1,24,19,5,14,12,2,103,96,7
S01009203,485,471,14,256,246,10,197,188,9,63,59,4,134,129,5,28,27,1,7,7,0,21,20,1,31,31,0,229,225,4
S01009204,685,653,32,484,463,21,391,377,14,108,106,2,283,271,12,44,40,4,15,14,1,29,26,3,49,46,3,201,190,11
S01009205,610,595,15,474,464,10,411,404,7,99,96,3,312,308,4,42,40,2,16,16,0,26,24,2,21,20,1,136,131,5
S01009206,689,676,13,518,509,9,460,451,9,101,101,0,359,350,9,32,32,0,10,10,0,22,22,0,26,26,0,171,167,4
S01009207,686,667,19,410,396,14,363,351,12,85,83,2,278,268,10,27,25,2,12,12,0,15,13,2,20,20,0,276,271,5
S01009208,540,528,12,298,292,6,262,257,5,72,72,0,190,185,5,21,21,0,6,6,0,15,15,0,15,14,1,242,236,6
S01009209,593,577,16,305,294,11,260,250,10,65,61,4,195,189,6,30,29,1,9,8,1,21,21,0,15,15,0,288,283,5
S01009210,472,456,16,315,301,14,255,242,13,80,73,7,175,169,6,46,45,1,15,15,0,31,30,1,14,14,0,157,155,2
S01009211,502,489,13,338,329,9,282,275,7,63,61,2,219,214,5,30,30,0,4,4,0,26,26,0,26,24,2,164,160,4
S01009212,683,660,23,389,376,13,329,318,11,99,97,2,230,221,9,30,30,0,5,5,0,25,25,0,30,28,2,294,284,10
S01009213,746,726,20,451,432,19,375,359,16,115,109,6,260,250,10,36,36,0,10,10,0,26,26,0,40,37,3,295,294,1
S01009214,825,800,25,553,536,17,478,463,15,129,125,4,349,338,11,42,41,1,12,11,1,30,30,0,33,32,1,272,264,8
S01009215,761,736,25,477,461,16,393,379,14,117,111,6,276,268,8,39,37,2,11,10,1,28,27,1,45,45,0,284,275,9
S01009216,755,733,22,485,475,10,411,406,5,114,112,2,297,294,3,38,35,3,8,7,1,30,28,2,36,34,2,270,258,12
S01009217,488,472,16,301,289,12,228,218,10,62,61,1,166,157,9,25,25,0,7,7,0,18,18,0,48,46,2,187,183,4
S01009218,717,705,12,405,396,9,339,335,4,99,97,2,240,238,2,36,32,4,13,11,2,23,21,2,30,29,1,312,309,3
S01009219,548,532,16,329,322,7,267,262,5,82,80,2,185,182,3,21,21,0,6,6,0,15,15,0,41,39,2,219,210,9
S01009220,446,426,20,252,239,13,206,196,10,67,64,3,139,132,7,16,13,3,4,3,1,12,10,2,30,30,0,194,187,7
S01009221,460,450,10,288,281,7,243,238,5,63,62,1,180,176,4,16,15,1,2,2,0,14,13,1,29,28,1,172,169,3
S01009222,414,398,16,264,252,12,218,211,7,82,82,0,136,129,7,18,14,4,6,4,2,12,10,2,28,27,1,150,146,4
S01009223,463,445,18,278,267,11,244,238,6,72,71,1,172,167,5,17,14,3,1,1,0,16,13,3,17,15,2,185,178,7
S01009224,519,506,13,324,318,6,265,259,6,84,84,0,181,175,6,19,19,0,5,5,0,14,14,0,40,40,0,195,188,7
S01009225,458,443,15,278,266,12,244,232,12,71,68,3,173,164,9,15,15,0,4,4,0,11,11,0,19,19,0,180,177,3
S01009226,796,777,19,447,435,12,381,370,11,97,97,0,284,273,11,22,22,0,4,4,0,18,18,0,44,43,1,349,342,7
S01009227,529,516,13,280,272,8,242,234,8,57,57,0,185,177,8,18,18,0,5,5,0,13,13,0,20,20,0,249,244,5
S01009228,499,491,8,286,280,6,218,213,5,62,61,1,156,152,4,21,20,1,5,5,0,16,15,1,47,47,0,213,211,2
S01009229,486,468,18,299,290,9,246,241,5,55,55,0,191,186,5,30,27,3,11,9,2,19,18,1,23,22,1,187,178,9
S01009230,491,473,18,365,349,16,322,306,16,52,49,3,270,257,13,28,28,0,4,4,0,24,24,0,15,15,0,126,124,2
S01009231,810,792,18,535,523,12,439,431,8,106,105,1,333,326,7,55,52,3,22,21,1,33,31,2,41,40,1,275,269,6
S01009232,466,447,19,289,278,11,218,208,10,56,56,0,162,152,10,4,4,0,3,3,0,1,1,0,67,66,1,177,169,8
S01009233,488,479,9,267,261,6,215,209,6,58,57,1,157,152,5,17,17,0,5,5,0,12,12,0,35,35,0,221,218,3
S01009234,781,701,80,491,426,65,377,324,53,120,105,15,257,219,38,19,13,6,7,6,1,12,7,5,95,89,6,290,275,15
S01009235,759,712,47,509,475,34,399,373,26,83,79,4,316,294,22,25,22,3,12,11,1,13,11,2,85,80,5,250,237,13
S01009236,419,409,10,230,225,5,197,193,4,59,58,1,138,135,3,18,17,1,7,6,1,11,11,0,15,15,0,189,184,5
S01009237,750,726,24,463,446,17,395,383,12,94,90,4,301,293,8,46,42,4,11,9,2,35,33,2,22,21,1,287,280,7
S01009238,630,618,12,354,344,10,301,294,7,99,95,4,202,199,3,8,8,0,1,1,0,7,7,0,45,42,3,276,274,2
S01009239,702,668,34,475,448,27,423,398,25,117,108,9,306,290,16,19,18,1,6,6,0,13,12,1,33,32,1,227,220,7
S01009240,541,529,12,350,341,9,241,235,6,83,79,4,158,156,2,14,12,2,5,5,0,9,7,2,95,94,1,191,188,3
S01009241,721,693,28,434,419,15,332,322,10,105,103,2,227,219,8,24,21,3,9,9,0,15,12,3,78,76,2,287,274,13
S01009242,633,622,11,407,400,7,340,335,5,109,107,2,231,228,3,29,27,2,11,11,0,18,16,2,38,38,0,226,222,4
S01009243,770,729,41,541,508,33,461,437,24,118,110,8,343,327,16,42,37,5,9,7,2,33,30,3,38,34,4,229,221,8
S01009244,694,677,17,434,420,14,378,364,14,90,87,3,288,277,11,43,43,0,10,10,0,33,33,0,13,13,0,260,257,3
S01009245,711,689,22,467,451,16,398,384,14,107,106,1,291,278,13,37,36,1,8,8,0,29,28,1,32,31,1,244,238,6
S01009246,687,651,36,422,388,34,353,325,28,91,82,9,262,243,19,32,29,3,5,4,1,27,25,2,37,34,3,265,263,2
S01009247,822,803,19,570,554,16,495,480,15,146,145,1,349,335,14,24,24,0,8,8,0,16,16,0,51,50,1,252,249,3
S01009248,589,577,12,355,346,9,300,292,8,101,100,1,199,192,7,36,35,1,11,11,0,25,24,1,19,19,0,234,231,3
S01009249,655,618,37,415,385,30,333,311,22,91,87,4,242,224,18,46,40,6,14,11,3,32,29,3,36,34,2,240,233,7
S01009250,523,508,15,327,315,12,278,269,9,78,76,2,200,193,7,28,25,3,7,5,2,21,20,1,21,21,0,196,193,3
S01009251,462,448,14,294,283,11,238,228,10,60,58,2,178,170,8,26,25,1,10,10,0,16,15,1,30,30,0,168,165,3
S01009252,359,352,7,293,287,6,259,254,5,77,75,2,182,179,3,24,23,1,9,9,0,15,14,1,10,10,0,66,65,1
S01009253,399,392,7,188,184,4,154,150,4,56,55,1,98,95,3,17,17,0,6,6,0,11,11,0,17,17,0,211,208,3
S01009254,656,618,38,373,344,29,296,272,24,83,76,7,213,196,17,20,16,4,6,6,0,14,10,4,57,56,1,283,274,9
S01009255,549,464,85,406,328,78,334,264,70,64,61,3,270,203,67,26,20,6,3,2,1,23,18,5,46,44,2,143,136,7
S01009256,412,398,14,230,222,8,201,193,8,36,35,1,165,158,7,18,18,0,4,4,0,14,14,0,11,11,0,182,176,6
S01009257,598,558,40,371,339,32,296,269,27,68,65,3,228,204,24,47,46,1,8,8,0,39,38,1,28,24,4,227,219,8
S01009258,540,516,24,344,325,19,256,242,14,60,58,2,196,184,12,69,64,5,15,12,3,54,52,2,19,19,0,196,191,5
S01009259,763,735,28,524,501,23,443,424,19,129,125,4,314,299,15,61,57,4,17,14,3,44,43,1,20,20,0,239,234,5
S01009260,965,887,78,690,620,70,588,522,66,143,135,8,445,387,58,58,55,3,16,16,0,42,39,3,44,43,1,275,267,8
S01009261,626,565,61,349,296,53,288,243,45,73,62,11,215,181,34,29,23,6,8,6,2,21,17,4,32,30,2,277,269,8
S01009262,459,429,30,262,235,27,218,192,26,71,62,9,147,130,17,14,13,1,6,5,1,8,8,0,30,30,0,197,194,3
S01009263,649,594,55,534,486,48,460,423,37,95,90,5,365,333,32,53,45,8,15,11,4,38,34,4,21,18,3,115,108,7
S01009264,465,439,26,277,260,17,224,214,10,56,52,4,168,162,6,40,34,6,16,14,2,24,20,4,13,12,1,188,179,9
S01009265,671,650,21,427,411,16,353,339,14,102,98,4,251,241,10,25,24,1,10,9,1,15,15,0,49,48,1,244,239,5
S01009266,710,685,25,405,394,11,331,323,8,99,98,1,232,225,7,33,32,1,8,7,1,25,25,0,41,39,2,305,291,14
S01009267,715,682,33,426,400,26,353,328,25,86,82,4,267,246,21,37,36,1,14,14,0,23,22,1,36,36,0,289,282,7
S01009268,774,748,26,505,484,21,418,401,17,108,104,4,310,297,13,46,43,3,10,9,1,36,34,2,41,40,1,269,264,5
S01009269,671,664,7,433,427,6,337,332,5,105,102,3,232,230,2,18,18,0,10,10,0,8,8,0,78,77,1,238,237,1
S01009270,501,490,11,280,273,7,213,208,5,58,58,0,155,150,5,28,28,0,10,10,0,18,18,0,39,37,2,221,217,4
S01009271,744,710,34,532,509,23,443,425,18,100,94,6,343,331,12,50,48,2,9,8,1,41,40,1,39,36,3,212,201,11
S01009272,552,529,23,375,359,16,293,280,13,105,98,7,188,182,6,25,23,2,11,10,1,14,13,1,57,56,1,177,170,7
S01009273,416,406,10,252,245,7,202,197,5,56,54,2,146,143,3,31,30,1,12,11,1,19,19,0,19,18,1,164,161,3
S01009274,514,494,20,303,289,14,246,238,8,62,56,6,184,182,2,31,28,3,6,5,1,25,23,2,26,23,3,211,205,6
S01009275,563,541,22,326,310,16,239,225,14,51,50,1,188,175,13,68,66,2,17,17,0,51,49,2,19,19,0,237,231,6
S01009276,756,734,22,443,431,12,362,352,10,108,105,3,254,247,7,54,52,2,14,14,0,40,38,2,27,27,0,313,303,10
S01009277,445,431,14,300,290,10,215,209,6,67,66,1,148,143,5,76,74,2,17,16,1,59,58,1,9,7,2,145,141,4
S01009278,437,418,19,314,298,16,274,259,15,68,66,2,206,193,13,29,28,1,10,10,0,19,18,1,11,11,0,123,120,3
S01009279,500,479,21,313,296,17,241,226,15,71,68,3,170,158,12,55,53,2,16,15,1,39,38,1,17,17,0,187,183,4
S01009280,698,685,13,360,355,5,278,273,5,84,83,1,194,190,4,13,13,0,3,3,0,10,10,0,69,69,0,338,330,8
S01009281,668,656,12,338,329,9,272,264,8,85,83,2,187,181,6,16,16,0,6,6,0,10,10,0,50,49,1,330,327,3
S01009282,625,583,42,378,348,30,291,269,22,73,69,4,218,200,18,64,59,5,18,17,1,46,42,4,23,20,3,247,235,12
S01009283,356,336,20,281,263,18,227,214,13,57,54,3,170,160,10,35,30,5,9,9,0,26,21,5,19,19,0,75,73,2
S01009284,650,625,25,474,454,20,408,393,15,118,112,6,290,281,9,49,44,5,8,8,0,41,36,5,17,17,0,176,171,5
S01009285,705,666,39,512,483,29,434,412,22,153,147,6,281,265,16,46,42,4,17,17,0,29,25,4,32,29,3,193,183,10
S01009286,653,630,23,411,391,20,345,329,16,90,87,3,255,242,13,45,43,2,12,10,2,33,33,0,21,19,2,242,239,3
S01009287,627,597,30,340,320,20,256,242,14,68,65,3,188,177,11,70,67,3,33,31,2,37,36,1,14,11,3,287,277,10
S01009288,700,669,31,381,362,19,289,273,16,80,76,4,209,197,12,70,68,2,31,29,2,39,39,0,22,21,1,319,307,12
S01009289,762,733,29,450,434,16,364,354,10,85,83,2,279,271,8,65,59,6,12,11,1,53,48,5,21,21,0,312,299,13
S01009290,538,520,18,295,280,15,244,229,15,76,71,5,168,158,10,40,40,0,15,15,0,25,25,0,11,11,0,243,240,3
S01009291,810,792,18,548,533,15,463,451,12,138,135,3,325,316,9,61,60,1,19,19,0,42,41,1,24,22,2,262,259,3
S01009292,425,412,13,271,264,7,223,217,6,75,75,0,148,142,6,15,15,0,0,0,0,15,15,0,33,32,1,154,148,6
S01009293,574,550,24,403,386,17,345,334,11,102,98,4,243,236,7,46,41,5,16,14,2,30,27,3,12,11,1,171,164,7
S01009294,401,386,15,273,261,12,220,211,9,59,58,1,161,153,8,38,37,1,10,10,0,28,27,1,15,13,2,128,125,3
S01009295,530,506,24,374,353,21,322,305,17,81,75,6,241,230,11,37,33,4,11,11,0,26,22,4,15,15,0,156,153,3
S01009296,426,416,10,319,310,9,266,262,4,71,71,0,195,191,4,39,34,5,11,10,1,28,24,4,14,14,0,107,106,1
S01009297,675,650,25,508,489,19,436,419,17,115,112,3,321,307,14,53,51,2,15,15,0,38,36,2,19,19,0,167,161,6
S01009298,845,797,48,496,465,31,402,374,28,119,113,6,283,261,22,41,38,3,8,7,1,33,31,2,53,53,0,349,332,17
S01009299,811,760,51,549,505,44,445,409,36,112,101,11,333,308,25,67,59,8,17,14,3,50,45,5,37,37,0,262,255,7
S01009300,444,410,34,310,286,24,255,237,18,46,43,3,209,194,15,26,24,2,7,7,0,19,17,2,29,25,4,134,124,10
S01009301,834,792,42,525,495,30,383,361,22,84,81,3,299,280,19,45,42,3,12,9,3,33,33,0,97,92,5,309,297,12
S01009302,690,636,54,451,414,37,354,321,33,104,97,7,250,224,26,16,15,1,10,10,0,6,5,1,81,78,3,239,222,17
S01009303,666,613,53,391,356,35,332,305,27,94,85,9,238,220,18,31,26,5,7,7,0,24,19,5,28,25,3,275,257,18
S01009304,770,754,16,507,496,11,424,415,9,122,118,4,302,297,5,48,46,2,14,14,0,34,32,2,35,35,0,263,258,5
S01009305,652,621,31,415,390,25,348,329,19,88,82,6,260,247,13,20,18,2,7,7,0,13,11,2,47,43,4,237,231,6
S01009306,897,834,63,639,589,50,520,483,37,122,113,9,398,370,28,51,44,7,19,18,1,32,26,6,68,62,6,258,245,13
S01009307,900,811,89,613,546,67,487,437,50,96,83,13,391,354,37,62,50,12,23,17,6,39,33,6,64,59,5,287,265,22
S01009308,436,371,65,309,260,49,244,205,39,47,41,6,197,164,33,39,33,6,13,11,2,26,22,4,26,22,4,127,111,16
S01009309,625,579,46,469,429,40,385,356,29,68,61,7,317,295,22,54,48,6,15,13,2,39,35,4,30,25,5,156,150,6
S01009310,804,755,49,493,460,33,405,378,27,96,90,6,309,288,21,61,58,3,22,21,1,39,37,2,27,24,3,311,295,16
S01009311,570,545,25,339,328,11,273,263,10,90,88,2,183,175,8,21,20,1,5,4,1,16,16,0,45,45,0,231,217,14
S01009312,578,511,67,430,377,53,369,320,49,69,57,12,300,263,37,28,28,0,7,7,0,21,21,0,33,29,4,148,134,14
S01009313,460,432,28,267,246,21,221,205,16,64,60,4,157,145,12,27,27,0,11,11,0,16,16,0,19,14,5,193,186,7
S01009314,541,515,26,354,334,20,302,287,15,87,82,5,215,205,10,31,27,4,5,5,0,26,22,4,21,20,1,187,181,6
S01009315,542,513,29,317,299,18,260,246,14,76,75,1,184,171,13,29,26,3,8,8,0,21,18,3,28,27,1,225,214,11
S01009316,621,590,31,428,402,26,354,333,21,92,89,3,262,244,18,51,47,4,16,14,2,35,33,2,23,22,1,193,188,5
S01009317,710,672,38,465,436,29,396,374,22,104,96,8,292,278,14,46,42,4,13,13,0,33,29,4,23,20,3,245,236,9
S01009318,500,480,20,356,340,16,309,297,12,93,90,3,216,207,9,33,31,2,7,5,2,26,26,0,14,12,2,144,140,4
S01009319,776,743,33,407,388,19,354,336,18,103,97,6,251,239,12,37,36,1,6,6,0,31,30,1,16,16,0,369,355,14
S01009320,599,566,33,329,312,17,289,274,15,77,73,4,212,201,11,29,28,1,10,10,0,19,18,1,11,10,1,270,254,16
S01009321,566,536,30,327,309,18,296,280,16,84,79,5,212,201,11,21,20,1,7,7,0,14,13,1,10,9,1,239,227,12
S01009322,673,654,19,403,394,9,348,341,7,81,79,2,267,262,5,37,35,2,9,9,0,28,26,2,18,18,0,270,260,10
S01009323,557,546,11,319,315,4,261,258,3,65,64,1,196,194,2,36,35,1,10,10,0,26,25,1,22,22,0,238,231,7
S01009324,448,427,21,296,275,21,246,227,19,66,62,4,180,165,15,26,24,2,9,9,0,17,15,2,24,24,0,152,152,0
S01009325,618,593,25,438,419,19,378,362,16,100,95,5,278,267,11,42,40,2,15,14,1,27,26,1,18,17,1,180,174,6
S01009326,448,431,17,333,319,14,292,280,12,89,85,4,203,195,8,18,16,2,8,7,1,10,9,1,23,23,0,115,112,3
S01009327,486,472,14,259,251,8,219,212,7,67,65,2,152,147,5,21,21,0,2,2,0,19,19,0,19,18,1,227,221,6
S01009328,478,438,40,434,405,29,395,367,28,73,70,3,322,297,25,27,26,1,7,7,0,20,19,1,12,12,0,44,33,11
S01009329,337,313,24,296,277,19,268,253,15,48,44,4,220,209,11,16,14,2,7,5,2,9,9,0,12,10,2,41,36,5
S01009330,353,321,32,270,248,22,231,211,20,61,58,3,170,153,17,21,19,2,6,5,1,15,14,1,18,18,0,83,73,10
S01009331,399,379,20,335,321,14,290,280,10,60,59,1,230,221,9,34,32,2,7,7,0,27,25,2,11,9,2,64,58,6
S01009332,750,716,34,475,452,23,411,391,20,111,105,6,300,286,14,42,40,2,13,12,1,29,28,1,22,21,1,275,264,11
S01009333,589,557,32,398,373,25,332,314,18,94,88,6,238,226,12,31,27,4,12,8,4,19,19,0,35,32,3,191,184,7
S01009334,511,489,22,301,293,8,222,215,7,68,64,4,154,151,3,17,16,1,8,7,1,9,9,0,62,62,0,210,196,14
S01009335,634,604,30,394,373,21,326,309,17,105,101,4,221,208,13,23,19,4,5,4,1,18,15,3,45,45,0,240,231,9
S01009336,518,483,35,313,288,25,216,201,15,71,70,1,145,131,14,19,18,1,5,5,0,14,13,1,78,69,9,205,195,10
S01009337,564,540,24,339,327,12,274,263,11,103,100,3,171,163,8,18,18,0,6,6,0,12,12,0,47,46,1,225,213,12
S01009338,626,594,32,348,323,25,257,235,22,72,67,5,185,168,17,15,13,2,9,8,1,6,5,1,76,75,1,278,271,7
S01009339,638,599,39,403,371,32,293,266,27,88,78,10,205,188,17,26,24,2,11,10,1,15,14,1,84,81,3,235,228,7
S01009340,483,464,19,296,285,11,250,243,7,89,87,2,161,156,5,16,13,3,8,6,2,8,7,1,30,29,1,187,179,8
S01009341,495,474,21,307,292,15,234,221,13,72,70,2,162,151,11,25,24,1,7,7,0,18,17,1,48,47,1,188,182,6
S01009342,609,572,37,396,367,29,327,301,26,94,82,12,233,219,14,24,24,0,14,14,0,10,10,0,45,42,3,213,205,8
S01009343,453,435,18,322,307,15,283,269,14,87,82,5,196,187,9,15,14,1,4,4,0,11,10,1,24,24,0,131,128,3
S01009344,530,511,19,317,304,13,261,252,9,78,75,3,183,177,6,15,12,3,3,3,0,12,9,3,41,40,1,213,207,6
S01009345,742,713,29,521,499,22,449,429,20,149,142,7,300,287,13,28,27,1,7,7,0,21,20,1,44,43,1,221,214,7
S01009346,479,429,50,421,382,39,349,323,26,86,78,8,263,245,18,53,46,7,13,12,1,40,34,6,19,13,6,58,47,11
S01009347,462,431,31,383,358,25,324,304,20,90,88,2,234,216,18,46,43,3,6,6,0,40,37,3,13,11,2,79,73,6
S01009348,351,326,25,305,285,20,272,254,18,72,66,6,200,188,12,22,21,1,8,8,0,14,13,1,11,10,1,46,41,5
S01009349,564,514,50,481,440,41,412,380,32,91,85,6,321,295,26,49,42,7,18,17,1,31,25,6,20,18,2,83,74,9
S01009350,446,408,38,374,345,29,320,301,19,79,72,7,241,229,12,29,20,9,10,8,2,19,12,7,25,24,1,72,63,9
S01009351,391,344,47,345,305,40,308,276,32,57,49,8,251,227,24,25,19,6,13,10,3,12,9,3,12,10,2,46,39,7
S01009352,563,523,40,491,460,31,444,418,26,91,88,3,353,330,23,31,27,4,9,7,2,22,20,2,16,15,1,72,63,9
S01009353,295,274,21,247,232,15,211,201,10,36,33,3,175,168,7,25,21,4,6,4,2,19,17,2,11,10,1,48,42,6
S01009354,635,592,43,536,503,33,457,438,19,107,102,5,350,336,14,58,48,10,18,16,2,40,32,8,21,17,4,99,89,10
S01009355,734,704,30,479,460,19,426,410,16,131,126,5,295,284,11,38,35,3,15,14,1,23,21,2,15,15,0,255,244,11
S01009356,828,797,31,531,511,20,465,447,18,122,114,8,343,333,10,43,41,2,13,12,1,30,29,1,23,23,0,297,286,11
S01009357,363,326,37,295,269,26,252,231,21,59,57,2,193,174,19,33,29,4,12,11,1,21,18,3,10,9,1,68,57,11
S01009358,556,512,44,394,363,31,325,302,23,88,82,6,237,220,17,53,46,7,19,19,0,34,27,7,16,15,1,162,149,13
S01009359,577,528,49,462,426,36,391,364,27,91,89,2,300,275,25,46,41,5,12,12,0,34,29,5,25,21,4,115,102,13
S01009360,704,647,57,460,418,42,395,361,34,102,93,9,293,268,25,46,40,6,17,13,4,29,27,2,19,17,2,244,229,15
S01009361,651,629,22,420,405,15,364,352,12,100,96,4,264,256,8,32,30,2,9,8,1,23,22,1,24,23,1,231,224,7
S01009362,868,842,26,573,554,19,506,491,15,152,149,3,354,342,12,37,34,3,9,8,1,28,26,2,30,29,1,295,288,7
S01009363,686,660,26,445,425,20,378,364,14,111,103,8,267,261,6,21,19,2,5,5,0,16,14,2,46,42,4,241,235,6
S01009364,694,664,30,528,502,26,451,432,19,124,117,7,327,315,12,37,34,3,9,8,1,28,26,2,40,36,4,166,162,4
S01009365,479,464,15,311,300,11,268,260,8,66,64,2,202,196,6,19,17,2,7,6,1,12,11,1,24,23,1,168,164,4
S01009366,628,593,35,369,335,34,302,274,28,76,71,5,226,203,23,33,29,4,5,5,0,28,24,4,34,32,2,259,258,1
S01009367,513,482,31,330,308,22,284,264,20,74,69,5,210,195,15,22,20,2,8,7,1,14,13,1,24,24,0,183,174,9
S01009368,445,431,14,319,309,10,259,251,8,75,73,2,184,178,6,21,20,1,12,12,0,9,8,1,39,38,1,126,122,4
S01009369,485,460,25,324,304,20,276,259,17,85,77,8,191,182,9,24,23,1,7,7,0,17,16,1,24,22,2,161,156,5
S01009370,737,703,34,452,424,28,390,367,23,109,102,7,281,265,16,25,20,5,9,8,1,16,12,4,37,37,0,285,279,6
S01009371,438,423,15,277,270,7,253,247,6,74,72,2,179,175,4,10,10,0,3,3,0,7,7,0,14,13,1,161,153,8
S01009372,428,415,13,294,283,11,239,229,10,76,73,3,163,156,7,28,28,0,4,4,0,24,24,0,27,26,1,134,132,2
S01009373,645,624,21,413,399,14,340,328,12,85,84,1,255,244,11,20,19,1,6,6,0,14,13,1,53,52,1,232,225,7
S01009374,745,719,26,440,425,15,364,353,11,106,104,2,258,249,9,30,29,1,9,8,1,21,21,0,46,43,3,305,294,11
S01009375,631,616,15,404,389,15,335,321,14,98,93,5,237,228,9,21,21,0,9,9,0,12,12,0,48,47,1,227,227,0
S01009376,479,463,16,287,275,12,249,237,12,72,70,2,177,167,10,15,15,0,6,6,0,9,9,0,23,23,0,192,188,4
S01009377,1016,937,79,868,803,65,781,725,56,106,98,8,675,627,48,43,40,3,13,12,1,30,28,2,44,38,6,148,134,14
S01009378,741,712,29,555,534,21,459,443,16,130,127,3,329,316,13,45,41,4,12,10,2,33,31,2,51,50,1,186,178,8
S01009379,688,656,32,546,522,24,466,449,17,103,99,4,363,350,13,43,41,2,10,9,1,33,32,1,37,32,5,142,134,8
S01009380,471,434,37,340,315,25,297,274,23,69,65,4,228,209,19,18,17,1,6,6,0,12,11,1,25,24,1,131,119,12
S01009381,539,505,34,409,378,31,339,315,24,86,84,2,253,231,22,43,39,4,15,13,2,28,26,2,27,24,3,130,127,3
S01009382,678,656,22,407,397,10,335,326,9,92,91,1,243,235,8,32,32,0,11,11,0,21,21,0,40,39,1,271,259,12
S01009383,686,651,35,467,437,30,373,349,24,88,80,8,285,269,16,41,36,5,12,7,5,29,29,0,53,52,1,219,214,5
S01009384,466,426,40,305,273,32,223,206,17,61,55,6,162,151,11,66,56,10,18,16,2,48,40,8,16,11,5,161,153,8
S01009385,413,390,23,275,258,17,218,203,15,56,52,4,162,151,11,40,38,2,10,10,0,30,28,2,17,17,0,138,132,6
S01009386,535,518,17,328,317,11,276,266,10,86,84,2,190,182,8,22,22,0,4,4,0,18,18,0,30,29,1,207,201,6
S01009387,481,448,33,293,270,23,230,214,16,64,62,2,166,152,14,24,19,5,6,6,0,18,13,5,39,37,2,188,178,10
S01009388,683,626,57,436,391,45,319,283,36,94,85,9,225,198,27,30,25,5,11,9,2,19,16,3,87,83,4,247,235,12
S01009389,807,767,40,489,457,32,395,368,27,106,102,4,289,266,23,56,53,3,16,15,1,40,38,2,38,36,2,318,310,8
S01009390,558,512,46,451,412,39,394,356,38,100,91,9,294,265,29,35,34,1,8,8,0,27,26,1,22,22,0,107,100,7
S01009391,513,474,39,425,396,29,369,348,21,87,83,4,282,265,17,41,34,7,14,14,0,27,20,7,15,14,1,88,78,10
S01009392,379,341,38,308,279,29,265,242,23,79,73,6,186,169,17,38,33,5,11,11,0,27,22,5,5,4,1,71,62,9
S01009393,562,539,23,398,380,18,321,308,13,86,79,7,235,229,6,56,53,3,12,12,0,44,41,3,21,19,2,164,159,5
S01009394,792,723,69,497,449,48,426,388,38,93,88,5,333,300,33,47,40,7,11,11,0,36,29,7,24,21,3,295,274,21
S01009395,581,554,27,301,285,16,251,240,11,63,60,3,188,180,8,40,35,5,10,10,0,30,25,5,10,10,0,280,269,11
S01009396,613,574,39,346,322,24,265,249,16,68,64,4,197,185,12,65,57,8,23,18,5,42,39,3,16,16,0,267,252,15
S01009397,597,565,32,384,360,24,315,299,16,91,86,5,224,213,11,39,34,5,10,9,1,29,25,4,30,27,3,213,205,8
S01009398,561,533,28,399,379,20,335,319,16,88,84,4,247,235,12,37,33,4,12,10,2,25,23,2,27,27,0,162,154,8
S01009399,596,573,23,392,378,14,329,321,8,90,88,2,239,233,6,48,42,6,22,21,1,26,21,5,15,15,0,204,195,9
S01009400,427,405,22,277,260,17,231,218,13,73,69,4,158,149,9,22,19,3,4,3,1,18,16,2,24,23,1,150,145,5
S01009401,577,543,34,308,282,26,255,235,20,71,65,6,184,170,14,30,26,4,8,5,3,22,21,1,23,21,2,269,261,8
S01009402,781,739,42,455,433,22,354,339,15,102,99,3,252,240,12,67,62,5,34,30,4,33,32,1,34,32,2,326,306,20
S01009403,419,399,20,304,287,17,269,257,12,87,84,3,182,173,9,22,21,1,5,4,1,17,17,0,13,9,4,115,112,3
S01009404,445,414,31,271,244,27,205,185,20,48,43,5,157,142,15,29,23,6,9,7,2,20,16,4,37,36,1,174,170,4
S01009405,331,320,11,227,221,6,167,162,5,51,49,2,116,113,3,41,40,1,11,11,0,30,29,1,19,19,0,104,99,5
S01009406,822,793,29,488,467,21,408,389,19,93,90,3,315,299,16,41,39,2,6,6,0,35,33,2,39,39,0,334,326,8
S01009407,427,414,13,266,258,8,211,205,6,51,48,3,160,157,3,31,29,2,7,7,0,24,22,2,24,24,0,161,156,5
S01009408,599,579,20,441,427,14,378,366,12,80,78,2,298,288,10,46,44,2,13,13,0,33,31,2,17,17,0,158,152,6
S01009409,557,543,14,325,314,11,267,258,9,88,84,4,179,174,5,23,22,1,9,9,0,14,13,1,35,34,1,232,229,3
S01009410,698,689,9,464,458,6,372,367,5,123,123,0,249,244,5,37,37,0,17,17,0,20,20,0,55,54,1,234,231,3
S01009411,693,680,13,433,426,7,349,343,6,101,99,2,248,244,4,32,31,1,10,10,0,22,21,1,52,52,0,260,254,6
S01009412,712,699,13,441,433,8,375,370,5,115,114,1,260,256,4,21,20,1,7,7,0,14,13,1,45,43,2,271,266,5
S01009413,848,821,27,548,535,13,444,434,10,130,126,4,314,308,6,46,43,3,9,9,0,37,34,3,58,58,0,300,286,14
S01009414,559,550,9,325,317,8,273,266,7,84,81,3,189,185,4,26,25,1,7,7,0,19,18,1,26,26,0,234,233,1
S01009415,686,657,29,398,375,23,294,279,15,78,73,5,216,206,10,42,38,4,4,4,0,38,34,4,62,58,4,288,282,6
S01009416,440,427,13,308,298,10,267,263,4,82,82,0,185,181,4,31,25,6,5,5,0,26,20,6,10,10,0,132,129,3
S01009417,229,219,10,188,180,8,147,142,5,34,34,0,113,108,5,33,30,3,4,4,0,29,26,3,8,8,0,41,39,2
S01009418,935,901,34,557,527,30,467,442,25,122,118,4,345,324,21,42,39,3,9,8,1,33,31,2,48,46,2,378,374,4
S01009419,458,446,12,277,269,8,226,221,5,64,64,0,162,157,5,15,13,2,5,4,1,10,9,1,36,35,1,181,177,4
S01009420,477,467,10,273,268,5,216,211,5,71,71,0,145,140,5,14,14,0,6,6,0,8,8,0,43,43,0,204,199,5
S01009421,553,537,16,333,326,7,259,253,6,84,82,2,175,171,4,18,17,1,9,9,0,9,8,1,56,56,0,220,211,9
S01009422,675,658,17,407,396,11,345,335,10,106,103,3,239,232,7,23,23,0,7,7,0,16,16,0,39,38,1,268,262,6
S01009423,703,657,46,576,543,33,493,464,29,109,102,7,384,362,22,52,50,2,20,20,0,32,30,2,31,29,2,127,114,13
S01009424,511,495,16,295,283,12,252,241,11,58,57,1,194,184,10,28,28,0,7,7,0,21,21,0,15,14,1,216,212,4
S01009425,649,623,26,373,356,17,303,290,13,59,56,3,244,234,10,29,27,2,9,8,1,20,19,1,41,39,2,276,267,9
S01009426,655,631,24,358,339,19,291,276,15,88,83,5,203,193,10,22,18,4,3,3,0,19,15,4,45,45,0,297,292,5
S01009427,504,491,13,272,265,7,211,207,4,71,69,2,140,138,2,19,19,0,3,3,0,16,16,0,42,39,3,232,226,6
S01009428,522,506,16,270,261,9,209,200,9,61,61,0,148,139,9,24,24,0,8,8,0,16,16,0,37,37,0,252,245,7
S01009429,590,579,11,310,306,4,267,264,3,72,72,0,195,192,3,8,8,0,1,1,0,7,7,0,35,34,1,280,273,7
S01009430,604,591,13,347,342,5,274,270,4,98,95,3,176,175,1,25,25,0,4,4,0,21,21,0,48,47,1,257,249,8
S01009431,553,539,14,311,302,9,250,243,7,69,65,4,181,178,3,28,26,2,3,3,0,25,23,2,33,33,0,242,237,5
S01009432,626,616,10,368,365,3,291,289,2,102,101,1,189,188,1,16,16,0,5,5,0,11,11,0,61,60,1,258,251,7
S01009433,632,618,14,361,353,8,275,269,6,89,87,2,186,182,4,18,18,0,5,5,0,13,13,0,68,66,2,271,265,6
S01009434,444,434,10,243,236,7,190,184,6,62,62,0,128,122,6,18,18,0,6,6,0,12,12,0,35,34,1,201,198,3
S01009435,585,576,9,341,336,5,235,231,4,76,73,3,159,158,1,26,26,0,8,8,0,18,18,0,80,79,1,244,240,4
S01009436,542,527,15,343,331,12,282,274,8,69,67,2,213,207,6,21,18,3,8,6,2,13,12,1,40,39,1,199,196,3
S01009437,568,557,11,341,332,9,272,265,7,67,65,2,205,200,5,35,33,2,5,5,0,30,28,2,34,34,0,227,225,2
S01009438,721,693,28,386,368,18,303,286,17,79,78,1,224,208,16,36,36,0,12,12,0,24,24,0,47,46,1,335,325,10
S01009439,734,713,21,418,409,9,336,327,9,91,86,5,245,241,4,21,21,0,8,8,0,13,13,0,61,61,0,316,304,12
S01009440,566,551,15,299,291,8,233,228,5,79,77,2,154,151,3,22,20,2,5,5,0,17,15,2,44,43,1,267,260,7
S01009441,634,619,15,399,388,11,320,311,9,111,108,3,209,203,6,23,23,0,5,5,0,18,18,0,56,54,2,235,231,4
S01009442,433,422,11,309,301,8,233,228,5,50,49,1,183,179,4,59,56,3,16,15,1,43,41,2,17,17,0,124,121,3
S01009443,568,546,22,354,339,15,285,272,13,89,85,4,196,187,9,49,48,1,7,7,0,42,41,1,20,19,1,214,207,7
S01009444,672,641,31,477,460,17,415,400,15,117,112,5,298,288,10,40,38,2,16,15,1,24,23,1,22,22,0,195,181,14
S01009445,642,626,16,396,383,13,326,316,10,92,91,1,234,225,9,28,27,1,10,10,0,18,17,1,42,40,2,246,243,3
S01009446,751,722,29,394,380,14,305,294,11,90,85,5,215,209,6,22,21,1,6,6,0,16,15,1,67,65,2,357,342,15
S01009447,421,410,11,261,251,10,206,199,7,56,53,3,150,146,4,21,20,1,8,8,0,13,12,1,34,32,2,160,159,1
S01009448,668,653,15,454,445,9,392,386,6,107,106,1,285,280,5,34,33,1,10,9,1,24,24,0,28,26,2,214,208,6
S01009449,426,422,4,231,229,2,198,197,1,60,60,0,138,137,1,21,21,0,4,4,0,17,17,0,12,11,1,195,193,2
S01009450,479,468,11,283,274,9,221,213,8,70,69,1,151,144,7,16,16,0,2,2,0,14,14,0,46,45,1,196,194,2
S01009451,775,752,23,467,450,17,350,339,11,106,105,1,244,234,10,36,34,2,7,6,1,29,28,1,81,77,4,308,302,6
S01009452,429,421,8,238,234,4,192,190,2,49,49,0,143,141,2,12,12,0,1,1,0,11,11,0,34,32,2,191,187,4
S01009453,877,849,28,496,482,14,413,400,13,114,112,2,299,288,11,25,25,0,5,5,0,20,20,0,58,57,1,381,367,14
S01009454,716,674,42,448,421,27,355,332,23,101,95,6,254,237,17,67,64,3,25,24,1,42,40,2,26,25,1,268,253,15
S01009455,717,678,39,420,394,26,311,293,18,80,79,1,231,214,17,93,86,7,31,28,3,62,58,4,16,15,1,297,284,13
S01009456,581,563,18,342,331,11,259,250,9,52,50,2,207,200,7,48,46,2,11,11,0,37,35,2,35,35,0,239,232,7
S01009457,522,503,19,315,301,14,226,215,11,69,66,3,157,149,8,81,79,2,23,23,0,58,56,2,8,7,1,207,202,5
S01009458,568,545,23,322,310,12,258,248,10,63,62,1,195,186,9,36,35,1,11,10,1,25,25,0,28,27,1,246,235,11
S01009459,718,681,37,430,404,26,314,291,23,81,77,4,233,214,19,59,56,3,18,18,0,41,38,3,57,57,0,288,277,11
S01009460,650,633,17,416,400,16,305,293,12,104,97,7,201,196,5,19,17,2,3,2,1,16,15,1,92,90,2,234,233,1
S01009461,413,400,13,317,307,10,273,265,8,61,60,1,212,205,7,32,31,1,9,9,0,23,22,1,12,11,1,96,93,3
S01009462,555,533,22,328,312,16,268,253,15,77,73,4,191,180,11,38,38,0,16,16,0,22,22,0,22,21,1,227,221,6
S01009463,560,536,24,317,300,17,250,234,16,69,67,2,181,167,14,38,37,1,10,10,0,28,27,1,29,29,0,243,236,7
S01009464,691,656,35,457,432,25,380,360,20,111,108,3,269,252,17,50,46,4,13,12,1,37,34,3,27,26,1,234,224,10
S01009465,489,472,17,297,284,13,244,233,11,79,74,5,165,159,6,26,24,2,9,8,1,17,16,1,27,27,0,192,188,4
S01009466,493,465,28,292,271,21,228,214,14,57,55,2,171,159,12,46,40,6,13,13,0,33,27,6,18,17,1,201,194,7
S01009467,656,631,25,375,363,12,309,299,10,97,97,0,212,202,10,46,44,2,13,12,1,33,32,1,20,20,0,281,268,13
S01009468,638,611,27,363,341,22,302,284,18,97,89,8,205,195,10,30,27,3,11,11,0,19,16,3,31,30,1,275,270,5
S01009469,692,660,32,420,399,21,332,318,14,96,93,3,236,225,11,37,33,4,10,9,1,27,24,3,51,48,3,272,261,11
S01009470,399,391,8,229,222,7,186,180,6,55,53,2,131,127,4,29,28,1,13,12,1,16,16,0,14,14,0,170,169,1
S01009471,595,531,64,267,225,42,200,166,34,47,40,7,153,126,27,23,19,4,6,4,2,17,15,2,44,40,4,328,306,22
S01009472,730,638,92,452,405,47,317,278,39,96,80,16,221,198,23,45,43,2,6,6,0,39,37,2,90,84,6,278,233,45
S01009473,739,570,169,462,328,134,352,233,119,103,73,30,249,160,89,32,28,4,13,12,1,19,16,3,78,67,11,277,242,35
S01009474,685,649,36,478,448,30,340,323,17,100,91,9,240,232,8,42,35,7,12,10,2,30,25,5,96,90,6,207,201,6
S01009475,447,407,40,315,287,28,259,241,18,54,50,4,205,191,14,47,40,7,15,13,2,32,27,5,9,6,3,132,120,12
S01009476,355,321,34,282,259,23,223,204,19,67,62,5,156,142,14,46,44,2,12,12,0,34,32,2,13,11,2,73,62,11
S01009477,629,577,52,359,320,39,285,255,30,71,68,3,214,187,27,56,48,8,12,11,1,44,37,7,18,17,1,270,257,13
S01009478,736,627,109,527,442,85,417,355,62,92,81,11,325,274,51,47,39,8,20,17,3,27,22,5,63,48,15,209,185,24
S01009479,750,657,93,430,361,69,331,278,53,86,74,12,245,204,41,48,39,9,10,7,3,38,32,6,51,44,7,320,296,24
S01009480,720,679,41,418,394,24,342,324,18,83,79,4,259,245,14,57,53,4,9,7,2,48,46,2,19,17,2,302,285,17
S01009481,801,703,98,547,463,84,472,395,77,88,78,10,384,317,67,39,37,2,9,9,0,30,28,2,36,31,5,254,240,14
S01009482,566,475,91,364,290,74,308,247,61,70,60,10,238,187,51,27,21,6,8,7,1,19,14,5,29,22,7,202,185,17
S01009483,614,543,71,466,405,61,380,330,50,76,65,11,304,265,39,48,40,8,13,9,4,35,31,4,38,35,3,148,138,10
S01009484,683,625,58,352,314,38,288,257,31,72,70,2,216,187,29,24,19,5,6,5,1,18,14,4,40,38,2,331,311,20
S01009485,654,613,41,358,327,31,279,252,27,90,84,6,189,168,21,37,34,3,15,15,0,22,19,3,42,41,1,296,286,10
S01009486,569,535,34,303,276,27,252,231,21,62,57,5,190,174,16,33,30,3,10,10,0,23,20,3,18,15,3,266,259,7
S01009487,668,618,50,382,345,37,329,298,31,99,92,7,230,206,24,20,17,3,5,4,1,15,13,2,33,30,3,286,273,13
S01009488,536,510,26,357,337,20,288,272,16,98,95,3,190,177,13,31,30,1,12,11,1,19,19,0,38,35,3,179,173,6
S01009489,673,648,25,356,336,20,288,271,17,83,75,8,205,196,9,30,27,3,7,7,0,23,20,3,38,38,0,317,312,5
S01009490,655,640,15,396,385,11,304,296,8,107,106,1,197,190,7,19,18,1,6,6,0,13,12,1,73,71,2,259,255,4
S01009491,594,584,10,279,274,5,215,210,5,64,62,2,151,148,3,27,27,0,10,10,0,17,17,0,37,37,0,315,310,5
S01009492,613,599,14,380,370,10,309,303,6,88,87,1,221,216,5,31,28,3,11,9,2,20,19,1,40,39,1,233,229,4
S01009493,737,692,45,368,340,28,287,267,20,90,83,7,197,184,13,69,66,3,14,13,1,55,53,2,12,7,5,369,352,17
S01009494,743,705,38,568,540,28,459,441,18,100,96,4,359,345,14,69,66,3,15,15,0,54,51,3,40,33,7,175,165,10
S01009495,727,695,32,523,497,26,445,422,23,110,106,4,335,316,19,57,54,3,17,16,1,40,38,2,21,21,0,204,198,6
S01009496,660,633,27,395,375,20,342,326,16,110,107,3,232,219,13,31,29,2,4,3,1,27,26,1,22,20,2,265,258,7
S01009497,808,782,26,514,492,22,439,424,15,120,116,4,319,308,11,33,27,6,11,9,2,22,18,4,42,41,1,294,290,4
S01009498,554,535,19,324,312,12,277,269,8,78,75,3,199,194,5,33,31,2,9,8,1,24,23,1,14,12,2,230,223,7
S01009499,665,641,24,385,368,17,313,301,12,102,101,1,211,200,11,34,32,2,17,16,1,17,16,1,38,35,3,280,273,7
S01009500,634,607,27,362,344,18,289,275,14,94,91,3,195,184,11,25,25,0,10,10,0,15,15,0,48,44,4,272,263,9
S01009501,570,545,25,316,297,19,241,231,10,75,74,1,166,157,9,20,16,4,3,2,1,17,14,3,55,50,5,254,248,6
S01009502,668,643,25,434,416,18,349,336,13,121,119,2,228,217,11,33,31,2,10,10,0,23,21,2,52,49,3,234,227,7
S01009503,591,579,12,401,392,9,328,322,6,116,116,0,212,206,6,39,36,3,11,11,0,28,25,3,34,34,0,190,187,3
S01009504,527,503,24,323,305,18,252,240,12,90,85,5,162,155,7,23,17,6,7,5,2,16,12,4,48,48,0,204,198,6
S01009505,595,558,37,364,336,28,265,242,23,96,89,7,169,153,16,11,9,2,5,4,1,6,5,1,88,85,3,231,222,9
S01009506,570,535,35,342,314,28,274,252,22,100,95,5,174,157,17,20,15,5,4,1,3,16,14,2,48,47,1,228,221,7
S01009507,664,627,37,453,425,28,384,358,26,99,94,5,285,264,21,32,30,2,5,5,0,27,25,2,37,37,0,211,202,9
S01009508,676,632,44,415,380,35,306,277,29,130,117,13,176,160,16,23,20,3,6,6,0,17,14,3,86,83,3,261,252,9
S01009509,797,735,62,505,457,48,388,350,38,115,108,7,273,242,31,38,33,5,12,12,0,26,21,5,79,74,5,292,278,14
S01009510,602,577,25,356,337,19,305,290,15,78,71,7,227,219,8,29,28,1,6,5,1,23,23,0,22,19,3,246,240,6
S01009511,526,499,27,300,283,17,258,246,12,71,66,5,187,180,7,32,28,4,5,5,0,27,23,4,10,9,1,226,216,10
S01009512,632,604,28,411,395,16,368,357,11,108,106,2,260,251,9,30,26,4,9,7,2,21,19,2,13,12,1,221,209,12
S01009513,487,475,12,291,283,8,260,253,7,82,81,1,178,172,6,23,22,1,9,9,0,14,13,1,8,8,0,196,192,4
S01009514,584,552,32,418,391,27,374,349,25,101,98,3,273,251,22,30,28,2,8,8,0,22,20,2,14,14,0,166,161,5
S01009515,615,591,24,333,319,14,272,260,12,91,87,4,181,173,8,28,27,1,6,6,0,22,21,1,33,32,1,282,272,10
S01009516,758,734,24,388,372,16,322,312,10,106,101,5,216,211,5,35,31,4,8,8,0,27,23,4,31,29,2,370,362,8
S01009517,703,633,70,590,538,52,512,472,40,118,108,10,394,364,30,53,44,9,13,12,1,40,32,8,25,22,3,113,95,18
S01009518,661,609,52,588,546,42,510,480,30,116,110,6,394,370,24,58,47,11,11,10,1,47,37,10,20,19,1,73,63,10
S01009519,401,374,27,280,263,17,239,231,8,69,64,5,170,167,3,23,16,7,2,0,2,21,16,5,18,16,2,121,111,10
S01009520,659,609,50,454,423,31,388,363,25,110,104,6,278,259,19,43,40,3,13,13,0,30,27,3,23,20,3,205,186,19
S01009521,702,663,39,351,325,26,258,236,22,95,91,4,163,145,18,28,26,2,10,10,0,18,16,2,65,63,2,351,338,13
S01009522,758,676,82,484,414,70,375,315,60,124,104,20,251,211,40,42,39,3,19,19,0,23,20,3,67,60,7,274,262,12
S01009523,482,437,45,262,228,34,205,174,31,57,55,2,148,119,29,10,9,1,4,4,0,6,5,1,47,45,2,220,209,11
S01009524,531,464,67,305,253,52,245,203,42,59,54,5,186,149,37,21,16,5,3,2,1,18,14,4,39,34,5,226,211,15
S01009525,447,406,41,259,229,30,209,187,22,59,55,4,150,132,18,16,13,3,6,6,0,10,7,3,34,29,5,188,177,11
S01009526,576,516,60,431,387,44,359,321,38,62,52,10,297,269,28,43,39,4,13,10,3,30,29,1,29,27,2,145,129,16
S01009527,573,518,55,361,314,47,293,257,36,66,58,8,227,199,28,23,17,6,7,4,3,16,13,3,45,40,5,212,204,8
S01009528,491,452,39,194,166,28,168,144,24,37,33,4,131,111,20,17,13,4,7,6,1,10,7,3,9,9,0,297,286,11
S01009529,505,481,24,292,273,19,228,213,15,59,55,4,169,158,11,39,38,1,12,11,1,27,27,0,25,22,3,213,208,5
S01009530,497,479,18,306,291,15,262,251,11,86,83,3,176,168,8,37,34,3,7,6,1,30,28,2,7,6,1,191,188,3
S01009531,680,636,44,363,326,37,295,265,30,87,82,5,208,183,25,18,18,0,6,6,0,12,12,0,50,43,7,317,310,7
S01009532,706,679,27,307,284,23,257,237,20,72,67,5,185,170,15,17,15,2,3,3,0,14,12,2,33,32,1,399,395,4
S01009533,653,592,61,400,347,53,325,279,46,94,81,13,231,198,33,30,25,5,12,9,3,18,16,2,45,43,2,253,245,8
S01009534,651,595,56,369,324,45,254,217,37,81,70,11,173,147,26,33,27,6,13,12,1,20,15,5,82,80,2,282,271,11
S01009535,486,457,29,310,287,23,222,202,20,80,77,3,142,125,17,18,18,0,8,8,0,10,10,0,70,67,3,176,170,6
S01009536,417,387,30,254,236,18,204,189,15,69,64,5,135,125,10,21,20,1,8,8,0,13,12,1,29,27,2,163,151,12
S01009537,451,418,33,250,223,27,197,175,22,49,41,8,148,134,14,19,17,2,3,3,0,16,14,2,34,31,3,201,195,6
S01009538,671,628,43,396,367,29,299,277,22,84,78,6,215,199,16,38,33,5,7,7,0,31,26,5,59,57,2,275,261,14
S01009539,738,694,44,442,411,31,379,355,24,113,109,4,266,246,20,36,31,5,10,9,1,26,22,4,27,25,2,296,283,13
S01009540,716,671,45,435,394,41,350,317,33,100,89,11,250,228,22,24,20,4,6,5,1,18,15,3,61,57,4,281,277,4
S01009541,639,627,12,411,401,10,338,331,7,75,75,0,263,256,7,50,50,0,15,15,0,35,35,0,23,20,3,228,226,2
S01009542,586,569,17,386,374,12,269,258,11,93,88,5,176,170,6,29,29,0,6,6,0,23,23,0,88,87,1,200,195,5
S01009543,480,461,19,254,243,11,202,195,7,62,60,2,140,135,5,35,32,3,10,8,2,25,24,1,17,16,1,226,218,8
S01009544,724,693,31,443,420,23,366,348,18,98,96,2,268,252,16,48,45,3,12,12,0,36,33,3,29,27,2,281,273,8
S01009545,646,633,13,395,386,9,305,300,5,72,72,0,233,228,5,50,48,2,15,15,0,35,33,2,40,38,2,251,247,4
S01009546,792,761,31,564,539,25,469,448,21,112,107,5,357,341,16,43,42,1,12,12,0,31,30,1,52,49,3,228,222,6
S01009547,600,563,37,395,360,35,308,275,33,94,88,6,214,187,27,44,42,2,9,8,1,35,34,1,43,43,0,205,203,2
S01009548,572,562,10,350,345,5,290,286,4,81,79,2,209,207,2,27,27,0,5,5,0,22,22,0,33,32,1,222,217,5
S01009549,649,627,22,415,398,17,349,336,13,105,102,3,244,234,10,43,39,4,8,7,1,35,32,3,23,23,0,234,229,5
S01009550,415,395,20,270,257,13,236,225,11,69,66,3,167,159,8,18,18,0,8,8,0,10,10,0,16,14,2,145,138,7
S01009551,421,387,34,266,241,25,225,204,21,62,55,7,163,149,14,16,15,1,1,1,0,15,14,1,25,22,3,155,146,9
S01009552,776,752,24,463,443,20,380,362,18,112,103,9,268,259,9,54,52,2,18,18,0,36,34,2,29,29,0,313,309,4
S01009553,701,681,20,414,401,13,317,305,12,101,97,4,216,208,8,30,29,1,6,5,1,24,24,0,67,67,0,287,280,7
S01009554,554,538,16,349,341,8,249,243,6,82,79,3,167,164,3,49,47,2,10,10,0,39,37,2,51,51,0,205,197,8
S01009555,633,609,24,415,400,15,315,307,8,88,84,4,227,223,4,55,53,2,17,15,2,38,38,0,45,40,5,218,209,9
S01009556,605,567,38,406,379,27,342,320,22,92,85,7,250,235,15,20,17,3,5,5,0,15,12,3,44,42,2,199,188,11
S01009557,526,501,25,324,309,15,244,232,12,74,70,4,170,162,8,18,17,1,0,0,0,18,17,1,62,60,2,202,192,10
S01009558,513,485,28,307,283,24,237,216,21,69,68,1,168,148,20,15,14,1,4,4,0,11,10,1,55,53,2,206,202,4
S01009559,682,639,43,429,391,38,339,303,36,96,89,7,243,214,29,22,21,1,5,5,0,17,16,1,68,67,1,253,248,5
S01009560,594,550,44,346,316,30,274,247,27,73,71,2,201,176,25,21,18,3,10,10,0,11,8,3,51,51,0,248,234,14
S01009561,423,386,37,247,220,27,195,171,24,63,58,5,132,113,19,17,17,0,4,4,0,13,13,0,35,32,3,176,166,10
S01009562,612,583,29,367,348,19,315,302,13,82,77,5,233,225,8,18,16,2,7,7,0,11,9,2,34,30,4,245,235,10
S01009563,643,607,36,341,314,27,293,267,26,82,76,6,211,191,20,22,22,0,5,5,0,17,17,0,26,25,1,302,293,9
S01009564,566,548,18,294,285,9,259,252,7,69,67,2,190,185,5,19,17,2,4,4,0,15,13,2,16,16,0,272,263,9
S01009565,457,441,16,263,252,11,214,204,10,67,63,4,147,141,6,12,11,1,5,4,1,7,7,0,37,37,0,194,189,5
S01009566,816,776,40,566,539,27,492,468,24,121,109,12,371,359,12,38,36,2,6,6,0,32,30,2,36,35,1,250,237,13
S01009567,715,680,35,452,426,26,372,350,22,85,78,7,287,272,15,27,24,3,14,12,2,13,12,1,53,52,1,263,254,9
S01009568,584,554,30,334,311,23,276,258,18,76,73,3,200,185,15,29,27,2,10,10,0,19,17,2,29,26,3,250,243,7
S01009569,666,639,27,389,371,18,347,330,17,105,102,3,242,228,14,15,14,1,7,6,1,8,8,0,27,27,0,277,268,9
S01009570,449,429,20,259,248,11,216,208,8,53,52,1,163,156,7,21,18,3,8,8,0,13,10,3,22,22,0,190,181,9
S01009571,540,495,45,330,295,35,245,215,30,76,73,3,169,142,27,19,17,2,5,5,0,14,12,2,66,63,3,210,200,10
S01009572,842,764,78,494,433,61,379,331,48,103,96,7,276,235,41,34,27,7,11,10,1,23,17,6,81,75,6,348,331,17
S01009573,585,538,47,337,302,35,260,232,28,75,68,7,185,164,21,14,12,2,8,6,2,6,6,0,63,58,5,248,236,12
S01009574,860,797,63,493,440,53,406,364,42,121,115,6,285,249,36,36,30,6,12,8,4,24,22,2,51,46,5,367,357,10
S01009575,429,418,11,267,258,9,222,216,6,49,49,0,173,167,6,17,15,2,5,5,0,12,10,2,28,27,1,162,160,2
S01009576,459,436,23,297,280,17,257,242,15,53,50,3,204,192,12,31,30,1,10,10,0,21,20,1,9,8,1,162,156,6
S01009577,598,557,41,390,364,26,317,302,15,91,84,7,226,218,8,44,34,10,9,7,2,35,27,8,29,28,1,208,193,15
S01009578,613,589,24,417,400,17,346,332,14,82,81,1,264,251,13,28,28,0,11,11,0,17,17,0,43,40,3,196,189,7
S01009579,842,802,40,565,544,21,470,457,13,121,119,2,349,338,11,47,40,7,13,11,2,34,29,5,48,47,1,277,258,19
S01009580,748,707,41,570,542,28,495,474,21,139,129,10,356,345,11,56,49,7,16,14,2,40,35,5,19,19,0,178,165,13
S01009581,473,452,21,286,268,18,236,220,16,63,59,4,173,161,12,18,18,0,3,3,0,15,15,0,32,30,2,187,184,3
S01009582,414,390,24,281,261,20,231,215,16,64,62,2,167,153,14,23,19,4,11,8,3,12,11,1,27,27,0,133,129,4
S01009583,623,599,24,395,377,18,325,308,17,99,93,6,226,215,11,32,31,1,7,7,0,25,24,1,38,38,0,228,222,6
S01009584,432,403,29,253,236,17,200,188,12,50,49,1,150,139,11,40,36,4,7,6,1,33,30,3,13,12,1,179,167,12
S01009585,775,758,17,515,502,13,435,424,11,109,106,3,326,318,8,40,39,1,12,12,0,28,27,1,40,39,1,260,256,4
S01009586,589,569,20,284,271,13,240,230,10,63,63,0,177,167,10,22,20,2,5,5,0,17,15,2,22,21,1,305,298,7
S01009587,619,590,29,308,289,19,255,241,14,64,60,4,191,181,10,26,25,1,4,4,0,22,21,1,27,23,4,311,301,10
S01009588,897,873,24,492,478,14,424,412,12,130,126,4,294,286,8,29,27,2,6,6,0,23,21,2,39,39,0,405,395,10
S01009589,744,717,27,487,468,19,411,394,17,120,118,2,291,276,15,29,27,2,6,5,1,23,22,1,47,47,0,257,249,8
S01009590,582,556,26,380,369,11,327,318,9,81,81,0,246,237,9,38,36,2,9,8,1,29,28,1,15,15,0,202,187,15
S01009591,567,539,28,393,375,18,336,321,15,72,69,3,264,252,12,33,31,2,11,10,1,22,21,1,24,23,1,174,164,10
S01009592,493,471,22,270,257,13,229,216,13,55,52,3,174,164,10,36,36,0,8,8,0,28,28,0,5,5,0,223,214,9
S01009593,492,470,22,343,329,14,273,265,8,64,61,3,209,204,5,42,37,5,13,12,1,29,25,4,28,27,1,149,141,8
S01009594,543,521,22,392,376,16,341,327,14,91,88,3,250,239,11,33,31,2,10,9,1,23,22,1,18,18,0,151,145,6
S01009595,398,356,42,308,279,29,243,225,18,60,55,5,183,170,13,39,32,7,11,11,0,28,21,7,26,22,4,90,77,13
S01009596,640,619,21,431,417,14,353,340,13,98,95,3,255,245,10,31,30,1,10,9,1,21,21,0,47,47,0,209,202,7
S01009597,633,593,40,420,388,32,298,277,21,105,99,6,193,178,15,31,27,4,9,8,1,22,19,3,91,84,7,213,205,8
S01009598,518,508,10,314,308,6,230,226,4,79,78,1,151,148,3,28,28,0,8,8,0,20,20,0,56,54,2,204,200,4
S01009599,723,696,27,464,446,18,382,371,11,98,94,4,284,277,7,28,24,4,12,12,0,16,12,4,54,51,3,259,250,9
S01009600,511,494,17,284,272,12,223,213,10,73,71,2,150,142,8,18,16,2,6,6,0,12,10,2,43,43,0,227,222,5
S01009601,534,508,26,355,332,23,285,267,18,79,76,3,206,191,15,18,15,3,5,5,0,13,10,3,52,50,2,179,176,3
S01009602,614,588,26,472,451,21,411,395,16,95,92,3,316,303,13,38,35,3,10,10,0,28,25,3,23,21,2,142,137,5
S01009603,471,440,31,312,290,22,263,245,18,61,54,7,202,191,11,35,31,4,9,8,1,26,23,3,14,14,0,159,150,9
S01009604,704,673,31,454,432,22,396,375,21,108,104,4,288,271,17,35,34,1,16,15,1,19,19,0,23,23,0,250,241,9
S01009605,644,610,34,348,331,17,276,262,14,89,84,5,187,178,9,31,28,3,7,7,0,24,21,3,41,41,0,296,279,17
S01009606,468,445,23,331,315,16,298,283,15,63,57,6,235,226,9,22,21,1,5,4,1,17,17,0,11,11,0,137,130,7
S01009607,445,428,17,278,270,8,240,234,6,70,66,4,170,168,2,29,27,2,8,7,1,21,20,1,9,9,0,167,158,9
S01009608,489,471,18,316,303,13,263,250,13,56,55,1,207,195,12,23,23,0,5,5,0,18,18,0,30,30,0,173,168,5
S01009609,665,646,19,434,420,14,348,339,9,85,84,1,263,255,8,55,52,3,10,10,0,45,42,3,31,29,2,231,226,5
S01009610,835,816,19,500,486,14,425,412,13,116,114,2,309,298,11,40,39,1,12,12,0,28,27,1,35,35,0,335,330,5
S01009611,447,434,13,294,285,9,230,224,6,73,70,3,157,154,3,56,53,3,15,15,0,41,38,3,8,8,0,153,149,4
S01009612,506,488,18,329,315,14,276,263,13,72,71,1,204,192,12,35,34,1,5,5,0,30,29,1,18,18,0,177,173,4
S01009613,380,366,14,277,268,9,210,203,7,64,62,2,146,141,5,53,51,2,16,14,2,37,37,0,14,14,0,103,98,5
S01009614,434,425,9,284,279,5,221,218,3,66,65,1,155,153,2,46,44,2,12,11,1,34,33,1,17,17,0,150,146,4
S01009615,344,339,5,181,177,4,156,152,4,51,50,1,105,102,3,15,15,0,3,3,0,12,12,0,10,10,0,163,162,1
S01009616,611,594,17,406,394,12,330,319,11,92,88,4,238,231,7,40,40,0,9,9,0,31,31,0,36,35,1,205,200,5
S01009617,597,576,21,415,399,16,363,351,12,105,100,5,258,251,7,39,35,4,13,10,3,26,25,1,13,13,0,182,177,5
S01009618,569,551,18,354,345,9,293,286,7,85,82,3,208,204,4,27,25,2,3,3,0,24,22,2,34,34,0,215,206,9
S01009619,520,512,8,286,279,7,222,220,2,68,67,1,154,153,1,23,21,2,14,14,0,9,7,2,41,38,3,234,233,1
S01009620,662,634,28,348,329,19,281,268,13,87,84,3,194,184,10,22,17,5,6,5,1,16,12,4,45,44,1,314,305,9
S01009621,655,635,20,370,358,12,296,285,11,87,85,2,209,200,9,30,29,1,6,6,0,24,23,1,44,44,0,285,277,8
S01009622,587,574,13,333,326,7,251,244,7,72,70,2,179,174,5,17,17,0,9,9,0,8,8,0,65,65,0,254,248,6
S01009623,410,397,13,213,204,9,180,172,8,52,49,3,128,123,5,18,18,0,11,11,0,7,7,0,15,14,1,197,193,4
S01009624,733,714,19,414,406,8,344,337,7,110,108,2,234,229,5,24,23,1,10,10,0,14,13,1,46,46,0,319,308,11
S01009625,685,674,11,423,416,7,349,343,6,116,115,1,233,228,5,21,21,0,5,5,0,16,16,0,53,52,1,262,258,4
S01009626,452,436,16,236,226,10,172,167,5,64,60,4,108,107,1,18,14,4,6,6,0,12,8,4,46,45,1,216,210,6
S01009627,656,643,13,379,372,7,302,299,3,106,105,1,196,194,2,25,24,1,5,5,0,20,19,1,52,49,3,277,271,6
S01009628,473,463,10,173,167,6,146,142,4,49,48,1,97,94,3,10,8,2,5,4,1,5,4,1,17,17,0,300,296,4
S01009629,827,803,24,511,494,17,405,392,13,132,128,4,273,264,9,33,29,4,10,9,1,23,20,3,73,73,0,316,309,7
S01009630,632,622,10,368,361,7,273,269,4,94,92,2,179,177,2,19,19,0,5,5,0,14,14,0,76,73,3,264,261,3
S01009631,587,573,14,322,312,10,244,237,7,75,72,3,169,165,4,20,18,2,9,7,2,11,11,0,58,57,1,265,261,4
S01009632,452,433,19,228,212,16,161,149,12,59,56,3,102,93,9,14,12,2,6,5,1,8,7,1,53,51,2,224,221,3
S01009633,548,532,16,321,307,14,235,223,12,103,97,6,132,126,6,15,14,1,5,4,1,10,10,0,71,70,1,227,225,2
S01009634,469,466,3,194,191,3,157,155,2,51,50,1,106,105,1,3,3,0,0,0,0,3,3,0,34,33,1,275,275,0
S01009635,706,688,18,432,420,12,352,345,7,112,110,2,240,235,5,32,29,3,10,9,1,22,20,2,48,46,2,274,268,6
S01009636,752,725,27,427,411,16,296,282,14,85,80,5,211,202,9,33,31,2,8,8,0,25,23,2,98,98,0,325,314,11
S01009637,615,594,21,375,361,14,317,305,12,88,84,4,229,221,8,22,21,1,5,5,0,17,16,1,36,35,1,240,233,7
S01009638,555,540,15,295,290,5,210,206,4,67,66,1,143,140,3,21,20,1,2,1,1,19,19,0,64,64,0,260,250,10
S01009639,694,661,33,370,346,24,297,280,17,80,73,7,217,207,10,47,42,5,6,6,0,41,36,5,26,24,2,324,315,9
S01009640,512,496,16,241,231,10,201,194,7,57,56,1,144,138,6,14,12,2,5,5,0,9,7,2,26,25,1,271,265,6
S01009641,684,653,31,352,330,22,274,262,12,78,75,3,196,187,9,35,30,5,15,11,4,20,19,1,43,38,5,332,323,9
S01009642,782,743,39,504,479,25,415,395,20,118,113,5,297,282,15,50,48,2,18,17,1,32,31,1,39,36,3,278,264,14
S01009643,436,423,13,356,347,9,323,314,9,94,90,4,229,224,5,21,21,0,3,3,0,18,18,0,12,12,0,80,76,4
S01009644,661,641,20,389,377,12,315,303,12,106,100,6,209,203,6,30,30,0,9,9,0,21,21,0,44,44,0,272,264,8
S01009645,532,513,19,305,292,13,250,241,9,86,83,3,164,158,6,28,25,3,9,7,2,19,18,1,27,26,1,227,221,6
S01009646,471,457,14,279,267,12,220,211,9,59,56,3,161,155,6,26,23,3,10,9,1,16,14,2,33,33,0,192,190,2
S01009647,512,497,15,263,252,11,198,188,10,66,62,4,132,126,6,25,24,1,4,4,0,21,20,1,40,40,0,249,245,4
S01009648,717,697,20,421,409,12,347,338,9,98,96,2,249,242,7,30,29,1,9,9,0,21,20,1,44,42,2,296,288,8
S01009649,845,824,21,505,490,15,412,402,10,111,108,3,301,294,7,34,32,2,6,6,0,28,26,2,59,56,3,340,334,6
S01009650,692,668,24,353,339,14,298,286,12,75,70,5,223,216,7,49,48,1,13,12,1,36,36,0,6,5,1,339,329,10
S01009651,790,745,45,475,443,32,331,304,27,99,92,7,232,212,20,114,110,4,32,32,0,82,78,4,30,29,1,315,302,13
S01009652,699,676,23,326,312,14,249,239,10,84,79,5,165,160,5,65,62,3,20,20,0,45,42,3,12,11,1,373,364,9
S01009653,445,430,15,279,270,9,242,234,8,66,64,2,176,170,6,31,30,1,6,6,0,25,24,1,6,6,0,166,160,6
S01009654,475,466,9,263,255,8,198,191,7,67,64,3,131,127,4,52,52,0,18,18,0,34,34,0,13,12,1,212,211,1
S01009655,686,671,15,408,397,11,333,323,10,106,101,5,227,222,5,20,20,0,8,8,0,12,12,0,55,54,1,278,274,4
S01009656,613,598,15,278,267,11,207,200,7,68,64,4,139,136,3,21,19,2,3,1,2,18,18,0,50,48,2,335,331,4
S01009657,657,636,21,420,409,11,337,331,6,99,97,2,238,234,4,43,39,4,11,8,3,32,31,1,40,39,1,237,227,10
S01009658,567,551,16,378,370,8,322,314,8,105,102,3,217,212,5,22,22,0,2,2,0,20,20,0,34,34,0,189,181,8
S01009659,415,410,5,268,265,3,206,204,2,62,61,1,144,143,1,24,24,0,6,6,0,18,18,0,38,37,1,147,145,2
S01009660,845,822,23,519,502,17,427,412,15,119,113,6,308,299,9,41,39,2,10,9,1,31,30,1,51,51,0,326,320,6
S01009661,708,680,28,458,443,15,328,316,12,105,101,4,223,215,8,117,115,2,21,20,1,96,95,1,13,12,1,250,237,13
S01009662,588,564,24,403,383,20,302,289,13,79,77,2,223,212,11,70,64,6,16,12,4,54,52,2,31,30,1,185,181,4
S01009663,531,518,13,332,319,13,268,261,7,69,65,4,199,196,3,44,41,3,15,15,0,29,26,3,20,17,3,199,199,0
S01009664,734,697,37,503,479,24,376,359,17,112,108,4,264,251,13,93,90,3,29,28,1,64,62,2,34,30,4,231,218,13
S01009665,535,520,15,332,320,12,275,265,10,72,71,1,203,194,9,34,33,1,9,9,0,25,24,1,23,22,1,203,200,3
S01009666,640,618,22,383,366,17,303,290,13,76,71,5,227,219,8,63,59,4,14,11,3,49,48,1,17,17,0,257,252,5
S01009667,437,426,11,274,270,4,225,221,4,58,57,1,167,164,3,45,45,0,9,9,0,36,36,0,4,4,0,163,156,7
S01009668,463,440,23,326,310,16,270,258,12,66,64,2,204,194,10,39,35,4,11,10,1,28,25,3,17,17,0,137,130,7
S01009669,438,425,13,241,230,11,190,180,10,41,40,1,149,140,9,41,40,1,14,14,0,27,26,1,10,10,0,197,195,2
S01009670,651,625,26,423,407,16,336,323,13,91,89,2,245,234,11,62,61,1,19,19,0,43,42,1,25,23,2,228,218,10
S01009671,524,501,23,361,346,15,279,268,11,75,74,1,204,194,10,62,61,1,21,21,0,41,40,1,20,17,3,163,155,8
S01009672,650,636,14,416,407,9,347,340,7,104,103,1,243,237,6,35,34,1,13,12,1,22,22,0,34,33,1,234,229,5
S01009673,674,639,35,408,387,21,318,300,18,79,78,1,239,222,17,63,61,2,18,16,2,45,45,0,27,26,1,266,252,14
S01009674,728,699,29,459,440,19,344,328,16,91,89,2,253,239,14,88,86,2,26,24,2,62,62,0,27,26,1,269,259,10
S01009675,748,718,30,479,459,20,373,358,15,110,104,6,263,254,9,78,74,4,18,17,1,60,57,3,28,27,1,269,259,10
S01009676,659,637,22,434,416,18,341,328,13,102,96,6,239,232,7,75,72,3,20,20,0,55,52,3,18,16,2,225,221,4
S01009677,484,446,38,322,297,25,227,204,23,73,68,5,154,136,18,80,79,1,24,24,0,56,55,1,15,14,1,162,149,13
S01009678,509,481,28,306,288,18,250,235,15,69,62,7,181,173,8,45,43,2,12,11,1,33,32,1,11,10,1,203,193,10
S01009679,752,717,35,468,443,25,380,357,23,97,90,7,283,267,16,55,54,1,13,13,0,42,41,1,33,32,1,284,274,10
S01009680,667,640,27,437,416,21,343,324,19,99,93,6,244,231,13,61,60,1,18,18,0,43,42,1,33,32,1,230,224,6
S01009681,592,557,35,339,317,22,286,268,18,74,69,5,212,199,13,36,32,4,11,10,1,25,22,3,17,17,0,253,240,13
S01009682,505,473,32,320,297,23,284,264,20,80,77,3,204,187,17,22,21,1,5,5,0,17,16,1,14,12,2,185,176,9
S01009683,759,706,53,391,367,24,318,298,20,93,88,5,225,210,15,45,45,0,8,8,0,37,37,0,28,24,4,368,339,29
S01009684,840,805,35,589,566,23,458,441,17,115,111,4,343,330,13,105,99,6,32,29,3,73,70,3,26,26,0,251,239,12
S01009685,523,500,23,308,290,18,255,243,12,69,67,2,186,176,10,29,28,1,5,4,1,24,24,0,24,19,5,215,210,5
S01009686,923,810,113,573,489,84,484,409,75,144,128,16,340,281,59,44,41,3,8,7,1,36,34,2,45,39,6,350,321,29
S01009687,572,546,26,381,365,16,309,296,13,90,87,3,219,209,10,38,36,2,13,12,1,25,24,1,34,33,1,191,181,10
S01009688,706,639,67,418,381,37,336,302,34,103,97,6,233,205,28,23,20,3,6,6,0,17,14,3,59,59,0,288,258,30
S01009689,519,443,76,333,277,56,271,226,45,63,51,12,208,175,33,36,29,7,13,12,1,23,17,6,26,22,4,186,166,20
S01009690,593,547,46,392,355,37,320,287,33,71,67,4,249,220,29,38,35,3,11,10,1,27,25,2,34,33,1,201,192,9
S01009691,502,471,31,299,278,21,250,232,18,66,58,8,184,174,10,31,30,1,9,9,0,22,21,1,18,16,2,203,193,10
S01009692,918,870,48,486,451,35,395,365,30,113,106,7,282,259,23,58,55,3,18,16,2,40,39,1,33,31,2,432,419,13
S01009693,522,501,21,322,312,10,268,261,7,83,79,4,185,182,3,34,32,2,15,13,2,19,19,0,20,19,1,200,189,11
S01009694,874,816,58,446,409,37,393,361,32,118,111,7,275,250,25,41,38,3,16,15,1,25,23,2,12,10,2,428,407,21
S01009695,521,487,34,315,296,19,233,221,12,65,62,3,168,159,9,66,59,7,21,19,2,45,40,5,16,16,0,206,191,15
S01009696,793,749,44,490,459,31,373,349,24,106,98,8,267,251,16,94,87,7,28,24,4,66,63,3,23,23,0,303,290,13
S01009697,589,525,64,369,321,48,283,242,41,70,59,11,213,183,30,70,64,6,17,15,2,53,49,4,16,15,1,220,204,16
S01009698,486,432,54,321,288,33,222,195,27,54,44,10,168,151,17,87,82,5,20,17,3,67,65,2,12,11,1,165,144,21
S01009699,412,392,20,182,172,10,131,124,7,45,43,2,86,81,5,38,36,2,9,9,0,29,27,2,13,12,1,230,220,10
S01009700,551,513,38,330,309,21,236,219,17,65,62,3,171,157,14,72,69,3,23,22,1,49,47,2,22,21,1,221,204,17
S01009701,405,384,21,162,146,16,106,92,14,33,30,3,73,62,11,50,48,2,20,20,0,30,28,2,6,6,0,243,238,5
S01009702,518,496,22,340,326,14,227,219,8,66,65,1,161,154,7,98,92,6,26,25,1,72,67,5,15,15,0,178,170,8
S01009703,485,461,24,267,254,13,210,199,11,67,62,5,143,137,6,47,46,1,13,12,1,34,34,0,10,9,1,218,207,11
S01009704,784,747,37,469,447,22,332,318,14,116,112,4,216,206,10,119,112,7,32,29,3,87,83,4,18,17,1,315,300,15
S01009705,618,590,28,396,378,18,294,284,10,92,91,1,202,193,9,73,69,4,20,19,1,53,50,3,29,25,4,222,212,10
S01009706,509,470,39,308,277,31,212,192,20,62,58,4,150,134,16,74,65,9,25,23,2,49,42,7,22,20,2,201,193,8
S01009707,404,379,25,273,256,17,217,202,15,51,50,1,166,152,14,40,39,1,6,5,1,34,34,0,16,15,1,131,123,8
S01009708,519,499,20,283,269,14,207,198,9,73,68,5,134,130,4,61,58,3,11,10,1,50,48,2,15,13,2,236,230,6
S01009709,693,653,40,399,374,25,305,284,21,101,91,10,204,193,11,66,64,2,13,13,0,53,51,2,28,26,2,294,279,15
S01009710,442,419,23,303,286,17,227,213,14,82,77,5,145,136,9,56,54,2,13,12,1,43,42,1,20,19,1,139,133,6
S01009711,659,608,51,376,337,39,269,242,27,85,79,6,184,163,21,78,68,10,14,12,2,64,56,8,29,27,2,283,271,12
S01009712,502,459,43,289,262,27,211,189,22,68,62,6,143,127,16,58,53,5,17,16,1,41,37,4,20,20,0,213,197,16
S01009713,775,715,60,398,360,38,280,253,27,93,85,8,187,168,19,88,82,6,29,24,5,59,58,1,30,25,5,377,355,22
S01009714,802,731,71,415,359,56,301,265,36,89,81,8,212,184,28,86,71,15,25,21,4,61,50,11,28,23,5,387,372,15
S01009715,564,505,59,334,289,45,236,201,35,49,39,10,187,162,25,84,77,7,25,21,4,59,56,3,14,11,3,230,216,14
S01009716,651,556,95,304,254,50,245,197,48,78,64,14,167,133,34,43,42,1,10,9,1,33,33,0,16,15,1,347,302,45
S01009717,905,619,286,362,266,96,285,211,74,141,97,44,144,114,30,21,18,3,6,4,2,15,14,1,56,37,19,543,353,190
S01009718,626,528,98,353,302,51,295,249,46,113,91,22,182,158,24,24,23,1,8,8,0,16,15,1,34,30,4,273,226,47
S01009719,647,596,51,376,341,35,315,284,31,112,107,5,203,177,26,32,30,2,11,10,1,21,20,1,29,27,2,271,255,16
S01009720,711,590,121,360,283,77,320,250,70,111,88,23,209,162,47,21,18,3,7,5,2,14,13,1,19,15,4,351,307,44
S01009721,564,291,273,178,111,67,136,82,54,84,56,28,52,26,26,20,16,4,11,7,4,9,9,0,22,13,9,386,180,206
S01009722,1078,653,425,307,219,88,244,170,74,143,99,44,101,71,30,29,25,4,17,13,4,12,12,0,34,24,10,771,434,337
S01009723,756,435,321,233,141,92,178,110,68,110,69,41,68,41,27,22,16,6,13,8,5,9,8,1,33,15,18,523,294,229
S01009724,891,658,233,408,295,113,328,228,100,140,101,39,188,127,61,36,33,3,18,17,1,18,16,2,44,34,10,483,363,120
S01009725,659,491,168,238,177,61,188,138,50,127,95,32,61,43,18,19,17,2,12,10,2,7,7,0,31,22,9,421,314,107
S01009726,1026,621,405,292,209,83,175,127,48,119,86,33,56,41,15,46,38,8,17,12,5,29,26,3,71,44,27,734,412,322
S01009727,675,582,93,401,343,58,302,254,48,97,87,10,205,167,38,77,71,6,24,23,1,53,48,5,22,18,4,274,239,35
S01009728,640,557,83,369,313,56,308,259,49,87,75,12,221,184,37,45,42,3,14,13,1,31,29,2,16,12,4,271,244,27
S01009729,554,490,64,276,239,37,232,200,32,56,51,5,176,149,27,36,32,4,14,12,2,22,20,2,8,7,1,278,251,27
S01009730,510,432,78,278,234,44,231,190,41,82,72,10,149,118,31,28,28,0,7,7,0,21,21,0,19,16,3,232,198,34
S01009731,530,453,77,201,173,28,150,128,22,49,40,9,101,88,13,37,32,5,13,11,2,24,21,3,14,13,1,329,280,49
S01009732,745,561,184,291,225,66,217,166,51,103,75,28,114,91,23,45,37,8,15,12,3,30,25,5,29,22,7,454,336,118
S01009733,421,384,37,264,236,28,206,183,23,69,56,13,137,127,10,47,43,4,15,15,0,32,28,4,11,10,1,157,148,9
S01009734,734,639,95,465,400,65,368,307,61,104,90,14,264,217,47,79,76,3,19,17,2,60,59,1,18,17,1,269,239,30
S01009735,1133,687,446,359,266,93,233,185,48,81,56,25,152,129,23,75,64,11,28,21,7,47,43,4,51,17,34,774,421,353
S01009736,2635,1479,1156,491,301,190,263,178,85,192,131,61,71,47,24,41,25,16,23,12,11,18,13,5,187,98,89,2144,1178,966
S01009737,636,607,29,451,429,22,391,374,17,87,80,7,304,294,10,30,26,4,14,10,4,16,16,0,30,29,1,185,178,7
S01009738,371,345,26,260,239,21,214,199,15,49,44,5,165,155,10,34,33,1,10,10,0,24,23,1,12,7,5,111,106,5
S01009739,572,527,45,454,418,36,400,367,33,84,76,8,316,291,25,31,31,0,8,8,0,23,23,0,23,20,3,118,109,9
S01009740,447,408,39,266,238,28,226,203,23,59,54,5,167,149,18,24,21,3,9,8,1,15,13,2,16,14,2,181,170,11
S01009741,704,667,37,600,571,29,570,544,26,49,46,3,521,498,23,10,9,1,6,5,1,4,4,0,20,18,2,104,96,8
S01009742,418,393,25,266,249,17,203,189,14,47,43,4,156,146,10,48,46,2,8,8,0,40,38,2,15,14,1,152,144,8
S01009743,795,752,43,469,440,29,372,349,23,102,96,6,270,253,17,77,72,5,26,24,2,51,48,3,20,19,1,326,312,14
S01009744,594,570,24,362,349,13,292,281,11,80,80,0,212,201,11,58,56,2,18,18,0,40,38,2,12,12,0,232,221,11
S01009745,871,824,47,566,531,35,489,460,29,146,133,13,343,327,16,60,55,5,20,20,0,40,35,5,17,16,1,305,293,12
S01009746,457,431,26,305,286,19,209,194,15,54,52,2,155,142,13,85,82,3,27,25,2,58,57,1,11,10,1,152,145,7
S01009747,558,511,47,360,327,33,305,277,28,72,65,7,233,212,21,33,30,3,11,11,0,22,19,3,22,20,2,198,184,14
S01009748,588,539,49,365,329,36,316,285,31,97,86,11,219,199,20,31,28,3,9,8,1,22,20,2,18,16,2,223,210,13
S01009749,815,777,38,512,483,29,429,403,26,121,112,9,308,291,17,54,52,2,23,21,2,31,31,0,29,28,1,303,294,9
S01009750,560,526,34,354,331,23,299,281,18,85,80,5,214,201,13,31,27,4,9,9,0,22,18,4,24,23,1,206,195,11
S01009751,680,650,30,455,431,24,389,372,17,108,108,0,281,264,17,33,29,4,13,12,1,20,17,3,33,30,3,225,219,6
S01009752,495,450,45,316,282,34,254,225,29,73,67,6,181,158,23,43,39,4,14,13,1,29,26,3,19,18,1,179,168,11
S01009753,602,557,45,313,281,32,242,222,20,59,54,5,183,168,15,55,48,7,23,22,1,32,26,6,16,11,5,289,276,13
S01009754,720,671,49,403,370,33,324,301,23,79,77,2,245,224,21,50,45,5,12,11,1,38,34,4,29,24,5,317,301,16
S01009755,547,503,44,354,325,29,277,253,24,70,67,3,207,186,21,57,55,2,16,16,0,41,39,2,20,17,3,193,178,15
S01009756,622,581,41,382,354,28,311,288,23,73,69,4,238,219,19,48,45,3,17,16,1,31,29,2,23,21,2,240,227,13
S01009757,539,497,42,329,300,29,256,231,25,65,59,6,191,172,19,59,56,3,18,17,1,41,39,2,14,13,1,210,197,13
S01009758,514,487,27,354,339,15,301,292,9,72,70,2,229,222,7,32,29,3,5,5,0,27,24,3,21,18,3,160,148,12
S01009759,683,465,218,406,250,156,302,173,129,127,76,51,175,97,78,21,10,11,5,0,5,16,10,6,83,67,16,277,215,62
S01009760,682,574,108,382,302,80,293,236,57,113,89,24,180,147,33,28,18,10,9,5,4,19,13,6,61,48,13,300,272,28
S01009761,741,679,62,506,474,32,427,402,25,119,107,12,308,295,13,39,33,6,5,4,1,34,29,5,40,39,1,235,205,30
S01009762,734,563,171,434,299,135,334,234,100,113,81,32,221,153,68,16,8,8,9,5,4,7,3,4,84,57,27,300,264,36
S01009763,587,516,71,436,397,39,332,309,23,100,91,9,232,218,14,88,72,16,22,16,6,66,56,10,16,16,0,151,119,32
S01009764,499,451,48,336,304,32,256,233,23,85,77,8,171,156,15,20,17,3,8,7,1,12,10,2,60,54,6,163,147,16
S01009765,767,673,94,488,427,61,394,357,37,120,99,21,274,258,16,48,31,17,12,7,5,36,24,12,46,39,7,279,246,33
S01009766,458,432,26,353,339,14,318,308,10,89,87,2,229,221,8,20,16,4,6,4,2,14,12,2,15,15,0,105,93,12
S01009767,470,451,19,242,233,9,187,180,7,57,54,3,130,126,4,12,11,1,2,2,0,10,9,1,43,42,1,228,218,10
S01009768,465,427,38,337,305,32,257,238,19,89,83,6,168,155,13,37,27,10,13,8,5,24,19,5,43,40,3,128,122,6
S01009769,567,508,59,399,352,47,335,302,33,76,63,13,259,239,20,39,32,7,10,9,1,29,23,6,25,18,7,168,156,12
S01009770,562,453,109,375,318,57,313,279,34,108,95,13,205,184,21,40,25,15,9,7,2,31,18,13,22,14,8,187,135,52
S01009771,671,526,145,476,392,84,376,323,53,95,75,20,281,248,33,66,44,22,20,11,9,46,33,13,34,25,9,195,134,61
S01009772,503,469,34,384,360,24,323,310,13,76,74,2,247,236,11,32,26,6,10,8,2,22,18,4,29,24,5,119,109,10
S01009773,421,281,140,300,217,83,229,170,59,76,55,21,153,115,38,52,31,21,14,7,7,38,24,14,19,16,3,121,64,57
S01009774,355,259,96,276,212,64,224,179,45,69,50,19,155,129,26,40,24,16,10,5,5,30,19,11,12,9,3,79,47,32
S01009775,682,642,40,329,316,13,265,253,12,109,104,5,156,149,7,12,12,0,2,2,0,10,10,0,52,51,1,353,326,27
S01009776,529,510,19,275,265,10,198,191,7,88,86,2,110,105,5,9,8,1,1,1,0,8,7,1,68,66,2,254,245,9
S01009777,387,350,37,246,223,23,207,186,21,52,44,8,155,142,13,12,11,1,3,3,0,9,8,1,27,26,1,141,127,14
S01009778,711,675,36,286,271,15,231,221,10,73,67,6,158,154,4,17,15,2,7,5,2,10,10,0,38,35,3,425,404,21
S01009779,449,425,24,213,205,8,159,155,4,64,63,1,95,92,3,11,8,3,4,3,1,7,5,2,43,42,1,236,220,16
S01009780,445,393,52,273,241,32,193,171,22,91,82,9,102,89,13,10,8,2,5,4,1,5,4,1,70,62,8,172,152,20
S01009781,426,413,13,228,218,10,192,182,10,73,69,4,119,113,6,7,7,0,4,4,0,3,3,0,29,29,0,198,195,3
S01009782,396,347,49,294,252,42,231,197,34,61,53,8,170,144,26,31,25,6,6,5,1,25,20,5,32,30,2,102,95,7
S01009783,566,544,22,352,336,16,292,277,15,107,99,8,185,178,7,15,14,1,6,6,0,9,8,1,45,45,0,214,208,6
S01009784,591,563,28,309,298,11,240,230,10,92,87,5,148,143,5,11,11,0,3,3,0,8,8,0,58,57,1,282,265,17
S01009785,652,622,30,342,329,13,264,253,11,91,88,3,173,165,8,23,22,1,9,8,1,14,14,0,55,54,1,310,293,17
S01009786,746,712,34,398,379,19,299,282,17,114,107,7,185,175,10,18,18,0,8,8,0,10,10,0,81,79,2,348,333,15
S01009787,700,687,13,385,381,4,290,289,1,116,116,0,174,173,1,18,16,2,3,3,0,15,13,2,77,76,1,315,306,9
S01009788,717,699,18,369,357,12,306,297,9,102,98,4,204,199,5,29,28,1,4,4,0,25,24,1,34,32,2,348,342,6
S01009789,748,710,38,386,365,21,326,306,20,111,105,6,215,201,14,22,21,1,5,5,0,17,16,1,38,38,0,362,345,17
S01009790,519,498,21,315,303,12,272,261,11,83,79,4,189,182,7,13,13,0,5,5,0,8,8,0,30,29,1,204,195,9
S01009791,531,507,24,284,271,13,201,192,9,68,64,4,133,128,5,27,23,4,13,9,4,14,14,0,56,56,0,247,236,11
S01009792,718,607,111,556,496,60,469,434,35,118,106,12,351,328,23,58,40,18,8,4,4,50,36,14,29,22,7,162,111,51
S01009793,761,715,46,471,449,22,400,380,20,102,95,7,298,285,13,44,42,2,16,16,0,28,26,2,27,27,0,290,266,24
S01009794,399,375,24,346,330,16,314,301,13,70,69,1,244,232,12,24,22,2,5,5,0,19,17,2,8,7,1,53,45,8
S01009795,645,612,33,523,503,20,444,427,17,132,126,6,312,301,11,54,52,2,5,5,0,49,47,2,25,24,1,122,109,13
S01009796,623,558,65,413,368,45,353,325,28,99,90,9,254,235,19,46,36,10,11,8,3,35,28,7,14,7,7,210,190,20
S01009797,630,562,68,460,416,44,387,359,28,100,90,10,287,269,18,43,30,13,12,8,4,31,22,9,30,27,3,170,146,24
S01009798,555,531,24,440,424,16,371,356,15,99,97,2,272,259,13,50,49,1,15,14,1,35,35,0,19,19,0,115,107,8
S01009799,676,642,34,361,335,26,283,264,19,115,106,9,168,158,10,12,9,3,3,1,2,9,8,1,66,62,4,315,307,8
S01009800,846,810,36,532,504,28,434,408,26,154,146,8,280,262,18,32,32,0,9,9,0,23,23,0,66,64,2,314,306,8
S01009801,698,665,33,393,380,13,306,297,9,114,111,3,192,186,6,15,13,2,4,3,1,11,10,1,72,70,2,305,285,20
S01009802,772,724,48,499,467,32,422,395,27,120,110,10,302,285,17,28,26,2,11,10,1,17,16,1,49,46,3,273,257,16
S01009803,636,594,42,334,315,19,261,244,17,70,67,3,191,177,14,23,23,0,6,6,0,17,17,0,50,48,2,302,279,23
S01009804,456,428,28,281,269,12,246,235,11,52,46,6,194,189,5,23,22,1,8,7,1,15,15,0,12,12,0,175,159,16
S01009805,743,693,50,422,393,29,347,320,27,105,93,12,242,227,15,18,16,2,3,3,0,15,13,2,57,57,0,321,300,21
S01009806,786,724,62,396,356,40,332,296,36,105,93,12,227,203,24,28,25,3,8,8,0,20,17,3,36,35,1,390,368,22
S01009807,795,716,79,494,440,54,408,370,38,138,118,20,270,252,18,26,18,8,7,6,1,19,12,7,60,52,8,301,276,25
S01009808,693,512,181,403,299,104,287,217,70,102,66,36,185,151,34,27,24,3,9,9,0,18,15,3,89,58,31,290,213,77
S01009809,562,533,29,369,347,22,320,300,20,98,91,7,222,209,13,20,20,0,4,4,0,16,16,0,29,27,2,193,186,7
S01009810,671,623,48,365,335,30,270,249,21,86,78,8,184,171,13,23,22,1,4,3,1,19,19,0,72,64,8,306,288,18
S01009811,908,882,26,458,442,16,376,365,11,92,89,3,284,276,8,28,26,2,11,11,0,17,15,2,54,51,3,450,440,10
S01009812,627,608,19,336,320,16,267,255,12,62,59,3,205,196,9,26,24,2,8,7,1,18,17,1,43,41,2,291,288,3
S01009813,562,440,122,284,218,66,203,164,39,93,72,21,110,92,18,19,11,8,6,2,4,13,9,4,62,43,19,278,222,56
S01009814,696,652,44,400,375,25,319,302,17,88,81,7,231,221,10,41,38,3,5,4,1,36,34,2,40,35,5,296,277,19
S01009815,590,574,16,392,380,12,339,330,9,99,95,4,240,235,5,23,21,2,4,4,0,19,17,2,30,29,1,198,194,4
S01009816,587,557,30,416,394,22,365,347,18,99,97,2,266,250,16,29,26,3,8,7,1,21,19,2,22,21,1,171,163,8
S01009817,585,571,14,318,313,5,271,269,2,75,75,0,196,194,2,18,17,1,3,3,0,15,14,1,29,27,2,267,258,9
S01009818,852,822,30,444,425,19,361,349,12,100,95,5,261,254,7,49,45,4,13,12,1,36,33,3,34,31,3,408,397,11
S01009819,566,548,18,267,257,10,213,209,4,59,59,0,154,150,4,37,33,4,9,9,0,28,24,4,17,15,2,299,291,8
S01009820,790,764,26,457,442,15,398,387,11,101,96,5,297,291,6,31,28,3,5,4,1,26,24,2,28,27,1,333,322,11
S01009821,533,500,33,354,335,19,289,273,16,78,74,4,211,199,12,34,32,2,11,11,0,23,21,2,31,30,1,179,165,14
S01009822,360,335,25,239,220,19,198,183,15,42,37,5,156,146,10,10,10,0,0,0,0,10,10,0,31,27,4,121,115,6
S01009823,600,570,30,305,293,12,247,235,12,79,77,2,168,158,10,11,11,0,3,3,0,8,8,0,47,47,0,295,277,18
S01009824,659,600,59,412,365,47,348,311,37,88,78,10,260,233,27,18,15,3,1,1,0,17,14,3,46,39,7,247,235,12
S01009825,806,762,44,488,463,25,389,366,23,104,94,10,285,272,13,27,26,1,8,8,0,19,18,1,72,71,1,318,299,19
S01009826,456,429,27,259,242,17,204,193,11,57,54,3,147,139,8,11,11,0,3,3,0,8,8,0,44,38,6,197,187,10
S01009827,695,667,28,381,362,19,315,298,17,90,85,5,225,213,12,17,15,2,5,4,1,12,11,1,49,49,0,314,305,9
S01009828,658,618,40,303,280,23,223,208,15,72,69,3,151,139,12,18,16,2,3,3,0,15,13,2,62,56,6,355,338,17
S01009829,793,731,62,512,467,45,414,375,39,95,90,5,319,285,34,31,27,4,12,12,0,19,15,4,67,65,2,281,264,17
S01009830,619,591,28,416,403,13,348,337,11,91,88,3,257,249,8,19,18,1,5,4,1,14,14,0,49,48,1,203,188,15
S01009831,594,566,28,444,421,23,392,372,20,120,114,6,272,258,14,17,17,0,5,5,0,12,12,0,35,32,3,150,145,5
S01009832,825,765,60,514,472,42,432,395,37,122,116,6,310,279,31,36,35,1,13,12,1,23,23,0,46,42,4,311,293,18
S01009833,462,432,30,322,299,23,277,260,17,56,53,3,221,207,14,23,23,0,7,7,0,16,16,0,22,16,6,140,133,7
S01009834,630,579,51,444,410,34,370,343,27,110,103,7,260,240,20,25,22,3,7,6,1,18,16,2,49,45,4,186,169,17
S01009835,417,406,11,243,234,9,203,195,8,79,77,2,124,118,6,10,10,0,1,1,0,9,9,0,30,29,1,174,172,2
S01009836,815,779,36,497,475,22,420,403,17,105,97,8,315,306,9,31,29,2,3,3,0,28,26,2,46,43,3,318,304,14
S01009837,610,586,24,303,286,17,264,247,17,67,62,5,197,185,12,13,13,0,1,1,0,12,12,0,26,26,0,307,300,7
S01009838,635,579,56,387,345,42,304,274,30,72,67,5,232,207,25,19,13,6,5,4,1,14,9,5,64,58,6,248,234,14
S01009839,818,741,77,510,452,58,397,359,38,113,103,10,284,256,28,23,20,3,4,4,0,19,16,3,90,73,17,308,289,19
S01009840,848,828,20,442,433,9,362,355,7,117,114,3,245,241,4,24,24,0,7,7,0,17,17,0,56,54,2,406,395,11
S01009841,695,508,187,411,281,130,320,213,107,91,57,34,229,156,73,20,12,8,10,6,4,10,6,4,71,56,15,284,227,57
S01009842,524,378,146,327,231,96,237,166,71,76,56,20,161,110,51,20,11,9,6,4,2,14,7,7,70,54,16,197,147,50
S01009843,496,436,60,244,211,33,179,154,25,51,49,2,128,105,23,8,5,3,2,1,1,6,4,2,57,52,5,252,225,27
S01009844,477,358,119,258,180,78,164,112,52,40,33,7,124,79,45,23,8,15,5,1,4,18,7,11,71,60,11,219,178,41
S01009845,612,376,236,412,240,172,287,155,132,79,43,36,208,112,96,24,15,9,8,6,2,16,9,7,101,70,31,200,136,64
S01009846,714,582,132,439,345,94,339,267,72,118,91,27,221,176,45,23,18,5,9,6,3,14,12,2,77,60,17,275,237,38
S01009847,469,400,69,312,270,42,261,225,36,69,61,8,192,164,28,11,8,3,5,4,1,6,4,2,40,37,3,157,130,27
S01009848,738,693,45,409,385,24,332,311,21,112,103,9,220,208,12,15,13,2,2,2,0,13,11,2,62,61,1,329,308,21
S01009849,662,628,34,326,304,22,283,267,16,63,58,5,220,209,11,17,13,4,2,2,0,15,11,4,26,24,2,336,324,12
S01009850,765,727,38,431,403,28,364,342,22,81,75,6,283,267,16,29,25,4,11,10,1,18,15,3,38,36,2,334,324,10
S01009851,739,713,26,376,356,20,307,292,15,88,83,5,219,209,10,32,30,2,11,11,0,21,19,2,37,34,3,363,357,6
S01009852,495,462,33,259,240,19,224,210,14,54,54,0,170,156,14,16,11,5,4,2,2,12,9,3,19,19,0,236,222,14
S01009853,708,676,32,381,363,18,315,300,15,89,85,4,226,215,11,24,21,3,5,5,0,19,16,3,42,42,0,327,313,14
S01009854,690,644,46,440,412,28,355,333,22,109,103,6,246,230,16,31,27,4,6,4,2,25,23,2,54,52,2,250,232,18
S01009855,490,463,27,310,290,20,266,252,14,82,76,6,184,176,8,21,17,4,6,6,0,15,11,4,23,21,2,180,173,7
S01009856,548,504,44,269,253,16,217,207,10,67,63,4,150,144,6,27,21,6,10,7,3,17,14,3,25,25,0,279,251,28
S01009857,732,696,36,412,386,26,355,332,23,102,95,7,253,237,16,28,28,0,7,7,0,21,21,0,29,26,3,320,310,10
S01009858,633,600,33,373,355,18,318,304,14,81,77,4,237,227,10,24,21,3,4,4,0,20,17,3,31,30,1,260,245,15
S01009859,884,786,98,434,375,59,317,274,43,98,90,8,219,184,35,18,14,4,5,2,3,13,12,1,99,87,12,450,411,39
S01009860,793,716,77,376,321,55,276,246,30,95,86,9,181,160,21,8,6,2,2,1,1,6,5,1,92,69,23,417,395,22
S01009861,896,740,156,468,387,81,348,289,59,95,79,16,253,210,43,32,28,4,9,8,1,23,20,3,88,70,18,428,353,75
S01009862,961,764,197,552,420,132,419,322,97,101,78,23,318,244,74,34,23,11,8,5,3,26,18,8,99,75,24,409,344,65
S01009863,686,461,225,437,294,143,337,224,113,76,44,32,261,180,81,33,23,10,8,4,4,25,19,6,67,47,20,249,167,82
S01009864,513,430,83,342,278,64,248,205,43,62,51,11,186,154,32,30,27,3,6,6,0,24,21,3,64,46,18,171,152,19
S01009865,395,321,74,255,213,42,202,170,32,53,42,11,149,128,21,24,20,4,7,6,1,17,14,3,29,23,6,140,108,32
S01009866,782,665,117,514,443,71,425,369,56,90,76,14,335,293,42,35,31,4,8,7,1,27,24,3,54,43,11,268,222,46
S01009867,948,773,175,692,564,128,580,481,99,101,70,31,479,411,68,72,54,18,17,12,5,55,42,13,40,29,11,256,209,47
S01009868,622,449,173,418,302,116,355,266,89,72,56,16,283,210,73,27,17,10,4,2,2,23,15,8,36,19,17,204,147,57
S01009869,464,278,186,339,220,119,264,176,88,68,32,36,196,144,52,30,19,11,6,5,1,24,14,10,45,25,20,125,58,67
S01009870,498,354,144,326,227,99,230,161,69,70,45,25,160,116,44,38,22,16,12,8,4,26,14,12,58,44,14,172,127,45
S01009871,853,684,169,406,326,80,305,259,46,87,66,21,218,193,25,60,40,20,20,11,9,40,29,11,41,27,14,447,358,89
S01009872,605,425,180,410,310,100,313,248,65,66,41,25,247,207,40,47,31,16,13,9,4,34,22,12,50,31,19,195,115,80
S01009873,788,654,134,435,359,76,315,263,52,71,61,10,244,202,42,78,59,19,22,16,6,56,43,13,42,37,5,353,295,58
S01009874,868,763,105,499,438,61,371,336,35,126,111,15,245,225,20,72,58,14,22,21,1,50,37,13,56,44,12,369,325,44
S01009875,517,285,232,296,176,120,199,128,71,64,39,25,135,89,46,35,14,21,12,5,7,23,9,14,62,34,28,221,109,112
S01009876,526,317,209,286,175,111,197,118,79,89,41,48,108,77,31,19,10,9,9,4,5,10,6,4,70,47,23,240,142,98
S01009877,761,589,172,443,347,96,306,245,61,72,58,14,234,187,47,111,84,27,24,18,6,87,66,21,26,18,8,318,242,76
S01009878,542,291,251,312,182,130,208,134,74,73,39,34,135,95,40,51,23,28,11,4,7,40,19,21,53,25,28,230,109,121
S01009879,733,614,119,467,401,66,319,276,43,74,61,13,245,215,30,119,101,18,35,31,4,84,70,14,29,24,5,266,213,53
S01009880,612,399,213,339,239,100,250,186,64,84,56,28,166,130,36,60,32,28,10,6,4,50,26,24,29,21,8,273,160,113
S01009881,402,227,175,257,170,87,185,131,54,74,46,28,111,85,26,38,20,18,9,3,6,29,17,12,34,19,15,145,57,88
S01009882,936,677,259,754,584,170,602,476,126,148,93,55,454,383,71,89,71,18,17,11,6,72,60,12,63,37,26,182,93,89
S01009883,602,286,316,375,208,167,266,164,102,108,58,50,158,106,52,51,19,32,13,6,7,38,13,25,58,25,33,227,78,149
S01009884,634,414,220,427,301,126,307,213,94,77,42,35,230,171,59,73,50,23,29,20,9,44,30,14,47,38,9,207,113,94
S01009885,663,403,260,389,286,103,250,186,64,85,47,38,165,139,26,78,47,31,24,16,8,54,31,23,61,53,8,274,117,157
S01009886,626,417,209,335,259,76,237,192,45,103,79,24,134,113,21,56,38,18,17,10,7,39,28,11,42,29,13,291,158,133
S01009887,774,429,345,463,276,187,333,207,126,106,50,56,227,157,70,51,24,27,23,6,17,28,18,10,79,45,34,311,153,158
S01009888,527,259,268,311,170,141,236,139,97,83,38,45,153,101,52,43,15,28,16,5,11,27,10,17,32,16,16,216,89,127
S01009889,652,401,251,371,239,132,282,190,92,77,42,35,205,148,57,51,25,26,20,6,14,31,19,12,38,24,14,281,162,119
S01009890,439,317,122,256,178,78,191,136,55,70,45,25,121,91,30,18,9,9,5,3,2,13,6,7,47,33,14,183,139,44
S01009891,635,492,143,382,291,91,291,232,59,67,38,29,224,194,30,36,22,14,7,1,6,29,21,8,55,37,18,253,201,52
S01009892,708,499,209,401,277,124,311,218,93,73,46,27,238,172,66,21,14,7,5,3,2,16,11,5,69,45,24,307,222,85
S01009893,672,422,250,458,314,144,353,257,96,80,44,36,273,213,60,43,20,23,23,8,15,20,12,8,62,37,25,214,108,106
S01009894,689,530,159,346,254,92,271,208,63,92,57,35,179,151,28,31,18,13,9,6,3,22,12,10,44,28,16,343,276,67
S01009895,620,436,184,344,234,110,265,185,80,79,52,27,186,133,53,22,9,13,7,4,3,15,5,10,57,40,17,276,202,74
S01009896,769,573,196,395,296,99,283,217,66,89,62,27,194,155,39,45,28,17,17,10,7,28,18,10,67,51,16,374,277,97
S01009897,810,633,177,462,359,103,357,293,64,83,57,26,274,236,38,51,32,19,19,9,10,32,23,9,54,34,20,348,274,74
S01009898,490,366,124,236,179,57,160,128,32,58,44,14,102,84,18,37,20,17,15,9,6,22,11,11,39,31,8,254,187,67
S01009899,684,620,64,490,442,48,419,385,34,78,67,11,341,318,23,38,28,10,14,7,7,24,21,3,33,29,4,194,178,16
S01009900,741,683,58,635,584,51,551,510,41,88,80,8,463,430,33,49,46,3,5,5,0,44,41,3,35,28,7,106,99,7
S01009901,741,655,86,617,559,58,529,478,51,89,77,12,440,401,39,53,51,2,10,10,0,43,41,2,35,30,5,124,96,28
S01009902,804,697,107,391,334,57,300,261,39,97,78,19,203,183,20,39,26,13,3,1,2,36,25,11,52,47,5,413,363,50
S01009903,652,459,193,458,352,106,344,267,77,86,57,29,258,210,48,75,54,21,22,16,6,53,38,15,39,31,8,194,107,87
S01009904,696,602,94,493,436,57,416,368,48,64,56,8,352,312,40,53,46,7,13,13,0,40,33,7,24,22,2,203,166,37
S01009905,622,399,223,432,318,114,316,233,83,78,42,36,238,191,47,51,35,16,13,9,4,38,26,12,65,50,15,190,81,109
S01009906,557,384,173,411,294,117,328,239,89,71,44,27,257,195,62,43,28,15,11,7,4,32,21,11,40,27,13,146,90,56
S01009907,730,494,236,500,356,144,372,284,88,72,45,27,300,239,61,45,29,16,16,9,7,29,20,9,83,43,40,230,138,92
S01009908,856,709,147,667,572,95,526,454,72,127,96,31,399,358,41,108,94,14,32,26,6,76,68,8,33,24,9,189,137,52
S01009909,767,634,133,589,502,87,453,390,63,77,58,19,376,332,44,86,69,17,27,23,4,59,46,13,50,43,7,178,132,46
S01009910,455,348,107,378,304,74,307,247,60,68,47,21,239,200,39,40,29,11,11,8,3,29,21,8,31,28,3,77,44,33
S01009911,840,744,96,533,481,52,432,394,38,98,86,12,334,308,26,65,59,6,17,15,2,48,44,4,36,28,8,307,263,44
S01009912,790,641,149,448,371,77,316,262,54,79,69,10,237,193,44,109,88,21,28,23,5,81,65,16,23,21,2,342,270,72
S01009913,591,430,161,376,298,78,258,210,48,75,61,14,183,149,34,99,73,26,18,15,3,81,58,23,19,15,4,215,132,83
S01009914,819,702,117,516,448,68,350,315,35,96,83,13,254,232,22,142,110,32,38,25,13,104,85,19,24,23,1,303,254,49
S01009915,752,645,107,502,433,69,383,336,47,95,81,14,288,255,33,92,75,17,28,23,5,64,52,12,27,22,5,250,212,38
S01009916,776,549,227,427,318,109,289,241,48,94,73,21,195,168,27,104,54,50,17,7,10,87,47,40,34,23,11,349,231,118
S01009917,592,512,80,405,357,48,333,300,33,70,56,14,263,244,19,55,42,13,16,13,3,39,29,10,17,15,2,187,155,32
S01009918,578,518,60,370,339,31,294,272,22,74,68,6,220,204,16,60,52,8,17,14,3,43,38,5,16,15,1,208,179,29
S01009919,948,781,167,597,494,103,457,391,66,90,73,17,367,318,49,73,54,19,20,13,7,53,41,12,67,49,18,351,287,64
S01009920,782,692,90,621,551,70,545,485,60,64,53,11,481,432,49,52,45,7,15,12,3,37,33,4,24,21,3,161,141,20
S01009921,593,512,81,493,434,59,417,371,46,66,53,13,351,318,33,41,37,4,9,8,1,32,29,3,35,26,9,100,78,22
S01009922,940,839,101,740,667,73,648,586,62,95,80,15,553,506,47,58,52,6,17,15,2,41,37,4,34,29,5,200,172,28
S01009923,788,695,93,551,487,64,453,400,53,79,68,11,374,332,42,60,52,8,15,14,1,45,38,7,38,35,3,237,208,29
S01009924,896,757,139,647,553,94,564,489,75,95,78,17,469,411,58,55,40,15,18,12,6,37,28,9,28,24,4,249,204,45
S01009925,602,516,86,500,438,62,438,393,45,68,56,12,370,337,33,31,24,7,5,4,1,26,20,6,31,21,10,102,78,24
S01009926,660,560,100,458,396,62,371,321,50,66,50,16,305,271,34,61,53,8,15,14,1,46,39,7,26,22,4,202,164,38
S01009927,443,389,54,296,253,43,226,191,35,48,43,5,178,148,30,39,32,7,11,7,4,28,25,3,31,30,1,147,136,11
S01009928,763,717,46,557,524,33,438,415,23,69,68,1,369,347,22,86,82,4,17,17,0,69,65,4,33,27,6,206,193,13
S01009929,423,367,56,287,253,34,222,198,24,48,42,6,174,156,18,43,38,5,14,11,3,29,27,2,22,17,5,136,114,22
S01009930,758,660,98,604,537,67,487,440,47,76,65,11,411,375,36,73,62,11,25,23,2,48,39,9,44,35,9,154,123,31
S01009931,692,641,51,587,547,40,506,471,35,71,67,4,435,404,31,55,52,3,14,13,1,41,39,2,26,24,2,105,94,11
S01009932,576,517,59,454,404,50,380,340,40,62,52,10,318,288,30,56,49,7,15,13,2,41,36,5,18,15,3,122,113,9
S01009933,762,562,200,480,343,137,369,262,107,82,40,42,287,222,65,28,20,8,11,7,4,17,13,4,83,61,22,282,219,63
S01009934,753,648,105,542,473,69,465,413,52,111,93,18,354,320,34,44,37,7,13,10,3,31,27,4,33,23,10,211,175,36
S01009935,502,476,26,203,187,16,165,151,14,41,37,4,124,114,10,10,9,1,4,4,0,6,5,1,28,27,1,299,289,10
S01009936,568,486,82,332,289,43,273,239,34,54,42,12,219,197,22,27,24,3,13,11,2,14,13,1,32,26,6,236,197,39
S01009937,401,277,124,184,123,61,131,91,40,61,35,26,70,56,14,9,6,3,3,1,2,6,5,1,44,26,18,217,154,63
S01009938,818,747,71,357,322,35,276,253,23,76,63,13,200,190,10,39,32,7,15,14,1,24,18,6,42,37,5,461,425,36
S01009939,687,469,218,341,227,114,196,120,76,68,34,34,128,86,42,11,10,1,3,3,0,8,7,1,134,97,37,346,242,104
S01009940,678,663,15,326,320,6,248,244,4,89,88,1,159,156,3,15,13,2,3,1,2,12,12,0,63,63,0,352,343,9
S01009941,754,563,191,523,412,111,399,323,76,127,86,41,272,237,35,63,40,23,16,7,9,47,33,14,61,49,12,231,151,80
S01009942,836,759,77,449,408,41,340,318,22,102,98,4,238,220,18,29,25,4,7,5,2,22,20,2,80,65,15,387,351,36
S01009943,671,625,46,319,295,24,245,224,21,82,74,8,163,150,13,18,18,0,6,6,0,12,12,0,56,53,3,352,330,22
S01009944,658,592,66,380,345,35,304,278,26,86,76,10,218,202,16,38,31,7,11,8,3,27,23,4,38,36,2,278,247,31
S01009945,790,720,70,433,390,43,353,315,38,99,87,12,254,228,26,30,29,1,7,7,0,23,22,1,50,46,4,357,330,27
S01009946,672,611,61,388,356,32,311,288,23,100,90,10,211,198,13,30,24,6,7,6,1,23,18,5,47,44,3,284,255,29
S01009947,470,427,43,262,237,25,208,188,20,61,50,11,147,138,9,27,22,5,6,4,2,21,18,3,27,27,0,208,190,18
S01009948,671,581,90,328,279,49,251,219,32,79,61,18,172,158,14,23,21,2,7,7,0,16,14,2,54,39,15,343,302,41
S01009949,667,597,70,390,348,42,309,279,30,102,90,12,207,189,18,27,21,6,6,6,0,21,15,6,54,48,6,277,249,28
S01009950,593,515,78,389,354,35,290,266,24,81,71,10,209,195,14,76,67,9,20,15,5,56,52,4,23,21,2,204,161,43
S01009951,615,546,69,397,366,31,260,244,16,68,66,2,192,178,14,114,101,13,26,23,3,88,78,10,23,21,2,218,180,38
S01009952,599,555,44,368,341,27,308,287,21,79,75,4,229,212,17,43,38,5,12,11,1,31,27,4,17,16,1,231,214,17
S01009953,734,661,73,469,430,39,383,352,31,122,107,15,261,245,16,61,55,6,14,13,1,47,42,5,25,23,2,265,231,34
S01009954,511,411,100,324,269,55,227,197,30,69,58,11,158,139,19,65,44,21,18,13,5,47,31,16,32,28,4,187,142,45
S01009955,854,781,73,485,448,37,393,366,27,91,86,5,302,280,22,51,42,9,13,9,4,38,33,5,41,40,1,369,333,36
S01009956,617,558,59,357,324,33,274,249,25,81,74,7,193,175,18,43,39,4,10,9,1,33,30,3,40,36,4,260,234,26
S01009957,611,569,42,400,370,30,303,284,19,79,73,6,224,211,13,86,75,11,26,23,3,60,52,8,11,11,0,211,199,12
S01009958,747,700,47,539,506,33,446,426,20,110,98,12,336,328,8,75,63,12,23,20,3,52,43,9,18,17,1,208,194,14
S01009959,556,515,41,307,287,20,224,213,11,76,70,6,148,143,5,67,61,6,14,12,2,53,49,4,16,13,3,249,228,21
S01009960,758,698,60,418,380,38,339,311,28,84,73,11,255,238,17,64,55,9,12,10,2,52,45,7,15,14,1,340,318,22
S01009961,580,550,30,339,325,14,265,260,5,79,76,3,186,184,2,47,42,5,11,9,2,36,33,3,27,23,4,241,225,16
S01009962,888,838,50,612,572,40,525,494,31,91,85,6,434,409,25,50,47,3,18,15,3,32,32,0,37,31,6,276,266,10
S01009963,665,626,39,442,420,22,373,363,10,99,96,3,274,267,7,58,47,11,15,11,4,43,36,7,11,10,1,223,206,17
S01009964,743,670,73,516,471,45,426,396,30,113,100,13,313,296,17,64,50,14,11,8,3,53,42,11,26,25,1,227,199,28
S01009965,613,575,38,401,377,24,335,316,19,102,98,4,233,218,15,39,35,4,9,8,1,30,27,3,27,26,1,212,198,14
S01009966,645,610,35,435,420,15,372,362,10,117,115,2,255,247,8,32,31,1,10,10,0,22,21,1,31,27,4,210,190,20
S01009967,700,668,32,453,432,21,373,358,15,103,99,4,270,259,11,63,59,4,17,17,0,46,42,4,17,15,2,247,236,11
S01009968,523,491,32,344,333,11,291,285,6,78,78,0,213,207,6,34,29,5,6,5,1,28,24,4,19,19,0,179,158,21
S01009969,700,668,32,408,387,21,318,304,14,81,77,4,237,227,10,66,63,3,14,14,0,52,49,3,24,20,4,292,281,11
S01009970,733,687,46,378,350,28,277,257,20,107,100,7,170,157,13,21,19,2,2,1,1,19,18,1,80,74,6,355,337,18
S01009971,860,822,38,525,495,30,398,377,21,124,117,7,274,260,14,42,36,6,5,4,1,37,32,5,85,82,3,335,327,8
S01009972,680,643,37,397,374,23,328,312,16,81,77,4,247,235,12,42,38,4,7,6,1,35,32,3,27,24,3,283,269,14
S01009973,565,547,18,391,377,14,333,322,11,98,94,4,235,228,7,26,25,1,11,10,1,15,15,0,32,30,2,174,170,4
S01009974,468,457,11,244,236,8,183,181,2,72,71,1,111,110,1,10,8,2,1,1,0,9,7,2,51,47,4,224,221,3
S01009975,629,618,11,267,261,6,195,191,4,81,81,0,114,110,4,15,15,0,3,3,0,12,12,0,57,55,2,362,357,5
S01009976,385,379,6,213,209,4,173,170,3,52,50,2,121,120,1,10,10,0,5,5,0,5,5,0,30,29,1,172,170,2
S01009977,813,793,20,325,320,5,236,233,3,84,82,2,152,151,1,11,10,1,2,2,0,9,8,1,78,77,1,488,473,15
S01009978,773,724,49,441,407,34,340,316,24,118,109,9,222,207,15,22,18,4,6,5,1,16,13,3,79,73,6,332,317,15
S01009979,516,505,11,209,200,9,160,152,8,52,49,3,108,103,5,6,5,1,2,2,0,4,3,1,43,43,0,307,305,2
S01009980,541,526,15,231,228,3,168,167,1,67,66,1,101,101,0,5,5,0,1,1,0,4,4,0,58,56,2,310,298,12
S01009981,532,516,16,301,293,8,223,217,6,85,81,4,138,136,2,12,10,2,1,1,0,11,9,2,66,66,0,231,223,8
S01009982,767,708,59,497,455,42,390,361,29,141,126,15,249,235,14,39,29,10,8,6,2,31,23,8,68,65,3,270,253,17
S01009983,426,325,101,228,148,80,156,96,60,65,48,17,91,48,43,6,4,2,1,0,1,5,4,1,66,48,18,198,177,21
S01009984,580,514,66,388,332,56,299,258,41,82,70,12,217,188,29,34,26,8,11,5,6,23,21,2,55,48,7,192,182,10
S01009985,467,419,48,268,235,33,188,167,21,54,49,5,134,118,16,14,11,3,3,1,2,11,10,1,66,57,9,199,184,15
S01009986,446,434,12,208,201,7,146,146,0,50,50,0,96,96,0,6,6,0,2,2,0,4,4,0,56,49,7,238,233,5
S01009987,747,703,44,370,345,25,290,271,19,80,75,5,210,196,14,21,19,2,4,4,0,17,15,2,59,55,4,377,358,19
S01009988,447,427,20,195,187,8,144,137,7,53,50,3,91,87,4,5,5,0,1,1,0,4,4,0,46,45,1,252,240,12
S01009989,670,631,39,434,414,20,356,343,13,92,86,6,264,257,7,27,25,2,4,4,0,23,21,2,51,46,5,236,217,19
S01009990,553,526,27,401,382,19,343,326,17,94,93,1,249,233,16,22,21,1,6,6,0,16,15,1,36,35,1,152,144,8
S01009991,625,591,34,458,436,22,387,372,15,95,92,3,292,280,12,26,23,3,6,5,1,20,18,2,45,41,4,167,155,12
S01009992,573,548,25,283,272,11,207,198,9,69,67,2,138,131,7,14,14,0,7,7,0,7,7,0,62,60,2,290,276,14
S01009993,659,626,33,492,466,26,416,398,18,91,90,1,325,308,17,44,40,4,13,11,2,31,29,2,32,28,4,167,160,7
S01009994,532,512,20,385,370,15,333,319,14,94,88,6,239,231,8,27,26,1,3,2,1,24,24,0,25,25,0,147,142,5
S01009995,535,493,42,398,367,31,340,317,23,92,86,6,248,231,17,27,21,6,13,10,3,14,11,3,31,29,2,137,126,11
S01009996,572,538,34,394,366,28,330,306,24,104,95,9,226,211,15,25,24,1,4,4,0,21,20,1,39,36,3,178,172,6
S01009997,470,439,31,340,311,29,288,266,22,64,61,3,224,205,19,21,19,2,4,2,2,17,17,0,31,26,5,130,128,2
S01009998,524,470,54,298,274,24,224,211,13,61,56,5,163,155,8,47,38,9,10,9,1,37,29,8,27,25,2,226,196,30
S01009999,597,566,31,369,351,18,310,296,14,80,77,3,230,219,11,28,24,4,11,10,1,17,14,3,31,31,0,228,215,13
S01010000,491,458,33,362,341,21,300,285,15,71,66,5,229,219,10,25,19,6,5,3,2,20,16,4,37,37,0,129,117,12
S01010001,617,558,59,406,364,42,343,317,26,91,82,9,252,235,17,29,20,9,12,5,7,17,15,2,34,27,7,211,194,17
S01010002,644,557,87,438,390,48,369,332,37,121,107,14,248,225,23,30,26,4,9,8,1,21,18,3,39,32,7,206,167,39
S01010003,571,548,23,393,382,11,335,326,9,92,89,3,243,237,6,34,33,1,11,11,0,23,22,1,24,23,1,178,166,12
S01010004,617,566,51,393,361,32,313,297,16,89,83,6,224,214,10,40,31,9,12,10,2,28,21,7,40,33,7,224,205,19
S01010005,682,635,47,479,449,30,386,365,21,56,53,3,330,312,18,31,26,5,9,6,3,22,20,2,62,58,4,203,186,17
S01010006,810,731,79,560,510,50,493,449,44,73,62,11,420,387,33,24,23,1,4,3,1,20,20,0,43,38,5,250,221,29
S01010007,805,754,51,553,519,34,473,445,28,117,107,10,356,338,18,56,52,4,19,19,0,37,33,4,24,22,2,252,235,17
S01010008,567,528,39,413,388,25,352,333,19,49,44,5,303,289,14,33,31,2,9,9,0,24,22,2,28,24,4,154,140,14
S01010009,528,481,47,423,386,37,359,329,30,55,43,12,304,286,18,29,23,6,10,8,2,19,15,4,35,34,1,105,95,10
S01010010,858,794,64,575,540,35,472,448,24,124,118,6,348,330,18,71,63,8,21,18,3,50,45,5,32,29,3,283,254,29
S01010011,703,655,48,415,385,30,352,330,22,54,51,3,298,279,19,25,22,3,10,8,2,15,14,1,38,33,5,288,270,18
S01010012,685,613,72,428,394,34,359,337,22,111,105,6,248,232,16,43,35,8,10,8,2,33,27,6,26,22,4,257,219,38
S01010013,698,650,48,518,477,41,430,398,32,84,77,7,346,321,25,41,36,5,11,10,1,30,26,4,47,43,4,180,173,7
S01010014,874,763,111,616,547,69,488,434,54,98,80,18,390,354,36,82,72,10,15,15,0,67,57,10,46,41,5,258,216,42
S01010015,711,623,88,555,498,57,445,401,44,78,64,14,367,337,30,58,51,7,16,11,5,42,40,2,52,46,6,156,125,31
S01010016,611,555,56,328,302,26,277,252,25,86,76,10,191,176,15,21,20,1,1,1,0,20,19,1,30,30,0,283,253,30
S01010017,606,569,37,347,329,18,267,254,13,96,93,3,171,161,10,17,14,3,3,3,0,14,11,3,63,61,2,259,240,19
S01010018,798,707,91,418,380,38,365,331,34,98,87,11,267,244,23,24,22,2,10,8,2,14,14,0,29,27,2,380,327,53
S01010019,586,527,59,293,263,30,224,199,25,83,73,10,141,126,15,10,10,0,2,2,0,8,8,0,59,54,5,293,264,29
S01010020,627,576,51,350,334,16,302,291,11,93,89,4,209,202,7,21,17,4,7,7,0,14,10,4,27,26,1,277,242,35
S01010021,624,436,188,305,207,98,200,133,67,84,54,30,116,79,37,23,18,5,4,3,1,19,15,4,82,56,26,319,229,90
S01010022,773,668,105,415,358,57,315,272,43,81,69,12,234,203,31,32,26,6,12,8,4,20,18,2,68,60,8,358,310,48
S01010023,536,494,42,212,189,23,154,137,17,53,48,5,101,89,12,9,8,1,3,2,1,6,6,0,49,44,5,324,305,19
S01010024,625,532,93,363,300,63,298,253,45,97,82,15,201,171,30,14,11,3,5,3,2,9,8,1,51,36,15,262,232,30
S01010025,471,368,103,231,158,73,162,115,47,57,40,17,105,75,30,22,10,12,11,4,7,11,6,5,47,33,14,240,210,30
S01010026,758,628,130,477,379,98,382,305,77,87,65,22,295,240,55,30,22,8,4,3,1,26,19,7,65,52,13,281,249,32
S01010027,761,629,132,480,403,77,396,338,58,101,85,16,295,253,42,29,22,7,6,4,2,23,18,5,55,43,12,281,226,55
S01010028,547,473,74,283,236,47,221,193,28,63,50,13,158,143,15,21,14,7,4,2,2,17,12,5,41,29,12,264,237,27
S01010029,574,511,63,217,194,23,174,156,18,59,52,7,115,104,11,11,9,2,4,2,2,7,7,0,32,29,3,357,317,40
S01010030,704,576,128,501,419,82,428,356,72,85,72,13,343,284,59,27,25,2,7,7,0,20,18,2,46,38,8,203,157,46
S01010031,730,541,189,549,422,127,438,350,88,90,72,18,348,278,70,45,35,10,11,7,4,34,28,6,66,37,29,181,119,62
S01010032,804,527,277,479,349,130,371,295,76,99,60,39,272,235,37,24,21,3,5,4,1,19,17,2,84,33,51,325,178,147
S01010033,769,546,223,463,337,126,351,267,84,89,61,28,262,206,56,33,21,12,3,1,2,30,20,10,79,49,30,306,209,97
S01010034,882,722,160,431,348,83,354,293,61,101,77,24,253,216,37,15,12,3,3,3,0,12,9,3,62,43,19,451,374,77
S01010035,573,341,232,301,163,138,213,120,93,79,37,42,134,83,51,14,5,9,8,3,5,6,2,4,74,38,36,272,178,94
S01010036,767,449,318,572,360,212,446,300,146,180,123,57,266,177,89,46,25,21,22,9,13,24,16,8,80,35,45,195,89,106
S01010037,565,511,54,234,199,35,186,157,29,47,39,8,139,118,21,10,9,1,2,2,0,8,7,1,38,33,5,331,312,19
S01010038,867,764,103,448,372,76,366,300,66,101,73,28,265,227,38,32,29,3,9,7,2,23,22,1,50,43,7,419,392,27
S01010039,931,703,228,669,517,152,558,430,128,127,101,26,431,329,102,59,50,9,19,13,6,40,37,3,52,37,15,262,186,76
S01010040,666,535,131,484,383,101,388,308,80,78,56,22,310,252,58,46,38,8,16,12,4,30,26,4,50,37,13,182,152,30
S01010041,627,514,113,401,323,78,339,275,64,76,63,13,263,212,51,33,26,7,12,7,5,21,19,2,29,22,7,226,191,35
S01010042,974,704,270,717,516,201,583,425,158,135,102,33,448,323,125,44,29,15,10,6,4,34,23,11,90,62,28,257,188,69
S01010043,656,545,111,404,314,90,305,233,72,95,68,27,210,165,45,16,13,3,5,4,1,11,9,2,83,68,15,252,231,21
S01010044,993,870,123,584,485,99,485,410,75,119,94,25,366,316,50,37,27,10,13,11,2,24,16,8,62,48,14,409,385,24
S01010045,418,392,26,179,158,21,140,123,17,55,51,4,85,72,13,7,7,0,4,4,0,3,3,0,32,28,4,239,234,5
S01010046,647,604,43,349,317,32,268,248,20,72,67,5,196,181,15,33,24,9,18,13,5,15,11,4,48,45,3,298,287,11
S01010047,694,651,43,317,280,37,239,213,26,79,73,6,160,140,20,16,11,5,5,4,1,11,7,4,62,56,6,377,371,6
S01010048,810,728,82,388,340,48,306,264,42,76,58,18,230,206,24,18,13,5,6,5,1,12,8,4,64,63,1,422,388,34
S01010049,604,514,90,317,254,63,241,189,52,88,75,13,153,114,39,11,7,4,4,2,2,7,5,2,65,58,7,287,260,27
S01010050,807,724,83,373,313,60,287,234,53,95,82,13,192,152,40,15,11,4,2,1,1,13,10,3,71,68,3,434,411,23
S01010051,606,506,100,269,203,66,209,158,51,57,42,15,152,116,36,14,11,3,8,5,3,6,6,0,46,34,12,337,303,34
S01010052,555,457,98,305,223,82,235,174,61,59,43,16,176,131,45,12,9,3,3,2,1,9,7,2,58,40,18,250,234,16
S01010053,700,553,147,400,294,106,321,236,85,110,82,28,211,154,57,22,14,8,8,5,3,14,9,5,57,44,13,300,259,41
S01010054,411,374,37,200,172,28,142,122,20,50,45,5,92,77,15,6,3,3,1,0,1,5,3,2,52,47,5,211,202,9
S01010055,961,875,86,500,442,58,384,336,48,110,99,11,274,237,37,32,30,2,5,5,0,27,25,2,84,76,8,461,433,28
S01010056,360,336,24,202,187,15,157,144,13,49,48,1,108,96,12,13,12,1,4,4,0,9,8,1,32,31,1,158,149,9
S01010057,334,286,48,197,163,34,160,131,29,50,48,2,110,83,27,11,10,1,2,2,0,9,8,1,26,22,4,137,123,14
S01010058,613,559,54,366,334,32,297,273,24,93,87,6,204,186,18,18,14,4,7,6,1,11,8,3,51,47,4,247,225,22
S01010059,548,489,59,372,327,45,304,267,37,69,63,6,235,204,31,23,20,3,9,6,3,14,14,0,45,40,5,176,162,14
S01010060,768,698,70,444,394,50,357,318,39,86,78,8,271,240,31,28,23,5,2,1,1,26,22,4,59,53,6,324,304,20
S01010061,419,389,30,295,287,8,240,234,6,46,45,1,194,189,5,24,23,1,6,5,1,18,18,0,31,30,1,124,102,22
S01010062,594,554,40,319,290,29,244,223,21,83,79,4,161,144,17,28,25,3,7,7,0,21,18,3,47,42,5,275,264,11
S01010063,854,784,70,475,421,54,361,312,49,90,82,8,271,230,41,25,22,3,7,7,0,18,15,3,89,87,2,379,363,16
S01010064,442,404,38,260,233,27,214,196,18,56,54,2,158,142,16,17,14,3,3,2,1,14,12,2,29,23,6,182,171,11
S01010065,709,674,35,372,345,27,314,289,25,83,79,4,231,210,21,21,20,1,3,3,0,18,17,1,37,36,1,337,329,8
S01010066,608,555,53,301,274,27,227,208,19,85,77,8,142,131,11,20,19,1,10,10,0,10,9,1,54,47,7,307,281,26
S01010067,468,440,28,255,237,18,170,158,12,44,43,1,126,115,11,14,11,3,5,3,2,9,8,1,71,68,3,213,203,10
S01010068,524,428,96,316,252,64,259,201,58,64,45,19,195,156,39,25,23,2,9,7,2,16,16,0,32,28,4,208,176,32
S01010069,698,664,34,511,488,23,442,427,15,103,98,5,339,329,10,47,39,8,14,13,1,33,26,7,22,22,0,187,176,11
S01010070,556,525,31,431,419,12,368,357,11,115,110,5,253,247,6,48,47,1,11,11,0,37,36,1,15,15,0,125,106,19
S01010071,680,649,31,399,382,17,320,311,9,79,76,3,241,235,6,47,44,3,9,8,1,38,36,2,32,27,5,281,267,14
S01010072,693,675,18,421,407,14,358,348,10,99,97,2,259,251,8,29,25,4,11,10,1,18,15,3,34,34,0,272,268,4
S01010073,671,652,19,383,373,10,339,332,7,95,91,4,244,241,3,33,31,2,4,4,0,29,27,2,11,10,1,288,279,9
S01010074,694,673,21,385,379,6,326,322,4,92,91,1,234,231,3,37,35,2,6,6,0,31,29,2,22,22,0,309,294,15
S01010075,541,538,3,252,251,1,215,214,1,59,59,0,156,155,1,12,12,0,4,4,0,8,8,0,25,25,0,289,287,2
S01010076,553,543,10,333,326,7,272,266,6,66,66,0,206,200,6,29,29,0,4,4,0,25,25,0,32,31,1,220,217,3
S01010077,511,499,12,260,254,6,214,209,5,51,50,1,163,159,4,24,23,1,2,2,0,22,21,1,22,22,0,251,245,6
S01010078,510,472,38,364,343,21,311,296,15,93,88,5,218,208,10,33,28,5,10,7,3,23,21,2,20,19,1,146,129,17
S01010079,793,775,18,501,486,15,397,388,9,111,108,3,286,280,6,83,78,5,22,19,3,61,59,2,21,20,1,292,289,3
S01010080,577,561,16,328,322,6,273,268,5,71,69,2,202,199,3,37,37,0,9,9,0,28,28,0,18,17,1,249,239,10
S01010081,617,589,28,349,340,9,272,268,4,81,80,1,191,188,3,63,59,4,16,16,0,47,43,4,14,13,1,268,249,19
S01010082,742,702,40,467,445,22,369,354,15,77,75,2,292,279,13,62,59,3,6,6,0,56,53,3,36,32,4,275,257,18
S01010083,609,582,27,311,302,9,247,241,6,68,68,0,179,173,6,23,22,1,7,7,0,16,15,1,41,39,2,298,280,18
S01010084,750,733,17,390,378,12,334,325,9,93,90,3,241,235,6,16,15,1,5,5,0,11,10,1,40,38,2,360,355,5
S01010085,657,642,15,415,407,8,352,347,5,90,86,4,262,261,1,35,33,2,7,7,0,28,26,2,28,27,1,242,235,7
S01010086,778,763,15,391,380,11,314,309,5,85,85,0,229,224,5,25,23,2,9,8,1,16,15,1,52,48,4,387,383,4
S01010087,506,497,9,284,282,2,228,227,1,67,67,0,161,160,1,43,42,1,11,11,0,32,31,1,13,13,0,222,215,7
S01010088,612,575,37,525,498,27,428,408,20,101,97,4,327,311,16,77,70,7,11,10,1,66,60,6,20,20,0,87,77,10
S01010089,618,576,42,336,321,15,277,268,9,82,79,3,195,189,6,26,25,1,3,3,0,23,22,1,33,28,5,282,255,27
S01010090,875,847,28,617,604,13,532,522,10,145,142,3,387,380,7,52,50,2,15,14,1,37,36,1,33,32,1,258,243,15
S01010091,674,648,26,529,516,13,429,420,9,104,102,2,325,318,7,56,54,2,12,11,1,44,43,1,44,42,2,145,132,13
S01010092,822,792,30,355,339,16,292,276,16,86,84,2,206,192,14,21,21,0,6,6,0,15,15,0,42,42,0,467,453,14
S01010093,731,701,30,475,459,16,393,383,10,123,120,3,270,263,7,41,39,2,9,9,0,32,30,2,41,37,4,256,242,14
S01010094,564,550,14,357,348,9,312,305,7,97,96,1,215,209,6,28,26,2,6,5,1,22,21,1,17,17,0,207,202,5
S01010095,594,585,9,394,387,7,332,326,6,100,99,1,232,227,5,40,40,0,12,12,0,28,28,0,22,21,1,200,198,2
S01010096,617,600,17,419,406,13,356,345,11,111,106,5,245,239,6,35,34,1,8,8,0,27,26,1,28,27,1,198,194,4
S01010097,603,576,27,387,375,12,316,307,9,102,99,3,214,208,6,35,33,2,8,8,0,27,25,2,36,35,1,216,201,15
S01010098,600,590,10,392,387,5,329,325,4,99,97,2,230,228,2,41,40,1,9,9,0,32,31,1,22,22,0,208,203,5
S01010099,592,585,7,363,359,4,306,303,3,83,82,1,223,221,2,37,37,0,14,14,0,23,23,0,20,19,1,229,226,3
S01010100,766,735,31,442,424,18,373,359,14,100,93,7,273,266,7,49,46,3,12,11,1,37,35,2,20,19,1,324,311,13
S01010101,644,616,28,402,387,15,341,330,11,79,74,5,262,256,6,37,35,2,2,2,0,35,33,2,24,22,2,242,229,13
S01010102,749,701,48,592,565,27,516,492,24,145,140,5,371,352,19,44,42,2,4,3,1,40,39,1,32,31,1,157,136,21
S01010103,774,740,34,637,619,18,518,505,13,145,138,7,373,367,6,77,74,3,14,13,1,63,61,2,42,40,2,137,121,16
S01010104,554,534,20,458,445,13,387,377,10,100,99,1,287,278,9,47,45,2,8,8,0,39,37,2,24,23,1,96,89,7
S01010105,313,292,21,205,192,13,161,148,13,55,55,0,106,93,13,7,7,0,0,0,0,7,7,0,37,37,0,108,100,8
S01010106,357,345,12,183,174,9,144,136,8,42,40,2,102,96,6,10,10,0,2,2,0,8,8,0,29,28,1,174,171,3
S01010107,647,610,37,378,353,25,301,282,19,98,93,5,203,189,14,26,23,3,6,6,0,20,17,3,51,48,3,269,257,12
S01010108,623,608,15,367,358,9,297,289,8,82,81,1,215,208,7,34,33,1,5,5,0,29,28,1,36,36,0,256,250,6
S01010109,659,626,33,404,385,19,326,312,14,88,87,1,238,225,13,27,25,2,6,6,0,21,19,2,51,48,3,255,241,14
S01010110,684,666,18,322,313,9,254,246,8,106,106,0,148,140,8,14,13,1,4,3,1,10,10,0,54,54,0,362,353,9
S01010111,754,723,31,388,367,21,276,261,15,100,97,3,176,164,12,23,21,2,3,3,0,20,18,2,89,85,4,366,356,10
S01010112,728,705,23,399,386,13,290,280,10,120,117,3,170,163,7,21,19,2,5,4,1,16,15,1,88,87,1,329,319,10
S01010113,395,370,25,225,209,16,169,157,12,74,73,1,95,84,11,10,9,1,3,3,0,7,6,1,46,43,3,170,161,9
S01010114,614,574,40,289,261,28,216,191,25,85,73,12,131,118,13,10,8,2,4,3,1,6,5,1,63,62,1,325,313,12
S01010115,486,469,17,359,353,6,293,288,5,69,68,1,224,220,4,38,37,1,15,14,1,23,23,0,28,28,0,127,116,11
S01010116,794,706,88,618,561,57,527,475,52,126,115,11,401,360,41,45,43,2,8,7,1,37,36,1,46,43,3,176,145,31
S01010117,502,452,50,397,364,33,327,302,25,62,56,6,265,246,19,44,38,6,11,10,1,33,28,5,26,24,2,105,88,17
S01010118,478,459,19,228,215,13,162,152,10,71,65,6,91,87,4,9,6,3,2,1,1,7,5,2,57,57,0,250,244,6
S01010119,389,365,24,265,243,22,196,179,17,78,68,10,118,111,7,10,10,0,1,1,0,9,9,0,59,54,5,124,122,2
S01010120,772,737,35,423,398,25,303,285,18,108,100,8,195,185,10,15,13,2,1,1,0,14,12,2,105,100,5,349,339,10
S01010121,532,516,16,291,280,11,218,209,9,79,76,3,139,133,6,15,13,2,7,7,0,8,6,2,58,58,0,241,236,5
S01010122,380,369,11,162,156,6,113,108,5,37,35,2,76,73,3,6,6,0,2,2,0,4,4,0,43,42,1,218,213,5
S01010123,535,476,59,324,279,45,260,218,42,101,86,15,159,132,27,11,10,1,4,4,0,7,6,1,53,51,2,211,197,14
S01010124,506,475,31,368,352,16,307,295,12,72,68,4,235,227,8,23,22,1,7,6,1,16,16,0,38,35,3,138,123,15
S01010125,402,360,42,253,220,33,200,173,27,63,51,12,137,122,15,19,15,4,4,4,0,15,11,4,34,32,2,149,140,9
S01010126,593,581,12,394,385,9,318,311,7,86,83,3,232,228,4,41,40,1,6,6,0,35,34,1,35,34,1,199,196,3
S01010127,526,522,4,258,257,1,203,203,0,61,61,0,142,142,0,16,15,1,1,1,0,15,14,1,39,39,0,268,265,3
S01010128,343,315,28,181,162,19,132,116,16,52,46,6,80,70,10,5,4,1,2,2,0,3,2,1,44,42,2,162,153,9
S01010129,550,522,28,294,281,13,207,197,10,70,67,3,137,130,7,8,6,2,0,0,0,8,6,2,79,78,1,256,241,15
S01010130,341,335,6,158,155,3,121,121,0,37,37,0,84,84,0,13,10,3,1,1,0,12,9,3,24,24,0,183,180,3
S01010131,840,803,37,511,493,18,414,400,14,128,121,7,286,279,7,67,63,4,13,11,2,54,52,2,30,30,0,329,310,19
S01010132,809,758,51,359,323,36,281,249,32,94,87,7,187,162,25,16,16,0,7,7,0,9,9,0,62,58,4,450,435,15
S01010133,607,580,27,270,256,14,215,206,9,71,68,3,144,138,6,15,11,4,6,5,1,9,6,3,40,39,1,337,324,13
S01010134,840,816,24,425,411,14,346,336,10,102,101,1,244,235,9,30,28,2,10,9,1,20,19,1,49,47,2,415,405,10
S01010135,639,620,19,297,282,15,251,237,14,72,64,8,179,173,6,13,13,0,1,1,0,12,12,0,33,32,1,342,338,4
S01010136,679,664,15,405,396,9,335,327,8,91,88,3,244,239,5,32,32,0,8,8,0,24,24,0,38,37,1,274,268,6
S01010137,849,828,21,400,393,7,331,326,5,83,82,1,248,244,4,21,21,0,6,6,0,15,15,0,48,46,2,449,435,14
S01010138,841,779,62,352,314,38,233,215,18,73,67,6,160,148,12,21,18,3,4,3,1,17,15,2,98,81,17,489,465,24
S01010139,897,862,35,466,447,19,375,361,14,106,102,4,269,259,10,29,28,1,10,10,0,19,18,1,62,58,4,431,415,16
S01010140,596,543,53,452,412,40,381,347,34,67,58,9,314,289,25,26,24,2,7,6,1,19,18,1,45,41,4,144,131,13
S01010141,662,621,41,333,300,33,264,235,29,82,79,3,182,156,26,20,18,2,5,4,1,15,14,1,49,47,2,329,321,8
S01010142,491,470,21,308,294,14,234,226,8,59,57,2,175,169,6,24,21,3,3,2,1,21,19,2,50,47,3,183,176,7
S01010143,632,618,14,301,296,5,250,247,3,79,78,1,171,169,2,25,24,1,6,6,0,19,18,1,26,25,1,331,322,9
S01010144,575,488,87,390,313,77,309,245,64,75,58,17,234,187,47,24,16,8,6,3,3,18,13,5,57,52,5,185,175,10
S01010145,650,547,103,379,307,72,309,251,58,81,76,5,228,175,53,27,13,14,2,1,1,25,12,13,43,43,0,271,240,31
S01010146,627,546,81,394,338,56,282,245,37,77,67,10,205,178,27,22,17,5,3,1,2,19,16,3,90,76,14,233,208,25
S01010147,746,699,47,410,371,39,287,256,31,98,89,9,189,167,22,26,21,5,11,8,3,15,13,2,97,94,3,336,328,8
S01010148,601,563,38,317,295,22,235,216,19,85,76,9,150,140,10,15,14,1,2,2,0,13,12,1,67,65,2,284,268,16
S01010149,496,459,37,296,266,30,254,230,24,49,46,3,205,184,21,29,25,4,8,6,2,21,19,2,13,11,2,200,193,7
S01010150,540,517,23,234,216,18,181,167,14,61,59,2,120,108,12,21,20,1,3,3,0,18,17,1,32,29,3,306,301,5
S01010151,550,532,18,216,208,8,167,160,7,48,48,0,119,112,7,10,10,0,5,5,0,5,5,0,39,38,1,334,324,10
S01010152,736,692,44,393,360,33,323,304,19,80,75,5,243,229,14,17,14,3,6,5,1,11,9,2,53,42,11,343,332,11
S01010153,825,792,33,386,374,12,317,308,9,86,83,3,231,225,6,26,24,2,6,6,0,20,18,2,43,42,1,439,418,21
S01010154,783,762,21,310,297,13,273,263,10,76,74,2,197,189,8,11,11,0,1,1,0,10,10,0,26,23,3,473,465,8
S01010155,664,651,13,298,289,9,245,239,6,77,76,1,168,163,5,22,21,1,8,8,0,14,13,1,31,29,2,366,362,4
S01010156,477,453,24,218,201,17,163,152,11,48,47,1,115,105,10,24,21,3,12,11,1,12,10,2,31,28,3,259,252,7
S01010157,487,472,15,228,219,9,153,147,6,70,68,2,83,79,4,10,9,1,4,4,0,6,5,1,65,63,2,259,253,6
S01010158,790,751,39,387,364,23,321,300,21,75,71,4,246,229,17,24,24,0,6,6,0,18,18,0,42,40,2,403,387,16
S01010159,628,608,20,282,271,11,232,226,6,64,62,2,168,164,4,24,20,4,6,4,2,18,16,2,26,25,1,346,337,9
S01010160,473,254,219,272,117,155,178,63,115,54,19,35,124,44,80,26,8,18,10,3,7,16,5,11,68,46,22,201,137,64
S01010161,484,456,28,332,311,21,269,250,19,83,77,6,186,173,13,27,25,2,6,5,1,21,20,1,36,36,0,152,145,7
S01010162,639,590,49,310,284,26,205,186,19,91,88,3,114,98,16,13,8,5,5,5,0,8,3,5,92,90,2,329,306,23
S01010163,465,449,16,234,221,13,176,166,10,58,54,4,118,112,6,13,11,2,6,5,1,7,6,1,45,44,1,231,228,3
S01010164,628,607,21,314,300,14,242,234,8,65,65,0,177,169,8,24,22,2,8,7,1,16,15,1,48,44,4,314,307,7
S01010165,490,468,22,256,246,10,194,186,8,73,70,3,121,116,5,7,7,0,1,1,0,6,6,0,55,53,2,234,222,12
S01010166,606,582,24,314,303,11,255,246,9,80,77,3,175,169,6,18,17,1,1,0,1,17,17,0,41,40,1,292,279,13
S01010167,692,675,17,302,292,10,231,223,8,70,66,4,161,157,4,16,15,1,4,3,1,12,12,0,55,54,1,390,383,7
S01010168,397,392,5,261,257,4,200,196,4,57,55,2,143,141,2,20,20,0,4,4,0,16,16,0,41,41,0,136,135,1
S01010169,666,605,61,412,360,52,313,273,40,100,86,14,213,187,26,28,25,3,6,5,1,22,20,2,71,62,9,254,245,9
S01010170,435,417,18,253,244,9,201,195,6,66,63,3,135,132,3,17,16,1,2,2,0,15,14,1,35,33,2,182,173,9
S01010171,783,767,16,399,389,10,278,270,8,100,97,3,178,173,5,12,11,1,2,2,0,10,9,1,109,108,1,384,378,6
S01010172,624,592,32,271,251,20,217,202,15,42,37,5,175,165,10,20,18,2,7,6,1,13,12,1,34,31,3,353,341,12
S01010173,639,618,21,333,324,9,275,266,9,85,81,4,190,185,5,27,27,0,5,5,0,22,22,0,31,31,0,306,294,12
S01010174,1309,1272,37,382,366,16,298,289,9,93,87,6,205,202,3,29,28,1,6,6,0,23,22,1,55,49,6,927,906,21
S01010175,384,372,12,214,207,7,174,170,4,54,54,0,120,116,4,14,13,1,2,1,1,12,12,0,26,24,2,170,165,5
S01010176,590,561,29,279,269,10,231,226,5,68,68,0,163,158,5,20,19,1,7,6,1,13,13,0,28,24,4,311,292,19
S01010177,571,531,40,308,279,29,213,191,22,82,73,9,131,118,13,16,14,2,5,5,0,11,9,2,79,74,5,263,252,11
S01010178,739,669,70,415,365,50,303,266,37,130,109,21,173,157,16,16,12,4,6,4,2,10,8,2,96,87,9,324,304,20
S01010179,690,653,37,345,329,16,275,265,10,87,86,1,188,179,9,11,7,4,3,2,1,8,5,3,59,57,2,345,324,21
S01010180,399,312,87,294,224,70,232,179,53,64,54,10,168,125,43,24,13,11,6,3,3,18,10,8,38,32,6,105,88,17
S01010181,489,477,12,254,247,7,175,172,3,54,53,1,121,119,2,19,18,1,6,6,0,13,12,1,60,57,3,235,230,5
S01010182,580,537,43,411,387,24,342,326,16,88,84,4,254,242,12,43,36,7,9,8,1,34,28,6,26,25,1,169,150,19
S01010183,391,387,4,182,179,3,145,143,2,47,46,1,98,97,1,10,9,1,2,1,1,8,8,0,27,27,0,209,208,1
S01010184,517,499,18,280,269,11,212,204,8,79,74,5,133,130,3,11,11,0,3,3,0,8,8,0,57,54,3,237,230,7
S01010185,487,464,23,265,251,14,203,194,9,83,82,1,120,112,8,16,14,2,5,4,1,11,10,1,46,43,3,222,213,9
S01010186,523,447,76,369,317,52,308,270,38,84,64,20,224,206,18,35,24,11,3,3,0,32,21,11,26,23,3,154,130,24
S01010187,548,533,15,416,408,8,357,351,6,83,83,0,274,268,6,31,29,2,5,5,0,26,24,2,28,28,0,132,125,7
S01010188,610,578,32,426,406,20,351,341,10,80,76,4,271,265,6,50,42,8,6,6,0,44,36,8,25,23,2,184,172,12
S01010189,739,673,66,612,572,40,518,492,26,126,116,10,392,376,16,64,55,9,13,10,3,51,45,6,30,25,5,127,101,26
S01010190,581,484,97,476,406,70,379,333,46,99,90,9,280,243,37,70,51,19,12,10,2,58,41,17,27,22,5,105,78,27
S01010191,531,490,41,415,394,21,343,326,17,81,72,9,262,254,8,53,51,2,10,10,0,43,41,2,19,17,2,116,96,20
S01010192,631,517,114,507,439,68,436,384,52,112,85,27,324,299,25,44,32,12,4,2,2,40,30,10,27,23,4,124,78,46
S01010193,685,633,52,432,407,25,358,339,19,93,88,5,265,251,14,55,50,5,10,9,1,45,41,4,19,18,1,253,226,27
S01010194,548,536,12,284,278,6,226,222,4,78,75,3,148,147,1,18,17,1,3,2,1,15,15,0,40,39,1,264,258,6
S01010195,431,418,13,238,229,9,191,184,7,53,53,0,138,131,7,18,16,2,6,6,0,12,10,2,29,29,0,193,189,4
S01010196,634,620,14,318,310,8,244,239,5,70,69,1,174,170,4,9,8,1,4,3,1,5,5,0,65,63,2,316,310,6
S01010197,548,533,15,311,303,8,254,246,8,96,92,4,158,154,4,10,10,0,2,2,0,8,8,0,47,47,0,237,230,7
S01010198,850,812,38,411,396,15,316,303,13,106,99,7,210,204,6,29,27,2,5,5,0,24,22,2,66,66,0,439,416,23
S01010199,412,389,23,236,226,10,175,169,6,73,72,1,102,97,5,7,6,1,1,1,0,6,5,1,54,51,3,176,163,13
S01010200,580,569,11,290,285,5,239,236,3,64,64,0,175,172,3,20,20,0,2,2,0,18,18,0,31,29,2,290,284,6
S01010201,511,501,10,320,316,4,270,266,4,79,78,1,191,188,3,21,21,0,7,7,0,14,14,0,29,29,0,191,185,6
S01010202,535,447,88,288,247,41,189,163,26,71,62,9,118,101,17,12,8,4,4,3,1,8,5,3,87,76,11,247,200,47
S01010203,517,460,57,397,355,42,338,305,33,72,70,2,266,235,31,32,27,5,6,6,0,26,21,5,27,23,4,120,105,15
S01010204,628,588,40,314,294,20,245,227,18,94,91,3,151,136,15,8,7,1,3,2,1,5,5,0,61,60,1,314,294,20
S01010205,568,510,58,317,281,36,266,234,32,69,64,5,197,170,27,21,18,3,6,5,1,15,13,2,30,29,1,251,229,22
S01010206,341,66,275,72,28,44,40,10,30,9,2,7,31,8,23,3,1,2,0,0,0,3,1,2,29,17,12,269,38,231
S01010207,476,228,248,193,107,86,123,78,45,61,34,27,62,44,18,12,6,6,2,1,1,10,5,5,58,23,35,283,121,162
S01010208,794,712,82,521,467,54,438,394,44,88,69,19,350,325,25,33,26,7,6,4,2,27,22,5,50,47,3,273,245,28
S01010209,820,766,54,425,384,41,334,306,28,91,84,7,243,222,21,24,18,6,3,3,0,21,15,6,67,60,7,395,382,13
S01010210,753,725,28,392,378,14,327,316,11,91,87,4,236,229,7,23,21,2,4,4,0,19,17,2,42,41,1,361,347,14
S01010211,713,682,31,318,297,21,252,235,17,78,71,7,174,164,10,11,10,1,1,1,0,10,9,1,55,52,3,395,385,10
S01010212,877,774,103,427,370,57,329,287,42,115,92,23,214,195,19,15,9,6,5,1,4,10,8,2,83,74,9,450,404,46
S01010213,796,760,36,389,363,26,340,318,22,72,64,8,268,254,14,13,12,1,3,3,0,10,9,1,36,33,3,407,397,10
S01010214,800,718,82,483,432,51,412,375,37,136,119,17,276,256,20,28,22,6,3,2,1,25,20,5,43,35,8,317,286,31
S01010215,705,635,70,309,257,52,238,205,33,81,68,13,157,137,20,11,10,1,2,2,0,9,8,1,60,42,18,396,378,18
S01010216,528,454,74,254,208,46,196,156,40,64,49,15,132,107,25,19,14,5,9,7,2,10,7,3,39,38,1,274,246,28
S01010217,622,525,97,366,306,60,267,232,35,75,63,12,192,169,23,12,7,5,1,0,1,11,7,4,87,67,20,256,219,37
S01010218,839,710,129,542,452,90,419,345,74,93,71,22,326,274,52,34,31,3,10,9,1,24,22,2,89,76,13,297,258,39
S01010219,400,186,214,227,85,142,164,48,116,80,20,60,84,28,56,8,5,3,1,1,0,7,4,3,55,32,23,173,101,72
S01010220,434,331,103,352,287,65,288,233,55,52,31,21,236,202,34,51,44,7,13,11,2,38,33,5,13,10,3,82,44,38
S01010221,470,431,39,199,173,26,154,131,23,54,40,14,100,91,9,6,6,0,3,3,0,3,3,0,39,36,3,271,258,13
S01010222,437,392,45,275,252,23,223,207,16,47,43,4,176,164,12,11,10,1,2,2,0,9,8,1,41,35,6,162,140,22
S01010223,495,436,59,262,230,32,205,180,25,50,46,4,155,134,21,19,15,4,5,3,2,14,12,2,38,35,3,233,206,27
S01010224,799,693,106,406,326,80,294,238,56,123,94,29,171,144,27,24,12,12,3,1,2,21,11,10,88,76,12,393,367,26
S01010225,664,521,143,380,300,80,315,257,58,91,60,31,224,197,27,14,11,3,3,2,1,11,9,2,51,32,19,284,221,63
S01010226,589,240,349,316,104,212,207,65,142,93,19,74,114,46,68,32,10,22,20,7,13,12,3,9,77,29,48,273,136,137
S01010227,466,194,272,243,88,155,152,44,108,47,9,38,105,35,70,17,4,13,6,1,5,11,3,8,74,40,34,223,106,117
S01010228,615,593,22,258,247,11,211,201,10,63,59,4,148,142,6,10,10,0,3,3,0,7,7,0,37,36,1,357,346,11
S01010229,827,766,61,497,453,44,408,378,30,128,116,12,280,262,18,29,23,6,4,3,1,25,20,5,60,52,8,330,313,17
S01010230,834,462,372,443,187,256,314,129,185,126,44,82,188,85,103,11,6,5,2,0,2,9,6,3,118,52,66,391,275,116
S01010231,782,606,176,448,322,126,345,251,94,113,81,32,232,170,62,24,8,16,6,2,4,18,6,12,79,63,16,334,284,50
S01010232,805,570,235,509,346,163,368,253,115,147,96,51,221,157,64,24,20,4,7,6,1,17,14,3,117,73,44,296,224,72
S01010233,738,498,240,398,254,144,276,188,88,116,81,35,160,107,53,13,7,6,2,1,1,11,6,5,109,59,50,340,244,96
S01010234,868,705,163,552,453,99,459,383,76,101,76,25,358,307,51,56,43,13,19,11,8,37,32,5,37,27,10,316,252,64
S01010235,837,673,164,592,486,106,522,428,94,118,99,19,404,329,75,28,24,4,7,6,1,21,18,3,42,34,8,245,187,58
S01010236,652,551,101,452,387,65,367,313,54,90,74,16,277,239,38,44,39,5,15,14,1,29,25,4,41,35,6,200,164,36
S01010237,575,506,69,411,360,51,338,296,42,77,65,12,261,231,30,46,40,6,10,9,1,36,31,5,27,24,3,164,146,18
S01010238,744,626,118,523,443,80,430,376,54,119,101,18,311,275,36,44,29,15,8,6,2,36,23,13,49,38,11,221,183,38
S01010239,674,580,94,369,303,66,301,241,60,92,72,20,209,169,40,15,14,1,4,3,1,11,11,0,53,48,5,305,277,28
S01010240,616,551,65,396,357,39,335,305,30,78,72,6,257,233,24,23,19,4,8,7,1,15,12,3,38,33,5,220,194,26
S01010241,936,835,101,584,512,72,454,393,61,110,92,18,344,301,43,47,44,3,14,13,1,33,31,2,83,75,8,352,323,29
S01010242,656,570,86,436,370,66,345,287,58,97,82,15,248,205,43,24,22,2,11,10,1,13,12,1,67,61,6,220,200,20
S01010243,848,670,178,568,445,123,416,311,105,114,84,30,302,227,75,32,23,9,11,7,4,21,16,5,120,111,9,280,225,55
S01010244,633,534,99,325,276,49,220,184,36,75,69,6,145,115,30,19,19,0,4,4,0,15,15,0,86,73,13,308,258,50
S01010245,784,732,52,364,328,36,246,221,25,99,92,7,147,129,18,21,15,6,5,2,3,16,13,3,97,92,5,420,404,16
S01010246,678,596,82,362,306,56,286,240,46,100,91,9,186,149,37,18,12,6,4,4,0,14,8,6,58,54,4,316,290,26
S01010247,647,608,39,396,374,22,339,319,20,94,87,7,245,232,13,26,25,1,7,7,0,19,18,1,31,30,1,251,234,17
S01010248,778,674,104,565,489,76,463,404,59,117,100,17,346,304,42,53,44,9,15,12,3,38,32,6,49,41,8,213,185,28
S01010249,634,560,74,445,394,51,368,325,43,109,99,10,259,226,33,24,21,3,4,3,1,20,18,2,53,48,5,189,166,23
S01010250,700,564,136,521,423,98,430,349,81,106,86,20,324,263,61,46,38,8,18,14,4,28,24,4,45,36,9,179,141,38
S01010251,566,437,129,433,332,101,370,289,81,100,84,16,270,205,65,31,23,8,5,3,2,26,20,6,32,20,12,133,105,28
S01010252,543,449,94,375,314,61,322,276,46,66,58,8,256,218,38,32,22,10,6,3,3,26,19,7,21,16,5,168,135,33
S01010253,527,474,53,265,249,16,202,191,11,58,55,3,144,136,8,8,6,2,1,1,0,7,5,2,55,52,3,262,225,37
S01010254,933,831,102,526,452,74,452,389,63,141,124,17,311,265,46,21,18,3,6,5,1,15,13,2,53,45,8,407,379,28
S01010255,558,453,105,311,229,82,216,167,49,73,57,16,143,110,33,15,7,8,10,3,7,5,4,1,80,55,25,247,224,23
S01010256,721,687,34,410,390,20,292,276,16,96,90,6,196,186,10,37,33,4,13,10,3,24,23,1,81,81,0,311,297,14
S01010257,793,534,259,389,309,80,291,238,53,87,72,15,204,166,38,30,21,9,6,2,4,24,19,5,68,50,18,404,225,179
S01010258,1469,716,753,576,407,169,430,310,120,194,138,56,236,172,64,34,29,5,17,13,4,17,16,1,112,68,44,893,309,584
S01010259,1163,734,429,456,312,144,315,226,89,181,127,54,134,99,35,20,7,13,9,2,7,11,5,6,121,79,42,707,422,285
S01010260,1827,1120,707,808,634,174,588,468,120,232,179,53,356,289,67,72,62,10,16,13,3,56,49,7,148,104,44,1019,486,533
S01010261,2469,1639,830,932,701,231,598,476,122,451,372,79,147,104,43,22,12,10,13,7,6,9,5,4,312,213,99,1537,938,599
S01010262,811,711,100,319,278,41,244,221,23,100,90,10,144,131,13,16,13,3,7,5,2,9,8,1,59,44,15,492,433,59
S01010263,721,464,257,485,360,125,402,302,100,92,69,23,310,233,77,39,35,4,10,8,2,29,27,2,44,23,21,236,104,132
S01010264,815,616,199,537,403,134,430,325,105,97,74,23,333,251,82,41,32,9,12,8,4,29,24,5,66,46,20,278,213,65
S01010265,1019,707,312,653,505,148,526,410,116,128,105,23,398,305,93,62,45,17,14,9,5,48,36,12,65,50,15,366,202,164
S01010266,490,352,138,282,231,51,217,181,36,89,76,13,128,105,23,35,31,4,6,5,1,29,26,3,30,19,11,208,121,87
S01010267,583,370,213,363,246,117,299,202,97,124,93,31,175,109,66,34,21,13,11,8,3,23,13,10,30,23,7,220,124,96
S01010268,773,533,240,466,344,122,339,256,83,117,91,26,222,165,57,51,39,12,13,10,3,38,29,9,76,49,27,307,189,118
S01010269,506,318,188,274,182,92,220,150,70,69,41,28,151,109,42,25,16,9,6,5,1,19,11,8,29,16,13,232,136,96
S01010270,1122,920,202,444,364,80,343,285,58,96,81,15,247,204,43,40,30,10,12,10,2,28,20,8,61,49,12,678,556,122
S01010271,722,499,223,377,282,95,296,220,76,119,90,29,177,130,47,35,25,10,12,6,6,23,19,4,46,37,9,345,217,128
S01010272,928,677,251,526,369,157,396,281,115,89,70,19,307,211,96,43,32,11,12,6,6,31,26,5,87,56,31,402,308,94
S01010273,643,420,223,465,344,121,400,301,99,99,84,15,301,217,84,38,23,15,10,8,2,28,15,13,27,20,7,178,76,102
S01010274,552,398,154,377,297,80,318,248,70,72,63,9,246,185,61,37,32,5,7,6,1,30,26,4,22,17,5,175,101,74
S01010275,579,404,175,424,336,88,349,275,74,113,94,19,236,181,55,46,36,10,16,13,3,30,23,7,29,25,4,155,68,87
S01010276,926,662,264,704,555,149,556,443,113,61,46,15,495,397,98,106,82,24,25,20,5,81,62,19,42,30,12,222,107,115
S01010277,521,449,72,268,233,35,212,185,27,79,66,13,133,119,14,22,19,3,7,6,1,15,13,2,34,29,5,253,216,37
S01010278,508,363,145,311,230,81,247,184,63,93,73,20,154,111,43,27,18,9,9,4,5,18,14,4,37,28,9,197,133,64
S01010279,537,394,143,320,239,81,252,186,66,93,71,22,159,115,44,27,24,3,7,5,2,20,19,1,41,29,12,217,155,62
S01010280,730,568,162,536,428,108,432,352,80,113,84,29,319,268,51,44,34,10,16,8,8,28,26,2,60,42,18,194,140,54
S01010281,731,492,239,502,368,134,415,307,108,92,67,25,323,240,83,50,34,16,25,16,9,25,18,7,37,27,10,229,124,105
S01010282,902,726,176,562,463,99,461,377,84,111,91,20,350,286,64,36,30,6,10,8,2,26,22,4,65,56,9,340,263,77
S01010283,496,387,109,383,313,70,327,271,56,78,60,18,249,211,38,29,21,8,5,3,2,24,18,6,27,21,6,113,74,39
S01010284,1354,751,603,728,574,154,579,474,105,137,100,37,442,374,68,75,61,14,18,16,2,57,45,12,74,39,35,626,177,449
S01010285,736,552,184,465,358,107,350,268,82,123,86,37,227,182,45,64,51,13,26,18,8,38,33,5,51,39,12,271,194,77
S01010286,1455,680,775,646,415,231,449,325,124,171,116,55,278,209,69,47,25,22,17,4,13,30,21,9,150,65,85,809,265,544
S01010287,827,633,194,509,425,84,392,332,60,134,116,18,258,216,42,65,55,10,22,17,5,43,38,5,52,38,14,318,208,110
S01010288,754,564,190,496,401,95,389,316,73,111,96,15,278,220,58,67,52,15,20,12,8,47,40,7,40,33,7,258,163,95
S01010289,689,541,148,526,446,80,378,314,64,60,46,14,318,268,50,124,110,14,17,16,1,107,94,13,24,22,2,163,95,68
S01010290,493,370,123,315,258,57,243,204,39,69,53,16,174,151,23,39,26,13,13,6,7,26,20,6,33,28,5,178,112,66
S01010291,997,693,304,518,402,116,379,303,76,144,117,27,235,186,49,53,44,9,20,14,6,33,30,3,86,55,31,479,291,188
S01010292,844,646,198,535,431,104,424,347,77,133,112,21,291,235,56,59,48,11,12,9,3,47,39,8,52,36,16,309,215,94
S01010293,756,527,229,457,347,110,363,280,83,151,123,28,212,157,55,35,22,13,13,9,4,22,13,9,59,45,14,299,180,119
S01010294,643,491,152,339,266,73,277,223,54,134,103,31,143,120,23,26,16,10,10,7,3,16,9,7,36,27,9,304,225,79
S01010295,892,612,280,523,416,107,409,330,79,175,140,35,234,190,44,55,39,16,14,9,5,41,30,11,59,47,12,369,196,173
S01010296,575,410,165,334,253,81,257,195,62,107,77,30,150,118,32,30,19,11,13,10,3,17,9,8,47,39,8,241,157,84
S01010297,989,770,219,501,385,116,402,316,86,113,87,26,289,229,60,32,22,10,4,3,1,28,19,9,67,47,20,488,385,103
S01010298,820,681,139,418,353,65,337,285,52,116,100,16,221,185,36,42,32,10,16,8,8,26,24,2,39,36,3,402,328,74
S01010299,456,353,103,201,163,38,146,126,20,45,39,6,101,87,14,20,8,12,5,3,2,15,5,10,35,29,6,255,190,65
S01010300,837,645,192,451,367,84,357,298,59,121,97,24,236,201,35,38,33,5,18,16,2,20,17,3,56,36,20,386,278,108
S01010301,466,300,166,305,224,81,244,188,56,85,62,23,159,126,33,22,15,7,9,7,2,13,8,5,39,21,18,161,76,85
S01010302,557,408,149,249,170,79,155,106,49,52,36,16,103,70,33,16,10,6,3,2,1,13,8,5,78,54,24,308,238,70
S01010303,398,216,182,189,106,83,129,69,60,61,23,38,68,46,22,14,6,8,5,3,2,9,3,6,46,31,15,209,110,99
S01010304,481,386,95,255,202,53,202,162,40,55,46,9,147,116,31,12,9,3,6,5,1,6,4,2,41,31,10,226,184,42
S01010305,766,646,120,430,364,66,347,296,51,88,70,18,259,226,33,38,32,6,16,13,3,22,19,3,45,36,9,336,282,54
S01010306,692,520,172,472,378,94,375,302,73,88,71,17,287,231,56,37,31,6,6,6,0,31,25,6,60,45,15,220,142,78
S01010307,754,637,117,545,456,89,440,375,65,108,90,18,332,285,47,70,52,18,23,20,3,47,32,15,35,29,6,209,181,28
S01010308,876,661,215,593,491,102,455,381,74,106,82,24,349,299,50,83,69,14,23,18,5,60,51,9,55,41,14,283,170,113
S01010309,388,348,40,193,168,25,157,134,23,35,30,5,122,104,18,6,5,1,0,0,0,6,5,1,30,29,1,195,180,15
S01010310,556,407,149,329,228,101,247,169,78,73,51,22,174,118,56,20,15,5,4,3,1,16,12,4,62,44,18,227,179,48
S01010311,582,512,70,277,232,45,207,171,36,84,66,18,123,105,18,8,5,3,3,3,0,5,2,3,62,56,6,305,280,25
S01010312,676,618,58,327,287,40,243,216,27,92,79,13,151,137,14,14,9,5,5,2,3,9,7,2,70,62,8,349,331,18
S01010313,548,500,48,271,239,32,196,174,22,61,54,7,135,120,15,14,10,4,5,5,0,9,5,4,61,55,6,277,261,16
S01010314,1112,853,259,544,426,118,404,321,83,123,85,38,281,236,45,37,31,6,15,11,4,22,20,2,103,74,29,568,427,141
S01010315,703,598,105,481,414,67,383,334,49,104,90,14,279,244,35,31,22,9,9,7,2,22,15,7,67,58,9,222,184,38
S01010316,422,354,68,250,208,42,197,163,34,62,49,13,135,114,21,13,9,4,2,2,0,11,7,4,40,36,4,172,146,26
S01010317,690,579,111,482,411,71,397,348,49,105,91,14,292,257,35,58,45,13,18,16,2,40,29,11,27,18,9,208,168,40
S01010318,1513,1161,352,633,513,120,403,336,67,255,217,38,148,119,29,29,15,14,12,6,6,17,9,8,201,162,39,880,648,232
S01010319,647,522,125,443,362,81,373,315,58,83,72,11,290,243,47,33,23,10,11,7,4,22,16,6,37,24,13,204,160,44
S01010320,624,481,143,371,281,90,286,220,66,69,43,26,217,177,40,32,26,6,9,6,3,23,20,3,53,35,18,253,200,53
S01010321,784,687,97,443,378,65,361,309,52,100,80,20,261,229,32,27,20,7,10,7,3,17,13,4,55,49,6,341,309,32
S01010322,952,803,149,688,608,80,549,489,60,130,115,15,419,374,45,99,84,15,29,23,6,70,61,9,40,35,5,264,195,69
S01010323,512,454,58,237,191,46,173,134,39,65,52,13,108,82,26,5,5,0,3,3,0,2,2,0,59,52,7,275,263,12
S01010324,663,638,25,285,278,7,239,232,7,74,72,2,165,160,5,18,18,0,5,5,0,13,13,0,28,28,0,378,360,18
S01010325,824,810,14,332,324,8,265,258,7,83,82,1,182,176,6,20,19,1,8,7,1,12,12,0,47,47,0,492,486,6
S01010326,742,696,46,360,331,29,243,224,19,109,99,10,134,125,9,20,20,0,1,1,0,19,19,0,97,87,10,382,365,17
S01010327,770,687,83,442,389,53,351,311,40,118,103,15,233,208,25,33,27,6,4,2,2,29,25,4,58,51,7,328,298,30
S01010328,811,731,80,457,415,42,365,331,34,100,90,10,265,241,24,42,39,3,7,6,1,35,33,2,50,45,5,354,316,38
S01010329,495,464,31,267,246,21,213,200,13,57,54,3,156,146,10,30,25,5,8,6,2,22,19,3,24,21,3,228,218,10
S01010330,506,477,29,261,243,18,187,172,15,67,63,4,120,109,11,16,14,2,5,4,1,11,10,1,58,57,1,245,234,11
S01010331,776,732,44,363,334,29,299,277,22,87,84,3,212,193,19,16,15,1,4,4,0,12,11,1,48,42,6,413,398,15
S01010332,578,561,17,294,286,8,223,219,4,72,71,1,151,148,3,14,14,0,1,1,0,13,13,0,57,53,4,284,275,9
S01010333,793,746,47,441,413,28,353,336,17,112,103,9,241,233,8,36,33,3,12,12,0,24,21,3,52,44,8,352,333,19
S01010334,736,721,15,445,436,9,380,371,9,101,100,1,279,271,8,34,34,0,10,10,0,24,24,0,31,31,0,291,285,6
S01010335,695,658,37,316,305,11,243,233,10,78,74,4,165,159,6,22,22,0,8,8,0,14,14,0,51,50,1,379,353,26
S01010336,502,485,17,261,254,7,175,169,6,71,69,2,104,100,4,14,13,1,6,5,1,8,8,0,72,72,0,241,231,10
S01010337,529,511,18,285,273,12,238,229,9,84,82,2,154,147,7,10,7,3,5,2,3,5,5,0,37,37,0,244,238,6
S01010338,570,539,31,280,262,18,206,190,16,81,77,4,125,113,12,17,16,1,4,3,1,13,13,0,57,56,1,290,277,13
S01010339,552,526,26,270,250,20,210,191,19,67,60,7,143,131,12,16,16,0,4,4,0,12,12,0,44,43,1,282,276,6
S01010340,595,542,53,362,331,31,282,259,23,97,88,9,185,171,14,25,22,3,10,9,1,15,13,2,55,50,5,233,211,22
S01010341,468,449,19,283,268,15,238,224,14,72,70,2,166,154,12,20,19,1,6,5,1,14,14,0,25,25,0,185,181,4
S01010342,532,503,29,397,385,12,355,345,10,93,90,3,262,255,7,29,28,1,7,7,0,22,21,1,13,12,1,135,118,17
S01010343,757,721,36,603,578,25,514,495,19,123,119,4,391,376,15,51,46,5,19,15,4,32,31,1,38,37,1,154,143,11
S01010344,584,572,12,292,283,9,218,213,5,68,66,2,150,147,3,14,12,2,2,2,0,12,10,2,60,58,2,292,289,3
S01010345,350,299,51,270,240,30,218,201,17,62,56,6,156,145,11,36,28,8,8,5,3,28,23,5,16,11,5,80,59,21
S01010346,876,813,63,589,551,38,496,467,29,110,102,8,386,365,21,64,57,7,21,19,2,43,38,5,29,27,2,287,262,25
S01010347,939,787,152,470,421,49,364,334,30,137,121,16,227,213,14,35,24,11,8,2,6,27,22,5,71,63,8,469,366,103
S01010348,806,777,29,469,453,16,410,396,14,131,124,7,279,272,7,21,20,1,3,3,0,18,17,1,38,37,1,337,324,13
S01010349,745,729,16,408,401,7,343,337,6,106,104,2,237,233,4,21,21,0,4,4,0,17,17,0,44,43,1,337,328,9
S01010350,729,678,51,393,364,29,298,277,21,109,102,7,189,175,14,15,15,0,5,5,0,10,10,0,80,72,8,336,314,22
S01010351,691,602,89,446,392,54,377,329,48,119,96,23,258,233,25,31,29,2,6,6,0,25,23,2,38,34,4,245,210,35
S01010352,454,419,35,223,207,16,184,171,13,54,53,1,130,118,12,8,8,0,7,7,0,1,1,0,31,28,3,231,212,19
S01010353,764,626,138,338,241,97,231,169,62,72,51,21,159,118,41,21,10,11,8,4,4,13,6,7,86,62,24,426,385,41
S01010354,613,528,85,328,278,50,267,227,40,79,71,8,188,156,32,22,19,3,7,7,0,15,12,3,39,32,7,285,250,35
S01010355,621,557,64,361,325,36,293,266,27,93,85,8,200,181,19,26,20,6,8,8,0,18,12,6,42,39,3,260,232,28
S01010356,549,496,53,410,382,28,345,321,24,89,81,8,256,240,16,25,24,1,5,4,1,20,20,0,40,37,3,139,114,25
S01010357,503,448,55,266,232,34,206,179,27,60,46,14,146,133,13,11,11,0,4,4,0,7,7,0,49,42,7,237,216,21
S01010358,714,677,37,351,331,20,267,254,13,85,81,4,182,173,9,16,14,2,8,7,1,8,7,1,68,63,5,363,346,17
S01010359,648,573,75,307,260,47,213,176,37,89,76,13,124,100,24,25,21,4,5,5,0,20,16,4,69,63,6,341,313,28
S01010360,445,378,67,260,213,47,194,161,33,66,52,14,128,109,19,16,13,3,2,1,1,14,12,2,50,39,11,185,165,20
S01010361,518,426,92,287,216,71,173,129,44,71,55,16,102,74,28,12,9,3,5,4,1,7,5,2,102,78,24,231,210,21
S01010362,742,592,150,386,296,90,253,194,59,85,55,30,168,139,29,8,7,1,2,2,0,6,5,1,125,95,30,356,296,60
S01010363,655,565,90,453,399,54,363,324,39,81,69,12,282,255,27,53,44,9,17,13,4,36,31,5,37,31,6,202,166,36
S01010364,762,656,106,491,429,62,388,342,46,114,97,17,274,245,29,74,61,13,26,19,7,48,42,6,29,26,3,271,227,44
S01010365,869,769,100,584,523,61,434,393,41,92,84,8,342,309,33,124,111,13,33,30,3,91,81,10,26,19,7,285,246,39
S01010366,909,762,147,618,537,81,504,448,56,102,90,12,402,358,44,75,59,16,30,20,10,45,39,6,39,30,9,291,225,66
S01010367,1488,937,551,707,555,152,542,436,106,185,136,49,357,300,57,88,80,8,31,28,3,57,52,5,77,39,38,781,382,399
S01010368,639,562,77,412,355,57,298,259,39,60,49,11,238,210,28,96,82,14,20,16,4,76,66,10,18,14,4,227,207,20
S01010369,672,553,119,503,416,87,414,345,69,104,75,29,310,270,40,61,49,12,21,16,5,40,33,7,28,22,6,169,137,32
S01010370,630,510,120,468,386,82,348,287,61,69,62,7,279,225,54,85,67,18,33,26,7,52,41,11,35,32,3,162,124,38
S01010371,908,723,185,613,512,101,470,396,74,113,100,13,357,296,61,97,82,15,33,29,4,64,53,11,46,34,12,295,211,84
S01010372,454,375,79,333,279,54,265,225,40,71,59,12,194,166,28,50,38,12,20,16,4,30,22,8,18,16,2,121,96,25
S01010373,687,581,106,461,406,55,364,325,39,80,76,4,284,249,35,65,57,8,15,12,3,50,45,5,32,24,8,226,175,51
S01010374,830,697,133,562,482,80,428,365,63,111,97,14,317,268,49,97,86,11,30,26,4,67,60,7,37,31,6,268,215,53
S01010375,501,411,90,249,209,40,200,167,33,96,77,19,104,90,14,23,20,3,9,8,1,14,12,2,26,22,4,252,202,50
S01010376,667,468,199,381,328,53,310,272,38,100,89,11,210,183,27,39,29,10,8,5,3,31,24,7,32,27,5,286,140,146
S01010377,857,580,277,443,327,116,330,242,88,143,104,39,187,138,49,56,39,17,25,16,9,31,23,8,57,46,11,414,253,161
S01010378,689,546,143,350,292,58,272,228,44,112,95,17,160,133,27,26,21,5,10,9,1,16,12,4,52,43,9,339,254,85
S01010379,1076,788,288,522,419,103,404,331,73,172,141,31,232,190,42,55,46,9,19,14,5,36,32,4,63,42,21,554,369,185
S01010380,889,744,145,583,491,92,462,389,73,115,95,20,347,294,53,73,61,12,22,21,1,51,40,11,48,41,7,306,253,53
S01010381,569,416,153,373,309,64,318,259,59,77,56,21,241,203,38,30,27,3,10,10,0,20,17,3,25,23,2,196,107,89
S01010382,793,668,125,558,476,82,448,379,69,128,107,21,320,272,48,53,44,9,16,14,2,37,30,7,57,53,4,235,192,43
S01010383,595,462,133,339,284,55,256,217,39,93,80,13,163,137,26,29,25,4,9,8,1,20,17,3,54,42,12,256,178,78
S01010384,770,575,195,531,417,114,443,347,96,89,69,20,354,278,76,55,44,11,10,8,2,45,36,9,33,26,7,239,158,81
S01010385,783,660,123,493,432,61,384,349,35,100,92,8,284,257,27,60,48,12,25,21,4,35,27,8,49,35,14,290,228,62
S01010386,822,708,114,467,402,65,368,315,53,95,84,11,273,231,42,41,39,2,15,14,1,26,25,1,58,48,10,355,306,49
S01010387,972,772,200,647,521,126,542,441,101,115,88,27,427,353,74,47,38,9,12,8,4,35,30,5,58,42,16,325,251,74
S01010388,925,817,108,555,492,63,453,398,55,129,115,14,324,283,41,37,33,4,13,12,1,24,21,3,65,61,4,370,325,45
S01010389,973,713,260,746,615,131,624,519,105,77,63,14,547,456,91,73,64,9,13,12,1,60,52,8,49,32,17,227,98,129
S01010390,1002,873,129,792,700,92,664,589,75,118,102,16,546,487,59,57,50,7,16,14,2,41,36,5,71,61,10,210,173,37
S01010391,737,623,114,558,480,78,463,399,64,83,67,16,380,332,48,43,36,7,13,11,2,30,25,5,52,45,7,179,143,36
S01010392,634,482,152,508,421,87,415,344,71,54,47,7,361,297,64,75,63,12,7,5,2,68,58,10,18,14,4,126,61,65
S01010393,951,838,113,672,597,75,568,513,55,118,107,11,450,406,44,68,54,14,14,9,5,54,45,9,36,30,6,279,241,38
S01010394,731,661,70,366,333,33,272,251,21,73,67,6,199,184,15,38,34,4,10,9,1,28,25,3,56,48,8,365,328,37
S01010395,917,788,129,594,521,73,504,440,64,100,89,11,404,351,53,36,35,1,6,6,0,30,29,1,54,46,8,323,267,56
S01010396,945,816,129,589,513,76,474,413,61,120,104,16,354,309,45,59,48,11,13,11,2,46,37,9,56,52,4,356,303,53
S01010397,500,440,60,349,305,44,275,238,37,62,54,8,213,184,29,45,41,4,7,7,0,38,34,4,29,26,3,151,135,16
S01010398,1000,853,147,695,592,103,558,487,71,101,88,13,457,399,58,90,74,16,29,21,8,61,53,8,47,31,16,305,261,44
S01010399,979,845,134,766,674,92,661,587,74,119,101,18,542,486,56,74,67,7,25,20,5,49,47,2,31,20,11,213,171,42
S01010400,949,830,119,671,606,65,525,477,48,108,99,9,417,378,39,106,95,11,38,34,4,68,61,7,40,34,6,278,224,54
S01010401,669,572,97,397,338,59,304,255,49,64,55,9,240,200,40,66,57,9,20,19,1,46,38,8,27,26,1,272,234,38
S01010402,921,814,107,664,598,66,541,489,52,102,95,7,439,394,45,94,85,9,24,19,5,70,66,4,29,24,5,257,216,41
S01010403,930,799,131,611,524,87,484,409,75,96,83,13,388,326,62,94,88,6,27,24,3,67,64,3,33,27,6,319,275,44
S01010404,691,604,87,472,405,67,340,299,41,76,67,9,264,232,32,115,98,17,24,18,6,91,80,11,17,8,9,219,199,20
S01010405,689,593,96,512,446,66,397,341,56,81,70,11,316,271,45,89,82,7,24,22,2,65,60,5,26,23,3,177,147,30
S01010406,758,622,136,532,453,79,406,343,63,100,82,18,306,261,45,93,85,8,30,25,5,63,60,3,33,25,8,226,169,57
S01010407,844,688,156,464,407,57,372,332,40,125,109,16,247,223,24,52,44,8,16,12,4,36,32,4,40,31,9,380,281,99
S01010408,436,406,30,246,228,18,201,189,12,46,42,4,155,147,8,32,28,4,10,10,0,22,18,4,13,11,2,190,178,12
S01010409,541,493,48,348,314,34,276,253,23,93,84,9,183,169,14,56,48,8,13,11,2,43,37,6,16,13,3,193,179,14
S01010410,470,421,49,316,288,28,261,241,20,65,58,7,196,183,13,42,36,6,8,6,2,34,30,4,13,11,2,154,133,21
S01010411,798,740,58,537,507,30,425,403,22,135,125,10,290,278,12,88,81,7,24,22,2,64,59,5,24,23,1,261,233,28
S01010412,762,650,112,505,426,79,424,357,67,70,60,10,354,297,57,67,59,8,13,12,1,54,47,7,14,10,4,257,224,33
S01010413,612,535,77,322,281,41,242,209,33,54,44,10,188,165,23,66,62,4,23,23,0,43,39,4,14,10,4,290,254,36
S01010414,872,793,79,554,498,56,441,402,39,104,94,10,337,308,29,72,62,10,24,20,4,48,42,6,41,34,7,318,295,23
S01010415,886,817,69,491,440,51,372,340,32,111,100,11,261,240,21,65,54,11,16,14,2,49,40,9,54,46,8,395,377,18
S01010416,586,521,65,379,330,49,295,255,40,70,64,6,225,191,34,60,51,9,19,16,3,41,35,6,24,24,0,207,191,16
S01010417,488,443,45,338,312,26,288,266,22,69,62,7,219,204,15,41,37,4,12,10,2,29,27,2,9,9,0,150,131,19
S01010418,937,852,85,691,635,56,551,511,40,90,86,4,461,425,36,107,95,12,26,23,3,81,72,9,33,29,4,246,217,29
S01010419,836,764,72,579,522,57,479,429,50,102,88,14,377,341,36,80,76,4,21,21,0,59,55,4,20,17,3,257,242,15
S01010420,578,542,36,330,309,21,269,260,9,82,81,1,187,179,8,47,38,9,12,10,2,35,28,7,14,11,3,248,233,15
S01010421,704,648,56,456,411,45,361,325,36,92,82,10,269,243,26,65,61,4,19,18,1,46,43,3,30,25,5,248,237,11
S01010422,895,817,78,547,499,48,446,407,39,122,114,8,324,293,31,63,60,3,18,17,1,45,43,2,38,32,6,348,318,30
S01010423,702,584,118,430,348,82,338,283,55,90,75,15,248,208,40,21,17,4,5,4,1,16,13,3,71,48,23,272,236,36
S01010424,707,643,64,399,363,36,316,285,31,100,88,12,216,197,19,23,21,2,11,9,2,12,12,0,60,57,3,308,280,28
S01010425,875,788,87,529,473,56,425,381,44,132,119,13,293,262,31,35,29,6,12,8,4,23,21,2,69,63,6,346,315,31
S01010426,603,522,81,405,347,58,323,276,47,70,63,7,253,213,40,22,19,3,9,7,2,13,12,1,60,52,8,198,175,23
S01010427,802,592,210,407,297,110,276,218,58,82,56,26,194,162,32,38,29,9,5,3,2,33,26,7,93,50,43,395,295,100
S01010428,577,544,33,354,332,22,304,285,19,83,74,9,221,211,10,39,36,3,9,8,1,30,28,2,11,11,0,223,212,11
S01010429,772,708,64,551,508,43,471,439,32,126,110,16,345,329,16,56,49,7,15,13,2,41,36,5,24,20,4,221,200,21
S01010430,698,531,167,389,289,100,298,230,68,112,86,26,186,144,42,29,18,11,13,8,5,16,10,6,62,41,21,309,242,67
S01010431,549,508,41,379,349,30,307,287,20,73,70,3,234,217,17,52,44,8,18,16,2,34,28,6,20,18,2,170,159,11
S01010432,727,629,98,442,384,58,368,320,48,86,75,11,282,245,37,23,18,5,4,3,1,19,15,4,51,46,5,285,245,40
S01010433,546,230,316,315,131,184,185,81,104,89,36,53,96,45,51,22,6,16,12,2,10,10,4,6,108,44,64,231,99,132
S01010434,493,382,111,301,211,90,220,157,63,74,47,27,146,110,36,15,7,8,2,1,1,13,6,7,66,47,19,192,171,21
S01010435,528,496,32,310,287,23,265,249,16,81,73,8,184,176,8,16,15,1,7,6,1,9,9,0,29,23,6,218,209,9
S01010436,660,559,101,395,320,75,301,245,56,93,74,19,208,171,37,30,22,8,10,7,3,20,15,5,64,53,11,265,239,26
S01010437,467,436,31,258,237,21,207,189,18,63,54,9,144,135,9,16,14,2,9,8,1,7,6,1,35,34,1,209,199,10
S01010438,610,490,120,387,295,92,307,229,78,87,66,21,220,163,57,20,19,1,6,6,0,14,13,1,60,47,13,223,195,28
S01010439,798,679,119,556,464,92,461,386,75,89,70,19,372,316,56,23,20,3,7,5,2,16,15,1,72,58,14,242,215,27
S01010440,534,489,45,291,268,23,221,203,18,58,55,3,163,148,15,17,16,1,8,7,1,9,9,0,53,49,4,243,221,22
S01010441,694,639,55,579,528,51,508,461,47,86,76,10,422,385,37,25,21,4,7,6,1,18,15,3,46,46,0,115,111,4
S01010442,595,524,71,454,399,55,366,323,43,111,89,22,255,234,21,26,23,3,7,5,2,19,18,1,62,53,9,141,125,16
S01010443,436,425,11,262,253,9,215,209,6,67,65,2,148,144,4,25,22,3,4,4,0,21,18,3,22,22,0,174,172,2
S01010444,558,542,16,310,301,9,238,231,7,78,76,2,160,155,5,24,23,1,9,9,0,15,14,1,48,47,1,248,241,7
S01010445,785,743,42,338,315,23,278,260,18,66,64,2,212,196,16,30,28,2,7,7,0,23,21,2,30,27,3,447,428,19
S01010446,700,678,22,437,423,14,354,345,9,108,105,3,246,240,6,50,47,3,10,9,1,40,38,2,33,31,2,263,255,8
S01010447,816,737,79,415,375,40,322,294,28,90,81,9,232,213,19,28,25,3,9,8,1,19,17,2,65,56,9,401,362,39
S01010448,710,674,36,438,413,25,367,351,16,112,107,5,255,244,11,34,27,7,9,8,1,25,19,6,37,35,2,272,261,11
S01010449,654,619,35,326,303,23,275,257,18,73,68,5,202,189,13,18,17,1,3,3,0,15,14,1,33,29,4,328,316,12
S01010450,691,663,28,355,345,10,299,292,7,78,75,3,221,217,4,19,19,0,3,3,0,16,16,0,37,34,3,336,318,18
S01010451,703,595,108,358,279,79,255,203,52,86,65,21,169,138,31,26,22,4,4,3,1,22,19,3,77,54,23,345,316,29
S01010452,701,670,31,354,333,21,311,296,15,82,76,6,229,220,9,17,14,3,5,4,1,12,10,2,26,23,3,347,337,10
S01010453,539,419,120,320,237,83,211,161,50,71,43,28,140,118,22,24,15,9,6,4,2,18,11,7,85,61,24,219,182,37
S01010454,734,715,19,355,344,11,306,296,10,84,82,2,222,214,8,24,24,0,5,5,0,19,19,0,25,24,1,379,371,8
S01010455,833,748,85,359,314,45,276,246,30,84,79,5,192,167,25,26,22,4,8,6,2,18,16,2,57,46,11,474,434,40
S01010456,487,466,21,250,236,14,212,200,12,56,52,4,156,148,8,19,18,1,2,1,1,17,17,0,19,18,1,237,230,7
S01010457,535,467,68,292,239,53,211,182,29,58,43,15,153,139,14,32,25,7,10,8,2,22,17,5,49,32,17,243,228,15
S01010458,650,589,61,308,270,38,236,212,24,75,61,14,161,151,10,18,16,2,6,5,1,12,11,1,54,42,12,342,319,23
S01010459,474,440,34,215,196,19,175,161,14,45,43,2,130,118,12,22,21,1,2,1,1,20,20,0,18,14,4,259,244,15
S01010460,592,501,91,402,337,65,316,270,46,54,46,8,262,224,38,68,54,14,12,10,2,56,44,12,18,13,5,190,164,26
S01010461,616,548,68,300,258,42,226,199,27,62,56,6,164,143,21,20,16,4,8,6,2,12,10,2,54,43,11,316,290,26
S01010462,626,339,287,319,165,154,168,79,89,80,29,51,88,50,38,20,8,12,5,2,3,15,6,9,131,78,53,307,174,133
S01010463,665,626,39,391,369,22,306,290,16,82,79,3,224,211,13,47,42,5,14,13,1,33,29,4,38,37,1,274,257,17
S01010464,448,426,22,264,256,8,210,204,6,49,48,1,161,156,5,27,26,1,11,11,0,16,15,1,27,26,1,184,170,14
S01010465,798,723,75,602,549,53,534,490,44,127,118,9,407,372,35,38,33,5,8,7,1,30,26,4,30,26,4,196,174,22
S01010466,780,646,134,570,487,83,475,408,67,82,66,16,393,342,51,56,48,8,17,13,4,39,35,4,39,31,8,210,159,51
S01010467,786,703,83,379,330,49,311,270,41,70,63,7,241,207,34,46,42,4,13,11,2,33,31,2,22,18,4,407,373,34
S01010468,783,644,139,520,432,88,432,354,78,127,93,34,305,261,44,61,54,7,16,15,1,45,39,6,27,24,3,263,212,51
S01010469,520,457,63,315,280,35,259,229,30,38,35,3,221,194,27,14,12,2,7,6,1,7,6,1,42,39,3,205,177,28
S01010470,674,649,25,354,338,16,297,284,13,86,81,5,211,203,8,36,33,3,13,13,0,23,20,3,21,21,0,320,311,9
S01010471,536,501,35,294,268,26,240,222,18,88,84,4,152,138,14,16,14,2,5,3,2,11,11,0,38,32,6,242,233,9
S01010472,462,383,79,346,295,51,300,256,44,43,37,6,257,219,38,22,18,4,8,7,1,14,11,3,24,21,3,116,88,28
S01010473,668,594,74,447,404,43,382,352,30,83,75,8,299,277,22,25,19,6,8,6,2,17,13,4,40,33,7,221,190,31
S01010474,714,574,140,483,392,91,388,322,66,104,77,27,284,245,39,45,37,8,11,10,1,34,27,7,50,33,17,231,182,49
S01010475,591,515,76,449,396,53,403,356,47,41,34,7,362,322,40,32,28,4,9,8,1,23,20,3,14,12,2,142,119,23
S01010476,928,870,58,502,465,37,420,391,29,84,74,10,336,317,19,42,38,4,6,6,0,36,32,4,40,36,4,426,405,21
S01010477,628,596,32,371,345,26,313,297,16,80,72,8,233,225,8,27,21,6,9,7,2,18,14,4,31,27,4,257,251,6
S01010478,864,778,86,486,425,61,377,334,43,105,88,17,272,246,26,42,36,6,22,18,4,20,18,2,67,55,12,378,353,25
S01010479,839,796,43,472,444,28,395,373,22,110,103,7,285,270,15,23,21,2,8,7,1,15,14,1,54,50,4,367,352,15
S01010480,505,492,13,259,248,11,214,209,5,55,55,0,159,154,5,23,21,2,7,5,2,16,16,0,22,18,4,246,244,2
S01010481,476,455,21,266,254,12,188,182,6,66,65,1,122,117,5,17,15,2,5,5,0,12,10,2,61,57,4,210,201,9
S01010482,655,619,36,361,344,17,297,282,15,77,74,3,220,208,12,28,28,0,7,7,0,21,21,0,36,34,2,294,275,19
S01010483,858,829,29,479,459,20,399,384,15,96,95,1,303,289,14,44,43,1,12,11,1,32,32,0,36,32,4,379,370,9
S01010484,460,439,21,280,264,16,228,213,15,60,60,0,168,153,15,19,18,1,4,4,0,15,14,1,33,33,0,180,175,5
S01010485,794,746,48,480,460,20,390,377,13,91,87,4,299,290,9,42,38,4,10,8,2,32,30,2,48,45,3,314,286,28
S01010486,784,745,39,517,498,19,431,416,15,110,106,4,321,310,11,64,61,3,12,11,1,52,50,2,22,21,1,267,247,20
S01010487,815,795,20,480,470,10,406,398,8,102,98,4,304,300,4,31,30,1,3,3,0,28,27,1,43,42,1,335,325,10
S01010488,583,541,42,351,326,25,265,252,13,94,91,3,171,161,10,17,14,3,5,3,2,12,11,1,69,60,9,232,215,17
S01010489,877,813,64,455,422,33,361,336,25,117,108,9,244,228,16,22,22,0,2,2,0,20,20,0,72,64,8,422,391,31
S01010490,526,479,47,296,262,34,210,188,22,70,59,11,140,129,11,14,10,4,4,4,0,10,6,4,72,64,8,230,217,13
S01010491,633,585,48,368,333,35,256,237,19,109,99,10,147,138,9,17,15,2,4,3,1,13,12,1,95,81,14,265,252,13
S01010492,425,411,14,197,189,8,131,127,4,52,51,1,79,76,3,6,4,2,2,0,2,4,4,0,60,58,2,228,222,6
S01010493,487,458,29,281,262,19,181,167,14,77,76,1,104,91,13,11,10,1,3,3,0,8,7,1,89,85,4,206,196,10
S01010494,467,426,41,321,294,27,250,228,22,71,67,4,179,161,18,19,17,2,4,3,1,15,14,1,52,49,3,146,132,14
S01010495,644,611,33,359,335,24,272,253,19,108,100,8,164,153,11,9,9,0,2,2,0,7,7,0,78,73,5,285,276,9
S01010496,651,601,50,339,315,24,246,230,16,85,77,8,161,153,8,15,13,2,7,5,2,8,8,0,78,72,6,312,286,26
S01010497,552,527,25,351,336,15,254,247,7,100,95,5,154,152,2,27,24,3,8,7,1,19,17,2,70,65,5,201,191,10
S01010498,642,625,17,361,352,9,263,255,8,93,89,4,170,166,4,11,11,0,4,4,0,7,7,0,87,86,1,281,273,8
S01010499,692,603,89,282,241,41,166,147,19,68,59,9,98,88,10,9,8,1,3,3,0,6,5,1,107,86,21,410,362,48
S01010500,747,718,29,424,411,13,317,306,11,132,128,4,185,178,7,19,19,0,8,8,0,11,11,0,88,86,2,323,307,16
S01010501,728,692,36,434,412,22,347,331,16,109,107,2,238,224,14,20,19,1,11,11,0,9,8,1,67,62,5,294,280,14
S01010502,612,592,20,446,431,15,363,352,11,111,109,2,252,243,9,32,32,0,9,9,0,23,23,0,51,47,4,166,161,5
S01010503,547,524,23,276,266,10,230,221,9,73,70,3,157,151,6,10,9,1,1,1,0,9,8,1,36,36,0,271,258,13
S01010504,433,404,29,266,246,20,130,121,9,61,56,5,69,65,4,131,120,11,49,46,3,82,74,8,5,5,0,167,158,9
S01010505,453,432,21,298,284,14,184,176,8,66,62,4,118,114,4,100,94,6,39,37,2,61,57,4,14,14,0,155,148,7
S01010506,690,648,42,467,438,29,304,287,17,88,85,3,216,202,14,142,131,11,39,35,4,103,96,7,21,20,1,223,210,13
S01010507,649,630,19,457,442,15,327,319,8,92,90,2,235,229,6,90,85,5,13,13,0,77,72,5,40,38,2,192,188,4
S01010508,820,778,42,519,486,33,366,349,17,110,109,1,256,240,16,134,121,13,45,41,4,89,80,9,19,16,3,301,292,9
S01010509,793,721,72,557,495,62,417,366,51,119,106,13,298,260,38,125,114,11,37,35,2,88,79,9,15,15,0,236,226,10
S01010510,696,666,30,399,378,21,339,321,18,114,110,4,225,211,14,45,42,3,13,11,2,32,31,1,15,15,0,297,288,9
S01010511,669,646,23,462,442,20,392,377,15,133,132,1,259,245,14,34,32,2,7,6,1,27,26,1,36,33,3,207,204,3
S01010512,501,489,12,290,281,9,233,224,9,88,84,4,145,140,5,41,41,0,10,10,0,31,31,0,16,16,0,211,208,3
S01010513,618,580,38,429,400,29,347,320,27,105,101,4,242,219,23,70,69,1,18,18,0,52,51,1,12,11,1,189,180,9
S01010514,558,528,30,374,353,21,333,314,19,113,109,4,220,205,15,28,26,2,6,5,1,22,21,1,13,13,0,184,175,9
S01010515,662,617,45,441,404,37,384,349,35,123,109,14,261,240,21,27,26,1,5,5,0,22,21,1,30,29,1,221,213,8
S01010516,515,452,63,347,291,56,240,195,45,60,57,3,180,138,42,91,84,7,13,12,1,78,72,6,16,12,4,168,161,7
S01010517,685,629,56,481,435,46,375,335,40,101,93,8,274,242,32,59,56,3,12,12,0,47,44,3,47,44,3,204,194,10
S01010518,543,477,66,398,340,58,326,273,53,105,87,18,221,186,35,44,41,3,15,15,0,29,26,3,28,26,2,145,137,8
S01010519,568,521,47,410,371,39,346,311,35,117,102,15,229,209,20,30,27,3,9,8,1,21,19,2,34,33,1,158,150,8
S01010520,755,720,35,511,483,28,454,429,25,142,135,7,312,294,18,41,38,3,7,7,0,34,31,3,16,16,0,244,237,7
S01010521,608,567,41,428,391,37,341,312,29,107,97,10,234,215,19,60,54,6,13,12,1,47,42,5,27,25,2,180,176,4
S01010522,514,456,58,330,278,52,267,221,46,70,59,11,197,162,35,40,36,4,5,4,1,35,32,3,23,21,2,184,178,6
S01010523,457,375,82,305,235,70,254,189,65,95,72,23,159,117,42,25,22,3,8,7,1,17,15,2,26,24,2,152,140,12
S01010524,462,424,38,297,268,29,214,194,20,53,48,5,161,146,15,75,66,9,23,20,3,52,46,6,8,8,0,165,156,9
S01010525,545,506,39,324,291,33,232,206,26,60,55,5,172,151,21,82,75,7,18,17,1,64,58,6,10,10,0,221,215,6
S01010526,675,635,40,435,401,34,319,293,26,99,89,10,220,204,16,97,90,7,22,21,1,75,69,6,19,18,1,240,234,6
S01010527,742,693,49,467,436,31,376,349,27,128,122,6,248,227,21,43,41,2,7,6,1,36,35,1,48,46,2,275,257,18
S01010528,503,473,30,342,319,23,250,231,19,71,65,6,179,166,13,84,82,2,26,26,0,58,56,2,8,6,2,161,154,7
S01010529,584,555,29,384,367,17,295,285,10,103,99,4,192,186,6,76,70,6,14,12,2,62,58,4,13,12,1,200,188,12
S01010530,547,523,24,374,354,20,252,235,17,80,75,5,172,160,12,107,104,3,24,22,2,83,82,1,15,15,0,173,169,4
S01010531,930,869,61,615,569,46,454,415,39,148,136,12,306,279,27,139,133,6,33,33,0,106,100,6,22,21,1,315,300,15
S01010532,462,434,28,302,282,20,200,182,18,57,52,5,143,130,13,82,80,2,21,21,0,61,59,2,20,20,0,160,152,8
S01010533,518,469,49,300,261,39,223,191,32,61,53,8,162,138,24,67,61,6,16,16,0,51,45,6,10,9,1,218,208,10
S01010534,706,662,44,473,442,31,371,348,23,122,114,8,249,234,15,78,73,5,21,19,2,57,54,3,24,21,3,233,220,13
S01010535,572,533,39,378,351,27,273,256,17,77,73,4,196,183,13,89,79,10,16,15,1,73,64,9,16,16,0,194,182,12
S01010536,703,654,49,477,434,43,393,357,36,121,109,12,272,248,24,58,54,4,14,11,3,44,43,1,26,23,3,226,220,6
S01010537,672,536,136,509,379,130,431,305,126,114,84,30,317,221,96,59,55,4,16,14,2,43,41,2,19,19,0,163,157,6
S01010538,600,534,66,472,413,59,380,326,54,99,84,15,281,242,39,62,59,3,18,18,0,44,41,3,30,28,2,128,121,7
S01010539,962,824,138,750,627,123,612,498,114,139,112,27,473,386,87,110,104,6,26,23,3,84,81,3,28,25,3,212,197,15
S01010540,540,509,31,341,322,19,250,232,18,70,66,4,180,166,14,75,74,1,15,15,0,60,59,1,16,16,0,199,187,12
S01010541,706,658,48,475,439,36,357,327,30,95,89,6,262,238,24,101,96,5,28,25,3,73,71,2,17,16,1,231,219,12
S01010542,755,708,47,483,448,35,360,331,29,105,101,4,255,230,25,102,97,5,36,34,2,66,63,3,21,20,1,272,260,12
S01010543,508,478,30,351,326,25,229,209,20,54,49,5,175,160,15,117,113,4,31,31,0,86,82,4,5,4,1,157,152,5
S01010544,692,654,38,464,432,32,352,325,27,117,110,7,235,215,20,75,73,2,19,19,0,56,54,2,37,34,3,228,222,6
S01010545,586,537,49,356,320,36,259,234,25,67,63,4,192,171,21,74,67,7,18,17,1,56,50,6,23,19,4,230,217,13
S01010546,710,626,84,402,334,68,312,254,58,77,67,10,235,187,48,65,58,7,16,14,2,49,44,5,25,22,3,308,292,16
S01010547,622,595,27,397,379,18,289,276,13,95,91,4,194,185,9,93,89,4,18,18,0,75,71,4,15,14,1,225,216,9
S01010548,574,541,33,319,300,19,227,216,11,78,74,4,149,142,7,75,69,6,23,22,1,52,47,5,17,15,2,255,241,14
S01010549,710,668,42,483,448,35,428,396,32,119,110,9,309,286,23,39,36,3,19,18,1,20,18,2,16,16,0,227,220,7
S01010550,447,420,27,293,274,19,240,222,18,70,62,8,170,160,10,40,39,1,15,15,0,25,24,1,13,13,0,154,146,8
S01010551,511,480,31,356,333,23,238,224,14,75,72,3,163,152,11,101,93,8,28,25,3,73,68,5,17,16,1,155,147,8
S01010552,630,596,34,424,402,22,322,303,19,96,89,7,226,214,12,87,84,3,20,20,0,67,64,3,15,15,0,206,194,12
S01010553,514,479,35,348,327,21,231,219,12,73,69,4,158,150,8,99,91,8,22,20,2,77,71,6,18,17,1,166,152,14
S01010554,637,574,63,407,367,40,321,286,35,96,91,5,225,195,30,60,58,2,18,17,1,42,41,1,26,23,3,230,207,23
S01010555,771,700,71,523,472,51,413,371,42,108,96,12,305,275,30,66,58,8,15,14,1,51,44,7,44,43,1,248,228,20
S01010556,810,784,26,411,394,17,334,321,13,94,88,6,240,233,7,32,30,2,7,5,2,25,25,0,45,43,2,399,390,9
S01010557,510,496,14,304,295,9,263,255,8,81,79,2,182,176,6,13,12,1,2,2,0,11,10,1,28,28,0,206,201,5
S01010558,669,642,27,349,336,13,272,261,11,73,70,3,199,191,8,43,42,1,14,14,0,29,28,1,34,33,1,320,306,14
S01010559,674,640,34,307,287,20,228,215,13,68,63,5,160,152,8,63,57,6,11,9,2,52,48,4,16,15,1,367,353,14
S01010560,564,542,22,345,328,17,288,272,16,80,73,7,208,199,9,45,44,1,12,11,1,33,33,0,12,12,0,219,214,5
S01010561,604,572,32,338,319,19,278,262,16,89,83,6,189,179,10,51,48,3,13,12,1,38,36,2,9,9,0,266,253,13
S01010562,623,594,29,415,395,20,356,338,18,121,115,6,235,223,12,40,39,1,10,9,1,30,30,0,19,18,1,208,199,9
S01010563,415,403,12,293,286,7,239,234,5,65,64,1,174,170,4,26,25,1,6,6,0,20,19,1,28,27,1,122,117,5
S01010564,442,435,7,243,239,4,193,189,4,55,55,0,138,134,4,24,24,0,7,7,0,17,17,0,26,26,0,199,196,3
S01010565,543,531,12,312,304,8,265,258,7,75,74,1,190,184,6,18,18,0,2,2,0,16,16,0,29,28,1,231,227,4
S01010566,876,833,43,614,583,31,472,449,23,126,119,7,346,330,16,117,109,8,33,30,3,84,79,5,25,25,0,262,250,12
S01010567,885,848,37,595,570,25,450,432,18,128,121,7,322,311,11,123,118,5,36,32,4,87,86,1,22,20,2,290,278,12
S01010568,789,751,38,552,525,27,442,417,25,130,123,7,312,294,18,91,89,2,23,22,1,68,67,1,19,19,0,237,226,11
S01010569,722,676,46,539,498,41,423,393,30,80,70,10,343,323,20,99,88,11,26,23,3,73,65,8,17,17,0,183,178,5
S01010570,860,818,42,560,526,34,464,436,28,130,123,7,334,313,21,54,52,2,13,12,1,41,40,1,42,38,4,300,292,8
S01010571,655,600,55,515,469,46,452,415,37,105,94,11,347,321,26,41,36,5,7,6,1,34,30,4,22,18,4,140,131,9
S01010572,613,563,50,450,405,45,386,345,41,102,90,12,284,255,29,26,23,3,9,7,2,17,16,1,38,37,1,163,158,5
S01010573,426,406,20,326,308,18,292,277,15,74,73,1,218,204,14,22,19,3,8,7,1,14,12,2,12,12,0,100,98,2
S01010574,473,445,28,330,311,19,283,267,16,81,77,4,202,190,12,34,32,2,6,6,0,28,26,2,13,12,1,143,134,9
S01010575,577,556,21,373,361,12,318,307,11,109,105,4,209,202,7,32,31,1,8,8,0,24,23,1,23,23,0,204,195,9
S01010576,680,647,33,447,422,25,368,347,21,105,98,7,263,249,14,59,55,4,17,17,0,42,38,4,20,20,0,233,225,8
S01010577,691,649,42,474,443,31,394,369,25,120,116,4,274,253,21,43,38,5,7,6,1,36,32,4,37,36,1,217,206,11
S01010578,461,436,25,351,329,22,306,285,21,90,84,6,216,201,15,29,28,1,7,6,1,22,22,0,16,16,0,110,107,3
S01010579,631,597,34,443,420,23,379,359,20,107,99,8,272,260,12,53,50,3,10,10,0,43,40,3,11,11,0,188,177,11
S01010580,464,395,69,331,268,63,297,235,62,42,34,8,255,201,54,24,23,1,6,6,0,18,17,1,10,10,0,133,127,6
S01010581,423,382,41,334,301,33,289,260,29,69,58,11,220,202,18,31,29,2,12,10,2,19,19,0,14,12,2,89,81,8
S01010582,410,373,37,265,237,28,220,196,24,63,58,5,157,138,19,36,33,3,9,9,0,27,24,3,9,8,1,145,136,9
S01010583,810,761,49,584,546,38,515,485,30,135,127,8,380,358,22,49,44,5,16,15,1,33,29,4,20,17,3,226,215,11
S01010584,596,548,48,464,423,41,382,353,29,104,97,7,278,256,22,58,52,6,12,9,3,46,43,3,24,18,6,132,125,7
S01010585,599,571,28,529,504,25,455,435,20,109,101,8,346,334,12,57,53,4,12,12,0,45,41,4,17,16,1,70,67,3
S01010586,621,589,32,447,419,28,375,350,25,111,103,8,264,247,17,55,54,1,17,17,0,38,37,1,17,15,2,174,170,4
S01010587,588,549,39,385,354,31,313,289,24,85,83,2,228,206,22,56,50,6,15,13,2,41,37,4,16,15,1,203,195,8
S01010588,509,477,32,342,315,27,293,269,24,86,79,7,207,190,17,29,28,1,5,5,0,24,23,1,20,18,2,167,162,5
S01010589,504,469,35,377,346,31,339,312,27,90,82,8,249,230,19,25,22,3,9,9,0,16,13,3,13,12,1,127,123,4
S01010590,627,590,37,484,455,29,408,385,23,109,101,8,299,284,15,60,55,5,15,14,1,45,41,4,16,15,1,143,135,8
S01010591,540,491,49,466,420,46,414,373,41,89,77,12,325,296,29,30,27,3,8,7,1,22,20,2,22,20,2,74,71,3
S01010592,429,401,28,317,290,27,286,263,23,67,59,8,219,204,15,21,18,3,6,4,2,15,14,1,10,9,1,112,111,1
S01010593,512,464,48,350,315,35,298,269,29,88,82,6,210,187,23,49,43,6,8,5,3,41,38,3,3,3,0,162,149,13
S01010594,508,439,69,407,350,57,352,302,50,94,82,12,258,220,38,41,35,6,13,12,1,28,23,5,14,13,1,101,89,12
S01010595,561,503,58,477,436,41,424,389,35,112,106,6,312,283,29,35,31,4,8,7,1,27,24,3,18,16,2,84,67,17
S01010596,628,591,37,488,457,31,386,360,26,99,92,7,287,268,19,81,78,3,15,14,1,66,64,2,21,19,2,140,134,6
S01010597,485,451,34,410,382,28,344,322,22,100,90,10,244,232,12,47,42,5,7,7,0,40,35,5,19,18,1,75,69,6
S01010598,740,679,61,622,567,55,541,492,49,113,101,12,428,391,37,62,58,4,13,12,1,49,46,3,19,17,2,118,112,6
S01010599,474,442,32,348,323,25,306,284,22,80,77,3,226,207,19,25,24,1,9,9,0,16,15,1,17,15,2,126,119,7
S01010600,808,757,51,494,456,38,410,378,32,109,96,13,301,282,19,66,62,4,16,16,0,50,46,4,18,16,2,314,301,13
S01010601,603,560,43,301,268,33,263,235,28,84,73,11,179,162,17,28,25,3,5,4,1,23,21,2,10,8,2,302,292,10
S01010602,449,425,24,338,316,22,291,272,19,68,59,9,223,213,10,27,26,1,6,6,0,21,20,1,20,18,2,111,109,2
S01010603,697,663,34,452,427,25,391,369,22,106,102,4,285,267,18,42,40,2,10,10,0,32,30,2,19,18,1,245,236,9
S01010604,393,375,18,260,245,15,220,207,13,70,65,5,150,142,8,27,26,1,7,6,1,20,20,0,13,12,1,133,130,3
S01010605,765,713,52,468,426,42,388,352,36,111,98,13,277,254,23,67,61,6,26,25,1,41,36,5,13,13,0,297,287,10
S01010606,659,597,62,422,371,51,351,308,43,104,91,13,247,217,30,44,40,4,8,7,1,36,33,3,27,23,4,237,226,11
S01010607,695,653,42,468,433,35,381,351,30,109,102,7,272,249,23,68,66,2,22,22,0,46,44,2,19,16,3,227,220,7
S01010608,503,447,56,325,283,42,267,229,38,89,80,9,178,149,29,18,18,0,3,3,0,15,15,0,40,36,4,178,164,14
S01010609,452,411,41,310,275,35,270,241,29,87,83,4,183,158,25,23,17,6,6,6,0,17,11,6,17,17,0,142,136,6
S01010610,616,568,48,359,329,30,286,259,27,74,68,6,212,191,21,42,39,3,16,14,2,26,25,1,31,31,0,257,239,18
S01010611,779,729,50,551,507,44,476,439,37,125,117,8,351,322,29,40,35,5,8,7,1,32,28,4,35,33,2,228,222,6
S01010612,620,590,30,420,398,22,368,351,17,113,110,3,255,241,14,32,29,3,7,7,0,25,22,3,20,18,2,200,192,8
S01010613,602,560,42,341,304,37,305,272,33,87,79,8,218,193,25,23,19,4,7,6,1,16,13,3,13,13,0,261,256,5
S01010614,443,409,34,291,261,30,248,221,27,79,66,13,169,155,14,14,13,1,6,6,0,8,7,1,29,27,2,152,148,4
S01010615,658,601,57,518,467,51,466,426,40,122,112,10,344,314,30,31,25,6,2,2,0,29,23,6,21,16,5,140,134,6
S01010616,731,688,43,485,452,33,439,409,30,131,121,10,308,288,20,38,36,2,9,7,2,29,29,0,8,7,1,246,236,10
S01010617,737,716,21,542,527,15,481,467,14,133,129,4,348,338,10,47,46,1,14,14,0,33,32,1,14,14,0,195,189,6
S01010618,633,595,38,497,462,35,436,404,32,132,125,7,304,279,25,45,43,2,10,10,0,35,33,2,16,15,1,136,133,3
S01010619,519,424,95,409,322,87,346,268,78,84,62,22,262,206,56,26,23,3,5,4,1,21,19,2,37,31,6,110,102,8
S01010620,560,418,142,435,310,125,334,227,107,77,44,33,257,183,74,27,19,8,7,3,4,20,16,4,74,64,10,125,108,17
S01010621,803,691,112,544,445,99,430,346,84,103,89,14,327,257,70,76,66,10,22,19,3,54,47,7,38,33,5,259,246,13
S01010622,520,473,47,354,313,41,290,254,36,98,90,8,192,164,28,24,22,2,6,5,1,18,17,1,40,37,3,166,160,6
S01010623,554,474,80,425,358,67,364,306,58,100,84,16,264,222,42,26,21,5,11,8,3,15,13,2,35,31,4,129,116,13
S01010624,553,470,83,364,296,68,324,264,60,84,73,11,240,191,49,18,12,6,4,2,2,14,10,4,22,20,2,189,174,15
S01010625,687,647,40,390,360,30,314,286,28,105,93,12,209,193,16,69,67,2,18,18,0,51,49,2,7,7,0,297,287,10
S01010626,794,742,52,402,367,35,322,293,29,106,97,9,216,196,20,68,63,5,19,16,3,49,47,2,12,11,1,392,375,17
S01010627,729,615,114,492,385,107,392,293,99,92,65,27,300,228,72,73,67,6,9,8,1,64,59,5,27,25,2,237,230,7
S01010628,895,776,119,587,482,105,483,386,97,115,95,20,368,291,77,66,61,5,14,12,2,52,49,3,38,35,3,308,294,14
S01010629,812,744,68,456,404,52,357,313,44,118,108,10,239,205,34,76,70,6,20,19,1,56,51,5,23,21,2,356,340,16
S01010630,486,444,42,317,286,31,263,238,25,72,67,5,191,171,20,37,31,6,8,5,3,29,26,3,17,17,0,169,158,11
S01010631,558,480,78,372,306,66,312,256,56,72,49,23,240,207,33,37,30,7,11,8,3,26,22,4,23,20,3,186,174,12
S01010632,805,717,88,461,385,76,373,309,64,106,86,20,267,223,44,50,42,8,14,9,5,36,33,3,38,34,4,344,332,12
S01010633,814,760,54,478,437,41,405,369,36,127,117,10,278,252,26,26,25,1,6,6,0,20,19,1,47,43,4,336,323,13
S01010634,535,494,41,346,319,27,284,263,21,92,82,10,192,181,11,37,34,3,13,13,0,24,21,3,25,22,3,189,175,14
S01010635,641,584,57,396,352,44,331,293,38,116,103,13,215,190,25,34,31,3,6,6,0,28,25,3,31,28,3,245,232,13
S01010636,692,633,59,467,419,48,381,339,42,102,92,10,279,247,32,71,70,1,14,14,0,57,56,1,15,10,5,225,214,11
S01010637,509,435,74,331,264,67,268,209,59,54,41,13,214,168,46,37,31,6,12,10,2,25,21,4,26,24,2,178,171,7
S01010638,741,665,76,395,336,59,320,271,49,94,79,15,226,192,34,50,45,5,10,9,1,40,36,4,25,20,5,346,329,17
S01010639,952,829,123,627,530,97,517,431,86,138,114,24,379,317,62,45,38,7,10,10,0,35,28,7,65,61,4,325,299,26
S01010640,727,566,161,545,408,137,437,313,124,106,70,36,331,243,88,72,64,8,12,9,3,60,55,5,36,31,5,182,158,24
S01010641,782,671,111,487,405,82,389,323,66,110,91,19,279,232,47,34,28,6,12,9,3,22,19,3,64,54,10,295,266,29
S01010642,736,665,71,464,410,54,372,326,46,137,124,13,235,202,33,27,25,2,12,10,2,15,15,0,65,59,6,272,255,17
S01010643,520,469,51,354,312,42,277,242,35,105,92,13,172,150,22,19,18,1,4,4,0,15,14,1,58,52,6,166,157,9
S01010644,515,480,35,295,270,25,227,205,22,86,78,8,141,127,14,12,10,2,3,2,1,9,8,1,56,55,1,220,210,10
S01010645,476,435,41,360,324,36,318,284,34,76,66,10,242,218,24,32,30,2,8,7,1,24,23,1,10,10,0,116,111,5
S01010646,577,531,46,388,351,37,340,307,33,100,89,11,240,218,22,29,28,1,4,4,0,25,24,1,19,16,3,189,180,9
S01010647,633,600,33,407,383,24,352,333,19,93,86,7,259,247,12,38,35,3,13,12,1,25,23,2,17,15,2,226,217,9
S01010648,561,521,40,391,360,31,333,310,23,86,83,3,247,227,20,32,28,4,7,5,2,25,23,2,26,22,4,170,161,9
S01010649,519,481,38,316,285,31,275,246,29,78,67,11,197,179,18,30,29,1,8,8,0,22,21,1,11,10,1,203,196,7
S01010650,416,388,28,264,246,18,209,194,15,60,58,2,149,136,13,39,36,3,7,7,0,32,29,3,16,16,0,152,142,10
S01010651,566,530,36,379,355,24,312,292,20,82,76,6,230,216,14,39,37,2,9,9,0,30,28,2,28,26,2,187,175,12
S01010652,614,566,48,408,371,37,346,314,32,87,77,10,259,237,22,33,31,2,11,9,2,22,22,0,29,26,3,206,195,11
S01010653,534,511,23,368,350,18,322,305,17,72,69,3,250,236,14,37,36,1,10,9,1,27,27,0,9,9,0,166,161,5
S01010654,638,589,49,448,409,39,364,329,35,107,100,7,257,229,28,45,43,2,5,5,0,40,38,2,39,37,2,190,180,10
S01010655,729,679,50,494,456,38,335,310,25,110,102,8,225,208,17,139,126,13,45,41,4,94,85,9,20,20,0,235,223,12
S01010656,364,339,25,233,212,21,175,161,14,55,51,4,120,110,10,43,39,4,12,9,3,31,30,1,15,12,3,131,127,4
S01010657,534,512,22,371,358,13,266,259,7,86,83,3,180,176,4,88,85,3,28,26,2,60,59,1,17,14,3,163,154,9
S01010658,602,572,30,398,374,24,307,289,18,81,78,3,226,211,15,69,64,5,25,22,3,44,42,2,22,21,1,204,198,6
S01010659,544,513,31,354,333,21,264,249,15,82,81,1,182,168,14,70,66,4,15,15,0,55,51,4,20,18,2,190,180,10
S01010660,511,489,22,311,295,16,247,236,11,73,71,2,174,165,9,49,45,4,13,10,3,36,35,1,15,14,1,200,194,6
S01010661,518,494,24,350,331,19,287,271,16,56,52,4,231,219,12,44,42,2,7,7,0,37,35,2,19,18,1,168,163,5
S01010662,614,591,23,407,391,16,319,304,15,93,90,3,226,214,12,79,78,1,23,22,1,56,56,0,9,9,0,207,200,7
S01010663,777,746,31,501,484,17,374,363,11,122,120,2,252,243,9,110,105,5,22,21,1,88,84,4,17,16,1,276,262,14
S01010664,678,633,45,450,416,34,316,294,22,98,89,9,218,205,13,121,109,12,29,25,4,92,84,8,13,13,0,228,217,11
S01010665,774,724,50,459,431,28,320,303,17,98,92,6,222,211,11,119,108,11,35,31,4,84,77,7,20,20,0,315,293,22
S01010666,769,742,27,474,460,14,365,355,10,112,111,1,253,244,9,83,80,3,20,19,1,63,61,2,26,25,1,295,282,13
S01010667,570,528,42,397,362,35,275,246,29,85,76,9,190,170,20,112,106,6,33,30,3,79,76,3,10,10,0,173,166,7
S01010668,948,885,63,579,535,44,395,368,27,104,96,8,291,272,19,148,134,14,33,30,3,115,104,11,36,33,3,369,350,19
S01010669,489,475,14,302,292,10,209,201,8,50,49,1,159,152,7,73,72,1,17,17,0,56,55,1,20,19,1,187,183,4
S01010670,576,554,22,380,364,16,267,256,11,77,73,4,190,183,7,91,87,4,24,22,2,67,65,2,22,21,1,196,190,6
S01010671,628,602,26,390,374,16,254,244,10,98,94,4,156,150,6,108,103,5,23,22,1,85,81,4,28,27,1,238,228,10
S01010672,532,511,21,338,324,14,251,238,13,75,71,4,176,167,9,50,49,1,5,5,0,45,44,1,37,37,0,194,187,7
S01010673,772,721,51,486,451,35,318,294,24,91,83,8,227,211,16,136,127,9,30,28,2,106,99,7,32,30,2,286,270,16
S01010674,759,714,45,515,482,33,320,298,22,95,87,8,225,211,14,165,154,11,36,36,0,129,118,11,30,30,0,244,232,12
S01010675,534,515,19,325,313,12,201,194,7,60,58,2,141,136,5,105,101,4,27,24,3,78,77,1,19,18,1,209,202,7
S01010676,770,710,60,460,417,43,304,276,28,92,85,7,212,191,21,139,125,14,43,38,5,96,87,9,17,16,1,310,293,17
S01010677,420,399,21,243,232,11,173,167,6,58,55,3,115,112,3,59,55,4,14,13,1,45,42,3,11,10,1,177,167,10
S01010678,531,507,24,336,321,15,232,222,10,84,84,0,148,138,10,80,77,3,21,19,2,59,58,1,24,22,2,195,186,9
S01010679,508,484,24,314,297,17,221,210,11,76,71,5,145,139,6,64,58,6,19,17,2,45,41,4,29,29,0,194,187,7
S01010680,533,499,34,342,317,25,246,227,19,91,87,4,155,140,15,73,67,6,17,16,1,56,51,5,23,23,0,191,182,9
S01010681,831,797,34,580,553,27,437,413,24,150,138,12,287,275,12,85,82,3,16,16,0,69,66,3,58,58,0,251,244,7
S01010682,777,754,23,534,517,17,356,343,13,115,110,5,241,233,8,149,145,4,35,34,1,114,111,3,29,29,0,243,237,6
S01010683,833,810,23,489,473,16,311,302,9,84,83,1,227,219,8,148,142,6,49,47,2,99,95,4,30,29,1,344,337,7
S01010684,684,656,28,414,397,17,256,246,10,78,75,3,178,171,7,135,130,5,33,30,3,102,100,2,23,21,2,270,259,11
S01010685,532,501,31,306,284,22,168,159,9,55,53,2,113,106,7,118,107,11,34,31,3,84,76,8,20,18,2,226,217,9
S01010686,585,546,39,369,339,30,229,212,17,63,60,3,166,152,14,119,109,10,46,39,7,73,70,3,21,18,3,216,207,9
S01010687,699,664,35,410,387,23,284,273,11,93,90,3,191,183,8,106,95,11,28,24,4,78,71,7,20,19,1,289,277,12
S01010688,619,578,41,388,359,29,234,211,23,67,62,5,167,149,18,139,135,4,41,38,3,98,97,1,15,13,2,231,219,12
S01010689,669,627,42,349,322,27,220,204,16,70,65,5,150,139,11,116,107,9,30,26,4,86,81,5,13,11,2,320,305,15
S01010690,566,507,59,355,311,44,244,205,39,67,62,5,177,143,34,91,87,4,24,22,2,67,65,2,20,19,1,211,196,15
S01010691,622,579,43,409,375,34,232,215,17,84,76,8,148,139,9,161,146,15,43,37,6,118,109,9,16,14,2,213,204,9
S01010692,599,540,59,420,376,44,319,278,41,112,102,10,207,176,31,89,86,3,18,18,0,71,68,3,12,12,0,179,164,15
S01010693,397,371,26,263,245,18,162,153,9,55,53,2,107,100,7,91,83,8,26,24,2,65,59,6,10,9,1,134,126,8
S01010694,520,502,18,256,246,10,177,168,9,54,50,4,123,118,5,70,69,1,25,25,0,45,44,1,9,9,0,264,256,8
S01010695,614,592,22,410,395,15,288,280,8,85,84,1,203,196,7,99,93,6,25,22,3,74,71,3,23,22,1,204,197,7
S01010696,838,775,63,542,493,49,424,379,45,106,98,8,318,281,37,99,95,4,33,32,1,66,63,3,19,19,0,296,282,14
S01010697,921,887,34,546,522,24,414,398,16,117,113,4,297,285,12,114,106,8,33,29,4,81,77,4,18,18,0,375,365,10
S01010698,610,572,38,378,350,28,252,233,19,82,76,6,170,157,13,102,94,8,28,27,1,74,67,7,24,23,1,232,222,10
S01010699,491,460,31,351,329,22,257,242,15,86,80,6,171,162,9,79,74,5,29,27,2,50,47,3,15,13,2,140,131,9
S01010700,503,478,25,343,324,19,255,244,11,82,77,5,173,167,6,71,64,7,22,18,4,49,46,3,17,16,1,160,154,6
S01010701,841,808,33,577,556,21,478,460,18,134,130,4,344,330,14,74,71,3,17,15,2,57,56,1,25,25,0,264,252,12
S01010702,875,821,54,537,495,42,404,372,32,96,85,11,308,287,21,111,101,10,22,18,4,89,83,6,22,22,0,338,326,12
S01010703,708,677,31,469,444,25,341,322,19,105,99,6,236,223,13,112,107,5,28,26,2,84,81,3,16,15,1,239,233,6
S01010704,537,508,29,310,288,22,267,248,19,72,71,1,195,177,18,33,30,3,10,10,0,23,20,3,10,10,0,227,220,7
S01010705,897,860,37,587,560,27,470,449,21,114,109,5,356,340,16,78,74,4,18,16,2,60,58,2,39,37,2,310,300,10
S01010706,553,528,25,347,326,21,279,265,14,76,72,4,203,193,10,37,33,4,5,4,1,32,29,3,31,28,3,206,202,4
S01010707,593,567,26,390,375,15,281,273,8,76,74,2,205,199,6,100,95,5,34,30,4,66,65,1,9,7,2,203,192,11
S01010708,464,447,17,305,292,13,241,232,9,72,68,4,169,164,5,50,47,3,16,15,1,34,32,2,14,13,1,159,155,4
S01010709,591,575,16,420,409,11,351,344,7,96,94,2,255,250,5,51,48,3,13,12,1,38,36,2,18,17,1,171,166,5
S01010710,610,597,13,391,386,5,319,314,5,110,107,3,209,207,2,26,26,0,8,8,0,18,18,0,46,46,0,219,211,8
S01010711,618,600,18,394,382,12,334,324,10,101,99,2,233,225,8,51,49,2,13,12,1,38,37,1,9,9,0,224,218,6
S01010712,556,528,28,385,362,23,331,309,22,108,101,7,223,208,15,27,27,0,9,9,0,18,18,0,27,26,1,171,166,5
S01010713,633,584,49,453,416,37,394,359,35,115,109,6,279,250,29,29,28,1,9,9,0,20,19,1,30,29,1,180,168,12
S01010714,613,567,46,344,311,33,292,261,31,92,84,8,200,177,23,26,24,2,11,11,0,15,13,2,26,26,0,269,256,13
S01010715,588,553,35,373,345,28,309,284,25,96,89,7,213,195,18,35,33,2,8,8,0,27,25,2,29,28,1,215,208,7
S01010716,782,669,113,493,400,93,405,327,78,102,87,15,303,240,63,48,39,9,13,11,2,35,28,7,40,34,6,289,269,20
S01010717,539,514,25,325,306,19,282,265,17,76,74,2,206,191,15,34,33,1,11,10,1,23,23,0,9,8,1,214,208,6
S01010718,755,707,48,530,490,40,428,396,32,133,122,11,295,274,21,72,66,6,10,8,2,62,58,4,30,28,2,225,217,8
S01010719,564,531,33,332,318,14,264,254,10,81,78,3,183,176,7,55,51,4,17,16,1,38,35,3,13,13,0,232,213,19
S01010720,629,608,21,338,324,14,261,252,9,90,86,4,171,166,5,65,62,3,33,30,3,32,32,0,12,10,2,291,284,7
S01010721,546,510,36,335,311,24,242,228,14,84,80,4,158,148,10,79,69,10,24,20,4,55,49,6,14,14,0,211,199,12
S01010722,710,681,29,438,414,24,342,329,13,85,84,1,257,245,12,68,58,10,24,20,4,44,38,6,28,27,1,272,267,5
S01010723,710,658,52,504,470,34,368,344,24,107,95,12,261,249,12,118,111,7,32,30,2,86,81,5,18,15,3,206,188,18
S01010724,706,672,34,490,466,24,382,364,18,119,114,5,263,250,13,92,87,5,26,23,3,66,64,2,16,15,1,216,206,10
S01010725,600,571,29,409,391,18,276,262,14,85,82,3,191,180,11,121,118,3,29,28,1,92,90,2,12,11,1,191,180,11
S01010726,794,767,27,460,442,18,358,345,13,118,115,3,240,230,10,75,71,4,14,13,1,61,58,3,27,26,1,334,325,9
S01010727,528,515,13,326,315,11,237,230,7,77,75,2,160,155,5,71,68,3,27,26,1,44,42,2,18,17,1,202,200,2
S01010728,418,400,18,263,252,11,213,205,8,57,54,3,156,151,5,42,39,3,13,12,1,29,27,2,8,8,0,155,148,7
S01010729,590,572,18,413,401,12,317,309,8,102,98,4,215,211,4,87,83,4,24,22,2,63,61,2,9,9,0,177,171,6
S01010730,698,661,37,469,443,26,342,322,20,101,95,6,241,227,14,112,107,5,29,26,3,83,81,2,15,14,1,229,218,11
S01010731,752,703,49,488,455,33,351,331,20,111,108,3,240,223,17,94,83,11,28,24,4,66,59,7,43,41,2,264,248,16
S01010732,651,606,45,395,361,34,324,300,24,113,106,7,211,194,17,31,25,6,11,8,3,20,17,3,40,36,4,256,245,11
S01010733,437,414,23,267,248,19,215,197,18,62,58,4,153,139,14,18,17,1,6,6,0,12,11,1,34,34,0,170,166,4
S01010734,723,695,28,436,415,21,347,328,19,106,99,7,241,229,12,37,35,2,12,10,2,25,25,0,52,52,0,287,280,7
S01010735,455,387,68,296,237,59,234,185,49,58,48,10,176,137,39,19,16,3,8,7,1,11,9,2,43,36,7,159,150,9
S01010736,419,407,12,260,253,7,221,215,6,55,53,2,166,162,4,29,28,1,5,5,0,24,23,1,10,10,0,159,154,5
S01010737,889,836,53,512,480,32,426,399,27,117,106,11,309,293,16,48,43,5,9,8,1,39,35,4,38,38,0,377,356,21
S01010738,458,444,14,281,272,9,246,238,8,85,84,1,161,154,7,19,18,1,4,4,0,15,14,1,16,16,0,177,172,5
S01010739,695,642,53,457,416,41,370,335,35,99,93,6,271,242,29,45,43,2,13,13,0,32,30,2,42,38,4,238,226,12
S01010740,387,377,10,220,215,5,175,171,4,59,59,0,116,112,4,12,11,1,5,4,1,7,7,0,33,33,0,167,162,5
S01010741,513,490,23,279,266,13,220,209,11,56,53,3,164,156,8,42,40,2,8,8,0,34,32,2,17,17,0,234,224,10
S01010742,571,543,28,368,344,24,326,305,21,86,80,6,240,225,15,11,11,0,3,3,0,8,8,0,31,28,3,203,199,4
S01010743,531,510,21,318,303,15,268,255,13,87,83,4,181,172,9,13,12,1,3,2,1,10,10,0,37,36,1,213,207,6
S01010744,901,875,26,558,540,18,458,446,12,131,130,1,327,316,11,60,57,3,20,18,2,40,39,1,40,37,3,343,335,8
S01010745,529,500,29,315,295,20,249,234,15,63,57,6,186,177,9,36,32,4,5,3,2,31,29,2,30,29,1,214,205,9
S01010746,842,799,43,551,519,32,402,382,20,118,110,8,284,272,12,113,105,8,23,21,2,90,84,6,36,32,4,291,280,11
S01010747,660,624,36,414,391,23,336,318,18,122,117,5,214,201,13,44,41,3,16,14,2,28,27,1,34,32,2,246,233,13
S01010748,526,504,22,311,298,13,226,219,7,66,65,1,160,154,6,70,65,5,19,18,1,51,47,4,15,14,1,215,206,9
S01010749,504,489,15,318,308,10,237,229,8,79,77,2,158,152,6,58,56,2,14,13,1,44,43,1,23,23,0,186,181,5
S01010750,542,517,25,304,288,16,201,191,10,62,61,1,139,130,9,81,77,4,20,20,0,61,57,4,22,20,2,238,229,9
S01010751,583,556,27,328,313,15,237,226,11,85,83,2,152,143,9,45,42,3,15,13,2,30,29,1,46,45,1,255,243,12
S01010752,586,550,36,376,349,27,298,276,22,84,80,4,214,196,18,37,36,1,11,10,1,26,26,0,41,37,4,210,201,9
S01010753,799,774,25,510,492,18,370,355,15,122,116,6,248,239,9,81,78,3,25,23,2,56,55,1,59,59,0,289,282,7
S01010754,572,533,39,313,283,30,245,222,23,71,67,4,174,155,19,47,41,6,14,12,2,33,29,4,21,20,1,259,250,9
S01010755,542,518,24,322,305,17,266,250,16,89,82,7,177,168,9,40,40,0,12,12,0,28,28,0,16,15,1,220,213,7
S01010756,544,522,22,346,334,12,272,263,9,86,81,5,186,182,4,60,57,3,12,11,1,48,46,2,14,14,0,198,188,10
S01010757,659,625,34,378,356,22,270,253,17,71,64,7,199,189,10,88,84,4,23,19,4,65,65,0,20,19,1,281,269,12
S01010758,604,573,31,317,293,24,232,213,19,76,69,7,156,144,12,67,63,4,17,17,0,50,46,4,18,17,1,287,280,7
S01010759,494,461,33,307,279,28,249,225,24,67,65,2,182,160,22,43,40,3,8,7,1,35,33,2,15,14,1,187,182,5
S01010760,540,513,27,251,236,15,184,171,13,53,49,4,131,122,9,41,40,1,9,8,1,32,32,0,26,25,1,289,277,12
S01010761,443,417,26,296,276,20,214,196,18,64,61,3,150,135,15,61,59,2,14,14,0,47,45,2,21,21,0,147,141,6
S01010762,500,485,15,292,281,11,204,200,4,60,60,0,144,140,4,74,69,5,11,11,0,63,58,5,14,12,2,208,204,4
S01010763,549,523,26,334,315,19,229,217,12,76,71,5,153,146,7,82,76,6,18,16,2,64,60,4,23,22,1,215,208,7
S01010764,497,473,24,278,269,9,182,179,3,62,61,1,120,118,2,87,81,6,20,17,3,67,64,3,9,9,0,219,204,15
S01010765,855,833,22,482,467,15,348,340,8,123,118,5,225,222,3,108,102,6,39,37,2,69,65,4,26,25,1,373,366,7
S01010766,653,628,25,345,328,17,252,239,13,80,78,2,172,161,11,64,62,2,14,14,0,50,48,2,29,27,2,308,300,8
S01010767,582,566,16,324,311,13,248,237,11,82,78,4,166,159,7,39,37,2,11,9,2,28,28,0,37,37,0,258,255,3
S01010768,490,476,14,261,254,7,203,197,6,67,64,3,136,133,3,33,33,0,12,12,0,21,21,0,25,24,1,229,222,7
S01010769,424,410,14,238,228,10,161,155,6,47,43,4,114,112,2,65,62,3,17,16,1,48,46,2,12,11,1,186,182,4
S01010770,720,691,29,460,441,19,352,336,16,129,127,2,223,209,14,79,76,3,24,22,2,55,54,1,29,29,0,260,250,10
S01010771,749,716,33,379,359,20,254,242,12,92,87,5,162,155,7,89,82,7,16,15,1,73,67,6,36,35,1,370,357,13
S01010772,697,676,21,379,368,11,247,240,7,76,72,4,171,168,3,90,88,2,25,25,0,65,63,2,42,40,2,318,308,10
S01010773,651,627,24,406,388,18,304,292,12,96,95,1,208,197,11,79,73,6,21,20,1,58,53,5,23,23,0,245,239,6
S01010774,590,574,16,348,343,5,247,244,3,73,73,0,174,171,3,72,70,2,22,22,0,50,48,2,29,29,0,242,231,11
S01010775,526,508,18,391,380,11,304,295,9,110,107,3,194,188,6,76,74,2,17,16,1,59,58,1,11,11,0,135,128,7
S01010776,456,435,21,287,270,17,225,212,13,73,70,3,152,142,10,36,33,3,5,4,1,31,29,2,26,25,1,169,165,4
S01010777,449,426,23,262,247,15,206,195,11,70,67,3,136,128,8,22,21,1,5,4,1,17,17,0,34,31,3,187,179,8
S01010778,371,366,5,227,223,4,175,172,3,59,58,1,116,114,2,18,17,1,4,4,0,14,13,1,34,34,0,144,143,1
S01010779,612,587,25,359,341,18,278,263,15,94,92,2,184,171,13,26,26,0,6,6,0,20,20,0,55,52,3,253,246,7
S01010780,479,461,18,282,270,12,241,230,11,72,69,3,169,161,8,18,18,0,6,6,0,12,12,0,23,22,1,197,191,6
S01010781,646,621,25,433,415,18,349,337,12,114,111,3,235,226,9,63,57,6,13,11,2,50,46,4,21,21,0,213,206,7
S01010782,513,497,16,277,266,11,198,189,9,59,58,1,139,131,8,49,47,2,10,10,0,39,37,2,30,30,0,236,231,5
S01010783,464,448,16,269,256,13,221,211,10,71,71,0,150,140,10,22,21,1,4,4,0,18,17,1,26,24,2,195,192,3
S01010784,582,567,15,370,359,11,299,289,10,108,106,2,191,183,8,21,20,1,5,5,0,16,15,1,50,50,0,212,208,4
S01010785,580,563,17,379,368,11,321,311,10,89,87,2,232,224,8,40,40,0,9,9,0,31,31,0,18,17,1,201,195,6
S01010786,534,523,11,360,354,6,313,309,4,109,107,2,204,202,2,34,33,1,8,7,1,26,26,0,13,12,1,174,169,5
S01010787,733,718,15,475,465,10,342,334,8,98,94,4,244,240,4,110,110,0,25,25,0,85,85,0,23,21,2,258,253,5
S01010788,506,490,16,358,344,14,285,272,13,89,85,4,196,187,9,63,62,1,13,12,1,50,50,0,10,10,0,148,146,2
S01010789,590,581,9,382,375,7,265,260,5,88,86,2,177,174,3,88,86,2,21,19,2,67,67,0,29,29,0,208,206,2
S01010790,570,563,7,352,347,5,253,250,3,83,82,1,170,168,2,86,84,2,18,18,0,68,66,2,13,13,0,218,216,2
S01010791,720,684,36,424,404,20,300,283,17,82,80,2,218,203,15,98,96,2,23,23,0,75,73,2,26,25,1,296,280,16
S01010792,490,479,11,319,313,6,272,266,6,80,77,3,192,189,3,20,20,0,8,8,0,12,12,0,27,27,0,171,166,5
S01010793,530,512,18,361,352,9,269,261,8,69,66,3,200,195,5,74,73,1,18,17,1,56,56,0,18,18,0,169,160,9
S01010794,435,422,13,301,290,11,237,228,9,62,59,3,175,169,6,48,46,2,13,12,1,35,34,1,16,16,0,134,132,2
S01010795,821,804,17,496,482,14,385,380,5,117,116,1,268,264,4,63,60,3,16,14,2,47,46,1,48,42,6,325,322,3
S01010796,680,670,10,478,471,7,334,329,5,84,83,1,250,246,4,118,116,2,22,21,1,96,95,1,26,26,0,202,199,3
S01010797,633,614,19,447,433,14,366,352,14,92,87,5,274,265,9,69,69,0,14,14,0,55,55,0,12,12,0,186,181,5
S01010798,579,560,19,351,335,16,260,245,15,73,68,5,187,177,10,71,71,0,14,14,0,57,57,0,20,19,1,228,225,3
S01010799,817,796,21,456,441,15,372,362,10,84,82,2,288,280,8,52,48,4,21,20,1,31,28,3,32,31,1,361,355,6
S01010800,608,596,12,386,379,7,331,324,7,102,99,3,229,225,4,27,27,0,4,4,0,23,23,0,28,28,0,222,217,5
S01010801,603,587,16,347,333,14,301,288,13,96,91,5,205,197,8,26,25,1,8,8,0,18,17,1,20,20,0,256,254,2
S01010802,475,459,16,319,304,15,261,250,11,61,56,5,200,194,6,34,30,4,12,10,2,22,20,2,24,24,0,156,155,1
S01010803,499,483,16,287,275,12,227,217,10,66,64,2,161,153,8,28,27,1,10,10,0,18,17,1,32,31,1,212,208,4
S01010804,497,478,19,295,281,14,253,241,12,73,71,2,180,170,10,32,30,2,5,5,0,27,25,2,10,10,0,202,197,5
S01010805,705,679,26,452,432,20,385,370,15,110,108,2,275,262,13,35,32,3,5,5,0,30,27,3,32,30,2,253,247,6
S01010806,741,717,24,447,428,19,358,341,17,118,113,5,240,228,12,36,35,1,8,7,1,28,28,0,53,52,1,294,289,5
S01010807,450,435,15,291,281,10,245,238,7,67,64,3,178,174,4,31,30,1,14,13,1,17,17,0,15,13,2,159,154,5
S01010808,422,408,14,269,257,12,241,231,10,56,55,1,185,176,9,19,19,0,8,8,0,11,11,0,9,7,2,153,151,2
S01010809,675,658,17,440,430,10,378,371,7,87,86,1,291,285,6,35,34,1,8,7,1,27,27,0,27,25,2,235,228,7
S01010810,429,417,12,214,207,7,155,152,3,25,25,0,130,127,3,44,41,3,11,9,2,33,32,1,15,14,1,215,210,5
S01010811,745,715,30,467,447,20,324,307,17,105,101,4,219,206,13,111,109,2,35,34,1,76,75,1,32,31,1,278,268,10
S01010812,434,414,20,268,254,14,164,157,7,49,46,3,115,111,4,72,66,6,16,15,1,56,51,5,32,31,1,166,160,6
S01010813,454,435,19,304,289,15,188,179,9,55,51,4,133,128,5,83,79,4,23,22,1,60,57,3,33,31,2,150,146,4
S01010814,536,493,43,346,314,32,201,183,18,54,47,7,147,136,11,124,110,14,33,29,4,91,81,10,21,21,0,190,179,11
S01010815,377,358,19,251,239,12,203,197,6,68,68,0,135,129,6,42,39,3,9,7,2,33,32,1,6,3,3,126,119,7
S01010816,523,501,22,262,255,7,191,186,5,66,64,2,125,122,3,63,61,2,17,16,1,46,45,1,8,8,0,261,246,15
S01010817,712,676,36,431,405,26,310,286,24,79,73,6,231,213,18,102,100,2,25,25,0,77,75,2,19,19,0,281,271,10
S01010818,826,777,49,493,459,34,371,343,28,91,85,6,280,258,22,96,93,3,30,28,2,66,65,1,26,23,3,333,318,15
S01010819,676,645,31,381,363,18,301,286,15,83,80,3,218,206,12,59,58,1,17,17,0,42,41,1,21,19,2,295,282,13
S01010820,431,407,24,271,253,18,198,186,12,49,44,5,149,142,7,63,57,6,19,15,4,44,42,2,10,10,0,160,154,6
S01010821,499,461,38,266,245,21,205,187,18,52,47,5,153,140,13,56,53,3,25,23,2,31,30,1,5,5,0,233,216,17
S01010822,641,600,41,369,342,27,263,242,21,62,59,3,201,183,18,89,83,6,15,14,1,74,69,5,17,17,0,272,258,14
S01010823,368,357,11,248,239,9,207,201,6,72,69,3,135,132,3,29,26,3,10,8,2,19,18,1,12,12,0,120,118,2
S01010824,535,521,14,424,415,9,358,352,6,81,80,1,277,272,5,45,44,1,13,13,0,32,31,1,21,19,2,111,106,5
S01010825,259,248,11,197,187,10,171,163,8,37,36,1,134,127,7,22,20,2,3,2,1,19,18,1,4,4,0,62,61,1
S01010826,620,587,33,374,349,25,294,278,16,81,74,7,213,204,9,57,51,6,18,16,2,39,35,4,23,20,3,246,238,8
S01010827,491,481,10,357,348,9,318,311,7,97,97,0,221,214,7,25,23,2,5,5,0,20,18,2,14,14,0,134,133,1
S01010828,961,922,39,741,712,29,621,595,26,179,169,10,442,426,16,78,75,3,15,15,0,63,60,3,42,42,0,220,210,10
S01010829,809,779,30,476,454,22,387,366,21,98,92,6,289,274,15,69,68,1,17,17,0,52,51,1,20,20,0,333,325,8
S01010830,476,467,9,327,323,4,266,262,4,85,83,2,181,179,2,32,32,0,7,7,0,25,25,0,29,29,0,149,144,5
S01010831,436,422,14,365,353,12,319,309,10,80,80,0,239,229,10,34,33,1,7,6,1,27,27,0,12,11,1,71,69,2
S01010832,613,602,11,469,463,6,402,396,6,113,111,2,289,285,4,27,27,0,5,5,0,22,22,0,40,40,0,144,139,5
S01010833,739,712,27,514,500,14,439,429,10,119,115,4,320,314,6,67,64,3,14,14,0,53,50,3,8,7,1,225,212,13
S01010834,794,765,29,460,440,20,397,384,13,109,107,2,288,277,11,48,43,5,10,10,0,38,33,5,15,13,2,334,325,9
S01010835,576,554,22,328,314,14,278,266,12,85,82,3,193,184,9,38,36,2,11,10,1,27,26,1,12,12,0,248,240,8
S01010836,696,672,24,425,409,16,340,324,16,78,75,3,262,249,13,52,52,0,10,10,0,42,42,0,33,33,0,271,263,8
S01010837,560,555,5,313,309,4,261,257,4,77,76,1,184,181,3,27,27,0,13,13,0,14,14,0,25,25,0,247,246,1
S01010838,664,652,12,455,449,6,393,387,6,115,113,2,278,274,4,25,25,0,6,6,0,19,19,0,37,37,0,209,203,6
S01010839,593,578,15,340,328,12,286,276,10,83,81,2,203,195,8,26,25,1,6,5,1,20,20,0,28,27,1,253,250,3
S01010840,448,428,20,243,229,14,209,198,11,37,37,0,172,161,11,20,20,0,5,5,0,15,15,0,14,11,3,205,199,6
S01010841,657,624,33,418,399,19,348,332,16,84,83,1,264,249,15,32,31,1,11,11,0,21,20,1,38,36,2,239,225,14
S01010842,808,773,35,357,336,21,295,276,19,63,60,3,232,216,16,26,26,0,9,9,0,17,17,0,36,34,2,451,437,14
S01010843,582,564,18,302,289,13,252,241,11,54,52,2,198,189,9,22,21,1,9,9,0,13,12,1,28,27,1,280,275,5
S01010844,571,559,12,341,334,7,312,305,7,90,90,0,222,215,7,20,20,0,3,3,0,17,17,0,9,9,0,230,225,5
S01010845,528,514,14,313,306,7,269,262,7,89,86,3,180,176,4,22,22,0,4,4,0,18,18,0,22,22,0,215,208,7
S01010846,620,606,14,424,415,9,358,351,7,127,124,3,231,227,4,23,22,1,7,7,0,16,15,1,43,42,1,196,191,5
S01010847,518,501,17,388,376,12,350,338,12,83,82,1,267,256,11,19,19,0,4,4,0,15,15,0,19,19,0,130,125,5
S01010848,519,512,7,319,317,2,254,252,2,81,81,0,173,171,2,17,17,0,3,3,0,14,14,0,48,48,0,200,195,5
S01010849,732,710,22,418,403,15,340,327,13,121,117,4,219,210,9,30,28,2,4,4,0,26,24,2,48,48,0,314,307,7
S01010850,711,701,10,346,339,7,282,275,7,103,100,3,179,175,4,14,14,0,8,8,0,6,6,0,50,50,0,365,362,3
S01010851,608,591,17,383,371,12,322,311,11,113,113,0,209,198,11,10,10,0,5,5,0,5,5,0,51,50,1,225,220,5
S01010852,612,600,12,369,362,7,307,301,6,96,95,1,211,206,5,28,27,1,7,7,0,21,20,1,34,34,0,243,238,5
S01010853,726,712,14,458,449,9,390,382,8,135,133,2,255,249,6,30,30,0,11,11,0,19,19,0,38,37,1,268,263,5
S01010854,701,681,20,428,414,14,358,345,13,137,134,3,221,211,10,23,22,1,8,8,0,15,14,1,47,47,0,273,267,6
S01010855,449,440,9,270,263,7,227,221,6,81,80,1,146,141,5,16,15,1,6,6,0,10,9,1,27,27,0,179,177,2
S01010856,755,738,17,381,373,8,310,302,8,93,92,1,217,210,7,27,27,0,7,7,0,20,20,0,44,44,0,374,365,9
S01010857,644,630,14,461,449,12,404,392,12,117,116,1,287,276,11,21,21,0,3,3,0,18,18,0,36,36,0,183,181,2
S01010858,592,573,19,342,325,17,287,270,17,85,81,4,202,189,13,18,18,0,9,9,0,9,9,0,37,37,0,250,248,2
S01010859,586,578,8,319,313,6,270,265,5,96,94,2,174,171,3,17,17,0,8,8,0,9,9,0,32,31,1,267,265,2
S01010860,528,513,15,312,299,13,269,258,11,90,89,1,179,169,10,10,10,0,5,5,0,5,5,0,33,31,2,216,214,2
S01010861,533,515,18,284,269,15,232,221,11,77,75,2,155,146,9,12,12,0,5,5,0,7,7,0,40,36,4,249,246,3
S01010862,439,434,5,234,231,3,173,171,2,68,68,0,105,103,2,4,4,0,1,1,0,3,3,0,57,56,1,205,203,2
S01010863,677,656,21,369,358,11,315,304,11,94,92,2,221,212,9,32,32,0,7,7,0,25,25,0,22,22,0,308,298,10
S01010864,487,471,16,303,293,10,266,256,10,80,80,0,186,176,10,24,24,0,9,9,0,15,15,0,13,13,0,184,178,6
S01010865,643,610,33,310,294,16,264,252,12,69,65,4,195,187,8,37,33,4,12,10,2,25,23,2,9,9,0,333,316,17
S01010866,670,644,26,281,267,14,237,227,10,61,60,1,176,167,9,35,31,4,9,9,0,26,22,4,9,9,0,389,377,12
S01010867,591,568,23,313,300,13,249,240,9,64,63,1,185,177,8,51,48,3,14,13,1,37,35,2,13,12,1,278,268,10
S01010868,743,716,27,353,339,14,310,297,13,94,91,3,216,206,10,29,28,1,5,5,0,24,23,1,14,14,0,390,377,13
S01010869,632,601,31,399,380,19,331,320,11,114,110,4,217,210,7,45,40,5,6,6,0,39,34,5,23,20,3,233,221,12
S01010870,667,628,39,412,384,28,344,321,23,83,81,2,261,240,21,41,38,3,18,18,0,23,20,3,27,25,2,255,244,11
S01010871,759,709,50,462,428,34,378,348,30,98,92,6,280,256,24,49,46,3,13,12,1,36,34,2,35,34,1,297,281,16
S01010872,624,588,36,377,350,27,325,301,24,81,78,3,244,223,21,29,27,2,9,8,1,20,19,1,23,22,1,247,238,9
S01010873,497,473,24,195,182,13,166,155,11,49,47,2,117,108,9,9,8,1,2,2,0,7,6,1,20,19,1,302,291,11
S01010874,632,608,24,433,418,15,363,348,15,103,101,2,260,247,13,41,41,0,8,8,0,33,33,0,29,29,0,199,190,9
S01010875,426,394,32,295,269,26,248,225,23,75,73,2,173,152,21,25,24,1,7,6,1,18,18,0,22,20,2,131,125,6
S01010876,608,579,29,367,344,23,317,296,21,99,95,4,218,201,17,11,11,0,2,2,0,9,9,0,39,37,2,241,235,6
S01010877,792,763,29,465,446,19,394,378,16,112,112,0,282,266,16,31,30,1,8,8,0,23,22,1,40,38,2,327,317,10
S01010878,1048,1025,23,471,457,14,396,384,12,116,112,4,280,272,8,30,30,0,9,9,0,21,21,0,45,43,2,577,568,9
S01010879,705,694,11,476,467,9,408,400,8,140,138,2,268,262,6,40,40,0,9,9,0,31,31,0,28,27,1,229,227,2
S01010880,444,428,16,255,247,8,208,201,7,73,71,2,135,130,5,10,10,0,5,5,0,5,5,0,37,36,1,189,181,8
S01010881,542,536,6,298,293,5,253,248,5,78,78,0,175,170,5,16,16,0,2,2,0,14,14,0,29,29,0,244,243,1
S01010882,457,446,11,331,322,9,286,278,8,95,92,3,191,186,5,12,11,1,4,4,0,8,7,1,33,33,0,126,124,2
S01010883,736,705,31,506,484,22,444,427,17,134,127,7,310,300,10,22,19,3,3,3,0,19,16,3,40,38,2,230,221,9
S01010884,582,577,5,285,282,3,222,220,2,69,68,1,153,152,1,15,14,1,6,6,0,9,8,1,48,48,0,297,295,2
S01010885,778,745,33,398,376,22,318,298,20,110,109,1,208,189,19,17,17,0,5,5,0,12,12,0,63,61,2,380,369,11
S01010886,399,392,7,247,241,6,190,184,6,53,53,0,137,131,6,19,19,0,7,7,0,12,12,0,38,38,0,152,151,1
S01010887,707,696,11,305,300,5,231,226,5,83,81,2,148,145,3,20,20,0,8,8,0,12,12,0,54,54,0,402,396,6
S01010888,682,657,25,390,372,18,324,309,15,89,88,1,235,221,14,20,19,1,6,6,0,14,13,1,46,44,2,292,285,7
S01010889,472,457,15,253,245,8,200,195,5,53,53,0,147,142,5,14,13,1,3,3,0,11,10,1,39,37,2,219,212,7
S01010890,713,698,15,263,253,10,215,206,9,65,65,0,150,141,9,14,14,0,1,1,0,13,13,0,34,33,1,450,445,5
S01010891,390,368,22,143,130,13,99,88,11,31,28,3,68,60,8,9,7,2,4,4,0,5,3,2,35,35,0,247,238,9
S01010892,758,734,24,363,344,19,297,282,15,93,93,0,204,189,15,16,14,2,3,3,0,13,11,2,50,48,2,395,390,5
S01010893,465,456,9,193,188,5,160,158,2,52,52,0,108,106,2,9,9,0,2,2,0,7,7,0,24,21,3,272,268,4
S01010894,579,562,17,325,314,11,275,270,5,69,69,0,206,201,5,17,12,5,1,0,1,16,12,4,33,32,1,254,248,6
S01010895,358,354,4,161,159,2,124,123,1,37,36,1,87,87,0,10,10,0,2,2,0,8,8,0,27,26,1,197,195,2
S01010896,568,563,5,284,282,2,224,222,2,74,74,0,150,148,2,16,16,0,8,8,0,8,8,0,44,44,0,284,281,3
S01010897,670,664,6,367,363,4,294,291,3,105,104,1,189,187,2,15,15,0,5,5,0,10,10,0,58,57,1,303,301,2
S01010898,505,500,5,284,279,5,221,219,2,75,74,1,146,145,1,23,21,2,10,10,0,13,11,2,40,39,1,221,221,0
S01010899,478,471,7,344,339,5,293,288,5,86,85,1,207,203,4,17,17,0,3,3,0,14,14,0,34,34,0,134,132,2
S01010900,508,500,8,308,303,5,248,243,5,90,89,1,158,154,4,12,12,0,2,2,0,10,10,0,48,48,0,200,197,3
S01010901,351,343,8,183,178,5,143,139,4,55,55,0,88,84,4,8,7,1,4,4,0,4,3,1,32,32,0,168,165,3
S01010902,825,812,13,463,455,8,389,383,6,119,118,1,270,265,5,22,20,2,7,6,1,15,14,1,52,52,0,362,357,5
S01010903,667,658,9,313,308,5,250,246,4,84,82,2,166,164,2,15,15,0,2,2,0,13,13,0,48,47,1,354,350,4
S01010904,446,440,6,250,244,6,195,192,3,65,63,2,130,129,1,12,11,1,2,2,0,10,9,1,43,41,2,196,196,0
S01010905,502,482,20,319,305,14,282,270,12,78,74,4,204,196,8,17,15,2,9,7,2,8,8,0,20,20,0,183,177,6
S01010906,746,737,9,496,488,8,420,412,8,129,129,0,291,283,8,24,24,0,9,9,0,15,15,0,52,52,0,250,249,1
S01010907,394,381,13,332,322,10,299,291,8,70,65,5,229,226,3,18,17,1,5,4,1,13,13,0,15,14,1,62,59,3
S01010908,512,506,6,301,297,4,259,255,4,74,74,0,185,181,4,19,19,0,4,4,0,15,15,0,23,23,0,211,209,2
S01010909,616,598,18,374,361,13,324,314,10,90,85,5,234,229,5,25,24,1,10,9,1,15,15,0,25,23,2,242,237,5
S01010910,405,396,9,227,221,6,170,165,5,55,52,3,115,113,2,9,9,0,3,3,0,6,6,0,48,47,1,178,175,3
S01010911,495,490,5,201,198,3,166,163,3,39,38,1,127,125,2,8,8,0,2,2,0,6,6,0,27,27,0,294,292,2
S01010912,593,572,21,226,219,7,179,174,5,55,55,0,124,119,5,17,15,2,4,3,1,13,12,1,30,30,0,367,353,14
S01010913,537,520,17,344,334,10,296,288,8,86,83,3,210,205,5,33,31,2,7,7,0,26,24,2,15,15,0,193,186,7
S01010914,539,530,9,404,395,9,351,345,6,96,95,1,255,250,5,26,24,2,10,9,1,16,15,1,27,26,1,135,135,0
S01010915,592,578,14,416,406,10,368,360,8,107,104,3,261,256,5,23,22,1,6,6,0,17,16,1,25,24,1,176,172,4
S01010916,486,472,14,226,214,12,167,159,8,44,44,0,123,115,8,12,12,0,2,2,0,10,10,0,47,43,4,260,258,2
S01010917,620,608,12,343,338,5,293,290,3,67,67,0,226,223,3,17,15,2,3,3,0,14,12,2,33,33,0,277,270,7
S01010918,612,602,10,306,303,3,260,257,3,81,80,1,179,177,2,17,17,0,5,5,0,12,12,0,29,29,0,306,299,7
S01010919,658,649,9,361,355,6,307,304,3,98,97,1,209,207,2,18,17,1,9,8,1,9,9,0,36,34,2,297,294,3
S01010920,452,438,14,253,241,12,174,166,8,61,59,2,113,107,6,23,21,2,7,6,1,16,15,1,56,54,2,199,197,2
S01010921,521,517,4,296,294,2,238,236,2,72,72,0,166,164,2,11,11,0,0,0,0,11,11,0,47,47,0,225,223,2
S01010922,721,715,6,350,346,4,285,282,3,101,100,1,184,182,2,16,15,1,6,5,1,10,10,0,49,49,0,371,369,2
S01010923,729,720,9,394,387,7,323,318,5,105,101,4,218,217,1,22,21,1,4,3,1,18,18,0,49,48,1,335,333,2
S01010924,512,507,5,291,287,4,256,253,3,79,78,1,177,175,2,14,13,1,2,2,0,12,11,1,21,21,0,221,220,1
S01010925,678,674,4,366,364,2,292,290,2,104,104,0,188,186,2,20,20,0,7,7,0,13,13,0,54,54,0,312,310,2
S01010926,649,641,8,364,359,5,292,287,5,95,93,2,197,194,3,21,21,0,8,8,0,13,13,0,51,51,0,285,282,3
S01010927,461,453,8,252,247,5,220,216,4,62,62,0,158,154,4,12,11,1,4,3,1,8,8,0,20,20,0,209,206,3
S01010928,561,557,4,302,299,3,236,233,3,78,77,1,158,156,2,25,25,0,9,9,0,16,16,0,41,41,0,259,258,1
S01010929,516,507,9,271,267,4,213,209,4,66,66,0,147,143,4,14,14,0,5,5,0,9,9,0,44,44,0,245,240,5
S01010930,712,664,48,549,507,42,410,377,33,119,114,5,291,263,28,115,108,7,21,19,2,94,89,5,24,22,2,163,157,6
S01010931,372,353,19,234,219,15,156,144,12,39,35,4,117,109,8,66,63,3,14,14,0,52,49,3,12,12,0,138,134,4
S01010932,468,447,21,286,275,11,234,223,11,74,70,4,160,153,7,33,33,0,13,13,0,20,20,0,19,19,0,182,172,10
S01010933,576,538,38,413,381,32,335,313,22,80,72,8,255,241,14,65,57,8,18,14,4,47,43,4,13,11,2,163,157,6
S01010934,835,801,34,574,550,24,479,457,22,123,117,6,356,340,16,73,71,2,21,21,0,52,50,2,22,22,0,261,251,10
S01010935,575,550,25,277,262,15,218,209,9,71,69,2,147,140,7,43,37,6,20,17,3,23,20,3,16,16,0,298,288,10
S01010936,627,601,26,375,357,18,310,296,14,72,68,4,238,228,10,44,40,4,9,8,1,35,32,3,21,21,0,252,244,8
S01010937,627,614,13,435,425,10,372,363,9,100,96,4,272,267,5,42,41,1,10,10,0,32,31,1,21,21,0,192,189,3
S01010938,636,616,20,390,376,14,309,296,13,100,95,5,209,201,8,21,21,0,4,4,0,17,17,0,60,59,1,246,240,6
S01010939,421,402,19,291,277,14,237,225,12,86,82,4,151,143,8,30,29,1,10,9,1,20,20,0,24,23,1,130,125,5
S01010940,587,570,17,388,379,9,340,333,7,101,99,2,239,234,5,32,30,2,10,9,1,22,21,1,16,16,0,199,191,8
S01010941,716,688,28,477,459,18,401,385,16,119,117,2,282,268,14,54,52,2,13,11,2,41,41,0,22,22,0,239,229,10
S01010942,563,542,21,345,330,15,305,291,14,95,90,5,210,201,9,31,31,0,4,4,0,27,27,0,9,8,1,218,212,6
S01010943,486,459,27,344,326,18,284,266,18,88,84,4,196,182,14,20,20,0,6,6,0,14,14,0,40,40,0,142,133,9
S01010944,525,504,21,298,283,15,254,241,13,78,76,2,176,165,11,14,14,0,6,6,0,8,8,0,30,28,2,227,221,6
S01010945,441,427,14,313,300,13,263,251,12,92,89,3,171,162,9,27,26,1,12,12,0,15,14,1,23,23,0,128,127,1
S01010946,682,671,11,443,437,6,367,362,5,104,102,2,263,260,3,40,39,1,10,9,1,30,30,0,36,36,0,239,234,5
S01010947,440,419,21,272,257,15,224,214,10,67,63,4,157,151,6,24,19,5,8,5,3,16,14,2,24,24,0,168,162,6
S01010948,553,533,20,355,340,15,295,282,13,89,84,5,206,198,8,31,31,0,8,8,0,23,23,0,29,27,2,198,193,5
S01010949,832,805,27,527,510,17,453,439,14,149,143,6,304,296,8,58,57,1,14,14,0,44,43,1,16,14,2,305,295,10
S01010950,695,673,22,417,403,14,343,335,8,100,97,3,243,238,5,39,33,6,11,10,1,28,23,5,35,35,0,278,270,8
S01010951,507,472,35,345,317,28,302,277,25,78,70,8,224,207,17,22,20,2,11,10,1,11,10,1,21,20,1,162,155,7
S01010952,410,387,23,316,297,19,273,258,15,78,73,5,195,185,10,28,27,1,6,6,0,22,21,1,15,12,3,94,90,4
S01010953,467,454,13,330,319,11,294,283,11,104,101,3,190,182,8,23,23,0,4,4,0,19,19,0,13,13,0,137,135,2
S01010954,528,497,31,404,379,25,355,331,24,92,89,3,263,242,21,39,38,1,9,9,0,30,29,1,10,10,0,124,118,6
S01010955,720,640,80,507,451,56,416,373,43,111,99,12,305,274,31,63,60,3,17,16,1,46,44,2,28,18,10,213,189,24
S01010956,575,539,36,403,376,27,281,264,17,73,71,2,208,193,15,102,93,9,27,25,2,75,68,7,20,19,1,172,163,9
S01010957,473,446,27,310,290,20,271,253,18,75,71,4,196,182,14,33,32,1,8,8,0,25,24,1,6,5,1,163,156,7
S01010958,424,412,12,244,234,10,195,187,8,49,47,2,146,140,6,38,37,1,11,11,0,27,26,1,11,10,1,180,178,2
S01010959,486,451,35,324,300,24,261,242,19,80,77,3,181,165,16,40,36,4,20,18,2,20,18,2,23,22,1,162,151,11
S01010960,876,831,45,593,560,33,462,437,25,135,127,8,327,310,17,66,62,4,14,12,2,52,50,2,65,61,4,283,271,12
S01010961,472,452,20,294,277,17,247,234,13,64,61,3,183,173,10,27,25,2,11,11,0,16,14,2,20,18,2,178,175,3
S01010962,508,486,22,276,267,9,232,225,7,54,51,3,178,174,4,32,31,1,9,9,0,23,22,1,12,11,1,232,219,13
S01010963,766,732,34,547,520,27,453,431,22,121,115,6,332,316,16,63,59,4,12,11,1,51,48,3,31,30,1,219,212,7
S01010964,444,437,7,268,262,6,231,225,6,82,80,2,149,145,4,26,26,0,6,6,0,20,20,0,11,11,0,176,175,1
S01010965,419,395,24,275,253,22,229,213,16,74,71,3,155,142,13,14,13,1,5,5,0,9,8,1,32,27,5,144,142,2
S01010966,582,558,24,369,350,19,296,284,12,94,91,3,202,193,9,37,32,5,12,11,1,25,21,4,36,34,2,213,208,5
S01010967,552,535,17,343,331,12,283,271,12,90,84,6,193,187,6,30,30,0,7,7,0,23,23,0,30,30,0,209,204,5
S01010968,603,579,24,363,344,19,305,290,15,82,80,2,223,210,13,36,33,3,7,6,1,29,27,2,22,21,1,240,235,5
S01010969,545,513,32,291,274,17,230,217,13,53,52,1,177,165,12,45,41,4,7,5,2,38,36,2,16,16,0,254,239,15
S01010970,790,755,35,511,486,25,416,396,20,127,124,3,289,272,17,64,62,2,18,17,1,46,45,1,31,28,3,279,269,10
S01010971,825,794,31,600,574,26,491,473,18,152,144,8,339,329,10,72,69,3,15,15,0,57,54,3,37,32,5,225,220,5
S01010972,643,611,32,418,396,22,349,331,18,113,106,7,236,225,11,27,26,1,5,5,0,22,21,1,42,39,3,225,215,10
S01010973,419,410,9,259,255,4,223,220,3,74,74,0,149,146,3,25,24,1,6,5,1,19,19,0,11,11,0,160,155,5
S01010974,593,580,13,369,360,9,312,307,5,94,92,2,218,215,3,31,30,1,11,10,1,20,20,0,26,23,3,224,220,4
S01010975,380,366,14,231,224,7,182,179,3,57,57,0,125,122,3,21,17,4,7,5,2,14,12,2,28,28,0,149,142,7
S01010976,477,462,15,282,272,10,247,240,7,73,72,1,174,168,6,21,19,2,7,7,0,14,12,2,14,13,1,195,190,5
S01010977,604,592,12,392,384,8,344,337,7,91,89,2,253,248,5,27,26,1,8,8,0,19,18,1,21,21,0,212,208,4
S01010978,599,568,31,372,347,25,306,286,20,88,84,4,218,202,16,31,27,4,10,9,1,21,18,3,35,34,1,227,221,6
S01010979,651,611,40,434,416,18,359,344,15,112,110,2,247,234,13,35,33,2,10,9,1,25,24,1,40,39,1,217,195,22
S01010980,601,580,21,371,359,12,306,298,8,98,98,0,208,200,8,38,37,1,14,14,0,24,23,1,27,24,3,230,221,9
S01010981,612,592,20,338,319,19,281,263,18,79,77,2,202,186,16,32,31,1,9,9,0,23,22,1,25,25,0,274,273,1
S01010982,1049,986,63,600,557,43,443,411,32,114,106,8,329,305,24,127,120,7,37,37,0,90,83,7,30,26,4,449,429,20
S01010983,665,643,22,408,389,19,342,324,18,89,86,3,253,238,15,47,47,0,7,7,0,40,40,0,19,18,1,257,254,3
S01010984,578,565,13,284,276,8,237,230,7,74,72,2,163,158,5,33,32,1,10,10,0,23,22,1,14,14,0,294,289,5
S01010985,503,475,28,326,304,22,275,257,18,78,73,5,197,184,13,27,26,1,11,11,0,16,15,1,24,21,3,177,171,6
S01010986,397,373,24,311,293,18,267,252,15,80,76,4,187,176,11,37,35,2,8,8,0,29,27,2,7,6,1,86,80,6
S01010987,453,433,20,362,345,17,295,282,13,92,88,4,203,194,9,54,50,4,12,11,1,42,39,3,13,13,0,91,88,3
S01010988,450,435,15,362,348,14,315,304,11,97,94,3,218,210,8,33,32,1,5,5,0,28,27,1,14,12,2,88,87,1
S01010989,692,658,34,636,605,31,563,534,29,117,114,3,446,420,26,62,60,2,16,15,1,46,45,1,11,11,0,56,53,3
S01010990,636,596,40,403,380,23,338,320,18,101,96,5,237,224,13,40,40,0,9,9,0,31,31,0,25,20,5,233,216,17
S01010991,435,413,22,311,294,17,257,243,14,56,54,2,201,189,12,34,31,3,9,8,1,25,23,2,20,20,0,124,119,5
S01010992,402,359,43,328,298,30,276,253,23,59,53,6,217,200,17,42,36,6,7,5,2,35,31,4,10,9,1,74,61,13
S01010993,508,490,18,352,337,15,304,292,12,86,85,1,218,207,11,32,29,3,2,2,0,30,27,3,16,16,0,156,153,3
S01010994,896,850,46,552,521,31,456,430,26,113,106,7,343,324,19,82,77,5,27,23,4,55,54,1,14,14,0,344,329,15
S01010995,608,596,12,423,418,5,367,363,4,123,122,1,244,241,3,40,39,1,14,13,1,26,26,0,16,16,0,185,178,7
S01010996,514,490,24,332,315,17,266,253,13,70,68,2,196,185,11,55,52,3,20,19,1,35,33,2,11,10,1,182,175,7
S01010997,561,540,21,303,294,9,245,237,8,66,63,3,179,174,5,46,45,1,10,9,1,36,36,0,12,12,0,258,246,12
S01010998,495,466,29,304,286,18,218,207,11,57,53,4,161,154,7,73,68,5,20,20,0,53,48,5,13,11,2,191,180,11
S01010999,746,703,43,402,371,31,337,310,27,98,90,8,239,220,19,47,44,3,9,9,0,38,35,3,18,17,1,344,332,12
S01011000,680,647,33,464,441,23,358,341,17,99,94,5,259,247,12,82,76,6,19,18,1,63,58,5,24,24,0,216,206,10
S01011001,534,520,14,337,326,11,286,282,4,82,81,1,204,201,3,31,26,5,5,4,1,26,22,4,20,18,2,197,194,3
S01011002,594,572,22,358,341,17,305,292,13,91,89,2,214,203,11,28,26,2,4,3,1,24,23,1,25,23,2,236,231,5
S01011003,553,537,16,353,342,11,289,280,9,97,93,4,192,187,5,32,32,0,11,11,0,21,21,0,32,30,2,200,195,5
S01011004,486,454,32,363,339,24,302,279,23,83,75,8,219,204,15,39,39,0,9,9,0,30,30,0,22,21,1,123,115,8
S01011005,556,535,21,322,305,17,270,258,12,76,75,1,194,183,11,25,22,3,9,8,1,16,14,2,27,25,2,234,230,4
S01011006,804,759,45,578,540,38,499,466,33,104,98,6,395,368,27,57,52,5,17,14,3,40,38,2,22,22,0,226,219,7
S01011007,542,514,28,331,306,25,281,261,20,87,79,8,194,182,12,24,20,4,7,6,1,17,14,3,26,25,1,211,208,3
S01011008,653,635,18,402,389,13,333,323,10,96,94,2,237,229,8,29,28,1,6,5,1,23,23,0,40,38,2,251,246,5
S01011009,416,391,25,305,285,20,265,248,17,78,73,5,187,175,12,16,15,1,7,7,0,9,8,1,24,22,2,111,106,5
S01011010,510,457,53,300,256,44,248,211,37,51,47,4,197,164,33,16,12,4,5,4,1,11,8,3,36,33,3,210,201,9
S01011011,663,620,43,368,334,34,300,271,29,89,81,8,211,190,21,15,15,0,4,4,0,11,11,0,53,48,5,295,286,9
S01011012,540,504,36,328,300,28,256,236,20,93,86,7,163,150,13,17,13,4,3,2,1,14,11,3,55,51,4,212,204,8
S01011013,668,650,18,396,385,11,347,338,9,107,107,0,240,231,9,22,21,1,6,6,0,16,15,1,27,26,1,272,265,7
S01011014,691,662,29,490,473,17,422,408,14,117,113,4,305,295,10,37,35,2,11,9,2,26,26,0,31,30,1,201,189,12
S01011015,380,372,8,263,257,6,213,208,5,65,65,0,148,143,5,28,27,1,9,8,1,19,19,0,22,22,0,117,115,2
S01011016,632,571,61,527,486,41,420,390,30,95,89,6,325,301,24,75,69,6,19,17,2,56,52,4,32,27,5,105,85,20
S01011017,692,649,43,459,434,25,337,324,13,95,93,2,242,231,11,102,90,12,35,31,4,67,59,8,20,20,0,233,215,18
S01011018,709,688,21,450,436,14,362,353,9,98,97,1,264,256,8,62,57,5,14,14,0,48,43,5,26,26,0,259,252,7
S01011019,794,739,55,568,528,40,430,401,29,120,109,11,310,292,18,103,95,8,31,30,1,72,65,7,35,32,3,226,211,15
S01011020,378,358,20,267,253,14,216,205,11,50,48,2,166,157,9,41,38,3,9,9,0,32,29,3,10,10,0,111,105,6
S01011021,719,681,38,438,413,25,359,338,21,103,95,8,256,243,13,36,33,3,10,9,1,26,24,2,43,42,1,281,268,13
S01011022,451,419,32,296,272,24,244,226,18,81,76,5,163,150,13,26,24,2,7,6,1,19,18,1,26,22,4,155,147,8
S01011023,665,646,19,438,429,9,365,357,8,107,106,1,258,251,7,44,44,0,12,12,0,32,32,0,29,28,1,227,217,10
S01011024,586,546,40,367,337,30,299,276,23,96,88,8,203,188,15,24,19,5,8,6,2,16,13,3,44,42,2,219,209,10
S01011025,556,528,28,401,379,22,333,316,17,115,109,6,218,207,11,19,16,3,5,4,1,14,12,2,49,47,2,155,149,6
S01011026,456,445,11,299,289,10,242,232,10,66,65,1,176,167,9,23,23,0,6,6,0,17,17,0,34,34,0,157,156,1
S01011027,706,654,52,445,403,42,357,321,36,101,87,14,256,234,22,31,29,2,9,8,1,22,21,1,57,53,4,261,251,10
S01011028,739,722,17,426,413,13,347,335,12,112,109,3,235,226,9,29,28,1,6,6,0,23,22,1,50,50,0,313,309,4
S01011029,509,481,28,322,301,21,275,259,16,74,68,6,201,191,10,22,19,3,6,4,2,16,15,1,25,23,2,187,180,7
S01011030,798,763,35,572,544,28,496,474,22,117,111,6,379,363,16,56,53,3,20,19,1,36,34,2,20,17,3,226,219,7
S01011031,576,569,7,343,339,4,291,288,3,95,95,0,196,193,3,20,19,1,6,5,1,14,14,0,32,32,0,233,230,3
S01011032,652,639,13,410,403,7,322,319,3,101,100,1,221,219,2,37,35,2,15,13,2,22,22,0,51,49,2,242,236,6
S01011033,524,508,16,376,361,15,331,321,10,78,75,3,253,246,7,30,26,4,6,5,1,24,21,3,15,14,1,148,147,1
S01011034,563,536,27,319,293,26,269,245,24,82,74,8,187,171,16,31,29,2,5,5,0,26,24,2,19,19,0,244,243,1
S01011035,517,495,22,348,333,15,279,268,11,82,79,3,197,189,8,32,31,1,7,7,0,25,24,1,37,34,3,169,162,7
S01011036,541,525,16,362,351,11,306,299,7,89,89,0,217,210,7,35,33,2,5,5,0,30,28,2,21,19,2,179,174,5
S01011037,742,717,25,470,451,19,371,356,15,113,110,3,258,246,12,44,40,4,14,12,2,30,28,2,55,55,0,272,266,6
S01011038,663,643,20,408,392,16,321,308,13,101,100,1,220,208,12,30,30,0,8,8,0,22,22,0,57,54,3,255,251,4
S01011039,676,643,33,434,407,27,358,335,23,82,78,4,276,257,19,42,40,2,10,10,0,32,30,2,34,32,2,242,236,6
S01011040,562,546,16,354,343,11,288,279,9,81,78,3,207,201,6,23,22,1,5,5,0,18,17,1,43,42,1,208,203,5
S01011041,629,611,18,314,304,10,254,245,9,91,90,1,163,155,8,24,23,1,5,5,0,19,18,1,36,36,0,315,307,8
S01011042,642,618,24,460,443,17,385,373,12,97,92,5,288,281,7,47,44,3,15,14,1,32,30,2,28,26,2,182,175,7
S01011043,561,535,26,346,332,14,278,266,12,78,72,6,200,194,6,27,25,2,13,11,2,14,14,0,41,41,0,215,203,12
S01011044,568,544,24,353,337,16,269,259,10,78,76,2,191,183,8,40,36,4,15,13,2,25,23,2,44,42,2,215,207,8
S01011045,644,611,33,426,402,24,275,265,10,89,87,2,186,178,8,113,102,11,27,24,3,86,78,8,38,35,3,218,209,9
S01011046,717,696,21,482,470,12,328,322,6,85,84,1,243,238,5,133,128,5,25,22,3,108,106,2,21,20,1,235,226,9
S01011047,789,753,36,489,465,24,382,364,18,106,101,5,276,263,13,84,79,5,18,16,2,66,63,3,23,22,1,300,288,12
S01011048,805,774,31,505,483,22,402,387,15,131,125,6,271,262,9,74,67,7,16,14,2,58,53,5,29,29,0,300,291,9
S01011049,581,559,22,367,348,19,323,305,18,92,84,8,231,221,10,30,30,0,8,8,0,22,22,0,14,13,1,214,211,3
S01011050,651,625,26,438,424,14,342,331,11,93,92,1,249,239,10,75,72,3,17,16,1,58,56,2,21,21,0,213,201,12
S01011051,780,745,35,502,477,25,399,384,15,135,130,5,264,254,10,83,75,8,22,16,6,61,59,2,20,18,2,278,268,10
S01011052,712,660,52,392,351,41,322,286,36,98,90,8,224,196,28,54,51,3,14,13,1,40,38,2,16,14,2,320,309,11
S01011053,535,497,38,314,283,31,268,242,26,66,60,6,202,182,20,27,23,4,7,6,1,20,17,3,19,18,1,221,214,7
S01011054,442,419,23,291,272,19,234,218,16,71,69,2,163,149,14,45,42,3,15,14,1,30,28,2,12,12,0,151,147,4
S01011055,453,434,19,311,297,14,235,224,11,64,61,3,171,163,8,64,62,2,14,14,0,50,48,2,12,11,1,142,137,5
S01011056,555,535,20,387,375,12,255,246,9,80,78,2,175,168,7,125,122,3,27,24,3,98,98,0,7,7,0,168,160,8
S01011057,475,465,10,327,320,7,249,244,5,70,70,0,179,174,5,68,66,2,15,13,2,53,53,0,10,10,0,148,145,3
S01011058,523,497,26,367,350,17,253,241,12,75,72,3,178,169,9,100,95,5,25,23,2,75,72,3,14,14,0,156,147,9
S01011059,510,485,25,350,332,18,249,235,14,87,83,4,162,152,10,79,75,4,15,13,2,64,62,2,22,22,0,160,153,7
S01011060,780,756,24,410,394,16,340,326,14,115,110,5,225,216,9,55,54,1,13,13,0,42,41,1,15,14,1,370,362,8
S01011061,699,684,15,459,448,11,393,386,7,127,127,0,266,259,7,32,30,2,10,9,1,22,21,1,34,32,2,240,236,4
S01011062,755,740,15,507,496,11,429,419,10,137,135,2,292,284,8,62,61,1,4,4,0,58,57,1,16,16,0,248,244,4
S01011063,855,837,18,504,491,13,425,413,12,153,150,3,272,263,9,40,40,0,10,10,0,30,30,0,39,38,1,351,346,5
S01011064,860,838,22,544,529,15,456,443,13,126,123,3,330,320,10,67,65,2,10,10,0,57,55,2,21,21,0,316,309,7
S01011065,592,571,21,350,342,8,256,249,7,84,82,2,172,167,5,72,71,1,17,16,1,55,55,0,22,22,0,242,229,13
S01011066,427,411,16,246,234,12,177,170,7,61,57,4,116,113,3,57,54,3,13,13,0,44,41,3,12,10,2,181,177,4
S01011067,478,458,20,257,249,8,187,182,5,53,51,2,134,131,3,51,49,2,17,16,1,34,33,1,19,18,1,221,209,12
S01011068,421,413,8,255,247,8,189,185,4,63,62,1,126,123,3,53,50,3,14,14,0,39,36,3,13,12,1,166,166,0
S01011069,467,455,12,257,250,7,212,208,4,74,73,1,138,135,3,32,30,2,6,6,0,26,24,2,13,12,1,210,205,5
S01011070,510,503,7,321,316,5,272,267,5,83,81,2,189,186,3,39,39,0,12,12,0,27,27,0,10,10,0,189,187,2
S01011071,726,707,19,420,406,14,324,311,13,91,88,3,233,223,10,66,66,0,14,14,0,52,52,0,30,29,1,306,301,5
S01011072,801,784,17,548,538,10,435,427,8,143,142,1,292,285,7,84,83,1,17,17,0,67,66,1,29,28,1,253,246,7
S01011073,596,572,24,371,355,16,312,300,12,107,103,4,205,197,8,47,44,3,16,15,1,31,29,2,12,11,1,225,217,8
S01011074,509,494,15,336,323,13,282,271,11,95,92,3,187,179,8,39,38,1,7,7,0,32,31,1,15,14,1,173,171,2
S01011075,570,553,17,346,336,10,285,278,7,96,93,3,189,185,4,30,30,0,10,10,0,20,20,0,31,28,3,224,217,7
S01011076,605,580,25,360,343,17,299,285,14,89,85,4,210,200,10,32,30,2,5,4,1,27,26,1,29,28,1,245,237,8
S01011077,586,571,15,347,338,9,288,279,9,119,114,5,169,165,4,12,12,0,5,5,0,7,7,0,47,47,0,239,233,6
S01011078,941,923,18,557,542,15,457,446,11,151,150,1,306,296,10,83,82,1,14,14,0,69,68,1,17,14,3,384,381,3
S01011079,888,822,66,582,524,58,487,436,51,139,121,18,348,315,33,56,54,2,11,10,1,45,44,1,39,34,5,306,298,8
S01011080,838,807,31,509,488,21,433,414,19,132,129,3,301,285,16,38,36,2,8,8,0,30,28,2,38,38,0,329,319,10
S01011081,662,651,11,412,403,9,351,343,8,126,122,4,225,221,4,30,29,1,8,7,1,22,22,0,31,31,0,250,248,2
S01011082,474,465,9,237,230,7,202,197,5,71,70,1,131,127,4,11,11,0,2,2,0,9,9,0,24,22,2,237,235,2
S01011083,648,617,31,402,376,26,333,314,19,113,105,8,220,209,11,39,35,4,15,13,2,24,22,2,30,27,3,246,241,5
S01011084,654,634,20,393,379,14,300,290,10,86,81,5,214,209,5,73,70,3,26,26,0,47,44,3,20,19,1,261,255,6
S01011085,744,722,22,461,446,15,387,374,13,115,112,3,272,262,10,58,56,2,20,20,0,38,36,2,16,16,0,283,276,7
S01011086,546,533,13,321,313,8,272,265,7,73,70,3,199,195,4,41,40,1,8,8,0,33,32,1,8,8,0,225,220,5
S01011087,479,461,18,303,292,11,256,246,10,58,57,1,198,189,9,30,29,1,11,11,0,19,18,1,17,17,0,176,169,7
S01011088,803,769,34,479,457,22,400,382,18,103,96,7,297,286,11,60,57,3,22,20,2,38,37,1,19,18,1,324,312,12
S01011089,542,529,13,311,302,9,249,241,8,91,88,3,158,153,5,29,29,0,8,8,0,21,21,0,33,32,1,231,227,4
S01011090,612,582,30,385,366,19,297,281,16,85,81,4,212,200,12,78,77,1,13,13,0,65,64,1,10,8,2,227,216,11
S01011091,526,500,26,384,366,18,285,271,14,78,76,2,207,195,12,78,74,4,20,20,0,58,54,4,21,21,0,142,134,8
S01011092,320,295,25,215,197,18,168,153,15,66,63,3,102,90,12,18,17,1,8,8,0,10,9,1,29,27,2,105,98,7
S01011093,502,487,15,348,334,14,267,258,9,76,75,1,191,183,8,71,67,4,11,10,1,60,57,3,10,9,1,154,153,1
S01011094,447,423,24,290,270,20,210,191,19,64,60,4,146,131,15,69,68,1,27,26,1,42,42,0,11,11,0,157,153,4
S01011095,651,616,35,458,432,26,346,328,18,90,85,5,256,243,13,96,89,7,21,20,1,75,69,6,16,15,1,193,184,9
S01011096,479,443,36,332,305,27,268,247,21,60,56,4,208,191,17,51,46,5,10,10,0,41,36,5,13,12,1,147,138,9
S01011097,559,533,26,393,374,19,304,293,11,97,95,2,207,198,9,74,68,6,24,21,3,50,47,3,15,13,2,166,159,7
S01011098,635,596,39,425,396,29,366,340,26,102,94,8,264,246,18,36,33,3,10,9,1,26,24,2,23,23,0,210,200,10
S01011099,651,625,26,457,437,20,378,362,16,115,111,4,263,251,12,33,31,2,12,11,1,21,20,1,46,44,2,194,188,6
S01011100,392,383,9,223,217,6,186,182,4,52,50,2,134,132,2,23,22,1,4,4,0,19,18,1,14,13,1,169,166,3
S01011101,482,458,24,305,288,17,262,245,17,91,88,3,171,157,14,10,10,0,2,2,0,8,8,0,33,33,0,177,170,7
S01011102,534,469,65,342,285,57,285,237,48,82,66,16,203,171,32,16,14,2,3,3,0,13,11,2,41,34,7,192,184,8
S01011103,503,446,57,305,257,48,255,213,42,74,63,11,181,150,31,21,19,2,6,6,0,15,13,2,29,25,4,198,189,9
S01011104,628,562,66,297,252,45,246,207,39,67,60,7,179,147,32,36,33,3,12,11,1,24,22,2,15,12,3,331,310,21
S01011105,682,606,76,434,371,63,369,310,59,90,71,19,279,239,40,39,35,4,7,7,0,32,28,4,26,26,0,248,235,13
S01011106,644,581,63,498,450,48,425,381,44,117,102,15,308,279,29,26,23,3,13,10,3,13,13,0,47,46,1,146,131,15
S01011107,636,560,76,526,462,64,463,403,60,126,111,15,337,292,45,26,25,1,5,5,0,21,20,1,37,34,3,110,98,12
S01011108,447,410,37,322,298,24,273,250,23,90,81,9,183,169,14,26,26,0,16,16,0,10,10,0,23,22,1,125,112,13
S01011109,690,642,48,449,417,32,392,361,31,103,96,7,289,265,24,42,42,0,10,10,0,32,32,0,15,14,1,241,225,16
S01011110,568,531,37,397,369,28,352,325,27,115,108,7,237,217,20,18,18,0,5,5,0,13,13,0,27,26,1,171,162,9
S01011111,699,650,49,457,420,37,393,358,35,138,127,11,255,231,24,30,30,0,9,9,0,21,21,0,34,32,2,242,230,12
S01011112,648,606,42,534,501,33,468,439,29,129,126,3,339,313,26,46,42,4,12,11,1,34,31,3,20,20,0,114,105,9
S01011113,821,794,27,511,492,19,455,439,16,132,126,6,323,313,10,33,32,1,9,9,0,24,23,1,23,21,2,310,302,8
S01011114,615,585,30,426,403,23,366,348,18,100,94,6,266,254,12,42,39,3,6,6,0,36,33,3,18,16,2,189,182,7
S01011115,751,712,39,503,475,28,423,397,26,144,139,5,279,258,21,40,38,2,8,7,1,32,31,1,40,40,0,248,237,11
S01011116,544,503,41,357,330,27,313,288,25,92,88,4,221,200,21,22,20,2,5,5,0,17,15,2,22,22,0,187,173,14
S01011117,635,582,53,389,357,32,317,289,28,80,71,9,237,218,19,58,56,2,15,14,1,43,42,1,14,12,2,246,225,21
S01011118,724,661,63,437,395,42,363,332,31,101,90,11,262,242,20,52,47,5,8,7,1,44,40,4,22,16,6,287,266,21
S01011119,789,710,79,439,377,62,376,326,50,104,89,15,272,237,35,54,45,9,19,14,5,35,31,4,9,6,3,350,333,17
S01011120,608,586,22,311,294,17,263,248,15,70,67,3,193,181,12,40,38,2,13,13,0,27,25,2,8,8,0,297,292,5
S01011121,473,411,62,317,263,54,272,224,48,68,55,13,204,169,35,19,17,2,3,2,1,16,15,1,26,22,4,156,148,8
S01011122,541,497,44,356,323,33,304,279,25,81,72,9,223,207,16,33,30,3,9,9,0,24,21,3,19,14,5,185,174,11
S01011123,916,872,44,601,565,36,525,495,30,152,143,9,373,352,21,42,40,2,14,14,0,28,26,2,34,30,4,315,307,8
S01011124,505,461,44,363,326,37,320,287,33,103,98,5,217,189,28,27,27,0,4,4,0,23,23,0,16,12,4,142,135,7
S01011125,392,372,20,288,271,17,252,238,14,86,80,6,166,158,8,16,15,1,4,4,0,12,11,1,20,18,2,104,101,3
S01011126,379,361,18,269,256,13,232,220,12,76,71,5,156,149,7,18,17,1,5,5,0,13,12,1,19,19,0,110,105,5
S01011127,327,311,16,251,243,8,233,225,8,53,50,3,180,175,5,8,8,0,3,3,0,5,5,0,10,10,0,76,68,8
S01011128,600,563,37,390,360,30,332,307,25,99,94,5,233,213,20,31,31,0,9,9,0,22,22,0,27,22,5,210,203,7
S01011129,771,727,44,514,482,32,440,415,25,119,114,5,321,301,20,51,49,2,22,22,0,29,27,2,23,18,5,257,245,12
S01011130,498,459,39,294,263,31,253,230,23,60,57,3,193,173,20,22,19,3,5,4,1,17,15,2,19,14,5,204,196,8
S01011131,565,534,31,382,357,25,325,304,21,69,66,3,256,238,18,28,26,2,13,12,1,15,14,1,29,27,2,183,177,6
S01011132,745,695,50,490,449,41,412,377,35,118,110,8,294,267,27,55,50,5,12,12,0,43,38,5,23,22,1,255,246,9
S01011133,375,358,17,238,228,10,194,187,7,54,50,4,140,137,3,25,23,2,7,6,1,18,17,1,19,18,1,137,130,7
S01011134,665,632,33,417,393,24,351,329,22,93,86,7,258,243,15,50,49,1,11,10,1,39,39,0,16,15,1,248,239,9
S01011135,633,613,20,415,399,16,343,330,13,109,104,5,234,226,8,37,36,1,15,14,1,22,22,0,35,33,2,218,214,4
S01011136,563,542,21,351,335,16,300,287,13,85,79,6,215,208,7,29,26,3,10,8,2,19,18,1,22,22,0,212,207,5
S01011137,369,353,16,266,251,15,210,201,9,64,62,2,146,139,7,31,27,4,11,9,2,20,18,2,25,23,2,103,102,1
S01011138,482,460,22,365,345,20,308,289,19,96,90,6,212,199,13,28,28,0,6,6,0,22,22,0,29,28,1,117,115,2
S01011139,1117,1059,58,1011,959,52,954,903,51,96,90,6,858,813,45,27,27,0,5,5,0,22,22,0,30,29,1,106,100,6
S01011140,428,409,19,303,288,15,256,244,12,70,67,3,186,177,9,22,20,2,8,7,1,14,13,1,25,24,1,125,121,4
S01011141,435,420,15,316,304,12,266,255,11,94,89,5,172,166,6,14,13,1,2,2,0,12,11,1,36,36,0,119,116,3
S01011142,932,766,166,476,444,32,376,351,25,85,79,6,291,272,19,65,59,6,24,22,2,41,37,4,35,34,1,456,322,134
S01011143,780,744,36,478,452,26,410,385,25,138,127,11,272,258,14,50,50,0,19,19,0,31,31,0,18,17,1,302,292,10
S01011144,597,575,22,386,368,18,327,310,17,104,94,10,223,216,7,43,42,1,17,16,1,26,26,0,16,16,0,211,207,4
S01011145,541,510,31,359,339,20,291,276,15,87,83,4,204,193,11,47,43,4,15,14,1,32,29,3,21,20,1,182,171,11
S01011146,586,571,15,379,368,11,308,299,9,86,84,2,222,215,7,38,36,2,15,14,1,23,22,1,33,33,0,207,203,4
S01011147,841,796,45,573,541,32,477,449,28,128,121,7,349,328,21,54,50,4,17,15,2,37,35,2,42,42,0,268,255,13
S01011148,652,602,50,446,406,40,323,293,30,78,66,12,245,227,18,104,94,10,17,12,5,87,82,5,19,19,0,206,196,10
S01011149,701,610,91,558,487,71,457,405,52,71,61,10,386,344,42,89,70,19,36,27,9,53,43,10,12,12,0,143,123,20
S01011150,319,297,22,263,246,17,238,224,14,40,38,2,198,186,12,9,7,2,4,3,1,5,4,1,16,15,1,56,51,5
S01011151,429,395,34,312,288,24,248,233,15,56,52,4,192,181,11,28,23,5,11,9,2,17,14,3,36,32,4,117,107,10
S01011152,589,507,82,353,294,59,242,210,32,66,57,9,176,153,23,91,70,21,38,31,7,53,39,14,20,14,6,236,213,23
S01011153,748,687,61,430,389,41,324,294,30,92,87,5,232,207,25,62,52,10,21,17,4,41,35,6,44,43,1,318,298,20
S01011154,495,465,30,282,266,16,210,198,12,68,64,4,142,134,8,38,37,1,14,13,1,24,24,0,34,31,3,213,199,14
S01011155,556,527,29,306,293,13,239,232,7,86,84,2,153,148,5,35,30,5,15,12,3,20,18,2,32,31,1,250,234,16
S01011156,488,465,23,324,308,16,280,264,16,74,70,4,206,194,12,27,27,0,6,6,0,21,21,0,17,17,0,164,157,7
S01011157,514,496,18,318,305,13,275,264,11,80,79,1,195,185,10,30,29,1,7,7,0,23,22,1,13,12,1,196,191,5
S01011158,446,419,27,242,230,12,189,183,6,63,62,1,126,121,5,39,34,5,13,10,3,26,24,2,14,13,1,204,189,15
S01011159,471,442,29,241,220,21,209,192,17,65,61,4,144,131,13,14,11,3,4,3,1,10,8,2,18,17,1,230,222,8
S01011160,746,687,59,517,468,49,436,388,48,129,120,9,307,268,39,44,43,1,13,13,0,31,30,1,37,37,0,229,219,10
S01011161,496,461,35,335,303,32,275,245,30,102,87,15,173,158,15,28,26,2,7,6,1,21,20,1,32,32,0,161,158,3
S01011162,366,352,14,221,210,11,185,176,9,59,56,3,126,120,6,16,15,1,5,4,1,11,11,0,20,19,1,145,142,3
S01011163,671,643,28,449,430,19,382,364,18,127,120,7,255,244,11,24,23,1,5,4,1,19,19,0,43,43,0,222,213,9
S01011164,590,560,30,368,345,23,312,291,21,109,106,3,203,185,18,31,31,0,9,9,0,22,22,0,25,23,2,222,215,7
S01011165,624,592,32,363,341,22,282,265,17,93,89,4,189,176,13,32,29,3,9,7,2,23,22,1,49,47,2,261,251,10
S01011166,434,412,22,245,228,17,202,186,16,73,69,4,129,117,12,33,32,1,13,12,1,20,20,0,10,10,0,189,184,5
S01011167,641,580,61,372,337,35,276,244,32,81,75,6,195,169,26,87,84,3,27,26,1,60,58,2,9,9,0,269,243,26
S01011168,707,660,47,458,430,28,297,279,18,93,85,8,204,194,10,135,127,8,35,35,0,100,92,8,26,24,2,249,230,19
S01011169,706,668,38,551,521,30,476,454,22,127,120,7,349,334,15,47,41,6,17,15,2,30,26,4,28,26,2,155,147,8
S01011170,756,711,45,471,438,33,358,332,26,109,102,7,249,230,19,76,71,5,33,29,4,43,42,1,37,35,2,285,273,12
S01011171,789,747,42,496,467,29,333,309,24,100,95,5,233,214,19,134,131,3,37,36,1,97,95,2,29,27,2,293,280,13
S01011172,647,618,29,379,364,15,238,226,12,79,78,1,159,148,11,118,115,3,34,33,1,84,82,2,23,23,0,268,254,14
S01011173,507,460,47,250,223,27,155,139,16,46,41,5,109,98,11,84,74,10,23,19,4,61,55,6,11,10,1,257,237,20
S01011174,408,390,18,200,190,10,128,122,6,35,32,3,93,90,3,62,58,4,18,16,2,44,42,2,10,10,0,208,200,8
S01011175,439,428,11,239,236,3,181,178,3,59,58,1,122,120,2,38,38,0,15,15,0,23,23,0,20,20,0,200,192,8
S01011176,496,477,19,236,220,16,159,145,14,43,41,2,116,104,12,68,66,2,15,13,2,53,53,0,9,9,0,260,257,3
S01011177,741,680,61,446,400,46,334,298,36,112,102,10,222,196,26,96,87,9,26,22,4,70,65,5,16,15,1,295,280,15
S01011178,394,381,13,251,240,11,193,184,9,49,44,5,144,140,4,28,27,1,3,3,0,25,24,1,30,29,1,143,141,2
S01011179,509,499,10,316,308,8,253,249,4,80,79,1,173,170,3,28,27,1,5,4,1,23,23,0,35,32,3,193,191,2
S01011180,540,531,9,282,278,4,203,200,3,70,68,2,133,132,1,19,18,1,2,2,0,17,16,1,60,60,0,258,253,5
S01011181,401,384,17,263,250,13,166,156,10,52,50,2,114,106,8,90,87,3,20,19,1,70,68,2,7,7,0,138,134,4
S01011182,349,345,4,232,230,2,165,164,1,53,53,0,112,111,1,56,55,1,12,12,0,44,43,1,11,11,0,117,115,2
S01011183,475,454,21,296,281,15,223,212,11,68,63,5,155,149,6,42,39,3,11,10,1,31,29,2,31,30,1,179,173,6
S01011184,650,623,27,451,429,22,382,368,14,108,101,7,274,267,7,46,40,6,9,9,0,37,31,6,23,21,2,199,194,5
S01011185,600,580,20,341,325,16,291,279,12,83,82,1,208,197,11,30,26,4,4,3,1,26,23,3,20,20,0,259,255,4
S01011186,790,775,15,417,407,10,351,343,8,108,106,2,243,237,6,37,36,1,9,9,0,28,27,1,29,28,1,373,368,5
S01011187,599,590,9,371,367,4,325,321,4,102,101,1,223,220,3,21,21,0,4,4,0,17,17,0,25,25,0,228,223,5
S01011188,785,772,13,464,455,9,390,385,5,126,125,1,264,260,4,33,32,1,9,9,0,24,23,1,41,38,3,321,317,4
S01011189,706,692,14,441,428,13,364,357,7,90,88,2,274,269,5,37,34,3,8,8,0,29,26,3,40,37,3,265,264,1
S01011190,525,518,7,293,287,6,227,223,4,69,69,0,158,154,4,37,35,2,6,6,0,31,29,2,29,29,0,232,231,1
S01011191,436,422,14,267,260,7,222,216,6,64,64,0,158,152,6,19,18,1,5,5,0,14,13,1,26,26,0,169,162,7
S01011192,554,542,12,378,373,5,317,312,5,81,80,1,236,232,4,19,19,0,5,5,0,14,14,0,42,42,0,176,169,7
S01011193,540,523,17,333,319,14,274,264,10,81,78,3,193,186,7,13,9,4,2,1,1,11,8,3,46,46,0,207,204,3
S01011194,553,534,19,352,337,15,255,245,10,87,84,3,168,161,7,20,18,2,10,9,1,10,9,1,77,74,3,201,197,4
S01011195,588,574,14,403,395,8,336,329,7,105,103,2,231,226,5,16,16,0,1,1,0,15,15,0,51,50,1,185,179,6
S01011196,704,692,12,416,408,8,329,323,6,99,99,0,230,224,6,29,28,1,5,4,1,24,24,0,58,57,1,288,284,4
S01011197,657,645,12,371,361,10,282,274,8,99,96,3,183,178,5,32,31,1,12,12,0,20,19,1,57,56,1,286,284,2
S01011198,486,479,7,305,300,5,233,231,2,72,72,0,161,159,2,31,28,3,14,11,3,17,17,0,41,41,0,181,179,2
S01011199,639,625,14,415,404,11,333,324,9,88,87,1,245,237,8,34,34,0,6,6,0,28,28,0,48,46,2,224,221,3
S01011200,620,613,7,389,386,3,326,323,3,78,78,0,248,245,3,30,30,0,8,8,0,22,22,0,33,33,0,231,227,4
S01011201,508,503,5,324,320,4,272,270,2,75,73,2,197,197,0,26,25,1,8,8,0,18,17,1,26,25,1,184,183,1
S01011202,689,673,16,429,421,8,350,344,6,107,105,2,243,239,4,28,27,1,14,13,1,14,14,0,51,50,1,260,252,8
S01011203,664,653,11,423,419,4,360,359,1,97,97,0,263,262,1,24,21,3,3,3,0,21,18,3,39,39,0,241,234,7
S01011204,474,455,19,312,301,11,269,258,11,79,73,6,190,185,5,27,27,0,4,4,0,23,23,0,16,16,0,162,154,8
S01011205,496,471,25,419,398,21,359,342,17,102,94,8,257,248,9,33,30,3,4,4,0,29,26,3,27,26,1,77,73,4
S01011206,567,536,31,441,420,21,357,341,16,94,87,7,263,254,9,41,37,4,6,6,0,35,31,4,43,42,1,126,116,10
S01011207,622,606,16,378,369,9,325,316,9,85,80,5,240,236,4,30,30,0,10,10,0,20,20,0,23,23,0,244,237,7
S01011208,728,711,17,556,544,12,479,475,4,136,133,3,343,342,1,46,40,6,10,7,3,36,33,3,31,29,2,172,167,5
S01011209,514,508,6,316,312,4,256,254,2,80,79,1,176,175,1,20,19,1,11,10,1,9,9,0,40,39,1,198,196,2
S01011210,602,569,33,390,368,22,300,284,16,85,80,5,215,204,11,68,62,6,19,18,1,49,44,5,22,22,0,212,201,11
S01011211,547,537,10,411,406,5,349,345,4,106,106,0,243,239,4,31,31,0,7,7,0,24,24,0,31,30,1,136,131,5
S01011212,419,414,5,251,247,4,205,202,3,74,74,0,131,128,3,21,21,0,5,5,0,16,16,0,25,24,1,168,167,1
S01011213,815,797,18,497,486,11,394,386,8,144,142,2,250,244,6,23,21,2,5,5,0,18,16,2,80,79,1,318,311,7
S01011214,729,716,13,375,365,10,289,282,7,106,103,3,183,179,4,24,21,3,11,9,2,13,12,1,62,62,0,354,351,3
S01011215,459,451,8,260,254,6,187,184,3,79,77,2,108,107,1,14,13,1,4,3,1,10,10,0,59,57,2,199,197,2
S01011216,376,367,9,235,229,6,168,162,6,58,55,3,110,107,3,16,16,0,7,7,0,9,9,0,51,51,0,141,138,3
S01011217,643,627,16,384,376,8,271,266,5,106,103,3,165,163,2,26,26,0,6,6,0,20,20,0,87,84,3,259,251,8
S01011218,504,495,9,281,274,7,198,195,3,71,70,1,127,125,2,16,15,1,6,5,1,10,10,0,67,64,3,223,221,2
S01011219,644,635,9,376,372,4,289,287,2,105,104,1,184,183,1,28,27,1,1,1,0,27,26,1,59,58,1,268,263,5
S01011220,737,726,11,421,416,5,336,333,3,101,100,1,235,233,2,29,29,0,8,8,0,21,21,0,56,54,2,316,310,6
S01011221,767,750,17,485,473,12,399,388,11,123,120,3,276,268,8,31,30,1,13,13,0,18,17,1,55,55,0,282,277,5
S01011222,555,537,18,318,309,9,257,250,7,81,79,2,176,171,5,19,17,2,4,4,0,15,13,2,42,42,0,237,228,9
S01011223,646,632,14,407,398,9,331,322,9,100,98,2,231,224,7,36,36,0,13,13,0,23,23,0,40,40,0,239,234,5
S01011224,598,572,26,308,293,15,240,232,8,72,67,5,168,165,3,28,23,5,10,10,0,18,13,5,40,38,2,290,279,11
S01011225,564,549,15,317,309,8,235,230,5,83,79,4,152,151,1,21,20,1,6,6,0,15,14,1,61,59,2,247,240,7
S01011226,858,843,15,452,446,6,367,362,5,107,104,3,260,258,2,46,45,1,12,12,0,34,33,1,39,39,0,406,397,9
S01011227,603,577,26,366,344,22,282,261,21,77,68,9,205,193,12,39,39,0,15,15,0,24,24,0,45,44,1,237,233,4
S01011228,674,662,12,357,349,8,289,285,4,79,79,0,210,206,4,20,16,4,6,5,1,14,11,3,48,48,0,317,313,4
S01011229,445,433,12,212,205,7,149,144,5,45,45,0,104,99,5,18,17,1,5,5,0,13,12,1,45,44,1,233,228,5
S01011230,825,808,17,365,353,12,235,231,4,80,79,1,155,152,3,26,25,1,11,10,1,15,15,0,104,97,7,460,455,5
S01011231,503,489,14,243,235,8,196,190,6,68,65,3,128,125,3,13,12,1,2,2,0,11,10,1,34,33,1,260,254,6
S01011232,821,797,24,515,498,17,389,376,13,100,96,4,289,280,9,60,56,4,20,17,3,40,39,1,66,66,0,306,299,7
S01011233,311,302,9,144,138,6,107,101,6,31,29,2,76,72,4,12,12,0,1,1,0,11,11,0,25,25,0,167,164,3
S01011234,788,770,18,450,440,10,339,330,9,119,119,0,220,211,9,25,24,1,7,6,1,18,18,0,86,86,0,338,330,8
S01011235,311,306,5,151,149,2,107,105,2,30,30,0,77,75,2,14,14,0,4,4,0,10,10,0,30,30,0,160,157,3
S01011236,476,468,8,275,269,6,219,214,5,62,61,1,157,153,4,19,18,1,8,7,1,11,11,0,37,37,0,201,199,2
S01011237,596,583,13,347,336,11,257,248,9,92,91,1,165,157,8,20,19,1,8,8,0,12,11,1,70,69,1,249,247,2
S01011238,516,498,18,298,288,10,195,189,6,73,71,2,122,118,4,21,21,0,6,6,0,15,15,0,82,78,4,218,210,8
S01011239,628,612,16,324,316,8,228,223,5,79,77,2,149,146,3,28,27,1,8,7,1,20,20,0,68,66,2,304,296,8
S01011240,633,612,21,333,321,12,224,215,9,61,60,1,163,155,8,26,26,0,4,4,0,22,22,0,83,80,3,300,291,9
S01011241,914,893,21,473,459,14,349,339,10,91,87,4,258,252,6,59,57,2,17,15,2,42,42,0,65,63,2,441,434,7
S01011242,681,660,21,334,322,12,265,257,8,89,88,1,176,169,7,33,31,2,7,7,0,26,24,2,36,34,2,347,338,9
S01011243,757,733,24,391,376,15,259,249,10,78,74,4,181,175,6,24,21,3,8,8,0,16,13,3,108,106,2,366,357,9
S01011244,576,562,14,337,325,12,231,224,7,71,69,2,160,155,5,15,14,1,5,5,0,10,9,1,91,87,4,239,237,2
S01011245,720,700,20,386,376,10,275,271,4,103,102,1,172,169,3,30,26,4,13,11,2,17,15,2,81,79,2,334,324,10
S01011246,747,727,20,471,458,13,351,343,8,103,98,5,248,245,3,65,63,2,15,14,1,50,49,1,55,52,3,276,269,7
S01011247,721,704,17,365,355,10,307,301,6,78,77,1,229,224,5,36,32,4,13,11,2,23,21,2,22,22,0,356,349,7
S01011248,630,611,19,404,392,12,359,348,11,125,124,1,234,224,10,28,27,1,5,4,1,23,23,0,17,17,0,226,219,7
S01011249,617,606,11,404,400,4,346,343,3,85,85,0,261,258,3,24,23,1,12,11,1,12,12,0,34,34,0,213,206,7
S01011250,800,782,18,520,506,14,387,381,6,144,142,2,243,239,4,35,32,3,12,11,1,23,21,2,98,93,5,280,276,4
S01011251,700,691,9,429,422,7,335,332,3,108,107,1,227,225,2,32,30,2,12,11,1,20,19,1,62,60,2,271,269,2
S01011252,632,616,16,382,370,12,294,288,6,105,103,2,189,185,4,13,13,0,2,2,0,11,11,0,75,69,6,250,246,4
S01011253,692,675,17,386,376,10,307,298,9,122,119,3,185,179,6,18,17,1,8,8,0,10,9,1,61,61,0,306,299,7
S01011254,791,778,13,566,558,8,495,488,7,142,141,1,353,347,6,33,32,1,7,7,0,26,25,1,38,38,0,225,220,5
S01011255,576,565,11,451,441,10,392,385,7,94,93,1,298,292,6,31,29,2,8,8,0,23,21,2,28,27,1,125,124,1
S01011256,336,326,10,263,255,8,225,219,6,62,61,1,163,158,5,25,23,2,6,6,0,19,17,2,13,13,0,73,71,2
S01011257,372,365,7,175,170,5,139,137,2,48,47,1,91,90,1,23,22,1,9,9,0,14,13,1,13,11,2,197,195,2
S01011258,480,468,12,287,282,5,235,230,5,65,63,2,170,167,3,32,32,0,6,6,0,26,26,0,20,20,0,193,186,7
S01011259,664,652,12,365,357,8,275,268,7,82,81,1,193,187,6,40,40,0,4,4,0,36,36,0,50,49,1,299,295,4
S01011260,633,618,15,337,328,9,272,266,6,79,77,2,193,189,4,32,30,2,13,12,1,19,18,1,33,32,1,296,290,6
S01011261,614,602,12,357,346,11,247,236,11,89,83,6,158,153,5,21,21,0,7,7,0,14,14,0,89,89,0,257,256,1
S01011262,403,394,9,232,226,6,187,181,6,64,63,1,123,118,5,18,18,0,6,6,0,12,12,0,27,27,0,171,168,3
S01011263,918,901,17,577,568,9,492,485,7,128,127,1,364,358,6,32,31,1,12,12,0,20,19,1,53,52,1,341,333,8
S01011264,510,499,11,331,323,8,248,241,7,88,85,3,160,156,4,19,19,0,10,10,0,9,9,0,64,63,1,179,176,3
S01011265,799,781,18,496,485,11,337,331,6,137,135,2,200,196,4,39,38,1,18,18,0,21,20,1,120,116,4,303,296,7
S01011266,745,729,16,417,407,10,356,349,7,116,114,2,240,235,5,23,20,3,5,3,2,18,17,1,38,38,0,328,322,6
S01011267,500,486,14,270,259,11,232,222,10,59,57,2,173,165,8,14,14,0,3,3,0,11,11,0,24,23,1,230,227,3
S01011268,333,324,9,182,177,5,143,139,4,44,43,1,99,96,3,17,16,1,2,2,0,15,14,1,22,22,0,151,147,4
S01011269,441,428,13,218,213,5,173,169,4,60,59,1,113,110,3,14,14,0,4,4,0,10,10,0,31,30,1,223,215,8
S01011270,569,552,17,344,332,12,258,248,10,74,71,3,184,177,7,27,26,1,1,1,0,26,25,1,59,58,1,225,220,5
S01011271,714,702,12,347,339,8,284,277,7,92,91,1,192,186,6,13,13,0,1,1,0,12,12,0,50,49,1,367,363,4
S01011272,628,614,14,362,353,9,271,262,9,74,74,0,197,188,9,18,18,0,5,5,0,13,13,0,73,73,0,266,261,5
S01011273,648,635,13,395,392,3,300,299,1,96,96,0,204,203,1,19,19,0,4,4,0,15,15,0,76,74,2,253,243,10
S01011274,676,649,27,418,398,20,324,312,12,100,97,3,224,215,9,28,24,4,10,9,1,18,15,3,66,62,4,258,251,7
S01011275,514,506,8,288,283,5,219,216,3,84,83,1,135,133,2,13,13,0,2,2,0,11,11,0,56,54,2,226,223,3
S01011276,769,755,14,461,454,7,347,342,5,119,118,1,228,224,4,24,24,0,8,8,0,16,16,0,90,88,2,308,301,7
S01011277,579,569,10,397,391,6,336,332,4,78,78,0,258,254,4,37,35,2,12,12,0,25,23,2,24,24,0,182,178,4
S01011278,417,404,13,326,317,9,291,282,9,68,67,1,223,215,8,18,18,0,5,5,0,13,13,0,17,17,0,91,87,4
S01011279,561,547,14,344,335,9,304,297,7,65,64,1,239,233,6,18,17,1,6,6,0,12,11,1,22,21,1,217,212,5
S01011280,517,505,12,302,295,7,256,253,3,72,72,0,184,181,3,29,28,1,5,5,0,24,23,1,17,14,3,215,210,5
S01011281,519,504,15,377,367,10,314,308,6,78,75,3,236,233,3,32,30,2,8,8,0,24,22,2,31,29,2,142,137,5
S01011282,695,672,23,529,514,15,453,446,7,111,108,3,342,338,4,43,38,5,13,10,3,30,28,2,33,30,3,166,158,8
S01011283,549,518,31,450,426,24,385,365,20,94,85,9,291,280,11,41,38,3,9,9,0,32,29,3,24,23,1,99,92,7
S01011284,410,394,16,360,345,15,314,302,12,71,68,3,243,234,9,34,31,3,11,10,1,23,21,2,12,12,0,50,49,1
S01011285,549,536,13,367,359,8,280,276,4,89,87,2,191,189,2,27,23,4,12,11,1,15,12,3,60,60,0,182,177,5
S01011286,551,534,17,344,331,13,265,253,12,93,87,6,172,166,6,26,25,1,6,6,0,20,19,1,53,53,0,207,203,4
S01011287,633,621,12,396,389,7,308,304,4,105,103,2,203,201,2,22,21,1,6,6,0,16,15,1,66,64,2,237,232,5
S01011288,595,581,14,368,359,9,299,292,7,112,110,2,187,182,5,24,22,2,5,5,0,19,17,2,45,45,0,227,222,5
S01011289,753,736,17,434,420,14,347,337,10,116,114,2,231,223,8,31,29,2,17,16,1,14,13,1,56,54,2,319,316,3
S01011290,998,983,15,514,505,9,390,382,8,135,132,3,255,250,5,54,53,1,18,18,0,36,35,1,70,70,0,484,478,6
S01011291,673,653,20,383,367,16,310,296,14,84,80,4,226,216,10,19,19,0,9,9,0,10,10,0,54,52,2,290,286,4
S01011292,572,565,7,323,320,3,222,220,2,69,69,0,153,151,2,20,19,1,5,4,1,15,15,0,81,81,0,249,245,4
S01011293,591,580,11,348,341,7,280,275,5,103,101,2,177,174,3,15,15,0,4,4,0,11,11,0,53,51,2,243,239,4
S01011294,748,729,19,347,336,11,248,242,6,69,69,0,179,173,6,29,26,3,7,5,2,22,21,1,70,68,2,401,393,8
S01011295,821,806,15,470,461,9,387,381,6,94,92,2,293,289,4,49,47,2,17,17,0,32,30,2,34,33,1,351,345,6
S01011296,492,488,4,264,261,3,190,187,3,57,56,1,133,131,2,31,31,0,11,11,0,20,20,0,43,43,0,228,227,1
S01011297,650,640,10,421,413,8,328,320,8,118,116,2,210,204,6,35,35,0,13,13,0,22,22,0,58,58,0,229,227,2
S01011298,480,468,12,301,295,6,213,210,3,76,74,2,137,136,1,17,16,1,8,8,0,9,8,1,71,69,2,179,173,6
S01011299,415,407,8,276,269,7,177,172,5,50,50,0,127,122,5,92,90,2,19,18,1,73,72,1,7,7,0,139,138,1
S01011300,767,754,13,431,423,8,332,327,5,98,97,1,234,230,4,28,26,2,13,13,0,15,13,2,71,70,1,336,331,5
S01011301,594,585,9,352,347,5,288,283,5,65,65,0,223,218,5,41,41,0,10,10,0,31,31,0,23,23,0,242,238,4
S01011302,765,747,18,358,348,10,272,264,8,70,67,3,202,197,5,23,21,2,5,4,1,18,17,1,63,63,0,407,399,8
S01011303,847,822,25,547,532,15,462,451,11,120,117,3,342,334,8,63,60,3,19,18,1,44,42,2,22,21,1,300,290,10
S01011304,540,526,14,323,315,8,261,254,7,81,78,3,180,176,4,21,20,1,5,4,1,16,16,0,41,41,0,217,211,6
S01011305,641,626,15,431,420,11,325,318,7,75,74,1,250,244,6,41,38,3,11,11,0,30,27,3,65,64,1,210,206,4
S01011306,474,463,11,251,243,8,191,183,8,48,48,0,143,135,8,10,10,0,2,2,0,8,8,0,50,50,0,223,220,3
S01011307,382,370,12,236,230,6,155,151,4,35,35,0,120,116,4,69,68,1,11,11,0,58,57,1,12,11,1,146,140,6
S01011308,374,359,15,237,229,8,145,139,6,42,39,3,103,100,3,77,75,2,16,16,0,61,59,2,15,15,0,137,130,7
S01011309,618,594,24,327,314,13,247,237,10,67,66,1,180,171,9,68,65,3,22,21,1,46,44,2,12,12,0,291,280,11
S01011310,591,565,26,330,312,18,242,228,14,72,69,3,170,159,11,58,57,1,14,14,0,44,43,1,30,27,3,261,253,8
S01011311,606,551,55,349,309,40,249,236,13,80,77,3,169,159,10,87,60,27,20,17,3,67,43,24,13,13,0,257,242,15
S01011312,955,921,34,511,491,20,363,348,15,91,88,3,272,260,12,117,112,5,36,33,3,81,79,2,31,31,0,444,430,14
S01011313,614,591,23,353,333,20,266,254,12,74,73,1,192,181,11,62,54,8,25,20,5,37,34,3,25,25,0,261,258,3
S01011314,876,843,33,554,534,20,436,425,11,121,120,1,315,305,10,80,75,5,32,30,2,48,45,3,38,34,4,322,309,13
S01011315,320,306,14,192,183,9,145,141,4,56,54,2,89,87,2,25,21,4,7,4,3,18,17,1,22,21,1,128,123,5
S01011316,574,557,17,330,319,11,255,247,8,92,88,4,163,159,4,35,34,1,7,7,0,28,27,1,40,38,2,244,238,6
S01011317,744,731,13,292,285,7,198,196,2,67,67,0,131,129,2,67,64,3,21,19,2,46,45,1,27,25,2,452,446,6
S01011318,871,827,44,380,355,25,289,269,20,73,66,7,216,203,13,71,67,4,22,20,2,49,47,2,20,19,1,491,472,19
S01011319,758,734,24,338,325,13,270,263,7,85,83,2,185,180,5,49,43,6,16,15,1,33,28,5,19,19,0,420,409,11
S01011320,466,454,12,230,225,5,190,187,3,54,54,0,136,133,3,23,22,1,8,8,0,15,14,1,17,16,1,236,229,7
S01011321,487,460,27,348,325,23,294,272,22,95,93,2,199,179,20,32,31,1,12,12,0,20,19,1,22,22,0,139,135,4
S01011322,494,474,20,319,307,12,268,260,8,89,85,4,179,175,4,28,26,2,10,10,0,18,16,2,23,21,2,175,167,8
S01011323,737,717,20,467,452,15,366,351,15,108,105,3,258,246,12,46,46,0,15,15,0,31,31,0,55,55,0,270,265,5
S01011324,363,331,32,210,188,22,162,141,21,58,54,4,104,87,17,25,24,1,12,11,1,13,13,0,23,23,0,153,143,10
S01011325,652,618,34,342,320,22,254,241,13,79,78,1,175,163,12,40,36,4,14,13,1,26,23,3,48,43,5,310,298,12
S01011326,686,645,41,323,296,27,233,210,23,75,73,2,158,137,21,43,42,1,14,13,1,29,29,0,47,44,3,363,349,14
S01011327,624,604,20,268,254,14,192,185,7,67,65,2,125,120,5,46,44,2,4,4,0,42,40,2,30,25,5,356,350,6
S01011328,595,577,18,293,283,10,204,197,7,64,61,3,140,136,4,73,71,2,19,17,2,54,54,0,16,15,1,302,294,8
S01011329,796,753,43,369,347,22,294,279,15,98,97,1,196,182,14,47,42,5,14,14,0,33,28,5,28,26,2,427,406,21
S01011330,616,595,21,331,318,13,273,265,8,81,79,2,192,186,6,40,36,4,17,15,2,23,21,2,18,17,1,285,277,8
S01011331,636,619,17,278,269,9,238,230,8,57,57,0,181,173,8,29,28,1,11,11,0,18,17,1,11,11,0,358,350,8
S01011332,791,770,21,397,387,10,311,303,8,80,76,4,231,227,4,65,63,2,20,19,1,45,44,1,21,21,0,394,383,11
S01011333,672,645,27,277,264,13,214,203,11,57,55,2,157,148,9,53,51,2,16,14,2,37,37,0,10,10,0,395,381,14
S01011334,591,572,19,412,399,13,271,259,12,82,80,2,189,179,10,117,116,1,15,14,1,102,102,0,24,24,0,179,173,6
S01011335,826,785,41,410,382,28,319,297,22,99,91,8,220,206,14,69,63,6,22,20,2,47,43,4,22,22,0,416,403,13
S01011336,482,463,19,287,274,13,235,224,11,77,76,1,158,148,10,28,26,2,10,10,0,18,16,2,24,24,0,195,189,6
S01011337,588,560,28,336,317,19,247,234,13,68,65,3,179,169,10,69,63,6,19,18,1,50,45,5,20,20,0,252,243,9
S01011338,510,500,10,347,338,9,271,263,8,67,66,1,204,197,7,24,23,1,4,4,0,20,19,1,52,52,0,163,162,1
S01011339,454,443,11,262,256,6,215,209,6,67,66,1,148,143,5,15,15,0,2,2,0,13,13,0,32,32,0,192,187,5
S01011340,553,542,11,317,311,6,246,241,5,74,70,4,172,171,1,28,27,1,6,6,0,22,21,1,43,43,0,236,231,5
S01011341,595,575,20,385,367,18,311,297,14,87,84,3,224,213,11,21,17,4,4,2,2,17,15,2,53,53,0,210,208,2
S01011342,583,573,10,359,352,7,302,296,6,65,65,0,237,231,6,31,30,1,7,7,0,24,23,1,26,26,0,224,221,3
S01011343,698,685,13,397,389,8,303,298,5,82,81,1,221,217,4,25,24,1,8,7,1,17,17,0,69,67,2,301,296,5
S01011344,696,684,12,407,395,12,299,290,9,92,91,1,207,199,8,24,22,2,10,9,1,14,13,1,84,83,1,289,289,0
S01011345,598,584,14,383,376,7,291,284,7,108,107,1,183,177,6,18,18,0,3,3,0,15,15,0,74,74,0,215,208,7
S01011346,569,560,9,333,328,5,261,257,4,72,72,0,189,185,4,31,30,1,9,8,1,22,22,0,41,41,0,236,232,4
S01011347,886,867,19,498,488,10,385,377,8,103,102,1,282,275,7,48,47,1,12,12,0,36,35,1,65,64,1,388,379,9
S01011348,738,723,15,445,435,10,344,335,9,79,78,1,265,257,8,30,30,0,11,11,0,19,19,0,71,70,1,293,288,5
S01011349,741,726,15,585,577,8,501,497,4,115,115,0,386,382,4,54,50,4,8,8,0,46,42,4,30,30,0,156,149,7
S01011350,571,559,12,333,326,7,261,257,4,73,72,1,188,185,3,57,55,2,14,14,0,43,41,2,15,14,1,238,233,5
S01011351,576,560,16,316,309,7,247,242,5,71,70,1,176,172,4,18,17,1,7,7,0,11,10,1,51,50,1,260,251,9
S01011352,552,540,12,345,336,9,267,261,6,70,66,4,197,195,2,34,32,2,11,9,2,23,23,0,44,43,1,207,204,3
S01011353,556,547,9,324,319,5,265,262,3,68,68,0,197,194,3,32,31,1,10,10,0,22,21,1,27,26,1,232,228,4
S01011354,608,590,18,363,349,14,294,283,11,83,78,5,211,205,6,45,44,1,15,15,0,30,29,1,24,22,2,245,241,4
S01011355,805,791,14,470,460,10,398,390,8,96,96,0,302,294,8,42,40,2,11,10,1,31,30,1,30,30,0,335,331,4
S01011356,791,771,20,548,537,11,373,365,8,85,85,0,288,280,8,152,152,0,26,26,0,126,126,0,23,20,3,243,234,9
S01011357,711,703,8,408,401,7,345,338,7,105,105,0,240,233,7,41,41,0,6,6,0,35,35,0,22,22,0,303,302,1
S01011358,434,425,9,353,346,7,318,311,7,83,83,0,235,228,7,15,15,0,5,5,0,10,10,0,20,20,0,81,79,2
S01011359,646,636,10,340,334,6,266,263,3,60,59,1,206,204,2,32,29,3,10,9,1,22,20,2,42,42,0,306,302,4
S01011360,573,478,95,394,315,79,302,232,70,89,75,14,213,157,56,16,13,3,5,4,1,11,9,2,76,70,6,179,163,16
S01011361,464,395,69,281,220,61,178,125,53,53,42,11,125,83,42,15,11,4,5,4,1,10,7,3,88,84,4,183,175,8
S01011362,428,401,27,334,314,20,271,258,13,54,53,1,217,205,12,54,48,6,12,12,0,42,36,6,9,8,1,94,87,7
S01011363,764,748,16,400,390,10,316,308,8,85,82,3,231,226,5,43,41,2,3,3,0,40,38,2,41,41,0,364,358,6
S01011364,521,513,8,349,342,7,304,299,5,81,81,0,223,218,5,22,20,2,7,6,1,15,14,1,23,23,0,172,171,1
S01011365,449,439,10,364,359,5,320,316,4,83,81,2,237,235,2,23,22,1,2,2,0,21,20,1,21,21,0,85,80,5
S01011366,454,447,7,205,201,4,178,175,3,38,38,0,140,137,3,12,11,1,2,2,0,10,9,1,15,15,0,249,246,3
S01011367,688,677,11,406,396,10,341,331,10,89,86,3,252,245,7,23,23,0,7,7,0,16,16,0,42,42,0,282,281,1
S01011368,628,592,36,544,514,30,480,456,24,110,105,5,370,351,19,48,43,5,8,7,1,40,36,4,16,15,1,84,78,6
S01011369,677,646,31,407,386,21,326,309,17,93,92,1,233,217,16,31,30,1,12,11,1,19,19,0,50,47,3,270,260,10
S01011370,631,598,33,494,471,23,444,424,20,84,77,7,360,347,13,22,20,2,4,4,0,18,16,2,28,27,1,137,127,10
S01011371,763,724,39,493,461,32,373,352,21,103,95,8,270,257,13,27,23,4,6,4,2,21,19,2,93,86,7,270,263,7
S01011372,574,524,50,334,290,44,244,212,32,67,63,4,177,149,28,13,8,5,3,2,1,10,6,4,77,70,7,240,234,6
S01011373,554,530,24,321,302,19,232,220,12,67,60,7,165,160,5,21,18,3,6,6,0,15,12,3,68,64,4,233,228,5
S01011374,537,521,16,423,409,14,371,358,13,78,76,2,293,282,11,21,20,1,6,6,0,15,14,1,31,31,0,114,112,2
S01011375,535,516,19,357,342,15,287,274,13,88,84,4,199,190,9,24,23,1,7,7,0,17,16,1,46,45,1,178,174,4
S01011376,431,419,12,229,218,11,188,179,9,48,47,1,140,132,8,17,17,0,11,11,0,6,6,0,24,22,2,202,201,1
S01011377,506,494,12,338,330,8,275,270,5,55,54,1,220,216,4,42,41,1,14,14,0,28,27,1,21,19,2,168,164,4
S01011378,676,664,12,381,370,11,318,311,7,92,89,3,226,222,4,37,35,2,12,12,0,25,23,2,26,24,2,295,294,1
S01011379,740,723,17,549,533,16,471,457,14,116,112,4,355,345,10,56,54,2,13,13,0,43,41,2,22,22,0,191,190,1
S01011380,583,550,33,372,347,25,315,295,20,81,77,4,234,218,16,26,23,3,10,9,1,16,14,2,31,29,2,211,203,8
S01011381,528,507,21,333,320,13,276,265,11,65,63,2,211,202,9,34,33,1,6,5,1,28,28,0,23,22,1,195,187,8
S01011382,437,409,28,302,281,21,239,227,12,62,59,3,177,168,9,31,27,4,7,7,0,24,20,4,32,27,5,135,128,7
S01011383,568,560,8,284,278,6,225,221,4,79,78,1,146,143,3,7,7,0,2,2,0,5,5,0,52,50,2,284,282,2
S01011384,522,516,6,295,292,3,187,184,3,73,72,1,114,112,2,19,19,0,5,5,0,14,14,0,89,89,0,227,224,3
S01011385,770,758,12,426,419,7,332,325,7,104,103,1,228,222,6,25,25,0,8,8,0,17,17,0,69,69,0,344,339,5
S01011386,468,464,4,271,269,2,195,194,1,75,75,0,120,119,1,13,13,0,6,6,0,7,7,0,63,62,1,197,195,2
S01011387,657,623,34,374,343,31,290,262,28,84,78,6,206,184,22,14,12,2,2,2,0,12,10,2,70,69,1,283,280,3
S01011388,816,787,29,641,621,20,563,549,14,129,125,4,434,424,10,42,39,3,11,10,1,31,29,2,36,33,3,175,166,9
S01011389,667,649,18,430,415,15,326,312,14,90,87,3,236,225,11,29,28,1,6,6,0,23,22,1,75,75,0,237,234,3
S01011390,666,659,7,381,374,7,312,307,5,90,89,1,222,218,4,17,16,1,7,6,1,10,10,0,52,51,1,285,285,0
S01011391,509,500,9,321,315,6,265,260,5,94,93,1,171,167,4,19,18,1,7,6,1,12,12,0,37,37,0,188,185,3
S01011392,542,528,14,348,338,10,260,252,8,91,89,2,169,163,6,22,22,0,4,4,0,18,18,0,66,64,2,194,190,4
S01011393,713,701,12,408,399,9,312,304,8,87,83,4,225,221,4,44,43,1,8,7,1,36,36,0,52,52,0,305,302,3
S01011394,419,408,11,333,327,6,297,293,4,73,73,0,224,220,4,23,22,1,6,6,0,17,16,1,13,12,1,86,81,5
S01011395,646,634,12,363,355,8,292,286,6,76,73,3,216,213,3,33,32,1,9,9,0,24,23,1,38,37,1,283,279,4
S01011396,663,648,15,352,342,10,289,281,8,71,70,1,218,211,7,27,27,0,3,3,0,24,24,0,36,34,2,311,306,5
S01011397,689,669,20,359,346,13,288,281,7,81,79,2,207,202,5,20,17,3,3,2,1,17,15,2,51,48,3,330,323,7
S01011398,591,581,10,350,340,10,261,252,9,78,74,4,183,178,5,19,19,0,5,5,0,14,14,0,70,69,1,241,241,0
S01011399,423,420,3,255,254,1,204,203,1,63,63,0,141,140,1,14,14,0,5,5,0,9,9,0,37,37,0,168,166,2
S01011400,581,559,22,387,370,17,334,319,15,67,64,3,267,255,12,28,26,2,5,5,0,23,21,2,25,25,0,194,189,5
S01011401,552,547,5,305,302,3,263,261,2,52,52,0,211,209,2,23,22,1,5,5,0,18,17,1,19,19,0,247,245,2
S01011402,840,804,36,405,380,25,330,311,19,86,80,6,244,231,13,33,29,4,11,9,2,22,20,2,42,40,2,435,424,11
S01011403,424,397,27,302,288,14,266,255,11,78,77,1,188,178,10,15,14,1,6,6,0,9,8,1,21,19,2,122,109,13
S01011404,797,777,20,440,430,10,359,352,7,89,87,2,270,265,5,27,26,1,8,8,0,19,18,1,54,52,2,357,347,10
S01011405,525,509,16,307,293,14,244,235,9,62,60,2,182,175,7,31,27,4,4,3,1,27,24,3,32,31,1,218,216,2
S01011406,551,541,10,337,330,7,275,271,4,69,69,0,206,202,4,27,27,0,10,10,0,17,17,0,35,32,3,214,211,3
S01011407,936,910,26,566,550,16,471,459,12,116,112,4,355,347,8,49,46,3,9,8,1,40,38,2,46,45,1,370,360,10
S01011408,691,683,8,414,410,4,342,339,3,104,103,1,238,236,2,24,23,1,11,11,0,13,12,1,48,48,0,277,273,4
S01011409,631,613,18,408,395,13,317,311,6,109,107,2,208,204,4,28,21,7,7,5,2,21,16,5,63,63,0,223,218,5
S01011410,540,532,8,329,327,2,283,281,2,79,79,0,204,202,2,17,17,0,3,3,0,14,14,0,29,29,0,211,205,6
S01011411,555,548,7,351,345,6,281,276,5,94,92,2,187,184,3,27,27,0,7,7,0,20,20,0,43,42,1,204,203,1
S01011412,751,738,13,459,450,9,385,378,7,96,96,0,289,282,7,54,52,2,11,11,0,43,41,2,20,20,0,292,288,4
S01011413,459,442,17,352,340,12,309,302,7,73,70,3,236,232,4,24,20,4,2,1,1,22,19,3,19,18,1,107,102,5
S01011414,668,643,25,400,386,14,322,311,11,87,85,2,235,226,9,29,27,2,8,7,1,21,20,1,49,48,1,268,257,11
S01011415,728,719,9,484,479,5,413,408,5,110,108,2,303,300,3,32,32,0,3,3,0,29,29,0,39,39,0,244,240,4
S01011416,530,517,13,371,364,7,323,319,4,81,80,1,242,239,3,33,31,2,5,4,1,28,27,1,15,14,1,159,153,6
S01011417,686,665,21,382,374,8,315,308,7,76,75,1,239,233,6,38,38,0,6,6,0,32,32,0,29,28,1,304,291,13
S01011418,463,455,8,257,252,5,218,213,5,64,63,1,154,150,4,11,11,0,2,2,0,9,9,0,28,28,0,206,203,3
S01011419,471,462,9,283,279,4,236,235,1,70,70,0,166,165,1,20,17,3,3,3,0,17,14,3,27,27,0,188,183,5
S01011420,405,393,12,224,218,6,167,163,4,49,49,0,118,114,4,16,14,2,3,3,0,13,11,2,41,41,0,181,175,6
S01011421,445,430,15,346,337,9,299,290,9,49,48,1,250,242,8,19,19,0,5,5,0,14,14,0,28,28,0,99,93,6
S01011422,540,529,11,315,306,9,250,242,8,79,77,2,171,165,6,19,19,0,0,0,0,19,19,0,46,45,1,225,223,2
S01011423,416,405,11,220,214,6,162,158,4,46,44,2,116,114,2,10,10,0,4,4,0,6,6,0,48,46,2,196,191,5
S01011424,466,459,7,286,281,5,246,243,3,68,68,0,178,175,3,18,17,1,5,5,0,13,12,1,22,21,1,180,178,2
S01011425,691,672,19,414,401,13,299,290,9,74,73,1,225,217,8,40,38,2,8,7,1,32,31,1,75,73,2,277,271,6
S01011426,805,791,14,558,546,12,459,451,8,80,79,1,379,372,7,81,79,2,22,22,0,59,57,2,18,16,2,247,245,2
S01011427,562,554,8,335,330,5,261,257,4,58,57,1,203,200,3,33,32,1,7,7,0,26,25,1,41,41,0,227,224,3
S01011428,433,430,3,255,253,2,218,217,1,48,48,0,170,169,1,19,18,1,5,5,0,14,13,1,18,18,0,178,177,1
S01011429,1048,1008,40,494,474,20,398,390,8,116,113,3,282,277,5,76,66,10,10,8,2,66,58,8,20,18,2,554,534,20
S01011430,762,740,22,519,504,15,433,423,10,110,105,5,323,318,5,46,43,3,9,8,1,37,35,2,40,38,2,243,236,7
S01011431,911,899,12,519,511,8,433,426,7,118,115,3,315,311,4,40,39,1,8,7,1,32,32,0,46,46,0,392,388,4
S01011432,872,863,9,545,539,6,453,449,4,110,109,1,343,340,3,30,28,2,6,5,1,24,23,1,62,62,0,327,324,3
S01011433,666,645,21,429,417,12,329,321,8,107,104,3,222,217,5,21,21,0,9,9,0,12,12,0,79,75,4,237,228,9
S01011434,484,480,4,299,298,1,249,248,1,60,60,0,189,188,1,24,24,0,5,5,0,19,19,0,26,26,0,185,182,3
S01011435,765,751,14,541,534,7,463,458,5,97,93,4,366,365,1,39,38,1,9,9,0,30,29,1,39,38,1,224,217,7
S01011436,604,583,21,383,364,19,290,271,19,66,65,1,224,206,18,28,28,0,8,8,0,20,20,0,65,65,0,221,219,2
S01011437,610,590,20,354,336,18,285,269,16,66,65,1,219,204,15,26,25,1,5,5,0,21,20,1,43,42,1,256,254,2
S01011438,427,406,21,271,251,20,201,187,14,53,48,5,148,139,9,8,7,1,0,0,0,8,7,1,62,57,5,156,155,1
S01011439,739,730,9,457,449,8,356,350,6,70,69,1,286,281,5,44,43,1,14,13,1,30,30,0,57,56,1,282,281,1
S01011440,485,474,11,287,278,9,244,236,8,52,49,3,192,187,5,16,15,1,2,2,0,14,13,1,27,27,0,198,196,2
S01011441,640,625,15,419,406,13,332,323,9,74,72,2,258,251,7,24,20,4,4,3,1,20,17,3,63,63,0,221,219,2
S01011442,567,555,12,312,302,10,256,249,7,67,64,3,189,185,4,24,22,2,6,6,0,18,16,2,32,31,1,255,253,2
S01011443,513,508,5,284,282,2,233,231,2,65,65,0,168,166,2,21,21,0,4,4,0,17,17,0,30,30,0,229,226,3
S01011444,611,599,12,344,336,8,268,262,6,69,65,4,199,197,2,21,20,1,3,3,0,18,17,1,55,54,1,267,263,4
S01011445,431,420,11,282,271,11,229,221,8,50,49,1,179,172,7,24,22,2,7,6,1,17,16,1,29,28,1,149,149,0
S01011446,425,415,10,273,265,8,201,196,5,53,51,2,148,145,3,54,51,3,10,9,1,44,42,2,18,18,0,152,150,2
S01011447,682,669,13,433,425,8,348,342,6,105,101,4,243,241,2,39,38,1,5,5,0,34,33,1,46,45,1,249,244,5
S01011448,760,750,10,513,507,6,426,422,4,117,114,3,309,308,1,50,48,2,11,11,0,39,37,2,37,37,0,247,243,4
S01011449,451,439,12,256,251,5,206,201,5,48,47,1,158,154,4,19,19,0,4,4,0,15,15,0,31,31,0,195,188,7
S01011450,493,461,32,338,321,17,273,260,13,73,68,5,200,192,8,43,39,4,8,8,0,35,31,4,22,22,0,155,140,15
S01011451,548,497,51,418,392,26,300,285,15,81,79,2,219,206,13,87,80,7,24,21,3,63,59,4,31,27,4,130,105,25
S01011452,778,752,26,549,532,17,464,454,10,108,105,3,356,349,7,54,49,5,13,11,2,41,38,3,31,29,2,229,220,9
S01011453,585,562,23,347,333,14,294,286,8,90,85,5,204,201,3,26,23,3,6,4,2,20,19,1,27,24,3,238,229,9
S01011454,634,627,7,384,378,6,320,316,4,108,107,1,212,209,3,23,23,0,7,7,0,16,16,0,41,39,2,250,249,1
S01011455,623,608,15,356,344,12,279,270,9,95,92,3,184,178,6,23,20,3,9,9,0,14,11,3,54,54,0,267,264,3
S01011456,690,667,23,388,375,13,306,298,8,86,82,4,220,216,4,37,33,4,10,9,1,27,24,3,45,44,1,302,292,10
S01011457,731,716,15,470,461,9,386,378,8,126,126,0,260,252,8,25,25,0,6,6,0,19,19,0,59,58,1,261,255,6
S01011458,873,828,45,690,662,28,605,584,21,153,147,6,452,437,15,53,49,4,9,8,1,44,41,3,32,29,3,183,166,17
S01011459,787,765,22,601,583,18,512,497,15,124,123,1,388,374,14,49,47,2,15,15,0,34,32,2,40,39,1,186,182,4
S01011460,554,533,21,388,372,16,312,301,11,95,91,4,217,210,7,29,24,5,8,8,0,21,16,5,47,47,0,166,161,5
S01011461,580,554,26,391,370,21,319,302,17,91,90,1,228,212,16,23,21,2,4,4,0,19,17,2,49,47,2,189,184,5
S01011462,760,742,18,504,488,16,423,409,14,118,114,4,305,295,10,42,40,2,7,6,1,35,34,1,39,39,0,256,254,2
S01011463,556,541,15,358,346,12,301,292,9,94,92,2,207,200,7,39,36,3,12,11,1,27,25,2,18,18,0,198,195,3
S01011464,436,414,22,359,342,17,311,301,10,55,54,1,256,247,9,33,26,7,6,4,2,27,22,5,15,15,0,77,72,5
S01011465,406,387,19,233,220,13,179,171,8,61,59,2,118,112,6,19,15,4,9,8,1,10,7,3,35,34,1,173,167,6
S01011466,494,468,26,272,251,21,222,208,14,68,65,3,154,143,11,16,12,4,3,2,1,13,10,3,34,31,3,222,217,5
S01011467,418,390,28,291,269,22,244,229,15,63,55,8,181,174,7,17,14,3,3,2,1,14,12,2,30,26,4,127,121,6
S01011468,623,575,48,541,504,37,472,449,23,89,81,8,383,368,15,47,35,12,12,9,3,35,26,9,22,20,2,82,71,11
S01011469,639,566,73,428,386,42,331,297,34,96,89,7,235,208,27,24,22,2,6,5,1,18,17,1,73,67,6,211,180,31
S01011470,928,883,45,536,500,36,455,430,25,116,112,4,339,318,21,44,36,8,9,6,3,35,30,5,37,34,3,392,383,9
S01011471,776,749,27,419,400,19,360,344,16,96,93,3,264,251,13,33,32,1,10,9,1,23,23,0,26,24,2,357,349,8
S01011472,768,724,44,416,379,37,318,296,22,64,59,5,254,237,17,24,17,7,3,3,0,21,14,7,74,66,8,352,345,7
S01011473,613,597,16,261,257,4,210,206,4,59,59,0,151,147,4,11,11,0,3,3,0,8,8,0,40,40,0,352,340,12
S01011474,690,665,25,341,324,17,269,254,15,69,66,3,200,188,12,15,13,2,1,1,0,14,12,2,57,57,0,349,341,8
S01011475,520,487,33,238,214,24,185,163,22,48,43,5,137,120,17,9,8,1,4,4,0,5,4,1,44,43,1,282,273,9
S01011476,413,409,4,284,281,3,259,256,3,67,65,2,192,191,1,16,16,0,4,4,0,12,12,0,9,9,0,129,128,1
S01011477,710,691,19,437,421,16,382,371,11,108,104,4,274,267,7,42,38,4,7,6,1,35,32,3,13,12,1,273,270,3
S01011478,861,815,46,594,561,33,503,479,24,123,115,8,380,364,16,67,59,8,12,10,2,55,49,6,24,23,1,267,254,13
S01011479,693,670,23,425,409,16,362,348,14,83,81,2,279,267,12,43,41,2,7,6,1,36,35,1,20,20,0,268,261,7
S01011480,856,835,21,547,534,13,471,462,9,106,106,0,365,356,9,68,65,3,24,24,0,44,41,3,8,7,1,309,301,8
S01011481,637,614,23,475,456,19,405,390,15,96,95,1,309,295,14,42,39,3,14,14,0,28,25,3,28,27,1,162,158,4
S01011482,747,721,26,417,396,21,344,324,20,80,75,5,264,249,15,24,23,1,10,10,0,14,13,1,49,49,0,330,325,5
S01011483,438,416,22,309,292,17,260,246,14,64,62,2,196,184,12,31,30,1,6,5,1,25,25,0,18,16,2,129,124,5
S01011484,710,687,23,407,392,15,333,323,10,94,92,2,239,231,8,21,19,2,6,6,0,15,13,2,53,50,3,303,295,8
S01011485,754,731,23,420,402,18,329,313,16,106,106,0,223,207,16,14,14,0,5,5,0,9,9,0,77,75,2,334,329,5
S01011486,437,426,11,211,201,10,170,161,9,48,45,3,122,116,6,11,11,0,5,5,0,6,6,0,30,29,1,226,225,1
S01011487,877,838,39,547,522,25,452,429,23,132,121,11,320,308,12,36,35,1,8,8,0,28,27,1,59,58,1,330,316,14
S01011488,519,499,20,288,272,16,223,214,9,82,79,3,141,135,6,16,11,5,9,8,1,7,3,4,49,47,2,231,227,4
S01011489,543,536,7,464,459,5,385,381,4,99,98,1,286,283,3,40,39,1,10,9,1,30,30,0,39,39,0,79,77,2
S01011490,864,816,48,526,492,34,446,418,28,88,85,3,358,333,25,34,33,1,10,9,1,24,24,0,46,41,5,338,324,14
S01011491,415,380,35,259,230,29,201,173,28,51,46,5,150,127,23,9,8,1,4,3,1,5,5,0,49,49,0,156,150,6
S01011492,597,445,152,389,264,125,311,206,105,74,62,12,237,144,93,24,14,10,11,5,6,13,9,4,54,44,10,208,181,27
S01011493,398,378,20,344,328,16,302,292,10,71,67,4,231,225,6,27,24,3,5,5,0,22,19,3,15,12,3,54,50,4
S01011494,617,599,18,370,359,11,319,310,9,85,84,1,234,226,8,20,18,2,5,5,0,15,13,2,31,31,0,247,240,7
S01011495,664,631,33,389,366,23,315,297,18,88,84,4,227,213,14,16,13,3,4,3,1,12,10,2,58,56,2,275,265,10
S01011496,494,418,76,298,237,61,246,193,53,86,74,12,160,119,41,13,8,5,3,1,2,10,7,3,39,36,3,196,181,15
S01011497,492,461,31,387,363,24,328,314,14,73,71,2,255,243,12,30,25,5,6,6,0,24,19,5,29,24,5,105,98,7
S01011498,539,520,19,446,438,8,386,381,5,109,108,1,277,273,4,36,33,3,9,7,2,27,26,1,24,24,0,93,82,11
S01011499,676,655,21,488,470,18,416,403,13,92,89,3,324,314,10,38,35,3,9,9,0,29,26,3,34,32,2,188,185,3
S01011500,424,416,8,284,278,6,240,238,2,72,72,0,168,166,2,20,17,3,6,6,0,14,11,3,24,23,1,140,138,2
S01011501,537,529,8,329,322,7,245,242,3,78,77,1,167,165,2,22,21,1,3,2,1,19,19,0,62,59,3,208,207,1
S01011502,610,596,14,402,391,11,328,321,7,95,93,2,233,228,5,25,22,3,6,6,0,19,16,3,49,48,1,208,205,3
S01011503,508,501,7,316,312,4,257,255,2,64,64,0,193,191,2,27,26,1,9,9,0,18,17,1,32,31,1,192,189,3
S01011504,483,463,20,286,277,9,229,221,8,61,58,3,168,163,5,27,27,0,7,7,0,20,20,0,30,29,1,197,186,11
S01011505,552,530,22,352,338,14,281,269,12,78,75,3,203,194,9,19,17,2,5,4,1,14,13,1,52,52,0,200,192,8
S01011506,432,424,8,238,235,3,204,201,3,63,63,0,141,138,3,17,17,0,8,8,0,9,9,0,17,17,0,194,189,5
S01011507,514,499,15,306,297,9,259,255,4,70,70,0,189,185,4,20,16,4,6,5,1,14,11,3,27,26,1,208,202,6
S01011508,788,744,44,589,555,34,498,472,26,111,103,8,387,369,18,32,27,5,10,7,3,22,20,2,59,56,3,199,189,10
S01011509,521,513,8,351,345,6,294,288,6,66,65,1,228,223,5,27,27,0,8,8,0,19,19,0,30,30,0,170,168,2
S01011510,840,822,18,528,516,12,411,401,10,105,103,2,306,298,8,23,22,1,7,7,0,16,15,1,94,93,1,312,306,6
S01011511,435,423,12,269,259,10,200,190,10,57,52,5,143,138,5,13,13,0,5,5,0,8,8,0,56,56,0,166,164,2
S01011512,693,679,14,395,384,11,292,283,9,79,77,2,213,206,7,19,17,2,3,3,0,16,14,2,84,84,0,298,295,3
S01011513,609,576,33,370,344,26,292,271,21,92,88,4,200,183,17,13,11,2,2,2,0,11,9,2,65,62,3,239,232,7
S01011514,732,713,19,459,446,13,370,360,10,121,120,1,249,240,9,28,27,1,12,12,0,16,15,1,61,59,2,273,267,6
S01011515,451,438,13,340,329,11,287,277,10,69,69,0,218,208,10,25,24,1,8,7,1,17,17,0,28,28,0,111,109,2
S01011516,718,688,30,560,539,21,481,468,13,98,96,2,383,372,11,51,45,6,14,11,3,37,34,3,28,26,2,158,149,9
S01011517,453,437,16,282,272,10,241,232,9,69,64,5,172,168,4,21,20,1,6,6,0,15,14,1,20,20,0,171,165,6
S01011518,552,544,8,276,271,5,217,212,5,57,56,1,160,156,4,25,25,0,4,4,0,21,21,0,34,34,0,276,273,3
S01011519,642,635,7,399,393,6,332,328,4,91,90,1,241,238,3,15,14,1,7,6,1,8,8,0,52,51,1,243,242,1
S01011520,470,465,5,260,257,3,206,203,3,75,74,1,131,129,2,12,12,0,5,5,0,7,7,0,42,42,0,210,208,2
S01011521,753,728,25,461,441,20,365,351,14,96,93,3,269,258,11,23,19,4,7,5,2,16,14,2,73,71,2,292,287,5
S01011522,744,702,42,456,424,32,378,353,25,101,93,8,277,260,17,25,21,4,3,3,0,22,18,4,53,50,3,288,278,10
S01011523,611,593,18,419,403,16,339,326,13,86,83,3,253,243,10,29,27,2,7,6,1,22,21,1,51,50,1,192,190,2
S01011524,762,745,17,561,545,16,483,472,11,118,117,1,365,355,10,46,42,4,13,13,0,33,29,4,32,31,1,201,200,1
S01011525,783,758,25,497,490,7,447,444,3,124,122,2,323,322,1,41,38,3,13,11,2,28,27,1,9,8,1,286,268,18
S01011526,814,780,34,532,509,23,457,440,17,116,113,3,341,327,14,32,26,6,6,5,1,26,21,5,43,43,0,282,271,11
S01011527,610,595,15,367,359,8,302,298,4,65,64,1,237,234,3,37,35,2,9,9,0,28,26,2,28,26,2,243,236,7
S01011528,830,805,25,470,450,20,390,375,15,111,103,8,279,272,7,26,25,1,9,8,1,17,17,0,54,50,4,360,355,5
S01011529,422,413,9,242,234,8,183,180,3,57,57,0,126,123,3,15,12,3,6,5,1,9,7,2,44,42,2,180,179,1
S01011530,810,801,9,493,489,4,410,406,4,94,94,0,316,312,4,26,26,0,8,8,0,18,18,0,57,57,0,317,312,5
S01011531,910,868,42,603,577,26,505,484,21,106,102,4,399,382,17,68,65,3,18,17,1,50,48,2,30,28,2,307,291,16
S01011532,475,464,11,372,364,8,300,295,5,76,75,1,224,220,4,53,50,3,10,10,0,43,40,3,19,19,0,103,100,3
S01011533,570,559,11,289,282,7,218,213,5,61,60,1,157,153,4,21,20,1,6,6,0,15,14,1,50,49,1,281,277,4
S01011534,596,582,14,364,354,10,307,298,9,82,81,1,225,217,8,30,30,0,10,10,0,20,20,0,27,26,1,232,228,4
S01011535,765,744,21,362,353,9,262,254,8,68,67,1,194,187,7,25,24,1,5,5,0,20,19,1,75,75,0,403,391,12
S01011536,573,545,28,425,408,17,351,341,10,84,80,4,267,261,6,47,42,5,13,11,2,34,31,3,27,25,2,148,137,11
S01011537,445,427,18,359,347,12,317,309,8,50,49,1,267,260,7,21,21,0,3,3,0,18,18,0,21,17,4,86,80,6
S01011538,559,540,19,385,374,11,337,327,10,79,76,3,258,251,7,31,30,1,2,2,0,29,28,1,17,17,0,174,166,8
S01011539,619,612,7,363,359,4,287,283,4,79,78,1,208,205,3,24,24,0,4,4,0,20,20,0,52,52,0,256,253,3
S01011540,849,841,8,551,544,7,470,465,5,122,122,0,348,343,5,47,46,1,16,16,0,31,30,1,34,33,1,298,297,1
S01011541,716,705,11,466,459,7,371,366,5,130,128,2,241,238,3,36,36,0,7,7,0,29,29,0,59,57,2,250,246,4
S01011542,735,722,13,464,458,6,387,383,4,101,100,1,286,283,3,27,25,2,7,7,0,20,18,2,50,50,0,271,264,7
S01011543,611,604,7,392,387,5,308,303,5,93,91,2,215,212,3,20,20,0,1,1,0,19,19,0,64,64,0,219,217,2
S01011544,550,546,4,316,312,4,263,259,4,66,66,0,197,193,4,20,20,0,4,4,0,16,16,0,33,33,0,234,234,0
S01011545,488,481,7,287,283,4,249,246,3,73,72,1,176,174,2,15,14,1,6,5,1,9,9,0,23,23,0,201,198,3
S01011546,550,528,22,459,444,15,376,367,9,113,109,4,263,258,5,61,56,5,14,14,0,47,42,5,22,21,1,91,84,7
S01011547,434,425,9,358,350,8,301,296,5,80,78,2,221,218,3,34,33,1,13,12,1,21,21,0,23,21,2,76,75,1
S01011548,614,602,12,366,361,5,308,304,4,79,77,2,229,227,2,31,30,1,4,3,1,27,27,0,27,27,0,248,241,7
S01011549,678,669,9,442,435,7,370,364,6,102,101,1,268,263,5,36,36,0,8,8,0,28,28,0,36,35,1,236,234,2
S01011550,607,586,21,402,391,11,338,331,7,107,102,5,231,229,2,44,42,2,18,17,1,26,25,1,20,18,2,205,195,10
S01011551,450,438,12,278,273,5,231,226,5,60,60,0,171,166,5,29,29,0,2,2,0,27,27,0,18,18,0,172,165,7
S01011552,602,586,16,422,414,8,355,348,7,108,105,3,247,243,4,38,37,1,10,10,0,28,27,1,29,29,0,180,172,8
S01011553,618,571,47,506,467,39,407,385,22,104,95,9,303,290,13,68,57,11,9,6,3,59,51,8,31,25,6,112,104,8
S01011554,733,723,10,423,418,5,357,352,5,105,104,1,252,248,4,31,31,0,6,6,0,25,25,0,35,35,0,310,305,5
S01011555,458,451,7,303,301,2,254,252,2,89,88,1,165,164,1,15,15,0,3,3,0,12,12,0,34,34,0,155,150,5
S01011556,402,400,2,246,244,2,187,186,1,54,54,0,133,132,1,25,24,1,5,5,0,20,19,1,34,34,0,156,156,0
S01011557,594,586,8,383,377,6,326,322,4,88,88,0,238,234,4,24,23,1,6,6,0,18,17,1,33,32,1,211,209,2
S01011558,457,448,9,305,299,6,249,245,4,81,79,2,168,166,2,24,23,1,8,8,0,16,15,1,32,31,1,152,149,3
S01011559,494,486,8,303,297,6,236,231,5,65,65,0,171,166,5,16,16,0,2,2,0,14,14,0,51,50,1,191,189,2
S01011560,618,602,16,381,369,12,328,319,9,83,81,2,245,238,7,16,15,1,5,5,0,11,10,1,37,35,2,237,233,4
S01011561,646,636,10,390,382,8,313,307,6,103,102,1,210,205,5,13,13,0,0,0,0,13,13,0,64,62,2,256,254,2
S01011562,485,477,8,307,303,4,244,241,3,91,90,1,153,151,2,20,20,0,7,7,0,13,13,0,43,42,1,178,174,4
S01011563,585,572,13,353,345,8,283,275,8,106,105,1,177,170,7,25,25,0,6,6,0,19,19,0,45,45,0,232,227,5
S01011564,771,760,11,532,522,10,446,438,8,120,119,1,326,319,7,38,37,1,10,10,0,28,27,1,48,47,1,239,238,1
S01011565,743,729,14,523,513,10,441,431,10,118,116,2,323,315,8,29,29,0,7,7,0,22,22,0,53,53,0,220,216,4
S01011566,695,675,20,453,437,16,357,345,12,101,98,3,256,247,9,27,25,2,10,10,0,17,15,2,69,67,2,242,238,4
S01011567,831,826,5,452,447,5,371,366,5,113,112,1,258,254,4,34,34,0,10,10,0,24,24,0,47,47,0,379,379,0
S01011568,652,639,13,445,434,11,370,359,11,102,99,3,268,260,8,33,33,0,8,8,0,25,25,0,42,42,0,207,205,2
S01011569,804,780,24,488,472,16,419,405,14,103,100,3,316,305,11,28,26,2,9,8,1,19,18,1,41,41,0,316,308,8
S01011570,606,584,22,332,314,18,291,277,14,90,87,3,201,190,11,18,15,3,4,4,0,14,11,3,23,22,1,274,270,4
S01011571,572,543,29,324,305,19,267,254,13,70,66,4,197,188,9,18,13,5,7,6,1,11,7,4,39,38,1,248,238,10
S01011572,486,465,21,307,292,15,247,236,11,52,49,3,195,187,8,26,23,3,10,9,1,16,14,2,34,33,1,179,173,6
S01011573,842,828,14,594,584,10,500,491,9,121,117,4,379,374,5,57,56,1,13,13,0,44,43,1,37,37,0,248,244,4
S01011574,606,598,8,432,425,7,363,356,7,99,99,0,264,257,7,40,40,0,8,8,0,32,32,0,29,29,0,174,173,1
S01011575,408,403,5,256,251,5,201,196,5,50,49,1,151,147,4,17,17,0,3,3,0,14,14,0,38,38,0,152,152,0
S01011576,737,726,11,331,323,8,248,243,5,84,82,2,164,161,3,15,14,1,6,6,0,9,8,1,68,66,2,406,403,3
S01011577,572,535,37,393,365,28,321,299,22,89,87,2,232,212,20,30,25,5,6,4,2,24,21,3,42,41,1,179,170,9
S01011578,676,657,19,445,433,12,360,349,11,118,113,5,242,236,6,20,19,1,4,4,0,16,15,1,65,65,0,231,224,7
S01011579,906,889,17,592,583,9,481,476,5,130,129,1,351,347,4,79,75,4,15,15,0,64,60,4,32,32,0,314,306,8
S01011580,557,524,33,366,340,26,301,279,22,91,81,10,210,198,12,31,29,2,6,5,1,25,24,1,34,32,2,191,184,7
S01011581,693,660,33,330,306,24,264,242,22,88,84,4,176,158,18,24,23,1,7,7,0,17,16,1,42,41,1,363,354,9
S01011582,957,940,17,639,629,10,546,539,7,135,135,0,411,404,7,68,66,2,22,21,1,46,45,1,25,24,1,318,311,7
S01011583,559,543,16,374,363,11,317,308,9,82,80,2,235,228,7,19,17,2,5,5,0,14,12,2,38,38,0,185,180,5
S01011584,591,576,15,361,351,10,314,312,2,86,86,0,228,226,2,11,10,1,1,1,0,10,9,1,36,29,7,230,225,5
S01011585,585,570,15,350,338,12,300,289,11,86,86,0,214,203,11,24,24,0,8,8,0,16,16,0,26,25,1,235,232,3
S01011586,482,462,20,299,286,13,246,235,11,65,64,1,181,171,10,11,10,1,0,0,0,11,10,1,42,41,1,183,176,7
S01011587,451,440,11,277,268,9,237,231,6,78,77,1,159,154,5,11,11,0,3,3,0,8,8,0,29,26,3,174,172,2
S01011588,609,602,7,372,366,6,299,294,5,80,78,2,219,216,3,31,31,0,10,10,0,21,21,0,42,41,1,237,236,1
S01011589,707,692,15,419,409,10,364,358,6,107,106,1,257,252,5,26,25,1,4,4,0,22,21,1,29,26,3,288,283,5
S01011590,552,541,11,339,333,6,279,273,6,72,71,1,207,202,5,17,17,0,2,2,0,15,15,0,43,43,0,213,208,5
S01011591,501,489,12,301,294,7,227,222,5,52,50,2,175,172,3,20,20,0,6,6,0,14,14,0,54,52,2,200,195,5
S01011592,563,563,0,329,329,0,261,261,0,77,77,0,184,184,0,19,19,0,3,3,0,16,16,0,49,49,0,234,234,0
S01011593,601,590,11,367,361,6,312,309,3,82,82,0,230,227,3,28,27,1,4,4,0,24,23,1,27,25,2,234,229,5
S01011594,385,376,9,227,222,5,192,188,4,53,53,0,139,135,4,20,19,1,5,4,1,15,15,0,15,15,0,158,154,4
S01011595,513,501,12,373,367,6,302,298,4,52,52,0,250,246,4,44,42,2,10,9,1,34,33,1,27,27,0,140,134,6
S01011596,865,818,47,568,526,42,479,448,31,112,106,6,367,342,25,36,29,7,7,6,1,29,23,6,53,49,4,297,292,5
S01011597,537,520,17,349,339,10,301,292,9,67,64,3,234,228,6,23,22,1,7,7,0,16,15,1,25,25,0,188,181,7
S01011598,682,609,73,400,336,64,244,191,53,71,59,12,173,132,41,21,17,4,5,4,1,16,13,3,135,128,7,282,273,9
S01011599,662,635,27,408,386,22,342,323,19,89,85,4,253,238,15,20,18,2,3,2,1,17,16,1,46,45,1,254,249,5
S01011600,644,617,27,369,350,19,311,295,16,63,62,1,248,233,15,23,23,0,4,4,0,19,19,0,35,32,3,275,267,8
S01011601,656,637,19,522,508,14,454,444,10,135,131,4,319,313,6,41,38,3,4,4,0,37,34,3,27,26,1,134,129,5
S01011602,495,463,32,310,282,28,242,218,24,56,54,2,186,164,22,21,19,2,2,2,0,19,17,2,47,45,2,185,181,4
S01011603,673,658,15,332,325,7,265,260,5,68,66,2,197,194,3,21,20,1,6,6,0,15,14,1,46,45,1,341,333,8
S01011604,528,490,38,317,286,31,247,223,24,82,79,3,165,144,21,17,14,3,9,8,1,8,6,2,53,49,4,211,204,7
S01011605,715,696,19,425,412,13,333,321,12,94,89,5,239,232,7,41,40,1,11,10,1,30,30,0,51,51,0,290,284,6
S01011606,730,705,25,620,601,19,558,542,16,133,127,6,425,415,10,44,41,3,10,10,0,34,31,3,18,18,0,110,104,6
S01011607,477,463,14,366,359,7,308,305,3,65,65,0,243,240,3,29,27,2,8,7,1,21,20,1,29,27,2,111,104,7
S01011608,741,719,22,600,581,19,507,492,15,117,111,6,390,381,9,61,58,3,11,11,0,50,47,3,32,31,1,141,138,3
S01011609,762,686,76,445,384,61,331,280,51,110,101,9,221,179,42,26,20,6,7,6,1,19,14,5,88,84,4,317,302,15
S01011610,653,612,41,406,378,28,319,297,22,103,97,6,216,200,16,21,17,4,8,6,2,13,11,2,66,64,2,247,234,13
S01011611,587,577,10,386,377,9,328,319,9,99,96,3,229,223,6,29,29,0,8,8,0,21,21,0,29,29,0,201,200,1
S01011612,453,439,14,408,397,11,350,340,10,66,63,3,284,277,7,43,42,1,8,8,0,35,34,1,15,15,0,45,42,3
S01011613,798,777,21,512,497,15,426,413,13,122,118,4,304,295,9,62,61,1,20,19,1,42,42,0,24,23,1,286,280,6
S01011614,379,372,7,260,254,6,217,213,4,51,49,2,166,164,2,22,21,1,2,2,0,20,19,1,21,20,1,119,118,1
S01011615,559,551,8,336,328,8,265,260,5,68,67,1,197,193,4,27,26,1,8,8,0,19,18,1,44,42,2,223,223,0
S01011616,343,338,5,182,177,5,135,132,3,26,23,3,109,109,0,14,14,0,4,4,0,10,10,0,33,31,2,161,161,0
S01011617,711,707,4,419,416,3,341,338,3,89,89,0,252,249,3,27,27,0,7,7,0,20,20,0,51,51,0,292,291,1
S01011618,491,476,15,291,285,6,247,242,5,68,65,3,179,177,2,14,14,0,2,2,0,12,12,0,30,29,1,200,191,9
S01011619,813,778,35,638,613,25,562,543,19,111,106,5,451,437,14,39,37,2,6,6,0,33,31,2,37,33,4,175,165,10
S01011620,806,766,40,690,667,23,603,587,16,111,105,6,492,482,10,63,57,6,12,10,2,51,47,4,24,23,1,116,99,17
S01011621,591,571,20,411,395,16,350,337,13,88,84,4,262,253,9,29,28,1,5,5,0,24,23,1,32,30,2,180,176,4
S01011622,482,466,16,392,381,11,308,298,10,56,55,1,252,243,9,55,54,1,11,11,0,44,43,1,29,29,0,90,85,5
S01011623,563,540,23,328,314,14,265,257,8,69,68,1,196,189,7,33,28,5,10,8,2,23,20,3,30,29,1,235,226,9
S01011624,550,536,14,412,401,11,340,333,7,76,73,3,264,260,4,38,36,2,8,7,1,30,29,1,34,32,2,138,135,3
S01011625,443,433,10,299,294,5,250,247,3,61,61,0,189,186,3,17,17,0,4,4,0,13,13,0,32,30,2,144,139,5
S01011626,634,620,14,511,503,8,434,428,6,114,113,1,320,315,5,51,50,1,13,12,1,38,38,0,26,25,1,123,117,6
S01011627,532,515,17,441,428,13,395,386,9,93,92,1,302,294,8,35,31,4,12,11,1,23,20,3,11,11,0,91,87,4
S01011628,889,869,20,593,577,16,507,495,12,136,132,4,371,363,8,49,47,2,8,8,0,41,39,2,37,35,2,296,292,4
S01011629,490,481,9,292,285,7,234,230,4,71,71,0,163,159,4,18,15,3,4,4,0,14,11,3,40,40,0,198,196,2
S01011630,506,501,5,317,316,1,252,252,0,75,75,0,177,177,0,25,24,1,7,7,0,18,17,1,40,40,0,189,185,4
S01011631,455,442,13,270,259,11,213,203,10,62,61,1,151,142,9,13,13,0,3,3,0,10,10,0,44,43,1,185,183,2
S01011632,580,556,24,379,361,18,302,287,15,83,82,1,219,205,14,31,29,2,7,7,0,24,22,2,46,45,1,201,195,6
S01011633,592,570,22,333,319,14,262,251,11,72,69,3,190,182,8,19,19,0,9,9,0,10,10,0,52,49,3,259,251,8
S01011634,435,415,20,243,229,14,201,191,10,56,52,4,145,139,6,11,9,2,2,2,0,9,7,2,31,29,2,192,186,6
S01011635,523,501,22,318,301,17,263,247,16,73,70,3,190,177,13,19,18,1,3,3,0,16,15,1,36,36,0,205,200,5
S01011636,550,534,16,323,309,14,263,251,12,76,72,4,187,179,8,18,17,1,5,5,0,13,12,1,42,41,1,227,225,2
S01011637,560,549,11,345,337,8,268,261,7,70,69,1,198,192,6,24,23,1,8,8,0,16,15,1,53,53,0,215,212,3
S01011638,429,413,16,247,237,10,208,199,9,50,47,3,158,152,6,15,14,1,2,2,0,13,12,1,24,24,0,182,176,6
S01011639,455,443,12,266,258,8,221,213,8,68,65,3,153,148,5,6,6,0,3,3,0,3,3,0,39,39,0,189,185,4
S01011640,535,517,18,329,319,10,272,263,9,74,72,2,198,191,7,16,15,1,4,4,0,12,11,1,41,41,0,206,198,8
S01011641,406,398,8,255,249,6,224,218,6,68,66,2,156,152,4,25,25,0,6,6,0,19,19,0,6,6,0,151,149,2
S01011642,668,630,38,451,418,33,364,338,26,102,98,4,262,240,22,41,36,5,8,8,0,33,28,5,46,44,2,217,212,5
S01011643,464,443,21,326,310,16,265,251,14,73,70,3,192,181,11,43,42,1,11,11,0,32,31,1,18,17,1,138,133,5
S01011644,602,587,15,337,331,6,288,283,5,70,69,1,218,214,4,31,31,0,7,7,0,24,24,0,18,17,1,265,256,9
S01011645,452,446,6,240,236,4,207,203,4,63,63,0,144,140,4,22,22,0,9,9,0,13,13,0,11,11,0,212,210,2
S01011646,589,577,12,376,366,10,318,312,6,86,86,0,232,226,6,36,35,1,9,9,0,27,26,1,22,19,3,213,211,2
S01011647,701,686,15,528,518,10,467,458,9,107,105,2,360,353,7,32,31,1,4,4,0,28,27,1,29,29,0,173,168,5
S01011648,514,481,33,393,368,25,334,318,16,63,60,3,271,258,13,31,26,5,6,5,1,25,21,4,28,24,4,121,113,8
S01011649,395,371,24,255,232,23,222,202,20,45,40,5,177,162,15,15,15,0,5,5,0,10,10,0,18,15,3,140,139,1
S01011650,583,562,21,360,347,13,294,286,8,61,60,1,233,226,7,40,38,2,8,8,0,32,30,2,26,23,3,223,215,8
S01011651,772,746,26,478,463,15,409,396,13,93,89,4,316,307,9,33,31,2,9,9,0,24,22,2,36,36,0,294,283,11
S01011652,642,599,43,452,421,31,386,364,22,96,85,11,290,279,11,34,30,4,10,9,1,24,21,3,32,27,5,190,178,12
S01011653,719,705,14,441,430,11,346,338,8,100,99,1,246,239,7,28,27,1,6,6,0,22,21,1,67,65,2,278,275,3
S01011654,827,780,47,476,439,37,350,322,28,73,69,4,277,253,24,53,48,5,9,8,1,44,40,4,73,69,4,351,341,10
S01011655,718,695,23,421,399,22,318,301,17,94,89,5,224,212,12,24,22,2,7,7,0,17,15,2,79,76,3,297,296,1
S01011656,492,472,20,295,278,17,221,209,12,71,68,3,150,141,9,12,11,1,6,5,1,6,6,0,62,58,4,197,194,3
S01011657,426,400,26,259,241,18,188,171,17,53,49,4,135,122,13,16,15,1,4,4,0,12,11,1,55,55,0,167,159,8
S01011658,552,539,13,345,335,10,264,259,5,64,63,1,200,196,4,34,32,2,8,6,2,26,26,0,47,44,3,207,204,3
S01011659,660,643,17,375,360,15,294,289,5,82,80,2,212,209,3,27,21,6,12,9,3,15,12,3,54,50,4,285,283,2
S01011660,790,766,24,519,503,16,443,431,12,126,121,5,317,310,7,41,39,2,7,7,0,34,32,2,35,33,2,271,263,8
S01011661,434,428,6,267,263,4,210,207,3,57,57,0,153,150,3,27,26,1,5,5,0,22,21,1,30,30,0,167,165,2
S01011662,487,481,6,382,378,4,335,333,2,90,89,1,245,244,1,35,33,2,3,3,0,32,30,2,12,12,0,105,103,2
S01011663,753,692,61,508,453,55,379,335,44,118,107,11,261,228,33,26,19,7,6,5,1,20,14,6,103,99,4,245,239,6
S01011664,834,808,26,438,419,19,348,334,14,90,88,2,258,246,12,32,29,3,5,4,1,27,25,2,58,56,2,396,389,7
S01011665,718,696,22,399,381,18,336,321,15,88,84,4,248,237,11,20,19,1,8,8,0,12,11,1,43,41,2,319,315,4
S01011666,736,724,12,389,381,8,297,290,7,84,84,0,213,206,7,19,19,0,5,5,0,14,14,0,73,72,1,347,343,4
S01011667,681,643,38,364,333,31,289,265,24,72,67,5,217,198,19,39,34,5,10,9,1,29,25,4,36,34,2,317,310,7
S01011668,782,763,19,481,471,10,392,384,8,126,126,0,266,258,8,14,13,1,4,4,0,10,9,1,75,74,1,301,292,9
S01011669,560,539,21,314,300,14,245,235,10,80,79,1,165,156,9,42,39,3,9,8,1,33,31,2,27,26,1,246,239,7
S01011670,406,398,8,276,271,5,222,218,4,68,65,3,154,153,1,18,17,1,4,4,0,14,13,1,36,36,0,130,127,3
S01011671,589,573,16,337,324,13,273,266,7,62,60,2,211,206,5,39,34,5,11,9,2,28,25,3,25,24,1,252,249,3
S01011672,498,469,29,275,252,23,216,201,15,59,58,1,157,143,14,19,18,1,2,2,0,17,16,1,40,33,7,223,217,6
S01011673,537,517,20,333,314,19,271,262,9,96,93,3,175,169,6,27,18,9,11,9,2,16,9,7,35,34,1,204,203,1
S01011674,825,806,19,550,538,12,473,462,11,101,97,4,372,365,7,25,24,1,6,6,0,19,18,1,52,52,0,275,268,7
S01011675,750,739,11,439,431,8,358,352,6,93,92,1,265,260,5,31,30,1,5,5,0,26,25,1,50,49,1,311,308,3
S01011676,567,553,14,328,316,12,257,250,7,72,69,3,185,181,4,16,15,1,8,7,1,8,8,0,55,51,4,239,237,2
S01011677,463,452,11,354,346,8,275,269,6,63,62,1,212,207,5,31,30,1,11,11,0,20,19,1,48,47,1,109,106,3
S01011678,380,373,7,203,196,7,148,143,5,52,50,2,96,93,3,20,18,2,6,5,1,14,13,1,35,35,0,177,177,0
S01011679,417,401,16,338,325,13,300,289,11,65,64,1,235,225,10,24,23,1,6,6,0,18,17,1,14,13,1,79,76,3
S01011680,864,853,11,479,471,8,379,374,5,92,91,1,287,283,4,36,34,2,11,11,0,25,23,2,64,63,1,385,382,3
S01011681,667,655,12,427,421,6,361,358,3,87,87,0,274,271,3,32,29,3,4,2,2,28,27,1,34,34,0,240,234,6
S01011682,429,423,6,238,234,4,165,162,3,34,34,0,131,128,3,58,57,1,13,12,1,45,45,0,15,15,0,191,189,2
S01011683,613,598,15,406,394,12,303,299,4,79,79,0,224,220,4,56,52,4,9,8,1,47,44,3,47,43,4,207,204,3
S01011684,437,427,10,261,256,5,212,208,4,61,58,3,151,150,1,29,28,1,3,3,0,26,25,1,20,20,0,176,171,5
S01011685,602,588,14,497,485,12,410,400,10,98,97,1,312,303,9,63,61,2,14,13,1,49,48,1,24,24,0,105,103,2
S01011686,703,682,21,495,477,18,422,410,12,97,96,1,325,314,11,54,51,3,11,10,1,43,41,2,19,16,3,208,205,3
S01011687,702,697,5,432,428,4,354,351,3,83,83,0,271,268,3,29,29,0,6,6,0,23,23,0,49,48,1,270,269,1
S01011688,631,610,21,453,436,17,352,340,12,86,83,3,266,257,9,73,71,2,12,11,1,61,60,1,28,25,3,178,174,4
S01011689,538,516,22,395,378,17,317,305,12,76,71,5,241,234,7,59,56,3,15,13,2,44,43,1,19,17,2,143,138,5
S01011690,747,728,19,562,549,13,452,443,9,101,99,2,351,344,7,71,68,3,14,14,0,57,54,3,39,38,1,185,179,6
S01011691,456,436,20,331,314,17,287,273,14,74,71,3,213,202,11,28,26,2,5,5,0,23,21,2,16,15,1,125,122,3
S01011692,860,845,15,499,488,11,418,412,6,111,109,2,307,303,4,25,23,2,6,5,1,19,18,1,56,53,3,361,357,4
S01011693,664,635,29,472,451,21,398,382,16,87,84,3,311,298,13,45,42,3,8,8,0,37,34,3,29,27,2,192,184,8
S01011694,383,374,9,318,309,9,271,263,8,57,56,1,214,207,7,29,28,1,10,10,0,19,18,1,18,18,0,65,65,0
S01011695,689,679,10,545,536,9,458,453,5,117,116,1,341,337,4,71,68,3,13,13,0,58,55,3,16,15,1,144,143,1
S01011696,728,666,62,624,577,47,527,498,29,111,106,5,416,392,24,80,66,14,23,18,5,57,48,9,17,13,4,104,89,15
S01011697,757,725,32,568,549,19,479,462,17,97,95,2,382,367,15,59,59,0,7,7,0,52,52,0,30,28,2,189,176,13
S01011698,537,526,11,340,331,9,273,266,7,76,74,2,197,192,5,30,28,2,10,9,1,20,19,1,37,37,0,197,195,2
S01011699,764,740,24,508,493,15,425,418,7,118,115,3,307,303,4,57,52,5,7,5,2,50,47,3,26,23,3,256,247,9
S01011700,661,636,25,385,368,17,319,304,15,92,87,5,227,217,10,36,35,1,7,7,0,29,28,1,30,29,1,276,268,8
S01011701,822,786,36,570,547,23,466,447,19,123,117,6,343,330,13,84,80,4,23,22,1,61,58,3,20,20,0,252,239,13
S01011702,626,608,18,368,355,13,298,288,10,79,76,3,219,212,7,44,41,3,16,15,1,28,26,2,26,26,0,258,253,5
S01011703,502,473,29,346,325,21,259,242,17,73,68,5,186,174,12,65,62,3,18,18,0,47,44,3,22,21,1,156,148,8
S01011704,555,530,25,414,392,22,358,342,16,86,78,8,272,264,8,42,37,5,7,5,2,35,32,3,14,13,1,141,138,3
S01011705,602,587,15,390,381,9,305,299,6,86,81,5,219,218,1,40,37,3,8,8,0,32,29,3,45,45,0,212,206,6
S01011706,883,852,31,508,485,23,417,402,15,107,105,2,310,297,13,50,44,6,13,12,1,37,32,5,41,39,2,375,367,8
S01011707,584,571,13,369,359,10,305,295,10,92,89,3,213,206,7,43,43,0,16,16,0,27,27,0,21,21,0,215,212,3
S01011708,797,767,30,464,442,22,380,361,19,112,109,3,268,252,16,37,35,2,11,9,2,26,26,0,47,46,1,333,325,8
S01011709,782,748,34,498,477,21,401,385,16,126,120,6,275,265,10,55,51,4,7,7,0,48,44,4,42,41,1,284,271,13
S01011710,477,469,8,320,313,7,245,241,4,84,82,2,161,159,2,18,18,0,6,6,0,12,12,0,57,54,3,157,156,1
S01011711,551,545,6,309,304,5,246,242,4,73,73,0,173,169,4,21,21,0,4,4,0,17,17,0,42,41,1,242,241,1
S01011712,461,449,12,314,304,10,264,254,10,65,63,2,199,191,8,17,17,0,4,4,0,13,13,0,33,33,0,147,145,2
S01011713,759,740,19,483,473,10,413,404,9,100,99,1,313,305,8,44,43,1,11,11,0,33,32,1,26,26,0,276,267,9
S01011714,396,386,10,349,341,8,296,289,7,74,73,1,222,216,6,36,35,1,7,7,0,29,28,1,17,17,0,47,45,2
S01011715,493,489,4,286,285,1,245,244,1,66,66,0,179,178,1,15,15,0,5,5,0,10,10,0,26,26,0,207,204,3
S01011716,701,683,18,550,537,13,459,450,9,109,106,3,350,344,6,55,52,3,5,5,0,50,47,3,36,35,1,151,146,5
S01011717,615,602,13,408,399,9,346,339,7,98,96,2,248,243,5,38,36,2,9,9,0,29,27,2,24,24,0,207,203,4
S01011718,577,561,16,495,481,14,420,411,9,84,83,1,336,328,8,54,51,3,6,6,0,48,45,3,21,19,2,82,80,2
S01011719,529,504,25,444,424,20,381,364,17,91,84,7,290,280,10,50,48,2,10,10,0,40,38,2,13,12,1,85,80,5
S01011720,465,448,17,309,300,9,269,261,8,66,64,2,203,197,6,30,29,1,3,3,0,27,26,1,10,10,0,156,148,8
S01011721,586,579,7,357,354,3,307,304,3,83,81,2,224,223,1,17,17,0,2,2,0,15,15,0,33,33,0,229,225,4
S01011722,589,580,9,327,324,3,262,260,2,70,68,2,192,192,0,27,26,1,2,2,0,25,24,1,38,38,0,262,256,6
S01011723,767,755,12,487,478,9,411,402,9,91,91,0,320,311,9,41,41,0,13,13,0,28,28,0,35,35,0,280,277,3
S01011724,525,507,18,422,410,12,355,346,9,86,85,1,269,261,8,39,37,2,7,7,0,32,30,2,28,27,1,103,97,6
S01011725,498,478,20,419,403,16,355,345,10,83,80,3,272,265,7,49,45,4,8,7,1,41,38,3,15,13,2,79,75,4
S01011726,424,414,10,338,332,6,297,291,6,71,69,2,226,222,4,31,31,0,7,7,0,24,24,0,10,10,0,86,82,4
S01011727,558,537,21,472,454,18,382,369,13,93,90,3,289,279,10,74,70,4,17,16,1,57,54,3,16,15,1,86,83,3
S01011728,767,751,16,522,509,13,446,435,11,126,124,2,320,311,9,49,48,1,8,8,0,41,40,1,27,26,1,245,242,3
S01011729,562,549,13,335,327,8,261,254,7,69,65,4,192,189,3,24,24,0,7,7,0,17,17,0,50,49,1,227,222,5
S01011730,782,769,13,478,471,7,410,404,6,89,86,3,321,318,3,50,49,1,15,14,1,35,35,0,18,18,0,304,298,6
S01011731,720,702,18,442,432,10,369,362,7,117,117,0,252,245,7,36,34,2,12,10,2,24,24,0,37,36,1,278,270,8
S01011732,680,661,19,476,460,16,406,393,13,97,95,2,309,298,11,49,46,3,9,9,0,40,37,3,21,21,0,204,201,3
S01011733,705,696,9,445,437,8,370,363,7,112,110,2,258,253,5,39,38,1,13,12,1,26,26,0,36,36,0,260,259,1
S01011734,646,630,16,406,394,12,340,330,10,89,86,3,251,244,7,42,41,1,14,14,0,28,27,1,24,23,1,240,236,4
S01011735,621,600,21,380,363,17,310,294,16,94,86,8,216,208,8,49,48,1,8,8,0,41,40,1,21,21,0,241,237,4
S01011736,578,559,19,406,389,17,341,326,15,104,100,4,237,226,11,28,27,1,7,7,0,21,20,1,37,36,1,172,170,2
S01011737,552,506,46,333,307,26,257,240,17,73,70,3,184,170,14,27,25,2,6,6,0,21,19,2,49,42,7,219,199,20
S01011738,851,779,72,547,489,58,427,384,43,103,93,10,324,291,33,55,47,8,10,10,0,45,37,8,65,58,7,304,290,14
S01011739,430,415,15,279,270,9,225,218,7,65,62,3,160,156,4,13,12,1,5,5,0,8,7,1,41,40,1,151,145,6
S01011740,602,557,45,349,329,20,266,249,17,83,80,3,183,169,14,17,17,0,7,7,0,10,10,0,66,63,3,253,228,25
S01011741,536,518,18,338,324,14,277,265,12,77,75,2,200,190,10,17,16,1,2,1,1,15,15,0,44,43,1,198,194,4
S01011742,614,598,16,385,372,13,319,310,9,92,91,1,227,219,8,28,27,1,8,8,0,20,19,1,38,35,3,229,226,3
S01011743,657,647,10,423,417,6,373,369,4,95,93,2,278,276,2,24,24,0,3,3,0,21,21,0,26,24,2,234,230,4
S01011744,715,687,28,406,393,13,332,321,11,83,81,2,249,240,9,32,31,1,6,6,0,26,25,1,42,41,1,309,294,15
S01011745,633,601,32,301,279,22,252,232,20,69,69,0,183,163,20,18,17,1,4,3,1,14,14,0,31,30,1,332,322,10
S01011746,412,391,21,273,258,15,217,204,13,70,70,0,147,134,13,13,12,1,3,2,1,10,10,0,43,42,1,139,133,6
S01011747,754,688,66,466,416,50,351,308,43,109,94,15,242,214,28,23,21,2,5,5,0,18,16,2,92,87,5,288,272,16
S01011748,647,605,42,422,389,33,352,325,27,107,100,7,245,225,20,19,17,2,3,3,0,16,14,2,51,47,4,225,216,9
S01011749,560,514,46,372,337,35,279,251,28,70,67,3,209,184,25,17,12,5,2,2,0,15,10,5,76,74,2,188,177,11
S01011750,709,683,26,417,398,19,339,324,15,87,79,8,252,245,7,34,33,1,12,12,0,22,21,1,44,41,3,292,285,7
S01011751,780,711,69,533,478,55,431,391,40,123,113,10,308,278,30,23,19,4,4,4,0,19,15,4,79,68,11,247,233,14
S01011752,750,716,34,532,507,25,455,432,23,111,101,10,344,331,13,31,30,1,9,9,0,22,21,1,46,45,1,218,209,9
S01011753,660,635,25,413,398,15,340,327,13,77,75,2,263,252,11,32,30,2,9,9,0,23,21,2,41,41,0,247,237,10
S01011754,619,595,24,369,350,19,306,292,14,98,95,3,208,197,11,24,20,4,7,6,1,17,14,3,39,38,1,250,245,5
S01011755,761,743,18,531,520,11,450,442,8,112,109,3,338,333,5,33,31,2,5,5,0,28,26,2,48,47,1,230,223,7
S01011756,783,759,24,527,510,17,437,422,15,117,113,4,320,309,11,30,29,1,10,9,1,20,20,0,60,59,1,256,249,7
S01011757,573,559,14,343,334,9,291,285,6,85,82,3,206,203,3,24,22,2,3,3,0,21,19,2,28,27,1,230,225,5
S01011758,498,489,9,343,338,5,294,291,3,84,83,1,210,208,2,19,17,2,4,4,0,15,13,2,30,30,0,155,151,4
S01011759,670,662,8,404,398,6,342,340,2,108,108,0,234,232,2,27,25,2,9,9,0,18,16,2,35,33,2,266,264,2
S01011760,729,708,21,474,464,10,397,388,9,98,93,5,299,295,4,31,30,1,4,3,1,27,27,0,46,46,0,255,244,11
S01011761,507,491,16,348,335,13,292,283,9,78,74,4,214,209,5,26,23,3,3,2,1,23,21,2,30,29,1,159,156,3
S01011762,532,521,11,332,326,6,273,269,4,73,73,0,200,196,4,24,23,1,8,7,1,16,16,0,35,34,1,200,195,5
S01011763,653,648,5,415,413,2,354,352,2,102,101,1,252,251,1,33,33,0,8,8,0,25,25,0,28,28,0,238,235,3
S01011764,332,316,16,225,213,12,194,183,11,60,56,4,134,127,7,14,14,0,1,1,0,13,13,0,17,16,1,107,103,4
S01011765,818,801,17,632,619,13,543,532,11,148,143,5,395,389,6,54,53,1,12,12,0,42,41,1,35,34,1,186,182,4
S01011766,416,396,20,293,278,15,248,235,13,67,62,5,181,173,8,35,33,2,5,5,0,30,28,2,10,10,0,123,118,5
S01011767,744,731,13,446,434,12,350,342,8,94,94,0,256,248,8,41,39,2,10,9,1,31,30,1,55,53,2,298,297,1
S01011768,591,561,30,378,356,22,316,295,21,97,93,4,219,202,17,18,18,0,4,4,0,14,14,0,44,43,1,213,205,8
S01011769,554,538,16,294,282,12,240,229,11,58,54,4,182,175,7,28,27,1,5,5,0,23,22,1,26,26,0,260,256,4
S01011770,680,654,26,414,399,15,332,319,13,80,78,2,252,241,11,25,25,0,8,8,0,17,17,0,57,55,2,266,255,11
S01011771,531,511,20,418,402,16,358,347,11,92,87,5,266,260,6,43,39,4,13,12,1,30,27,3,17,16,1,113,109,4
S01011772,886,830,56,620,581,39,481,456,25,135,123,12,346,333,13,108,95,13,25,21,4,83,74,9,31,30,1,266,249,17
S01011773,447,428,19,383,369,14,336,322,14,87,81,6,249,241,8,35,35,0,6,6,0,29,29,0,12,12,0,64,59,5
S01011774,692,669,23,525,508,17,435,420,15,119,114,5,316,306,10,57,55,2,13,13,0,44,42,2,33,33,0,167,161,6
S01011775,480,460,20,401,387,14,337,324,13,79,74,5,258,250,8,48,47,1,13,13,0,35,34,1,16,16,0,79,73,6
S01011776,789,740,49,613,585,28,502,483,19,122,119,3,380,364,16,87,79,8,16,14,2,71,65,6,24,23,1,176,155,21
S01011777,477,462,15,361,352,9,317,309,8,70,69,1,247,240,7,32,31,1,10,9,1,22,22,0,12,12,0,116,110,6
S01011778,493,482,11,382,371,11,322,312,10,77,74,3,245,238,7,42,42,0,12,12,0,30,30,0,18,17,1,111,111,0
S01011779,640,624,16,438,426,12,374,367,7,98,97,1,276,270,6,44,41,3,14,11,3,30,30,0,20,18,2,202,198,4
S01011780,728,701,27,539,523,16,440,429,11,130,126,4,310,303,7,82,77,5,18,18,0,64,59,5,17,17,0,189,178,11
S01011781,459,452,7,323,317,6,276,272,4,85,83,2,191,189,2,33,32,1,8,7,1,25,25,0,14,13,1,136,135,1
S01011782,582,564,18,397,388,9,337,332,5,100,98,2,237,234,3,45,43,2,11,11,0,34,32,2,15,13,2,185,176,9
S01011783,486,467,19,341,327,14,282,274,8,79,75,4,203,199,4,40,35,5,8,5,3,32,30,2,19,18,1,145,140,5
S01011784,660,650,10,415,410,5,352,348,4,90,90,0,262,258,4,29,28,1,6,6,0,23,22,1,34,34,0,245,240,5
S01011785,711,688,23,452,437,15,383,371,12,111,106,5,272,265,7,41,39,2,7,6,1,34,33,1,28,27,1,259,251,8
S01011786,296,284,12,241,234,7,203,197,6,54,51,3,149,146,3,27,27,0,4,4,0,23,23,0,11,10,1,55,50,5
S01011787,822,808,14,477,470,7,350,344,6,93,92,1,257,252,5,45,45,0,10,10,0,35,35,0,82,81,1,345,338,7
S01011788,513,471,42,379,351,28,263,251,12,62,60,2,201,191,10,98,82,16,23,16,7,75,66,9,18,18,0,134,120,14
S01011789,550,535,15,335,328,7,260,256,4,69,67,2,191,189,2,59,56,3,18,17,1,41,39,2,16,16,0,215,207,8
S01011790,778,756,22,500,485,15,372,362,10,118,114,4,254,248,6,74,71,3,25,24,1,49,47,2,54,52,2,278,271,7
S01011791,610,594,16,351,340,11,285,278,7,84,83,1,201,195,6,36,32,4,10,9,1,26,23,3,30,30,0,259,254,5
S01011792,784,763,21,389,374,15,313,303,10,68,64,4,245,239,6,44,41,3,8,7,1,36,34,2,32,30,2,395,389,6
S01011793,611,602,9,358,351,7,287,282,5,72,70,2,215,212,3,49,48,1,16,16,0,33,32,1,22,21,1,253,251,2
S01011794,709,692,17,418,410,8,341,335,6,100,96,4,241,239,2,41,40,1,6,6,0,35,34,1,36,35,1,291,282,9
S01011795,515,503,12,301,295,6,241,236,5,59,59,0,182,177,5,29,28,1,5,4,1,24,24,0,31,31,0,214,208,6
S01011796,599,587,12,375,366,9,293,286,7,82,80,2,211,206,5,28,26,2,3,2,1,25,24,1,54,54,0,224,221,3
S01011797,865,843,22,602,587,15,507,495,12,157,155,2,350,340,10,70,69,1,14,14,0,56,55,1,25,23,2,263,256,7
S01011798,453,444,9,269,261,8,214,209,5,60,59,1,154,150,4,27,25,2,1,1,0,26,24,2,28,27,1,184,183,1
S01011799,757,749,8,473,471,2,398,397,1,101,100,1,297,297,0,46,46,0,7,7,0,39,39,0,29,28,1,284,278,6
S01011800,425,418,7,268,264,4,226,222,4,59,57,2,167,165,2,28,28,0,7,7,0,21,21,0,14,14,0,157,154,3
S01011801,456,439,17,273,261,12,214,204,10,76,72,4,138,132,6,13,13,0,2,2,0,11,11,0,46,44,2,183,178,5
S01011802,582,572,10,330,323,7,260,254,6,71,71,0,189,183,6,30,29,1,8,8,0,22,21,1,40,40,0,252,249,3
S01011803,465,457,8,298,291,7,231,224,7,72,69,3,159,155,4,30,30,0,5,5,0,25,25,0,37,37,0,167,166,1
S01011804,631,608,23,399,380,19,316,300,16,94,94,0,222,206,16,66,63,3,16,15,1,50,48,2,17,17,0,232,228,4
S01011805,469,428,41,297,268,29,216,198,18,57,48,9,159,150,9,66,56,10,14,11,3,52,45,7,15,14,1,172,160,12
S01011806,627,600,27,389,370,19,309,290,19,99,95,4,210,195,15,68,68,0,11,11,0,57,57,0,12,12,0,238,230,8
S01011807,914,883,31,628,604,24,424,408,16,134,128,6,290,280,10,195,187,8,41,40,1,154,147,7,9,9,0,286,279,7
S01011808,521,510,11,352,345,7,286,279,7,111,107,4,175,172,3,50,50,0,10,10,0,40,40,0,16,16,0,169,165,4
S01011809,595,570,25,416,401,15,313,305,8,106,104,2,207,201,6,97,90,7,29,28,1,68,62,6,6,6,0,179,169,10
S01011810,785,765,20,520,508,12,382,373,9,107,104,3,275,269,6,118,115,3,33,32,1,85,83,2,20,20,0,265,257,8
S01011811,851,822,29,576,556,20,404,392,12,121,118,3,283,274,9,154,148,6,31,29,2,123,119,4,18,16,2,275,266,9
S01011812,545,531,14,365,357,8,247,245,2,77,77,0,170,168,2,108,103,5,35,34,1,73,69,4,10,9,1,180,174,6
S01011813,625,610,15,444,430,14,332,323,9,87,84,3,245,239,6,98,94,4,20,19,1,78,75,3,14,13,1,181,180,1
S01011814,575,557,18,419,403,16,302,294,8,104,103,1,198,191,7,105,97,8,26,21,5,79,76,3,12,12,0,156,154,2
S01011815,614,592,22,459,439,20,365,348,17,130,122,8,235,226,9,79,77,2,24,23,1,55,54,1,15,14,1,155,153,2
S01011816,530,522,8,361,356,5,293,290,3,97,96,1,196,194,2,62,60,2,14,14,0,48,46,2,6,6,0,169,166,3
S01011817,592,581,11,442,433,9,345,339,6,93,91,2,252,248,4,85,82,3,16,15,1,69,67,2,12,12,0,150,148,2
S01011818,894,874,20,626,611,15,547,534,13,187,182,5,360,352,8,62,61,1,23,22,1,39,39,0,17,16,1,268,263,5
S01011819,729,703,26,486,463,23,424,402,22,120,116,4,304,286,18,42,41,1,13,13,0,29,28,1,20,20,0,243,240,3
S01011820,640,623,17,390,376,14,320,309,11,115,112,3,205,197,8,55,52,3,15,14,1,40,38,2,15,15,0,250,247,3
S01011821,354,343,11,242,234,8,200,192,8,55,53,2,145,139,6,20,20,0,7,7,0,13,13,0,22,22,0,112,109,3
S01011822,615,585,30,430,404,26,353,331,22,116,109,7,237,222,15,51,47,4,18,18,0,33,29,4,26,26,0,185,181,4
S01011823,506,481,25,335,317,18,291,278,13,89,85,4,202,193,9,35,31,4,10,7,3,25,24,1,9,8,1,171,164,7
S01011824,553,538,15,404,394,10,344,335,9,108,107,1,236,228,8,36,35,1,18,17,1,18,18,0,24,24,0,149,144,5
S01011825,462,449,13,294,285,9,248,243,5,71,68,3,177,175,2,37,34,3,8,7,1,29,27,2,9,8,1,168,164,4
S01011826,550,517,33,388,362,26,328,303,25,92,89,3,236,214,22,44,44,0,13,13,0,31,31,0,16,15,1,162,155,7
S01011827,472,451,21,238,224,14,155,147,8,52,49,3,103,98,5,68,62,6,17,15,2,51,47,4,15,15,0,234,227,7
S01011828,764,745,19,507,495,12,327,319,8,119,118,1,208,201,7,162,158,4,49,47,2,113,111,2,18,18,0,257,250,7
S01011829,357,343,14,251,239,12,184,177,7,63,60,3,121,117,4,60,56,4,17,17,0,43,39,4,7,6,1,106,104,2
S01011830,480,446,34,305,281,24,159,144,15,57,51,6,102,93,9,130,121,9,29,24,5,101,97,4,16,16,0,175,165,10
S01011831,754,714,40,422,400,22,226,215,11,109,105,4,117,110,7,173,164,9,45,41,4,128,123,5,23,21,2,332,314,18
S01011832,719,690,29,458,438,20,274,260,14,120,112,8,154,148,6,175,169,6,24,21,3,151,148,3,9,9,0,261,252,9
S01011833,805,776,29,493,476,17,364,353,11,113,109,4,251,244,7,103,98,5,29,27,2,74,71,3,26,25,1,312,300,12
S01011834,376,363,13,261,251,10,206,197,9,55,53,2,151,144,7,48,47,1,16,15,1,32,32,0,7,7,0,115,112,3
S01011835,549,524,25,403,383,20,297,286,11,72,70,2,225,216,9,85,80,5,24,24,0,61,56,5,21,17,4,146,141,5
S01011836,661,634,27,400,383,17,301,288,13,74,72,2,227,216,11,79,77,2,25,24,1,54,53,1,20,18,2,261,251,10
S01011837,566,542,24,339,323,16,247,237,10,67,66,1,180,171,9,82,76,6,21,20,1,61,56,5,10,10,0,227,219,8
S01011838,693,650,43,429,393,36,349,317,32,85,77,8,264,240,24,65,62,3,21,20,1,44,42,2,15,14,1,264,257,7
S01011839,825,782,43,519,492,27,431,406,25,118,112,6,313,294,19,67,65,2,19,19,0,48,46,2,21,21,0,306,290,16
S01011840,788,744,44,548,519,29,446,421,25,125,117,8,321,304,17,72,69,3,17,16,1,55,53,2,30,29,1,240,225,15
S01011841,745,710,35,483,457,26,384,364,20,111,106,5,273,258,15,69,63,6,17,15,2,52,48,4,30,30,0,262,253,9
S01011842,791,758,33,490,468,22,403,385,18,126,123,3,277,262,15,45,43,2,13,12,1,32,31,1,42,40,2,301,290,11
S01011843,812,764,48,539,506,33,336,317,19,88,83,5,248,234,14,180,171,9,49,44,5,131,127,4,23,18,5,273,258,15
S01011844,611,584,27,361,342,19,274,258,16,88,84,4,186,174,12,77,74,3,30,29,1,47,45,2,10,10,0,250,242,8
S01011845,674,647,27,438,417,21,351,334,17,116,111,5,235,223,12,64,60,4,18,17,1,46,43,3,23,23,0,236,230,6
S01011846,724,685,39,480,451,29,365,343,22,99,94,5,266,249,17,99,93,6,24,22,2,75,71,4,16,15,1,244,234,10
S01011847,343,321,22,229,211,18,162,149,13,42,37,5,120,112,8,63,58,5,18,16,2,45,42,3,4,4,0,114,110,4
S01011848,588,553,35,399,371,28,286,265,21,98,88,10,188,177,11,103,97,6,24,20,4,79,77,2,10,9,1,189,182,7
S01011849,650,615,35,468,439,29,376,353,23,83,80,3,293,273,20,73,67,6,19,15,4,54,52,2,19,19,0,182,176,6
S01011850,583,532,51,381,342,39,277,241,36,74,66,8,203,175,28,90,89,1,25,25,0,65,64,1,14,12,2,202,190,12
S01011851,735,703,32,484,459,25,345,332,13,107,101,6,238,231,7,101,93,8,28,26,2,73,67,6,38,34,4,251,244,7
S01011852,847,782,65,519,463,56,404,351,53,113,103,10,291,248,43,86,84,2,16,16,0,70,68,2,29,28,1,328,319,9
S01011853,571,545,26,407,385,22,318,301,17,82,78,4,236,223,13,62,59,3,16,16,0,46,43,3,27,25,2,164,160,4
S01011854,712,642,70,397,339,58,320,275,45,104,93,11,216,182,34,62,51,11,21,19,2,41,32,9,15,13,2,315,303,12
S01011855,706,659,47,442,406,36,371,338,33,119,112,7,252,226,26,50,48,2,11,11,0,39,37,2,21,20,1,264,253,11
S01011856,597,571,26,298,281,17,210,196,14,74,69,5,136,127,9,75,74,1,29,29,0,46,45,1,13,11,2,299,290,9
S01011857,572,549,23,361,349,12,250,242,8,79,78,1,171,164,7,101,97,4,41,40,1,60,57,3,10,10,0,211,200,11
S01011858,753,714,39,351,330,21,247,232,15,101,94,7,146,138,8,93,88,5,30,28,2,63,60,3,11,10,1,402,384,18
S01011859,752,720,32,340,321,19,251,239,12,92,88,4,159,151,8,73,66,7,24,21,3,49,45,4,16,16,0,412,399,13
S01011860,529,419,110,417,311,106,315,217,98,69,53,16,246,164,82,81,76,5,32,29,3,49,47,2,21,18,3,112,108,4
S01011861,636,582,54,397,357,40,259,232,27,78,75,3,181,157,24,120,110,10,26,23,3,94,87,7,18,15,3,239,225,14
S01011862,827,758,69,425,377,48,339,299,40,91,78,13,248,221,27,67,59,8,16,14,2,51,45,6,19,19,0,402,381,21
S01011863,722,669,53,374,344,30,277,251,26,84,78,6,193,173,20,70,68,2,24,24,0,46,44,2,27,25,2,348,325,23
S01011864,612,579,33,349,328,21,265,251,14,90,85,5,175,166,9,73,67,6,20,18,2,53,49,4,11,10,1,263,251,12
S01011865,516,488,28,297,276,21,227,210,17,62,55,7,165,155,10,49,47,2,14,14,0,35,33,2,21,19,2,219,212,7
S01011866,636,588,48,407,367,40,317,286,31,104,93,11,213,193,20,69,61,8,27,20,7,42,41,1,21,20,1,229,221,8
S01011867,766,702,64,490,444,46,418,378,40,133,119,14,285,259,26,53,49,4,13,13,0,40,36,4,19,17,2,276,258,18
S01011868,717,652,65,451,401,50,353,309,44,114,103,11,239,206,33,74,69,5,23,22,1,51,47,4,24,23,1,266,251,15
S01011869,679,604,75,455,397,58,351,307,44,91,75,16,260,232,28,81,70,11,30,23,7,51,47,4,23,20,3,224,207,17
S01011870,565,525,40,343,320,23,273,250,23,82,77,5,191,173,18,45,45,0,10,10,0,35,35,0,25,25,0,222,205,17
S01011871,866,797,69,606,546,60,425,378,47,130,119,11,295,259,36,149,141,8,39,38,1,110,103,7,32,27,5,260,251,9
S01011872,723,686,37,499,472,27,344,326,18,99,95,4,245,231,14,136,128,8,40,35,5,96,93,3,19,18,1,224,214,10
S01011873,646,610,36,463,435,28,373,352,21,96,92,4,277,260,17,72,67,5,22,22,0,50,45,5,18,16,2,183,175,8
S01011874,542,527,15,379,369,10,310,300,10,89,83,6,221,217,4,58,58,0,11,11,0,47,47,0,11,11,0,163,158,5
S01011875,571,554,17,317,305,12,262,251,11,61,58,3,201,193,8,37,37,0,12,12,0,25,25,0,18,17,1,254,249,5
S01011876,770,722,48,517,481,36,386,358,28,120,109,11,266,249,17,112,107,5,28,25,3,84,82,2,19,16,3,253,241,12
S01011877,469,445,24,293,278,15,232,221,11,69,67,2,163,154,9,52,48,4,16,14,2,36,34,2,9,9,0,176,167,9
S01011878,976,859,117,543,508,35,419,391,28,123,106,17,296,285,11,103,99,4,32,30,2,71,69,2,21,18,3,433,351,82
S01011879,444,423,21,294,282,12,217,209,8,62,61,1,155,148,7,57,55,2,13,13,0,44,42,2,20,18,2,150,141,9
S01011880,482,462,20,313,299,14,234,223,11,61,58,3,173,165,8,68,66,2,26,24,2,42,42,0,11,10,1,169,163,6
S01011881,664,644,20,435,424,11,365,356,9,112,112,0,253,244,9,54,52,2,16,15,1,38,37,1,16,16,0,229,220,9
S01011882,810,797,13,480,470,10,407,401,6,139,137,2,268,264,4,45,43,2,10,10,0,35,33,2,28,26,2,330,327,3
S01011883,916,828,88,580,536,44,478,444,34,135,124,11,343,320,23,84,77,7,20,17,3,64,60,4,18,15,3,336,292,44
S01011884,347,327,20,244,234,10,177,170,7,52,50,2,125,120,5,59,56,3,16,15,1,43,41,2,8,8,0,103,93,10
S01011885,527,496,31,386,365,21,303,287,16,79,75,4,224,212,12,79,75,4,25,22,3,54,53,1,4,3,1,141,131,10
S01011886,703,660,43,459,427,32,375,345,30,126,111,15,249,234,15,63,61,2,13,12,1,50,49,1,21,21,0,244,233,11
S01011887,468,454,14,306,293,13,247,237,10,77,71,6,170,166,4,43,40,3,10,8,2,33,32,1,16,16,0,162,161,1
S01011888,669,607,62,461,420,41,385,353,32,155,140,15,230,213,17,39,35,4,10,8,2,29,27,2,37,32,5,208,187,21
S01011889,779,736,43,426,396,30,353,329,24,90,84,6,263,245,18,57,52,5,13,13,0,44,39,5,16,15,1,353,340,13
S01011890,570,533,37,396,374,22,336,315,21,102,94,8,234,221,13,41,40,1,10,10,0,31,30,1,19,19,0,174,159,15
S01011891,1121,1064,57,410,380,30,345,315,30,102,93,9,243,222,21,28,28,0,16,16,0,12,12,0,37,37,0,711,684,27
S01011892,817,745,72,649,583,66,563,508,55,125,115,10,438,393,45,59,51,8,16,15,1,43,36,7,27,24,3,168,162,6
S01011893,798,747,51,542,501,41,466,433,33,103,97,6,363,336,27,43,40,3,12,11,1,31,29,2,33,28,5,256,246,10
S01011894,531,485,46,368,331,37,318,284,34,92,78,14,226,206,20,31,29,2,7,7,0,24,22,2,19,18,1,163,154,9
S01011895,579,558,21,291,278,13,215,206,9,63,60,3,152,146,6,62,58,4,16,12,4,46,46,0,14,14,0,288,280,8
S01011896,727,702,25,451,432,19,384,371,13,103,101,2,281,270,11,49,43,6,15,14,1,34,29,5,18,18,0,276,270,6
S01011897,826,790,36,510,489,21,420,404,16,114,109,5,306,295,11,64,60,4,20,19,1,44,41,3,26,25,1,316,301,15
S01011898,520,497,23,368,354,14,300,289,11,100,98,2,200,191,9,58,56,2,11,11,0,47,45,2,10,9,1,152,143,9
S01011899,662,633,29,389,373,16,351,339,12,104,102,2,247,237,10,29,25,4,7,7,0,22,18,4,9,9,0,273,260,13
S01011900,602,566,36,403,381,22,349,331,18,104,100,4,245,231,14,41,37,4,19,17,2,22,20,2,13,13,0,199,185,14
S01011901,729,688,41,474,444,30,377,359,18,89,83,6,288,276,12,70,62,8,20,16,4,50,46,4,27,23,4,255,244,11
S01011902,907,853,54,529,490,39,452,421,31,132,123,9,320,298,22,67,59,8,20,16,4,47,43,4,10,10,0,378,363,15
S01011903,678,652,26,388,377,11,324,313,11,93,88,5,231,225,6,49,49,0,18,18,0,31,31,0,15,15,0,290,275,15
S01011904,698,659,39,396,371,25,345,322,23,98,92,6,247,230,17,44,42,2,15,15,0,29,27,2,7,7,0,302,288,14
S01011905,641,603,38,434,407,27,364,345,19,127,124,3,237,221,16,59,52,7,16,15,1,43,37,6,11,10,1,207,196,11
S01011906,370,351,19,241,226,15,207,201,6,57,56,1,150,145,5,23,15,8,7,6,1,16,9,7,11,10,1,129,125,4
S01011907,632,592,40,463,431,32,412,391,21,89,84,5,323,307,16,35,26,9,9,8,1,26,18,8,16,14,2,169,161,8
S01011908,294,280,14,234,225,9,218,210,8,58,56,2,160,154,6,9,9,0,0,0,0,9,9,0,7,6,1,60,55,5
S01011909,783,738,45,702,669,33,632,606,26,145,136,9,487,470,17,50,45,5,13,11,2,37,34,3,20,18,2,81,69,12
S01011910,720,665,55,457,419,38,374,341,33,121,113,8,253,228,25,30,28,2,9,9,0,21,19,2,53,50,3,263,246,17
S01011911,538,509,29,342,323,19,300,284,16,92,86,6,208,198,10,22,21,1,5,4,1,17,17,0,20,18,2,196,186,10
S01011912,578,530,48,387,353,34,341,313,28,96,86,10,245,227,18,27,24,3,9,9,0,18,15,3,19,16,3,191,177,14
S01011913,581,555,26,383,364,19,323,307,16,133,127,6,190,180,10,25,24,1,9,9,0,16,15,1,35,33,2,198,191,7
S01011914,621,566,55,432,388,44,335,301,34,126,113,13,209,188,21,42,36,6,14,12,2,28,24,4,55,51,4,189,178,11
S01011915,643,597,46,419,381,38,361,330,31,122,110,12,239,220,19,28,25,3,3,2,1,25,23,2,30,26,4,224,216,8
S01011916,459,429,30,300,277,23,252,231,21,76,67,9,176,164,12,20,18,2,4,3,1,16,15,1,28,28,0,159,152,7
S01011917,421,393,28,270,249,21,231,213,18,75,70,5,156,143,13,17,15,2,4,3,1,13,12,1,22,21,1,151,144,7
S01011918,582,513,69,379,320,59,286,238,48,98,80,18,188,158,30,31,24,7,11,5,6,20,19,1,62,58,4,203,193,10
S01011919,758,653,105,543,471,72,443,389,54,126,103,23,317,286,31,32,26,6,8,6,2,24,20,4,68,56,12,215,182,33
S01011920,521,471,50,359,327,32,304,275,29,97,90,7,207,185,22,24,22,2,9,8,1,15,14,1,31,30,1,162,144,18
S01011921,465,432,33,303,279,24,254,236,18,74,72,2,180,164,16,22,17,5,7,6,1,15,11,4,27,26,1,162,153,9
S01011922,620,576,44,424,391,33,362,334,28,97,89,8,265,245,20,21,19,2,11,10,1,10,9,1,41,38,3,196,185,11
S01011923,730,653,77,457,407,50,380,341,39,120,114,6,260,227,33,28,19,9,7,4,3,21,15,6,49,47,2,273,246,27
S01011924,354,324,30,235,209,26,200,181,19,61,53,8,139,128,11,17,12,5,7,6,1,10,6,4,18,16,2,119,115,4
S01011925,551,503,48,462,425,37,387,359,28,96,87,9,291,272,19,58,50,8,11,8,3,47,42,5,17,16,1,89,78,11
S01011926,523,486,37,355,329,26,301,282,19,92,88,4,209,194,15,27,22,5,7,7,0,20,15,5,27,25,2,168,157,11
S01011927,502,480,22,320,302,18,272,256,16,89,82,7,183,174,9,21,20,1,2,2,0,19,18,1,27,26,1,182,178,4
S01011928,605,579,26,387,367,20,328,312,16,99,97,2,229,215,14,34,32,2,2,1,1,32,31,1,25,23,2,218,212,6
S01011929,588,548,40,378,346,32,342,313,29,99,88,11,243,225,18,12,10,2,4,4,0,8,6,2,24,23,1,210,202,8
S01011930,508,469,39,338,311,27,295,275,20,94,87,7,201,188,13,24,18,6,7,5,2,17,13,4,19,18,1,170,158,12
S01011931,474,434,40,317,287,30,251,229,22,85,76,9,166,153,13,23,19,4,6,5,1,17,14,3,43,39,4,157,147,10
S01011932,512,414,98,391,321,70,355,291,64,72,58,14,283,233,50,18,14,4,3,3,0,15,11,4,18,16,2,121,93,28
S01011933,561,463,98,395,313,82,341,267,74,77,64,13,264,203,61,28,23,5,9,6,3,19,17,2,26,23,3,166,150,16
S01011934,941,734,207,589,461,128,477,376,101,135,102,33,342,274,68,60,47,13,18,15,3,42,32,10,52,38,14,352,273,79
S01011935,751,523,228,549,350,199,441,271,170,115,72,43,326,199,127,64,47,17,17,10,7,47,37,10,44,32,12,202,173,29
S01011936,684,589,95,441,366,75,352,290,62,91,70,21,261,220,41,47,43,4,14,13,1,33,30,3,42,33,9,243,223,20
S01011937,615,501,114,424,325,99,361,278,83,88,58,30,273,220,53,34,29,5,10,9,1,24,20,4,29,18,11,191,176,15
S01011938,611,511,100,406,325,81,327,261,66,69,49,20,258,212,46,59,49,10,13,12,1,46,37,9,20,15,5,205,186,19
S01011939,666,560,106,470,397,73,387,321,66,102,76,26,285,245,40,31,28,3,8,8,0,23,20,3,52,48,4,196,163,33
S01011940,381,274,107,265,173,92,225,146,79,41,25,16,184,121,63,16,11,5,4,2,2,12,9,3,24,16,8,116,101,15
S01011941,650,464,186,524,361,163,437,294,143,110,72,38,327,222,105,35,28,7,12,9,3,23,19,4,52,39,13,126,103,23
S01011942,784,621,163,513,397,116,436,337,99,120,93,27,316,244,72,36,30,6,7,7,0,29,23,6,41,30,11,271,224,47
S01011943,1055,849,206,691,517,174,533,392,141,158,102,56,375,290,85,44,30,14,11,9,2,33,21,12,114,95,19,364,332,32
S01011944,384,355,29,223,207,16,154,141,13,46,42,4,108,99,9,57,55,2,22,22,0,35,33,2,12,11,1,161,148,13
S01011945,699,668,31,355,338,17,273,260,13,89,86,3,184,174,10,76,72,4,15,15,0,61,57,4,6,6,0,344,330,14
S01011946,671,627,44,369,335,34,283,253,30,93,82,11,190,171,19,46,43,3,18,16,2,28,27,1,40,39,1,302,292,10
S01011947,415,395,20,228,212,16,203,190,13,70,64,6,133,126,7,18,15,3,6,5,1,12,10,2,7,7,0,187,183,4
S01011948,996,934,62,520,484,36,393,361,32,117,108,9,276,253,23,97,95,2,21,21,0,76,74,2,30,28,2,476,450,26
S01011949,713,690,23,318,309,9,258,253,5,82,82,0,176,171,5,47,44,3,19,18,1,28,26,2,13,12,1,395,381,14
S01011950,669,637,32,321,305,16,272,257,15,77,72,5,195,185,10,37,36,1,12,11,1,25,25,0,12,12,0,348,332,16
S01011951,563,543,20,341,328,13,274,263,11,83,79,4,191,184,7,52,51,1,16,16,0,36,35,1,15,14,1,222,215,7
S01011952,393,381,12,240,232,8,203,196,7,52,50,2,151,146,5,31,31,0,10,10,0,21,21,0,6,5,1,153,149,4
S01011953,609,582,27,372,355,17,304,290,14,93,88,5,211,202,9,56,54,2,15,15,0,41,39,2,12,11,1,237,227,10
S01011954,402,386,16,252,241,11,215,207,8,67,64,3,148,143,5,17,17,0,6,6,0,11,11,0,20,17,3,150,145,5
S01011955,836,809,27,490,473,17,391,380,11,122,118,4,269,262,7,70,64,6,18,18,0,52,46,6,29,29,0,346,336,10
S01011956,783,739,44,545,517,28,463,440,23,135,127,8,328,313,15,68,65,3,16,16,0,52,49,3,14,12,2,238,222,16
S01011957,765,579,186,526,358,168,419,260,159,91,67,24,328,193,135,84,76,8,12,12,0,72,64,8,23,22,1,239,221,18
S01011958,903,871,32,565,538,27,414,391,23,109,105,4,305,286,19,136,132,4,36,34,2,100,98,2,15,15,0,338,333,5
S01011959,750,720,30,445,427,18,344,332,12,99,98,1,245,234,11,88,82,6,24,20,4,64,62,2,13,13,0,305,293,12
S01011960,637,589,48,477,437,40,400,361,39,104,91,13,296,270,26,69,68,1,23,22,1,46,46,0,8,8,0,160,152,8
S01011961,573,545,28,424,403,21,372,354,18,97,92,5,275,262,13,38,36,2,15,14,1,23,22,1,14,13,1,149,142,7
S01011962,541,512,29,378,360,18,298,285,13,61,60,1,237,225,12,71,68,3,21,20,1,50,48,2,9,7,2,163,152,11
S01011963,414,394,20,261,246,15,222,212,10,49,47,2,173,165,8,25,21,4,10,7,3,15,14,1,14,13,1,153,148,5
S01011964,827,779,48,552,511,41,470,432,38,108,101,7,362,331,31,52,49,3,8,7,1,44,42,2,30,30,0,275,268,7
S01011965,678,658,20,343,330,13,293,283,10,89,88,1,204,195,9,36,35,1,9,8,1,27,27,0,14,12,2,335,328,7
S01011966,675,627,48,413,381,32,336,310,26,99,93,6,237,217,20,55,52,3,14,12,2,41,40,1,22,19,3,262,246,16
S01011967,963,916,47,576,543,33,432,404,28,108,106,2,324,298,26,133,128,5,24,23,1,109,105,4,11,11,0,387,373,14
S01011968,832,772,60,550,499,51,452,411,41,114,112,2,338,299,39,59,54,5,10,9,1,49,45,4,39,34,5,282,273,9
S01011969,873,843,30,521,500,21,451,431,20,117,114,3,334,317,17,47,47,0,14,14,0,33,33,0,23,22,1,352,343,9
S01011970,761,670,91,535,457,78,441,369,72,109,100,9,332,269,63,52,47,5,12,10,2,40,37,3,42,41,1,226,213,13
S01011971,445,420,25,294,276,18,220,208,12,57,55,2,163,153,10,58,54,4,11,10,1,47,44,3,16,14,2,151,144,7
S01011972,978,931,47,624,588,36,437,411,26,124,116,8,313,295,18,159,151,8,45,41,4,114,110,4,28,26,2,354,343,11
S01011973,547,521,26,345,325,20,262,248,14,69,65,4,193,183,10,66,62,4,19,17,2,47,45,2,17,15,2,202,196,6
S01011974,649,589,60,427,383,44,335,296,39,90,83,7,245,213,32,81,77,4,23,20,3,58,57,1,11,10,1,222,206,16
S01011975,393,376,17,238,226,12,179,170,9,46,44,2,133,126,7,47,45,2,12,12,0,35,33,2,12,11,1,155,150,5
S01011976,645,614,31,394,371,23,300,282,18,76,72,4,224,210,14,71,66,5,14,13,1,57,53,4,23,23,0,251,243,8
S01011977,965,903,62,588,541,47,438,402,36,130,119,11,308,283,25,113,105,8,27,25,2,86,80,6,37,34,3,377,362,15
S01011978,587,562,25,304,283,21,246,230,16,72,62,10,174,168,6,36,34,2,16,15,1,20,19,1,22,19,3,283,279,4
S01011979,835,773,62,536,484,52,415,370,45,109,103,6,306,267,39,111,106,5,29,26,3,82,80,2,10,8,2,299,289,10
S01011980,342,328,14,217,205,12,146,137,9,30,26,4,116,111,5,60,57,3,11,11,0,49,46,3,11,11,0,125,123,2
S01011981,789,712,77,542,486,56,371,329,42,102,97,5,269,232,37,153,143,10,44,41,3,109,102,7,18,14,4,247,226,21
S01011982,786,731,55,539,495,44,367,331,36,122,113,9,245,218,27,150,142,8,33,32,1,117,110,7,22,22,0,247,236,11
S01011983,657,603,54,393,351,42,266,231,35,81,73,8,185,158,27,105,99,6,27,26,1,78,73,5,22,21,1,264,252,12
S01011984,539,482,57,320,273,47,261,219,42,79,69,10,182,150,32,36,32,4,11,9,2,25,23,2,23,22,1,219,209,10
S01011985,623,582,41,388,359,29,286,264,22,88,83,5,198,181,17,85,79,6,18,15,3,67,64,3,17,16,1,235,223,12
S01011986,530,487,43,319,283,36,235,205,30,72,68,4,163,137,26,45,39,6,9,7,2,36,32,4,39,39,0,211,204,7
S01011987,771,731,40,471,437,34,385,359,26,133,128,5,252,231,21,56,52,4,22,20,2,34,32,2,30,26,4,300,294,6
S01011988,602,580,22,296,284,12,232,224,8,70,67,3,162,157,5,56,52,4,12,9,3,44,43,1,8,8,0,306,296,10
S01011989,719,691,28,440,420,20,354,341,13,111,108,3,243,233,10,68,62,6,23,21,2,45,41,4,18,17,1,279,271,8
S01011990,654,617,37,335,315,20,259,242,17,78,73,5,181,169,12,54,51,3,18,17,1,36,34,2,22,22,0,319,302,17
S01011991,594,572,22,372,356,16,305,290,15,93,88,5,212,202,10,51,50,1,16,16,0,35,34,1,16,16,0,222,216,6
S01011992,856,799,57,460,433,27,352,332,20,103,97,6,249,235,14,84,78,6,18,16,2,66,62,4,24,23,1,396,366,30
S01011993,715,614,101,446,361,85,385,311,74,106,89,17,279,222,57,31,24,7,13,10,3,18,14,4,30,26,4,269,253,16
S01011994,655,614,41,272,261,11,188,183,5,69,68,1,119,115,4,71,65,6,22,21,1,49,44,5,13,13,0,383,353,30
S01011995,664,626,38,470,445,25,346,325,21,92,89,3,254,236,18,110,108,2,23,23,0,87,85,2,14,12,2,194,181,13
S01011996,462,433,29,289,268,21,234,215,19,69,66,3,165,149,16,36,35,1,16,16,0,20,19,1,19,18,1,173,165,8
S01011997,745,717,28,499,479,20,405,389,16,107,103,4,298,286,12,65,61,4,20,20,0,45,41,4,29,29,0,246,238,8
S01011998,426,410,16,256,247,9,192,185,7,58,57,1,134,128,6,55,54,1,11,11,0,44,43,1,9,8,1,170,163,7
S01011999,527,500,27,376,355,21,286,272,14,88,86,2,198,186,12,79,74,5,25,23,2,54,51,3,11,9,2,151,145,6
S01012000,375,365,10,257,249,8,214,206,8,55,51,4,159,155,4,39,39,0,7,7,0,32,32,0,4,4,0,118,116,2
S01012001,522,503,19,352,336,16,282,271,11,74,72,2,208,199,9,55,50,5,11,10,1,44,40,4,15,15,0,170,167,3
S01012002,484,471,13,259,255,4,214,210,4,59,58,1,155,152,3,36,36,0,7,7,0,29,29,0,9,9,0,225,216,9
S01012003,457,448,9,310,304,6,255,251,4,80,78,2,175,173,2,32,30,2,9,9,0,23,21,2,23,23,0,147,144,3
S01012004,755,728,27,448,431,17,369,354,15,112,104,8,257,250,7,64,64,0,16,16,0,48,48,0,15,13,2,307,297,10
S01012005,675,643,32,500,473,27,420,398,22,123,116,7,297,282,15,54,50,4,11,9,2,43,41,2,26,25,1,175,170,5
S01012006,745,632,113,419,372,47,305,264,41,76,70,6,229,194,35,96,90,6,17,16,1,79,74,5,18,18,0,326,260,66
S01012007,704,624,80,412,355,57,313,273,40,83,76,7,230,197,33,81,66,15,20,18,2,61,48,13,18,16,2,292,269,23
S01012008,804,709,95,542,465,77,395,339,56,114,105,9,281,234,47,125,108,17,42,39,3,83,69,14,22,18,4,262,244,18
S01012009,618,559,59,444,391,53,335,292,43,75,71,4,260,221,39,97,89,8,29,27,2,68,62,6,12,10,2,174,168,6
S01012010,1080,904,176,627,471,156,486,341,145,104,84,20,382,257,125,127,120,7,26,25,1,101,95,6,14,10,4,453,433,20
S01012011,960,836,124,619,524,95,479,403,76,141,124,17,338,279,59,115,99,16,23,19,4,92,80,12,25,22,3,341,312,29
S01012012,588,559,29,306,281,25,213,192,21,56,52,4,157,140,17,78,75,3,17,16,1,61,59,2,15,14,1,282,278,4
S01012013,649,593,56,416,371,45,275,244,31,79,70,9,196,174,22,128,114,14,28,25,3,100,89,11,13,13,0,233,222,11
S01012014,715,621,94,464,383,81,353,285,68,109,99,10,244,186,58,85,74,11,24,23,1,61,51,10,26,24,2,251,238,13
S01012015,780,733,47,486,449,37,370,339,31,112,105,7,258,234,24,91,85,6,20,16,4,71,69,2,25,25,0,294,284,10
S01012016,740,646,94,510,425,85,369,294,75,98,80,18,271,214,57,119,109,10,36,33,3,83,76,7,22,22,0,230,221,9
S01012017,432,392,40,268,246,22,137,124,13,45,45,0,92,79,13,118,109,9,35,31,4,83,78,5,13,13,0,164,146,18
S01012018,725,662,63,478,431,47,327,290,37,99,88,11,228,202,26,130,120,10,31,27,4,99,93,6,21,21,0,247,231,16
S01012019,661,637,24,466,444,22,385,365,20,93,90,3,292,275,17,49,48,1,10,10,0,39,38,1,32,31,1,195,193,2
S01012020,586,559,27,320,301,19,272,254,18,87,83,4,185,171,14,29,28,1,7,7,0,22,21,1,19,19,0,266,258,8
S01012021,472,463,9,310,304,6,246,243,3,79,79,0,167,164,3,39,37,2,15,14,1,24,23,1,25,24,1,162,159,3
S01012022,529,520,9,359,352,7,297,294,3,83,82,1,214,212,2,46,43,3,12,11,1,34,32,2,16,15,1,170,168,2
S01012023,449,428,21,309,292,17,198,186,12,55,51,4,143,135,8,96,92,4,21,20,1,75,72,3,15,14,1,140,136,4
S01012024,690,668,22,495,485,10,402,393,9,88,87,1,314,306,8,61,60,1,14,14,0,47,46,1,32,32,0,195,183,12
S01012025,563,553,10,379,373,6,322,318,4,88,87,1,234,231,3,37,35,2,9,9,0,28,26,2,20,20,0,184,180,4
S01012026,465,441,24,364,345,19,309,294,15,88,84,4,221,210,11,47,44,3,12,12,0,35,32,3,8,7,1,101,96,5
S01012027,841,801,40,467,437,30,370,345,25,83,73,10,287,272,15,77,74,3,14,14,0,63,60,3,20,18,2,374,364,10
S01012028,780,749,31,489,471,18,395,382,13,107,104,3,288,278,10,67,62,5,20,20,0,47,42,5,27,27,0,291,278,13
S01012029,1078,1048,30,586,568,18,464,449,15,132,123,9,332,326,6,89,86,3,17,15,2,72,71,1,33,33,0,492,480,12
S01012030,534,516,18,392,377,15,290,277,13,90,86,4,200,191,9,86,84,2,16,15,1,70,69,1,16,16,0,142,139,3
S01012031,461,444,17,266,255,11,207,198,9,55,51,4,152,147,5,49,48,1,12,12,0,37,36,1,10,9,1,195,189,6
S01012032,301,288,13,200,189,11,145,137,8,46,42,4,99,95,4,48,45,3,8,8,0,40,37,3,7,7,0,101,99,2
S01012033,696,683,13,415,405,10,353,346,7,97,95,2,256,251,5,36,33,3,10,8,2,26,25,1,26,26,0,281,278,3
S01012034,658,636,22,411,398,13,330,318,12,87,81,6,243,237,6,53,52,1,15,15,0,38,37,1,28,28,0,247,238,9
S01012035,772,756,16,469,458,11,367,361,6,98,96,2,269,265,4,63,60,3,23,21,2,40,39,1,39,37,2,303,298,5
S01012036,735,712,23,431,419,12,360,350,10,97,95,2,263,255,8,43,42,1,11,11,0,32,31,1,28,27,1,304,293,11
S01012037,762,749,13,445,441,4,358,354,4,84,83,1,274,271,3,20,20,0,6,6,0,14,14,0,67,67,0,317,308,9
S01012038,630,609,21,360,349,11,263,255,8,99,98,1,164,157,7,22,21,1,8,8,0,14,13,1,75,73,2,270,260,10
S01012039,801,776,25,447,437,10,359,349,10,111,105,6,248,244,4,32,32,0,9,9,0,23,23,0,56,56,0,354,339,15
S01012040,558,525,33,385,369,16,330,318,12,82,80,2,248,238,10,34,33,1,7,6,1,27,27,0,21,18,3,173,156,17
S01012041,721,701,20,431,419,12,366,355,11,101,99,2,265,256,9,31,30,1,9,8,1,22,22,0,34,34,0,290,282,8
S01012042,754,737,17,451,441,10,376,368,8,111,109,2,265,259,6,41,40,1,11,10,1,30,30,0,34,33,1,303,296,7
S01012043,687,656,31,424,400,24,338,322,16,114,111,3,224,211,13,28,25,3,8,6,2,20,19,1,58,53,5,263,256,7
S01012044,756,738,18,357,348,9,282,274,8,76,71,5,206,203,3,23,23,0,7,7,0,16,16,0,52,51,1,399,390,9
S01012045,903,865,38,559,538,21,454,437,17,116,113,3,338,324,14,37,35,2,7,7,0,30,28,2,68,66,2,344,327,17
S01012046,571,555,16,289,282,7,230,225,5,70,69,1,160,156,4,15,15,0,2,2,0,13,13,0,44,42,2,282,273,9
S01012047,805,775,30,405,385,20,324,311,13,91,86,5,233,225,8,29,27,2,7,7,0,22,20,2,52,47,5,400,390,10
S01012048,615,590,25,308,290,18,251,237,14,64,57,7,187,180,7,17,17,0,3,3,0,14,14,0,40,36,4,307,300,7
S01012049,575,561,14,360,350,10,306,301,5,75,74,1,231,227,4,28,25,3,9,7,2,19,18,1,26,24,2,215,211,4
S01012050,801,783,18,583,568,15,502,489,13,129,128,1,373,361,12,40,39,1,7,7,0,33,32,1,41,40,1,218,215,3
S01012051,427,412,15,250,241,9,199,193,6,54,53,1,145,140,5,29,26,3,6,5,1,23,21,2,22,22,0,177,171,6
S01012052,763,739,24,459,442,17,401,387,14,104,100,4,297,287,10,25,24,1,5,4,1,20,20,0,33,31,2,304,297,7
S01012053,750,738,12,428,424,4,352,348,4,87,87,0,265,261,4,19,19,0,8,8,0,11,11,0,57,57,0,322,314,8
S01012054,650,595,55,422,377,45,305,271,34,95,90,5,210,181,29,23,18,5,10,7,3,13,11,2,94,88,6,228,218,10
S01012055,735,714,21,405,395,10,336,329,7,96,95,1,240,234,6,24,22,2,5,4,1,19,18,1,45,44,1,330,319,11
S01012056,671,652,19,388,383,5,323,321,2,86,84,2,237,237,0,42,39,3,12,11,1,30,28,2,23,23,0,283,269,14
S01012057,669,649,20,407,393,14,359,347,12,107,103,4,252,244,8,31,29,2,4,4,0,27,25,2,17,17,0,262,256,6
S01012058,633,612,21,381,368,13,313,306,7,90,88,2,223,218,5,48,43,5,9,9,0,39,34,5,20,19,1,252,244,8
S01012059,706,686,20,401,389,12,327,319,8,116,113,3,211,206,5,38,36,2,12,11,1,26,25,1,36,34,2,305,297,8
S01012060,713,697,16,411,401,10,332,324,8,88,85,3,244,239,5,33,32,1,8,7,1,25,25,0,46,45,1,302,296,6
S01012061,830,801,29,514,497,17,440,425,15,106,101,5,334,324,10,41,40,1,12,12,0,29,28,1,33,32,1,316,304,12
S01012062,692,657,35,510,484,26,434,415,19,122,118,4,312,297,15,53,47,6,11,9,2,42,38,4,23,22,1,182,173,9
S01012063,406,382,24,312,294,18,259,242,17,60,56,4,199,186,13,30,29,1,6,6,0,24,23,1,23,23,0,94,88,6
S01012064,473,441,32,278,251,27,185,166,19,67,60,7,118,106,12,9,7,2,5,3,2,4,4,0,84,78,6,195,190,5
S01012065,416,388,28,216,194,22,149,133,16,75,68,7,74,65,9,10,7,3,3,2,1,7,5,2,57,54,3,200,194,6
S01012066,635,574,61,412,365,47,340,298,42,106,92,14,234,206,28,21,20,1,8,8,0,13,12,1,51,47,4,223,209,14
S01012067,419,405,14,241,232,9,171,163,8,67,65,2,104,98,6,9,9,0,4,4,0,5,5,0,61,60,1,178,173,5
S01012068,433,411,22,183,169,14,121,110,11,55,51,4,66,59,7,6,5,1,3,3,0,3,2,1,56,54,2,250,242,8
S01012069,403,387,16,230,215,15,164,154,10,43,39,4,121,115,6,15,15,0,3,3,0,12,12,0,51,46,5,173,172,1
S01012070,615,548,67,323,274,49,234,193,41,69,59,10,165,134,31,16,10,6,6,3,3,10,7,3,73,71,2,292,274,18
S01012071,915,791,124,518,427,91,390,317,73,117,96,21,273,221,52,36,27,9,9,6,3,27,21,6,92,83,9,397,364,33
S01012072,971,891,80,538,477,61,403,354,49,117,107,10,286,247,39,34,28,6,8,7,1,26,21,5,101,95,6,433,414,19
S01012073,564,516,48,411,383,28,352,328,24,63,59,4,289,269,20,28,28,0,6,6,0,22,22,0,31,27,4,153,133,20
S01012074,588,553,35,444,418,26,378,355,23,86,81,5,292,274,18,38,38,0,4,4,0,34,34,0,28,25,3,144,135,9
S01012075,582,573,9,484,478,6,400,396,4,104,104,0,296,292,4,47,46,1,8,8,0,39,38,1,37,36,1,98,95,3
S01012076,615,603,12,386,379,7,332,326,6,78,78,0,254,248,6,31,31,0,6,6,0,25,25,0,23,22,1,229,224,5
S01012077,587,558,29,389,364,25,325,303,22,85,82,3,240,221,19,17,16,1,4,4,0,13,12,1,47,45,2,198,194,4
S01012078,783,752,31,515,495,20,439,420,19,116,115,1,323,305,18,34,34,0,7,7,0,27,27,0,42,41,1,268,257,11
S01012079,763,739,24,446,435,11,353,345,8,112,110,2,241,235,6,32,29,3,10,10,0,22,19,3,61,61,0,317,304,13
S01012080,564,514,50,368,330,38,294,265,29,108,99,9,186,166,20,18,15,3,4,4,0,14,11,3,56,50,6,196,184,12
S01012081,581,561,20,356,345,11,266,256,10,84,82,2,182,174,8,21,21,0,4,4,0,17,17,0,69,68,1,225,216,9
S01012082,512,496,16,289,278,11,229,220,9,66,60,6,163,160,3,14,12,2,5,4,1,9,8,1,46,46,0,223,218,5
S01012083,643,632,11,319,314,5,254,250,4,59,59,0,195,191,4,16,16,0,4,4,0,12,12,0,49,48,1,324,318,6
S01012084,487,473,14,331,320,11,286,277,9,78,73,5,208,204,4,26,26,0,7,7,0,19,19,0,19,17,2,156,153,3
S01012085,588,577,11,386,380,6,343,337,6,88,88,0,255,249,6,22,22,0,5,5,0,17,17,0,21,21,0,202,197,5
S01012086,750,727,23,451,433,18,371,356,15,105,99,6,266,257,9,15,15,0,3,3,0,12,12,0,65,62,3,299,294,5
S01012087,608,598,10,350,345,5,296,293,3,89,89,0,207,204,3,15,14,1,5,5,0,10,9,1,39,38,1,258,253,5
S01012088,555,535,20,423,406,17,356,343,13,93,88,5,263,255,8,33,31,2,6,6,0,27,25,2,34,32,2,132,129,3
S01012089,692,675,17,476,463,13,407,396,11,94,92,2,313,304,9,43,41,2,12,11,1,31,30,1,26,26,0,216,212,4
S01012090,770,740,30,468,449,19,379,367,12,96,91,5,283,276,7,67,60,7,16,10,6,51,50,1,22,22,0,302,291,11
S01012091,465,450,15,328,320,8,294,287,7,77,73,4,217,214,3,19,18,1,3,3,0,16,15,1,15,15,0,137,130,7
S01012092,433,412,21,301,283,18,263,250,13,70,67,3,193,183,10,28,24,4,7,6,1,21,18,3,10,9,1,132,129,3
S01012093,478,463,15,294,282,12,254,244,10,46,43,3,208,201,7,28,28,0,6,6,0,22,22,0,12,10,2,184,181,3
S01012094,683,661,22,421,412,9,342,335,7,84,81,3,258,254,4,60,59,1,5,4,1,55,55,0,19,18,1,262,249,13
S01012095,874,857,17,615,603,12,520,511,9,160,154,6,360,357,3,43,41,2,12,12,0,31,29,2,52,51,1,259,254,5
S01012096,725,706,19,422,406,16,340,326,14,127,122,5,213,204,9,29,28,1,4,4,0,25,24,1,53,52,1,303,300,3
S01012097,537,522,15,338,329,9,283,277,6,91,91,0,192,186,6,17,16,1,5,5,0,12,11,1,38,36,2,199,193,6
S01012098,509,491,18,313,302,11,272,262,10,79,76,3,193,186,7,14,14,0,6,6,0,8,8,0,27,26,1,196,189,7
S01012099,737,702,35,378,362,16,315,300,15,103,99,4,212,201,11,9,9,0,2,2,0,7,7,0,54,53,1,359,340,19
S01012100,876,841,35,512,493,19,420,406,14,142,134,8,278,272,6,39,37,2,15,14,1,24,23,1,53,50,3,364,348,16
S01012101,662,643,19,438,426,12,367,356,11,117,114,3,250,242,8,43,43,0,14,14,0,29,29,0,28,27,1,224,217,7
S01012102,501,484,17,315,305,10,258,248,10,94,93,1,164,155,9,13,13,0,5,5,0,8,8,0,44,44,0,186,179,7
S01012103,763,726,37,568,534,34,473,444,29,110,106,4,363,338,25,45,42,3,14,13,1,31,29,2,50,48,2,195,192,3
S01012104,700,668,32,530,506,24,453,431,22,108,107,1,345,324,21,58,56,2,20,19,1,38,37,1,19,19,0,170,162,8
S01012105,928,874,54,635,593,42,535,504,31,140,131,9,395,373,22,65,60,5,14,14,0,51,46,5,35,29,6,293,281,12
S01012106,897,844,53,647,610,37,548,516,32,125,116,9,423,400,23,70,66,4,13,12,1,57,54,3,29,28,1,250,234,16
S01012107,587,562,25,348,333,15,275,264,11,70,69,1,205,195,10,47,44,3,10,9,1,37,35,2,26,25,1,239,229,10
S01012108,852,816,36,363,339,24,296,277,19,75,72,3,221,205,16,24,21,3,7,6,1,17,15,2,43,41,2,489,477,12
S01012109,766,687,79,500,434,66,399,342,57,100,92,8,299,250,49,28,26,2,9,9,0,19,17,2,73,66,7,266,253,13
S01012110,635,611,24,357,337,20,295,280,15,72,67,5,223,213,10,19,17,2,8,7,1,11,10,1,43,40,3,278,274,4
S01012111,461,421,40,279,259,20,219,202,17,57,53,4,162,149,13,18,18,0,4,4,0,14,14,0,42,39,3,182,162,20
S01012112,666,645,21,336,323,13,282,271,11,75,72,3,207,199,8,25,23,2,3,2,1,22,21,1,29,29,0,330,322,8
S01012113,866,838,28,476,460,16,409,397,12,101,98,3,308,299,9,38,34,4,11,9,2,27,25,2,29,29,0,390,378,12
S01012114,834,696,138,463,443,20,365,353,12,103,95,8,262,258,4,60,58,2,15,15,0,45,43,2,38,32,6,371,253,118
S01012115,429,417,12,243,237,6,230,224,6,64,62,2,166,162,4,5,5,0,1,1,0,4,4,0,8,8,0,186,180,6
S01012116,498,475,23,295,286,9,254,247,7,62,62,0,192,185,7,22,21,1,7,7,0,15,14,1,19,18,1,203,189,14
S01012117,575,558,17,485,473,12,431,421,10,75,75,0,356,346,10,41,39,2,9,9,0,32,30,2,13,13,0,90,85,5
S01012118,494,473,21,391,372,19,346,330,16,85,78,7,261,252,9,34,33,1,11,10,1,23,23,0,11,9,2,103,101,2
S01012119,741,716,25,476,461,15,411,400,11,130,125,5,281,275,6,44,42,2,9,9,0,35,33,2,21,19,2,265,255,10
S01012120,468,444,24,293,277,16,242,227,15,76,71,5,166,156,10,15,14,1,5,5,0,10,9,1,36,36,0,175,167,8
S01012121,787,752,35,423,404,19,350,335,15,108,102,6,242,233,9,21,20,1,6,6,0,15,14,1,52,49,3,364,348,16
S01012122,671,660,11,413,406,7,350,345,5,116,114,2,234,231,3,20,18,2,3,3,0,17,15,2,43,43,0,258,254,4
S01012123,429,391,38,299,273,26,238,217,21,70,66,4,168,151,17,32,27,5,10,8,2,22,19,3,29,29,0,130,118,12
S01012124,447,417,30,318,299,19,283,268,15,66,61,5,217,207,10,20,18,2,9,7,2,11,11,0,15,13,2,129,118,11
S01012125,665,623,42,400,373,27,305,284,21,77,69,8,228,215,13,22,20,2,5,5,0,17,15,2,73,69,4,265,250,15
S01012126,673,622,51,505,463,42,425,387,38,78,69,9,347,318,29,47,45,2,8,8,0,39,37,2,33,31,2,168,159,9
S01012127,745,613,132,512,436,76,386,328,58,83,71,12,303,257,46,38,34,4,7,7,0,31,27,4,88,74,14,233,177,56
S01012128,421,367,54,317,270,47,262,222,40,50,46,4,212,176,36,15,15,0,4,4,0,11,11,0,40,33,7,104,97,7
S01012129,607,568,39,393,365,28,319,293,26,69,67,2,250,226,24,27,27,0,6,6,0,21,21,0,47,45,2,214,203,11
S01012130,982,932,50,484,460,24,408,389,19,73,69,4,335,320,15,30,30,0,6,6,0,24,24,0,46,41,5,498,472,26
S01012131,997,791,206,585,481,104,455,384,71,134,96,38,321,288,33,24,16,8,7,4,3,17,12,5,106,81,25,412,310,102
S01012132,592,474,118,375,301,74,285,220,65,80,65,15,205,155,50,27,24,3,6,6,0,21,18,3,63,57,6,217,173,44
S01012133,788,582,206,494,423,71,385,333,52,85,66,19,300,267,33,31,28,3,3,2,1,28,26,2,78,62,16,294,159,135
S01012134,1060,970,90,602,555,47,502,459,43,127,110,17,375,349,26,57,56,1,14,14,0,43,42,1,43,40,3,458,415,43
S01012135,744,690,54,433,398,35,338,311,27,114,109,5,224,202,22,19,18,1,6,6,0,13,12,1,76,69,7,311,292,19
S01012136,715,591,124,466,396,70,375,315,60,109,89,20,266,226,40,19,16,3,4,4,0,15,12,3,72,65,7,249,195,54
S01012137,608,568,40,307,289,18,249,238,11,74,70,4,175,168,7,19,15,4,6,3,3,13,12,1,39,36,3,301,279,22
S01012138,785,739,46,485,462,23,410,395,15,112,105,7,298,290,8,41,36,5,14,11,3,27,25,2,34,31,3,300,277,23
S01012139,783,754,29,456,439,17,390,377,13,112,109,3,278,268,10,38,35,3,16,16,0,22,19,3,28,27,1,327,315,12
S01012140,441,422,19,289,277,12,248,239,9,60,59,1,188,180,8,26,25,1,7,7,0,19,18,1,15,13,2,152,145,7
S01012141,829,802,27,515,495,20,441,426,15,127,121,6,314,305,9,46,44,2,13,12,1,33,32,1,28,25,3,314,307,7
S01012142,800,778,22,459,444,15,384,373,11,95,91,4,289,282,7,55,52,3,11,11,0,44,41,3,20,19,1,341,334,7
S01012143,766,737,29,429,419,10,353,346,7,100,95,5,253,251,2,56,53,3,10,10,0,46,43,3,20,20,0,337,318,19
S01012144,874,842,32,522,500,22,443,429,14,123,121,2,320,308,12,54,48,6,8,7,1,46,41,5,25,23,2,352,342,10
S01012145,836,793,43,506,478,28,442,423,19,147,141,6,295,282,13,49,42,7,11,11,0,38,31,7,15,13,2,330,315,15
S01012146,819,755,64,438,395,43,367,331,36,90,83,7,277,248,29,28,23,5,8,6,2,20,17,3,43,41,2,381,360,21
S01012147,622,581,41,336,310,26,263,240,23,84,79,5,179,161,18,19,18,1,11,10,1,8,8,0,54,52,2,286,271,15
S01012148,574,558,16,318,308,10,254,244,10,88,85,3,166,159,7,11,11,0,2,2,0,9,9,0,53,53,0,256,250,6
S01012149,693,637,56,422,387,35,349,316,33,100,88,12,249,228,21,45,44,1,6,6,0,39,38,1,28,27,1,271,250,21
S01012150,623,601,22,333,320,13,273,261,12,70,64,6,203,197,6,17,17,0,5,5,0,12,12,0,43,42,1,290,281,9
S01012151,626,607,19,331,320,11,283,273,10,82,79,3,201,194,7,12,12,0,1,1,0,11,11,0,36,35,1,295,287,8
S01012152,601,562,39,336,311,25,267,246,21,88,84,4,179,162,17,19,17,2,2,2,0,17,15,2,50,48,2,265,251,14
S01012153,447,409,38,285,255,30,230,203,27,68,59,9,162,144,18,15,14,1,2,2,0,13,12,1,40,38,2,162,154,8
S01012154,688,601,87,404,340,64,320,266,54,68,59,9,252,207,45,18,14,4,1,0,1,17,14,3,66,60,6,284,261,23
S01012155,497,466,31,312,286,26,245,226,19,60,56,4,185,170,15,14,10,4,5,3,2,9,7,2,53,50,3,185,180,5
S01012156,529,511,18,289,273,16,222,210,12,54,50,4,168,160,8,20,19,1,4,4,0,16,15,1,47,44,3,240,238,2
S01012157,802,737,65,548,493,55,466,423,43,109,100,9,357,323,34,30,24,6,10,6,4,20,18,2,52,46,6,254,244,10
S01012158,877,809,68,666,616,50,553,512,41,123,108,15,430,404,26,61,56,5,16,15,1,45,41,4,52,48,4,211,193,18
S01012159,454,441,13,272,267,5,235,231,4,64,63,1,171,168,3,19,18,1,4,3,1,15,15,0,18,18,0,182,174,8
S01012160,569,551,18,383,372,11,330,321,9,86,82,4,244,239,5,30,30,0,9,9,0,21,21,0,23,21,2,186,179,7
S01012161,343,315,28,210,192,18,178,160,18,67,62,5,111,98,13,10,10,0,2,2,0,8,8,0,22,22,0,133,123,10
S01012162,731,674,57,463,423,40,386,353,33,96,84,12,290,269,21,25,20,5,7,6,1,18,14,4,52,50,2,268,251,17
S01012163,586,529,57,386,343,43,323,289,34,76,67,9,247,222,25,28,22,6,6,5,1,22,17,5,35,32,3,200,186,14
S01012164,804,740,64,678,632,46,613,575,38,139,128,11,474,447,27,44,39,5,7,5,2,37,34,3,21,18,3,126,108,18
S01012165,712,671,41,447,418,29,346,322,24,108,102,6,238,220,18,24,21,3,3,3,0,21,18,3,77,75,2,265,253,12
S01012166,490,471,19,338,323,15,296,283,13,108,105,3,188,178,10,18,16,2,3,1,2,15,15,0,24,24,0,152,148,4
S01012167,690,667,23,444,425,19,375,360,15,88,85,3,287,275,12,32,30,2,9,9,0,23,21,2,37,35,2,246,242,4
S01012168,714,693,21,432,422,10,368,359,9,87,83,4,281,276,5,33,32,1,10,10,0,23,22,1,31,31,0,282,271,11
S01012169,725,702,23,394,384,10,351,342,9,98,92,6,253,250,3,19,18,1,4,4,0,15,14,1,24,24,0,331,318,13
S01012170,849,832,17,448,440,8,397,391,6,118,116,2,279,275,4,25,24,1,10,9,1,15,15,0,26,25,1,401,392,9
S01012171,832,817,15,505,495,10,467,458,9,136,134,2,331,324,7,12,11,1,5,5,0,7,6,1,26,26,0,327,322,5
S01012172,611,588,23,343,331,12,303,293,10,87,83,4,216,210,6,15,13,2,2,2,0,13,11,2,25,25,0,268,257,11
S01012173,633,608,25,309,297,12,276,265,11,87,80,7,189,185,4,26,25,1,7,6,1,19,19,0,7,7,0,324,311,13
S01012174,665,628,37,554,527,27,490,469,21,152,142,10,338,327,11,49,45,4,10,9,1,39,36,3,15,13,2,111,101,10
S01012175,686,636,50,503,466,37,449,421,28,113,108,5,336,313,23,25,18,7,10,9,1,15,9,6,29,27,2,183,170,13
S01012176,727,691,36,512,489,23,446,430,16,118,114,4,328,316,12,35,29,6,9,8,1,26,21,5,31,30,1,215,202,13
S01012177,523,498,25,342,329,13,291,282,9,103,101,2,188,181,7,36,34,2,10,10,0,26,24,2,15,13,2,181,169,12
S01012178,451,435,16,302,296,6,266,263,3,89,88,1,177,175,2,25,22,3,4,4,0,21,18,3,11,11,0,149,139,10
S01012179,520,500,20,283,273,10,237,228,9,78,74,4,159,154,5,27,27,0,12,12,0,15,15,0,19,18,1,237,227,10
S01012180,480,470,10,239,233,6,203,197,6,55,54,1,148,143,5,22,22,0,9,9,0,13,13,0,14,14,0,241,237,4
S01012181,648,600,48,365,335,30,300,278,22,79,76,3,221,202,19,33,27,6,7,6,1,26,21,5,32,30,2,283,265,18
S01012182,853,789,64,677,631,46,603,567,36,152,142,10,451,425,26,52,44,8,11,8,3,41,36,5,22,20,2,176,158,18
S01012183,616,584,32,402,378,24,339,319,20,75,70,5,264,249,15,25,24,1,5,5,0,20,19,1,38,35,3,214,206,8
S01012184,447,401,46,360,324,36,308,279,29,50,41,9,258,238,20,24,22,2,6,6,0,18,16,2,28,23,5,87,77,10
S01012185,626,566,60,429,389,40,334,300,34,57,46,11,277,254,23,26,25,1,3,2,1,23,23,0,69,64,5,197,177,20
S01012186,593,579,14,310,303,7,257,251,6,79,79,0,178,172,6,18,17,1,2,2,0,16,15,1,35,35,0,283,276,7
S01012187,584,561,23,344,328,16,285,272,13,91,86,5,194,186,8,11,11,0,2,2,0,9,9,0,48,45,3,240,233,7
S01012188,506,499,7,283,279,4,244,242,2,63,63,0,181,179,2,21,20,1,4,4,0,17,16,1,18,17,1,223,220,3
S01012189,469,458,11,323,315,8,291,283,8,70,70,0,221,213,8,20,20,0,4,4,0,16,16,0,12,12,0,146,143,3
S01012190,402,393,9,330,324,6,300,295,5,85,82,3,215,213,2,23,22,1,7,7,0,16,15,1,7,7,0,72,69,3
S01012191,718,701,17,505,495,10,440,432,8,117,115,2,323,317,6,42,40,2,8,8,0,34,32,2,23,23,0,213,206,7
S01012192,426,402,24,279,264,15,236,224,12,69,63,6,167,161,6,30,27,3,8,8,0,22,19,3,13,13,0,147,138,9
S01012193,427,415,12,371,362,9,323,317,6,87,87,0,236,230,6,31,29,2,6,6,0,25,23,2,17,16,1,56,53,3
S01012194,427,418,9,344,336,8,311,303,8,86,84,2,225,219,6,14,14,0,0,0,0,14,14,0,19,19,0,83,82,1
S01012195,899,876,23,648,631,17,576,561,15,145,142,3,431,419,12,38,38,0,5,5,0,33,33,0,34,32,2,251,245,6
S01012196,438,410,28,350,332,18,305,291,14,84,81,3,221,210,11,33,30,3,7,7,0,26,23,3,12,11,1,88,78,10
S01012197,579,571,8,346,343,3,295,294,1,77,77,0,218,217,1,19,19,0,4,4,0,15,15,0,32,30,2,233,228,5
S01012198,770,753,17,461,445,16,409,396,13,115,113,2,294,283,11,33,31,2,8,8,0,25,23,2,19,18,1,309,308,1
S01012199,602,593,9,389,383,6,340,334,6,103,100,3,237,234,3,14,14,0,4,4,0,10,10,0,35,35,0,213,210,3
S01012200,516,503,13,323,316,7,270,264,6,92,89,3,178,175,3,23,22,1,5,5,0,18,17,1,30,30,0,193,187,6
S01012201,610,596,14,378,367,11,338,329,9,93,88,5,245,241,4,23,22,1,3,2,1,20,20,0,17,16,1,232,229,3
S01012202,473,454,19,310,295,15,282,270,12,73,70,3,209,200,9,16,15,1,4,4,0,12,11,1,12,10,2,163,159,4
S01012203,676,662,14,439,429,10,380,375,5,110,110,0,270,265,5,36,33,3,10,10,0,26,23,3,23,21,2,237,233,4
S01012204,662,646,16,511,498,13,444,434,10,115,111,4,329,323,6,42,41,1,11,11,0,31,30,1,25,23,2,151,148,3
S01012205,572,551,21,418,409,9,351,344,7,88,87,1,263,257,6,52,50,2,18,17,1,34,33,1,15,15,0,154,142,12
S01012206,682,669,13,528,517,11,467,457,10,145,142,3,322,315,7,36,36,0,5,5,0,31,31,0,25,24,1,154,152,2
S01012207,724,715,9,425,421,4,374,371,3,104,103,1,270,268,2,27,26,1,5,5,0,22,21,1,24,24,0,299,294,5
S01012208,830,809,21,500,487,13,425,416,9,128,127,1,297,289,8,42,39,3,8,6,2,34,33,1,33,32,1,330,322,8
S01012209,588,573,15,376,364,12,304,293,11,80,80,0,224,213,11,32,31,1,10,10,0,22,21,1,40,40,0,212,209,3
S01012210,647,630,17,346,334,12,307,296,11,98,96,2,209,200,9,16,15,1,2,2,0,14,13,1,23,23,0,301,296,5
S01012211,739,708,31,477,454,23,397,382,15,118,115,3,279,267,12,42,37,5,10,9,1,32,28,4,38,35,3,262,254,8
S01012212,665,654,11,406,400,6,357,351,6,91,89,2,266,262,4,24,24,0,5,5,0,19,19,0,25,25,0,259,254,5
S01012213,707,691,16,454,441,13,402,390,12,112,110,2,290,280,10,34,34,0,14,14,0,20,20,0,18,17,1,253,250,3
S01012214,567,554,13,341,330,11,280,271,9,80,75,5,200,196,4,49,47,2,13,12,1,36,35,1,12,12,0,226,224,2
S01012215,722,706,16,505,494,11,452,441,11,128,125,3,324,316,8,33,33,0,8,8,0,25,25,0,20,20,0,217,212,5
S01012216,586,573,13,405,397,8,351,343,8,111,108,3,240,235,5,40,40,0,11,11,0,29,29,0,14,14,0,181,176,5
S01012217,440,418,22,270,255,15,214,200,14,68,66,2,146,134,12,13,13,0,8,8,0,5,5,0,43,42,1,170,163,7
S01012218,354,325,29,232,215,17,169,156,13,59,56,3,110,100,10,8,5,3,3,0,3,5,5,0,55,54,1,122,110,12
S01012219,721,704,17,354,345,9,296,289,7,98,95,3,198,194,4,17,16,1,3,3,0,14,13,1,41,40,1,367,359,8
S01012220,544,514,30,275,255,20,218,202,16,52,49,3,166,153,13,17,16,1,5,5,0,12,11,1,40,37,3,269,259,10
S01012221,546,533,13,282,274,8,238,233,5,64,63,1,174,170,4,17,17,0,2,2,0,15,15,0,27,24,3,264,259,5
S01012222,685,665,20,366,359,7,326,319,7,80,79,1,246,240,6,20,20,0,7,7,0,13,13,0,20,20,0,319,306,13
S01012223,584,566,18,320,308,12,268,259,9,77,74,3,191,185,6,16,14,2,3,3,0,13,11,2,36,35,1,264,258,6
S01012224,589,565,24,386,371,15,336,322,14,89,82,7,247,240,7,22,22,0,6,6,0,16,16,0,28,27,1,203,194,9
S01012225,817,794,23,514,503,11,431,422,9,123,122,1,308,300,8,32,32,0,10,10,0,22,22,0,51,49,2,303,291,12
S01012226,580,573,7,383,378,5,325,321,4,106,104,2,219,217,2,27,27,0,7,7,0,20,20,0,31,30,1,197,195,2
S01012227,527,517,10,343,336,7,304,298,6,95,92,3,209,206,3,13,13,0,0,0,0,13,13,0,26,25,1,184,181,3
S01012228,542,524,18,361,351,10,324,318,6,103,101,2,221,217,4,17,16,1,4,4,0,13,12,1,20,17,3,181,173,8
S01012229,580,566,14,430,419,11,363,356,7,88,86,2,275,270,5,37,35,2,7,7,0,30,28,2,30,28,2,150,147,3
S01012230,735,704,31,514,495,19,447,435,12,116,111,5,331,324,7,47,41,6,11,9,2,36,32,4,20,19,1,221,209,12
S01012231,645,613,32,457,436,21,372,362,10,110,104,6,262,258,4,65,58,7,20,18,2,45,40,5,20,16,4,188,177,11
S01012232,674,654,20,473,456,17,405,390,15,109,105,4,296,285,11,47,46,1,12,11,1,35,35,0,21,20,1,201,198,3
S01012233,753,728,25,501,488,13,424,415,9,119,116,3,305,299,6,55,52,3,14,12,2,41,40,1,22,21,1,252,240,12
S01012234,843,814,29,614,591,23,506,491,15,146,142,4,360,349,11,74,68,6,15,15,0,59,53,6,34,32,2,229,223,6
S01012235,407,400,7,210,207,3,174,173,1,55,55,0,119,118,1,33,31,2,12,11,1,21,20,1,3,3,0,197,193,4
S01012236,500,488,12,310,303,7,255,248,7,67,66,1,188,182,6,36,36,0,13,13,0,23,23,0,19,19,0,190,185,5
S01012237,635,599,36,390,368,22,300,285,15,92,86,6,208,199,9,66,62,4,22,21,1,44,41,3,24,21,3,245,231,14
S01012238,509,486,23,308,293,15,247,235,12,62,60,2,185,175,10,34,32,2,13,11,2,21,21,0,27,26,1,201,193,8
S01012239,485,464,21,288,274,14,226,214,12,72,70,2,154,144,10,25,25,0,6,6,0,19,19,0,37,35,2,197,190,7
S01012240,701,671,30,383,370,13,317,307,10,83,82,1,234,225,9,36,33,3,13,11,2,23,22,1,30,30,0,318,301,17
S01012241,444,423,21,268,253,15,202,190,12,43,41,2,159,149,10,55,53,2,17,17,0,38,36,2,11,10,1,176,170,6
S01012242,639,592,47,399,370,29,318,296,22,87,81,6,231,215,16,63,58,5,23,21,2,40,37,3,18,16,2,240,222,18
S01012243,485,468,17,309,300,9,249,244,5,69,66,3,180,178,2,44,41,3,14,13,1,30,28,2,16,15,1,176,168,8
S01012244,749,662,87,519,453,66,364,311,53,96,90,6,268,221,47,139,131,8,47,45,2,92,86,6,16,11,5,230,209,21
S01012245,587,554,33,350,332,18,269,256,13,95,90,5,174,166,8,65,61,4,21,19,2,44,42,2,16,15,1,237,222,15
S01012246,581,545,36,408,382,26,310,293,17,110,105,5,200,188,12,84,78,6,24,22,2,60,56,4,14,11,3,173,163,10
S01012247,613,551,62,413,363,50,323,281,42,90,78,12,233,203,30,79,71,8,30,24,6,49,47,2,11,11,0,200,188,12
S01012248,656,604,52,470,425,45,313,282,31,95,85,10,218,197,21,136,123,13,37,33,4,99,90,9,21,20,1,186,179,7
S01012249,694,648,46,488,460,28,317,297,20,101,96,5,216,201,15,148,143,5,46,44,2,102,99,3,23,20,3,206,188,18
S01012250,563,518,45,397,365,32,276,251,25,86,82,4,190,169,21,108,102,6,26,25,1,82,77,5,13,12,1,166,153,13
S01012251,780,731,49,499,458,41,393,360,33,123,116,7,270,244,26,58,52,6,18,16,2,40,36,4,48,46,2,281,273,8
S01012252,566,530,36,389,357,32,302,278,24,115,104,11,187,174,13,55,51,4,11,11,0,44,40,4,32,28,4,177,173,4
S01012253,789,716,73,469,416,53,373,328,45,108,101,7,265,227,38,70,65,5,21,20,1,49,45,4,26,23,3,320,300,20
S01012254,700,638,62,460,405,55,365,314,51,98,86,12,267,228,39,69,67,2,17,17,0,52,50,2,26,24,2,240,233,7
S01012255,815,720,95,436,367,69,337,278,59,83,77,6,254,201,53,74,66,8,17,12,5,57,54,3,25,23,2,379,353,26
S01012256,671,627,44,454,423,31,370,349,21,122,117,5,248,232,16,65,57,8,23,21,2,42,36,6,19,17,2,217,204,13
S01012257,764,724,40,503,471,32,422,393,29,138,134,4,284,259,25,50,48,2,23,22,1,27,26,1,31,30,1,261,253,8
S01012258,585,562,23,331,316,15,268,258,10,90,87,3,178,171,7,51,48,3,15,14,1,36,34,2,12,10,2,254,246,8
S01012259,518,492,26,273,258,15,205,194,11,75,70,5,130,124,6,55,52,3,20,17,3,35,35,0,13,12,1,245,234,11
S01012260,713,678,35,392,371,21,305,287,18,94,90,4,211,197,14,67,64,3,14,14,0,53,50,3,20,20,0,321,307,14
S01012261,632,601,31,455,434,21,377,358,19,124,119,5,253,239,14,63,61,2,28,26,2,35,35,0,15,15,0,177,167,10
S01012262,653,623,30,449,423,26,303,291,12,79,76,3,224,215,9,130,117,13,40,37,3,90,80,10,16,15,1,204,200,4
S01012263,596,557,39,407,375,32,294,268,26,90,86,4,204,182,22,74,69,5,20,18,2,54,51,3,39,38,1,189,182,7
S01012264,385,364,21,221,209,12,174,164,10,56,51,5,118,113,5,34,32,2,11,11,0,23,21,2,13,13,0,164,155,9
S01012265,638,621,17,396,386,10,320,314,6,96,93,3,224,221,3,45,43,2,13,13,0,32,30,2,31,29,2,242,235,7
S01012266,904,862,42,512,484,28,413,390,23,122,116,6,291,274,17,76,74,2,21,20,1,55,54,1,23,20,3,392,378,14
S01012267,596,580,16,370,362,8,278,271,7,83,83,0,195,188,7,80,79,1,20,20,0,60,59,1,12,12,0,226,218,8
S01012268,504,479,25,357,337,20,239,224,15,62,58,4,177,166,11,105,102,3,36,36,0,69,66,3,13,11,2,147,142,5
S01012269,830,804,26,519,498,21,409,394,15,133,126,7,276,268,8,88,83,5,18,17,1,70,66,4,22,21,1,311,306,5
S01012270,626,593,33,397,373,24,320,305,15,103,99,4,217,206,11,53,46,7,13,13,0,40,33,7,24,22,2,229,220,9
S01012271,817,772,45,603,572,31,409,385,24,126,118,8,283,267,16,167,160,7,48,46,2,119,114,5,27,27,0,214,200,14
S01012272,569,534,35,384,354,30,296,276,20,91,87,4,205,189,16,69,61,8,21,17,4,48,44,4,19,17,2,185,180,5
S01012273,592,568,24,381,360,21,302,287,15,102,99,3,200,188,12,60,55,5,13,13,0,47,42,5,19,18,1,211,208,3
S01012274,763,738,25,551,533,18,446,434,12,147,142,5,299,292,7,67,64,3,23,23,0,44,41,3,38,35,3,212,205,7
S01012275,724,644,80,517,466,51,422,383,39,147,136,11,275,247,28,42,36,6,7,6,1,35,30,5,53,47,6,207,178,29
S01012276,807,766,41,524,499,25,433,416,17,121,115,6,312,301,11,55,52,3,6,5,1,49,47,2,36,31,5,283,267,16
S01012277,842,792,50,595,563,32,474,446,28,147,140,7,327,306,21,73,70,3,15,14,1,58,56,2,48,47,1,247,229,18
S01012278,649,590,59,376,333,43,302,267,35,93,87,6,209,180,29,35,30,5,4,4,0,31,26,5,39,36,3,273,257,16
S01012279,639,572,67,428,381,47,368,327,41,98,88,10,270,239,31,26,25,1,4,4,0,22,21,1,34,29,5,211,191,20
S01012280,764,735,29,526,507,19,426,408,18,152,149,3,274,259,15,44,44,0,7,7,0,37,37,0,56,55,1,238,228,10
S01012281,617,576,41,420,387,33,357,327,30,104,94,10,253,233,20,40,37,3,11,10,1,29,27,2,23,23,0,197,189,8
S01012282,978,896,82,504,469,35,391,365,26,150,140,10,241,225,16,65,62,3,17,17,0,48,45,3,48,42,6,474,427,47
S01012283,713,665,48,469,436,33,367,341,26,142,131,11,225,210,15,71,66,5,17,15,2,54,51,3,31,29,2,244,229,15
S01012284,669,615,54,403,361,42,305,276,29,93,87,6,212,189,23,40,31,9,8,5,3,32,26,6,58,54,4,266,254,12
S01012285,487,460,27,272,257,15,226,216,10,71,70,1,155,146,9,32,29,3,4,3,1,28,26,2,14,12,2,215,203,12
S01012286,879,796,83,518,464,54,411,367,44,143,121,22,268,246,22,49,43,6,14,11,3,35,32,3,58,54,4,361,332,29
S01012287,764,636,128,452,349,103,336,253,83,114,92,22,222,161,61,37,27,10,17,11,6,20,16,4,79,69,10,312,287,25
S01012288,623,556,67,402,352,50,287,248,39,100,89,11,187,159,28,29,23,6,9,6,3,20,17,3,86,81,5,221,204,17
S01012289,740,668,72,371,324,47,268,237,31,85,73,12,183,164,19,91,77,14,22,19,3,69,58,11,12,10,2,369,344,25
S01012290,475,450,25,276,260,16,216,205,11,63,60,3,153,145,8,38,35,3,14,13,1,24,22,2,22,20,2,199,190,9
S01012291,734,672,62,505,472,33,412,387,25,146,136,10,266,251,15,67,60,7,18,15,3,49,45,4,26,25,1,229,200,29
S01012292,625,581,44,305,277,28,214,198,16,75,71,4,139,127,12,85,74,11,27,25,2,58,49,9,6,5,1,320,304,16
S01012293,380,355,25,241,221,20,205,191,14,52,47,5,153,144,9,26,22,4,3,3,0,23,19,4,10,8,2,139,134,5
S01012294,704,668,36,481,456,25,415,392,23,130,124,6,285,268,17,41,40,1,12,12,0,29,28,1,25,24,1,223,212,11
S01012295,569,528,41,423,393,30,345,327,18,102,97,5,243,230,13,55,45,10,8,6,2,47,39,8,23,21,2,146,135,11
S01012296,631,592,39,488,458,30,394,373,21,110,105,5,284,268,16,83,75,8,24,21,3,59,54,5,11,10,1,143,134,9
S01012297,476,453,23,337,321,16,201,192,9,56,53,3,145,139,6,126,119,7,32,28,4,94,91,3,10,10,0,139,132,7
S01012298,679,659,20,434,418,16,335,325,10,86,85,1,249,240,9,82,78,4,19,17,2,63,61,2,17,15,2,245,241,4
S01012299,506,471,35,364,333,31,262,239,23,61,55,6,201,184,17,91,84,7,20,16,4,71,68,3,11,10,1,142,138,4
S01012300,538,517,21,321,310,11,235,227,8,78,75,3,157,152,5,68,66,2,18,18,0,50,48,2,18,17,1,217,207,10
S01012301,788,748,40,508,483,25,349,329,20,93,89,4,256,240,16,134,131,3,39,38,1,95,93,2,25,23,2,280,265,15
S01012302,483,449,34,310,287,23,197,180,17,50,46,4,147,134,13,94,88,6,38,34,4,56,54,2,19,19,0,173,162,11
S01012303,720,673,47,494,462,32,318,292,26,95,89,6,223,203,20,154,149,5,48,46,2,106,103,3,22,21,1,226,211,15
S01012304,789,761,28,513,495,18,365,351,14,111,108,3,254,243,11,125,122,3,34,34,0,91,88,3,23,22,1,276,266,10
S01012305,592,552,40,328,299,29,246,222,24,67,65,2,179,157,22,62,58,4,14,14,0,48,44,4,20,19,1,264,253,11
S01012306,486,445,41,258,231,27,215,192,23,73,65,8,142,127,15,32,29,3,6,6,0,26,23,3,11,10,1,228,214,14
S01012307,533,487,46,313,276,37,252,219,33,76,67,9,176,152,24,41,38,3,7,7,0,34,31,3,20,19,1,220,211,9
S01012308,677,643,34,449,427,22,390,371,19,106,105,1,284,266,18,44,41,3,9,9,0,35,32,3,15,15,0,228,216,12
S01012309,465,446,19,264,249,15,202,189,13,69,67,2,133,122,11,53,51,2,15,14,1,38,37,1,9,9,0,201,197,4
S01012310,778,731,47,475,446,29,300,276,24,92,89,3,208,187,21,156,151,5,36,34,2,120,117,3,19,19,0,303,285,18
S01012311,494,481,13,246,235,11,187,178,9,56,53,3,131,125,6,43,42,1,15,15,0,28,27,1,16,15,1,248,246,2
S01012312,870,816,54,543,512,31,351,329,22,93,91,2,258,238,20,171,163,8,46,42,4,125,121,4,21,20,1,327,304,23
S01012313,643,606,37,423,400,23,309,290,19,91,88,3,218,202,16,91,88,3,18,17,1,73,71,2,23,22,1,220,206,14
S01012314,673,638,35,406,381,25,328,311,17,135,128,7,193,183,10,51,47,4,12,10,2,39,37,2,27,23,4,267,257,10
S01012315,663,612,51,335,299,36,237,203,34,78,70,8,159,133,26,64,63,1,17,17,0,47,46,1,34,33,1,328,313,15
S01012316,517,488,29,290,267,23,235,213,22,76,71,5,159,142,17,29,29,0,5,5,0,24,24,0,26,25,1,227,221,6
S01012317,406,376,30,256,233,23,199,181,18,69,64,5,130,117,13,40,37,3,11,11,0,29,26,3,17,15,2,150,143,7
S01012318,646,606,40,411,383,28,344,324,20,113,108,5,231,216,15,39,35,4,9,8,1,30,27,3,28,24,4,235,223,12
S01012319,642,587,55,434,389,45,309,271,38,82,76,6,227,195,32,111,105,6,31,29,2,80,76,4,14,13,1,208,198,10
S01012320,554,532,22,349,330,19,281,265,16,86,80,6,195,185,10,44,42,2,10,9,1,34,33,1,24,23,1,205,202,3
S01012321,623,594,29,354,337,17,260,249,11,77,77,0,183,172,11,57,57,0,24,24,0,33,33,0,37,31,6,269,257,12
S01012322,833,799,34,512,485,27,330,310,20,102,99,3,228,211,17,159,153,6,59,57,2,100,96,4,23,22,1,321,314,7
S01012323,763,720,43,435,402,33,282,260,22,98,90,8,184,170,14,132,126,6,23,23,0,109,103,6,21,16,5,328,318,10
S01012324,692,668,24,402,382,20,253,240,13,93,86,7,160,154,6,129,123,6,41,38,3,88,85,3,20,19,1,290,286,4
S01012325,533,518,15,213,206,7,175,170,5,56,54,2,119,116,3,22,21,1,8,8,0,14,13,1,16,15,1,320,312,8
S01012326,489,461,28,263,248,15,190,177,13,58,54,4,132,123,9,42,41,1,10,10,0,32,31,1,31,30,1,226,213,13
S01012327,659,619,40,389,364,25,306,289,17,110,105,5,196,184,12,55,50,5,16,13,3,39,37,2,28,25,3,270,255,15
S01012328,489,468,21,225,213,12,160,153,7,45,43,2,115,110,5,51,47,4,16,16,0,35,31,4,14,13,1,264,255,9
S01012329,694,666,28,412,389,23,259,245,14,89,85,4,170,160,10,133,126,7,41,37,4,92,89,3,20,18,2,282,277,5
S01012330,508,494,14,284,276,8,219,213,6,63,61,2,156,152,4,51,49,2,18,17,1,33,32,1,14,14,0,224,218,6
S01012331,492,478,14,353,343,10,297,287,10,92,89,3,205,198,7,45,45,0,7,7,0,38,38,0,11,11,0,139,135,4
S01012332,830,805,25,563,545,18,379,368,11,123,121,2,256,247,9,159,152,7,41,36,5,118,116,2,25,25,0,267,260,7
S01012333,817,778,39,501,475,26,334,313,21,110,102,8,224,211,13,138,134,4,38,35,3,100,99,1,29,28,1,316,303,13
S01012334,711,686,25,403,387,16,320,310,10,97,95,2,223,215,8,55,51,4,19,18,1,36,33,3,28,26,2,308,299,9
S01012335,799,763,36,590,566,24,516,498,18,158,154,4,358,344,14,49,47,2,12,12,0,37,35,2,25,21,4,209,197,12
S01012336,512,502,10,298,289,9,260,253,7,77,74,3,183,179,4,30,29,1,7,6,1,23,23,0,8,7,1,214,213,1
S01012337,748,715,33,405,379,26,315,294,21,88,85,3,227,209,18,44,40,4,14,11,3,30,29,1,46,45,1,343,336,7
S01012338,631,594,37,350,324,26,273,254,19,75,69,6,198,185,13,55,50,5,17,14,3,38,36,2,22,20,2,281,270,11
S01012339,525,484,41,305,281,24,236,217,19,47,44,3,189,173,16,37,35,2,15,14,1,22,21,1,32,29,3,220,203,17
S01012340,830,799,31,482,468,14,378,371,7,126,123,3,252,248,4,74,67,7,25,21,4,49,46,3,30,30,0,348,331,17
S01012341,796,761,35,570,544,26,343,328,15,112,108,4,231,220,11,203,193,10,36,32,4,167,161,6,24,23,1,226,217,9
S01012342,786,753,33,464,448,16,335,325,10,94,89,5,241,236,5,112,107,5,37,35,2,75,72,3,17,16,1,322,305,17
S01012343,821,786,35,543,517,26,357,341,16,105,100,5,252,241,11,158,148,10,45,42,3,113,106,7,28,28,0,278,269,9
S01012344,483,461,22,335,323,12,264,254,10,74,70,4,190,184,6,37,35,2,7,7,0,30,28,2,34,34,0,148,138,10
S01012345,586,573,13,381,373,8,307,303,4,83,83,0,224,220,4,56,54,2,9,8,1,47,46,1,18,16,2,205,200,5
S01012346,708,664,44,425,402,23,287,271,16,81,75,6,206,196,10,125,119,6,30,29,1,95,90,5,13,12,1,283,262,21
S01012347,639,608,31,391,372,19,309,297,12,91,87,4,218,210,8,56,51,5,11,11,0,45,40,5,26,24,2,248,236,12
S01012348,587,560,27,333,316,17,256,244,12,73,72,1,183,172,11,63,58,5,25,22,3,38,36,2,14,14,0,254,244,10
S01012349,746,727,19,463,452,11,384,375,9,125,121,4,259,254,5,47,46,1,14,13,1,33,33,0,32,31,1,283,275,8
S01012350,625,601,24,352,334,18,279,264,15,99,95,4,180,169,11,57,55,2,19,19,0,38,36,2,16,15,1,273,267,6
S01012351,674,639,35,433,409,24,357,338,19,130,122,8,227,216,11,48,47,1,14,13,1,34,34,0,28,24,4,241,230,11
S01012352,630,605,25,361,346,15,275,264,11,94,90,4,181,174,7,67,64,3,12,11,1,55,53,2,19,18,1,269,259,10
S01012353,670,633,37,407,382,25,312,297,15,92,86,6,220,211,9,55,50,5,16,14,2,39,36,3,40,35,5,263,251,12
S01012354,668,646,22,354,340,14,260,251,9,86,84,2,174,167,7,77,74,3,17,16,1,60,58,2,17,15,2,314,306,8
S01012355,768,731,37,505,486,19,305,291,14,102,97,5,203,194,9,187,183,4,38,37,1,149,146,3,13,12,1,263,245,18
S01012356,555,541,14,306,297,9,231,229,2,71,71,0,160,158,2,66,60,6,18,15,3,48,45,3,9,8,1,249,244,5
S01012357,740,694,46,467,435,32,291,266,25,93,87,6,198,179,19,160,155,5,45,44,1,115,111,4,16,14,2,273,259,14
S01012358,680,651,29,409,394,15,234,226,8,77,73,4,157,153,4,161,155,6,45,44,1,116,111,5,14,13,1,271,257,14
S01012359,619,588,31,357,334,23,287,268,19,102,95,7,185,173,12,27,25,2,10,8,2,17,17,0,43,41,2,262,254,8
S01012360,590,530,60,375,332,43,286,255,31,107,99,8,179,156,23,30,26,4,7,7,0,23,19,4,59,51,8,215,198,17
S01012361,487,446,41,290,259,31,210,189,21,76,70,6,134,119,15,29,26,3,12,11,1,17,15,2,51,44,7,197,187,10
S01012362,579,508,71,357,309,48,277,235,42,102,85,17,175,150,25,32,27,5,12,11,1,20,16,4,48,47,1,222,199,23
S01012363,845,773,72,466,422,44,345,319,26,99,91,8,246,228,18,57,51,6,15,13,2,42,38,4,64,52,12,379,351,28
S01012364,595,560,35,352,324,28,283,263,20,80,78,2,203,185,18,36,33,3,18,16,2,18,17,1,33,28,5,243,236,7
S01012365,792,763,29,510,490,20,433,418,15,127,124,3,306,294,12,61,58,3,13,12,1,48,46,2,16,14,2,282,273,9
S01012366,783,751,32,468,444,24,380,361,19,99,97,2,281,264,17,54,51,3,17,17,0,37,34,3,34,32,2,315,307,8
S01012367,787,765,22,466,453,13,400,388,12,128,123,5,272,265,7,44,44,0,11,11,0,33,33,0,22,21,1,321,312,9
S01012368,531,505,26,295,276,19,233,218,15,84,78,6,149,140,9,45,42,3,13,13,0,32,29,3,17,16,1,236,229,7
S01012369,726,702,24,438,418,20,343,331,12,105,102,3,238,229,9,75,69,6,20,16,4,55,53,2,20,18,2,288,284,4
S01012370,818,790,28,476,456,20,386,370,16,128,123,5,258,247,11,61,60,1,13,12,1,48,48,0,29,26,3,342,334,8
S01012371,813,764,49,447,408,39,366,342,24,114,109,5,252,233,19,45,40,5,17,16,1,28,24,4,36,26,10,366,356,10
S01012372,657,632,25,380,363,17,295,281,14,74,72,2,221,209,12,50,49,1,17,17,0,33,32,1,35,33,2,277,269,8
S01012373,848,816,32,503,481,22,408,390,18,124,119,5,284,271,13,54,51,3,13,13,0,41,38,3,41,40,1,345,335,10
S01012374,742,721,21,499,484,15,410,398,12,139,134,5,271,264,7,59,57,2,19,18,1,40,39,1,30,29,1,243,237,6
S01012375,755,733,22,485,467,18,399,384,15,121,118,3,278,266,12,36,33,3,11,9,2,25,24,1,50,50,0,270,266,4
S01012376,790,741,49,530,495,35,350,326,24,116,111,5,234,215,19,154,146,8,41,39,2,113,107,6,26,23,3,260,246,14
S01012377,608,555,53,379,340,39,258,228,30,80,73,7,178,155,23,117,109,8,40,37,3,77,72,5,4,3,1,229,215,14
S01012378,494,463,31,308,290,18,202,190,12,68,61,7,134,129,5,96,92,4,25,24,1,71,68,3,10,8,2,186,173,13
S01012379,427,390,37,254,231,23,171,155,16,44,40,4,127,115,12,71,65,6,19,17,2,52,48,4,12,11,1,173,159,14
S01012380,731,713,18,486,473,13,401,389,12,113,111,2,288,278,10,54,53,1,18,18,0,36,35,1,31,31,0,245,240,5
S01012381,713,674,39,374,350,24,306,290,16,109,104,5,197,186,11,46,44,2,15,15,0,31,29,2,22,16,6,339,324,15
S01012382,811,797,14,522,514,8,416,410,6,139,136,3,277,274,3,90,88,2,27,27,0,63,61,2,16,16,0,289,283,6
S01012383,734,708,26,406,388,18,340,324,16,103,102,1,237,222,15,52,50,2,17,15,2,35,35,0,14,14,0,328,320,8
S01012384,433,414,19,269,253,16,210,196,14,52,50,2,158,146,12,40,39,1,18,18,0,22,21,1,19,18,1,164,161,3
S01012385,595,559,36,422,395,27,326,305,21,87,80,7,239,225,14,72,68,4,22,20,2,50,48,2,24,22,2,173,164,9
S01012386,806,768,38,497,467,30,387,359,28,127,119,8,260,240,20,48,47,1,16,16,0,32,31,1,62,61,1,309,301,8
S01012387,755,718,37,543,514,29,452,431,21,114,110,4,338,321,17,79,71,8,18,16,2,61,55,6,12,12,0,212,204,8
S01012388,579,546,33,410,386,24,348,327,21,98,93,5,250,234,16,61,58,3,17,15,2,44,43,1,1,1,0,169,160,9
S01012389,661,640,21,501,481,20,433,415,18,132,126,6,301,289,12,56,55,1,17,16,1,39,39,0,12,11,1,160,159,1
S01012390,620,601,19,452,437,15,407,392,15,122,117,5,285,275,10,40,40,0,13,13,0,27,27,0,5,5,0,168,164,4
S01012391,785,736,49,614,571,43,539,504,35,169,157,12,370,347,23,59,53,6,23,23,0,36,30,6,16,14,2,171,165,6
S01012392,606,581,25,446,427,19,402,385,17,128,126,2,274,259,15,30,28,2,9,9,0,21,19,2,14,14,0,160,154,6
S01012393,728,654,74,537,473,64,467,411,56,141,127,14,326,284,42,65,58,7,21,20,1,44,38,6,5,4,1,191,181,10
S01012394,531,511,20,363,346,17,315,301,14,88,84,4,227,217,10,27,26,1,6,6,0,21,20,1,21,19,2,168,165,3
S01012395,514,473,41,357,322,35,310,281,29,99,90,9,211,191,20,38,34,4,13,12,1,25,22,3,9,7,2,157,151,6
S01012396,533,495,38,354,323,31,307,278,29,66,56,10,241,222,19,32,31,1,8,7,1,24,24,0,15,14,1,179,172,7
S01012397,730,687,43,481,447,34,400,375,25,115,107,8,285,268,17,60,56,4,14,14,0,46,42,4,21,16,5,249,240,9
S01012398,768,694,74,555,487,68,506,444,62,112,101,11,394,343,51,37,32,5,6,6,0,31,26,5,12,11,1,213,207,6
S01012399,505,472,33,348,316,32,330,298,32,86,82,4,244,216,28,14,14,0,2,2,0,12,12,0,4,4,0,157,156,1
S01012400,487,422,65,375,314,61,326,279,47,87,81,6,239,198,41,34,22,12,5,2,3,29,20,9,15,13,2,112,108,4
S01012401,662,618,44,499,464,35,443,415,28,118,111,7,325,304,21,28,22,6,5,3,2,23,19,4,28,27,1,163,154,9
S01012402,352,328,24,284,263,21,243,223,20,60,58,2,183,165,18,36,35,1,4,4,0,32,31,1,5,5,0,68,65,3
S01012403,860,803,57,663,615,48,546,504,42,158,154,4,388,350,38,106,101,5,32,29,3,74,72,2,11,10,1,197,188,9
S01012404,826,745,81,587,514,73,505,435,70,122,112,10,383,323,60,59,56,3,22,22,0,37,34,3,23,23,0,239,231,8
S01012405,554,535,19,432,418,14,368,358,10,85,81,4,283,277,6,60,56,4,18,15,3,42,41,1,4,4,0,122,117,5
S01012406,500,473,27,345,328,17,290,276,14,80,78,2,210,198,12,48,45,3,5,5,0,43,40,3,7,7,0,155,145,10
S01012407,639,613,26,475,452,23,398,376,22,121,115,6,277,261,16,62,61,1,13,12,1,49,49,0,15,15,0,164,161,3
S01012408,502,491,11,359,354,5,288,284,4,93,92,1,195,192,3,66,65,1,15,15,0,51,50,1,5,5,0,143,137,6
S01012409,563,535,28,390,371,19,312,297,15,96,94,2,216,203,13,66,62,4,17,17,0,49,45,4,12,12,0,173,164,9
S01012410,843,804,39,646,610,36,576,542,34,155,146,9,421,396,25,56,56,0,11,11,0,45,45,0,14,12,2,197,194,3
S01012411,763,739,24,569,549,20,500,481,19,124,122,2,376,359,17,45,44,1,10,10,0,35,34,1,24,24,0,194,190,4
S01012412,540,521,19,379,363,16,301,289,12,107,102,5,194,187,7,68,65,3,18,18,0,50,47,3,10,9,1,161,158,3
S01012413,794,768,26,494,479,15,432,421,11,127,125,2,305,296,9,55,52,3,6,4,2,49,48,1,7,6,1,300,289,11
S01012414,589,560,29,370,355,15,288,274,14,101,95,6,187,179,8,59,59,0,13,13,0,46,46,0,23,22,1,219,205,14
S01012415,451,442,9,284,278,6,207,201,6,66,64,2,141,137,4,68,68,0,9,9,0,59,59,0,9,9,0,167,164,3
S01012416,456,434,22,288,272,16,217,201,16,76,71,5,141,130,11,66,66,0,11,11,0,55,55,0,5,5,0,168,162,6
S01012417,544,514,30,277,262,15,200,185,15,78,74,4,122,111,11,64,64,0,15,15,0,49,49,0,13,13,0,267,252,15
S01012418,680,645,35,413,392,21,236,224,12,68,67,1,168,157,11,146,138,8,35,34,1,111,104,7,31,30,1,267,253,14
S01012419,678,654,24,372,359,13,215,204,11,74,72,2,141,132,9,129,127,2,28,27,1,101,100,1,28,28,0,306,295,11
S01012420,694,687,7,418,414,4,332,328,4,108,106,2,224,222,2,52,52,0,13,13,0,39,39,0,34,34,0,276,273,3
S01012421,629,599,30,382,358,24,278,256,22,68,66,2,210,190,20,79,78,1,13,13,0,66,65,1,25,24,1,247,241,6
S01012422,725,692,33,443,418,25,316,295,21,98,93,5,218,202,16,94,92,2,28,28,0,66,64,2,33,31,2,282,274,8
S01012423,696,676,20,423,412,11,310,303,7,93,89,4,217,214,3,85,83,2,18,17,1,67,66,1,28,26,2,273,264,9
S01012424,752,739,13,473,464,9,383,374,9,145,139,6,238,235,3,40,40,0,16,16,0,24,24,0,50,50,0,279,275,4
S01012425,497,484,13,210,202,8,176,170,6,63,63,0,113,107,6,16,15,1,2,2,0,14,13,1,18,17,1,287,282,5
S01012426,383,372,11,206,198,8,154,147,7,68,63,5,86,84,2,15,15,0,2,2,0,13,13,0,37,36,1,177,174,3
S01012427,523,516,7,289,287,2,234,232,2,101,100,1,133,132,1,16,16,0,3,3,0,13,13,0,39,39,0,234,229,5
S01012428,539,517,22,316,299,17,267,251,16,100,93,7,167,158,9,26,25,1,6,6,0,20,19,1,23,23,0,223,218,5
S01012429,466,457,9,228,222,6,184,178,6,53,52,1,131,126,5,22,22,0,4,4,0,18,18,0,22,22,0,238,235,3
S01012430,475,464,11,267,261,6,223,219,4,72,70,2,151,149,2,29,27,2,7,6,1,22,21,1,15,15,0,208,203,5
S01012431,790,751,39,413,386,27,290,273,17,101,94,7,189,179,10,93,86,7,19,17,2,74,69,5,30,27,3,377,365,12
S01012432,622,602,20,281,272,9,224,217,7,75,70,5,149,147,2,30,28,2,7,6,1,23,22,1,27,27,0,341,330,11
S01012433,440,426,14,253,246,7,206,201,5,64,63,1,142,138,4,29,28,1,10,10,0,19,18,1,18,17,1,187,180,7
S01012434,578,567,11,349,341,8,282,276,6,82,81,1,200,195,5,29,29,0,13,13,0,16,16,0,38,36,2,229,226,3
S01012435,527,517,10,328,322,6,253,248,5,86,85,1,167,163,4,32,31,1,8,7,1,24,24,0,43,43,0,199,195,4
S01012436,595,568,27,349,331,18,270,258,12,92,90,2,178,168,10,29,27,2,8,7,1,21,20,1,50,46,4,246,237,9
S01012437,616,612,4,370,368,2,301,300,1,93,92,1,208,208,0,34,33,1,7,7,0,27,26,1,35,35,0,246,244,2
S01012438,534,514,20,351,339,12,263,257,6,78,76,2,185,181,4,47,41,6,13,13,0,34,28,6,41,41,0,183,175,8
S01012439,645,629,16,341,330,11,266,260,6,81,79,2,185,181,4,33,32,1,6,6,0,27,26,1,42,38,4,304,299,5
S01012440,444,429,15,285,278,7,221,217,4,62,61,1,159,156,3,47,44,3,15,14,1,32,30,2,17,17,0,159,151,8
S01012441,764,743,21,482,466,16,340,330,10,112,109,3,228,221,7,120,117,3,30,29,1,90,88,2,22,19,3,282,277,5
S01012442,808,758,50,515,483,32,386,359,27,109,103,6,277,256,21,100,96,4,27,26,1,73,70,3,29,28,1,293,275,18
S01012443,616,595,21,423,407,16,319,304,15,96,92,4,223,212,11,81,81,0,15,15,0,66,66,0,23,22,1,193,188,5
S01012444,712,682,30,350,330,20,274,258,16,76,73,3,198,185,13,57,55,2,14,13,1,43,42,1,19,17,2,362,352,10
S01012445,403,373,30,280,258,22,208,191,17,61,55,6,147,136,11,54,50,4,17,17,0,37,33,4,18,17,1,123,115,8
S01012446,430,418,12,258,253,5,212,208,4,67,67,0,145,141,4,21,20,1,6,5,1,15,15,0,25,25,0,172,165,7
S01012447,725,713,12,470,462,8,389,384,5,103,102,1,286,282,4,59,57,2,26,24,2,33,33,0,22,21,1,255,251,4
S01012448,712,686,26,470,455,15,368,355,13,93,90,3,275,265,10,73,72,1,16,16,0,57,56,1,29,28,1,242,231,11
S01012449,482,469,13,329,320,9,276,269,7,68,66,2,208,203,5,34,33,1,4,4,0,30,29,1,19,18,1,153,149,4
S01012450,700,677,23,447,431,16,331,319,12,88,87,1,243,232,11,98,96,2,22,22,0,76,74,2,18,16,2,253,246,7
S01012451,787,757,30,330,317,13,250,239,11,77,73,4,173,166,7,64,62,2,18,18,0,46,44,2,16,16,0,457,440,17
S01012452,505,488,17,265,255,10,221,212,9,66,63,3,155,149,6,36,35,1,13,12,1,23,23,0,8,8,0,240,233,7
S01012453,699,670,29,392,376,16,299,286,13,90,88,2,209,198,11,75,72,3,23,23,0,52,49,3,18,18,0,307,294,13
S01012454,578,556,22,293,279,14,233,222,11,81,78,3,152,144,8,40,38,2,13,13,0,27,25,2,20,19,1,285,277,8
S01012455,498,468,30,256,234,22,180,170,10,62,61,1,118,109,9,65,54,11,16,13,3,49,41,8,11,10,1,242,234,8
S01012456,649,617,32,318,303,15,250,238,12,87,83,4,163,155,8,49,48,1,8,8,0,41,40,1,19,17,2,331,314,17
S01012457,757,730,27,338,323,15,261,251,10,81,79,2,180,172,8,60,55,5,19,18,1,41,37,4,17,17,0,419,407,12
S01012458,669,644,25,353,338,15,265,254,11,77,74,3,188,180,8,69,66,3,20,19,1,49,47,2,19,18,1,316,306,10
S01012459,584,554,30,405,381,24,346,324,22,115,103,12,231,221,10,41,39,2,13,11,2,28,28,0,18,18,0,179,173,6
S01012460,473,452,21,251,237,14,200,189,11,62,61,1,138,128,10,34,34,0,6,6,0,28,28,0,17,14,3,222,215,7
S01012461,450,433,17,283,271,12,238,226,12,81,75,6,157,151,6,26,26,0,5,5,0,21,21,0,19,19,0,167,162,5
S01012462,653,643,10,373,365,8,293,288,5,99,98,1,194,190,4,24,22,2,9,8,1,15,14,1,56,55,1,280,278,2
S01012463,480,467,13,291,279,12,225,215,10,76,71,5,149,144,5,30,30,0,8,8,0,22,22,0,36,34,2,189,188,1
S01012464,491,467,24,345,331,14,266,256,10,101,99,2,165,157,8,24,23,1,6,6,0,18,17,1,55,52,3,146,136,10
S01012465,566,555,11,350,344,6,288,283,5,80,79,1,208,204,4,26,26,0,3,3,0,23,23,0,36,35,1,216,211,5
S01012466,673,651,22,374,361,13,278,269,9,96,92,4,182,177,5,57,56,1,17,17,0,40,39,1,39,36,3,299,290,9
S01012467,562,538,24,333,316,17,267,254,13,83,78,5,184,176,8,38,36,2,14,14,0,24,22,2,28,26,2,229,222,7
S01012468,618,597,21,377,367,10,309,299,10,95,94,1,214,205,9,40,40,0,10,10,0,30,30,0,28,28,0,241,230,11
S01012469,676,640,36,362,341,21,281,265,16,90,84,6,191,181,10,65,62,3,16,16,0,49,46,3,16,14,2,314,299,15
S01012470,827,805,22,443,433,10,366,358,8,108,105,3,258,253,5,41,39,2,15,15,0,26,24,2,36,36,0,384,372,12
S01012471,732,701,31,390,376,14,283,269,14,84,82,2,199,187,12,95,95,0,21,21,0,74,74,0,12,12,0,342,325,17
S01012472,614,589,25,296,283,13,243,232,11,71,66,5,172,166,6,39,38,1,12,12,0,27,26,1,14,13,1,318,306,12
S01012473,470,443,27,284,265,19,241,225,16,69,67,2,172,158,14,31,29,2,7,7,0,24,22,2,12,11,1,186,178,8
S01012474,629,603,26,323,307,16,266,252,14,92,86,6,174,166,8,34,32,2,12,11,1,22,21,1,23,23,0,306,296,10
S01012475,558,540,18,286,277,9,244,237,7,73,72,1,171,165,6,26,24,2,8,7,1,18,17,1,16,16,0,272,263,9
S01012476,770,745,25,448,433,15,373,359,14,122,118,4,251,241,10,33,33,0,10,10,0,23,23,0,42,41,1,322,312,10
S01012477,571,554,17,370,359,11,326,317,9,99,96,3,227,221,6,27,25,2,5,4,1,22,21,1,17,17,0,201,195,6
S01012478,690,673,17,440,427,13,368,359,9,142,140,2,226,219,7,43,40,3,19,18,1,24,22,2,29,28,1,250,246,4
S01012479,554,537,17,409,395,14,339,326,13,106,101,5,233,225,8,53,53,0,19,19,0,34,34,0,17,16,1,145,142,3
S01012480,480,433,47,306,269,37,250,219,31,58,51,7,192,168,24,34,30,4,5,5,0,29,25,4,22,20,2,174,164,10
S01012481,714,641,73,471,417,54,362,320,42,100,87,13,262,233,29,49,46,3,16,15,1,33,31,2,60,51,9,243,224,19
S01012482,741,696,45,359,328,31,251,225,26,71,67,4,180,158,22,62,57,5,16,15,1,46,42,4,46,46,0,382,368,14
S01012483,811,738,73,434,386,48,338,297,41,108,98,10,230,199,31,40,35,5,15,14,1,25,21,4,56,54,2,377,352,25
S01012484,674,636,38,373,348,25,278,259,19,80,75,5,198,184,14,70,66,4,20,20,0,50,46,4,25,23,2,301,288,13
S01012485,743,699,44,381,350,31,283,261,22,78,74,4,205,187,18,81,74,7,18,15,3,63,59,4,17,15,2,362,349,13
S01012486,587,562,25,206,195,11,151,143,8,50,46,4,101,97,4,47,44,3,18,18,0,29,26,3,8,8,0,381,367,14
S01012487,529,504,25,336,319,17,267,257,10,84,79,5,183,178,5,37,35,2,7,6,1,30,29,1,32,27,5,193,185,8
S01012488,807,784,23,471,457,14,399,389,10,116,113,3,283,276,7,36,33,3,4,4,0,32,29,3,36,35,1,336,327,9
S01012489,845,793,52,516,478,38,386,358,28,128,118,10,258,240,18,32,26,6,10,9,1,22,17,5,98,94,4,329,315,14
S01012490,860,809,51,505,461,44,387,347,40,116,106,10,271,241,30,32,30,2,6,6,0,26,24,2,86,84,2,355,348,7
S01012491,359,343,16,233,223,10,161,153,8,58,57,1,103,96,7,9,8,1,3,3,0,6,5,1,63,62,1,126,120,6
S01012492,699,664,35,341,318,23,231,214,17,81,74,7,150,140,10,23,19,4,6,6,0,17,13,4,87,85,2,358,346,12
S01012493,606,577,29,230,216,14,194,180,14,59,48,11,135,132,3,18,18,0,4,4,0,14,14,0,18,18,0,376,361,15
S01012494,802,758,44,464,442,22,377,360,17,150,140,10,227,220,7,33,32,1,13,12,1,20,20,0,54,50,4,338,316,22
S01012495,862,845,17,498,487,11,401,392,9,145,143,2,256,249,7,29,27,2,9,9,0,20,18,2,68,68,0,364,358,6
S01012496,639,627,12,369,361,8,300,294,6,128,128,0,172,166,6,22,21,1,8,7,1,14,14,0,47,46,1,270,266,4
S01012497,426,421,5,229,224,5,179,174,5,75,72,3,104,102,2,12,12,0,2,2,0,10,10,0,38,38,0,197,197,0
S01012498,637,619,18,352,344,8,265,259,6,110,109,1,155,150,5,14,14,0,5,5,0,9,9,0,73,71,2,285,275,10
S01012499,589,576,13,334,324,10,257,251,6,94,89,5,163,162,1,21,18,3,4,3,1,17,15,2,56,55,1,255,252,3
S01012500,377,364,13,227,217,10,172,164,8,71,70,1,101,94,7,11,11,0,1,1,0,10,10,0,44,42,2,150,147,3
S01012501,449,440,9,243,239,4,199,196,3,85,83,2,114,113,1,1,1,0,1,1,0,0,0,0,43,42,1,206,201,5
S01012502,602,591,11,351,344,7,235,231,4,116,114,2,119,117,2,24,23,1,7,7,0,17,16,1,92,90,2,251,247,4
S01012503,523,517,6,282,278,4,221,218,3,97,96,1,124,122,2,19,19,0,7,7,0,12,12,0,42,41,1,241,239,2
S01012504,489,479,10,295,291,4,226,222,4,82,80,2,144,142,2,17,17,0,4,4,0,13,13,0,52,52,0,194,188,6
S01012505,869,847,22,502,487,15,389,374,15,130,124,6,259,250,9,43,43,0,10,10,0,33,33,0,70,70,0,367,360,7
S01012506,434,419,15,231,218,13,189,178,11,57,53,4,132,125,7,27,25,2,4,4,0,23,21,2,15,15,0,203,201,2
S01012507,815,799,16,465,455,10,388,380,8,121,120,1,267,260,7,36,34,2,11,10,1,25,24,1,41,41,0,350,344,6
S01012508,653,628,25,407,389,18,341,325,16,94,88,6,247,237,10,31,30,1,4,4,0,27,26,1,35,34,1,246,239,7
S01012509,459,447,12,286,281,5,236,232,4,87,84,3,149,148,1,35,34,1,8,8,0,27,26,1,15,15,0,173,166,7
S01012510,710,695,15,486,476,10,424,417,7,119,118,1,305,299,6,31,29,2,12,10,2,19,19,0,31,30,1,224,219,5
S01012511,552,539,13,359,349,10,331,324,7,109,106,3,222,218,4,13,13,0,5,5,0,8,8,0,15,12,3,193,190,3
S01012512,515,493,22,326,309,17,250,236,14,81,78,3,169,158,11,36,35,1,14,13,1,22,22,0,40,38,2,189,184,5
S01012513,446,427,19,324,314,10,291,281,10,94,91,3,197,190,7,22,22,0,5,5,0,17,17,0,11,11,0,122,113,9
S01012514,738,716,22,616,598,18,535,522,13,144,139,5,391,383,8,56,52,4,16,16,0,40,36,4,25,24,1,122,118,4
S01012515,529,513,16,281,270,11,230,221,9,85,83,2,145,138,7,21,20,1,2,2,0,19,18,1,30,29,1,248,243,5
S01012516,536,511,25,298,283,15,246,234,12,86,82,4,160,152,8,24,22,2,6,5,1,18,17,1,28,27,1,238,228,10
S01012517,694,657,37,455,428,27,377,360,17,132,126,6,245,234,11,36,30,6,14,10,4,22,20,2,42,38,4,239,229,10
S01012518,488,470,18,288,275,13,227,216,11,69,66,3,158,150,8,41,40,1,6,6,0,35,34,1,20,19,1,200,195,5
S01012519,460,424,36,261,240,21,199,187,12,61,56,5,138,131,7,44,37,7,10,7,3,34,30,4,18,16,2,199,184,15
S01012520,715,693,22,386,375,11,319,310,9,100,95,5,219,215,4,48,47,1,17,16,1,31,31,0,19,18,1,329,318,11
S01012521,437,418,19,264,248,16,208,195,13,47,45,2,161,150,11,39,36,3,10,9,1,29,27,2,17,17,0,173,170,3
S01012522,737,704,33,425,404,21,321,305,16,106,101,5,215,204,11,82,78,4,27,26,1,55,52,3,22,21,1,312,300,12
S01012523,750,733,17,452,442,10,381,372,9,128,126,2,253,246,7,43,42,1,11,11,0,32,31,1,28,28,0,298,291,7
S01012524,785,761,24,402,391,11,334,326,8,92,89,3,242,237,5,49,46,3,9,8,1,40,38,2,19,19,0,383,370,13
S01012525,632,611,21,399,385,14,341,328,13,87,81,6,254,247,7,42,41,1,12,12,0,30,29,1,16,16,0,233,226,7
S01012526,665,645,20,369,359,10,304,298,6,97,96,1,207,202,5,50,47,3,10,9,1,40,38,2,15,14,1,296,286,10
S01012527,539,527,12,295,287,8,243,235,8,77,72,5,166,163,3,37,37,0,14,14,0,23,23,0,15,15,0,244,240,4
S01012528,660,633,27,430,412,18,374,363,11,134,130,4,240,233,7,32,29,3,6,5,1,26,24,2,24,20,4,230,221,9
S01012529,621,605,16,372,362,10,310,301,9,113,111,2,197,190,7,33,32,1,8,8,0,25,24,1,29,29,0,249,243,6
S01012530,759,740,19,412,401,11,354,345,9,106,103,3,248,242,6,33,31,2,9,9,0,24,22,2,25,25,0,347,339,8
S01012531,621,591,30,408,383,25,325,302,23,83,78,5,242,224,18,55,53,2,26,26,0,29,27,2,28,28,0,213,208,5
S01012532,660,646,14,409,400,9,318,310,8,92,92,0,226,218,8,66,65,1,22,21,1,44,44,0,25,25,0,251,246,5
S01012533,467,445,22,291,277,14,248,238,10,57,55,2,191,183,8,27,25,2,8,7,1,19,18,1,16,14,2,176,168,8
S01012534,537,521,16,285,275,10,245,236,9,64,63,1,181,173,8,21,20,1,8,7,1,13,13,0,19,19,0,252,246,6
S01012535,685,679,6,440,436,4,366,364,2,118,117,1,248,247,1,36,36,0,6,6,0,30,30,0,38,36,2,245,243,2
S01012536,623,605,18,400,391,9,312,306,6,114,113,1,198,193,5,48,45,3,17,15,2,31,30,1,40,40,0,223,214,9
S01012537,674,646,28,391,371,20,299,286,13,104,102,2,195,184,11,35,34,1,16,16,0,19,18,1,57,51,6,283,275,8
S01012538,909,888,21,526,513,13,422,412,10,133,129,4,289,283,6,47,45,2,9,8,1,38,37,1,57,56,1,383,375,8
S01012539,584,571,13,367,358,9,267,262,5,78,76,2,189,186,3,75,73,2,17,16,1,58,57,1,25,23,2,217,213,4
S01012540,568,560,8,332,329,3,254,252,2,77,76,1,177,176,1,32,32,0,14,14,0,18,18,0,46,45,1,236,231,5
S01012541,859,842,17,598,587,11,418,409,9,156,155,1,262,254,8,144,143,1,30,29,1,114,114,0,36,35,1,261,255,6
S01012542,797,777,20,421,417,4,336,332,4,100,99,1,236,233,3,55,55,0,11,11,0,44,44,0,30,30,0,376,360,16
S01012543,549,524,25,376,357,19,282,269,13,79,76,3,203,193,10,74,70,4,22,20,2,52,50,2,20,18,2,173,167,6
S01012544,670,659,11,397,389,8,318,312,6,99,97,2,219,215,4,57,55,2,19,17,2,38,38,0,22,22,0,273,270,3
S01012545,377,366,11,239,234,5,187,182,5,64,62,2,123,120,3,26,26,0,7,7,0,19,19,0,26,26,0,138,132,6
S01012546,648,627,21,419,410,9,319,313,6,97,96,1,222,217,5,59,57,2,16,15,1,43,42,1,41,40,1,229,217,12
S01012547,627,610,17,322,313,9,255,246,9,75,71,4,180,175,5,46,46,0,18,18,0,28,28,0,21,21,0,305,297,8
S01012548,712,687,25,397,381,16,322,307,15,83,82,1,239,225,14,50,49,1,8,8,0,42,41,1,25,25,0,315,306,9
S01012549,438,419,19,275,263,12,226,216,10,73,70,3,153,146,7,17,16,1,4,4,0,13,12,1,32,31,1,163,156,7
S01012550,670,648,22,418,408,10,332,323,9,113,111,2,219,212,7,46,45,1,20,20,0,26,25,1,40,40,0,252,240,12
S01012551,677,643,34,467,444,23,401,385,16,126,120,6,275,265,10,52,47,5,19,18,1,33,29,4,14,12,2,210,199,11
S01012552,761,749,12,482,473,9,397,390,7,109,109,0,288,281,7,66,65,1,29,28,1,37,37,0,19,18,1,279,276,3
S01012553,652,629,23,487,477,10,415,405,10,115,111,4,300,294,6,49,49,0,18,18,0,31,31,0,23,23,0,165,152,13
S01012554,387,375,12,247,240,7,210,204,6,71,69,2,139,135,4,26,26,0,6,6,0,20,20,0,11,10,1,140,135,5
S01012555,437,422,15,286,274,12,252,240,12,76,72,4,176,168,8,26,26,0,5,5,0,21,21,0,8,8,0,151,148,3
S01012556,486,475,11,294,285,9,242,234,8,67,65,2,175,169,6,38,37,1,13,12,1,25,25,0,14,14,0,192,190,2
S01012557,533,516,17,288,278,10,224,216,8,69,67,2,155,149,6,40,38,2,9,7,2,31,31,0,24,24,0,245,238,7
S01012558,489,465,24,314,294,20,257,241,16,86,82,4,171,159,12,20,18,2,8,8,0,12,10,2,37,35,2,175,171,4
S01012559,661,629,32,335,311,24,257,238,19,69,67,2,188,171,17,36,32,4,10,9,1,26,23,3,42,41,1,326,318,8
S01012560,446,438,8,230,225,5,195,191,4,59,59,0,136,132,4,19,19,0,6,6,0,13,13,0,16,15,1,216,213,3
S01012561,626,607,19,341,330,11,295,286,9,82,78,4,213,208,5,24,24,0,6,6,0,18,18,0,22,20,2,285,277,8
S01012562,641,618,23,377,362,15,304,290,14,80,76,4,224,214,10,32,31,1,12,12,0,20,19,1,41,41,0,264,256,8
S01012563,560,536,24,260,244,16,206,193,13,64,61,3,142,132,10,43,40,3,7,6,1,36,34,2,11,11,0,300,292,8
S01012564,703,665,38,371,354,17,283,270,13,94,88,6,189,182,7,73,70,3,26,25,1,47,45,2,15,14,1,332,311,21
S01012565,663,643,20,331,321,10,264,256,8,86,84,2,178,172,6,57,55,2,19,17,2,38,38,0,10,10,0,332,322,10
S01012566,642,594,48,379,345,34,294,265,29,71,62,9,223,203,20,58,54,4,10,8,2,48,46,2,27,26,1,263,249,14
S01012567,897,851,46,525,491,34,410,380,30,122,115,7,288,265,23,64,61,3,20,19,1,44,42,2,51,50,1,372,360,12
S01012568,519,501,18,252,241,11,183,174,9,44,43,1,139,131,8,50,48,2,16,16,0,34,32,2,19,19,0,267,260,7
S01012569,709,683,26,339,324,15,237,227,10,87,84,3,150,143,7,89,86,3,26,25,1,63,61,2,13,11,2,370,359,11
S01012570,392,380,12,254,246,8,192,184,8,57,55,2,135,129,6,49,49,0,9,9,0,40,40,0,13,13,0,138,134,4
S01012571,672,648,24,440,423,17,302,293,9,76,74,2,226,219,7,102,94,8,27,23,4,75,71,4,36,36,0,232,225,7
S01012572,435,415,20,287,273,14,204,193,11,53,49,4,151,144,7,61,59,2,11,10,1,50,49,1,22,21,1,148,142,6
S01012573,677,646,31,453,435,18,335,320,15,80,75,5,255,245,10,111,108,3,20,19,1,91,89,2,7,7,0,224,211,13
S01012574,715,700,15,469,459,10,355,349,6,89,87,2,266,262,4,94,91,3,25,23,2,69,68,1,20,19,1,246,241,5
S01012575,542,516,26,356,337,19,267,253,14,87,84,3,180,169,11,66,61,5,19,18,1,47,43,4,23,23,0,186,179,7
S01012576,646,618,28,400,382,18,308,295,13,77,72,5,231,223,8,78,73,5,21,18,3,57,55,2,14,14,0,246,236,10
S01012577,618,594,24,425,404,21,320,302,18,95,88,7,225,214,11,88,85,3,16,14,2,72,71,1,17,17,0,193,190,3
S01012578,851,813,38,438,412,26,339,319,20,97,92,5,242,227,15,80,74,6,22,18,4,58,56,2,19,19,0,413,401,12
S01012579,547,523,24,369,352,17,275,260,15,82,76,6,193,184,9,67,65,2,16,14,2,51,51,0,27,27,0,178,171,7
S01012580,620,592,28,442,420,22,304,291,13,70,69,1,234,222,12,116,107,9,29,24,5,87,83,4,22,22,0,178,172,6
S01012581,577,558,19,381,371,10,288,282,6,70,69,1,218,213,5,34,32,2,10,9,1,24,23,1,59,57,2,196,187,9
S01012582,732,694,38,523,497,26,405,389,16,119,111,8,286,278,8,91,83,8,13,11,2,78,72,6,27,25,2,209,197,12
S01012583,584,568,16,388,378,10,323,315,8,83,83,0,240,232,8,26,24,2,5,3,2,21,21,0,39,39,0,196,190,6
S01012584,621,609,12,394,386,8,302,295,7,81,79,2,221,216,5,69,68,1,19,19,0,50,49,1,23,23,0,227,223,4
S01012585,676,649,27,435,420,15,346,337,9,90,87,3,256,250,6,44,42,2,9,9,0,35,33,2,45,41,4,241,229,12
S01012586,790,774,16,480,471,9,373,366,7,88,86,2,285,280,5,86,84,2,22,21,1,64,63,1,21,21,0,310,303,7
S01012587,708,699,9,485,480,5,363,359,4,97,97,0,266,262,4,101,101,0,20,20,0,81,81,0,21,20,1,223,219,4
S01012588,520,507,13,354,345,9,270,265,5,58,57,1,212,208,4,70,67,3,13,12,1,57,55,2,14,13,1,166,162,4
S01012589,565,552,13,364,353,11,315,306,9,79,78,1,236,228,8,24,22,2,4,3,1,20,19,1,25,25,0,201,199,2
S01012590,653,645,8,392,386,6,311,306,5,83,80,3,228,226,2,32,31,1,4,3,1,28,28,0,49,49,0,261,259,2
S01012591,653,637,16,312,301,11,259,250,9,69,68,1,190,182,8,15,14,1,5,5,0,10,9,1,38,37,1,341,336,5
S01012592,455,439,16,311,302,9,248,242,6,64,62,2,184,180,4,53,51,2,9,9,0,44,42,2,10,9,1,144,137,7
S01012593,676,668,8,494,490,4,437,433,4,97,97,0,340,336,4,34,34,0,7,7,0,27,27,0,23,23,0,182,178,4
S01012594,395,391,4,224,222,2,199,198,1,53,53,0,146,145,1,13,13,0,2,2,0,11,11,0,12,11,1,171,169,2
S01012595,532,521,11,323,317,6,266,263,3,64,63,1,202,200,2,31,30,1,6,6,0,25,24,1,26,24,2,209,204,5
S01012596,614,607,7,385,382,3,309,306,3,95,93,2,214,213,1,28,28,0,11,11,0,17,17,0,48,48,0,229,225,4
S01012597,351,335,16,276,264,12,231,222,9,49,45,4,182,177,5,20,19,1,3,3,0,17,16,1,25,23,2,75,71,4
S01012598,585,576,9,401,394,7,355,351,4,74,74,0,281,277,4,34,31,3,10,9,1,24,22,2,12,12,0,184,182,2
S01012599,565,546,19,335,327,8,282,277,5,61,61,0,221,216,5,38,35,3,12,10,2,26,25,1,15,15,0,230,219,11
S01012600,595,573,22,425,410,15,365,352,13,101,96,5,264,256,8,34,34,0,12,12,0,22,22,0,26,24,2,170,163,7
S01012601,724,704,20,538,524,14,472,462,10,123,121,2,349,341,8,50,47,3,7,7,0,43,40,3,16,15,1,186,180,6
S01012602,537,522,15,271,265,6,231,228,3,40,40,0,191,188,3,13,11,2,3,3,0,10,8,2,27,26,1,266,257,9
S01012603,588,580,8,338,333,5,273,268,5,70,70,0,203,198,5,28,28,0,5,5,0,23,23,0,37,37,0,250,247,3
S01012604,561,545,16,336,330,6,282,279,3,79,78,1,203,201,2,17,15,2,3,2,1,14,13,1,37,36,1,225,215,10
S01012605,436,430,6,228,225,3,197,196,1,60,60,0,137,136,1,15,15,0,5,5,0,10,10,0,16,14,2,208,205,3
S01012606,550,541,9,499,490,9,454,447,7,100,100,0,354,347,7,32,31,1,10,9,1,22,22,0,13,12,1,51,51,0
S01012607,624,611,13,420,412,8,341,334,7,91,88,3,250,246,4,46,45,1,15,14,1,31,31,0,33,33,0,204,199,5
S01012608,674,669,5,435,431,4,359,356,3,104,104,0,255,252,3,32,32,0,4,4,0,28,28,0,44,43,1,239,238,1
S01012609,680,676,4,405,401,4,337,333,4,101,100,1,236,233,3,24,24,0,11,11,0,13,13,0,44,44,0,275,275,0
S01012610,748,737,11,438,431,7,358,356,2,106,105,1,252,251,1,27,25,2,7,7,0,20,18,2,53,50,3,310,306,4
S01012611,697,685,12,435,425,10,366,359,7,97,97,0,269,262,7,42,39,3,10,10,0,32,29,3,27,27,0,262,260,2
S01012612,606,579,27,338,323,15,271,258,13,73,68,5,198,190,8,25,24,1,6,5,1,19,19,0,42,41,1,268,256,12
S01012613,549,542,7,365,360,5,301,296,5,85,85,0,216,211,5,21,21,0,4,4,0,17,17,0,43,43,0,184,182,2
S01012614,884,864,20,539,529,10,458,450,8,124,121,3,334,329,5,38,36,2,10,8,2,28,28,0,43,43,0,345,335,10
S01012615,572,561,11,357,351,6,266,262,4,80,78,2,186,184,2,68,66,2,18,18,0,50,48,2,23,23,0,215,210,5
S01012616,789,767,22,481,467,14,364,355,9,109,107,2,255,248,7,90,87,3,21,20,1,69,67,2,27,25,2,308,300,8
S01012617,354,346,8,236,232,4,185,182,3,45,43,2,140,139,1,43,42,1,6,6,0,37,36,1,8,8,0,118,114,4
S01012618,443,434,9,311,305,6,253,249,4,59,59,0,194,190,4,39,38,1,7,7,0,32,31,1,19,18,1,132,129,3
S01012619,490,471,19,257,245,12,199,190,9,54,51,3,145,139,6,26,24,2,3,2,1,23,22,1,32,31,1,233,226,7
S01012620,646,619,27,388,369,19,310,295,15,94,89,5,216,206,10,62,59,3,20,18,2,42,41,1,16,15,1,258,250,8
S01012621,512,496,16,277,265,12,225,217,8,55,55,0,170,162,8,33,30,3,13,13,0,20,17,3,19,18,1,235,231,4
S01012622,600,582,18,376,358,18,304,288,16,87,84,3,217,204,13,41,40,1,8,8,0,33,32,1,31,30,1,224,224,0
S01012623,555,531,24,324,307,17,274,259,15,85,82,3,189,177,12,27,26,1,8,8,0,19,18,1,23,22,1,231,224,7
S01012624,588,575,13,367,358,9,302,299,3,75,74,1,227,225,2,30,26,4,6,5,1,24,21,3,35,33,2,221,217,4
S01012625,455,450,5,286,283,3,238,236,2,69,69,0,169,167,2,21,21,0,6,6,0,15,15,0,27,26,1,169,167,2
S01012626,412,400,12,267,261,6,226,222,4,66,65,1,160,157,3,24,23,1,7,6,1,17,17,0,17,16,1,145,139,6
S01012627,431,421,10,277,271,6,208,203,5,67,66,1,141,137,4,30,30,0,6,6,0,24,24,0,39,38,1,154,150,4
S01012628,795,774,21,510,495,15,417,408,9,92,90,2,325,318,7,69,64,5,23,22,1,46,42,4,24,23,1,285,279,6
S01012629,401,379,22,268,256,12,215,209,6,57,56,1,158,153,5,39,35,4,10,8,2,29,27,2,14,12,2,133,123,10
S01012630,769,755,14,402,393,9,307,299,8,66,65,1,241,234,7,56,56,0,19,19,0,37,37,0,39,38,1,367,362,5
S01012631,727,706,21,484,469,15,393,382,11,117,114,3,276,268,8,34,33,1,10,10,0,24,23,1,57,54,3,243,237,6
S01012632,590,569,21,394,380,14,284,276,8,78,75,3,206,201,5,97,92,5,12,11,1,85,81,4,13,12,1,196,189,7
S01012633,568,548,20,365,350,15,243,233,10,67,66,1,176,167,9,96,91,5,27,25,2,69,66,3,26,26,0,203,198,5
S01012634,574,549,25,332,312,20,257,242,15,76,73,3,181,169,12,42,38,4,10,10,0,32,28,4,33,32,1,242,237,5
S01012635,878,862,16,573,560,13,453,444,9,103,102,1,350,342,8,85,83,2,25,25,0,60,58,2,35,33,2,305,302,3
S01012636,502,482,20,358,341,17,262,248,14,77,68,9,185,180,5,86,83,3,31,29,2,55,54,1,10,10,0,144,141,3
S01012637,664,653,11,392,385,7,318,313,5,95,93,2,223,220,3,22,21,1,9,8,1,13,13,0,52,51,1,272,268,4
S01012638,723,706,17,413,403,10,329,320,9,74,73,1,255,247,8,46,45,1,11,11,0,35,34,1,38,38,0,310,303,7
S01012639,683,674,9,427,421,6,345,340,5,93,90,3,252,250,2,41,41,0,12,12,0,29,29,0,41,40,1,256,253,3
S01012640,775,746,29,427,405,22,279,260,19,87,83,4,192,177,15,53,50,3,11,11,0,42,39,3,95,95,0,348,341,7
S01012641,944,919,25,460,445,15,364,351,13,102,100,2,262,251,11,44,42,2,10,10,0,34,32,2,52,52,0,484,474,10
S01012642,653,626,27,361,343,18,277,259,18,77,75,2,200,184,16,19,19,0,5,5,0,14,14,0,65,65,0,292,283,9
S01012643,375,367,8,229,226,3,190,187,3,50,48,2,140,139,1,14,14,0,6,6,0,8,8,0,25,25,0,146,141,5
S01012644,536,510,26,322,303,19,267,254,13,81,77,4,186,177,9,25,21,4,5,4,1,20,17,3,30,28,2,214,207,7
S01012645,684,662,22,414,397,17,326,313,13,87,84,3,239,229,10,58,54,4,10,9,1,48,45,3,30,30,0,270,265,5
S01012646,764,737,27,517,497,20,428,413,15,101,96,5,327,317,10,70,67,3,20,19,1,50,48,2,19,17,2,247,240,7
S01012647,529,506,23,444,424,20,390,372,18,69,65,4,321,307,14,32,32,0,8,8,0,24,24,0,22,20,2,85,82,3
S01012648,438,429,9,265,258,7,215,211,4,60,59,1,155,152,3,17,15,2,2,2,0,15,13,2,33,32,1,173,171,2
S01012649,550,527,23,340,321,19,274,257,17,89,81,8,185,176,9,34,33,1,7,7,0,27,26,1,32,31,1,210,206,4
S01012650,497,489,8,320,314,6,259,255,4,62,61,1,197,194,3,44,42,2,9,9,0,35,33,2,17,17,0,177,175,2
S01012651,523,512,11,308,298,10,251,242,9,88,87,1,163,155,8,13,13,0,4,4,0,9,9,0,44,43,1,215,214,1
S01012652,883,861,22,615,599,16,522,508,14,143,141,2,379,367,12,55,54,1,16,16,0,39,38,1,38,37,1,268,262,6
S01012653,704,693,11,469,462,7,354,351,3,96,96,0,258,255,3,55,52,3,8,7,1,47,45,2,60,59,1,235,231,4
S01012654,614,593,21,434,416,18,334,322,12,84,80,4,250,242,8,73,70,3,21,19,2,52,51,1,27,24,3,180,177,3
S01012655,964,947,17,541,529,12,431,420,11,110,108,2,321,312,9,65,64,1,12,12,0,53,52,1,45,45,0,423,418,5
S01012656,673,667,6,386,383,3,316,313,3,84,84,0,232,229,3,30,30,0,6,6,0,24,24,0,40,40,0,287,284,3
S01012657,455,445,10,252,244,8,219,212,7,64,60,4,155,152,3,17,16,1,5,5,0,12,11,1,16,16,0,203,201,2
S01012658,818,800,18,508,496,12,432,424,8,102,98,4,330,326,4,55,52,3,18,15,3,37,37,0,21,20,1,310,304,6
S01012659,771,748,23,611,594,17,539,526,13,155,152,3,384,374,10,54,50,4,10,10,0,44,40,4,18,18,0,160,154,6
S01012660,591,576,15,356,346,10,299,292,7,73,73,0,226,219,7,32,29,3,5,5,0,27,24,3,25,25,0,235,230,5
S01012661,645,636,9,435,431,4,351,350,1,85,85,0,266,265,1,59,56,3,11,10,1,48,46,2,25,25,0,210,205,5
S01012662,633,625,8,346,340,6,281,277,4,72,72,0,209,205,4,31,31,0,3,3,0,28,28,0,34,32,2,287,285,2
S01012663,597,590,7,360,357,3,295,293,2,71,71,0,224,222,2,43,43,0,10,10,0,33,33,0,22,21,1,237,233,4
S01012664,815,796,19,519,507,12,404,393,11,113,110,3,291,283,8,71,70,1,18,17,1,53,53,0,44,44,0,296,289,7
S01012665,565,559,6,309,306,3,237,235,2,75,74,1,162,161,1,26,26,0,7,7,0,19,19,0,46,45,1,256,253,3
S01012666,553,549,4,295,294,1,227,226,1,62,62,0,165,164,1,26,26,0,4,4,0,22,22,0,42,42,0,258,255,3
S01012667,482,472,10,268,260,8,197,192,5,59,59,0,138,133,5,26,23,3,2,2,0,24,21,3,45,45,0,214,212,2
S01012668,597,585,12,368,358,10,281,274,7,79,76,3,202,198,4,35,33,2,11,11,0,24,22,2,52,51,1,229,227,2
S01012669,618,610,8,379,376,3,353,350,3,80,79,1,273,271,2,11,11,0,4,4,0,7,7,0,15,15,0,239,234,5
S01012670,613,605,8,355,349,6,309,304,5,94,93,1,215,211,4,35,34,1,9,9,0,26,25,1,11,11,0,258,256,2
S01012671,762,749,13,475,468,7,397,394,3,117,117,0,280,277,3,43,40,3,7,7,0,36,33,3,35,34,1,287,281,6
S01012672,588,583,5,292,288,4,227,223,4,66,63,3,161,160,1,20,20,0,3,3,0,17,17,0,45,45,0,296,295,1
S01012673,478,472,6,287,281,6,235,229,6,78,78,0,157,151,6,13,13,0,4,4,0,9,9,0,39,39,0,191,191,0
S01012674,441,435,6,253,248,5,179,175,4,67,67,0,112,108,4,12,12,0,4,4,0,8,8,0,62,61,1,188,187,1
S01012675,641,628,13,381,370,11,299,293,6,78,75,3,221,218,3,32,29,3,11,9,2,21,20,1,50,48,2,260,258,2
S01012676,634,621,13,448,442,6,358,355,3,101,101,0,257,254,3,37,37,0,11,11,0,26,26,0,53,50,3,186,179,7
S01012677,476,469,7,280,275,5,220,216,4,66,64,2,154,152,2,24,24,0,5,5,0,19,19,0,36,35,1,196,194,2
S01012678,575,571,4,440,438,2,376,374,2,108,108,0,268,266,2,40,40,0,11,11,0,29,29,0,24,24,0,135,133,2
S01012679,668,646,22,395,377,18,330,317,13,90,85,5,240,232,8,42,38,4,11,8,3,31,30,1,23,22,1,273,269,4
S01012680,437,429,8,320,315,5,278,273,5,71,69,2,207,204,3,32,32,0,9,9,0,23,23,0,10,10,0,117,114,3
S01012681,568,553,15,366,358,8,271,265,6,71,69,2,200,196,4,61,61,0,12,12,0,49,49,0,34,32,2,202,195,7
S01012682,665,652,13,353,346,7,291,285,6,81,79,2,210,206,4,46,46,0,6,6,0,40,40,0,16,15,1,312,306,6
S01012683,604,599,5,415,412,3,327,325,2,111,110,1,216,215,1,29,29,0,7,7,0,22,22,0,59,58,1,189,187,2
S01012684,441,434,7,284,278,6,233,230,3,62,61,1,171,169,2,37,34,3,5,5,0,32,29,3,14,14,0,157,156,1
S01012685,623,612,11,415,407,8,333,326,7,94,94,0,239,232,7,38,38,0,8,8,0,30,30,0,44,43,1,208,205,3
S01012686,794,762,32,529,507,22,419,398,21,109,105,4,310,293,17,82,81,1,22,22,0,60,59,1,28,28,0,265,255,10
S01012687,456,448,8,218,213,5,167,164,3,58,58,0,109,106,3,45,43,2,18,17,1,27,26,1,6,6,0,238,235,3
S01012688,692,648,44,408,374,34,328,298,30,56,47,9,272,251,21,46,44,2,16,16,0,30,28,2,34,32,2,284,274,10
S01012689,392,384,8,243,238,5,195,190,5,65,65,0,130,125,5,39,39,0,11,11,0,28,28,0,9,9,0,149,146,3
S01012690,424,413,11,277,269,8,234,227,7,65,64,1,169,163,6,32,32,0,11,11,0,21,21,0,11,10,1,147,144,3
S01012691,595,566,29,389,364,25,312,295,17,89,87,2,223,208,15,49,48,1,12,12,0,37,36,1,28,21,7,206,202,4
S01012692,625,610,15,357,346,11,296,287,9,76,72,4,220,215,5,43,41,2,10,9,1,33,32,1,18,18,0,268,264,4
S01012693,701,676,25,498,476,22,405,387,18,120,115,5,285,272,13,68,66,2,16,15,1,52,51,1,25,23,2,203,200,3
S01012694,363,351,12,238,231,7,210,205,5,62,60,2,148,145,3,20,19,1,6,6,0,14,13,1,8,7,1,125,120,5
S01012695,651,632,19,445,435,10,301,292,9,94,93,1,207,199,8,119,119,0,18,18,0,101,101,0,25,24,1,206,197,9
S01012696,734,546,188,440,403,37,294,268,26,88,80,8,206,188,18,127,122,5,27,24,3,100,98,2,19,13,6,294,143,151
S01012697,405,388,17,269,258,11,189,183,6,52,51,1,137,132,5,76,72,4,14,12,2,62,60,2,4,3,1,136,130,6
S01012698,653,634,19,425,414,11,320,312,8,108,106,2,212,206,6,83,81,2,13,13,0,70,68,2,22,21,1,228,220,8
S01012699,847,829,18,581,565,16,424,415,9,122,119,3,302,296,6,127,120,7,20,18,2,107,102,5,30,30,0,266,264,2
S01012700,671,646,25,428,409,19,331,317,14,98,92,6,233,225,8,73,68,5,13,13,0,60,55,5,24,24,0,243,237,6
S01012701,467,456,11,277,270,7,232,228,4,69,69,0,163,159,4,34,32,2,10,9,1,24,23,1,11,10,1,190,186,4
S01012702,483,471,12,340,331,9,274,268,6,59,58,1,215,210,5,43,41,2,6,5,1,37,36,1,23,22,1,143,140,3
S01012703,464,448,16,382,372,10,327,318,9,96,92,4,231,226,5,34,34,0,6,6,0,28,28,0,21,20,1,82,76,6
S01012704,597,588,9,391,383,8,309,301,8,83,82,1,226,219,7,30,30,0,13,13,0,17,17,0,52,52,0,206,205,1
S01012705,584,549,35,470,445,25,412,391,21,113,109,4,299,282,17,47,44,3,11,10,1,36,34,2,11,10,1,114,104,10
S01012706,557,547,10,349,341,8,284,277,7,88,84,4,196,193,3,25,25,0,7,7,0,18,18,0,40,39,1,208,206,2
S01012707,728,702,26,531,511,20,458,443,15,140,137,3,318,306,12,57,53,4,19,19,0,38,34,4,16,15,1,197,191,6
S01012708,595,584,11,354,346,8,275,271,4,73,71,2,202,200,2,25,25,0,3,3,0,22,22,0,54,50,4,241,238,3
S01012709,430,415,15,238,230,8,202,196,6,64,62,2,138,134,4,15,14,1,2,1,1,13,13,0,21,20,1,192,185,7
S01012710,605,587,18,367,354,13,305,295,10,85,83,2,220,212,8,33,31,2,5,4,1,28,27,1,29,28,1,238,233,5
S01012711,716,701,15,396,385,11,308,300,8,92,85,7,216,215,1,25,24,1,12,11,1,13,13,0,63,61,2,320,316,4
S01012712,695,668,27,394,379,15,328,317,11,93,89,4,235,228,7,39,35,4,7,6,1,32,29,3,27,27,0,301,289,12
S01012713,614,590,24,347,329,18,294,282,12,70,68,2,224,214,10,36,33,3,11,10,1,25,23,2,17,14,3,267,261,6
S01012714,516,501,15,278,269,9,235,229,6,67,65,2,168,164,4,33,32,1,6,6,0,27,26,1,10,8,2,238,232,6
S01012715,624,586,38,370,338,32,306,276,30,69,64,5,237,212,25,27,26,1,8,7,1,19,19,0,37,36,1,254,248,6
S01012716,739,709,30,394,378,16,301,291,10,84,80,4,217,211,6,73,68,5,17,13,4,56,55,1,20,19,1,345,331,14
S01012717,869,826,43,483,450,33,387,356,31,77,73,4,310,283,27,47,47,0,13,13,0,34,34,0,49,47,2,386,376,10
S01012718,868,807,61,509,460,49,410,375,35,85,82,3,325,293,32,60,52,8,18,17,1,42,35,7,39,33,6,359,347,12
S01012719,695,629,66,452,404,48,365,330,35,75,67,8,290,263,27,46,38,8,7,4,3,39,34,5,41,36,5,243,225,18
S01012720,464,415,49,347,310,37,283,257,26,51,47,4,232,210,22,35,27,8,7,5,2,28,22,6,29,26,3,117,105,12
S01012721,538,515,23,323,307,16,279,266,13,71,67,4,208,199,9,28,25,3,7,7,0,21,18,3,16,16,0,215,208,7
S01012722,631,604,27,327,309,18,257,246,11,63,60,3,194,186,8,19,18,1,4,4,0,15,14,1,51,45,6,304,295,9
S01012723,572,558,14,329,317,12,250,242,8,76,74,2,174,168,6,41,40,1,15,15,0,26,25,1,38,35,3,243,241,2
S01012724,631,598,33,384,360,24,319,300,19,75,69,6,244,231,13,43,38,5,11,11,0,32,27,5,22,22,0,247,238,9
S01012725,767,702,65,513,464,49,428,389,39,97,89,8,331,300,31,46,41,5,11,8,3,35,33,2,39,34,5,254,238,16
S01012726,519,506,13,283,275,8,225,221,4,55,54,1,170,167,3,26,24,2,7,6,1,19,18,1,32,30,2,236,231,5
S01012727,566,549,17,335,322,13,247,236,11,76,75,1,171,161,10,25,24,1,7,7,0,18,17,1,63,62,1,231,227,4
S01012728,572,542,30,346,325,21,264,247,17,92,86,6,172,161,11,22,21,1,6,6,0,16,15,1,60,57,3,226,217,9
S01012729,671,642,29,463,439,24,391,374,17,96,92,4,295,282,13,42,37,5,10,8,2,32,29,3,30,28,2,208,203,5
S01012730,451,443,8,291,284,7,239,235,4,65,65,0,174,170,4,17,15,2,5,4,1,12,11,1,35,34,1,160,159,1
S01012731,626,605,21,381,371,10,325,319,6,88,87,1,237,232,5,24,21,3,11,10,1,13,11,2,32,31,1,245,234,11
S01012732,550,540,10,349,340,9,289,283,6,86,85,1,203,198,5,21,20,1,6,5,1,15,15,0,39,37,2,201,200,1
S01012733,764,732,32,657,632,25,547,526,21,116,110,6,431,416,15,86,83,3,14,14,0,72,69,3,24,23,1,107,100,7
S01012734,425,400,25,358,339,19,303,287,16,66,61,5,237,226,11,40,37,3,2,2,0,38,35,3,15,15,0,67,61,6
S01012735,401,392,9,231,223,8,198,192,6,45,45,0,153,147,6,10,9,1,1,0,1,9,9,0,23,22,1,170,169,1
S01012736,739,711,28,521,495,26,454,434,20,100,99,1,354,335,19,31,30,1,11,10,1,20,20,0,36,31,5,218,216,2
S01012737,634,601,33,466,444,22,403,386,17,77,73,4,326,313,13,46,43,3,9,9,0,37,34,3,17,15,2,168,157,11
S01012738,506,485,21,320,306,14,270,262,8,78,74,4,192,188,4,29,25,4,8,8,0,21,17,4,21,19,2,186,179,7
S01012739,614,557,57,527,487,40,429,403,26,103,96,7,326,307,19,72,60,12,12,11,1,60,49,11,26,24,2,87,70,17
S01012740,624,589,35,524,494,30,430,408,22,90,85,5,340,323,17,71,64,7,13,12,1,58,52,6,23,22,1,100,95,5
S01012741,489,478,11,385,377,8,335,328,7,67,64,3,268,264,4,37,37,0,5,5,0,32,32,0,13,12,1,104,101,3
S01012742,593,564,29,398,379,19,347,333,14,89,86,3,258,247,11,41,37,4,13,11,2,28,26,2,10,9,1,195,185,10
S01012743,506,497,9,334,331,3,291,288,3,85,85,0,206,203,3,32,32,0,11,11,0,21,21,0,11,11,0,172,166,6
S01012744,575,556,19,441,425,16,393,379,14,85,84,1,308,295,13,35,34,1,7,6,1,28,28,0,13,12,1,134,131,3
S01012745,602,572,30,373,352,21,319,305,14,74,70,4,245,235,10,37,33,4,5,4,1,32,29,3,17,14,3,229,220,9
S01012746,630,604,26,474,456,18,406,390,16,93,90,3,313,300,13,44,43,1,9,9,0,35,34,1,24,23,1,156,148,8
S01012747,684,660,24,432,413,19,347,335,12,90,88,2,257,247,10,33,30,3,9,9,0,24,21,3,52,48,4,252,247,5
S01012748,648,627,21,372,360,12,283,275,8,98,96,2,185,179,6,30,27,3,8,6,2,22,21,1,59,58,1,276,267,9
S01012749,685,627,58,428,384,44,307,271,36,86,77,9,221,194,27,39,33,6,12,9,3,27,24,3,82,80,2,257,243,14
S01012750,615,561,54,402,359,43,315,283,32,113,104,9,202,179,23,23,22,1,7,7,0,16,15,1,64,54,10,213,202,11
S01012751,706,683,23,379,364,15,307,294,13,80,77,3,227,217,10,28,27,1,11,10,1,17,17,0,44,43,1,327,319,8
S01012752,670,651,19,451,442,9,367,362,5,95,95,0,272,267,5,37,35,2,5,5,0,32,30,2,47,45,2,219,209,10
S01012753,386,377,9,227,225,2,182,180,2,62,61,1,120,119,1,15,15,0,5,5,0,10,10,0,30,30,0,159,152,7
S01012754,476,470,6,280,276,4,220,216,4,51,50,1,169,166,3,24,24,0,9,9,0,15,15,0,36,36,0,196,194,2
S01012755,442,430,12,217,207,10,165,158,7,53,51,2,112,107,5,9,7,2,4,3,1,5,4,1,43,42,1,225,223,2
S01012756,460,448,12,220,213,7,183,178,5,42,40,2,141,138,3,22,22,0,3,3,0,19,19,0,15,13,2,240,235,5
S01012757,400,391,9,229,222,7,193,186,7,56,55,1,137,131,6,17,17,0,3,3,0,14,14,0,19,19,0,171,169,2
S01012758,499,477,22,296,278,18,237,227,10,65,64,1,172,163,9,28,25,3,5,5,0,23,20,3,31,26,5,203,199,4
S01012759,585,578,7,345,342,3,278,276,2,88,88,0,190,188,2,24,23,1,6,6,0,18,17,1,43,43,0,240,236,4
S01012760,784,757,27,438,423,15,342,331,11,102,99,3,240,232,8,25,24,1,7,7,0,18,17,1,71,68,3,346,334,12
S01012761,654,632,22,418,404,14,341,329,12,86,82,4,255,247,8,34,33,1,9,9,0,25,24,1,43,42,1,236,228,8
S01012762,609,589,20,372,360,12,325,314,11,82,78,4,243,236,7,28,27,1,7,7,0,21,20,1,19,19,0,237,229,8
S01012763,349,343,6,210,206,4,183,179,4,50,49,1,133,130,3,11,11,0,2,2,0,9,9,0,16,16,0,139,137,2
S01012764,623,611,12,372,362,10,305,297,8,77,73,4,228,224,4,26,25,1,6,6,0,20,19,1,41,40,1,251,249,2
S01012765,586,565,21,379,362,17,319,306,13,90,87,3,229,219,10,27,24,3,5,5,0,22,19,3,33,32,1,207,203,4
S01012766,693,678,15,470,456,14,393,379,14,107,105,2,286,274,12,37,37,0,11,11,0,26,26,0,40,40,0,223,222,1
S01012767,483,482,1,323,322,1,279,278,1,69,69,0,210,209,1,30,30,0,8,8,0,22,22,0,14,14,0,160,160,0
S01012768,616,605,11,433,426,7,384,379,5,105,103,2,279,276,3,33,31,2,6,6,0,27,25,2,16,16,0,183,179,4
S01012769,358,351,7,251,244,7,209,203,6,47,47,0,162,156,6,36,35,1,8,8,0,28,27,1,6,6,0,107,107,0
S01012770,698,677,21,431,418,13,354,346,8,85,84,1,269,262,7,39,37,2,7,7,0,32,30,2,38,35,3,267,259,8
S01012771,602,588,14,372,363,9,305,297,8,79,76,3,226,221,5,30,29,1,10,9,1,20,20,0,37,37,0,230,225,5
S01012772,544,537,7,333,328,5,270,266,4,100,99,1,170,167,3,23,23,0,6,6,0,17,17,0,40,39,1,211,209,2
S01012773,731,712,19,437,425,12,358,347,11,72,71,1,286,276,10,36,36,0,9,9,0,27,27,0,43,42,1,294,287,7
S01012774,745,724,21,516,500,16,427,414,13,94,91,3,333,323,10,33,32,1,3,3,0,30,29,1,56,54,2,229,224,5
S01012775,369,362,7,227,224,3,179,177,2,40,40,0,139,137,2,24,23,1,3,3,0,21,20,1,24,24,0,142,138,4
S01012776,637,625,12,391,382,9,325,319,6,104,101,3,221,218,3,23,21,2,5,5,0,18,16,2,43,42,1,246,243,3
S01012777,710,687,23,566,546,20,485,468,17,105,103,2,380,365,15,51,49,2,10,10,0,41,39,2,30,29,1,144,141,3
S01012778,543,526,17,385,371,14,311,299,12,73,66,7,238,233,5,24,23,1,8,8,0,16,15,1,50,49,1,158,155,3
S01012779,340,324,16,244,230,14,189,177,12,61,58,3,128,119,9,21,20,1,7,6,1,14,14,0,34,33,1,96,94,2
S01012780,567,540,27,335,313,22,268,247,21,80,76,4,188,171,17,19,18,1,8,8,0,11,10,1,48,48,0,232,227,5
S01012781,554,533,21,360,346,14,300,291,9,67,65,2,233,226,7,39,35,4,15,14,1,24,21,3,21,20,1,194,187,7
S01012782,509,488,21,291,277,14,231,218,13,73,67,6,158,151,7,16,16,0,5,5,0,11,11,0,44,43,1,218,211,7
S01012783,558,539,19,351,334,17,269,252,17,95,91,4,174,161,13,22,22,0,6,6,0,16,16,0,60,60,0,207,205,2
S01012784,629,604,25,408,387,21,344,328,16,69,66,3,275,262,13,17,17,0,2,2,0,15,15,0,47,42,5,221,217,4
S01012785,617,581,36,341,307,34,260,232,28,66,62,4,194,170,24,20,17,3,7,6,1,13,11,2,61,58,3,276,274,2
S01012786,589,525,64,347,293,54,242,193,49,69,61,8,173,132,41,15,11,4,3,2,1,12,9,3,90,89,1,242,232,10
S01012787,447,428,19,332,314,18,293,277,16,64,57,7,229,220,9,24,22,2,6,5,1,18,17,1,15,15,0,115,114,1
S01012788,495,474,21,300,286,14,227,219,8,60,59,1,167,160,7,20,17,3,1,1,0,19,16,3,53,50,3,195,188,7
S01012789,619,577,42,389,357,32,317,294,23,98,90,8,219,204,15,40,34,6,11,11,0,29,23,6,32,29,3,230,220,10
S01012790,507,486,21,368,350,18,319,301,18,77,75,2,242,226,16,37,37,0,5,5,0,32,32,0,12,12,0,139,136,3
S01012791,607,589,18,332,321,11,284,275,9,76,72,4,208,203,5,36,35,1,4,4,0,32,31,1,12,11,1,275,268,7
S01012792,872,830,42,465,429,36,387,356,31,96,87,9,291,269,22,37,36,1,7,7,0,30,29,1,41,37,4,407,401,6
S01012793,690,602,88,356,305,51,264,220,44,64,61,3,200,159,41,23,21,2,6,5,1,17,16,1,69,64,5,334,297,37
S01012794,551,492,59,361,318,43,301,262,39,41,33,8,260,229,31,39,36,3,3,3,0,36,33,3,21,20,1,190,174,16
S01012795,868,835,33,494,471,23,377,362,15,115,115,0,262,247,15,41,35,6,10,8,2,31,27,4,76,74,2,374,364,10
S01012796,611,556,55,449,403,46,365,328,37,88,80,8,277,248,29,37,32,5,11,11,0,26,21,5,47,43,4,162,153,9
S01012797,548,510,38,389,356,33,317,286,31,80,75,5,237,211,26,18,17,1,2,1,1,16,16,0,54,53,1,159,154,5
S01012798,593,568,25,359,348,11,275,267,8,66,64,2,209,203,6,67,66,1,17,16,1,50,50,0,17,15,2,234,220,14
S01012799,666,617,49,388,349,39,294,262,32,75,65,10,219,197,22,83,76,7,18,15,3,65,61,4,11,11,0,278,268,10
S01012800,734,695,39,474,448,26,350,332,18,91,85,6,259,247,12,100,93,7,23,21,2,77,72,5,24,23,1,260,247,13
S01012801,390,370,20,202,191,11,150,139,11,32,27,5,118,112,6,40,40,0,7,7,0,33,33,0,12,12,0,188,179,9
S01012802,486,452,34,331,309,22,241,225,16,80,78,2,161,147,14,74,68,6,11,10,1,63,58,5,16,16,0,155,143,12
S01012803,573,555,18,383,371,12,333,323,10,89,86,3,244,237,7,33,31,2,8,8,0,25,23,2,17,17,0,190,184,6
S01012804,624,607,17,392,382,10,309,302,7,93,91,2,216,211,5,46,44,2,19,19,0,27,25,2,37,36,1,232,225,7
S01012805,742,723,19,479,468,11,395,389,6,108,107,1,287,282,5,32,28,4,9,8,1,23,20,3,52,51,1,263,255,8
S01012806,583,553,30,385,365,20,309,293,16,77,74,3,232,219,13,40,38,2,9,7,2,31,31,0,36,34,2,198,188,10
S01012807,474,442,32,329,305,24,254,237,17,82,74,8,172,163,9,68,62,6,18,16,2,50,46,4,7,6,1,145,137,8
S01012808,873,859,14,545,534,11,425,416,9,103,101,2,322,315,7,85,83,2,18,18,0,67,65,2,35,35,0,328,325,3
S01012809,531,509,22,351,343,8,292,286,6,64,62,2,228,224,4,31,30,1,5,5,0,26,25,1,28,27,1,180,166,14
S01012810,786,769,17,425,415,10,337,331,6,75,73,2,262,258,4,38,36,2,11,10,1,27,26,1,50,48,2,361,354,7
S01012811,663,640,23,388,373,15,318,305,13,72,72,0,246,233,13,37,36,1,12,12,0,25,24,1,33,32,1,275,267,8
S01012812,557,539,18,400,387,13,342,331,11,86,85,1,256,246,10,41,40,1,11,11,0,30,29,1,17,16,1,157,152,5
S01012813,768,747,21,455,441,14,378,367,11,99,95,4,279,272,7,63,60,3,12,12,0,51,48,3,14,14,0,313,306,7
S01012814,640,618,22,513,496,17,437,424,13,98,96,2,339,328,11,50,47,3,10,10,0,40,37,3,26,25,1,127,122,5
S01012815,625,580,45,539,504,35,467,437,30,104,96,8,363,341,22,48,45,3,11,11,0,37,34,3,24,22,2,86,76,10
S01012816,434,405,29,336,316,20,274,260,14,70,67,3,204,193,11,41,37,4,5,5,0,36,32,4,21,19,2,98,89,9
S01012817,383,360,23,334,323,11,290,281,9,78,75,3,212,206,6,34,32,2,8,8,0,26,24,2,10,10,0,49,37,12
S01012818,627,586,41,471,443,28,401,384,17,94,90,4,307,294,13,45,39,6,12,9,3,33,30,3,25,20,5,156,143,13
S01012819,606,595,11,327,321,6,258,254,4,55,55,0,203,199,4,16,16,0,1,1,0,15,15,0,53,51,2,279,274,5
S01012820,778,723,55,660,622,38,549,518,31,120,109,11,429,409,20,71,67,4,24,23,1,47,44,3,40,37,3,118,101,17
S01012821,553,471,82,455,406,49,367,331,36,75,67,8,292,264,28,56,50,6,19,14,5,37,36,1,32,25,7,98,65,33
S01012822,365,347,18,218,206,12,158,147,11,50,48,2,108,99,9,13,13,0,4,4,0,9,9,0,47,46,1,147,141,6
S01012823,635,595,40,525,495,30,447,423,24,115,110,5,332,313,19,46,41,5,14,11,3,32,30,2,32,31,1,110,100,10
S01012824,521,497,24,372,355,17,317,303,14,73,69,4,244,234,10,30,29,1,8,8,0,22,21,1,25,23,2,149,142,7
S01012825,420,404,16,240,231,9,204,195,9,45,44,1,159,151,8,10,10,0,0,0,0,10,10,0,26,26,0,180,173,7
S01012826,439,420,19,285,274,11,206,198,8,82,80,2,124,118,6,16,16,0,4,4,0,12,12,0,63,60,3,154,146,8
S01012827,478,432,46,403,369,34,349,320,29,76,70,6,273,250,23,37,34,3,9,7,2,28,27,1,17,15,2,75,63,12
S01012828,462,432,30,402,380,22,354,335,19,56,53,3,298,282,16,34,32,2,13,11,2,21,21,0,14,13,1,60,52,8
S01012829,653,628,25,397,378,19,306,290,16,95,89,6,211,201,10,31,30,1,12,11,1,19,19,0,60,58,2,256,250,6
S01012830,565,547,18,327,313,14,261,251,10,69,68,1,192,183,9,40,37,3,11,11,0,29,26,3,26,25,1,238,234,4
S01012831,560,539,21,263,249,14,212,201,11,56,50,6,156,151,5,23,21,2,6,5,1,17,16,1,28,27,1,297,290,7
S01012832,436,426,10,288,280,8,228,221,7,64,62,2,164,159,5,32,31,1,15,14,1,17,17,0,28,28,0,148,146,2
S01012833,572,553,19,306,291,15,247,234,13,78,76,2,169,158,11,13,13,0,5,5,0,8,8,0,46,44,2,266,262,4
S01012834,561,548,13,335,323,12,249,241,8,68,67,1,181,174,7,39,36,3,10,10,0,29,26,3,47,46,1,226,225,1
S01012835,771,740,31,429,411,18,355,340,15,65,63,2,290,277,13,39,37,2,10,10,0,29,27,2,35,34,1,342,329,13
S01012836,527,498,29,405,384,21,339,331,8,86,85,1,253,246,7,54,41,13,5,3,2,49,38,11,12,12,0,122,114,8
S01012837,579,557,22,355,342,13,236,228,8,78,76,2,158,152,6,20,17,3,8,5,3,12,12,0,99,97,2,224,215,9
S01012838,708,658,50,425,384,41,284,252,32,81,79,2,203,173,30,17,16,1,7,6,1,10,10,0,124,116,8,283,274,9
S01012839,578,567,11,424,415,9,359,353,6,94,91,3,265,262,3,49,47,2,15,14,1,34,33,1,16,15,1,154,152,2
S01012840,584,548,36,476,449,27,409,388,21,102,98,4,307,290,17,52,46,6,7,7,0,45,39,6,15,15,0,108,99,9
S01012841,497,471,26,358,338,20,299,285,14,73,70,3,226,215,11,39,36,3,6,5,1,33,31,2,20,17,3,139,133,6
S01012842,407,394,13,309,300,9,271,265,6,70,68,2,201,197,4,29,26,3,7,5,2,22,21,1,9,9,0,98,94,4
S01012843,774,733,41,511,484,27,419,399,20,113,111,2,306,288,18,72,66,6,16,16,0,56,50,6,20,19,1,263,249,14
S01012844,561,528,33,387,363,24,301,281,20,77,76,1,224,205,19,70,68,2,13,13,0,57,55,2,16,14,2,174,165,9
S01012845,554,539,15,348,338,10,269,261,8,75,73,2,194,188,6,62,60,2,20,20,0,42,40,2,17,17,0,206,201,5
S01012846,807,788,19,406,395,11,323,314,9,72,67,5,251,247,4,36,34,2,10,10,0,26,24,2,47,47,0,401,393,8
S01012847,456,446,10,288,283,5,232,228,4,65,64,1,167,164,3,34,33,1,8,8,0,26,25,1,22,22,0,168,163,5
S01012848,582,550,32,404,384,20,333,317,16,93,89,4,240,228,12,50,46,4,13,13,0,37,33,4,21,21,0,178,166,12
S01012849,564,528,36,388,361,27,333,310,23,82,74,8,251,236,15,18,17,1,5,5,0,13,12,1,37,34,3,176,167,9
S01012850,623,610,13,332,325,7,282,276,6,75,73,2,207,203,4,23,23,0,5,5,0,18,18,0,27,26,1,291,285,6
S01012851,698,679,19,398,387,11,331,321,10,101,98,3,230,223,7,39,39,0,11,11,0,28,28,0,28,27,1,300,292,8
S01012852,592,562,30,382,358,24,322,307,15,90,83,7,232,224,8,39,36,3,11,11,0,28,25,3,21,15,6,210,204,6
S01012853,688,668,20,404,391,13,337,327,10,107,107,0,230,220,10,45,45,0,14,14,0,31,31,0,22,19,3,284,277,7
S01012854,695,672,23,512,492,20,441,425,16,98,94,4,343,331,12,48,47,1,11,11,0,37,36,1,23,20,3,183,180,3
S01012855,539,508,31,425,402,23,360,339,21,75,69,6,285,270,15,38,37,1,9,9,0,29,28,1,27,26,1,114,106,8
S01012856,608,587,21,326,312,14,273,262,11,59,58,1,214,204,10,26,25,1,0,0,0,26,25,1,27,25,2,282,275,7
S01012857,765,753,12,345,340,5,293,289,4,59,58,1,234,231,3,18,18,0,4,4,0,14,14,0,34,33,1,420,413,7
S01012858,621,600,21,370,353,17,309,299,10,68,67,1,241,232,9,26,25,1,6,6,0,20,19,1,35,29,6,251,247,4
S01012859,845,781,64,565,517,48,444,407,37,93,91,2,351,316,35,58,51,7,5,4,1,53,47,6,63,59,4,280,264,16
S01012860,948,917,31,403,394,9,332,324,8,98,97,1,234,227,7,52,51,1,17,17,0,35,34,1,19,19,0,545,523,22
S01012861,592,556,36,400,375,25,327,307,20,78,72,6,249,235,14,48,45,3,10,10,0,38,35,3,25,23,2,192,181,11
S01012862,519,459,60,284,246,38,227,197,30,56,53,3,171,144,27,16,14,2,3,2,1,13,12,1,41,35,6,235,213,22
S01012863,556,524,32,357,327,30,280,260,20,63,58,5,217,202,15,11,10,1,2,1,1,9,9,0,66,57,9,199,197,2
S01012864,660,623,37,417,395,22,319,305,14,76,68,8,243,237,6,28,24,4,4,3,1,24,21,3,70,66,4,243,228,15
S01012865,670,652,18,344,337,7,290,284,6,82,81,1,208,203,5,35,34,1,9,9,0,26,25,1,19,19,0,326,315,11
S01012866,638,592,46,413,388,25,340,318,22,92,84,8,248,234,14,28,26,2,6,6,0,22,20,2,45,44,1,225,204,21
S01012867,645,628,17,299,289,10,245,238,7,60,60,0,185,178,7,15,12,3,5,3,2,10,9,1,39,39,0,346,339,7
S01012868,501,482,19,298,285,13,234,224,10,64,61,3,170,163,7,19,17,2,2,2,0,17,15,2,45,44,1,203,197,6
S01012869,424,405,19,258,242,16,185,172,13,64,60,4,121,112,9,10,8,2,3,1,2,7,7,0,63,62,1,166,163,3
S01012870,806,783,23,469,454,15,397,388,9,113,108,5,284,280,4,48,45,3,12,11,1,36,34,2,24,21,3,337,329,8
S01012871,699,648,51,424,393,31,353,329,24,98,93,5,255,236,19,42,36,6,9,8,1,33,28,5,29,28,1,275,255,20
S01012872,577,520,57,414,368,46,353,310,43,99,83,16,254,227,27,27,25,2,5,4,1,22,21,1,34,33,1,163,152,11
S01012873,655,613,42,465,433,32,398,375,23,110,107,3,288,268,20,36,28,8,6,3,3,30,25,5,31,30,1,190,180,10
S01012874,638,614,24,373,357,16,297,283,14,88,88,0,209,195,14,30,29,1,5,5,0,25,24,1,46,45,1,265,257,8
S01012875,486,454,32,311,285,26,245,223,22,52,46,6,193,177,16,26,23,3,5,4,1,21,19,2,40,39,1,175,169,6
S01012876,665,641,24,348,332,16,295,281,14,93,90,3,202,191,11,21,19,2,5,5,0,16,14,2,32,32,0,317,309,8
S01012877,631,620,11,345,336,9,295,287,8,90,89,1,205,198,7,23,22,1,10,9,1,13,13,0,27,27,0,286,284,2
S01012878,774,753,21,548,535,13,459,447,12,127,125,2,332,322,10,64,63,1,15,15,0,49,48,1,25,25,0,226,218,8
S01012879,609,589,20,381,366,15,318,306,12,79,76,3,239,230,9,37,36,1,11,11,0,26,25,1,26,24,2,228,223,5
S01012880,759,730,29,463,447,16,385,373,12,117,114,3,268,259,9,60,56,4,17,17,0,43,39,4,18,18,0,296,283,13
S01012881,774,740,34,401,382,19,323,309,14,87,84,3,236,225,11,57,52,5,17,16,1,40,36,4,21,21,0,373,358,15
S01012882,494,484,10,291,283,8,230,223,7,84,82,2,146,141,5,22,21,1,10,10,0,12,11,1,39,39,0,203,201,2
S01012883,529,514,15,247,241,6,166,161,5,47,45,2,119,116,3,21,21,0,13,13,0,8,8,0,60,59,1,282,273,9
S01012884,451,438,13,224,215,9,173,167,6,47,46,1,126,121,5,27,27,0,7,7,0,20,20,0,24,21,3,227,223,4
S01012885,391,373,18,232,221,11,179,170,9,44,42,2,135,128,7,18,17,1,7,7,0,11,10,1,35,34,1,159,152,7
S01012886,651,616,35,410,392,18,345,330,15,92,90,2,253,240,13,45,43,2,15,15,0,30,28,2,20,19,1,241,224,17
S01012887,631,608,23,372,359,13,323,315,8,81,79,2,242,236,6,38,34,4,10,8,2,28,26,2,11,10,1,259,249,10
S01012888,694,668,26,396,382,14,317,305,12,85,84,1,232,221,11,60,59,1,17,16,1,43,43,0,19,18,1,298,286,12
S01012889,661,628,33,507,484,23,430,412,18,98,93,5,332,319,13,57,53,4,12,11,1,45,42,3,20,19,1,154,144,10
S01012890,549,530,19,322,309,13,254,246,8,65,63,2,189,183,6,24,24,0,7,7,0,17,17,0,44,39,5,227,221,6
S01012891,456,443,13,265,255,10,210,203,7,58,54,4,152,149,3,33,31,2,11,11,0,22,20,2,22,21,1,191,188,3
S01012892,930,889,41,521,492,29,410,389,21,113,109,4,297,280,17,31,26,5,8,7,1,23,19,4,80,77,3,409,397,12
S01012893,598,574,24,336,327,9,275,269,6,91,90,1,184,179,5,14,12,2,5,5,0,9,7,2,47,46,1,262,247,15
S01012894,606,575,31,446,419,27,365,345,20,109,105,4,256,240,16,56,51,5,11,10,1,45,41,4,25,23,2,160,156,4
S01012895,411,387,24,322,304,18,256,241,15,71,67,4,185,174,11,52,50,2,5,5,0,47,45,2,14,13,1,89,83,6
S01012896,761,738,23,416,404,12,333,322,11,91,88,3,242,234,8,35,34,1,13,12,1,22,22,0,48,48,0,345,334,11
S01012897,473,449,24,355,338,17,299,288,11,71,67,4,228,221,7,40,37,3,10,9,1,30,28,2,16,13,3,118,111,7
S01012898,401,379,22,345,330,15,295,281,14,71,68,3,224,213,11,38,37,1,10,10,0,28,27,1,12,12,0,56,49,7
S01012899,477,466,11,280,272,8,224,217,7,65,64,1,159,153,6,18,17,1,6,6,0,12,11,1,38,38,0,197,194,3
S01012900,618,591,27,320,301,19,251,233,18,68,65,3,183,168,15,54,53,1,12,12,0,42,41,1,15,15,0,298,290,8
S01012901,569,548,21,381,369,12,309,301,8,74,71,3,235,230,5,34,30,4,13,13,0,21,17,4,38,38,0,188,179,9
S01012902,629,610,19,426,416,10,345,337,8,75,73,2,270,264,6,35,35,0,6,6,0,29,29,0,46,44,2,203,194,9
S01012903,683,654,29,443,417,26,369,349,20,98,91,7,271,258,13,32,30,2,8,8,0,24,22,2,42,38,4,240,237,3
S01012904,633,611,22,414,397,17,337,325,12,90,88,2,247,237,10,36,32,4,14,14,0,22,18,4,41,40,1,219,214,5
S01012905,490,482,8,331,324,7,267,261,6,76,75,1,191,186,5,24,23,1,10,9,1,14,14,0,40,40,0,159,158,1
S01012906,783,758,25,537,517,20,459,446,13,98,94,4,361,352,9,40,35,5,5,5,0,35,30,5,38,36,2,246,241,5
S01012907,736,713,23,430,413,17,363,349,14,88,85,3,275,264,11,33,30,3,9,9,0,24,21,3,34,34,0,306,300,6
S01012908,603,595,8,338,333,5,278,273,5,82,81,1,196,192,4,20,20,0,6,6,0,14,14,0,40,40,0,265,262,3
S01012909,512,492,20,293,280,13,250,239,11,54,51,3,196,188,8,16,16,0,2,2,0,14,14,0,27,25,2,219,212,7
S01012910,774,757,17,420,414,6,325,322,3,86,86,0,239,236,3,40,37,3,10,10,0,30,27,3,55,55,0,354,343,11
S01012911,631,598,33,365,348,17,315,301,14,96,93,3,219,208,11,27,27,0,4,4,0,23,23,0,23,20,3,266,250,16
S01012912,580,570,10,319,310,9,264,255,9,69,67,2,195,188,7,25,25,0,6,6,0,19,19,0,30,30,0,261,260,1
S01012913,732,710,22,437,423,14,378,367,11,107,107,0,271,260,11,29,28,1,7,7,0,22,21,1,30,28,2,295,287,8
S01012914,711,685,26,457,438,19,380,369,11,86,84,2,294,285,9,40,36,4,13,13,0,27,23,4,37,33,4,254,247,7
S01012915,810,783,27,600,579,21,508,494,14,130,123,7,378,371,7,49,42,7,18,14,4,31,28,3,43,43,0,210,204,6
S01012916,572,552,20,325,311,14,278,268,10,75,73,2,203,195,8,22,18,4,3,3,0,19,15,4,25,25,0,247,241,6
S01012917,587,565,22,386,372,14,327,314,13,114,113,1,213,201,12,47,47,0,15,15,0,32,32,0,12,11,1,201,193,8
S01012918,417,409,8,278,271,7,242,235,7,71,68,3,171,167,4,18,18,0,7,7,0,11,11,0,18,18,0,139,138,1
S01012919,397,387,10,225,216,9,189,181,8,51,50,1,138,131,7,15,14,1,5,5,0,10,9,1,21,21,0,172,171,1
S01012920,506,483,23,283,268,15,220,211,9,56,54,2,164,157,7,44,41,3,14,14,0,30,27,3,19,16,3,223,215,8
S01012921,594,568,26,370,351,19,318,301,17,96,90,6,222,211,11,20,19,1,10,9,1,10,10,0,32,31,1,224,217,7
S01012922,784,763,21,545,534,11,468,459,9,142,140,2,326,319,7,32,32,0,2,2,0,30,30,0,45,43,2,239,229,10
S01012923,578,559,19,395,379,16,335,323,12,105,100,5,230,223,7,33,31,2,10,9,1,23,22,1,27,25,2,183,180,3
S01012924,422,408,14,286,275,11,237,229,8,64,63,1,173,166,7,32,29,3,13,10,3,19,19,0,17,17,0,136,133,3
S01012925,413,402,11,271,264,7,235,231,4,67,65,2,168,166,2,23,21,2,7,7,0,16,14,2,13,12,1,142,138,4
S01012926,593,576,17,411,395,16,343,332,11,89,86,3,254,246,8,46,42,4,15,13,2,31,29,2,22,21,1,182,181,1
S01012927,628,606,22,408,392,16,340,330,10,97,94,3,243,236,7,36,31,5,8,7,1,28,24,4,32,31,1,220,214,6
S01012928,675,649,26,433,416,17,371,359,12,124,119,5,247,240,7,37,34,3,10,8,2,27,26,1,25,23,2,242,233,9
S01012929,641,624,17,370,360,10,325,315,10,114,113,1,211,202,9,23,23,0,7,7,0,16,16,0,22,22,0,271,264,7
S01012930,779,738,41,410,382,28,333,312,21,70,66,4,263,246,17,44,41,3,13,11,2,31,30,1,33,29,4,369,356,13
S01012931,730,693,37,445,422,23,380,362,18,106,100,6,274,262,12,36,32,4,12,11,1,24,21,3,29,28,1,285,271,14
S01012932,423,411,12,281,274,7,218,213,5,70,70,0,148,143,5,46,44,2,11,10,1,35,34,1,17,17,0,142,137,5
S01012933,675,666,9,429,423,6,364,361,3,91,91,0,273,270,3,34,32,2,8,7,1,26,25,1,31,30,1,246,243,3
S01012934,605,588,17,317,309,8,260,252,8,66,65,1,194,187,7,35,35,0,12,12,0,23,23,0,22,22,0,288,279,9
S01012935,717,688,29,466,439,27,394,373,21,136,129,7,258,244,14,31,29,2,9,9,0,22,20,2,41,37,4,251,249,2
S01012936,619,588,31,382,364,18,318,303,15,81,79,2,237,224,13,38,37,1,13,13,0,25,24,1,26,24,2,237,224,13
S01012937,581,555,26,397,380,17,323,313,10,85,82,3,238,231,7,23,18,5,9,8,1,14,10,4,51,49,2,184,175,9
S01012938,600,573,27,348,330,18,276,263,13,83,78,5,193,185,8,44,42,2,8,7,1,36,35,1,28,25,3,252,243,9
S01012939,500,471,29,360,343,17,305,293,12,100,97,3,205,196,9,37,32,5,12,9,3,25,23,2,18,18,0,140,128,12
S01012940,579,552,27,432,411,21,360,343,17,101,95,6,259,248,11,61,57,4,17,15,2,44,42,2,11,11,0,147,141,6
S01012941,600,575,25,461,446,15,382,371,11,102,99,3,280,272,8,58,56,2,17,17,0,41,39,2,21,19,2,139,129,10
S01012942,624,599,25,392,375,17,325,308,17,90,85,5,235,223,12,22,22,0,7,7,0,15,15,0,45,45,0,232,224,8
S01012943,575,553,22,411,395,16,359,347,12,104,103,1,255,244,11,33,30,3,13,12,1,20,18,2,19,18,1,164,158,6
S01012944,418,410,8,263,258,5,224,220,4,64,63,1,160,157,3,28,27,1,9,9,0,19,18,1,11,11,0,155,152,3
S01012945,568,531,37,420,391,29,346,324,22,94,87,7,252,237,15,56,51,5,15,12,3,41,39,2,18,16,2,148,140,8
S01012946,691,656,35,522,493,29,450,426,24,114,108,6,336,318,18,51,47,4,16,15,1,35,32,3,21,20,1,169,163,6
S01012947,372,349,23,273,257,16,212,203,9,66,63,3,146,140,6,49,44,5,16,16,0,33,28,5,12,10,2,99,92,7
S01012948,572,562,10,422,415,7,352,346,6,122,121,1,230,225,5,50,50,0,16,16,0,34,34,0,20,19,1,150,147,3
S01012949,595,578,17,424,412,12,361,352,9,103,102,1,258,250,8,47,44,3,10,10,0,37,34,3,16,16,0,171,166,5
S01012950,678,646,32,542,520,22,460,443,17,136,135,1,324,308,16,57,53,4,12,11,1,45,42,3,25,24,1,136,126,10
S01012951,649,606,43,563,532,31,471,449,22,111,110,1,360,339,21,72,67,5,15,15,0,57,52,5,20,16,4,86,74,12
S01012952,525,491,34,297,276,21,188,174,14,51,48,3,137,126,11,106,99,7,24,23,1,82,76,6,3,3,0,228,215,13
S01012953,568,548,20,417,403,14,367,356,11,105,100,5,262,256,6,34,33,1,8,8,0,26,25,1,16,14,2,151,145,6
S01012954,392,376,16,307,295,12,259,250,9,74,70,4,185,180,5,26,23,3,9,8,1,17,15,2,22,22,0,85,81,4
S01012955,763,711,52,528,481,47,456,414,42,107,102,5,349,312,37,48,43,5,5,4,1,43,39,4,24,24,0,235,230,5
S01012956,851,808,43,432,403,29,357,335,22,117,111,6,240,224,16,35,34,1,16,15,1,19,19,0,40,34,6,419,405,14
S01012957,540,517,23,338,320,18,278,261,17,75,70,5,203,191,12,30,30,0,6,6,0,24,24,0,30,29,1,202,197,5
S01012958,435,430,5,315,313,2,263,261,2,71,71,0,192,190,2,31,31,0,9,9,0,22,22,0,21,21,0,120,117,3
S01012959,466,455,11,373,365,8,320,313,7,92,90,2,228,223,5,33,33,0,5,5,0,28,28,0,20,19,1,93,90,3
S01012960,502,487,15,350,340,10,285,279,6,91,89,2,194,190,4,27,23,4,7,6,1,20,17,3,38,38,0,152,147,5
S01012961,416,406,10,311,302,9,260,252,8,75,73,2,185,179,6,40,40,0,11,11,0,29,29,0,11,10,1,105,104,1
S01012962,555,526,29,395,376,19,340,326,14,111,108,3,229,218,11,36,32,4,7,5,2,29,27,2,19,18,1,160,150,10
S01012963,616,588,28,488,465,23,417,401,16,118,110,8,299,291,8,48,43,5,13,11,2,35,32,3,23,21,2,128,123,5
S01012964,449,421,28,380,356,24,322,307,15,90,86,4,232,221,11,43,37,6,8,7,1,35,30,5,15,12,3,69,65,4
S01012965,563,552,11,350,347,3,295,293,2,78,77,1,217,216,1,29,29,0,9,9,0,20,20,0,26,25,1,213,205,8
S01012966,593,569,24,420,404,16,351,339,12,93,89,4,258,250,8,45,43,2,16,16,0,29,27,2,24,22,2,173,165,8
S01012967,397,391,6,285,279,6,241,236,5,67,65,2,174,171,3,22,21,1,7,6,1,15,15,0,22,22,0,112,112,0
S01012968,517,490,27,365,348,17,301,287,14,92,90,2,209,197,12,31,30,1,4,4,0,27,26,1,33,31,2,152,142,10
S01012969,570,547,23,355,335,20,296,281,15,87,84,3,209,197,12,26,21,5,7,3,4,19,18,1,33,33,0,215,212,3
S01012970,489,473,16,337,322,15,280,266,14,70,65,5,210,201,9,30,30,0,7,7,0,23,23,0,27,26,1,152,151,1
S01012971,638,619,19,433,420,13,348,336,12,107,103,4,241,233,8,28,28,0,6,6,0,22,22,0,57,56,1,205,199,6
S01012972,612,589,23,398,379,19,334,317,17,106,103,3,228,214,14,33,31,2,10,9,1,23,22,1,31,31,0,214,210,4
S01012973,647,631,16,419,408,11,364,354,10,108,107,1,256,247,9,25,25,0,5,5,0,20,20,0,30,29,1,228,223,5
S01012974,884,868,16,458,452,6,367,361,6,102,102,0,265,259,6,38,38,0,11,11,0,27,27,0,53,53,0,426,416,10
S01012975,491,471,20,294,281,13,255,243,12,66,64,2,189,179,10,15,15,0,4,4,0,11,11,0,24,23,1,197,190,7
S01012976,427,417,10,266,256,10,222,213,9,67,65,2,155,148,7,16,15,1,1,1,0,15,14,1,28,28,0,161,161,0
S01012977,559,541,18,395,380,15,322,310,12,98,95,3,224,215,9,28,26,2,11,10,1,17,16,1,45,44,1,164,161,3
S01012978,647,636,11,427,419,8,339,331,8,100,97,3,239,234,5,33,33,0,9,9,0,24,24,0,55,55,0,220,217,3
S01012979,516,494,22,349,336,13,302,292,10,89,84,5,213,208,5,30,28,2,8,8,0,22,20,2,17,16,1,167,158,9
S01012980,527,509,18,373,362,11,307,298,9,83,83,0,224,215,9,23,22,1,6,6,0,17,16,1,43,42,1,154,147,7
S01012981,622,587,35,445,420,25,378,357,21,107,103,4,271,254,17,29,28,1,8,8,0,21,20,1,38,35,3,177,167,10
S01012982,662,635,27,460,436,24,401,379,22,103,99,4,298,280,18,20,18,2,7,7,0,13,11,2,39,39,0,202,199,3
S01012983,633,614,19,396,381,15,334,321,13,99,97,2,235,224,11,33,33,0,7,7,0,26,26,0,29,27,2,237,233,4
S01012984,530,502,28,368,350,18,316,300,16,74,68,6,242,232,10,26,25,1,6,6,0,20,19,1,26,25,1,162,152,10
S01012985,659,641,18,427,413,14,362,350,12,99,98,1,263,252,11,34,32,2,10,8,2,24,24,0,31,31,0,232,228,4
S01012986,626,610,16,396,382,14,344,330,14,71,65,6,273,265,8,25,25,0,5,5,0,20,20,0,27,27,0,230,228,2
S01012987,632,604,28,385,364,21,314,301,13,88,85,3,226,216,10,38,33,5,11,11,0,27,22,5,33,30,3,247,240,7
S01012988,744,709,35,421,401,20,357,339,18,96,94,2,261,245,16,31,29,2,11,10,1,20,19,1,33,33,0,323,308,15
S01012989,809,782,27,493,473,20,415,398,17,105,101,4,310,297,13,31,31,0,10,10,0,21,21,0,47,44,3,316,309,7
S01012990,516,492,24,302,287,15,262,250,12,79,78,1,183,172,11,17,16,1,2,2,0,15,14,1,23,21,2,214,205,9
S01012991,669,641,28,410,389,21,331,316,15,118,118,0,213,198,15,37,32,5,9,7,2,28,25,3,42,41,1,259,252,7
S01012992,659,637,22,394,379,15,332,322,10,91,89,2,241,233,8,26,26,0,8,8,0,18,18,0,36,31,5,265,258,7
S01012993,585,568,17,335,323,12,284,272,12,75,70,5,209,202,7,20,20,0,4,4,0,16,16,0,31,31,0,250,245,5
S01012994,760,726,34,477,449,28,381,358,23,110,102,8,271,256,15,37,32,5,8,7,1,29,25,4,59,59,0,283,277,6
S01012995,662,645,17,504,491,13,438,427,11,105,101,4,333,326,7,34,32,2,5,5,0,29,27,2,32,32,0,158,154,4
S01012996,550,528,22,422,400,22,352,335,17,109,105,4,243,230,13,36,34,2,9,8,1,27,26,1,34,31,3,128,128,0
S01012997,392,383,9,229,222,7,201,194,7,54,50,4,147,144,3,8,8,0,1,1,0,7,7,0,20,20,0,163,161,2
S01012998,837,812,25,597,576,21,509,489,20,150,147,3,359,342,17,54,54,0,11,11,0,43,43,0,34,33,1,240,236,4
S01012999,397,375,22,255,236,19,220,203,17,60,54,6,160,149,11,18,17,1,7,7,0,11,10,1,17,16,1,142,139,3
S01013000,549,527,22,345,330,15,290,277,13,79,75,4,211,202,9,25,25,0,4,4,0,21,21,0,30,28,2,204,197,7
S01013001,321,289,32,214,191,23,134,116,18,38,30,8,96,86,10,67,62,5,20,20,0,47,42,5,13,13,0,107,98,9
S01013002,405,390,15,261,250,11,178,169,9,42,40,2,136,129,7,75,73,2,17,16,1,58,57,1,8,8,0,144,140,4
S01013003,522,501,21,302,289,13,237,226,11,80,76,4,157,150,7,55,53,2,19,18,1,36,35,1,10,10,0,220,212,8
S01013004,533,514,19,338,326,12,252,241,11,74,70,4,178,171,7,72,71,1,18,18,0,54,53,1,14,14,0,195,188,7
S01013005,575,550,25,355,339,16,245,233,12,66,63,3,179,170,9,95,91,4,34,32,2,61,59,2,15,15,0,220,211,9
S01013006,503,470,33,327,305,22,235,220,15,73,69,4,162,151,11,78,71,7,18,17,1,60,54,6,14,14,0,176,165,11
S01013007,798,767,31,428,411,17,332,321,11,100,97,3,232,224,8,73,71,2,26,26,0,47,45,2,23,19,4,370,356,14
S01013008,616,578,38,367,345,22,272,257,15,83,80,3,189,177,12,71,66,5,23,21,2,48,45,3,24,22,2,249,233,16
S01013009,526,510,16,291,284,7,228,221,7,62,60,2,166,161,5,46,46,0,18,18,0,28,28,0,17,17,0,235,226,9
S01013010,481,456,25,329,308,21,210,195,15,55,52,3,155,143,12,105,99,6,25,23,2,80,76,4,14,14,0,152,148,4
S01013011,512,494,18,364,347,17,268,254,14,68,65,3,200,189,11,77,74,3,26,23,3,51,51,0,19,19,0,148,147,1
S01013012,540,508,32,321,304,17,259,245,14,73,68,5,186,177,9,48,45,3,19,18,1,29,27,2,14,14,0,219,204,15
S01013013,566,537,29,379,360,19,275,261,14,88,82,6,187,179,8,86,81,5,31,28,3,55,53,2,18,18,0,187,177,10
S01013014,607,578,29,362,344,18,251,240,11,68,63,5,183,177,6,88,83,5,24,22,2,64,61,3,23,21,2,245,234,11
S01013015,608,572,36,417,390,27,285,265,20,87,81,6,198,184,14,113,107,6,25,24,1,88,83,5,19,18,1,191,182,9
S01013016,497,473,24,340,323,17,217,207,10,74,72,2,143,135,8,111,105,6,19,19,0,92,86,6,12,11,1,157,150,7
S01013017,659,637,22,396,383,13,303,294,9,95,90,5,208,204,4,78,74,4,28,25,3,50,49,1,15,15,0,263,254,9
S01013018,770,729,41,499,471,28,360,341,19,123,118,5,237,223,14,113,106,7,33,31,2,80,75,5,26,24,2,271,258,13
S01013019,687,652,35,483,460,23,385,365,20,87,84,3,298,281,17,76,74,2,16,16,0,60,58,2,22,21,1,204,192,12
S01013020,405,389,16,254,244,10,221,212,9,63,61,2,158,151,7,21,21,0,7,7,0,14,14,0,12,11,1,151,145,6
S01013021,376,355,21,257,244,13,217,206,11,62,58,4,155,148,7,26,24,2,9,8,1,17,16,1,14,14,0,119,111,8
S01013022,324,307,17,231,218,13,192,185,7,61,60,1,131,125,6,19,15,4,7,5,2,12,10,2,20,18,2,93,89,4
S01013023,709,677,32,414,398,16,348,338,10,105,104,1,243,234,9,54,51,3,12,11,1,42,40,2,12,9,3,295,279,16
S01013024,422,405,17,255,239,16,206,193,13,52,44,8,154,149,5,36,34,2,10,10,0,26,24,2,13,12,1,167,166,1
S01013025,478,454,24,302,287,15,182,173,9,50,49,1,132,124,8,109,105,4,22,19,3,87,86,1,11,9,2,176,167,9
S01013026,812,776,36,545,522,23,472,450,22,109,106,3,363,344,19,38,37,1,10,9,1,28,28,0,35,35,0,267,254,13
S01013027,794,782,12,464,461,3,365,363,2,124,124,0,241,239,2,28,27,1,11,11,0,17,16,1,71,71,0,330,321,9
S01013028,393,367,26,287,265,22,218,200,18,54,50,4,164,150,14,52,51,1,11,11,0,41,40,1,17,14,3,106,102,4
S01013029,490,477,13,269,260,9,241,236,5,75,74,1,166,162,4,11,10,1,2,1,1,9,9,0,17,14,3,221,217,4
S01013030,481,470,11,315,306,9,247,240,7,78,77,1,169,163,6,27,25,2,9,8,1,18,17,1,41,41,0,166,164,2
S01013031,505,498,7,337,333,4,283,280,3,90,90,0,193,190,3,19,18,1,5,5,0,14,13,1,35,35,0,168,165,3
S01013032,571,532,39,478,446,32,409,382,27,100,93,7,309,289,20,52,48,4,8,7,1,44,41,3,17,16,1,93,86,7
S01013033,512,482,30,395,371,24,340,319,21,87,85,2,253,234,19,33,30,3,10,9,1,23,21,2,22,22,0,117,111,6
S01013034,576,564,12,365,354,11,316,306,10,102,99,3,214,207,7,19,19,0,8,8,0,11,11,0,30,29,1,211,210,1
S01013035,548,534,14,336,327,9,277,269,8,107,105,2,170,164,6,16,15,1,5,4,1,11,11,0,43,43,0,212,207,5
S01013036,605,600,5,413,409,4,317,314,3,108,107,1,209,207,2,27,26,1,10,10,0,17,16,1,69,69,0,192,191,1
S01013037,654,636,18,424,410,14,353,344,9,80,78,2,273,266,7,44,40,4,12,11,1,32,29,3,27,26,1,230,226,4
S01013038,811,780,31,512,489,23,427,409,18,109,104,5,318,305,13,36,33,3,9,7,2,27,26,1,49,47,2,299,291,8
S01013039,427,404,23,340,322,18,299,285,14,87,80,7,212,205,7,25,23,2,8,7,1,17,16,1,16,14,2,87,82,5
S01013040,544,529,15,305,295,10,255,249,6,70,69,1,185,180,5,32,29,3,7,7,0,25,22,3,18,17,1,239,234,5
S01013041,485,463,22,350,332,18,297,281,16,75,72,3,222,209,13,29,28,1,7,7,0,22,21,1,24,23,1,135,131,4
S01013042,650,632,18,475,459,16,391,380,11,109,106,3,282,274,8,57,52,5,16,15,1,41,37,4,27,27,0,175,173,2
S01013043,558,527,31,342,325,17,270,256,14,80,77,3,190,179,11,27,24,3,9,9,0,18,15,3,45,45,0,216,202,14
S01013044,649,625,24,405,389,16,336,322,14,100,98,2,236,224,12,27,27,0,8,8,0,19,19,0,42,40,2,244,236,8
S01013045,541,509,32,374,352,22,318,300,18,77,70,7,241,230,11,32,29,3,7,6,1,25,23,2,24,23,1,167,157,10
S01013046,421,404,17,250,242,8,220,215,5,77,73,4,143,142,1,14,12,2,3,2,1,11,10,1,16,15,1,171,162,9
S01013047,703,659,44,557,525,32,485,459,26,127,119,8,358,340,18,54,50,4,19,18,1,35,32,3,18,16,2,146,134,12
S01013048,684,641,43,539,504,35,486,453,33,94,85,9,392,368,24,26,26,0,8,8,0,18,18,0,27,25,2,145,137,8
S01013049,685,647,38,465,445,20,400,380,20,87,84,3,313,296,17,41,41,0,12,12,0,29,29,0,24,24,0,220,202,18
S01013050,649,624,25,364,344,20,293,277,16,65,63,2,228,214,14,35,33,2,15,15,0,20,18,2,36,34,2,285,280,5
S01013051,763,745,18,462,452,10,386,378,8,111,111,0,275,267,8,33,33,0,6,6,0,27,27,0,43,41,2,301,293,8
S01013052,637,624,13,348,339,9,298,293,5,88,88,0,210,205,5,23,20,3,5,4,1,18,16,2,27,26,1,289,285,4
S01013053,526,495,31,296,271,25,232,210,22,64,55,9,168,155,13,31,29,2,7,7,0,24,22,2,33,32,1,230,224,6
S01013054,577,553,24,358,344,14,300,288,12,80,75,5,220,213,7,32,32,0,7,7,0,25,25,0,26,24,2,219,209,10
S01013055,581,546,35,337,313,24,269,250,19,76,70,6,193,180,13,38,35,3,10,10,0,28,25,3,30,28,2,244,233,11
S01013056,774,737,37,461,430,31,371,341,30,116,103,13,255,238,17,54,53,1,11,11,0,43,42,1,36,36,0,313,307,6
S01013057,641,613,28,387,364,23,282,265,17,95,91,4,187,174,13,32,29,3,12,12,0,20,17,3,73,70,3,254,249,5
S01013058,420,381,39,355,330,25,305,284,21,74,63,11,231,221,10,33,31,2,12,12,0,21,19,2,17,15,2,65,51,14
S01013059,669,636,33,327,305,22,267,249,18,62,56,6,205,193,12,43,40,3,10,9,1,33,31,2,17,16,1,342,331,11
S01013060,449,417,32,251,232,19,196,181,15,62,56,6,134,125,9,41,38,3,11,10,1,30,28,2,14,13,1,198,185,13
S01013061,683,650,33,351,334,17,303,288,15,87,82,5,216,206,10,40,39,1,12,12,0,28,27,1,8,7,1,332,316,16
S01013062,746,677,69,388,352,36,297,271,26,76,65,11,221,206,15,79,71,8,28,26,2,51,45,6,12,10,2,358,325,33
S01013063,678,609,69,391,356,35,293,263,30,83,79,4,210,184,26,77,72,5,20,18,2,57,54,3,21,21,0,287,253,34
S01013064,714,680,34,412,391,21,340,322,18,90,85,5,250,237,13,39,37,2,11,11,0,28,26,2,33,32,1,302,289,13
S01013065,731,683,48,430,406,24,359,340,19,115,111,4,244,229,15,33,32,1,13,13,0,20,19,1,38,34,4,301,277,24
S01013066,614,577,37,411,383,28,323,298,25,84,74,10,239,224,15,43,41,2,13,13,0,30,28,2,45,44,1,203,194,9
S01013067,774,542,232,498,387,111,392,298,94,178,147,31,214,151,63,32,27,5,9,9,0,23,18,5,74,62,12,276,155,121
S01013068,659,544,115,418,352,66,311,257,54,122,108,14,189,149,40,29,25,4,10,8,2,19,17,2,78,70,8,241,192,49
S01013069,670,531,139,426,357,69,329,274,55,155,138,17,174,136,38,28,21,7,10,9,1,18,12,6,69,62,7,244,174,70
S01013070,561,424,137,312,272,40,249,222,27,126,114,12,123,108,15,16,15,1,6,5,1,10,10,0,47,35,12,249,152,97
S01013071,924,664,260,569,450,119,446,347,99,253,214,39,193,133,60,22,16,6,9,6,3,13,10,3,101,87,14,355,214,141
S01013072,433,425,8,237,229,8,195,188,7,67,64,3,128,124,4,9,8,1,2,1,1,7,7,0,33,33,0,196,196,0
S01013073,639,577,62,400,357,43,328,294,34,97,85,12,231,209,22,18,13,5,3,3,0,15,10,5,54,50,4,239,220,19
S01013074,526,497,29,307,293,14,216,206,10,96,94,2,120,112,8,33,30,3,8,7,1,25,23,2,58,57,1,219,204,15
S01013075,750,700,50,362,337,25,261,242,19,86,83,3,175,159,16,35,30,5,9,9,0,26,21,5,66,65,1,388,363,25
S01013076,652,450,202,381,313,68,281,239,42,135,112,23,146,127,19,40,36,4,14,13,1,26,23,3,60,38,22,271,137,134
S01013077,544,507,37,305,281,24,249,227,22,84,80,4,165,147,18,11,10,1,2,1,1,9,9,0,45,44,1,239,226,13
S01013078,436,406,30,264,243,21,203,184,19,74,66,8,129,118,11,18,18,0,6,6,0,12,12,0,43,41,2,172,163,9
S01013079,1086,1001,85,644,592,52,524,484,40,154,141,13,370,343,27,75,65,10,20,18,2,55,47,8,45,43,2,442,409,33
S01013080,738,645,93,436,393,43,345,307,38,104,92,12,241,215,26,65,61,4,24,24,0,41,37,4,26,25,1,302,252,50
S01013081,548,525,23,346,332,14,282,272,10,65,64,1,217,208,9,46,44,2,11,11,0,35,33,2,18,16,2,202,193,9
S01013082,736,696,40,449,424,25,392,374,18,102,96,6,290,278,12,45,40,5,10,7,3,35,33,2,12,10,2,287,272,15
S01013083,2207,1757,450,1093,954,139,686,606,80,530,466,64,156,140,16,40,35,5,12,9,3,28,26,2,367,313,54,1114,803,311
S01013084,624,586,38,369,346,23,298,282,16,96,91,5,202,191,11,56,52,4,17,14,3,39,38,1,15,12,3,255,240,15
S01013085,596,415,181,233,196,37,177,160,17,43,37,6,134,123,11,28,24,4,14,11,3,14,13,1,28,12,16,363,219,144
S01013086,760,634,126,474,410,64,381,326,55,100,86,14,281,240,41,64,59,5,21,17,4,43,42,1,29,25,4,286,224,62
S01013087,689,558,131,374,320,54,260,224,36,70,59,11,190,165,25,92,81,11,37,31,6,55,50,5,22,15,7,315,238,77
S01013088,773,722,51,446,424,22,326,311,15,92,86,6,234,225,9,102,96,6,26,23,3,76,73,3,18,17,1,327,298,29
S01013089,633,571,62,364,324,40,307,275,32,77,70,7,230,205,25,33,31,2,9,8,1,24,23,1,24,18,6,269,247,22
S01013090,688,565,123,460,391,69,376,318,58,137,115,22,239,203,36,51,44,7,19,18,1,32,26,6,33,29,4,228,174,54
S01013091,462,354,108,302,255,47,263,221,42,80,70,10,183,151,32,22,20,2,7,7,0,15,13,2,17,14,3,160,99,61
S01013092,741,652,89,480,432,48,391,349,42,107,98,9,284,251,33,52,50,2,12,12,0,40,38,2,37,33,4,261,220,41
S01013093,410,376,34,240,220,20,168,154,14,42,37,5,126,117,9,65,59,6,22,19,3,43,40,3,7,7,0,170,156,14
S01013094,477,462,15,287,274,13,237,227,10,71,66,5,166,161,5,38,35,3,13,12,1,25,23,2,12,12,0,190,188,2
S01013095,632,589,43,422,390,32,358,332,26,101,93,8,257,239,18,57,51,6,14,14,0,43,37,6,7,7,0,210,199,11
S01013096,448,392,56,256,224,32,219,190,29,67,53,14,152,137,15,21,19,2,7,6,1,14,13,1,16,15,1,192,168,24
S01013097,494,460,34,358,332,26,261,242,19,62,58,4,199,184,15,88,82,6,25,21,4,63,61,2,9,8,1,136,128,8
S01013098,421,398,23,330,311,19,281,263,18,88,79,9,193,184,9,42,41,1,13,13,0,29,28,1,7,7,0,91,87,4
S01013099,791,724,67,446,400,46,349,311,38,82,72,10,267,239,28,72,68,4,22,21,1,50,47,3,25,21,4,345,324,21
S01013100,495,459,36,243,229,14,182,169,13,50,48,2,132,121,11,54,53,1,19,19,0,35,34,1,7,7,0,252,230,22
S01013101,835,803,32,482,464,18,377,362,15,88,87,1,289,275,14,55,52,3,20,19,1,35,33,2,50,50,0,353,339,14
S01013102,501,469,32,265,246,19,228,211,17,60,53,7,168,158,10,27,25,2,15,14,1,12,11,1,10,10,0,236,223,13
S01013103,619,597,22,458,441,17,376,362,14,110,105,5,266,257,9,58,55,3,14,13,1,44,42,2,24,24,0,161,156,5
S01013104,795,761,34,503,478,25,400,380,20,106,105,1,294,275,19,77,73,4,28,27,1,49,46,3,26,25,1,292,283,9
S01013105,732,688,44,438,409,29,344,320,24,92,86,6,252,234,18,76,71,5,28,24,4,48,47,1,18,18,0,294,279,15
S01013106,659,634,25,427,407,20,333,318,15,96,91,5,237,227,10,75,71,4,16,14,2,59,57,2,19,18,1,232,227,5
S01013107,556,540,16,352,341,11,263,253,10,77,74,3,186,179,7,80,79,1,19,19,0,61,60,1,9,9,0,204,199,5
S01013108,478,459,19,280,270,10,214,207,7,57,56,1,157,151,6,46,43,3,11,11,0,35,32,3,20,20,0,198,189,9
S01013109,888,818,70,600,555,45,425,390,35,115,113,2,310,277,33,152,146,6,35,32,3,117,114,3,23,19,4,288,263,25
S01013110,488,454,34,316,294,22,197,179,18,64,56,8,133,123,10,109,105,4,22,19,3,87,86,1,10,10,0,172,160,12
S01013111,376,358,18,236,222,14,155,143,12,48,46,2,107,97,10,75,73,2,25,24,1,50,49,1,6,6,0,140,136,4
S01013112,489,466,23,330,315,15,265,254,11,79,75,4,186,179,7,46,43,3,17,15,2,29,28,1,19,18,1,159,151,8
S01013113,680,643,37,380,360,20,295,281,14,108,103,5,187,178,9,60,56,4,8,8,0,52,48,4,25,23,2,300,283,17
S01013114,676,595,81,442,372,70,320,260,60,85,76,9,235,184,51,101,95,6,25,22,3,76,73,3,21,17,4,234,223,11
S01013115,574,526,48,327,295,32,241,216,25,71,62,9,170,154,16,66,63,3,17,16,1,49,47,2,20,16,4,247,231,16
S01013116,682,642,40,354,328,26,261,241,20,76,71,5,185,170,15,81,75,6,23,21,2,58,54,4,12,12,0,328,314,14
S01013117,510,466,44,373,339,34,297,265,32,86,79,7,211,186,25,63,62,1,22,22,0,41,40,1,13,12,1,137,127,10
S01013118,454,385,69,326,262,64,240,183,57,45,41,4,195,142,53,74,67,7,27,23,4,47,44,3,12,12,0,128,123,5
S01013119,668,625,43,413,382,31,249,223,26,68,65,3,181,158,23,150,145,5,34,33,1,116,112,4,14,14,0,255,243,12
S01013120,832,768,64,556,511,45,389,353,36,128,120,8,261,233,28,146,138,8,22,21,1,124,117,7,21,20,1,276,257,19
S01013121,332,281,51,250,202,48,162,121,41,35,31,4,127,90,37,66,61,5,9,7,2,57,54,3,22,20,2,82,79,3
S01013122,481,384,97,286,208,78,206,139,67,71,48,23,135,91,44,12,8,4,5,3,2,7,5,2,68,61,7,195,176,19
S01013123,614,587,27,389,372,17,314,298,16,92,89,3,222,209,13,17,16,1,2,2,0,15,14,1,58,58,0,225,215,10
S01013124,597,573,24,360,350,10,316,307,9,81,78,3,235,229,6,17,17,0,3,3,0,14,14,0,27,26,1,237,223,14
S01013125,688,661,27,360,348,12,283,278,5,81,79,2,202,199,3,41,37,4,7,7,0,34,30,4,36,33,3,328,313,15
S01013126,580,559,21,340,329,11,247,238,9,80,80,0,167,158,9,17,17,0,5,5,0,12,12,0,76,74,2,240,230,10
S01013127,625,591,34,345,327,18,253,242,11,89,83,6,164,159,5,19,15,4,8,5,3,11,10,1,73,70,3,280,264,16
S01013128,559,533,26,375,353,22,313,297,16,67,63,4,246,234,12,9,9,0,1,1,0,8,8,0,53,47,6,184,180,4
S01013129,972,927,45,576,552,24,483,466,17,122,118,4,361,348,13,32,29,3,8,5,3,24,24,0,61,57,4,396,375,21
S01013130,541,504,37,339,312,27,248,227,21,77,71,6,171,156,15,21,18,3,2,2,0,19,16,3,70,67,3,202,192,10
S01013131,507,485,22,350,340,10,290,281,9,96,93,3,194,188,6,14,14,0,2,2,0,12,12,0,46,45,1,157,145,12
S01013132,481,463,18,289,281,8,218,212,6,70,69,1,148,143,5,21,20,1,8,7,1,13,13,0,50,49,1,192,182,10
S01013133,774,746,28,380,365,15,310,298,12,77,75,2,233,223,10,19,19,0,5,5,0,14,14,0,51,48,3,394,381,13
S01013134,669,643,26,410,399,11,339,333,6,103,101,2,236,232,4,43,42,1,11,11,0,32,31,1,28,24,4,259,244,15
S01013135,604,572,32,348,329,19,269,255,14,112,103,9,157,152,5,20,19,1,5,4,1,15,15,0,59,55,4,256,243,13
S01013136,787,759,28,435,419,16,368,357,11,114,112,2,254,245,9,22,19,3,6,5,1,16,14,2,45,43,2,352,340,12
S01013137,627,598,29,340,331,9,280,272,8,88,86,2,192,186,6,24,24,0,5,5,0,19,19,0,36,35,1,287,267,20
S01013138,517,493,24,320,303,17,233,221,12,84,82,2,149,139,10,17,15,2,5,4,1,12,11,1,70,67,3,197,190,7
S01013139,710,674,36,370,355,15,279,269,10,89,85,4,190,184,6,22,22,0,10,10,0,12,12,0,69,64,5,340,319,21
S01013140,672,648,24,350,338,12,278,267,11,92,86,6,186,181,5,24,24,0,4,4,0,20,20,0,48,47,1,322,310,12
S01013141,539,523,16,294,282,12,233,222,11,67,67,0,166,155,11,17,17,0,4,4,0,13,13,0,44,43,1,245,241,4
S01013142,750,723,27,311,293,18,236,221,15,69,65,4,167,156,11,21,20,1,3,3,0,18,17,1,54,52,2,439,430,9
S01013143,728,699,29,423,409,14,358,347,11,102,100,2,256,247,9,27,26,1,8,8,0,19,18,1,38,36,2,305,290,15
S01013144,782,756,26,423,411,12,354,345,9,111,109,2,243,236,7,25,24,1,6,6,0,19,18,1,44,42,2,359,345,14
S01013145,608,589,19,326,317,9,275,271,4,92,91,1,183,180,3,22,18,4,6,4,2,16,14,2,29,28,1,282,272,10
S01013146,369,363,6,211,209,2,170,169,1,48,48,0,122,121,1,22,22,0,5,5,0,17,17,0,19,18,1,158,154,4
S01013147,595,556,39,360,335,25,304,283,21,108,103,5,196,180,16,37,33,4,13,12,1,24,21,3,19,19,0,235,221,14
S01013148,649,626,23,410,396,14,359,348,11,76,74,2,283,274,9,26,24,2,4,4,0,22,20,2,25,24,1,239,230,9
S01013149,692,673,19,445,433,12,394,385,9,91,91,0,303,294,9,20,19,1,4,4,0,16,15,1,31,29,2,247,240,7
S01013150,729,710,19,408,396,12,351,342,9,112,109,3,239,233,6,26,25,1,9,9,0,17,16,1,31,29,2,321,314,7
S01013151,476,464,12,314,309,5,268,264,4,61,60,1,207,204,3,31,30,1,10,9,1,21,21,0,15,15,0,162,155,7
S01013152,736,716,20,462,448,14,385,373,12,118,115,3,267,258,9,41,41,0,8,8,0,33,33,0,36,34,2,274,268,6
S01013153,677,657,20,375,364,11,289,280,9,88,86,2,201,194,7,22,21,1,8,8,0,14,13,1,64,63,1,302,293,9
S01013154,783,754,29,508,485,23,408,391,17,155,146,9,253,245,8,20,20,0,3,3,0,17,17,0,80,74,6,275,269,6
S01013155,666,609,57,438,394,44,340,300,40,122,107,15,218,193,25,22,21,1,5,4,1,17,17,0,76,73,3,228,215,13
S01013156,647,625,22,401,390,11,323,314,9,121,117,4,202,197,5,13,13,0,3,3,0,10,10,0,65,63,2,246,235,11
S01013157,740,675,65,451,410,41,353,324,29,111,102,9,242,222,20,19,16,3,6,4,2,13,12,1,79,70,9,289,265,24
S01013158,495,484,11,310,303,7,253,247,6,72,70,2,181,177,4,42,41,1,11,11,0,31,30,1,15,15,0,185,181,4
S01013159,604,573,31,388,370,18,331,316,15,106,100,6,225,216,9,37,36,1,10,9,1,27,27,0,20,18,2,216,203,13
S01013160,581,571,10,412,403,9,350,342,8,122,122,0,228,220,8,46,45,1,9,9,0,37,36,1,16,16,0,169,168,1
S01013161,836,818,18,548,532,16,469,454,15,127,124,3,342,330,12,37,36,1,12,12,0,25,24,1,42,42,0,288,286,2
S01013162,704,688,16,385,377,8,308,300,8,83,81,2,225,219,6,32,32,0,8,8,0,24,24,0,45,45,0,319,311,8
S01013163,577,570,7,425,421,4,377,374,3,100,100,0,277,274,3,26,25,1,4,3,1,22,22,0,22,22,0,152,149,3
S01013164,858,832,26,504,486,18,390,376,14,115,110,5,275,266,9,62,60,2,17,17,0,45,43,2,52,50,2,354,346,8
S01013165,772,741,31,437,419,18,361,347,14,113,109,4,248,238,10,45,44,1,10,9,1,35,35,0,31,28,3,335,322,13
S01013166,531,516,15,309,300,9,230,223,7,72,69,3,158,154,4,17,17,0,4,4,0,13,13,0,62,60,2,222,216,6
S01013167,529,494,35,351,322,29,234,210,24,67,63,4,167,147,20,19,16,3,6,4,2,13,12,1,98,96,2,178,172,6
S01013168,760,729,31,403,384,19,323,307,16,103,99,4,220,208,12,21,20,1,10,9,1,11,11,0,59,57,2,357,345,12
S01013169,723,700,23,358,346,12,291,281,10,92,84,8,199,197,2,31,30,1,8,7,1,23,23,0,36,35,1,365,354,11
S01013170,437,424,13,252,245,7,185,178,7,56,54,2,129,124,5,15,15,0,0,0,0,15,15,0,52,52,0,185,179,6
S01013171,523,508,15,366,360,6,306,303,3,88,87,1,218,216,2,30,30,0,7,7,0,23,23,0,30,27,3,157,148,9
S01013172,613,594,19,388,374,14,332,320,12,97,94,3,235,226,9,17,16,1,4,4,0,13,12,1,39,38,1,225,220,5
S01013173,658,640,18,466,450,16,411,397,14,107,102,5,304,295,9,25,23,2,6,5,1,19,18,1,30,30,0,192,190,2
S01013174,625,617,8,491,484,7,420,413,7,109,109,0,311,304,7,40,40,0,14,14,0,26,26,0,31,31,0,134,133,1
S01013175,659,642,17,475,465,10,420,410,10,95,95,0,325,315,10,34,34,0,4,4,0,30,30,0,21,21,0,184,177,7
S01013176,702,677,25,405,389,16,342,330,12,79,77,2,263,253,10,33,31,2,7,6,1,26,25,1,30,28,2,297,288,9
S01013177,532,521,11,357,352,5,316,311,5,62,62,0,254,249,5,23,23,0,5,5,0,18,18,0,18,18,0,175,169,6
S01013178,623,608,15,402,391,11,351,343,8,93,91,2,258,252,6,29,27,2,4,4,0,25,23,2,22,21,1,221,217,4
S01013179,706,681,25,439,421,18,362,347,15,98,94,4,264,253,11,48,46,2,11,10,1,37,36,1,29,28,1,267,260,7
S01013180,360,352,8,273,267,6,233,228,5,68,65,3,165,163,2,20,19,1,6,5,1,14,14,0,20,20,0,87,85,2
S01013181,611,593,18,384,373,11,339,328,11,84,80,4,255,248,7,24,24,0,7,7,0,17,17,0,21,21,0,227,220,7
S01013182,633,622,11,341,336,5,296,291,5,83,81,2,213,210,3,17,17,0,3,3,0,14,14,0,28,28,0,292,286,6
S01013183,706,681,25,483,470,13,428,418,10,111,108,3,317,310,7,31,31,0,9,9,0,22,22,0,24,21,3,223,211,12
S01013184,439,427,12,270,265,5,201,197,4,68,67,1,133,130,3,12,12,0,3,3,0,9,9,0,57,56,1,169,162,7
S01013185,618,606,12,386,379,7,309,302,7,95,92,3,214,210,4,15,15,0,11,11,0,4,4,0,62,62,0,232,227,5
S01013186,522,503,19,354,343,11,276,265,11,87,85,2,189,180,9,17,17,0,4,4,0,13,13,0,61,61,0,168,160,8
S01013187,659,650,9,411,405,6,332,327,5,93,91,2,239,236,3,20,19,1,7,6,1,13,13,0,59,59,0,248,245,3
S01013188,733,711,22,500,481,19,445,427,18,118,112,6,327,315,12,25,24,1,9,9,0,16,15,1,30,30,0,233,230,3
S01013189,524,513,11,340,333,7,296,292,4,91,89,2,205,203,2,26,25,1,2,2,0,24,23,1,18,16,2,184,180,4
S01013190,652,635,17,408,397,11,355,345,10,110,109,1,245,236,9,25,24,1,7,7,0,18,17,1,28,28,0,244,238,6
S01013191,834,812,22,619,601,18,542,528,14,142,139,3,400,389,11,46,43,3,9,8,1,37,35,2,31,30,1,215,211,4
S01013192,819,788,31,477,454,23,414,396,18,104,100,4,310,296,14,34,33,1,14,14,0,20,19,1,29,25,4,342,334,8
S01013193,557,529,28,389,368,21,335,317,18,73,68,5,262,249,13,29,28,1,6,5,1,23,23,0,25,23,2,168,161,7
S01013194,495,477,18,355,345,10,301,294,7,79,78,1,222,216,6,27,25,2,7,6,1,20,19,1,27,26,1,140,132,8
S01013195,891,844,47,569,542,27,489,464,25,92,85,7,397,379,18,38,36,2,9,9,0,29,27,2,42,42,0,322,302,20
S01013196,563,543,20,415,403,12,362,355,7,75,74,1,287,281,6,29,24,5,9,7,2,20,17,3,24,24,0,148,140,8
S01013197,502,485,17,270,263,7,231,224,7,67,64,3,164,160,4,24,24,0,6,6,0,18,18,0,15,15,0,232,222,10
S01013198,701,680,21,383,368,15,299,290,9,74,72,2,225,218,7,41,37,4,8,7,1,33,30,3,43,41,2,318,312,6
S01013199,816,778,38,442,417,25,346,326,20,72,69,3,274,257,17,65,63,2,16,16,0,49,47,2,31,28,3,374,361,13
S01013200,597,577,20,342,335,7,278,272,6,82,79,3,196,193,3,28,28,0,7,7,0,21,21,0,36,35,1,255,242,13
S01013201,600,593,7,337,333,4,247,243,4,72,70,2,175,173,2,16,16,0,3,3,0,13,13,0,74,74,0,263,260,3
S01013202,466,451,15,269,262,7,193,188,5,60,60,0,133,128,5,12,10,2,4,3,1,8,7,1,64,64,0,197,189,8
S01013203,576,553,23,353,339,14,283,270,13,71,68,3,212,202,10,16,15,1,5,5,0,11,10,1,54,54,0,223,214,9
S01013204,633,613,20,467,452,15,404,394,10,93,88,5,311,306,5,19,17,2,6,4,2,13,13,0,44,41,3,166,161,5
S01013205,463,452,11,278,271,7,204,199,5,65,61,4,139,138,1,12,11,1,1,1,0,11,10,1,62,61,1,185,181,4
S01013206,519,501,18,300,290,10,242,235,7,76,74,2,166,161,5,13,11,2,3,3,0,10,8,2,45,44,1,219,211,8
S01013207,664,642,22,392,378,14,305,295,10,97,95,2,208,200,8,48,46,2,9,8,1,39,38,1,39,37,2,272,264,8
S01013208,741,718,23,447,430,17,364,349,15,107,105,2,257,244,13,27,27,0,6,6,0,21,21,0,56,54,2,294,288,6
S01013209,708,697,11,421,412,9,351,343,8,94,90,4,257,253,4,36,35,1,6,6,0,30,29,1,34,34,0,287,285,2
S01013210,512,502,10,339,333,6,279,275,4,81,81,0,198,194,4,38,36,2,8,8,0,30,28,2,22,22,0,173,169,4
S01013211,733,712,21,497,482,15,433,424,9,100,99,1,333,325,8,29,26,3,8,8,0,21,18,3,35,32,3,236,230,6
S01013212,473,451,22,397,379,18,349,333,16,88,84,4,261,249,12,31,30,1,6,5,1,25,25,0,17,16,1,76,72,4
S01013213,459,448,11,359,349,10,295,286,9,84,83,1,211,203,8,44,44,0,9,9,0,35,35,0,20,19,1,100,99,1
S01013214,348,340,8,284,279,5,251,246,5,53,52,1,198,194,4,23,23,0,5,5,0,18,18,0,10,10,0,64,61,3
S01013215,650,628,22,481,466,15,413,400,13,91,90,1,322,310,12,26,24,2,6,5,1,20,19,1,42,42,0,169,162,7
S01013216,451,439,12,305,297,8,249,244,5,77,77,0,172,167,5,16,15,1,5,4,1,11,11,0,40,38,2,146,142,4
S01013217,542,527,15,365,359,6,315,309,6,91,88,3,224,221,3,18,18,0,3,3,0,15,15,0,32,32,0,177,168,9
S01013218,455,446,9,281,273,8,221,219,2,70,70,0,151,149,2,18,15,3,7,6,1,11,9,2,42,39,3,174,173,1
S01013219,424,414,10,275,269,6,219,215,4,80,79,1,139,136,3,12,11,1,3,3,0,9,8,1,44,43,1,149,145,4
S01013220,524,518,6,297,291,6,230,225,5,76,73,3,154,152,2,18,18,0,6,6,0,12,12,0,49,48,1,227,227,0
S01013221,721,695,26,447,430,17,351,338,13,115,111,4,236,227,9,46,46,0,8,8,0,38,38,0,50,46,4,274,265,9
S01013222,477,454,23,249,234,15,198,188,10,64,60,4,134,128,6,18,17,1,6,5,1,12,12,0,33,29,4,228,220,8
S01013223,938,914,24,519,505,14,399,388,11,98,93,5,301,295,6,46,44,2,9,9,0,37,35,2,74,73,1,419,409,10
S01013224,674,659,15,458,446,12,382,372,10,99,97,2,283,275,8,33,32,1,8,8,0,25,24,1,43,42,1,216,213,3
S01013225,620,597,23,382,363,19,310,295,15,91,88,3,219,207,12,20,16,4,9,8,1,11,8,3,52,52,0,238,234,4
S01013226,402,388,14,312,302,10,265,256,9,67,67,0,198,189,9,22,22,0,4,4,0,18,18,0,25,24,1,90,86,4
S01013227,564,556,8,293,289,4,241,237,4,63,62,1,178,175,3,17,17,0,8,8,0,9,9,0,35,35,0,271,267,4
S01013228,606,592,14,409,397,12,318,308,10,79,77,2,239,231,8,39,37,2,13,13,0,26,24,2,52,52,0,197,195,2
S01013229,620,605,15,381,370,11,322,311,11,107,105,2,215,206,9,15,15,0,4,4,0,11,11,0,44,44,0,239,235,4
S01013230,563,555,8,297,290,7,269,264,5,72,72,0,197,192,5,14,13,1,2,1,1,12,12,0,14,13,1,266,265,1
S01013231,622,604,18,374,361,13,331,320,11,96,89,7,235,231,4,20,18,2,3,2,1,17,16,1,23,23,0,248,243,5
S01013232,603,589,14,320,313,7,275,268,7,71,68,3,204,200,4,20,20,0,4,4,0,16,16,0,25,25,0,283,276,7
S01013233,510,483,27,308,293,15,267,255,12,75,72,3,192,183,9,25,23,2,8,8,0,17,15,2,16,15,1,202,190,12
S01013234,311,293,18,241,229,12,208,196,12,66,62,4,142,134,8,28,28,0,3,3,0,25,25,0,5,5,0,70,64,6
S01013235,681,664,17,421,411,10,359,352,7,74,71,3,285,281,4,38,35,3,11,11,0,27,24,3,24,24,0,260,253,7
S01013236,763,741,22,425,410,15,334,323,11,110,105,5,224,218,6,65,61,4,13,12,1,52,49,3,26,26,0,338,331,7
S01013237,648,625,23,460,448,12,391,381,10,97,94,3,294,287,7,41,40,1,13,12,1,28,28,0,28,27,1,188,177,11
S01013238,627,609,18,329,321,8,244,239,5,86,84,2,158,155,3,18,16,2,2,2,0,16,14,2,67,66,1,298,288,10
S01013239,709,691,18,403,391,12,322,313,9,111,109,2,211,204,7,16,14,2,5,4,1,11,10,1,65,64,1,306,300,6
S01013240,433,415,18,249,237,12,189,179,10,70,64,6,119,115,4,15,14,1,5,5,0,10,9,1,45,44,1,184,178,6
S01013241,727,707,20,473,459,14,409,399,10,104,101,3,305,298,7,50,48,2,12,12,0,38,36,2,14,12,2,254,248,6
S01013242,509,497,12,321,314,7,216,212,4,71,69,2,145,143,2,92,89,3,21,20,1,71,69,2,13,13,0,188,183,5
S01013243,600,566,34,380,359,21,297,279,18,76,70,6,221,209,12,33,31,2,5,5,0,28,26,2,50,49,1,220,207,13
S01013244,617,607,10,319,313,6,255,253,2,60,59,1,195,194,1,29,26,3,10,10,0,19,16,3,35,34,1,298,294,4
S01013245,797,781,16,547,533,14,451,442,9,123,121,2,328,321,7,57,53,4,12,11,1,45,42,3,39,38,1,250,248,2
S01013246,366,362,4,252,249,3,212,209,3,42,41,1,170,168,2,30,30,0,11,11,0,19,19,0,10,10,0,114,113,1
S01013247,629,615,14,372,362,10,292,284,8,82,79,3,210,205,5,28,26,2,4,3,1,24,23,1,52,52,0,257,253,4
S01013248,511,499,12,314,309,5,249,245,4,76,75,1,173,170,3,16,16,0,3,3,0,13,13,0,49,48,1,197,190,7
S01013249,375,371,4,244,241,3,209,207,2,48,48,0,161,159,2,17,16,1,4,3,1,13,13,0,18,18,0,131,130,1
S01013250,705,671,34,503,476,27,359,340,19,93,88,5,266,252,14,113,109,4,30,30,0,83,79,4,31,27,4,202,195,7
S01013251,558,535,23,335,318,17,272,257,15,78,73,5,194,184,10,19,17,2,8,6,2,11,11,0,44,44,0,223,217,6
S01013252,546,524,22,349,332,17,277,264,13,75,73,2,202,191,11,37,35,2,9,8,1,28,27,1,35,33,2,197,192,5
S01013253,585,569,16,376,362,14,316,306,10,72,69,3,244,237,7,28,26,2,6,5,1,22,21,1,32,30,2,209,207,2
S01013254,499,481,18,295,280,15,237,225,12,63,59,4,174,166,8,26,24,2,11,10,1,15,14,1,32,31,1,204,201,3
S01013255,1200,1146,54,497,467,30,403,385,18,111,103,8,292,282,10,51,46,5,12,11,1,39,35,4,43,36,7,703,679,24
S01013256,604,580,24,374,356,18,306,291,15,75,68,7,231,223,8,47,45,2,12,12,0,35,33,2,21,20,1,230,224,6
S01013257,696,675,21,392,375,17,324,312,12,81,79,2,243,233,10,41,37,4,8,7,1,33,30,3,27,26,1,304,300,4
S01013258,638,614,24,408,389,19,350,335,15,100,94,6,250,241,9,43,41,2,7,7,0,36,34,2,15,13,2,230,225,5
S01013259,678,661,17,444,432,12,365,357,8,110,110,0,255,247,8,35,33,2,8,7,1,27,26,1,44,42,2,234,229,5
S01013260,677,658,19,442,426,16,371,358,13,90,88,2,281,270,11,17,17,0,4,4,0,13,13,0,54,51,3,235,232,3
S01013261,622,609,13,399,391,8,331,325,6,87,85,2,244,240,4,25,25,0,8,8,0,17,17,0,43,41,2,223,218,5
S01013262,529,503,26,324,302,22,257,239,18,68,61,7,189,178,11,33,31,2,9,8,1,24,23,1,34,32,2,205,201,4
S01013263,407,394,13,293,281,12,243,234,9,63,60,3,180,174,6,40,37,3,15,14,1,25,23,2,10,10,0,114,113,1
S01013264,381,361,20,304,289,15,263,249,14,89,84,5,174,165,9,30,29,1,11,11,0,19,18,1,11,11,0,77,72,5
S01013265,485,426,59,399,358,41,326,305,21,77,76,1,249,229,20,55,38,17,15,9,6,40,29,11,18,15,3,86,68,18
S01013266,425,400,25,349,333,16,298,285,13,73,68,5,225,217,8,35,33,2,7,7,0,28,26,2,16,15,1,76,67,9
S01013267,462,445,17,277,262,15,222,209,13,66,64,2,156,145,11,24,23,1,11,10,1,13,13,0,31,30,1,185,183,2
S01013268,657,617,40,455,424,31,389,363,26,110,99,11,279,264,15,34,33,1,13,13,0,21,20,1,32,28,4,202,193,9
S01013269,748,664,84,598,533,65,511,459,52,121,110,11,390,349,41,60,52,8,21,18,3,39,34,5,27,22,5,150,131,19
S01013270,611,580,31,483,464,19,411,395,16,98,95,3,313,300,13,57,54,3,11,11,0,46,43,3,15,15,0,128,116,12
S01013271,501,470,31,308,285,23,246,232,14,51,49,2,195,183,12,50,42,8,19,17,2,31,25,6,12,11,1,193,185,8
S01013272,565,542,23,442,425,17,375,362,13,93,91,2,282,271,11,46,42,4,9,9,0,37,33,4,21,21,0,123,117,6
S01013273,641,588,53,553,504,49,462,428,34,123,108,15,339,320,19,76,62,14,16,15,1,60,47,13,15,14,1,88,84,4
S01013274,686,651,35,474,450,24,409,389,20,70,68,2,339,321,18,41,40,1,9,9,0,32,31,1,24,21,3,212,201,11
S01013275,569,527,42,382,352,30,309,289,20,84,83,1,225,206,19,60,52,8,18,15,3,42,37,5,13,11,2,187,175,12
S01013276,501,483,18,403,388,15,348,336,12,78,75,3,270,261,9,31,29,2,10,8,2,21,21,0,24,23,1,98,95,3
S01013277,719,659,60,477,438,39,425,389,36,116,111,5,309,278,31,26,24,2,8,7,1,18,17,1,26,25,1,242,221,21
S01013278,704,657,47,416,379,37,324,294,30,103,98,5,221,196,25,29,25,4,7,6,1,22,19,3,63,60,3,288,278,10
S01013279,550,498,52,352,311,41,294,260,34,95,86,9,199,174,25,17,15,2,4,4,0,13,11,2,41,36,5,198,187,11
S01013280,456,407,49,295,253,42,251,215,36,64,57,7,187,158,29,21,16,5,12,9,3,9,7,2,23,22,1,161,154,7
S01013281,741,670,71,471,421,50,383,341,42,122,112,10,261,229,32,34,29,5,11,11,0,23,18,5,54,51,3,270,249,21
S01013282,629,568,61,449,404,45,367,334,33,104,97,7,263,237,26,17,13,4,6,5,1,11,8,3,65,57,8,180,164,16
S01013283,535,408,127,413,306,107,364,267,97,68,59,9,296,208,88,23,16,7,7,5,2,16,11,5,26,23,3,122,102,20
S01013284,538,508,30,429,404,25,387,364,23,80,76,4,307,288,19,33,31,2,11,10,1,22,21,1,9,9,0,109,104,5
S01013285,542,516,26,409,387,22,377,361,16,103,97,6,274,264,10,18,16,2,4,3,1,14,13,1,14,10,4,133,129,4
S01013286,556,530,26,419,400,19,373,356,17,90,85,5,283,271,12,35,34,1,10,10,0,25,24,1,11,10,1,137,130,7
S01013287,634,610,24,504,481,23,442,423,19,121,118,3,321,305,16,51,47,4,11,11,0,40,36,4,11,11,0,130,129,1
S01013288,544,526,18,338,324,14,275,266,9,57,56,1,218,210,8,38,35,3,15,13,2,23,22,1,25,23,2,206,202,4
S01013289,594,550,44,412,383,29,313,288,25,91,83,8,222,205,17,84,80,4,16,16,0,68,64,4,15,15,0,182,167,15
S01013290,692,640,52,525,479,46,447,405,42,125,120,5,322,285,37,44,42,2,12,11,1,32,31,1,34,32,2,167,161,6
S01013291,527,497,30,441,414,27,372,352,20,87,82,5,285,270,15,47,41,6,20,19,1,27,22,5,22,21,1,86,83,3
S01013292,620,600,20,475,459,16,402,390,12,111,109,2,291,281,10,37,35,2,10,10,0,27,25,2,36,34,2,145,141,4
S01013293,582,563,19,429,414,15,361,350,11,83,80,3,278,270,8,51,48,3,12,12,0,39,36,3,17,16,1,153,149,4
S01013294,599,572,27,444,423,21,383,366,17,105,101,4,278,265,13,36,34,2,13,13,0,23,21,2,25,23,2,155,149,6
S01013295,627,599,28,482,458,24,419,401,18,109,104,5,310,297,13,42,39,3,11,10,1,31,29,2,21,18,3,145,141,4
S01013296,597,574,23,362,346,16,294,282,12,84,82,2,210,200,10,28,27,1,8,7,1,20,20,0,40,37,3,235,228,7
S01013297,575,547,28,375,357,18,313,300,13,96,93,3,217,207,10,35,32,3,6,5,1,29,27,2,27,25,2,200,190,10
S01013298,581,554,27,347,325,22,273,257,16,79,74,5,194,183,11,51,47,4,17,15,2,34,32,2,23,21,2,234,229,5
S01013299,822,794,28,569,550,19,485,467,18,129,124,5,356,343,13,38,37,1,14,14,0,24,23,1,46,46,0,253,244,9
S01013300,485,456,29,297,275,22,244,229,15,55,50,5,189,179,10,27,23,4,3,2,1,24,21,3,26,23,3,188,181,7
S01013301,409,390,19,263,248,15,213,202,11,50,50,0,163,152,11,22,20,2,5,5,0,17,15,2,28,26,2,146,142,4
S01013302,515,490,25,353,333,20,284,266,18,56,54,2,228,212,16,49,48,1,17,17,0,32,31,1,20,19,1,162,157,5
S01013303,761,700,61,459,414,45,393,351,42,102,95,7,291,256,35,37,35,2,8,8,0,29,27,2,29,28,1,302,286,16
S01013304,747,670,77,502,436,66,413,351,62,115,100,15,298,251,47,21,18,3,5,2,3,16,16,0,68,67,1,245,234,11
S01013305,790,660,130,511,396,115,450,343,107,130,108,22,320,235,85,24,23,1,2,2,0,22,21,1,37,30,7,279,264,15
S01013306,756,699,57,473,429,44,357,320,37,104,99,5,253,221,32,20,18,2,5,5,0,15,13,2,96,91,5,283,270,13
S01013307,815,665,150,554,433,121,435,324,111,118,94,24,317,230,87,27,24,3,6,6,0,21,18,3,92,85,7,261,232,29
S01013308,709,656,53,460,417,43,347,311,36,123,110,13,224,201,23,20,18,2,7,7,0,13,11,2,93,88,5,249,239,10
S01013309,493,446,47,369,330,39,319,285,34,79,69,10,240,216,24,31,26,5,9,9,0,22,17,5,19,19,0,124,116,8
S01013310,506,465,41,356,316,40,302,270,32,69,62,7,233,208,25,17,11,6,6,4,2,11,7,4,37,35,2,150,149,1
S01013311,619,587,32,419,396,23,343,323,20,95,91,4,248,232,16,29,28,1,8,8,0,21,20,1,47,45,2,200,191,9
S01013312,833,746,87,531,464,67,432,382,50,102,96,6,330,286,44,40,30,10,7,6,1,33,24,9,59,52,7,302,282,20
S01013313,538,455,83,343,276,67,287,231,56,81,75,6,206,156,50,20,16,4,8,5,3,12,11,1,36,29,7,195,179,16
S01013314,537,480,57,328,279,49,287,240,47,87,80,7,200,160,40,21,19,2,7,7,0,14,12,2,20,20,0,209,201,8
S01013315,382,347,35,319,291,28,270,250,20,62,58,4,208,192,16,39,33,6,7,6,1,32,27,5,10,8,2,63,56,7
S01013316,548,529,19,331,322,9,279,271,8,69,66,3,210,205,5,40,40,0,11,11,0,29,29,0,12,11,1,217,207,10
S01013317,459,443,16,311,301,10,273,264,9,64,64,0,209,200,9,25,24,1,8,7,1,17,17,0,13,13,0,148,142,6
S01013318,480,434,46,375,338,37,334,303,31,73,64,9,261,239,22,22,18,4,6,5,1,16,13,3,19,17,2,105,96,9
S01013319,430,392,38,330,302,28,281,256,25,65,56,9,216,200,16,29,28,1,5,5,0,24,23,1,20,18,2,100,90,10
S01013320,733,639,94,632,552,80,551,482,69,117,100,17,434,382,52,53,48,5,15,13,2,38,35,3,28,22,6,101,87,14
S01013321,368,346,22,231,209,22,193,173,20,38,36,2,155,137,18,10,10,0,6,6,0,4,4,0,28,26,2,137,137,0
S01013322,642,604,38,412,382,30,362,342,20,114,108,6,248,234,14,26,17,9,10,7,3,16,10,6,24,23,1,230,222,8
S01013323,770,705,65,516,455,61,426,375,51,127,114,13,299,261,38,31,25,6,9,7,2,22,18,4,59,55,4,254,250,4
S01013324,500,441,59,332,290,42,263,227,36,79,69,10,184,158,26,17,12,5,5,3,2,12,9,3,52,51,1,168,151,17
S01013325,662,626,36,399,367,32,321,292,29,106,100,6,215,192,23,24,22,2,12,10,2,12,12,0,54,53,1,263,259,4
S01013326,429,375,54,281,236,45,223,183,40,60,52,8,163,131,32,17,15,2,5,5,0,12,10,2,41,38,3,148,139,9
S01013327,542,498,44,382,343,39,300,270,30,104,98,6,196,172,24,30,26,4,8,5,3,22,21,1,52,47,5,160,155,5
S01013328,480,447,33,319,294,25,269,250,19,88,83,5,181,167,14,18,14,4,5,5,0,13,9,4,32,30,2,161,153,8
S01013329,435,408,27,268,248,20,230,211,19,71,66,5,159,145,14,14,13,1,3,3,0,11,10,1,24,24,0,167,160,7
S01013330,819,721,98,688,598,90,621,538,83,127,119,8,494,419,75,44,39,5,12,9,3,32,30,2,23,21,2,131,123,8
S01013331,481,376,105,403,326,77,340,274,66,72,61,11,268,213,55,34,29,5,7,5,2,27,24,3,29,23,6,78,50,28
S01013332,536,504,32,364,340,24,302,284,18,94,91,3,208,193,15,27,24,3,14,12,2,13,12,1,35,32,3,172,164,8
S01013333,643,591,52,472,436,36,410,380,30,101,93,8,309,287,22,36,31,5,9,8,1,27,23,4,26,25,1,171,155,16
S01013334,570,530,40,397,365,32,324,301,23,95,90,5,229,211,18,26,22,4,9,8,1,17,14,3,47,42,5,173,165,8
S01013335,571,518,53,383,344,39,294,263,31,93,85,8,201,178,23,25,18,7,7,4,3,18,14,4,64,63,1,188,174,14
S01013336,660,597,63,435,382,53,342,297,45,94,92,2,248,205,43,30,25,5,2,2,0,28,23,5,63,60,3,225,215,10
S01013337,784,708,76,527,468,59,447,395,52,114,107,7,333,288,45,49,42,7,10,9,1,39,33,6,31,31,0,257,240,17
S01013338,388,337,51,313,279,34,262,239,23,71,64,7,191,175,16,36,28,8,5,5,0,31,23,8,15,12,3,75,58,17
S01013339,473,434,39,347,318,29,302,278,24,70,65,5,232,213,19,30,26,4,9,7,2,21,19,2,15,14,1,126,116,10
S01013340,695,648,47,471,441,30,400,374,26,93,85,8,307,289,18,53,50,3,15,15,0,38,35,3,18,17,1,224,207,17
S01013341,726,653,73,549,496,53,449,405,44,84,74,10,365,331,34,67,61,6,15,14,1,52,47,5,33,30,3,177,157,20
S01013342,516,488,28,330,307,23,281,259,22,85,79,6,196,180,16,13,13,0,3,3,0,10,10,0,36,35,1,186,181,5
S01013343,526,484,42,375,342,33,326,296,30,76,71,5,250,225,25,23,22,1,8,8,0,15,14,1,26,24,2,151,142,9
S01013344,654,628,26,336,317,19,289,273,16,74,71,3,215,202,13,22,20,2,6,5,1,16,15,1,25,24,1,318,311,7
S01013345,575,521,54,399,354,45,348,308,40,92,85,7,256,223,33,18,16,2,7,6,1,11,10,1,33,30,3,176,167,9
S01013346,621,557,64,501,454,47,440,400,40,128,119,9,312,281,31,31,28,3,4,3,1,27,25,2,30,26,4,120,103,17
S01013347,575,523,52,451,405,46,390,354,36,85,78,7,305,276,29,31,26,5,7,6,1,24,20,4,30,25,5,124,118,6
S01013348,343,323,20,282,268,14,241,231,10,56,56,0,185,175,10,33,30,3,7,6,1,26,24,2,8,7,1,61,55,6
S01013349,615,445,170,509,362,147,450,323,127,72,54,18,378,269,109,25,15,10,7,5,2,18,10,8,34,24,10,106,83,23
S01013350,551,510,41,395,366,29,329,305,24,80,74,6,249,231,18,28,24,4,12,10,2,16,14,2,38,37,1,156,144,12
S01013351,631,569,62,439,386,53,391,341,50,93,86,7,298,255,43,24,24,0,8,8,0,16,16,0,24,21,3,192,183,9
S01013352,715,669,46,496,458,38,432,398,34,114,111,3,318,287,31,35,33,2,13,12,1,22,21,1,29,27,2,219,211,8
S01013353,510,481,29,341,316,25,281,262,19,68,65,3,213,197,16,30,27,3,6,6,0,24,21,3,30,27,3,169,165,4
S01013354,589,561,28,419,394,25,366,344,22,81,74,7,285,270,15,36,35,1,7,7,0,29,28,1,17,15,2,170,167,3
S01013355,522,514,8,345,342,3,285,283,2,64,64,0,221,219,2,35,35,0,14,14,0,21,21,0,25,24,1,177,172,5
S01013356,583,552,31,393,371,22,295,277,18,93,88,5,202,189,13,32,28,4,5,5,0,27,23,4,66,66,0,190,181,9
S01013357,658,615,43,455,418,37,389,355,34,96,86,10,293,269,24,38,37,1,8,8,0,30,29,1,28,26,2,203,197,6
S01013358,677,643,34,428,401,27,360,335,25,82,79,3,278,256,22,39,37,2,11,10,1,28,27,1,29,29,0,249,242,7
S01013359,503,473,30,294,275,19,241,226,15,71,67,4,170,159,11,26,24,2,7,6,1,19,18,1,27,25,2,209,198,11
S01013360,573,556,17,341,328,13,272,263,9,76,74,2,196,189,7,23,21,2,5,5,0,18,16,2,46,44,2,232,228,4
S01013361,482,465,17,287,272,15,245,230,15,59,57,2,186,173,13,10,10,0,3,3,0,7,7,0,32,32,0,195,193,2
S01013362,389,372,17,221,210,11,185,177,8,43,42,1,142,135,7,15,14,1,4,3,1,11,11,0,21,19,2,168,162,6
S01013363,610,576,34,362,332,30,279,253,26,75,71,4,204,182,22,20,19,1,10,9,1,10,10,0,63,60,3,248,244,4
S01013364,719,698,21,487,473,14,424,414,10,89,89,0,335,325,10,37,33,4,9,9,0,28,24,4,26,26,0,232,225,7
S01013365,668,638,30,480,451,29,392,369,23,95,91,4,297,278,19,58,54,4,11,10,1,47,44,3,30,28,2,188,187,1
S01013366,699,683,16,530,517,13,463,453,10,131,128,3,332,325,7,45,43,2,15,14,1,30,29,1,22,21,1,169,166,3
S01013367,470,448,22,362,346,16,305,293,12,70,66,4,235,227,8,43,40,3,13,12,1,30,28,2,14,13,1,108,102,6
S01013368,639,628,11,402,396,6,317,313,4,80,78,2,237,235,2,52,50,2,18,16,2,34,34,0,33,33,0,237,232,5
S01013369,711,696,15,392,379,13,326,316,10,89,86,3,237,230,7,21,20,1,8,7,1,13,13,0,45,43,2,319,317,2
S01013370,499,477,22,276,264,12,221,211,10,63,61,2,158,150,8,13,12,1,4,4,0,9,8,1,42,41,1,223,213,10
S01013371,558,545,13,265,259,6,228,223,5,66,63,3,162,160,2,19,18,1,6,5,1,13,13,0,18,18,0,293,286,7
S01013372,843,817,26,520,503,17,396,381,15,135,130,5,261,251,10,23,23,0,9,9,0,14,14,0,101,99,2,323,314,9
S01013373,757,746,11,436,429,7,352,346,6,87,85,2,265,261,4,30,29,1,10,9,1,20,20,0,54,54,0,321,317,4
S01013374,747,726,21,415,402,13,308,298,10,104,100,4,204,198,6,24,22,2,4,4,0,20,18,2,83,82,1,332,324,8
S01013375,467,449,18,297,285,12,249,237,12,73,71,2,176,166,10,15,15,0,5,5,0,10,10,0,33,33,0,170,164,6
S01013376,480,470,10,279,270,9,228,222,6,72,70,2,156,152,4,20,18,2,2,2,0,18,16,2,31,30,1,201,200,1
S01013377,654,638,16,358,344,14,292,279,13,67,65,2,225,214,11,17,17,0,6,6,0,11,11,0,49,48,1,296,294,2
S01013378,788,766,22,540,524,16,428,415,13,111,108,3,317,307,10,34,33,1,8,8,0,26,25,1,78,76,2,248,242,6
S01013379,705,675,30,467,444,23,401,384,17,100,99,1,301,285,16,34,29,5,7,6,1,27,23,4,32,31,1,238,231,7
S01013380,126,125,1,54,53,1,38,38,0,7,7,0,31,31,0,15,14,1,3,3,0,12,11,1,1,1,0,72,72,0
S01013381,403,391,12,257,245,12,197,192,5,41,41,0,156,151,5,30,23,7,12,8,4,18,15,3,30,30,0,146,146,0
S01013382,446,414,32,320,291,29,273,252,21,56,54,2,217,198,19,31,25,6,13,10,3,18,15,3,16,14,2,126,123,3
S01013383,581,565,16,318,307,11,266,257,9,67,64,3,199,193,6,17,16,1,5,4,1,12,12,0,35,34,1,263,258,5
S01013384,619,594,25,355,338,17,300,287,13,66,63,3,234,224,10,30,29,1,12,11,1,18,18,0,25,22,3,264,256,8
S01013385,407,398,9,277,271,6,241,236,5,47,46,1,194,190,4,20,19,1,7,6,1,13,13,0,16,16,0,130,127,3
S01013386,689,676,13,481,471,10,422,413,9,96,92,4,326,321,5,42,42,0,8,8,0,34,34,0,17,16,1,208,205,3
S01013387,471,460,11,270,263,7,221,215,6,55,54,1,166,161,5,13,13,0,1,1,0,12,12,0,36,35,1,201,197,4
S01013388,639,625,14,348,340,8,284,279,5,78,78,0,206,201,5,37,35,2,6,5,1,31,30,1,27,26,1,291,285,6
S01013389,623,615,8,443,439,4,385,383,2,94,93,1,291,290,1,27,26,1,10,9,1,17,17,0,31,30,1,180,176,4
S01013390,382,376,6,251,249,2,210,208,2,48,48,0,162,160,2,19,19,0,1,1,0,18,18,0,22,22,0,131,127,4
S01013391,356,349,7,231,225,6,179,176,3,53,53,0,126,123,3,33,32,1,7,7,0,26,25,1,19,17,2,125,124,1
S01013392,549,523,26,490,467,23,425,405,20,79,77,2,346,328,18,50,47,3,13,13,0,37,34,3,15,15,0,59,56,3
S01013393,563,535,28,343,321,22,276,256,20,66,64,2,210,192,18,33,31,2,8,8,0,25,23,2,34,34,0,220,214,6
S01013394,534,504,30,313,288,25,255,231,24,65,57,8,190,174,16,23,23,0,7,7,0,16,16,0,35,34,1,221,216,5
S01013395,518,483,35,309,281,28,221,200,21,67,63,4,154,137,17,17,14,3,3,2,1,14,12,2,71,67,4,209,202,7
S01013396,501,457,44,455,416,39,386,355,31,66,62,4,320,293,27,53,47,6,9,9,0,44,38,6,16,14,2,46,41,5
S01013397,705,665,40,481,445,36,399,375,24,83,79,4,316,296,20,47,43,4,12,11,1,35,32,3,35,27,8,224,220,4
S01013398,446,410,36,372,338,34,326,297,29,68,60,8,258,237,21,24,20,4,5,4,1,19,16,3,22,21,1,74,72,2
S01013399,839,798,41,622,585,37,560,533,27,113,109,4,447,424,23,39,32,7,13,9,4,26,23,3,23,20,3,217,213,4
S01013400,537,507,30,379,355,24,319,297,22,67,65,2,252,232,20,27,25,2,6,5,1,21,20,1,33,33,0,158,152,6
S01013401,616,562,54,530,486,44,455,416,39,77,72,5,378,344,34,49,45,4,10,10,0,39,35,4,26,25,1,86,76,10
S01013402,769,668,101,688,593,95,625,539,86,98,83,15,527,456,71,43,40,3,12,12,0,31,28,3,20,14,6,81,75,6
S01013403,622,569,53,544,497,47,490,447,43,90,87,3,400,360,40,35,31,4,9,9,0,26,22,4,19,19,0,78,72,6
S01013404,422,383,39,337,307,30,297,271,26,59,54,5,238,217,21,20,16,4,5,4,1,15,12,3,20,20,0,85,76,9
S01013405,571,516,55,341,301,40,278,241,37,68,65,3,210,176,34,26,25,1,7,6,1,19,19,0,37,35,2,230,215,15
S01013406,505,465,40,313,283,30,254,229,25,67,63,4,187,166,21,13,10,3,5,4,1,8,6,2,46,44,2,192,182,10
S01013407,436,392,44,265,228,37,226,192,34,50,48,2,176,144,32,15,12,3,2,1,1,13,11,2,24,24,0,171,164,7
S01013408,519,470,49,310,267,43,241,210,31,71,68,3,170,142,28,18,13,5,4,3,1,14,10,4,51,44,7,209,203,6
S01013409,834,766,68,605,545,60,490,432,58,129,118,11,361,314,47,64,64,0,17,17,0,47,47,0,51,49,2,229,221,8
S01013410,486,444,42,336,301,35,260,232,28,83,75,8,177,157,20,15,12,3,4,3,1,11,9,2,61,57,4,150,143,7
S01013411,604,532,72,420,360,60,354,303,51,82,75,7,272,228,44,39,33,6,6,5,1,33,28,5,27,24,3,184,172,12
S01013412,661,619,42,445,412,33,368,342,26,97,93,4,271,249,22,29,25,4,4,3,1,25,22,3,48,45,3,216,207,9
S01013413,636,620,16,408,398,10,358,349,9,76,74,2,282,275,7,34,33,1,13,12,1,21,21,0,16,16,0,228,222,6
S01013414,766,694,72,415,356,59,343,290,53,59,50,9,284,240,44,33,30,3,5,5,0,28,25,3,39,36,3,351,338,13
S01013415,566,536,30,289,266,23,223,207,16,54,52,2,169,155,14,25,22,3,9,8,1,16,14,2,41,37,4,277,270,7
S01013416,491,449,42,306,275,31,247,223,24,52,47,5,195,176,19,22,17,5,9,8,1,13,9,4,37,35,2,185,174,11
S01013417,730,646,84,479,401,78,406,332,74,77,72,5,329,260,69,26,24,2,9,9,0,17,15,2,47,45,2,251,245,6
S01013418,510,482,28,343,323,20,276,259,17,58,54,4,218,205,13,37,34,3,8,8,0,29,26,3,30,30,0,167,159,8
S01013419,387,374,13,272,262,10,230,221,9,56,54,2,174,167,7,27,26,1,5,5,0,22,21,1,15,15,0,115,112,3
S01013420,468,451,17,331,318,13,296,284,12,54,53,1,242,231,11,15,15,0,2,2,0,13,13,0,20,19,1,137,133,4
S01013421,565,531,34,484,455,29,427,403,24,97,95,2,330,308,22,38,36,2,7,7,0,31,29,2,19,16,3,81,76,5
S01013422,591,566,25,395,372,23,339,320,19,111,108,3,228,212,16,30,27,3,13,12,1,17,15,2,26,25,1,196,194,2
S01013423,668,642,26,449,428,21,384,365,19,112,109,3,272,256,16,38,37,1,8,8,0,30,29,1,27,26,1,219,214,5
S01013424,386,371,15,283,274,9,248,244,4,70,68,2,178,176,2,26,23,3,7,7,0,19,16,3,9,7,2,103,97,6
S01013425,358,344,14,235,224,11,196,188,8,40,37,3,156,151,5,22,19,3,5,3,2,17,16,1,17,17,0,123,120,3
S01013426,671,647,24,409,387,22,332,312,20,98,96,2,234,216,18,33,31,2,9,9,0,24,22,2,44,44,0,262,260,2
S01013427,348,335,13,284,275,9,234,227,7,48,46,2,186,181,5,40,40,0,10,10,0,30,30,0,10,8,2,64,60,4
S01013428,739,685,54,491,446,45,389,351,38,93,89,4,296,262,34,39,35,4,10,8,2,29,27,2,63,60,3,248,239,9
S01013429,549,520,29,384,358,26,316,294,22,64,58,6,252,236,16,35,32,3,5,5,0,30,27,3,33,32,1,165,162,3
S01013430,552,533,19,401,385,16,329,317,12,73,71,2,256,246,10,41,40,1,7,7,0,34,33,1,31,28,3,151,148,3
S01013431,563,549,14,356,344,12,272,262,10,65,62,3,207,200,7,44,43,1,11,11,0,33,32,1,40,39,1,207,205,2
S01013432,591,572,19,392,376,16,306,297,9,70,66,4,236,231,5,59,52,7,15,13,2,44,39,5,27,27,0,199,196,3
S01013433,601,581,20,391,376,15,319,310,9,82,79,3,237,231,6,56,51,5,13,13,0,43,38,5,16,15,1,210,205,5
S01013434,421,390,31,311,292,19,213,200,13,60,57,3,153,143,10,89,84,5,20,20,0,69,64,5,9,8,1,110,98,12
S01013435,488,459,29,373,353,20,316,300,16,103,97,6,213,203,10,52,48,4,22,20,2,30,28,2,5,5,0,115,106,9
S01013436,662,636,26,458,437,21,392,375,17,130,124,6,262,251,11,41,39,2,11,10,1,30,29,1,25,23,2,204,199,5
S01013437,561,527,34,392,367,25,343,324,19,85,81,4,258,243,15,31,28,3,9,6,3,22,22,0,18,15,3,169,160,9
S01013438,469,437,32,287,265,22,225,211,14,74,70,4,151,141,10,36,31,5,11,11,0,25,20,5,26,23,3,182,172,10
S01013439,738,702,36,436,406,30,363,339,24,113,108,5,250,231,19,53,49,4,27,24,3,26,25,1,20,18,2,302,296,6
S01013440,827,803,24,502,484,18,427,412,15,128,123,5,299,289,10,61,58,3,20,20,0,41,38,3,14,14,0,325,319,6
S01013441,639,603,36,402,376,26,331,311,20,82,74,8,249,237,12,60,56,4,23,21,2,37,35,2,11,9,2,237,227,10
S01013442,633,598,35,450,424,26,392,371,21,105,100,5,287,271,16,46,41,5,13,13,0,33,28,5,12,12,0,183,174,9
S01013443,509,486,23,339,324,15,283,272,11,71,68,3,212,204,8,42,39,3,11,11,0,31,28,3,14,13,1,170,162,8
S01013444,814,737,77,510,456,54,402,353,49,103,92,11,299,261,38,69,65,4,10,10,0,59,55,4,39,38,1,304,281,23
S01013445,580,563,17,298,286,12,247,238,9,72,70,2,175,168,7,44,41,3,11,10,1,33,31,2,7,7,0,282,277,5
S01013446,578,550,28,363,346,17,304,291,13,90,84,6,214,207,7,28,26,2,10,9,1,18,17,1,31,29,2,215,204,11
S01013447,421,392,29,351,327,24,302,281,21,91,81,10,211,200,11,38,35,3,8,7,1,30,28,2,11,11,0,70,65,5
S01013448,688,650,38,389,364,25,321,300,21,75,68,7,246,232,14,50,46,4,20,18,2,30,28,2,18,18,0,299,286,13
S01013449,524,494,30,380,357,23,334,316,18,107,103,4,227,213,14,39,34,5,16,13,3,23,21,2,7,7,0,144,137,7
S01013450,470,440,30,356,330,26,324,302,22,88,84,4,236,218,18,23,20,3,9,8,1,14,12,2,9,8,1,114,110,4
S01013451,668,635,33,522,496,26,446,424,22,145,139,6,301,285,16,53,51,2,16,16,0,37,35,2,23,21,2,146,139,7
S01013452,606,575,31,436,412,24,360,344,16,92,87,5,268,257,11,59,54,5,20,18,2,39,36,3,17,14,3,170,163,7
S01013453,599,573,26,368,348,20,295,278,17,80,73,7,215,205,10,24,22,2,9,8,1,15,14,1,49,48,1,231,225,6
S01013454,600,575,25,425,402,23,350,329,21,75,70,5,275,259,16,60,58,2,15,15,0,45,43,2,15,15,0,175,173,2
S01013455,467,438,29,308,285,23,244,225,19,47,41,6,197,184,13,44,41,3,15,14,1,29,27,2,20,19,1,159,153,6
S01013456,649,625,24,406,388,18,336,321,15,72,70,2,264,251,13,29,28,1,5,5,0,24,23,1,41,39,2,243,237,6
S01013457,728,706,22,448,427,21,380,365,15,107,103,4,273,262,11,25,22,3,4,2,2,21,20,1,43,40,3,280,279,1
S01013458,588,546,42,418,386,32,335,312,23,74,70,4,261,242,19,45,39,6,8,7,1,37,32,5,38,35,3,170,160,10
S01013459,723,662,61,422,381,41,359,322,37,87,84,3,272,238,34,35,32,3,10,10,0,25,22,3,28,27,1,301,281,20
S01013460,653,625,28,413,391,22,342,325,17,93,89,4,249,236,13,33,31,2,5,4,1,28,27,1,38,35,3,240,234,6
S01013461,829,755,74,620,559,61,534,482,52,138,126,12,396,356,40,41,35,6,11,10,1,30,25,5,45,42,3,209,196,13
S01013462,681,630,51,539,494,45,474,434,40,95,88,7,379,346,33,42,38,4,11,11,0,31,27,4,23,22,1,142,136,6
S01013463,404,344,60,308,256,52,253,210,43,70,67,3,183,143,40,20,15,5,6,4,2,14,11,3,35,31,4,96,88,8
S01013464,620,592,28,374,353,21,326,308,18,74,73,1,252,235,17,37,35,2,13,12,1,24,23,1,11,10,1,246,239,7
S01013465,587,564,23,335,324,11,290,280,10,70,70,0,220,210,10,28,28,0,9,9,0,19,19,0,17,16,1,252,240,12
S01013466,401,383,18,203,193,10,140,131,9,44,42,2,96,89,7,35,35,0,7,7,0,28,28,0,28,27,1,198,190,8
S01013467,721,678,43,519,478,41,462,425,37,102,93,9,360,332,28,44,42,2,13,12,1,31,30,1,13,11,2,202,200,2
S01013468,586,566,20,334,320,14,274,267,7,76,76,0,198,191,7,35,32,3,9,8,1,26,24,2,25,21,4,252,246,6
S01013469,645,614,31,400,378,22,340,323,17,104,102,2,236,221,15,47,43,4,13,13,0,34,30,4,13,12,1,245,236,9
S01013470,577,516,61,381,326,55,318,268,50,78,74,4,240,194,46,26,24,2,13,12,1,13,12,1,37,34,3,196,190,6
S01013471,743,710,33,502,477,25,424,401,23,122,116,6,302,285,17,33,33,0,9,9,0,24,24,0,45,43,2,241,233,8
S01013472,469,426,43,374,340,34,313,290,23,80,74,6,233,216,17,43,35,8,10,8,2,33,27,6,18,15,3,95,86,9
S01013473,469,428,41,395,359,36,343,313,30,91,84,7,252,229,23,38,32,6,5,3,2,33,29,4,14,14,0,74,69,5
S01013474,465,412,53,362,326,36,314,283,31,73,69,4,241,214,27,35,33,2,8,8,0,27,25,2,13,10,3,103,86,17
S01013475,511,488,23,348,331,17,286,273,13,90,88,2,196,185,11,37,34,3,9,7,2,28,27,1,25,24,1,163,157,6
S01013476,538,504,34,341,310,31,295,270,25,78,77,1,217,193,24,24,23,1,1,1,0,23,22,1,22,17,5,197,194,3
S01013477,512,453,59,316,271,45,257,220,37,55,50,5,202,170,32,31,28,3,7,7,0,24,21,3,28,23,5,196,182,14
S01013478,671,621,50,502,459,43,414,375,39,112,107,5,302,268,34,47,45,2,12,12,0,35,33,2,41,39,2,169,162,7
S01013479,683,605,78,407,342,65,341,281,60,67,60,7,274,221,53,27,22,5,8,6,2,19,16,3,39,39,0,276,263,13
S01013480,566,514,52,322,280,42,274,237,37,65,62,3,209,175,34,21,19,2,5,5,0,16,14,2,27,24,3,244,234,10
S01013481,393,370,23,242,223,19,196,181,15,37,35,2,159,146,13,30,27,3,6,5,1,24,22,2,16,15,1,151,147,4
